argentina:0.95925
loneliness:0.94225
psychological:0.88225
psychology:0.87875
intimate:0.86
serial killer:0.835
macabre:0.76775
obsession:0.76525
dark:0.746
violent:0.737
sexual:0.73625
erotic:0.72025
pornography:0.71975
disturbing:0.71875
secrets:0.70725
tense:0.701
original:0.69525
spanish:0.67725
grindhouse:0.661
weird:0.65275
enigmatic:0.647
criterion:0.63225
art house:0.61975
thriller:0.61625
great acting:0.608
suspenseful:0.58025
complex:0.579
male nudity:0.56825
suspense:0.567
character study:0.56175
foreign:0.5555
life philosophy:0.5505
great ending:0.5465
betrayal:0.542
indie:0.54075
paranoid:0.54075
love:0.53075
dialogue:0.528
nocturnal:0.524
mental illness:0.5235
visually appealing:0.52025
social commentary:0.519
catastrophe:0.51525
insanity:0.51475
complex characters:0.5115
sexy:0.51075
claustrophobic:0.50425
storytelling:0.49075
good soundtrack:0.4865
twists & turns:0.484
relationships:0.483
brutality:0.48275
bizarre:0.4775
quirky:0.4765
death:0.47625
cult classic:0.4735
culture clash:0.47325
downbeat:0.47075
not funny:0.46975
very interesting:0.468
multiple storylines:0.46625
violence:0.4615
assassination:0.4605
stylized:0.4595
bittersweet:0.45875
vengeance:0.45775
manipulation:0.4565
harsh:0.45275
golden palm:0.44275
creepy:0.44
nudity (topless - notable):0.4345
black comedy:0.433
brutal:0.431
existentialism:0.4275
affectionate:0.4255
political:0.42375
bleak:0.421
masterpiece:0.41925
identity:0.41825
passionate:0.41625
reflective:0.412
melancholy:0.41
gay:0.4065
independent film:0.40475
allegory:0.40375
entirely dialogue:0.4025
camp:0.40225
melancholic:0.40125
stylish:0.39675
grim:0.39425
talky:0.393
crime gone awry:0.39075
sexualized violence:0.37825
mentor:0.378
underrated:0.378
dark humor:0.37575
hotel:0.375
unusual plot structure:0.374
solitude:0.37025
cinematography:0.369
