franchise:0.99725
scary:0.9495
horror:0.9155
supernatural:0.87025
original:0.788
weird:0.74825
series:0.7215
demons:0.6315
great ending:0.612
pointless:0.55325
predictable:0.5495
creepy:0.5435
death:0.49875
family:0.49775
haunted house:0.48
brutality:0.47175
handycam:0.45625
creativity:0.4455
teens:0.4005
grindhouse:0.39875
mentor:0.3975
fantasy world:0.38975
ghosts:0.389
fight scenes:0.37325
slasher:0.37275
catastrophe:0.37225
first contact:0.36725
twists & turns:0.36575
family drama:0.35625
dialogue:0.34625
bad plot:0.34525
based on a tv show:0.33925
cult film:0.337
runaway:0.337
reality tv:0.334
boring!:0.33275
tense:0.33275
suspense:0.33225
allegory:0.3305
gangsters:0.3295
violent:0.324
overrated:0.32275
not funny:0.3185
adaptation:0.318
murder:0.313
mythology:0.31075
life philosophy:0.299
halloween:0.29875
fun movie:0.29875
criterion:0.2985
storytelling:0.2985
witches:0.29725
boring:0.295
story:0.28925
so bad it's funny:0.28875
complex:0.2865
destiny:0.2835
splatter:0.28025
entirely dialogue:0.28
80s:0.2785
redemption:0.27625
police investigation:0.27575
intense:0.27325
harsh:0.26625
goretastic:0.26375
quirky:0.26125
good:0.25725
prequel:0.25675
slapstick:0.25525
spying:0.2545
sci fi:0.2535
clever:0.252
camp:0.25175
nocturnal:0.25125
writers:0.249
stylized:0.24725
superheroes:0.24625
idiotic:0.2455
alter ego:0.24475
good soundtrack:0.24175
doctors:0.24125
vengeance:0.238
pornography:0.23775
atmospheric:0.23325
violence:0.22975
disturbing:0.22675
psychological:0.22675
campy:0.225
dreamlike:0.2245
chase:0.224
crappy sequel:0.2235
twist ending:0.2225
multiple storylines:0.22125
oscar:0.22125
special effects:0.22125
sequels:0.21975
satirical:0.21725
cool:0.21725
suburbia:0.216
secrets:0.2155
