talking animals:0.94475
animation:0.939
computer animation:0.8875
time travel:0.86925
cartoon:0.8535
animated:0.85325
animals:0.81025
bad plot:0.68475
original:0.66525
mentor:0.61475
silly fun:0.56275
kids and family:0.50075
catastrophe:0.46925
predictable:0.46725
animal movie:0.45975
family:0.45225
so bad it's funny:0.45225
destiny:0.44325
fun movie:0.442
birds:0.43425
very funny:0.429
great ending:0.4185
kids:0.406
children:0.3975
great:0.39175
silly:0.38125
slapstick:0.364
fun:0.356
enormously long battle scene:0.351
future:0.351
creativity:0.3475
cute!:0.34675
cute:0.343
humorous:0.3405
plot holes:0.33725
mad scientist:0.32775
clever:0.315
goofy:0.31
writers:0.30975
dialogue:0.30725
life philosophy:0.30525
adventure:0.297
overrated:0.2945
redemption:0.292
first contact:0.29125
complex:0.29075
melancholic:0.2885
disney:0.2845
storytelling:0.2805
product placement:0.27875
fight scenes:0.27725
good:0.27625
natural disaster:0.276
not funny:0.2675
native americans:0.263
lone hero:0.2615
bad ending:0.25775
genocide:0.25775
sci fi:0.25675
crude humor:0.25625
romance:0.25625
bullshit history:0.254
harsh:0.2515
narrated:0.25125
unfunny:0.2505
franchise:0.24875
runaway:0.246
nudity (full frontal - brief):0.2405
penguins:0.23975
brutality:0.23925
entirely dialogue:0.239
suprisingly clever:0.23775
indians:0.23625
life & death:0.23175
quirky:0.23075
adaptation:0.2305
unusual plot structure:0.22475
story:0.2235
dreamworks:0.21475
fantasy world:0.2145
lions:0.21275
boring:0.2065
justice:0.206
stupidity:0.20325
satirical:0.2015
shallow:0.20125
holiday:0.19975
absurd:0.1995
grindhouse:0.1945
entertaining:0.19425
lame:0.194
twists & turns:0.19225
nocturnal:0.19225
secret service:0.19025
happy ending:0.18925
transformation:0.189
childhood:0.18525
bad cgi:0.18475
multiple storylines:0.18325
excellent script:0.18125
