father daughter relationship:0.98075
drama:0.97225
family drama:0.93925
emotional:0.92725
family bonds:0.927
social commentary:0.91475
cheating:0.9125
dramatic:0.8815
hawaii:0.85175
secrets:0.8275
tragedy:0.814
cinematography:0.8085
relationships:0.79525
family:0.79325
oscar:0.793
original:0.79175
parenthood:0.7895
hospital:0.7895
oscar (best supporting actor):0.78425
life & death:0.7645
great acting:0.758
infidelity:0.756
adapted from:book:0.7455
dysfunctional family:0.743
intense:0.7425
bittersweet:0.74125
realistic:0.7405
complex:0.728
depression:0.724
single father:0.7205
oscar (best actress):0.72
betrayal:0.714
doctors:0.69825
excellent script:0.69525
loneliness:0.69425
feel-good:0.6915
greed:0.67975
based on a book:0.675
storytelling:0.66975
death:0.66875
light:0.66575
heartwarming:0.6605
good acting:0.65275
adultery:0.64975
island:0.648
narrated:0.641
heartbreaking:0.64025
touching:0.636
visually appealing:0.62775
good soundtrack:0.62625
story:0.6105
honest:0.60775
oscar (best directing):0.605
lawyers:0.60125
character study:0.6005
redemption:0.59825
twists & turns:0.597
suspense:0.59625
sentimental:0.587
life:0.58275
exceptional acting:0.57525
culture clash:0.5745
depressing:0.56925
foul language:0.56725
feel good movie:0.55975
melancholic:0.55775
interesting:0.5545
good:0.5505
oscar (best actor):0.549
guilt:0.549
runaway:0.544
california:0.5405
dialogue:0.5385
corruption:0.533
intimate:0.5275
reflective:0.52525
lawyer:0.52425
cathartic:0.5185
oscar (best supporting actress):0.509
talky:0.5035
great:0.49775
justice:0.49775
sad:0.496
vengeance:0.496
cerebral:0.494
dark humor:0.49325
violent:0.49125
violence:0.49075
great ending:0.48925
obsession:0.48325
sacrifice:0.483
independent film:0.4825
mentor:0.48175
poignant:0.47675
brutality:0.4765
complicated:0.47475
catastrophe:0.47075
life philosophy:0.4705
adaptation:0.47025
quirky:0.46875
