criterion:0.992
secrets:0.93675
police investigation:0.918
tense:0.91725
suspense:0.88525
imdb top 250:0.8525
masterpiece:0.839
childhood:0.82475
great ending:0.817
black and white:0.807
spying:0.7965
murder:0.78025
betrayal:0.76825
original:0.7635
london:0.76225
runaway:0.762
visually appealing:0.74875
story:0.74675
unusual plot structure:0.74175
oscar (best actress):0.7395
clever:0.739
storytelling:0.73725
enigmatic:0.732
england:0.72575
suspenseful:0.72175
complex:0.718
visual:0.70925
oscar (best directing):0.69975
gunfight:0.68875
talky:0.68775
cinematography:0.678
atmospheric:0.673
excellent:0.669
good acting:0.66225
detective:0.65525
classic:0.64975
imagination:0.64625
good:0.64525
stunning:0.64375
thriller:0.63875
bleak:0.636
great acting:0.63175
hitchcock:0.63125
very interesting:0.625
dialogue:0.62175
obsession:0.619
great:0.6135
british:0.6115
police:0.61075
idealism:0.598
guilt:0.59625
complicated:0.589
melancholy:0.58225
great movie:0.58075
cerebral:0.5775
dark:0.5755
chase:0.57475
crime:0.56675
life & death:0.5665
oscar (best supporting actress):0.56075
excellent script:0.56075
claustrophobic:0.5605
artistic:0.5595
psychological:0.55075
moral ambiguity:0.55075
ironic:0.5505
oscar (best cinematography):0.54325
colourful:0.54175
photography:0.54075
suprisingly clever:0.53725
breathtaking:0.53075
greed:0.529
mystery:0.529
good soundtrack:0.528
fantasy world:0.52475
allegory:0.52475
vengeance:0.5155
scenic:0.5025
spy:0.5005
dramatic:0.49925
witty:0.4985
courage:0.49625
adaptation:0.49125
forceful:0.48775
oscar (best foreign language film):0.48575
corruption:0.4825
adapted from:book:0.48175
costume drama:0.48125
series:0.48025
drama:0.4795
nostalgic:0.4785
nocturnal:0.47725
beautifully filmed:0.474
tricky:0.4715
golden palm:0.4715
exceptional acting:0.4705
emotional:0.46775
police corruption:0.46775
understated:0.465
light:0.4645
