jungle:0.89025
erotic:0.787
so bad it's funny:0.7805
bad:0.78025
original:0.77625
snakes:0.769
predictable:0.76375
idiotic:0.7325
silly:0.71375
bad plot:0.69175
bad acting:0.68825
nudity (topless - notable):0.686
nudity (topless):0.6795
action:0.65575
africa:0.6455
teen movie:0.632
adventure:0.62475
shallow:0.61275
camp:0.5865
pointless:0.58425
unusual plot structure:0.5745
1980s:0.56025
80s:0.55625
fantasy:0.554
family:0.55225
horrible:0.549
sexy:0.5455
nudity:0.5415
crappy sequel:0.5405
life & death:0.54
mentor:0.54
first contact:0.53075
boring:0.5305
franchise:0.519
nudity (full frontal - brief):0.5145
indians:0.5135
great ending:0.5075
guilty pleasure:0.4995
lions:0.4925
destiny:0.49
dialogue:0.4885
cult film:0.48275
nudity (full frontal - notable):0.48025
chase:0.4785
satirical:0.474
fight scenes:0.47125
silly fun:0.46975
pg-13:0.46825
lame:0.463
overrated:0.4625
boring!:0.44875
campy:0.446
catastrophe:0.44425
awful:0.43275
stupid:0.432
teens:0.42925
sexualized violence:0.42725
fantasy world:0.42225
action packed:0.41025
death:0.409
plot:0.4085
pulp:0.407
cinematography:0.4055
crude humor:0.40525
adaptation:0.40475
cheesy:0.39875
good:0.39075
pornography:0.39075
so bad it's good:0.3875
remake:0.38
melancholic:0.37525
storytelling:0.37375
quirky:0.37375
animals:0.369
brutality:0.361
ridiculous:0.35975
redemption:0.3595
adapted from:comic:0.3595
runaway:0.358
good dialogue:0.357
entirely dialogue:0.3525
very funny:0.3475
unfunny:0.34675
sci fi:0.3455
humorous:0.345
weird:0.34075
not funny:0.34
bizarre:0.338
teen:0.3355
culture clash:0.33375
good soundtrack:0.3285
disaster:0.328
slapstick:0.32525
goofy:0.3185
story:0.31525
splatter:0.315
suspense:0.315
books:0.31325
natural disaster:0.31125
stupidity:0.311
