best war films:0.964
wwii:0.901
world war ii:0.87475
war:0.8745
wartime:0.8555
war movie:0.84725
courage:0.68825
dialogue:0.678
weapons:0.676
original:0.62975
sacrifice:0.62625
german:0.54525
life & death:0.5415
italy:0.5385
dramatic:0.512
sentimental:0.50975
ensemble cast:0.46975
catastrophe:0.4625
us history:0.4615
entirely dialogue:0.43475
indians:0.43075
beautiful scenery:0.43
history:0.43
mentor:0.42875
idealism:0.428
great ending:0.42775
destiny:0.426
storytelling:0.4035
criterion:0.396
talky:0.3945
anti-war:0.3885
stereotypes:0.388
culture clash:0.38425
cerebral:0.38125
finnish:0.371
harsh:0.37025
stylized:0.36525
end of the world:0.36
new jersey:0.35875
whimsical:0.358
rome:0.3575
world war i:0.357
friendship:0.356
life philosophy:0.3505
great acting:0.35025
runaway:0.34675
ethnic conflict:0.34325
survival:0.34025
texas:0.33775
realistic:0.3315
action:0.33
suprisingly clever:0.31875
ireland:0.31375
epic:0.313
good soundtrack:0.30825
island:0.305
story:0.30475
black and white:0.304
oscar (best foreign language film):0.304
historical:0.30225
narrated:0.2975
not funny:0.2945
alternate history:0.29325
vengeance:0.293
absurd:0.28875
oscar (best directing):0.28375
desert:0.282
lone hero:0.2785
honest:0.27825
imdb top 250:0.27475
adaptation:0.27
simple:0.26625
childhood:0.26475
first contact:0.26325
allegory:0.25925
existentialism:0.2585
greed:0.25725
death:0.25675
multiple storylines:0.2565
unfunny:0.25425
nostalgic:0.25375
special effects:0.2525
oscar (best supporting actor):0.24975
grindhouse:0.2475
nazis:0.2465
justice:0.24
prejudice:0.23825
light:0.238
mental illness:0.23725
propaganda:0.237
great:0.23625
police investigation:0.23425
civil war:0.2335
quotable:0.23325
gunfight:0.2315
good:0.22975
predictable:0.22975
italian:0.22925
overrated:0.22525
transformation:0.22
