christmas:0.9985
holiday:0.997
family:0.8985
children:0.824
original:0.794
parenthood:0.7425
kids:0.714
feel-good:0.69775
heartwarming:0.6795
predictable:0.67475
cute:0.62875
story:0.62175
love:0.6135
dialogue:0.589
divorce:0.58725
love story:0.54775
romantic:0.5435
feel good movie:0.5425
single father:0.539
great:0.5385
kids and family:0.50375
stereotypes:0.49675
romance:0.484
narrated:0.48325
great ending:0.47275
mentor:0.46325
destiny:0.46275
romantic comedy:0.458
happy ending:0.458
relationships:0.44775
catastrophe:0.4475
animals:0.43725
whimsical:0.433
fun:0.428
dysfunctional family:0.42525
comedy:0.423
sweet:0.4225
slapstick:0.421
redemption:0.4195
talking animals:0.409
marriage:0.40625
transformation:0.404
sentimental:0.3925
chase:0.39225
cute!:0.38525
magic:0.37625
fantasy world:0.37575
teen movie:0.37425
alternate endings:0.36475
good action:0.363
natural disaster:0.36175
life philosophy:0.359
clever:0.352
lone hero:0.34325
great movie:0.3425
pg-13:0.34125
time:0.33475
girlie movie:0.32675
alter ego:0.3225
melancholic:0.314
computer animation:0.30975
visually appealing:0.30925
beautiful scenery:0.30875
adaptation:0.30425
storytelling:0.30025
runaway:0.29875
good soundtrack:0.2975
adapted from:book:0.29675
musical:0.2925
disney:0.29225
funny:0.28825
island:0.28525
based on book:0.28075
special:0.27625
bad plot:0.27475
good:0.2675
based on a book:0.267
intense:0.266
sappy:0.266
not funny:0.26525
unfunny:0.26225
crude humor:0.26225
first contact:0.25875
fantasy:0.25625
fight scenes:0.255
entirely dialogue:0.2535
writers:0.25275
fairy tale:0.252
earnest:0.25075
family bonds:0.24825
police investigation:0.24775
very funny:0.24525
dark hero:0.2425
teen:0.24225
android(s)/cyborg(s):0.24
touching:0.23975
idiotic:0.237
brothers:0.2335
childhood:0.232
parallel universe:0.231
