hitchcock:0.9925
enigmatic:0.9125
stylish:0.896
obsession:0.8775
criterion:0.85925
talky:0.83075
downbeat:0.82725
stylized:0.82725
murder:0.8145
melancholic:0.81375
revenge:0.80525
affectionate:0.79075
oscar (best foreign language film):0.7835
movielens top pick:0.781
bleak:0.775
foreign:0.762
macabre:0.74925
death:0.74925
justice:0.748
intimate:0.7465
cinematography:0.73475
visually appealing:0.73
pornography:0.71175
runaway:0.7075
complex:0.689
passionate:0.676
noir:0.6625
harsh:0.65825
narrated:0.657
assassination:0.64725
french:0.63925
masterpiece:0.6365
stunning:0.6225
cerebral:0.61925
brutality:0.61275
surreal:0.61275
tragedy:0.60825
nudity (topless - brief):0.60475
identity:0.6015
original:0.59575
storytelling:0.59425
amazing photography:0.58925
atmospheric:0.57575
sexualized violence:0.573
breathtaking:0.57
oscar (best supporting actress):0.567
art:0.55675
unusual plot structure:0.54725
golden palm:0.547
vengeance:0.54575
secrets:0.5455
classic car:0.541
black comedy:0.541
plot:0.538
suspense:0.53375
adultery:0.52575
guilt:0.523
corruption:0.52275
cynical:0.51725
social commentary:0.517
culture clash:0.514
interesting:0.51175
moral ambiguity:0.50575
weird:0.504
paris:0.5025
drinking:0.48975
beautifully filmed:0.485
light:0.48375
dreamlike:0.48275
satirical:0.473
twist ending:0.4645
photography:0.46275
vigilante:0.46275
meditative:0.46225
gangsters:0.46075
farce:0.45875
mystery:0.44575
film noir:0.44225
exceptional acting:0.437
oscar (best cinematography):0.43525
police investigation:0.43525
visually stunning:0.43275
thriller:0.43275
betrayal:0.4315
bloody:0.42825
hotel:0.4245
murder mystery:0.42425
distopia:0.42375
black and white:0.42225
artistic:0.4175
suicide:0.41725
good soundtrack:0.41725
psychiatry:0.41625
great ending:0.416
idealism:0.416
mentor:0.4135
allegory:0.40675
clever:0.40625
nudity (full frontal - brief):0.4045
childhood:0.4005
