funny:0.9595
road trip:0.912
very funny:0.88225
original:0.86125
goofy:0.85725
comedy:0.85275
highly quotable:0.843
documentary:0.81375
political:0.80375
brutality:0.77475
social commentary:0.76825
stand-up comedy:0.74575
off-beat comedy:0.73825
politics:0.72425
violence:0.69375
drugs:0.69
funny as hell:0.68175
allegory:0.67925
violent:0.67
weed:0.6695
cinematography:0.6605
talky:0.6525
cult classic:0.6435
obsession:0.64275
movielens top pick:0.63575
sarcasm:0.635
storytelling:0.6145
male nudity:0.61275
quotable:0.608
very interesting:0.60775
harsh:0.60725
adaptation:0.5995
gory:0.599
special:0.598
marijuana:0.59175
wilderness:0.588
affectionate:0.5865
narrated:0.579
imdb top 250:0.578
dialogue:0.5735
rape:0.57325
hilarious:0.57275
weapons:0.56825
satire:0.5675
pg-13:0.56575
adapted from:book:0.56
humor:0.559
stoner movie:0.558
good soundtrack:0.55725
tragedy:0.55625
visually appealing:0.556
irreverent:0.5505
love:0.55
light:0.546
good:0.5425
intense:0.53975
story:0.536
criterion:0.53525
gunfight:0.53275
sexualized violence:0.52025
california:0.5195
interesting:0.519
crime gone awry:0.51875
alter ego:0.517
dark humor:0.50925
dark hero:0.50825
crude humor:0.50775
nudity (full frontal - brief):0.506
intimate:0.50575
breathtaking:0.50525
stylized:0.50325
great soundtrack:0.492
great movie:0.4915
fun movie:0.4905
realistic:0.48875
suprisingly clever:0.48375
great ending:0.481
bloody:0.47975
absurd:0.477
race issues:0.47625
corruption:0.476
whimsical:0.4755
oscar (best directing):0.47425
ironic:0.46625
unusual plot structure:0.465
oscar (best foreign language film):0.46175
islam:0.46025
amazing photography:0.46
masterpiece:0.45975
scenic:0.459
weird:0.45625
friendship:0.4555
cult film:0.454
foul language:0.454
witty:0.451
honest:0.44925
drinking:0.449
visceral:0.447
loneliness:0.447
splatter:0.44625
