slasher:0.9975
stylish:0.97075
splatter:0.958
bloody:0.95475
gruesome:0.93275
macabre:0.92725
murder:0.92175
violent:0.91325
gory:0.90475
serial killer:0.8895
horror:0.876
violence:0.8655
brutality:0.84575
creepy:0.81375
weird:0.80925
brutal:0.7935
time loop:0.77925
visceral:0.779
grindhouse:0.774
death:0.76675
pornography:0.751
dark humor:0.75025
atmospheric:0.74425
stylized:0.73875
original:0.736
suspenseful:0.731
black comedy:0.71375
criterion:0.707
dark:0.692
tense:0.68925
teens:0.68775
police investigation:0.66075
obsession:0.6585
cinematography:0.64525
ominous:0.64225
graphic novel:0.632
blood:0.63125
twist ending:0.6255
disturbing:0.622
greed:0.62
nocturnal:0.6195
gratuitous violence:0.6085
bizarre:0.583
dark comedy:0.567
gore:0.565
halloween:0.5525
cult film:0.54825
scary:0.53675
harsh:0.53175
surprise ending:0.53
dreamlike:0.52075
enigmatic:0.516
surreal:0.51175
gothic:0.49275
masterpiece:0.492
revenge:0.49
twists & turns:0.4865
torture:0.48575
great ending:0.48075
psychological:0.48075
moody:0.4705
affectionate:0.467
italian:0.4545
twist:0.4405
sexy:0.4375
gunfight:0.42575
melancholic:0.42225
adaptation:0.422
visually appealing:0.42125
dialogue:0.41975
grim:0.417
eerie:0.4145
bleak:0.41375
bad plot:0.41225
nudity:0.4095
talky:0.40875
visually stunning:0.403
imdb top 250:0.40175
investigation:0.39925
absurd:0.39875
catastrophe:0.3965
good soundtrack:0.3945
virginity:0.39225
intimate:0.38925
dark fantasy:0.3885
downbeat:0.3845
overrated:0.38425
not funny:0.38375
sexualized violence:0.38275
mentor:0.38225
unusual plot structure:0.37475
insanity:0.366
cult classic:0.36275
tokyo:0.3605
suspense:0.35825
mystery:0.3565
cerebral:0.353
enormously long battle scene:0.35275
goretastic:0.34975
ironic:0.349
