christmas:0.99325
finnish:0.9855
male nudity:0.97275
original:0.962
dark fantasy:0.95475
story:0.91775
holiday:0.91675
weird:0.86675
creepy:0.85875
children:0.8435
storytelling:0.81075
cult classic:0.74275
great ending:0.73325
foul language:0.72125
suspenseful:0.71175
dark:0.707
clever:0.67875
visually appealing:0.67825
monster:0.67525
dialogue:0.65125
life & death:0.64975
suspense:0.635
fantasy:0.6335
adventure:0.6285
fairy tale:0.61525
twists & turns:0.61175
imagination:0.6015
tense:0.60075
horror:0.59125
plot holes:0.58725
humor:0.587
special effects:0.58425
bittersweet:0.5795
destiny:0.576
childhood:0.57575
good:0.5705
silly:0.5665
fairy tales:0.56625
dark humor:0.54625
good soundtrack:0.54575
pg-13:0.544
whimsical:0.541
father son relationship:0.5385
strange:0.5385
unusual plot structure:0.536
twist:0.5325
fun:0.53175
effects:0.5285
plot:0.5255
great:0.52425
plot twist:0.5235
cinematography:0.52025
macabre:0.519
feel-good:0.51325
allegory:0.5115
absurd:0.50425
quirky:0.50375
fantasy world:0.49725
goofy:0.492
atmospheric:0.49125
death:0.489
cult film:0.48875
heartwarming:0.4875
light:0.48075
runaway:0.4755
kids:0.47475
scary:0.47425
too short:0.47175
great cinematography:0.468
mentor:0.4665
ominous:0.46075
sweet:0.45975
sexualized violence:0.45875
eerie:0.45775
disturbing:0.45225
mythology:0.4515
visually stunning:0.45025
transformation:0.44675
harsh:0.4465
family:0.4455
gory:0.438
criterion:0.43525
stylized:0.43375
social commentary:0.4315
irish accent:0.43075
violence:0.43075
intense:0.4265
sci fi:0.425
quotable:0.424
entertaining:0.421
catastrophe:0.42
chase:0.418
visual:0.417
movielens top pick:0.4165
tricky:0.41625
police investigation:0.41175
torture:0.4115
cerebral:0.41125
interesting:0.40575
good acting:0.405
