rock and roll:0.9475
music:0.94175
musical:0.90725
1980s:0.8565
teen movie:0.85075
london:0.82
cult film:0.8085
original:0.80275
musicians:0.7955
80s:0.778
dance:0.76525
teen:0.7455
good soundtrack:0.68875
jazz:0.68
teens:0.67525
based on a book:0.65325
based on book:0.64425
adapted from:book:0.60975
weird:0.59225
happy ending:0.58975
stylized:0.586
light:0.5795
great music:0.569
dialogue:0.56275
story:0.541
great:0.5255
narrated:0.51175
nudity (topless - notable):0.49125
great ending:0.49075
shallow:0.49075
cult:0.48925
good music:0.47975
silly fun:0.46625
life philosophy:0.4645
fantasy world:0.464
dysfunctional family:0.46275
pornography:0.46175
idiotic:0.46125
awesome soundtrack:0.44525
new york city:0.4385
mtv:0.437
dancing:0.437
70mm:0.42425
stylish:0.4225
complex:0.42225
catastrophe:0.41575
visually stunning:0.41475
lone hero:0.41225
books:0.412
1930s:0.41
writers:0.407
so bad it's funny:0.40425
nerds:0.40425
fashion:0.40325
predictable:0.39725
adaptation:0.39725
cinematography:0.3935
mentor:0.384
family:0.38325
british:0.378
visual:0.37675
imdb top 250:0.37175
transformation:0.3715
redemption:0.37075
broadway:0.3705
runaway:0.3695
depression:0.36575
chase:0.3655
creativity:0.36275
cheesy:0.35775
period piece:0.357
not funny:0.353
melancholic:0.351
corruption:0.348
visually appealing:0.34425
independent film:0.33875
drama:0.3355
brutality:0.33425
storytelling:0.33275
race:0.3325
grindhouse:0.33125
camp:0.329
overrated:0.326
colourful:0.3255
distopia:0.3255
gritty:0.32475
relationships:0.324
hip hop:0.324
awful:0.32
entirely dialogue:0.31575
cool:0.31575
bad ending:0.313
greed:0.313
surreal:0.31025
memory:0.30975
great acting:0.3075
criterion:0.30725
clever:0.30625
enigmatic:0.303
destiny:0.30025
