franchise:0.975
god:0.9625
action:0.92375
series:0.91725
fighting:0.91025
anime:0.87375
martial arts:0.8435
fight scenes:0.82275
goofy:0.81
superheroes:0.78875
vengeance:0.77575
super hero:0.766
transformation:0.75525
kung fu:0.7485
japan:0.7475
nostalgic:0.726
great ending:0.72525
original:0.7235
action packed:0.72175
superhero:0.71075
dynamic cgi action:0.70975
giant robots:0.696
first contact:0.695
dark hero:0.6885
good action:0.6885
violent:0.674
cool:0.66175
powerful ending:0.65825
cult classic:0.65675
video game:0.65375
monster:0.645
fun movie:0.6415
suspenseful:0.64025
space:0.629
story:0.62275
life philosophy:0.59975
silly:0.5965
chase:0.59575
androids:0.594
plot:0.593
visually stunning:0.58875
humorous:0.5875
great:0.5855
humor:0.5825
tokyo:0.58
revenge:0.5795
nostalgia:0.5715
sci fi:0.568
sexualized violence:0.566
dialogue:0.5625
storytelling:0.55725
special effects:0.55075
future:0.54225
big budget:0.5415
good soundtrack:0.53325
life & death:0.5315
mentor:0.529
epic:0.52725
gunfight:0.527
animation:0.527
nocturnal:0.51875
awesome soundtrack:0.515
fantasy world:0.5145
light:0.509
cgi:0.50625
redemption:0.5055
alter ego:0.5045
silly fun:0.5025
dumb but funny:0.5015
exciting:0.4995
very good:0.4935
effects:0.492
mythology:0.49
absurd:0.49
weapons:0.48725
dragons:0.48675
creativity:0.48425
childhood:0.481
honest:0.4745
high fantasy:0.4705
apocalypse:0.46925
end of the world:0.46775
bad plot:0.4675
visual:0.4655
stoner movie:0.462
culture clash:0.46025
kick-butt women:0.45775
immortality:0.45625
police investigation:0.44875
melancholic:0.441
affectionate:0.4395
violence:0.4325
insanity:0.43075
saturn award (best special effects):0.4305
good:0.43025
aliens:0.4255
adventure:0.42425
allegory:0.423
adaptation:0.41875
intense:0.4185
