francis ford copolla:0.97975
pornography:0.973
sexual:0.96325
erotic:0.9405
love:0.93175
sex:0.9285
love story:0.91225
nudity (full frontal - notable):0.90925
obsession:0.87075
beautifully filmed:0.85975
sexy:0.85425
nudity (full frontal):0.82275
relationships:0.82075
passionate:0.816
sexuality:0.7815
melancholic:0.75175
male nudity:0.751
intimate:0.73325
coming of age:0.7195
culture clash:0.69675
original:0.6965
voyeurism:0.6895
adolescence:0.68375
runaway:0.659
cinematography:0.63475
destiny:0.6
women:0.5955
romantic:0.5945
based on a book:0.59325
enigmatic:0.58725
beautiful scenery:0.583
virginity:0.58175
controversial:0.56925
criterion:0.56475
bittersweet:0.5645
adapted from:book:0.55825
girlie movie:0.55225
good soundtrack:0.5515
romance:0.54575
boarding school:0.54125
visually stunning:0.5405
reflective:0.5335
betrayal:0.53275
beautiful:0.53075
mentor:0.507
notable nudity:0.5065
heartbreaking:0.5055
narrated:0.489
weird:0.4875
coming-of-age:0.4825
nudity (topless - notable):0.48175
censorship:0.4805
emotional:0.47275
french:0.47175
adaptation:0.445
story:0.437
great ending:0.43375
guilt:0.43075
idealism:0.428
childhood:0.42775
dialogue:0.427
bdsm:0.42525
visually appealing:0.4235
foreign:0.42125
teenager:0.419
1930s:0.4175
catastrophe:0.4125
books:0.4125
friendship:0.40925
light:0.40875
intense:0.40525
nudity:0.40375
nostalgic:0.39925
suprisingly clever:0.39175
marriage:0.3895
nudity (full frontal - brief):0.383
very interesting:0.382
interracial romance:0.37525
not funny:0.36775
artistic:0.3665
great:0.3665
prostitution:0.3655
prejudice:0.3555
fight scenes:0.3545
france:0.35425
atmospheric:0.354
thought-provoking:0.35125
assassination:0.348
based on book:0.34425
sweet:0.34375
stunning:0.34325
complex:0.34275
secrets:0.33675
photography:0.33475
literature:0.333
brutality:0.32875
oscar (best actress):0.32375
paris:0.32
art:0.319
movielens top pick:0.315
