war:0.97575
best war films:0.947
action:0.934
genocide:0.9295
military:0.9165
realistic action:0.90275
jungle:0.87375
civil war:0.872
africa:0.8685
war movie:0.82775
weapons:0.8145
good action:0.77525
courage:0.7595
action packed:0.7465
iraq:0.7215
big budget:0.71775
catastrophe:0.7075
islam:0.70675
brutality:0.7065
good:0.703
survival:0.693
original:0.68275
sacrifice:0.659
intense:0.64
pg-13:0.632
fight scenes:0.62675
violence:0.623
doctors:0.6185
forceful:0.60275
predictable:0.59925
betrayal:0.596
fighting:0.58425
dramatic:0.58025
realistic:0.559
dialogue:0.55125
torture:0.5505
great ending:0.54525
factual:0.534
propaganda:0.5095
politics:0.4975
story:0.4975
revolution:0.4935
beautiful scenery:0.479
explosions:0.47825
wartime:0.474
shallow:0.452
apocalypse:0.44975
brutal:0.44875
conspiracy:0.44575
mentor:0.44225
corruption:0.43425
sexualized violence:0.42675
suspense:0.426
revenge:0.425
destiny:0.423
culture clash:0.4225
bombs:0.4175
lone hero:0.41375
visceral:0.4135
better than expected:0.408
vengeance:0.4075
unrealistic:0.40475
plot:0.40325
powerful ending:0.395
stereotypes:0.39275
natural disaster:0.3925
drama:0.3895
us history:0.38475
camp:0.383
justice:0.38075
dynamic cgi action:0.38025
special effects:0.37925
happy ending:0.3785
life philosophy:0.36625
not funny:0.354
guns:0.35325
compassionate:0.34975
honest:0.34825
entertaining:0.3465
storytelling:0.34475
good acting:0.34325
feel-good:0.33675
chase:0.33575
so bad it's funny:0.33525
good soundtrack:0.33125
political:0.3275
gunfight:0.3255
historical:0.3255
morality:0.32275
world war i:0.31775
arms dealer:0.31625
very good:0.31575
redemption:0.31425
end of the world:0.314
violent:0.311
hawaii:0.31
fantasy world:0.307
assassination:0.3065
love story:0.30625
enormously long battle scene:0.3035
