western:0.96625
visual:0.93775
storytelling:0.911
original:0.86125
visually appealing:0.84475
gunfight:0.8335
hallucinatory:0.83175
great ending:0.82225
cinematography:0.81575
indians:0.7875
cerebral:0.78575
alternate reality:0.78175
first contact:0.78125
based on a comic:0.7625
vengeance:0.74925
weird:0.74425
story:0.7325
visuals:0.72975
mindfuck:0.7145
psychedelic:0.714
complex:0.69575
native americans:0.68025
stunning:0.67375
very interesting:0.6545
cult film:0.65225
visually stunning:0.64125
stylized:0.64
special effects:0.6315
unusual plot structure:0.62825
adapted from:comic:0.62725
enigmatic:0.6255
sci fi:0.618
good soundtrack:0.61775
redemption:0.61675
allegory:0.616
pornography:0.60975
imagination:0.6045
desert:0.60075
adaptation:0.6005
science fiction:0.59325
mythology:0.5855
existentialism:0.556
beautifully filmed:0.552
dialogue:0.55075
space:0.54825
pretentious:0.54025
death:0.53575
harsh:0.535
off-beat comedy:0.5225
mentor:0.5195
artsy:0.51825
sexualized violence:0.518
beautiful scenery:0.516
surreal:0.5135
absurd:0.5095
slow paced:0.50675
bad plot:0.5055
twists & turns:0.5
scenic:0.494
narrated:0.4935
breathtaking:0.4855
brutality:0.47575
culture clash:0.47575
queer:0.4725
solitude:0.4675
melancholic:0.4625
god:0.457
violence:0.4565
plot twist:0.45225
life & death:0.448
reflective:0.44025
revenge:0.4365
art:0.433
plot:0.43
effects:0.42875
memory:0.42725
fantasy world:0.4265
bad ending:0.418
dreamlike:0.41725
suprisingly clever:0.4165
confusing:0.41325
criterion:0.40775
snakes:0.40425
multiple storylines:0.40375
entirely dialogue:0.40075
french:0.39575
brutal:0.39425
catastrophe:0.39025
fantasy:0.387
quirky:0.386
psychological:0.384
great movie:0.3805
interesting:0.37975
slow:0.37675
computer animation:0.37575
great acting:0.37175
social commentary:0.368
strange:0.36525
graphic novel:0.36475
great:0.35925
