indians:0.988
india:0.97925
bollywood:0.97325
oscar (best foreign language film):0.94025
drama:0.9295
mentor:0.77475
british:0.7635
foreign:0.761
imdb top 250:0.75175
stunning:0.725
dramatic:0.72025
good:0.70675
colonialism:0.70275
courage:0.688
musical:0.6875
criterion:0.6825
cinematography:0.681
good music:0.67775
oscar:0.67725
feel-good:0.672
good acting:0.66975
original:0.669
great ending:0.66625
story:0.65675
great:0.6565
prejudice:0.65325
oscar winner:0.62875
great acting:0.6265
scenic:0.61675
feel good movie:0.601
colourful:0.59825
love story:0.5975
visually stunning:0.594
good soundtrack:0.59175
visual:0.5905
dialogue:0.5815
breathtaking:0.58
dance:0.57975
storytelling:0.5785
idealism:0.5755
culture clash:0.5595
beautifully filmed:0.5565
allegory:0.5515
great movie:0.5505
beautiful scenery:0.54575
oscar (best directing):0.54375
excellent:0.541
good versus evil:0.5325
music:0.5285
catastrophe:0.52225
unusual plot structure:0.519
latin america:0.51125
entertaining:0.5075
light:0.50475
historical:0.50375
visually appealing:0.50075
19th century:0.49575
heartwarming:0.4955
fun movie:0.4915
pg-13:0.49125
social commentary:0.46125
runaway:0.45975
oscar (best actress):0.45875
childhood:0.45675
sacrifice:0.448
epic:0.44775
plot:0.4445
stereotypes:0.443
awesome soundtrack:0.44
oscar (best cinematography):0.436
destiny:0.43525
romance:0.43425
sports:0.434
ethnic conflict:0.43375
great music:0.432
underdog:0.426
very good:0.4255
finnish:0.4245
fight scenes:0.4205
interesting:0.41675
fantasy world:0.4135
tense:0.4115
dancing:0.4105
england:0.40725
oscar (best supporting actress):0.407
long:0.4045
exceptional acting:0.396
romantic:0.39425
clever:0.39375
inspirational:0.3925
movielens top pick:0.39225
nostalgic:0.391
earnest:0.39075
redemption:0.3895
not funny:0.3885
suprisingly clever:0.3875
entirely dialogue:0.387
based on true story:0.385
betrayal:0.384
mozart:0.38
