documentary:0.98575
food:0.9755
addiction:0.96275
politics:0.8605
corruption:0.856
brainwashing:0.82575
doctors:0.8115
original:0.803
greed:0.77575
realistic:0.756
oscar (best directing):0.7555
social commentary:0.73875
narrated:0.73175
harsh:0.72225
amazing photography:0.71775
forceful:0.716
pornography:0.69925
science:0.69575
mentor:0.6945
business:0.69275
interesting:0.69025
good:0.683
childhood:0.683
great ending:0.68
drinking:0.66725
global warming:0.666
vengeance:0.6605
excellent script:0.65575
oil:0.6545
cooking:0.6515
political:0.643
obsession:0.61925
1970s:0.6135
great acting:0.6115
oscar (best supporting actress):0.60925
clever:0.60425
enormously long battle scene:0.59075
feel-good:0.5895
marijuana:0.58375
oscar (best actress):0.581
us history:0.578
tense:0.57675
destiny:0.55975
drama:0.55875
intense:0.55675
race issues:0.556
psychology:0.54125
cinematography:0.53825
sacrifice:0.53175
redemption:0.53075
depression:0.5285
life & death:0.52825
educational:0.5265
censorship:0.52425
complex:0.52225
relationships:0.514
justice:0.50875
prejudice:0.5005
honest:0.49875
manipulation:0.4955
catastrophe:0.49425
adaptation:0.491
adultery:0.49025
betrayal:0.48975
storytelling:0.48325
tragedy:0.48225
violence:0.4805
propaganda:0.48025
psychological:0.47725
environment:0.472
children:0.47075
environmental:0.47
family:0.463
spelling bee:0.46
happy ending:0.4545
middle east:0.45325
serial killer:0.45125
finnish:0.45
new jersey:0.449
touching:0.44875
torture:0.447
adapted from:book:0.4425
guilt:0.4405
imdb top 250:0.44025
based on book:0.43825
story:0.438
internet:0.43775
thought-provoking:0.437
good soundtrack:0.43425
natural disaster:0.428
oscar (best cinematography):0.4235
disturbing:0.423
humanity:0.4225
survival:0.42075
oscar:0.4195
wilderness:0.4195
investigation:0.41625
male nudity:0.416
artistic:0.41475
allegory:0.41375
