musical:0.98075
based on a play:0.87175
music:0.85725
broadway:0.85
good music:0.84825
cult classic:0.80925
lyrical:0.77825
dialogue:0.74425
visually appealing:0.72625
plot:0.706
great ending:0.704
relationships:0.69725
depression:0.67475
original:0.6455
complex:0.645
intimate:0.63425
good soundtrack:0.62175
story:0.6195
cinematography:0.60575
dancing:0.59075
alter ego:0.58475
secrets:0.5765
gunfight:0.57075
twists & turns:0.569
parallel universe:0.548
violent:0.54225
family drama:0.54125
melancholic:0.5405
storytelling:0.53475
heartbreaking:0.53425
redemption:0.5285
writers:0.52375
good action:0.50975
art:0.50725
entirely dialogue:0.49325
non-linear:0.48825
great music:0.48675
adaptation:0.48075
very good:0.475
murder:0.46875
brutality:0.467
confusing:0.46225
emotional:0.462
police investigation:0.4605
school:0.455
catastrophe:0.45425
talky:0.454
romance:0.45175
gay character:0.444
dance:0.44275
mentor:0.44225
stylish:0.4365
bittersweet:0.43075
unusual plot structure:0.4275
sacrifice:0.4245
downbeat:0.423
dysfunctional family:0.4175
splatter:0.414
great acting:0.411
revolution:0.4055
demons:0.40225
nudity (full frontal - brief):0.402
dark fantasy:0.40025
dumb but funny:0.39925
exceptional acting:0.39875
not funny:0.39725
enigmatic:0.39325
clever:0.38475
good acting:0.384
pg-13:0.379
drama:0.377
suprisingly clever:0.367
adultery:0.3665
passionate:0.364
sexy:0.36325
golden palm:0.36275
anti-hero:0.3625
plot twist:0.35025
slow paced:0.3495
weird:0.34875
claustrophobic:0.34825
dark:0.3475
dramatic:0.34225
beautiful:0.3385
unlikeable characters:0.33825
spy:0.3375
teacher:0.3335
islam:0.333
ghosts/afterlife:0.32775
good:0.3225
stylized:0.32225
great cinematography:0.3215
secret service:0.31925
cult film:0.31825
life philosophy:0.309
brothers:0.3085
justice:0.3075
potential oscar nom:0.30725
vengeance:0.3045
genocide:0.303
