kids and family:0.95125
horrible:0.93025
family:0.89075
kids:0.85975
disney:0.848
children:0.74725
australia:0.71675
catastrophe:0.7145
based on a book:0.7095
original:0.697
so bad it's funny:0.69575
dysfunctional family:0.6945
silly fun:0.679
predictable:0.61225
bad:0.6105
fun:0.60725
silly:0.60075
happy ending:0.571
cute:0.555
runaway:0.55125
pg:0.548
pg-13:0.5275
comedy:0.505
adapted from:book:0.49525
better than expected:0.481
good:0.4735
adaptation:0.468
cute!:0.4665
dialogue:0.46575
fairy tale:0.4575
police investigation:0.45575
great ending:0.4495
doctors:0.447
natural disaster:0.44525
melancholic:0.443
heartwarming:0.43175
based on book:0.417
segregation:0.4035
death:0.396
entertaining:0.38275
feel-good:0.378
mentor:0.37725
storytelling:0.36625
fun movie:0.364
great:0.36125
bad plot:0.3535
single father:0.34675
teen movie:0.3355
girlie movie:0.3355
feel good movie:0.32875
adoption:0.32775
funny:0.3265
story:0.326
crude humor:0.32125
dog:0.31775
allegory:0.3175
culture clash:0.31225
slapstick:0.31075
sweet:0.3075
clever:0.3065
romantic:0.3015
fashion:0.29875
awful:0.2965
family bonds:0.2955
life philosophy:0.2925
twists & turns:0.291
bad cgi:0.2905
not funny:0.29
redemption:0.2865
loneliness:0.28275
very funny:0.2815
fight scenes:0.28
mad scientist:0.27925
computer animation:0.27875
bad acting:0.2715
first contact:0.2665
beautiful scenery:0.266
destiny:0.26125
unusual plot structure:0.254
chase:0.2525
australian:0.252
strippers:0.244
sisters:0.24175
inspirational:0.24025
light:0.24025
transformation:0.24
superheroes:0.237
brutality:0.23675
suprisingly clever:0.232
childhood:0.23175
humorous:0.23075
adventure:0.23075
witches:0.22775
unfunny:0.22625
technology:0.22425
parenthood:0.224
reflective:0.224
teen:0.2225
disaster:0.22175
talking animals:0.21875
