kids and family:0.88075
family:0.80575
monkey:0.74625
kids:0.707
original:0.67125
predictable:0.659
fun movie:0.655
cute!:0.6305
dog:0.5895
childhood:0.5365
children:0.523
mentor:0.515
adventure:0.4815
comedy:0.46725
screwball comedy:0.4465
teen movie:0.4435
talking animals:0.43675
catastrophe:0.4355
sports:0.43125
great ending:0.427
adoption:0.4245
bad plot:0.42125
animal movie:0.41925
runaway:0.40825
writers:0.405
dysfunctional family:0.4005
cute:0.3985
silly fun:0.39325
life philosophy:0.388
fantasy world:0.37725
nudity (topless - notable):0.37625
unlikely friendships:0.36925
school:0.3625
destiny:0.36175
nostalgic:0.35725
storytelling:0.35025
melancholic:0.348
first contact:0.34525
overrated:0.34475
unfunny:0.34325
road movie:0.34275
humorous:0.34175
slapstick:0.3415
great:0.34
death:0.339
brutality:0.3285
lone hero:0.32825
natural disaster:0.32625
betrayal:0.32375
dialogue:0.32325
life & death:0.32075
fun:0.31375
redemption:0.31275
pg:0.309
pornography:0.308
chase:0.3025
friendship:0.29925
animals:0.2965
entertaining:0.2895
not funny:0.2865
california:0.2855
so bad it's funny:0.285
light:0.28225
girlie movie:0.281
good:0.27025
women:0.269
mafia:0.268
adaptation:0.264
alaska:0.26375
nudity (full frontal - brief):0.26125
very funny:0.26
disaster:0.25875
bullying:0.257
passionate:0.25675
splatter:0.2545
loneliness:0.25375
bittersweet:0.25125
entirely dialogue:0.24975
quirky:0.2495
pulp:0.2435
dreamlike:0.24325
crude humor:0.241
culture clash:0.2385
cult film:0.23725
franchise:0.2345
fantasy:0.232
visually stunning:0.23125
pointless:0.231
depression:0.2305
surreal:0.2285
clever:0.22775
secrets:0.2275
fight scenes:0.22725
satirical:0.2205
bad ending:0.21875
adapted from:book:0.2175
nocturnal:0.217
story:0.21575
crime gone awry:0.21425
silly:0.21375
