cancer:0.998
touching:0.98175
friendship:0.9615
emotional:0.95375
drama:0.94975
unlikely friendships:0.94925
comedy:0.93275
terminal illness:0.92025
heartbreaking:0.919
dramatic:0.91425
humor:0.8965
loneliness:0.88725
honest:0.86575
relationships:0.86225
bittersweet:0.84225
original:0.84025
life & death:0.834
mentor:0.83
based on true story:0.82675
great acting:0.81425
depression:0.806
melancholic:0.80475
feel-good:0.79425
poignant:0.79225
heartwarming:0.78575
realistic:0.78375
tragedy:0.774
drinking:0.76925
sentimental:0.76675
hospital:0.76
good soundtrack:0.75225
marijuana:0.75125
social commentary:0.728
life philosophy:0.72775
tear jerker:0.7195
feel good movie:0.71775
humorous:0.71425
life:0.712
weed:0.7075
love:0.6925
compassionate:0.69
pg-13:0.688
survival:0.68675
story:0.68225
depressing:0.6795
excellent script:0.67875
storytelling:0.6775
redemption:0.6705
independent film:0.66225
funny:0.6575
oscar:0.65275
sad:0.64925
good:0.648
happy ending:0.64225
solitude:0.63225
earnest:0.6275
indie:0.62725
good acting:0.627
reflective:0.62525
destiny:0.61025
very funny:0.6095
true story:0.60525
doctors:0.60075
based on a true story:0.5935
great:0.5875
movielens top pick:0.57625
childhood:0.5605
weird:0.559
imdb top 250:0.55625
inspiring:0.55275
inspirational:0.55175
great movie:0.5485
interesting:0.547
transformation:0.54025
great ending:0.537
death:0.53675
cathartic:0.5315
dark humor:0.52975
runaway:0.5275
intense:0.5265
sacrifice:0.5235
dialogue:0.518
drugs:0.51375
betrayal:0.51375
buddy movie:0.50725
affectionate:0.5055
justice:0.5055
sweet:0.5015
biographical:0.49775
visually appealing:0.494
hilarious:0.48825
oscar (best actress):0.4815
talky:0.4775
harsh:0.47175
light:0.471
existentialism:0.46725
suicide attempt:0.46475
oscar (best supporting actress):0.463
very good:0.4605
very interesting:0.458
