good sequel:0.96225
mutants:0.9555
sequels:0.95025
sci-fi:0.95025
allegory:0.94975
astronauts:0.94625
science fiction:0.94575
scifi:0.941
post-apocalyptic:0.91775
original:0.89075
social commentary:0.8725
future:0.84975
sci fi:0.83825
sequel:0.79475
original plot:0.73975
weapons:0.71575
great ending:0.71425
franchise:0.71125
futuristic:0.7
end of the world:0.695
bad plot:0.66775
bombs:0.63825
humanity:0.637
bad ending:0.62175
nuclear war:0.5755
story:0.56175
special effects:0.5205
post apocalyptic:0.51325
1970s:0.50675
brutality:0.50525
satirical:0.502
action:0.5015
survival:0.49625
cerebral:0.488
dystopia:0.4855
downbeat:0.48275
so bad it's funny:0.46725
transformation:0.45525
first contact:0.4505
adventure:0.4505
destiny:0.44725
happy ending:0.446
god:0.44275
revolution:0.4415
natural disaster:0.4405
silly:0.43875
catastrophe:0.43775
dialogue:0.43725
cult film:0.4135
visually appealing:0.41275
mentor:0.41175
new york city:0.4085
plot holes:0.40725
predictable:0.4045
gunfight:0.40375
dynamic cgi action:0.40375
lone hero:0.4025
not funny:0.3985
greed:0.38975
space:0.38425
storytelling:0.3835
very interesting:0.37875
violence:0.3775
technology:0.377
crappy sequel:0.37
suprisingly clever:0.35925
space travel:0.35875
mythology:0.358
adaptation:0.35775
bad acting:0.352
weird:0.347
good soundtrack:0.3395
good:0.3375
android(s)/cyborg(s):0.3365
immortality:0.336
pointless:0.3345
harsh:0.3335
great:0.3305
torture:0.3285
apocalypse:0.32375
suspense:0.32275
runaway:0.321
alternate reality:0.32025
culture clash:0.3185
narrated:0.31825
slavery:0.316
teleportation:0.31525
fight scenes:0.315
disaster:0.31075
fantasy:0.30875
pornography:0.3045
aliens:0.30325
redemption:0.3025
violent:0.30075
satire:0.3005
utopia:0.3
effects:0.29825
goofy:0.2965
life philosophy:0.2905
forceful:0.28925
