highly quotable:0.99475
british comedy:0.9925
funniest movies:0.987
quotable:0.986
humor:0.98375
comedy:0.981
off-beat comedy:0.9785
monty python:0.9785
absurd:0.97725
imdb top 250:0.9755
funny as hell:0.965
classic:0.956
hilarious:0.9525
humorous:0.938
goofy:0.9365
irreverent:0.93425
gilliam:0.93325
funny:0.919
cult classic:0.9075
medieval:0.907
british:0.902
surreal:0.89
cult film:0.88425
weird:0.87675
silly:0.87325
great ending:0.86725
masterpiece:0.862
sarcasm:0.85825
very funny:0.85475
original:0.85275
storytelling:0.85175
rabbits:0.83775
king arthur:0.8135
criterion:0.8125
satire:0.807
satirical:0.80275
england:0.80125
spoof:0.79725
clever:0.797
cerebral:0.7875
suprisingly clever:0.787
witty:0.78675
dumb but funny:0.77575
social commentary:0.754
dark humor:0.747
talky:0.73975
parody:0.7145
dialogue:0.71
great movie:0.70325
insanity:0.69825
excellent script:0.692
cult:0.691
visually appealing:0.6875
farce:0.67725
biblical:0.66975
ridiculous:0.669
allegory:0.66125
good soundtrack:0.65675
oscar (best directing):0.649
philosophy:0.647
fun:0.64625
narrated:0.64375
visual:0.64275
enigmatic:0.63325
imagination:0.62775
interesting:0.627
slapstick:0.60525
great:0.60175
chase:0.6005
story:0.59375
intelligent:0.585
afi 100:0.58
stupidity:0.57425
great acting:0.569
dark:0.56675
bad ending:0.559
violence:0.55675
beautifully filmed:0.55575
cool:0.55575
runaway:0.5555
adventure:0.55325
beautiful scenery:0.55175
atmospheric:0.55175
violent:0.55175
drinking:0.548
gunfight:0.546
good:0.54325
light:0.53575
melancholic:0.535
original plot:0.53475
golden palm:0.53325
childhood:0.53125
grim:0.5295
reflective:0.52875
culture clash:0.52525
twists & turns:0.521
saturday night live:0.52
adapted from:book:0.51975
artistic:0.51925
fantasy world:0.51675
