weird:0.93475
creepy:0.88425
cult film:0.869
supernatural:0.869
horror:0.85575
stylish:0.85
nocturnal:0.79575
gory:0.789
brutality:0.7525
grindhouse:0.7425
serial killer:0.724
mentor:0.7235
cult classic:0.71225
original:0.696
police investigation:0.67825
surreal:0.67425
atmospheric:0.6735
suspense:0.67175
macabre:0.66325
gruesome:0.66125
murder:0.659
splatter:0.60925
good soundtrack:0.59475
bloody:0.58625
brutal:0.575
80s:0.57025
chase:0.5675
eerie:0.567
visceral:0.5595
bizarre:0.53425
visual:0.51675
sexualized violence:0.5125
dialogue:0.51175
so bad it's funny:0.51
cult:0.50925
runaway:0.49525
hallucinatory:0.487
demons:0.48575
murder mystery:0.48525
pornography:0.47025
violent:0.4675
great ending:0.46575
strange:0.45925
twists & turns:0.459
not funny:0.45325
visually stunning:0.44825
suspenseful:0.4465
scary:0.44375
cinematography:0.43
dreamlike:0.42825
great soundtrack:0.42575
mad scientist:0.4235
adaptation:0.422
tense:0.41725
great:0.41675
ominous:0.4005
blood:0.39525
identity:0.39325
boarding school:0.3915
graphic novel:0.38225
vengeance:0.3815
nudity (topless - notable):0.37925
catastrophe:0.379
harsh:0.37875
school:0.37125
revenge:0.37
violence:0.3695
stylized:0.369
underrated:0.36725
cool:0.36475
sexy:0.3595
teenager:0.352
secrets:0.35
talky:0.3495
special effects:0.3485
bad acting:0.34775
gore:0.3465
ironic:0.34625
good:0.34125
suprisingly clever:0.33675
death:0.3365
teen movie:0.33525
1980s:0.3265
fantasy world:0.326
storytelling:0.3235
insanity:0.32325
teacher:0.323
campy:0.31975
transformation:0.318
disturbing:0.317
mystery:0.317
good music:0.315
criterion:0.309
goretastic:0.3085
obsession:0.30825
survival:0.306
adolescence:0.306
entirely dialogue:0.30575
fantasy:0.3045
redemption:0.30225
