romantic comedy:0.90325
chick flick:0.89425
fun movie:0.8795
romantic:0.85675
stylized:0.829
original:0.78625
romance:0.7795
sexy:0.76625
happy ending:0.74175
light:0.74
new york city:0.7345
fun:0.7125
love story:0.70825
silly:0.69625
clever:0.66675
cute:0.64325
dialogue:0.6395
cute!:0.6315
colourful:0.60275
fashion:0.597
1960s:0.5875
twists & turns:0.5825
good romantic comedies:0.5785
comedy:0.57425
girlie movie:0.55725
witty:0.53825
screwball:0.537
great ending:0.5365
affectionate:0.536
twist ending:0.532
screwball comedy:0.52725
adaptation:0.52125
parody:0.52025
great:0.518
spoof:0.517
farce:0.51275
predictable:0.51225
whimsical:0.51025
sweet:0.47675
destiny:0.4735
feel-good:0.4685
funny:0.4625
love:0.46025
storytelling:0.45725
pg-13:0.454
period piece:0.44575
new york:0.43475
visually stunning:0.4295
mistaken identity:0.428
catastrophe:0.42625
plot twist:0.4165
mentor:0.4115
good soundtrack:0.4065
good:0.3985
entertaining:0.39675
runaway:0.38675
stylish:0.3825
writers:0.38125
pornography:0.379
cinematography:0.3775
very funny:0.37475
feel good movie:0.371
great movie:0.3595
women:0.357
story:0.354
adapted from:book:0.3535
entirely dialogue:0.3505
passionate:0.34875
obsession:0.3455
unfunny:0.3405
quirky:0.3395
lone hero:0.3395
beautiful scenery:0.33625
betrayal:0.33475
fantasy world:0.33425
books:0.33125
narrated:0.331
life philosophy:0.32725
satirical:0.32625
perfect:0.3255
silly fun:0.32525
vengeance:0.323
nostalgic:0.3175
very interesting:0.31575
twist:0.3145
weird:0.31225
sex comedy:0.30975
culture clash:0.30725
sexual:0.30625
not funny:0.30475
absurd:0.30275
identity:0.3015
visually appealing:0.3015
plot:0.30025
overrated:0.2995
melancholic:0.29875
talky:0.296
unusual plot structure:0.291
sexualized violence:0.2905
relationships:0.28875
