slasher:0.99575
halloween:0.94525
horror:0.92675
murder:0.909
teens:0.859
splatter:0.85325
original:0.8155
death:0.8005
teen movie:0.757
creepy:0.7315
cult film:0.72225
high school:0.71625
good soundtrack:0.70575
80s:0.69325
bloody:0.687
police investigation:0.67575
serial killer:0.6685
revenge:0.64225
predictable:0.636
grindhouse:0.60175
great ending:0.5915
virginity:0.59025
scary:0.58925
suspense:0.58675
bullying:0.5835
nudity:0.5585
suspenseful:0.5515
school:0.5455
franchise:0.54425
chase:0.52275
1980s:0.51475
mentor:0.51125
violence:0.5035
pornography:0.503
blood:0.49825
teen:0.498
supernatural:0.497
fun movie:0.4875
cheesy:0.4825
camp:0.48025
music:0.4715
vengeance:0.4695
overrated:0.4585
brutality:0.44275
teenagers:0.44075
nudity (topless):0.44025
bad acting:0.43075
twist ending:0.42525
horrible:0.40575
sexualized violence:0.39575
sexy:0.39325
weird:0.391
campy:0.38575
goofy:0.38325
catastrophe:0.38175
goretastic:0.3735
dialogue:0.37025
good:0.36575
dreamlike:0.36375
gruesome:0.358
not funny:0.35775
bad plot:0.354
fantasy world:0.3505
nudity (full frontal - notable):0.3505
first contact:0.3455
classic car:0.3435
gory:0.34325
adaptation:0.34325
stylish:0.3395
guilt:0.33925
demons:0.33725
slapstick:0.336
life & death:0.33375
so bad it's funny:0.33375
cult:0.332
family:0.327
fight scenes:0.325
destiny:0.3165
weapons:0.316
pointless:0.31575
storytelling:0.314
classic:0.313
hard to watch:0.3115
cult classic:0.31075
fun:0.30725
boring:0.304
runaway:0.29325
remake:0.28775
nudity (full frontal - brief):0.28525
crappy sequel:0.283
talky:0.279
lone hero:0.2765
entirely dialogue:0.27575
childhood:0.27575
nudity (full frontal):0.2755
shallow:0.27375
macabre:0.2735
identity:0.273
nocturnal:0.2725
nudity (topless - notable):0.2725
