social commentary:0.982
life:0.89975
existentialism:0.89525
homeless:0.859
destiny:0.84875
feel-good:0.82525
los angeles:0.795
violence:0.78025
original:0.7745
philosophy:0.7725
feel good movie:0.74725
storytelling:0.7425
unlikely friendships:0.7355
good soundtrack:0.71325
life philosophy:0.7085
reflective:0.6915
happy ending:0.69
good:0.68525
dialogue:0.685
mentor:0.679
friendship:0.6695
relationships:0.668
loneliness:0.657
thought-provoking:0.65525
drama:0.63525
ensemble cast:0.63
cerebral:0.62725
shallow:0.6235
brutality:0.6165
violent:0.61225
redemption:0.6015
great acting:0.59025
melancholic:0.58875
meditative:0.5835
life & death:0.57325
great ending:0.56975
honest:0.5685
independent film:0.5665
road movie:0.565
humanity:0.56325
allegory:0.5605
story:0.56025
bad ending:0.5545
philosophical:0.55375
interesting:0.54675
excellent script:0.54225
dreams:0.536
intense:0.5325
dystopia:0.526
harsh:0.52125
first contact:0.50225
pg-13:0.49875
dramatic:0.4905
sentimental:0.487
clever:0.484
realistic:0.48375
emotional:0.48175
catastrophe:0.48075
drinking:0.479
underrated:0.47825
multiple storylines:0.475
heartwarming:0.4685
depression:0.46725
good acting:0.4655
justice:0.46475
great movie:0.4625
oscar (best picture):0.45975
transformation:0.4595
great:0.45575
visually appealing:0.45425
intellectual:0.4535
narrated:0.44675
greed:0.43625
culture clash:0.43
bittersweet:0.42725
special:0.4255
touching:0.4245
weird:0.42075
stereotypes:0.42025
solitude:0.41775
pointless:0.4115
pretentious:0.4115
small town:0.411
nudity (topless):0.40625
imdb top 250:0.4055
prejudice:0.40375
oscar:0.4015
inspirational:0.39975
bleak:0.3965
powerful ending:0.39625
entirely dialogue:0.39375
family:0.3935
mental illness:0.38775
complex:0.3845
creativity:0.3845
character study:0.384
gritty:0.379
utopia:0.379
quotable:0.37375
new jersey:0.3735
