criterion:0.978
fake documentary:0.90675
documentary:0.87
very interesting:0.845
talky:0.8085
california:0.8
greed:0.7835
loneliness:0.783
poignant:0.77775
enigmatic:0.7775
death:0.76775
intimate:0.7585
original:0.75775
meditative:0.753
relationships:0.73225
life & death:0.7205
pornography:0.70775
grindhouse:0.705
serial killer:0.69925
eccentricity:0.68625
tense:0.67525
afterlife:0.661
reflective:0.6545
oscar (best supporting actress):0.648
crime gone awry:0.6365
downbeat:0.63175
golden palm:0.627
obsession:0.6135
visceral:0.61025
quirky:0.60925
dog:0.60625
weird:0.5995
affectionate:0.59075
harsh:0.59
interesting:0.58425
animal movie:0.58175
social commentary:0.57725
biting:0.5705
passionate:0.55625
narrated:0.55575
disturbing:0.549
suprisingly clever:0.538
creepy:0.537
humanity:0.53025
strange:0.52975
animals:0.528
runaway:0.5125
grim:0.5125
nudity (full frontal - notable):0.5065
culture clash:0.50025
nocturnal:0.49875
stylized:0.497
tokyo:0.49475
cerebral:0.4905
san francisco:0.4875
suspense:0.484
dysfunctional family:0.4825
brutality:0.4795
art:0.4735
violent:0.47175
hitman:0.47025
reality tv:0.46975
mockumentary:0.46325
atmospheric:0.45875
melancholic:0.452
great ending:0.44275
movielens top pick:0.43775
paranoid:0.43525
life philosophy:0.43225
honest:0.43175
manipulation:0.43075
mental illness:0.4175
catastrophe:0.41675
insanity:0.416
small town:0.41525
bleak:0.41525
dialogue:0.41025
witty:0.4095
cinematography:0.4085
macabre:0.4055
art house:0.404
unusual plot structure:0.40175
1970s:0.4005
tragedy:0.40025
allegory:0.397
gunfight:0.39425
good soundtrack:0.389
cynical:0.38875
oscar (best actress):0.38875
sexy:0.3855
beautiful scenery:0.38225
philosophy:0.37925
assassination:0.37925
character study:0.3785
storytelling:0.37775
oscar (best writing - screenplay written directly for the screen):0.37725
dogs:0.3765
cult classic:0.37525
oscar (best directing):0.375
philosophical:0.37475
