original:0.70575
documentary:0.651
great ending:0.6055
depression:0.5395
so bad it's funny:0.49025
death:0.48875
1930s:0.47125
pornography:0.46225
macabre:0.4405
life philosophy:0.44025
homeless:0.427
catastrophe:0.4165
hard to watch:0.4065
mentor:0.38825
fantasy world:0.388
narrated:0.37375
corporate america:0.3685
classic car:0.36525
enigmatic:0.36275
great:0.3615
loneliness:0.35075
criterion:0.3435
transgender:0.3415
atheism:0.3375
melancholic:0.3345
queer:0.331
adapted from:book:0.3295
great movie:0.322
vengeance:0.3135
foreign:0.31075
family:0.3
distopia:0.29575
graphic design:0.2935
reflective:0.28375
visually appealing:0.283
not funny:0.27975
writers:0.27825
obsession:0.278
downbeat:0.2775
psychology:0.2715
books:0.2715
educational:0.27025
dysfunctional family:0.26625
storytelling:0.2615
nudity (full frontal - brief):0.2605
weird:0.25975
good soundtrack:0.2535
insanity:0.2525
dialogue:0.25225
mad scientist:0.2515
irish accent:0.25025
stylized:0.245
adaptation:0.24475
brainwashing:0.2425
gay character:0.2415
bad ending:0.2355
memory:0.235
brothers:0.23225
visually stunning:0.22725
screwball:0.22725
texas:0.2265
homophobia:0.22275
melancholy:0.22275
betrayal:0.2195
grindhouse:0.21875
brutality:0.21675
stereotypes:0.21525
good:0.21525
too long:0.2125
islam:0.21125
grim:0.21025
canada:0.2085
bad plot:0.207
cult film:0.20025
crime gone awry:0.2
sexy:0.1995
greed:0.199
journalism:0.19875
slapstick:0.196
harsh:0.1945
suprisingly clever:0.1935
lone hero:0.19325
politics:0.19225
justice:0.191
fake documentary:0.19075
romance:0.18975
predictable:0.1895
quirky:0.189
culture clash:0.1885
small town:0.188
historical:0.18675
anti-semitism:0.18625
overrated:0.186
runaway:0.1855
powerful ending:0.185
cross dressing:0.1835
destiny:0.18225
very interesting:0.182
sad:0.18125
visual:0.17825
