disney animated feature:0.9985
fairy tale:0.99725
animation:0.99075
70mm:0.98075
fairy tales:0.97575
modern fantasy:0.9745
cartoon:0.968
animated:0.95475
classic:0.93525
romantic:0.93325
witch:0.93
disney:0.92575
magic:0.91575
witches:0.907
good versus evil:0.88825
animals:0.85625
talking animals:0.84075
sweet:0.837
heroine:0.7985
fantasy:0.79775
dragons:0.7665
simple:0.75525
good:0.752
original:0.74925
kids:0.72875
family:0.71975
kids and family:0.70975
based on book:0.70725
story:0.70425
mythology:0.70175
love story:0.6985
children:0.69625
cute:0.6875
awesome soundtrack:0.67875
childhood:0.65575
medieval:0.6495
musical:0.647
music:0.6335
stereotypes:0.61275
artistic:0.59625
fun movie:0.59475
light:0.5795
surreal:0.57875
beautiful scenery:0.577
heartwarming:0.5715
fantasy world:0.5595
colourful:0.554
visually appealing:0.54825
adapted from:book:0.548
greed:0.5475
fun:0.545
happy ending:0.53825
storytelling:0.53
good soundtrack:0.523
love:0.5195
beautiful:0.50475
great:0.5025
runaway:0.50075
oscar (best music - original song):0.48325
adaptation:0.47725
masterpiece:0.4765
adventure:0.47575
romance:0.47475
stylized:0.47075
whimsical:0.46475
mentor:0.455
catastrophe:0.45275
based on a book:0.45175
very good:0.4425
cute!:0.437
great ending:0.435
culture clash:0.435
dialogue:0.43275
animal movie:0.431
transformation:0.42325
destiny:0.41275
suprisingly clever:0.407
friendship:0.4035
visuals:0.4005
sacrifice:0.39025
computer animation:0.38825
clever:0.384
girlie movie:0.38075
witty:0.377
oscar (best actress):0.37675
visually stunning:0.3705
snakes:0.36925
indians:0.365
beautifully filmed:0.35775
life philosophy:0.35075
dark fantasy:0.33825
stunning:0.329
dreamlike:0.32825
unlikely friendships:0.32175
interracial romance:0.321
cult film:0.31975
not funny:0.315
chase:0.313
hunting:0.3125
goofy:0.3045
