robert downey jr:0.975
feel-good:0.9255
touching:0.917
sweet:0.9025
sentimental:0.88225
destiny:0.8735
afterlife:0.85675
feel good movie:0.85525
ghosts:0.85425
romantic comedy:0.836
romantic:0.8355
fun movie:0.7995
childhood:0.79925
mentor:0.78
comedy:0.759
heartwarming:0.758
girlie movie:0.65375
san francisco:0.65375
good:0.64775
supernatural:0.64025
original:0.623
sappy:0.6175
fantasy:0.61225
imaginary friend:0.6065
great:0.587
great ending:0.58575
light:0.5805
story:0.5795
time:0.57325
love story:0.55825
drama:0.55775
classic:0.54525
catastrophe:0.541
fun:0.53625
special effects:0.517
first contact:0.50625
whimsical:0.47925
life & death:0.46775
transformation:0.464
nostalgic:0.4595
chase:0.458
hospital:0.4525
sacrifice:0.451
redemption:0.451
happy ending:0.44875
life philosophy:0.44675
lawyer:0.446
pg-13:0.43675
ghosts/afterlife:0.4245
romance:0.42325
family:0.41125
excellent:0.40725
children:0.40525
humorous:0.3935
unlikely friendships:0.39325
suprisingly clever:0.39125
beautiful scenery:0.3865
predictable:0.3845
dialogue:0.38275
adventure:0.38175
great movie:0.381
creativity:0.37075
funny:0.36825
death:0.368
storytelling:0.3655
simple:0.364
friendship:0.3595
bittersweet:0.357
runaway:0.353
dramatic:0.34775
great acting:0.34625
inspirational:0.3435
solitude:0.343
chick flick:0.34025
entertaining:0.33825
good soundtrack:0.33775
doctors:0.336
80s:0.3305
oscar winner:0.3305
oscar (best supporting actress):0.323
guilty pleasure:0.323
love:0.3205
quotable:0.31575
culture clash:0.31325
silly:0.30925
plot:0.30875
very funny:0.30275
cute:0.29575
idealism:0.29225
not funny:0.28825
fairy tale:0.2845
vengeance:0.28075
natural disaster:0.279
good romantic comedies:0.2775
emotional:0.26725
underdog:0.26525
tear jerker:0.263
cheesy:0.26275
unfunny:0.26225
oscar:0.26075
