slasher:0.99675
splatter:0.9715
horror:0.9645
halloween:0.95425
creepy:0.93975
suspenseful:0.86325
cult classic:0.80825
grindhouse:0.79425
blood:0.775
cult film:0.7635
train:0.75475
gory:0.7525
murder:0.74875
original:0.743
teens:0.74275
nudity (topless):0.7415
serial killer:0.7395
80s:0.72225
claustrophobic:0.696
gruesome:0.668
gore:0.66475
camp:0.63175
low budget:0.6155
brutality:0.60575
ominous:0.6015
suspense:0.6015
scary:0.5955
so bad it's funny:0.59
predictable:0.57725
great ending:0.572
revenge:0.56775
stylish:0.55675
nudity:0.553
demons:0.55075
psychological:0.548
supernatural:0.5365
effects:0.53425
haunted house:0.50175
atmospheric:0.5
wilderness:0.4945
bloody:0.49075
twist ending:0.4845
survival:0.48375
goth:0.48325
intense:0.47775
bad plot:0.47375
vengeance:0.44925
campy:0.44625
nocturnal:0.4435
franchise:0.4405
pointless:0.4305
sexualized violence:0.4285
goretastic:0.42825
dark:0.427
clowns:0.4205
underrated:0.4185
mentor:0.4165
ghosts:0.41525
zombie:0.41125
cinematography:0.40475
visceral:0.39075
violent:0.3875
violence:0.3785
frightening:0.3775
cult:0.3765
doctors:0.375
monster:0.3735
death:0.36775
nudity (topless - notable):0.36075
not funny:0.36025
catastrophe:0.35825
first contact:0.358
bad ending:0.3565
virus:0.34975
weird:0.3485
nudity (full frontal):0.34775
spiders:0.34425
melancholic:0.34275
dialogue:0.3385
bullying:0.3385
trains:0.33725
destiny:0.3365
tense:0.33575
classic car:0.33025
nudity (full frontal - brief):0.3275
macabre:0.326
brutal:0.32175
eerie:0.32125
harsh:0.318
disturbing:0.3165
lone hero:0.315
bad acting:0.30875
mad scientist:0.29825
good:0.295
police investigation:0.28875
overrated:0.28375
weapons:0.2825
transformation:0.28175
chase:0.2755
insanity:0.27425
