splatter:0.99725
zombie:0.995
zombies:0.994
cult film:0.9655
horror:0.935
cult classic:0.92725
creepy:0.92625
gruesome:0.86825
gore:0.8665
weird:0.8585
original:0.85725
gory:0.84725
so bad it's funny:0.8305
grindhouse:0.82875
visceral:0.82825
brutality:0.8175
mad scientist:0.78425
weapons:0.78225
nocturnal:0.7765
camp:0.76675
bloody:0.74125
goretastic:0.73325
80s:0.728
demons:0.7255
goofy:0.6955
scary:0.67825
nudity (full frontal - notable):0.67725
cult:0.662
cannibalism:0.6615
harsh:0.651
low budget:0.63975
pulp:0.632
monster:0.62975
dialogue:0.623
blood:0.61325
disturbing:0.59125
campy:0.58275
nudity (topless - notable):0.57675
predictable:0.5745
sexualized violence:0.569
violent:0.56075
death:0.5565
violence:0.55475
nudity (topless):0.55275
ominous:0.54125
nudity:0.53675
pointless:0.5265
gothic:0.51875
slasher:0.5185
overrated:0.51625
brutal:0.51025
bad plot:0.49775
chase:0.492
parody:0.472
pornography:0.4695
stop motion:0.4675
virus:0.464
supernatural:0.46325
sexy:0.45825
entirely dialogue:0.44525
incest:0.4405
good soundtrack:0.42775
bizarre:0.42075
macabre:0.42025
not funny:0.41975
stylized:0.41825
mentor:0.411
horrible:0.4025
special effects:0.40225
multiple storylines:0.395
spiders:0.393
fast paced:0.3925
adaptation:0.3875
stupid as hell:0.386
goth:0.3845
stupidity:0.378
wilderness:0.376
great ending:0.37125
imdb top 250:0.369
ridiculous:0.36875
fun:0.36825
melancholic:0.366
bad acting:0.36375
catastrophe:0.36375
fantasy world:0.36025
beer:0.35475
ghosts:0.3545
stoner movie:0.3525
dumb but funny:0.34975
action packed:0.34825
nudity (full frontal):0.3465
redemption:0.34325
lone hero:0.34
eerie:0.33875
fight scenes:0.3385
strange:0.334
haunted house:0.33275
boring:0.33125
stylish:0.33
graphic novel:0.3295
