dragons:0.975
animation:0.9575
disney:0.91
musical:0.886
kids and family:0.8455
fun movie:0.84525
family:0.8395
fun:0.82125
cartoon:0.80075
computer animation:0.7915
children:0.78975
whimsical:0.77675
disney animated feature:0.74075
magic:0.73425
childhood:0.695
fairy tale:0.68475
heartwarming:0.6835
cute:0.681
original:0.67175
animated:0.6135
good:0.6
animals:0.5895
dragon:0.57125
cute!:0.571
greed:0.56575
fantasy:0.565
talking animals:0.561
fantasy world:0.54425
nostalgic:0.53325
mentor:0.51775
music:0.5005
action:0.4995
sweet:0.4875
classic:0.4695
adventure:0.46725
kids:0.4665
simple:0.45875
great:0.4485
great ending:0.44275
goofy:0.436
love:0.42375
snakes:0.42125
runaway:0.408
dialogue:0.4075
catastrophe:0.403
story:0.39825
destiny:0.388
high fantasy:0.38575
con artists:0.38175
entertaining:0.359
stereotypes:0.352
drinking:0.349
lyrical:0.343
silly fun:0.3395
adapted from:book:0.339
predictable:0.33425
life philosophy:0.3335
culture clash:0.33225
good soundtrack:0.32925
unlikely friendships:0.3245
imagination:0.321
underrated:0.32075
light:0.3165
not funny:0.31325
good music:0.312
lone hero:0.31175
storytelling:0.305
chase:0.2975
adaptation:0.29575
bad plot:0.2915
happy ending:0.28725
interracial romance:0.28625
witches:0.286
fight scenes:0.286
good versus evil:0.2855
beautiful scenery:0.28525
vengeance:0.283
feel-good:0.283
special effects:0.28225
very funny:0.2765
fairy tales:0.2715
first contact:0.27025
melancholic:0.26825
friendship:0.2665
police investigation:0.26625
intense:0.26325
justice:0.263
brutality:0.25975
clever:0.25975
great acting:0.25625
entirely dialogue:0.2505
love story:0.2485
romantic:0.248
pg-13:0.24475
small town:0.2425
dark fantasy:0.239
redemption:0.238
oscar (best actor):0.23775
so bad it's funny:0.23725
chocolate:0.23525
