teen movie:0.99725
girlie movie:0.99125
teen:0.98525
high school:0.985
cheerleading:0.98
teens:0.95275
chick flick:0.94375
romantic comedy:0.91425
spelling bee:0.90075
teenagers:0.86975
teenager:0.8275
pg-13:0.79625
comedy:0.73775
stereotypes:0.73675
school:0.65375
funny:0.645
women:0.63675
predictable:0.6265
cute:0.61875
original:0.6055
fun movie:0.59225
cute!:0.5765
better than expected:0.56825
great ending:0.56625
revenge:0.545
sexy:0.49225
manipulation:0.49125
good soundtrack:0.48975
geeks:0.487
virginity:0.479
fun:0.47825
fashion:0.47825
pornography:0.474
shopping:0.466
silly fun:0.462
so bad it's funny:0.45825
romantic:0.45525
horrible:0.45075
new jersey:0.44675
nerds:0.44325
catastrophe:0.421
adolescence:0.411
shallow:0.40525
mentor:0.38825
guilty pleasure:0.386
amy smart:0.37375
coming of age:0.37175
happy ending:0.36625
great:0.36525
runaway:0.35375
vengeance:0.3485
very funny:0.34675
good:0.34475
dialogue:0.3425
dumb but funny:0.33925
bullying:0.3335
destiny:0.3255
betrayal:0.32375
switching places:0.31525
not funny:0.30975
romance:0.305
goth:0.30425
friendship:0.302
bad plot:0.29875
relationships:0.29225
first contact:0.292
unfunny:0.29025
stupid:0.289
storytelling:0.282
dumb:0.27825
silly:0.2755
suprisingly clever:0.27325
life philosophy:0.2725
overrated:0.27125
crude humor:0.26825
fantasy world:0.26775
lone hero:0.26075
entertaining:0.259
cheating:0.25725
hilarious:0.25425
bad:0.2535
police investigation:0.24775
vampire human love:0.247
adaptation:0.247
unlikely friendships:0.2455
culture clash:0.2445
original plot:0.2405
clever:0.2395
camp:0.23875
feel-good:0.2355
ridiculous:0.23475
twists & turns:0.2305
family:0.2305
fight scenes:0.226
unrealistic:0.2255
whimsical:0.22275
bad ending:0.2225
honest:0.22025
bad acting:0.2195
drinking:0.21925
