australia:0.975
story:0.86
love story:0.85675
big budget:0.836
australian:0.8285
romance:0.81425
beautiful scenery:0.806
romantic:0.76025
destiny:0.7485
1930s:0.739
historical:0.7315
epic:0.7045
adventure:0.694
predictable:0.679
girlie movie:0.674
original:0.64525
cinematography:0.64275
happy ending:0.638
catastrophe:0.63575
period piece:0.6195
visually appealing:0.61325
visually stunning:0.56175
natural disaster:0.54075
world war ii:0.53575
dialogue:0.53225
betrayal:0.5295
so bad it's funny:0.5265
pg-13:0.51825
drama:0.5085
great ending:0.50075
scenic:0.49175
dramatic:0.48875
history:0.4875
sacrifice:0.47625
us history:0.4745
good:0.46625
visual:0.44925
silly:0.44875
fantasy world:0.4485
segregation:0.44325
magic:0.441
bullshit history:0.43975
war:0.439
narrated:0.43425
plot:0.43375
culture clash:0.43175
runaway:0.43025
too long:0.42475
stereotypes:0.42325
long:0.42325
romantic comedy:0.42175
mentor:0.421
island:0.4175
fight scenes:0.4135
good soundtrack:0.4115
chick flick:0.4085
camp:0.40275
family:0.402
great:0.3965
visuals:0.38675
better than expected:0.38625
dynamic cgi action:0.386
storytelling:0.38175
action:0.3805
brutality:0.3795
courage:0.369
bad acting:0.362
sentimental:0.35825
shallow:0.3545
disaster:0.35175
greed:0.34525
passionate:0.3445
special effects:0.3405
horses:0.33775
breathtaking:0.3355
fantasy:0.3345
lone hero:0.33225
life philosophy:0.32925
oscar (best directing):0.3245
script:0.31825
slapstick:0.318
wwii:0.318
unusual plot structure:0.31675
survival:0.3155
adaptation:0.31475
not funny:0.312
beautifully filmed:0.31075
slavery:0.30525
unfunny:0.3035
awful:0.303
stunning:0.30025
desert:0.298
bad cgi:0.29275
harsh:0.28575
revolution:0.28525
childhood:0.28425
first contact:0.28325
oscar:0.28125
hawaii:0.28
overrated:0.27775
