dysfunctional family:0.9635
intimate:0.9465
family drama:0.92
relationships:0.9055
ensemble cast:0.8655
family:0.848
original:0.8335
intense:0.8165
cathartic:0.78025
emotional:0.78
drama:0.779
depression:0.77575
good soundtrack:0.75125
independent film:0.73575
storytelling:0.7065
story:0.69475
melancholy:0.6935
dialogue driven:0.688
bittersweet:0.6835
dramatic:0.683
holiday:0.682
great:0.67825
stylized:0.6775
dialogue:0.67525
poignant:0.64925
honest:0.647
death:0.64075
passionate:0.635
great movie:0.627
nudity (topless - notable):0.6225
parenthood:0.61875
secrets:0.60725
redemption:0.6035
destiny:0.59525
guilt:0.595
good:0.593
melancholic:0.58325
talky:0.58075
sexualized violence:0.57925
nudity (full frontal - notable):0.57525
life:0.575
great ending:0.56925
visually stunning:0.561
loneliness:0.5585
quirky:0.55625
family bonds:0.554
pg-13:0.55275
adapted from:book:0.54275
voyeurism:0.54
reflective:0.5355
vengeance:0.53
adultery:0.52975
mental illness:0.51575
good acting:0.515
brothers:0.514
love story:0.5115
male nudity:0.51125
indie:0.51075
weird:0.50425
sad:0.50425
violence:0.501
mentor:0.5005
beautifully filmed:0.5
dreamlike:0.49575
social commentary:0.49525
touching:0.49375
multiple storylines:0.4925
sentimental:0.49025
cerebral:0.487
pornography:0.485
long:0.4835
revenge:0.47625
off-beat comedy:0.4755
catastrophe:0.4715
writers:0.46725
slow:0.46675
adaptation:0.463
culture clash:0.462
bleak:0.45775
great acting:0.452
books:0.44775
fight scenes:0.44775
childhood:0.4425
downbeat:0.43975
complex:0.43725
tragedy:0.43575
betrayal:0.43325
pointless:0.43075
visually appealing:0.42875
oscar (best directing):0.428
excellent script:0.4255
exceptional acting:0.4235
criterion:0.4225
nudity (full frontal - brief):0.41925
solitude:0.41725
unusual plot structure:0.41725
interesting:0.417
notable nudity:0.41625
sad but good:0.414
meditative:0.41375
