strippers:0.998
splatter:0.99
zombies:0.9685
virus:0.94575
nudity (topless - notable):0.9455
zombie:0.92875
sexy:0.83275
nudity (full frontal - notable):0.8245
cult classic:0.794
campy:0.78075
horror:0.775
camp:0.7565
so bad it's funny:0.756
original:0.74725
nudity (topless):0.74175
pornography:0.7155
gore:0.70425
predictable:0.704
satirical:0.699
bad acting:0.68675
low budget:0.65025
bad plot:0.64325
nudity (full frontal):0.638
goth:0.6265
good soundtrack:0.621
silly fun:0.61775
mad scientist:0.6025
bloody:0.56575
brutality:0.56375
cult film:0.563
fun movie:0.55125
stereotypes:0.52725
great ending:0.51875
teens:0.51875
sexualized violence:0.512
satire:0.5115
erotic:0.50275
cult:0.50125
dialogue:0.49725
grindhouse:0.49075
pointless:0.48575
nudity:0.48125
violence:0.47775
silly:0.4745
cheesy:0.471
nudity (rear):0.4555
gory:0.45075
shallow:0.4385
fun:0.4375
runaway:0.4365
violent:0.43325
special effects:0.428
existentialism:0.42225
catastrophe:0.4185
mentor:0.416
weapons:0.4075
teen movie:0.40725
life philosophy:0.40175
overrated:0.401
absurd:0.3985
goofy:0.3945
crude humor:0.3895
harsh:0.388
melancholic:0.38525
death:0.37825
scary:0.37775
girlie movie:0.376
entertaining:0.37375
goretastic:0.37075
male nudity:0.36875
family:0.3665
entirely dialogue:0.3655
slapstick:0.36175
stupidity:0.36125
unfunny:0.36025
intense:0.3595
adaptation:0.3595
first contact:0.356
not funny:0.356
ridiculous:0.3555
lone hero:0.3535
humorous:0.3495
twist ending:0.34875
quirky:0.346
bdsm:0.34475
story:0.34475
life & death:0.344
fantasy world:0.341
bad:0.33875
women:0.3385
stylized:0.33375
storytelling:0.3335
multiple storylines:0.3335
biting:0.3325
action:0.33225
redemption:0.3295
passionate:0.32225
clever:0.3215
imdb top 250:0.31625
based on a book:0.3065
