based on a true story:0.97775
island:0.9645
true story:0.93275
dramatic:0.929
based on true story:0.92675
downbeat:0.8615
runaway:0.8595
isolation:0.8515
existentialism:0.8475
cinematography:0.846
mentor:0.82725
rebellion:0.82275
coming of age:0.81825
childhood:0.81625
storytelling:0.78475
drama:0.7825
oscar (best directing):0.7765
coming-of-age:0.776
prison:0.77075
original:0.76425
story:0.75725
imdb top 250:0.7425
unlikely friendships:0.734
boarding school:0.72375
fantasy world:0.71975
bleak:0.719
moody:0.717
environment:0.71375
alternate endings:0.696
oscar (best foreign language film):0.6895
scenic:0.6875
brutality:0.673
poland:0.6715
talky:0.664
melancholic:0.66
prison escape:0.65975
allegory:0.65925
tragedy:0.658
sacrifice:0.65425
survival:0.6435
friendship:0.643
good acting:0.63525
oscar (best supporting actress):0.634
foreign:0.63075
gunfight:0.6235
harsh:0.62325
forceful:0.623
transformation:0.60625
great:0.606
atmospheric:0.597
criterion:0.59225
adapted from:book:0.58625
based on book:0.58475
visually stunning:0.57975
destiny:0.5705
breathtaking:0.56725
tense:0.56275
vengeance:0.562
complex characters:0.5615
culture clash:0.56
idealism:0.5585
great ending:0.54625
golden palm:0.54525
bollywood:0.54425
intense:0.53475
suprisingly clever:0.5325
school:0.53075
visually appealing:0.53025
beautifully filmed:0.52975
catastrophe:0.52575
solitude:0.525
character study:0.521
oscar (best cinematography):0.517
stranded:0.5135
excellent script:0.511
based on a book:0.508
bullying:0.50625
courage:0.50175
moral ambiguity:0.50025
swedish:0.4995
great acting:0.499
poignant:0.49425
bittersweet:0.493
slow paced:0.492
crime gone awry:0.4905
blindness:0.488
police investigation:0.4835
child abuse:0.4825
historical:0.4785
japan:0.47025
us history:0.46675
affectionate:0.46325
alcatraz:0.46325
whimsical:0.46125
social commentary:0.46075
happy ending:0.455
eerie:0.448
literature:0.44325
exceptional acting:0.442
good soundtrack:0.44175
