ninja:1.0
martial arts:0.99025
fight scenes:0.979
fighting:0.83175
nostalgic:0.77175
weapons:0.76875
mentor:0.744
japan:0.72175
original:0.71725
fun movie:0.71225
kung fu:0.6955
life philosophy:0.58075
action:0.57575
corny:0.55175
grindhouse:0.54325
childhood:0.51175
idiotic:0.5075
predictable:0.489
teens:0.48475
fun:0.48075
sexualized violence:0.474
death:0.47275
great ending:0.469
bad:0.45925
revenge:0.435
brutality:0.433
kick-butt women:0.4315
sword fighting:0.42975
camp:0.4285
bad plot:0.4045
cheesy:0.404
sword fight:0.39175
superheroes:0.3755
catastrophe:0.36275
demons:0.35825
buddy movie:0.357
bad acting:0.35225
goofy:0.35025
adaptation:0.3475
storytelling:0.34725
intense:0.34375
memory:0.33425
cool:0.33375
great:0.33175
80s:0.329
nostalgia:0.327
slapstick:0.326
splatter:0.32425
teen movie:0.32375
good action:0.3225
silly fun:0.32225
vengeance:0.3215
cult film:0.317
first contact:0.31625
dialogue:0.31325
moral ambiguity:0.31225
fantasy world:0.30525
good soundtrack:0.29875
not funny:0.295
campy:0.28925
overrated:0.28775
boring:0.287
low budget:0.28075
unintentionally funny:0.27975
classic:0.279
family:0.2785
monster:0.2785
happy ending:0.2785
cinematography:0.27775
underdog:0.2775
stylized:0.276
twists & turns:0.27375
quirky:0.272
culture clash:0.26725
samurai:0.266
good:0.26475
pulp:0.2645
wartime:0.2635
melancholic:0.26275
sci fi:0.262
entirely dialogue:0.2615
so bad it's funny:0.25775
kidnapping:0.2545
franchise:0.25325
wuxia:0.25225
passionate:0.25175
lone hero:0.249
unlikely friendships:0.24825
violence:0.2435
destiny:0.23925
dreamlike:0.23625
pornography:0.236
harsh:0.2355
new jersey:0.2325
friendship:0.2315
ridiculous:0.2295
nerds:0.2295
feel-good:0.229
redemption:0.22775
cult classic:0.2275
