horror:0.99075
scary:0.967
plot twist:0.96325
handycam:0.956
creepy:0.93025
suspense:0.8755
twist:0.875
twist ending:0.87175
story:0.82825
weird:0.82325
great ending:0.82275
suspenseful:0.81375
original:0.813
supernatural:0.7545
tense:0.7475
pg-13:0.7365
frightening:0.684
psychological:0.677
thriller:0.67525
plot holes:0.671
claustrophobic:0.6505
nocturnal:0.6485
intense:0.64375
dialogue:0.618
dark:0.611
predictable:0.6045
storytelling:0.6025
good:0.58675
clever:0.58675
surprise ending:0.568
torture:0.56475
survival:0.55475
runaway:0.554
family drama:0.55025
bad ending:0.53225
plot:0.524
demons:0.5235
chase:0.5185
eerie:0.51525
insanity:0.5125
cinematography:0.51025
ominous:0.498
atmospheric:0.497
murder:0.496
twists & turns:0.49475
mystery:0.48175
good acting:0.47675
police investigation:0.4725
serial killer:0.4575
catastrophe:0.44925
so bad it's funny:0.44825
cult film:0.446
mentor:0.441
fun movie:0.4375
internet:0.4355
pointless:0.4345
family:0.42225
great:0.415
allegory:0.4145
crazy:0.4135
interesting:0.41275
entertaining:0.40675
destiny:0.402
teens:0.3995
witches:0.39375
good soundtrack:0.3935
children:0.388
melancholic:0.386
redemption:0.38025
social commentary:0.37975
psychology:0.37675
ghosts:0.372
drinking:0.37125
low budget:0.363
nudity (topless - notable):0.359
unusual plot structure:0.35825
teen:0.358
disturbing:0.35775
excellent script:0.35725
great movie:0.353
violence:0.35075
childhood:0.3455
strange:0.3405
pornography:0.33825
revenge:0.33775
haunted house:0.33675
devil:0.3345
quirky:0.333
slow paced:0.33025
better than expected:0.3295
goofy:0.32925
kids:0.3235
very good:0.3235
brutality:0.32275
surreal:0.3225
fake documentary:0.32075
adaptation:0.3195
imdb top 250:0.317
stylized:0.317
criterion:0.31525
