violence:0.94175
gratuitous violence:0.8735
murder:0.83775
crime:0.81175
violent:0.79825
brutality:0.7965
detective:0.79625
corruption:0.78825
suspense:0.7655
serial killer:0.7635
justice:0.75575
action:0.7515
pornography:0.74775
reality tv:0.74
original:0.72775
police investigation:0.7265
mentor:0.69775
chase:0.69675
satirical:0.68575
vengeance:0.68275
vigilante:0.65775
thriller:0.65725
predictable:0.65025
murder mystery:0.63275
good:0.6195
plot:0.61775
lawyers:0.615
intense:0.61425
revenge:0.614
entertaining:0.5935
pg-13:0.58975
twists & turns:0.58725
investigation:0.57825
great ending:0.5765
greed:0.5705
good action:0.56325
very interesting:0.551
sexualized violence:0.5495
vigilantism:0.54825
obsession:0.54225
lawyer:0.529
interesting:0.52625
action packed:0.51875
suspenseful:0.5185
runaway:0.51375
nudity (topless - notable):0.5125
fast paced:0.511
brutal:0.5065
manipulation:0.497
catastrophe:0.49675
plot twist:0.49
pulp:0.48975
hit men:0.4875
dialogue:0.4775
clever:0.46875
stereotypes:0.45525
twist:0.452
bad ending:0.4455
satire:0.43125
torture:0.42925
heist:0.42825
bloody:0.42025
drama:0.419
storytelling:0.41725
bad acting:0.41525
insanity:0.4145
pointless:0.41325
police corruption:0.411
nudity (topless):0.407
hostage:0.40025
good soundtrack:0.3955
absurd:0.395
sexy:0.39275
nudity (full frontal - brief):0.39125
gangsters:0.3895
moral ambiguity:0.3855
thought-provoking:0.38075
silly fun:0.378
story:0.37625
destiny:0.3735
great:0.3685
not funny:0.3635
life philosophy:0.36125
disturbing:0.356
graphic novel:0.355
very good:0.3525
new york city:0.34875
happy ending:0.3465
social commentary:0.3425
writers:0.3415
bad:0.334
journalism:0.33375
betrayal:0.32675
buddy movie:0.32625
silly:0.324
unrealistic:0.3235
culture clash:0.323
car chase:0.31675
stylish:0.31525
twist ending:0.31425
