romantic comedy:0.99825
romantic:0.98075
good romantic comedies:0.98075
divorce:0.9705
romance:0.968
girlie movie:0.9615
chick flick:0.949
lawyers:0.935
love story:0.88625
happy ending:0.87
screwball comedy:0.83975
predictable:0.837
cute!:0.834
sweet:0.823
comedy:0.82
ireland:0.76275
new york city:0.746
pg-13:0.73025
cute:0.7255
marriage:0.71525
lawyer:0.66225
wedding:0.633
original:0.6255
courtroom:0.62525
irish:0.60575
stereotypes:0.601
great ending:0.59475
relationships:0.59175
dialogue:0.585
silly:0.57675
new york:0.56975
feel-good:0.56625
fun movie:0.5585
catastrophe:0.5545
fashion:0.5185
destiny:0.512
mentor:0.5105
plot:0.51025
sexy:0.5
good:0.49025
screwball:0.4885
light:0.466
feel good movie:0.44625
women:0.4405
irish accent:0.43175
great:0.4315
fun:0.43
natural disaster:0.42975
big budget:0.4125
unrealistic:0.405
sappy:0.39425
family:0.37
unfunny:0.3645
entertaining:0.3645
life philosophy:0.364
script:0.34125
beautiful scenery:0.33475
disaster:0.32975
shopping:0.327
bad plot:0.31625
fantasy world:0.315
love:0.31475
quirky:0.314
not funny:0.3055
better than expected:0.3015
switching places:0.299
lone hero:0.29875
police investigation:0.2985
entirely dialogue:0.29725
shallow:0.29525
justice:0.29375
storytelling:0.292
fight scenes:0.285
so bad it's funny:0.28225
secret service:0.282
story:0.28075
idiotic:0.278
farce:0.2765
culture clash:0.26925
multiple storylines:0.26875
witty:0.26625
007:0.26475
writers:0.264
san francisco:0.26375
first contact:0.26125
horrible:0.26025
vengeance:0.25925
loneliness:0.25875
overrated:0.258
infidelity:0.257
runaway:0.25475
crude humor:0.2545
betrayal:0.252
good soundtrack:0.25025
adaptation:0.24925
brutality:0.247
chase:0.24625
fantasy:0.2455
funny:0.243
cheating:0.24275
