stop motion:0.99875
splatter:0.965
horror:0.95975
demons:0.957
monster:0.93925
franchise:0.9385
original:0.7965
puppets:0.7285
monsters:0.7065
predictable:0.66525
violence:0.5985
good soundtrack:0.5755
teens:0.56425
secrets:0.532
nudity (topless):0.51
brutality:0.508
so bad it's funny:0.504
zombie:0.4925
mentor:0.48925
overrated:0.484
cult film:0.48325
pointless:0.477
special effects:0.44875
bad plot:0.4325
fantasy:0.42975
great ending:0.42475
fantasy world:0.4215
good sequel:0.42025
revenge:0.41975
blood:0.41225
stop-motion:0.4075
violent:0.40675
grindhouse:0.40125
first contact:0.40075
computer game:0.3975
storytelling:0.391
slasher:0.389
series:0.3885
scary:0.38625
based on a video game:0.3825
vampire human love:0.381
writers:0.3805
dialogue:0.3785
catastrophe:0.37225
death:0.3685
police investigation:0.35425
gore:0.354
weird:0.3525
hotel:0.348
not funny:0.348
transformation:0.346
stupid as hell:0.34575
mad scientist:0.3445
slapstick:0.3445
quirky:0.343
pornography:0.341
sci fi:0.33725
animation:0.33325
ghosts:0.33175
campy:0.3305
lone hero:0.3285
vengeance:0.32825
nudity (topless - notable):0.327
imdb top 250:0.32475
adaptation:0.32175
feel-good:0.3165
surreal:0.314
dreamlike:0.31275
justice:0.3125
entirely dialogue:0.312
absurd:0.30925
weapons:0.30525
reality tv:0.3045
feel good movie:0.30375
action:0.3035
god:0.2985
prequel:0.298
goth:0.29325
gory:0.29025
disaster:0.2885
redemption:0.288
camp:0.28725
classic car:0.2855
fun:0.2815
goretastic:0.2815
too long:0.28075
dysfunctional family:0.28075
supernatural:0.28
great:0.27925
pg-13:0.279
fight scenes:0.277
destiny:0.2735
story:0.273
80s:0.271
murder:0.27025
doctors:0.26925
good:0.26525
family:0.265
sexualized violence:0.26475
runaway:0.264
