original:0.7255
unlikely friendships:0.6475
life philosophy:0.6185
dreams:0.615
friendship:0.596
new york city:0.5355
destiny:0.51625
mentor:0.50275
loneliness:0.50225
justice:0.4925
childhood:0.48175
gay:0.4725
good soundtrack:0.44875
catastrophe:0.4415
great ending:0.43925
great:0.4195
existentialism:0.40625
multiple storylines:0.39475
predictable:0.369
nostalgic:0.36525
runaway:0.36475
new york:0.36275
first contact:0.35875
bad plot:0.34775
romance:0.3465
oscar (best directing):0.34475
shallow:0.34125
unusual plot structure:0.339
nudity (full frontal - notable):0.33825
story:0.33625
dialogue:0.33575
women:0.33125
violence:0.331
pg-13:0.326
pornography:0.323
storytelling:0.32
visually appealing:0.3115
weird:0.3095
brutality:0.30775
overrated:0.3065
culture clash:0.306
nudity (full frontal - brief):0.303
relationships:0.30275
fantasy world:0.297
betrayal:0.29525
los angeles:0.295
gangsters:0.2935
violent:0.2925
queer:0.29225
pointless:0.28925
homosexuality:0.28925
corruption:0.2865
love:0.28275
feel-good:0.2815
1970s:0.2805
good music:0.27375
gangs:0.2725
stereotypes:0.27175
twists & turns:0.27125
complex characters:0.2705
grindhouse:0.27025
paranoia:0.26925
adaptation:0.266
feel good movie:0.2645
lone hero:0.2645
interesting:0.2635
criterion:0.26275
complex:0.25875
unfunny:0.25875
author:neil gaiman:0.25625
surreal:0.2555
entirely dialogue:0.2525
plot:0.25025
greed:0.25025
dreamlike:0.249
very funny:0.2475
writers:0.24725
so bad it's funny:0.24625
dysfunctional family:0.2435
melancholic:0.243
imdb top 250:0.24
sci fi:0.23575
life & death:0.23525
great acting:0.2345
cult film:0.234
quirky:0.23325
excellent script:0.2325
california:0.232
indians:0.23
intellectual:0.229
not funny:0.22825
classic car:0.228
sentimental:0.225
good:0.22425
adapted from:book:0.22375
irish accent:0.223
goofy:0.22175
narrated:0.22025
vengeance:0.22025
parallel universe:0.2195
