period piece:0.982
robert downey jr:0.972
historical:0.96975
england:0.967
18th century:0.96025
irish accent:0.931
costume drama:0.92725
london:0.91925
history:0.85225
medieval:0.84375
original:0.73
revolution:0.72725
us history:0.7205
great:0.7165
beautiful scenery:0.70825
great movie:0.7035
british:0.69475
adaptation:0.6805
doctors:0.66875
light:0.66025
drama:0.66
story:0.6485
dramatic:0.647
love story:0.63175
literature:0.6315
redemption:0.622
visual:0.5865
insanity:0.58075
great ending:0.579
betrayal:0.578
scotland:0.577
talky:0.57475
cinematography:0.57175
happy ending:0.56925
good:0.566
destiny:0.5625
very interesting:0.538
visually appealing:0.52975
art:0.529
mentor:0.521
interesting:0.51525
biography:0.5135
chess:0.50925
romantic:0.5
storytelling:0.5
feel-good:0.49825
romance:0.49475
based on a book:0.488
excellent:0.48775
breathtaking:0.4875
biographical:0.4875
imagination:0.478
greed:0.47625
end of the world:0.4685
catastrophe:0.46825
passionate:0.46575
court:0.4655
good soundtrack:0.4635
visually stunning:0.45975
intense:0.45175
oscar (best actress):0.44575
idealism:0.44425
based on true story:0.443
1930s:0.43975
feel good movie:0.43775
unusual plot structure:0.436
oscar (best supporting actress):0.43575
oscar:0.434
transformation:0.4275
witty:0.427
dialogue:0.42425
humanity:0.42425
secrets:0.423
justice:0.42025
epic:0.42
clever:0.4155
brutality:0.4095
nudity (topless):0.4045
adapted from:book:0.4045
pg-13:0.404
corruption:0.40275
based on book:0.39325
scenic:0.38375
colourful:0.3835
factual:0.38275
based on a play:0.377
science:0.37575
irish:0.37575
oscar (best directing):0.374
great acting:0.37325
manipulation:0.3715
not funny:0.3715
runaway:0.37075
sacrifice:0.36675
nudity (topless - notable):0.366
farce:0.3635
whimsical:0.3635
suprisingly clever:0.3625
adventure:0.36075
shallow:0.3595
