france:0.9815
french:0.97125
comedy:0.9695
marriage:0.87825
original:0.872
family:0.85825
fun:0.8495
funny:0.848
heartwarming:0.84525
stereotypes:0.8235
bad acting:0.81725
happy ending:0.81425
romantic comedy:0.809
destiny:0.80575
feel-good:0.79125
humor:0.78375
drama:0.78275
very funny:0.781
big budget:0.779
good:0.7785
race issues:0.77425
humorous:0.77
pg-13:0.76875
intense:0.7685
silly fun:0.7515
suspense:0.73575
story:0.73375
clever:0.71925
romantic:0.7185
plot:0.714
dynamic cgi action:0.71075
feel good movie:0.699
entertaining:0.698
visually appealing:0.69625
paris:0.6835
storytelling:0.683
jews:0.66575
great ending:0.6545
predictable:0.65225
ensemble cast:0.64375
pornography:0.634
good soundtrack:0.63225
justice:0.6285
dialogue:0.6155
action:0.605
social commentary:0.6015
sexualized violence:0.59375
better than expected:0.5905
so bad it's funny:0.5765
sweet:0.57575
technology:0.57175
enormously long battle scene:0.56825
beautiful scenery:0.5595
original plot:0.55775
love story:0.556
fast paced:0.5525
fashion:0.55125
shallow:0.54975
idealism:0.54775
animals:0.5475
bollywood:0.54575
visually stunning:0.54525
hilarious:0.5445
survival:0.5415
runaway:0.53975
light:0.5375
bad cgi:0.53675
goretastic:0.5315
culture clash:0.526
absurd:0.52475
mentor:0.51075
sentimental:0.50675
catastrophe:0.50375
betrayal:0.49825
catholicism:0.496
divorce:0.4945
revenge:0.49325
plot holes:0.4905
interesting:0.488
idiotic:0.483
android(s)/cyborg(s):0.47625
touching:0.475
plot twist:0.475
crude humor:0.47275
creativity:0.47175
family bonds:0.4675
twists & turns:0.4605
political:0.459
sisters:0.457
inspirational:0.45475
complicated plot:0.45125
british:0.44675
based on a book:0.44575
christianity:0.4425
life philosophy:0.44225
oscar:0.441
parenthood:0.4405
thought-provoking:0.439
graphic design:0.43625
suprisingly clever:0.43525
