drama:0.9645
mentor:0.93475
redemption:0.926
sports:0.90925
boxing:0.9085
father daughter relationship:0.8875
fight scenes:0.87975
inspiring:0.866
rags to riches:0.85825
intense:0.857
fighting:0.847
emotional:0.837
dramatic:0.80225
single father:0.79575
original:0.79475
inspirational:0.7915
story:0.76325
great acting:0.7305
plot:0.72875
vengeance:0.723
storytelling:0.72075
great ending:0.718
transformation:0.70475
good:0.6865
action:0.68525
pg-13:0.68325
good soundtrack:0.67475
brutality:0.66275
family bonds:0.65675
tragedy:0.64775
technology:0.6435
revenge:0.64075
hip hop:0.64
parenthood:0.6385
drinking:0.637
good acting:0.6295
dialogue:0.62675
great:0.626
death:0.62375
underdog:0.61725
destiny:0.61575
predictable:0.597
visually appealing:0.593
depression:0.58225
life philosophy:0.56875
gritty:0.567
dark hero:0.566
life & death:0.563
feel-good:0.56225
corruption:0.5615
great movie:0.56075
touching:0.557
catastrophe:0.54175
justice:0.5325
visually stunning:0.52625
plot holes:0.5235
amazing cinematography:0.51925
survival:0.517
cinematography:0.5135
big budget:0.512
violence:0.5015
oscar:0.4965
feel good movie:0.49575
bloody:0.495
realistic:0.49125
first contact:0.48675
heartbreaking:0.485
family drama:0.48425
heartwarming:0.47975
suspense:0.47425
sci fi:0.4735
entertaining:0.47
light:0.4625
life:0.45925
family:0.45675
betrayal:0.4445
sentimental:0.4415
best of 2005:0.4415
special effects:0.4405
oscar (best actress):0.44025
violent:0.438
nudity (topless - notable):0.43475
plot twist:0.4335
visceral:0.43
depressing:0.42675
hospital:0.42625
harsh:0.41925
bittersweet:0.4165
fast paced:0.41375
oscar winner:0.41175
superheroes:0.41125
science fiction:0.4095
franchise:0.408
not funny:0.40775
brutal:0.4065
enormously long battle scene:0.40625
action packed:0.4025
excellent:0.39925
honest:0.398
childhood:0.39775
