spiders:0.9915
island:0.9115
stranded:0.90225
original:0.813
cheerleading:0.80125
bad plot:0.799
predictable:0.785
horror:0.77775
strippers:0.76525
nudity:0.7455
so bad it's funny:0.68
erotic:0.646
sci fi:0.6395
women:0.63925
sexy:0.6245
horrible:0.62175
nudity (topless):0.62125
sexualized violence:0.6
sci-fi:0.59875
teen movie:0.5855
dialogue:0.57975
pornography:0.57675
science fiction:0.5755
overrated:0.5715
pointless:0.566
nudity (topless - notable):0.5515
idiotic:0.54425
camp:0.542
werewolf:0.54175
disaster:0.53925
first contact:0.5335
fight scenes:0.5285
adaptation:0.528
bad acting:0.52675
stupid as hell:0.51975
lame:0.51625
monster:0.496
special effects:0.48875
pulp:0.47825
great ending:0.449
unintentionally funny:0.4485
nudity (full frontal - brief):0.448
boring:0.4355
scary:0.4275
chase:0.42375
scifi:0.42325
weapons:0.4115
too long:0.41125
mad scientist:0.4065
shallow:0.4055
entirely dialogue:0.40275
slasher:0.39875
goofy:0.397
ridiculous:0.396
fantasy:0.392
writers:0.39125
cult film:0.3905
teens:0.38975
mentor:0.387
dysfunctional family:0.3855
desert:0.38525
death:0.384
catastrophe:0.377
multiple storylines:0.37625
brutality:0.36875
franchise:0.36825
fantasy world:0.3655
lone hero:0.36525
surreal:0.355
quirky:0.3475
destiny:0.34675
grindhouse:0.346
romance:0.34525
nocturnal:0.3395
dreamlike:0.33625
not funny:0.33275
gangsters:0.33175
80s:0.3305
slapstick:0.3265
girlie movie:0.32625
stereotypes:0.325
allegory:0.3175
police investigation:0.314
storytelling:0.31125
silly:0.311
action:0.3105
genetics:0.29975
very funny:0.298
violence:0.297
dynamic cgi action:0.294
bad:0.28975
splatter:0.2875
weird:0.28725
runaway:0.28725
action packed:0.28575
fun movie:0.2855
demons:0.2825
light:0.28225
campy:0.28125
crude humor:0.28
