dancing:0.9685
musical:0.96775
music:0.9565
1980s:0.86425
dance:0.8265
80s:0.81875
good soundtrack:0.8065
fantasy:0.76925
original:0.73275
good music:0.6875
musicians:0.645
magic:0.6085
fun movie:0.60025
great music:0.597
predictable:0.58525
silly fun:0.58375
teen movie:0.583
so bad it's funny:0.58025
nostalgia:0.56575
camp:0.56525
nostalgic:0.55525
so bad it's good:0.55275
cheesy:0.54925
bad acting:0.545
cult classic:0.52525
campy:0.5205
fantasy world:0.517
bad plot:0.51625
guilty pleasure:0.503
feel-good:0.50175
dialogue:0.49875
girlie movie:0.4975
silly:0.48825
rock and roll:0.469
great ending:0.4655
cult film:0.46225
mentor:0.45675
destiny:0.45075
feel good movie:0.4445
visually appealing:0.4375
lame:0.4275
horrible:0.42525
culture clash:0.4195
hip hop:0.4185
family:0.413
redemption:0.41025
light:0.4065
special effects:0.403
fun:0.4015
great soundtrack:0.392
catastrophe:0.3775
mythology:0.3735
pointless:0.373
childhood:0.371
bad:0.37075
brutality:0.37
not funny:0.36875
dreams:0.368
entirely dialogue:0.35775
romantic:0.34625
surreal:0.34425
great:0.341
good:0.3335
first contact:0.3315
romance:0.327
overrated:0.32575
adaptation:0.32575
creativity:0.31575
disaster:0.31525
quirky:0.3095
melancholic:0.30475
storytelling:0.29025
sexy:0.29
awful:0.28525
life philosophy:0.28325
great acting:0.28225
teen:0.27925
inspirational:0.27875
lone hero:0.278
art:0.27425
story:0.2685
fight scenes:0.263
love story:0.2615
based on a play:0.26125
music business:0.25625
happy ending:0.255
whimsical:0.255
splatter:0.2545
good dialogue:0.252
gangsters:0.24925
sci fi:0.2485
fashion:0.24625
weird:0.2455
idiotic:0.24525
teens:0.24075
chase:0.24
bad cgi:0.23525
pg-13:0.23175
natural disaster:0.23075
underrated:0.22725
