cancer:0.997
life & death:0.98175
doctors:0.973
dramatic:0.97125
mentor:0.95925
hospital:0.95625
compassionate:0.95075
terminal illness:0.94325
loneliness:0.9295
touching:0.92775
heartbreaking:0.919
death:0.908
depressing:0.884
poignant:0.883
great acting:0.87975
downbeat:0.84675
original:0.839
storytelling:0.83475
emotional:0.8345
tragedy:0.834
intellectual:0.824
literature:0.82225
talky:0.8115
reflective:0.805
depression:0.80225
social commentary:0.80075
witty:0.79475
melancholic:0.7895
drama:0.789
based on a play:0.78625
great ending:0.78425
sentimental:0.774
oscar (best actress):0.77075
imdb top 250:0.77
thought-provoking:0.77
intimate:0.76075
oscar (best directing):0.738
cerebral:0.72675
redemption:0.72425
realistic:0.7205
runaway:0.7195
childhood:0.717
character study:0.711
life philosophy:0.7085
allegory:0.70575
grim:0.7
life:0.696
existentialism:0.694
sad:0.688
excellent script:0.6835
humanity:0.68025
breathtaking:0.661
bittersweet:0.66075
eccentricity:0.65025
excellent:0.64875
narrated:0.647
oscar (best foreign language film):0.64
story:0.6385
meditative:0.63725
good acting:0.62525
courage:0.62475
complex:0.62375
interesting:0.623
great:0.61825
powerful ending:0.61725
poetry:0.61525
good soundtrack:0.61475
oscar:0.60575
movielens top pick:0.60275
great movie:0.60175
oscar (best supporting actress):0.599
intelligent:0.5965
destiny:0.59625
melancholy:0.59075
light:0.586
drinking:0.5815
feel-good:0.581
bleak:0.581
solitude:0.579
culture clash:0.57675
humor:0.5675
criterion:0.5645
honest:0.5615
intense:0.55975
adaptation:0.55875
philosophy:0.554
dialogue:0.55375
beautifully filmed:0.5535
friendship:0.553
crime gone awry:0.542
affectionate:0.53775
good:0.53725
golden palm:0.53525
greed:0.53375
unlikely friendships:0.5315
clever:0.524
dark:0.52225
heartwarming:0.518
creativity:0.51375
idealism:0.51325
