demons:0.9585
80s:0.89625
splatter:0.824
so bad it's funny:0.76725
monster:0.761
original:0.7565
homeless:0.7505
goofy:0.72675
predictable:0.6995
horror:0.6955
family:0.688
romance:0.68725
campy:0.6815
special effects:0.6685
vampire human love:0.6355
monsters:0.62075
fun movie:0.62025
cult film:0.594
silly:0.5905
comedy:0.5825
goretastic:0.56375
fantasy world:0.56275
scary:0.56
cheesy:0.55175
unusual plot structure:0.544
mentor:0.536
zombie:0.5255
mad scientist:0.5185
bad plot:0.5185
revenge:0.506
funny:0.50225
grindhouse:0.493
very funny:0.47275
great ending:0.4665
bad acting:0.46425
entertaining:0.44175
death:0.4415
transformation:0.43825
dialogue:0.431
overrated:0.4265
nudity (topless - notable):0.426
1980s:0.42375
brutality:0.42325
fun:0.419
fight scenes:0.41775
camp:0.41625
story:0.398
quirky:0.3925
catastrophe:0.39225
fantasy:0.3875
suspense:0.3835
weapons:0.38175
new york city:0.38075
destiny:0.378
women:0.3735
alternate reality:0.3725
silly fun:0.36725
complex:0.367
humorous:0.363
good action:0.36175
shallow:0.3535
werewolves:0.3425
first contact:0.3395
sci fi:0.337
awesome soundtrack:0.3365
dysfunctional family:0.3355
redemption:0.3325
based on a book:0.33075
supernatural:0.32925
writers:0.329
cult classic:0.32825
light:0.31725
technology:0.317
harsh:0.3135
disaster:0.3135
big budget:0.31325
dog:0.3115
storytelling:0.31075
happy ending:0.31
low budget:0.30425
adaptation:0.30325
entirely dialogue:0.3025
nocturnal:0.302
vengeance:0.30075
good soundtrack:0.29925
franchise:0.2985
sexualized violence:0.29625
cinematography:0.2945
life philosophy:0.2945
goth:0.2925
violence:0.2925
melancholic:0.29
weird:0.288
lone hero:0.288
not funny:0.2845
dreams:0.28375
ethnic conflict:0.27975
feel-good:0.279
alter ego:0.27875
computer animation:0.27875
