robots:0.99475
robot:0.9905
future:0.979
sci-fi:0.97825
scifi:0.9705
science fiction:0.97025
artificial intelligence:0.9595
futuristic:0.95375
cyberpunk:0.949
androids:0.93075
sci fi:0.92825
technology:0.912
giant robots:0.90875
dystopia:0.871
original:0.8295
plot holes:0.79625
existentialism:0.783
product placement:0.78125
south africa:0.7645
plot:0.75675
visually stunning:0.75075
free to download:0.7365
humanity:0.7285
gangsters:0.728
action:0.7245
entertaining:0.72375
weapons:0.72
allegory:0.71875
visually appealing:0.704
special effects:0.6895
great ending:0.6865
big budget:0.6845
story:0.6755
bad ending:0.67525
violence:0.66675
post-apocalyptic:0.654
first contact:0.65275
ninja:0.65275
cerebral:0.6505
visual:0.64725
dialogue:0.645
life philosophy:0.644
gangster:0.6435
catastrophe:0.6325
android(s)/cyborg(s):0.6235
storytelling:0.61725
bad acting:0.60875
touching:0.6055
good soundtrack:0.60175
philosophical:0.5995
complex:0.59225
plot twist:0.5755
life & death:0.56725
post apocalyptic:0.564
pg-13:0.55875
alien:0.55625
alternate reality:0.5545
thought-provoking:0.54375
violent:0.54275
dystopic future:0.5335
apocalypse:0.52025
good:0.5195
runaway:0.51475
cool:0.51225
survival:0.51025
so bad it's funny:0.50775
weird:0.50375
mentor:0.5015
good acting:0.501
end of the world:0.5005
creativity:0.4995
social commentary:0.49325
absurd:0.479
bad plot:0.47875
dynamic cgi action:0.47825
internet:0.47175
greed:0.4705
underrated:0.469
redemption:0.456
emotional:0.452
immortality:0.44975
shallow:0.44875
aliens:0.4475
sacrifice:0.4455
destiny:0.4405
heist:0.44025
philosophy:0.44
fight scenes:0.4395
transformation:0.4385
suspense:0.43775
clever:0.43725
cyborgs:0.43675
interesting:0.4365
great:0.4355
better than expected:0.43525
intense:0.4345
virtual reality:0.42975
utopia:0.4255
brutality:0.423
distopia:0.42125
