addiction:0.93225
drugs:0.877
loneliness:0.839
working class:0.817
bleak:0.78725
drinking:0.7585
gritty:0.73475
original:0.6845
relationships:0.6715
depression:0.66275
friendship:0.6215
drug addiction:0.6105
drama:0.60425
realistic:0.59975
alcoholism:0.59
redemption:0.58925
social commentary:0.58475
good soundtrack:0.5755
life philosophy:0.57125
dialogue:0.55075
honest:0.5355
melancholic:0.5305
unlikely friendships:0.52825
crime gone awry:0.527
brutality:0.526
poverty:0.524
scotland:0.5115
great ending:0.4865
harsh:0.47475
mentor:0.474
life & death:0.466
criterion:0.46475
intense:0.4585
independent film:0.458
life:0.456
indie:0.43575
good:0.43525
feel-good:0.433
depressing:0.4315
reflective:0.425
golden palm:0.42475
intimate:0.42275
dramatic:0.4215
catastrophe:0.41275
solitude:0.40975
existentialism:0.4075
entirely dialogue:0.39775
downbeat:0.39075
touching:0.39075
gangsters:0.387
unusual plot structure:0.38425
great:0.379
culture clash:0.36875
hospital:0.368
transformation:0.366
soccer:0.361
british:0.357
storytelling:0.34925
heartbreaking:0.34825
interesting:0.347
character study:0.3385
feel good movie:0.3375
cerebral:0.3315
complex:0.3315
talky:0.32625
great acting:0.325
excellent:0.324
grim:0.32375
not funny:0.32225
excellent script:0.322
violence:0.3215
dysfunctional family:0.3215
grindhouse:0.32075
nocturnal:0.31625
very funny:0.31625
fantasy world:0.31475
suprisingly clever:0.31475
multiple storylines:0.3145
oscar (best supporting actress):0.3075
classic car:0.307
philosophy:0.30625
adaptation:0.303
movielens top pick:0.3005
awesome soundtrack:0.29925
melancholy:0.297
fighting the system:0.29575
dark humor:0.29325
witty:0.293
poignant:0.29175
story:0.29025
mental illness:0.28875
runaway:0.28825
quirky:0.28375
stylized:0.28125
enigmatic:0.28
drug abuse:0.274
oscar (best directing):0.27375
low budget:0.27225
corruption:0.27
police investigation:0.267
