bank robbery:0.82675
original:0.72125
life philosophy:0.71425
mentor:0.6775
corruption:0.63325
action:0.625
drama:0.6245
biographical:0.62225
fight scenes:0.60725
robbery:0.583
good action:0.571
life:0.532
satire:0.532
grindhouse:0.52175
fun movie:0.517
good soundtrack:0.511
brutality:0.4935
talky:0.49325
violence:0.483
drugs:0.48225
drug addiction:0.47
vengeance:0.46725
great ending:0.46175
biography:0.461
gangsters:0.45975
hitman:0.45825
dialogue:0.4575
great acting:0.454
goofy:0.44475
loneliness:0.4445
gunfight:0.44425
life & death:0.439
unusual plot structure:0.4375
redemption:0.4315
criterion:0.42475
pornography:0.42475
melancholic:0.42125
social commentary:0.414
storytelling:0.4135
drinking:0.4125
runaway:0.40025
catastrophe:0.3965
heist:0.39375
depression:0.38725
fantasy world:0.37875
death:0.37675
clever:0.374
greed:0.3695
hostage:0.36675
childhood:0.3665
light:0.35775
great:0.3575
movielens top pick:0.35575
classic car:0.35525
culture clash:0.35525
los angeles:0.35375
satirical:0.3455
honest:0.3445
dramatic:0.342
lone hero:0.34075
sarcasm:0.33825
nudity (topless - notable):0.33275
weapons:0.3305
violent:0.32975
justice:0.328
transformation:0.32475
cult classic:0.32125
absurd:0.318
fast paced:0.31675
stylized:0.31175
reflective:0.31125
good:0.306
entirely dialogue:0.305
bad plot:0.30325
police corruption:0.303
based on a play:0.29925
fun:0.29825
affectionate:0.2965
mockumentary:0.29625
surreal:0.2905
highly quotable:0.286
gritty:0.28575
cerebral:0.28275
censorship:0.28225
police investigation:0.27825
visually appealing:0.27375
martial arts:0.27325
cool:0.27025
oscar:0.26925
gratuitous violence:0.267
obsession:0.2665
existentialism:0.2665
splatter:0.266
passionate:0.26275
action packed:0.2615
adaptation:0.2615
underrated:0.259
dark comedy:0.25625
suprisingly clever:0.25575
hospital:0.2555
