visually appealing:0.945
alternate reality:0.93525
vigilante:0.918
storytelling:0.88625
dark fantasy:0.8855
original:0.87425
weird:0.85
dystopia:0.8225
futuristic:0.81225
cult film:0.7795
existentialism:0.7785
off-beat comedy:0.776
mindfuck:0.759
surreal:0.7565
imaginary friend:0.7525
cerebral:0.75225
life & death:0.752
art:0.7435
suicide:0.73325
sci fi:0.7325
fantasy world:0.72675
scifi:0.7125
suicide attempt:0.709
creativity:0.69325
clones:0.6915
loneliness:0.68975
twists & turns:0.68525
complex:0.67575
dark:0.67025
enigmatic:0.67
life philosophy:0.65325
depression:0.6525
thought-provoking:0.64725
visually stunning:0.6435
cinematography:0.638
bleak:0.63375
fantasy:0.63075
plot:0.6305
clever:0.62575
insanity:0.6095
parallel universe:0.609
bad ending:0.601
great ending:0.598
confusing:0.57775
multiple storylines:0.5765
artsy:0.57425
london:0.56825
british:0.561
pointless:0.56
original plot:0.5545
good soundtrack:0.55225
dialogue:0.54775
talky:0.5385
intellectual:0.5375
psychological:0.53525
plot twist:0.5295
science fiction:0.52125
melancholic:0.51325
social commentary:0.50925
so bad it's funny:0.507
stylized:0.50675
sci-fi:0.50675
art house:0.49975
mental illness:0.4995
twist:0.49725
unusual plot structure:0.49175
indie:0.49175
complicated plot:0.49075
death:0.4875
writers:0.48575
philosophical:0.48575
intelligent:0.48325
cynical:0.47775
obsession:0.47775
story:0.47775
strange:0.46825
absurd:0.46075
entirely dialogue:0.46025
pretentious:0.45375
vigilantism:0.44975
happy ending:0.4495
psychology:0.4385
sexual abuse:0.43525
dark humor:0.42825
very interesting:0.4235
narrated:0.42325
disturbing:0.42275
brutality:0.414
justice:0.4135
murder mystery:0.41075
religion:0.40675
allegory:0.40625
solitude:0.40475
drama:0.3995
downbeat:0.39875
criterion:0.3965
redemption:0.386
slow:0.38
boring!:0.37875
catastrophe:0.377
