mad scientist:0.99675
so bad it's funny:0.9195
monster:0.90375
monsters:0.86975
cult classic:0.83275
original:0.722
camp:0.69675
horror:0.66175
low budget:0.654
zombie:0.627
cult film:0.6225
dialogue:0.593
campy:0.55025
police investigation:0.5285
bad acting:0.5235
life & death:0.52275
gothic:0.46875
sci fi:0.4685
predictable:0.46175
ridiculous:0.4565
bad:0.4485
paranoid:0.44475
bad plot:0.437
fight scenes:0.429
mentor:0.42325
great ending:0.41375
silly:0.39925
allegory:0.37625
quirky:0.36575
entirely dialogue:0.36375
splatter:0.36375
not funny:0.36225
grindhouse:0.35775
catastrophe:0.35275
transformation:0.35175
story:0.34325
so bad it's good:0.343
redemption:0.34025
biopic:0.33075
fun movie:0.32375
criterion:0.323
scifi:0.32275
science fiction:0.322
first contact:0.32175
lone hero:0.32025
weird:0.31925
death:0.31625
exceptional acting:0.31475
goofy:0.31425
entertaining:0.31225
scary:0.31
overrated:0.30875
talky:0.3075
sci-fi:0.30725
unintentionally funny:0.307
melancholic:0.303
insanity:0.30025
ironic:0.29325
brutality:0.29225
storytelling:0.292
adaptation:0.2905
vengeance:0.28725
awful:0.2855
runaway:0.28375
surreal:0.2825
fun:0.2805
imdb top 250:0.279
cult:0.27825
mars:0.2745
good dialogue:0.2745
special effects:0.26975
good soundtrack:0.269
silly fun:0.25775
fantasy world:0.2535
stylized:0.25075
kidnapping:0.2505
boring:0.25
pulp:0.247
slapstick:0.24225
twists & turns:0.242
adapted from:book:0.23775
sexualized violence:0.235
atmospheric:0.23425
family:0.23075
very funny:0.23075
sexy:0.2295
visually appealing:0.228
enigmatic:0.22775
racing:0.2275
road movie:0.22525
absurd:0.2235
life philosophy:0.22275
spiders:0.221
suspense:0.2155
nocturnal:0.215
existentialism:0.2125
doctors:0.21075
horrible:0.20125
stereotypes:0.20075
detective:0.1985
