oscar (best supporting actor):0.95025
corruption:0.9205
reality tv:0.8835
moral ambiguity:0.84275
television:0.836
based on a true story:0.833
greed:0.828
true story:0.8215
excellent script:0.81375
based on true story:0.811
original:0.78925
manipulation:0.783
cheating:0.75925
great ending:0.74575
great movie:0.742
great acting:0.73725
interesting:0.71025
investigation:0.71
crime:0.69575
very interesting:0.69475
drama:0.68875
period piece:0.67625
obsession:0.66825
dramatic:0.6675
great:0.66075
intelligent:0.65025
con artists:0.64925
1950s:0.63325
intellectual:0.627
corporate america:0.60425
business:0.587
crime gone awry:0.57475
dialogue:0.57
talky:0.5645
morality:0.56275
excellent:0.55825
lawyer:0.5575
pornography:0.55375
cerebral:0.54925
clever:0.54925
twists & turns:0.53175
intense:0.529
oscar (best actress):0.52875
oscar (best picture):0.519
exceptional acting:0.51025
police investigation:0.50475
intimate:0.50025
justice:0.4955
radio:0.495
complex:0.493
anti-hero:0.4925
secrets:0.491
suspense:0.49075
character study:0.48725
witty:0.48475
good soundtrack:0.48275
con men:0.473
imdb top 250:0.47275
oscar (best supporting actress):0.47025
lawyers:0.46175
mentor:0.45975
murder mystery:0.45875
catastrophe:0.4575
storytelling:0.4515
very good:0.45125
adaptation:0.447
affectionate:0.442
thought-provoking:0.44075
brutality:0.44
runaway:0.43475
censorship:0.43475
good:0.43375
complicated:0.43075
based on book:0.43
social commentary:0.4285
gangsters:0.4215
conspiracy:0.4215
idealism:0.4185
anti-semitism:0.413
life & death:0.41075
murder:0.4055
criterion:0.40275
boston:0.40275
oscar (best directing):0.39725
capitalism:0.392
honest:0.389
police corruption:0.38825
nudity (full frontal - brief):0.3865
melancholic:0.384
dark humor:0.38375
entertaining:0.38375
reflective:0.38225
ensemble cast:0.377
nostalgic:0.37575
jews:0.372
politics:0.36875
enigmatic:0.36825
downbeat:0.36575
guilt:0.365
oscar (best writing - screenplay written directly for the screen):0.36175
