camp:0.99375
nostalgic:0.9655
feel-good:0.908
mentor:0.86825
ensemble cast:0.844
unlikely friendships:0.84
feel good movie:0.83125
friendship:0.76575
original:0.714
good soundtrack:0.6725
fun movie:0.6395
destiny:0.63875
nostalgia:0.63375
good:0.5935
kids:0.58125
dialogue:0.571
catastrophe:0.56725
life philosophy:0.564
stereotypes:0.5575
childhood:0.552
girlie movie:0.54625
pg-13:0.53625
great:0.5245
teen:0.4945
teen movie:0.49375
predictable:0.49
great ending:0.48375
fun:0.47
family:0.45725
survival:0.45675
fantasy:0.43775
storytelling:0.43275
redemption:0.43275
relationships:0.43025
happy ending:0.4085
drinking:0.40675
toys:0.4055
honest:0.40075
absurd:0.40025
high school:0.38975
sentimental:0.384
culture clash:0.384
unusual plot structure:0.3825
nudity (topless - notable):0.382
fantasy world:0.38125
writers:0.381
melancholic:0.3785
underdog:0.37525
transformation:0.368
children:0.3665
story:0.366
memory:0.3625
first contact:0.35475
great movie:0.3535
romantic:0.3525
brutality:0.3525
very funny:0.3525
beautiful scenery:0.351
romantic comedy:0.34175
betrayal:0.33825
social commentary:0.33475
nudity (rear):0.32975
natural disaster:0.3295
funny:0.3285
comedy:0.328
island:0.325
slapstick:0.32475
lone hero:0.324
good acting:0.3225
so bad it's funny:0.3215
heartwarming:0.32
touching:0.31775
male nudity:0.31725
campy:0.316
awesome soundtrack:0.3145
runaway:0.31225
entirely dialogue:0.31125
bad plot:0.31025
cinematography:0.3095
clever:0.3095
pornography:0.306
compassionate:0.30475
underrated:0.30475
wilderness:0.3045
humorous:0.29975
nocturnal:0.2955
crude humor:0.29425
indians:0.29325
alternate history:0.28975
very good:0.28725
80s:0.2855
bullying:0.28525
goofy:0.284
adaptation:0.28325
not funny:0.283
quotable:0.27875
inspirational:0.2765
parallel universe:0.275
crime gone awry:0.27475
sacrifice:0.27325
