future:0.99725
scifi:0.98325
sci-fi:0.9815
time travel:0.98
science fiction:0.96125
sci fi:0.95575
twist ending:0.95075
twists & turns:0.9455
plot twist:0.93375
plot holes:0.89575
complex:0.88725
mindfuck:0.8835
original:0.8795
twist:0.8625
great ending:0.8605
low budget:0.85625
cerebral:0.848
complicated:0.84025
suspense:0.8315
claustrophobic:0.82825
greed:0.81025
futuristic:0.785
alternate reality:0.773
psychological:0.74275
complicated plot:0.74
clever:0.72925
technology:0.72175
paranoia:0.72
stupidity:0.716
bad ending:0.70275
good acting:0.702
dialogue:0.6885
social commentary:0.66925
creativity:0.667
science:0.6605
independent film:0.65975
story:0.65275
tricky:0.64775
suspenseful:0.6385
secrets:0.638
tense:0.63675
catastrophe:0.6365
plot:0.63325
thriller:0.62175
weird:0.614
visually appealing:0.613
thought-provoking:0.609
intelligent:0.606
parallel universe:0.605
cinematography:0.5985
excellent script:0.59825
absurd:0.596
life philosophy:0.58275
existentialism:0.58125
visually stunning:0.5745
storytelling:0.57275
alternate endings:0.5665
very interesting:0.5655
confusing:0.56275
interesting:0.55925
good:0.5555
bad acting:0.5545
great acting:0.55325
directorial debut:0.5375
mentor:0.5295
philosophical:0.51975
time loop:0.51425
non-linear:0.50975
distopia:0.50675
so bad it's funny:0.50175
stupid:0.5
metaphysics:0.49975
conspiracy:0.495
intense:0.493
suprisingly clever:0.492
first contact:0.486
betrayal:0.48225
internet:0.48125
original plot:0.476
dystopic future:0.474
predictable:0.469
good soundtrack:0.468
allegory:0.45825
brutality:0.45775
entirely dialogue:0.45575
good dialogue:0.44775
writers:0.44725
underrated:0.44525
dystopia:0.44175
unusual plot structure:0.4405
android(s)/cyborg(s):0.436
nudity (full frontal - brief):0.4315
visual:0.4315
crime gone awry:0.431
corruption:0.42475
artsy:0.42175
very good:0.42
natural disaster:0.41825
intellectual:0.417
mystery:0.41075
