based on a tv show:0.9985
cartoon:0.9955
kids and family:0.8895
original:0.8345
silly:0.81575
product placement:0.813
kids:0.798
disney:0.7765
predictable:0.758
fun movie:0.70975
special effects:0.70875
goofy:0.69925
children:0.662
lame:0.6565
fun:0.6495
family:0.6445
action:0.64375
mad scientist:0.62375
horrible:0.62075
slapstick:0.61975
based on a comic:0.616
silly fun:0.61225
franchise:0.5945
big budget:0.575
bad plot:0.56825
catastrophe:0.5165
pointless:0.501
overrated:0.5005
adaptation:0.50025
dialogue:0.4955
redemption:0.49025
fight scenes:0.48075
bad:0.474
cute!:0.47125
mentor:0.46975
adapted from:comic:0.4585
great ending:0.45775
justice:0.4495
talking animals:0.44925
bad acting:0.44725
gay character:0.44275
disaster:0.43575
first contact:0.43225
animals:0.423
destiny:0.4195
so bad it's funny:0.3995
series:0.398
bad cgi:0.397
cute:0.395
idiotic:0.39275
cool:0.3905
good:0.38725
superheroes:0.38225
stupid:0.3805
jungle:0.37975
shallow:0.37525
runaway:0.3705
stereotypes:0.36775
technology:0.3665
nostalgic:0.3635
childhood:0.363
nudity (full frontal - brief):0.35825
chase:0.35075
humorous:0.3465
life philosophy:0.34575
computer animation:0.3445
watch the credits:0.339
good versus evil:0.3355
clever:0.332
brutality:0.33125
storytelling:0.33
multiple storylines:0.32925
superhero:0.32225
adventure:0.32025
entirely dialogue:0.32
remake:0.31925
crude humor:0.31275
story:0.31275
quirky:0.31125
dinosaurs:0.30975
comedy:0.30825
romantic:0.305
very funny:0.302
gangsters:0.30125
crappy sequel:0.298
super hero:0.29375
sci fi:0.29175
violence:0.29
pornography:0.28825
good soundtrack:0.288
natural disaster:0.2865
teen movie:0.28575
melancholic:0.2845
twists & turns:0.284
cult film:0.28225
fantasy:0.2815
plot holes:0.28075
sexy:0.27725
fantasy world:0.277
animation:0.2765
