serial killer:0.9835
twist ending:0.97275
insanity:0.951
single father:0.94675
original:0.93425
god:0.92625
plot twist:0.92025
great ending:0.91825
storytelling:0.909
demons:0.90525
surprise ending:0.90525
twists & turns:0.90475
suspense:0.90225
narrated:0.898
police investigation:0.89725
psychological:0.89625
thriller:0.8795
twist:0.87925
suspenseful:0.877
psychology:0.87625
murder:0.87625
directorial debut:0.87575
tense:0.842
powerful ending:0.83575
great acting:0.83575
disturbing:0.83275
religion:0.82175
intense:0.808
story:0.808
creepy:0.8055
good acting:0.79975
excellent script:0.795
interesting:0.77875
good:0.77625
dark:0.77475
thought-provoking:0.76575
plot:0.75175
vengeance:0.75175
weird:0.74825
brothers:0.747
mission from god:0.74125
violence:0.73375
supernatural:0.7225
cerebral:0.71925
clever:0.71725
horror:0.71425
secrets:0.7065
mentor:0.706
pg-13:0.70075
corruption:0.69775
brainwashing:0.6825
complex:0.6805
atmospheric:0.6765
mindfuck:0.66425
identity:0.6565
visually stunning:0.65575
surreal:0.64125
great movie:0.64075
good soundtrack:0.6355
violent:0.62525
gory:0.6175
moral ambiguity:0.61675
bad ending:0.61525
visceral:0.61475
brutality:0.60975
first contact:0.60925
visual:0.606
mental illness:0.60575
chase:0.60525
cinematography:0.6015
great:0.599
original plot:0.5925
greed:0.59125
very good:0.58825
surveillance:0.5835
torture:0.581
complicated plot:0.56775
paranoid:0.56425
redemption:0.56275
ominous:0.5615
islam:0.5575
eerie:0.55675
drama:0.55575
justice:0.55175
plot holes:0.55075
exceptional acting:0.54825
guilt:0.5455
revenge:0.54125
dialogue:0.539
excellent:0.5385
social commentary:0.535
blood:0.53425
imagination:0.53275
visually appealing:0.5315
paranoia:0.531
childhood:0.52825
complicated:0.52675
splatter:0.52425
crime:0.52275
fast paced:0.52275
