western:0.995
gunfight:0.97875
vengeance:0.93625
justice:0.93325
moral ambiguity:0.93275
spaghetti western:0.93175
vigilantism:0.9285
revenge:0.9285
vigilante:0.9055
violence:0.85125
murder:0.81425
dialogue:0.8055
violent:0.79775
great movie:0.79725
interesting:0.77675
great ending:0.76525
suspense:0.75775
brutality:0.7565
original:0.7545
death penalty:0.75
tense:0.74375
stylized:0.74375
script:0.74025
harsh:0.731
drama:0.725
good:0.72375
story:0.72375
good soundtrack:0.69425
mob:0.6925
enigmatic:0.688
ennio morricone:0.688
cynical:0.67275
visceral:0.67075
chase:0.6685
oscar (best directing):0.6635
very interesting:0.661
intense:0.65625
dramatic:0.6545
complex:0.65225
anti-hero:0.64925
highly quotable:0.649
crime:0.64575
redemption:0.6405
sexualized violence:0.6385
corruption:0.629
morality:0.6245
runaway:0.62025
mentor:0.6175
california:0.61475
great acting:0.614
complex characters:0.61175
imdb top 250:0.6035
storytelling:0.598
great soundtrack:0.58675
very good:0.58425
great:0.58375
guilt:0.58225
original plot:0.581
excellent script:0.5765
civil war:0.573
torture:0.568
scenic:0.5655
gangs:0.5575
underrated:0.556
forceful:0.55575
psychological:0.55075
clever:0.55
brutal:0.54925
police investigation:0.54775
culture clash:0.54525
atmospheric:0.54325
action:0.53225
drinking:0.5205
trilogy:0.51575
suspenseful:0.51525
greed:0.5115
pornography:0.51075
plot:0.50675
talky:0.50475
cinematography:0.50475
social commentary:0.5005
classic:0.49725
narrated:0.495
powerful ending:0.495
gritty:0.49375
bleak:0.4925
stylish:0.4875
hitman:0.48675
excellent:0.486
death:0.482
guns:0.47975
indians:0.4755
twists & turns:0.4745
sexuality:0.4715
suprisingly clever:0.46975
nocturnal:0.46475
realistic:0.46425
survival:0.45575
quotable:0.45375
betrayal:0.44775
