reflective:0.9465
hallucinatory:0.89525
loneliness:0.8725
intimate:0.82625
brutality:0.82225
violence:0.81925
gangsters:0.791
criterion:0.78225
prostitution:0.78225
stylized:0.7785
surreal:0.76975
disturbing:0.749
visceral:0.74525
melancholic:0.73475
gangs:0.718
cinematography:0.715
poverty:0.7085
runaway:0.70275
harsh:0.67625
golden palm:0.67625
sisters:0.66475
violent:0.65425
bleak:0.63525
gangster:0.63475
drugs:0.61
original:0.606
visual:0.5885
enigmatic:0.585
storytelling:0.55625
social commentary:0.5525
silent:0.55225
male nudity:0.54975
virginity:0.54525
lyrical:0.52975
dysfunctional family:0.524
environment:0.52025
childhood:0.5145
nocturnal:0.50725
crime:0.506
psychological:0.49075
stunning:0.48425
gritty:0.474
nudity (full frontal - notable):0.47225
complex:0.467
redemption:0.46675
visually stunning:0.4665
atmospheric:0.465
surrealism:0.4585
pornography:0.453
culture clash:0.449
downbeat:0.4395
weird:0.43375
suprisingly clever:0.43375
vengeance:0.4315
allegory:0.428
mafia:0.4265
foreign:0.4245
melancholy:0.424
photography:0.42
colourful:0.41975
good soundtrack:0.41575
talky:0.41425
complex characters:0.41375
catastrophe:0.40625
mentor:0.3935
dialogue:0.385
dreamlike:0.3815
dreams:0.37875
meditative:0.37
obsession:0.36875
great ending:0.36475
poetry:0.3625
solitude:0.3605
relationships:0.3595
entirely dialogue:0.35575
gratuitous violence:0.35425
parenthood:0.3535
sexualized violence:0.3535
oscar (best foreign language film):0.34925
independent film:0.34625
corruption:0.34475
life & death:0.33075
coming of age:0.3295
grim:0.3295
sexual:0.328
life philosophy:0.32525
brutal:0.32225
existentialism:0.32175
masterpiece:0.3215
character study:0.32125
guilt:0.3205
visually appealing:0.31625
not funny:0.31525
writers:0.3145
hospital:0.31075
drinking:0.3105
affectionate:0.306
bloody:0.3055
exceptional acting:0.3005
sexual abuse:0.29875
