lynch:0.997
weird:0.991
surreal:0.99025
enigmatic:0.95575
strange:0.94175
surrealism:0.9295
dreamlike:0.903
series:0.89125
disturbing:0.841
dark:0.8175
mystery:0.7985
sexualized violence:0.79575
psychological:0.784
insanity:0.78275
pornography:0.77825
nudity (topless - notable):0.7705
prequel:0.7635
bizarre:0.763
confusing:0.7455
original:0.7345
brutality:0.72175
murder:0.69775
obsession:0.6965
cult film:0.69575
television:0.67925
visceral:0.673
art house:0.67225
drug abuse:0.67075
secrets:0.64925
creepy:0.648
drugs:0.64475
very interesting:0.64125
murder mystery:0.632
cerebral:0.6245
dreams:0.62375
great ending:0.6235
censorship:0.60325
death:0.59375
quirky:0.59075
life & death:0.58925
underrated:0.58875
atmospheric:0.5855
interesting:0.58125
violent:0.5765
nudity (full frontal - notable):0.5695
loneliness:0.56825
stylish:0.56375
hallucinatory:0.56325
melancholic:0.55025
vengeance:0.538
psychedelic:0.53525
non-linear:0.53425
incest:0.52125
psychology:0.51175
investigation:0.50725
drug addiction:0.5065
stylized:0.50325
social commentary:0.50175
twists & turns:0.49975
sexual:0.499
complex:0.496
pointless:0.495
criterion:0.49325
good soundtrack:0.4795
cult classic:0.479
demons:0.46375
dialogue:0.46375
crime gone awry:0.46325
scary:0.46225
violence:0.45825
storytelling:0.45525
macabre:0.4535
absurd:0.45125
mental illness:0.45125
erotic:0.4505
visually stunning:0.44975
artistic:0.44975
ominous:0.44825
immortality:0.44475
sexual abuse:0.43775
talky:0.4345
suburbia:0.43075
cult:0.424
eerie:0.42075
nonlinear:0.41825
catastrophe:0.41525
visual:0.4125
nudity (topless):0.41025
nocturnal:0.40975
mindfuck:0.4075
dark humor:0.40475
life philosophy:0.4015
golden palm:0.39975
redemption:0.39925
melancholy:0.3975
existentialism:0.39675
intense:0.3965
cinematography:0.39525
small town:0.392
relationships:0.388
