remake:0.9655
erotic:0.9605
sexual:0.93825
sex:0.88675
sexualized violence:0.86325
new orleans:0.8485
original:0.8305
nudity (full frontal - notable):0.76625
pornography:0.7605
nudity:0.74125
sexy:0.7315
fantasy:0.71475
incest:0.6845
nudity (full frontal):0.64025
voyeurism:0.63
sexuality:0.62825
transformation:0.62625
cult film:0.6215
violence:0.598
brutality:0.59375
horror:0.566
police investigation:0.55275
destiny:0.532
stylish:0.507
murder:0.49825
suspense:0.48225
creepy:0.48225
violent:0.476
obsession:0.46175
pointless:0.4515
special effects:0.4515
mentor:0.45125
nudity (full frontal - brief):0.4415
chase:0.422
great ending:0.418
visually stunning:0.416
censorship:0.4115
catastrophe:0.4105
scary:0.40875
80s:0.40875
dialogue:0.40775
storytelling:0.3985
demons:0.3935
visual:0.39275
nudity (topless - notable):0.38775
good:0.3855
surreal:0.3835
drama:0.383
predictable:0.376
mythology:0.37575
supernatural:0.374
bad ending:0.368
remade:0.366
adaptation:0.36575
fantasy world:0.36375
story:0.35975
atmospheric:0.3555
talky:0.35525
first contact:0.35425
effects:0.35375
splatter:0.3535
death:0.35125
virginity:0.351
cult classic:0.3505
very interesting:0.35025
culture clash:0.3455
stylized:0.3445
dynamic cgi action:0.344
runaway:0.34
cinematography:0.339
controversial:0.33725
vengeance:0.3365
melancholic:0.3335
immortality:0.3295
good soundtrack:0.32425
graphic novel:0.32075
betrayal:0.319
not funny:0.318
reflective:0.31775
suprisingly clever:0.3155
weird:0.3125
original plot:0.30925
revenge:0.30825
greed:0.30675
great:0.30225
intense:0.29525
desert:0.294
werewolves:0.293
criterion:0.2905
gory:0.29025
passionate:0.29
twists & turns:0.28975
grindhouse:0.28675
male nudity:0.28575
absurd:0.28425
blood:0.28425
visually appealing:0.2815
suspenseful:0.281
disturbing:0.27575
light:0.27075
