weird:0.87425
relationships:0.87375
family bonds:0.86725
affectionate:0.8665
hospital:0.8625
japan:0.84925
reflective:0.849
japanese:0.847
family drama:0.83825
mentor:0.83675
dramatic:0.827
childhood:0.802
drama:0.7975
emotional:0.78375
depression:0.76775
kids and family:0.7565
obsession:0.74475
oscar (best actress):0.72575
loneliness:0.72275
intimate:0.719
storytelling:0.71775
tragedy:0.71675
indie:0.7085
pornography:0.70525
great acting:0.7005
realistic:0.69725
foreign:0.69475
culture clash:0.68325
social commentary:0.66875
oscar (best directing):0.66775
father-son relationship:0.66575
bleak:0.6595
family:0.65675
tense:0.6565
parenthood:0.65575
oscar (best foreign language film):0.651
breathtaking:0.64725
excellent script:0.64125
movielens top pick:0.6315
based on a play:0.63
lawyer:0.6295
poignant:0.6295
cinematography:0.62675
golden palm:0.62225
children:0.615
disturbing:0.61475
imdb top 250:0.61425
feel-good:0.61375
runaway:0.60825
criterion:0.60325
adoption:0.594
independent film:0.5935
ethnic conflict:0.58575
narrated:0.58225
life & death:0.58175
exceptional acting:0.57625
marriage:0.57425
original:0.5715
life philosophy:0.56625
feel good movie:0.56625
dysfunctional family:0.55675
brutality:0.55525
life:0.551
heartwarming:0.54925
crime gone awry:0.5465
psychological:0.53825
destiny:0.53675
love:0.5365
melancholic:0.536
harsh:0.534
police investigation:0.53
touching:0.52975
divorce:0.52875
beautiful scenery:0.52275
solitude:0.5175
nudity (topless - notable):0.51625
self discovery:0.5075
father son relationship:0.50025
oscar:0.49925
coming-of-age:0.499
complex:0.4975
fun movie:0.49625
nudity (full frontal - brief):0.491
tokyo:0.487
masterpiece:0.4775
earnest:0.477
beautifully filmed:0.4675
hotel:0.46625
good music:0.4645
teacher:0.4625
nudity (full frontal - notable):0.458
good acting:0.45775
thought-provoking:0.457
great:0.4515
bittersweet:0.45
wilderness:0.44975
working class:0.44925
censorship:0.4445
identity:0.44025
suprisingly clever:0.44
