original:0.7255
comedy:0.60125
off-beat comedy:0.59125
pointless:0.53875
boring:0.53625
harsh:0.534
dialogue:0.52525
quirky:0.486
culture clash:0.47
brutality:0.467
predictable:0.46225
writers:0.446
watch the credits:0.444
great ending:0.44175
sarcasm:0.42425
mentor:0.42375
foul language:0.415
stereotypes:0.41175
corporate america:0.405
slapstick:0.383
idiotic:0.38
catastrophe:0.37175
weird:0.367
unfunny:0.3655
satirical:0.35775
humorous:0.3495
indie:0.34025
adaptation:0.33625
so bad it's funny:0.33575
good soundtrack:0.33275
life philosophy:0.32775
gangsters:0.32275
runaway:0.321
entirely dialogue:0.32025
pornography:0.31625
very funny:0.3145
absurd:0.309
cult classic:0.30675
grindhouse:0.30325
franchise:0.298
melancholic:0.29
road movie:0.28975
funny:0.2855
good dialogue:0.284
storytelling:0.28075
story:0.28
fantasy world:0.27925
drinking:0.276
dark humor:0.27325
bad plot:0.27225
suprisingly clever:0.272
dreams:0.25175
lone hero:0.2505
family:0.245
first contact:0.24375
drama:0.24125
quotable:0.24025
overrated:0.23625
unusual plot structure:0.23275
cult film:0.23225
visually appealing:0.23075
black comedy:0.22725
directorial debut:0.226
great:0.2225
not funny:0.2215
gunfight:0.2175
dreamlike:0.21675
imdb top 250:0.21625
cinematography:0.21375
feel-good:0.21275
clever:0.211
crude humor:0.21
gangs:0.20975
coen bros:0.2085
sci fi:0.2085
chase:0.208
small town:0.20775
enigmatic:0.2055
indians:0.20425
criterion:0.203
exceptional acting:0.20275
destiny:0.2025
police investigation:0.202
adapted from:book:0.20175
death:0.201
redemption:0.20025
narrated:0.19875
light:0.19875
vengeance:0.1935
fight scenes:0.1905
greed:0.188
suspense:0.18775
social commentary:0.18725
oscar (best directing):0.18675
talky:0.186
good:0.186
loneliness:0.186
weapons:0.18575
intense:0.1855
inspirational:0.1855
