chick flick:0.96375
romantic comedy:0.95225
fashion:0.8555
teen movie:0.83825
sisters:0.81225
cute:0.8035
pg-13:0.79775
new york city:0.752
girlie movie:0.74875
natural disaster:0.7355
predictable:0.681
family bonds:0.6475
children:0.64325
new york:0.63875
happy ending:0.6375
parenthood:0.62725
original:0.61125
cute!:0.59375
family:0.567
new jersey:0.56375
destiny:0.55375
teen:0.5305
feel-good:0.51825
good:0.50325
romantic:0.5015
mentor:0.483
comedy:0.47175
romance:0.47175
feel good movie:0.45325
catastrophe:0.4475
drama:0.42975
switching places:0.42675
runaway:0.41975
childhood:0.40075
single father:0.399
so bad it's funny:0.39325
teens:0.388
sweet:0.3835
great:0.379
school:0.37575
lone hero:0.372
divorce:0.36025
great ending:0.35075
not funny:0.3325
fun movie:0.332
better than expected:0.3275
fun:0.323
dialogue:0.31725
shallow:0.315
women:0.3075
culture clash:0.307
transformation:0.30075
dysfunctional family:0.294
kids:0.29225
gangsters:0.2885
adoption:0.2875
vengeance:0.285
first contact:0.28275
life philosophy:0.2815
story:0.27525
cars:0.27425
very funny:0.2725
unfunny:0.266
lawyers:0.265
crude humor:0.26475
disaster:0.25825
good soundtrack:0.2555
bad plot:0.25325
fantasy world:0.253
not as good as the first:0.251
adaptation:0.24775
underrated:0.24525
foul language:0.24475
superheroes:0.2435
too long:0.24225
pornography:0.23825
writers:0.2375
chase:0.23725
overrated:0.23525
brutality:0.23375
police investigation:0.2325
stereotypes:0.22875
lawyer:0.2285
indians:0.228
storytelling:0.2265
sexy:0.22425
funny:0.2225
justice:0.22175
fantasy:0.22025
slapstick:0.2185
fight scenes:0.21675
good romantic comedies:0.2145
entirely dialogue:0.20925
dramatic:0.209
life & death:0.20725
sentimental:0.20525
silly:0.20475
god:0.204
relationships:0.20325
teacher:0.20125
