serial killer:0.96375
predictable:0.85475
original:0.76125
detective:0.74625
murder mystery:0.71475
thriller:0.70325
chase:0.69175
suspense:0.678
murder:0.67025
bad plot:0.669
horrible:0.65775
plot holes:0.653
police investigation:0.6155
catastrophe:0.59675
suspenseful:0.57925
great ending:0.568
los angeles:0.56575
obsession:0.56575
mentor:0.564
sexualized violence:0.533
plot:0.5205
psychiatrist:0.519
action:0.51875
intense:0.494
psychological:0.48325
fight scenes:0.4805
big budget:0.47825
psychology:0.475
twists & turns:0.46375
internet:0.45575
fbi:0.4495
nudity (topless - notable):0.44125
very interesting:0.441
storytelling:0.43425
women:0.431
good:0.424
pornography:0.424
sexy:0.423
special effects:0.42075
superheroes:0.4005
lame:0.39775
dynamic cgi action:0.39375
dialogue:0.3935
action packed:0.38575
bad:0.38175
brutality:0.3815
shallow:0.3775
not funny:0.37725
surveillance:0.3735
chicago:0.3725
twist:0.37125
first contact:0.37075
exciting:0.36875
runaway:0.3635
sci fi:0.3615
pg-13:0.36
good versus evil:0.356
product placement:0.35375
scary:0.35175
stereotypes:0.351
writers:0.3505
destiny:0.34975
psychiatry:0.34875
conspiracy theory:0.347
identity:0.3435
visual:0.34225
technology:0.33975
disability:0.3355
entertaining:0.334
nudity (full frontal - brief):0.3315
good action:0.3295
story:0.32875
overrated:0.326
visually stunning:0.3255
corruption:0.32375
fast paced:0.3235
so bad it's funny:0.3225
complex:0.32225
justice:0.3215
boring:0.3215
teen movie:0.32025
bad cgi:0.3195
original plot:0.319
family:0.30975
passionate:0.30625
better than expected:0.306
vengeance:0.305
alternate reality:0.305
great:0.30175
creativity:0.29875
adventure:0.29575
adaptation:0.295
pointless:0.294
quirky:0.2905
police corruption:0.2905
devil:0.29025
life philosophy:0.29
bad ending:0.28875
natural disaster:0.28675
memory:0.28525
