western:0.995
oscar (best supporting actor):0.99025
civil war:0.94425
gunfight:0.9375
indians:0.9215
original:0.76675
imdb top 250:0.72825
harsh:0.6705
greed:0.65975
oscar (best cinematography):0.6515
criterion:0.63275
cinematography:0.63225
family drama:0.603
scenic:0.5915
runaway:0.58275
dialogue:0.573
texas:0.56775
tense:0.56675
enigmatic:0.56375
black and white:0.5625
redemption:0.55175
beautiful scenery:0.547
classic:0.54575
trilogy:0.5455
oscar (best directing):0.52525
new york:0.52225
melancholy:0.51475
culture clash:0.513
suprisingly clever:0.51225
nostalgic:0.51025
great ending:0.4945
unlikely friendships:0.4915
melancholic:0.49125
hitman:0.48425
ireland:0.48325
story:0.4825
highly quotable:0.482
downbeat:0.482
talky:0.47075
romance:0.46875
forceful:0.4675
catastrophe:0.46475
idealism:0.4585
vengeance:0.456
adapted from:book:0.45425
good soundtrack:0.44925
adventure:0.44925
atmospheric:0.44525
affectionate:0.429
storytelling:0.419
great acting:0.418
irish:0.41775
very good:0.417
original plot:0.417
drama:0.416
mentor:0.41325
great:0.40525
photography:0.4005
light:0.39925
stylized:0.3985
grim:0.39725
bleak:0.39725
great movie:0.3935
allegory:0.3875
gangs:0.38025
hotel:0.38
visually appealing:0.38
murder:0.37825
moral ambiguity:0.37625
unusual plot structure:0.37625
ennio morricone:0.37275
good:0.37225
california:0.36975
good music:0.3695
chase:0.36725
classic car:0.36225
gritty:0.35925
quotable:0.34825
childhood:0.34225
dramatic:0.3415
life & death:0.3415
action packed:0.3395
segregation:0.339
family:0.33675
lone hero:0.33575
breathtaking:0.3355
not funny:0.332
golden palm:0.3275
hitchcock:0.32125
adaptation:0.31875
movielens top pick:0.3165
loneliness:0.31375
brutality:0.31275
race issues:0.30725
justice:0.307
gangsters:0.30225
entirely dialogue:0.298
police investigation:0.29725
reflective:0.297
exceptional acting:0.295
