animation:0.99075
computer animation:0.9275
animated:0.87925
kids and family:0.8785
based on a book:0.86975
adventure:0.86675
childhood:0.8505
whimsical:0.819
fantasy world:0.815
children:0.811
kids:0.809
superheroes:0.79625
good versus evil:0.79
cute:0.76575
storytelling:0.7415
visuals:0.72175
creativity:0.71775
story:0.6995
destiny:0.6925
great:0.6885
original:0.6815
holiday:0.6785
3d:0.67275
fun:0.66225
animals:0.658
family:0.647
dialogue:0.645
fun movie:0.63025
pixar animation:0.6275
visually stunning:0.62175
visually appealing:0.61925
action:0.61175
fairy tale:0.6015
good:0.57325
super hero:0.57325
superhero:0.57
good soundtrack:0.5585
heartwarming:0.53675
clever:0.53625
based on book:0.5335
plot:0.52925
mythology:0.5205
catastrophe:0.51925
fantasy:0.516
friendship:0.51125
cartoon:0.50775
talking animals:0.50125
entertaining:0.49025
watch the credits:0.4805
pg-13:0.47775
transformation:0.47175
great ending:0.471
magic:0.469
colourful:0.44425
feel good movie:0.4425
cool:0.4405
disney:0.43475
fast paced:0.433
life philosophy:0.42975
stereotypes:0.428
better than expected:0.425
cute!:0.413
unlikely friendships:0.412
runaway:0.409
not funny:0.404
feel-good:0.40225
big budget:0.3965
mentor:0.395
parallel universe:0.39125
loneliness:0.38975
redemption:0.389
predictable:0.38775
great movie:0.38625
weird:0.379
light:0.377
action packed:0.37225
happy ending:0.3715
manipulation:0.3685
unusual plot structure:0.3655
nocturnal:0.35925
adaptation:0.35875
witty:0.35775
imagination:0.3565
prejudice:0.35025
fairy tales:0.34825
oscar (best animated feature):0.34575
animal movie:0.34525
entirely dialogue:0.345
sweet:0.34375
dreams:0.3395
visual:0.33925
very interesting:0.33825
melancholic:0.337
culture clash:0.31925
crude humor:0.31925
touching:0.319
chase:0.31875
anti-hero:0.31525
humor:0.3115
graphic design:0.30875
