pornography:0.98375
biopic:0.896
nudity (topless - notable):0.835
true story:0.82725
based on true story:0.80875
based on a true story:0.75025
original:0.62975
story:0.629
sexy:0.57625
sex:0.57525
pg-13:0.553
based on a book:0.54225
manipulation:0.5075
biographical:0.5035
great ending:0.50175
happy ending:0.493
catastrophe:0.49075
life philosophy:0.48675
storytelling:0.47325
mentor:0.46925
predictable:0.4615
prostitution:0.44425
based on book:0.44225
adaptation:0.42275
teen:0.4215
transformation:0.404
greed:0.38425
good:0.38125
brutality:0.36825
violence:0.3675
alter ego:0.36675
drama:0.363
nudity (topless):0.3605
betrayal:0.35875
adoption:0.3575
sexual:0.352
unfunny:0.35125
runaway:0.34875
censorship:0.347
corruption:0.34525
not funny:0.34325
nudity (full frontal - notable):0.34175
teen movie:0.34075
doctors:0.3375
relationships:0.328
redemption:0.32725
erotic:0.31975
melancholic:0.316
factual:0.31175
dialogue:0.3095
very interesting:0.308
fantasy world:0.29725
biography:0.29125
suspense:0.2875
shallow:0.287
psychiatry:0.28475
internet:0.284
first contact:0.283
weed:0.28175
controversial:0.263
justice:0.25975
culture clash:0.259
harsh:0.256
ensemble cast:0.25375
segregation:0.25325
marriage:0.252
natural disaster:0.2475
intense:0.247
emotional:0.24425
san francisco:0.24175
courage:0.24125
bad plot:0.23925
unusual plot structure:0.239
childhood:0.238
hard to watch:0.23775
california:0.2345
visually appealing:0.231
police investigation:0.22975
clever:0.22925
great:0.229
dramatic:0.224
women:0.22375
suprisingly clever:0.2225
weird:0.22225
parenthood:0.2215
bdsm:0.2215
interesting:0.22025
dysfunctional family:0.2195
high school:0.21925
family:0.219
weapons:0.219
nostalgic:0.21825
80s:0.21675
crude humor:0.21425
new york city:0.21425
adapted from:book:0.213
survival:0.212
vengeance:0.21175
lone hero:0.21075
amy smart:0.21025
