espionage:0.9975
spying:0.99625
spy:0.9855
spies:0.97725
secrets:0.93575
latin america:0.9245
adapted from:book:0.90375
based on a book:0.8765
secret service:0.857
007:0.8175
greed:0.8135
twists & turns:0.803
satirical:0.80075
original:0.783
absurd:0.78125
based on book:0.77875
corruption:0.7645
complex:0.749
cynical:0.722
satire:0.7185
betrayal:0.7115
bond:0.68275
noir thriller:0.664
cold war:0.66275
adaptation:0.65425
tom clancy:0.64625
world politics:0.63625
nudity (topless - brief):0.62725
surveillance:0.61275
dialogue:0.58325
sexy:0.57875
irish accent:0.57825
british:0.5745
product placement:0.5565
interesting:0.55275
great ending:0.5485
story:0.5455
thriller:0.54225
manipulation:0.53525
very interesting:0.532
downbeat:0.522
writers:0.52
suspense:0.519
politics:0.5055
caper:0.505
intelligent:0.483
conspiracy:0.47575
clever:0.47525
tense:0.4655
catastrophe:0.45675
con men:0.4555
harsh:0.449
brutality:0.448
redemption:0.44425
stylish:0.43925
storytelling:0.43875
violence:0.43775
moral ambiguity:0.42825
cerebral:0.42725
off-beat comedy:0.42625
melancholic:0.425
mindfuck:0.42425
sexualized violence:0.41825
stylized:0.4175
visually appealing:0.41275
mentor:0.412
twist:0.40625
books:0.40575
weapons:0.40275
silly:0.395
brainwashing:0.3945
black comedy:0.39275
complicated:0.391
great acting:0.3905
predictable:0.388
chase:0.38775
good soundtrack:0.385
quirky:0.38125
murder:0.3805
england:0.38025
pointless:0.379
midlife crisis:0.379
talky:0.37125
runaway:0.3705
imdb top 250:0.36775
spoof:0.36775
adultery:0.36325
first contact:0.36275
enigmatic:0.3615
great:0.35825
cinematography:0.347
bad ending:0.34625
entirely dialogue:0.34575
paranoid:0.34425
happy ending:0.34375
obsession:0.3425
culture clash:0.33975
family drama:0.33825
witty:0.33675
boring:0.3325
