disney animated feature:0.99675
animation:0.994
cartoon:0.98725
animals:0.9775
animated:0.96725
kids and family:0.935
cute:0.925
disney:0.914
talking animals:0.867
classic:0.85925
paris:0.8455
computer animation:0.81175
story:0.797
sweet:0.787
fun movie:0.7865
dog:0.76525
cute!:0.76375
jazz:0.7335
original:0.7205
stereotypes:0.7135
musical:0.69625
family:0.679
romantic:0.6735
fairy tale:0.67125
animal movie:0.6505
good:0.643
great:0.61925
dogs:0.6125
children:0.61
fun:0.60825
greed:0.5285
adventure:0.5145
kids:0.49725
childhood:0.49725
dialogue:0.47
chase:0.46375
entertaining:0.446
catastrophe:0.43925
mentor:0.43575
oscar (best music - original song):0.43075
great ending:0.42775
life philosophy:0.422
clever:0.422
family bonds:0.42
rabbits:0.4195
simple:0.41725
happy ending:0.40475
runaway:0.39925
adapted from:book:0.39675
culture clash:0.39225
light:0.37475
france:0.3735
good soundtrack:0.37325
adaptation:0.372
good music:0.366
nostalgic:0.35925
heartwarming:0.35625
great movie:0.35225
shallow:0.3455
underrated:0.34325
1970s:0.338
romance:0.33775
not funny:0.3375
witty:0.32775
cool:0.32675
storytelling:0.32025
destiny:0.31625
stylized:0.31475
unusual plot structure:0.311
beautiful scenery:0.30925
predictable:0.3075
snakes:0.3045
artistic:0.30425
suprisingly clever:0.2915
love:0.289
whimsical:0.289
slapstick:0.28475
death:0.279
nudity (full frontal - brief):0.27825
very funny:0.275
melancholic:0.27425
creativity:0.274
kidnapping:0.273
lone hero:0.271
good versus evil:0.2705
betrayal:0.27025
interracial romance:0.26825
love story:0.26625
music:0.265
fairy tales:0.264
based on book:0.26325
goofy:0.26025
criterion:0.25725
fashion:0.25725
bad plot:0.257
social commentary:0.2565
entirely dialogue:0.2555
lawyer:0.2555
brutality:0.25125
too short:0.25025
