tense:0.9745
suspense:0.958
thriller:0.9235
suspenseful:0.876
original:0.857
story:0.84525
great ending:0.836
mentor:0.82575
big budget:0.81075
runaway:0.81075
twists & turns:0.80925
plot:0.8055
dialogue:0.80425
murder:0.7985
ominous:0.794
interesting:0.787
assassin:0.7855
twist:0.7735
clever:0.77
entertaining:0.76825
twist ending:0.761
creativity:0.761
alternate reality:0.75675
violence:0.75475
fast paced:0.75425
technology:0.74275
alter ego:0.74125
science fiction:0.7315
visually appealing:0.72775
secrets:0.72325
conspiracy:0.722
silly:0.72025
foul language:0.7175
intense:0.717
good:0.7055
drinking:0.7055
surveillance:0.6955
stylish:0.694
dynamic cgi action:0.69
moral ambiguity:0.6795
assassination:0.679
sexy:0.6785
predictable:0.677
action:0.667
plot twist:0.65675
stereotypes:0.653
revenge:0.653
music:0.64
family:0.63975
corruption:0.63925
dark:0.63825
exciting:0.63225
cinematography:0.62
fun:0.61725
psychological:0.61575
claustrophobic:0.6105
visually stunning:0.607
light:0.60175
original plot:0.601
complex:0.6
weird:0.59975
mystery:0.59975
kids and family:0.598
fantasy world:0.59075
adaptation:0.5895
vengeance:0.5865
paranoia:0.5775
plot holes:0.575
police investigation:0.574
destiny:0.56325
mindfuck:0.56225
storytelling:0.5605
special effects:0.56
computer animation:0.54975
space:0.54825
espionage:0.54575
product placement:0.545
franchise:0.54475
adventure:0.54175
costume drama:0.53825
visuals:0.53825
betrayal:0.53275
hitchcock:0.522
effects:0.52125
too short:0.51725
identity:0.5125
anti-hero:0.50475
torture:0.50425
paranoid:0.50375
caper:0.49875
great:0.4985
blindness:0.49625
first contact:0.49525
vigilante:0.493
spy:0.4885
spelling bee:0.48825
england:0.48775
chase:0.48775
unusual plot structure:0.48625
surprise ending:0.483
