emotional:0.95375
based on a book:0.94025
melancholic:0.934
heartbreaking:0.931
love story:0.9125
bittersweet:0.91175
destiny:0.89475
dystopia:0.88225
clones:0.868
loneliness:0.86075
cinematography:0.859
story:0.8585
thought-provoking:0.85175
original:0.85
fighting the system:0.84925
complex:0.8475
cerebral:0.84025
poignant:0.83475
cloning:0.8255
life & death:0.8245
sad:0.82375
meditative:0.822
bleak:0.8205
alternate reality:0.81325
depressing:0.8095
great acting:0.79975
existentialism:0.7965
based on book:0.789
depression:0.78275
science fiction:0.77525
adapted from:book:0.7665
tragedy:0.764
visually appealing:0.75825
childhood:0.75725
drama:0.751
storytelling:0.746
boarding school:0.746
touching:0.745
beautifully filmed:0.743
melancholy:0.73625
beautiful:0.734
allegory:0.7285
philosophy:0.726
humanity:0.72575
romantic:0.721
life philosophy:0.70775
philosophical:0.68425
alternate history:0.666
sacrifice:0.663
brainwashing:0.66125
adaptation:0.65975
social commentary:0.65875
death:0.65075
weird:0.6485
good soundtrack:0.644
good acting:0.64325
love triangles:0.64
intellectual:0.6315
great cinematography:0.6305
friendship:0.62925
compassionate:0.6275
intense:0.62675
hospital:0.6255
parallel universe:0.62525
sci fi:0.62475
england:0.619
beautiful scenery:0.6185
unlikely friendships:0.60675
distopia:0.606
literature:0.60325
enigmatic:0.60175
reflective:0.59825
narrated:0.59775
utopia:0.5905
visually stunning:0.58875
life:0.587
interesting:0.5845
relationships:0.5825
coming of age:0.5795
cancer:0.579
books:0.5785
scifi:0.57025
atmospheric:0.56875
love:0.56675
harsh:0.5665
island:0.565
psychology:0.55925
imagination:0.555
pornography:0.555
children:0.553
character study:0.55075
mentor:0.5455
betrayal:0.53625
nudity (topless - brief):0.53375
intimate:0.53275
dramatic:0.53075
original plot:0.51775
idealism:0.513
sad but good:0.5115
terminal illness:0.50925
