parody:0.88875
spoof:0.885
mad scientist:0.8725
original:0.85525
silly:0.83375
sequels:0.7735
so bad it's funny:0.76075
goofy:0.72775
so bad it's good:0.67925
80s:0.666
product placement:0.64475
cult classic:0.643
cult film:0.6105
fun movie:0.60125
humorous:0.60075
ninja:0.59075
campy:0.58625
predictable:0.56275
pointless:0.55075
mentor:0.5455
sexy:0.545
sequel:0.515
screwball:0.492
fun:0.471
fight scenes:0.46525
bad plot:0.4635
dumb but funny:0.462
splatter:0.4555
light:0.454
comedy:0.44225
slapstick:0.44025
special effects:0.43475
great ending:0.42775
ridiculous:0.4265
cheesy:0.41825
disaster:0.413
catastrophe:0.4055
low budget:0.38975
chase:0.3885
camp:0.3835
dialogue:0.381
clones:0.37175
brutality:0.3695
very funny:0.36275
humor:0.35525
crappy sequel:0.3535
weapons:0.35125
loneliness:0.349
zombie:0.34775
silly fun:0.34525
first contact:0.345
grindhouse:0.3315
pornography:0.32625
original plot:0.32575
music:0.321
overrated:0.32
lone hero:0.3175
redemption:0.31625
runaway:0.31025
stupidity:0.30725
entirely dialogue:0.301
surreal:0.2995
adaptation:0.29875
funny:0.29825
cinematography:0.29325
idiotic:0.2875
harsh:0.28375
life philosophy:0.2825
nudity (full frontal - brief):0.28175
funny as hell:0.2805
bad acting:0.27675
funniest movies:0.27675
snakes:0.2765
fantasy world:0.2755
destiny:0.27075
melancholic:0.27025
criterion:0.26375
big budget:0.2635
quirky:0.2635
unfunny:0.26275
absurd:0.26225
unlikely friendships:0.262
doctors:0.26125
good soundtrack:0.26025
mutants:0.2575
suprisingly clever:0.25675
good action:0.25575
sci fi:0.25175
family:0.25125
not funny:0.2475
bad:0.24675
clever:0.24625
nocturnal:0.24475
existentialism:0.24225
violent:0.2415
romance:0.24075
imdb top 250:0.2395
wilderness:0.23925
unusual plot structure:0.2375
satirical:0.23675
