cinematography:0.7755
visual:0.771
greed:0.716
criterion:0.70725
existentialism:0.6985
breathtaking:0.69625
weird:0.69525
beautiful scenery:0.689
storytelling:0.679
life & death:0.67375
harsh:0.659
original:0.6415
beautifully filmed:0.63025
intimate:0.60925
foreign:0.601
story:0.5795
reflective:0.57725
stunning:0.57175
visually appealing:0.5625
allegory:0.56
visually stunning:0.559
suprisingly clever:0.55675
bleak:0.55225
enigmatic:0.5515
melancholic:0.5245
environment:0.495
18th century:0.48725
slow paced:0.48675
betrayal:0.486
masterpiece:0.476
life philosophy:0.472
catastrophe:0.47125
too long:0.4695
long:0.46675
very interesting:0.45975
golden palm:0.45725
meditative:0.45325
cerebral:0.447
art:0.43625
brutality:0.434
stylized:0.4305
bollywood:0.42925
humanity:0.428
social commentary:0.4245
light:0.4205
alone in the world:0.4165
oscar (best foreign language film):0.41475
fight scenes:0.4105
magic realism:0.40975
oil:0.408
imagination:0.399
melancholy:0.39675
culture clash:0.394
chase:0.387
first contact:0.37725
adultery:0.376
runaway:0.37425
talky:0.373
atmospheric:0.373
tragedy:0.37125
slow:0.36625
transformation:0.3515
surreal:0.35125
dialogue:0.34925
destiny:0.33875
absurd:0.33625
indians:0.33525
complex:0.335
not funny:0.33425
loneliness:0.3325
solitude:0.33175
great:0.33175
entirely dialogue:0.331
fantasy world:0.3205
good versus evil:0.317
great ending:0.316
grindhouse:0.3125
survival:0.31225
distopia:0.31125
philosophy:0.308
mentor:0.308
dreamlike:0.30675
secrets:0.30575
scenic:0.30475
canada:0.3045
photography:0.30125
childhood:0.2975
amazing photography:0.29075
amazing cinematography:0.29025
revenge:0.28925
mythology:0.28725
colourful:0.2865
artistic:0.28575
forceful:0.285
imdb top 250:0.28475
brothers:0.2835
documentary:0.283
tokyo:0.2815
unusual plot structure:0.28075
narrated:0.27775
