rock and roll:0.97375
music:0.9255
awesome soundtrack:0.91125
intimate:0.89
pornography:0.86475
sex:0.86175
rebellion:0.8475
punk:0.81625
documentary:0.795
addiction:0.77175
original:0.74425
sexual:0.73
interesting:0.689
corruption:0.65775
controversial:0.6555
good soundtrack:0.645
1970s:0.63425
music business:0.6305
runaway:0.6275
very interesting:0.62275
obsession:0.62175
artistic:0.60675
criterion:0.60525
musicians:0.5935
sexy:0.58175
manipulation:0.5705
honest:0.53
politics:0.51925
enigmatic:0.51925
cynical:0.51875
male nudity:0.5175
great:0.5145
guilt:0.509
great ending:0.50625
narrated:0.4875
nudity (full frontal - brief):0.48675
political:0.4845
london:0.47975
harsh:0.47375
highly quotable:0.469
adaptation:0.469
death:0.46775
life philosophy:0.466
stylish:0.44525
police investigation:0.4445
downbeat:0.443
cult classic:0.4315
talky:0.43
weird:0.425
catastrophe:0.42075
brutality:0.41925
mentor:0.4065
greed:0.40125
sexualized violence:0.401
idealism:0.40025
social commentary:0.399
grindhouse:0.39625
suprisingly clever:0.393
melancholic:0.38525
culture clash:0.385
affectionate:0.38125
underrated:0.37675
great music:0.376
visually appealing:0.3755
assassination:0.37475
lyrical:0.37025
censorship:0.36925
identity:0.366
heroin:0.365
character study:0.364
brutal:0.3585
creativity:0.35825
grim:0.35675
san francisco:0.352
adapted from:book:0.3515
drinking:0.35125
classic car:0.34825
world politics:0.34775
life & death:0.34325
violence:0.338
great movie:0.33325
hotel:0.3325
serial killer:0.33225
sexuality:0.33125
bloody:0.3305
imdb top 250:0.32825
gritty:0.3215
working class:0.31925
tragedy:0.319
musical:0.3175
british:0.31675
violent:0.314
not funny:0.31275
england:0.30725
macabre:0.30675
dialogue:0.3055
oscar (best directing):0.30225
bdsm:0.30125
story:0.29975
paranoid:0.29725
