political:0.99425
politics:0.99375
president:0.95925
mentor:0.85825
drama:0.84775
world politics:0.83075
greed:0.82925
oscar (best directing):0.8285
original:0.824
oscar (best actress):0.81175
history:0.789
intense:0.7805
criterion:0.7705
tricky:0.75975
excellent script:0.75975
brutality:0.7545
crime:0.726
crime gone awry:0.72175
character study:0.70675
drinking:0.70225
tragedy:0.70225
historical:0.69525
relationships:0.67625
corruption:0.67225
unlikely friendships:0.67025
great acting:0.6665
based on a play:0.6485
moral ambiguity:0.635
educational:0.62875
pornography:0.626
dark hero:0.61975
friendship:0.61275
propaganda:0.60975
dramatic:0.6075
talky:0.6065
forceful:0.60225
biographical:0.58425
war:0.57425
cynical:0.567
honest:0.56325
sexualized violence:0.562
interesting:0.54025
gangsters:0.539
goofy:0.53875
twists & turns:0.53525
great movie:0.52675
satire:0.5265
political corruption:0.5195
iraq war:0.51825
drugs:0.51525
manipulation:0.51475
adultery:0.5135
us history:0.504
classic car:0.5015
good:0.49925
sarcasm:0.4985
suspense:0.49425
writers:0.49325
foul language:0.48825
interracial romance:0.48725
good soundtrack:0.48675
very good:0.4855
realistic:0.483
complex:0.48125
oscar (best actor):0.46825
death:0.466
new jersey:0.462
based on a true story:0.45975
sex:0.4575
weapons:0.45325
very funny:0.44875
intimate:0.44875
hotel:0.44725
journalism:0.44675
idealism:0.44625
women:0.4445
silly fun:0.44425
doctors:0.4415
oscar winner:0.43725
british:0.43375
hospital:0.4315
gay character:0.42975
oscar (best supporting actress):0.42675
psychological:0.42425
multiple storylines:0.4235
light:0.415
good acting:0.4125
unusual plot structure:0.41175
iraq:0.40775
dialogue:0.40675
entertaining:0.40625
downbeat:0.4055
biography:0.4045
exceptional acting:0.403
melancholic:0.399
disturbing:0.39875
catastrophe:0.39525
storytelling:0.39125
bloody:0.3885
very interesting:0.3885
