kids and family:0.90575
kids:0.8615
money:0.8135
children:0.76425
family:0.734
original:0.72475
fun movie:0.69475
greed:0.692
childhood:0.6525
predictable:0.64775
shallow:0.615
bullying:0.59725
so bad it's funny:0.5685
fantasy:0.546
fun:0.531
mentor:0.51275
lame:0.509
catastrophe:0.499
bad plot:0.47625
adventure:0.46475
natural disaster:0.453
teen movie:0.4495
guilty pleasure:0.447
silly fun:0.41775
overrated:0.39775
bad:0.393
destiny:0.39275
great ending:0.3905
goofy:0.38025
cute!:0.379
unlikely friendships:0.373
life philosophy:0.371
brothers:0.36175
dialogue:0.35
fantasy world:0.34975
gangsters:0.34825
entertaining:0.34075
first contact:0.33975
not funny:0.337
mistaken identity:0.3365
plot holes:0.3325
story:0.3295
cool:0.32775
fashion:0.32475
bad cgi:0.32
internet:0.3185
storytelling:0.31725
dreams:0.3165
special effects:0.31275
surreal:0.3075
unusual plot structure:0.30375
adaptation:0.30225
brutality:0.30175
chase:0.2995
culture clash:0.29925
fight scenes:0.299
police investigation:0.292
pointless:0.29175
007:0.29125
twists & turns:0.291
dinosaurs:0.28525
unfunny:0.28425
toys:0.27475
redemption:0.2745
very funny:0.27225
crime gone awry:0.27
good dialogue:0.2685
disaster:0.2675
suspense:0.2665
happy ending:0.26525
shopping:0.26375
lone hero:0.262
good soundtrack:0.26125
pornography:0.25825
melancholic:0.25825
entirely dialogue:0.257
stupid as hell:0.253
revenge:0.2525
slapstick:0.25125
good:0.25075
clever:0.24775
franchise:0.247
justice:0.24675
friendship:0.24475
quirky:0.243
light:0.242
awful:0.24175
romantic:0.241
vengeance:0.24
idiotic:0.23825
action:0.2375
girlie movie:0.2365
nudity (topless - notable):0.23625
pulp:0.23475
boring:0.232
pg-13:0.2305
horrible:0.2305
technology:0.22825
sci fi:0.22775
action packed:0.2275
