loneliness:0.948
relationships:0.9445
family drama:0.9245
death:0.91
bleak:0.907
dysfunctional family:0.90375
drama:0.88875
depression:0.885
character study:0.85275
emotional:0.849
heartbreaking:0.8425
downbeat:0.83775
intimate:0.82425
complex:0.82025
melancholic:0.796
original:0.794
sad:0.78775
intellectual:0.77975
existentialism:0.77325
dramatic:0.7515
depressing:0.75
dialogue:0.74725
psychological:0.73425
cerebral:0.72775
great acting:0.71975
psychiatry:0.698
dark:0.68825
psychology:0.68375
social commentary:0.68025
marriage:0.6725
guilt:0.6705
disturbing:0.67025
suicide attempt:0.65975
cinematography:0.6345
family:0.6325
mental illness:0.63075
poignant:0.62275
golden palm:0.619
sisters:0.619
melancholy:0.61475
slow paced:0.61025
life philosophy:0.60775
bittersweet:0.60425
reflective:0.6
talky:0.58075
divorce:0.57525
oscar (best actress):0.56725
good soundtrack:0.563
exceptional acting:0.56
mentor:0.5585
grim:0.5555
criterion:0.551
enigmatic:0.54525
tragedy:0.54475
pornography:0.53825
stylized:0.52875
honest:0.524
touching:0.513
oscar (best supporting actress):0.51175
harsh:0.50975
visually appealing:0.5075
dark humor:0.506
obsession:0.5045
entirely dialogue:0.5
visceral:0.492
weird:0.49175
nudity (full frontal - notable):0.491
suicide:0.49075
parenthood:0.48875
storytelling:0.4805
adapted from:book:0.47975
great:0.47925
great ending:0.47775
indie:0.47675
brutality:0.47575
crime gone awry:0.47575
independent film:0.475
sexualized violence:0.46875
writers:0.46525
satire:0.46125
oscar (best directing):0.45375
meditative:0.4525
grindhouse:0.44775
life:0.4465
quirky:0.4425
passionate:0.4415
culture clash:0.435
nudity (topless - notable):0.4345
life & death:0.43125
catastrophe:0.43025
understated:0.4235
violent:0.41575
pretentious:0.40925
confrontational:0.409
cathartic:0.409
narrated:0.405
redemption:0.40225
realistic:0.40025
multiple storylines:0.3995
adaptation:0.3895
