existentialism:0.97475
enigmatic:0.97125
amazing cinematography:0.92875
identity:0.91975
cinematography:0.88475
criterion:0.86125
downbeat:0.84675
intimate:0.837
hotel:0.833
melancholic:0.83175
loneliness:0.828
storytelling:0.8195
bleak:0.8125
reflective:0.8105
cerebral:0.80675
melancholy:0.79675
golden palm:0.76475
visual:0.7495
talky:0.747
meditative:0.73975
desert:0.73075
narrated:0.7255
weird:0.72475
masterpiece:0.71975
original:0.7155
breathtaking:0.7135
africa:0.68275
life & death:0.66325
destiny:0.66325
art house:0.66225
philosophical:0.658
visually appealing:0.65775
road movie:0.65725
slow paced:0.64975
very interesting:0.62725
stylish:0.6205
slow:0.61725
surreal:0.607
nocturnal:0.59425
unusual plot structure:0.58625
social commentary:0.58375
runaway:0.57925
spain:0.571
paranoid:0.56975
photography:0.56875
visually stunning:0.56675
atmospheric:0.563
stylized:0.56025
midlife crisis:0.55275
childhood:0.5495
suprisingly clever:0.54875
imdb top 250:0.54675
beautifully filmed:0.54325
grim:0.53375
harsh:0.527
oscar (best foreign language film):0.52625
solitude:0.52225
secrets:0.51625
artistic:0.50375
allegory:0.50375
character study:0.5025
obsession:0.50125
spanish:0.499
dialogue:0.49775
affectionate:0.49675
greed:0.493
isolation:0.4925
strange:0.4905
great cinematography:0.483
dreamlike:0.47775
life philosophy:0.47675
crime gone awry:0.4725
oscar (best actress):0.45825
life:0.456
entirely dialogue:0.45175
intellectual:0.447
good soundtrack:0.446
stunning:0.444
culture clash:0.44125
art:0.43875
assassination:0.41875
psychological:0.409
tense:0.406
lyrical:0.401
nudity (full frontal - notable):0.3995
noir:0.39825
visceral:0.39475
mystery:0.39275
great ending:0.39025
amazing photography:0.3875
complex:0.385
whimsical:0.38275
insanity:0.382
interesting:0.38075
boring!:0.3795
road trip:0.37775
catastrophe:0.3765
artsy:0.373
thought-provoking:0.3725
dark:0.36925
