gunfight:0.99475
western:0.978
alaska:0.91375
greed:0.79475
harsh:0.73425
criterion:0.6765
downbeat:0.676
bleak:0.65775
life & death:0.6395
redemption:0.62575
runaway:0.624
original:0.59475
culture clash:0.59
revenge:0.5815
enigmatic:0.55725
guns:0.551
wilderness:0.5425
cynical:0.5385
cinematography:0.5385
spaghetti western:0.52375
chase:0.51325
gangs:0.50825
vengeance:0.49875
grim:0.49275
california:0.481
moral ambiguity:0.48
hitman:0.47975
assassination:0.46525
talky:0.45225
twists & turns:0.44875
race issues:0.43475
stylized:0.4125
very interesting:0.41
weapons:0.40975
catastrophe:0.408
justice:0.40025
melancholy:0.39925
suprisingly clever:0.397
texas:0.382
oscar (best supporting actor):0.3805
hunting:0.3745
scenic:0.3685
brutality:0.35875
unusual plot structure:0.35275
great:0.351
indians:0.35075
visceral:0.349
19th century:0.34575
mentor:0.344
not funny:0.33925
character study:0.3375
great cinematography:0.337
beautiful scenery:0.33275
light:0.3285
allegory:0.3265
corruption:0.32375
affectionate:0.322
pornography:0.3215
obsession:0.32025
bullying:0.32025
civil war:0.3165
breathtaking:0.31475
melancholic:0.30825
dialogue:0.30025
great ending:0.29675
alter ego:0.29625
afi 100 (laughs):0.29525
black and white:0.294
storytelling:0.291
unlikely friendships:0.29075
transformation:0.28975
imdb top 250:0.28525
canada:0.281
gritty:0.28025
oscar (best cinematography):0.278
tokyo:0.2765
anti-hero:0.262
morality:0.2615
intimate:0.2615
oscar (best directing):0.259
visually appealing:0.25875
forceful:0.2535
adaptation:0.252
complex:0.2495
nocturnal:0.24925
great movie:0.24825
lone hero:0.2475
guilt:0.24725
kick-butt women:0.2465
reflective:0.2455
good soundtrack:0.244
photography:0.24325
story:0.2415
entirely dialogue:0.24075
fighting the system:0.2385
police investigation:0.233
life philosophy:0.23025
fantasy world:0.227
horses:0.226
friendship:0.226
