desert:0.97825
fantasy:0.8705
sexy:0.8275
family:0.82275
original:0.8085
adventure:0.8015
silent:0.7725
women:0.771
romantic:0.7105
childhood:0.695
chase:0.69125
runaway:0.6785
brutality:0.67825
cinematography:0.67775
light:0.676
camp:0.6675
vengeance:0.66425
talky:0.659
rape:0.635
sweet:0.6165
culture clash:0.5985
male nudity:0.5765
swashbuckler:0.565
intimate:0.56025
story:0.5585
betrayal:0.55425
spanish:0.54825
costume drama:0.548
series:0.54425
pornography:0.54175
criterion:0.538
talking animals:0.502
romance:0.502
divorce:0.5
very interesting:0.498
vampire human love:0.49725
visually stunning:0.4835
original plot:0.483
love:0.48075
sexual:0.4805
amazing photography:0.4765
affectionate:0.47375
great ending:0.4665
dialogue:0.463
marriage:0.452
kidnapping:0.4495
based on a play:0.4475
kids and family:0.44475
adaptation:0.44425
obsession:0.44375
good sequel:0.441
fantasy world:0.439
catastrophe:0.43775
allegory:0.43675
macabre:0.43475
oscar (best music - original song):0.42825
slapstick:0.42725
animals:0.42175
california:0.42
race issues:0.4185
not funny:0.4145
harsh:0.40525
stylized:0.405
witty:0.3985
sequels:0.39675
redemption:0.39675
gangs:0.39225
saturn award (best special effects):0.382
magic:0.3785
kids:0.3755
forceful:0.37275
whimsical:0.37225
beautifully filmed:0.36975
destiny:0.369
unfunny:0.368
brazil:0.368
disney:0.367
parallel universe:0.36575
sci fi:0.3655
interracial romance:0.3645
lone hero:0.36325
classic:0.362
adapted from:book:0.35975
foreign:0.35825
father daughter relationship:0.35525
18th century:0.35475
visual:0.35375
ironic:0.3535
predictable:0.3535
disturbing:0.3505
coming of age:0.34825
dynamic cgi action:0.347
snakes:0.34475
intense:0.3425
queer:0.34125
animation:0.341
sequel:0.34075
indians:0.34025
visually appealing:0.338
dancing:0.33625
