espionage:0.99625
spying:0.995
spy:0.981
spies:0.9595
surveillance:0.95775
islam:0.92
politics:0.9115
complex:0.87675
germany:0.832
secrets:0.83125
betrayal:0.826
cerebral:0.81775
tense:0.7875
lawyer:0.769
cold war:0.7675
german:0.758
secret service:0.7325
terrorism:0.72475
original:0.716
corruption:0.711
downbeat:0.66975
cinematography:0.66525
twists & turns:0.66425
moral ambiguity:0.63325
suspenseful:0.60825
dramatic:0.60425
intense:0.595
greed:0.58375
enigmatic:0.5785
complicated:0.56975
assassination:0.562
political:0.5575
thriller:0.54575
great ending:0.53525
slow:0.534
conspiracy:0.52275
interesting:0.51825
adaptation:0.51425
character study:0.506
lawyers:0.50275
slow paced:0.49
paranoia:0.48125
redemption:0.47825
forceful:0.47525
gritty:0.47225
manipulation:0.46925
good:0.46625
investigation:0.46475
mentor:0.46375
storytelling:0.463
drama:0.46125
good acting:0.4575
realistic:0.453
story:0.45275
brutality:0.4505
berlin:0.449
world politics:0.448
intelligent:0.44225
morality:0.4295
culture clash:0.42925
runaway:0.42925
bleak:0.4285
melancholic:0.422
foreign:0.417
dialogue:0.41575
atmospheric:0.41175
criterion:0.40975
stylized:0.40925
catastrophe:0.4005
idealism:0.398
brainwashing:0.3935
exceptional acting:0.3905
psychological:0.39025
chase:0.38775
russian:0.387
police investigation:0.385
guilt:0.38325
great acting:0.3655
talky:0.36475
bombs:0.3635
immigrants:0.35225
existentialism:0.34775
loneliness:0.3465
propaganda:0.3445
british:0.343
very interesting:0.3425
paranoid:0.34
thought-provoking:0.33975
suspense:0.33925
identity:0.33525
9/11:0.333
great:0.3245
oscar (best directing):0.3225
clever:0.3225
first contact:0.3215
plot twist:0.32075
unusual plot structure:0.3195
cia:0.31925
justice:0.31825
not funny:0.315
