god:0.99775
christianity:0.98325
religion:0.96775
biblical:0.92675
jesus:0.9155
christian:0.85525
powerful ending:0.84825
loneliness:0.7615
end of the world:0.7555
original:0.75525
life philosophy:0.75375
apocalypse:0.7465
thought-provoking:0.738
existentialism:0.73275
allegory:0.65475
solitude:0.6235
nudity (topless):0.607
dialogue:0.60625
pornography:0.587
enigmatic:0.583
mentor:0.555
cult film:0.5525
philosophy:0.54575
social commentary:0.539
melancholic:0.5365
redemption:0.52075
complex:0.50775
sacrifice:0.501
good soundtrack:0.48825
philosophical:0.48675
great ending:0.48525
desert:0.4645
disturbing:0.4635
interesting:0.462
weird:0.4555
free speech:0.4495
cerebral:0.44625
controversial:0.444
greed:0.43925
nudity (topless - notable):0.43875
distopia:0.43025
criterion:0.425
workplace:0.42325
reflective:0.42275
storytelling:0.42125
intimate:0.41875
catastrophe:0.417
visually appealing:0.4165
devil:0.41625
story:0.416
intellectual:0.4155
nudity (full frontal - notable):0.41
catholicism:0.40525
absurd:0.40125
harsh:0.3835
downbeat:0.38025
relationships:0.374
culture clash:0.37375
character study:0.368
entirely dialogue:0.36775
unusual plot structure:0.365
psychological:0.35825
very interesting:0.35525
not funny:0.35325
first contact:0.34975
internet:0.344
transformation:0.338
suicide:0.33675
writers:0.33425
hallucinatory:0.33175
suprisingly clever:0.3315
stereotypes:0.331
atheism:0.3305
independent film:0.3285
adaptation:0.32725
bad ending:0.32675
stylized:0.32525
cult classic:0.325
runaway:0.32475
dreams:0.322
brutality:0.3205
mother daughter relationship:0.3205
honest:0.3155
talky:0.31025
dystopic future:0.3035
male nudity:0.29825
death:0.29575
intense:0.28925
quirky:0.28825
addiction:0.28775
drama:0.287
light:0.2825
dramatic:0.2805
great acting:0.27975
passionate:0.2775
surreal:0.277
cinematography:0.27525
violence:0.275
underrated:0.27125
depression:0.27075
