rock and roll:0.9475
music:0.908
musicians:0.86275
spiders:0.83625
criterion:0.831
camp:0.82175
original:0.8015
visual:0.786
pornography:0.774
cult classic:0.73375
talky:0.7265
runaway:0.7125
intimate:0.68875
weird:0.68175
very interesting:0.673
mars:0.666
distopia:0.66575
movielens top pick:0.6305
golden palm:0.62925
narrated:0.6245
great music:0.60925
glbt:0.601
greed:0.5945
interesting:0.592
good soundtrack:0.5915
enigmatic:0.59125
great movie:0.58925
nocturnal:0.58875
dark:0.58825
great:0.581
gay:0.581
brutality:0.573
sexualized violence:0.57125
character study:0.56725
life philosophy:0.56275
dark hero:0.55925
cult film:0.5575
artistic:0.5565
life & death:0.5515
relationships:0.53575
harsh:0.532
san francisco:0.5305
stylized:0.51975
mentor:0.503
very good:0.49825
visually appealing:0.4815
death:0.48075
art house:0.47375
oscar (best directing):0.472
great ending:0.47
cerebral:0.46225
silent:0.46225
gunfight:0.4585
london:0.4585
ironic:0.45375
adaptation:0.45375
dysfunctional family:0.451
1970s:0.446
artist:0.44275
hotel:0.441
macabre:0.43925
loneliness:0.438
catastrophe:0.43075
highly quotable:0.4285
apocalypse:0.428
space:0.425
insanity:0.42475
obsession:0.42475
nudity (full frontal - notable):0.4225
storytelling:0.41975
free to download:0.419
twists & turns:0.41875
underrated:0.41525
police investigation:0.415
stylish:0.41475
forceful:0.40825
unusual plot structure:0.408
culture clash:0.4075
melancholic:0.40725
quirky:0.407
oscar (best actress):0.40575
documentary:0.40575
sex:0.404
murder:0.403
awesome soundtrack:0.40175
light:0.39925
homeless:0.39775
mental illness:0.39625
cinematography:0.3955
notable soundtrack:0.394
nudity (topless - notable):0.391
queer:0.39025
male nudity:0.389
art:0.387
gritty:0.38475
prejudice:0.38225
breathtaking:0.37875
dark humor:0.37375
nudity (full frontal - brief):0.37275
dialogue:0.36875
