criterion:0.966
bleak:0.94225
enigmatic:0.87575
golden palm:0.826
artist:0.8175
oscar (best foreign language film):0.7955
masterpiece:0.77775
reflective:0.7755
intimate:0.775
cerebral:0.76775
artistic:0.76325
downbeat:0.746
black and white:0.7435
art:0.7215
melancholic:0.71075
talky:0.7045
melancholy:0.69825
allegory:0.69175
forceful:0.67925
grim:0.67875
mental illness:0.675
weird:0.667
unusual plot structure:0.66425
tense:0.65475
swedish:0.628
greed:0.626
existentialism:0.62225
cinematography:0.61925
powerful ending:0.61825
death:0.61775
atmospheric:0.617
harsh:0.616
macabre:0.61375
runaway:0.596
loneliness:0.58075
paranoid:0.5785
character study:0.57425
original:0.55325
drinking:0.53825
obsession:0.532
meditative:0.5215
depression:0.51825
based on a play:0.51575
surreal:0.5155
doctors:0.503
eccentricity:0.50075
great acting:0.479
hotel:0.47375
crime gone awry:0.4625
light:0.46175
great ending:0.447
affectionate:0.44175
ominous:0.44125
catastrophe:0.441
movielens top pick:0.43825
strange:0.438
moody:0.42725
social commentary:0.423
dreamlike:0.4175
cynical:0.40975
stoner movie:0.40575
pornography:0.398
confrontational:0.3935
happy ending:0.39325
stylized:0.38625
suprisingly clever:0.38475
entirely dialogue:0.383
intellectual:0.383
great:0.38175
mentor:0.37675
alcoholism:0.36775
breathtaking:0.361
psychological:0.35525
secrets:0.35525
dialogue:0.35375
creativity:0.34575
complex:0.33975
dreams:0.33775
imdb top 250:0.332
quirky:0.32875
photography:0.32875
insanity:0.32425
life & death:0.32175
exceptional acting:0.3215
police investigation:0.32075
nocturnal:0.31225
storytelling:0.309
claustrophobic:0.30775
biting:0.307
writers:0.30625
surrealism:0.30375
relationships:0.3015
life philosophy:0.29725
art house:0.29675
magic:0.2965
satirical:0.296
dysfunctional family:0.29575
fantasy world:0.29475
brutality:0.294
dark humor:0.29
