gunfight:0.96425
western:0.9605
desert:0.9275
violent:0.89325
quirky:0.8825
violence:0.86825
original:0.82975
brutality:0.80925
lyrical:0.80325
complex characters:0.8025
allegory:0.796
cinematography:0.77725
revenge:0.739
bloody:0.737
redemption:0.735
melancholic:0.72375
drinking:0.7145
life & death:0.71375
runaway:0.69725
affectionate:0.696
satirical:0.666
harsh:0.6555
humorous:0.65
criterion:0.6415
enigmatic:0.63075
culture clash:0.6305
good soundtrack:0.625
melancholy:0.60925
social commentary:0.6065
downbeat:0.60275
tragedy:0.60275
oscar (best directing):0.59775
stylish:0.57775
sexualized violence:0.57275
loneliness:0.56925
cult classic:0.56925
golden palm:0.5665
great movie:0.55675
mentor:0.554
moral ambiguity:0.55275
transformation:0.55025
gritty:0.54725
1970s:0.5465
greed:0.54075
atmospheric:0.53375
poignant:0.52325
character study:0.5225
oscar (best supporting actress):0.51425
crime gone awry:0.511
betrayal:0.508
gangsters:0.50725
vengeance:0.507
spaghetti western:0.506
tense:0.5
masterpiece:0.496
talky:0.49175
native americans:0.49
reflective:0.49
suprisingly clever:0.48925
irreverent:0.48925
oscar (best actress):0.48625
sexy:0.48525
unlikely friendships:0.48475
corruption:0.47825
small town:0.472
witty:0.4675
twists & turns:0.464
imdb top 250:0.46375
grindhouse:0.461
visceral:0.45725
great:0.45325
cult film:0.45275
stylized:0.44725
storytelling:0.439
pg-13:0.43775
catastrophe:0.437
ironic:0.42975
bleak:0.42625
story:0.42375
rebellion:0.42225
dark hero:0.42075
nocturnal:0.419
cynical:0.41625
classic car:0.416
romance:0.409
indians:0.4085
based on true story:0.402
prostitution:0.4005
dialogue:0.4
eccentricity:0.3945
complex:0.394
oscar (best supporting actor):0.39375
forceful:0.3905
bittersweet:0.39
hospital:0.389
hunting:0.38825
light:0.38675
visually appealing:0.38625
nudity (full frontal - notable):0.38425
biting:0.38125
