visually appealing:0.98175
love story:0.871
love:0.83275
revolution:0.74675
beautiful scenery:0.73275
passionate:0.69625
relationships:0.6545
beautifully filmed:0.651
beautiful:0.65025
original:0.6455
romance:0.619
pornography:0.61275
male nudity:0.60975
visually stunning:0.60875
russian:0.60325
melancholic:0.599
criterion:0.5795
colourful:0.5795
great:0.55275
visual:0.5515
loneliness:0.5395
good soundtrack:0.53225
romantic:0.514
bittersweet:0.51225
breathtaking:0.51225
weird:0.5095
nudity (topless - notable):0.49225
bollywood:0.492
life philosophy:0.479
dreams:0.4775
revenge:0.47225
mentor:0.46725
nudity (full frontal - notable):0.46275
great ending:0.46025
oscar:0.44975
culture clash:0.446
talky:0.44525
food:0.44075
harsh:0.4375
catastrophe:0.43025
obsession:0.42675
russia:0.426
entirely dialogue:0.4185
enigmatic:0.41525
sexy:0.41425
period piece:0.41075
art:0.40775
cinematography:0.403
life:0.39775
very interesting:0.3965
oscar (best supporting actress):0.39275
photography:0.38525
stylized:0.38375
costume drama:0.377
magic realism:0.374
dialogue:0.3725
music:0.369
whimsical:0.36475
atmospheric:0.35725
great acting:0.35025
suprisingly clever:0.35
brutality:0.34525
oscar (best actress):0.34175
wine:0.3385
queer:0.334
great movie:0.3335
dreamlike:0.331
quirky:0.3305
intimate:0.32425
underrated:0.3235
love triangles:0.322
vengeance:0.3205
historical:0.31875
not funny:0.3185
eccentricity:0.3175
betrayal:0.3145
comic:0.31325
story:0.31
shopping:0.30675
reflective:0.30375
adultery:0.3035
runaway:0.299
storytelling:0.297
destiny:0.293
aging:0.288
erotic:0.28075
amazing cinematography:0.27825
twists & turns:0.27775
foreign:0.27675
multiple storylines:0.27625
opera:0.27625
corruption:0.27575
police investigation:0.27575
dramatic:0.2755
depression:0.27475
glbt:0.27375
childhood:0.2735
cerebral:0.2725
affectionate:0.272
pg-13:0.272
