assassin:0.9895
president:0.9575
assassination:0.93475
secret service:0.93225
fake documentary:0.92675
world politics:0.90975
politics:0.8905
political:0.84675
mockumentary:0.78875
controversial:0.78175
documentary:0.73775
assassins:0.72475
original:0.70025
brainwashing:0.68
propaganda:0.65325
very interesting:0.59225
manipulation:0.59025
corruption:0.5845
death:0.537
investigation:0.516
satire:0.51
british:0.48925
surveillance:0.48225
murder:0.48025
factual:0.43775
internet:0.43
storytelling:0.42975
catastrophe:0.42875
melancholic:0.415
so bad it's funny:0.41025
life philosophy:0.4085
thought-provoking:0.4085
justice:0.40825
free to download:0.408
pornography:0.40175
weapons:0.401
gulf war:0.39825
interesting:0.3965
guilt:0.387
iraq:0.371
unusual plot structure:0.3695
criterion:0.353
terrorism:0.35225
great ending:0.352
brutality:0.35075
satirical:0.345
powerful ending:0.34425
middle east:0.34125
runaway:0.341
fantasy world:0.34
drama:0.33825
alternate history:0.335
absurd:0.333
gunfight:0.3245
mentor:0.32375
vengeance:0.322
sexualized violence:0.3195
nudity (full frontal - brief):0.3175
conspiracy theory:0.3155
social commentary:0.31525
fascism:0.31325
dystopia:0.31225
9/11:0.3085
lone hero:0.30825
not funny:0.3005
conspiracy:0.29975
finnish:0.29925
tragedy:0.29475
predictable:0.29425
violence:0.29025
bombs:0.28925
good soundtrack:0.2885
cerebral:0.283
enigmatic:0.28025
idealism:0.27875
dialogue:0.27675
dramatic:0.274
twist ending:0.27225
clever:0.27225
police investigation:0.27075
stylized:0.2705
iraq war:0.269
paranoia:0.269
oil:0.2675
life & death:0.267
greed:0.262
quirky:0.25775
made for tv:0.25775
writers:0.257
weird:0.25675
obsession:0.25675
judaism:0.25525
gangsters:0.254
reality tv:0.25275
visually appealing:0.25225
nudity (topless - notable):0.2515
pointless:0.2505
drinking:0.24675
adaptation:0.24575
entirely dialogue:0.24425
