stand-up comedy:0.98975
honest:0.92775
comedy:0.90525
funny:0.89825
special:0.869
original:0.81525
great movie:0.79875
great:0.787
melancholic:0.7825
hilarious:0.762
imdb top 250:0.7505
oscar (best directing):0.74875
talky:0.73775
masterpiece:0.73225
very funny:0.7175
humor:0.71425
oscar (best actress):0.71175
weird:0.6945
social commentary:0.687
great ending:0.6815
highly quotable:0.678
love:0.674
good soundtrack:0.663
great acting:0.65975
unusual plot structure:0.64875
criterion:0.6475
powerful ending:0.631
clever:0.625
artistic:0.61825
suprisingly clever:0.61725
loneliness:0.613
golden palm:0.61075
excellent script:0.60875
dark humor:0.60725
mentor:0.6005
humorous:0.59175
visually appealing:0.58875
drama:0.58075
irreverent:0.56225
intelligent:0.559
culture clash:0.5515
vengeance:0.54
runaway:0.53825
dark:0.53525
witty:0.535
narrated:0.5295
violence:0.5285
tense:0.51775
intimate:0.51625
storytelling:0.5135
cinematography:0.5105
interesting:0.5095
very interesting:0.509
childhood:0.499
melancholy:0.49575
dialogue:0.4945
bittersweet:0.4925
reflective:0.49175
cerebral:0.49025
intense:0.4835
suspense:0.48225
movielens top pick:0.48175
good acting:0.48025
foul language:0.4765
obsession:0.4735
police investigation:0.47025
visual:0.4635
adaptation:0.463
cult classic:0.4605
enigmatic:0.458
violent:0.45775
quotable:0.457
serial killer:0.4545
sexualized violence:0.45175
catastrophe:0.45075
psychology:0.448
gunfight:0.4475
amazing photography:0.44725
atmospheric:0.44725
life philosophy:0.44275
classic car:0.43975
stylized:0.43925
complex:0.438
dramatic:0.43675
foreign:0.436
brutality:0.43525
redemption:0.43375
corruption:0.42875
nudity (full frontal - brief):0.4285
twists & turns:0.4245
cult film:0.424
beautiful scenery:0.42325
exceptional acting:0.42225
visually stunning:0.41925
passionate:0.41875
affectionate:0.418
assassination:0.415
censorship:0.41275
male nudity:0.41225
visceral:0.41075
