vigilante:0.99975
vigilantism:0.99775
vengeance:0.95325
violent:0.9355
violence:0.93475
crime:0.9275
police investigation:0.9175
revenge:0.90325
justice:0.884
gunfight:0.8655
brutality:0.8415
police corruption:0.798
action:0.7865
moral ambiguity:0.7835
sexualized violence:0.78325
rape:0.75675
murder:0.7445
corruption:0.73025
police:0.72575
new york:0.714
good action:0.71175
brutal:0.707
original:0.703
pornography:0.68175
new york city:0.67975
race issues:0.67225
detective:0.6715
harsh:0.664
sequels:0.6615
forceful:0.641
good sequel:0.63
visceral:0.6285
guns:0.60775
chase:0.6015
hitman:0.58975
lone hero:0.58375
gritty:0.579
controversial:0.5785
mentor:0.56675
weapons:0.5615
runaway:0.54375
suspense:0.53275
hunting:0.53225
gangs:0.53
great ending:0.528
action packed:0.527
thriller:0.48725
torture:0.48
dialogue:0.4785
bloody:0.45525
culture clash:0.4545
adapted from:book:0.4545
intense:0.44825
mob:0.44525
redemption:0.4395
guilt:0.4295
family:0.42625
1970s:0.41975
manipulation:0.41425
sequel:0.414
nudity (full frontal - brief):0.41
anti-hero:0.40925
classic car:0.40825
dark hero:0.4055
catastrophe:0.402
disturbing:0.40075
story:0.4005
kidnapping:0.39925
betrayal:0.398
honest:0.39525
hospital:0.39325
lawyers:0.38575
not funny:0.38525
very interesting:0.38425
assassination:0.38175
drama:0.3795
good:0.374
hard to watch:0.374
censorship:0.3685
storytelling:0.35925
family drama:0.358
cult classic:0.357
predictable:0.34725
shallow:0.34125
cathartic:0.332
franchise:0.3315
fighting:0.32875
social commentary:0.316
adaptation:0.31275
suspenseful:0.312
lawyer:0.31125
tense:0.307
interesting:0.30625
death:0.303
graphic novel:0.30225
car chase:0.302
good soundtrack:0.299
sexual abuse:0.292
grindhouse:0.28725
stylized:0.28075
