terminal illness:0.9665
oscar (best actress):0.9655
irish accent:0.93225
bittersweet:0.88425
compassionate:0.88025
original:0.8565
poignant:0.8525
death:0.84275
drinking:0.825
tear jerker:0.82175
intimate:0.8195
oscar (best directing):0.79275
classic:0.77625
gay character:0.776
tragedy:0.771
love story:0.76825
oscar (best supporting actress):0.76
runaway:0.75475
dramatic:0.71825
criterion:0.7165
talky:0.71625
life & death:0.71275
cancer:0.67975
passionate:0.6795
based on a play:0.6595
courage:0.65675
melancholy:0.6555
sentimental:0.65425
1930s:0.65375
touching:0.64525
affectionate:0.63125
oscar:0.62975
great acting:0.62075
love:0.6
mentor:0.594
secrets:0.5875
hospital:0.5835
relationships:0.57975
unlikely friendships:0.56125
great movie:0.56075
emotional:0.557
heartbreaking:0.5535
life:0.552
earnest:0.54425
transformation:0.54075
drama:0.5345
great ending:0.52525
stunning:0.5185
great:0.51775
black and white:0.5155
doctors:0.51225
character study:0.50775
oscar (best foreign language film):0.5075
melancholic:0.50725
sacrifice:0.50225
mad scientist:0.499
depression:0.4975
romantic:0.489
narrated:0.4835
oscar (best supporting actor):0.4825
childhood:0.4805
good:0.474
catastrophe:0.474
women:0.46925
story:0.465
adaptation:0.463
allegory:0.46175
friendship:0.461
light:0.45925
destiny:0.45925
biopic:0.45775
sexy:0.45725
aging:0.456
loneliness:0.4545
macabre:0.448
horses:0.44775
interesting:0.44325
adapted from:book:0.44325
obsession:0.4425
brutality:0.437
oscar winner:0.43675
blindness:0.43625
atmospheric:0.42875
psychiatry:0.423
very interesting:0.42275
beautiful scenery:0.422
good soundtrack:0.41775
afi 100 (movie quotes):0.41175
honest:0.4115
redemption:0.41075
very good:0.408
1950s:0.4045
imdb top 250:0.40175
romance:0.39925
witty:0.3985
culture clash:0.39425
betrayal:0.3935
breathtaking:0.39225
harsh:0.39075
suprisingly clever:0.38375
