college:0.95725
teen movie:0.8895
underdog:0.81325
high school:0.80225
goofy:0.72425
original:0.6705
80s:0.66875
life philosophy:0.66325
women:0.62825
bad plot:0.60025
pg-13:0.59025
comedy:0.56525
predictable:0.534
fun movie:0.5285
plot:0.5245
teen:0.5165
girlie movie:0.50775
fun:0.5075
school:0.4935
good:0.47875
great ending:0.47425
mentor:0.451
satirical:0.444
romance:0.44125
catastrophe:0.434
quirky:0.4255
great:0.4195
light:0.40175
teens:0.3965
notable nudity:0.384
stereotypes:0.381
storytelling:0.37975
multiple storylines:0.3665
dialogue:0.3445
math:0.344
transformation:0.338
entertaining:0.33725
adventure:0.33625
satire:0.334
humorous:0.33175
amy smart:0.331
fantasy world:0.319
good soundtrack:0.31225
vengeance:0.30975
internet:0.30025
nudity (full frontal - brief):0.29875
culture clash:0.2955
adaptation:0.292
romantic:0.289
chase:0.288
childhood:0.28625
cheating:0.2845
first contact:0.2775
unfunny:0.2775
justice:0.2775
brutality:0.2755
overrated:0.274
awesome soundtrack:0.27375
so bad it's funny:0.2725
happy ending:0.27125
feel-good:0.27025
great movie:0.26925
unusual plot structure:0.26825
lone hero:0.2645
clever:0.25925
friendship:0.25875
creativity:0.2565
visual:0.25425
dreams:0.25325
story:0.25075
runaway:0.2505
not funny:0.24575
police investigation:0.245
geek:0.24325
teenager:0.24325
feel good movie:0.24175
nudity (topless):0.241
silly:0.23775
weed:0.231
adapted from:book:0.23075
criterion:0.23025
melancholic:0.22675
good action:0.22625
redemption:0.22375
very funny:0.22275
nudity (topless - notable):0.2225
betrayal:0.222
harsh:0.2165
revenge:0.2165
nocturnal:0.216
corruption:0.21375
classic car:0.21225
entirely dialogue:0.21225
twists & turns:0.2115
teacher:0.21
bullying:0.20975
stupid:0.20925
destiny:0.2055
boring:0.2045
nudity (rear):0.20425
