judaism:0.87275
family drama:0.826
dysfunctional family:0.79825
family:0.795
family bonds:0.79475
predictable:0.62225
original:0.5825
jewish:0.564
catastrophe:0.556
life philosophy:0.536
mentor:0.5305
so bad it's funny:0.5235
lawyers:0.45275
bad plot:0.402
culture clash:0.38925
natural disaster:0.38275
pointless:0.378
death:0.37675
great ending:0.375
single father:0.34925
disaster:0.34375
marriage:0.3405
fantasy world:0.33975
dialogue:0.331
first contact:0.33075
kids and family:0.32025
not funny:0.31625
destiny:0.31425
lawyer:0.30875
unfunny:0.3085
cancer:0.302
boring:0.302
overrated:0.2965
divorce:0.296
runaway:0.28675
jews:0.28475
good:0.2835
lone hero:0.28325
pornography:0.2795
touching:0.27425
vengeance:0.27025
quirky:0.2685
chick flick:0.26375
police investigation:0.25975
women:0.25175
very funny:0.25025
drama:0.24825
bad cgi:0.24225
comedy:0.24225
sentimental:0.24175
infidelity:0.2415
entirely dialogue:0.236
shallow:0.23
parenthood:0.22775
romantic:0.22775
true story:0.22725
pg-13:0.22525
crude humor:0.2245
vampire human love:0.22375
story:0.223
brutality:0.22225
nudity (full frontal - brief):0.219
great acting:0.21875
storytelling:0.2165
criterion:0.2135
justice:0.21275
feel-good:0.21175
happy ending:0.21025
courage:0.208
homeless:0.2055
transformation:0.20475
slapstick:0.20425
ensemble cast:0.20225
bad ending:0.1975
redemption:0.1965
writers:0.1935
great:0.19225
sexy:0.192
teen movie:0.19075
life & death:0.18825
stereotypes:0.18475
light:0.1835
gangsters:0.17575
fight scenes:0.17375
adaptation:0.173
guilt:0.1715
finnish:0.16975
boring!:0.16825
better than expected:0.1675
chase:0.16725
feel good movie:0.167
computer animation:0.16625
earnest:0.16425
alternate history:0.16275
disability:0.16175
special effects:0.16075
big budget:0.16025
no plot:0.1595
multiple storylines:0.1595
adoption:0.159
