christmas:0.97625
computer animation:0.94125
story:0.9315
ghosts:0.931
based on a book:0.91925
visual:0.85675
animation:0.852
3d:0.83475
visually stunning:0.8255
dialogue:0.78875
redemption:0.72475
adaptation:0.72075
original:0.7155
visuals:0.71075
holiday:0.7015
special effects:0.6645
adapted from:book:0.66325
technology:0.66175
children:0.64125
storytelling:0.6365
greed:0.635
cgi:0.581
effects:0.56075
good:0.55325
supernatural:0.54925
family:0.54925
future:0.5415
script:0.5375
fantasy world:0.53425
beautiful scenery:0.53225
visually appealing:0.5305
mentor:0.5115
childhood:0.5095
stunning:0.50075
transformation:0.5005
creativity:0.49225
london:0.492
chase:0.487
classic:0.4755
pg-13:0.472
dark:0.4645
adventure:0.459
light:0.45325
great ending:0.451
books:0.4495
animals:0.44675
animated:0.4395
original plot:0.43725
catastrophe:0.431
predictable:0.42475
great movie:0.419
intense:0.41625
fairy tale:0.41575
dramatic:0.41075
great:0.41
big budget:0.40375
disney:0.4015
19th century:0.40075
fast paced:0.40075
fantasy:0.3875
stylized:0.38275
afterlife:0.37925
based on book:0.37825
entertaining:0.374
literature:0.3735
pg:0.36875
clever:0.36875
good versus evil:0.366
destiny:0.3645
secrets:0.364
suprisingly clever:0.345
scary:0.34225
imagination:0.34225
mythology:0.342
plot:0.336
breathtaking:0.334
bad cgi:0.33375
happy ending:0.3315
unusual plot structure:0.331
death:0.32925
vengeance:0.3275
action:0.3205
corruption:0.318
fun:0.31625
silly:0.3155
kids:0.3135
kids and family:0.31275
eerie:0.31175
magic:0.30925
not funny:0.30775
life philosophy:0.3035
stop motion:0.3015
loneliness:0.30025
giant robots:0.3
animal movie:0.299
entirely dialogue:0.2955
good soundtrack:0.29475
dynamic cgi action:0.2915
excellent:0.288
nocturnal:0.28725
