future:0.99625
action:0.9905
cyborgs:0.988
franchise:0.9825
arnold:0.97875
robots:0.96975
man versus machine:0.96375
big budget:0.9555
chase:0.949
sci-fi:0.94425
special effects:0.9405
good action:0.923
story:0.9195
futuristic:0.91025
end of the world:0.90375
sci fi:0.89525
sequel:0.888
scifi:0.882
action packed:0.8785
apocalypse:0.87825
car chase:0.873
fighting:0.8595
science fiction:0.85925
good sequel:0.85875
great ending:0.82375
technology:0.81825
dynamic cgi action:0.81725
time travel:0.816
android(s)/cyborg(s):0.8065
dialogue:0.8015
script:0.7975
pg-13:0.79425
assassin:0.7925
androids:0.7795
good:0.77825
destiny:0.76675
trilogy:0.766
original:0.76075
weapons:0.759
plot holes:0.756
motorcycle:0.753
fight scenes:0.7515
sequels:0.7425
crappy sequel:0.74075
fast paced:0.7235
artificial intelligence:0.72025
original plot:0.68875
alternate universe:0.686
series:0.68325
cloning:0.67
nuclear war:0.665
suspense:0.654
robot:0.651
clones:0.6465
vengeance:0.64575
post-apocalyptic:0.643
plot:0.638
cool:0.618
post apocalyptic:0.61
dystopic future:0.583
predictable:0.5795
catastrophe:0.571
exciting:0.56975
murder:0.559
explosions:0.557
twist ending:0.5565
dystopia:0.549
survival:0.5425
great movie:0.54
violence:0.53975
great:0.53175
bad acting:0.5315
cars:0.52925
intense:0.528
saturn award (best special effects):0.52675
adventure:0.52425
effects:0.52275
lone hero:0.52
mentor:0.519
alternate reality:0.51525
first contact:0.51475
bad plot:0.511
betrayal:0.50025
mother-son relationship:0.48775
revenge:0.4855
storytelling:0.485
suspenseful:0.4815
fun:0.475
police investigation:0.4545
bad ending:0.45425
cgi:0.444
silly:0.4435
gunfight:0.43825
guns:0.43125
good soundtrack:0.4285
computer animation:0.42475
bad cgi:0.4215
nudity (rear):0.42075
transformation:0.41825
better than expected:0.41675
