biographical:0.98475
olympics:0.9835
sports:0.977
mentor:0.976
biopic:0.94975
inspiring:0.88525
destiny:0.76875
inspirational:0.76475
good:0.75575
race:0.7365
based on true story:0.72975
true story:0.71775
storytelling:0.71275
great movie:0.7045
based on a true story:0.703
biography:0.7005
courage:0.69675
racing:0.66575
great:0.66525
original:0.6615
story:0.65325
dreams:0.61375
very interesting:0.611
good soundtrack:0.60875
life philosophy:0.59175
interesting:0.5685
drama:0.56175
pg-13:0.56125
childhood:0.541
unusual plot structure:0.5335
life:0.521
redemption:0.5195
transformation:0.51475
great ending:0.5125
life & death:0.49
goofy:0.488
dramatic:0.48025
catastrophe:0.47775
feel-good:0.47
creativity:0.4645
excellent:0.45675
very good:0.45475
underdog:0.452
feel good movie:0.45075
fun movie:0.4445
oscar:0.442
underrated:0.44075
boston:0.43825
intense:0.4285
graphic design:0.424
dialogue:0.42125
obsession:0.417
death:0.407
corruption:0.401
runaway:0.38225
justice:0.37975
fantasy world:0.37075
oscar (best directing):0.369
greed:0.36575
lone hero:0.36525
immortality:0.3625
vengeance:0.3605
gangsters:0.36025
friendship:0.353
predictable:0.34925
adaptation:0.34725
tragedy:0.343
nudity (full frontal - brief):0.34275
dark hero:0.34175
sacrifice:0.33875
earnest:0.33575
culture clash:0.3355
brutality:0.3355
talky:0.3325
surreal:0.331
us history:0.32975
touching:0.32625
first contact:0.325
visual:0.325
oscar (best supporting actress):0.323
very funny:0.31925
not funny:0.31925
clever:0.3175
pornography:0.316
alternate history:0.311
doctors:0.31075
narrated:0.31
factual:0.308
character study:0.30725
oscar winner:0.30525
cool:0.30275
suprisingly clever:0.302
too short:0.301
fighting:0.3005
solitude:0.2995
visually appealing:0.29825
survival:0.298
betrayal:0.29675
happy ending:0.29625
fun:0.296
