comedy:0.97675
prison escape:0.955
funny:0.914
hilarious:0.845
prison:0.8305
bank robbery:0.81
goofy:0.799
very funny:0.793
1980s:0.76325
humorous:0.73725
original:0.71725
buddy movie:0.648
screwball comedy:0.631
irreverent:0.617
saturday night live:0.6015
classic:0.57825
silly fun:0.5595
mentor:0.55875
fun movie:0.55675
chase:0.55425
brutality:0.53525
new york city:0.533
light:0.5295
quotable:0.515
great:0.50525
humor:0.5015
alter ego:0.4975
great ending:0.489
80s:0.484
dialogue:0.47575
unlikely friendships:0.457
unfunny:0.4555
spoof:0.4545
dumb but funny:0.4525
suprisingly clever:0.43825
farce:0.438
hospital:0.4375
story:0.437
great movie:0.4305
unusual plot structure:0.42625
marijuana:0.42625
adaptation:0.42525
crude humor:0.41875
catastrophe:0.41775
good:0.41675
culture clash:0.41225
harsh:0.40725
1970s:0.40625
crazy:0.4025
highly quotable:0.39125
crime:0.391
childhood:0.391
runaway:0.38975
slapstick:0.38825
creativity:0.37675
workplace:0.3725
lawyer:0.37075
chocolate:0.36975
transformation:0.3625
nudity (full frontal - brief):0.36225
good soundtrack:0.35775
vengeance:0.35125
redemption:0.351
storytelling:0.35025
parody:0.34925
comic:0.34875
screwball:0.34525
justice:0.344
adventure:0.34375
silly:0.34
stoner movie:0.34
complex:0.3385
teen movie:0.33425
crime gone awry:0.334
allegory:0.32625
friendship:0.32575
clever:0.32575
dramatic:0.32475
teen:0.32425
oscar (best directing):0.32375
corruption:0.3215
nudity (topless - notable):0.3205
surreal:0.32
suspense:0.31975
small town:0.3195
fight scenes:0.3195
suspenseful:0.319
solitude:0.31675
imdb top 250:0.3165
pornography:0.314
cult film:0.31375
fun:0.31275
dreams:0.31175
social commentary:0.31075
life & death:0.30925
witty:0.309
weird:0.3075
wilderness:0.307
criterion:0.2975
greed:0.297
