obsession:0.93875
geeks:0.904
affectionate:0.89675
original:0.82775
star trek:0.79625
documentary:0.7505
weird:0.72225
computer animation:0.6995
quirky:0.639
interesting:0.61025
geek:0.59975
new jersey:0.5855
social commentary:0.5735
very interesting:0.56175
pornography:0.56025
great ending:0.521
life philosophy:0.5165
good soundtrack:0.511
series:0.50975
fun movie:0.50225
passionate:0.497
franchise:0.4695
storytelling:0.45125
criterion:0.4495
eccentricity:0.44675
crime gone awry:0.44425
indie:0.44225
light:0.44125
irreverent:0.432
radio:0.43075
intimate:0.426
catastrophe:0.415
drinking:0.41425
great:0.413
drug abuse:0.408
dialogue:0.4075
culture clash:0.39975
talky:0.39875
honest:0.39425
sci fi:0.3925
mentor:0.384
adaptation:0.38025
melancholic:0.37975
humorous:0.37925
witty:0.3755
dark hero:0.373
stereotypes:0.368
compassionate:0.36775
loneliness:0.3675
very funny:0.35325
narrated:0.35
creativity:0.3485
earnest:0.3485
television:0.3475
greed:0.345
awesome soundtrack:0.342
voyeurism:0.3405
hip hop:0.34025
violent:0.33925
cerebral:0.33575
highly quotable:0.33475
hilarious:0.3345
enigmatic:0.3345
adapted from:book:0.326
oscar (best actress):0.32425
runaway:0.31825
free to download:0.31775
relationships:0.31675
spelling bee:0.31175
brutality:0.311
dysfunctional family:0.31025
fun:0.309
movielens top pick:0.30675
oscar (best supporting actress):0.3055
oscar (best directing):0.305
suprisingly clever:0.302
unusual plot structure:0.3
science fiction:0.29975
grindhouse:0.2975
not funny:0.295
life & death:0.2935
clever:0.29125
suicide:0.2905
quotable:0.2905
visually appealing:0.29025
insanity:0.28775
spock:0.28675
sarcasm:0.2865
corruption:0.2825
great movie:0.27975
fight scenes:0.27875
imdb top 250:0.27825
entirely dialogue:0.2775
unlikely friendships:0.275
good:0.272
tricky:0.26775
goth:0.2655
disturbing:0.265
vengeance:0.26425
segregation:0.264
