documentary:0.96875
africa:0.94225
photography:0.93225
greed:0.915
photographer:0.903
nature:0.9015
narrated:0.89175
criterion:0.853
amazing photography:0.853
biographical:0.82175
black and white:0.81425
tragedy:0.80625
humanity:0.7865
very interesting:0.78275
beautiful scenery:0.78025
stunning:0.7785
oil:0.76075
interesting:0.7585
storytelling:0.75575
oscar (best directing):0.74825
tense:0.73875
imdb top 250:0.738
original:0.736
beautifully filmed:0.722
history:0.7165
cinematography:0.691
us history:0.676
natural disaster:0.67475
oscar (best actress):0.672
melancholy:0.67175
breathtaking:0.6695
environment:0.66275
artistic:0.66225
childhood:0.662
alone in the world:0.64925
artist:0.6425
talky:0.64
mentor:0.631
genocide:0.6305
suprisingly clever:0.627
enigmatic:0.61975
oscar (best cinematography):0.60675
cerebral:0.59775
honest:0.59625
oscar (best foreign language film):0.59525
art:0.59475
jungle:0.5945
biography:0.593
biopic:0.59
downbeat:0.5885
imagination:0.58675
life philosophy:0.58525
oscar (best supporting actress):0.58375
redemption:0.57725
environmental:0.57075
police investigation:0.57075
sacrifice:0.56325
scenic:0.56325
philosophy:0.5625
factual:0.5625
original plot:0.556
social commentary:0.5535
politics:0.5495
self discovery:0.545
poignant:0.54325
life:0.53625
good:0.535
great ending:0.53325
masterpiece:0.53325
golden palm:0.53275
loneliness:0.5215
life & death:0.51775
visually stunning:0.5145
good acting:0.50975
reflective:0.50675
beautiful:0.50375
complicated:0.49775
drinking:0.4885
melancholic:0.487
poverty:0.4845
animals:0.48
story:0.4755
corruption:0.475
allegory:0.475
excellent script:0.473
complex:0.46125
travel:0.461
psychological:0.46075
character study:0.455
culture clash:0.45325
catastrophe:0.45025
creepy:0.447
unusual plot structure:0.44625
macabre:0.446
meditative:0.4455
great:0.442
brutality:0.44175
atmospheric:0.4415
brazil:0.44025
runaway:0.436
