adolescence:0.862
quirky:0.85225
coming-of-age:0.84125
coming of age:0.838
childhood:0.80575
weed:0.73325
beautifully filmed:0.719
original:0.718
criterion:0.70875
vengeance:0.69025
new zealand:0.67475
melancholic:0.66025
treasure hunt:0.63875
deadpan:0.631
runaway:0.6215
off-beat comedy:0.5895
pornography:0.5825
harsh:0.57875
oscar (best foreign language film):0.5685
unusual plot structure:0.56375
storytelling:0.5415
weird:0.53575
intimate:0.53325
affectionate:0.52775
social commentary:0.52625
bleak:0.51875
imagination:0.51375
nostalgic:0.51275
compassionate:0.51175
culture clash:0.48775
reflective:0.4805
good soundtrack:0.478
visually appealing:0.47125
suprisingly clever:0.4695
dreams:0.46725
bittersweet:0.4545
small town:0.452
family drama:0.45025
dramatic:0.445
unlikely friendships:0.44425
fantasy world:0.43875
tragedy:0.43775
heartbreaking:0.437
catastrophe:0.436
mentor:0.43575
artistic:0.433
allegory:0.43225
drama:0.43075
cult classic:0.4275
indie:0.42675
cinematography:0.423
creativity:0.41875
dysfunctional family:0.417
macabre:0.41375
great:0.41375
transformation:0.4125
bullying:0.4075
light:0.403
obsession:0.40125
solitude:0.3955
stereotypes:0.394
poignant:0.3905
stylized:0.3825
death:0.38175
sacrifice:0.3795
poverty:0.37475
existentialism:0.3735
finnish:0.366
life philosophy:0.3655
very funny:0.3635
life:0.3555
touching:0.355
brutality:0.3505
humorous:0.35
depressing:0.34525
depression:0.34475
downbeat:0.339
ethnic conflict:0.33725
narrated:0.33225
dialogue:0.33175
friendship:0.327
forceful:0.31825
surreal:0.317
drug abuse:0.31575
story:0.31425
greed:0.3135
destiny:0.31225
melancholy:0.311
children:0.3095
oscar (best supporting actress):0.30925
idealism:0.3075
enigmatic:0.304
golden palm:0.30225
road movie:0.301
loneliness:0.3005
dystopia:0.29875
great ending:0.29775
life & death:0.2975
prison:0.29725
tokyo:0.295
