catholicism:0.97975
adolescence:0.9755
coming-of-age:0.94175
coming of age:0.9385
original:0.861
mentor:0.851
based on a book:0.85
storytelling:0.836
superheroes:0.8295
adapted from:book:0.82775
based on book:0.82275
childhood:0.816
good soundtrack:0.8055
friendship:0.80225
sexual abuse:0.7885
teen movie:0.77475
unlikely friendships:0.76925
rebellion:0.7635
comic book:0.7585
weird:0.75025
visually appealing:0.74525
vengeance:0.73725
drinking:0.7355
story:0.7295
super hero:0.72875
revenge:0.726
dark:0.7255
independent film:0.7165
harsh:0.71
downbeat:0.70775
cult classic:0.70625
drama:0.6945
dramatic:0.694
narrated:0.6925
adaptation:0.68625
superhero:0.68625
great:0.67775
great movie:0.675
dark humor:0.672
teen:0.6595
redemption:0.652
school:0.65025
fantasy world:0.6495
dark hero:0.64775
religion:0.64675
secrets:0.6465
runaway:0.6425
alter ego:0.6365
complex:0.636
reflective:0.63525
brutality:0.6225
1970s:0.6225
small town:0.62025
great acting:0.61375
teacher:0.6115
violent:0.61025
pg-13:0.60975
social commentary:0.608
books:0.60475
irish accent:0.6
melancholic:0.5915
life & death:0.58975
cool:0.57075
interesting:0.5685
stylish:0.563
pornography:0.56125
fight scenes:0.55525
great ending:0.55325
stylized:0.547
nostalgic:0.544
imagination:0.5355
male nudity:0.528
teens:0.5275
comic:0.52425
bleak:0.52275
violence:0.52075
distopia:0.51825
classic car:0.51475
drugs:0.51425
corruption:0.51325
talky:0.51325
dialogue:0.51325
creativity:0.51225
teenager:0.506
depression:0.506
sexualized violence:0.50175
fantasy:0.495
alternate universe:0.4855
psychology:0.48525
dreams:0.4845
underrated:0.481
nudity (topless - notable):0.4805
good:0.4755
indie:0.4745
visual:0.472
excellent:0.47175
realistic:0.471
intense:0.47075
grim:0.46925
good acting:0.469
