slasher:0.987
horror:0.985
franchise:0.95225
scary:0.94475
original:0.85025
fun movie:0.84025
parody:0.794
bloody:0.78175
splatter:0.7715
teen movie:0.76775
gory:0.735
serial killer:0.70575
teens:0.69175
suspense:0.68925
twist ending:0.63625
murder:0.63275
great ending:0.624
sequel:0.61975
predictable:0.611
brutality:0.58225
twists & turns:0.56875
teen:0.54425
dialogue:0.5435
blood:0.5385
goofy:0.5305
remake:0.51975
suspenseful:0.5195
good sequel:0.51175
clever:0.51075
pg-13:0.51025
gay character:0.50975
satirical:0.504
series:0.49925
nostalgic:0.498
creepy:0.487
witty:0.48525
brutal:0.48275
gore:0.482
sequels:0.48075
police investigation:0.48025
nudity (topless - notable):0.47225
fun:0.46825
trilogy:0.44925
vengeance:0.448
gruesome:0.44375
pointless:0.43925
catastrophe:0.435
spoof:0.43375
writers:0.4275
violence:0.42575
not funny:0.42275
mentor:0.419
pornography:0.41175
chase:0.403
great:0.401
good soundtrack:0.398
great movie:0.39625
intense:0.38975
halloween:0.38175
death:0.38175
torture:0.38
family:0.3785
grindhouse:0.37375
runaway:0.36975
unlikeable characters:0.3695
geeks:0.369
revenge:0.36825
transformation:0.3525
high school:0.351
silly fun:0.35
adaptation:0.345
satire:0.34225
original plot:0.3415
supernatural:0.33875
humor:0.3305
monster:0.33
first contact:0.3255
unfunny:0.32375
weapons:0.32375
sexy:0.3205
betrayal:0.32025
violent:0.32
visually appealing:0.30525
destiny:0.30525
affectionate:0.30025
overrated:0.29925
good:0.296
imdb top 250:0.2895
technology:0.28925
entirely dialogue:0.28875
storytelling:0.28825
idiotic:0.28725
fight scenes:0.27675
light:0.2745
cult classic:0.27075
demons:0.2705
humorous:0.26925
good action:0.26725
melancholic:0.2655
stereotypes:0.264
