love story:0.94625
love:0.916
romance:0.9075
afterlife:0.87725
destiny:0.86425
romantic:0.81225
original:0.694
whimsical:0.62675
life philosophy:0.60825
sappy:0.5785
life & death:0.5285
existentialism:0.519
big budget:0.51475
absurd:0.50625
fantasy:0.49575
immortality:0.48075
chick flick:0.47125
weird:0.4645
mentor:0.4615
feel-good:0.438
beautiful scenery:0.436
catastrophe:0.43225
great:0.40775
quirky:0.38825
great ending:0.38775
feel good movie:0.36475
sweet:0.36
first contact:0.35975
natural disaster:0.35775
solitude:0.3565
brutality:0.3555
predictable:0.35025
writers:0.35
disaster:0.34925
adventure:0.34725
cute:0.34525
melancholic:0.34075
surreal:0.32925
transformation:0.3255
dialogue:0.3245
life:0.3165
cute!:0.31075
pornography:0.31025
boston:0.30825
storytelling:0.30725
weapons:0.3065
culture clash:0.30475
relationships:0.30275
not funny:0.29975
family:0.29525
memory:0.29075
romantic comedy:0.29025
passionate:0.2895
supernatural:0.285
touching:0.28
story:0.27825
cult film:0.26925
fantasy world:0.268
boring:0.26725
redemption:0.26475
happy ending:0.26025
fight scenes:0.26
lone hero:0.25725
ghosts/afterlife:0.25625
fun movie:0.25275
drinking:0.24825
unfunny:0.248
grindhouse:0.2475
shallow:0.2465
vengeance:0.2465
runaway:0.24525
nudity (full frontal - brief):0.24425
unusual plot structure:0.24325
loneliness:0.24025
art:0.2375
pg-13:0.23575
time:0.2335
sexy:0.2335
special effects:0.23325
crude humor:0.23075
good soundtrack:0.23
bad plot:0.23
adaptation:0.22625
80s:0.22425
entirely dialogue:0.22425
so bad it's funny:0.224
blindness:0.22275
alternate endings:0.2215
dreamlike:0.22075
childhood:0.2205
sexualized violence:0.219
justice:0.21525
underrated:0.212
drama:0.2115
light:0.21075
god:0.21025
science fiction:0.2095
suprisingly clever:0.2085
sci fi:0.20625
criterion:0.2005
