sexualized violence:0.99775
rape:0.9935
brutality:0.9885
brutal:0.9795
vengeance:0.9725
violence:0.97025
disturbing:0.95825
controversial:0.95775
violent:0.95375
hard to watch:0.9535
pornography:0.939
visceral:0.9205
innocence lost:0.90075
revenge:0.88625
art house:0.883
dark:0.8645
nudity (full frontal - notable):0.85825
gratuitous violence:0.8495
storytelling:0.824
psychological:0.81975
male nudity:0.808
weird:0.8045
intense:0.79475
enigmatic:0.7875
nudity (topless - notable):0.775
censorship:0.76325
nonlinear:0.752
original:0.7495
harsh:0.7465
psychology:0.743
sexual abuse:0.73025
nudity (full frontal):0.71775
graphic novel:0.711
stylized:0.6945
good soundtrack:0.6925
social commentary:0.69125
non-linear:0.6895
melancholic:0.6845
bleak:0.6825
sexual:0.67275
bloody:0.65625
art:0.65125
artistic:0.65
great ending:0.64075
obsession:0.6325
erotic:0.63225
sex:0.63225
artsy:0.62975
surreal:0.62925
cinematography:0.61725
stylish:0.616
murder:0.60975
golden palm:0.604
criterion:0.594
twists & turns:0.59125
secrets:0.591
interesting:0.589
serial killer:0.58725
complex:0.58625
intimate:0.5855
insanity:0.584
grim:0.5785
twist:0.56825
pointless:0.5655
dialogue:0.558
mindfuck:0.5555
guilt:0.5545
voyeurism:0.54475
powerful ending:0.53825
pulp:0.537
confusing:0.53575
thought-provoking:0.5275
sexy:0.52725
crime:0.52625
incest:0.524
vigilantism:0.522
brainwashing:0.5205
visually appealing:0.52025
very interesting:0.5155
reflective:0.51175
betrayal:0.50925
hallucinatory:0.50775
talky:0.5055
masterpiece:0.504
relationships:0.50375
torture:0.50275
forceful:0.50275
police investigation:0.492
loneliness:0.49125
tense:0.49025
tragedy:0.48825
grindhouse:0.48525
pretentious:0.4815
gruesome:0.4735
narrated:0.4705
atmospheric:0.4705
visually stunning:0.464
intellectual:0.4615
plot:0.45725
nudity (full frontal - brief):0.45675
