nudity (full frontal - notable):0.9305
nudity (full frontal):0.81325
neo-noir:0.8005
sexy:0.78975
original:0.786
twists & turns:0.77375
small town:0.75725
based on a book:0.748
film noir:0.73475
surveillance:0.70075
murder:0.6675
noir:0.656
adaptation:0.616
notable nudity:0.586
pornography:0.572
runaway:0.57125
texas:0.5575
nudity (topless - notable):0.552
mentor:0.5345
erotic:0.52625
greed:0.512
alter ego:0.49075
sexualized violence:0.488
great ending:0.47875
very interesting:0.44975
sex:0.449
cars:0.446
good soundtrack:0.445
weapons:0.444
drinking:0.44125
sexual:0.4385
brutality:0.4355
devil:0.434
life philosophy:0.42925
pulp:0.425
male nudity:0.424
nocturnal:0.415
gangsters:0.414
corruption:0.4095
criterion:0.40925
teen movie:0.40825
classic car:0.40625
dialogue:0.4035
catastrophe:0.401
redemption:0.39825
gunfight:0.39625
crime gone awry:0.39325
storytelling:0.39225
unusual plot structure:0.38775
dark hero:0.3865
colourful:0.384
classic:0.38125
moral ambiguity:0.37825
high school:0.3775
manipulation:0.3765
teens:0.3755
good:0.369
visually appealing:0.36775
not funny:0.367
melancholic:0.36675
violence:0.3635
betrayal:0.3625
predictable:0.36225
imdb top 250:0.36175
bdsm:0.3615
nudity (rear):0.3515
suprisingly clever:0.35075
destiny:0.346
vengeance:0.34325
stylish:0.33925
culture clash:0.3385
atmospheric:0.33825
great:0.3355
nudity (full frontal - brief):0.33525
story:0.32525
teen:0.32325
creativity:0.31925
light:0.319
oscar (best supporting actress):0.3185
allegory:0.318
nudity (topless):0.317
suspense:0.31625
police corruption:0.31625
twist ending:0.31475
robbery:0.31475
lone hero:0.3125
mob:0.309
adapted from:book:0.309
police investigation:0.30725
revenge:0.3065
interesting:0.30425
violent:0.302
enigmatic:0.30125
fantasy world:0.29825
overrated:0.29325
quirky:0.29275
stylized:0.292
grindhouse:0.29075
entirely dialogue:0.29
visual:0.29
