animation:0.977
single father:0.9035
good sequel:0.8895
comedy:0.87525
computer animation:0.87425
funny:0.85925
sequels:0.8575
family:0.8515
cute:0.80325
animated:0.7795
original:0.768
fun movie:0.763
hilarious:0.75625
visually appealing:0.75225
cute!:0.72025
adoption:0.70575
crude humor:0.69025
kids:0.6875
sequel:0.686
mad scientist:0.68275
entertaining:0.6505
children:0.64675
anti-hero:0.638
very funny:0.636
animals:0.6135
fun:0.6055
heartwarming:0.5985
silly:0.5965
cartoon:0.5935
good:0.5915
watch the credits:0.58775
story:0.5745
clever:0.57325
3d:0.558
pg-13:0.54975
no plot:0.544
goofy:0.51975
great:0.5175
creativity:0.514
dialogue:0.5125
love:0.509
original plot:0.5035
humorous:0.4835
transformation:0.48075
suprisingly clever:0.48
catastrophe:0.47725
better than expected:0.4705
franchise:0.47025
childhood:0.47025
good versus evil:0.463
kids and family:0.46025
happy ending:0.45025
plot:0.4455
stereotypes:0.44475
romance:0.44475
culture clash:0.43375
talking animals:0.43375
predictable:0.43275
spying:0.4325
adventure:0.431
girlie movie:0.4285
silly fun:0.42525
runaway:0.421
pixar animation:0.41875
great ending:0.415
storytelling:0.4105
feel good movie:0.4095
nerds:0.40625
witty:0.40475
orphans:0.40075
destiny:0.39625
love story:0.37775
feel-good:0.3675
humor:0.36675
sweet:0.36325
good soundtrack:0.359
disney:0.359
betrayal:0.355
beautiful scenery:0.35375
chase:0.353
pornography:0.3425
romantic:0.342
slapstick:0.342
redemption:0.341
mentor:0.33975
colourful:0.337
animal movie:0.33475
friendship:0.3295
visuals:0.31925
superheroes:0.31675
life philosophy:0.31525
visually stunning:0.3105
light:0.3055
pixar:0.30425
unlikely friendships:0.302
fast paced:0.29575
pg:0.29175
secrets:0.29175
great movie:0.2875
nostalgic:0.28425
