fun movie:0.9335
goofy:0.8765
fight scenes:0.8675
mentor:0.8515
action:0.727
light:0.723
original:0.6965
cool:0.668
chase:0.63
good action:0.59375
dialogue:0.591
fun:0.58625
great movie:0.58375
lone hero:0.58325
cars:0.58325
gangsters:0.564
silly:0.54525
great:0.53675
silly fun:0.5255
fighting:0.51925
big budget:0.5155
story:0.50325
fast paced:0.50075
beer:0.49375
corruption:0.49325
good:0.489
adventure:0.483
buddy movie:0.477
alter ego:0.47275
comedy:0.4715
sports:0.46525
family drama:0.465
intense:0.4485
monster:0.4485
80s:0.44225
dark hero:0.44075
catastrophe:0.43925
action packed:0.41325
nocturnal:0.40825
runaway:0.408
franchise:0.40575
cult film:0.40125
cult classic:0.39575
funny:0.394
very funny:0.388
melancholic:0.3845
gunfight:0.381
drama:0.38
pornography:0.37725
great ending:0.377
exciting:0.37675
revenge:0.37575
underrated:0.375
science fiction:0.3745
moral ambiguity:0.374
entertaining:0.37275
brutality:0.37225
redemption:0.36575
1970s:0.3615
future:0.36025
underdog:0.36
quotable:0.35875
murder:0.35675
first contact:0.35475
sci fi:0.35375
existentialism:0.35275
slapstick:0.34875
life philosophy:0.34625
nostalgic:0.34525
storytelling:0.34025
good soundtrack:0.33975
fantasy world:0.33675
sexualized violence:0.33575
author:neil gaiman:0.3325
high fantasy:0.33125
predictable:0.326
highly quotable:0.3255
apocalypse:0.32275
classic car:0.321
original plot:0.32
superheroes:0.3185
not funny:0.31575
adapted from:book:0.31325
nerds:0.31325
childhood:0.3125
mad scientist:0.30875
harsh:0.30825
pg-13:0.30425
foul language:0.3005
adaptation:0.299
drinking:0.29825
police investigation:0.29775
violence:0.29525
vengeance:0.29275
saturn award (best special effects):0.29175
hollywood:0.28975
culture clash:0.28925
criterion:0.287
kidnapping:0.2865
new jersey:0.2835
