dark humor:0.9885
horror:0.9775
splatter:0.9555
cult classic:0.94
cannibalism:0.93375
cult film:0.91125
weird:0.874
gory:0.86525
macabre:0.85475
black comedy:0.8375
original:0.83375
creepy:0.82925
bloody:0.8005
dark comedy:0.78675
grindhouse:0.7785
fun movie:0.77125
nudity (full frontal - notable):0.76525
gruesome:0.7605
disturbing:0.748
low budget:0.70275
cult:0.6955
dark:0.69525
campy:0.695
slasher:0.684
road movie:0.677
violence:0.6755
suspense:0.64225
goofy:0.6405
atmospheric:0.635
nudity (full frontal):0.62475
violent:0.6175
camp:0.616
brutality:0.5975
blood:0.5925
survival:0.588
1980s:0.58525
demons:0.577
scary:0.57575
murder:0.568
stylish:0.566
serial killer:0.55225
bizarre:0.549
great ending:0.5455
good soundtrack:0.54075
tense:0.5345
zombie:0.52675
quirky:0.525
80s:0.52075
sexualized violence:0.5205
visceral:0.5155
gore:0.51425
harsh:0.50525
revenge:0.50325
parody:0.487
comedy:0.4835
dialogue:0.47825
death:0.462
so bad it's funny:0.46175
nudity (topless):0.44825
insanity:0.44825
brutal:0.437
sisters:0.4325
humorous:0.432
mentor:0.42275
dysfunctional family:0.41625
absurd:0.41525
texas:0.4125
adaptation:0.411
monster:0.4045
strange:0.4035
fun:0.4
grim:0.399
multiple storylines:0.394
melancholic:0.394
catastrophe:0.393
satirical:0.386
pigs:0.386
gothic:0.384
loneliness:0.37625
goretastic:0.3745
supernatural:0.37325
nudity (topless - notable):0.3695
clever:0.368
predictable:0.358
nocturnal:0.354
dark hero:0.349
dark fantasy:0.34475
cinematography:0.34125
stylized:0.33825
pornography:0.336
suspenseful:0.3355
wilderness:0.3325
goth:0.332
secrets:0.328
psychological:0.32675
great:0.32675
teens:0.3255
unusual plot structure:0.3245
satire:0.324
entirely dialogue:0.32325
