caper:0.99225
heist:0.99
fun movie:0.88175
twists & turns:0.87525
comedy:0.87125
art:0.87
romantic comedy:0.86825
witty:0.85925
light:0.8565
crime:0.84475
suspense:0.84125
clever:0.8295
romantic:0.82725
great movie:0.80975
great:0.78625
romance:0.76125
imdb top 250:0.75375
entertaining:0.7515
greed:0.74875
original:0.74725
police investigation:0.73675
secrets:0.7305
oscar (best actress):0.729
criterion:0.7205
love story:0.71475
dialogue:0.71175
paris:0.70975
screwball comedy:0.704
great ending:0.67625
fun:0.651
mentor:0.646
farce:0.6405
runaway:0.63375
talky:0.626
artistic:0.611
obsession:0.61025
chase:0.60825
oscar (best directing):0.60525
good:0.60525
oscar (best supporting actress):0.60375
robbery:0.6025
feel-good:0.6005
unusual plot structure:0.599
beautiful scenery:0.59225
story:0.58375
destiny:0.582
sweet:0.56425
british:0.55675
visually appealing:0.55625
classic:0.5495
love:0.547
nostalgic:0.54125
affectionate:0.53125
happy ending:0.52625
complicated plot:0.525
based on a play:0.52425
great acting:0.5235
con artists:0.5155
beautifully filmed:0.50625
movielens top pick:0.50525
feel good movie:0.50475
fast paced:0.50225
interesting:0.493
good acting:0.49
adapted from:book:0.478
adventure:0.47425
thriller:0.474
sexy:0.474
excellent:0.47325
culture clash:0.4695
assassination:0.468
enigmatic:0.4665
beautiful:0.465
investigation:0.464
costume drama:0.4585
life philosophy:0.45375
artist:0.45175
justice:0.44925
catastrophe:0.44825
entirely dialogue:0.448
storytelling:0.446
cute:0.441
excellent script:0.43825
suprisingly clever:0.4375
tense:0.43575
heartwarming:0.427
wine:0.42675
cute!:0.42575
cerebral:0.4245
murder:0.4245
oscar winner:0.423
funny:0.42275
stunning:0.4215
corruption:0.41975
perfect:0.419
murder mystery:0.41575
atmospheric:0.41525
scenic:0.4145
whimsical:0.41075
breathtaking:0.40825
