fighting:0.99025
franchise:0.987
boxing:0.9765
mentor:0.9565
sports:0.92475
underdog:0.923
series:0.892
fight scenes:0.875
good sequel:0.836
action packed:0.83425
action:0.80325
fun movie:0.74625
original:0.73675
great movie:0.722
good action:0.71
great:0.68475
brutality:0.68375
cool:0.66175
vengeance:0.63975
80s:0.6345
good:0.622
predictable:0.61625
entertaining:0.60975
alter ego:0.60075
sequel:0.59625
70mm:0.5565
chase:0.55075
death:0.54825
inspirational:0.5405
family drama:0.53925
dark hero:0.53875
destiny:0.51825
story:0.5135
silly fun:0.51125
lone hero:0.50325
transformation:0.4985
intense:0.49775
redemption:0.49675
great ending:0.4925
revenge:0.48825
dialogue:0.486
superheroes:0.47725
nostalgic:0.476
fun:0.4665
not funny:0.45425
bad plot:0.44625
drama:0.44475
los angeles:0.44125
trilogy:0.4395
silly:0.439
goofy:0.437
honest:0.4345
catastrophe:0.425
sequels:0.40325
dynamic cgi action:0.40275
exciting:0.40125
russia:0.39975
pg-13:0.3935
immortality:0.38625
special effects:0.38525
weapons:0.3815
big budget:0.375
storytelling:0.37275
fast paced:0.37225
sci fi:0.37075
life philosophy:0.3675
awesome soundtrack:0.367
super hero:0.3655
unlikely friendships:0.3605
oscar (best picture):0.35425
good soundtrack:0.346
violence:0.3435
childhood:0.3415
culture clash:0.341
motorcycle:0.33825
saturn award (best special effects):0.33825
cheesy:0.333
friendship:0.3305
family:0.33
runaway:0.3285
golf:0.32625
camp:0.32625
adventure:0.32375
new york city:0.3195
feel-good:0.31275
oscar (best directing):0.30925
betrayal:0.3085
gangsters:0.30825
crappy sequel:0.30425
adaptation:0.304
first contact:0.30225
over the top:0.296
pulp:0.29375
train:0.29275
fantasy world:0.292
time:0.2885
visually stunning:0.28625
ninja:0.2855
inspiring:0.28475
buddy movie:0.2845
