con artists:0.987
caper:0.93325
twists & turns:0.927
heist:0.9115
con men:0.868
plot twist:0.82225
romance:0.814
entertaining:0.7775
mentor:0.754
twist:0.7505
fun movie:0.7005
new orleans:0.69825
great ending:0.67825
romantic:0.66975
fast paced:0.65975
tricky:0.654
plot:0.6525
sexy:0.65025
action:0.60925
clever:0.60175
twist ending:0.6015
gambling:0.5965
crime:0.59225
original:0.581
predictable:0.58025
pg-13:0.57
dialogue:0.56825
suspense:0.555
amazing cinematography:0.548
surprise ending:0.54075
catastrophe:0.53875
very interesting:0.5275
love story:0.5205
betrayal:0.51275
great:0.512
bad ending:0.50925
happy ending:0.49675
pornography:0.49475
better than expected:0.489
stylish:0.48625
greed:0.48625
good acting:0.46525
complicated:0.4615
chase:0.45575
interesting:0.449
life philosophy:0.44875
cool:0.44775
hotel:0.44625
good:0.44475
manipulation:0.4195
corruption:0.418
revenge:0.4165
cheating:0.41425
romantic comedy:0.405
drama:0.404
argentina:0.39725
police investigation:0.3925
entirely dialogue:0.3865
las vegas:0.38475
grindhouse:0.38425
not funny:0.38025
natural disaster:0.37375
complicated plot:0.3695
good soundtrack:0.3675
unusual plot structure:0.36575
spying:0.36425
nudity (topless - notable):0.362
classic car:0.3605
complex:0.34225
drinking:0.337
great acting:0.33225
storytelling:0.32875
product placement:0.32125
exciting:0.319
culture clash:0.31675
cinematography:0.312
plot holes:0.31125
silly fun:0.31
justice:0.30875
unrealistic:0.3085
unfunny:0.30825
parallel universe:0.30825
beautiful scenery:0.305
crude humor:0.304
relationships:0.3035
obsession:0.3025
ocean:0.3
witty:0.29825
technology:0.298
silly:0.293
murder:0.29175
comedy:0.2905
runaway:0.287
first contact:0.28525
fun:0.2825
so bad it's funny:0.2825
melancholic:0.27975
anti-hero:0.279
vengeance:0.278
shallow:0.27675
