genocide:0.90475
storytelling:0.8215
criterion:0.816
existentialism:0.7855
mentor:0.7605
talky:0.75775
original:0.75475
imdb top 250:0.74975
cerebral:0.74675
enigmatic:0.73975
visual:0.676
very interesting:0.665
philosophical:0.66375
history:0.65975
great:0.65325
loneliness:0.651
melancholic:0.64525
childhood:0.6375
social commentary:0.63725
artistic:0.6335
monster:0.62375
visually stunning:0.6215
life philosophy:0.61275
us history:0.60925
reflective:0.60625
oscar (best directing):0.59675
life & death:0.594
art:0.5905
weird:0.58625
beautifully filmed:0.58625
light:0.56075
cinematography:0.5425
visually appealing:0.54075
philosophy:0.52975
cult classic:0.5295
greed:0.52925
poignant:0.529
transformation:0.524
eccentricity:0.52275
culture clash:0.52175
allegory:0.52175
narrated:0.5205
adapted from:book:0.52
drinking:0.51775
humorous:0.51725
artist:0.50375
documentary:0.5035
golden palm:0.50275
oscar (best supporting actress):0.49675
story:0.49175
solitude:0.4855
true story:0.48525
interesting:0.481
affectionate:0.48075
catastrophe:0.47725
great ending:0.47675
suprisingly clever:0.47375
imagination:0.469
dramatic:0.4665
poetry:0.465
cult film:0.46
very funny:0.45825
breathtaking:0.45625
funny:0.45475
atmospheric:0.45175
intense:0.44875
literature:0.448
great movie:0.44475
downbeat:0.4435
monsters:0.442
melancholy:0.44175
biographical:0.44025
intimate:0.43925
meditative:0.43775
clever:0.437
quotable:0.4325
free to download:0.4295
based on book:0.4295
oscar (best actress):0.427
obsession:0.4265
beautiful scenery:0.42475
distopia:0.42475
unlikely friendships:0.424
creativity:0.42275
dialogue:0.421
unusual plot structure:0.4205
humanity:0.4195
adaptation:0.418
witty:0.4175
good soundtrack:0.411
masterpiece:0.411
great acting:0.41
nudity (full frontal - brief):0.408
runaway:0.40525
nocturnal:0.39925
notable soundtrack:0.395
thought-provoking:0.39175
movielens top pick:0.3885
hotel:0.38725
gunfight:0.3865
