islam:0.9645
oscar (best editing):0.96275
based on a true story:0.918
true story:0.91575
intense:0.88875
tragedy:0.88575
courage:0.885
tense:0.878
9/11:0.8735
emotional:0.86675
visceral:0.843
powerful ending:0.825
oscar (best directing):0.8235
original:0.8115
dramatic:0.811
based on true story:0.78725
heartbreaking:0.782
sacrifice:0.7735
factual:0.7585
suspenseful:0.7465
suspense:0.73625
terrorism:0.7335
realistic:0.72775
imdb top 250:0.71575
hard to watch:0.71525
interesting:0.68025
survival:0.6705
manipulation:0.66475
controversial:0.65725
claustrophobic:0.655
catastrophe:0.649
drama:0.60825
honest:0.6
weapons:0.592
forceful:0.59075
politics:0.58225
family:0.58225
story:0.58
dialogue:0.5735
greed:0.573
great ending:0.5715
brutality:0.5695
propaganda:0.56125
pg-13:0.56
social commentary:0.55725
good:0.55025
cathartic:0.53625
good acting:0.53125
conspiracy:0.51275
violence:0.511
conspiracy theory:0.5045
innocence lost:0.5015
harsh:0.49425
new york city:0.49325
storytelling:0.492
culture clash:0.47475
great acting:0.47425
us history:0.4735
political:0.46425
light:0.464
brainwashing:0.4595
clever:0.4505
runaway:0.449
boston:0.44775
life & death:0.445
intimate:0.44325
complex:0.43675
mentor:0.4295
great:0.42725
natural disaster:0.4265
happy ending:0.425
corruption:0.4235
history:0.41975
surveillance:0.41375
adapted from:book:0.41125
ethnic conflict:0.41075
good soundtrack:0.409
not funny:0.40825
betrayal:0.40475
very good:0.39975
big budget:0.3995
oscar (best picture):0.3985
melancholic:0.39675
police investigation:0.3955
great movie:0.395
earnest:0.39125
loneliness:0.39025
aviation:0.388
redemption:0.38375
paranoid:0.3825
california:0.3805
thriller:0.38
violent:0.37925
cinematography:0.3775
memory:0.377
destiny:0.37675
religion:0.3755
murder:0.37525
thought-provoking:0.37425
oscar winner:0.37425
