robots:0.999
robot:0.995
future:0.992
dystopia:0.99175
scifi:0.99175
sci-fi:0.99
futuristic:0.9895
post-apocalyptic:0.98225
science fiction:0.982
technology:0.97875
cyberpunk:0.97775
androids:0.97525
artificial intelligence:0.97425
sci fi:0.957
post apocalyptic:0.953
desert:0.91725
humanity:0.88075
end of the world:0.86875
environment:0.8595
visual:0.85725
plot holes:0.841
giant robots:0.82675
android(s)/cyborg(s):0.815
intelligent sci-fi:0.811
life philosophy:0.8055
bleak:0.793
dystopic future:0.78875
visually appealing:0.7825
cerebral:0.76075
philosophical:0.75075
apocalypse:0.73825
original:0.7375
slow paced:0.71925
story:0.7105
first contact:0.69625
visually stunning:0.69475
special effects:0.69125
catastrophe:0.679
allegory:0.67125
suspense:0.6515
thought-provoking:0.6505
clones:0.643
alone in the world:0.64125
cinematography:0.64025
plot:0.63075
distopia:0.61475
good soundtrack:0.61375
social commentary:0.609
existentialism:0.60675
evolution:0.57275
solitude:0.56675
bad script:0.56
secrets:0.558
action:0.55775
drama:0.5575
survival:0.55625
cyborgs:0.53125
dialogue:0.52975
storytelling:0.52625
cloning:0.51675
great ending:0.51325
big budget:0.511
complex:0.51
violent:0.50475
atmospheric:0.504
bad ending:0.49725
destiny:0.49275
bad acting:0.4825
weird:0.48125
underrated:0.47775
weapons:0.477
runaway:0.4735
philip k. dick:0.471
mindfuck:0.47075
unusual plot structure:0.46975
greed:0.46675
life & death:0.4645
transformation:0.454
interesting:0.443
good acting:0.4395
beautiful scenery:0.438
astronauts:0.4365
brutality:0.436
man versus machine:0.43225
thriller:0.42725
visuals:0.418
enigmatic:0.41725
low budget:0.4165
chase:0.4155
stylized:0.41325
alternate universe:0.4125
violence:0.40725
mentor:0.4065
immortality:0.4065
suprisingly clever:0.40625
science:0.39725
murder:0.3955
creativity:0.39225
philosophy:0.3915
predictable:0.39125
