noir thriller:0.99925
noir:0.9805
organized crime:0.95975
film noir:0.9595
crime:0.94825
police corruption:0.94275
imdb top 250:0.941
mob:0.932
violent:0.91725
corruption:0.914
talky:0.908
violence:0.89875
investigation:0.89525
moral ambiguity:0.88775
gunfight:0.88625
bleak:0.87925
murder:0.8705
forceful:0.8705
criterion:0.87
classic:0.86875
police investigation:0.865
gangsters:0.854
brutality:0.85375
revenge:0.8485
obsession:0.8445
detective:0.84025
gangster:0.8365
vengeance:0.836
grim:0.836
black and white:0.83225
lone hero:0.832
mafia:0.83125
cynical:0.82725
tense:0.81725
original:0.8125
gritty:0.80775
political corruption:0.79075
visceral:0.78675
greed:0.78125
runaway:0.77675
sexy:0.76625
downbeat:0.766
narrated:0.762
california:0.759
oscar (best directing):0.75675
police:0.74475
censorship:0.74225
fast paced:0.735
neo-noir:0.72425
los angeles:0.71925
oscar (best actress):0.719
paranoid:0.7105
suspense:0.701
twists & turns:0.69525
complicated plot:0.6935
golden palm:0.68975
complicated:0.68775
crime gone awry:0.683
assassination:0.67625
dialogue driven:0.6755
light:0.67275
enigmatic:0.66775
interesting:0.6675
drama:0.663
stylish:0.66275
confrontational:0.66175
vigilante:0.6615
stylized:0.66025
complex:0.65925
witty:0.6585
atmospheric:0.657
great ending:0.654
nocturnal:0.64325
dialogue:0.64
affectionate:0.63925
suicide:0.63725
redemption:0.6335
masterpiece:0.63175
intense:0.625
movielens top pick:0.622
drinking:0.61725
highly quotable:0.61275
cinematography:0.60925
justice:0.60775
betrayal:0.60675
storytelling:0.603
thriller:0.60225
oscar (best supporting actress):0.6
disturbing:0.5945
harsh:0.593
great acting:0.59125
cerebral:0.5895
chase:0.58475
anti-hero:0.5825
dark:0.57725
1950s:0.57375
suprisingly clever:0.57175
manipulation:0.571
morality:0.5695
vigilantism:0.5695
