camp:0.995
gay character:0.954
musical:0.94725
teen movie:0.85625
gay:0.84025
stereotypes:0.8255
dancing:0.81575
good soundtrack:0.792
queer:0.7825
teen:0.76675
music:0.7665
adolescence:0.74475
good music:0.72225
mentor:0.69875
dance:0.6905
original:0.68175
great soundtrack:0.67975
teens:0.65675
drama:0.6115
broadway:0.5965
great music:0.595
fun:0.582
cross dressing:0.571
independent film:0.566
high school:0.55925
musicians:0.555
unlikely friendships:0.54375
teenager:0.535
feel-good:0.52325
dialogue:0.5175
coming-of-age:0.51625
great ending:0.51475
pg-13:0.512
entirely dialogue:0.50725
coming of age:0.5045
weird:0.49425
new jersey:0.49375
teenagers:0.483
awesome soundtrack:0.46325
feel good movie:0.457
predictable:0.457
geeks:0.4345
based on a play:0.4275
runaway:0.423
culture clash:0.42075
grindhouse:0.418
friendship:0.4105
catastrophe:0.40925
directorial debut:0.40625
pornography:0.3965
redemption:0.39625
good:0.376
great:0.37525
campy:0.37125
so bad it's funny:0.371
stoner movie:0.36425
homosexuality:0.36025
not funny:0.3565
storytelling:0.355
bollywood:0.35375
glbt:0.351
fantasy world:0.35
entertaining:0.3475
cult classic:0.34525
girlie movie:0.3395
visually appealing:0.3345
shallow:0.334
teacher:0.33375
bad acting:0.333
quirky:0.3325
nudity (full frontal - brief):0.327
segregation:0.32075
brutality:0.3185
life philosophy:0.31675
school:0.30925
fun movie:0.307
adaptation:0.3055
better than expected:0.30525
cult film:0.3045
bullying:0.29625
absurd:0.29525
dramatic:0.29475
nerds:0.2935
sexy:0.29125
betrayal:0.28875
survival:0.28625
talky:0.2845
destiny:0.28125
criterion:0.2805
pointless:0.2795
multiple storylines:0.2785
rock and roll:0.273
art:0.27275
drinking:0.27225
very funny:0.27
honest:0.26875
idiotic:0.26475
romance:0.2645
story:0.26
hip hop:0.259
