horror:0.9815
franchise:0.9265
creepy:0.877
original:0.85775
splatter:0.82325
scary:0.7665
family:0.73425
serial killer:0.73075
slasher:0.71725
fun movie:0.69775
dark comedy:0.66525
watch the credits:0.648
dark humor:0.603
sexualized violence:0.592
great ending:0.588
death:0.5785
dialogue:0.57825
bloody:0.55425
brutality:0.5405
based on a play:0.52125
so bad it's funny:0.52075
twists & turns:0.51075
stereotypes:0.51025
gory:0.50825
suspense:0.49575
adaptation:0.494
revenge:0.49
childhood:0.48575
mentor:0.47425
cult classic:0.47225
gruesome:0.4585
runaway:0.4555
alter ego:0.45
great:0.44875
gothic:0.44075
camp:0.4405
torture:0.44025
demons:0.434
black comedy:0.43325
80s:0.424
bad plot:0.42275
macabre:0.41725
fantasy world:0.40775
story:0.40325
catastrophe:0.40275
culture clash:0.40225
cult film:0.39975
brutal:0.399
weird:0.39725
obsession:0.38525
light:0.38475
nudity (full frontal - brief):0.38225
storytelling:0.382
life philosophy:0.37475
stylish:0.3715
suspenseful:0.36825
sexy:0.3635
predictable:0.361
oscar (best actress):0.35975
dysfunctional family:0.35525
twist ending:0.355
creativity:0.35275
good soundtrack:0.3525
life & death:0.351
comedy:0.3495
computer animation:0.34
nostalgic:0.339
crime gone awry:0.3375
clever:0.33675
criterion:0.3355
entirely dialogue:0.333
series:0.33175
unusual plot structure:0.32725
1980s:0.32675
gunfight:0.32175
multiple storylines:0.321
stylized:0.32025
dark hero:0.3195
murder:0.3195
voodoo:0.319
halloween:0.31325
imdb top 250:0.30925
frightening:0.30575
fun:0.3045
overrated:0.30425
unfunny:0.3035
violent:0.3005
police investigation:0.30025
melancholic:0.2995
blindness:0.299
blood:0.29875
talky:0.298
good:0.29675
drinking:0.2955
doctors:0.295
destiny:0.292
redemption:0.2915
satirical:0.2905
sequels:0.29
not funny:0.28725
