race issues:0.972
satire:0.90475
hip hop:0.87475
satirical:0.8465
stereotypes:0.844
original:0.818
controversial:0.75175
segregation:0.74175
pornography:0.71275
violence:0.70775
social commentary:0.652
violent:0.61325
brutality:0.60075
very interesting:0.59925
corruption:0.591
greed:0.58925
sarcasm:0.58775
television:0.58275
dialogue:0.575
great ending:0.54425
interesting:0.52925
good soundtrack:0.52475
writers:0.51875
corporate america:0.51625
politics:0.51475
complex:0.50925
storytelling:0.4995
stylized:0.49775
guilt:0.495
sexualized violence:0.49025
drug abuse:0.48825
free speech:0.483
disturbing:0.47875
manipulation:0.478
harsh:0.474
drama:0.466
shallow:0.45375
grim:0.4525
intense:0.446
exceptional acting:0.44475
narrated:0.4445
adaptation:0.4385
moral ambiguity:0.418
pointless:0.41675
mentor:0.416
racism:0.415
political:0.4125
melancholic:0.4035
catastrophe:0.3985
redemption:0.39675
thought-provoking:0.395
talky:0.39425
criterion:0.39025
bad ending:0.39
dark:0.387
gangsters:0.386
obsession:0.37775
predictable:0.3775
homeless:0.37675
life & death:0.37675
visually appealing:0.3765
dark hero:0.3735
identity:0.373
reality tv:0.371
prejudice:0.36775
adapted from:book:0.3655
internet:0.36475
drugs:0.361
betrayal:0.3605
great:0.3575
vengeance:0.357
murder:0.355
dysfunctional family:0.35425
grindhouse:0.35325
entertaining:0.35125
psychology:0.349
visceral:0.345
imdb top 250:0.3445
distopia:0.344
good:0.342
cerebral:0.3405
weird:0.3395
honest:0.33775
absurd:0.33625
black comedy:0.33575
death:0.33575
allegory:0.33475
relationships:0.33425
entirely dialogue:0.32975
runaway:0.329
censorship:0.32525
intellectual:0.32375
queer:0.32075
very funny:0.32
fantasy world:0.3145
twists & turns:0.31375
drinking:0.3135
justice:0.313
nudity (full frontal - brief):0.31275
clever:0.3115
