muppets:0.994
franchise:0.947
nostalgic:0.93625
original:0.916
kids and family:0.8885
talking animals:0.8435
puppets:0.82825
awesome soundtrack:0.81225
musical:0.787
based on a tv show:0.73575
fun movie:0.7065
clever:0.6825
fun:0.67425
family:0.65175
sweet:0.64425
good soundtrack:0.629
light:0.6095
comedy:0.60475
kids:0.58725
childhood:0.586
nostalgia:0.578
great ending:0.57625
series:0.574
funny:0.5715
goofy:0.56925
weird:0.56425
dialogue:0.562
great:0.55475
humorous:0.55025
cute:0.548
witty:0.53475
music:0.5315
oil:0.53075
hilarious:0.5275
whimsical:0.5235
parody:0.517
mentor:0.499
children:0.489
heartwarming:0.47675
dancing:0.475
small town:0.4735
storytelling:0.47075
criterion:0.46425
humor:0.45875
good:0.457
entertaining:0.449
feel-good:0.43875
destiny:0.43125
story:0.428
great movie:0.427
runaway:0.42225
love:0.4215
redemption:0.41475
honest:0.40175
pg-13:0.39975
los angeles:0.39875
catastrophe:0.398
affectionate:0.39475
bittersweet:0.39
alter ego:0.38675
cartoon:0.38225
visually appealing:0.3815
creativity:0.37975
feel good movie:0.37725
very funny:0.3765
quirky:0.3745
cult film:0.37425
plot:0.36875
unlikely friendships:0.36825
talky:0.36425
quotable:0.359
1970s:0.3555
classic:0.34575
unusual plot structure:0.342
melancholic:0.3385
life philosophy:0.336
oscar winner:0.3355
superheroes:0.33425
good music:0.33125
adaptation:0.33025
irreverent:0.32475
not funny:0.32425
predictable:0.32325
special:0.322
sci fi:0.32125
highly quotable:0.32075
entirely dialogue:0.3205
very good:0.32
parallel universe:0.319
grindhouse:0.3165
chase:0.315
original plot:0.31025
earnest:0.3095
holiday:0.3045
relationships:0.302
colourful:0.301
crude humor:0.29875
great soundtrack:0.2985
fantasy world:0.2975
complex:0.294
