future:0.999
time travel:0.97975
science fiction:0.97275
futuristic:0.96425
classic:0.95775
scifi:0.95125
sci fi:0.936
based on a book:0.93275
sci-fi:0.878
utopia:0.872
technology:0.86625
special effects:0.86475
nuclear war:0.8485
original:0.823
imagination:0.79825
space travel:0.75875
story:0.74325
dystopia:0.73525
time:0.70225
childhood:0.6985
distopia:0.69225
mentor:0.69075
adapted from:book:0.68525
allegory:0.68325
destiny:0.68175
adventure:0.676
1960s:0.67525
adaptation:0.6685
fun movie:0.6555
dystopic future:0.654
stop motion:0.6515
based on book:0.649
literary adaptation:0.64675
science:0.63225
good:0.63
immortality:0.6295
visually appealing:0.62575
alone in the world:0.61125
nostalgic:0.60475
life & death:0.60175
effects:0.60175
cerebral:0.6005
idealism:0.599
first contact:0.59825
travel:0.5765
visual:0.56925
books:0.5665
beautiful scenery:0.56475
humanity:0.55875
suprisingly clever:0.55575
transformation:0.55025
catastrophe:0.53825
runaway:0.53775
post-apocalyptic:0.53375
great ending:0.5265
visually stunning:0.5245
storytelling:0.52
imdb top 250:0.51825
thought-provoking:0.51475
great:0.507
greed:0.5065
original plot:0.50325
narrated:0.49525
fantasy:0.4895
brainwashing:0.4875
memory:0.479
dramatic:0.47725
18th century:0.474
good acting:0.47
chase:0.46925
survival:0.469
excellent:0.468
android(s)/cyborg(s):0.46525
weapons:0.461
remade:0.4595
great movie:0.456
alternate reality:0.4535
end of the world:0.44875
revolution:0.4435
sacrifice:0.44275
breathtaking:0.439
earnest:0.434
island:0.42975
dialogue:0.4275
criterion:0.42425
plot holes:0.4235
oscar:0.414
suspense:0.41325
social commentary:0.41
friendship:0.40975
philosophical:0.409
england:0.404
clones:0.404
cinematography:0.40075
literature:0.39975
unusual plot structure:0.399
cold war:0.39625
clever:0.39525
post apocalyptic:0.39475
unlikely friendships:0.39325
