romantic comedy:0.9125
sweet:0.8915
romantic:0.878
children:0.86925
runaway:0.8395
love story:0.818
fun movie:0.776
family:0.76675
original:0.75175
feel-good:0.73825
good:0.7375
comedy:0.733
divorce:0.72575
single father:0.7255
fun:0.7085
romance:0.708
cute!:0.702
cute:0.68225
light:0.67825
pg-13:0.6685
kids:0.66
chase:0.65975
story:0.6565
mentor:0.62075
kids and family:0.5955
dialogue:0.56725
feel good movie:0.55475
great:0.554
beautiful scenery:0.546
predictable:0.54525
great ending:0.5395
childhood:0.5355
entertaining:0.50725
heartwarming:0.5055
great movie:0.48975
good acting:0.48125
plot:0.4795
happy ending:0.4795
humor:0.4695
stranded:0.469
silly:0.46675
secrets:0.46475
torture:0.464
destiny:0.45925
sentimental:0.459
culture clash:0.45625
spelling bee:0.4465
sexy:0.4435
family drama:0.442
bittersweet:0.434
catastrophe:0.434
touching:0.43375
shallow:0.41525
stereotypes:0.4095
police investigation:0.40825
not funny:0.40125
marriage:0.39375
father-son relationship:0.38925
passionate:0.3865
sexual abuse:0.3855
love:0.378
good soundtrack:0.3765
betrayal:0.371
island:0.36525
nostalgic:0.36475
weird:0.3645
oscar winner:0.3585
storytelling:0.35725
oscar (best effects - visual effects):0.3555
girlie movie:0.35525
special effects:0.35475
android(s)/cyborg(s):0.35325
drama:0.35125
hotel:0.3505
first contact:0.34775
lawyer:0.34625
greed:0.342
script:0.3415
justice:0.33475
vengeance:0.334
spying:0.33375
enormously long battle scene:0.3335
cinematography:0.332
redemption:0.332
earnest:0.3315
very interesting:0.33125
period piece:0.331
clever:0.32625
good action:0.3235
conspiracy:0.32075
oscar (best directing):0.31775
natural disaster:0.3175
assassination:0.3165
assassin:0.315
spy:0.3145
adapted from:book:0.3125
adventure:0.312
oscar (best actress):0.311
sci fi:0.311
whimsical:0.31075
