beatles:0.99675
music:0.8705
silly:0.86675
british:0.82375
rock and roll:0.81675
british comedy:0.81625
good music:0.80225
great music:0.79275
weird:0.7855
cult:0.763
psychedelic:0.76125
musicians:0.75225
original:0.73225
quotable:0.73175
cult film:0.72375
mad scientist:0.719
fun movie:0.71
surreal:0.7065
cult classic:0.69975
colourful:0.69825
musical:0.69375
goofy:0.67075
comedy:0.66875
chase:0.6645
great soundtrack:0.664
absurd:0.659
good soundtrack:0.65875
england:0.6545
witty:0.6505
marijuana:0.63725
sacrifice:0.634
artistic:0.62325
spoof:0.61775
humorous:0.60975
criterion:0.6075
funny:0.60025
runaway:0.592
clever:0.5775
great:0.57675
light:0.57275
fun:0.55475
irreverent:0.544
london:0.54125
spying:0.53425
humor:0.534
hilarious:0.5255
awesome soundtrack:0.52475
parody:0.514
highly quotable:0.51325
great ending:0.51025
very good:0.50875
creativity:0.5045
great movie:0.5025
good:0.48625
visual:0.48575
reflective:0.48325
entertaining:0.48125
enigmatic:0.47425
visually appealing:0.47375
mentor:0.47
suprisingly clever:0.46225
1960s:0.46175
cool:0.45375
very funny:0.452
dialogue:0.45075
classic:0.44575
catastrophe:0.4395
story:0.43925
social commentary:0.43725
funniest movies:0.42425
imdb top 250:0.42275
feel-good:0.4225
culture clash:0.4195
indians:0.4185
childhood:0.41275
adapted from:book:0.4115
period piece:0.41075
cinematography:0.41
slapstick:0.4095
life philosophy:0.4085
affectionate:0.399
storytelling:0.39625
secrets:0.3785
spy:0.377
so bad it's funny:0.3755
talky:0.3635
harsh:0.3635
gunfight:0.35975
movielens top pick:0.35725
good acting:0.3515
golden palm:0.35125
insanity:0.34825
not funny:0.346
stoner movie:0.344
unfunny:0.342
based on book:0.342
quirky:0.34025
off-beat comedy:0.33825
excellent script:0.33825
campy:0.33625
