existentialism:0.861
intellectual:0.815
meditative:0.796
talky:0.7535
melancholic:0.746
reflective:0.70425
life philosophy:0.7005
good soundtrack:0.6945
intimate:0.66325
rebellion:0.65775
compassionate:0.63975
metaphysics:0.6175
stylized:0.60975
golden palm:0.599
enigmatic:0.5975
poland:0.585
original:0.575
nostalgic:0.5705
author:neil gaiman:0.55125
pornography:0.548
beautifully filmed:0.541
cult classic:0.541
affectionate:0.5255
sexual:0.525
mentor:0.503
cerebral:0.48975
brutality:0.48525
criterion:0.46625
allegory:0.4565
greed:0.45475
melancholy:0.4465
suprisingly clever:0.44625
catastrophe:0.44525
very interesting:0.4395
dreamlike:0.4065
foreign:0.39875
male nudity:0.39825
wistful:0.396
dialogue:0.38275
cinematography:0.37475
great ending:0.367
teacher:0.36525
us history:0.365
weird:0.364
fantasy world:0.35625
culture clash:0.353
not funny:0.3515
nudity (full frontal - notable):0.35
storytelling:0.3495
bollywood:0.33375
immortality:0.32675
grindhouse:0.3265
solitude:0.323
relationships:0.32275
utopia:0.32125
destiny:0.31775
unlikely friendships:0.31125
loneliness:0.31125
oscar (best foreign language film):0.31
paris:0.308
fascism:0.3075
sexualized violence:0.30325
visually appealing:0.303
cult film:0.2885
great:0.2875
harsh:0.28725
runaway:0.28475
creativity:0.2835
entirely dialogue:0.2775
transformation:0.27725
complex:0.27575
satirical:0.27525
childhood:0.27375
scenic:0.27225
lone hero:0.27075
stoner movie:0.269
quirky:0.2665
poetry:0.26575
1970s:0.265
goth:0.2635
awesome soundtrack:0.261
pg-13:0.25975
unfunny:0.25875
writers:0.25725
future:0.25625
poignant:0.25025
underrated:0.24475
politics:0.242
very funny:0.2415
silent:0.24
first contact:0.239
whimsical:0.237
history:0.23675
nocturnal:0.235
good:0.2345
adaptation:0.23175
light:0.23125
stereotypes:0.2295
unusual plot structure:0.2295
passionate:0.22825
