romantic:0.984
love story:0.97875
chick flick:0.96075
based on a book:0.947
romance:0.93725
sappy:0.90025
relationships:0.8995
love:0.8885
romantic comedy:0.79725
sacrifice:0.7875
happy ending:0.784
girlie movie:0.7775
so bad it's funny:0.77025
beautiful scenery:0.75075
teen movie:0.74175
drama:0.71975
pg-13:0.70475
better than expected:0.6525
mentor:0.622
sweet:0.616
feel-good:0.6115
catastrophe:0.597
original:0.579
great ending:0.55625
hawaii:0.5425
good soundtrack:0.5415
first contact:0.54
women:0.5395
feel good movie:0.519
sentimental:0.51725
marriage:0.5
teen:0.49375
passionate:0.48075
touching:0.47875
storytelling:0.4675
suprisingly clever:0.465
hospital:0.437
natural disaster:0.4335
honest:0.43075
predictable:0.42875
adaptation:0.42475
tear jerker:0.421
fun movie:0.4115
not funny:0.40275
life philosophy:0.4005
unrealistic:0.39825
new jersey:0.39625
dialogue:0.3945
melancholic:0.39075
based on book:0.39075
good:0.389
art:0.38275
chase:0.37825
corny:0.37275
emotional:0.372
bad ending:0.3715
cute!:0.3575
good acting:0.35525
death:0.3505
great:0.348
divorce:0.3425
doctors:0.3415
bdsm:0.333
multiple storylines:0.32775
bad cgi:0.32725
transformation:0.32025
shopping:0.31875
fashion:0.3145
good romantic comedies:0.3135
books:0.31
cars:0.298
bittersweet:0.2965
story:0.28975
entertaining:0.28375
manipulation:0.281
surprise ending:0.279
new york city:0.278
werewolf:0.27675
brutality:0.275
simple:0.275
adoption:0.2735
cheesy:0.26575
runaway:0.262
pornography:0.26
betrayal:0.258
cheating:0.25225
loneliness:0.24775
cancer:0.2445
original plot:0.244
bad acting:0.24375
lone hero:0.24375
college:0.24225
inspirational:0.2405
vienna:0.2385
destiny:0.2385
dreams:0.23775
unusual plot structure:0.236
san francisco:0.23
entirely dialogue:0.229
artist:0.22775
