cooking:0.971
food:0.9415
satirical:0.886
life & death:0.883
weird:0.87375
japanese:0.854
japan:0.84325
quirky:0.83025
obsession:0.81475
visually appealing:0.787
original:0.7855
criterion:0.78025
imdb top 250:0.7765
social commentary:0.75475
affectionate:0.75175
melancholic:0.7475
humorous:0.732
beautifully filmed:0.73175
funny:0.729
great ending:0.72425
talky:0.724
enigmatic:0.70925
reflective:0.692
complex:0.681
satire:0.679
suprisingly clever:0.67825
nudity (topless - notable):0.678
very funny:0.67375
storytelling:0.665
irreverent:0.665
stylized:0.6575
loneliness:0.65625
adultery:0.65425
tokyo:0.6515
terminal illness:0.65025
golden palm:0.64475
meditative:0.64425
oscar (best foreign language film):0.6435
erotic:0.6395
witty:0.638
childhood:0.6305
culture clash:0.62975
foreign:0.6255
intimate:0.59075
comedy:0.57925
relationships:0.579
beautiful scenery:0.575
passionate:0.56975
story:0.568
cinematography:0.56275
absurd:0.56025
off-beat comedy:0.56025
pornography:0.55925
oscar (best actress):0.55825
surreal:0.55775
visual:0.55325
gunfight:0.55025
light:0.54875
art:0.544
visually stunning:0.54375
imagination:0.542
good soundtrack:0.54175
interesting:0.54125
hilarious:0.54
runaway:0.5335
idealism:0.5335
atmospheric:0.53325
clever:0.52875
very interesting:0.5135
great acting:0.50475
secrets:0.50425
mentor:0.50425
melancholy:0.503
fight scenes:0.50075
breathtaking:0.5
movielens top pick:0.4965
drinking:0.49575
vengeance:0.49275
unusual plot structure:0.4855
great:0.484
humor:0.4825
cerebral:0.48025
homeless:0.47875
assassination:0.475
solitude:0.4735
bittersweet:0.4715
cult classic:0.4695
harsh:0.46875
masterpiece:0.46675
artistic:0.46625
oscar (best directing):0.46075
disturbing:0.45925
narrated:0.45775
catastrophe:0.45775
thought-provoking:0.45725
perfect:0.45725
dark humor:0.45575
highly quotable:0.4505
police investigation:0.44875
unlikely friendships:0.44175
