stand-up comedy:0.99075
funny:0.81525
honest:0.80725
highly quotable:0.79675
comedy:0.7875
imdb top 250:0.77825
talky:0.77075
original:0.76925
hilarious:0.757
political:0.7095
social commentary:0.70325
brutality:0.70225
very funny:0.66625
gay:0.666
suprisingly clever:0.663
witty:0.66025
dark humor:0.6595
good soundtrack:0.6595
great acting:0.6585
criterion:0.64375
oscar (best directing):0.633
unusual plot structure:0.6325
great movie:0.62725
great:0.62125
internet:0.61925
mentor:0.5985
intelligent:0.5985
prejudice:0.59425
interesting:0.58225
corruption:0.5815
narrated:0.57625
movielens top pick:0.575
humor:0.56025
pornography:0.5515
greed:0.5515
good acting:0.546
life philosophy:0.546
violence:0.54225
loneliness:0.537
storytelling:0.53175
artistic:0.52525
harsh:0.5215
great ending:0.519
affectionate:0.507
funny as hell:0.507
drama:0.5055
dialogue:0.5045
sarcasm:0.5
oscar (best actress):0.49875
excellent script:0.4965
brutal:0.496
off-beat comedy:0.4905
irreverent:0.49025
good:0.489
runaway:0.48325
melancholic:0.48175
culture clash:0.48
intimate:0.47925
clever:0.47625
very interesting:0.4665
vengeance:0.466
beautifully filmed:0.4625
life & death:0.45825
censorship:0.4555
philosophy:0.45425
very good:0.45275
catastrophe:0.45225
reflective:0.4495
race issues:0.44675
visually appealing:0.44575
crime gone awry:0.44575
original plot:0.4445
cerebral:0.444
cult classic:0.4425
unlikely friendships:0.44
foul language:0.44
golden palm:0.43925
oscar:0.43775
friendship:0.43575
cinematography:0.43375
visceral:0.43375
allegory:0.43325
transformation:0.43275
gay character:0.4305
story:0.429
politics:0.42725
realistic:0.427
dramatic:0.4255
ethnic conflict:0.4255
touching:0.422
death:0.42175
quotable:0.42075
absurd:0.42025
powerful ending:0.41725
thought-provoking:0.41725
melancholy:0.40975
based on book:0.40875
male nudity:0.40575
drinking:0.40325
dark hero:0.403
