batman:0.9885
animation:0.98675
vigilante:0.981
based on a comic:0.92125
superhero:0.916
super hero:0.91025
mentor:0.8975
violence:0.89125
vigilantism:0.87675
animated:0.8645
violent:0.86225
superheroes:0.861
dc comics:0.8605
action:0.84875
dark:0.84725
original:0.8435
vengeance:0.82275
fight scenes:0.81875
story:0.8155
brutality:0.80825
super-hero:0.80675
dark hero:0.8015
justice:0.7995
comics:0.7935
nocturnal:0.78775
intense:0.7525
crime:0.74675
brutal:0.7455
cartoon:0.74525
comic book:0.74275
pg-13:0.7405
adapted from:comic:0.722
based on comic:0.71925
fast paced:0.715
corruption:0.701
fighting:0.69625
dialogue:0.68875
murder:0.6795
great ending:0.677
revenge:0.67675
chase:0.6715
great:0.667
graphic novel:0.66375
stylized:0.64875
storytelling:0.64675
good:0.642
imdb top 250:0.63425
franchise:0.62275
visually appealing:0.6195
splatter:0.619
life & death:0.61625
series:0.615
redemption:0.6145
cyborgs:0.61325
blood:0.60675
alter ego:0.60325
adaptation:0.59725
good action:0.59625
good soundtrack:0.59175
great dialogue:0.58475
death:0.5835
social commentary:0.57275
betrayal:0.57175
great movie:0.569
highly quotable:0.56325
comic:0.56225
weird:0.55275
torture:0.55225
weapons:0.55025
enigmatic:0.54575
harsh:0.5355
tense:0.5345
childhood:0.528
unusual plot structure:0.5155
serial killer:0.51525
gory:0.51325
classic car:0.5095
visceral:0.50925
cool:0.5085
atmospheric:0.504
melancholy:0.49775
complex:0.49725
transformation:0.49275
clever:0.48525
sacrifice:0.48275
movielens top pick:0.48125
guilt:0.47975
suspense:0.474
hitman:0.47125
plot twist:0.464
ninja:0.46375
honest:0.46225
interesting:0.46025
identity:0.455
quotable:0.4545
excellent:0.45
organized crime:0.4485
insanity:0.44825
realistic:0.44775
runaway:0.44775
