horror:0.98125
splatter:0.89975
predictable:0.85225
slasher:0.841
bad acting:0.81725
gory:0.79925
original:0.75
teens:0.7445
pornography:0.73775
brutality:0.72325
scary:0.68425
bad plot:0.68025
twist ending:0.603
great ending:0.601
gruesome:0.595
bloody:0.588
pointless:0.58575
idiotic:0.5835
teen movie:0.5695
blood:0.56825
gore:0.5675
horrible:0.562
homeless:0.55925
death:0.5585
franchise:0.537
torture:0.52625
lame:0.51775
violence:0.511
fight scenes:0.50975
creepy:0.509
goofy:0.50075
mentor:0.482
dialogue:0.48175
demons:0.47575
hotel:0.47025
monster:0.4645
weapons:0.461
family:0.45825
goretastic:0.4515
gratuitous violence:0.44725
suspense:0.4435
stupid as hell:0.43275
supernatural:0.422
so bad it's funny:0.42025
snakes:0.417
twist:0.4055
cult film:0.40225
remake:0.4005
catastrophe:0.392
based on a video game:0.3895
bad:0.3845
plot holes:0.377
overrated:0.37225
story:0.37175
teen:0.37125
good:0.37025
cheesy:0.363
first contact:0.36225
melancholic:0.35875
not funny:0.355
bad script:0.354
vengeance:0.35325
adaptation:0.353
nudity:0.35175
fun movie:0.34825
better than expected:0.3475
writers:0.34375
good soundtrack:0.34325
action:0.33875
fun:0.338
police investigation:0.33525
shallow:0.33325
revenge:0.33
doctors:0.3265
silly fun:0.3245
stupid:0.32425
life philosophy:0.32175
80s:0.32075
entirely dialogue:0.31975
serial killer:0.318
destiny:0.31075
redemption:0.31025
runaway:0.3085
fantasy world:0.30675
brutal:0.3025
violent:0.3025
crappy sequel:0.298
stereotypes:0.294
disaster:0.2925
storytelling:0.292
camp:0.28925
transformation:0.28875
entertaining:0.287
zombie:0.28375
stupidity:0.2775
bad cgi:0.2765
rats:0.27475
awesome soundtrack:0.2745
feel-good:0.27425
lone hero:0.27375
