heist:0.99725
plot twist:0.888
caper:0.8695
big budget:0.8535
twist ending:0.8525
technology:0.85125
twists & turns:0.829
plot:0.82025
surprise ending:0.81425
chase:0.796
action:0.78825
bad plot:0.78375
pg-13:0.77075
bad acting:0.769
sexy:0.739
unrealistic:0.7365
original:0.73
natural disaster:0.71425
fast paced:0.70725
catastrophe:0.7045
predictable:0.69325
dialogue:0.68925
twist:0.68775
first contact:0.68325
thriller:0.678
entertaining:0.67025
horrible:0.66125
betrayal:0.64975
murder:0.6465
dynamic cgi action:0.634
so bad it's funny:0.62875
story:0.61675
car chase:0.61175
absurd:0.6105
good:0.607
exciting:0.593
good acting:0.58675
alternate endings:0.577
con artists:0.56775
great ending:0.5645
corny:0.559
better than expected:0.551
conspiracy:0.54075
android(s)/cyborg(s):0.539
internet:0.531
sci fi:0.5275
special effects:0.52025
good action:0.51825
pornography:0.5065
philip k. dick:0.497
fight scenes:0.48975
hackers:0.4835
romance:0.481
creativity:0.47225
fantasy world:0.471
robbery:0.47075
happy ending:0.4665
disaster:0.4605
mentor:0.443
plot holes:0.4415
script:0.43775
silly fun:0.4365
fun movie:0.43175
enormously long battle scene:0.429
manipulation:0.4285
espionage:0.41975
lawyer:0.41775
tricky:0.41475
organized crime:0.4145
suspense:0.414
stupid:0.41325
great:0.4115
romantic comedy:0.40875
ridiculous:0.401
destiny:0.39875
cloning:0.39775
clever:0.39175
idiotic:0.38575
romantic:0.3855
fun:0.384
silly:0.377
vengeance:0.3715
too short:0.3675
franchise:0.36575
magic:0.36425
bullshit history:0.36275
ghosts/afterlife:0.35975
complex:0.3555
conspiracy theory:0.35525
clones:0.3525
interesting:0.351
greed:0.34875
bad science:0.3475
good soundtrack:0.34575
very interesting:0.3425
not funny:0.342
cool:0.337
family:0.334
entirely dialogue:0.33375
bad cgi:0.3325
