gunfight:0.948
indians:0.88125
western:0.844
gangs:0.77125
motorcycle:0.7395
vengeance:0.72175
original:0.71175
california:0.7075
violent:0.65025
harsh:0.63925
affectionate:0.591
runaway:0.5835
chase:0.57975
mentor:0.572
culture clash:0.5455
family:0.52475
lone hero:0.5195
dialogue:0.51
hitman:0.50725
violence:0.489
good:0.48325
bloody:0.48225
family drama:0.48075
beautiful scenery:0.47675
goofy:0.46475
scenic:0.46175
revenge:0.45875
dog:0.45525
70mm:0.4515
great:0.4515
catastrophe:0.45125
tense:0.45
alter ego:0.4415
good action:0.432
redemption:0.43
greed:0.42675
justice:0.42125
weapons:0.4205
light:0.41525
oscar (best cinematography):0.4115
imdb top 250:0.40875
action packed:0.4055
suprisingly clever:0.40375
moral ambiguity:0.40225
good soundtrack:0.39775
brutality:0.39125
oscar (best directing):0.39075
action:0.388
highly quotable:0.38775
gritty:0.3875
fun movie:0.386
not funny:0.38325
great ending:0.379
great movie:0.368
storytelling:0.3475
movielens top pick:0.3395
vigilantism:0.3355
happy ending:0.329
finnish:0.329
ennio morricone:0.32825
kidnapping:0.3265
hunting:0.325
oscar (best effects - visual effects):0.32475
mexico:0.32275
fantasy world:0.322
forceful:0.3205
cinematography:0.3185
stylized:0.3125
drama:0.311
assassin:0.31075
good versus evil:0.309
texas:0.3085
vigilante:0.30575
technology:0.302
original plot:0.297
80s:0.29675
talky:0.29475
quotable:0.2885
pulp:0.287
nudity (full frontal - brief):0.2855
predictable:0.28475
interesting:0.283
adaptation:0.2795
slapstick:0.2765
cancer:0.276
dark hero:0.27525
adventure:0.27525
criterion:0.27325
writers:0.2715
story:0.27
clever:0.2685
intense:0.268
police investigation:0.2665
sacrifice:0.266
adapted from:book:0.263
irish accent:0.26075
horses:0.26
graphic novel:0.25675
assassination:0.25575
enigmatic:0.254
