wuxia:0.99975
martial arts:0.99925
kung fu:0.99425
visually stunning:0.98675
fight scenes:0.98625
stunning:0.974
oscar (best foreign language film):0.971
imdb top 250:0.9675
breathtaking:0.96
beautifully filmed:0.95575
visual:0.953
sword fight:0.94025
sword fighting:0.93825
oscar (best cinematography):0.93725
cinematography:0.9365
action:0.93
china:0.92725
visually appealing:0.926
stylized:0.897
storytelling:0.89625
love story:0.89225
amazing cinematography:0.886
destiny:0.872
fighting:0.8715
dragons:0.867
original:0.859
beautiful scenery:0.8555
masterpiece:0.85475
amazing photography:0.83775
beautiful:0.83325
scenic:0.81525
meditative:0.8135
mythology:0.807
romance:0.801
foreign:0.797
awesome soundtrack:0.79525
philosophy:0.78425
story:0.7805
mentor:0.7795
fantasy world:0.774
multiple storylines:0.764
melancholic:0.75975
dialogue:0.75175
fantasy:0.75
cerebral:0.73075
complex:0.727
imagination:0.725
oscar (best picture):0.72225
great movie:0.72125
vengeance:0.71675
great cinematography:0.71025
great:0.706
good soundtrack:0.704
great ending:0.70225
colourful:0.69425
good versus evil:0.68675
great acting:0.682
dreamlike:0.67525
drama:0.6705
high fantasy:0.66025
based on book:0.66
hong kong:0.659
special effects:0.65025
fairy tale:0.64825
good acting:0.64725
fast paced:0.63725
allegory:0.63575
atmospheric:0.63425
passionate:0.63225
artistic:0.63
oscar (best directing):0.62775
epic:0.625
melancholy:0.62375
cult classic:0.62025
interesting:0.61875
intense:0.60575
poignant:0.6055
lyrical:0.604
cool:0.59575
redemption:0.59575
reflective:0.59225
stylish:0.5915
desert:0.586
social commentary:0.584
original plot:0.58325
visceral:0.58225
betrayal:0.57975
weapons:0.5795
dark hero:0.579
dragon:0.57275
good action:0.57125
good:0.56875
romantic:0.566
adapted from:book:0.56575
loneliness:0.55525
adventure:0.55375
revenge:0.55075
criterion:0.55
enigmatic:0.54975
weird:0.54825
