horror:0.98925
creepy:0.989
slasher:0.96475
serial killer:0.942
police investigation:0.94175
disturbing:0.9105
murder:0.908
suspense:0.8885
macabre:0.859
gruesome:0.85575
original:0.848
suspenseful:0.84275
sisters:0.82925
gory:0.8275
tense:0.82725
brutality:0.82375
brutal:0.81575
scary:0.79225
stylish:0.78675
grindhouse:0.7735
psychological:0.761
atmospheric:0.7555
catholicism:0.74275
cult classic:0.7375
splatter:0.734
coen bros:0.73325
violent:0.7315
violence:0.72625
insanity:0.72475
murder mystery:0.7105
ominous:0.6945
new jersey:0.69225
weird:0.6915
great ending:0.682
bloody:0.671
blood:0.64075
guilt:0.63725
visceral:0.628
revenge:0.62475
psychology:0.62025
low budget:0.6195
vengeance:0.60425
dark:0.6
eerie:0.586
mystery:0.56675
death:0.56025
sexualized violence:0.546
nudity (full frontal - notable):0.537
cinematography:0.53275
cult film:0.52825
gothic:0.5245
nocturnal:0.5195
demons:0.509
adaptation:0.5045
thriller:0.50075
family:0.49225
investigation:0.48825
pornography:0.47475
goretastic:0.47375
twists & turns:0.466
male nudity:0.44525
controversial:0.44425
identity:0.444
bizarre:0.44075
supernatural:0.44025
runaway:0.438
doctors:0.43625
overrated:0.432
dreamlike:0.429
family drama:0.41625
torture:0.40775
frightening:0.407
predictable:0.406
sexual abuse:0.39875
melancholic:0.398
catastrophe:0.39275
intense:0.391
mentor:0.39
dysfunctional family:0.39
story:0.3855
not funny:0.3765
talky:0.37625
cult:0.37525
claustrophobic:0.37475
twist:0.374
moody:0.372
criterion:0.37125
wilderness:0.37075
paranoia:0.36625
redemption:0.36375
adapted from:book:0.36175
interesting:0.3615
nudity (topless):0.3595
dialogue:0.3575
halloween:0.354
devil:0.352
obsession:0.351
fantasy world:0.35075
harsh:0.3415
gore:0.3375
