based on a book:0.91975
hit men:0.8805
original:0.693
mafia:0.62475
predictable:0.50625
mentor:0.4935
greed:0.487
action:0.47425
gangsters:0.44475
assassin:0.4405
good:0.42875
hitman:0.40875
catastrophe:0.387
life philosophy:0.3835
dialogue:0.3815
indians:0.37675
story:0.374
not funny:0.37325
twists & turns:0.37225
based on book:0.37025
adaptation:0.366
good action:0.35775
great:0.35275
corruption:0.35025
pointless:0.3435
fantasy world:0.3425
pulp:0.32975
great ending:0.3285
first contact:0.32325
death:0.3225
intense:0.3165
bad plot:0.31125
brutality:0.3065
writers:0.30575
great acting:0.3055
crime gone awry:0.2995
overrated:0.297
disaster:0.29625
storytelling:0.29375
unusual plot structure:0.29325
crime:0.29275
entirely dialogue:0.285
runaway:0.285
nudity (topless - notable):0.284
quirky:0.2815
hunting:0.28075
destiny:0.27975
nudity (topless):0.27525
betrayal:0.27225
lone hero:0.27
slapstick:0.26975
fight scenes:0.26925
fbi:0.266
natural disaster:0.2635
violent:0.25875
mob:0.25525
childhood:0.255
thriller:0.2535
vengeance:0.25225
suspense:0.24975
guilt:0.24925
melancholic:0.249
unfunny:0.2485
multiple storylines:0.2475
good soundtrack:0.245
assassination:0.2445
clever:0.2425
nudity (full frontal - brief):0.24175
murder:0.2385
franchise:0.23525
life & death:0.2335
redemption:0.2315
romance:0.22675
weapons:0.22525
sexy:0.22525
culture clash:0.224
good dialogue:0.221
bad:0.22
based on true story:0.21525
male nudity:0.21475
horrible:0.21425
fun movie:0.214
so bad it's funny:0.21225
stereotypes:0.21075
grindhouse:0.20325
criterion:0.20275
idealism:0.20175
road movie:0.2015
humorous:0.2005
talky:0.2
inspirational:0.1995
small town:0.19725
drama:0.1935
crude humor:0.193
harsh:0.192
chase:0.1905
suprisingly clever:0.188
assassins:0.188
exceptional acting:0.187
cool:0.187
