wartime:0.984
world war ii:0.957
poignant:0.91725
germany:0.90075
nazis:0.89325
childhood:0.87925
german:0.86625
wwii:0.8515
brutality:0.84775
war:0.846
nazi:0.83125
history:0.831
runaway:0.822
original:0.801
based on a book:0.80025
forceful:0.799
historical:0.7945
us history:0.79275
dramatic:0.78525
criterion:0.77325
cinematography:0.7705
france:0.76775
based on book:0.76025
redemption:0.7585
great movie:0.7405
friendship:0.7405
oscar (best directing):0.724
russian:0.72275
golden palm:0.71275
berlin:0.71225
fantasy world:0.7015
sacrifice:0.69775
ethnic conflict:0.69575
adapted from:book:0.693
tragedy:0.692
children:0.68675
prison:0.68675
good soundtrack:0.68625
great:0.68575
downbeat:0.67525
french:0.6735
harsh:0.66475
intense:0.659
story:0.648
transformation:0.63525
realistic:0.632
jewish:0.63175
destiny:0.62675
imdb top 250:0.6155
japan:0.61375
bleak:0.6045
foreign:0.604
stylized:0.6
allegory:0.59925
interesting:0.59775
courage:0.597
complex:0.5955
breathtaking:0.5945
grim:0.5925
catastrophe:0.5905
weapons:0.57
earnest:0.56975
violent:0.5645
powerful ending:0.55275
drama:0.552
islam:0.55125
metaphysics:0.5495
gunfight:0.547
politics:0.546
violence:0.5435
oscar (best cinematography):0.543
camp:0.5385
storytelling:0.53725
mentor:0.53725
suprisingly clever:0.53475
disturbing:0.5285
greed:0.52675
obsession:0.52575
dialogue:0.52375
psychology:0.5185
brutal:0.5175
guilt:0.512
great ending:0.51125
erotic:0.51
intimate:0.50925
corruption:0.5055
survival:0.502
character study:0.50125
blindness:0.49875
books:0.49875
amazing photography:0.49275
thought-provoking:0.4915
imagination:0.487
social commentary:0.484
alternate history:0.4835
world war i:0.48275
war movie:0.479
bollywood:0.47675
orphans:0.4765
innocence lost:0.471
