comedy:0.92425
funny:0.907
loneliness:0.84175
humorous:0.8065
very funny:0.803
goofy:0.7855
humor:0.77925
mentor:0.75825
original:0.75225
hilarious:0.74575
great ending:0.70375
revenge:0.57425
social commentary:0.56975
life philosophy:0.55375
transformation:0.55025
dialogue:0.54525
good soundtrack:0.54375
story:0.54275
gunfight:0.54125
unfunny:0.53625
brutality:0.53375
nudity (full frontal - brief):0.53075
fight scenes:0.52925
underrated:0.5185
quirky:0.50875
silly fun:0.48975
violent:0.486
stoner movie:0.4825
cult classic:0.47125
quotable:0.46675
grindhouse:0.4625
adapted from:book:0.457
brothers:0.45625
drinking:0.45075
storytelling:0.44875
absurd:0.4485
80s:0.44575
catastrophe:0.44475
good action:0.443
adaptation:0.43525
highly quotable:0.43475
life & death:0.42875
pornography:0.4275
witty:0.4265
narrated:0.424
surreal:0.423
vengeance:0.4215
comic:0.42075
death:0.42075
dark comedy:0.4175
parody:0.41625
dark hero:0.413
classic:0.41025
lone hero:0.40975
happy ending:0.40925
sarcasm:0.408
nudity (topless):0.40575
great:0.4055
hitman:0.40475
satire:0.404
funny as hell:0.404
fun movie:0.403
dumb but funny:0.40225
new york city:0.39875
survival:0.39575
violence:0.38725
unlikely friendships:0.38525
based on a book:0.38375
books:0.383
runaway:0.381
crude humor:0.37675
road movie:0.37075
cult film:0.368
writers:0.36775
new york:0.36775
redemption:0.361
poignant:0.361
fast paced:0.35675
melancholic:0.352
sexualized violence:0.3515
corruption:0.35025
splatter:0.348
irreverent:0.345
so bad it's funny:0.34325
visually appealing:0.33225
light:0.3315
cinematography:0.3275
alter ego:0.32575
stereotypes:0.32475
suprisingly clever:0.32475
talky:0.3245
relationships:0.32425
foul language:0.32425
melancholy:0.32325
chase:0.3215
screwball:0.31775
creativity:0.312
fantasy world:0.30925
dark humor:0.309
imdb top 250:0.307
