horror:0.994
supernatural:0.98475
ghosts:0.9755
scary:0.97375
creepy:0.97325
haunted house:0.968
demons:0.9395
original:0.8985
weird:0.887
suspense:0.87825
frightening:0.8775
tense:0.822
eerie:0.775
great ending:0.7745
atmospheric:0.75725
pg-13:0.741
better than expected:0.67975
twist ending:0.659
suspenseful:0.64825
family:0.6225
ominous:0.61725
gory:0.607
splatter:0.58225
bad ending:0.5815
intense:0.55525
good:0.53775
doctors:0.53575
psychological:0.5305
ghosts/afterlife:0.52025
catastrophe:0.52
so bad it's funny:0.51825
twist:0.5165
afterlife:0.515
special effects:0.5065
bad cgi:0.50625
good acting:0.5055
bad acting:0.49325
monster:0.49175
cult film:0.491
torture:0.48725
great:0.477
story:0.4765
goth:0.47475
blood:0.47125
predictable:0.46325
death:0.453
alternate reality:0.44575
mentor:0.43675
claustrophobic:0.4245
good soundtrack:0.4245
twists & turns:0.42375
clever:0.42375
transformation:0.42225
disturbing:0.42175
creativity:0.42025
storytelling:0.4135
low budget:0.413
dialogue:0.41225
dark:0.41125
survival:0.41
effects:0.404
great movie:0.4035
family drama:0.4005
grindhouse:0.3995
exceptional acting:0.39075
devil:0.374
cult classic:0.3715
stereotypes:0.37075
children:0.37025
macabre:0.3695
witches:0.363
silly:0.359
revenge:0.35525
plot twist:0.35225
monsters:0.3515
bloody:0.35
cinematography:0.3465
life philosophy:0.34525
social commentary:0.34325
surprise ending:0.34025
spiders:0.339
thriller:0.338
happy ending:0.3365
goretastic:0.3325
writers:0.33125
apocalypse:0.331
zombie:0.3265
first contact:0.3255
hospital:0.325
underrated:0.3165
runaway:0.314
nocturnal:0.31375
gothic:0.31325
alternate endings:0.3125
light:0.312
visceral:0.3115
handycam:0.31075
strange:0.309
sacrifice:0.30775
adaptation:0.307
