male nudity:0.9905
gay:0.97875
pornography:0.96825
queer:0.967
very interesting:0.938
original:0.9295
gay character:0.8975
homosexuality:0.85225
corruption:0.681
graphic design:0.67175
fun movie:0.6595
interesting:0.64175
homophobia:0.6325
story:0.61425
vengeance:0.5965
complex:0.592
sexuality:0.5905
adaptation:0.581
so bad it's funny:0.574
drama:0.571
based on book:0.56725
predictable:0.566
erotic:0.56
secrets:0.55675
teen:0.5405
based on a book:0.536
life philosophy:0.5355
dialogue:0.532
dramatic:0.518
too short:0.51275
adapted from:book:0.503
documentary:0.501
controversial:0.4965
entertaining:0.49575
clever:0.48675
pg-13:0.486
great ending:0.4795
stereotypes:0.4735
nudity (full frontal - notable):0.4665
good sequel:0.46625
justice:0.4655
mentor:0.46475
sex:0.4535
literature:0.45325
silly:0.453
sexual:0.45175
doctors:0.44825
nudity (rear):0.44525
sexual abuse:0.445
feel-good:0.44475
weird:0.44025
campy:0.43975
teen movie:0.43475
catastrophe:0.42475
visually appealing:0.40825
obsession:0.4015
prostitution:0.40075
bdsm:0.3845
giant robots:0.37775
sexualized violence:0.36975
good soundtrack:0.36425
storytelling:0.36225
solitude:0.3555
internet:0.3555
family:0.352
1950s:0.351
best of 2005:0.34825
stylized:0.34475
small town:0.34425
dark hero:0.344
distopia:0.344
twists & turns:0.34375
unusual plot structure:0.34325
fight scenes:0.342
camp:0.33875
manipulation:0.3335
light:0.33325
sexy:0.3325
entirely dialogue:0.3305
not funny:0.33
cult film:0.3275
interracial romance:0.3255
allegory:0.3215
narrated:0.3195
greed:0.3165
kids and family:0.31525
depp & burton:0.31475
stylish:0.3145
parallel universe:0.31275
artistic:0.31175
period piece:0.3115
nostalgic:0.30825
visually stunning:0.30675
nudity:0.3055
factual:0.30225
survival:0.30075
melancholic:0.3005
fantasy world:0.299
atheism:0.298
feel good movie:0.29475
