based on a book:0.98225
romantic:0.95875
chick flick:0.926
romance:0.92175
single father:0.78975
beautiful scenery:0.763
adapted from:book:0.75325
drama:0.75
romantic comedy:0.74325
books:0.74
love story:0.725
twist ending:0.714
adaptation:0.698
girlie movie:0.68175
teen movie:0.6815
based on book:0.62725
better than expected:0.62675
relationships:0.602
great ending:0.5825
original:0.58025
surprise ending:0.572
runaway:0.56875
small town:0.5425
catastrophe:0.5195
sappy:0.51825
love:0.4965
bad ending:0.48675
predictable:0.47325
life philosophy:0.4725
good romantic comedies:0.472
twists & turns:0.4675
book:0.4625
secrets:0.4625
book was better:0.46125
so bad it's funny:0.4485
pg-13:0.44175
women:0.43675
happy ending:0.43325
plot holes:0.418
sweet:0.41575
thriller:0.41475
mentor:0.40175
touching:0.393
cancer:0.39125
not funny:0.38775
weird:0.371
teen:0.3685
unfunny:0.36725
plot twist:0.36375
bdsm:0.3545
suprisingly clever:0.34525
pornography:0.3415
absurd:0.327
cute:0.31
literature:0.307
classic car:0.3055
good:0.30375
alternate endings:0.297
storytelling:0.28625
great:0.28625
twist:0.284
death:0.28125
solitude:0.28075
feel-good:0.279
divorce:0.2755
cute!:0.268
good acting:0.2625
unrealistic:0.26225
scenic:0.25825
good soundtrack:0.25675
sexy:0.25475
transformation:0.252
writers:0.2505
chase:0.24675
irish accent:0.246
spying:0.24575
amy smart:0.24575
unusual plot structure:0.242
police investigation:0.2395
light:0.2375
identity:0.2365
destiny:0.2365
dialogue:0.23525
melancholic:0.23475
culture clash:0.23275
emotional:0.23075
obsession:0.22725
surveillance:0.22325
guilt:0.2225
brutality:0.22125
natural disaster:0.2205
memory loss:0.2195
story:0.21775
crude humor:0.2165
passionate:0.21525
mystery:0.21275
silly fun:0.2095
suspense:0.20925
boston:0.209
cheating:0.20875
