england:0.93025
road trip:0.92825
british comedy:0.91725
loneliness:0.88425
midlife crisis:0.846
humorous:0.8325
british:0.777
witty:0.7505
original:0.7475
quirky:0.7295
off-beat comedy:0.72475
bleak:0.72075
talky:0.71475
criterion:0.6985
sarcasm:0.67575
dialogue:0.65
road movie:0.64725
wine:0.63575
very interesting:0.61675
enigmatic:0.6055
obsession:0.591
comedy:0.5895
affectionate:0.5775
surreal:0.55275
drinking:0.542
cinematography:0.538
character study:0.534
insanity:0.5305
hilarious:0.52825
melancholic:0.51475
unlikely friendships:0.5085
intimate:0.50825
depression:0.504
harsh:0.494
drama:0.49025
adaptation:0.48425
greed:0.473
entirely dialogue:0.4725
weird:0.46675
dark humor:0.46675
very funny:0.4655
great ending:0.4585
absurd:0.45825
melancholy:0.45425
life philosophy:0.45375
golden palm:0.4495
interesting:0.44925
writers:0.4345
clever:0.4345
dark:0.43275
visually appealing:0.427
hotel:0.423
series:0.4225
nocturnal:0.42175
good soundtrack:0.42
social commentary:0.41525
suprisingly clever:0.41375
meditative:0.41225
dysfunctional family:0.41125
runaway:0.411
humor:0.40575
catastrophe:0.405
stylish:0.40425
unusual plot structure:0.4015
london:0.40075
irreverent:0.39825
adapted from:book:0.39775
reflective:0.3955
stylized:0.38925
goofy:0.38675
cerebral:0.385
cult classic:0.38475
mentor:0.38375
complex:0.38275
boring!:0.3825
movielens top pick:0.37575
existentialism:0.36925
relationships:0.36025
parody:0.36025
distopia:0.35975
eccentricity:0.35725
satire:0.3545
grim:0.35325
pornography:0.347
thought-provoking:0.34625
crime gone awry:0.3415
storytelling:0.34025
allegory:0.34025
quotable:0.3395
narrated:0.3355
deadpan:0.33325
cynical:0.33275
creativity:0.328
brutality:0.32
story:0.3165
oscar (best directing):0.31475
oscar (best supporting actress):0.31425
cult film:0.3115
dark hero:0.311
great dialogue:0.30975
