drug abuse:0.95175
drugs:0.938
aids:0.92025
drug addiction:0.91175
biographical:0.8845
nudity (topless - notable):0.8825
good soundtrack:0.868
nudity (full frontal - notable):0.85025
addiction:0.84025
life & death:0.802
biopic:0.77625
biography:0.7405
mentor:0.73525
depression:0.67
based on true story:0.66475
based on a true story:0.65575
pornography:0.65475
original:0.65125
loneliness:0.6455
women:0.63275
life:0.62975
queer:0.6295
erotic:0.623
terminal illness:0.62175
heroin:0.5955
lesbian:0.589
girlie movie:0.5785
true story:0.56375
sexual:0.5485
relationships:0.544
sexy:0.52625
sad:0.49975
destiny:0.49925
nudity (full frontal):0.4985
male nudity:0.497
life philosophy:0.48525
transformation:0.4755
death:0.463
fashion:0.4565
dramatic:0.453
downbeat:0.45075
intense:0.4505
catastrophe:0.44675
artistic:0.445
touching:0.44025
stunning:0.436
melancholic:0.43325
rags to riches:0.427
great:0.41875
passionate:0.418
great ending:0.41675
oscar (best actress):0.415
sex:0.4145
cancer:0.41075
drama:0.4085
emotional:0.4075
tragedy:0.40125
great acting:0.38225
adaptation:0.38175
oscar (best supporting actress):0.3765
story:0.3765
runaway:0.3665
unlikely friendships:0.36425
heartbreaking:0.36425
hard to watch:0.363
not funny:0.3545
narrated:0.35325
internet:0.349
storytelling:0.3455
childhood:0.34025
greed:0.3385
mental illness:0.3285
visually appealing:0.32525
dreams:0.32375
friendship:0.31975
drinking:0.3195
very interesting:0.319
beautiful:0.31825
mother daughter relationship:0.31575
fight scenes:0.31525
hospital:0.3025
suprisingly clever:0.301
police investigation:0.30075
notable nudity:0.3005
doctors:0.29975
predictable:0.2945
sexualized violence:0.29425
books:0.29375
interesting:0.293
shopping:0.291
alone in the world:0.288
coming of age:0.28675
brutality:0.2805
dialogue:0.2795
betrayal:0.27425
teen movie:0.274
artist:0.273
immortality:0.27275
vengeance:0.271
nudity (full frontal - brief):0.27025
