splatter:0.98625
teen movie:0.89325
so bad it's funny:0.8155
original:0.805
teens:0.79175
pointless:0.759
horror:0.7395
pornography:0.708
sequels:0.7055
bloody:0.67225
grindhouse:0.662
high school:0.65725
stupid as hell:0.64875
slasher:0.634
torture:0.6215
gory:0.6135
virus:0.61325
dumb but funny:0.5915
predictable:0.584
bad acting:0.581
brutality:0.5035
melancholic:0.494
campy:0.48625
weird:0.46725
idiotic:0.45875
good soundtrack:0.4445
great ending:0.43925
nudity (full frontal - notable):0.4355
stereotypes:0.43075
quirky:0.4275
ridiculous:0.42325
bad script:0.4165
doctors:0.4135
awful:0.41325
demons:0.41125
gruesome:0.40125
overrated:0.39775
mentor:0.388
bad plot:0.383
first contact:0.3815
sexy:0.38125
dialogue:0.375
catastrophe:0.3725
low budget:0.37125
gore:0.3695
unlikeable characters:0.3625
mad scientist:0.358
pulp:0.35775
entirely dialogue:0.35575
franchise:0.35425
teen:0.3515
bullying:0.3495
fun movie:0.34225
cult classic:0.34175
disaster:0.33925
sexual abuse:0.33825
road movie:0.33575
scary:0.32875
dysfunctional family:0.32025
erotic:0.31375
camp:0.30975
drinking:0.30775
not funny:0.30325
nudity:0.302
cult film:0.301
teenagers:0.29875
slapstick:0.2955
creativity:0.2945
australia:0.2925
crappy sequel:0.2915
police investigation:0.291
disturbing:0.29075
women:0.2885
chase:0.28
bad:0.27825
redemption:0.27625
absurd:0.2745
very funny:0.26125
sequel:0.26
death:0.25825
runaway:0.2565
nudity (topless):0.256
lame:0.25575
clever:0.255
bad cgi:0.25475
family:0.25425
monster:0.25425
lone hero:0.2535
notable nudity:0.252
horrible:0.2495
serial killer:0.24925
violence:0.2475
romance:0.244
unusual plot structure:0.2425
too long:0.2395
unfunny:0.23825
comedy:0.2375
adaptation:0.23675
special effects:0.2355
hard to watch:0.2355
