scifi:0.9835
sci fi:0.97525
science fiction:0.96375
alien:0.95975
futuristic:0.94325
sci-fi:0.9355
special effects:0.89225
mars:0.89025
space:0.87175
science:0.83975
aliens:0.8395
mutants:0.816
first contact:0.8015
technology:0.73
visual:0.68925
weapons:0.67275
original:0.6625
alien invasion:0.65525
effects:0.65
so bad it's funny:0.64875
pulp:0.6425
monster:0.63625
bad acting:0.614
cerebral:0.59525
natural disaster:0.57725
story:0.5485
dialogue:0.54675
catastrophe:0.50525
scifi cult:0.504
mad scientist:0.502
clones:0.49975
future:0.4935
visually stunning:0.49175
android(s)/cyborg(s):0.4885
1950s:0.4815
alternate reality:0.4795
bad science:0.47675
allegory:0.44125
end of the world:0.441
monsters:0.4135
philip k. dick:0.41275
transformation:0.40625
giant robots:0.39825
pointless:0.39375
enigmatic:0.3895
talky:0.38575
mentor:0.385
nuclear:0.38275
great ending:0.371
entirely dialogue:0.37025
mozart:0.369
bad plot:0.36875
predictable:0.3665
disaster:0.3615
cult film:0.36075
space travel:0.36025
utopia:0.35525
campy:0.34675
island:0.345
survival:0.3435
stop motion:0.34325
brutality:0.3375
mystery:0.3365
low budget:0.335
colourful:0.332
silly:0.33025
desert:0.32125
visually appealing:0.32125
classic:0.3145
complex:0.3115
not funny:0.31075
imagination:0.31
life & death:0.30975
adaptation:0.30975
fantasy world:0.30875
fantasy:0.307
nocturnal:0.30675
dystopic future:0.3065
twists & turns:0.306
weird:0.30025
great:0.29375
spiders:0.29375
criterion:0.29325
cyberpunk:0.29075
fight scenes:0.2905
cult classic:0.286
overrated:0.28225
adventure:0.2805
camp:0.2795
storytelling:0.27725
cool:0.27325
existentialism:0.272
runaway:0.2685
post apocalyptic:0.2645
grindhouse:0.2635
lone hero:0.26125
dinosaurs:0.261
paranoid:0.2595
culture clash:0.25775
dystopia:0.24875
