action:0.97275
good action:0.96475
action packed:0.9105
fight scenes:0.8995
police corruption:0.89075
mafia:0.86975
fast paced:0.865
chase:0.863
mentor:0.848
vengeance:0.79775
police:0.7715
car chase:0.7655
corruption:0.756
hit men:0.7555
revenge:0.72975
gunfight:0.72175
violence:0.689
fighting:0.666
assassination:0.61025
mob:0.60825
gangsters:0.60425
kidnapping:0.59225
gratuitous violence:0.59025
original:0.58025
brutality:0.56525
good soundtrack:0.558
organized crime:0.5565
lone hero:0.5525
pg-13:0.54675
police investigation:0.54625
gangs:0.53125
hitman:0.5085
dialogue:0.499
better than expected:0.482
so bad it's funny:0.479
guns:0.4755
plot:0.47075
runaway:0.45025
redemption:0.45
martial arts:0.41525
cool:0.41075
predictable:0.40975
homeless:0.40825
catastrophe:0.4045
brutal:0.402
great ending:0.39725
assassin:0.3915
pornography:0.38675
life philosophy:0.3845
story:0.3835
betrayal:0.3805
new jersey:0.38025
bad acting:0.37875
violent:0.3705
women:0.36325
undercover cop:0.36325
culture clash:0.36175
silly fun:0.35975
not funny:0.3505
girlie movie:0.35
weapons:0.34675
russian:0.3405
murder:0.3365
absurd:0.33
assassins:0.32925
secrets:0.32475
explosions:0.32175
survival:0.3115
twists & turns:0.30475
good:0.30475
transformation:0.30125
silly:0.299
happy ending:0.29275
ninja:0.2845
realistic action:0.27875
pulp:0.2775
harsh:0.277
stylish:0.27575
fantasy world:0.272
first contact:0.27
conspiracy:0.26975
great:0.26775
blood:0.2655
stylized:0.26525
storytelling:0.263
amy smart:0.26225
new york city:0.25825
awesome soundtrack:0.25775
entirely dialogue:0.257
anti-hero:0.25425
memory:0.253
fun:0.2525
unlikely friendships:0.248
entertaining:0.24725
torture:0.24525
enigmatic:0.24475
justice:0.2445
unrealistic:0.24325
franchise:0.24125
reflective:0.2395
