internet:0.98025
documentary:0.9665
technology:0.95625
justice:0.933
computers:0.88275
crime:0.88025
free speech:0.86975
original:0.8545
complex:0.83825
censorship:0.82425
mentor:0.817
politics:0.795
storytelling:0.78975
interesting:0.77575
suicide:0.7695
intellectual:0.7615
greed:0.75425
alone in the world:0.754
poignant:0.7455
runaway:0.742
bittersweet:0.7405
death:0.73675
very interesting:0.71575
freedom:0.7085
biographical:0.7025
manipulation:0.699
good acting:0.69875
hacking:0.69875
corruption:0.69675
sad:0.6905
mental illness:0.689
social commentary:0.6885
philosophy:0.6845
life:0.68
good:0.6775
tragedy:0.676
emotional:0.672
story:0.66825
political:0.66175
pornography:0.659
cancer:0.657
talky:0.64925
original plot:0.64025
psychology:0.62675
business:0.6255
idealism:0.62525
distopia:0.62025
amazing photography:0.6135
honest:0.6135
journalism:0.6125
great acting:0.60725
betrayal:0.606
imdb top 250:0.60525
great ending:0.6015
science:0.5965
biography:0.59175
adapted from:book:0.588
cerebral:0.58725
narrated:0.5845
depression:0.58225
secrets:0.5815
intense:0.578
creativity:0.577
prejudice:0.57625
childhood:0.576
police investigation:0.5625
heartwarming:0.5605
dramatic:0.55575
cathartic:0.5515
courage:0.55075
depressing:0.5465
oscar winner:0.543
based on true story:0.54275
suprisingly clever:0.542
oscar (best directing):0.541
dark hero:0.5335
heartbreaking:0.533
morality:0.53175
based on a book:0.53175
hackers:0.52975
inspiring:0.527
capitalism:0.51875
great:0.51375
based on book:0.5135
thought-provoking:0.5105
adaptation:0.5095
catastrophe:0.508
light:0.50425
controversial:0.49675
disturbing:0.496
sexualized violence:0.4955
harsh:0.491
twists & turns:0.4875
life & death:0.48325
touching:0.48275
movielens top pick:0.4825
dystopic future:0.48225
destiny:0.4815
pg-13:0.477
cool:0.47575
