vietnam war:0.99525
best war films:0.97475
vietnam:0.96025
war:0.9585
war movie:0.93025
brutality:0.87325
anti-war:0.808
military:0.77525
brutal:0.74225
original:0.742
visceral:0.71825
dialogue:0.69
realistic:0.68325
weapons:0.67925
bloody:0.679
violence:0.674
intense:0.645
us history:0.585
sacrifice:0.57975
gory:0.57475
ensemble cast:0.56525
good soundtrack:0.5595
forceful:0.5535
harsh:0.55025
dramatic:0.5495
courage:0.53875
jungle:0.5295
fighting:0.5145
insanity:0.5125
true story:0.50975
historical:0.50575
good:0.504
mentor:0.494
fight scenes:0.4925
politics:0.48425
pointless:0.47425
survival:0.46925
torture:0.454
political:0.44275
vengeance:0.442
great ending:0.4415
catastrophe:0.43
drama:0.429
history:0.4255
violent:0.4185
great acting:0.416
blood:0.4155
gritty:0.41525
stereotypes:0.414
culture clash:0.41275
pg-13:0.40925
honest:0.40675
finnish:0.40175
sexualized violence:0.398
lone hero:0.3945
ethnic conflict:0.39375
storytelling:0.3895
revenge:0.38825
camp:0.3855
entirely dialogue:0.38325
world war i:0.38
betrayal:0.3795
prejudice:0.3765
wartime:0.376
predictable:0.37375
highly quotable:0.3725
based on true story:0.37075
grindhouse:0.36925
allegory:0.36425
story:0.363
moral ambiguity:0.35325
action:0.353
civil war:0.35
irish accent:0.349
disturbing:0.349
powerful ending:0.341
gunfight:0.33925
foul language:0.3355
suprisingly clever:0.3335
justice:0.332
pulp:0.32925
fun movie:0.32625
corruption:0.325
not funny:0.3205
redemption:0.31975
runaway:0.316
great:0.31475
cinematography:0.31325
brothers:0.31275
cult classic:0.31
anti-hero:0.308
death:0.3075
graphic novel:0.306
imdb top 250:0.30525
over the top:0.3005
splatter:0.3
guns:0.2985
nudity (full frontal - brief):0.29825
exceptional acting:0.29675
life philosophy:0.29575
