based on a play:0.86875
criterion:0.83425
talky:0.81
dialogue:0.72525
new york city:0.6765
original:0.67425
new york:0.62875
adaptation:0.62425
oscar (best actress):0.60275
oscar (best supporting actress):0.5685
loneliness:0.565
crime gone awry:0.55825
gangsters:0.5295
perfect:0.51775
entirely dialogue:0.51325
great:0.49925
intellectual:0.49175
witty:0.48475
reflective:0.48275
intimate:0.48275
corruption:0.47125
runaway:0.47025
mentor:0.46875
character study:0.45475
catastrophe:0.4545
great acting:0.4545
good soundtrack:0.45125
greed:0.45
interesting:0.4225
drinking:0.42175
great ending:0.40125
life philosophy:0.399
stylized:0.39725
affectionate:0.3935
obsession:0.389
pornography:0.37725
enigmatic:0.37475
atmospheric:0.37
not funny:0.36775
good acting:0.3675
oscar (best directing):0.34175
very interesting:0.34025
free to download:0.3385
dialogue driven:0.337
passionate:0.33475
tricky:0.33425
relationships:0.334
drama:0.3335
melancholic:0.333
melancholy:0.3315
dark hero:0.329
narrated:0.32875
race issues:0.328
visually appealing:0.318
great movie:0.31475
good:0.31425
grindhouse:0.31375
nocturnal:0.31375
adapted from:book:0.301
nudity (full frontal - brief):0.29875
sexy:0.29825
russian:0.29575
gangster:0.29375
suprisingly clever:0.29225
cerebral:0.29175
very good:0.2915
lone hero:0.29125
fun movie:0.291
golden palm:0.2895
storytelling:0.2885
oscar (best supporting actor):0.28725
redemption:0.28625
light:0.285
eccentricity:0.2845
culture clash:0.2825
earnest:0.28175
unusual plot structure:0.28125
meditative:0.27775
underrated:0.2775
great dialogue:0.2775
brutality:0.27725
social commentary:0.27475
clever:0.27475
movielens top pick:0.2725
cinematography:0.27025
complex:0.26975
new jersey:0.269
excellent:0.26525
writers:0.2645
weird:0.25625
transformation:0.2555
fantasy world:0.2525
multiple storylines:0.2515
mob:0.24775
masterpiece:0.24675
alter ego:0.246
imdb top 250:0.2435
shakespeare:0.24275
jazz:0.242
intelligent:0.2415
