surveillance:0.99725
conspiracy:0.997
fast paced:0.989
chase:0.98875
spying:0.9865
conspiracy theory:0.986
espionage:0.97025
lawyer:0.96725
action:0.94475
good action:0.94325
tom clancy:0.92425
action packed:0.91775
corruption:0.9015
exciting:0.897
secret service:0.893
thriller:0.88925
lawyers:0.8845
spy:0.873
big budget:0.8655
technology:0.86175
suspense:0.861
spies:0.84175
paranoia:0.83975
good:0.82975
tense:0.8175
secrets:0.8165
suspenseful:0.81475
mentor:0.8035
intense:0.799
murder:0.77775
good acting:0.75825
plot twist:0.756
great movie:0.7525
plot:0.73375
assassination:0.733
futuristic:0.72475
paranoid:0.72175
great:0.71625
entertaining:0.703
original:0.69325
excellent:0.69025
car chase:0.68425
great ending:0.684
oscar winner:0.67475
police investigation:0.673
pg-13:0.665
great acting:0.66375
cool:0.6605
runaway:0.66
hit men:0.6235
interesting:0.61375
hackers:0.61375
twists & turns:0.6095
politics:0.605
catastrophe:0.60075
assassin:0.59275
fun movie:0.58575
vengeance:0.56
clever:0.5515
fight scenes:0.545
terrorism:0.5435
greed:0.531
very good:0.5265
special effects:0.52525
investigation:0.5135
dialogue:0.51
very interesting:0.50775
story:0.5055
political:0.5025
predictable:0.49475
silly fun:0.48975
betrayal:0.48925
surprise ending:0.48375
internet:0.479
lone hero:0.47525
explosions:0.47
revenge:0.464
assassins:0.4575
business:0.45425
first contact:0.45375
plot holes:0.44925
better than expected:0.4455
computers:0.432
fun:0.42975
underdog:0.42625
destiny:0.4225
natural disaster:0.422
sexy:0.4215
cia:0.4085
identity:0.408
classic car:0.39825
violence:0.39775
hitman:0.39275
buddy movie:0.39225
justice:0.38475
thought-provoking:0.3845
complicated plot:0.37975
twist ending:0.37775
dynamic cgi action:0.37525
murder mystery:0.37425
