documentary:0.89975
grindhouse:0.78475
criterion:0.70425
small town:0.69825
intimate:0.51925
original:0.4955
melancholic:0.47925
downbeat:0.425
catastrophe:0.40625
life philosophy:0.3895
independent film:0.3885
fake documentary:0.361
indie:0.3545
low budget:0.3545
classic car:0.325
great ending:0.32475
mentor:0.307
farce:0.30625
entirely dialogue:0.30025
enigmatic:0.294
not funny:0.281
splatter:0.25425
loneliness:0.2485
brutality:0.244
canada:0.23925
suprisingly clever:0.23
disturbing:0.22975
crime gone awry:0.2255
silent:0.21775
dialogue:0.215
greed:0.21025
lone hero:0.20125
golden palm:0.19775
romance:0.19725
movielens top pick:0.1945
life & death:0.19175
overrated:0.19175
dysfunctional family:0.19175
first contact:0.18975
harsh:0.18475
quirky:0.184
writers:0.1835
clever:0.18125
very funny:0.17975
transformation:0.178
storytelling:0.17475
so bad it's funny:0.1745
good soundtrack:0.17025
death penalty:0.16875
corporate america:0.16725
free to download:0.16575
psychological:0.1635
weapons:0.1615
fantasy world:0.1605
boring:0.16025
dreamlike:0.15875
melancholy:0.158
mad scientist:0.157
exceptional acting:0.15575
masterpiece:0.154
runaway:0.15275
drinking:0.152
oil:0.1495
cult film:0.149
guilt:0.149
bad plot:0.1475
unfunny:0.1455
slapstick:0.14475
queer:0.14425
texas:0.1435
weird:0.14325
gangsters:0.1415
twists & turns:0.14025
great:0.14
adaptation:0.13975
assassination:0.13775
nudity (full frontal - brief):0.1375
addiction:0.13525
culture clash:0.13375
atmospheric:0.1335
environment:0.1335
absurd:0.1325
inspirational:0.13225
crude humor:0.1295
pointless:0.1275
meditative:0.12725
gay character:0.12575
journalism:0.125
screwball:0.12475
pornography:0.12425
ethnic conflict:0.1235
satirical:0.1235
affectionate:0.12275
hip hop:0.121
giant robots:0.121
finnish:0.12075
talky:0.11925
nocturnal:0.11875
paranoia:0.118
existentialism:0.11775
