horror:0.9845
serial killer:0.96075
franchise:0.95825
creepy:0.9045
original:0.87625
supernatural:0.8705
good sequel:0.8605
scary:0.80175
demons:0.79375
sequels:0.763
gruesome:0.72475
sequel:0.7065
murder:0.70625
splatter:0.6795
dialogue:0.67775
slasher:0.646
brutality:0.5955
original plot:0.59075
adaptation:0.5815
melancholic:0.56375
hospital:0.5585
devil:0.53775
suspenseful:0.53775
frightening:0.527
gory:0.52025
special effects:0.504
great ending:0.48825
suspense:0.48475
predictable:0.4835
investigation:0.48325
brutal:0.47425
cerebral:0.464
detective:0.453
violence:0.4505
catastrophe:0.44575
mentor:0.44225
teens:0.44025
fantasy world:0.43475
psychological:0.434
weird:0.42
sexualized violence:0.41825
pornography:0.4145
intense:0.41125
crappy sequel:0.4085
grindhouse:0.40775
entirely dialogue:0.404
effects:0.40025
macabre:0.4
overrated:0.39725
visceral:0.39325
catholicism:0.39175
writers:0.391
bloody:0.3875
ominous:0.38375
dreamlike:0.37875
disturbing:0.3765
eerie:0.3755
based on a book:0.37425
so bad it's funny:0.37375
atmospheric:0.37125
masterpiece:0.37
first contact:0.3625
storytelling:0.36175
psychology:0.35925
story:0.3575
stylish:0.35575
unlikely friendships:0.3535
pointless:0.35325
death:0.34625
not funny:0.34375
visual:0.343
imdb top 250:0.33925
cult film:0.33875
violent:0.338
based on book:0.33225
police investigation:0.33075
quirky:0.32825
bad ending:0.32525
stylized:0.325
good soundtrack:0.32175
underrated:0.3195
fight scenes:0.3165
series:0.31425
transformation:0.30675
twists & turns:0.3065
redemption:0.29875
life & death:0.29825
psychiatry:0.29725
doctors:0.2965
sci fi:0.2955
revenge:0.29325
talky:0.29
great acting:0.28925
family:0.288
blood:0.28375
cult classic:0.28375
dysfunctional family:0.28225
runaway:0.2785
good:0.277
existentialism:0.277
