internet:0.98525
conspiracy:0.97625
hacking:0.972
hackers:0.93725
computers:0.937
technology:0.93425
chase:0.9285
identity:0.89125
espionage:0.8785
virus:0.78975
thriller:0.75975
first contact:0.7565
natural disaster:0.73925
plot holes:0.72425
catastrophe:0.69775
original:0.648
big budget:0.6455
tense:0.64275
paranoia:0.637
good:0.63425
action:0.62875
so bad it's funny:0.6285
bad plot:0.6285
suspenseful:0.622
predictable:0.609
suspense:0.6085
factual:0.60375
san francisco:0.6035
destiny:0.55525
surveillance:0.53
science fiction:0.51325
mentor:0.5015
exciting:0.48875
ridiculous:0.48725
plot:0.48125
good action:0.47975
spying:0.4645
secrets:0.46375
utopia:0.459
science:0.45625
twists & turns:0.45575
creativity:0.45575
story:0.45275
geeks:0.4515
very interesting:0.44225
dystopia:0.437
special effects:0.435
alone in the world:0.43075
chick flick:0.43025
runaway:0.42875
horrible:0.428
entertaining:0.42575
lawyer:0.4205
unrealistic:0.4195
spies:0.412
mistaken identity:0.403
memory loss:0.40225
bad cgi:0.38925
pg-13:0.38925
happy ending:0.38325
action packed:0.38075
lone hero:0.37775
greed:0.3745
geek:0.367
girlie movie:0.363
great ending:0.3605
lame:0.35975
better than expected:0.3575
manipulation:0.35225
paranoid:0.35175
life philosophy:0.35125
bad:0.35025
corruption:0.3485
family:0.3355
betrayal:0.3345
no plot:0.33175
doctors:0.32925
police investigation:0.3245
writers:0.32375
loneliness:0.3215
secret service:0.321
great:0.32
sci fi:0.31875
silly:0.31525
spy:0.31475
romantic:0.31075
conspiracy theory:0.30875
computer animation:0.30825
bad science:0.308
bad ending:0.3075
fbi:0.30325
culture clash:0.3025
futuristic:0.30225
virtual reality:0.30175
dialogue:0.30175
mozart:0.29775
childhood:0.2955
storytelling:0.286
shopping:0.2855
car chase:0.2855
