artistic:0.99425
artist:0.9935
biographical:0.99325
biopic:0.989
art:0.97575
biography:0.9615
life:0.88425
mentor:0.87225
oscar (best actress):0.86225
visually stunning:0.85375
disability:0.84825
surreal:0.83525
surrealism:0.82525
passionate:0.825
loneliness:0.8225
drama:0.8045
melancholic:0.80425
storytelling:0.80075
creativity:0.7905
drinking:0.7605
life & death:0.75925
love:0.7565
relationships:0.75625
women:0.745
original:0.73825
beautifully filmed:0.735
reflective:0.734
spanish:0.73125
communism:0.727
very interesting:0.70275
magic realism:0.6885
dramatic:0.68625
beautiful:0.67925
exceptional acting:0.67225
idealism:0.66075
cinematography:0.65925
oscar:0.656
life philosophy:0.65575
politics:0.652
visually appealing:0.65125
1930s:0.64175
great:0.62025
revolution:0.6195
destiny:0.616
depression:0.6095
great movie:0.60675
intimate:0.6005
emotional:0.6
oscar (best supporting actress):0.59975
childhood:0.59825
good soundtrack:0.59225
great acting:0.58325
colourful:0.57675
mexico:0.57225
obsession:0.56825
story:0.56375
drug abuse:0.56025
marriage:0.5595
oscar (best directing):0.5575
interesting:0.55675
touching:0.55175
sexualized violence:0.54525
visual:0.54
breathtaking:0.53925
stunning:0.53875
oscar winner:0.5225
good:0.52175
social commentary:0.51875
good acting:0.516
enigmatic:0.51325
existentialism:0.511
philosophy:0.5035
betrayal:0.50225
tragedy:0.49975
imagination:0.49875
redemption:0.49875
inspiring:0.4955
inspirational:0.4945
bittersweet:0.493
great ending:0.4925
foreign:0.48875
transformation:0.488
sexuality:0.48
love story:0.47825
melancholy:0.477
dreams:0.4765
based on book:0.47475
weird:0.471
based on true story:0.4705
suprisingly clever:0.46775
1920s:0.46725
intense:0.457
true story:0.4525
culture clash:0.446
political:0.4425
nudity (full frontal - notable):0.441
adapted from:book:0.43825
adaptation:0.432
intellectual:0.428
friendship:0.4275
