so bad it's funny:0.96425
cult film:0.95975
cult classic:0.903
alien:0.871
aliens:0.8695
so bad it's good:0.85425
bad acting:0.85
awful:0.83025
original:0.77575
sci fi:0.769
camp:0.75125
scifi:0.75
zombie:0.74075
horrible:0.7305
low budget:0.713
weird:0.69875
dialogue:0.69225
bad:0.69
alien invasion:0.674
ridiculous:0.625
campy:0.6005
stupidity:0.59525
special effects:0.5705
absurd:0.565
sci-fi:0.5545
allegory:0.51325
mad scientist:0.51175
bad plot:0.51175
science fiction:0.5095
silly:0.488
masterpiece:0.48525
first contact:0.47325
idiotic:0.4725
catastrophe:0.46625
entirely dialogue:0.462
great ending:0.46125
stupid:0.4535
fun:0.44025
narrated:0.44025
goofy:0.44025
space:0.41725
predictable:0.41725
cheesy:0.4155
cult:0.41275
light:0.4115
mentor:0.40825
fun movie:0.4045
mars:0.3985
weapons:0.386
storytelling:0.3835
surreal:0.38325
splatter:0.37775
not funny:0.37775
grindhouse:0.3755
good soundtrack:0.3725
pointless:0.369
criterion:0.367
imdb top 250:0.36625
police investigation:0.36375
ironic:0.3625
monster:0.35775
horror:0.35075
entertaining:0.347
redemption:0.34675
fantasy world:0.3365
adaptation:0.336
quirky:0.333
unintentionally funny:0.31975
runaway:0.31725
brutality:0.312
melancholic:0.31
bad script:0.307
good dialogue:0.30625
silly fun:0.30225
overrated:0.30175
scary:0.299
zombies:0.2935
bizarre:0.29275
death:0.29275
passionate:0.28975
nocturnal:0.2895
parody:0.2865
quotable:0.28575
story:0.2825
harsh:0.275
writers:0.27425
based on a book:0.269
humor:0.26875
unfunny:0.26775
talky:0.26575
existentialism:0.2655
stylized:0.265
satirical:0.26475
dreamlike:0.264
social commentary:0.262
nudity (full frontal - notable):0.2605
very funny:0.26
pornography:0.25975
good:0.258
life & death:0.257
