enigmatic:0.98125
amazing photography:0.93425
cerebral:0.90725
meditative:0.899
loneliness:0.8485
dreamlike:0.84625
criterion:0.8375
downbeat:0.83175
masterpiece:0.83125
stylized:0.83025
weird:0.824
character study:0.8215
reflective:0.815
allegory:0.81475
melancholic:0.80975
visual:0.795
breathtaking:0.785
beautifully filmed:0.78475
golden palm:0.77875
intimate:0.77075
cinematography:0.768
philosophical:0.751
melancholy:0.73825
humanity:0.73175
existentialism:0.72925
talky:0.72475
artistic:0.67325
oscar (best foreign language film):0.6615
surreal:0.642
visually appealing:0.63875
greed:0.63825
german:0.62275
stunning:0.6205
atmospheric:0.613
original:0.611
childhood:0.6055
dreams:0.6005
imdb top 250:0.59375
intellectual:0.588
true story:0.584
harsh:0.57675
very interesting:0.5725
god:0.568
unusual plot structure:0.56775
affectionate:0.56375
bleak:0.5595
complex:0.55325
narrated:0.5515
based on true story:0.55
life philosophy:0.54225
storytelling:0.53975
suprisingly clever:0.534
idealism:0.534
19th century:0.52625
life & death:0.52375
strange:0.51725
germany:0.515
movielens top pick:0.515
dramatic:0.51
visually stunning:0.50925
slow:0.5035
hallucinatory:0.49625
nocturnal:0.49225
crime gone awry:0.492
cynical:0.48875
great:0.4855
wine:0.4675
poignant:0.46575
social commentary:0.46375
paranoid:0.45625
slow paced:0.45325
isolation:0.45025
ironic:0.449
artist:0.44825
creativity:0.448
culture clash:0.44725
alone in the world:0.441
biopic:0.43975
catastrophe:0.43725
story:0.4305
solitude:0.42925
cult classic:0.425
mentor:0.42275
silent:0.42175
absurd:0.41725
foreign:0.415
passionate:0.41275
art:0.412
black and white:0.4085
insanity:0.40775
obsession:0.407
surrealism:0.40425
transformation:0.40275
great ending:0.402
dialogue:0.397
mozart:0.39675
mystery:0.39625
grim:0.395
photography:0.39425
self discovery:0.39325
