space:0.9975
space program:0.99625
astronauts:0.97225
camp:0.95025
nasa:0.94875
space travel:0.90875
scifi:0.849
kids:0.84775
fun movie:0.8275
childhood:0.7765
robot:0.74475
nostalgic:0.73775
family:0.72925
sci fi:0.721
original:0.70575
adventure:0.674
fun:0.66675
disaster:0.656
fantasy:0.655
cute!:0.651
predictable:0.6475
80s:0.6285
cute:0.62625
natural disaster:0.62075
science:0.585
feel-good:0.58
catastrophe:0.57
mentor:0.5525
70mm:0.552
special effects:0.543
good:0.53625
teen movie:0.536
silly:0.5355
bullying:0.53025
science fiction:0.52325
sci-fi:0.5075
first contact:0.498
mars:0.48025
great ending:0.471
children:0.4645
feel good movie:0.45675
bad science:0.4415
so bad it's funny:0.43825
dialogue:0.4295
teens:0.4185
idiotic:0.39375
kids and family:0.39325
silly fun:0.392
destiny:0.3885
girlie movie:0.3825
teen:0.37125
nerds:0.37075
quirky:0.3705
future:0.3575
light:0.3555
memory:0.35325
runaway:0.34875
alien:0.34725
not funny:0.3435
fantasy world:0.341
story:0.34025
unusual plot structure:0.3395
chase:0.33825
life philosophy:0.329
great:0.3265
plot:0.325
cool:0.3215
brutality:0.31725
lone hero:0.31225
good soundtrack:0.3105
entertaining:0.309
suspense:0.30725
stupid:0.30225
underdog:0.301
plot holes:0.29975
storytelling:0.29475
bad plot:0.29475
culture clash:0.29375
big budget:0.292
pg-13:0.29
revenge:0.287
inspirational:0.2865
guilty pleasure:0.282
unfunny:0.28125
survival:0.28125
violence:0.281
redemption:0.27675
death:0.27475
overrated:0.271
franchise:0.26925
space opera:0.269
intense:0.26725
happy ending:0.2665
romance:0.2665
cheesy:0.26575
aliens:0.2655
corny:0.2635
technology:0.261
melancholic:0.25925
school:0.25425
