action:0.96575
good action:0.95225
chase:0.92925
comedy:0.8335
action packed:0.81525
fun movie:0.78075
fun:0.71425
car chase:0.6855
original:0.679
lone hero:0.61125
fight scenes:0.5895
predictable:0.56525
road movie:0.5635
mentor:0.5605
entertaining:0.55325
pg-13:0.5485
fast paced:0.52925
adventure:0.527
gangsters:0.51375
lions:0.51275
vengeance:0.4815
80s:0.47825
good:0.45575
destiny:0.44975
buddy movie:0.44075
explosions:0.43625
romantic:0.4335
revenge:0.4335
great ending:0.43025
silly fun:0.42875
so bad it's funny:0.41725
unfunny:0.411
bad plot:0.39675
runaway:0.3945
catastrophe:0.393
brutality:0.391
great:0.3865
silly:0.3835
nudity (rear):0.38075
cool:0.37875
storytelling:0.366
family:0.36175
life philosophy:0.36075
weapons:0.359
dialogue:0.34875
light:0.34525
identity:0.34025
first contact:0.3395
not funny:0.33325
thriller:0.33175
classic car:0.31625
girlie movie:0.3155
bad:0.3115
good soundtrack:0.3115
gay:0.30775
culture clash:0.303
goofy:0.2995
shopping:0.2965
big budget:0.295
sexy:0.293
adaptation:0.29025
corruption:0.28375
nudity (full frontal - brief):0.2815
overrated:0.2815
lawyer:0.2815
fantasy world:0.28075
violence:0.27525
romantic comedy:0.27425
death:0.273
childhood:0.27275
very funny:0.27225
story:0.27175
writers:0.27025
screwball comedy:0.26525
redemption:0.2645
happy ending:0.263
shallow:0.26275
melancholic:0.259
underrated:0.2585
unusual plot structure:0.256
suspense:0.25475
mob:0.25275
clever:0.25025
murder:0.246
women:0.24175
life & death:0.24175
entirely dialogue:0.24025
multiple storylines:0.2395
motorcycle:0.23875
plot:0.23875
adapted from:book:0.23825
exciting:0.238
bank robbery:0.238
erotic:0.2375
pornography:0.2365
arms dealer:0.23525
hitman:0.234
betrayal:0.2315
slapstick:0.22825
feel-good:0.22475
