violent:0.97875
violence:0.9735
gangsters:0.96975
gangs:0.94725
brutality:0.928
visceral:0.912
gangster:0.879
bleak:0.87525
good soundtrack:0.86225
drugs:0.84975
los angeles:0.82525
brutal:0.823
grim:0.82175
foul language:0.81575
harsh:0.8085
mentor:0.80775
original:0.791
bloody:0.78575
realistic:0.7775
melancholic:0.77725
drinking:0.76625
brothers:0.76
great acting:0.7435
gunfight:0.726
drug addiction:0.72325
gritty:0.717
hip hop:0.7005
cult classic:0.69925
intense:0.69875
interesting:0.69425
highly quotable:0.694
social commentary:0.69375
life:0.6895
california:0.68625
crime gone awry:0.6855
great soundtrack:0.68325
crime:0.675
narrated:0.67225
life & death:0.6665
gratuitous violence:0.663
revenge:0.65325
drama:0.6505
cool:0.645
guns:0.64325
stereotypes:0.6325
graphic novel:0.6245
dark hero:0.617
honest:0.607
weed:0.60125
stylized:0.5985
hitman:0.59525
dialogue:0.59425
great movie:0.59325
coming of age:0.58875
forceful:0.5805
redemption:0.5665
vengeance:0.56225
life philosophy:0.5585
organized crime:0.551
golden palm:0.54525
great ending:0.5425
anti-hero:0.5355
good:0.53025
blaxploitation:0.52875
grindhouse:0.5215
suprisingly clever:0.51275
addiction:0.51225
disturbing:0.5085
coming-of-age:0.508
splatter:0.5025
great:0.50125
friendship:0.492
good acting:0.48075
awesome soundtrack:0.4805
loneliness:0.47975
beer:0.4775
pornography:0.47675
road movie:0.4755
teenager:0.472
unlikely friendships:0.4705
childhood:0.4705
depression:0.47
independent film:0.4685
runaway:0.4595
reflective:0.45825
mob:0.457
action:0.45375
storytelling:0.4525
classic:0.45
corruption:0.4475
talky:0.447
sexualized violence:0.43825
excellent script:0.43425
murder:0.43175
very good:0.429
relationships:0.4265
destiny:0.42025
good dialogue:0.413
culture clash:0.41275
imdb top 250:0.41075
