cerebral:0.98775
enigmatic:0.9855
surreal:0.98075
meditative:0.97675
surrealism:0.97325
dreamlike:0.96925
existentialism:0.969
hallucinatory:0.966
criterion:0.9475
stylized:0.91175
memory:0.89075
loneliness:0.88875
dreams:0.88775
eerie:0.8875
hotel:0.8835
masterpiece:0.88275
intimate:0.86725
reflective:0.863
weird:0.8615
non-linear:0.84725
cinematography:0.8465
talky:0.844
artistic:0.8185
allegory:0.8015
art house:0.78725
melancholy:0.7855
melancholic:0.78425
golden palm:0.776
breathtaking:0.75875
obsession:0.753
black and white:0.74925
intellectual:0.73925
pretentious:0.73725
complex:0.726
art:0.726
visually appealing:0.723
atmospheric:0.7215
lynch:0.71975
bleak:0.709
life & death:0.70425
narrated:0.70325
artsy:0.7005
nocturnal:0.69675
visual:0.681
strange:0.67775
maze:0.67625
original:0.6695
relationships:0.669
moody:0.65775
mindfuck:0.65575
nonlinear:0.64925
downbeat:0.642
psychological:0.6355
dialogue:0.63
pornography:0.62775
harsh:0.62325
life philosophy:0.607
imagination:0.60625
philosophical:0.605
paranoid:0.60125
unusual plot structure:0.5825
lyrical:0.58175
confusing:0.56225
disturbing:0.55925
visually stunning:0.5375
imdb top 250:0.531
entirely dialogue:0.5235
bizarre:0.49675
storytelling:0.49125
poetry:0.49075
creativity:0.4805
photography:0.47975
psychology:0.4775
suprisingly clever:0.46725
philosophy:0.46275
social commentary:0.4445
psychedelic:0.44175
very interesting:0.433
great ending:0.4325
childhood:0.42875
catastrophe:0.428
visceral:0.42625
runaway:0.42375
ominous:0.42275
greed:0.41675
metaphysics:0.41675
voyeurism:0.412
affectionate:0.41125
beautifully filmed:0.411
ironic:0.396
identity:0.396
passionate:0.394
good soundtrack:0.39175
grindhouse:0.38475
unique:0.382
interesting:0.3755
french:0.374
artist:0.36325
death:0.36175
mentor:0.361
