kids:0.97125
tense:0.95975
suspenseful:0.90475
runaway:0.89125
original:0.86675
thriller:0.85725
children:0.82875
chase:0.826
guns:0.8105
indie:0.8085
gangsters:0.80575
off-beat comedy:0.7955
moral ambiguity:0.782
slow paced:0.7655
adolescence:0.75875
cinematography:0.752
suspense:0.74925
good soundtrack:0.7445
storytelling:0.7395
road movie:0.73175
bloody:0.72375
pornography:0.72075
great cinematography:0.71025
complex:0.70675
bad ending:0.70375
cult classic:0.694
golden palm:0.67975
plot twist:0.67825
mob:0.67625
weird:0.6715
small town:0.66525
sexualized violence:0.665
great ending:0.65575
dark comedy:0.65175
melancholic:0.64625
dark humor:0.6395
great acting:0.6345
black comedy:0.62775
gangster:0.62725
violence:0.6185
twists & turns:0.617
claustrophobic:0.61625
absurd:0.6145
corruption:0.6125
police investigation:0.612
unusual plot structure:0.60325
brutality:0.59875
crime gone awry:0.59075
dialogue:0.58625
complicated plot:0.58475
first contact:0.5835
affectionate:0.58
criterion:0.5765
intense:0.572
conspiracy:0.56825
suprisingly clever:0.56125
childhood:0.5595
story:0.55925
coming-of-age:0.558
clever:0.556
quirky:0.542
psychological:0.53925
existentialism:0.5355
cars:0.526
narrated:0.524
violent:0.52075
serial killer:0.5135
imagination:0.50875
kidnapping:0.506
goofy:0.502
fast paced:0.4995
nudity (full frontal - notable):0.49625
entirely dialogue:0.4955
secrets:0.4925
visceral:0.4925
police corruption:0.4915
slow:0.491
teens:0.48925
organized crime:0.4875
ironic:0.4855
twist:0.4825
non-hollywood ending:0.481
disturbing:0.47925
great movie:0.472
stupidity:0.46875
family drama:0.4675
cult film:0.46725
cerebral:0.4655
downbeat:0.465
stylish:0.4635
very good:0.45975
good acting:0.452
pulp:0.44925
coming of age:0.446
hitman:0.446
light:0.44575
brutal:0.44325
grim:0.44125
kids and family:0.4405
buddy movie:0.43975
