germany:0.9865
east germany:0.98375
doctors:0.94375
german:0.93625
spying:0.9155
hospital:0.88575
surveillance:0.8675
dramatic:0.83475
loneliness:0.81275
cinematography:0.78875
melancholic:0.74775
claustrophobic:0.7185
foreign:0.708
golden palm:0.69925
complex:0.697
oscar (best supporting actress):0.68675
idealism:0.667
unusual plot structure:0.66575
character study:0.6635
secrets:0.6575
forceful:0.6575
relationships:0.6555
downbeat:0.649
paranoia:0.649
compassionate:0.6315
sacrifice:0.62325
existentialism:0.622
unlikely friendships:0.61975
mentor:0.61525
brutality:0.58675
wwii:0.5695
original:0.563
oscar (best supporting actor):0.55925
intimate:0.55775
criterion:0.55225
obsession:0.552
distopia:0.5495
drinking:0.54225
costume drama:0.53925
melancholy:0.53475
beautiful scenery:0.53075
harsh:0.518
allegory:0.51575
talky:0.50875
exceptional acting:0.507
emotional:0.50225
depression:0.495
understated:0.49375
very interesting:0.48475
paranoid:0.48075
storytelling:0.47075
spies:0.46625
spanish:0.46225
berlin:0.44975
culture clash:0.4475
oscar (best actress):0.44625
california:0.44375
runaway:0.44175
small town:0.44125
drama:0.43625
nocturnal:0.43475
catastrophe:0.434
life & death:0.427
world war ii:0.42475
heartbreaking:0.4175
nudity (full frontal - brief):0.416
social commentary:0.4135
visually stunning:0.41275
beautiful:0.40275
spy:0.3965
betrayal:0.3965
nudity (topless - brief):0.395
alternate endings:0.3935
death:0.389
first contact:0.3865
bleak:0.38625
based on true story:0.3795
stunning:0.3795
suspenseful:0.37675
complicated:0.37525
silent:0.371
visual:0.366
oscar (best foreign language film):0.365
not funny:0.3635
beautifully filmed:0.358
realistic:0.3545
glbt:0.354
redemption:0.351
atmospheric:0.34925
suprisingly clever:0.34925
slow paced:0.349
story:0.34825
ethnic conflict:0.34725
pornography:0.34425
life philosophy:0.34325
coming-of-age:0.342
dreams:0.34175
tense:0.3415
transformation:0.3405
guilt:0.335
