chick flick:0.98675
romantic comedy:0.98225
romantic:0.9805
girlie movie:0.97525
love story:0.97325
figure skating:0.97325
romance:0.96575
sports:0.86225
feel-good:0.84275
sweet:0.80725
destiny:0.78775
happy ending:0.78375
olympics:0.7815
great:0.738
feel good movie:0.73275
good romantic comedies:0.72625
drama:0.72175
fun movie:0.72
love:0.67125
great ending:0.63725
mentor:0.6095
original:0.6055
light:0.60025
fun:0.58375
predictable:0.57775
guilty pleasure:0.54325
catastrophe:0.53625
good soundtrack:0.52
passionate:0.5095
great movie:0.509
cute!:0.5085
good:0.50775
chase:0.50325
relationships:0.488
dialogue:0.48775
beautiful scenery:0.48375
cute:0.464
transformation:0.44775
teen movie:0.4435
life philosophy:0.4305
sappy:0.43025
heartwarming:0.419
competition:0.3845
betrayal:0.3765
great acting:0.366
quotable:0.35775
culture clash:0.357
women:0.3565
new jersey:0.35575
story:0.3545
pg-13:0.35125
family:0.3495
touching:0.3475
teen:0.33725
not funny:0.3355
natural disaster:0.3345
80s:0.33025
clever:0.31575
better than expected:0.309
underdog:0.3075
lone hero:0.3005
first contact:0.29625
plot:0.29575
unusual plot structure:0.29475
big budget:0.29375
brutality:0.285
sentimental:0.28
fantasy world:0.27725
time:0.27275
adaptation:0.269
entirely dialogue:0.268
runaway:0.266
stereotypes:0.26275
shopping:0.25725
cool:0.25575
sacrifice:0.252
vengeance:0.2515
twists & turns:0.248
witty:0.2475
storytelling:0.24625
divorce:0.2455
inspirational:0.245
awesome soundtrack:0.24425
unfunny:0.243
too short:0.241
good action:0.23775
entertaining:0.236
suprisingly clever:0.236
special effects:0.2355
so bad it's funny:0.23525
underrated:0.234
doctors:0.23325
whimsical:0.23325
comedy:0.233
police investigation:0.2275
childhood:0.225
internet:0.21975
good acting:0.21675
very funny:0.2165
drinking:0.2125
