political:0.99725
politics:0.997
satire:0.98225
corruption:0.972
satirical:0.96125
world politics:0.92175
greed:0.90475
mockumentary:0.8815
manipulation:0.87625
original:0.81825
talky:0.802
fascism:0.79875
idealism:0.7985
brainwashing:0.79275
sarcasm:0.785
social commentary:0.76575
propaganda:0.7415
interesting:0.741
conspiracy:0.72475
gulf war:0.69825
very interesting:0.6915
assassination:0.67225
clever:0.657
paranoid:0.65425
president:0.64425
witty:0.63675
fighting the system:0.6365
revolution:0.63525
biting:0.62825
business:0.5995
political corruption:0.59725
oil:0.59725
cynical:0.58575
documentary:0.57825
honest:0.576
black comedy:0.573
criterion:0.5705
great ending:0.5655
pornography:0.56175
good soundtrack:0.545
cerebral:0.53725
disturbing:0.53075
great:0.52825
absurd:0.524
stereotypes:0.522
underrated:0.52175
dramatic:0.51775
prejudice:0.513
censorship:0.51225
movielens top pick:0.5105
capitalism:0.50975
ensemble cast:0.50925
narrated:0.50675
brutality:0.503
complex:0.5015
great movie:0.49475
good:0.49475
lyrical:0.49425
great acting:0.488
culture clash:0.478
dark humor:0.4755
homeless:0.475
marijuana:0.47225
violent:0.47
unusual plot structure:0.46925
ironic:0.468
powerful ending:0.467
factual:0.467
moral ambiguity:0.451
drugs:0.44625
harsh:0.44475
thought-provoking:0.44375
very funny:0.4435
intellectual:0.439
drama:0.43875
adapted from:book:0.43775
dialogue:0.43675
drinking:0.43575
funny:0.43175
justice:0.431
very good:0.431
oscar (best supporting actress):0.42725
twists & turns:0.42475
adaptation:0.4245
catastrophe:0.42425
intelligent:0.423
distopia:0.423
fantasy world:0.4225
suprisingly clever:0.42225
special:0.421
compassionate:0.421
adultery:0.42025
storytelling:0.4195
surveillance:0.4145
mentor:0.411
based on a book:0.40275
ethnic conflict:0.40175
stylized:0.40125
secrets:0.401
communism:0.4
