heist:0.968
crime:0.96275
gangster:0.95625
organized crime:0.95425
gangsters:0.9515
good soundtrack:0.93525
london:0.92425
caper:0.922
stylish:0.88225
fast paced:0.85025
hit men:0.834
dialogue:0.79425
action:0.79025
violence:0.78075
british:0.76325
ensemble cast:0.75075
original:0.748
gay character:0.7385
mob:0.738
twists & turns:0.7375
stylized:0.737
clever:0.73
complicated plot:0.72325
gypsy accent:0.723
plot:0.70375
great soundtrack:0.69825
multiple storylines:0.6945
cool:0.68975
complex:0.686
corruption:0.67525
entertaining:0.67525
drugs:0.674
vengeance:0.662
storytelling:0.659
complicated:0.6455
violent:0.64425
mafia:0.63425
life philosophy:0.6295
england:0.6245
crime gone awry:0.62175
great ending:0.62
entirely dialogue:0.587
betrayal:0.58675
gunfight:0.579
narrated:0.57525
greed:0.57125
dark humor:0.571
great dialogue:0.549
pg-13:0.541
great acting:0.538
good:0.5365
con men:0.529
social commentary:0.52525
mentor:0.52475
witty:0.51
twist:0.5015
fun movie:0.499
interesting:0.4965
revenge:0.4865
chase:0.48575
anti-hero:0.48175
plot twist:0.4665
visually appealing:0.46625
drinking:0.46425
gritty:0.455
brutality:0.45
suprisingly clever:0.439
sexy:0.437
fight scenes:0.428
pornography:0.42775
grindhouse:0.42475
justice:0.4205
fun:0.418
catastrophe:0.4165
good dialogue:0.413
unrealistic:0.4095
male nudity:0.408
guns:0.4015
robbery:0.4
great:0.397
talky:0.38625
not funny:0.37975
unusual plot structure:0.37775
intense:0.37525
very good:0.37525
story:0.375
good action:0.37175
redemption:0.37025
russian:0.36875
gratuitous violence:0.36825
good acting:0.36775
visually stunning:0.36525
twist ending:0.3625
harsh:0.36025
life & death:0.36025
excellent script:0.35875
enigmatic:0.358
murder:0.358
very funny:0.3575
suspense:0.3515
