view askew:1.0
jay and silent bob:0.9865
storytelling:0.8775
dialogue driven:0.86575
stand-up comedy:0.86225
hilarious:0.8575
new jersey:0.854
very interesting:0.845
original:0.84325
great ending:0.8025
irreverent:0.7845
intellectual:0.7715
witty:0.771
talky:0.76675
weird:0.75225
entertaining:0.75075
interesting:0.748
great movie:0.745
excellent script:0.743
social commentary:0.74275
great:0.72075
intelligent:0.72
cerebral:0.71825
dialogue:0.71725
good:0.716
clever:0.71
very funny:0.70825
philosophy:0.7045
funny as hell:0.70425
fun movie:0.6995
drinking:0.69775
pornography:0.6965
honest:0.69225
weed:0.6915
humorous:0.689
good soundtrack:0.6855
pg-13:0.68075
corruption:0.6605
creativity:0.6605
imdb top 250:0.659
long:0.65725
humor:0.6515
complex:0.64975
documentary:0.6435
independent film:0.64
comedy:0.63725
religion:0.62925
quotable:0.6245
special:0.624
mentor:0.6185
suspense:0.617
plot:0.61275
geeks:0.6055
intense:0.605
story:0.60225
obsession:0.597
funny:0.59475
highly quotable:0.59275
crude humor:0.58475
amazing photography:0.5825
technology:0.57875
cult classic:0.57025
life philosophy:0.56475
life & death:0.558
sexualized violence:0.5575
bloody:0.551
childhood:0.54075
cool:0.53975
reflective:0.53825
fun:0.51825
censorship:0.51475
great dialogue:0.51425
twists & turns:0.5125
suprisingly clever:0.5115
multiple storylines:0.5095
dark hero:0.50875
brutality:0.503
oscar (best effects - visual effects):0.50275
violence:0.50275
twist:0.50175
philosophical:0.49725
justice:0.494
good dialogue:0.489
college:0.48675
catastrophe:0.484
cult:0.4835
series:0.48325
destiny:0.4815
earnest:0.476
cult film:0.4745
male nudity:0.474
chase:0.47375
enigmatic:0.469
dark humor:0.46825
god:0.468
existentialism:0.466
oscar (best directing):0.465
geek:0.4645
melancholic:0.463
visually stunning:0.4625
