cross dressing:0.986
glbt:0.9785
transgender:0.86375
music:0.84925
1930s:0.83625
gay:0.8035
musical:0.8
queer:0.7745
gay character:0.76
original:0.7375
farce:0.71875
oscar (best actress):0.68825
homosexuality:0.67275
great music:0.65
good music:0.63625
mentor:0.6215
jazz:0.602
comedy:0.594
dance:0.5935
witty:0.5785
dialogue:0.56575
broadway:0.557
dancing:0.54875
fun movie:0.5415
great:0.53275
oscar (best supporting actress):0.5045
great ending:0.48675
clever:0.48475
screwball:0.484
colourful:0.4835
twists & turns:0.4795
sexy:0.47475
funny:0.46175
good:0.4465
love story:0.4465
runaway:0.44375
good soundtrack:0.44325
obsession:0.43075
classic:0.4245
gangsters:0.4215
suprisingly clever:0.42125
hilarious:0.42075
light:0.41725
romance:0.4155
stereotypes:0.41075
oscar (best directing):0.40775
great acting:0.4065
story:0.4045
very funny:0.403
entertaining:0.3995
oscar:0.39625
culture clash:0.395
wistful:0.3945
fun:0.3935
unusual plot structure:0.393
catastrophe:0.38425
stylized:0.381
adaptation:0.3755
great movie:0.3745
romantic:0.36675
identity:0.3645
nostalgic:0.36
imdb top 250:0.35775
alter ego:0.35325
storytelling:0.3455
women:0.34125
entirely dialogue:0.338
drama:0.3345
hotel:0.333
visually appealing:0.33275
based on a play:0.3325
slapstick:0.33125
talky:0.3265
artistic:0.32275
homophobia:0.32
unlikely friendships:0.3195
art:0.31925
transformation:0.3175
melancholic:0.31625
criterion:0.31425
stunning:0.30975
pornography:0.30925
stylish:0.3085
good acting:0.3065
great cinematography:0.30375
weird:0.302
life philosophy:0.30175
redemption:0.301
cinematography:0.30075
secrets:0.29575
exceptional acting:0.295
feel-good:0.295
family:0.29
paris:0.2895
adapted from:book:0.289
fantasy world:0.287
friendship:0.28625
humorous:0.284
creativity:0.28325
pg-13:0.28325
