pg-13:0.7885
life philosophy:0.76075
drinking:0.692
good action:0.6875
male nudity:0.6435
original:0.6315
super hero:0.515
so bad it's funny:0.512
allegory:0.51125
segregation:0.49875
amy smart:0.4945
pornography:0.47475
transformation:0.4695
author:alan moore:0.464
catastrophe:0.44875
brutality:0.44775
vengeance:0.4425
weapons:0.4425
teens:0.433
childhood:0.427
drama:0.4085
great:0.40425
movielens top pick:0.3975
mentor:0.39475
good:0.393
corruption:0.39275
nudity (topless - notable):0.391
action:0.3715
nudity (full frontal - brief):0.363
dysfunctional family:0.36225
irish accent:0.36175
dialogue:0.3605
great ending:0.36
sequels:0.35525
beer:0.327
good soundtrack:0.323
australia:0.32275
weed:0.32225
destiny:0.31725
not funny:0.31725
unfunny:0.31525
predictable:0.31375
unlikely friendships:0.30875
transgender:0.307
storytelling:0.30575
criterion:0.30425
mad scientist:0.29925
first contact:0.2955
sexual abuse:0.29175
story:0.28925
nudity (full frontal - notable):0.2885
entirely dialogue:0.287
crime gone awry:0.28425
bollywood:0.28275
handycam:0.27975
suprisingly clever:0.279
hitman:0.27675
not as good as the first:0.27425
bullying:0.274
police corruption:0.274
natural disaster:0.271
survival:0.26575
ireland:0.2635
culture clash:0.2605
death:0.25975
franchise:0.25975
virus:0.25875
quirky:0.2575
adapted from:book:0.25625
slavery:0.25375
crazy:0.25175
comics:0.2505
writers:0.24925
overrated:0.24925
melancholic:0.249
genocide:0.24875
bad cgi:0.24575
dark hero:0.24475
superheroes:0.2445
bad plot:0.2445
artist:0.24175
lone hero:0.23725
islam:0.23675
oscar (best supporting actress):0.2365
honest:0.23375
justice:0.2305
complex:0.22575
weird:0.223
special effects:0.2225
scifi:0.2195
werewolf:0.21725
very interesting:0.21525
stylized:0.215
art:0.21475
sci fi:0.21225
science fiction:0.21175
fight scenes:0.20925
comic:0.209
true story:0.20775
adaptation:0.2055
