vigilante:0.9975
vigilantism:0.992
vengeance:0.9405
rape:0.9405
revenge:0.9335
san francisco:0.9125
police:0.8625
chase:0.848
murder:0.825
series:0.8085
violent:0.80525
justice:0.80125
action:0.79275
violence:0.77925
good action:0.778
brutality:0.77475
franchise:0.7445
gunfight:0.74025
detective:0.71325
original:0.711
police investigation:0.63925
nudity (full frontal - brief):0.5915
crime:0.56975
small town:0.5585
weapons:0.55575
mentor:0.554
police corruption:0.54475
runaway:0.53225
dialogue:0.52175
sequels:0.52075
noir thriller:0.5175
visceral:0.5165
action packed:0.50025
great ending:0.5
corruption:0.49725
gangs:0.49575
sequel:0.481
harsh:0.4765
catastrophe:0.468
pornography:0.46775
sexualized violence:0.463
brutal:0.45475
intense:0.44525
predictable:0.4445
suspense:0.44125
serial killer:0.4375
investigation:0.43275
gritty:0.42975
good:0.4195
nudity (topless):0.41675
anti-hero:0.409
story:0.4055
assassination:0.39625
exciting:0.3855
moral ambiguity:0.38
culture clash:0.3795
notable nudity:0.3755
guilt:0.37475
80s:0.3725
lone hero:0.37175
cool:0.367
suspenseful:0.36025
dark hero:0.3585
life philosophy:0.35425
plot:0.3535
sexy:0.35275
classic car:0.3345
good soundtrack:0.331
not funny:0.3275
nostalgic:0.327
storytelling:0.31575
afi 100 (movie quotes):0.31175
hunting:0.31075
hit men:0.31
betrayal:0.30875
trilogy:0.30225
drama:0.30125
redemption:0.2995
thriller:0.29875
secrets:0.2965
hospital:0.295
underrated:0.2925
mob:0.291
great:0.29
pg-13:0.29
so bad it's funny:0.28975
exceptional acting:0.289
adaptation:0.2875
car chase:0.28575
oscar (best directing):0.27975
first contact:0.27925
bloody:0.2725
pulp:0.27175
entirely dialogue:0.26975
gangsters:0.2625
nudity (rear):0.26075
enormously long battle scene:0.259
fight scenes:0.2565
secret service:0.255
fantasy world:0.25425
