dark hero:0.97875
cars:0.9285
road movie:0.84425
racing:0.83475
cult classic:0.76325
cult film:0.75825
original:0.715
action:0.66975
dialogue:0.62325
new jersey:0.5375
chase:0.53475
pornography:0.5155
race:0.5075
distopia:0.5055
anti-hero:0.49175
beer:0.48675
vengeance:0.4865
harsh:0.474
so bad it's funny:0.466
gunfight:0.4635
mentor:0.462
quirky:0.44525
bad acting:0.43375
predictable:0.42975
mad scientist:0.42575
good action:0.4255
great ending:0.4195
fun:0.41675
cult:0.41575
bad plot:0.409
nocturnal:0.4025
catastrophe:0.402
corruption:0.399
good soundtrack:0.3955
nudity (topless):0.394
lone hero:0.38775
campy:0.3875
weird:0.38375
cool:0.3835
goofy:0.38175
complex:0.37275
black comedy:0.37075
pulp:0.36875
fantasy world:0.36675
brutality:0.36675
1970s:0.36475
gangsters:0.36175
violent:0.361
stereotypes:0.35875
nudity (rear):0.35725
sexy:0.3565
stylized:0.354
storytelling:0.35
explosions:0.34675
spiders:0.34025
grindhouse:0.34
california:0.33825
classic car:0.33775
new york city:0.33775
special effects:0.33575
criterion:0.329
redemption:0.32875
first contact:0.328
nudity (topless - notable):0.3265
fight scenes:0.32625
entirely dialogue:0.32575
queer:0.322
melancholic:0.318
runaway:0.31775
splatter:0.3165
violence:0.316
culture clash:0.3135
adaptation:0.31275
los angeles:0.31
life philosophy:0.30875
humorous:0.307
drama:0.30475
great:0.30375
car chase:0.3025
nudity (full frontal - brief):0.30225
story:0.3005
fun movie:0.3
sexualized violence:0.3
good:0.29775
death:0.29275
multiple storylines:0.2905
revenge:0.2895
comedy:0.28775
visually appealing:0.28775
weapons:0.28575
adventure:0.28375
based on a book:0.2835
cinematography:0.28275
entertaining:0.27975
not funny:0.27575
franchise:0.27525
life & death:0.275
ethnic conflict:0.27075
police corruption:0.2705
satirical:0.266
