horror:0.9985
splatter:0.9045
demons:0.8865
scary:0.85225
based on a book:0.845
predictable:0.8355
werewolves:0.83025
pulp:0.82425
horrible:0.81425
original:0.80625
gory:0.782
so bad it's funny:0.7595
bloody:0.745
stupid:0.73875
special effects:0.70125
gore:0.691
disaster:0.6835
idiotic:0.68325
creepy:0.68175
bad plot:0.66225
story:0.652
gruesome:0.6515
monster:0.6445
devil:0.6405
stupid as hell:0.63625
first contact:0.636
death:0.63075
franchise:0.62225
gothic:0.62
blood:0.6195
bad cgi:0.61375
too short:0.6085
slasher:0.59825
spiders:0.5945
bad acting:0.5845
transformation:0.579
silly:0.57575
monsters:0.571
brutality:0.5675
crappy sequel:0.56225
bad:0.5575
cult film:0.54975
adaptation:0.54425
campy:0.53625
cheesy:0.52925
lame:0.524
supernatural:0.523
suspense:0.517
overrated:0.50425
zombie:0.49125
mentor:0.478
chase:0.4665
fantasy:0.4565
effects:0.45525
fantasy world:0.45025
adapted from:comic:0.44775
destiny:0.43275
great ending:0.43025
detective:0.43
sacrifice:0.41775
natural disaster:0.41425
family:0.413
dialogue:0.4115
violence:0.4085
shallow:0.4075
greed:0.40575
life philosophy:0.405
unintentionally funny:0.404
fun movie:0.40325
mad scientist:0.399
teens:0.39775
boring:0.397
quirky:0.3955
ridiculous:0.39475
storytelling:0.394
catastrophe:0.3865
pointless:0.3795
dark fantasy:0.37375
low budget:0.37025
snakes:0.36175
werewolf:0.36125
unusual plot structure:0.3575
haunted house:0.34925
entirely dialogue:0.343
not funny:0.3395
fight scenes:0.33725
sexualized violence:0.33675
weird:0.3335
fun:0.333
humorous:0.33
cult classic:0.3265
weapons:0.32575
workplace:0.32375
sci fi:0.3215
police investigation:0.3215
slapstick:0.32025
pg-13:0.3195
good:0.3165
silly fun:0.3155
suspenseful:0.3135
