undercover cop:0.96125
original:0.7015
action:0.69725
crime:0.67525
thriller:0.58
predictable:0.5655
good action:0.545
gangsters:0.51825
greed:0.47125
destiny:0.46425
murder:0.4635
mentor:0.46325
happy ending:0.43625
secret service:0.43575
very interesting:0.43475
intense:0.426
violence:0.41675
good:0.41325
catastrophe:0.41225
drama:0.40125
sexy:0.4
dialogue:0.397
nostalgic:0.393
great ending:0.383
not funny:0.365
bad plot:0.357
action packed:0.355
brutality:0.34975
justice:0.34975
overrated:0.338
life philosophy:0.33675
corruption:0.3345
nudity (full frontal - brief):0.33425
suspense:0.33275
fantasy world:0.33075
mob:0.32975
revenge:0.32825
police investigation:0.3275
melancholic:0.32575
quirky:0.323
bloody:0.32125
death:0.3205
first contact:0.3175
storytelling:0.31125
unlikely friendships:0.30975
chase:0.309
los angeles:0.3025
unusual plot structure:0.29825
entirely dialogue:0.298
prison:0.29575
story:0.29425
lone hero:0.294
entertaining:0.293
fight scenes:0.29175
twists & turns:0.29125
runaway:0.28425
adaptation:0.28425
good soundtrack:0.283
family:0.282
relationships:0.28125
mafia:0.273
tense:0.2645
boring:0.26375
police corruption:0.263
vengeance:0.26075
very good:0.2585
reflective:0.258
gangster:0.2575
clever:0.25475
violent:0.252
crime gone awry:0.25025
betrayal:0.24875
fast paced:0.2485
suspenseful:0.245
character study:0.24275
stereotypes:0.2425
detective:0.2405
imdb top 250:0.2365
redemption:0.23625
talky:0.23225
pulp:0.232
women:0.2315
complex:0.231
exciting:0.2305
bad:0.22625
culture clash:0.2255
crude humor:0.22275
pointless:0.22225
bad acting:0.22225
visually appealing:0.2215
money:0.2175
loneliness:0.21725
adapted from:book:0.2145
excellent script:0.21275
good dialogue:0.21225
writers:0.20875
criterion:0.2085
bank robbery:0.20575
friendship:0.2055
exceptional acting:0.20475
