golden palm:0.97725
criterion:0.97325
australia:0.951
enigmatic:0.93425
coming of age:0.93
amazing photography:0.9225
meditative:0.908
desert:0.88125
culture clash:0.8515
beautifully filmed:0.82375
environment:0.823
cinematography:0.819
reflective:0.81225
allegory:0.80675
nudity (full frontal - notable):0.805
scenic:0.7935
adolescence:0.79
runaway:0.782
pornography:0.7795
harsh:0.752
storytelling:0.748
childhood:0.73725
downbeat:0.70125
original:0.688
good soundtrack:0.687
sexual:0.682
breathtaking:0.67575
melancholic:0.67525
coming-of-age:0.66925
intimate:0.66725
visually stunning:0.66325
stunning:0.66325
australian:0.6625
nudity (full frontal):0.66225
photography:0.6465
brutality:0.641
wilderness:0.6235
weird:0.60925
masterpiece:0.60325
complex:0.597
visual:0.59025
talky:0.58825
suprisingly clever:0.583
bleak:0.583
visually appealing:0.581
life & death:0.57575
children:0.563
art house:0.558
social commentary:0.555
affectionate:0.53925
artistic:0.5355
great ending:0.533
teenager:0.527
visceral:0.527
stylized:0.519
disturbing:0.51725
narrated:0.51625
violent:0.512
maze:0.50375
dialogue:0.503
surreal:0.49275
beautiful scenery:0.49225
story:0.49025
erotic:0.483
oscar (best foreign language film):0.47925
melancholy:0.47625
dreamlike:0.46925
poignant:0.469
bittersweet:0.46775
art:0.46775
bad ending:0.463
male nudity:0.458
atmospheric:0.45675
mentor:0.45675
thought-provoking:0.4515
nudity:0.45025
loneliness:0.4495
unusual plot structure:0.44125
obsession:0.42925
violence:0.423
friendship:0.4215
police investigation:0.4215
imdb top 250:0.421
psychological:0.419
beautiful:0.4145
corruption:0.414
road movie:0.41275
women:0.41175
catastrophe:0.4105
murder:0.40775
suicide:0.40525
sexy:0.4015
isolation:0.399
unlikely friendships:0.38975
grim:0.389
imagination:0.3885
sexuality:0.3845
vengeance:0.38425
self discovery:0.383
nature:0.38025
