martial arts:0.9955
fight scenes:0.9575
teen movie:0.949
fighting:0.932
mentor:0.91
awesome soundtrack:0.82275
teen:0.822
teens:0.791
bullying:0.7845
action:0.78225
good action:0.763
high school:0.748
so bad it's funny:0.7425
pg-13:0.72525
good soundtrack:0.689
fun movie:0.68025
girlie movie:0.6785
original:0.66925
teenager:0.57175
predictable:0.55925
transformation:0.5405
chick flick:0.53025
teenagers:0.51975
bad acting:0.51925
ninja:0.5185
hip hop:0.518
action packed:0.514
stereotypes:0.51075
better than expected:0.5075
school:0.507
good:0.49575
kung fu:0.48725
silly:0.48675
sports:0.485
cool:0.47375
great:0.47275
inspirational:0.4685
revenge:0.46
dialogue:0.45925
geeks:0.45675
catastrophe:0.445
entertaining:0.43625
life philosophy:0.43125
cheesy:0.42775
brutality:0.41525
teacher:0.41375
unrealistic:0.41025
silly fun:0.405
not funny:0.37225
superheroes:0.3675
fun:0.3645
vengeance:0.35425
coming of age:0.33075
pulp:0.32975
nerds:0.32925
lone hero:0.329
bad plot:0.329
goofy:0.32575
plot holes:0.32525
great ending:0.3215
amy smart:0.31925
unfunny:0.3115
friendship:0.298
bad:0.29725
underdog:0.286
redemption:0.28375
story:0.2805
first contact:0.27575
internet:0.2725
shallow:0.267
violence:0.26625
video game:0.26275
family:0.26225
tokyo:0.26175
destiny:0.26
football:0.25675
pornography:0.2565
storytelling:0.2555
very funny:0.2555
cars:0.25375
intense:0.25325
original plot:0.25225
80s:0.25075
happy ending:0.2505
bad cgi:0.2455
feel-good:0.24425
corny:0.24175
life & death:0.2415
romantic comedy:0.2395
racing:0.2385
big budget:0.2375
geek:0.23275
justice:0.232
male nudity:0.23125
drinking:0.231
romance:0.22925
horrible:0.22625
bad ending:0.224
melancholic:0.2225
computer game:0.22225
