comedy:0.966
funny:0.89375
hilarious:0.876
very funny:0.78575
san francisco:0.776
sarcasm:0.77525
original:0.774
saturday night live:0.76975
great movie:0.73875
great:0.733
quirky:0.72575
quotable:0.70575
serial killer:0.60675
fun:0.5655
great ending:0.5645
affectionate:0.55775
light:0.54725
dialogue:0.5295
funniest movies:0.52525
murder:0.513
sexy:0.491
clever:0.48975
detective:0.4845
humorous:0.4825
hotel:0.476
undercover cop:0.47525
police investigation:0.468
mentor:0.46425
witty:0.46025
good soundtrack:0.44525
humor:0.44275
relationships:0.44125
brutality:0.441
adaptation:0.4405
fun movie:0.438
twists & turns:0.424
underrated:0.41375
off-beat comedy:0.40175
romantic:0.4015
chase:0.39925
pg-13:0.39825
catastrophe:0.39725
alter ego:0.3885
romantic comedy:0.3865
runaway:0.38575
macabre:0.38475
silly:0.384
crazy:0.38025
family:0.37975
goofy:0.378
feel-good:0.37525
weird:0.3695
absurd:0.3635
unfunny:0.36275
predictable:0.35975
not funny:0.356
nocturnal:0.35525
vengeance:0.35525
dysfunctional family:0.35125
parody:0.34775
crude humor:0.3475
irreverent:0.34725
highly quotable:0.342
culture clash:0.342
romance:0.3415
eccentricity:0.341
dark hero:0.34025
visual:0.33825
fight scenes:0.33725
buddy movie:0.333
storytelling:0.33275
justice:0.3315
happy ending:0.3275
story:0.327
original plot:0.3255
cult classic:0.3205
screwball:0.3175
parenthood:0.31725
talky:0.31725
fantasy world:0.31675
black comedy:0.3165
visually appealing:0.31625
feel good movie:0.3145
destiny:0.3135
silly fun:0.312
entirely dialogue:0.30675
suprisingly clever:0.306
paranoid:0.3035
farce:0.30325
overrated:0.29875
imdb top 250:0.29875
comic:0.297
melancholic:0.2905
unusual plot structure:0.28625
love story:0.2845
family drama:0.284
first contact:0.28175
pornography:0.27825
stereotypes:0.276
dumb but funny:0.27475
