ghosts:0.99475
creepy:0.96975
supernatural:0.96625
visually appealing:0.94675
gothic:0.92
dark:0.90275
haunted house:0.89175
horror:0.88675
visually stunning:0.88475
cinematography:0.8345
francis ford copolla:0.8105
romance:0.80525
original:0.77425
eerie:0.74975
visual:0.744
story:0.72975
frightening:0.71325
suspense:0.70775
atmospheric:0.70725
visuals:0.70475
ominous:0.696
ghosts/afterlife:0.668
scary:0.667
love story:0.65125
storytelling:0.64325
macabre:0.63925
nocturnal:0.63725
dialogue:0.6215
weird:0.60275
stylized:0.59775
light:0.5975
fantasy world:0.5895
great ending:0.57925
twists & turns:0.5785
pg-13:0.5765
suspenseful:0.57125
violence:0.56025
love:0.55725
special effects:0.555
complex:0.54525
secrets:0.5385
predictable:0.52975
mystery:0.52875
romantic:0.5145
period piece:0.506
betrayal:0.4955
vengeance:0.495
catastrophe:0.49475
bad plot:0.4915
adaptation:0.48375
effects:0.4645
plot:0.45725
great:0.4525
brutality:0.447
good:0.44325
intense:0.43375
not funny:0.42975
stunning:0.42825
dark fantasy:0.4235
loneliness:0.41925
first contact:0.4175
visceral:0.4175
transformation:0.41675
fantasy:0.41325
big budget:0.413
blood:0.40625
death:0.403
life & death:0.402
twist:0.40125
plot twist:0.39925
interesting:0.39625
fairy tale:0.396
bad cgi:0.3925
destiny:0.39025
goth:0.38975
writers:0.38825
allegory:0.38675
plot holes:0.38475
stylish:0.3845
fairy tales:0.384
monster:0.38175
beautifully filmed:0.37825
thriller:0.37775
family:0.3725
apocalypse:0.37175
greed:0.367
good acting:0.36675
chase:0.35875
mentor:0.354
great acting:0.347
oscar:0.34675
england:0.34625
beautiful scenery:0.34575
murder:0.345
survival:0.34375
adapted from:book:0.34125
based on a book:0.34025
violent:0.33975
gruesome:0.337
twist ending:0.33375
