criterion:0.9905
masterpiece:0.97725
cinematography:0.9225
intimate:0.91725
talky:0.908
black and white:0.89925
beautifully filmed:0.88825
golden palm:0.8875
stylized:0.88525
silent:0.87575
lyrical:0.86875
visual:0.853
imdb top 250:0.8455
enigmatic:0.843
melancholic:0.84225
melancholy:0.826
meditative:0.8155
weird:0.8025
visually stunning:0.7915
reflective:0.78225
loneliness:0.77375
downbeat:0.76475
dreamlike:0.7645
storytelling:0.75625
bleak:0.7415
affectionate:0.7405
paris:0.74025
breathtaking:0.73575
existentialism:0.72775
cerebral:0.72375
perfect:0.72075
classic:0.7175
poetry:0.716
runaway:0.71375
surreal:0.711
scenic:0.707
harsh:0.692
light:0.684
1920s:0.6615
photography:0.661
oscar (best foreign language film):0.6605
atmospheric:0.658
crime gone awry:0.65575
original:0.65275
colourful:0.6525
dreams:0.65175
culture clash:0.62975
art:0.62875
suprisingly clever:0.62775
oscar (best actress):0.61125
visually appealing:0.59625
bittersweet:0.59525
artistic:0.595
poignant:0.59075
dialogue:0.59025
unusual plot structure:0.59
surrealism:0.58925
romance:0.5695
romantic:0.56925
nocturnal:0.56725
erotic:0.5605
love:0.5595
social commentary:0.55775
entirely dialogue:0.557
metaphysics:0.54775
narrated:0.547
grim:0.54175
passionate:0.53725
1930s:0.52725
amazing cinematography:0.527
beautiful scenery:0.524
great ending:0.519
catastrophe:0.513
childhood:0.51175
cynical:0.51025
strange:0.506
whimsical:0.5025
life & death:0.502
imagination:0.493
nudity (full frontal - notable):0.4925
french:0.491
tragedy:0.48675
forceful:0.48025
cult classic:0.478
grindhouse:0.477
allegory:0.476
good soundtrack:0.46775
france:0.46725
art house:0.46325
non-linear:0.45825
great:0.45325
sexy:0.45175
simple:0.45125
death:0.4485
memory:0.4465
beautiful:0.44475
visceral:0.4445
good music:0.441
oscar (best cinematography):0.44
story:0.43725
