visually stunning:0.994
imagination:0.9925
storytelling:0.98825
amazing cinematography:0.98625
modern fantasy:0.98425
visually appealing:0.9785
fantasy world:0.9775
visual:0.97175
amazing photography:0.95825
stunning:0.95525
fantasy:0.9475
surreal:0.93
cinematography:0.9225
story:0.9215
visuals:0.90325
stylized:0.9005
fairy tale:0.857
original:0.85525
artistic:0.84575
hospital:0.83475
beautifully filmed:0.81575
beautiful scenery:0.814
imdb top 250:0.80625
unlikely friendships:0.8
beautiful:0.79825
colourful:0.79575
weird:0.7945
allegory:0.79425
friendship:0.7835
childhood:0.7745
melancholic:0.76875
breathtaking:0.76275
mentor:0.7465
masterpiece:0.73625
oscar (best cinematography):0.72675
whimsical:0.721
runaway:0.70825
great acting:0.70575
fairy tales:0.70075
great ending:0.699
parallel universe:0.69825
1920s:0.68675
narrated:0.6835
enigmatic:0.6825
magic realism:0.68125
social commentary:0.6805
dramatic:0.67775
adventure:0.67475
art:0.67275
plot:0.67175
reflective:0.67125
scenic:0.6615
dreamlike:0.6585
idealism:0.6585
emotional:0.65625
dreams:0.65475
cerebral:0.654
revenge:0.6495
great cinematography:0.648
complex:0.64525
sacrifice:0.64425
destiny:0.6415
life & death:0.64125
dark fantasy:0.6305
heartbreaking:0.62925
great soundtrack:0.62725
pg-13:0.62675
good soundtrack:0.6205
suicide:0.62
drama:0.61975
creativity:0.612
melancholy:0.60925
interesting:0.60125
surrealism:0.6
clever:0.59575
redemption:0.595
philosophy:0.5945
existentialism:0.59375
touching:0.59
suprisingly clever:0.58175
harsh:0.57925
dialogue:0.5775
macabre:0.567
unusual plot structure:0.56175
life:0.56075
light:0.5595
betrayal:0.559
tragedy:0.55425
suicide attempt:0.55375
vengeance:0.5525
good acting:0.54775
solitude:0.54625
transformation:0.5415
criterion:0.5375
happy ending:0.536
magic:0.52275
oscar (best foreign language film):0.52125
intense:0.5195
original plot:0.51575
culture clash:0.51425
