male nudity:0.9375
comedy:0.91325
funny:0.81575
quirky:0.8045
hilarious:0.802
original:0.72
eccentricity:0.6845
humorous:0.666
very funny:0.6365
predictable:0.62875
sarcasm:0.59175
crude humor:0.57525
culture clash:0.548
pornography:0.54425
absurd:0.5285
workplace:0.528
stereotypes:0.52575
saturday night live:0.52325
foul language:0.507
pointless:0.50025
stupidity:0.49325
satire:0.47675
bad plot:0.469
unfunny:0.467
weird:0.4625
nudity (topless):0.45875
off-beat comedy:0.43975
mentor:0.43925
drinking:0.4315
humor:0.43075
marijuana:0.426
great ending:0.41225
catastrophe:0.40875
writers:0.40425
dialogue:0.4015
road trip:0.4
happy ending:0.3955
new jersey:0.37975
irreverent:0.3775
stoner movie:0.37425
quotable:0.36125
life philosophy:0.35125
storytelling:0.34675
dumb but funny:0.3425
dysfunctional family:0.33275
so bad it's funny:0.32675
goofy:0.32275
twists & turns:0.3195
great:0.3185
cult classic:0.3165
slapstick:0.31425
crazy:0.31325
fun movie:0.3125
ensemble cast:0.30975
weed:0.309
multiple storylines:0.30775
runaway:0.3075
silly:0.30475
story:0.30025
melancholic:0.29875
loneliness:0.29675
adaptation:0.29325
satirical:0.291
good soundtrack:0.2885
shopping:0.2885
feel-good:0.2875
redemption:0.28725
suprisingly clever:0.28225
pg-13:0.27525
surreal:0.27525
police investigation:0.2705
idiotic:0.27
first contact:0.26875
greed:0.26775
entirely dialogue:0.267
shallow:0.26425
homeless:0.26225
brutality:0.26025
new york city:0.26
social commentary:0.25975
destiny:0.2535
unlikely friendships:0.24875
good:0.24825
natural disaster:0.243
nudity (full frontal - brief):0.24075
road movie:0.2405
stupid:0.239
weapons:0.239
fantasy world:0.2375
not funny:0.2375
nudity (topless - notable):0.23525
funniest movies:0.233
earnest:0.23275
beautiful scenery:0.23225
chase:0.22925
creativity:0.22825
fun:0.2265
visually appealing:0.22375
nudity:0.22125
lame:0.221
