claustrophobic:0.9925
tense:0.98525
suspenseful:0.8965
suspense:0.88325
intense:0.868
original:0.83525
hostage:0.76725
great ending:0.76375
twists & turns:0.74525
twist ending:0.7135
drama:0.70975
survival:0.7085
plot twist:0.692
cerebral:0.6575
storytelling:0.65275
alternate endings:0.63875
greed:0.6355
bad ending:0.6265
psychological:0.62175
iraq:0.6215
catastrophe:0.61975
interesting:0.61725
clever:0.6095
first contact:0.60925
powerful ending:0.60925
thriller:0.58375
paranoid:0.57775
light:0.57525
thought-provoking:0.56125
plot:0.5595
cinematography:0.55725
complex:0.5495
happy ending:0.547
visceral:0.54575
death:0.542
allegory:0.53675
twist:0.5325
pointless:0.52875
amazing cinematography:0.52525
ominous:0.52025
middle east:0.51625
natural disaster:0.514
weird:0.51275
dialogue:0.50575
good acting:0.4985
life philosophy:0.485
very interesting:0.4775
paranoia:0.47225
visually appealing:0.4645
predictable:0.4515
secrets:0.446
enigmatic:0.44475
exceptional acting:0.43225
mindfuck:0.42975
psychology:0.426
space:0.42575
existentialism:0.42375
plot holes:0.42075
story:0.41975
creepy:0.41925
good:0.4165
social commentary:0.4115
emotional:0.41025
surprise ending:0.40625
torture:0.40575
internet:0.40275
life & death:0.4
mentor:0.3965
brutality:0.396
betrayal:0.394
talky:0.38875
creativity:0.38775
unusual plot structure:0.3835
great acting:0.3825
runaway:0.3745
not funny:0.368
idiotic:0.36775
corruption:0.364
scary:0.364
surveillance:0.363
loneliness:0.3615
atmospheric:0.36075
so bad it's funny:0.36
visual:0.36
tragedy:0.35975
disturbing:0.35925
manipulation:0.35825
entirely dialogue:0.353
low budget:0.35275
nonlinear:0.35025
technology:0.34825
police investigation:0.347
good soundtrack:0.3435
imdb top 250:0.343
redemption:0.34275
bleak:0.33925
great:0.339
kidnapping:0.33825
dark:0.3365
destiny:0.3355
