mad scientist:0.97125
silly fun:0.8975
dumb but funny:0.86175
spoof:0.85975
robots:0.8585
robot:0.813
chase:0.8075
slapstick:0.78325
silly:0.7825
original:0.757
androids:0.73125
camp:0.7075
sci-fi:0.70125
idiotic:0.673
goofy:0.6595
farce:0.658
cult film:0.6495
light:0.64025
parody:0.6395
spying:0.63475
satirical:0.598
campy:0.58975
comedy:0.58925
fantasy world:0.58725
weird:0.562
futuristic:0.5325
sci fi:0.52725
so bad it's funny:0.518
unusual plot structure:0.4955
absurd:0.4805
comic:0.4735
surreal:0.4735
fun:0.46925
san francisco:0.459
mentor:0.44725
runaway:0.4415
spies:0.43475
stupid:0.43
nerds:0.4285
spy:0.42075
catastrophe:0.41625
fun movie:0.4105
predictable:0.40325
great ending:0.39325
007:0.393
life philosophy:0.38675
pornography:0.37875
tokyo:0.376
sexy:0.37375
satire:0.369
giant robots:0.365
fantasy:0.36
screwball comedy:0.3485
splatter:0.34825
stupidity:0.3405
visually appealing:0.33725
complex:0.336
humorous:0.33125
family:0.33
bad plot:0.32975
adaptation:0.32275
android(s)/cyborg(s):0.32075
teen movie:0.3185
death:0.31825
overrated:0.31425
funny as hell:0.313
secrets:0.311
sequels:0.30625
first contact:0.29925
ridiculous:0.29925
dreamlike:0.29625
whimsical:0.2925
road movie:0.291
storytelling:0.28075
blaxploitation:0.28025
dialogue:0.2785
amy smart:0.27175
bombs:0.2695
cult classic:0.26275
lone hero:0.25975
gangsters:0.257
life & death:0.25575
teens:0.25425
entirely dialogue:0.25325
redemption:0.25325
culture clash:0.253
great:0.253
women:0.251
weapons:0.25025
crude humor:0.245
multiple storylines:0.24375
finnish:0.24275
writers:0.24225
vengeance:0.24175
brutality:0.23925
adventure:0.2375
car chase:0.23275
corny:0.227
teen:0.22425
art:0.22225
