supernatural:0.989
suspenseful:0.985
thriller:0.945
suspense:0.93175
ghosts:0.9145
twists & turns:0.879
tense:0.87725
hitchcock:0.8535
horror:0.84225
surprise ending:0.8365
twist ending:0.83225
creepy:0.8105
great ending:0.79675
secrets:0.7945
twist:0.7855
psychological:0.77325
intense:0.7565
scary:0.75025
plot twist:0.7465
good:0.74575
predictable:0.745
pg-13:0.74275
murder:0.738
haunted house:0.73425
frightening:0.7335
plot:0.72475
eerie:0.72475
original:0.71175
mystery:0.681
ominous:0.66675
chase:0.65725
ghosts/afterlife:0.63175
murder mystery:0.62825
good acting:0.623
first contact:0.61675
story:0.60125
police investigation:0.59975
spying:0.59225
interesting:0.5885
catastrophe:0.58525
plot holes:0.56725
clever:0.55725
psychology:0.553
great:0.5365
sexy:0.53325
mentor:0.5155
bad ending:0.51425
great acting:0.5115
revenge:0.508
storytelling:0.505
infidelity:0.501
dialogue:0.49925
betrayal:0.49125
investigation:0.4795
special effects:0.479
better than expected:0.477
runaway:0.4685
conspiracy:0.46425
entertaining:0.46
vengeance:0.45825
bad plot:0.45
weird:0.44825
atmospheric:0.44675
oscar (best cinematography):0.44675
enigmatic:0.446
visual:0.44125
tom clancy:0.43925
serial killer:0.43725
great movie:0.4345
alternate endings:0.42675
big budget:0.4265
very good:0.4255
destiny:0.4165
light:0.41
exceptional acting:0.39975
technology:0.39925
manipulation:0.39875
beautiful scenery:0.3965
fun movie:0.39275
natural disaster:0.388
excellent:0.3805
fast paced:0.37775
cinematography:0.377
so bad it's funny:0.373
visually stunning:0.37025
nudity (topless - notable):0.36675
claustrophobic:0.3655
family:0.364
torture:0.36325
greed:0.36325
original plot:0.363
death:0.355
sexualized violence:0.3545
not funny:0.354
happy ending:0.35025
unusual plot structure:0.34575
nudity (full frontal - brief):0.34475
spy:0.3445
silly:0.3415
psychiatrist:0.3385
