70mm:0.98325
special effects:0.94075
action:0.88025
good action:0.88
great movie:0.87375
good:0.83625
intense:0.8315
great:0.825
mentor:0.809
big budget:0.802
story:0.7965
tense:0.79425
realistic action:0.7935
action packed:0.7935
chase:0.7905
suspense:0.788
dramatic:0.77025
brothers:0.7685
drama:0.7575
vengeance:0.732
good acting:0.73025
excellent:0.73025
natural disaster:0.7185
original:0.707
courage:0.7035
fun movie:0.6885
plot:0.6855
destiny:0.685
effects:0.67275
sentimental:0.66825
corruption:0.6675
visual:0.665
visually stunning:0.66325
fast paced:0.658
suspenseful:0.65575
great acting:0.651
catastrophe:0.64675
great ending:0.64
dialogue:0.63525
survival:0.63075
conspiracy:0.62625
oscar winner:0.61625
fighting:0.614
pg-13:0.6135
entertaining:0.6125
lone hero:0.60075
exciting:0.59175
good story:0.583
very good:0.58225
dynamic cgi action:0.5805
predictable:0.5775
oscar (best effects - visual effects):0.5655
runaway:0.55925
corny:0.55225
cool:0.54775
thriller:0.54575
breathtaking:0.544
first contact:0.537
underrated:0.53225
parenthood:0.5315
love story:0.5305
fight scenes:0.5275
weapons:0.527
twists & turns:0.52525
redemption:0.518
realistic:0.508
revenge:0.50675
adventure:0.50575
police investigation:0.5035
technology:0.502
cheesy:0.49625
disaster:0.49625
family:0.495
transformation:0.49225
fun:0.4865
forceful:0.48625
interesting:0.48525
emotional:0.482
storytelling:0.47975
assassination:0.477
sacrifice:0.47675
ensemble cast:0.471
complex:0.46875
silly fun:0.463
explosions:0.46125
silly:0.46025
watch the credits:0.4595
plot twist:0.45925
unusual plot structure:0.45875
oscar (best directing):0.45425
light:0.44775
oscar:0.44275
good soundtrack:0.44175
investigation:0.44075
excellent script:0.44025
romantic:0.4395
clever:0.439
original plot:0.4385
bad plot:0.43825
scifi:0.433
