fantasy:0.9685
magic:0.91125
fantasy world:0.90025
wizards:0.873
dark fantasy:0.86225
high fantasy:0.86025
arnold:0.83975
bad acting:0.82075
sword fighting:0.796
fight scenes:0.7455
original:0.74275
fun movie:0.723
so bad it's funny:0.7185
horrible:0.71675
action:0.7015
sword fight:0.66125
predictable:0.6515
bad:0.64875
cheesy:0.6405
silly:0.629
special effects:0.6275
good:0.62625
destiny:0.6255
campy:0.61625
camp:0.6065
fun:0.6045
mentor:0.588
goofy:0.58725
good soundtrack:0.57675
weapons:0.555
dragons:0.55475
80s:0.5545
pulp:0.5535
bad plot:0.53575
vengeance:0.53175
brutality:0.52225
fighting:0.51775
adventure:0.515
silly fun:0.5145
lame:0.514
revenge:0.51125
guilty pleasure:0.49325
great ending:0.493
dialogue:0.49025
idiotic:0.46025
plot:0.45275
awful:0.431
bad script:0.427
stupid:0.4105
catastrophe:0.41025
multiple storylines:0.3995
adaptation:0.3925
big budget:0.387
ninja:0.38375
bad cgi:0.3705
storytelling:0.3595
cult film:0.3585
science fiction:0.3585
runaway:0.35725
franchise:0.355
fairy tale:0.346
pornography:0.34575
overrated:0.3425
ridiculous:0.34
death:0.338
medieval:0.335
first contact:0.33425
devil:0.327
violence:0.32675
entertaining:0.32325
family:0.3225
cinematography:0.32225
life philosophy:0.32075
pointless:0.32
entirely dialogue:0.31925
supernatural:0.3165
stereotypes:0.314
good action:0.3135
nudity (topless):0.31325
great:0.31175
awesome soundtrack:0.3105
boring:0.31
stupidity:0.30875
clones:0.3085
slapstick:0.3075
feel-good:0.3055
dreamlike:0.303
cool:0.3025
not funny:0.30225
talky:0.30125
nudity (topless - notable):0.3
alternate reality:0.29875
martial arts:0.2955
transformation:0.29125
gangsters:0.291
light:0.29025
redemption:0.289
witch:0.2885
sexy:0.2885
chase:0.2845
