horror:0.98975
scary:0.95225
creepy:0.924
twist ending:0.913
weird:0.9095
great ending:0.903
road movie:0.9025
cult classic:0.88675
supernatural:0.88175
suspense:0.8675
original:0.8455
low budget:0.82125
psychological:0.8015
twist:0.784
gory:0.76
cult film:0.74175
alternate endings:0.71625
dark humor:0.71225
metaphysics:0.7065
bad ending:0.70525
surprise ending:0.70425
claustrophobic:0.6965
dark:0.678
ominous:0.673
insanity:0.65825
tense:0.6485
atmospheric:0.642
intense:0.6175
eerie:0.61725
death:0.615
family:0.614
apocalypse:0.6125
splatter:0.6015
blood:0.60125
suspenseful:0.59375
dysfunctional family:0.5895
ghosts:0.58775
good:0.58475
clever:0.5715
plot twist:0.57025
bloody:0.56175
family drama:0.56025
dialogue:0.555
so bad it's funny:0.54925
light:0.543
life philosophy:0.542
pg-13:0.5385
cars:0.53
unlikeable characters:0.52975
gore:0.524
psychology:0.5125
violent:0.51025
great movie:0.50775
frightening:0.50675
storytelling:0.5065
talky:0.5035
survival:0.50325
violence:0.4955
cult:0.4935
good acting:0.49175
mystery:0.4895
secrets:0.48875
twists & turns:0.48825
good soundtrack:0.485
catastrophe:0.481
black comedy:0.4765
sexualized violence:0.46525
strange:0.463
crazy:0.4585
disturbing:0.458
serial killer:0.4565
plot:0.45525
brutality:0.45375
pointless:0.451
macabre:0.4455
ghosts/afterlife:0.4445
fun movie:0.4415
holiday:0.4375
predictable:0.4375
humorous:0.4365
goofy:0.433
visceral:0.43175
story:0.43075
excellent script:0.42475
quirky:0.4245
gruesome:0.42175
interesting:0.41625
nocturnal:0.414
nudity (topless - notable):0.41375
very funny:0.412
oscar (best effects - visual effects):0.4105
idiotic:0.4075
culture clash:0.404
better than expected:0.40275
great acting:0.402
stereotypes:0.39725
exceptional acting:0.39475
writers:0.39475
classic car:0.394
paranoia:0.3935
