author:neil gaiman:0.99975
japan:0.9775
anime:0.975
imdb top 250:0.946
miyazaki:0.93175
japanese:0.93
fantasy world:0.929
animated:0.9005
visually stunning:0.89625
storytelling:0.8885
studio ghibli:0.8765
animation:0.864
original:0.858
violent:0.85225
good soundtrack:0.85075
imagination:0.84925
masterpiece:0.8435
complex:0.828
visual:0.8215
ecology:0.818
demons:0.80225
mythology:0.7955
great soundtrack:0.79325
violence:0.787
greed:0.785
visually appealing:0.77825
weird:0.77525
dark:0.77275
surreal:0.771
fantasy:0.75775
stunning:0.7505
social commentary:0.74725
talking animals:0.74375
atmospheric:0.743
interesting:0.74125
environmental:0.73175
animal movie:0.726
breathtaking:0.7255
beautifully filmed:0.71675
drama:0.71675
adventure:0.704
tokyo:0.703
complex characters:0.68975
animals:0.68825
good:0.6865
brutality:0.68625
nature:0.6835
dialogue:0.67775
story:0.6745
great ending:0.66925
firefly:0.6685
good versus evil:0.6615
earnest:0.6575
allegory:0.65225
great:0.64975
action:0.6435
dreamlike:0.64275
gory:0.63925
stylized:0.63525
very interesting:0.63325
melancholic:0.63125
life & death:0.62225
original plot:0.622
artistic:0.61925
intense:0.61925
criterion:0.61525
great movie:0.61475
corruption:0.61325
vengeance:0.61125
moral ambiguity:0.60975
transformation:0.60875
oscar (best directing):0.60675
friendship:0.5995
very good:0.59825
beautiful scenery:0.598
beautiful:0.58925
humanity:0.587
philosophical:0.5815
childhood:0.57825
suprisingly clever:0.578
mentor:0.57725
foreign:0.575
gratuitous violence:0.575
pg-13:0.56625
great acting:0.56425
grim:0.56375
talky:0.5625
dark hero:0.55925
downbeat:0.55675
oscar (best actress):0.55275
narrated:0.5465
clever:0.5455
dramatic:0.54375
cult classic:0.54
loneliness:0.53075
movielens top pick:0.5295
art:0.5255
ironic:0.52275
culture clash:0.51875
bleak:0.51825
