history:0.9715
computers:0.9635
geeks:0.955
true story:0.95
technology:0.90975
very interesting:0.8885
business:0.86175
corporate america:0.8595
dramatic:0.84575
mentor:0.8425
us history:0.829
based on book:0.81675
original:0.814
interesting:0.79975
factual:0.7975
historical:0.79725
based on a book:0.78425
good:0.778
story:0.7315
excellent script:0.72725
biopic:0.7155
geek:0.71275
excellent:0.7085
entertaining:0.704
censorship:0.69925
great acting:0.695
greed:0.68
great ending:0.6775
internet:0.66475
corruption:0.65675
pg-13:0.65625
tense:0.6525
life & death:0.651
good acting:0.64675
based on a true story:0.6325
suspense:0.631
based on true story:0.6255
great movie:0.624
visually appealing:0.61475
biographical:0.6145
artistic:0.60775
narrated:0.59925
suprisingly clever:0.598
life philosophy:0.59025
destiny:0.58775
original plot:0.58225
intense:0.5795
workplace:0.57375
runaway:0.567
good soundtrack:0.5645
catastrophe:0.5615
social commentary:0.56125
cerebral:0.55675
fun movie:0.55575
good story:0.5545
great:0.5505
drama:0.54125
very good:0.539
first contact:0.528
talky:0.52325
adaptation:0.52175
dialogue:0.51625
chase:0.50925
science fiction:0.505
cool:0.5035
underrated:0.503
crime gone awry:0.497
clever:0.4965
underdog:0.49575
nerds:0.491
great soundtrack:0.49075
creativity:0.4875
storytelling:0.48325
transformation:0.476
futuristic:0.4745
revolution:0.47075
sci fi:0.47
oscar (best directing):0.46325
california:0.4625
obsession:0.46075
complex:0.46025
character study:0.457
science:0.44975
thought-provoking:0.44525
exciting:0.44425
paranoid:0.44325
oscar winner:0.44325
culture clash:0.44225
distopia:0.44225
imdb top 250:0.44125
philosophy:0.44075
pornography:0.44
weird:0.4375
manipulation:0.43075
visually stunning:0.43
murder:0.43
adapted from:book:0.42975
nudity (topless - notable):0.4295
future:0.42725
sacrifice:0.42675
