dinosaurs:0.93875
jungle:0.86975
children:0.8635
family:0.85125
original:0.7455
predictable:0.72675
bad plot:0.68825
violence:0.64075
fantasy:0.63775
idiotic:0.6315
natural disaster:0.59325
special effects:0.59
80s:0.58675
kids:0.5675
chase:0.56325
mentor:0.562
indians:0.551
cute!:0.54575
so bad it's funny:0.54475
disney:0.5375
technology:0.5365
pg:0.525
great ending:0.5175
silly:0.50125
childhood:0.49975
fantasy world:0.49875
bad:0.4945
kids and family:0.49325
catastrophe:0.47975
dialogue:0.4725
humorous:0.45175
silly fun:0.44025
overrated:0.4345
teens:0.4325
destiny:0.42675
horrible:0.41625
disaster:0.4125
cute:0.408
big budget:0.40775
fight scenes:0.4055
good action:0.40275
memory:0.40075
africa:0.39525
violent:0.39525
too long:0.39125
women:0.38575
stop motion:0.3835
storytelling:0.375
first contact:0.374
teen movie:0.36975
guilty pleasure:0.36925
ridiculous:0.36875
brutality:0.35925
adaptation:0.35925
death:0.35675
life philosophy:0.355
bad acting:0.35425
not funny:0.35175
corruption:0.3505
computer animation:0.34975
talking animals:0.3485
good:0.348
dynamic cgi action:0.346
weapons:0.3415
writers:0.33975
franchise:0.337
redemption:0.3355
story:0.33525
entirely dialogue:0.335
great:0.3335
bad cgi:0.33175
dysfunctional family:0.32975
unusual plot structure:0.32725
adventure:0.326
1980s:0.32275
based on a book:0.3225
pointless:0.31925
pg-13:0.31925
runaway:0.318
lame:0.31675
fun movie:0.31675
robots:0.31475
fun:0.31175
entertaining:0.307
slapstick:0.304
cult film:0.302
pornography:0.30175
animation:0.30175
culture clash:0.30125
nudity (full frontal - brief):0.29775
crude humor:0.29675
lone hero:0.294
murder:0.2935
male nudity:0.2925
police investigation:0.291
quirky:0.28825
unfunny:0.2855
teen:0.2815
happy ending:0.27825
adapted from:comic:0.277
