manipulation:0.9725
religion:0.963
greed:0.95925
islam:0.9375
brainwashing:0.9225
documentary:0.903
complex:0.88775
based on book:0.8795
judaism:0.875
corruption:0.863
original:0.8415
interesting:0.83925
psychology:0.835
based on a book:0.82475
psychiatry:0.818
psychological:0.786
social commentary:0.78
factual:0.771
violence:0.76625
thought-provoking:0.76325
surveillance:0.75875
depression:0.74375
good:0.74125
tragedy:0.73675
philosophy:0.73425
paranoia:0.73325
secrets:0.733
oscar (best directing):0.732
suspense:0.72625
literature:0.71025
imdb top 250:0.7085
narrated:0.70725
very interesting:0.70325
insanity:0.697
fascism:0.6875
excellent script:0.68625
controversial:0.67475
pornography:0.671
cult:0.6705
talky:0.6635
disturbing:0.66175
honest:0.655
intense:0.65475
twists & turns:0.654
oscar (best actress):0.64275
capitalism:0.64075
great acting:0.63775
mentor:0.63625
depressing:0.6235
sacrifice:0.61825
powerful ending:0.613
good acting:0.61025
adapted from:book:0.6085
idealism:0.604
drinking:0.60075
runaway:0.5985
paranoid:0.59725
investigation:0.59675
light:0.59475
internet:0.58775
adaptation:0.584
culture clash:0.58325
good soundtrack:0.58025
emotional:0.57975
biography:0.5785
clever:0.577
oscar winner:0.5765
storytelling:0.57275
cerebral:0.5705
betrayal:0.56725
catastrophe:0.56
highly quotable:0.559
politics:0.55725
justice:0.55625
movielens top pick:0.55475
drama:0.55175
criterion:0.551
death:0.55
great ending:0.54575
chase:0.5435
obsession:0.54025
books:0.53525
very good:0.535
oscar:0.53
tense:0.52875
assassination:0.52875
1980s:0.52825
weird:0.5275
oscar (best supporting actress):0.52275
harsh:0.522
intellectual:0.52125
amazing photography:0.51875
suspenseful:0.51875
suprisingly clever:0.51825
dramatic:0.51775
forceful:0.516
murder:0.5145
political:0.514
grim:0.50775
heartbreaking:0.5075
