gangsters:0.7795
original:0.70325
violent:0.69725
mentor:0.62875
dark humor:0.61125
dialogue:0.58875
prison:0.572
crime:0.55475
black comedy:0.4775
catastrophe:0.4675
corruption:0.46225
storytelling:0.45975
excellent script:0.4585
greed:0.45275
great ending:0.45225
family drama:0.445
brutality:0.44425
gangster:0.4325
solitude:0.42975
redemption:0.4225
stylized:0.41875
good soundtrack:0.3915
writers:0.38625
drugs:0.386
pornography:0.38075
great:0.37175
runaway:0.369
shallow:0.36875
satire:0.3595
entirely dialogue:0.35525
criterion:0.33525
london:0.327
vengeance:0.3265
predictable:0.3225
heist:0.31825
drinking:0.30325
cancer:0.299
life philosophy:0.298
not funny:0.29325
dark comedy:0.29225
story:0.2885
culture clash:0.28275
unlikely friendships:0.28125
quirky:0.2785
very funny:0.2775
bad ending:0.2765
stylish:0.2735
british:0.26975
pointless:0.2665
crime gone awry:0.26375
revenge:0.2625
demons:0.26
satirical:0.25925
insanity:0.251
anti-hero:0.25025
loneliness:0.25
mob:0.24775
melancholic:0.24625
justice:0.245
police investigation:0.245
gunfight:0.24225
overrated:0.24
underrated:0.23675
suprisingly clever:0.2345
oscar:0.234
imdb top 250:0.23375
first contact:0.233
drug abuse:0.233
violence:0.2315
mafia:0.23
comedy:0.2295
bank robbery:0.22725
pulp:0.22675
original plot:0.22625
family:0.2245
irreverent:0.2245
caper:0.21875
unusual plot structure:0.21575
fantasy world:0.21475
bad plot:0.214
fun movie:0.21275
very interesting:0.21275
police corruption:0.2115
transformation:0.20975
oscar (best actress):0.207
social commentary:0.20675
talky:0.2065
off-beat comedy:0.20625
witty:0.20625
dysfunctional family:0.20625
absurd:0.204
adaptation:0.20325
finnish:0.203
entertaining:0.201
betrayal:0.19925
alcoholism:0.1985
drama:0.1985
lone hero:0.19825
road movie:0.1975
bloody:0.1975
