racing:0.71075
las vegas:0.67
original:0.65375
so bad it's funny:0.63
hawaii:0.59925
predictable:0.55225
idiotic:0.54075
fun movie:0.53175
mentor:0.51575
bad plot:0.48925
shallow:0.48275
silly fun:0.48
oil:0.4435
romance:0.44225
catastrophe:0.421
silly:0.39875
stupid:0.397
harsh:0.39025
great ending:0.375
natural disaster:0.35475
first contact:0.35275
bad cgi:0.35225
dialogue:0.3505
slapstick:0.3455
not funny:0.3445
surreal:0.338
family:0.32325
destiny:0.317
bad acting:0.3105
no plot:0.30875
goofy:0.30525
pornography:0.3035
franchise:0.30175
overrated:0.297
fun:0.29075
pointless:0.28425
classic car:0.2825
lone hero:0.28225
fantasy world:0.27975
entirely dialogue:0.27925
brutality:0.27475
redemption:0.26675
campy:0.26475
police investigation:0.256
culture clash:0.253
hotel:0.25125
cult film:0.25
chase:0.24875
life & death:0.24675
death:0.24625
adaptation:0.24525
great:0.2445
story:0.24425
life philosophy:0.2435
better than expected:0.24275
storytelling:0.24175
runaway:0.2415
nudity (full frontal - brief):0.241
melancholic:0.24075
grindhouse:0.24
vengeance:0.23825
weird:0.236
fight scenes:0.235
bad ending:0.2345
sci fi:0.22875
musical:0.22825
disaster:0.224
unfunny:0.22325
good:0.22325
childhood:0.223
cars:0.223
zombie:0.22225
stupid as hell:0.22
light:0.219
women:0.21725
twists & turns:0.21725
greed:0.21725
adventure:0.216
sexy:0.21325
crude humor:0.2125
big budget:0.21225
special effects:0.2105
awful:0.2095
science fiction:0.2085
complex:0.20775
demons:0.2055
nostalgic:0.20425
absurd:0.20375
happy ending:0.20275
great acting:0.2025
good soundtrack:0.20225
pg-13:0.20225
teen movie:0.20075
stupidity:0.20075
justice:0.20075
transformation:0.20025
boat:0.2
quirky:0.1995
multiple storylines:0.198
brothers:0.19425
