nudity (full frontal - brief):0.9605
character study:0.94925
enigmatic:0.93675
cinematography:0.91925
70mm:0.89
cerebral:0.883
weird:0.8275
complex:0.8225
art house:0.8125
criterion:0.77675
existentialism:0.77375
cult:0.75825
obsession:0.74975
loneliness:0.7485
visually appealing:0.7085
original:0.70575
golden palm:0.701
pointless:0.69825
insanity:0.68825
allegory:0.68225
strange:0.67675
greed:0.67275
melancholic:0.6705
surreal:0.656
breathtaking:0.65075
intimate:0.6315
meditative:0.6275
pretentious:0.62625
psychological:0.62275
bleak:0.6125
brainwashing:0.6055
great acting:0.5965
confusing:0.5805
masterpiece:0.573
dialogue driven:0.57075
stylized:0.565
psychology:0.5555
complex characters:0.54975
intellectual:0.549
hallucinatory:0.5425
reflective:0.54175
storytelling:0.54
pornography:0.53925
dialogue:0.5345
mentor:0.5345
philosophical:0.52875
relationships:0.528
disturbing:0.514
art:0.5135
cult film:0.50975
talky:0.50625
melancholy:0.504
visceral:0.50275
off-beat comedy:0.49675
nudity (full frontal - notable):0.49375
dreamlike:0.487
mindfuck:0.4725
entirely dialogue:0.46825
slow:0.46825
artsy:0.46275
paranoid:0.45625
crime gone awry:0.4475
absurd:0.4465
religion:0.44575
social commentary:0.44275
manipulation:0.43725
atmospheric:0.426
very interesting:0.4235
imdb top 250:0.423
writers:0.42075
catastrophe:0.41725
violent:0.41625
twists & turns:0.4075
affectionate:0.40625
artistic:0.4055
dark:0.40475
dysfunctional family:0.40425
runaway:0.39975
nonlinear:0.3935
non-linear:0.39075
redemption:0.39025
grim:0.38975
dark humor:0.38725
oil:0.3865
oscar:0.38525
unique:0.38475
cult classic:0.379
unusual plot structure:0.37575
quirky:0.37425
drinking:0.3685
adaptation:0.36825
eccentricity:0.36575
psychiatry:0.364
not funny:0.36075
hotel:0.3605
great cinematography:0.35975
visually stunning:0.35175
harsh:0.35
downbeat:0.349
great ending:0.34825
