original:0.61825
life philosophy:0.5075
bollywood:0.45475
feel-good:0.44125
silly fun:0.43675
suprisingly clever:0.43625
culture clash:0.43525
foreign:0.4105
absurd:0.403
catastrophe:0.39275
feel good movie:0.39275
farce:0.3835
runaway:0.3745
satirical:0.36725
mentor:0.34675
nudity (full frontal - brief):0.3425
father daughter relationship:0.34075
great:0.32925
overrated:0.32625
loneliness:0.326
australia:0.3205
screwball comedy:0.317
very funny:0.311
dialogue:0.30775
criterion:0.3005
unlikely friendships:0.2945
kidnapping:0.28175
entirely dialogue:0.2805
melancholic:0.2795
affectionate:0.27525
blindness:0.2745
satire:0.2735
grindhouse:0.2725
unusual plot structure:0.2725
unfunny:0.2715
fun movie:0.2635
author:neil gaiman:0.258
not funny:0.25775
working class:0.2565
predictable:0.24625
story:0.24475
great ending:0.2435
brutality:0.24125
obsession:0.23975
comedy:0.2395
great acting:0.2325
road movie:0.231
art:0.225
good:0.2185
so bad it's funny:0.21625
lone hero:0.21425
bad plot:0.21125
simple:0.2
adaptation:0.198
pg-13:0.1965
slapstick:0.1955
dreams:0.1905
storytelling:0.1875
allegory:0.184
crime gone awry:0.18375
first contact:0.18325
beautiful scenery:0.183
family drama:0.18275
writers:0.1805
oscar (best actress):0.18025
transformation:0.177
childhood:0.17425
classic car:0.17375
quirky:0.17375
oscar (best supporting actress):0.172
social commentary:0.17025
weird:0.16875
wedding:0.16575
fantasy world:0.16475
good soundtrack:0.16475
touching:0.1645
guilt:0.16275
passionate:0.16
light:0.1595
atheism:0.159
oscar (best directing):0.15625
queer:0.15625
destiny:0.15625
inspirational:0.15575
funny:0.15525
sweet:0.15475
stereotypes:0.15475
fun:0.154
gangsters:0.15175
macabre:0.15075
dysfunctional family:0.14875
redemption:0.1485
heartwarming:0.14725
cult film:0.147
silly:0.147
oscar:0.1465
clever:0.14625
pornography:0.14575
adapted from:book:0.1455
clones:0.14525
