france:0.997
world war ii:0.98325
french:0.97025
war:0.954
wwii:0.95375
best war films:0.93575
foreign:0.91175
wartime:0.90425
courage:0.89875
censorship:0.82625
nazis:0.8235
africa:0.8235
politics:0.80375
original:0.79775
sacrifice:0.7965
dramatic:0.79125
political:0.78375
war movie:0.77
poignant:0.7685
realistic:0.7515
ensemble cast:0.72775
social commentary:0.72625
harsh:0.7205
islam:0.7135
us history:0.69875
cinematography:0.694
compassionate:0.69325
history:0.692
colonialism:0.6915
survival:0.67875
powerful ending:0.678
anti-semitism:0.6725
visually appealing:0.66575
emotional:0.66025
runaway:0.65925
pornography:0.65875
dialogue:0.65475
brutality:0.6525
fighting:0.6455
oscar (best directing):0.64325
world war i:0.63575
intense:0.63375
epic:0.63325
prejudice:0.62725
oscar (best foreign language film):0.626
ethnic conflict:0.607
idealism:0.60275
sentimental:0.59975
culture clash:0.59975
germany:0.5995
earnest:0.59675
excellent script:0.59475
story:0.59175
great ending:0.58575
german:0.581
revolution:0.576
period piece:0.56725
segregation:0.56425
jews:0.56175
absurd:0.557
pg-13:0.55075
colourful:0.547
beautiful scenery:0.54325
freedom:0.5185
visceral:0.513
mentor:0.5075
heartbreaking:0.50425
oscar:0.50225
moral ambiguity:0.502
historical:0.5015
bollywood:0.4965
paris:0.492
tense:0.48975
feel-good:0.48875
love:0.4875
good soundtrack:0.48675
nazi:0.48
british:0.47875
passionate:0.47875
sexualized violence:0.464
love story:0.46325
justice:0.463
beautifully filmed:0.455
propaganda:0.45125
suspense:0.44575
forceful:0.445
death:0.4365
male nudity:0.43625
sad but good:0.43625
complex:0.4355
happy ending:0.4345
golden palm:0.43175
catastrophe:0.42925
romantic:0.4285
friendship:0.42625
tragedy:0.42025
torture:0.41725
racism:0.41675
betrayal:0.41275
melancholic:0.41225
