french:0.94475
tragedy:0.93075
drama:0.88525
great acting:0.87575
france:0.86325
dramatic:0.8605
good sequel:0.84275
foreign:0.79925
masterpiece:0.78725
oscar (best directing):0.781
imdb top 250:0.78075
original:0.77725
life & death:0.77475
emotional:0.76325
beautifully filmed:0.7615
revenge:0.736
criterion:0.7335
bittersweet:0.73025
oscar (best actress):0.7275
greed:0.71975
loneliness:0.719
bleak:0.7155
mentor:0.701
story:0.701
melancholy:0.69925
sad:0.68875
original plot:0.684
storytelling:0.6805
great ending:0.67625
visually appealing:0.6735
death:0.66425
reflective:0.64925
secrets:0.6385
beautiful scenery:0.6335
childhood:0.63075
powerful ending:0.62725
art:0.6155
great:0.61225
excellent script:0.60875
talky:0.60825
social commentary:0.60425
suprisingly clever:0.60275
oscar (best foreign language film):0.60225
vengeance:0.59875
culture clash:0.58575
enigmatic:0.585
redemption:0.584
justice:0.5835
cinematography:0.58275
melancholic:0.582
good acting:0.5745
great movie:0.573
golden palm:0.5725
idealism:0.57
photography:0.567
unusual plot structure:0.562
adapted from:book:0.558
runaway:0.5535
harsh:0.5455
cerebral:0.54425
interesting:0.54075
visually stunning:0.521
beautiful:0.51525
paris:0.5105
guilt:0.50875
oscar (best supporting actress):0.50675
good:0.5055
movielens top pick:0.50475
exceptional acting:0.50275
happy ending:0.49675
touching:0.49625
dialogue:0.49375
visual:0.49325
complex:0.493
life philosophy:0.4925
heartwarming:0.48125
betrayal:0.47825
atmospheric:0.4735
catastrophe:0.4735
twist ending:0.471
psychology:0.46625
narrated:0.46425
breathtaking:0.46275
stunning:0.4625
destiny:0.46175
solitude:0.45725
passionate:0.457
allegory:0.45625
earnest:0.45475
classic:0.45175
sad but good:0.451
plot twist:0.451
sequel:0.4505
oscar winner:0.4465
sequels:0.446
depression:0.446
male nudity:0.44475
good soundtrack:0.4445
intimate:0.44375
pg-13:0.43875
