comedy:0.88225
stereotypes:0.86525
teen movie:0.86425
80s:0.85975
predictable:0.771
teen:0.75375
original:0.7465
teens:0.684
fun movie:0.68125
silly fun:0.62
lame:0.603
mentor:0.59025
funny:0.5785
great ending:0.56575
family:0.55475
1980s:0.53525
goofy:0.527
destiny:0.5185
feel-good:0.5105
good:0.5045
good soundtrack:0.48925
science fiction:0.48525
very funny:0.48
fantasy world:0.47975
pg-13:0.4785
silly:0.4775
romantic:0.4765
love story:0.4645
redemption:0.46175
school:0.454
fun:0.4505
cheesy:0.448
catastrophe:0.43375
revenge:0.43
feel good movie:0.4185
bad plot:0.417
shallow:0.40875
storytelling:0.40375
action:0.402
unfunny:0.3995
life philosophy:0.3995
nerds:0.3965
nudity (topless - notable):0.39625
runaway:0.39575
dialogue:0.3945
nudity (full frontal - brief):0.3925
brutality:0.3845
nudity (topless):0.379
sentimental:0.37825
story:0.37825
so bad it's funny:0.374
overrated:0.373
romance:0.36625
fight scenes:0.3655
girlie movie:0.35475
lone hero:0.3485
first contact:0.34675
college:0.3435
slapstick:0.34125
happy ending:0.34125
pornography:0.3395
light:0.33825
culture clash:0.33675
high school:0.33575
great:0.32925
hilarious:0.32725
vengeance:0.32525
cult film:0.3215
adaptation:0.321
childhood:0.3185
books:0.315
justice:0.3135
racism:0.31225
crude humor:0.3115
suspense:0.307
segregation:0.30675
greed:0.3065
chase:0.30425
good action:0.304
bullying:0.302
franchise:0.30025
fantasy:0.29875
melancholic:0.29475
psychology:0.29425
police investigation:0.294
unlikely friendships:0.2895
visually appealing:0.28875
shopping:0.28575
dumb but funny:0.28325
twists & turns:0.282
gross-out:0.28075
quirky:0.2805
violence:0.2765
underdog:0.276
sci fi:0.275
stupid:0.27175
entirely dialogue:0.2715
drama:0.269
humorous:0.2685
natural disaster:0.26625
