politics:0.99175
political:0.9205
documentary:0.90725
iran:0.83775
world politics:0.834
corruption:0.80725
original:0.7095
criterion:0.7045
communism:0.657
unusual plot structure:0.623
talky:0.62
ethnic conflict:0.59825
very interesting:0.58875
manipulation:0.588
brainwashing:0.56725
graphic design:0.56725
assassination:0.54725
idealism:0.5305
indie:0.5295
oscar (best directing):0.522
social commentary:0.52025
judaism:0.5125
guilt:0.51175
president:0.50625
intimate:0.5055
propaganda:0.50425
melancholic:0.487
free to download:0.4825
greed:0.481
interesting:0.48025
cynical:0.47925
twists & turns:0.468
life & death:0.465
thought-provoking:0.45775
obsession:0.45525
race issues:0.44825
pornography:0.44475
great ending:0.442
depression:0.442
mentor:0.437
hotel:0.436
oscar (best actress):0.42325
mental illness:0.421
cerebral:0.42075
adaptation:0.417
suprisingly clever:0.414
depressing:0.41
sexualized violence:0.4095
good soundtrack:0.40675
life philosophy:0.40475
catastrophe:0.4045
runaway:0.40275
brutality:0.4
golden palm:0.3985
segregation:0.396
race:0.396
fighting the system:0.39575
loneliness:0.3955
corporate america:0.3955
spelling bee:0.38825
drinking:0.38375
biographical:0.38225
palestine:0.38225
honest:0.37675
classic car:0.37625
disturbing:0.37375
independent film:0.37125
dialogue:0.36975
storytelling:0.367
oscar (best supporting actress):0.36125
good:0.3565
very good:0.35375
tragedy:0.352
secrets:0.3365
capitalism:0.33625
crime gone awry:0.332
weird:0.3295
israel:0.329
exceptional acting:0.32875
journalism:0.32775
adapted from:book:0.3255
racing:0.324
police corruption:0.3215
not funny:0.3175
queer:0.31725
new york:0.317
very funny:0.31675
great acting:0.31625
moral ambiguity:0.31525
stylish:0.31325
visually appealing:0.31325
culture clash:0.31225
entirely dialogue:0.31075
great:0.3095
cinematography:0.3095
enigmatic:0.30925
distopia:0.308
biography:0.306
relationships:0.3055
prejudice:0.3055
