coming of age:0.976
melancholic:0.9345
midlife crisis:0.91975
indie:0.899
depression:0.89175
small town:0.85475
depressing:0.83575
original:0.791
coming-of-age:0.71375
adolescence:0.70925
loneliness:0.70625
realistic:0.6935
suicide:0.621
teenagers:0.606
controversial:0.6035
life & death:0.59925
existentialism:0.59725
pornography:0.59175
teenager:0.58975
mentor:0.5805
life:0.57825
nudity (full frontal - brief):0.56475
high school:0.5565
teens:0.548
dysfunctional family:0.5395
relationships:0.52775
childhood:0.516
independent film:0.51475
good soundtrack:0.4845
bad plot:0.483
school:0.47775
runaway:0.47625
nudity (topless - notable):0.4585
gangsters:0.454
intimate:0.449
grindhouse:0.4485
sexual abuse:0.44375
classic car:0.44175
new jersey:0.439
pointless:0.43175
bittersweet:0.41975
life philosophy:0.4125
predictable:0.4085
drinking:0.40175
writers:0.39375
queer:0.3915
romance:0.39025
slackers:0.3875
sexual:0.3855
shallow:0.3845
quirky:0.38125
road movie:0.37575
drama:0.3735
complex:0.36625
california:0.35975
catastrophe:0.34825
brutality:0.3475
dark comedy:0.34475
fantasy world:0.34325
suicide attempt:0.331
culture clash:0.3305
boring:0.32425
vengeance:0.321
teen:0.31925
unlikely friendships:0.3165
drugs:0.305
honest:0.30075
happy ending:0.30025
off-beat comedy:0.2985
amy smart:0.2985
destiny:0.2975
lone hero:0.29725
cinematography:0.293
dialogue:0.29175
bullying:0.28675
great ending:0.286
great:0.2845
not funny:0.28125
entirely dialogue:0.27425
friendship:0.27425
first contact:0.273
nostalgic:0.273
bad ending:0.27025
lesbian:0.26425
corruption:0.264
solitude:0.2635
passionate:0.263
visually appealing:0.2615
weed:0.2615
harsh:0.26075
criterion:0.25825
overrated:0.25775
weapons:0.25775
feel-good:0.2575
dramatic:0.257
family drama:0.25425
stupidity:0.2525
teen movie:0.24725
unfunny:0.2445
mars:0.24
