powerful ending:0.97075
tragedy:0.95725
visually stunning:0.937
intimate:0.92775
adultery:0.91325
cinematography:0.909
storytelling:0.9
visual:0.8925
downbeat:0.8875
relationships:0.879
foreign:0.871
beautifully filmed:0.869
melancholic:0.866
obsession:0.85525
brutality:0.8525
imdb top 250:0.8525
criterion:0.852
allegory:0.8415
colourful:0.833
visually appealing:0.82425
complex:0.81975
mentor:0.81875
love story:0.815
china:0.81175
oscar (best actress):0.8105
claustrophobic:0.80975
reflective:0.80775
masterpiece:0.80075
loneliness:0.799
violence:0.795
breathtaking:0.7915
complicated:0.78525
culture clash:0.7705
harsh:0.765
enigmatic:0.75725
runaway:0.75425
drama:0.753
oscar (best foreign language film):0.7505
oscar (best directing):0.75
cerebral:0.7465
1920s:0.74525
forceful:0.74225
dramatic:0.73475
cathartic:0.7325
stunning:0.73225
intense:0.73175
talky:0.72925
golden palm:0.7255
great ending:0.72525
passionate:0.72075
great acting:0.71475
character study:0.71225
excellent script:0.707
original:0.6775
exceptional acting:0.67275
melancholy:0.67275
poignant:0.6705
stylized:0.66725
social commentary:0.6625
beautiful:0.661
good soundtrack:0.6565
photography:0.654
movielens top pick:0.6495
psychological:0.64575
atmospheric:0.63875
psychology:0.63275
artistic:0.631
dialogue:0.62925
emotional:0.62875
destiny:0.6275
gunfight:0.62025
amazing photography:0.6195
story:0.6185
bittersweet:0.60775
love:0.6035
betrayal:0.6025
good acting:0.59825
police investigation:0.5975
crime gone awry:0.59625
amazing cinematography:0.58825
art:0.5875
suprisingly clever:0.5785
great:0.5785
weird:0.57475
visceral:0.57375
manipulation:0.572
realistic:0.57075
sexualized violence:0.57025
life philosophy:0.564
brutal:0.562
affectionate:0.56075
drinking:0.5575
interesting:0.557
unlikely friendships:0.55225
scenic:0.551
bleak:0.5495
beautiful scenery:0.5365
sexy:0.53475
revenge:0.53075
murder:0.52825
