homeless:0.96875
1930s:0.8345
downbeat:0.789
alcoholism:0.735
redemption:0.7015
eccentricity:0.69875
original:0.6925
good soundtrack:0.627
depression:0.6045
dramatic:0.5835
drama:0.56425
insanity:0.546
brutality:0.52725
great ending:0.5265
grim:0.52225
adaptation:0.50625
bleak:0.50525
storytelling:0.4925
loneliness:0.4885
dialogue:0.47775
sexualized violence:0.4765
betrayal:0.4735
melancholic:0.46925
life philosophy:0.46875
dark:0.46825
great acting:0.465
mentor:0.46175
transformation:0.4505
intense:0.44725
exceptional acting:0.4415
multiple storylines:0.42875
dreams:0.4255
quirky:0.41775
great movie:0.4165
great:0.41375
demons:0.4115
based on a play:0.411
character study:0.4105
oscar (best directing):0.40675
depressing:0.40225
cancer:0.39775
gritty:0.39525
catastrophe:0.39375
gangsters:0.39375
nostalgic:0.3905
cinematography:0.39
fantasy world:0.38875
not funny:0.388
feel-good:0.387
heartbreaking:0.381
honest:0.37375
radio:0.3695
intimate:0.365
entirely dialogue:0.3615
emotional:0.36075
guilt:0.3585
criterion:0.358
writers:0.35725
complex:0.3535
touching:0.35175
poetry:0.3475
masterpiece:0.34075
fantasy:0.33925
nudity (full frontal - brief):0.33675
oscar:0.3335
stylized:0.33125
harsh:0.331
reflective:0.331
special:0.33075
predictable:0.33075
greed:0.32975
destiny:0.329
tragedy:0.32475
surreal:0.32425
twists & turns:0.32325
dysfunctional family:0.32325
talky:0.32075
imdb top 250:0.315
nudity (topless - brief):0.3085
period piece:0.30475
long:0.30275
adapted from:book:0.30175
drinking:0.2955
good:0.2935
passionate:0.29275
oscar (best supporting actor):0.292
vengeance:0.2915
culture clash:0.2905
allegory:0.28725
dark hero:0.28625
psychological:0.28375
sentimental:0.2775
poignant:0.27725
story:0.2765
cult film:0.27375
writing:0.27375
unusual plot structure:0.27325
oscar (best supporting actress):0.27325
high fantasy:0.273
enigmatic:0.27225
