animals:0.98725
cartoon:0.98125
animal movie:0.96075
cute!:0.916
disney:0.903
dog:0.89975
dogs:0.896
fun:0.8675
children:0.8605
remake:0.8605
cute:0.857
talking animals:0.8425
family:0.8415
fun movie:0.8125
original:0.7985
animated:0.79225
good:0.78325
animation:0.75375
chase:0.674
kids and family:0.66875
action:0.6605
computer animation:0.63475
kids:0.62275
dialogue:0.59475
adapted from:book:0.59025
disney animated feature:0.586
classic:0.50375
very good:0.50125
sweet:0.49825
great:0.48975
girlie movie:0.4885
story:0.48825
entertaining:0.48725
romantic:0.485
fashion:0.463
predictable:0.46075
adaptation:0.4575
script:0.4425
mentor:0.43675
comedy:0.4275
great ending:0.42475
slapstick:0.4245
childhood:0.4235
nudity (full frontal - brief):0.42225
catastrophe:0.41625
adventure:0.412
great acting:0.4095
destiny:0.40475
funny:0.397
good action:0.39675
clever:0.3955
devil:0.392
stereotypes:0.388
video game:0.38475
sexy:0.379
london:0.37525
fairy tale:0.3675
goofy:0.363
runaway:0.36175
greed:0.35725
original plot:0.3535
unfunny:0.35
switching places:0.34525
culture clash:0.345
not funny:0.34475
not as good as the first:0.33975
pigs:0.33925
storytelling:0.33525
very funny:0.3265
lone hero:0.321
overrated:0.315
great movie:0.30875
happy ending:0.30425
romance:0.29875
intense:0.29475
light:0.2945
interracial romance:0.29425
sequel:0.29375
silly:0.292
corruption:0.28775
based on a book:0.28175
melancholic:0.281
silly fun:0.2775
jungle:0.27625
witch:0.27475
brutality:0.274
redemption:0.27075
first contact:0.2685
good soundtrack:0.26125
special effects:0.25875
witches:0.257
pg-13:0.25525
life philosophy:0.25275
women:0.25225
computer game:0.252
entirely dialogue:0.25075
alter ego:0.2505
excellent:0.2505
suprisingly clever:0.2475
based on a play:0.24675
