violence:0.9885
violent:0.9845
bloody:0.97575
social commentary:0.97425
brutality:0.967
splatter:0.966
weapons:0.96375
brutal:0.94925
gory:0.9455
japan:0.92725
survival:0.915
good soundtrack:0.8835
visceral:0.8725
original:0.87075
based on a book:0.864
vengeance:0.85275
controversial:0.84875
gratuitous violence:0.842
dark humor:0.84
cult classic:0.8355
suspense:0.8345
disturbing:0.8335
allegory:0.8175
school:0.7995
powerful ending:0.79875
intense:0.7965
satire:0.7955
unlikely friendships:0.779
reality tv:0.7775
blood:0.77375
rebellion:0.76725
island:0.7615
friendship:0.75
mentor:0.74925
cult film:0.7445
teacher:0.7395
weird:0.73875
pornography:0.72525
great ending:0.7155
teen movie:0.713
revenge:0.71
adolescence:0.70875
death:0.70675
dystopia:0.702
tokyo:0.70075
tense:0.7
innocence lost:0.6985
harsh:0.695
sexualized violence:0.68525
dialogue:0.68375
great acting:0.6795
forceful:0.6705
childhood:0.6655
psychological:0.66175
interesting:0.66175
grindhouse:0.66
imdb top 250:0.654
dark:0.652
based on book:0.652
stylized:0.64975
adapted from:book:0.64575
runaway:0.6445
twists & turns:0.6365
stylish:0.63325
satirical:0.62875
grim:0.623
japanese:0.616
graphic novel:0.60775
realistic:0.607
gunfight:0.60425
cool:0.601
clever:0.6
murder:0.59925
narrated:0.5955
good:0.59475
gore:0.5885
action:0.5865
storytelling:0.58175
original plot:0.57975
teens:0.5795
fight scenes:0.5785
teen:0.5765
serial killer:0.57625
bleak:0.57625
absurd:0.57125
insanity:0.566
highly quotable:0.56325
great movie:0.56175
good acting:0.5605
goretastic:0.5595
fascism:0.5565
gruesome:0.55625
visually appealing:0.55575
drama:0.55525
stereotypes:0.553
life & death:0.55275
great:0.55225
psychology:0.54825
dark hero:0.54675
suicide:0.54575
