hotel:0.87775
humorous:0.86125
original:0.83775
love:0.8245
colourful:0.7965
relationships:0.785
golden palm:0.7845
coming-of-age:0.772
melancholic:0.76775
life philosophy:0.74825
coming of age:0.7435
intimate:0.7105
witty:0.7005
quotable:0.6855
unlikely friendships:0.674
storytelling:0.667
very funny:0.6595
affectionate:0.65725
good soundtrack:0.64875
very good:0.648
loneliness:0.647
criterion:0.6365
bittersweet:0.618
cult classic:0.61575
fast paced:0.61425
dialogue:0.61225
drinking:0.6075
talky:0.60725
goofy:0.6
existentialism:0.59025
redemption:0.57225
runaway:0.56025
oscar (best writing - screenplay written directly for the screen):0.547
sexy:0.537
sweet:0.52975
funny:0.52275
entirely dialogue:0.52225
humor:0.5165
imdb top 250:0.51175
friendship:0.51025
quirky:0.508
dark humor:0.50525
identity:0.5025
women:0.5015
indie:0.49825
suprisingly clever:0.4955
pornography:0.4895
narrated:0.485
feel-good:0.48475
adultery:0.482
chase:0.481
twists & turns:0.47825
cool:0.47675
afi 100 (laughs):0.471
destiny:0.46675
philosophy:0.4655
mentor:0.45875
very interesting:0.458
writers:0.453
crime:0.45025
sarcasm:0.44425
art:0.44325
nudity (full frontal - brief):0.44125
whimsical:0.44
corruption:0.43575
fun movie:0.4355
passionate:0.43225
action packed:0.43175
fun:0.4315
cult film:0.4265
love story:0.42425
catastrophe:0.4225
drugs:0.419
stoner movie:0.41675
interesting:0.416
dark hero:0.40875
unusual plot structure:0.4085
bad ending:0.407
harsh:0.40675
male nudity:0.40675
obsession:0.40625
light:0.406
self discovery:0.4005
social commentary:0.39825
gay character:0.3975
glbt:0.39625
great ending:0.394
crude humor:0.39175
highly quotable:0.3915
small town:0.3915
clever:0.38975
tokyo:0.38825
satire:0.38625
drama:0.383
queer:0.3825
books:0.382
life:0.381
feel good movie:0.38075
nocturnal:0.379
absurd:0.3755
