future:0.993
futuristic:0.99225
science fiction:0.9715
criterion:0.968
sci fi:0.96225
scifi:0.9615
space travel:0.9495
post-apocalyptic:0.9175
sci-fi:0.89225
post apocalyptic:0.889
visually stunning:0.88775
science:0.8725
original:0.857
fascism:0.8555
space:0.849
visually appealing:0.7905
imagination:0.78025
technology:0.769
mars:0.7675
talky:0.7585
graphic design:0.73775
based on a book:0.73225
visual:0.73025
astronauts:0.7295
war:0.723
weapons:0.70525
cerebral:0.6865
world politics:0.68325
dramatic:0.6825
allegory:0.68225
natural disaster:0.67825
alone in the world:0.676
1930s:0.66825
british:0.65025
great ending:0.646
intellectual:0.63775
stunning:0.63
complex:0.6215
rebellion:0.6025
absurd:0.597
distopia:0.59525
humanity:0.5895
idealism:0.58675
catastrophe:0.585
destiny:0.57375
england:0.5705
original plot:0.562
brutality:0.5585
cinematography:0.5575
dialogue:0.54825
social commentary:0.538
breathtaking:0.5365
weird:0.53475
suprisingly clever:0.5205
world war ii:0.5185
cloning:0.5105
stylized:0.50825
story:0.50575
reflective:0.4955
dystopia:0.4945
oscar (best foreign language film):0.4935
transformation:0.48775
very interesting:0.4865
storytelling:0.4785
war movie:0.472
special effects:0.4655
beautifully filmed:0.44875
first contact:0.44325
whimsical:0.43775
fighting the system:0.4365
imdb top 250:0.43425
entirely dialogue:0.4275
revolution:0.425
forceful:0.423
good soundtrack:0.41825
mentor:0.415
scenic:0.41225
philosophical:0.4115
japan:0.40825
golden palm:0.40575
alternate reality:0.4045
harsh:0.403
colourful:0.39575
melancholic:0.39425
powerful ending:0.39275
redemption:0.39025
survival:0.39
adaptation:0.38725
thought-provoking:0.38625
great:0.3835
light:0.38225
free speech:0.38
tense:0.378
not funny:0.37675
epic:0.36925
cold war:0.36625
existentialism:0.36575
classic:0.36225
1970s:0.3605
end of the world:0.35675
