cancer:0.99775
canada:0.99725
terminal illness:0.97675
melancholic:0.96175
touching:0.95175
relationships:0.93075
road trip:0.90025
destiny:0.86875
depression:0.868
bittersweet:0.851
life:0.82775
good soundtrack:0.827
honest:0.81275
romantic:0.791
loneliness:0.789
drinking:0.78425
realistic:0.7755
reflective:0.76675
existentialism:0.7665
hospital:0.735
coming of age:0.732
beautiful scenery:0.73075
weird:0.724
sad:0.71225
travel:0.71225
end of the world:0.712
romantic comedy:0.70925
emotional:0.7065
love:0.693
feel good movie:0.6875
self discovery:0.68525
motorcycle:0.67675
literature:0.674
coming-of-age:0.6715
indie:0.67125
philosophical:0.66925
life philosophy:0.66475
first contact:0.6635
sentimental:0.654
british:0.65
sappy:0.646
underdog:0.63375
unlikely friendships:0.632
great ending:0.627
doctors:0.615
island:0.60625
very interesting:0.60375
wistful:0.602
original:0.601
transformation:0.58825
feel-good:0.5865
pornography:0.586
understated:0.58125
solitude:0.56875
affectionate:0.56575
women:0.563
tear jerker:0.5625
dysfunctional family:0.56125
independent film:0.55575
gay character:0.54925
apocalypse:0.5485
light:0.5475
narrated:0.54725
grim:0.53325
divorce:0.531
parenthood:0.5265
wilderness:0.526
nocturnal:0.52525
catastrophe:0.52425
quirky:0.51475
bad ending:0.51275
road movie:0.4965
depressing:0.493
friendship:0.49
better than expected:0.489
mental illness:0.48825
visually appealing:0.48425
kids and family:0.48075
happy ending:0.47875
high school:0.47875
clever:0.472
intelligent:0.4685
beautifully filmed:0.46325
technology:0.46325
survival:0.4595
teens:0.458
childhood:0.45675
special:0.453
death:0.45225
marriage:0.45125
hip hop:0.4505
harsh:0.4435
witty:0.44325
drugs:0.43925
adventure:0.4385
good:0.435
story:0.43425
nudity (full frontal - brief):0.43225
inspirational:0.431
love story:0.43025
