fantasy:0.935
special effects:0.78225
fantasy world:0.72575
bad acting:0.70925
original:0.65675
silly:0.631
good versus evil:0.61575
so bad it's funny:0.60925
silly fun:0.6015
wizards:0.58925
cheesy:0.58675
fight scenes:0.57175
idiotic:0.54825
dragons:0.5455
weapons:0.51325
campy:0.51325
dialogue:0.5075
cult classic:0.4915
cool:0.43275
adventure:0.42975
predictable:0.429
camp:0.41725
magic:0.41575
catastrophe:0.4025
weird:0.394
mad scientist:0.389
mentor:0.3845
bad plot:0.37475
fun movie:0.3705
first contact:0.3645
great:0.35925
high fantasy:0.34625
computer game:0.34075
nerds:0.33975
not funny:0.3375
medieval:0.33325
unintentionally funny:0.32875
disaster:0.31875
ridiculous:0.3175
so bad it's good:0.316
entirely dialogue:0.31325
cult film:0.30975
muppets:0.307
awful:0.3045
lone hero:0.30375
finnish:0.30375
great ending:0.29975
low budget:0.29675
grindhouse:0.2965
80s:0.295
big budget:0.28925
brutality:0.28575
quirky:0.2845
witch:0.274
good dialogue:0.27375
surreal:0.27275
ninja:0.26375
nostalgic:0.26275
splatter:0.262
overrated:0.2605
enigmatic:0.26
immortality:0.26
death:0.25275
natural disaster:0.24925
dark fantasy:0.24825
pulp:0.247
fun:0.24375
storytelling:0.242
childhood:0.23925
vengeance:0.2385
quotable:0.23675
action:0.23425
unusual plot structure:0.22625
chase:0.22525
horrible:0.22275
hilarious:0.22025
feel-good:0.21975
slapstick:0.2195
adaptation:0.21725
very funny:0.21525
music:0.21275
made for tv:0.211
nostalgia:0.21
unlikely friendships:0.207
nocturnal:0.203
crude humor:0.2025
good:0.20225
bullying:0.2015
redemption:0.2005
destiny:0.1995
visual:0.1955
melancholic:0.1945
demons:0.19425
witches:0.19425
drinking:0.19075
parody:0.18975
computer animation:0.18925
life philosophy:0.188
stupid as hell:0.18775
guilty pleasure:0.18725
