alien:0.99075
virus:0.969
scifi:0.965
sci-fi:0.95275
robots:0.9495
sci fi:0.93825
cyborgs:0.92575
special effects:0.9215
robot:0.90775
aliens:0.88125
big budget:0.8555
science fiction:0.84275
first contact:0.8345
predictable:0.8135
bad plot:0.813
alien invasion:0.80975
bad acting:0.771
so bad it's funny:0.76425
space:0.76325
original:0.75825
based on a comic:0.756
irish accent:0.74075
silly fun:0.7335
clones:0.676
natural disaster:0.6375
space travel:0.61175
technology:0.61125
space opera:0.60125
bad script:0.59975
catastrophe:0.595
dialogue:0.581
monster:0.564
cloning:0.5635
runaway:0.56175
action:0.553
life philosophy:0.536
action packed:0.529
androids:0.528
bad cgi:0.51425
futuristic:0.5075
bad science:0.5025
idiotic:0.49775
pointless:0.49675
disaster:0.4895
lame:0.48925
horror:0.489
story:0.485
science:0.48475
monsters:0.47425
effects:0.4595
destiny:0.45825
suspense:0.44775
cheesy:0.447
horrible:0.4465
mentor:0.44575
survival:0.4455
great ending:0.44125
weapons:0.44075
brutality:0.4395
stupid as hell:0.42975
awful:0.4275
chase:0.426
computer game:0.42525
bad:0.41075
greed:0.40175
end of the world:0.4015
stupid:0.40075
entertaining:0.4005
humanity:0.398
plot holes:0.397
gore:0.39175
apocalypse:0.37225
good:0.36925
fight scenes:0.363
silly:0.36225
mad scientist:0.36175
mutants:0.3595
happy ending:0.3585
unintentionally funny:0.3575
scifi cult:0.3565
fantasy world:0.35375
boat:0.35175
family:0.34825
not funny:0.3465
overrated:0.346
entirely dialogue:0.34375
god:0.34275
violence:0.3415
cult film:0.33975
mars:0.33775
cool:0.3365
fantasy:0.3355
adaptation:0.334
creativity:0.3215
gory:0.32125
cgi:0.31525
computers:0.3145
fun movie:0.3135
ridiculous:0.3125
redemption:0.31025
