so bad it's funny:0.978
bad acting:0.88875
so bad it's good:0.88475
horrible:0.862
cult film:0.78575
awful:0.76725
original:0.75625
bad:0.6795
campy:0.65325
weird:0.6315
cult classic:0.6225
bad plot:0.6145
idiotic:0.56675
witch:0.5665
crappy sequel:0.547
dialogue:0.53575
camp:0.52625
unintentionally funny:0.507
splatter:0.507
mentor:0.4815
predictable:0.4685
ridiculous:0.46575
pointless:0.46375
zombie:0.4415
low budget:0.43875
family:0.4355
fantasy world:0.4345
overrated:0.434
entirely dialogue:0.43175
funny as hell:0.43
stupidity:0.4255
special effects:0.422
absurd:0.4025
dysfunctional family:0.401
grindhouse:0.38575
not funny:0.38425
bizarre:0.384
silly:0.38025
quirky:0.36325
destiny:0.35725
catastrophe:0.3515
great ending:0.3455
weapons:0.34425
good dialogue:0.339
surreal:0.3385
demons:0.33675
small town:0.327
culture clash:0.32625
fantasy:0.325
cheesy:0.3235
lame:0.317
first contact:0.3155
imdb top 250:0.314
lone hero:0.31325
brutality:0.30875
writers:0.30125
fight scenes:0.299
disaster:0.2985
goofy:0.29475
slapstick:0.2945
existentialism:0.29125
kids and family:0.287
family drama:0.28475
quotable:0.28375
criterion:0.28125
80s:0.27975
twist ending:0.27325
talky:0.27125
justice:0.27075
drinking:0.27075
insanity:0.2695
stupid as hell:0.267
childhood:0.2665
horror:0.2645
masterpiece:0.264
erotic:0.26175
fun:0.26125
life philosophy:0.26025
storytelling:0.26
multiple storylines:0.2545
adaptation:0.2545
satirical:0.2505
chase:0.24975
dreamlike:0.2495
mental illness:0.24775
redemption:0.24775
boring:0.24775
unfunny:0.247
very funny:0.2465
franchise:0.24325
natural disaster:0.23825
road movie:0.238
fun movie:0.23725
off-beat comedy:0.23625
sequel:0.234
passionate:0.23125
good soundtrack:0.22825
death:0.227
sci fi:0.22675
unlikely friendships:0.226
