bombs:0.983
world war ii:0.97925
wartime:0.9745
dramatic:0.9195
powerful ending:0.91825
wwii:0.899
weapons:0.87
historical:0.85475
factual:0.8225
history:0.80825
original:0.79575
space program:0.78875
intense:0.7675
germany:0.75975
us history:0.74525
military:0.70675
politics:0.692
complex:0.663
idealism:0.659
technology:0.6525
greed:0.634
interesting:0.62425
very interesting:0.62175
cult film:0.6195
narrated:0.608
science:0.6015
sacrifice:0.586
political:0.584
nuclear bomb:0.5805
great ending:0.5715
nazis:0.568
good:0.565
story:0.56175
true story:0.55475
catastrophe:0.5535
mentor:0.552
based on a book:0.54575
excellent script:0.53
1970s:0.5265
end of the world:0.52075
good soundtrack:0.51925
great movie:0.51725
cerebral:0.51425
intellectual:0.51275
plot:0.51125
drama:0.51075
corruption:0.497
dialogue:0.48175
cold war:0.48175
pornography:0.48075
great acting:0.4735
secrets:0.46675
based on book:0.4585
moral ambiguity:0.4575
brutality:0.457
forceful:0.4545
morality:0.4425
social commentary:0.44025
alternate endings:0.43275
island:0.424
great:0.421
betrayal:0.4195
nuclear:0.413
alternate history:0.41175
justice:0.4115
natural disaster:0.3985
adaptation:0.39825
not funny:0.39675
good acting:0.3955
distopia:0.395
german:0.392
adapted from:book:0.39125
suspense:0.391
clever:0.3905
culture clash:0.387
islam:0.387
war:0.383
revenge:0.379
runaway:0.37675
special:0.374
excellent:0.37225
intelligent:0.371
original plot:0.36925
pg-13:0.368
destiny:0.36575
russia:0.3655
storytelling:0.36225
ethnic conflict:0.36
crude humor:0.35775
race:0.35375
romance:0.35225
thought-provoking:0.352
sci fi:0.35075
suprisingly clever:0.34825
world politics:0.34775
talky:0.343
writers:0.339
irish accent:0.3385
redemption:0.334
civil war:0.33225
