stupid:0.93375
stupidity:0.907
funny as hell:0.902
idiotic:0.87975
comedy:0.866
bad plot:0.84825
goofy:0.7735
original:0.72175
so bad it's funny:0.71775
silly fun:0.6925
spoof:0.68925
horrible:0.68575
humorous:0.67925
dumb:0.67275
hilarious:0.67175
predictable:0.64975
funny:0.63925
stupid as hell:0.62925
slapstick:0.62475
dumb but funny:0.618
silly:0.60775
funniest movies:0.5885
ninja:0.55175
parody:0.5515
pointless:0.52375
weird:0.52275
stereotypes:0.51075
very funny:0.50775
bad acting:0.46425
catastrophe:0.45975
shallow:0.4515
saturday night live:0.44525
great ending:0.442
lame:0.437
bad:0.4355
mentor:0.43075
fantasy world:0.41375
mafia:0.39575
crude humor:0.39225
life philosophy:0.3845
overrated:0.38175
disaster:0.379
dialogue:0.37025
great:0.36475
ridiculous:0.3595
pornography:0.35375
brutality:0.34925
storytelling:0.34375
fight scenes:0.33575
gangsters:0.33475
family:0.32175
chase:0.3205
absurd:0.31975
first contact:0.319
adaptation:0.31825
fun movie:0.31675
destiny:0.31525
humor:0.31175
hunting:0.31175
story:0.309
jews:0.3005
fun:0.3
cinematography:0.3
crazy:0.29825
redemption:0.29775
stand-up comedy:0.29675
entirely dialogue:0.29475
big budget:0.2925
quirky:0.29175
allegory:0.2865
surreal:0.285
lone hero:0.28375
natural disaster:0.28375
cult classic:0.28375
vengeance:0.283
segregation:0.2785
culture clash:0.27725
unfunny:0.27675
bad ending:0.2745
good soundtrack:0.27025
nudity (topless - notable):0.269
stylized:0.26725
surrealism:0.266
melancholic:0.266
writers:0.26325
death:0.26175
island:0.26075
quotable:0.26
action:0.25925
unlikely friendships:0.258
cult film:0.2525
criterion:0.24925
nocturnal:0.249
good:0.246
awful:0.2445
pulp:0.24425
nudity (full frontal - brief):0.244
adventure:0.24375
male nudity:0.24325
blindness:0.2425
