rape:0.997
sexualized violence:0.98475
brutality:0.961
disturbing:0.94775
hard to watch:0.9385
splatter:0.9365
brutal:0.90875
pornography:0.907
controversial:0.906
revenge:0.893
violence:0.829
nudity (full frontal - notable):0.801
bloody:0.79575
sexual abuse:0.74975
violent:0.7495
cult film:0.7075
sexual:0.70525
vengeance:0.70525
gruesome:0.69675
original:0.6685
visceral:0.6595
harsh:0.61375
erotic:0.607
cult classic:0.58925
nudity:0.57825
grindhouse:0.57125
serial killer:0.56575
cannibalism:0.563
writers:0.5545
murder:0.5325
gory:0.532
torture:0.51975
vigilante:0.51825
justice:0.50275
kidnapping:0.501
campy:0.48425
vigilantism:0.48225
nudity (full frontal):0.47975
horror:0.4755
so bad it's funny:0.43825
slasher:0.4345
sexy:0.4225
pointless:0.41975
mentor:0.4075
grim:0.40675
catastrophe:0.4005
insanity:0.38225
gritty:0.37675
predictable:0.37425
teens:0.3735
camp:0.3725
censorship:0.3715
nudity (full frontal - brief):0.3645
graphic novel:0.3595
overrated:0.359
not funny:0.35775
weapons:0.3425
psychological:0.3315
demons:0.32975
great ending:0.32975
pulp:0.32875
dialogue:0.32775
male nudity:0.323
horrible:0.3205
good soundtrack:0.31725
bad plot:0.31625
adaptation:0.31425
first contact:0.30475
death:0.29975
goretastic:0.295
nudity (topless):0.2945
weird:0.29425
sex:0.29275
fantasy world:0.29225
solitude:0.29225
bullying:0.29175
low budget:0.29125
police investigation:0.29025
redemption:0.28975
intense:0.28525
enigmatic:0.281
entirely dialogue:0.2805
bad acting:0.2695
gratuitous violence:0.2665
nudity (topless - notable):0.2655
good dialogue:0.264
lone hero:0.261
unfunny:0.2565
guilt:0.253
suspense:0.2515
gore:0.25125
bdsm:0.25
too long:0.23875
boring:0.23775
melancholic:0.2325
psychology:0.222
stylized:0.22125
mad scientist:0.22075
scary:0.21925
fight scenes:0.215
