werewolves:0.999
werewolf:0.9935
bdsm:0.863
original:0.86225
horror:0.85275
predictable:0.74625
franchise:0.7455
pointless:0.71775
special effects:0.70625
bad acting:0.694
campy:0.688
sequels:0.683
horrible:0.66075
crappy sequel:0.659
nudity (topless):0.648
so bad it's funny:0.64575
awful:0.6385
fantasy world:0.61675
supernatural:0.61625
bad plot:0.6015
overrated:0.59475
cheesy:0.591
nudity (topless - notable):0.573
pornography:0.56125
great ending:0.54625
good soundtrack:0.54625
ridiculous:0.54475
bad cgi:0.54225
brutality:0.532
dialogue:0.52525
sexy:0.5225
bad:0.52
lame:0.5155
violence:0.511
idiotic:0.511
80s:0.49975
vampire:0.496
los angeles:0.495
splatter:0.4845
sequel:0.48325
scary:0.47575
weapons:0.4755
family:0.47325
first contact:0.46325
adaptation:0.46275
silly:0.462
cult film:0.4565
surreal:0.445
fight scenes:0.427
mentor:0.4235
quirky:0.42125
death:0.417
weird:0.41025
camp:0.4065
bloody:0.4055
erotic:0.39825
grindhouse:0.39475
entirely dialogue:0.393
writers:0.3915
revenge:0.3895
fantasy:0.386
stupid as hell:0.38525
demons:0.38475
nudity:0.376
teens:0.37575
storytelling:0.372
effects:0.371
slasher:0.37075
catastrophe:0.3665
sci fi:0.35675
goofy:0.34925
suspense:0.345
sexualized violence:0.344
action:0.34275
disaster:0.337
nocturnal:0.3345
lone hero:0.3345
not funny:0.334
fun:0.33375
boring:0.333
dreamlike:0.32275
redemption:0.32225
technology:0.32025
satirical:0.32
imdb top 250:0.319
magic:0.318
pulp:0.316
multiple storylines:0.3145
unintentionally funny:0.3125
stupid:0.309
remake:0.3075
blood:0.3065
twist ending:0.30575
unusual plot structure:0.298
light:0.2955
dysfunctional family:0.294
humorous:0.291
cult:0.2905
slapstick:0.288
justice:0.285
