love story:0.966
feel-good:0.95
romantic comedy:0.9285
romance:0.921
romantic:0.90075
feel good movie:0.88425
destiny:0.76675
life philosophy:0.738
drama:0.72325
fish:0.70575
mentor:0.68825
quirky:0.687
whimsical:0.67925
happy ending:0.67225
based on a book:0.669
politics:0.66675
original:0.659
catastrophe:0.65125
beautiful scenery:0.61025
middle east:0.5895
dialogue:0.56875
story:0.56525
predictable:0.5615
pg-13:0.5455
british:0.54275
sweet:0.52925
better than expected:0.52775
good acting:0.51725
sentimental:0.51375
good:0.50275
scotland:0.498
chick flick:0.4945
relationships:0.4855
heartwarming:0.4785
england:0.47475
political:0.4665
desert:0.4615
culture clash:0.4535
great:0.4475
dramatic:0.4405
based on book:0.4335
plot:0.43
adaptation:0.4215
writers:0.419
natural disaster:0.41475
love:0.414
cinematography:0.41025
greed:0.404
stereotypes:0.40375
passionate:0.3965
earnest:0.3915
underdog:0.3885
entertaining:0.38575
marriage:0.3855
touching:0.37875
girlie movie:0.37775
great ending:0.375
good romantic comedies:0.373
transformation:0.373
satirical:0.37075
very funny:0.36475
absurd:0.3635
thought-provoking:0.3625
inspirational:0.362
doctors:0.36175
so bad it's funny:0.3615
africa:0.35675
entirely dialogue:0.3525
true story:0.3495
unlikely friendships:0.348
science:0.34725
great acting:0.345
excellent script:0.34275
british comedy:0.33975
books:0.33975
bad plot:0.3335
storytelling:0.333
inspiring:0.333
comedy:0.32775
interesting:0.327
intellectual:0.327
environmental:0.326
witty:0.326
shallow:0.32575
friendship:0.32375
twists & turns:0.323
suprisingly clever:0.32275
emotional:0.3215
not funny:0.32025
adapted from:book:0.32
unusual plot structure:0.31975
midlife crisis:0.3095
atheism:0.3085
light:0.3085
life & death:0.3075
betrayal:0.3075
good soundtrack:0.30475
cute:0.30275
alternate endings:0.302
clever:0.29875
