twists & turns:0.86225
sexy:0.8435
murder:0.7895
neo-noir:0.78825
very interesting:0.73925
mystery:0.71
pulp:0.697
detective:0.69575
film noir:0.67725
nudity (topless - notable):0.67525
tricky:0.66575
plot twist:0.66225
original:0.66125
erotic:0.65575
pornography:0.6515
betrayal:0.64525
quirky:0.63875
cheating:0.634
thriller:0.629
melancholic:0.62125
sarcasm:0.613
so bad it's funny:0.60425
murder mystery:0.60075
queer:0.59775
twist ending:0.59325
clever:0.56025
dark comedy:0.5465
twist:0.537
police investigation:0.5315
predictable:0.52425
great ending:0.51325
catastrophe:0.497
black comedy:0.4965
dialogue:0.4765
light:0.4765
unusual plot structure:0.4455
cynical:0.445
obsession:0.437
nudity (full frontal - brief):0.434
fun movie:0.43375
nudity (full frontal - notable):0.4335
comedy:0.43025
secrets:0.41975
very funny:0.41625
suspense:0.414
mentor:0.4115
fantasy world:0.41075
noir:0.401
suspenseful:0.4005
life philosophy:0.3895
weird:0.389
natural disaster:0.385
silly:0.38275
witty:0.3825
dark humor:0.37225
humorous:0.36975
corruption:0.3695
entirely dialogue:0.36625
writers:0.36125
entertaining:0.3605
sexualized violence:0.35975
kidnapping:0.35525
first contact:0.35375
crime gone awry:0.351
storytelling:0.348
absurd:0.33875
pointless:0.335
adaptation:0.32925
heist:0.329
stylized:0.329
bad ending:0.32475
overrated:0.32325
stupidity:0.3225
adultery:0.3205
horrible:0.3205
interesting:0.31925
great:0.31825
las vegas:0.316
passionate:0.313
stage magic:0.3065
vengeance:0.3065
tense:0.303
boring!:0.30275
cinematography:0.29975
good:0.2985
oscar (best directing):0.29825
story:0.29775
crude humor:0.29675
unfunny:0.29375
plot holes:0.2935
funny:0.29025
splatter:0.28875
imdb top 250:0.288
death:0.288
brutality:0.28675
visually appealing:0.286
runaway:0.28475
not funny:0.283
male nudity:0.277
bad plot:0.277
