franchise:0.9895
action:0.98775
car chase:0.9555
explosions:0.912
action packed:0.89275
good action:0.88425
russia:0.876
lone hero:0.82475
chase:0.81325
predictable:0.76375
dialogue:0.752
plot holes:0.74475
bad plot:0.72775
pg-13:0.6935
original:0.67975
plot:0.67
vengeance:0.66775
big budget:0.62575
father son relationship:0.62525
weapons:0.567
bad cgi:0.5365
silly:0.5275
pointless:0.5085
great ending:0.48625
guns:0.48275
gunfight:0.4715
mentor:0.46675
bad script:0.45825
assassination:0.455
cia:0.44725
fast paced:0.43575
series:0.434
fight scenes:0.43275
hitman:0.43175
catastrophe:0.4275
assassin:0.427
special effects:0.42475
bad acting:0.4235
spy:0.4195
so bad it's funny:0.41125
absurd:0.40375
secret service:0.386
cars:0.38175
story:0.3765
superhero:0.37625
murder:0.3725
crude humor:0.36975
revenge:0.36975
betrayal:0.3665
spying:0.35725
fantasy world:0.34925
family drama:0.34525
superheroes:0.3405
life philosophy:0.34
entirely dialogue:0.33975
ridiculous:0.33825
unrealistic:0.3365
not funny:0.3285
no plot:0.3275
first contact:0.3265
bad ending:0.325
crappy sequel:0.318
script:0.316
brutality:0.3155
overrated:0.31225
storytelling:0.3105
pornography:0.31025
assassins:0.3025
super hero:0.29975
dysfunctional family:0.298
runaway:0.29425
sequel:0.29175
horrible:0.28725
unfunny:0.286
twists & turns:0.28575
better than expected:0.28175
stupid:0.27975
disaster:0.279
007:0.27525
exciting:0.27525
terrorism:0.2735
culture clash:0.2705
espionage:0.26475
natural disaster:0.259
adventure:0.25775
video game adaptation:0.2555
spies:0.251
destiny:0.24725
writers:0.24475
sequels:0.2435
cool:0.243
good dialogue:0.242
slapstick:0.238
happy ending:0.23775
violence:0.23675
family:0.2345
very funny:0.23225
adaptation:0.2305
unlikeable characters:0.2285
redemption:0.22825
