handycam:0.9905
superhero:0.97675
superheroes:0.96325
super hero:0.95625
bullying:0.94375
coming of age:0.9085
original:0.8865
adolescence:0.856
sci-fi:0.843
storytelling:0.833
fake documentary:0.828
pg-13:0.79975
special effects:0.7855
good soundtrack:0.75275
teen:0.735
story:0.72925
allegory:0.7135
teenagers:0.70625
science fiction:0.704
mentor:0.70325
great ending:0.69775
super-hero:0.69425
teenager:0.689
cool:0.6825
teens:0.677
destiny:0.676
scifi:0.6745
visually appealing:0.6745
weird:0.672
social commentary:0.664
powerful ending:0.65675
intense:0.64975
teen movie:0.64425
plot:0.6355
good:0.63275
fun movie:0.63125
high school:0.6275
action:0.6265
visually stunning:0.6225
clever:0.62075
realistic:0.6165
dialogue:0.61325
friendship:0.61325
good acting:0.6115
great:0.60025
coming-of-age:0.593
runaway:0.589
school:0.58875
original plot:0.5885
interesting:0.57975
bad ending:0.579
simple:0.56775
suspense:0.55875
sci fi:0.558
unlikely friendships:0.557
violence:0.542
surveillance:0.53775
redemption:0.53525
visual:0.5315
indie:0.529
childhood:0.52725
existentialism:0.50025
better than expected:0.49825
technology:0.49825
cinematography:0.49775
catastrophe:0.4965
loneliness:0.48825
great movie:0.4865
entertaining:0.48425
low budget:0.482
weapons:0.477
fantasy world:0.473
transformation:0.47025
life philosophy:0.454
stylized:0.448
adapted from:comic:0.4455
good versus evil:0.44425
geeks:0.44225
geek:0.43675
bad cgi:0.43625
effects:0.435
visuals:0.43125
fun:0.42175
twists & turns:0.41575
pornography:0.41225
cerebral:0.41175
plot holes:0.41125
vengeance:0.41025
thought-provoking:0.40875
apocalypse:0.40775
predictable:0.405
independent film:0.40425
violent:0.4
parallel universe:0.39875
solitude:0.398
big budget:0.397
very interesting:0.39525
brutality:0.3895
great acting:0.38825
creativity:0.387
