police investigation:0.70275
noir thriller:0.688
original:0.672
dysfunctional family:0.632
family:0.6145
life philosophy:0.6135
secrets:0.52075
disturbing:0.4965
family drama:0.4915
drama:0.4905
predictable:0.48475
complex:0.473
plot:0.46375
vengeance:0.4555
life & death:0.4545
story:0.45425
incest:0.44775
destiny:0.447
intense:0.44225
guilt:0.4285
catastrophe:0.42625
made for tv:0.4195
great ending:0.4025
dialogue:0.38325
texas:0.36425
mentor:0.359
first contact:0.35525
not funny:0.347
pg-13:0.3375
gritty:0.328
demons:0.32675
plot twist:0.3245
storytelling:0.32325
happy ending:0.32225
unusual plot structure:0.319
justice:0.31825
death:0.3085
twist ending:0.3055
solitude:0.30025
betrayal:0.29975
exceptional acting:0.29675
quirky:0.2935
brutality:0.289
excellent:0.28875
stereotypes:0.2885
original plot:0.28775
relationships:0.2775
classic car:0.27025
transformation:0.26825
lone hero:0.264
divorce:0.26175
writers:0.25475
fight scenes:0.25175
fantasy world:0.2505
overrated:0.25
entirely dialogue:0.24925
thriller:0.24875
action:0.24325
murder:0.2425
unfunny:0.24175
gothic:0.23925
good:0.238
romantic comedy:0.237
irish accent:0.23425
psychological:0.23425
mystery:0.23425
single father:0.233
runaway:0.22425
bad plot:0.21875
brothers:0.21825
alternate endings:0.216
weird:0.21325
violent:0.21
small town:0.20725
adaptation:0.2065
special effects:0.20525
light:0.204
melancholic:0.202
adventure:0.19975
thought-provoking:0.1985
slapstick:0.19775
girlie movie:0.19725
ominous:0.19675
good soundtrack:0.19675
psychology:0.19325
sexual:0.19275
blindness:0.192
imdb top 250:0.18975
weapons:0.18875
redemption:0.18825
romantic:0.188
very funny:0.18775
sexual abuse:0.187
twists & turns:0.186
ethnic conflict:0.1855
suspense:0.1855
macabre:0.185
harsh:0.18475
pointless:0.18325
oscar (best directing):0.18275
