family:0.90475
original:0.70825
animals:0.648
predictable:0.63825
fun:0.619
cute!:0.598
fun movie:0.59475
kids and family:0.572
adventure:0.53675
shark:0.519
kids:0.51825
childhood:0.514
children:0.49525
dolphins:0.49375
animal movie:0.46825
romance:0.46125
shallow:0.458
catastrophe:0.44675
mentor:0.44325
teen movie:0.428
dialogue:0.427
cute:0.4245
fantasy world:0.42225
light:0.42175
talking animals:0.4135
great:0.41225
adaptation:0.40325
cinematography:0.3995
unlikely friendships:0.3825
big budget:0.37325
natural disaster:0.36625
good:0.36325
bad plot:0.361
silly fun:0.359
heartwarming:0.35875
destiny:0.346
franchise:0.34425
holiday:0.34175
girlie movie:0.33925
romantic:0.33525
overrated:0.332
great ending:0.32575
fish:0.3235
friendship:0.31675
entertaining:0.314
life philosophy:0.31325
sweet:0.30825
cool:0.307
story:0.30425
culture clash:0.2995
multiple storylines:0.29875
not as good as the first:0.2955
adapted from:book:0.2945
first contact:0.2875
redemption:0.2845
happy ending:0.2835
awesome soundtrack:0.282
high fantasy:0.28175
remake:0.2815
quirky:0.281
special effects:0.28075
teens:0.27975
storytelling:0.2775
great movie:0.27325
chase:0.27175
teen:0.27175
underwater:0.26775
exciting:0.26775
feel-good:0.26775
not funny:0.266
brutality:0.26525
nudity (full frontal - brief):0.262
runaway:0.257
fight scenes:0.254
vengeance:0.25375
melancholic:0.24725
good soundtrack:0.247
visually stunning:0.24
pg-13:0.23875
divorce:0.23775
satirical:0.235
bad cgi:0.23425
original plot:0.2315
cult film:0.22725
family drama:0.2265
writers:0.2245
sentimental:0.22425
silly:0.22325
entirely dialogue:0.2225
very good:0.22175
script:0.2215
lone hero:0.221
comedy:0.21925
dog:0.2175
oscar (best directing):0.215
dreamlike:0.2145
gangsters:0.2145
slapstick:0.21425
oscar (best effects - visual effects):0.211
scenic:0.2105
