rock and roll:0.9845
drug addiction:0.972
punk:0.9695
drugs:0.9555
drug abuse:0.95375
criterion:0.94575
addiction:0.934
heroin:0.91225
sex:0.90375
biopic:0.89075
pornography:0.84475
cult classic:0.84425
original:0.8405
true story:0.82775
violent:0.825
amazing photography:0.798
good soundtrack:0.79775
obsession:0.78225
biography:0.7445
biographical:0.74325
brutality:0.72025
rebellion:0.71975
violence:0.7115
relationships:0.7085
drinking:0.6615
dark humor:0.65125
sexual:0.634
great ending:0.63275
sexy:0.629
weird:0.6215
based on a true story:0.62125
runaway:0.61375
factual:0.61375
stylish:0.60775
brutal:0.60725
love story:0.59775
love:0.59675
interesting:0.592
good music:0.58125
social commentary:0.57925
sexualized violence:0.5755
awesome soundtrack:0.56175
adapted from:book:0.5525
harsh:0.55175
honest:0.551
1970s:0.54675
highly quotable:0.5425
cult film:0.5425
grindhouse:0.54025
very interesting:0.53925
irreverent:0.539
musicians:0.53475
controversial:0.53225
loneliness:0.5265
death:0.526
nudity (topless):0.51175
insanity:0.511
talky:0.509
intense:0.50825
male nudity:0.50425
life philosophy:0.50325
new jersey:0.50075
dialogue:0.4995
gritty:0.4895
intimate:0.4875
cult:0.485
disturbing:0.48275
great movie:0.481
melancholic:0.47425
murder:0.47425
ironic:0.47275
hotel:0.47025
stylized:0.469
adaptation:0.46775
based on a book:0.45625
great soundtrack:0.45475
nudity (full frontal - notable):0.4535
depressing:0.45125
great:0.4475
narrated:0.43675
bloody:0.4355
storytelling:0.43175
very good:0.42725
dark:0.425
dark hero:0.42325
romance:0.42325
drama:0.42125
hip hop:0.4205
prostitution:0.41725
gunfight:0.417
quirky:0.4155
catastrophe:0.412
passionate:0.40875
culture clash:0.4085
nudity (full frontal - brief):0.40675
good:0.40475
oscar (best writing - screenplay written directly for the screen):0.404
blood:0.403
crime gone awry:0.4005
depression:0.39975
