dog:0.97225
disney:0.92625
dogs:0.908
family:0.86625
cute:0.8455
kids and family:0.791
happy ending:0.7895
chase:0.77875
sweet:0.76575
cute!:0.76
fairy tale:0.759
fun movie:0.756
underdog:0.746
great:0.7325
good:0.72275
fun:0.68325
animals:0.66575
action:0.65775
destiny:0.645
original:0.62925
cartoon:0.61425
finnish:0.58925
interracial romance:0.567
romantic comedy:0.566
stereotypes:0.564
disney animated feature:0.558
children:0.534
fashion:0.5335
mentor:0.53275
great ending:0.51125
good action:0.508
light:0.49375
switching places:0.49275
romantic:0.44925
entertaining:0.4445
plot:0.444
story:0.44225
simple:0.4355
great movie:0.4315
catastrophe:0.4275
life philosophy:0.42175
dialogue:0.41725
talking animals:0.40975
lone hero:0.40775
predictable:0.39725
alternate history:0.3965
family drama:0.39525
comedy:0.39475
animated:0.3925
silly fun:0.38775
marriage:0.38525
kids:0.38075
race:0.377
storytelling:0.3585
feel-good:0.35725
animation:0.348
vengeance:0.34
pg-13:0.337
doctors:0.336
suspense:0.33375
memory:0.33025
fight scenes:0.32775
san francisco:0.32375
sexy:0.32375
divorce:0.31825
silly:0.318
bad plot:0.31375
redemption:0.311
not funny:0.299
slapstick:0.29725
good soundtrack:0.2935
justice:0.29225
classic:0.29075
love story:0.28975
culture clash:0.289
identity:0.2875
funny:0.28675
police investigation:0.28425
racing:0.28325
childhood:0.281
snakes:0.27575
brutality:0.27425
clever:0.2725
classic car:0.27175
beautiful scenery:0.271
shopping:0.2705
crappy sequel:0.269
based on book:0.26625
weapons:0.26425
romance:0.2625
underrated:0.262
very funny:0.261
adventure:0.2595
secret service:0.258
kick-butt women:0.257
runaway:0.255
murder:0.24975
adoption:0.249
first contact:0.24875
adaptation:0.2485
