criterion:0.99275
silent:0.97725
talky:0.9485
masterpiece:0.91925
cinematography:0.91275
visual:0.89525
existentialism:0.884
loneliness:0.87125
hotel:0.8685
golden palm:0.8605
bleak:0.852
black and white:0.84525
breathtaking:0.835
greed:0.82925
enigmatic:0.829
storytelling:0.82525
imdb top 250:0.81825
1920s:0.81775
reflective:0.79575
melancholic:0.7865
german:0.784
downbeat:0.7575
beautifully filmed:0.7555
stunning:0.73875
oscar (best foreign language film):0.738
melancholy:0.71675
allegory:0.70475
poignant:0.68325
cerebral:0.6685
stylized:0.666
harsh:0.6515
suprisingly clever:0.63375
intimate:0.6325
nocturnal:0.6265
artistic:0.61325
classic:0.605
ironic:0.59475
original:0.594
meditative:0.5905
atmospheric:0.5895
affectionate:0.588
dreams:0.58525
tense:0.579
art:0.55475
weird:0.54775
happy ending:0.54575
gunfight:0.5455
moody:0.542
life & death:0.541
visually appealing:0.53125
visually stunning:0.51775
forceful:0.50325
runaway:0.49175
art house:0.49175
social commentary:0.4895
entirely dialogue:0.487
obsession:0.4855
culture clash:0.482
unusual plot structure:0.482
creativity:0.47525
cynical:0.47475
surreal:0.47275
photography:0.46675
foreign:0.463
dialogue:0.46175
amazing cinematography:0.45875
great cinematography:0.45725
first contact:0.4565
free to download:0.4555
light:0.455
dreamlike:0.45275
character study:0.447
environment:0.4405
transformation:0.43825
surrealism:0.4295
paranoid:0.42475
great:0.4205
claustrophobic:0.42
catastrophe:0.4195
solitude:0.41575
oscar (best actress):0.41575
colourful:0.405
grim:0.40425
visceral:0.40025
childhood:0.3985
crime gone awry:0.395
story:0.391
passionate:0.37875
perfect:0.376
macabre:0.3735
working class:0.36875
great ending:0.36675
thought-provoking:0.364
visuals:0.35875
narrated:0.3575
amazing photography:0.34925
eerie:0.3455
good soundtrack:0.34525
bittersweet:0.34275
tragedy:0.34275
