war:0.98175
war movie:0.9445
anti-war:0.90875
world war i:0.907
hospital:0.85275
best war films:0.80975
harsh:0.7555
grim:0.752
vietnam war:0.747
dramatic:0.7295
doctors:0.72075
bleak:0.70975
genocide:0.6905
psychological:0.68975
ethnic conflict:0.689
criterion:0.676
tragedy:0.673
original:0.65
black and white:0.643
breathtaking:0.632
brutality:0.632
heartbreaking:0.62775
downbeat:0.619
loneliness:0.61275
disturbing:0.61175
forceful:0.60625
poignant:0.60025
depressing:0.5985
social commentary:0.593
powerful ending:0.58375
vietnam:0.58225
reflective:0.58225
existentialism:0.58
sacrifice:0.573
talky:0.55575
oscar (best directing):0.55475
humanity:0.55425
emotional:0.55225
gulf war:0.54475
courage:0.543
masterpiece:0.5345
cinematography:0.52925
beautiful scenery:0.5055
idealism:0.50375
political:0.502
movielens top pick:0.48125
honest:0.481
cerebral:0.4785
amazing photography:0.47575
wartime:0.47375
stoner movie:0.47325
nudity:0.47025
underrated:0.46925
dreams:0.46825
good soundtrack:0.4665
memory:0.46225
adapted from:book:0.46
storytelling:0.45025
visceral:0.44725
very interesting:0.443
politics:0.44225
nudity (full frontal - notable):0.4355
insanity:0.433
suprisingly clever:0.4285
distopia:0.419
wwii:0.414
great:0.4085
sad:0.40525
catastrophe:0.404
narrated:0.4025
military:0.4015
hard to watch:0.399
atmospheric:0.397
based on book:0.3965
israel:0.394
controversial:0.39325
book:0.3925
mentor:0.3915
oscar (best foreign language film):0.39025
macabre:0.3875
surreal:0.3835
islam:0.37975
whimsical:0.37875
childhood:0.37725
touching:0.37425
culture clash:0.374
brutal:0.373
life & death:0.37225
thought-provoking:0.365
adaptation:0.3645
based on a book:0.3625
life philosophy:0.362
iraq:0.353
great acting:0.35075
weapons:0.34325
melancholic:0.34325
compassionate:0.34325
depression:0.3395
stylized:0.332
melancholy:0.3315
