transgender:0.96975
irish:0.937
ireland:0.93625
based on a book:0.892
irish accent:0.86425
london:0.8635
storytelling:0.851
cross dressing:0.8185
weird:0.73975
original:0.73625
unlikely friendships:0.719
life philosophy:0.7075
bleak:0.70575
visually appealing:0.687
loneliness:0.68425
whimsical:0.6795
depression:0.66675
life & death:0.6525
social commentary:0.64575
gay:0.643
melancholic:0.63975
mentor:0.62925
pornography:0.60575
artistic:0.60225
harsh:0.60225
surreal:0.59025
coming of age:0.58325
good soundtrack:0.57725
quirky:0.574
childhood:0.57225
tragedy:0.5695
bittersweet:0.549
music:0.547
cerebral:0.54575
character study:0.54575
brutality:0.5425
england:0.53975
vengeance:0.5335
independent film:0.53325
golden palm:0.531
destiny:0.52825
existentialism:0.528
coming-of-age:0.522
adaptation:0.521
criterion:0.516
life:0.51575
1970s:0.51325
grim:0.51325
eccentricity:0.51125
philosophy:0.51
narrated:0.50725
hospital:0.5055
friendship:0.5055
biographical:0.5005
fantasy world:0.49325
cinematography:0.48975
great ending:0.4875
story:0.48125
colourful:0.4765
visually stunning:0.47625
enigmatic:0.47575
melancholy:0.47325
drama:0.47175
solitude:0.46975
based on book:0.46975
best of 2005:0.4685
dark:0.46375
touching:0.4635
great soundtrack:0.46075
great acting:0.45825
runaway:0.45525
dramatic:0.454
homophobia:0.454
relationships:0.45125
feel-good:0.44
unusual plot structure:0.43875
violence:0.42925
sexual abuse:0.42625
women:0.421
obsession:0.42075
intimate:0.4175
creativity:0.4115
glbt:0.409
male nudity:0.407
oscar (best supporting actress):0.40475
violent:0.404
catastrophe:0.4035
redemption:0.40025
stylized:0.39825
suprisingly clever:0.3955
multiple storylines:0.392
nocturnal:0.39175
nudity (full frontal - notable):0.38925
complex:0.3875
drinking:0.3865
compassionate:0.3855
queer:0.38375
road movie:0.38375
identity:0.382
interesting:0.37925
