storytelling:0.9465
new york city:0.91025
technology:0.89175
visual:0.878
3d:0.87575
mentor:0.84525
happy ending:0.81275
destiny:0.77925
pg-13:0.76225
good soundtrack:0.7615
justice:0.76125
adventure:0.73575
special:0.7295
original:0.70625
first contact:0.7035
life:0.6915
visuals:0.6765
great ending:0.6755
ethnic conflict:0.66675
visually appealing:0.6585
historical:0.65225
new york:0.6355
beautifully filmed:0.6275
betrayal:0.62425
plot:0.614
breathtaking:0.60475
fantasy world:0.60375
finnish:0.586
romantic comedy:0.5825
visually stunning:0.581
shallow:0.57675
alternate history:0.5755
classic car:0.57475
story:0.5665
colourful:0.56525
underdog:0.5565
books:0.556
biographical:0.55475
sentimental:0.545
unlikely friendships:0.545
complex:0.529
fun movie:0.529
survival:0.5275
nostalgic:0.526
us history:0.52225
great movie:0.52175
alone in the world:0.5185
family:0.51725
revolution:0.51675
gory:0.512
creativity:0.50775
corruption:0.50675
brutality:0.50375
prejudice:0.49725
predictable:0.4935
great:0.49125
sad:0.48925
hospital:0.486
photography:0.48275
parallel universe:0.47925
secrets:0.4785
special effects:0.47225
utopia:0.47225
narrated:0.4635
redemption:0.46125
scenic:0.46025
based on a book:0.46025
beautiful:0.46
imagination:0.45775
action packed:0.45125
adapted from:book:0.45025
good:0.448
catastrophe:0.4475
unusual plot structure:0.44525
clever:0.445
stunning:0.44475
epic:0.4425
russia:0.43925
based on book:0.43775
adaptation:0.437
period piece:0.43675
light:0.4305
oscar (best directing):0.4295
nudity (full frontal - brief):0.42925
computer animation:0.42875
intense:0.42625
greed:0.42475
android(s)/cyborg(s):0.42375
rock and roll:0.4235
dialogue:0.423
courage:0.422
weapons:0.42175
lone hero:0.415
violence:0.4145
very interesting:0.4125
reflective:0.41075
philosophy:0.4095
earnest:0.4085
bullying:0.4085
russian:0.408
