insanity:0.92075
murder:0.894
horror:0.881
creepy:0.83825
macabre:0.82575
camp:0.778
police investigation:0.753
original:0.72525
suspense:0.695
runaway:0.6685
gruesome:0.64925
alternate endings:0.62825
slasher:0.61025
campy:0.60375
mental illness:0.58525
cult film:0.57875
mental hospital:0.56025
sexualized violence:0.5595
murder mystery:0.53625
brutality:0.53125
suspenseful:0.52175
criterion:0.51575
weird:0.51275
psychological:0.507
paranoid:0.5065
hitchcock:0.4945
mad scientist:0.4945
eerie:0.494
low budget:0.492
splatter:0.4805
fun movie:0.46425
obsession:0.463
gory:0.44625
cult classic:0.439
twist ending:0.42725
pornography:0.413
nudity (full frontal - notable):0.41175
oscar (best actress):0.411
life philosophy:0.39525
scary:0.37325
catastrophe:0.36975
psychiatrist:0.3665
great ending:0.36475
adultery:0.36075
haunted house:0.3605
doctors:0.36
mentor:0.3595
atmospheric:0.359
crazy:0.35125
serial killer:0.34575
twist:0.34175
quirky:0.3395
cult:0.33225
cheating:0.33225
censorship:0.32475
disturbing:0.31725
psychiatry:0.31575
dialogue:0.31475
ghosts:0.31375
revenge:0.31175
identity:0.31175
not funny:0.31
blood:0.306
oscar (best supporting actress):0.30475
surprise ending:0.301
melancholic:0.29525
bizarre:0.294
based on a play:0.2905
twists & turns:0.29
violence:0.289
farce:0.28475
predictable:0.2835
male nudity:0.2775
dark humor:0.27725
passionate:0.276
grim:0.27525
biting:0.273
sexy:0.26875
grindhouse:0.268
halloween:0.26575
demons:0.2645
feel-good:0.26325
plot twist:0.2625
transgender:0.26025
thriller:0.2555
visually appealing:0.2555
queer:0.25275
so bad it's funny:0.2495
road movie:0.24875
stylized:0.2455
vengeance:0.24425
guilt:0.24425
great:0.2435
surreal:0.24325
betrayal:0.24275
adaptation:0.23975
good soundtrack:0.2385
sisters:0.23725
brutal:0.23675
culture clash:0.235
