cyberpunk:0.9865
god:0.94775
immortality:0.94125
visual:0.94075
futuristic:0.93425
dystopia:0.934
visually stunning:0.899
cerebral:0.88125
surreal:0.88125
weird:0.88075
mythology:0.864
sci fi:0.85925
sci-fi:0.80375
cgi:0.7955
clones:0.78375
scifi:0.7605
original:0.755
technology:0.7395
very interesting:0.73875
enigmatic:0.731
computer animation:0.72925
visually appealing:0.72525
visuals:0.681
stylized:0.676
future:0.671
dreamlike:0.64825
storytelling:0.6425
existentialism:0.63475
science fiction:0.62375
first contact:0.61725
adapted from:comic:0.615
philosophical:0.6145
cloning:0.61425
humanity:0.6135
life & death:0.6125
graphic novel:0.609
new york city:0.6065
allegory:0.58375
mutants:0.581
computer game:0.55875
complex:0.55575
based on a comic:0.5515
philip k. dick:0.5435
story:0.53175
melancholic:0.51725
video game:0.517
pointless:0.5025
alternate reality:0.494
fantasy:0.493
surrealism:0.48975
bizarre:0.48925
space travel:0.4885
imagination:0.485
bad cgi:0.4745
stunning:0.47225
mindfuck:0.46325
creativity:0.462
catastrophe:0.44875
life philosophy:0.4485
strange:0.43225
artistic:0.429
absurd:0.428
dystopic future:0.42475
entirely dialogue:0.4215
solitude:0.421
alien:0.41975
adaptation:0.41025
plot:0.40725
artsy:0.4045
so bad it's funny:0.40375
bleak:0.4005
art:0.39875
lone hero:0.3965
cyborgs:0.395
dialogue:0.393
teleportation:0.39125
loneliness:0.3905
confusing:0.3825
writers:0.37175
philosophy:0.36675
transformation:0.36275
independent film:0.361
thought-provoking:0.36075
virtual reality:0.36025
not funny:0.35275
special effects:0.3495
police investigation:0.3495
androids:0.3485
art house:0.348
brutality:0.3465
suprisingly clever:0.3435
bad ending:0.34175
harsh:0.33975
new york:0.339
nocturnal:0.33675
mentor:0.33
3d:0.32875
cinematography:0.3245
interesting:0.3245
comic:0.32175
