beautifully filmed:0.91375
foreign:0.89875
china:0.876
artistic:0.84475
transgender:0.812
poignant:0.81175
culture clash:0.787
art:0.777
heartwarming:0.7485
friendship:0.748
touching:0.733
runaway:0.7325
oscar (best foreign language film):0.72925
1930s:0.7235
artist:0.723
secrets:0.7195
criterion:0.71625
movielens top pick:0.6765
opera:0.673
storytelling:0.666
beautiful:0.6645
cinematography:0.6645
dramatic:0.6605
adoption:0.6535
childhood:0.65125
story:0.65
unlikely friendships:0.64925
visually appealing:0.64075
allegory:0.6275
visual:0.61675
beautiful scenery:0.61475
visually stunning:0.61
reflective:0.604
great acting:0.60125
stunning:0.5875
breathtaking:0.58175
harsh:0.57575
original:0.57225
imdb top 250:0.56
children:0.55325
good acting:0.54875
oscar (best actress):0.53825
emotional:0.5325
sentimental:0.51725
based on true story:0.51525
mentor:0.505
drama:0.48975
tokyo:0.489
amazing photography:0.47725
monkey:0.475
unusual plot structure:0.47275
oscar (best supporting actress):0.4725
melancholic:0.465
atmospheric:0.4615
great:0.45575
corruption:0.45225
great ending:0.44925
poverty:0.443
transformation:0.4425
fantasy world:0.437
aging:0.43375
creativity:0.433
japan:0.42875
natural disaster:0.4275
enigmatic:0.425
assassination:0.42425
catastrophe:0.42225
suprisingly clever:0.41975
spanish:0.41875
compassionate:0.4175
life & death:0.417
masterpiece:0.41375
bittersweet:0.4125
male nudity:0.40075
earnest:0.40025
orphans:0.39175
morality:0.39075
not funny:0.38625
affectionate:0.384
meditative:0.38225
scenic:0.3815
loneliness:0.38025
self discovery:0.3795
cross dressing:0.3785
social commentary:0.373
humanity:0.37
bollywood:0.36825
oscar (best directing):0.3675
existentialism:0.3655
melancholy:0.36525
oscar:0.3645
good soundtrack:0.36175
hospital:0.36075
true story:0.3565
downbeat:0.352
passionate:0.35175
redemption:0.351
small town:0.343
nostalgic:0.3415
golden palm:0.34025
