assassin:0.996
sword fighting:0.98675
sword fight:0.98475
ninja:0.984
wuxia:0.973
based on a comic:0.96975
bloody:0.958
splatter:0.95675
action:0.9505
fight scenes:0.94175
japan:0.93025
violence:0.91925
mentor:0.91775
vengeance:0.91525
stylish:0.90475
assassins:0.90275
good action:0.90175
based on comic:0.892
violent:0.88375
graphic novel:0.88
assassination:0.863
gratuitous violence:0.8535
good soundtrack:0.85275
brutality:0.8435
dark hero:0.84
samurai:0.83325
martial arts:0.82775
visceral:0.822
cinematography:0.80775
fighting:0.7685
blood:0.76725
fast paced:0.767
gory:0.74925
original:0.74675
weapons:0.70975
cool:0.708
action packed:0.69975
superheroes:0.6915
storytelling:0.6835
stylized:0.68075
cult film:0.6725
comic book:0.67
goretastic:0.66275
tokyo:0.66075
japanese:0.65625
kung fu:0.656
revenge:0.63875
bad plot:0.6115
intense:0.6105
grindhouse:0.609
destiny:0.60575
hitman:0.587
super hero:0.567
pg-13:0.55875
visually appealing:0.54625
survival:0.53925
better than expected:0.53175
lone hero:0.52925
story:0.52725
brutal:0.518
runaway:0.516
pornography:0.515
cult classic:0.50625
good dialogue:0.504
social commentary:0.50025
amazing photography:0.498
good:0.482
visually stunning:0.47425
death:0.472
nudity (topless):0.4715
dialogue:0.47075
harsh:0.46725
sexualized violence:0.46475
wilderness:0.46125
male nudity:0.44625
vigilante:0.44425
realistic:0.4385
great ending:0.43675
adaptation:0.431
chase:0.4305
criterion:0.4285
nocturnal:0.42275
nudity (full frontal - notable):0.4225
visual:0.4205
transformation:0.41825
gunfight:0.41525
redemption:0.414
great:0.41175
classic car:0.408
stunning:0.4045
franchise:0.39575
murder:0.3955
sacrifice:0.39225
family drama:0.391
life philosophy:0.389
catastrophe:0.38875
breathtaking:0.38825
sexy:0.387
honest:0.37475
bad acting:0.3735
