best war films:0.9915
world war ii:0.99125
wwii:0.98925
war:0.966
russia:0.94975
wartime:0.93925
nazis:0.933
germany:0.929
russian:0.9085
love story:0.90175
historical:0.90025
dramatic:0.86725
german:0.863
suspense:0.837
us history:0.817
propaganda:0.8125
realistic:0.8005
sacrifice:0.7845
intense:0.78175
good:0.77775
brutality:0.77675
war movie:0.77525
history:0.77
love triangles:0.75075
great acting:0.743
courage:0.7375
fascism:0.73725
weapons:0.73575
brutal:0.72025
tense:0.71475
betrayal:0.71025
nazi:0.7075
original:0.7055
survival:0.70525
great movie:0.70325
good acting:0.6885
action:0.685
dialogue:0.67675
catastrophe:0.6725
drama:0.6705
spying:0.668
cold war:0.662
great ending:0.66025
story:0.66
forceful:0.65275
big budget:0.64375
politics:0.6405
epic:0.63925
pg-13:0.63425
excellent:0.6325
great:0.631
long:0.62975
plot:0.62075
based on true story:0.61925
vengeance:0.58875
violence:0.5845
end of the world:0.5805
enormously long battle scene:0.57175
interesting:0.57075
political:0.5705
beautiful scenery:0.5615
fighting:0.559
factual:0.55875
romance:0.548
cinematography:0.54575
idealism:0.54425
visceral:0.544
culture clash:0.54375
true story:0.54125
moral ambiguity:0.5345
corruption:0.5315
visually stunning:0.529
harsh:0.52825
mentor:0.52575
revenge:0.525
stereotypes:0.52275
destiny:0.51925
justice:0.51875
good soundtrack:0.5155
oscar (best directing):0.515
happy ending:0.51275
submarine:0.51025
very good:0.50875
honest:0.49825
amazing cinematography:0.49175
friendship:0.48375
british:0.469
powerful ending:0.466
better than expected:0.4635
based on a true story:0.4545
poland:0.45225
complex:0.448
special effects:0.443
unusual plot structure:0.441
visual:0.44075
romantic:0.43975
runaway:0.438
fight scenes:0.43625
secrets:0.436
unlikely friendships:0.434
