relationships:0.953
harsh:0.6365
independent film:0.6195
original:0.613
nudity (topless - notable):0.5875
nudity (topless):0.586
romance:0.58075
downbeat:0.5785
romantic:0.578
destiny:0.57075
loneliness:0.57025
multiple storylines:0.539
dialogue:0.5145
feel-good:0.50275
depression:0.494
intimate:0.48975
life philosophy:0.483
british comedy:0.4825
ensemble cast:0.48025
great ending:0.47775
feel good movie:0.476
happy ending:0.47
obsession:0.4605
gritty:0.45975
entirely dialogue:0.456
london:0.453
sexy:0.45225
realistic:0.45
quirky:0.4295
romantic comedy:0.42475
glbt:0.41075
bdsm:0.4065
shallow:0.40425
love story:0.39725
culture clash:0.39525
catastrophe:0.393
hotel:0.37875
melancholic:0.3775
witty:0.3775
queer:0.37325
period piece:0.3725
transformation:0.36625
betrayal:0.36175
erotic:0.36125
nudity (full frontal - notable):0.3585
heartbreaking:0.35775
writers:0.355
gay character:0.354
love:0.34725
redemption:0.34725
marriage:0.34675
bleak:0.3365
costume drama:0.333
nocturnal:0.33275
great:0.31975
awesome soundtrack:0.309
british:0.3065
light:0.3065
storytelling:0.30625
criterion:0.30575
mentor:0.30175
death:0.296
reflective:0.29025
women:0.29
sex:0.286
enigmatic:0.2845
brutality:0.28275
spanish:0.2805
male nudity:0.279
shopping:0.27525
runaway:0.275
pornography:0.27475
not funny:0.2745
adaptation:0.2725
adultery:0.2695
indie:0.26875
golden palm:0.26575
dysfunctional family:0.26425
oscar (best actress):0.26375
secrets:0.2575
good:0.2555
good soundtrack:0.25525
bittersweet:0.2535
no plot:0.2475
life & death:0.24725
social commentary:0.2445
drinking:0.24375
talky:0.2435
very funny:0.2415
humorous:0.2385
predictable:0.235
interracial romance:0.233
moral ambiguity:0.23125
passionate:0.2295
gory:0.2285
fun movie:0.2275
vengeance:0.22675
crime gone awry:0.22575
fantasy world:0.22375
touching:0.22175
