political:0.997
politics:0.995
world politics:0.991
interracial romance:0.97625
hip hop:0.91375
satire:0.913
satirical:0.9085
corruption:0.87
greed:0.81725
free speech:0.81025
original:0.7855
propaganda:0.7495
corporate america:0.7095
social commentary:0.68475
political corruption:0.6745
comedy:0.667
thought-provoking:0.64825
california:0.64325
manipulation:0.6245
capitalism:0.618
idealism:0.61275
drama:0.60125
oil:0.5875
controversial:0.582
stereotypes:0.57125
conspiracy theory:0.55375
very interesting:0.55025
interesting:0.546
natural disaster:0.533
midlife crisis:0.52875
very funny:0.52775
life & death:0.52425
funny:0.52025
pornography:0.5195
absurd:0.51575
honest:0.50975
twists & turns:0.509
dialogue:0.49625
paranoia:0.49475
brutality:0.49425
brainwashing:0.494
sarcasm:0.492
great ending:0.482
good soundtrack:0.47975
business:0.47875
culture clash:0.47425
jews:0.46075
conspiracy:0.4465
catastrophe:0.44525
homeless:0.43375
destiny:0.43375
talky:0.4285
good:0.42725
black comedy:0.424
great:0.42075
clever:0.4155
fascism:0.4145
mentor:0.40775
entertaining:0.406
cynical:0.4055
humorous:0.40425
melancholic:0.39475
intelligent:0.392
biting:0.38975
dramatic:0.3895
nudity (full frontal - brief):0.38
president:0.3725
drugs:0.37025
fighting the system:0.36975
assassination:0.36975
irreverent:0.36925
criterion:0.36775
bad ending:0.36625
gangsters:0.366
very good:0.36125
witty:0.359
paranoid:0.3565
enigmatic:0.35375
harsh:0.35275
suprisingly clever:0.3525
race issues:0.3515
depression:0.347
morality:0.34575
story:0.34575
complex:0.3455
product placement:0.3425
visually appealing:0.34225
hilarious:0.3355
adaptation:0.33525
censorship:0.33425
runaway:0.3325
great movie:0.33125
stylized:0.3225
storytelling:0.32125
foul language:0.31775
eccentricity:0.3085
hard to watch:0.30825
unfunny:0.3055
predictable:0.30475
prejudice:0.30225
