football:0.98925
violence:0.96125
soccer:0.92475
london:0.91075
england:0.87225
mentor:0.8645
violent:0.859
gangs:0.8235
good soundtrack:0.8225
brutality:0.77625
drinking:0.772
fight scenes:0.7695
life philosophy:0.746
friendship:0.74075
original:0.722
justice:0.721
intense:0.70075
good:0.69825
unrealistic:0.69425
betrayal:0.692
realistic:0.691
revenge:0.6865
pg-13:0.676
british:0.66825
social commentary:0.65275
fighting:0.64675
gritty:0.64075
dialogue:0.63825
great acting:0.63075
interesting:0.61575
brutal:0.6155
undercover cop:0.6125
good acting:0.6065
plot:0.60575
harsh:0.58825
drama:0.58325
queer:0.57
vengeance:0.55875
gangsters:0.55675
redemption:0.545
stereotypes:0.544
great ending:0.54325
great movie:0.54125
sports:0.5395
corruption:0.5375
bloody:0.52875
unlikely friendships:0.514
skinhead:0.50675
awesome soundtrack:0.502
relationships:0.50075
very good:0.48925
great soundtrack:0.48675
excellent:0.48225
stylized:0.476
gratuitous violence:0.46925
fun movie:0.468
pornography:0.466
honest:0.46425
drugs:0.46275
happy ending:0.45875
catastrophe:0.45775
shallow:0.45525
prejudice:0.454
culture clash:0.45375
cool:0.4525
entertaining:0.45025
journalism:0.45
action:0.4465
great:0.44275
clever:0.43925
race issues:0.437
excellent script:0.43475
male nudity:0.4275
entirely dialogue:0.426
independent film:0.42525
storytelling:0.42
dark hero:0.41925
story:0.418
fun:0.41425
feel-good:0.4125
beer:0.41175
feel good movie:0.4105
best of 2005:0.41
underdog:0.40625
crime gone awry:0.4025
visceral:0.40175
gangster:0.39975
grindhouse:0.39875
runaway:0.3975
torture:0.3965
cult classic:0.39275
adaptation:0.388
gory:0.3875
good dialogue:0.3875
blood:0.3845
factual:0.3795
suspense:0.3775
sexualized violence:0.37125
very interesting:0.36575
predictable:0.36475
