dark humor:0.96975
dark comedy:0.956
black comedy:0.907
satire:0.89075
foul language:0.8285
sarcasm:0.8265
comedy:0.806
satirical:0.801
original:0.78775
funny:0.75675
weird:0.73175
absurd:0.71475
off-beat comedy:0.69875
hilarious:0.68925
cult film:0.681
funny as hell:0.64575
mentor:0.61975
very funny:0.5975
humorous:0.59075
great ending:0.587
dialogue:0.581
clever:0.5755
corruption:0.57275
greed:0.54325
unfunny:0.5205
cult classic:0.51425
good soundtrack:0.50725
insanity:0.505
dark:0.50475
great:0.5025
violence:0.492
hit men:0.48975
television:0.48725
catastrophe:0.4785
pornography:0.47175
dysfunctional family:0.466
stylized:0.463
noir thriller:0.46
gangsters:0.45725
irreverent:0.44875
fantasy world:0.44775
humor:0.44425
crime gone awry:0.44425
brutality:0.441
adaptation:0.43775
quirky:0.427
crude humor:0.421
clowns:0.418
obsession:0.4105
storytelling:0.40775
parody:0.4
good:0.3985
revenge:0.3985
quotable:0.3905
cerebral:0.38875
bizarre:0.3855
underrated:0.38
vengeance:0.379
children:0.37625
great movie:0.36975
great acting:0.3625
macabre:0.36125
harsh:0.3575
mob:0.35575
organized crime:0.35475
splatter:0.35425
bad plot:0.353
plot twist:0.35025
allegory:0.35025
whimsical:0.35
entirely dialogue:0.34725
cynical:0.3455
death:0.345
goofy:0.34375
fun movie:0.342
witty:0.342
bad ending:0.34175
complex:0.33675
pg-13:0.33625
unusual plot structure:0.33475
social commentary:0.3295
twists & turns:0.3295
redemption:0.328
sexualized violence:0.32725
irish:0.327
predictable:0.32525
interesting:0.32175
life philosophy:0.319
multiple storylines:0.31825
fun:0.31375
so bad it's funny:0.31275
writers:0.31225
cinematography:0.31225
entertaining:0.31125
narrated:0.31
runaway:0.3055
funniest movies:0.3045
crazy:0.3005
melancholic:0.29675
honest:0.29625
