comedy:0.948
road trip:0.89325
horrible:0.7695
dumb:0.75025
crude humor:0.7465
drinking:0.72925
so bad it's funny:0.7115
parody:0.7105
foul language:0.70425
silly:0.70325
bad plot:0.70175
original:0.6955
dialogue:0.679
predictable:0.62425
shallow:0.60375
hilarious:0.59125
mentor:0.591
stereotypes:0.58825
pornography:0.58775
drugs:0.58475
college:0.58425
stupid:0.56675
teen movie:0.5595
stupid as hell:0.5515
plot:0.54825
idiotic:0.5455
unfunny:0.54
sex:0.539
betrayal:0.53675
funny:0.53525
stupidity:0.526
high school:0.5235
great ending:0.5115
absurd:0.51125
bad ending:0.50925
good soundtrack:0.48875
catastrophe:0.4855
humorous:0.4845
bad acting:0.4525
dumb but funny:0.44525
brutality:0.4395
sexy:0.41975
slapstick:0.414
enormously long battle scene:0.40975
ridiculous:0.4095
sexual:0.3995
runaway:0.398
redemption:0.3945
nudity (topless - notable):0.39325
satire:0.39225
very funny:0.391
pg-13:0.38675
first contact:0.3865
nudity (topless):0.38625
chase:0.3855
notable nudity:0.38525
life philosophy:0.3825
fun movie:0.382
stoner movie:0.3815
awful:0.3805
funny as hell:0.375
storytelling:0.3745
lawyer:0.37225
quotable:0.36925
better than expected:0.36325
road movie:0.3585
waste of time:0.354
culture clash:0.346
destiny:0.346
fight scenes:0.34025
greed:0.33875
entirely dialogue:0.3385
unlikeable characters:0.3385
revenge:0.33825
pointless:0.33675
lame:0.33625
male nudity:0.335
overrated:0.33325
life & death:0.33275
criterion:0.33175
fun:0.33
violence:0.32925
corruption:0.32275
no plot:0.3215
adaptation:0.32125
lone hero:0.3165
cheating:0.31425
relationships:0.3135
twists & turns:0.31325
vengeance:0.31325
bad:0.31025
irreverent:0.309
goofy:0.3085
humor:0.307
cerebral:0.30475
harsh:0.3025
existentialism:0.30125
sexuality:0.29725
adapted from:book:0.297
god:0.29625
