stunning:0.894
love story:0.88925
cinematography:0.88825
beautiful scenery:0.87925
storytelling:0.847
story:0.8245
beautiful:0.7725
good soundtrack:0.76975
19th century:0.76975
based on a book:0.76025
beautifully filmed:0.75875
scenic:0.70325
fantasy world:0.68925
great ending:0.6865
narrated:0.68275
destiny:0.68075
breathtaking:0.67575
literature:0.66725
harsh:0.66525
romantic:0.6295
england:0.609
passionate:0.60575
original:0.605
visually stunning:0.5985
doctors:0.595
high fantasy:0.591
dialogue:0.58775
catastrophe:0.57175
romance:0.56975
imagination:0.55525
underrated:0.551
amazing photography:0.55
brutality:0.545
special effects:0.543
android(s)/cyborg(s):0.533
visually appealing:0.53025
transformation:0.52425
loneliness:0.522
simple:0.5135
visual:0.51225
life:0.51175
emotional:0.5115
christian:0.5105
humanity:0.50575
colourful:0.505
redemption:0.49525
shallow:0.49375
absurd:0.489
life & death:0.48475
complex:0.477
drinking:0.477
jane austen:0.4755
suprisingly clever:0.46975
allegory:0.46375
weird:0.45275
mentor:0.4505
whimsical:0.4505
melancholic:0.44825
special:0.441
gunfight:0.4395
first contact:0.4365
fashion:0.43475
sad:0.43325
good:0.4325
culture clash:0.42925
creativity:0.426
silly:0.425
adaptation:0.425
british:0.42375
justice:0.42325
excellent:0.42075
great cinematography:0.4185
nudity (full frontal - brief):0.41075
writers:0.41
teen:0.40875
independent film:0.4085
golden palm:0.4085
photography:0.40525
art:0.39875
poetry:0.39775
costume drama:0.3955
clever:0.3935
crude humor:0.389
obsession:0.38825
adventure:0.38725
great:0.38675
thought-provoking:0.386
existentialism:0.381
not funny:0.37925
moral ambiguity:0.37825
love:0.37775
feel good movie:0.3715
poland:0.367
entirely dialogue:0.3615
runaway:0.36075
life philosophy:0.35875
adapted from:book:0.35075
plot:0.3505
fairy tale:0.34925
unusual plot structure:0.349
