surreal:0.997
surrealism:0.996
dreams:0.97125
weird:0.94375
artistic:0.9395
dreamlike:0.9295
masterpiece:0.92175
enigmatic:0.838
criterion:0.83125
imagination:0.80025
disturbing:0.7985
art:0.777
cerebral:0.77425
insanity:0.773
art house:0.76775
talky:0.764
golden palm:0.76125
original:0.74425
censorship:0.731
black and white:0.724
bizarre:0.71725
artist:0.7135
visual:0.69625
lynch:0.69575
strange:0.686
pornography:0.68475
absurd:0.682
mindfuck:0.6765
visceral:0.674
social commentary:0.66975
runaway:0.666
existentialism:0.66425
obsession:0.65875
psychological:0.65025
silent:0.64425
imdb top 250:0.6395
breathtaking:0.636
non-linear:0.621
storytelling:0.6155
visually appealing:0.6135
classic:0.60225
hallucinatory:0.60075
intimate:0.60075
intellectual:0.59575
reflective:0.57525
creativity:0.565
brutality:0.55725
stylized:0.55425
suprisingly clever:0.5505
very interesting:0.545
psychology:0.54375
meditative:0.53775
1920s:0.53325
cult film:0.526
short:0.524
life & death:0.51025
atmospheric:0.5085
violent:0.5015
melancholy:0.501
1930s:0.50025
eerie:0.4965
cult classic:0.49025
narrated:0.48175
interesting:0.481
complex:0.47225
melancholic:0.46875
violence:0.46825
nonlinear:0.464
artsy:0.46375
dialogue:0.46325
ominous:0.46275
paranoid:0.45925
childhood:0.45575
surveillance:0.4425
unusual plot structure:0.44075
confusing:0.44
bleak:0.44
great ending:0.43925
whimsical:0.439
allegory:0.4375
rebellion:0.42775
death:0.42325
highly quotable:0.41825
twists & turns:0.41325
dark:0.40875
loneliness:0.4075
good soundtrack:0.4065
hotel:0.40575
nocturnal:0.4045
controversial:0.4015
sexual:0.3965
sexualized violence:0.39425
visually stunning:0.394
distopia:0.394
philosophical:0.38775
mentor:0.387
harsh:0.38375
catastrophe:0.38025
poetry:0.375
nudity (full frontal - notable):0.37325
