business:0.99675
greed:0.97825
corporate america:0.96525
capitalism:0.956
documentary:0.945
corruption:0.91225
politics:0.8955
propaganda:0.8455
political corruption:0.8315
political:0.814
shopping:0.81
environmental:0.75875
original:0.73825
manipulation:0.72225
surveillance:0.71275
family:0.71275
very interesting:0.71275
journalism:0.698
good:0.6895
factual:0.6755
lawyers:0.673
social commentary:0.67225
conspiracy:0.661
interesting:0.65775
internet:0.607
world politics:0.60425
catastrophe:0.58725
criterion:0.58
california:0.58
oil:0.56375
pornography:0.5635
lawyer:0.54825
canada:0.5475
small town:0.5355
educational:0.5335
happy ending:0.5315
feel-good:0.508
girlie movie:0.503
mentor:0.489
cheating:0.4885
secrets:0.48175
great ending:0.4745
honest:0.471
iraq war:0.4685
brainwashing:0.4665
iraq:0.4575
natural disaster:0.44525
money:0.44425
censorship:0.44225
excellent script:0.439
not funny:0.434
environment:0.41725
narrated:0.416
technology:0.41425
destiny:0.4115
dialogue:0.40475
betrayal:0.40375
idealism:0.397
culture clash:0.39675
movie business:0.39475
islam:0.392
so bad it's funny:0.38225
pg-13:0.38
entertaining:0.37575
radio:0.3745
story:0.3695
guilt:0.36375
fashion:0.36275
murder:0.36275
crime:0.36
oscar (best directing):0.35175
clever:0.35125
bad ending:0.34975
better than expected:0.34775
shallow:0.344
horrible:0.34
based on true story:0.33775
graphic design:0.33725
life philosophy:0.33675
suprisingly clever:0.335
hip hop:0.33475
free to download:0.33
police investigation:0.329
good soundtrack:0.327
adaptation:0.3265
christian:0.3245
courtroom:0.32425
sacrifice:0.3215
feel good movie:0.3215
great:0.3195
complex:0.3165
adapted from:book:0.31575
predictable:0.314
oscar winner:0.31225
us history:0.312
conspiracy theory:0.311
visually appealing:0.308
storytelling:0.30675
light:0.30625
oscar (best actress):0.30425
