sci-fi:0.99575
immortality:0.98775
scifi:0.9445
sci fi:0.934
science fiction:0.9195
action:0.8685
futuristic:0.85725
mad scientist:0.8345
life & death:0.81825
technology:0.79
original:0.77725
new orleans:0.7725
plot holes:0.76975
twists & turns:0.74975
pg-13:0.74425
cancer:0.731
science:0.72125
fight scenes:0.70975
action packed:0.7035
first contact:0.686
destiny:0.67825
memory:0.672
catastrophe:0.66625
predictable:0.636
plot:0.63
philosophical:0.6265
clones:0.62425
future:0.62
philip k. dick:0.61
car chase:0.5955
fast paced:0.58475
chase:0.583
cloning:0.57625
cerebral:0.5705
great:0.566
suspense:0.55875
mentor:0.55375
story:0.5465
so bad it's funny:0.544
visually appealing:0.5405
transformation:0.5295
creativity:0.52825
good acting:0.528
natural disaster:0.51875
very interesting:0.51275
melancholic:0.50825
survival:0.50775
android(s)/cyborg(s):0.506
existentialism:0.5055
good action:0.4975
life philosophy:0.49075
dystopia:0.4795
dystopic future:0.4785
complex:0.47525
entertaining:0.475
mars:0.4725
cool:0.4715
humanity:0.4645
thriller:0.46275
redemption:0.461
death:0.45775
identity:0.44725
internet:0.446
plot twist:0.4445
life:0.436
great ending:0.4255
big budget:0.42125
solitude:0.421
good:0.4185
special effects:0.409
not funny:0.3965
visual:0.3845
dialogue:0.3805
better than expected:0.376
time:0.374
twist ending:0.37075
superheroes:0.36975
fountain of youth:0.36975
enigmatic:0.35575
post-apocalyptic:0.34875
artificial intelligence:0.34675
bad acting:0.3465
silly:0.34475
bad science:0.34225
bad cgi:0.341
sacrifice:0.3375
surveillance:0.3335
tricky:0.3285
thought-provoking:0.3265
drama:0.325
amnesia:0.32325
bad plot:0.31975
utopia:0.3195
based on a book:0.31675
storytelling:0.31225
beautiful scenery:0.305
visually stunning:0.3035
happy ending:0.30325
bad ending:0.30175
distopia:0.3015
