sports:0.99475
baseball:0.9895
mentor:0.733
comedy:0.71725
original:0.672
predictable:0.6555
redemption:0.64425
fun movie:0.61425
new jersey:0.581
football:0.55325
feel-good:0.5355
pg-13:0.47675
happy ending:0.453
inspirational:0.4495
great ending:0.42925
very funny:0.429
entertaining:0.42225
dialogue:0.4145
feel good movie:0.41375
silly fun:0.4105
catastrophe:0.3975
family:0.395
life philosophy:0.394
story:0.38375
underdog:0.38
unfunny:0.379
fantasy:0.37825
fun:0.37675
basketball:0.3745
bad plot:0.37025
first contact:0.36125
destiny:0.36075
funny:0.3565
great:0.35575
brutality:0.342
slapstick:0.34175
racing:0.3375
fantasy world:0.33675
sacrifice:0.3305
fight scenes:0.32525
melancholic:0.32425
olympics:0.322
good:0.3175
so bad it's funny:0.31675
franchise:0.31675
buddy movie:0.31175
runaway:0.3085
greed:0.30525
light:0.305
silly:0.30325
creativity:0.29775
not funny:0.2935
storytelling:0.29
culture clash:0.288
pointless:0.28525
goofy:0.285
video game:0.28325
writers:0.27625
great movie:0.27625
overrated:0.27525
good soundtrack:0.27
entirely dialogue:0.2695
adaptation:0.26775
mad scientist:0.26575
vengeance:0.265
lone hero:0.26475
immortality:0.26375
transformation:0.2615
justice:0.257
suspense:0.25675
natural disaster:0.24575
pornography:0.245
crude humor:0.24375
chase:0.24375
computer animation:0.24
great acting:0.2345
childhood:0.2325
sci fi:0.22675
clever:0.2245
police investigation:0.22425
humorous:0.223
shallow:0.2195
adapted from:book:0.21925
devil:0.2185
drama:0.218
criterion:0.2155
quirky:0.21475
golf:0.21275
aging:0.2125
gangsters:0.21025
drinking:0.20925
alter ego:0.20525
unusual plot structure:0.2045
good action:0.2025
teen movie:0.20125
death:0.20075
pulp:0.19875
product placement:0.198
race:0.19775
sexy:0.19725
