romantic comedy:0.9985
romantic:0.98075
chick flick:0.979
girlie movie:0.93525
pregnancy:0.93425
romance:0.909
happy ending:0.88325
good romantic comedies:0.83925
relationships:0.81725
marriage:0.78075
predictable:0.776
sweet:0.771
so bad it's funny:0.746
love story:0.7095
comedy:0.65
funny:0.62325
original:0.619
teen movie:0.61625
shopping:0.59725
silly:0.583
cute:0.58225
love:0.57175
dialogue:0.54575
women:0.534
wedding:0.50625
bad acting:0.506
hawaii:0.50575
bad plot:0.496
doctors:0.4815
catastrophe:0.481
cute!:0.477
feel-good:0.462
lame:0.46025
parenthood:0.45925
crude humor:0.456
very funny:0.44025
unfunny:0.435
feel good movie:0.41625
writers:0.38625
destiny:0.38025
sexy:0.379
bad:0.3765
interracial romance:0.373
overrated:0.364
family:0.3615
pg-13:0.35375
pornography:0.353
natural disaster:0.3415
male nudity:0.33875
divorce:0.33825
good soundtrack:0.3355
idiotic:0.33525
disaster:0.329
not funny:0.3285
bdsm:0.32825
internet:0.30625
fantasy world:0.3035
teen:0.3035
ridiculous:0.30225
nudity (rear):0.2985
nudity (full frontal - brief):0.2925
great ending:0.29175
first contact:0.29025
brutality:0.28875
entirely dialogue:0.28775
wine:0.28575
mentor:0.283
better than expected:0.281
awful:0.281
runaway:0.279
life philosophy:0.27425
quirky:0.27075
absurd:0.27025
beautiful scenery:0.261
lone hero:0.26025
slapstick:0.25125
cheating:0.24925
teens:0.245
cheesy:0.24275
erotic:0.23825
sex:0.23825
horrible:0.23725
new jersey:0.23575
fashion:0.23275
culture clash:0.23225
new york city:0.23175
light:0.2315
adoption:0.2305
fight scenes:0.2245
unrealistic:0.224
boring:0.2235
dreams:0.223
pointless:0.21625
stupid:0.21575
transformation:0.21425
watch the credits:0.2135
storytelling:0.21225
entertaining:0.21225
stereotypes:0.2105
death:0.2085
