runaway:0.8615
criterion:0.806
secrets:0.79475
foreign:0.792
utopia:0.78325
desert:0.7825
chase:0.7705
childhood:0.77025
original:0.72175
adapted from:book:0.7145
comedy:0.7105
story:0.70875
great movie:0.7025
storytelling:0.699
enigmatic:0.69075
silent:0.6875
nostalgic:0.68425
melancholic:0.678
good:0.67125
visual:0.65425
dialogue:0.63425
screwball comedy:0.63225
courage:0.63225
wartime:0.61475
poignant:0.60575
1920s:0.6035
classic:0.60125
pornography:0.60025
amazing photography:0.58775
light:0.581
adaptation:0.57375
cerebral:0.56975
suspense:0.56575
adventure:0.562
existentialism:0.55925
masterpiece:0.55575
screwball:0.555
great ending:0.552
clever:0.552
talky:0.5505
1930s:0.536
tragedy:0.5345
breathtaking:0.534
earnest:0.5325
artistic:0.523
slapstick:0.52225
cinematography:0.52025
sci fi:0.5195
reflective:0.50925
paris:0.5065
romantic:0.49925
french:0.49675
beautifully filmed:0.49575
france:0.49225
justice:0.49075
family drama:0.489
allegory:0.489
very funny:0.488
island:0.48775
suprisingly clever:0.48475
scenic:0.4735
culture clash:0.47075
catastrophe:0.4615
visually stunning:0.458
fairy tale:0.45775
distopia:0.4575
unusual plot structure:0.45725
farce:0.4515
oscar (best directing):0.447
idealism:0.446
suicide:0.445
surreal:0.44425
death:0.44125
intimate:0.43575
oscar (best effects - visual effects):0.43225
murder:0.4285
first contact:0.42575
imdb top 250:0.42125
atmospheric:0.42
visually appealing:0.41525
original plot:0.41075
drinking:0.40775
hotel:0.40625
hospital:0.399
complex:0.3975
great:0.395
realistic:0.392
sexual abuse:0.3915
simple:0.39025
dreamlike:0.388
redemption:0.38775
beautiful scenery:0.3855
horses:0.38475
destiny:0.3815
gunfight:0.38075
fast paced:0.37775
mystery:0.37475
spanish:0.374
based on a book:0.37325
bleak:0.36375
