adolescence:0.9035
independent film:0.90225
good soundtrack:0.86125
loneliness:0.8415
controversial:0.816
original:0.8005
redemption:0.7935
sexual:0.788
coming-of-age:0.7765
coming of age:0.7745
directorial debut:0.7685
brutality:0.75525
complex:0.733
gay character:0.73125
disturbing:0.71825
single father:0.70325
runaway:0.703
great ending:0.6965
suburbia:0.6925
mentor:0.688
social commentary:0.6855
gay:0.6845
sexual abuse:0.68375
unlikely friendships:0.681
pornography:0.67725
harsh:0.6705
friendship:0.66925
california:0.655
storytelling:0.64925
enigmatic:0.64425
teen:0.6395
sexuality:0.619
complex characters:0.59925
manipulation:0.59825
relationships:0.5965
teenager:0.59025
weird:0.57325
obsession:0.57275
childhood:0.57125
teenagers:0.56975
honest:0.5635
downbeat:0.56175
excellent script:0.561
suprisingly clever:0.55975
teen movie:0.5585
violence:0.55625
golden palm:0.5535
great acting:0.551
narrated:0.5465
talky:0.546
gunfight:0.544
indie:0.527
sex:0.52575
thought-provoking:0.525
small town:0.5225
cinematography:0.51275
sexualized violence:0.50625
very interesting:0.5055
bleak:0.501
homosexuality:0.5005
psychological:0.50025
guns:0.49425
corruption:0.49125
realistic:0.4855
male nudity:0.48275
new jersey:0.48125
revenge:0.47925
depression:0.47875
melancholic:0.4745
intimate:0.4735
criterion:0.4725
secrets:0.4715
guilt:0.47125
dark humor:0.466
interesting:0.464
morality:0.45775
hitman:0.45375
moral ambiguity:0.4455
teens:0.4385
cult film:0.4375
bullying:0.4345
character study:0.4275
dialogue:0.42675
vengeance:0.42625
great soundtrack:0.42325
police investigation:0.421
cult classic:0.41825
incest:0.41575
nudity (full frontal - notable):0.41525
death:0.41375
violent:0.41225
destiny:0.41125
underrated:0.41075
good:0.4075
murder:0.40275
off-beat comedy:0.40225
tragedy:0.40025
dark:0.399
good acting:0.39725
multiple storylines:0.395
