francis ford copolla:0.99725
adapted from:book:0.979
vampires:0.9655
vampire:0.96075
based on book:0.954
based on a book:0.94025
horror:0.9255
book:0.88025
gothic:0.8605
goth:0.8555
bdsm:0.855
dark fantasy:0.85375
love story:0.85075
stylized:0.84025
original:0.8395
adaptation:0.8385
nocturnal:0.79725
literature:0.7855
visually appealing:0.7765
visually stunning:0.77275
visual:0.7585
blood:0.737
period piece:0.731
creepy:0.7225
good:0.70875
eerie:0.6925
book was better:0.6865
books:0.67825
cinematography:0.67125
story:0.669
dark:0.666
erotic:0.66475
romance:0.656
romantic:0.6455
intense:0.63675
narrated:0.63275
passionate:0.629
scary:0.62775
special effects:0.62675
atmospheric:0.62525
splatter:0.618
cult classic:0.61375
good soundtrack:0.61325
gory:0.605
immortality:0.6015
bloody:0.5995
great movie:0.59775
dark hero:0.5845
great ending:0.5795
pornography:0.57725
effects:0.57375
great:0.5645
transformation:0.553
stylish:0.551
storytelling:0.54975
excellent script:0.548
melancholic:0.54575
vengeance:0.545
eccentricity:0.545
original plot:0.54425
love:0.542
sexualized violence:0.5415
oscar (best effects - visual effects):0.53725
dialogue:0.53325
mythology:0.533
weird:0.53
supernatural:0.52525
19th century:0.52375
sexy:0.51575
demons:0.51525
insanity:0.503
violent:0.50075
good versus evil:0.4955
beautiful scenery:0.49275
distopia:0.48825
interesting:0.488
pg-13:0.483
mentor:0.48175
london:0.481
great acting:0.47375
brutality:0.4735
violence:0.47275
suspense:0.472
betrayal:0.46875
destiny:0.46525
amazing cinematography:0.464
macabre:0.4565
masterpiece:0.45325
cult film:0.44775
underrated:0.44625
catastrophe:0.43725
excellent:0.4355
redemption:0.4305
devil:0.42175
18th century:0.42025
werewolf:0.41575
very good:0.41075
good acting:0.409
monster:0.40825
dreamlike:0.40775
