rock and roll:0.9995
music business:0.95525
musicians:0.90375
drinking:0.88225
hip hop:0.8535
god:0.848
new york:0.79975
life philosophy:0.788
documentary:0.78625
friendship:0.77975
life:0.77225
jesus:0.7605
affectionate:0.75075
pornography:0.74975
unlikely friendships:0.7465
punk:0.74525
biography:0.739
bittersweet:0.737
watch the credits:0.728
honest:0.689
biopic:0.68625
transformation:0.68075
compassionate:0.68075
musical:0.67575
addiction:0.61425
suicide attempt:0.6115
original:0.611
redemption:0.60775
dreams:0.6045
goofy:0.599
cross dressing:0.59075
intimate:0.58675
bad cgi:0.58025
criterion:0.5625
biographical:0.5615
light:0.56125
creativity:0.54975
life & death:0.5355
alcoholism:0.5315
music:0.52125
destiny:0.50675
better than expected:0.497
indie:0.45675
independent film:0.4475
culture clash:0.44625
melancholic:0.44425
artist:0.43725
childhood:0.43725
great:0.437
finnish:0.43175
male nudity:0.43125
los angeles:0.42825
snakes:0.42675
fun movie:0.42375
solitude:0.42025
homeless:0.4195
catastrophe:0.41225
great music:0.41125
touching:0.4085
quirky:0.40825
teacher:0.406
suprisingly clever:0.4005
poignant:0.39325
controversial:0.391
beautifully filmed:0.3855
heartwarming:0.38175
story:0.3755
movielens top pick:0.37475
not funny:0.373
underrated:0.36975
family:0.36725
1970s:0.36475
london:0.36375
pg-13:0.36375
weird:0.3615
feel good movie:0.3575
new jersey:0.35275
crude humor:0.3485
drugs:0.348
whimsical:0.34575
prejudice:0.3455
unusual plot structure:0.343
texas:0.34225
storytelling:0.339
nerds:0.339
us history:0.33775
depression:0.337
great ending:0.3355
california:0.335
educational:0.33175
oscar (best actress):0.33125
silly fun:0.3275
adaptation:0.326
spelling bee:0.3235
relationships:0.32325
nudity (full frontal - brief):0.3225
tokyo:0.32225
witty:0.32225
religion:0.3205
death:0.32
