criterion:0.99725
murder mystery:0.92875
detective:0.897
black and white:0.87725
crime:0.83925
hitchcock:0.79375
french:0.789
tense:0.78625
forceful:0.78
talky:0.77225
runaway:0.749
noir:0.74275
bleak:0.734
intimate:0.72725
france:0.72125
masterpiece:0.70725
suspense:0.70325
paris:0.696
silent:0.69525
movielens top pick:0.6875
unusual plot structure:0.66775
police investigation:0.6675
atmospheric:0.663
character study:0.65725
enigmatic:0.6515
satirical:0.64875
murder:0.64825
passionate:0.63825
downbeat:0.638
assassination:0.634
original:0.63375
investigation:0.625
golden palm:0.625
love:0.62175
harsh:0.612
sexy:0.60775
oscar (best actress):0.59725
obsession:0.59375
great:0.57725
cynical:0.56625
grim:0.55975
police:0.55625
gritty:0.5505
crime gone awry:0.54725
secrets:0.53975
idealism:0.53575
twists & turns:0.5285
greed:0.509
mozart:0.5045
culture clash:0.50175
wine:0.49825
breathtaking:0.494
reflective:0.489
stylized:0.487
moody:0.48375
oscar (best supporting actress):0.48375
allegory:0.4825
betrayal:0.48175
melancholy:0.48025
based on a play:0.47925
light:0.47675
film noir:0.475
earnest:0.47375
drama:0.46175
existentialism:0.4575
thriller:0.45475
cinematography:0.44725
suprisingly clever:0.444
catastrophe:0.439
imdb top 250:0.43875
affectionate:0.43
dialogue:0.42725
relationships:0.425
artistic:0.4185
colourful:0.41725
visceral:0.41675
visual:0.41025
grindhouse:0.4035
very interesting:0.40275
music:0.40225
witty:0.3995
brutality:0.3975
claustrophobic:0.3975
oscar (best foreign language film):0.397
nudity (full frontal - brief):0.39075
entirely dialogue:0.3905
meditative:0.3905
german:0.38925
love story:0.387
gunfight:0.38675
foreign:0.38475
melancholic:0.38425
oscar (best directing):0.38125
long:0.3735
great ending:0.37125
drinking:0.37
beautiful scenery:0.36975
good soundtrack:0.3685
noir thriller:0.3505
oscar (best cinematography):0.34725
