hit men:0.98575
violent:0.965
gunfight:0.9345
cynical:0.93175
forceful:0.931
cult classic:0.9275
criterion:0.92575
violence:0.92275
visceral:0.918
downbeat:0.88725
bleak:0.875
vengeance:0.85975
grim:0.8575
allegory:0.856
gritty:0.849
macabre:0.84775
harsh:0.8415
enigmatic:0.83025
bloody:0.82775
hallucinatory:0.82525
brutality:0.81425
neo-noir:0.81425
greed:0.80675
mexico:0.801
cathartic:0.79225
anti-hero:0.781
surreal:0.75225
stylish:0.751
masterpiece:0.75025
drinking:0.74775
grindhouse:0.74525
talky:0.74225
insanity:0.7405
road movie:0.73375
weird:0.72825
crime gone awry:0.72125
revenge:0.71975
redemption:0.7185
existentialism:0.71775
pulp:0.71725
runaway:0.70375
tense:0.69475
golden palm:0.692
melancholic:0.68425
sexualized violence:0.67775
original:0.676
loneliness:0.67025
melancholy:0.66925
ironic:0.661
stylized:0.6555
atmospheric:0.65375
quirky:0.6485
biting:0.64575
dark humor:0.634
dark:0.6335
disturbing:0.6245
cinematography:0.624
gangsters:0.6175
dialogue:0.615
depressing:0.61225
obsession:0.6095
murder:0.60025
social commentary:0.59825
hotel:0.59625
queer:0.595
character study:0.594
sexy:0.58625
cult film:0.5835
assassination:0.576
movielens top pick:0.574
cult:0.57375
great:0.56775
dark hero:0.55525
nudity (full frontal - notable):0.55275
moral ambiguity:0.5515
gratuitous violence:0.5505
absurd:0.5495
hitman:0.549
mob:0.54675
nocturnal:0.5405
underrated:0.53975
black comedy:0.5385
reflective:0.53575
art house:0.534
culture clash:0.532
affectionate:0.52575
corruption:0.5155
prostitution:0.512
sexual:0.51175
brutal:0.503
lyrical:0.5
intimate:0.49525
catastrophe:0.494
unusual plot structure:0.49275
irreverent:0.49175
very interesting:0.4915
slow:0.49125
highly quotable:0.486
crime:0.48525
nudity (topless):0.476
