nudity (topless - notable):0.94675
sexual:0.80675
humorous:0.74025
satirical:0.71225
original:0.67175
pornography:0.6415
comedy:0.634
erotic:0.61825
weird:0.61475
based on a book:0.6005
nudity (full frontal - notable):0.54825
humor:0.54775
quirky:0.52275
satire:0.5165
bizarre:0.5055
adapted from:book:0.499
catastrophe:0.49225
nudity (full frontal - brief):0.4875
irreverent:0.48425
absurd:0.47025
adaptation:0.46825
off-beat comedy:0.458
obsession:0.4545
pointless:0.452
crude humor:0.452
unfunny:0.44625
sex:0.4455
books:0.4435
writers:0.44
life philosophy:0.437
predictable:0.4365
sexualized violence:0.434
life & death:0.43225
so bad it's funny:0.426
mentor:0.426
great ending:0.42375
brutality:0.4205
very funny:0.41975
hilarious:0.41825
passionate:0.411
sexuality:0.40475
silly:0.38875
slapstick:0.38875
sexy:0.385
melancholic:0.383
male nudity:0.37625
parody:0.37625
stylized:0.371
good:0.36525
dialogue:0.3615
story:0.3555
horrible:0.345
cult film:0.344
dysfunctional family:0.34
storytelling:0.337
visually appealing:0.334
first contact:0.3285
doctors:0.32675
good soundtrack:0.3265
eccentricity:0.32175
fantasy world:0.31675
culture clash:0.31225
distopia:0.31075
dreamlike:0.3075
bad ending:0.3075
nudity:0.30725
insanity:0.30625
farce:0.30575
scenic:0.30325
stupidity:0.30225
bad plot:0.3
suprisingly clever:0.29625
saturday night live:0.28375
mad scientist:0.2835
runaway:0.282
notable nudity:0.27875
great:0.27725
scary:0.27675
clever:0.2765
great acting:0.27625
factual:0.27475
multiple storylines:0.273
cult classic:0.272
nudity (rear):0.27175
greed:0.2705
destiny:0.2705
entirely dialogue:0.27025
creativity:0.26575
twists & turns:0.2645
biographical:0.26225
enigmatic:0.26075
historical:0.2605
talky:0.259
shallow:0.25725
road movie:0.25675
visually stunning:0.2565
fight scenes:0.2555
based on book:0.2555
women:0.252
overrated:0.25125
