iraq:0.945
middle east:0.853
iraq war:0.85275
bleak:0.84725
camp:0.80975
children:0.784
gulf war:0.7545
orphans:0.75375
iran:0.743
war movie:0.74075
brutality:0.71825
war:0.71675
childhood:0.71675
weapons:0.6785
bombs:0.66725
foreign:0.64625
criterion:0.6275
beautifully filmed:0.62275
reflective:0.622
islam:0.6095
original:0.60575
golden palm:0.5945
civil war:0.583
dramatic:0.57225
harsh:0.57175
politics:0.5685
runaway:0.56775
death:0.566
downbeat:0.55
heartbreaking:0.55
oscar (best foreign language film):0.5495
life & death:0.53
oil:0.4855
social commentary:0.4785
queer:0.47625
allegory:0.46725
poignant:0.4665
good soundtrack:0.4625
forceful:0.46225
drinking:0.45325
storytelling:0.4475
poverty:0.44575
mentor:0.4375
anti-war:0.42575
culture clash:0.40275
catastrophe:0.39925
pornography:0.39775
military:0.39425
innocence lost:0.39375
suprisingly clever:0.39025
realistic:0.38525
not funny:0.3825
melancholic:0.382
political:0.379
movielens top pick:0.3785
tragedy:0.3765
light:0.37625
disturbing:0.36975
bullying:0.36975
life philosophy:0.36575
grim:0.36575
sacrifice:0.3655
world war i:0.359
dialogue:0.3575
sexualized violence:0.35675
enigmatic:0.354
censorship:0.353
hard to watch:0.3485
great ending:0.342
cinematography:0.3415
greed:0.33775
honest:0.33625
friendship:0.33375
best war films:0.3305
adolescence:0.3295
non-hollywood ending:0.3285
teen movie:0.31175
stoner movie:0.30975
blindness:0.3085
teen:0.30675
ethnic conflict:0.3005
teens:0.297
great cinematography:0.297
humanity:0.2865
absurd:0.28525
propaganda:0.284
secrets:0.283
idealism:0.28025
thought-provoking:0.2775
berlin:0.27225
complex:0.2715
atmospheric:0.26975
great:0.26875
factual:0.2685
entirely dialogue:0.26775
post apocalyptic:0.26675
stylized:0.2665
photography:0.265
survival:0.26325
prejudice:0.26275
