sequel:0.90775
kids:0.88075
sequels:0.877
fun movie:0.855
mad scientist:0.78525
witch:0.7255
disney:0.71025
family:0.709
original:0.705
camp:0.658
children:0.6525
crappy sequel:0.63175
fun:0.61575
talking animals:0.594
los angeles:0.59075
kids and family:0.59075
witches:0.5875
good:0.5375
special effects:0.49525
mentor:0.4935
teen movie:0.487
cute!:0.46625
adventure:0.446
fantasy world:0.44525
magic:0.427
great ending:0.42475
predictable:0.41925
catastrophe:0.4085
teen:0.4055
chase:0.40425
action:0.40325
light:0.3915
cute:0.3875
dialogue:0.37775
greed:0.377
so bad it's funny:0.3715
childhood:0.362
entertaining:0.36075
not funny:0.35625
silly:0.355
alien:0.35425
good sequel:0.33375
kidnapping:0.33275
runaway:0.32375
brutality:0.32325
lone hero:0.32275
earnest:0.3225
life philosophy:0.32225
silly fun:0.32175
bad plot:0.3215
gangs:0.32075
natural disaster:0.31475
stereotypes:0.31375
death:0.30425
melancholic:0.29125
beautiful scenery:0.28725
storytelling:0.28575
adaptation:0.28
teens:0.27525
redemption:0.272
culture clash:0.2715
dysfunctional family:0.26925
good soundtrack:0.269
franchise:0.269
not as good as the first:0.26475
unusual plot structure:0.2645
supernatural:0.263
first contact:0.262
special:0.26175
overrated:0.25925
fantasy:0.25575
passionate:0.2465
hotel:0.24625
betrayal:0.2455
slapstick:0.24425
destiny:0.2435
manipulation:0.2415
great:0.2355
weapons:0.23475
story:0.23325
unlikely friendships:0.23125
adapted from:book:0.22775
entirely dialogue:0.2265
transformation:0.22575
cancer:0.2245
bullying:0.22425
fight scenes:0.224
humorous:0.22375
pornography:0.2235
happy ending:0.22125
criterion:0.2205
nocturnal:0.22
crude humor:0.21825
violence:0.2165
whimsical:0.21475
grindhouse:0.2145
alter ego:0.2145
very funny:0.212
vengeance:0.211
visually appealing:0.211
