handycam:0.99475
ghosts:0.994
supernatural:0.98825
horror:0.988
creepy:0.97525
scary:0.875
haunted house:0.8555
claustrophobic:0.80925
original:0.795
reality tv:0.79375
weird:0.791
goth:0.7405
demons:0.71675
witches:0.6965
great ending:0.696
ghosts/afterlife:0.695
splatter:0.6665
afterlife:0.657
low budget:0.64425
eerie:0.644
frightening:0.62075
better than expected:0.59575
bad acting:0.56675
gory:0.547
bad cgi:0.5455
suspense:0.52525
hospital:0.523
atmospheric:0.5165
twist:0.48325
catastrophe:0.47725
maze:0.475
so bad it's funny:0.46725
predictable:0.465
twist ending:0.46
insanity:0.43775
torture:0.4375
unlikeable characters:0.43675
witch:0.427
effects:0.4185
death:0.4095
video game:0.404
bad ending:0.3985
zombie:0.398
alternate endings:0.39675
psychological:0.38925
visually appealing:0.381
monster:0.3785
parallel universe:0.3785
life philosophy:0.369
brutality:0.3665
plot:0.36375
mentor:0.3605
special effects:0.35725
hunting:0.357
internet:0.357
ominous:0.35675
investigation:0.34625
monsters:0.343
pg-13:0.3385
doctors:0.337
mental illness:0.33075
good:0.32775
dialogue:0.32475
creativity:0.32325
not funny:0.31975
watch the credits:0.3185
mental hospital:0.3175
hotel:0.31725
tense:0.312
dreamlike:0.31175
silly:0.31075
twists & turns:0.30725
storytelling:0.30675
clever:0.30625
fantasy world:0.306
blood:0.306
werewolf:0.303
first contact:0.2965
transformation:0.2905
goretastic:0.29
dark:0.28825
devil:0.28625
macabre:0.28425
life & death:0.28125
pornography:0.28125
amy smart:0.2795
good soundtrack:0.27925
nudity (topless - notable):0.274
revenge:0.26625
fight scenes:0.26125
great:0.2595
natural disaster:0.256
entirely dialogue:0.2545
loneliness:0.25375
stupidity:0.2525
plot holes:0.2515
stereotypes:0.25125
apocalypse:0.251
writers:0.2495
intense:0.2495
