serial killer:0.90125
thriller:0.87875
original:0.8355
remake:0.81425
police investigation:0.808
suspenseful:0.78625
twists & turns:0.68625
suspense:0.65225
good:0.6245
paranoia:0.61575
murder:0.59625
better than the american version:0.57575
creepy:0.5755
tense:0.57125
claustrophobic:0.57025
identity:0.557
sexualized violence:0.498
great ending:0.4965
plot twist:0.4955
plot holes:0.49375
mentor:0.48975
predictable:0.48925
psychological:0.48825
pornography:0.47925
conspiracy theory:0.447
psychology:0.44075
greed:0.4375
dialogue:0.43425
investigation:0.424
stylish:0.42275
not funny:0.41975
intense:0.419
atmospheric:0.41275
sexy:0.4075
weird:0.4035
great acting:0.39425
catastrophe:0.39275
nudity (full frontal - brief):0.39175
good soundtrack:0.38825
stylized:0.38475
light:0.38375
detective:0.38225
so bad it's funny:0.38075
original plot:0.37725
twist ending:0.37525
great:0.364
adaptation:0.3635
interesting:0.359
mystery:0.3585
eerie:0.34925
revenge:0.34675
very interesting:0.33625
pg-13:0.3335
plot:0.33075
twist:0.33
bad ending:0.32275
bloody:0.3225
murder mystery:0.3205
brutality:0.31925
solitude:0.317
betrayal:0.3145
vengeance:0.3145
corruption:0.313
tricky:0.313
storytelling:0.31125
scary:0.309
good acting:0.309
existentialism:0.307
paranoid:0.30425
redemption:0.30325
runaway:0.30075
life philosophy:0.29425
fight scenes:0.294
erotic:0.2935
horror:0.29325
doctors:0.2925
nocturnal:0.292
cult film:0.28775
very good:0.28625
nudity (topless - notable):0.28125
cult classic:0.2795
first contact:0.27375
fantasy world:0.27375
entirely dialogue:0.27225
remade:0.27
story:0.27
chase:0.269
prostitution:0.2675
underrated:0.26625
suprisingly clever:0.2615
unfunny:0.253
crime:0.253
guilt:0.2525
idiotic:0.24925
stereotypes:0.24875
violence:0.2485
bad acting:0.247
lone hero:0.24575
blindness:0.2455
visceral:0.24375
