horror:0.995
slasher:0.976
teen movie:0.9685
teens:0.95
suspense:0.93275
teen:0.91425
fun movie:0.885
scary:0.84
predictable:0.838
splatter:0.83675
chase:0.768
original:0.75875
suspenseful:0.747
high school:0.70125
horrible:0.7
halloween:0.6985
based on a book:0.65075
supernatural:0.611
death:0.6095
great ending:0.60625
good:0.602
stupid:0.596
creepy:0.58725
bad acting:0.57875
pg-13:0.5725
gory:0.56425
based on book:0.55525
serial killer:0.5535
girlie movie:0.5525
lame:0.54225
stereotypes:0.54225
nudity (topless - notable):0.538
murder:0.5345
road movie:0.534
so bad it's funny:0.528
blood:0.5185
silly fun:0.505
goofy:0.49925
teenagers:0.4965
dialogue:0.49475
sexy:0.49425
catastrophe:0.49325
80s:0.493
runaway:0.4915
bloody:0.485
revenge:0.48375
big budget:0.4685
fun:0.46825
family:0.46325
great movie:0.4455
natural disaster:0.441
violence:0.441
adapted from:book:0.43675
entertaining:0.4325
mentor:0.42375
pointless:0.41775
adaptation:0.4135
overrated:0.4105
demons:0.4085
bad cgi:0.40775
bad plot:0.407
good soundtrack:0.40475
great:0.40125
great acting:0.40025
twist ending:0.3955
bad:0.37975
survival:0.3745
fight scenes:0.37225
intense:0.36975
writers:0.36725
camp:0.366
story:0.36525
shallow:0.36475
first contact:0.36425
love:0.36425
destiny:0.36425
brutality:0.36125
franchise:0.35325
cult film:0.3525
monster:0.34875
not funny:0.34675
very good:0.34475
plot holes:0.344
police investigation:0.343
action:0.34075
criterion:0.3395
weapons:0.3395
cool:0.3385
cheesy:0.33325
stage magic:0.32425
not as good as the first:0.323
dumb:0.31975
entirely dialogue:0.31575
vengeance:0.31475
silly:0.31425
gruesome:0.313
special effects:0.311
stupidity:0.3085
idiotic:0.307
drinking:0.3065
