addiction:0.86425
gangsters:0.82175
los angeles:0.817
original:0.775
gambling:0.76175
existentialism:0.76175
pointless:0.7385
drinking:0.7135
greed:0.707
mentor:0.68275
dialogue:0.68
life philosophy:0.65975
depression:0.6365
relationships:0.631
very interesting:0.626
redemption:0.6195
dialogue driven:0.6085
great ending:0.59575
hitman:0.5955
good soundtrack:0.585
mob:0.559
cult film:0.55875
anti-hero:0.5455
drugs:0.53625
character study:0.53575
sarcasm:0.52875
gangster:0.52175
suspenseful:0.51975
interesting:0.51675
money:0.51425
pornography:0.5125
loneliness:0.49775
corruption:0.4805
entirely dialogue:0.476
predictable:0.46975
storytelling:0.46725
catastrophe:0.4665
independent film:0.45575
great acting:0.44325
california:0.44125
stylized:0.4405
good dialogue:0.438
crime gone awry:0.42975
absurd:0.423
writers:0.41725
heist:0.4165
notable nudity:0.40075
happy ending:0.4
nudity (full frontal - notable):0.39875
honest:0.393
cult classic:0.3865
great:0.3845
poker:0.3785
bad ending:0.377
melancholic:0.37675
irish accent:0.3745
multiple storylines:0.374
casino:0.3725
grindhouse:0.36825
twists & turns:0.36625
cinematography:0.366
nudity (topless - notable):0.366
crime:0.365
runaway:0.362
violent:0.36075
bad plot:0.36
brutality:0.35825
shallow:0.352
suspense:0.35125
not funny:0.34825
fantasy world:0.34575
family drama:0.33925
new jersey:0.338
moral ambiguity:0.33225
adaptation:0.32575
imdb top 250:0.3225
police investigation:0.32225
suprisingly clever:0.3215
chase:0.321
police corruption:0.32075
complex:0.31875
las vegas:0.31825
vengeance:0.31575
road movie:0.3155
bleak:0.3125
foul language:0.31
shark:0.30925
gunfight:0.308
cheating:0.3045
enigmatic:0.303
gritty:0.3015
betrayal:0.301
violence:0.299
clever:0.29625
cerebral:0.29475
remake:0.294
oscar (best directing):0.29375
artsy:0.29375
drug abuse:0.2915
nudity (full frontal - brief):0.29125
