spanish:0.972
destiny:0.9325
love:0.8955
storytelling:0.8945
love story:0.8945
beautifully filmed:0.8865
childhood:0.881
narrated:0.86875
spain:0.84125
cinematography:0.8195
non-linear:0.8165
melancholic:0.81525
reflective:0.815
original:0.7915
beautiful scenery:0.769
weird:0.7645
intimate:0.74825
visually appealing:0.7455
male nudity:0.74375
solitude:0.7435
enigmatic:0.73275
romantic:0.73175
alternate endings:0.71875
great ending:0.71075
art house:0.70575
nocturnal:0.69625
visual:0.6885
passionate:0.68725
life & death:0.6855
criterion:0.6815
poetry:0.67925
coming of age:0.6715
cerebral:0.66225
loneliness:0.65175
suprisingly clever:0.6425
nonlinear:0.641
complex:0.6195
golden palm:0.61775
foreign:0.61425
magic realism:0.614
affectionate:0.609
life philosophy:0.59775
beautiful:0.59175
twists & turns:0.588
existentialism:0.58775
good soundtrack:0.58475
relationships:0.57525
visually stunning:0.575
oscar (best foreign language film):0.56125
surreal:0.56125
meditative:0.55925
bittersweet:0.5575
amazing photography:0.54725
breathtaking:0.5455
adolescence:0.5425
romance:0.54125
philosophical:0.537
story:0.53675
harsh:0.53575
art:0.53425
nudity (full frontal - notable):0.534
imagination:0.52975
talky:0.527
finnish:0.51975
parallel universe:0.512
life:0.51125
incest:0.4995
heartbreaking:0.494
obsession:0.49175
school:0.49025
dreams:0.48625
melancholy:0.485
self discovery:0.48325
colourful:0.4815
intellectual:0.481
nudity (rear):0.4685
dialogue:0.46575
masterpiece:0.46475
mentor:0.45425
allegory:0.45375
clever:0.45075
artistic:0.45
emotional:0.4455
death:0.4395
surrealism:0.439
unusual plot structure:0.4375
pretentious:0.43125
secrets:0.42875
idealism:0.424
stylized:0.42325
entirely dialogue:0.4225
culture clash:0.42225
underrated:0.41925
strange:0.41675
dreamlike:0.411
great cinematography:0.4075
very interesting:0.407
classic car:0.40625
tricky:0.403
flashbacks:0.4025
