oscar (best animated feature):0.99275
animation:0.9925
talking animals:0.97875
computer animation:0.95025
dog:0.94675
animated:0.927
animals:0.90575
cartoon:0.88675
disney:0.882
disney animated feature:0.873
superhero:0.863
super hero:0.8425
heartwarming:0.83025
cute:0.81175
original:0.79725
superheroes:0.794
dogs:0.78875
adventure:0.7825
family:0.77425
pixar:0.76975
kids and family:0.7675
pixar animation:0.74775
3d:0.746
kids:0.73875
good:0.70175
story:0.694
cute!:0.6895
happy ending:0.6825
fun:0.67525
super-hero:0.664
clever:0.66
entertaining:0.646
fast paced:0.643
animal movie:0.63775
funny:0.6115
great:0.578
action:0.57375
dialogue:0.5575
pg-13:0.5565
action packed:0.55375
children:0.55125
storytelling:0.54925
sweet:0.5415
predictable:0.53825
destiny:0.5345
cgi:0.5265
touching:0.51375
friendship:0.5125
redemption:0.50625
comedy:0.50325
fun movie:0.50025
light:0.496
witty:0.48575
stereotypes:0.4835
unlikely friendships:0.479
great ending:0.46125
catastrophe:0.432
good soundtrack:0.4285
better than expected:0.41275
great movie:0.40725
fantasy world:0.40175
betrayal:0.40075
chase:0.39525
crude humor:0.3935
mentor:0.392
alter ego:0.381
twists & turns:0.37925
exciting:0.373
big budget:0.3695
runaway:0.3675
feel good movie:0.364
life philosophy:0.363
culture clash:0.357
love story:0.351
feel-good:0.3465
humorous:0.34575
very good:0.34525
technology:0.342
very funny:0.33925
transformation:0.32725
creativity:0.3265
interesting:0.319
childhood:0.31625
humor:0.316
visually appealing:0.31575
anti-hero:0.31375
not funny:0.3085
good versus evil:0.3075
oscar winner:0.3045
greed:0.29925
beautiful scenery:0.29375
too short:0.2925
shallow:0.29225
plot:0.292
reality tv:0.29025
emotional:0.28775
brutality:0.286
fairy tale:0.283
adaptation:0.28075
fight scenes:0.27825
