heist:0.996
caper:0.95025
surveillance:0.848
secrets:0.79675
twists & turns:0.79575
corruption:0.66775
original:0.6635
period piece:0.6385
robbery:0.63075
london:0.6205
twist ending:0.58075
mentor:0.56675
great ending:0.5495
betrayal:0.53925
catastrophe:0.53775
plot:0.51725
story:0.5005
con artists:0.48525
dialogue:0.485
conspiracy:0.48175
guilt:0.48
thriller:0.4715
doctors:0.456
crime:0.45275
suspense:0.45
plot twist:0.44325
very interesting:0.44125
unusual plot structure:0.438
unlikeable characters:0.43
great:0.4215
pg-13:0.41375
clever:0.413
manipulation:0.41125
fun movie:0.408
redemption:0.40525
storytelling:0.3845
life philosophy:0.3835
predictable:0.38225
excellent:0.38
revenge:0.37525
cinematography:0.3735
greed:0.37075
dramatic:0.3705
good:0.3655
first contact:0.36425
justice:0.364
tricky:0.363
vengeance:0.363
not funny:0.36225
twist:0.3545
good story:0.3515
good acting:0.325
life & death:0.32425
drama:0.32125
entertaining:0.321
spying:0.32025
complex:0.3165
1960s:0.316
wine:0.314
culture clash:0.30875
suprisingly clever:0.30875
transformation:0.30725
business:0.3
con men:0.294
investigation:0.2935
better than expected:0.2935
entirely dialogue:0.2885
stage magic:0.2825
exceptional acting:0.278
crime gone awry:0.27725
natural disaster:0.2755
paranoia:0.26
mystery:0.25975
melancholic:0.2585
atmospheric:0.258
classic car:0.25725
politics:0.2555
philip k. dick:0.254
nudity (full frontal - brief):0.2515
creativity:0.25075
brutality:0.2495
bad plot:0.24525
intelligent:0.24025
unfunny:0.23925
workplace:0.239
visually appealing:0.23675
runaway:0.234
interesting:0.23375
bad ending:0.23225
adaptation:0.23075
excellent script:0.2295
fight scenes:0.22775
great acting:0.227
internet:0.22425
tense:0.22325
oscar (best actress):0.2225
police investigation:0.21975
feel-good:0.219
espionage:0.21825
fantasy world:0.214
