obsession:0.91325
surveillance:0.8325
pointless:0.82025
original:0.75375
spying:0.74775
pornography:0.6875
enigmatic:0.67825
surreal:0.6675
horrible:0.655
stylish:0.6315
weird:0.6305
voyeurism:0.63
bad ending:0.6285
first contact:0.62275
bad plot:0.6155
twists & turns:0.615
dialogue:0.59225
nudity (topless - brief):0.591
confusing:0.5905
complex:0.58275
mentor:0.5655
predictable:0.56525
so bad it's funny:0.529
good soundtrack:0.52825
spy:0.528
very interesting:0.52075
alternate endings:0.518
great ending:0.501
visually appealing:0.49925
shallow:0.4975
psychology:0.4905
cinematography:0.487
sexy:0.46625
mindfuck:0.465
psychological:0.46375
melancholic:0.45975
existentialism:0.454
brutality:0.4455
absurd:0.4355
cerebral:0.43275
visual:0.43
visually stunning:0.426
fantasy world:0.42525
storytelling:0.42475
sexualized violence:0.42425
insanity:0.42125
spies:0.419
secrets:0.41675
bizarre:0.4165
stylized:0.412
suspense:0.40825
entirely dialogue:0.40775
destiny:0.405
nudity (topless):0.40425
overrated:0.40025
surrealism:0.399
art house:0.39575
murder:0.3955
secret service:0.39025
adaptation:0.38775
plot twist:0.3875
based on a book:0.3875
catastrophe:0.38675
serial killer:0.38375
life philosophy:0.38325
story:0.38225
boring!:0.3785
quirky:0.378
great acting:0.37775
nudity (rear):0.37225
dreamlike:0.3665
plot:0.36575
violence:0.35925
murder mystery:0.3585
road movie:0.349
gangsters:0.3415
not funny:0.34125
writers:0.3355
cult film:0.3345
artsy:0.33375
mystery:0.333
greed:0.33225
awful:0.331
chase:0.33
runaway:0.32775
pretentious:0.3275
san francisco:0.3275
redemption:0.32675
excellent script:0.325
stupidity:0.3195
twist ending:0.31775
surprise ending:0.31575
adapted from:book:0.3145
harsh:0.314
disaster:0.3135
dysfunctional family:0.3135
boring:0.313
twist:0.31275
erotic:0.31175
justice:0.31125
