teen movie:0.97925
teen:0.95275
nudity (topless - notable):0.909
80s:0.85325
1980s:0.831
nudity (topless):0.77475
high school:0.7485
teens:0.74275
pornography:0.71375
notable nudity:0.58575
nostalgic:0.58375
sexual:0.577
original:0.555
erotic:0.536
male nudity:0.52825
mentor:0.50975
comedy:0.49125
nudity (full frontal - notable):0.47125
catastrophe:0.46525
teenagers:0.42775
pg-13:0.425
nudity:0.4225
amy smart:0.41475
predictable:0.41325
fun movie:0.39475
great ending:0.39275
dialogue:0.379
bdsm:0.378
silly fun:0.377
very funny:0.371
sexy:0.368
nudity (rear):0.35425
love:0.35325
goofy:0.347
relationships:0.34475
college:0.3405
so bad it's funny:0.33675
chase:0.33525
culture clash:0.33225
awesome soundtrack:0.31325
camp:0.31175
nostalgia:0.30875
grindhouse:0.2985
cheerleading:0.29
romantic:0.28875
school:0.28525
great:0.2825
first contact:0.28
great acting:0.27925
entirely dialogue:0.278
lone hero:0.2745
nudity (full frontal - brief):0.27275
good:0.272
not funny:0.2715
cute!:0.2625
teenager:0.26
storytelling:0.25975
shallow:0.25975
fantasy world:0.2585
quotable:0.258
enigmatic:0.25725
life philosophy:0.25675
bad plot:0.25475
cool:0.25025
funny:0.24625
brutality:0.244
obsession:0.244
beer:0.24025
overrated:0.238
cult film:0.226
coming of age:0.22425
runaway:0.22275
police investigation:0.22025
unfunny:0.21825
slasher:0.216
dreamlike:0.21225
stylized:0.20975
censorship:0.2065
classic car:0.206
melancholic:0.203
complex:0.2025
girlie movie:0.2005
geeks:0.19825
intimate:0.196
vengeance:0.193
light:0.19175
foul language:0.19025
crude humor:0.186
scary:0.185
campy:0.18475
cute:0.182
natural disaster:0.181
good soundtrack:0.1805
clever:0.1805
friendship:0.17875
dreams:0.17825
childhood:0.177
sexuality:0.17675
nudity (full frontal):0.17575
suprisingly clever:0.17525
