midlife crisis:0.87375
original:0.745
shakespeare:0.537
dialogue:0.519
new york:0.499
storytelling:0.49775
catastrophe:0.42375
unusual plot structure:0.4065
criterion:0.4055
island:0.39375
enigmatic:0.39
adaptation:0.389
life:0.37525
meditative:0.3675
melancholic:0.36
light:0.3515
relationships:0.33225
great ending:0.33075
not funny:0.32875
mentor:0.32825
brutality:0.3275
great:0.31675
life philosophy:0.3135
death:0.313
obsession:0.30725
lone hero:0.306
runaway:0.30525
entirely dialogue:0.30375
cerebral:0.2925
magic:0.29075
fantasy:0.28325
cult classic:0.275
dysfunctional family:0.27475
story:0.268
life & death:0.26725
pulp:0.26675
goofy:0.26175
bad plot:0.2615
gay character:0.261
quirky:0.257
predictable:0.2555
solitude:0.2545
melancholy:0.248
cult:0.24675
isolation:0.24275
suprisingly clever:0.24175
fantasy world:0.241
overrated:0.241
romance:0.239
drama:0.238
sacrifice:0.2355
writers:0.23475
70mm:0.2335
intense:0.2275
downbeat:0.2275
happy ending:0.22575
culture clash:0.219
destiny:0.2165
screwball:0.2165
vengeance:0.21175
interesting:0.2095
boring:0.20925
adapted from:book:0.20875
special effects:0.20775
insanity:0.2075
loneliness:0.20725
gangsters:0.205
imdb top 250:0.20275
pretentious:0.20125
pornography:0.201
beautiful scenery:0.2
witty:0.2
pointless:0.19575
weapons:0.195
quotable:0.1945
talky:0.194
slapstick:0.19375
hotel:0.193
first contact:0.192
so bad it's funny:0.19175
alternate history:0.1905
too long:0.19
stylized:0.1895
weird:0.18875
good action:0.18875
supernatural:0.1885
unlikeable characters:0.18825
anti-hero:0.18775
very funny:0.1875
love story:0.18675
oscar (best effects - visual effects):0.18625
nudity (full frontal - brief):0.18575
clever:0.18575
psychological:0.1835
dreamlike:0.182
classic:0.18
good:0.1795
visually appealing:0.179
good soundtrack:0.1785
unfunny:0.17775
