horror:0.96725
monster:0.9615
homeless:0.94675
splatter:0.9345
monsters:0.928
cult classic:0.889
mutants:0.8805
low budget:0.85125
so bad it's funny:0.8115
cult film:0.81075
campy:0.7905
zombie:0.7855
goofy:0.78325
original:0.77375
demons:0.76675
gory:0.7405
so bad it's good:0.73525
80s:0.72325
mad scientist:0.70375
creepy:0.7025
cheesy:0.66075
new york city:0.6605
slasher:0.64525
grindhouse:0.60975
fun movie:0.538
weird:0.537
gruesome:0.53575
scary:0.527
camp:0.52075
bloody:0.498
gore:0.48925
predictable:0.47375
1980s:0.47175
cult:0.46575
silly:0.44975
melancholic:0.43275
weapons:0.43
mentor:0.42675
dialogue:0.419
great ending:0.41475
fun:0.3995
overrated:0.3995
snakes:0.3985
twist ending:0.391
brutality:0.3855
bad plot:0.37825
catastrophe:0.378
serial killer:0.37225
special effects:0.366
cool:0.36275
storytelling:0.36
teens:0.35475
harsh:0.34875
first contact:0.3475
new york:0.3455
not funny:0.33525
great:0.332
entirely dialogue:0.3305
sci fi:0.32975
nocturnal:0.32775
bad:0.32725
wilderness:0.32225
action:0.3165
halloween:0.31525
unusual plot structure:0.313
lone hero:0.31275
futuristic:0.301
good soundtrack:0.3005
violence:0.30025
social commentary:0.299
stylized:0.2945
good:0.29375
pointless:0.2935
light:0.29225
life & death:0.28925
pornography:0.2885
redemption:0.2785
clowns:0.27825
quirky:0.27625
chase:0.27575
police investigation:0.27525
transformation:0.2725
adaptation:0.2725
ridiculous:0.2675
fantasy world:0.267
pulp:0.263
fight scenes:0.25775
suspense:0.257
criterion:0.25575
absurd:0.25525
slapstick:0.255
atmospheric:0.2525
very funny:0.2515
supernatural:0.2505
satirical:0.24875
life philosophy:0.2465
franchise:0.24375
nudity (full frontal - notable):0.2435
multiple storylines:0.24175
story:0.23925
