writer's life:0.9805
erotic:0.96125
murder mystery:0.947
writers:0.94675
nudity (topless - notable):0.902
sexuality:0.89775
enigmatic:0.87725
sexual:0.875
mystery:0.86625
nudity (full frontal - notable):0.86475
french:0.8615
france:0.85825
sexy:0.8535
visually appealing:0.84125
secrets:0.833
pornography:0.83225
twist ending:0.82775
imagination:0.805
obsession:0.80475
twist:0.80125
weird:0.801
surprise ending:0.79875
writing:0.79575
male nudity:0.7895
nudity:0.7765
twists & turns:0.7745
complex:0.76675
sex:0.76125
relationships:0.74225
psychological:0.73875
art house:0.7345
very interesting:0.714
murder:0.71
intimate:0.6985
melancholic:0.6715
books:0.66675
women:0.653
original:0.63475
sexual abuse:0.62775
great ending:0.62225
nudity (full frontal):0.62125
creativity:0.62
drama:0.616
storytelling:0.6095
police investigation:0.60825
psychology:0.603
solitude:0.6
manipulation:0.5785
drinking:0.558
dialogue:0.54925
cerebral:0.528
nudity (rear):0.52675
confusing:0.5235
runaway:0.5225
powerful ending:0.52075
thriller:0.512
beautifully filmed:0.50475
interesting:0.5035
clever:0.49875
adaptation:0.48475
intellectual:0.48325
stylish:0.4825
absurd:0.478
suspense:0.4775
plot:0.473
great acting:0.472
good soundtrack:0.4675
adapted from:book:0.46725
surreal:0.46625
art:0.465
psychiatry:0.463
crime:0.46225
voyeurism:0.45725
mentor:0.45575
beautiful scenery:0.45525
cinematography:0.45375
mindfuck:0.45225
pretentious:0.45025
atmospheric:0.449
bad ending:0.4485
breathtaking:0.44575
talky:0.439
reflective:0.438
guilt:0.436
culture clash:0.43525
story:0.435
london:0.43475
downbeat:0.4305
catastrophe:0.4275
meditative:0.42525
slow paced:0.42475
sexualized violence:0.4165
father daughter relationship:0.41525
suprisingly clever:0.415
non-linear:0.4145
paris:0.413
alternate endings:0.411
identity:0.41025
criterion:0.40475
loneliness:0.40075
