relationships:0.9945
love story:0.9695
romantic:0.958
love:0.951
parallel universe:0.921
dialogue driven:0.904
melancholic:0.90075
intimate:0.89125
complex:0.8845
brainwashing:0.87525
complicated:0.872
nonlinear:0.85375
cinematography:0.85175
loneliness:0.8255
original:0.82075
non-linear:0.817
scenic:0.808
dreams:0.8035
beautiful scenery:0.80125
romance:0.79575
enigmatic:0.795
visually appealing:0.79475
intellectual:0.79275
confusing:0.78325
beautiful:0.7765
beautifully filmed:0.7765
apocalypse:0.77575
whimsical:0.775
great ending:0.7675
existentialism:0.7645
weird:0.7615
life philosophy:0.755
pornography:0.75175
talky:0.74375
awesome soundtrack:0.7435
storytelling:0.742
meditative:0.73975
solitude:0.736
off-beat comedy:0.73575
visually stunning:0.73125
romantic comedy:0.73075
indie:0.73025
emotional:0.72725
artistic:0.71675
destiny:0.7155
quotable:0.71
life & death:0.70925
philosophy:0.70825
writers:0.70375
cult classic:0.70125
pretentious:0.6985
dialogue:0.6945
great acting:0.688
idealism:0.6845
long:0.67375
very interesting:0.67325
art:0.66975
sacrifice:0.6675
cerebral:0.66725
affectionate:0.65275
depression:0.648
first contact:0.646
nudity (full frontal - notable):0.64575
so bad it's funny:0.64425
realistic:0.644
divorce:0.6425
catastrophe:0.641
too long:0.63675
imagination:0.6275
marriage:0.62425
drinking:0.624
visual:0.619
colourful:0.61825
plot:0.616
nudity (topless - notable):0.61175
sweet:0.6105
clever:0.607
art house:0.60675
artsy:0.606
bittersweet:0.60175
touching:0.597
good soundtrack:0.59125
light:0.5895
poetry:0.58125
prejudice:0.5805
alternate endings:0.57375
great cinematography:0.572
memory:0.569
chase:0.56875
quirky:0.56775
literature:0.56675
good acting:0.566
breathtaking:0.56575
culture clash:0.56525
entirely dialogue:0.561
obsession:0.56025
honest:0.55525
classic car:0.554
robot:0.55375
passionate:0.548
