screwball comedy:0.939
olympics:0.93675
tokyo:0.931
mentor:0.8955
wartime:0.80725
original:0.7525
oscar (best actress):0.7225
brutality:0.71225
romance:0.69475
witty:0.68275
runaway:0.67575
hotel:0.674
story:0.652
great movie:0.638
love story:0.6215
criterion:0.621
romantic comedy:0.608
clever:0.596
spy:0.58925
based on a play:0.58525
destiny:0.585
murder:0.58425
great:0.57825
farce:0.5765
storytelling:0.5685
comedy:0.5685
dialogue:0.56775
screwball:0.5595
pornography:0.53625
greed:0.53225
chase:0.53
art:0.5285
british:0.52775
humorous:0.5215
spies:0.5135
1960s:0.49975
pg-13:0.499
feel-good:0.499
espionage:0.4935
gangsters:0.49
predictable:0.4865
women:0.48
sexy:0.469
melancholic:0.4655
life & death:0.46425
catastrophe:0.4535
aging:0.44975
island:0.44875
enigmatic:0.44775
weird:0.447
light:0.4465
remake:0.44525
satirical:0.44375
corruption:0.4435
oscar (best supporting actress):0.44275
costume drama:0.44025
good soundtrack:0.437
fun movie:0.42275
spanish:0.4225
prejudice:0.41675
fun:0.41525
great ending:0.41275
world war ii:0.412
suprisingly clever:0.41175
drama:0.399
nocturnal:0.39825
alternate endings:0.39025
revenge:0.38975
homeless:0.38725
time:0.38575
spying:0.3805
unlikeable characters:0.37925
classic:0.3765
movielens top pick:0.3745
potential oscar nom:0.37425
bdsm:0.36875
forceful:0.36825
fantasy world:0.36375
england:0.36125
talky:0.3595
redemption:0.359
whimsical:0.35525
unusual plot structure:0.349
idealism:0.349
hitman:0.34625
romantic:0.3425
passionate:0.34
slapstick:0.3355
happy ending:0.3355
classic car:0.33525
entirely dialogue:0.33525
family:0.33425
twists & turns:0.332
oscar (best directing):0.33025
relationships:0.32875
culture clash:0.3275
censorship:0.325
police investigation:0.32225
assassin:0.321
stylish:0.3175
