oscar (best supporting actor):0.99425
oscar (best directing):0.878
great acting:0.857
great dialogue:0.8425
relationships:0.84025
talky:0.8255
oscar (best supporting actress):0.81375
dialogue:0.7945
oscar (best actress):0.777
melancholic:0.759
writers:0.7455
oscar:0.73875
rags to riches:0.7345
enigmatic:0.72625
oscar (best picture):0.7035
narrated:0.70275
original:0.70225
storytelling:0.69475
entirely dialogue:0.686
complex:0.675
loneliness:0.67375
hollywood:0.67175
bittersweet:0.6615
character study:0.65475
imdb top 250:0.64925
cynical:0.636
intimate:0.633
cinematography:0.60525
drinking:0.60475
witty:0.5855
corruption:0.58275
unlikely friendships:0.55875
pointless:0.5535
friendship:0.553
good soundtrack:0.552
honest:0.54175
clever:0.53975
redemption:0.537
criterion:0.52825
gangsters:0.52625
dysfunctional family:0.52375
oscar (best cinematography):0.52
reflective:0.518
very interesting:0.51775
drama:0.5105
runaway:0.51
romantic:0.50775
affectionate:0.50125
passionate:0.49425
crime gone awry:0.4935
multiple storylines:0.492
great ending:0.48725
allegory:0.474
social commentary:0.47375
beautifully filmed:0.462
1950s:0.455
based on a play:0.455
writing:0.45425
exceptional acting:0.452
obsession:0.4515
melancholy:0.45075
story:0.448
catastrophe:0.44125
satirical:0.438
downbeat:0.4365
pornography:0.43175
great:0.42875
oscar (best writing - screenplay written directly for the screen):0.428
whimsical:0.428
destiny:0.42425
depression:0.4235
nostalgic:0.42125
gunfight:0.421
mentor:0.4185
culture clash:0.417
suprisingly clever:0.41475
neo-noir:0.41475
dramatic:0.4145
adultery:0.40075
intellectual:0.396
sexy:0.39425
not funny:0.39225
good:0.392
murder:0.389
harsh:0.3845
moral ambiguity:0.3815
good dialogue:0.3815
unusual plot structure:0.381
golden palm:0.37975
film noir:0.3745
alter ego:0.37425
absurd:0.36625
betrayal:0.365
spanish:0.363
interesting:0.3625
breathtaking:0.361
tragedy:0.36
adaptation:0.35475
greed:0.35425
romance:0.351
