fun movie:0.96225
kids:0.88525
children:0.859
childhood:0.85675
family:0.7675
fun:0.76625
original:0.7545
dragons:0.67975
based on a book:0.67825
books:0.66
cute:0.6505
girlie movie:0.63075
magic:0.627
kids and family:0.61575
fantasy world:0.60725
cute!:0.5865
nostalgic:0.57825
fantasy:0.54825
adaptation:0.51625
silly fun:0.5105
special effects:0.4995
great:0.47925
goofy:0.479
silly:0.4785
based on book:0.47575
adapted from:book:0.4565
weird:0.45175
cheesy:0.451
teen movie:0.4415
predictable:0.439
catastrophe:0.433
love:0.42925
feel-good:0.429
mentor:0.426
adventure:0.39475
good soundtrack:0.3925
musical:0.384
bullying:0.38
whimsical:0.36525
school:0.35475
pornography:0.3505
horses:0.35
great ending:0.3475
culture clash:0.34525
dialogue:0.337
destiny:0.33225
literature:0.331
good:0.33
light:0.32775
witches:0.32575
not funny:0.32225
guilty pleasure:0.3205
runaway:0.3195
feel good movie:0.3125
brutality:0.31075
dance:0.30925
so bad it's funny:0.3085
happy ending:0.30325
creativity:0.3015
first contact:0.30125
music:0.29825
camp:0.29575
awesome soundtrack:0.2955
sci fi:0.295
transformation:0.29275
book was better:0.292
story:0.2915
talking animals:0.291
natural disaster:0.285
80s:0.28175
imagination:0.2815
quirky:0.27625
storytelling:0.276
parallel universe:0.27525
justice:0.27225
redemption:0.26775
bad plot:0.26775
unusual plot structure:0.26575
dreams:0.26425
queer:0.2615
crude humor:0.257
entertaining:0.25575
cartoon:0.25425
monkey:0.25375
multiple storylines:0.2475
beautiful scenery:0.2475
great movie:0.24425
oscar (best directing):0.24275
animals:0.2425
life philosophy:0.2395
entirely dialogue:0.2385
cult film:0.23675
awful:0.23675
very funny:0.236
passionate:0.23575
cinematography:0.23425
lone hero:0.23425
nudity (full frontal - brief):0.234
revenge:0.234
muppets:0.2325
