vampires:0.99775
werewolves:0.99775
vampire:0.99425
action:0.97625
sequels:0.972
werewolf:0.96875
sequel:0.94575
good sequel:0.94375
immortality:0.92975
fight scenes:0.914
nocturnal:0.86775
mythology:0.86
gothic:0.8265
action packed:0.8225
good action:0.81975
crappy sequel:0.8165
big budget:0.8125
special effects:0.81075
franchise:0.7905
goth:0.75375
betrayal:0.72875
based on a comic:0.72525
pg-13:0.72425
gory:0.71975
original:0.70825
supernatural:0.7045
cool:0.67525
blood:0.66525
video game adaptation:0.64275
dynamic cgi action:0.63925
better than expected:0.63875
dialogue:0.63825
visually appealing:0.623
apocalypse:0.6195
disappointing:0.6
story:0.59425
transformation:0.59075
computer game:0.58875
weapons:0.58625
revenge:0.5845
fast paced:0.582
fighting:0.5655
heroine in tight suit:0.56
vengeance:0.556
lone hero:0.54925
prequel:0.5325
mentor:0.5035
cgi:0.498
great ending:0.496
sexy:0.493
superheroes:0.48225
predictable:0.47775
catastrophe:0.4755
bad cgi:0.47075
bad plot:0.47075
chase:0.4695
visually stunning:0.46775
destiny:0.46225
survival:0.4605
graphic novel:0.45425
plot:0.44575
great:0.443
plot holes:0.43025
car chase:0.4275
so bad it's funny:0.42125
bloody:0.4185
fantasy world:0.41775
mutants:0.4105
not funny:0.40725
monster:0.4025
original plot:0.4
super hero:0.38425
stylized:0.38425
violence:0.3835
splatter:0.3825
monsters:0.37475
violent:0.3745
brutality:0.3725
comic book:0.3715
dark hero:0.3675
fantasy:0.36725
silly:0.36475
trilogy:0.363
good:0.36175
bad acting:0.36
no plot:0.3575
stylish:0.33775
video game:0.33625
storytelling:0.33375
visual:0.331
good soundtrack:0.329
adaptation:0.3265
alter ego:0.32025
based on comic:0.31575
pointless:0.314
life philosophy:0.31175
beautiful scenery:0.30975
romance:0.3035
sci fi:0.30225
culture clash:0.2995
