political:0.89425
dramatic:0.89275
journalism:0.8895
secrets:0.87725
intense:0.872
plot twist:0.8655
story:0.8635
original:0.847
based on true story:0.835
twist ending:0.8235
sacrifice:0.814
drama:0.811
lawyer:0.80925
corruption:0.7995
great ending:0.7945
surprise ending:0.79425
complex:0.79075
justice:0.78925
lawyers:0.7855
politics:0.78225
twists & turns:0.776
betrayal:0.764
interesting:0.76
tense:0.7585
psychological:0.754
storytelling:0.7415
thriller:0.73625
identity:0.73
moral ambiguity:0.72425
thought-provoking:0.72025
based on a true story:0.71225
good:0.706
greed:0.6985
suspense:0.69775
mentor:0.68275
cerebral:0.6785
powerful ending:0.6705
plot:0.66675
twist:0.66625
true story:0.6365
clever:0.629
good acting:0.62425
intelligent:0.61975
excellent script:0.6185
pg-13:0.6075
oscar (best actress):0.6065
paranoia:0.6065
bad ending:0.60525
assassination:0.59525
conspiracy:0.591
morality:0.5885
investigation:0.58325
great acting:0.5795
dialogue:0.57875
manipulation:0.57025
propaganda:0.56575
catastrophe:0.56175
complicated:0.5555
excellent:0.554
spying:0.55025
good soundtrack:0.55025
writers:0.538
alternate endings:0.5245
exceptional acting:0.52325
destiny:0.52325
emotional:0.52025
freedom:0.5175
visually appealing:0.517
great movie:0.51125
courtroom drama:0.50425
very interesting:0.50075
underrated:0.49875
idealism:0.49225
psychology:0.491
oscar (best directing):0.48975
great:0.4835
redemption:0.4785
guilt:0.4785
cinematography:0.47375
unusual plot structure:0.47225
women:0.47125
cia:0.46025
runaway:0.4595
revenge:0.45925
surveillance:0.4575
tricky:0.4545
survival:0.45375
realistic:0.45175
oscar winner:0.443
police investigation:0.44075
social commentary:0.44025
plot holes:0.4385
happy ending:0.435
humanity:0.43275
relationships:0.43125
character study:0.427
entertaining:0.42375
nudity (full frontal - brief):0.423
very good:0.4205
prison:0.418
