musicians:0.9945
rock and roll:0.98775
intimate:0.953
lyrical:0.9195
narrated:0.91325
stylish:0.88825
documentary:0.8875
original:0.88275
good music:0.86725
weird:0.8605
melancholic:0.856
memory:0.85125
artistic:0.8505
cult classic:0.84525
enigmatic:0.83175
surreal:0.83125
musical:0.80475
biographical:0.79475
eccentricity:0.794
vengeance:0.7655
psychological:0.76275
good soundtrack:0.74575
very interesting:0.74575
creativity:0.74175
artist:0.73925
relationships:0.73225
life:0.729
stylized:0.713
social commentary:0.7085
cult:0.70475
philosophy:0.70375
melancholy:0.7025
pretentious:0.6995
nocturnal:0.69875
bleak:0.6955
highly quotable:0.6915
psychology:0.6915
biopic:0.67625
visually appealing:0.6605
interesting:0.65975
harsh:0.65725
music:0.64925
sexualized violence:0.6485
distopia:0.645
criterion:0.64325
cinematography:0.6415
brutality:0.63425
intense:0.633
obsession:0.6265
childhood:0.62625
drugs:0.62425
dark hero:0.62325
talky:0.62275
male nudity:0.622
irreverent:0.62
visual:0.619
cult film:0.6185
pornography:0.615
jesus:0.615
nudity (topless - brief):0.59875
corruption:0.59825
storytelling:0.5955
hit men:0.59475
immortality:0.59425
nudity (topless):0.58075
dialogue:0.57375
complex:0.56675
golden palm:0.5665
mental illness:0.56575
sexy:0.56175
twists & turns:0.5615
insanity:0.55225
philosophical:0.54975
fast paced:0.54325
special:0.53675
violence:0.5315
music business:0.531
hip hop:0.531
cerebral:0.5275
loneliness:0.526
dark:0.5255
gunfight:0.525
blood:0.5245
atmospheric:0.5225
realistic:0.51975
multiple storylines:0.51875
prejudice:0.51825
great ending:0.5175
kick-butt women:0.517
gory:0.508
reflective:0.50725
whimsical:0.5065
ironic:0.49975
independent film:0.4985
great music:0.49725
art:0.49525
very good:0.4925
depression:0.48725
original plot:0.48675
family drama:0.483
