cannibalism:0.99075
splatter:0.97825
controversial:0.96275
brutality:0.952
gruesome:0.95125
disturbing:0.9235
rape:0.9225
sexualized violence:0.91975
violence:0.8925
visceral:0.88125
hard to watch:0.8635
brutal:0.85925
pornography:0.8525
gory:0.85225
violent:0.84875
fake documentary:0.82225
social commentary:0.81925
cult classic:0.7675
horror:0.76725
grindhouse:0.7585
cult film:0.73175
torture:0.67575
reality tv:0.66375
original:0.64075
bloody:0.6345
jungle:0.63275
gore:0.62025
graphic novel:0.6045
gratuitous violence:0.6005
harsh:0.59425
nudity (full frontal - notable):0.5435
blood:0.532
serial killer:0.52875
insanity:0.5245
male nudity:0.49625
murder:0.4595
good soundtrack:0.456
animals:0.43975
intense:0.4285
macabre:0.42275
censorship:0.42225
sexual abuse:0.4165
vengeance:0.4135
catastrophe:0.3985
pointless:0.392
weird:0.38025
great ending:0.37675
stupid as hell:0.37175
revenge:0.37175
low budget:0.367
death:0.36675
mentor:0.3605
cult:0.35775
fantasy world:0.35675
overrated:0.35325
grim:0.353
demons:0.349
ironic:0.34575
creepy:0.34075
tense:0.336
scary:0.32925
goretastic:0.3265
doctors:0.323
so bad it's funny:0.31875
not funny:0.31575
justice:0.31375
weapons:0.313
melancholic:0.31275
dialogue:0.29575
adaptation:0.2955
nudity:0.28725
zombie:0.28125
masterpiece:0.27875
obsession:0.2775
campy:0.27675
satire:0.27475
great acting:0.273
voyeurism:0.2725
nudity (full frontal):0.26875
greed:0.26675
paranoid:0.26275
special effects:0.26175
corruption:0.2585
underrated:0.25575
psychological:0.2535
nudity (full frontal - brief):0.25325
first contact:0.253
life philosophy:0.25075
internet:0.2505
gritty:0.246
entirely dialogue:0.2415
satirical:0.23925
allegory:0.2385
storytelling:0.23675
predictable:0.236
sex:0.23375
queer:0.23325
mockumentary:0.232
lone hero:0.23175
forceful:0.2315
