kung fu:0.998
martial arts:0.9975
soccer:0.96775
comedy:0.94825
china:0.891
hong kong:0.87575
fight scenes:0.85
sports:0.842
original:0.8375
special effects:0.81025
funny:0.79675
silly fun:0.769
great:0.75575
fun movie:0.753
visual:0.70775
cult classic:0.701
goofy:0.694
humorous:0.69225
action:0.68925
fun:0.678
great movie:0.65675
very funny:0.647
silly:0.64675
cool:0.63675
hilarious:0.63175
fighting:0.62425
superheroes:0.61525
entertaining:0.5845
visually stunning:0.56725
humor:0.56675
mentor:0.547
feel-good:0.52975
transformation:0.52825
dynamic cgi action:0.52825
story:0.5185
good:0.509
brothers:0.50575
dialogue:0.50025
parody:0.4965
wuxia:0.49
good action:0.485
foreign:0.478
funny as hell:0.47775
good soundtrack:0.476
light:0.476
weird:0.4655
absurd:0.465
creativity:0.4635
chase:0.453
affectionate:0.45075
effects:0.4505
dragons:0.44875
breathtaking:0.448
slapstick:0.4455
storytelling:0.444
fast paced:0.4395
better than the american version:0.42525
feel good movie:0.42175
alter ego:0.41875
suprisingly clever:0.4145
weapons:0.41125
so bad it's funny:0.4085
culture clash:0.40775
stunning:0.406
irreverent:0.4055
cult film:0.40475
dark hero:0.4045
pg-13:0.40225
catastrophe:0.399
bad plot:0.39875
football:0.3985
visually appealing:0.39825
love story:0.398
vengeance:0.39475
great ending:0.394
fantasy:0.3925
quotable:0.391
destiny:0.387
fantasy world:0.38575
super hero:0.3845
computer game:0.38325
clever:0.382
underdog:0.3795
childhood:0.37575
brutality:0.375
special:0.37175
imagination:0.3715
quirky:0.36325
computer animation:0.361
cgi:0.35825
adaptation:0.35625
witty:0.34925
technology:0.3475
sci fi:0.3445
stylized:0.343
runaway:0.3385
tokyo:0.334
redemption:0.33375
allegory:0.326
grindhouse:0.32225
