visually stunning:0.9135
beautifully filmed:0.8705
stunning:0.85175
visual:0.8225
foreign:0.801
scenic:0.774
bleak:0.7475
harsh:0.7425
suprisingly clever:0.7235
artistic:0.7145
original:0.6905
breathtaking:0.68975
great soundtrack:0.68725
life philosophy:0.68525
criterion:0.6625
melancholic:0.6595
existentialism:0.65625
mentor:0.636
cinematography:0.6225
redemption:0.618
reflective:0.5955
golden palm:0.5765
oscar (best foreign language film):0.563
beautiful scenery:0.554
visually appealing:0.54975
art:0.5405
storytelling:0.5395
melancholy:0.519
fight scenes:0.50975
good soundtrack:0.50675
social commentary:0.50375
life & death:0.50375
life:0.4885
colourful:0.486
photography:0.47725
loneliness:0.476
free to download:0.4655
talky:0.46375
nature:0.46075
beautiful:0.45225
nocturnal:0.45075
very interesting:0.44875
cult classic:0.44175
allegory:0.438
independent film:0.43675
finnish:0.436
great:0.4315
intimate:0.43
documentary:0.42675
culture clash:0.42475
amazing photography:0.4225
childhood:0.4225
grindhouse:0.4135
catastrophe:0.40725
great cinematography:0.405
classic car:0.39975
great ending:0.39775
alternate endings:0.39175
complex:0.38875
not funny:0.38875
transformation:0.3865
weird:0.38625
enigmatic:0.3825
fantasy world:0.38075
philosophy:0.3785
immortality:0.3765
imagination:0.3735
road movie:0.37225
artist:0.3685
narrated:0.36675
masterpiece:0.3665
entirely dialogue:0.36525
self discovery:0.363
meditative:0.35975
good acting:0.35675
cerebral:0.35625
creativity:0.353
god:0.3505
feel good movie:0.34925
intellectual:0.345
movielens top pick:0.34475
prejudice:0.337
nudity (full frontal - notable):0.33675
afterlife:0.3315
stylized:0.3285
amazing cinematography:0.32775
atmospheric:0.32375
story:0.31825
nonlinear:0.3145
bollywood:0.3085
adventure:0.30575
tokyo:0.305
poignant:0.305
brutality:0.30375
friendship:0.3025
unlikely friendships:0.3015
dystopic future:0.293
feel-good:0.292
unusual plot structure:0.29
segregation:0.2875
