franchise:0.99725
serial killer:0.98225
twist ending:0.96525
torture:0.963
great ending:0.94475
mindfuck:0.93875
gory:0.931
horror:0.889
series:0.84075
slasher:0.84
brutal:0.8395
gore:0.8365
blood:0.8315
original:0.826
3d:0.81625
clever:0.815
detective:0.79325
twist:0.78075
surprise ending:0.7665
suspense:0.762
splatter:0.7465
gruesome:0.71625
plot holes:0.68
pointless:0.66675
predictable:0.63425
police investigation:0.61975
creativity:0.60575
revenge:0.6005
twists & turns:0.588
brutality:0.58625
insanity:0.58425
flashbacks:0.55425
bad ending:0.53425
scary:0.51975
death:0.5165
great movie:0.49125
bad plot:0.47725
bloody:0.477
creepy:0.4655
not funny:0.4515
writers:0.42
halloween:0.41425
parallel universe:0.40975
mentor:0.406
storytelling:0.39675
vigilantism:0.3965
catastrophe:0.39225
police corruption:0.38975
dialogue:0.389
teens:0.38775
vigilante:0.386
psychological:0.38375
complex:0.37875
bad acting:0.37275
corruption:0.367
nudity (full frontal):0.35325
sexualized violence:0.35225
stereotypes:0.343
claustrophobic:0.338
fantasy world:0.337
unfunny:0.32725
great:0.318
pornography:0.31525
overrated:0.3135
vengeance:0.3135
violence:0.31325
male nudity:0.313
adaptation:0.313
unlikeable characters:0.3085
justice:0.30525
fight scenes:0.303
bad cgi:0.30125
first contact:0.29825
reality tv:0.29325
destiny:0.291
sequel:0.29075
maze:0.2865
murder:0.28625
doctors:0.2825
suspenseful:0.28025
story:0.27975
horrible:0.278
sequels:0.27775
not as good as the first:0.27725
satirical:0.277
cult film:0.27425
disturbing:0.272
redemption:0.27025
plot twist:0.27
plot:0.2685
entirely dialogue:0.2675
technology:0.2645
idiotic:0.26425
silly fun:0.262
weird:0.2605
giant robots:0.25175
slapstick:0.2505
computer animation:0.25025
unintentionally funny:0.2495
cerebral:0.246
