chase:0.9655
africa:0.93975
animals:0.89325
adventure:0.87
animal movie:0.78825
runaway:0.76525
fun movie:0.7385
indians:0.73375
hunting:0.7145
good:0.69875
fast paced:0.698
mentor:0.69125
great:0.68625
great movie:0.673
original:0.6715
gunfight:0.6615
romance:0.6475
vengeance:0.63675
family:0.61775
good music:0.61775
light:0.6085
comedy:0.6015
good action:0.593
funny:0.58425
california:0.575
lions:0.57225
action:0.561
jungle:0.55225
action packed:0.547
dialogue:0.52325
pornography:0.51975
good soundtrack:0.51775
entertaining:0.505
lone hero:0.505
great ending:0.49925
stereotypes:0.489
fun:0.487
ensemble cast:0.48425
classic car:0.47875
witty:0.4695
animated:0.4565
police investigation:0.45525
adapted from:book:0.4495
scenic:0.44875
quotable:0.44525
catastrophe:0.44475
highly quotable:0.443
culture clash:0.43075
exciting:0.42825
justice:0.42375
redemption:0.42375
harsh:0.4215
underrated:0.421
great acting:0.42025
sexy:0.419
hitman:0.41725
oscar winner:0.41675
storytelling:0.41575
romantic:0.411
plot:0.406
very funny:0.40425
corruption:0.4025
suprisingly clever:0.39625
murder:0.39375
nudity (full frontal - brief):0.391
fantasy world:0.38825
based on book:0.3855
friendship:0.384
beautiful scenery:0.38275
unlikely friendships:0.38075
revenge:0.379
greed:0.37675
gangs:0.37625
adoption:0.373
forceful:0.3715
childhood:0.36975
assassination:0.36875
oscar (best directing):0.36125
stylish:0.35875
tense:0.35275
homeless:0.35225
humorous:0.35025
not funny:0.34925
family drama:0.34725
cool:0.3435
imdb top 250:0.34175
clever:0.3395
very interesting:0.3385
hilarious:0.337
original plot:0.332
native americans:0.33
earnest:0.328
1970s:0.32675
classic:0.3235
interesting:0.32275
criterion:0.32175
story:0.3215
conspiracy:0.321
cinematography:0.3185
intense:0.31825
