dark humor:0.9735
high school:0.9735
teen:0.95875
satirical:0.95725
cynical:0.9275
sarcasm:0.91775
satire:0.8915
teacher:0.88275
dark comedy:0.875
midlife crisis:0.8655
loneliness:0.8635
black comedy:0.84575
teen movie:0.8445
manipulation:0.8055
witty:0.801
original:0.77275
very funny:0.74625
sexuality:0.74025
teens:0.739
honest:0.73875
obsession:0.73675
social commentary:0.73375
adolescence:0.73325
adultery:0.717
politics:0.71575
narrated:0.70975
good soundtrack:0.70775
suburbia:0.70725
irreverent:0.69725
teenager:0.6955
off-beat comedy:0.69225
humorous:0.6695
great acting:0.66475
teenagers:0.65775
depression:0.6535
downbeat:0.64025
biting:0.64025
deadpan:0.638
bleak:0.6315
affectionate:0.62225
pornography:0.622
comedy:0.62125
crime gone awry:0.61675
independent film:0.61325
talky:0.60525
workplace:0.60525
sexual:0.60425
quotable:0.60175
dialogue:0.601
cult film:0.6005
drinking:0.599
runaway:0.592
allegory:0.59
cheerleading:0.58825
cult classic:0.58825
clever:0.58525
exceptional acting:0.584
indie:0.5775
golden palm:0.57
morality:0.556
interesting:0.555
coming of age:0.55475
corruption:0.5525
funny:0.55225
character study:0.55175
mentor:0.5505
gay character:0.54775
school:0.5425
harsh:0.5395
good acting:0.539
dysfunctional family:0.538
weird:0.537
criterion:0.53025
very interesting:0.519
stereotypes:0.51425
absurd:0.512
catastrophe:0.51125
oscar (best actress):0.50425
dramatic:0.50075
lesbian:0.49825
quirky:0.49675
mtv:0.496
realistic:0.49575
greed:0.49425
melancholic:0.4895
relationships:0.487
foul language:0.47525
brutality:0.47425
life philosophy:0.473
unlikely friendships:0.46625
stylized:0.46625
great ending:0.46325
parenthood:0.462
oscar (best directing):0.46025
political:0.45775
friendship:0.456
twists & turns:0.4555
awesome soundtrack:0.45475
ironic:0.4545
very good:0.45375
