distopia:0.99925
future:0.998
futuristic:0.997
science fiction:0.99325
dystopia:0.988
sci-fi:0.9865
scifi:0.977
sci fi:0.96075
technology:0.889
end of the world:0.83775
original:0.82425
dystopic future:0.81925
great ending:0.81875
alone in the world:0.81075
thought-provoking:0.8105
intelligent sci-fi:0.8085
visual:0.80675
visually appealing:0.79825
twist ending:0.79675
bleak:0.787
mentor:0.761
utopia:0.749
cerebral:0.74075
post apocalyptic:0.73925
investigation:0.7385
conspiracy:0.73575
environment:0.734
existentialism:0.7275
post-apocalyptic:0.72075
detective:0.71925
genetics:0.719
grim:0.71475
greed:0.71125
global warming:0.69175
murder:0.69
first contact:0.6845
special effects:0.6705
story:0.6705
secrets:0.665
suspense:0.66375
corruption:0.6635
interesting:0.66225
food:0.65325
fighting the system:0.65025
very interesting:0.64325
catastrophe:0.63725
space:0.61125
visually stunning:0.60175
homeless:0.5985
ecology:0.59275
atmospheric:0.5855
enigmatic:0.5785
mindfuck:0.56675
humanity:0.5655
original plot:0.564
1970s:0.5565
storytelling:0.55625
allegory:0.55375
life & death:0.55225
downbeat:0.55075
imagination:0.5475
survival:0.53975
science:0.53875
complex:0.53675
classic:0.5325
paranoid:0.532
philosophy:0.53075
mystery:0.5305
surprise ending:0.5205
great:0.5195
death:0.5055
environmental:0.50475
social commentary:0.50375
based on book:0.50125
dialogue:0.50025
creativity:0.499
suspenseful:0.497
bad ending:0.496
oil:0.488
great movie:0.4845
based on a book:0.48075
good:0.48025
clever:0.476
clones:0.47475
harsh:0.47225
tense:0.46625
police investigation:0.465
cult classic:0.4565
unusual plot structure:0.45375
cinematography:0.45275
effects:0.45225
alternate reality:0.44925
transformation:0.44725
good acting:0.4365
silly fun:0.435
murder mystery:0.43025
parallel universe:0.429
tricky:0.428
ominous:0.426
android(s)/cyborg(s):0.421
