ninja:0.99925
franchise:0.981
mutants:0.93825
good sequel:0.93625
goofy:0.917
sequel:0.91375
silly fun:0.90775
nostalgia:0.9075
based on a comic:0.87575
sequels:0.842
original:0.799
martial arts:0.792
based on a tv show:0.783
weapons:0.74425
adapted from:comic:0.743
comic book:0.7275
fight scenes:0.7275
mentor:0.7065
superhero:0.66925
fun movie:0.6495
comics:0.6445
action:0.599
childhood:0.5985
slapstick:0.591
bad plot:0.56875
crappy sequel:0.54275
superheroes:0.53875
vigilantism:0.5335
vengeance:0.53
silly:0.50675
fun:0.502
secrets:0.50075
violence:0.5005
cartoon:0.49975
corny:0.48975
vigilante:0.4895
predictable:0.485
cool:0.4695
dialogue:0.446
alter ego:0.44175
family:0.43575
based on comic:0.43425
talking animals:0.4255
dinosaurs:0.423
kids:0.41625
good:0.4095
pointless:0.40575
big budget:0.4035
special effects:0.403
great ending:0.40125
super hero:0.40125
revenge:0.3995
super-hero:0.398
fighting:0.39475
brutality:0.38575
catastrophe:0.3805
destiny:0.37975
so bad it's funny:0.37575
adaptation:0.34575
life philosophy:0.345
storytelling:0.3435
overrated:0.33725
cheesy:0.3325
justice:0.33075
light:0.32975
transformation:0.32625
adventure:0.32325
sci fi:0.321
not funny:0.318
idiotic:0.31775
memory:0.31675
great:0.31375
nudity (full frontal - brief):0.312
entirely dialogue:0.311
campy:0.3075
first contact:0.306
humorous:0.30275
entertaining:0.291
nostalgic:0.28925
enigmatic:0.2885
pornography:0.28825
bad:0.28725
existentialism:0.2845
very funny:0.28225
original plot:0.28225
runaway:0.2785
stupid as hell:0.27475
violent:0.27425
culture clash:0.2735
multiple storylines:0.27225
nocturnal:0.2715
cult film:0.26975
stylized:0.26975
quirky:0.2675
fantasy world:0.26625
melancholic:0.26625
allegory:0.26575
immortality:0.2635
bad cgi:0.2625
cinematography:0.26075
