bittersweet:0.973
love story:0.9345
poignant:0.91225
beautifully filmed:0.90625
wartime:0.89875
childhood:0.88875
heartbreaking:0.8785
romantic:0.85825
friendship:0.8495
touching:0.84375
cinematography:0.841
romance:0.83475
world war ii:0.83375
meditative:0.82775
melancholic:0.82675
unlikely friendships:0.81675
story:0.81575
wwii:0.7995
hospital:0.795
sacrifice:0.78025
love:0.762
passionate:0.76075
beautiful scenery:0.7585
lyrical:0.7555
canada:0.75475
war:0.74925
bombs:0.7485
destiny:0.745
dreamlike:0.74375
original:0.73525
tear jerker:0.717
great movie:0.7165
adventure:0.71275
happy ending:0.71225
coming of age:0.711
relationships:0.71075
stunning:0.71
boarding school:0.7005
intimate:0.69825
breathtaking:0.697
tragedy:0.6935
emotional:0.6885
indians:0.6885
culture clash:0.6695
beautiful:0.669
survival:0.667
sentimental:0.6605
england:0.6495
great ending:0.64725
bleak:0.6345
visually appealing:0.62825
good:0.6235
sad:0.62
runaway:0.618
enigmatic:0.613
loneliness:0.61225
oscar (best directing):0.61
germany:0.60975
amazing photography:0.60625
oscar (best foreign language film):0.606
excellent script:0.60575
first contact:0.604
drama:0.60175
mentor:0.60075
girlie movie:0.6005
criterion:0.59525
great:0.594
visually stunning:0.58925
dialogue:0.58725
great cinematography:0.587
women:0.58425
dramatic:0.57175
earnest:0.56625
british:0.563
fantasy world:0.559
sweet:0.54675
harsh:0.54275
feel-good:0.53775
colonialism:0.5365
oscar (best actress):0.53275
pg-13:0.53275
realistic:0.52975
war movie:0.51825
coming-of-age:0.5145
fairy tale:0.51375
oscar (best cinematography):0.50625
foreign:0.50375
nudity (topless - notable):0.50225
excellent:0.49975
photography:0.49525
historical:0.491
compassionate:0.49
courage:0.4875
heartwarming:0.486
catastrophe:0.48275
melancholy:0.47575
transformation:0.47475
long:0.4725
sad but good:0.47175
oscar (best supporting actress):0.47175
