trilogy:0.993
man versus machine:0.9835
fight scenes:0.98175
visually stunning:0.9805
action:0.9785
technology:0.97825
virtual reality:0.973
cyberpunk:0.9675
future:0.96575
sci-fi:0.96425
big budget:0.964
dynamic cgi action:0.9605
revolution:0.96
action packed:0.94975
special effects:0.9405
carrie-anne moss:0.9385
robots:0.9315
fighting:0.9255
alternate reality:0.91775
visual:0.90975
crappy sequel:0.9095
dystopia:0.89775
scifi:0.89425
artificial intelligence:0.891
sci fi:0.89
science fiction:0.886
bad ending:0.8845
apocalypse:0.88275
martial arts:0.87425
great ending:0.871
post-apocalyptic:0.86975
end of the world:0.86
philosophical:0.846
philosophy:0.8435
existentialism:0.83025
original:0.82575
sequel:0.82075
franchise:0.813
futuristic:0.81275
visually appealing:0.81275
destiny:0.81
mythology:0.804
post apocalyptic:0.785
super-hero:0.76975
dialogue:0.7615
plot:0.761
story:0.759
original plot:0.73875
good sequel:0.735
dystopic future:0.731
catastrophe:0.7305
clones:0.73025
pg-13:0.7275
cool:0.7245
fantasy:0.7075
scifi cult:0.70525
storytelling:0.69575
complex:0.6875
first contact:0.6825
horrible:0.682
disappointing:0.6805
exciting:0.676
plot holes:0.676
computer game:0.67425
confusing:0.66075
alone in the world:0.64425
kung fu:0.63875
internet:0.63725
humanity:0.6345
car chase:0.63175
bad cgi:0.6315
natural disaster:0.631
intense:0.63075
multiple storylines:0.62675
thought-provoking:0.62625
sequels:0.6245
alternate endings:0.6235
good:0.615
effects:0.60825
survival:0.6075
hacking:0.6075
happy ending:0.6025
good action:0.598
distopia:0.598
cloning:0.59425
series:0.59425
utopia:0.592
fantasy world:0.56175
stunning:0.55975
sacrifice:0.559
predictable:0.5485
shallow:0.5475
giant robots:0.545
cgi:0.5435
robot:0.54275
cerebral:0.53975
epic:0.53975
mentor:0.527
so bad it's funny:0.522
bad acting:0.51425
