world war ii:0.99225
wwii:0.97975
segregation:0.883
military:0.868
big budget:0.8315
wartime:0.82375
history:0.8155
dialogue:0.7905
special effects:0.7755
nazis:0.77525
war:0.772
action:0.7585
pg-13:0.7565
aviation:0.75475
true story:0.751
best war films:0.7205
so bad it's funny:0.7085
catastrophe:0.70025
germany:0.686
factual:0.6825
courage:0.676
historical:0.6675
original:0.66
predictable:0.63125
destiny:0.63025
propaganda:0.62775
story:0.6155
us history:0.60775
bad acting:0.60025
bad cgi:0.55925
fighting:0.5485
german:0.52675
mentor:0.52125
nazi:0.515
bombs:0.5115
based on a true story:0.5065
enormously long battle scene:0.505
race issues:0.50175
fight scenes:0.50025
action packed:0.495
plot:0.49075
love story:0.48075
realistic action:0.4805
franchise:0.4795
great ending:0.47125
silly:0.464
romance:0.45775
prison escape:0.45175
good action:0.4405
natural disaster:0.4405
cheesy:0.43725
horrible:0.43725
storytelling:0.4355
good:0.43025
not funny:0.4275
camp:0.426
based on a book:0.4235
shallow:0.4225
unrealistic:0.41625
corny:0.41225
better than expected:0.40825
stereotypes:0.40475
dramatic:0.395
disaster:0.391
drama:0.389
bad plot:0.38225
war movie:0.38175
excellent script:0.37825
script:0.36825
intense:0.362
runaway:0.36175
sacrifice:0.36075
life philosophy:0.36075
stupid as hell:0.3565
entirely dialogue:0.35325
fantasy world:0.34825
dynamic cgi action:0.348
finnish:0.3475
death:0.34375
hip hop:0.3435
awful:0.33875
great:0.336
airplane:0.33475
brutality:0.3335
effects:0.332
justice:0.331
based on book:0.32575
first contact:0.32125
unfunny:0.32075
culture clash:0.32025
pulp:0.32025
family:0.31575
fascism:0.31375
cgi:0.31225
based on true story:0.30825
jews:0.307
teen:0.302
unusual plot structure:0.3005
crude humor:0.2975
weapons:0.295
