alien:0.9995
aliens:0.98775
sci-fi:0.98025
scifi:0.98
sci fi:0.976
space:0.9675
franchise:0.966
space travel:0.96125
plot holes:0.93775
technology:0.93275
science fiction:0.9325
visually stunning:0.92025
visually appealing:0.91775
alien invasion:0.911
visual:0.9105
prequel:0.89125
original:0.8875
androids:0.88475
future:0.88175
futuristic:0.87775
mythology:0.85
special effects:0.849
philosophical:0.8265
dialogue:0.826
first contact:0.823
god:0.81575
allegory:0.80975
great ending:0.80675
big budget:0.80525
suspense:0.8035
plot:0.78975
pointless:0.788
storytelling:0.7875
story:0.7865
scary:0.7635
weapons:0.75075
intense:0.748
suspenseful:0.741
cerebral:0.7235
pg-13:0.714
existentialism:0.71325
cinematography:0.706
catastrophe:0.698
original plot:0.698
script:0.69275
visuals:0.68325
humanity:0.6655
science:0.664
thought-provoking:0.6625
bad plot:0.66175
philosophy:0.65275
sacrifice:0.64975
survival:0.6455
effects:0.643
robots:0.6395
intelligent sci-fi:0.639
complex:0.63075
bad science:0.63025
greed:0.6265
action:0.62275
robot:0.6185
scenic:0.61425
destiny:0.60325
bad script:0.60275
archaeology:0.6025
space opera:0.59925
weird:0.59425
interesting:0.594
astronauts:0.5935
immortality:0.59225
enigmatic:0.58975
solitude:0.58775
dynamic cgi action:0.569
bad ending:0.562
redemption:0.55625
dark:0.5535
transformation:0.5515
predictable:0.551
genetics:0.55025
atmospheric:0.544
shallow:0.5425
good acting:0.53925
beautiful scenery:0.5315
adventure:0.51975
life philosophy:0.518
scifi cult:0.5175
so bad it's funny:0.51325
life & death:0.51125
good soundtrack:0.51125
cyberpunk:0.5105
social commentary:0.5075
exciting:0.5075
clever:0.505
loneliness:0.50025
better than expected:0.49875
cgi:0.4985
clones:0.496
good:0.49425
twists & turns:0.49275
epic:0.489
