japan:0.9945
golden palm:0.9775
samurai:0.97675
sword fighting:0.9655
visually stunning:0.93025
tokyo:0.9145
homosexuality:0.90125
cinematography:0.8875
japanese:0.87925
visually appealing:0.878
stunning:0.8595
melancholic:0.84775
visual:0.836
hit men:0.81575
gay character:0.81425
sword fight:0.81275
obsession:0.812
weird:0.80925
enigmatic:0.808
colourful:0.80575
beautiful:0.7845
very interesting:0.77775
beautifully filmed:0.7775
original:0.7495
masterpiece:0.73925
stylish:0.7355
vengeance:0.72175
art:0.7175
culture clash:0.7155
violence:0.7155
criterion:0.7095
complex:0.70825
secrets:0.698
storytelling:0.69575
intimate:0.69525
19th century:0.694
loneliness:0.68575
scenic:0.68525
childhood:0.671
sexuality:0.663
sexual:0.66125
unusual plot structure:0.66
dialogue:0.6575
stylized:0.6455
meditative:0.6435
drama:0.64325
bloody:0.642
psychological:0.63775
beautiful scenery:0.6325
good soundtrack:0.63225
fight scenes:0.62525
brutality:0.6215
relationships:0.613
love story:0.601
fantasy world:0.60075
art house:0.59575
foreign:0.587
erotic:0.57225
passionate:0.5675
runaway:0.56675
light:0.56425
complicated:0.55825
great soundtrack:0.55625
reflective:0.55575
amazing cinematography:0.553
adultery:0.55275
period piece:0.54525
story:0.54475
suprisingly clever:0.5225
pornography:0.5195
gay:0.51725
murder mystery:0.51625
sexy:0.5095
talky:0.5085
betrayal:0.508
sexualized violence:0.50625
spain:0.5045
solitude:0.50325
thought-provoking:0.50325
assassination:0.499
sacrifice:0.496
love:0.49475
male nudity:0.4945
tense:0.491
moral ambiguity:0.487
forceful:0.487
nonlinear:0.4835
great ending:0.47975
mentor:0.4775
cerebral:0.47275
british:0.467
ninja:0.463
classic car:0.46275
absurd:0.46175
breathtaking:0.458
psychology:0.45625
tragedy:0.4545
plot:0.4525
atmospheric:0.452
anime:0.45075
