terrorism:0.9875
tragedy:0.9185
documentary:0.868
heartbreaking:0.85825
original:0.81025
narrated:0.78525
intense:0.77375
us history:0.765
new york city:0.743
new york:0.735
courage:0.72575
realistic:0.6785
history:0.65025
propaganda:0.6405
politics:0.63325
life & death:0.6295
interesting:0.621
manipulation:0.612
catastrophe:0.6095
family:0.606
suspenseful:0.60225
forceful:0.58725
oscar (best directing):0.5725
idealism:0.569
melancholic:0.568
conspiracy:0.56575
honest:0.561
islam:0.554
historical:0.543
harsh:0.54075
chase:0.53825
political:0.534
light:0.5145
drama:0.5105
intimate:0.5025
sacrifice:0.4925
story:0.48375
brothers:0.4825
gunfight:0.479
true story:0.47575
good:0.4745
police investigation:0.4735
oscar winner:0.47325
children:0.4635
emotional:0.462
poignant:0.45725
nudity (full frontal - brief):0.4505
culture clash:0.44925
sad:0.4455
happy ending:0.44475
brutality:0.43925
violent:0.437
dark hero:0.43475
suspense:0.433
betrayal:0.43025
suprisingly clever:0.42875
hard to watch:0.4285
women:0.42675
good soundtrack:0.42075
runaway:0.4195
based on true story:0.41475
destiny:0.414
corruption:0.41325
visually stunning:0.4105
unusual plot structure:0.4095
mentor:0.40925
great:0.404
girlie movie:0.40125
oscar (best actress):0.39975
middle east:0.3975
brainwashing:0.396
alone in the world:0.392
dialogue:0.392
based on book:0.3915
disaster:0.38875
amazing photography:0.38475
natural disaster:0.38225
movielens top pick:0.38175
adapted from:book:0.379
9/11:0.377
lions:0.377
great ending:0.375
lone hero:0.3745
sad but good:0.3685
greed:0.36475
assassination:0.3635
vengeance:0.363
dramatic:0.36225
factual:0.3605
not funny:0.3585
childhood:0.358
hip hop:0.35725
spelling bee:0.35525
pg-13:0.352
business:0.35175
graphic design:0.35075
good acting:0.34925
death:0.348
excellent:0.34775
romantic:0.34625
