satire:0.9775
politics:0.9695
canada:0.91125
sarcasm:0.89625
satirical:0.871
military:0.85875
political:0.84175
comedy:0.808
president:0.7945
original:0.7445
stereotypes:0.719
corporate america:0.71
propaganda:0.705
iraq:0.69025
parody:0.68725
weapons:0.66
funny:0.6415
goofy:0.61925
absurd:0.61475
cold war:0.6075
silly:0.5995
conspiracy:0.58275
war:0.57375
very funny:0.553
hilarious:0.54825
storytelling:0.495
idiotic:0.49475
brutality:0.47325
great ending:0.47025
humorous:0.46125
stupidity:0.445
9/11:0.43925
great:0.4335
farce:0.42775
capitalism:0.42475
quirky:0.42325
predictable:0.4185
good:0.39425
controversial:0.38825
fun movie:0.388
catastrophe:0.38575
mentor:0.3855
corruption:0.384
destiny:0.3805
melancholic:0.3715
world politics:0.36725
spoof:0.3615
slapstick:0.36
silly fun:0.35625
fantasy world:0.353
bombs:0.35275
dialogue:0.35125
unfunny:0.34775
unusual plot structure:0.34525
islam:0.3395
nudity (full frontal - brief):0.336
good soundtrack:0.33275
light:0.33275
complex:0.3235
funny as hell:0.32275
so bad it's funny:0.3215
death:0.3165
fun:0.3155
humor:0.31175
greed:0.3115
clever:0.311
crude humor:0.3055
adaptation:0.3055
great movie:0.30475
pornography:0.29975
fight scenes:0.29475
first contact:0.29175
brainwashing:0.2915
beer:0.2905
life philosophy:0.28875
stylized:0.2865
suprisingly clever:0.2855
overrated:0.282
runaway:0.27775
off-beat comedy:0.277
story:0.27375
paranoid:0.27375
culture clash:0.2735
pointless:0.273
social commentary:0.27025
cult film:0.26875
harsh:0.26775
vengeance:0.26275
writers:0.261
black comedy:0.2605
justice:0.25775
criterion:0.25675
lone hero:0.25675
visually appealing:0.25425
adapted from:book:0.2535
cult classic:0.2535
bad plot:0.253
chase:0.25225
manipulation:0.25175
weed:0.25175
