sexualized violence:0.9905
weird:0.949
psychological:0.947
surreal:0.943
disturbing:0.93425
golden palm:0.9335
pornography:0.92025
enigmatic:0.91425
art house:0.912
psychology:0.89425
visceral:0.8565
insanity:0.83975
brutality:0.8325
cinematography:0.8325
criterion:0.8135
controversial:0.81
sexual:0.8025
violence:0.7955
sex:0.7765
guilt:0.7475
depression:0.727
psychiatry:0.725
ominous:0.72025
strange:0.7185
art:0.7155
obsession:0.7115
macabre:0.6975
bleak:0.6965
dark:0.68525
death:0.66775
original:0.65475
dreamlike:0.648
stylized:0.63625
atmospheric:0.629
breathtaking:0.62675
melancholic:0.61775
artsy:0.617
violent:0.60925
intimate:0.60725
pretentious:0.6025
scary:0.59625
hallucinatory:0.59425
life & death:0.59
male nudity:0.58975
lynch:0.588
surrealism:0.58675
nudity (full frontal - notable):0.578
allegory:0.56875
splatter:0.5605
brutal:0.55175
sexual abuse:0.5425
storytelling:0.5385
marriage:0.538
artistic:0.537
nudity (full frontal):0.53325
torture:0.522
creepy:0.51275
cerebral:0.5035
gruesome:0.479
masterpiece:0.477
meditative:0.4745
harsh:0.47375
amazing cinematography:0.47
drama:0.4685
mental illness:0.46825
erotic:0.4615
nudity:0.46025
existentialism:0.45875
loneliness:0.45825
visually stunning:0.43225
grim:0.429
catastrophe:0.4285
visual:0.42775
complex:0.4225
absurd:0.42175
emotional:0.41875
intense:0.41725
hard to watch:0.40925
bloody:0.40875
beautiful scenery:0.40375
bizarre:0.403
visually appealing:0.40275
pointless:0.40025
grindhouse:0.398
biblical:0.3895
dialogue:0.3825
women:0.38225
paranoia:0.38225
black and white:0.37925
unique:0.37925
sexy:0.37425
downbeat:0.3725
horror:0.36975
twist:0.36775
artist:0.36725
great ending:0.3635
cult film:0.36075
police investigation:0.3605
slow:0.35925
reflective:0.35525
