prison:0.99
prison escape:0.955
mentor:0.94775
great acting:0.93125
violence:0.927
corruption:0.8865
brutality:0.88425
realistic:0.853
intense:0.84375
drama:0.8415
redemption:0.833
violent:0.8065
brutal:0.80625
original:0.806
chase:0.7725
dramatic:0.76525
great movie:0.76425
vengeance:0.758
justice:0.74725
politics:0.73875
fighting the system:0.7375
good:0.7235
good soundtrack:0.7185
survival:0.71325
good acting:0.71225
murder:0.71025
excellent:0.6875
suspense:0.67725
foul language:0.6705
great ending:0.6625
great:0.656
revenge:0.62825
action packed:0.62675
action:0.62275
tense:0.621
weapons:0.60975
dialogue:0.6075
honest:0.60525
harsh:0.6035
social commentary:0.5985
organized crime:0.59625
solitude:0.588
gangsters:0.588
plot:0.58725
imdb top 250:0.5825
story:0.582
life philosophy:0.57875
pg-13:0.56975
very good:0.56425
greed:0.56225
complex:0.56175
conspiracy:0.56075
gunfight:0.5605
emotional:0.55775
fast paced:0.55575
family:0.554
nudity (topless):0.543
interesting:0.54175
betrayal:0.53825
underrated:0.538
drinking:0.53775
gritty:0.5355
culture clash:0.5335
transformation:0.5255
courage:0.51775
fight scenes:0.5165
excellent script:0.50925
catastrophe:0.509
forceful:0.506
oscar (best directing):0.5035
hitman:0.49825
torture:0.48875
storytelling:0.487
talky:0.48375
crime:0.48025
life & death:0.47325
clever:0.472
sacrifice:0.46975
destiny:0.463
narrated:0.45975
gangs:0.4555
thriller:0.45225
gory:0.448
runaway:0.44725
stereotypes:0.4445
exceptional acting:0.43225
classic car:0.431
death:0.4265
suprisingly clever:0.42475
entertaining:0.419
oscar:0.4145
unusual plot structure:0.41075
idealism:0.40875
not funny:0.40875
twists & turns:0.40775
race issues:0.40475
light:0.40425
feel-good:0.40225
life:0.3985
alcatraz:0.3985
