romantic comedy:0.9955
chick flick:0.984
romantic:0.95425
happy ending:0.93525
girlie movie:0.8995
good romantic comedies:0.89225
love story:0.88175
romance:0.87775
comedy:0.819
cute!:0.79975
sweet:0.7975
cute:0.7285
lawyer:0.72825
feel-good:0.7255
predictable:0.71025
lawyers:0.68425
feel good movie:0.65375
original:0.64575
funny:0.61875
screwball comedy:0.5965
wedding:0.5935
good:0.5695
light:0.557
catastrophe:0.5525
fun movie:0.55025
better than expected:0.54275
destiny:0.4955
pg-13:0.49425
silly:0.49125
dialogue:0.48925
great:0.488
women:0.47925
fun:0.475
shallow:0.4565
secret service:0.45275
mentor:0.44475
stereotypes:0.4415
so bad it's funny:0.4235
great ending:0.41325
sappy:0.40825
very funny:0.4075
divorce:0.4065
unfunny:0.40575
sexy:0.39575
redemption:0.371
beautiful scenery:0.349
entertaining:0.347
culture clash:0.34225
runaway:0.34225
natural disaster:0.34125
new york city:0.34075
not funny:0.33575
police investigation:0.3255
family:0.30625
life philosophy:0.30475
fantasy world:0.2985
entirely dialogue:0.29275
clever:0.28925
relationships:0.28775
island:0.28725
pointless:0.2845
teen movie:0.284
bad plot:0.28225
chase:0.28125
adaptation:0.28125
witty:0.2795
good soundtrack:0.27875
first contact:0.2755
brutality:0.2735
fashion:0.27225
storytelling:0.27025
horrible:0.26725
transformation:0.26225
alternate reality:0.2585
suprisingly clever:0.25425
lone hero:0.25125
writers:0.2505
shopping:0.24975
love:0.2495
crude humor:0.249
idiotic:0.24675
internet:0.24575
overrated:0.2395
betrayal:0.23775
greed:0.237
unrealistic:0.23475
san francisco:0.23475
dog:0.23325
story:0.233
irish accent:0.2275
screwball:0.22625
plot:0.225
new jersey:0.22025
vengeance:0.214
marriage:0.20825
fight scenes:0.206
guilty pleasure:0.204
honest:0.2035
interracial romance:0.1985
switching places:0.198
