bdsm:0.99975
sexual:0.98825
erotic:0.98
sex:0.913
sexuality:0.884
pornography:0.8825
prostitution:0.88225
enigmatic:0.877
tokyo:0.8765
sexy:0.854
brutality:0.84875
vengeance:0.82025
brutal:0.792
nudity (topless):0.77025
sexualized violence:0.762
nudity (full frontal - notable):0.75525
melancholic:0.75025
visually appealing:0.73325
surreal:0.72175
violence:0.7175
japan:0.69975
obsession:0.69525
grindhouse:0.665
drinking:0.665
original:0.66425
violent:0.66375
very interesting:0.651
male nudity:0.64175
stylish:0.637
art house:0.629
disturbing:0.6285
bizarre:0.6255
hotel:0.6175
art:0.612
good soundtrack:0.598
dialogue:0.5915
life philosophy:0.59075
dark hero:0.59
drugs:0.581
great ending:0.556
talky:0.554
complex:0.5385
criterion:0.5365
gangsters:0.5325
dark:0.52325
tense:0.51825
heroin:0.50925
so bad it's funny:0.50375
mentor:0.49925
nudity (topless - notable):0.4805
psychological:0.48025
nocturnal:0.4645
nudity (full frontal):0.4615
graphic novel:0.452
stylized:0.44375
cinematography:0.4425
murder:0.442
notable nudity:0.4415
torture:0.437
entirely dialogue:0.43675
adventure:0.43025
cult film:0.42925
cult classic:0.4275
catastrophe:0.42675
fantasy world:0.4265
controversial:0.42475
intimate:0.42425
censorship:0.4225
narrated:0.42175
survival:0.40725
crime gone awry:0.406
relationships:0.4025
adaptation:0.4
black comedy:0.39925
melancholy:0.397
adolescence:0.3965
suspense:0.39475
suprisingly clever:0.3945
dreamlike:0.394
sexual abuse:0.39325
kidnapping:0.38575
weird:0.385
gory:0.38375
indie:0.377
interesting:0.37475
harsh:0.37425
bad ending:0.37425
california:0.371
original plot:0.37075
revenge:0.37
pointless:0.36275
strange:0.36025
lone hero:0.35825
nudity (rear):0.35625
intense:0.35475
love story:0.34725
not funny:0.3425
life & death:0.33875
goretastic:0.338
nudity:0.33775
