latin america:0.99125
comedy:0.82525
original:0.67375
silly:0.6615
president:0.61225
fun movie:0.60975
secret service:0.6005
humorous:0.59875
very funny:0.59525
great:0.577
argentina:0.56375
unusual plot structure:0.53425
good:0.5335
goofy:0.52125
funny:0.52075
predictable:0.4875
farce:0.48125
great movie:0.473
mentor:0.4635
great ending:0.45275
transformation:0.448
silly fun:0.4395
adventure:0.43225
story:0.42825
catastrophe:0.423
entertaining:0.41575
existentialism:0.41125
destiny:0.40525
parody:0.4005
adaptation:0.394
special effects:0.3825
fantasy:0.37525
dialogue:0.37425
first contact:0.36825
fun:0.36475
lone hero:0.3625
culture clash:0.3595
life philosophy:0.35475
fantasy world:0.3475
spoof:0.34325
comic:0.3405
brutality:0.34025
unfunny:0.3375
light:0.3315
nudity (full frontal - brief):0.32875
alternate history:0.321
doctors:0.31525
nudity (rear):0.307
storytelling:0.301
bittersweet:0.2955
vengeance:0.29225
fight scenes:0.2895
alter ego:0.28875
absurd:0.288
good action:0.286
redemption:0.2795
feel-good:0.27825
secrets:0.2775
mad scientist:0.27725
chase:0.27625
not funny:0.272
paranoid:0.2715
runaway:0.27025
police investigation:0.2695
good soundtrack:0.26725
excellent:0.2645
campy:0.2635
so bad it's funny:0.262
drama:0.25825
family:0.25625
clever:0.255
anti-semitism:0.25425
sci fi:0.2515
death:0.24775
biographical:0.24725
cult film:0.245
corruption:0.24425
political:0.244
weapons:0.24375
politics:0.2425
visually appealing:0.2425
oscar (best directing):0.2405
life & death:0.24
humor:0.23975
big budget:0.23925
feel good movie:0.23825
oscar:0.23775
crude humor:0.2375
revolution:0.2375
justice:0.234
pornography:0.23375
overrated:0.232
allegory:0.2315
natural disaster:0.231
underrated:0.22925
oscar winner:0.2285
entirely dialogue:0.2275
happy ending:0.22675
melancholic:0.22575
science fiction:0.2255
