good action:0.97575
action:0.974
military:0.96575
weapons:0.92475
action packed:0.924
realistic action:0.91525
big budget:0.8065
chase:0.72625
explosions:0.72225
fight scenes:0.71875
original:0.701
predictable:0.69125
fun movie:0.67225
mentor:0.6225
fast paced:0.61375
entertaining:0.59325
lone hero:0.58475
cool:0.57775
vengeance:0.5695
middle east:0.5305
dialogue:0.5295
good:0.52175
great:0.515
pg-13:0.50025
great ending:0.4875
buddy movie:0.48475
death:0.4835
arms dealer:0.46175
life philosophy:0.44475
catastrophe:0.44425
fighting:0.443
superheroes:0.442
fun:0.42075
not funny:0.42
story:0.4165
revenge:0.41025
car chase:0.40575
golf:0.4055
stereotypes:0.3995
dark hero:0.39425
special effects:0.39275
idiotic:0.39175
runaway:0.3805
islam:0.379
bad plot:0.37725
super hero:0.37225
bad cgi:0.37175
adventure:0.3695
silly fun:0.35225
nudity (topless - notable):0.35175
suspense:0.3515
first contact:0.3405
feel-good:0.3325
adapted from:comic:0.33
great movie:0.32975
brutality:0.32725
80s:0.326
franchise:0.324
destiny:0.323
nuclear war:0.3155
nudity (topless):0.315
nudity (full frontal - brief):0.3145
so bad it's funny:0.314
plot:0.3105
transformation:0.308
classic car:0.30625
romantic:0.3
cheesy:0.29875
natural disaster:0.29875
camp:0.297
gunfight:0.29675
unfunny:0.29525
violent:0.29275
hostage:0.2905
adaptation:0.28875
entirely dialogue:0.2885
exciting:0.2875
bad:0.287
fantasy world:0.2865
guns:0.28475
storytelling:0.28375
betrayal:0.283
family:0.28175
passionate:0.28175
feel good movie:0.2815
unrealistic:0.28075
overrated:0.2795
unusual plot structure:0.278
nudity (rear):0.278
pointless:0.2755
submarine:0.2755
childhood:0.27525
redemption:0.2725
courage:0.2695
very funny:0.26825
murder:0.2645
good soundtrack:0.26375
better than expected:0.26275
violence:0.2615
pornography:0.26025
