kidnapping:0.973
suspenseful:0.8905
thriller:0.833
suspense:0.7845
vigilante:0.76175
serial killer:0.717
twists & turns:0.70025
survival:0.69425
chase:0.66025
plot holes:0.6525
conspiracy:0.65025
police investigation:0.63625
twist:0.59625
original:0.5745
paranoia:0.5745
so bad it's funny:0.5735
mystery:0.572
secrets:0.562
car chase:0.5215
sisters:0.51325
plot:0.50675
better than expected:0.49225
great ending:0.46925
police:0.46775
pg-13:0.4675
surveillance:0.46175
twist ending:0.45
predictable:0.44225
corruption:0.43025
bad ending:0.43
runaway:0.42825
catastrophe:0.42525
investigation:0.418
nudity (full frontal - brief):0.40975
dialogue:0.4005
classic car:0.39125
assassination:0.38475
not funny:0.38425
first contact:0.38025
pornography:0.37825
fast paced:0.375
intense:0.373
revenge:0.37
psychological:0.36525
mentor:0.35925
manipulation:0.353
sexy:0.35125
police corruption:0.347
spying:0.33825
justice:0.33125
happy ending:0.32625
chick flick:0.321
good:0.31625
psychiatry:0.30925
betrayal:0.30575
clever:0.30225
torture:0.3015
idiotic:0.30075
murder mystery:0.3005
detective:0.3
fbi:0.2995
great:0.29925
guilt:0.29925
life philosophy:0.2975
story:0.29325
storytelling:0.28575
suprisingly clever:0.28
tricky:0.27725
memory:0.27425
spy:0.27125
great acting:0.26525
life & death:0.263
psychiatrist:0.263
psychology:0.25775
unfunny:0.254
lone hero:0.25175
brutality:0.25
moral ambiguity:0.2485
adaptation:0.24825
identity:0.24775
espionage:0.24575
natural disaster:0.24325
cinematography:0.2385
sexualized violence:0.2385
vengeance:0.23825
stupidity:0.2295
writers:0.22875
blindness:0.22825
amnesia:0.228
unusual plot structure:0.22125
bad plot:0.2195
bank robbery:0.21675
entertaining:0.215
absurd:0.21425
tense:0.214
beautiful scenery:0.2135
culture clash:0.21025
crude humor:0.20975
philip k. dick:0.2085
fight scenes:0.20725
