mafia:0.99825
comedy:0.98225
organized crime:0.98125
mob:0.97925
psychiatrist:0.961
gangster:0.9585
gangsters:0.9435
funny:0.8945
psychiatry:0.8805
hit men:0.836
foul language:0.82375
good:0.8055
very funny:0.7765
original:0.76325
hilarious:0.758
great movie:0.727
great:0.7215
crime:0.671
fun movie:0.649
funniest movies:0.631
dramatic:0.6205
humorous:0.607
mentor:0.58875
parody:0.58275
dialogue:0.58275
unfunny:0.57575
psychology:0.57
pg-13:0.567
very good:0.56025
great ending:0.554
story:0.5355
sexualized violence:0.527
stereotypes:0.52475
fun:0.516
fast paced:0.506
destiny:0.504
chase:0.50175
betrayal:0.50075
family:0.5
predictable:0.4935
comic:0.49075
clever:0.483
excellent:0.4655
great acting:0.46475
doctors:0.461
entertaining:0.459
good soundtrack:0.45875
unlikely friendships:0.45775
violence:0.45025
plot:0.44875
drama:0.439
guilt:0.437
culture clash:0.43475
light:0.43475
storytelling:0.43425
goofy:0.4335
action:0.4275
adaptation:0.42575
corruption:0.42375
redemption:0.42325
runaway:0.41875
buddy movie:0.41825
catastrophe:0.41325
new jersey:0.411
suprisingly clever:0.40925
oscar winner:0.40375
good action:0.402
complex:0.39975
brutality:0.3995
crude humor:0.39825
excellent script:0.39575
funny as hell:0.39025
stylized:0.3805
spoof:0.37925
vengeance:0.374
better than expected:0.3695
intense:0.368
humor:0.366
oscar (best directing):0.35575
cerebral:0.35475
silly fun:0.354
good acting:0.35075
happy ending:0.34925
suspense:0.3445
psychological:0.344
pulp:0.34125
alter ego:0.33825
narrated:0.337
exceptional acting:0.328
revenge:0.326
life philosophy:0.323
screwball:0.3225
fight scenes:0.322
farce:0.32
melancholic:0.31975
satire:0.31375
entirely dialogue:0.3105
shallow:0.308
crazy:0.3075
new york:0.3075
