zombie:0.9865
zombies:0.98025
splatter:0.9675
so bad it's funny:0.804
stupid as hell:0.78425
original:0.773
irish accent:0.61925
visually appealing:0.61575
apocalypse:0.61375
island:0.5925
predictable:0.57175
survival:0.5655
pointless:0.53825
cult classic:0.521
monster:0.51325
dialogue:0.49675
melancholic:0.49525
low budget:0.4575
catastrophe:0.45725
weird:0.45675
life & death:0.45
overrated:0.44975
horror:0.4475
mentor:0.43875
fantasy world:0.43575
great ending:0.42675
mad scientist:0.42675
cult film:0.418
satirical:0.4175
scary:0.4035
not funny:0.398
brutality:0.3975
death:0.392
bad acting:0.3895
bad cgi:0.387
gunfight:0.38625
bad plot:0.38475
storytelling:0.37725
redemption:0.37525
finnish:0.373
satire:0.37175
entirely dialogue:0.365
stereotypes:0.35775
demons:0.3565
multiple storylines:0.3555
talky:0.35
family:0.347
idiotic:0.34625
social commentary:0.346
slapstick:0.34125
internet:0.33775
fight scenes:0.335
monsters:0.3295
bloody:0.3285
solitude:0.3215
unfunny:0.316
franchise:0.316
first contact:0.3125
runaway:0.308
gory:0.3035
transformation:0.302
grindhouse:0.30075
fantasy:0.29975
camp:0.299
lone hero:0.299
dysfunctional family:0.29525
parody:0.295
allegory:0.29
pulp:0.28725
dark comedy:0.28225
adaptation:0.282
life philosophy:0.2815
writers:0.2795
boring:0.278
cinematography:0.2735
special effects:0.2725
nudity (topless - notable):0.268
weapons:0.266
wilderness:0.266
natural disaster:0.26075
brainwashing:0.25925
trilogy:0.257
gore:0.25475
plot holes:0.25475
afi 100 (movie quotes):0.25375
family drama:0.25375
nudity (full frontal - notable):0.2525
fun:0.251
very funny:0.251
unusual plot structure:0.25
justice:0.24825
nocturnal:0.247
snakes:0.24575
destiny:0.245
black comedy:0.2405
imdb top 250:0.23925
crude humor:0.2375
pornography:0.237
chase:0.23675
violence:0.23675
