civil war:0.99425
history:0.98325
historical:0.95575
slavery:0.9105
war:0.90675
american civil war:0.8805
us history:0.8385
dialogue:0.6945
original:0.6775
story:0.66375
revolution:0.65425
factual:0.6055
based on a book:0.56175
best war films:0.54025
christian:0.5375
too long:0.53225
war movie:0.5245
courage:0.47925
god:0.4785
mentor:0.4695
betrayal:0.45475
catastrophe:0.44175
script:0.4345
computer animation:0.4255
storytelling:0.42325
dramatic:0.4065
epic:0.403
military:0.40275
complex:0.3965
long:0.38825
adaptation:0.3865
predictable:0.3835
fighting:0.38075
great ending:0.37875
brutality:0.3755
great:0.366
united nations:0.3625
freedom:0.35875
beautiful scenery:0.35775
life philosophy:0.35
excellent script:0.3365
wartime:0.32775
harsh:0.32225
cinematography:0.321
culture clash:0.31475
period piece:0.3125
entirely dialogue:0.31075
not funny:0.3045
politics:0.304
books:0.30125
runaway:0.29575
bloody:0.29
first contact:0.2815
good:0.27975
disaster:0.277
pornography:0.2735
death:0.27325
irish accent:0.273
bad plot:0.264
based on book:0.25975
big budget:0.259
islam:0.256
world war i:0.25175
good soundtrack:0.2515
destiny:0.24875
action:0.248
vengeance:0.248
fight scenes:0.24575
pg-13:0.2425
overrated:0.24225
drama:0.2415
action packed:0.241
trilogy:0.239
unfunny:0.23675
fantasy world:0.2365
nudity (full frontal - brief):0.22925
ethnic conflict:0.2275
melancholic:0.2265
prequel:0.2235
camp:0.2215
quirky:0.22025
weapons:0.21975
rebellion:0.21925
sacrifice:0.21875
passionate:0.21875
propaganda:0.2185
oscar (best directing):0.21775
oscar:0.21775
transformation:0.214
imdb top 250:0.21275
lone hero:0.21225
breathtaking:0.212
visual:0.21125
multiple storylines:0.209
pointless:0.20825
visually appealing:0.2055
life & death:0.20525
slapstick:0.2035
writers:0.202
police investigation:0.20175
