teen:0.99275
teen movie:0.983
romantic:0.96825
teens:0.967
high school:0.9505
love story:0.936
romance:0.93325
relationships:0.929
good soundtrack:0.909
sweet:0.90375
love:0.87525
romantic comedy:0.8525
great ending:0.8485
great soundtrack:0.8445
teenager:0.8405
teenagers:0.82375
original:0.81725
chick flick:0.81125
80s:0.80775
1980s:0.80325
quotable:0.78675
great movie:0.765
awesome soundtrack:0.734
cult classic:0.725
great:0.72375
dialogue:0.71725
honest:0.70125
adolescence:0.693
drama:0.6705
friendship:0.66625
feel-good:0.65925
cheerleading:0.65325
mentor:0.64775
directorial debut:0.6395
coming-of-age:0.637
imdb top 250:0.6355
highly quotable:0.6315
good dialogue:0.62125
unlikely friendships:0.6155
pg-13:0.609
runaway:0.606
cool:0.60575
girlie movie:0.6025
coming of age:0.59075
excellent script:0.585
stereotypes:0.57625
suprisingly clever:0.57525
drinking:0.57175
realistic:0.57075
feel good movie:0.56375
comedy:0.5635
good:0.5615
beautiful scenery:0.56125
interesting:0.5585
england:0.5585
loneliness:0.554
geeks:0.54975
great acting:0.5435
vengeance:0.53475
gunfight:0.52775
clever:0.52425
bittersweet:0.52325
melancholic:0.52275
witty:0.52225
sappy:0.5175
storytelling:0.517
slackers:0.50725
fun movie:0.504
oscar (best writing - screenplay written directly for the screen):0.4965
life philosophy:0.49225
destiny:0.491
very interesting:0.49075
good acting:0.48525
oscar (best directing):0.48375
obsession:0.48325
happy ending:0.47975
classic:0.47625
light:0.4755
criterion:0.47475
culture clash:0.4725
talky:0.47
pornography:0.469
independent film:0.46625
rebellion:0.46025
chase:0.4595
childhood:0.452
quirky:0.44475
entirely dialogue:0.4405
heartbreaking:0.43525
social commentary:0.43275
good romantic comedies:0.43225
cult film:0.43075
complex characters:0.43
not funny:0.426
school:0.42575
betrayal:0.42525
catastrophe:0.424
affectionate:0.41675
intimate:0.41475
fun:0.41325
