nudity (topless - brief):0.862
hospital:0.86025
life philosophy:0.8255
oscar (best actress):0.81425
violence:0.81425
obsession:0.80725
foreign:0.79525
great acting:0.7655
melancholic:0.752
oscar (best directing):0.73975
great movie:0.7375
cathartic:0.73575
good soundtrack:0.71825
amnesia:0.67575
depression:0.6715
existentialism:0.65325
loneliness:0.646
relationships:0.624
stylish:0.62225
allegory:0.61575
film noir:0.6125
mentor:0.6105
macabre:0.607
life & death:0.59625
gunfight:0.59275
talky:0.56875
brutality:0.565
beautiful scenery:0.55875
enigmatic:0.55825
criterion:0.556
passionate:0.5535
nudity (rear):0.55325
artistic:0.547
insanity:0.5465
gangsters:0.54525
gypsy accent:0.5435
original:0.54125
beautifully filmed:0.54075
depressing:0.5395
memory:0.53175
destiny:0.5255
splatter:0.524
tense:0.5235
fight scenes:0.5155
mental illness:0.51125
interesting:0.5105
visual:0.505
guilt:0.50175
visually stunning:0.5
psychology:0.4985
cinematography:0.4965
storytelling:0.4855
claustrophobic:0.477
melancholy:0.47325
new york city:0.47125
hitman:0.46925
nudity (full frontal - brief):0.4675
betrayal:0.46325
adapted from:book:0.45825
life:0.45725
emotional:0.4535
drama:0.45325
tragedy:0.452
nonlinear:0.45175
crime:0.4425
visceral:0.44225
great:0.43925
masterpiece:0.43675
vengeance:0.4365
thriller:0.4355
exceptional acting:0.4335
beautiful:0.42175
great ending:0.41925
narrated:0.4185
suprisingly clever:0.41775
dreams:0.41425
identity:0.413
amazing photography:0.40875
sexualized violence:0.4065
solitude:0.4055
excellent script:0.405
social commentary:0.39225
honest:0.39225
infidelity:0.38875
hit men:0.388
downbeat:0.3865
twists & turns:0.38575
powerful ending:0.38375
catastrophe:0.38225
stylized:0.3815
love:0.38125
sad:0.38075
low budget:0.37975
idealism:0.3785
good acting:0.37825
twist:0.37825
biting:0.378
mafia:0.37575
dark humor:0.37325
erotic:0.37175
