future:0.99775
futuristic:0.9965
visually appealing:0.98525
sci-fi:0.98425
robots:0.9805
utopia:0.97075
scifi:0.9625
science fiction:0.94875
visually stunning:0.94775
technology:0.94425
end of the world:0.94375
sci fi:0.93625
dystopia:0.9355
alternate reality:0.91675
adventure:0.907
robot:0.88175
original:0.85725
destiny:0.85175
pg-13:0.829
alone in the world:0.82675
special effects:0.821
natural disaster:0.81425
visual:0.80925
creativity:0.784
fun movie:0.78325
catastrophe:0.78025
big budget:0.7695
plot holes:0.76325
lone hero:0.75375
teleportation:0.74575
dystopic future:0.74225
visuals:0.72725
storytelling:0.724
story:0.724
plot:0.719
bad ending:0.71725
parallel universe:0.70925
science:0.7065
cyberpunk:0.7025
good:0.6975
post-apocalyptic:0.68325
great ending:0.6735
action:0.66325
product placement:0.65975
fantasy world:0.659
imagination:0.65625
feel-good:0.6445
nasa:0.62775
first contact:0.615
androids:0.609
space program:0.60475
predictable:0.60325
global warming:0.59525
apocalypse:0.5935
entertaining:0.5895
artificial intelligence:0.582
philip k. dick:0.57975
post apocalyptic:0.57675
fantasy:0.57475
kids:0.56175
so bad it's funny:0.55525
environment:0.55325
disney:0.55175
feel good movie:0.551
complex:0.55
good soundtrack:0.54175
fairy tale:0.5405
very interesting:0.53925
distopia:0.53625
virtual reality:0.534
mentor:0.53275
dialogue:0.52825
inspiring:0.52525
whimsical:0.5205
better than expected:0.519
fun:0.51675
original plot:0.51425
brainwashing:0.51225
clever:0.512
allegory:0.5035
family:0.499
children:0.489
bad science:0.48375
shallow:0.4825
not funny:0.47325
light:0.47225
steampunk:0.46875
great:0.4665
space:0.46125
cgi:0.459
greed:0.45825
secrets:0.455
world politics:0.453
happy ending:0.4515
time travel:0.44875
android(s)/cyborg(s):0.44875
runaway:0.4475
mars:0.447
effects:0.44525
teen:0.44425
