criterion:0.993
meditative:0.981
life & death:0.9565
death:0.9435
lyrical:0.92975
reflective:0.922
cerebral:0.91775
existentialism:0.9155
masterpiece:0.899
surreal:0.88975
melancholy:0.87475
dreamlike:0.87325
enigmatic:0.86775
intimate:0.835
beautifully filmed:0.82575
golden palm:0.825
imagination:0.82375
poetry:0.8205
macabre:0.817
artistic:0.81625
oscar (best foreign language film):0.79975
melancholic:0.79675
visual:0.793
eerie:0.78975
talky:0.773
strange:0.76525
atmospheric:0.76375
breathtaking:0.7625
stylized:0.76
weird:0.75575
surrealism:0.74925
obsession:0.73725
immortality:0.72625
affectionate:0.7175
cinematography:0.71125
imdb top 250:0.70925
eccentricity:0.69675
black and white:0.6835
visually stunning:0.677
art house:0.67575
artist:0.66775
wartime:0.66575
allegory:0.64825
photography:0.64175
passionate:0.63475
art:0.6345
poignant:0.633
silent:0.625
narrated:0.61075
bleak:0.6015
light:0.596
classic:0.59575
original:0.59425
loneliness:0.58725
life philosophy:0.581
downbeat:0.5785
stunning:0.578
mythology:0.56725
beautiful scenery:0.5665
unusual plot structure:0.56025
runaway:0.55725
scenic:0.55575
suprisingly clever:0.53375
crime gone awry:0.52525
childhood:0.509
bittersweet:0.50775
1920s:0.506
storytelling:0.5005
great:0.492
creativity:0.488
french:0.4845
nocturnal:0.4825
philosophical:0.4825
france:0.47925
sacrifice:0.464
intellectual:0.46125
visually appealing:0.46125
transformation:0.46025
entirely dialogue:0.45875
culture clash:0.4555
rebellion:0.4475
pretentious:0.4465
whimsical:0.44375
love:0.44125
catastrophe:0.43725
secrets:0.436
great ending:0.426
cynical:0.42125
witty:0.419
beautiful:0.4135
oscar (best cinematography):0.4125
greed:0.41075
dialogue:0.40825
1950s:0.405
dreams:0.4045
fantasy:0.401
wistful:0.39375
radio:0.39
mentor:0.3895
lynch:0.38625
