animation:0.986
cartoon:0.96975
animated:0.80675
original:0.779
alternate reality:0.74825
sexy:0.729
rabbits:0.697
brutality:0.6655
action:0.657
cult film:0.65275
fantasy world:0.64925
fantasy:0.625
animals:0.57975
predictable:0.5665
nudity (topless - notable):0.5655
pointless:0.55625
pornography:0.535
nudity (full frontal - brief):0.51675
nudity (topless):0.51675
sexualized violence:0.50875
super hero:0.50375
good soundtrack:0.50225
cult classic:0.497
weird:0.494
violence:0.491
destiny:0.48925
dialogue:0.48725
surreal:0.478
shallow:0.47025
great ending:0.4645
pg-13:0.46025
alternate universe:0.4565
talking animals:0.455
cool:0.44975
so bad it's funny:0.44775
bad plot:0.446
wizards:0.43325
mentor:0.42675
las vegas:0.41925
adaptation:0.419
superhero:0.4095
psychedelic:0.40625
catastrophe:0.40025
super-hero:0.3985
first contact:0.39825
technology:0.398
twists & turns:0.39575
redemption:0.3895
dark hero:0.38525
life philosophy:0.38325
storytelling:0.37825
disaster:0.37825
fight scenes:0.37675
harsh:0.374
goofy:0.374
comic book:0.3715
happy ending:0.371
dc comics:0.3685
adapted from:comic:0.36625
allegory:0.364
chase:0.36175
anime:0.361
splatter:0.3605
bad:0.3535
graphic novel:0.353
not funny:0.35225
superheroes:0.342
entirely dialogue:0.3405
gangsters:0.33925
good:0.33425
overrated:0.33275
loneliness:0.328
nudity (full frontal - notable):0.32725
erotic:0.313
slapstick:0.30925
story:0.30925
multiple storylines:0.30675
comic:0.30175
death:0.30075
quirky:0.3005
alone in the world:0.2995
pulp:0.297
unfunny:0.29475
silly:0.291
horrible:0.291
lone hero:0.2905
internet:0.28975
high fantasy:0.2895
demons:0.2885
sci fi:0.286
grindhouse:0.2855
vengeance:0.28275
nudity (topless - brief):0.2825
police investigation:0.28025
family:0.276
criterion:0.272
visual:0.2715
stoner movie:0.271
suspense:0.2705
crime gone awry:0.2705
