slasher:0.995
franchise:0.99475
horror:0.99125
serial killer:0.97275
camp:0.9655
murder:0.9385
splatter:0.93375
teens:0.9335
supernatural:0.847
series:0.805
original:0.79975
nudity:0.79975
scary:0.79475
bloody:0.75275
brutality:0.74575
weapons:0.692
campy:0.64925
good sequel:0.642
predictable:0.64125
violence:0.617
goofy:0.61475
gruesome:0.611
gory:0.605
great ending:0.59975
awesome soundtrack:0.59325
bad plot:0.593
creepy:0.58925
halloween:0.57125
nudity (topless):0.5585
80s:0.545
humorous:0.54
pointless:0.53975
death:0.53625
blood:0.517
pornography:0.508
sequel:0.49675
suspense:0.48325
monster:0.468
teenagers:0.4675
effects:0.46725
gore:0.4545
zombie:0.45075
dialogue:0.449
sequels:0.44675
demons:0.44275
fun movie:0.4405
mentor:0.43525
cult film:0.4305
overrated:0.42525
goretastic:0.417
grindhouse:0.41675
fantasy world:0.411
brutal:0.40875
reality tv:0.40525
suspenseful:0.40475
nudity (full frontal):0.4025
idiotic:0.39725
cool:0.3945
vengeance:0.3935
storytelling:0.38275
first contact:0.38
catastrophe:0.37375
special effects:0.37
slapstick:0.36875
parody:0.3675
writers:0.36275
stupid:0.35925
not funny:0.3575
sexualized violence:0.356
crappy sequel:0.35425
adaptation:0.35225
silly:0.347
teen movie:0.3435
stupid as hell:0.3425
violent:0.3415
entirely dialogue:0.341
great:0.33725
intense:0.336
fight scenes:0.332
harsh:0.329
multiple storylines:0.32825
bad acting:0.32675
sci fi:0.32175
ridiculous:0.31925
stylized:0.3115
life philosophy:0.31125
good:0.311
revenge:0.31025
creativity:0.30875
family:0.3075
silly fun:0.306
so bad it's funny:0.30275
destiny:0.29925
twist ending:0.2985
unusual plot structure:0.298
action:0.29675
very funny:0.2965
good soundtrack:0.296
melancholic:0.29325
quirky:0.2925
