horror:0.97775
macabre:0.94225
splatter:0.9355
creepy:0.92775
adapted from:comic:0.914
gory:0.85975
cult classic:0.84325
cult film:0.83525
violence:0.83275
visceral:0.82375
brutality:0.82325
suspense:0.81075
revenge:0.79825
suspenseful:0.77775
stylish:0.77125
justice:0.76925
bloody:0.76675
vengeance:0.7665
great ending:0.754
original:0.7455
gruesome:0.73875
dark:0.73725
serial killer:0.72925
blood:0.719
story:0.7135
tense:0.6885
murder:0.68575
supernatural:0.656
violent:0.656
claustrophobic:0.646
storytelling:0.623
classic car:0.62025
teens:0.6145
psychological:0.606
twist:0.59
demons:0.5845
disturbing:0.581
grim:0.58
monster:0.57675
based on a comic:0.5705
scary:0.5655
survival:0.56425
life & death:0.55875
atmospheric:0.55825
sexualized violence:0.55475
goretastic:0.54875
social commentary:0.547
ironic:0.544
greed:0.53775
dark humor:0.53525
mentor:0.5335
strange:0.526
haunted house:0.51025
great:0.49325
transformation:0.49075
frightening:0.485
grindhouse:0.47375
weird:0.47275
brutal:0.47175
eerie:0.47175
ominous:0.4695
graphic novel:0.4675
hospital:0.466
death:0.46425
torture:0.4625
good soundtrack:0.45725
bullying:0.4555
nudity (topless):0.4495
harsh:0.4475
gore:0.445
blindness:0.44475
campy:0.432
twist ending:0.4305
surprise ending:0.4295
bad ending:0.42225
mental illness:0.42075
comics:0.416
guilt:0.4155
creativity:0.415
spying:0.4065
multiple storylines:0.403
dreams:0.401
catastrophe:0.392
clowns:0.391
suprisingly clever:0.38575
adaptation:0.38325
cult:0.381
doctors:0.37875
not funny:0.376
downbeat:0.371
low budget:0.367
goth:0.365
pornography:0.3645
allegory:0.3645
insanity:0.35425
nudity (full frontal - notable):0.35325
dialogue:0.35325
weapons:0.35225
wilderness:0.3445
censorship:0.34425
