allegory:0.8655
violence:0.79975
silly fun:0.78775
fight scenes:0.77
gangs:0.757
stylized:0.75375
vengeance:0.74825
redemption:0.74725
violent:0.74625
comedy:0.74275
brutality:0.67825
male nudity:0.67275
gangsters:0.65425
original:0.6445
hilarious:0.64325
so bad it's funny:0.62375
mentor:0.6
goofy:0.58925
amazing photography:0.587
harsh:0.57725
action packed:0.5705
light:0.56775
life philosophy:0.55775
camp:0.55325
fun movie:0.55275
slapstick:0.5515
unlikely friendships:0.53875
dumb but funny:0.5265
bullying:0.52525
great ending:0.52125
justice:0.5165
parody:0.51225
social commentary:0.512
good soundtrack:0.51
gunfight:0.5055
fast paced:0.503
satirical:0.50225
hostage:0.50225
unusual plot structure:0.49775
plot:0.48525
funny as hell:0.485
runaway:0.48425
criterion:0.4785
action:0.478
catastrophe:0.46975
weapons:0.46725
80s:0.4565
tokyo:0.45125
heist:0.4495
fighting:0.4415
humorous:0.4385
race issues:0.43775
existentialism:0.43725
guns:0.4345
stupidity:0.433
absurd:0.43175
stoner movie:0.4275
kidnapping:0.42425
dialogue:0.42325
suprisingly clever:0.418
brutal:0.417
kung fu:0.41625
entertaining:0.404
nudity (full frontal - brief):0.4005
classic car:0.4
weird:0.3965
gangster:0.392
foreign:0.39175
visceral:0.389
very funny:0.38875
dark humor:0.3875
crude humor:0.38275
childhood:0.38025
storytelling:0.37875
comic:0.37675
downbeat:0.3725
chase:0.3705
silly:0.3695
drama:0.36925
good action:0.364
cinematography:0.36275
crazy:0.362
car chase:0.362
story:0.362
drinking:0.36175
forceful:0.361
visual:0.3605
fantasy world:0.35975
creativity:0.35575
pornography:0.35225
great movie:0.35125
farce:0.35075
better than expected:0.34775
superheroes:0.344
fun:0.34275
great:0.34175
apocalypse:0.34
sexualized violence:0.338
very interesting:0.336
very good:0.33575
