depp & burton:0.993
dark fantasy:0.986
dark:0.97
visually appealing:0.9655
horror:0.9555
creepy:0.9535
visual:0.9525
visually stunning:0.94825
goth:0.93975
gothic:0.931
scary:0.9125
stylized:0.90475
cinematography:0.89175
atmospheric:0.8895
supernatural:0.888
macabre:0.87575
original:0.87575
small town:0.872
fairy tales:0.8635
storytelling:0.862
story:0.85125
mystery:0.845
weird:0.83825
18th century:0.83825
great movie:0.8345
fantasy:0.83125
gory:0.8245
surreal:0.81775
great:0.81425
great ending:0.80875
stylish:0.80375
eerie:0.79975
witch:0.79425
blood:0.78875
ghosts:0.783
fairy tale:0.77025
fantasy world:0.769
imagination:0.76625
stunning:0.7655
visuals:0.7625
special effects:0.76225
great acting:0.7605
suspense:0.7525
dreamlike:0.74
splatter:0.71125
nocturnal:0.707
police investigation:0.70675
adaptation:0.702
amazing photography:0.70025
oscar (best cinematography):0.69775
quirky:0.69
witches:0.688
period piece:0.6835
cult classic:0.67
murder:0.6675
secrets:0.66475
dialogue:0.66375
ghosts/afterlife:0.658
bloody:0.651
eccentricity:0.6495
good soundtrack:0.6465
special:0.639
good:0.63575
dark humor:0.63125
moody:0.62575
twist:0.62525
pg-13:0.6235
twist ending:0.612
excellent:0.612
graphic novel:0.6105
good acting:0.60975
colourful:0.606
interesting:0.60575
creativity:0.60575
classic:0.60375
vengeance:0.59925
spiders:0.598
investigation:0.597
violence:0.5935
clever:0.59225
gore:0.587
ominous:0.58675
amazing cinematography:0.5845
gruesome:0.58225
twists & turns:0.57875
transformation:0.578
intense:0.5775
effects:0.5765
murder mystery:0.57325
great cinematography:0.57125
dark hero:0.571
19th century:0.56625
based on book:0.56625
violent:0.566
demons:0.562
brutality:0.55975
beautifully filmed:0.558
cerebral:0.54925
fun movie:0.54675
light:0.5435
