action:0.9175
heist:0.896
betrayal:0.838
new orleans:0.7495
crime:0.71725
original:0.70025
thriller:0.7
good action:0.68325
chase:0.68125
action packed:0.67775
gangsters:0.67675
plot:0.67425
fast paced:0.674
twists & turns:0.65625
predictable:0.65225
corruption:0.6515
revenge:0.64775
plot holes:0.63125
car chase:0.615
visually appealing:0.60525
great ending:0.5715
vengeance:0.5595
assassination:0.55825
hitman:0.55575
lone hero:0.54225
mentor:0.53475
so bad it's funny:0.5285
fight scenes:0.52025
entertaining:0.51625
family drama:0.50175
murder:0.493
suspense:0.49175
dialogue:0.491
caper:0.4845
catastrophe:0.47525
intense:0.47475
bad plot:0.46175
violence:0.46175
twist:0.43725
kidnapping:0.434
suspenseful:0.418
better than expected:0.4175
drugs:0.39825
runaway:0.3835
police investigation:0.37875
not funny:0.37775
fantasy world:0.37175
pg-13:0.36325
pointless:0.362
family:0.36175
brutality:0.36075
remake:0.36075
police corruption:0.3575
mob:0.35275
storytelling:0.34725
violent:0.34025
underrated:0.33675
stylish:0.3325
good:0.32775
gritty:0.325
tense:0.32425
assassin:0.322
twist ending:0.31875
excellent script:0.318
undercover cop:0.316
bad ending:0.311
conspiracy:0.311
guns:0.31
unrealistic:0.3095
happy ending:0.30875
pornography:0.308
great acting:0.307
good soundtrack:0.3065
mafia:0.3065
stylized:0.304
adaptation:0.3
fbi:0.299
dysfunctional family:0.289
torture:0.2885
cinematography:0.28575
first contact:0.28
plot twist:0.27825
hit men:0.27675
gangster:0.27575
secrets:0.27225
bad acting:0.27025
life philosophy:0.26975
entirely dialogue:0.26875
clever:0.26325
culture clash:0.2615
gratuitous violence:0.26025
interesting:0.257
greed:0.2565
story:0.25275
realistic action:0.2525
surveillance:0.2505
drama:0.2495
neo-noir:0.24825
natural disaster:0.24775
irish accent:0.24525
