gambling:0.9905
addiction:0.94625
loneliness:0.932
existentialism:0.91125
criterion:0.88475
drinking:0.88
enigmatic:0.85575
obsession:0.84275
poker:0.84075
downbeat:0.83625
neo-noir:0.80875
bleak:0.80825
talky:0.8005
cynical:0.79075
1970s:0.78575
greed:0.78075
golden palm:0.775
original:0.76675
cerebral:0.76425
crime gone awry:0.76325
tense:0.72725
dialogue:0.711
good soundtrack:0.698
reflective:0.697
melancholy:0.692
character study:0.6865
weird:0.68425
intimate:0.68
gunfight:0.67825
cinematography:0.663
stylized:0.65725
fighting the system:0.65325
ironic:0.65125
melancholic:0.646
relationships:0.641
noir:0.63375
forceful:0.6315
oscar (best supporting actress):0.629
social commentary:0.624
california:0.6235
meditative:0.621
harsh:0.616
redemption:0.6105
visually appealing:0.6035
funny as hell:0.58975
suspense:0.58775
quirky:0.5875
great:0.5845
honest:0.57875
underrated:0.57775
las vegas:0.5775
imdb top 250:0.57225
witty:0.57
grim:0.569
culture clash:0.5625
gangsters:0.5625
entirely dialogue:0.5585
bullying:0.556
complex:0.55575
runaway:0.55525
bittersweet:0.55225
movielens top pick:0.54925
eccentricity:0.549
dark humor:0.54725
oscar (best directing):0.5425
great movie:0.53125
storytelling:0.5125
mentor:0.5115
depressing:0.5105
brutality:0.50425
psychological:0.50375
clever:0.5035
friendship:0.50225
transformation:0.50125
visual:0.49625
surreal:0.49425
poignant:0.492
affectionate:0.48975
unlikely friendships:0.4895
very interesting:0.48925
dark hero:0.48325
paranoid:0.4685
great ending:0.467
based on a play:0.461
surveillance:0.4545
life & death:0.451
drug addiction:0.4505
sarcasm:0.449
moral ambiguity:0.4455
classic car:0.444
atmospheric:0.434
visceral:0.43375
interesting:0.432
hotel:0.4245
nudity (topless - brief):0.4245
great acting:0.42425
moody:0.4165
police investigation:0.412
catastrophe:0.408
oscar (best actress):0.40775
