bullying:0.9885
adolescence:0.9675
drama:0.96075
great acting:0.90525
independent film:0.9045
indie:0.8985
moral ambiguity:0.88825
original:0.86275
revenge:0.8625
intense:0.86175
mentor:0.853
small town:0.852
pg-13:0.843
complex:0.828
good soundtrack:0.81675
powerful ending:0.81225
realistic:0.80625
coming of age:0.8035
loneliness:0.79875
storytelling:0.782
melancholic:0.7775
tense:0.77025
coming-of-age:0.769
suspense:0.76525
social commentary:0.7645
interesting:0.7585
foul language:0.75375
violence:0.75225
crime gone awry:0.74875
tragedy:0.74625
violent:0.74425
dialogue:0.74225
childhood:0.73975
great ending:0.73625
teenagers:0.73575
brutality:0.72375
kids:0.72075
good:0.7165
teen:0.71525
good acting:0.709
harsh:0.70775
friendship:0.702
oscar (best directing):0.695
justice:0.69425
redemption:0.68975
unlikely friendships:0.678
exceptional acting:0.678
vengeance:0.671
teenager:0.66575
morality:0.6555
bleak:0.6545
story:0.65425
imdb top 250:0.64975
cinematography:0.64575
disturbing:0.6455
dramatic:0.6405
guilt:0.639
drinking:0.635
teen movie:0.627
depression:0.626
excellent:0.62
murder:0.6145
runaway:0.6095
psychological:0.5995
ensemble cast:0.598
grim:0.5925
forceful:0.5875
corruption:0.5795
great movie:0.578
teens:0.567
great:0.5655
kids and family:0.56325
dark:0.56325
psychology:0.5565
happy ending:0.5545
police investigation:0.54825
pornography:0.54725
downbeat:0.545
visually appealing:0.54225
death:0.5415
plot:0.54125
school:0.54
stereotypes:0.538
crime:0.538
visceral:0.5375
golden palm:0.53475
heartbreaking:0.5335
weird:0.531
character study:0.531
emotional:0.5305
clever:0.5295
twists & turns:0.529
narrated:0.528
directorial debut:0.523
existentialism:0.5205
adapted from:book:0.51725
secrets:0.51575
suspenseful:0.5145
manipulation:0.513
depressing:0.5105
