original:0.89625
animation:0.875
immortality:0.87275
computer animation:0.80275
violence:0.712
sci-fi:0.7075
bad plot:0.67775
sci fi:0.6595
predictable:0.6565
animals:0.6505
lame:0.64825
dialogue:0.64275
sexy:0.63725
story:0.62575
vengeance:0.592
space:0.57675
animated:0.574
bad:0.5715
pointless:0.5655
cult classic:0.55925
brutality:0.53775
scifi:0.531
cartoon:0.5295
action:0.52775
fantasy:0.52575
storytelling:0.4975
fight scenes:0.48175
stupid as hell:0.478
catastrophe:0.4715
mentor:0.46025
sequel:0.45975
bloody:0.4575
good soundtrack:0.4495
action packed:0.436
first contact:0.435
pornography:0.42725
great ending:0.419
destiny:0.416
revenge:0.413
humorous:0.411
entirely dialogue:0.41075
art:0.4105
so bad it's funny:0.40725
adventure:0.399
awful:0.3945
crappy sequel:0.39325
plot:0.392
visual:0.39025
nudity:0.38825
redemption:0.388
adaptation:0.384
great:0.377
sexualized violence:0.375
cool:0.3735
quirky:0.36825
idiotic:0.36675
good:0.36425
nudity (full frontal - brief):0.36225
visually stunning:0.35925
creativity:0.3585
chase:0.3555
pg-13:0.355
fantasy world:0.35475
surreal:0.3505
goth:0.34975
good sequel:0.34425
family:0.33825
visually appealing:0.3365
stylized:0.332
camp:0.33075
horrible:0.3305
lone hero:0.329
disaster:0.328
shallow:0.3245
graphic novel:0.3235
anime:0.323
music:0.32125
overrated:0.31975
dumb:0.318
stereotypes:0.31775
pulp:0.31725
multiple storylines:0.314
entertaining:0.31125
nudity (topless - notable):0.30975
wizards:0.308
cult film:0.30725
fun:0.30275
remake:0.3
violent:0.295
dark hero:0.293
original plot:0.29175
life philosophy:0.29
artistic:0.28925
sequels:0.288
erotic:0.28625
great movie:0.28625
betrayal:0.285
suprisingly clever:0.28475
intense:0.28425
complex:0.284
