surprise ending:0.98875
supernatural:0.9835
ghosts:0.98125
twist ending:0.97975
creepy:0.96275
eerie:0.95425
scary:0.94575
great ending:0.93
haunted house:0.923
dark:0.922
suspense:0.9205
twists & turns:0.9145
afterlife:0.8995
great acting:0.8985
plot twist:0.89575
horror:0.8925
suspenseful:0.8925
atmospheric:0.89
ominous:0.8865
psychological:0.88425
frightening:0.8815
cinematography:0.87125
twist:0.86775
thriller:0.85975
tense:0.84975
mystery:0.84825
oscar (best directing):0.8405
original:0.83975
claustrophobic:0.8375
psychology:0.8305
storytelling:0.8155
intense:0.81325
drama:0.788
good acting:0.77475
visually appealing:0.774
secrets:0.75625
gothic:0.75
interesting:0.74875
excellent script:0.7375
cerebral:0.73425
story:0.73325
clever:0.73275
light:0.728
pg-13:0.714
weird:0.71025
death:0.701
good:0.69975
oscar (best supporting actress):0.694
oscar (best actress):0.69
excellent:0.68775
isolation:0.6825
children:0.6785
exceptional acting:0.67075
great movie:0.66875
enigmatic:0.65825
bad ending:0.65275
ghosts/afterlife:0.649
plot:0.648
great:0.6405
life & death:0.63925
macabre:0.626
stylish:0.61675
allegory:0.60275
complex:0.5945
imdb top 250:0.5875
amazing cinematography:0.586
visual:0.5845
imagination:0.584
alternate endings:0.58175
dramatic:0.58125
dialogue:0.58
police investigation:0.574
mindfuck:0.55675
alternate reality:0.54775
spanish:0.54275
visually stunning:0.54025
moral ambiguity:0.54
great cinematography:0.53525
special effects:0.53475
oscar:0.53425
social commentary:0.53125
unusual plot structure:0.53075
greed:0.529
very good:0.5265
original plot:0.526
paranoid:0.519
intelligent:0.513
first contact:0.5085
slow paced:0.50675
good soundtrack:0.50625
stylized:0.50375
catastrophe:0.5015
strange:0.49575
gory:0.49125
moody:0.49075
stunning:0.48625
powerful ending:0.485
runaway:0.4775
slow:0.476
based on book:0.468
