iraq:0.9815
iraq war:0.9595
war:0.95625
military:0.94375
documentary:0.94275
islam:0.93375
politics:0.9195
war movie:0.884
best war films:0.87125
violence:0.82325
anti-war:0.81525
hip hop:0.81475
political:0.8095
corruption:0.80075
journalism:0.7985
gulf war:0.7875
dramatic:0.779
bombs:0.72875
death:0.6795
vietnam war:0.67575
honest:0.66425
original:0.65175
brutality:0.64825
good soundtrack:0.648
forceful:0.63175
propaganda:0.63075
radio:0.61775
grim:0.6155
blood:0.6005
narrated:0.5845
sexualized violence:0.5805
police investigation:0.5725
great ending:0.554
tense:0.55075
reality tv:0.532
weapons:0.53
greed:0.529
intense:0.5275
wartime:0.5265
middle east:0.5265
ethnic conflict:0.5255
catastrophe:0.52475
interesting:0.52425
powerful ending:0.52
sacrifice:0.513
social commentary:0.51
storytelling:0.508
runaway:0.5055
us history:0.50125
courage:0.474
moral ambiguity:0.4735
story:0.455
harsh:0.4515
oscar (best directing):0.4485
disturbing:0.448
visceral:0.442
hard to watch:0.43975
realistic:0.43475
dialogue:0.43375
internet:0.428
vietnam:0.42375
mentor:0.4235
pornography:0.41975
stylized:0.41875
happy ending:0.41675
stereotypes:0.41625
history:0.4115
nudity (full frontal - brief):0.40775
culture clash:0.40775
women:0.4025
great:0.4
canada:0.399
gratuitous violence:0.39225
multiple storylines:0.3895
justice:0.3845
civil war:0.37275
violent:0.371
idealism:0.3685
manipulation:0.3685
oscar:0.36625
melancholic:0.3635
brainwashing:0.36325
finnish:0.3555
vengeance:0.355
torture:0.35425
revenge:0.35425
cinematography:0.35275
life philosophy:0.35175
good:0.351
alternate history:0.34775
excellent script:0.3475
pg-13:0.3455
segregation:0.3425
earnest:0.34175
capitalism:0.33925
not funny:0.33625
intimate:0.336
nudity (topless - notable):0.3345
brutal:0.334
guilt:0.33125
