shakespeare:0.99825
based on a play:0.98225
1930s:0.975
robert downey jr:0.96475
oscar (best supporting actress):0.89175
great acting:0.88625
england:0.88025
adaptation:0.84475
original:0.80875
fascism:0.8075
18th century:0.80275
betrayal:0.7965
oscar (best actress):0.78725
dramatic:0.78675
literature:0.76725
alternate history:0.74525
manipulation:0.73675
historical:0.73125
talky:0.73025
tragedy:0.692
corruption:0.67825
dialogue:0.654
interesting:0.62475
greed:0.60875
original plot:0.60125
wartime:0.5875
british:0.5855
passionate:0.5805
excellent:0.56975
great:0.56825
murder:0.56775
good:0.56075
oscar (best directing):0.55725
great ending:0.5555
great movie:0.54075
very interesting:0.5345
costume drama:0.52575
clever:0.50575
london:0.5035
atmospheric:0.5025
unusual plot structure:0.49925
adapted from:book:0.49625
great cinematography:0.4955
redemption:0.491
witty:0.4795
good soundtrack:0.478
earnest:0.4725
rebellion:0.47225
classic:0.4695
visually appealing:0.45725
politics:0.45575
runaway:0.453
brutality:0.4515
obsession:0.4485
death penalty:0.44575
entirely dialogue:0.44525
nazis:0.44275
crime gone awry:0.44175
idealism:0.4375
movielens top pick:0.4365
secrets:0.43575
stylish:0.43525
criterion:0.42725
twists & turns:0.4205
stylized:0.41475
period piece:0.41425
storytelling:0.40975
suprisingly clever:0.40925
very good:0.40575
complex:0.4055
cerebral:0.4045
catastrophe:0.4035
nazi:0.4015
police investigation:0.4005
melancholic:0.399
fantasy world:0.3935
not funny:0.393
affectionate:0.39125
moral ambiguity:0.38825
imdb top 250:0.387
good acting:0.387
intelligent:0.386
plot twist:0.38425
new york:0.38375
drama:0.38025
cinematography:0.37725
assassination:0.3765
mentor:0.37175
segregation:0.3705
visual:0.365
world war ii:0.36475
germany:0.3635
culture clash:0.36325
underrated:0.36175
entertaining:0.3595
good music:0.359
story:0.358
dark hero:0.355
stunning:0.348
exceptional acting:0.34625
