relationships:0.9165
cinematography:0.869
meditative:0.86
love:0.823
existentialism:0.81125
intimate:0.7905
pretentious:0.78025
loneliness:0.77625
paris:0.759
dialogue:0.722
original:0.716
visually stunning:0.7
visual:0.67525
melancholic:0.64625
complex:0.634
nudity (topless):0.6255
entirely dialogue:0.61275
storytelling:0.60575
artsy:0.57725
philosophical:0.5515
romance:0.547
amazing cinematography:0.541
narrated:0.5175
beautiful scenery:0.5115
light:0.4985
reflective:0.4985
non-linear:0.4915
passionate:0.48825
enigmatic:0.4835
visually appealing:0.47125
boring:0.4635
poetry:0.45325
life & death:0.45275
beautifully filmed:0.45175
talky:0.44375
allegory:0.43275
boring!:0.4325
stylized:0.429
great ending:0.42575
memory:0.4245
pointless:0.42325
multiple storylines:0.42325
good soundtrack:0.408
love story:0.40425
art house:0.403
unlikeable characters:0.397
breathtaking:0.3955
dreamlike:0.38075
brutality:0.38025
island:0.3675
catastrophe:0.36675
intense:0.3655
nonlinear:0.36225
visceral:0.3595
wistful:0.3585
confusing:0.35525
visuals:0.353
love triangles:0.34925
beautiful:0.348
cerebral:0.3475
solitude:0.346
art:0.34525
criterion:0.345
not funny:0.342
god:0.33775
childhood:0.3295
nudity (full frontal - notable):0.3285
mentor:0.328
redemption:0.3245
marriage:0.3235
predictable:0.323
wilderness:0.31775
story:0.31725
intellectual:0.31325
sexy:0.31125
culture clash:0.30575
emotional:0.305
life philosophy:0.3035
artistic:0.29675
first contact:0.293
dreams:0.2875
sci fi:0.28125
runaway:0.28075
so bad it's funny:0.2725
melancholy:0.266
stunning:0.26575
dysfunctional family:0.264
cult film:0.261
fight scenes:0.26075
adaptation:0.26025
destiny:0.25975
masterpiece:0.25825
writers:0.25775
slow paced:0.25725
philosophy:0.25625
honest:0.25625
overrated:0.25575
parallel universe:0.2555
pornography:0.2535
oscar (best directing):0.24725
