vampires:0.99525
vampire:0.99475
horror:0.966
creepy:0.95125
dark:0.941
blood:0.86375
gothic:0.8575
eerie:0.83425
nocturnal:0.79575
bloody:0.78475
atmospheric:0.78075
violent:0.7775
suspenseful:0.77325
cult classic:0.76075
grindhouse:0.7445
tense:0.7425
goth:0.73425
ominous:0.7125
original:0.69375
gory:0.6895
demons:0.6825
splatter:0.678
grim:0.67325
hitman:0.6685
sexualized violence:0.66625
frightening:0.66425
vengeance:0.642
harsh:0.6125
cult film:0.61225
transformation:0.6
serial killer:0.6
suspense:0.597
adaptation:0.596
sexy:0.59525
dark hero:0.5865
downbeat:0.58575
brutality:0.573
criterion:0.57175
insanity:0.5665
dialogue:0.553
macabre:0.55225
visceral:0.551
biting:0.551
violence:0.54325
cinematography:0.53125
mad scientist:0.5215
gruesome:0.51875
disturbing:0.51475
torture:0.5105
dark humor:0.50975
monster:0.502
oscar (best actress):0.50175
zombie:0.49875
nudity (full frontal - notable):0.497
stylish:0.48975
great ending:0.4885
talky:0.48675
afi 100 (movie quotes):0.48575
lone hero:0.4795
great:0.47175
nudity (topless - notable):0.4555
scary:0.45525
stylized:0.45525
low budget:0.44875
classic car:0.44575
nudity (full frontal - brief):0.44425
supernatural:0.431
nudity (topless):0.42075
gangs:0.41175
series:0.409
forceful:0.40775
enigmatic:0.407
revenge:0.39025
moody:0.3875
catastrophe:0.3855
snakes:0.3845
sacrifice:0.3815
cult:0.38125
so bad it's funny:0.3695
police investigation:0.3635
mentor:0.359
exceptional acting:0.34975
brutal:0.34825
murder:0.3435
oscar (best directing):0.33725
entirely dialogue:0.3365
campy:0.3365
not funny:0.333
mystery:0.326
1970s:0.3245
melancholic:0.31375
slasher:0.313
oscar (best supporting actress):0.3045
monsters:0.3015
gangsters:0.3005
claustrophobic:0.2995
good soundtrack:0.29575
light:0.29525
original plot:0.2945
classic:0.2945
