good action:0.97575
action:0.9605
buddy movie:0.90025
chase:0.8755
mentor:0.84375
fight scenes:0.7975
car chase:0.76675
fun movie:0.7455
action packed:0.732
original:0.7215
cars:0.69425
big budget:0.66
lone hero:0.65925
predictable:0.65475
motorcycle:0.5695
kidnapping:0.56225
cool:0.55775
fun:0.55625
good:0.54075
bad:0.53825
revenge:0.5375
great ending:0.51525
entertaining:0.4945
violence:0.492
great:0.4905
los angeles:0.48125
so bad it's funny:0.4805
explosions:0.4605
catastrophe:0.4545
dialogue:0.437
sexy:0.43575
70mm:0.4305
runaway:0.42725
pg-13:0.42525
nudity (full frontal - brief):0.4225
idiotic:0.422
vengeance:0.412
police:0.3985
justice:0.38925
stereotypes:0.3865
fast paced:0.38025
pointless:0.37875
classic car:0.3785
comedy:0.37375
san francisco:0.368
family:0.36575
silly fun:0.365
torture:0.35425
intense:0.35
fighting:0.34725
brutality:0.3465
corruption:0.34
life philosophy:0.33925
fantasy world:0.339
not funny:0.33825
hostage:0.335
great movie:0.33075
underrated:0.31875
good soundtrack:0.31775
campy:0.3155
grindhouse:0.3095
storytelling:0.3045
natural disaster:0.30275
culture clash:0.3015
assassination:0.3015
destiny:0.301
unfunny:0.3005
police corruption:0.3
detective:0.298
dark hero:0.29425
murder:0.291
bad plot:0.2905
police investigation:0.2905
violent:0.2905
very funny:0.28875
first contact:0.287
exciting:0.28675
pulp:0.28475
unusual plot structure:0.2845
adaptation:0.276
script:0.2755
clever:0.27375
plot:0.273
very good:0.2725
swashbuckler:0.2675
fantasy:0.26675
redemption:0.26475
rebellion:0.26225
story:0.26225
secret service:0.26075
silly:0.25975
realistic action:0.25875
transformation:0.2555
oscar (best directing):0.2535
entirely dialogue:0.25025
suspense:0.25025
melancholic:0.24875
overrated:0.2485
quirky:0.24625
pornography:0.24475
