immortality:0.973
romantic:0.969
love story:0.965
romance:0.955
relationships:0.88475
romantic comedy:0.7675
destiny:0.765
girlie movie:0.762
drama:0.7615
chick flick:0.7595
happy ending:0.72775
aging:0.7275
san francisco:0.7145
melancholic:0.7135
catastrophe:0.69175
beautiful scenery:0.68825
pg-13:0.676
love:0.64125
loneliness:0.64025
fantasy:0.6325
solitude:0.631
predictable:0.62725
mentor:0.61975
first contact:0.6
story:0.59675
original:0.5905
feel-good:0.58775
life & death:0.577
life philosophy:0.5565
transformation:0.552
great ending:0.53625
sappy:0.5355
nostalgic:0.515
narrated:0.5095
science fiction:0.506
science:0.505
secrets:0.5045
sacrifice:0.49275
technology:0.48825
better than expected:0.4845
sentimental:0.48275
dialogue:0.4795
sci-fi:0.47525
good:0.4735
sweet:0.4715
dramatic:0.46775
women:0.46775
beautifully filmed:0.46425
touching:0.463
whimsical:0.4625
reflective:0.4575
plot:0.456
feel good movie:0.456
identity:0.455
heartwarming:0.4445
great:0.438
fight scenes:0.435
good acting:0.4305
life:0.428
good romantic comedies:0.4265
so bad it's funny:0.4245
bittersweet:0.40675
very interesting:0.4035
culture clash:0.40225
emotional:0.39725
natural disaster:0.393
bad ending:0.3925
not funny:0.389
storytelling:0.38775
twists & turns:0.378
visually stunning:0.3765
future:0.36875
literature:0.36425
suprisingly clever:0.362
shopping:0.359
memory loss:0.35375
unusual plot structure:0.3455
doctors:0.34225
marriage:0.34125
oscar (best actress):0.33925
oscar (best supporting actress):0.33875
sci fi:0.33425
cinematography:0.33275
adaptation:0.3315
cloning:0.3305
redemption:0.33025
scifi:0.32775
passionate:0.32375
fairy tale:0.32125
wine:0.32
death:0.3195
england:0.3175
survival:0.3145
interesting:0.3145
honest:0.30925
original plot:0.3065
fashion:0.30425
light:0.30375
teleportation:0.3035
plot holes:0.29925
