heist:0.95275
gangsters:0.8885
crime:0.87825
revenge:0.79675
betrayal:0.776
caper:0.76575
stylish:0.73775
gangster:0.70475
greed:0.6895
pulp:0.68525
original:0.67825
mob:0.67575
violent:0.6645
crime gone awry:0.6615
vengeance:0.62325
very interesting:0.62175
gratuitous violence:0.603
pornography:0.59525
corruption:0.59325
robbery:0.5915
violence:0.57575
los angeles:0.521
brutality:0.51025
organized crime:0.50775
hitman:0.50525
nudity (topless - notable):0.5035
cult film:0.502
great ending:0.48475
gritty:0.484
nudity (full frontal - brief):0.479
gunfight:0.46775
good soundtrack:0.458
sexy:0.454
pointless:0.44825
mentor:0.4425
stylized:0.43825
sexualized violence:0.43425
dialogue:0.431
police corruption:0.42625
noir:0.42475
bad plot:0.4235
catastrophe:0.4195
predictable:0.419
gangs:0.417
twist:0.4085
police investigation:0.39025
anti-hero:0.38425
hit men:0.3815
twists & turns:0.38125
underrated:0.37525
drama:0.37475
chase:0.371
california:0.369
melancholic:0.36475
interesting:0.3635
runaway:0.35825
film noir:0.35525
not funny:0.35075
cinematography:0.34675
entirely dialogue:0.34525
cool:0.3425
existentialism:0.34225
thriller:0.338
nudity (full frontal - notable):0.3345
nudity (rear):0.33075
storytelling:0.32875
mafia:0.32775
hotel:0.31875
culture clash:0.30875
life philosophy:0.29475
adaptation:0.292
moral ambiguity:0.29025
action:0.2895
plot:0.28825
hunting:0.2835
first contact:0.28325
romance:0.2795
complex:0.2785
quirky:0.278
good:0.2765
criterion:0.275
fight scenes:0.27425
narrated:0.27375
bad ending:0.27275
redemption:0.2715
male nudity:0.27025
suspense:0.27
visually appealing:0.26975
bank robbery:0.2685
happy ending:0.26425
unusual plot structure:0.255
fast paced:0.25325
weapons:0.253
fantasy world:0.25275
money:0.2525
complicated:0.252
enigmatic:0.25175
lone hero:0.2515
insanity:0.25
cheating:0.2495
