melancholic:0.9355
enigmatic:0.93175
masterpiece:0.92525
obsession:0.91775
reflective:0.91175
beautifully filmed:0.90875
art:0.903
artistic:0.88625
cinematography:0.87275
breathtaking:0.83225
visual:0.8175
adapted from:book:0.80475
meditative:0.7895
stunning:0.78075
art house:0.76425
visually appealing:0.75675
criterion:0.75625
beautiful:0.7435
hotel:0.71875
melancholy:0.71275
music:0.695
photography:0.664
life & death:0.66125
stylized:0.66025
beautiful scenery:0.65625
death:0.6525
intimate:0.651
pornography:0.63725
solitude:0.6355
scenic:0.63075
artist:0.611
slow:0.609
original:0.5975
poetry:0.57725
existentialism:0.569
slow paced:0.5685
perfect:0.56725
homosexuality:0.56325
harsh:0.5585
immortality:0.55525
unusual plot structure:0.55025
storytelling:0.545
classical music:0.541
adolescence:0.53425
golden palm:0.533
talky:0.52725
dreamlike:0.522
runaway:0.521
weird:0.5125
long:0.51225
complex:0.50775
dialogue:0.502
sexual:0.4945
adaptation:0.49075
italy:0.48
loneliness:0.475
nudity (full frontal - notable):0.46375
visually stunning:0.45775
passionate:0.4545
surreal:0.44525
suprisingly clever:0.4435
sexy:0.44325
artsy:0.43975
oscar (best foreign language film):0.4375
male nudity:0.433
atmospheric:0.42875
allegory:0.41475
good soundtrack:0.41125
dreams:0.4105
colourful:0.40775
childhood:0.406
entirely dialogue:0.3985
secrets:0.3925
catastrophe:0.38975
great cinematography:0.384
great ending:0.38275
downbeat:0.37775
self discovery:0.3735
culture clash:0.3725
not funny:0.36925
silent:0.36775
imagination:0.3665
amazing cinematography:0.36625
spanish:0.36275
poignant:0.359
drama:0.35875
cerebral:0.35025
moody:0.34625
musical:0.3325
disturbing:0.33175
tokyo:0.33075
too long:0.32675
writers:0.326
grindhouse:0.32
light:0.31925
intellectual:0.315
visuals:0.31425
romantic:0.31075
nocturnal:0.3065
great:0.30375
