death:0.917
original:0.90575
predictable:0.86725
franchise:0.80825
brutality:0.80325
horror:0.77025
narrated:0.76725
afterlife:0.75475
family:0.72375
pointless:0.723
goofy:0.6965
road movie:0.69425
dialogue:0.684
bad plot:0.6835
disturbing:0.67275
destiny:0.66925
animals:0.66275
so bad it's funny:0.654
humorous:0.63975
factual:0.6355
great ending:0.63475
series:0.6025
overrated:0.575
violent:0.57325
reality tv:0.5635
cult film:0.56075
camp:0.557
sexualized violence:0.555
violence:0.554
stupid as hell:0.537
based on a book:0.5335
pornography:0.53275
entirely dialogue:0.52975
mentor:0.529
splatter:0.527
fantasy world:0.521
pulp:0.51925
silly:0.5185
internet:0.5165
first contact:0.51175
adaptation:0.511
remake:0.50125
unusual plot structure:0.5
fight scenes:0.499
quirky:0.4965
writers:0.48975
shallow:0.48325
slapstick:0.47775
gore:0.475
fantasy:0.47175
life & death:0.4715
life philosophy:0.46975
intense:0.46525
disaster:0.45975
silly fun:0.45075
gangsters:0.449
nudity (full frontal - brief):0.44825
dreamlike:0.44375
sci fi:0.44375
pg-13:0.44325
doctors:0.44025
storytelling:0.4365
nudity (rear):0.4365
redemption:0.43625
twists & turns:0.42625
science fiction:0.4225
police investigation:0.418
surreal:0.41375
nudity (topless):0.409
suspense:0.40775
graphic novel:0.40625
adapted from:comic:0.40025
male nudity:0.39375
nudity (topless - notable):0.393
lone hero:0.39175
crime gone awry:0.3855
classic car:0.38425
good soundtrack:0.38425
runaway:0.384
catastrophe:0.38375
boring:0.38325
alternate reality:0.38125
twist ending:0.3795
gruesome:0.379
passionate:0.37875
murder:0.37875
vengeance:0.3775
story:0.3735
not funny:0.37275
bloody:0.3725
weapons:0.371
high school:0.3695
fun:0.36625
justice:0.36625
dysfunctional family:0.36625
crappy sequel:0.36525
fun movie:0.36375
obsession:0.363
action packed:0.36175
controversial:0.356
