teen movie:0.9695
high school:0.928
teen:0.92725
fun movie:0.845
80s:0.8145
teens:0.80125
new jersey:0.73075
hit men:0.69
original:0.648
teenager:0.62225
school:0.60675
destiny:0.5995
fun:0.59
mentor:0.56775
geeks:0.567
girlie movie:0.56225
comedy:0.56175
happy ending:0.55325
pg-13:0.549
geek:0.507
teacher:0.49925
good soundtrack:0.49175
life philosophy:0.4775
classic car:0.47175
silly:0.4705
great ending:0.4525
cool:0.45175
silly fun:0.451
teenagers:0.44975
unusual plot structure:0.448
catastrophe:0.43125
predictable:0.43075
sexy:0.419
romance:0.4175
great:0.40375
lone hero:0.37875
stereotypes:0.369
vengeance:0.36225
childhood:0.36125
cute!:0.36
nostalgic:0.35725
family:0.355
1980s:0.35175
romantic:0.35125
dialogue:0.3455
bad plot:0.34275
chase:0.342
mafia:0.3385
storytelling:0.334
hunting:0.33025
oscar winner:0.325
women:0.3225
nostalgia:0.32025
good action:0.31825
good:0.3095
entertaining:0.302
oscar:0.30125
violence:0.2965
transformation:0.29425
overrated:0.2895
not funny:0.28525
first contact:0.28475
mob:0.28475
amy smart:0.28025
bad cgi:0.27625
fantasy world:0.27575
small town:0.27425
action:0.27375
awesome soundtrack:0.27325
runaway:0.26975
goofy:0.2685
unlikely friendships:0.26375
bullying:0.2635
friendship:0.263
sweet:0.25375
entirely dialogue:0.25375
nudity (full frontal - brief):0.251
gangsters:0.249
so bad it's funny:0.2485
weapons:0.247
adaptation:0.24525
murder:0.2435
nerds:0.24175
drinking:0.24075
redemption:0.23975
brutality:0.2395
story:0.239
police investigation:0.23425
shallow:0.234
suspense:0.23325
culture clash:0.23225
adolescence:0.2315
life & death:0.2305
betrayal:0.22925
very funny:0.227
quirky:0.22625
natural disaster:0.22375
life:0.222
excellent script:0.221
clever:0.2195
