sexual abuse:0.963
teen movie:0.93225
secrets:0.92375
teen:0.80275
psychological:0.79525
dysfunctional family:0.7945
high school:0.78825
psychology:0.7845
drama:0.7825
incest:0.7565
disturbing:0.7485
original:0.7345
teens:0.71225
adolescence:0.7065
twist:0.69975
twists & turns:0.699
teenagers:0.693
intense:0.68325
good soundtrack:0.6775
great ending:0.67425
sexualized violence:0.667
pg-13:0.65725
teenager:0.6295
depression:0.618
murder:0.61275
storytelling:0.612
independent film:0.5985
suspense:0.5835
revenge:0.573
thriller:0.566
manipulation:0.56325
good:0.56175
plot twist:0.54925
dialogue:0.534
mentor:0.5325
cheerleading:0.52875
moral ambiguity:0.522
predictable:0.52175
psychiatry:0.51975
nudity (full frontal - brief):0.51175
police investigation:0.5015
harsh:0.492
corruption:0.4865
betrayal:0.48175
plot:0.4725
adaptation:0.4705
disability:0.464
narrated:0.463
death:0.46125
best of 2005:0.45675
interesting:0.451
runaway:0.451
twist ending:0.448
brutality:0.44125
suspenseful:0.4365
catastrophe:0.435
bad ending:0.43225
suburbia:0.43175
insanity:0.42825
horrible:0.4235
foul language:0.42075
good acting:0.41975
life philosophy:0.419
mental illness:0.41875
story:0.4175
girlie movie:0.417
amy smart:0.416
graphic novel:0.41475
justice:0.41125
complex:0.40875
pornography:0.401
torture:0.39925
exceptional acting:0.3935
underrated:0.39
dark:0.37
stereotypes:0.3695
coming-of-age:0.36925
neo-noir:0.3645
culture clash:0.363
family:0.36125
better than expected:0.35925
entirely dialogue:0.35375
crime gone awry:0.35375
not funny:0.3495
quirky:0.347
vengeance:0.34275
cancer:0.34125
school:0.34
violence:0.3385
powerful ending:0.334
dark humor:0.3335
emotional:0.33175
dramatic:0.331
thought-provoking:0.32725
dark hero:0.327
happy ending:0.32625
very funny:0.325
coming of age:0.322
serial killer:0.318
shallow:0.31775
