segregation:0.97
teen:0.9435
dancing:0.876
rock and roll:0.87075
teen movie:0.8195
teens:0.80525
dance:0.737
original:0.67525
teenager:0.648
cult classic:0.619
good soundtrack:0.5845
fantasy world:0.56175
pornography:0.54
weird:0.52425
great:0.49525
runaway:0.495
racism:0.47175
obsession:0.4715
1960s:0.46625
satirical:0.4425
musical:0.4245
quirky:0.41525
great ending:0.4125
corny:0.4075
catastrophe:0.404
fun movie:0.387
awesome soundtrack:0.37975
80s:0.37925
storytelling:0.37525
camp:0.374
bullying:0.37325
criterion:0.36175
suprisingly clever:0.35875
melancholic:0.35625
teenagers:0.355
great music:0.3455
dialogue:0.34325
brutality:0.3415
mentor:0.33
music:0.3215
social commentary:0.321
high school:0.3185
male nudity:0.31575
gunfight:0.3135
small town:0.312
goofy:0.30875
cult film:0.304
drinking:0.30375
unlikely friendships:0.30225
queer:0.3
musicians:0.29875
hip hop:0.2895
race issues:0.28825
very funny:0.288
great soundtrack:0.28675
good music:0.284
affectionate:0.28375
culture clash:0.28175
overrated:0.28125
satire:0.27975
enigmatic:0.2785
adaptation:0.2775
adolescence:0.2755
hilarious:0.275
nudity (full frontal - brief):0.27375
life philosophy:0.273
california:0.27275
stereotypes:0.2705
stylized:0.2705
feel-good:0.27025
friendship:0.26725
death:0.266
police investigation:0.2655
unusual plot structure:0.26375
good:0.26325
chase:0.26175
quotable:0.261
sexualized violence:0.261
dark humor:0.255
sexy:0.25475
feel good movie:0.25375
very interesting:0.25
grindhouse:0.2495
pg-13:0.2495
slapstick:0.24925
crude humor:0.249
school:0.245
fantasy:0.2445
absurd:0.24125
fun:0.23775
light:0.23725
entirely dialogue:0.237
campy:0.2365
harsh:0.23375
guilty pleasure:0.2335
black comedy:0.233
first contact:0.231
talky:0.2305
fashion:0.2295
adapted from:book:0.2295
