alien:0.9945
based on a book:0.98775
alien invasion:0.97075
aliens:0.966
adapted from:book:0.886
based on book:0.86525
adaptation:0.82
sci-fi:0.803
so bad it's funny:0.80075
books:0.769
book:0.74325
horrible:0.73475
pointless:0.72825
book was better:0.72125
big budget:0.71125
original:0.70075
idiotic:0.68425
special effects:0.68
first contact:0.6505
view askew:0.63875
weird:0.63
catastrophe:0.62825
supernatural:0.62175
predictable:0.61375
splatter:0.6075
sci fi:0.60175
great ending:0.58525
oscar (best directing):0.5845
stupid:0.58375
story:0.56225
mentor:0.55975
horror:0.55775
dialogue:0.547
scifi:0.53875
silly:0.5355
science fiction:0.5265
bad acting:0.52175
storytelling:0.51625
awful:0.516
bad ending:0.50775
bad cgi:0.495
silly fun:0.48525
bad plot:0.48125
better than expected:0.475
bad:0.46375
fantasy world:0.44825
monster:0.44475
writers:0.44325
lame:0.4345
ridiculous:0.43
stupid as hell:0.4255
brutality:0.42275
visually stunning:0.4195
good:0.41375
destiny:0.41175
great:0.40125
waste of time:0.39725
suspense:0.394
pg-13:0.3905
scary:0.3815
inspirational:0.38075
pulp:0.3785
cult film:0.37675
overrated:0.37575
twists & turns:0.37475
apocalypse:0.3695
unlikely friendships:0.36275
disaster:0.361
action:0.35875
transformation:0.3575
childhood:0.357
good soundtrack:0.3565
stupidity:0.3545
justice:0.352
plot holes:0.34875
life philosophy:0.34675
natural disaster:0.34625
redemption:0.34575
shallow:0.3455
entirely dialogue:0.343
camp:0.3425
chase:0.339
creativity:0.3345
fight scenes:0.32175
plot:0.31625
disappointing:0.31175
absurd:0.30925
psychological:0.3025
pornography:0.3015
monsters:0.2855
mythology:0.282
writing:0.27675
action packed:0.2745
weapons:0.2715
sexualized violence:0.27125
runaway:0.26875
violence:0.26825
great acting:0.26475
slapstick:0.2645
gangsters:0.26
