nuclear war:0.97825
australia:0.9585
end of the world:0.93875
nuclear:0.93225
death:0.908
dramatic:0.9055
life & death:0.84375
powerful ending:0.84
submarine:0.83525
cold war:0.76975
poignant:0.757
bombs:0.71775
weapons:0.71325
san francisco:0.67725
thought-provoking:0.64475
original:0.6445
survival:0.633
apocalypse:0.62525
1950s:0.61675
humanity:0.6025
great ending:0.59225
australian:0.57825
catastrophe:0.57675
courage:0.572
unusual plot structure:0.54325
greed:0.52925
loneliness:0.52725
guilt:0.52325
based on a book:0.5185
suicide:0.51175
war:0.50525
grim:0.499
tragedy:0.494
beautiful scenery:0.4925
ethnic conflict:0.489
natural disaster:0.48525
anti-war:0.4735
reflective:0.47175
visually stunning:0.471
exceptional acting:0.46675
great:0.4635
emotional:0.45925
destiny:0.45925
criterion:0.459
bleak:0.45475
oscar (best directing):0.44525
great cinematography:0.44225
suprisingly clever:0.44175
life philosophy:0.4405
melancholy:0.43975
drama:0.439
post apocalyptic:0.4315
alone in the world:0.429
talky:0.42875
world war i:0.4255
oscar (best supporting actress):0.4215
earnest:0.41875
beautifully filmed:0.4165
harsh:0.415
oscar (best foreign language film):0.41075
drinking:0.40975
movielens top pick:0.40775
paranoia:0.40775
great acting:0.406
post-apocalyptic:0.399
culture clash:0.39875
story:0.39575
sacrifice:0.37875
black and white:0.37375
first contact:0.36925
idealism:0.36525
atmospheric:0.3645
stunning:0.364
solitude:0.36325
love story:0.36225
enigmatic:0.36025
mentor:0.359
sentimental:0.348
melancholic:0.34775
holocaust:0.34675
cinematography:0.34475
forceful:0.341
civil war:0.33025
prejudice:0.33025
depression:0.3275
photography:0.327
cerebral:0.32675
good:0.3235
science fiction:0.32325
runaway:0.32175
downbeat:0.32075
not funny:0.32025
heartbreaking:0.3195
storytelling:0.315
allegory:0.312
good soundtrack:0.3105
golden palm:0.3095
imdb top 250:0.3085
touching:0.30525
good acting:0.30425
