so bad it's funny:0.87725
bad plot:0.8605
espionage:0.76975
predictable:0.759
action:0.736
comedy:0.7115
original:0.682
fight scenes:0.67275
mentor:0.62575
sexy:0.6195
spying:0.60325
good action:0.601
horrible:0.58625
unfunny:0.58075
car chase:0.57825
silly:0.5615
spy:0.5585
pg-13:0.54575
idiotic:0.53225
spies:0.50975
crude humor:0.50975
bad script:0.508
writers:0.50625
nudity (full frontal - brief):0.50475
bad:0.5025
funny:0.485
martial arts:0.478
lone hero:0.46375
surveillance:0.46075
catastrophe:0.45025
transformation:0.4465
adventure:0.44375
very funny:0.4395
secrets:0.4365
first contact:0.43575
family:0.43375
disaster:0.43225
good:0.43175
melancholic:0.43125
great ending:0.42075
silly fun:0.40375
natural disaster:0.40075
internet:0.39875
memory:0.39475
redemption:0.389
overrated:0.3765
bad cgi:0.37425
betrayal:0.37225
amnesia:0.3695
slapstick:0.3605
saturday night live:0.3525
life philosophy:0.34825
mad scientist:0.34675
violence:0.346
death:0.3455
ninja:0.33975
storytelling:0.323
franchise:0.31975
farce:0.31925
lame:0.31875
dialogue:0.314
brutality:0.30625
identity:0.29775
life & death:0.29725
sci fi:0.29675
fantasy world:0.2955
runaway:0.294
remake:0.294
boring:0.29175
no plot:0.2905
erotic:0.289
pointless:0.28775
ridiculous:0.287
vengeance:0.28025
not funny:0.27875
fun:0.27425
absurd:0.274
destiny:0.27325
shallow:0.27125
hilarious:0.2695
happy ending:0.268
satirical:0.26725
whimsical:0.2635
culture clash:0.263
pornography:0.26275
conspiracy:0.26125
dumb but funny:0.261
fbi:0.258
camp:0.2575
based on a tv show:0.25725
quirky:0.25
good soundtrack:0.24175
spoof:0.239
script:0.23775
stupid as hell:0.23675
stereotypes:0.23625
chase:0.23625
space:0.23525
existentialism:0.23275
adapted from:comic:0.23225
