loneliness:0.92925
relationships:0.90575
original:0.73125
erotic:0.7195
nudity (full frontal - notable):0.6955
life philosophy:0.6895
quirky:0.645
life:0.633
unlikely friendships:0.6325
intimate:0.61325
dialogue:0.6025
divorce:0.5885
chick flick:0.587
friendship:0.57825
good soundtrack:0.578
great:0.5735
honest:0.571
melancholic:0.5655
sexy:0.56225
fantasy:0.561
happy ending:0.55675
feel-good:0.53125
nudity (full frontal):0.5295
drama:0.52575
drinking:0.51625
touching:0.51375
depression:0.51075
jazz:0.489
romantic:0.4765
love story:0.4735
ensemble cast:0.4705
hip hop:0.4685
feel good movie:0.4585
destiny:0.4455
bittersweet:0.4405
dramatic:0.4375
great ending:0.4355
marriage:0.4355
entirely dialogue:0.4255
mentor:0.42125
great acting:0.41425
emotional:0.4135
whimsical:0.4105
catastrophe:0.403
lesbian:0.4025
sweet:0.40125
great movie:0.39975
pornography:0.3985
gay:0.39375
writers:0.39025
poignant:0.38775
independent film:0.387
good:0.38375
road movie:0.38375
oscar (best actress):0.38
love:0.37825
story:0.37475
crime gone awry:0.3695
very interesting:0.3685
directorial debut:0.365
dreams:0.3645
good acting:0.364
redemption:0.3625
very funny:0.36225
social commentary:0.35925
interesting:0.348
solitude:0.3475
excellent:0.34175
realistic:0.34075
new jersey:0.33775
fantasy world:0.335
storytelling:0.33225
gay character:0.3275
oscar (best supporting actress):0.32475
pg-13:0.32375
women:0.32075
life & death:0.32025
runaway:0.31925
culture clash:0.319
nudity (full frontal - brief):0.31575
not funny:0.31475
light:0.30925
multiple storylines:0.30725
brutality:0.3065
nocturnal:0.3065
intense:0.305
reflective:0.3005
passionate:0.3
dark hero:0.2985
romance:0.2955
criterion:0.2905
clever:0.2865
creativity:0.286
transformation:0.286
dysfunctional family:0.28475
addiction:0.28225
oscar (best directing):0.277
mental illness:0.277
fight scenes:0.277
affectionate:0.2725
