romantic:0.98775
romantic comedy:0.983
robert downey jr:0.98225
destiny:0.97975
romance:0.9205
love story:0.919
love:0.916
sweet:0.89775
rome:0.88725
chick flick:0.88475
beautiful scenery:0.8255
girlie movie:0.78525
feel-good:0.7835
feel good movie:0.73075
original:0.66625
cute:0.5845
light:0.57225
cute!:0.55075
good romantic comedies:0.53975
happy ending:0.509
fairy tales:0.50375
fairy tale:0.492
great:0.4785
scenic:0.4775
predictable:0.4705
hotel:0.456
catastrophe:0.4555
italy:0.44325
wine:0.44175
sappy:0.439
mentor:0.4255
great ending:0.42275
fun movie:0.41375
shallow:0.407
good:0.40425
women:0.4035
chase:0.4035
not funny:0.39675
identity:0.393
wedding:0.39175
runaway:0.37275
transformation:0.3705
beautiful:0.35875
passionate:0.35275
silly:0.35075
life philosophy:0.3455
beautifully filmed:0.3435
italian:0.3425
story:0.33275
fun:0.33175
relationships:0.3275
fantasy world:0.327
dialogue:0.32125
good soundtrack:0.3205
whimsical:0.3155
stereotypes:0.31175
childhood:0.309
touching:0.30825
first contact:0.30725
clever:0.302
multiple storylines:0.30175
storytelling:0.30075
dreams:0.29125
culture clash:0.291
betrayal:0.28675
marriage:0.285
adaptation:0.2785
cinematography:0.27675
internet:0.2765
twists & turns:0.2745
oscar winner:0.273
suprisingly clever:0.271
sexy:0.26875
visually appealing:0.26825
overrated:0.2675
unfunny:0.2645
loneliness:0.26425
paris:0.26275
unusual plot structure:0.25975
obsession:0.25675
pg-13:0.25675
divorce:0.2565
visually stunning:0.2535
heartwarming:0.25325
justice:0.2515
very funny:0.25125
bittersweet:0.24775
brutality:0.24675
adventure:0.24525
lone hero:0.24275
fight scenes:0.242
shopping:0.239
memory loss:0.23825
airport:0.237
quirky:0.23475
criterion:0.2345
dreamlike:0.233
oscar (best supporting actress):0.23025
bad plot:0.227
fantasy:0.2265
