children:0.98425
childhood:0.9315
musical:0.924
family:0.88225
disney:0.8645
classic:0.84625
animation:0.8205
sweet:0.8155
oscar (best actress):0.815
based on a book:0.8
adapted from:book:0.79775
dancing:0.796
based on book:0.79175
fun movie:0.783
magic:0.77675
original:0.76425
heartwarming:0.7605
kids and family:0.757
cute:0.75525
fairy tale:0.74075
kids:0.73275
cartoon:0.722
london:0.71675
fun:0.69125
dance:0.68
colourful:0.65725
imagination:0.63825
whimsical:0.62825
great:0.61825
good:0.60475
feel-good:0.5905
sentimental:0.58275
good music:0.58
oscar winner:0.56325
fantasy:0.55975
story:0.5525
great ending:0.54925
runaway:0.54
love:0.53025
witches:0.52675
touching:0.52225
light:0.51725
earnest:0.51325
beautiful scenery:0.5095
nostalgic:0.4975
witty:0.493
surreal:0.4925
oscar (best directing):0.492
great movie:0.4855
oscar:0.4775
cute!:0.4775
special effects:0.474
feel good movie:0.4735
animals:0.4705
romantic:0.4605
adventure:0.458
fantasy world:0.45225
creativity:0.443
clever:0.44225
wistful:0.44
catastrophe:0.4395
dialogue:0.431
culture clash:0.42825
great acting:0.42425
masterpiece:0.42275
mentor:0.42175
talking animals:0.42125
holiday:0.42
artistic:0.4185
oscar (best supporting actress):0.418
destiny:0.41725
british:0.40375
adaptation:0.403
love story:0.4015
entertaining:0.39625
scenic:0.396
dreamlike:0.3855
greed:0.36025
happy ending:0.35875
suprisingly clever:0.3575
chase:0.357
great music:0.355
disney animated feature:0.352
england:0.3485
weird:0.34825
brothers:0.3465
birds:0.34225
good soundtrack:0.34125
simple:0.33925
visually stunning:0.338
girlie movie:0.33725
good versus evil:0.336
broadway:0.32875
idealism:0.32725
books:0.327
not funny:0.3265
based on a play:0.3255
unusual plot structure:0.324
beautifully filmed:0.324
visual:0.32275
