splatter:0.977
bloody:0.97475
sexualized violence:0.97475
violence:0.9645
tarantino:0.9555
grindhouse:0.93925
gratuitous violence:0.93175
violent:0.91975
gory:0.91325
good soundtrack:0.89375
gore:0.88775
vengeance:0.8825
cult classic:0.8625
original:0.861
dialogue:0.85975
classic car:0.8455
visceral:0.8355
serial killer:0.82225
brutality:0.81825
talky:0.813
action:0.80625
stylish:0.7825
stylized:0.77175
blood:0.76575
revenge:0.76025
storytelling:0.7585
great dialogue:0.75725
dark humor:0.7345
cars:0.72675
cult film:0.71675
weird:0.69625
zombies:0.696
weapons:0.69075
cool:0.684
fun movie:0.68125
social commentary:0.66975
strippers:0.664
dialogue driven:0.66375
visually appealing:0.66075
pornography:0.66025
intense:0.65925
pulp:0.64375
brutal:0.64225
great ending:0.63175
fast paced:0.6235
entirely dialogue:0.6095
suspense:0.6085
apocalypse:0.604
quotable:0.6015
action packed:0.59925
dark hero:0.5945
excellent script:0.591
entertaining:0.5895
low budget:0.5895
narrated:0.589
crime gone awry:0.56
cult:0.54275
graphic novel:0.5415
highly quotable:0.539
zombie:0.538
interesting:0.53525
crime:0.5345
life philosophy:0.528
chase:0.52625
imdb top 250:0.52475
clever:0.52325
quirky:0.51875
ridiculous:0.5175
tense:0.516
goretastic:0.516
twists & turns:0.51425
absurd:0.5075
great soundtrack:0.5065
gangsters:0.5055
mentor:0.50325
murder:0.502
great:0.49975
car chase:0.49075
motorcycle:0.4905
sexy:0.48775
good dialogue:0.4865
fun:0.48425
unusual plot structure:0.4815
great acting:0.47925
nudity:0.47825
multiple storylines:0.4745
golden palm:0.47325
great movie:0.47175
honest:0.47025
slow paced:0.46675
1970s:0.46475
adaptation:0.463
cinematography:0.4625
boring!:0.46125
snakes:0.46
gruesome:0.45475
nudity (topless - brief):0.4545
hospital:0.4535
good acting:0.4525
horror:0.45125
