relationships:0.949
intimate:0.92875
drugs:0.922
artistic:0.9155
lesbian:0.89875
addiction:0.86875
art:0.86025
artist:0.85275
melancholic:0.84175
drug addiction:0.7995
drug abuse:0.77175
loneliness:0.766
passionate:0.74375
independent film:0.73175
original:0.70075
love story:0.6905
pretentious:0.68125
photography:0.6795
drinking:0.678
good soundtrack:0.67425
meditative:0.668
enigmatic:0.663
powerful ending:0.6445
women:0.64375
heroin:0.64325
indie:0.64225
character study:0.63325
pornography:0.62675
obsession:0.61525
depression:0.6095
very interesting:0.60475
love:0.59425
sexy:0.5855
poignant:0.57925
artsy:0.56875
homosexuality:0.568
intellectual:0.56325
life philosophy:0.5575
art house:0.54625
dialogue:0.5425
great acting:0.52975
sad:0.528
great:0.5175
intense:0.50125
death:0.5
beautiful:0.499
emotional:0.4975
suburbia:0.495
heartbreaking:0.492
honest:0.4915
bittersweet:0.49075
gay:0.48975
entirely dialogue:0.48725
social commentary:0.479
nudity (full frontal - notable):0.47825
nudity (topless):0.473
reflective:0.47175
love triangles:0.468
weird:0.4635
visually appealing:0.4565
melancholy:0.455
great ending:0.45375
criterion:0.451
solitude:0.448
interesting:0.44675
mentor:0.4405
complex:0.43225
photographer:0.431
betrayal:0.42825
romance:0.427
bleak:0.4255
catastrophe:0.41875
unlikely friendships:0.41825
glbt:0.41325
golden palm:0.4045
runaway:0.3855
friendship:0.3835
drama:0.38125
not funny:0.38125
downbeat:0.37925
nudity (topless - notable):0.37875
wistful:0.37775
talky:0.37375
male nudity:0.37325
ironic:0.366
brutality:0.3645
beautifully filmed:0.361
touching:0.361
culture clash:0.36
road movie:0.35975
good dialogue:0.35825
manipulation:0.358
multiple storylines:0.35775
queer:0.35725
oscar (best writing - screenplay written directly for the screen):0.35425
complex characters:0.3535
sexuality:0.3525
sexual:0.34825
creativity:0.347
disturbing:0.345
