horror:0.96475
werewolf:0.83375
male nudity:0.815
original:0.784
demons:0.75
splatter:0.73775
twist ending:0.72075
story:0.70875
witches:0.704
macabre:0.696
monster:0.673
campy:0.62725
grindhouse:0.6235
witch:0.6195
predictable:0.579
fantasy:0.553
scary:0.55125
brutality:0.5435
family:0.5255
effects:0.51725
so bad it's funny:0.51
creepy:0.5065
fairy tales:0.506
great ending:0.489
storytelling:0.4845
supernatural:0.47675
teens:0.47575
bad plot:0.47375
special effects:0.4725
overrated:0.458
zombie:0.458
80s:0.455
transformation:0.447
dialogue:0.4435
nudity (topless):0.43725
vampire human love:0.43575
monsters:0.43275
lame:0.4295
first contact:0.42425
goretastic:0.41925
cheesy:0.41525
mentor:0.41525
boring:0.40675
cult film:0.4065
black comedy:0.39825
adaptation:0.3945
writers:0.384
catastrophe:0.37475
nocturnal:0.37325
fight scenes:0.366
serial killer:0.3625
sci fi:0.361
stupid as hell:0.36075
suspense:0.35475
low budget:0.35
entirely dialogue:0.347
fairy tale:0.34675
dark humor:0.34575
multiple storylines:0.3405
spiders:0.33875
fantasy world:0.332
too long:0.3315
paranoid:0.3295
quirky:0.329
childhood:0.3285
weapons:0.3255
brutal:0.32375
bad cgi:0.323
gory:0.3225
melancholic:0.3175
good soundtrack:0.31575
dreamlike:0.314
mad scientist:0.31125
fun:0.311
romantic:0.309
clever:0.30475
redemption:0.30375
hospital:0.302
not funny:0.29725
pointless:0.295
destiny:0.29
murder:0.286
lone hero:0.28575
talky:0.2845
existentialism:0.2835
nudity (full frontal - notable):0.2825
internet:0.28175
very funny:0.28075
happy ending:0.2795
alternate reality:0.27625
camp:0.27575
stupid:0.27525
werewolves:0.2745
simple:0.272
weird:0.26925
dysfunctional family:0.26775
justice:0.266
fun movie:0.26575
surreal:0.2655
sex comedy:0.26225
