horror:0.9905
handycam:0.99025
claustrophobic:0.97175
creepy:0.95075
tense:0.93025
virus:0.865
original:0.8645
zombie:0.85025
zombies:0.838
suspense:0.82325
spanish:0.79925
gory:0.79375
atmospheric:0.79175
cult classic:0.78625
great ending:0.77975
intense:0.77875
survival:0.77525
splatter:0.7585
scary:0.757
weird:0.74825
low budget:0.746
visceral:0.72175
social commentary:0.715
frightening:0.69625
apocalypse:0.6955
good:0.6675
isolation:0.6425
suspenseful:0.591
blood:0.58425
good acting:0.5765
interesting:0.57325
demons:0.5695
grindhouse:0.5685
ominous:0.5685
great acting:0.56625
bloody:0.5625
realistic:0.5595
original plot:0.5575
good soundtrack:0.5535
monster:0.54675
dark humor:0.54075
brutality:0.5345
violent:0.5345
nocturnal:0.5295
life philosophy:0.524
witches:0.52325
psychological:0.523
police:0.5205
light:0.5155
cult film:0.51425
dark:0.51325
clever:0.5125
dialogue:0.5095
supernatural:0.50575
eerie:0.48925
foreign:0.4865
solitude:0.483
catastrophe:0.48275
spain:0.47675
pg-13:0.47525
hospital:0.47
police investigation:0.46975
transformation:0.4675
violence:0.4675
story:0.463
stylized:0.46125
disturbing:0.4595
cinematography:0.454
goretastic:0.45025
oscar (best effects - visual effects):0.449
mentor:0.4465
loneliness:0.44625
cult:0.44275
goofy:0.4405
gore:0.43425
thriller:0.4315
storytelling:0.43
great movie:0.4285
pornography:0.42825
twist ending:0.42625
great:0.42575
honest:0.42125
better than expected:0.42
imdb top 250:0.41975
runaway:0.41875
narrated:0.41825
torture:0.4175
gruesome:0.41675
drinking:0.41575
wilderness:0.411
so bad it's funny:0.40875
small town:0.40675
talky:0.40625
sexualized violence:0.40625
chase:0.40075
biting:0.40075
excellent script:0.39975
culture clash:0.39375
highly quotable:0.3915
twist:0.3885
