food:0.97775
documentary:0.97225
business:0.937
capitalism:0.80425
corruption:0.78375
original:0.78325
visually appealing:0.772
animals:0.76275
interesting:0.7545
propaganda:0.68975
pornography:0.6785
greed:0.665
environmental:0.66075
california:0.65675
good:0.64025
clever:0.6365
secrets:0.6295
very interesting:0.62875
oil:0.59475
educational:0.594
social commentary:0.58925
manipulation:0.583
melancholic:0.579
excellent script:0.5725
runaway:0.553
justice:0.54275
global warming:0.54
catastrophe:0.53075
obsession:0.52675
oscar (best actress):0.52675
thought-provoking:0.52325
visually stunning:0.50275
lawyers:0.50075
great ending:0.4995
narrated:0.4955
politics:0.4895
death:0.489
honest:0.48825
factual:0.4845
pigs:0.47975
distopia:0.46575
culture clash:0.4635
new jersey:0.44625
idealism:0.4445
mentor:0.44375
pg-13:0.4405
destiny:0.4335
life philosophy:0.4315
talky:0.4255
adaptation:0.42325
shopping:0.4215
based on a book:0.41925
artistic:0.418
disturbing:0.41425
survival:0.41375
good soundtrack:0.41225
bad ending:0.412
police investigation:0.412
not funny:0.4115
family:0.40825
based on book:0.40625
political:0.402
adapted from:book:0.40125
feel-good:0.3995
movielens top pick:0.396
witty:0.39225
oscar (best directing):0.39125
suprisingly clever:0.384
environment:0.3825
guilt:0.379
storytelling:0.378
canada:0.37575
investigation:0.37275
conspiracy:0.3725
beautiful scenery:0.3715
suspense:0.37075
race issues:0.3705
feel good movie:0.3685
intimate:0.365
amazing photography:0.3645
complex:0.36125
chase:0.36125
entertaining:0.36
internet:0.35925
world politics:0.35875
books:0.35875
brutality:0.3585
intense:0.3585
creativity:0.35475
passionate:0.353
segregation:0.35225
good acting:0.35175
journalism:0.349
lawyer:0.34875
animal movie:0.348
women:0.34675
prejudice:0.338
intelligent:0.33725
earnest:0.337
very good:0.3365
