original:0.54875
80s:0.43775
mentor:0.425
sexy:0.413
catastrophe:0.39825
good soundtrack:0.37525
irish accent:0.353
entirely dialogue:0.32975
goofy:0.32475
cute!:0.30775
dialogue:0.30625
brutality:0.302
fun movie:0.27525
not funny:0.2575
ethnic conflict:0.25325
teen movie:0.25025
cute:0.24975
suprisingly clever:0.247
romance:0.24325
runaway:0.24125
romantic:0.2335
lone hero:0.2335
very funny:0.225
pornography:0.2235
life philosophy:0.218
so bad it's funny:0.21675
unusual plot structure:0.216
cult film:0.19875
male nudity:0.19825
great:0.19575
good:0.194
culture clash:0.193
silly fun:0.1905
overrated:0.18875
writers:0.1835
melancholic:0.182
first contact:0.17525
fantasy world:0.17525
multiple storylines:0.17525
storytelling:0.17225
revenge:0.17125
relationships:0.17
quirky:0.16775
crude humor:0.1665
existentialism:0.166
bad plot:0.164
teen:0.164
happy ending:0.16275
vengeance:0.161
adaptation:0.16025
college:0.15975
good dialogue:0.15925
great ending:0.158
splatter:0.1565
life & death:0.1535
dark hero:0.15325
redemption:0.15275
drama:0.15275
sweet:0.15
talky:0.14875
greed:0.14775
finnish:0.14675
criterion:0.1445
unfunny:0.1445
romantic comedy:0.14375
transformation:0.143
stylized:0.1425
gangsters:0.14025
golden palm:0.13675
witty:0.136
goretastic:0.13525
teens:0.13475
enigmatic:0.13475
destiny:0.13375
weird:0.13175
entertaining:0.1315
love:0.13025
slapstick:0.12975
alternate history:0.12825
atmospheric:0.12625
beautiful scenery:0.12575
justice:0.12375
childhood:0.1235
feel good movie:0.12275
grindhouse:0.1225
dreamlike:0.121
nostalgic:0.12075
queer:0.12025
honest:0.12
demons:0.11875
weapons:0.11875
new york city:0.1185
clever:0.11825
distopia:0.11775
feel-good:0.11525
free speech:0.11425
nudity (full frontal - notable):0.11325
funny:0.11325
friendship:0.11275
boring:0.1125
