science:0.975
religion:0.91975
science fiction:0.91625
romantic:0.8925
scifi:0.8885
philosophical:0.878
sci fi:0.869
love story:0.8635
original:0.85225
thought-provoking:0.8475
intellectual:0.8195
god:0.80875
complex:0.80675
cerebral:0.78625
existentialism:0.7835
storytelling:0.779
sci-fi:0.7725
philosophy:0.772
enigmatic:0.76625
beautiful scenery:0.763
melancholic:0.756
visually appealing:0.75375
very interesting:0.753
cinematography:0.7495
end of the world:0.7455
destiny:0.74525
intelligent sci-fi:0.74425
immortality:0.728
life & death:0.726
technology:0.7085
afterlife:0.70675
great ending:0.697
touching:0.692
whimsical:0.67025
reflective:0.663
visually stunning:0.65275
absurd:0.64325
first contact:0.6365
romance:0.62975
story:0.618
beautifully filmed:0.61725
death:0.6135
original plot:0.60025
imagination:0.59675
weird:0.5955
good acting:0.595
catastrophe:0.59025
life philosophy:0.58525
self discovery:0.58375
mentor:0.5745
metaphysics:0.57375
mystery:0.57325
atheism:0.571
plot:0.57
scenic:0.56525
beautiful:0.56475
emotional:0.559
memory:0.55625
sentimental:0.5525
suspense:0.5475
mindfuck:0.54525
drama:0.54075
obsession:0.5395
dialogue:0.53125
visual:0.52975
stunning:0.52125
solitude:0.52025
creativity:0.51375
complicated:0.512
interesting:0.512
happy ending:0.50475
intelligent:0.50325
passionate:0.49825
unusual plot structure:0.49675
sacrifice:0.49575
suprisingly clever:0.48825
humanity:0.482
clever:0.4785
slow paced:0.478
love:0.46675
loneliness:0.46425
artistic:0.463
bad ending:0.46175
feel-good:0.4595
relationships:0.457
genetics:0.45425
narrated:0.447
good:0.447
twists & turns:0.4435
natural disaster:0.43325
writers:0.41825
nonlinear:0.41675
pretentious:0.41525
transformation:0.4145
hotel:0.41425
feel good movie:0.4135
dramatic:0.40825
brainwashing:0.40825
doctors:0.408
twist ending:0.407
