british comedy:0.99125
zombies:0.9775
comedy:0.977
splatter:0.969
dark humor:0.95875
spoof:0.946
funny as hell:0.94025
zombie:0.93475
british:0.9345
apocalypse:0.92225
cult classic:0.91475
horror:0.90275
parody:0.901
gory:0.88925
original:0.88475
funny:0.8805
humorous:0.88025
satire:0.85825
humor:0.85775
hilarious:0.8455
gore:0.8425
social commentary:0.83575
good soundtrack:0.8335
imdb top 250:0.825
funniest movies:0.8225
slackers:0.81125
sarcasm:0.806
london:0.806
bloody:0.7945
violence:0.79375
violent:0.7915
clever:0.7845
quotable:0.78425
fun:0.769
england:0.7635
goofy:0.74775
drinking:0.739
weird:0.72625
anti-hero:0.7235
cult film:0.72325
witty:0.71925
great ending:0.70825
great movie:0.70275
very funny:0.69925
highly quotable:0.6955
affectionate:0.68525
good:0.6685
great:0.65475
weapons:0.6505
grindhouse:0.648
dialogue:0.64725
dark comedy:0.64725
life & death:0.63675
macabre:0.633
black comedy:0.63225
fun movie:0.631
irreverent:0.63025
cult:0.6265
vengeance:0.62625
visceral:0.62175
excellent script:0.621
storytelling:0.6195
satirical:0.61275
absurd:0.6085
blood:0.6075
dark hero:0.60125
drama:0.60125
brutality:0.59
afi 100 (movie quotes):0.581
friendship:0.57775
pg-13:0.57275
atmospheric:0.57175
suspense:0.56125
survival:0.56
great acting:0.56
transformation:0.55225
story:0.54675
unlikely friendships:0.5465
chase:0.546
narrated:0.54575
silly fun:0.5405
original plot:0.539
classic:0.539
tense:0.538
movielens top pick:0.53275
good acting:0.53225
fast paced:0.5305
talky:0.53025
farce:0.5295
buddy movie:0.5265
mentor:0.5205
loneliness:0.5165
stylized:0.51575
very good:0.5125
cool:0.5085
awesome soundtrack:0.50775
dark:0.5025
great dialogue:0.50125
low budget:0.5005
scary:0.49575
