mentor:0.84925
original:0.738
crime gone awry:0.72675
redemption:0.6665
good:0.659
unusual plot structure:0.65425
greed:0.651
good soundtrack:0.6465
talky:0.63825
violence:0.6265
oscar (best supporting actress):0.61475
social commentary:0.60025
twists & turns:0.59575
addiction:0.586
harsh:0.5835
loneliness:0.569
imdb top 250:0.55725
nocturnal:0.55525
dialogue:0.555
oscar (best directing):0.5525
corruption:0.54175
life philosophy:0.53425
great acting:0.534
insanity:0.531
eccentricity:0.5255
criterion:0.524
drinking:0.5225
character study:0.52025
revenge:0.51725
independent film:0.5145
small town:0.5085
based on a play:0.5025
friendship:0.50175
movielens top pick:0.5
culture clash:0.482
bleak:0.4815
unlikely friendships:0.48025
cult classic:0.47525
very interesting:0.472
mob:0.47125
anti-hero:0.45375
drugs:0.45375
story:0.4505
drama:0.4475
money:0.44725
brutality:0.4435
existentialism:0.435
enigmatic:0.434
runaway:0.43125
stylized:0.43125
great ending:0.43
crime:0.42925
life & death:0.426
excellent:0.424
fighting the system:0.41575
creativity:0.41575
melancholy:0.415
storytelling:0.41475
indie:0.4145
oscar (best actress):0.4105
betrayal:0.41
golden palm:0.40075
catastrophe:0.39975
entirely dialogue:0.39725
melancholic:0.397
downbeat:0.395
dark hero:0.3915
narrated:0.3875
not funny:0.38475
nudity (full frontal - brief):0.3825
dark humor:0.38225
very good:0.37925
new jersey:0.37875
great:0.3775
interesting:0.37375
depression:0.37325
grim:0.373
male nudity:0.3725
obsession:0.368
weird:0.3675
distopia:0.36725
gangsters:0.363
dramatic:0.3625
intense:0.3615
gritty:0.35975
exceptional acting:0.35925
witty:0.35475
suprisingly clever:0.3545
oscar (best supporting actor):0.35275
visually appealing:0.352
pornography:0.35025
bullying:0.34975
clever:0.34975
art:0.34775
drug addiction:0.34475
entertaining:0.3445
earnest:0.3445
adapted from:book:0.34225
california:0.34
cool:0.3395
