story:0.85725
original:0.846
fun movie:0.833
goofy:0.82825
fast paced:0.82125
entertaining:0.80225
insanity:0.743
crazy:0.7325
surveillance:0.71275
destiny:0.705
grindhouse:0.63375
very funny:0.63125
gangsters:0.622
violence:0.60675
storytelling:0.58775
suspense:0.58075
action:0.57325
harsh:0.572
dialogue:0.572
suspenseful:0.55725
humorous:0.5435
twists & turns:0.54325
cool:0.53975
nudity (topless):0.529
predictable:0.52425
plot twist:0.51975
revenge:0.5165
redemption:0.50025
chase:0.49775
buddy movie:0.4975
great ending:0.49475
silly fun:0.49275
twist:0.49125
stylized:0.48875
action packed:0.483
comedy:0.47775
surreal:0.474
sarcasm:0.4725
quirky:0.47175
brutality:0.4685
fun:0.46675
narrated:0.4645
sexy:0.4645
weird:0.46
mentor:0.4495
lone hero:0.44225
intense:0.4395
black comedy:0.4345
clever:0.4275
fight scenes:0.4235
twist ending:0.418
witty:0.411
weapons:0.4065
dark humor:0.405
bloody:0.401
existentialism:0.3965
humor:0.39525
corruption:0.39425
pornography:0.3915
entirely dialogue:0.387
absurd:0.38575
nudity (full frontal - brief):0.38325
catastrophe:0.3795
cinematography:0.37725
life philosophy:0.37725
feel-good:0.37075
crime:0.3695
thriller:0.367
sci fi:0.36475
good action:0.36275
visually appealing:0.35375
police corruption:0.353
adaptation:0.3515
satirical:0.35025
violent:0.35025
dark comedy:0.3475
nocturnal:0.346
vengeance:0.34575
good:0.34325
eccentricity:0.34325
happy ending:0.34175
unusual plot structure:0.33975
identity:0.32875
dark hero:0.3285
cult classic:0.327
unlikeable characters:0.3195
runaway:0.31825
funny:0.317
cerebral:0.31475
police investigation:0.314
crime gone awry:0.308
gratuitous violence:0.30775
imdb top 250:0.3005
cult film:0.30025
plot:0.29625
justice:0.296
nudity:0.294
greed:0.2925
highly quotable:0.29225
stereotypes:0.2915
