creativity:0.9705
surreal:0.946
weird:0.93675
imagination:0.9205
artistic:0.9075
french:0.8945
music:0.888
criterion:0.8845
original:0.87075
cerebral:0.8615
whimsical:0.858
storytelling:0.8515
good soundtrack:0.8395
documentary:0.8325
dreams:0.82225
enigmatic:0.7915
visually appealing:0.78925
melancholic:0.7835
talky:0.7795
social commentary:0.77725
biographical:0.77275
loneliness:0.77
melancholy:0.76675
obsession:0.76625
very interesting:0.7655
artist:0.76
visually stunning:0.75525
life philosophy:0.74525
colourful:0.74425
unusual plot structure:0.74225
oscar (best directing):0.74025
cinematography:0.73825
quirky:0.73375
oscar (best actress):0.72475
philosophy:0.719
visual:0.715
runaway:0.71
vengeance:0.697
reflective:0.69475
unique:0.694
stylized:0.6935
intimate:0.691
dreamlike:0.68975
childhood:0.6875
imdb top 250:0.686
dark humor:0.6775
surrealism:0.67075
notable soundtrack:0.6665
life & death:0.66575
interesting:0.665
bittersweet:0.6645
visceral:0.661
narrated:0.6605
great acting:0.65775
golden palm:0.65575
psychological:0.65325
beautifully filmed:0.65225
art:0.6475
lyrical:0.64575
excellent script:0.64425
insanity:0.641
great ending:0.62975
movielens top pick:0.6225
affectionate:0.62175
black and white:0.6215
powerful ending:0.6175
depression:0.603
psychology:0.5925
mental illness:0.58775
dark hero:0.586
masterpiece:0.57925
musicians:0.57675
assassination:0.56425
love:0.561
serial killer:0.561
catastrophe:0.55925
complex:0.5525
stylish:0.55225
atmospheric:0.5505
ironic:0.549
crime gone awry:0.54675
brutality:0.5415
poetry:0.53775
breathtaking:0.534
twists & turns:0.5315
stunning:0.53075
ethnic conflict:0.53025
complicated:0.52775
corruption:0.52525
grim:0.52325
independent film:0.51875
suprisingly clever:0.5185
meditative:0.516
greed:0.516
male nudity:0.515
life:0.511
absurd:0.50725
existentialism:0.502
police investigation:0.50125
cult film:0.5005
