disney animated feature:0.9895
animation:0.9825
cartoon:0.96975
lions:0.96925
animated:0.968
animals:0.96775
children:0.9585
kids:0.9545
kids and family:0.95325
childhood:0.93825
disney:0.91
talking animals:0.88425
family:0.85325
classic:0.83425
friendship:0.8285
great:0.82675
musical:0.81025
destiny:0.81025
good:0.80975
computer animation:0.805
coming of age:0.80275
africa:0.793
great movie:0.78725
original:0.766
story:0.76075
fairy tale:0.7565
fun:0.72925
good versus evil:0.716
animal movie:0.71425
mentor:0.7075
jungle:0.7025
visually stunning:0.6765
oscar (best music - original song):0.67275
heartwarming:0.6695
love story:0.66725
unlikely friendships:0.65675
music:0.64225
good music:0.641
excellent:0.64025
oscar winner:0.633
sentimental:0.62825
fun movie:0.62475
bittersweet:0.62425
good soundtrack:0.6235
artistic:0.6155
inspirational:0.61025
sweet:0.602
touching:0.59725
clever:0.59675
stereotypes:0.59125
adventure:0.5875
nostalgic:0.582
chase:0.57475
pg-13:0.57125
storytelling:0.5465
catastrophe:0.54225
feel-good:0.53325
runaway:0.52425
redemption:0.52225
oscar:0.519
death:0.518
affectionate:0.514
culture clash:0.5085
oscar (best directing):0.50625
drama:0.506
love:0.505
cute:0.504
beautiful scenery:0.50225
courage:0.4985
honest:0.498
intense:0.48375
girlie movie:0.479
feel good movie:0.47725
great music:0.46975
great ending:0.46575
goofy:0.4655
tragedy:0.45825
sacrifice:0.456
betrayal:0.45375
pixar animation:0.452
simple:0.452
greed:0.452
original plot:0.44725
suprisingly clever:0.44675
breathtaking:0.4465
transformation:0.4465
funny:0.44625
entertaining:0.44475
dialogue:0.4445
life:0.442
humorous:0.43925
light:0.437
happy ending:0.4315
witty:0.42325
based on book:0.41825
life philosophy:0.41275
fairy tales:0.41225
emotional:0.41125
very funny:0.41025
beautiful:0.4085
