spoof:0.984
parody:0.981
blaxploitation:0.968
kung fu:0.9225
martial arts:0.8925
cult classic:0.86225
original:0.80925
quotable:0.79575
hilarious:0.76125
1970s:0.75625
fun:0.749
absurd:0.7445
affectionate:0.7065
fight scenes:0.70575
stylish:0.6985
funny as hell:0.671
vengeance:0.66625
comedy:0.65575
good soundtrack:0.65175
satire:0.6435
cult film:0.62525
dialogue:0.6165
highly quotable:0.59525
fun movie:0.586
mentor:0.5755
suprisingly clever:0.56875
colourful:0.556
clever:0.54975
buddy movie:0.54775
funny:0.54125
gangsters:0.53725
satirical:0.5215
great ending:0.50575
goofy:0.50275
stereotypes:0.49675
drugs:0.48775
humor:0.48075
justice:0.47875
stylized:0.473
unusual plot structure:0.47175
narrated:0.47025
good action:0.46525
great soundtrack:0.4595
revenge:0.459
weapons:0.4575
cinematography:0.45225
grindhouse:0.4475
cult:0.44025
humorous:0.438
ridiculous:0.43775
great:0.43675
talky:0.43475
silly:0.43
storytelling:0.4205
very funny:0.42025
violence:0.41475
brutality:0.412
hitman:0.4095
nudity (topless):0.40925
entirely dialogue:0.40675
conspiracy:0.4065
gunfight:0.40575
action:0.40525
visually appealing:0.39425
hit men:0.38575
adaptation:0.38425
criterion:0.38025
deadpan:0.38
pornography:0.3765
catastrophe:0.3705
light:0.369
fast paced:0.3675
good:0.36725
dark hero:0.358
black comedy:0.35775
great dialogue:0.35275
mob:0.35225
slapstick:0.352
art:0.3495
witty:0.34625
twists & turns:0.34225
runaway:0.34225
weird:0.339
corruption:0.336
guns:0.33275
social commentary:0.328
great acting:0.326
farce:0.32325
assassination:0.3225
life philosophy:0.32225
low budget:0.31725
unfunny:0.31275
chase:0.31125
fantasy world:0.30675
melancholic:0.3055
classic car:0.30475
ironic:0.301
harsh:0.298
fighting:0.296
quirky:0.29575
