horror:0.99475
supernatural:0.99025
ghosts:0.98425
creepy:0.98175
scary:0.976
haunted house:0.90325
frightening:0.854
original:0.8405
dark fantasy:0.78175
eerie:0.7605
pg-13:0.7395
goth:0.73125
ominous:0.70725
great ending:0.70575
story:0.70275
special effects:0.65625
children:0.65025
suspenseful:0.6425
effects:0.62925
bad cgi:0.6275
atmospheric:0.626
splatter:0.6165
demons:0.612
suspense:0.60425
bad ending:0.5905
weird:0.586
ghosts/afterlife:0.5635
tense:0.55975
cgi:0.55625
predictable:0.55575
good:0.55325
afterlife:0.55075
psychological:0.5505
death:0.53475
monster:0.53375
brutality:0.49275
plot holes:0.48175
cinematography:0.479
allegory:0.4775
mentor:0.474
runaway:0.473
computer animation:0.473
imaginary friend:0.47175
transformation:0.468
visually stunning:0.4645
survival:0.4625
catastrophe:0.45875
parenthood:0.4585
intense:0.4575
dark:0.455
psychiatrist:0.453
life & death:0.44975
blood:0.44875
good soundtrack:0.44725
stylized:0.44575
bad plot:0.434
monsters:0.43375
family:0.417
macabre:0.409
visual:0.39925
redemption:0.39725
witches:0.397
gothic:0.39475
life philosophy:0.39425
hospital:0.394
pornography:0.38375
devil:0.3825
stereotypes:0.375
spiders:0.37425
storytelling:0.37175
childhood:0.36725
creativity:0.36625
torture:0.365
better than expected:0.3645
secrets:0.36325
goretastic:0.36
nocturnal:0.3565
not funny:0.35425
great:0.351
dialogue:0.35025
gory:0.349
culture clash:0.34375
doctors:0.3435
good acting:0.34275
light:0.34125
adaptation:0.3395
writers:0.33825
sacrifice:0.33675
first contact:0.33325
twist ending:0.333
orphans:0.32525
fight scenes:0.32525
melancholic:0.32275
pointless:0.3225
fantasy world:0.32225
spanish:0.322
visuals:0.32075
violence:0.3195
visually appealing:0.319
werewolf:0.31575
