artistic:0.99375
art:0.94975
documentary:0.9485
artist:0.9465
creativity:0.9135
weird:0.85925
inspiring:0.8585
mentor:0.855
heartwarming:0.831
girlie movie:0.823
culture clash:0.82225
destiny:0.82025
feel-good:0.81825
mathematics:0.81775
math:0.80625
imagination:0.7695
love story:0.769
graphic design:0.76775
family:0.76325
childhood:0.73375
inspirational:0.72625
obsession:0.72525
feel good movie:0.722
romantic:0.7205
touching:0.71975
visually appealing:0.7185
pornography:0.7075
original:0.7015
censorship:0.6985
very interesting:0.69675
bollywood:0.6925
drinking:0.68725
life philosophy:0.6825
runaway:0.66525
social commentary:0.65525
based on a play:0.65475
solitude:0.654
underdog:0.64925
sentimental:0.6485
sweet:0.6425
science:0.63525
whimsical:0.628
idealism:0.62425
life:0.62375
enormously long battle scene:0.6195
beautiful:0.61625
catastrophe:0.6075
light:0.60425
stunning:0.604
passionate:0.5985
ecology:0.59125
visuals:0.59075
family bonds:0.5685
animals:0.5665
criterion:0.558
storytelling:0.55675
biographical:0.55675
educational:0.5525
oscar (best supporting actress):0.552
environmental:0.55125
author:neil gaiman:0.546
emotional:0.5445
cute!:0.5435
gay character:0.54075
hip hop:0.529
narrated:0.52525
witty:0.521
simple:0.51725
children:0.516
prejudice:0.5105
literature:0.502
ethnic conflict:0.4965
divorce:0.49525
unlikely friendships:0.49475
stop motion:0.492
cheating:0.48475
self discovery:0.48475
loneliness:0.48025
happy ending:0.478
small town:0.46525
cute:0.465
fun movie:0.46475
musicians:0.46425
stand-up comedy:0.46325
sports:0.46325
kids and family:0.46125
melancholic:0.459
perfect:0.455
heartbreaking:0.44975
musical:0.44925
affectionate:0.446
modern fantasy:0.44425
bittersweet:0.44075
talky:0.4405
surveillance:0.43675
based on true story:0.436
macabre:0.434
hunting:0.43275
great:0.4285
chick flick:0.42825
