crime:0.98525
police corruption:0.97975
detective:0.96
heist:0.94875
police:0.93725
political corruption:0.93525
corruption:0.91925
chase:0.9105
action:0.883
vengeance:0.857
london:0.8535
police investigation:0.8505
noir thriller:0.82375
conspiracy:0.81925
thriller:0.8105
gangsters:0.79475
stylish:0.77375
revenge:0.773
tense:0.757
good:0.7555
suspense:0.74425
original:0.71975
visually appealing:0.7165
great ending:0.7135
good soundtrack:0.71
british:0.70575
stylized:0.69775
intense:0.6885
predictable:0.684
twists & turns:0.68025
good action:0.677
violence:0.67575
notable nudity:0.66975
mentor:0.66075
plot:0.6555
violent:0.65375
gunfight:0.64275
guns:0.62675
justice:0.60475
story:0.6015
caper:0.59825
melancholic:0.59075
anti-hero:0.58675
robbery:0.58525
murder:0.57925
dialogue:0.57325
enormously long battle scene:0.56875
redemption:0.561
first contact:0.55275
cinematography:0.546
fast paced:0.54575
forceful:0.54375
gangster:0.541
lawyers:0.5405
great movie:0.5315
secrets:0.5245
obsession:0.51925
undercover cop:0.51575
so bad it's funny:0.51575
hostage:0.4995
nocturnal:0.48825
earnest:0.48575
drama:0.48475
oscar (best directing):0.4835
organized crime:0.47825
futuristic:0.477
weapons:0.4765
investigation:0.4745
moral ambiguity:0.4715
action packed:0.47125
criterion:0.46675
gritty:0.464
hunting:0.46175
neo-noir:0.4585
lawyer:0.4575
life philosophy:0.4565
complicated plot:0.45225
sci fi:0.445
mob:0.44225
betrayal:0.44
excellent script:0.4395
bank robbery:0.4365
no plot:0.43325
exciting:0.4315
cool:0.42325
slow:0.4175
runaway:0.41425
culture clash:0.41375
absurd:0.40775
great:0.40275
car chase:0.4015
catastrophe:0.40125
plot twist:0.4005
storytelling:0.399
medieval:0.39825
hospital:0.398
us history:0.39375
shallow:0.38725
doctors:0.387
suspenseful:0.386
