vigilante:0.98925
batman:0.98775
franchise:0.961
vigilantism:0.9385
series:0.926
super hero:0.918
super-hero:0.9025
animation:0.898
mentor:0.88425
superhero:0.87525
original:0.87475
dark:0.87425
pg-13:0.87
futuristic:0.86925
action:0.86575
dark hero:0.86175
dc comics:0.85275
intense:0.839
alter ego:0.8385
vengeance:0.837
superheroes:0.8355
comics:0.81875
comic book adaption:0.8155
cartoon:0.80525
comic book:0.803
violence:0.7975
violent:0.79475
graphic novel:0.773
animated:0.7475
future:0.74525
great:0.73925
great ending:0.7385
cool:0.73825
story:0.723
action packed:0.70625
great movie:0.705
fast paced:0.7015
good:0.6985
fight scenes:0.6355
crime:0.62625
nocturnal:0.6255
mythology:0.62225
dialogue:0.62025
good action:0.6085
storytelling:0.6075
secrets:0.6075
light:0.6055
very good:0.5845
fighting:0.583
brutality:0.5815
police investigation:0.56925
excellent:0.54925
twists & turns:0.54625
highly quotable:0.54475
childhood:0.54075
justice:0.53475
adaptation:0.534
awesome:0.53375
movielens top pick:0.529
honest:0.52825
insanity:0.5205
complex:0.51525
transformation:0.51525
sacrifice:0.51275
revenge:0.509
gory:0.5045
death:0.50275
oscar (best effects - visual effects):0.50075
dark humor:0.49725
original plot:0.49175
good soundtrack:0.488
unusual plot structure:0.48575
fun:0.48225
awesome soundtrack:0.481
suspense:0.48
very interesting:0.47625
psychological:0.47575
harsh:0.4755
adventure:0.47525
whimsical:0.47475
destiny:0.47325
disturbing:0.473
stylish:0.47275
witty:0.47275
interesting:0.47025
animal movie:0.4665
fantasy world:0.46275
criterion:0.45825
murder:0.45775
anime:0.45775
stylized:0.4555
creativity:0.4455
grim:0.44425
nostalgia:0.443
runaway:0.441
great dialogue:0.441
redemption:0.435
bleak:0.43425
brutal:0.432
giant robots:0.43075
