runaway:0.94475
original:0.94425
coming of age:0.9415
whimsical:0.94025
weird:0.9265
quirky:0.9235
stylized:0.9175
surreal:0.9125
sweet:0.90325
cinematography:0.9015
childhood:0.897
bittersweet:0.89525
melancholic:0.8875
storytelling:0.88625
deadpan:0.87675
adolescence:0.8725
criterion:0.86525
children:0.855
eccentricity:0.8415
love story:0.832
innocence lost:0.83175
drama:0.828
story:0.82775
mentor:0.822
nostalgic:0.80325
narrated:0.80175
imagination:0.7985
good soundtrack:0.79075
love:0.78475
feel-good:0.777
visually appealing:0.77075
loneliness:0.769
island:0.762
imdb top 250:0.75875
dialogue:0.75275
excellent script:0.7485
coming-of-age:0.74425
romantic:0.74175
wilderness:0.72675
heartwarming:0.719
indie:0.713
small town:0.71225
melancholy:0.711
ensemble cast:0.69625
beautifully filmed:0.69225
clever:0.6755
pornography:0.6665
colourful:0.6655
surrealism:0.662
affectionate:0.6605
romance:0.65575
destiny:0.6515
dreamlike:0.6435
enigmatic:0.63975
obsession:0.636
artistic:0.63275
stylish:0.62775
great acting:0.6275
cult classic:0.62525
existentialism:0.623
talky:0.6215
cerebral:0.6145
crime gone awry:0.6135
visually stunning:0.6105
dark humor:0.604
visual:0.6025
idealism:0.6015
golden palm:0.59975
touching:0.592
cute:0.59125
absurd:0.58925
witty:0.589
adventure:0.5875
good acting:0.5855
allegory:0.58475
social commentary:0.5825
comedy:0.5825
great ending:0.5765
nonlinear:0.5755
1960s:0.57425
interesting:0.5735
unlikely friendships:0.5595
beautiful scenery:0.551
independent film:0.54725
great:0.547
feel good movie:0.5455
friendship:0.53975
fun:0.53925
masterpiece:0.53825
atmospheric:0.5305
wistful:0.52625
bullying:0.5205
great dialogue:0.5155
redemption:0.51325
camp:0.50975
unusual plot structure:0.505
harsh:0.49875
oscar:0.4975
plot:0.49725
complex:0.49325
