weapons:0.941
war:0.925
action:0.91175
alternate history:0.86575
cold war:0.86225
small town:0.839
fighting:0.8235
best war films:0.819
teen movie:0.81625
military:0.80975
russian:0.79975
islam:0.7935
latin america:0.77225
propaganda:0.7715
survival:0.75425
1980s:0.748
brutality:0.74675
good action:0.735
good:0.73425
camp:0.723
teen:0.7225
russia:0.718
courage:0.708
violence:0.708
original:0.6995
teens:0.687
oscar (best supporting actor):0.68475
forceful:0.68375
pg-13:0.671
guns:0.66275
mentor:0.64825
freedom:0.647
war movie:0.64525
politics:0.644
80s:0.617
dialogue:0.6125
big budget:0.6105
revenge:0.609
vengeance:0.59375
high school:0.5885
nuclear war:0.57625
us history:0.57375
civil war:0.57025
revolution:0.5695
betrayal:0.563
nostalgic:0.55475
intense:0.554
special effects:0.548
runaway:0.54075
realistic:0.536
bad acting:0.52725
catastrophe:0.52675
violent:0.5225
fantasy:0.52175
action packed:0.5085
sacrifice:0.50775
plot:0.5025
alternate reality:0.49975
stereotypes:0.494
destiny:0.4875
history:0.4875
chase:0.48475
fight scenes:0.4805
story:0.4725
historical:0.466
good soundtrack:0.46575
predictable:0.458
end of the world:0.4575
fun movie:0.4535
torture:0.4465
great ending:0.44575
cult film:0.44475
political:0.44375
culture clash:0.4365
nostalgia:0.4355
foreign:0.43175
visceral:0.4255
beautiful scenery:0.4235
silly:0.42075
lone hero:0.42075
science fiction:0.4125
teenager:0.40525
great:0.4035
underrated:0.39725
harsh:0.39575
adventure:0.39575
friendship:0.39425
prejudice:0.394
unrealistic:0.392
underdog:0.39125
dramatic:0.38925
bullying:0.388
school:0.387
corny:0.385
hunting:0.38225
entertaining:0.38125
feel-good:0.38
redemption:0.37975
epic:0.37425
honest:0.37375
