kids:0.8615
adventure:0.8295
cute:0.82375
family:0.8095
cute!:0.791
children:0.76825
animals:0.7425
china:0.73525
original:0.64375
kids and family:0.6415
mentor:0.61275
childhood:0.557
so bad it's funny:0.5565
animal movie:0.4815
stereotypes:0.477
fun movie:0.4765
talking animals:0.4545
catastrophe:0.43775
predictable:0.43375
fight scenes:0.41875
silly fun:0.40975
runaway:0.4055
bad plot:0.39225
teen movie:0.36725
fun:0.3605
story:0.35975
culture clash:0.356
nostalgic:0.34425
bullying:0.32325
dialogue:0.3225
robots:0.31275
bad:0.31
entertaining:0.307
destiny:0.30675
good:0.3035
first contact:0.30075
visually stunning:0.3
spelling bee:0.2965
farce:0.29475
not funny:0.29325
horrible:0.293
death:0.287
stupid:0.283
life philosophy:0.283
internet:0.283
idiotic:0.28225
great ending:0.282
great:0.279
natural disaster:0.27175
wistful:0.2705
disney:0.26625
girlie movie:0.2645
cinematography:0.26275
slapstick:0.2615
fantasy world:0.26075
storytelling:0.25925
nudity (full frontal - brief):0.25625
wilderness:0.256
pg-13:0.252
scary:0.24975
martial arts:0.2455
pg:0.24475
overrated:0.24375
lone hero:0.2365
ninja:0.2365
police investigation:0.236
betrayal:0.23525
awesome soundtrack:0.2285
melancholic:0.22825
good soundtrack:0.22425
robot:0.224
unusual plot structure:0.22225
dog:0.22025
franchise:0.22025
big budget:0.21875
entirely dialogue:0.21775
teen:0.21625
redemption:0.215
pointless:0.2125
greed:0.21
oscar (best directing):0.20575
happy ending:0.205
brutality:0.2045
camp:0.204
shallow:0.20375
unfunny:0.203
life & death:0.202
unlikely friendships:0.201
beautiful scenery:0.2005
disaster:0.2005
romantic:0.19875
kung fu:0.198
special effects:0.197
adaptation:0.197
feel-good:0.19625
competition:0.19525
pornography:0.19475
sci fi:0.1925
cult film:0.192
quirky:0.192
