heist:0.989
noir:0.982
crime:0.9735
caper:0.969
tense:0.964
downbeat:0.94725
film noir:0.9295
bleak:0.90425
imdb top 250:0.8985
organized crime:0.89675
neo-noir:0.89625
greed:0.89275
crime gone awry:0.886
classic:0.86375
claustrophobic:0.8565
forceful:0.844
black and white:0.83775
robbery:0.83725
ominous:0.83575
corruption:0.83175
criterion:0.8315
gangster:0.8195
original:0.79925
oscar (best cinematography):0.79525
talky:0.7865
gangsters:0.781
ensemble cast:0.77875
powerful ending:0.768
gritty:0.7655
grim:0.761
gunfight:0.752
great acting:0.74675
exceptional acting:0.7455
runaway:0.7425
complex:0.74025
oscar (best directing):0.73975
atmospheric:0.732
mob:0.71925
suspense:0.71425
golden palm:0.71325
character study:0.711
stylized:0.7095
police investigation:0.7085
dialogue:0.704
great ending:0.698
lawyer:0.69325
violent:0.69025
great movie:0.68825
interesting:0.67725
enigmatic:0.6715
harsh:0.65925
affectionate:0.659
cinematography:0.65575
private detective:0.655
drama:0.64775
betrayal:0.639
social commentary:0.62925
paranoid:0.627
noir thriller:0.62575
great:0.62525
loneliness:0.62425
oscar (best supporting actress):0.6195
mentor:0.6185
clever:0.61375
good soundtrack:0.607
unusual plot structure:0.607
anti-hero:0.595
reflective:0.58725
cynical:0.578
twists & turns:0.578
complicated:0.57175
obsession:0.569
oscar (best actress):0.56875
suspenseful:0.5595
drinking:0.551
highly quotable:0.5495
morality:0.549
realistic:0.5445
1950s:0.54125
melancholy:0.541
masterpiece:0.5405
nocturnal:0.52975
murder:0.526
sexy:0.52575
dark humor:0.522
culture clash:0.50925
good dialogue:0.508
movielens top pick:0.5075
witty:0.50725
photography:0.50625
moral ambiguity:0.50475
excellent:0.503
adapted from:book:0.50125
narrated:0.50075
cool:0.5
tragedy:0.4945
pulp:0.49325
entirely dialogue:0.487
melancholic:0.48625
dark:0.485
