good sequel:0.969
sequels:0.92325
teleportation:0.858
original:0.83375
sequel:0.804
natural disaster:0.77675
splatter:0.7315
immortality:0.63025
franchise:0.50575
great ending:0.48325
predictable:0.47775
good:0.4765
story:0.47225
special effects:0.4665
crappy sequel:0.45425
futuristic:0.45025
cool:0.44925
dialogue:0.44525
catastrophe:0.42925
dynamic cgi action:0.42675
so bad it's funny:0.4245
violence:0.418
quirky:0.4135
great:0.4085
mentor:0.406
god:0.396
brutality:0.3925
transformation:0.38025
supernatural:0.3715
unusual plot structure:0.364
teens:0.36275
first contact:0.3555
pointless:0.35425
horrible:0.35225
fight scenes:0.352
technology:0.351
underrated:0.3505
action:0.343
writers:0.336
fantasy world:0.3335
not funny:0.32725
very interesting:0.326
visually appealing:0.3205
adaptation:0.31875
fun movie:0.3185
suprisingly clever:0.31825
destiny:0.3065
bad plot:0.30375
teen movie:0.3035
storytelling:0.3025
weird:0.301
good soundtrack:0.299
scary:0.292
idiotic:0.2915
overrated:0.2885
entirely dialogue:0.288
nudity (topless):0.28775
sci fi:0.285
original plot:0.28125
cult film:0.278
grindhouse:0.278
entertaining:0.2755
pornography:0.27375
suspense:0.27375
runaway:0.2715
vengeance:0.27075
humorous:0.27025
death:0.26825
complex:0.266
lone hero:0.26525
multiple storylines:0.26475
fun:0.2615
violent:0.25975
demons:0.258
sexualized violence:0.25625
redemption:0.253
cult classic:0.25275
metaphysics:0.252
weapons:0.24925
police investigation:0.249
unfunny:0.24875
life philosophy:0.247
horror:0.24625
pg-13:0.24625
great movie:0.24575
chase:0.245
bad:0.24475
culture clash:0.2445
feel-good:0.2435
fantasy:0.2415
suicide:0.24075
melancholic:0.24075
los angeles:0.23875
stylized:0.2345
very good:0.2325
existentialism:0.22975
hospital:0.2295
atmospheric:0.2275
intense:0.226
lame:0.22375
