18th century:0.972
period piece:0.942
good soundtrack:0.894
liv tyler:0.8285
costume drama:0.82125
stylish:0.81075
entertaining:0.78325
london:0.7765
england:0.75675
historical:0.753
music:0.75075
original:0.73675
dialogue:0.73
caper:0.69775
plot:0.693
action:0.691
visually stunning:0.67575
cult film:0.67425
mentor:0.6515
fun movie:0.64275
good music:0.64275
swashbuckler:0.6415
clever:0.6395
heist:0.6325
adventure:0.6285
silly fun:0.61325
good:0.60175
vengeance:0.592
british:0.58925
predictable:0.57225
fun:0.5625
stylized:0.557
big budget:0.554
sexualized violence:0.553
violent:0.5395
bloody:0.53725
complicated plot:0.53475
great:0.52675
greed:0.5265
great ending:0.519
colourful:0.51525
drama:0.50875
fast paced:0.49775
twists & turns:0.48775
betrayal:0.4855
buddy movie:0.48475
violence:0.484
pg-13:0.47175
catastrophe:0.47125
pornography:0.467
fight scenes:0.4595
unlikely friendships:0.4555
brutality:0.4535
good action:0.45025
entirely dialogue:0.44825
medieval:0.4475
fantasy world:0.441
cinematography:0.4355
friendship:0.42575
musical:0.4235
life philosophy:0.4225
light:0.4225
comedy:0.41875
gangsters:0.418
exciting:0.4085
visual:0.40275
visually appealing:0.4025
camp:0.39925
storytelling:0.39675
unfunny:0.39675
underrated:0.39625
great movie:0.396
pointless:0.395
adaptation:0.39475
justice:0.39225
story:0.392
revenge:0.3905
nudity (topless - notable):0.389
quirky:0.38525
dance:0.38275
crime:0.37675
action packed:0.37575
sexy:0.37275
shallow:0.36975
good dialogue:0.36525
witty:0.36025
robbery:0.35875
chase:0.35775
destiny:0.35725
culture clash:0.354
romance:0.34875
surreal:0.3475
twist:0.3465
gory:0.3445
not funny:0.34375
bad acting:0.343
crude humor:0.3425
very good:0.34175
very funny:0.3365
cool:0.3305
