author:neil gaiman:1.0
fairy tale:0.99625
modern fantasy:0.996
fantasy world:0.99325
fantasy:0.99
magic:0.9855
high fantasy:0.98125
witch:0.976
witches:0.97225
fairy tales:0.95775
adventure:0.9515
adapted from:book:0.9415
based on a book:0.92875
imagination:0.926
based on book:0.90375
visually appealing:0.8865
romance:0.874
whimsical:0.87
special effects:0.86275
good versus evil:0.85825
storytelling:0.84525
neil gaiman:0.831
destiny:0.799
mythology:0.79875
original:0.797
visually stunning:0.79475
wizards:0.78575
pirates:0.7835
pg-13:0.77625
love story:0.77325
visual:0.7705
story:0.76925
visuals:0.757
immortality:0.75475
romantic:0.7545
dark fantasy:0.74275
beautiful scenery:0.7425
good:0.70475
comedy:0.69625
medieval:0.69075
great:0.68475
mentor:0.6835
big budget:0.65825
swashbuckler:0.65675
coming of age:0.65475
magic realism:0.65225
adaptation:0.6455
feel-good:0.6405
books:0.6365
stunning:0.635
happy ending:0.6335
fun:0.6255
good soundtrack:0.6255
childhood:0.62525
book was better:0.625
original plot:0.62475
great acting:0.61825
humor:0.6165
transformation:0.614
clever:0.60825
steampunk:0.602
dialogue:0.59925
fun movie:0.58475
plot:0.57825
scenic:0.5775
british:0.5705
great ending:0.5645
entertaining:0.56375
feel good movie:0.562
runaway:0.54925
parallel universe:0.54625
sword fight:0.545
great movie:0.539
beautifully filmed:0.539
good acting:0.53875
witty:0.534
crude humor:0.53175
chase:0.53075
better than expected:0.52375
light:0.52
sweet:0.51975
action:0.51625
children:0.51175
humorous:0.51025
love:0.50825
cgi:0.5075
catastrophe:0.48625
funny:0.485
sacrifice:0.484
cute:0.4725
secrets:0.47
fight scenes:0.46475
england:0.46175
allegory:0.4555
culture clash:0.44925
betrayal:0.439
atmospheric:0.42875
weird:0.4235
technology:0.42
cross dressing:0.41875
