parody:0.904
original:0.83075
silly fun:0.72875
cult classic:0.7235
spoof:0.7175
goofy:0.71175
comedy:0.684
satire:0.67925
computer animation:0.6765
very funny:0.66725
cult film:0.66475
predictable:0.647
great ending:0.6015
satirical:0.5965
silly:0.589
pornography:0.589
whimsical:0.582
surreal:0.58125
funny:0.574
camp:0.55025
adaptation:0.53475
1930s:0.52875
absurd:0.5215
death:0.52
ridiculous:0.519
fantasy world:0.509
bad ending:0.50825
idiotic:0.50775
fun:0.50375
slapstick:0.4985
campy:0.49475
quirky:0.4945
fun movie:0.494
mentor:0.48525
adventure:0.48475
underrated:0.481
great:0.4795
franchise:0.4735
dialogue:0.47025
so bad it's funny:0.463
family:0.459
1980s:0.45625
comic:0.4405
detective:0.43375
catastrophe:0.431
life & death:0.4285
good soundtrack:0.4255
unfunny:0.41775
adapted from:book:0.41625
sci fi:0.41575
shallow:0.412
dark hero:0.40925
sexualized violence:0.40825
crude humor:0.4035
fantasy:0.4025
weird:0.3985
special effects:0.39625
brutality:0.39225
first contact:0.389
justice:0.38675
bad plot:0.3865
storytelling:0.38125
disaster:0.38025
big budget:0.376
chase:0.37375
unlikeable characters:0.37375
torture:0.37325
destiny:0.37025
stereotypes:0.3695
lone hero:0.3695
childhood:0.369
surrealism:0.36775
nudity (topless):0.363
doctors:0.3615
fight scenes:0.36025
great movie:0.357
runaway:0.3535
violence:0.34875
vengeance:0.348
visually appealing:0.348
good:0.34525
hilarious:0.3415
pg-13:0.3395
distopia:0.33625
melancholic:0.3335
nocturnal:0.332
culture clash:0.33125
british comedy:0.325
dreamlike:0.32325
80s:0.32325
awful:0.32325
funny as hell:0.32275
redemption:0.321
happy ending:0.319
nudity (topless - notable):0.31625
cult:0.31275
special:0.3105
farce:0.30575
entertaining:0.3055
clever:0.30475
