animation:0.97975
anime:0.9745
predictable:0.89675
cartoon:0.8335
franchise:0.8115
original:0.78575
computer game:0.77675
animated:0.7735
monsters:0.751
based on a video game:0.68175
fantasy world:0.67775
video game:0.67725
animals:0.6765
bad plot:0.644
family:0.629
dialogue:0.613
destiny:0.60075
overrated:0.596
dragons:0.59425
god:0.5805
egypt:0.5765
action:0.57
fantasy:0.55675
friendship:0.5535
violence:0.525
pointless:0.52275
boring:0.513
mentor:0.50875
idiotic:0.5005
fight scenes:0.498
great ending:0.48475
story:0.47375
unlikely friendships:0.456
series:0.4435
horrible:0.442
first contact:0.44025
adapted from:comic:0.43025
so bad it's funny:0.42975
adaptation:0.429
light:0.426
monster:0.4175
magic:0.4115
entirely dialogue:0.409
disaster:0.40525
intense:0.39925
catastrophe:0.399
greed:0.3975
superheroes:0.394
geeks:0.39
nocturnal:0.386
death:0.386
camp:0.38175
drinking:0.37775
shallow:0.37625
afterlife:0.3745
internet:0.373
silly fun:0.371
sci fi:0.37025
lone hero:0.369
adapted from:game:0.36775
action packed:0.36125
video game adaptation:0.36075
nudity (topless - notable):0.36075
chase:0.359
alternate reality:0.3585
dreamlike:0.3535
cult film:0.35225
adventure:0.34725
brutality:0.346
life philosophy:0.34575
lame:0.3435
writers:0.34275
super-hero:0.33825
alter ego:0.3375
boring!:0.3355
pulp:0.335
high fantasy:0.334
unusual plot structure:0.33125
redemption:0.33125
crappy sequel:0.32725
runaway:0.32675
stereotypes:0.32325
melancholic:0.3155
not funny:0.3155
nudity (full frontal - brief):0.31475
plot holes:0.31475
quirky:0.311
justice:0.31
surreal:0.31
natural disaster:0.30925
crude humor:0.30575
imdb top 250:0.30575
weapons:0.30475
science fiction:0.301
gangsters:0.301
storytelling:0.30025
teen movie:0.29975
tokyo:0.29825
slapstick:0.29675
high school:0.29375
