romantic comedy:0.99625
short-term memory loss:0.9835
romantic:0.96925
comedy:0.96275
love story:0.959
chick flick:0.93575
memory loss:0.933
happy ending:0.93075
romance:0.92025
girlie movie:0.9195
pg-13:0.892
sweet:0.88725
hawaii:0.8695
feel-good:0.8645
good romantic comedies:0.85525
funny:0.83475
feel good movie:0.76925
cute!:0.738
very funny:0.7225
cute:0.721
original:0.69525
good:0.69325
fun movie:0.674
amnesia:0.6725
beautiful scenery:0.66825
destiny:0.664
memory:0.65625
great ending:0.65225
love:0.649
goofy:0.64775
hilarious:0.641
silly:0.6315
predictable:0.60475
catastrophe:0.6005
great:0.59825
crude humor:0.5965
good soundtrack:0.59425
fun:0.56
sappy:0.5585
light:0.547
gay character:0.5395
better than expected:0.52025
family:0.5085
relationships:0.5035
unfunny:0.47675
stereotypes:0.469
women:0.4615
story:0.4435
chase:0.43425
culture clash:0.4325
big budget:0.4255
mentor:0.42375
sentimental:0.41975
great movie:0.41925
clever:0.407
sexy:0.40525
plot:0.404
dialogue:0.40275
touching:0.39825
humorous:0.3955
teen movie:0.39275
heartwarming:0.38875
entertaining:0.388
shallow:0.3875
too short:0.38325
excellent script:0.365
silly fun:0.36075
transformation:0.35625
island:0.34675
dumb:0.34525
life philosophy:0.343
not funny:0.335
so bad it's funny:0.32875
dynamic cgi action:0.32175
animals:0.3215
shopping:0.31325
product placement:0.31225
runaway:0.311
first contact:0.3095
storytelling:0.30925
humor:0.30875
creativity:0.307
wedding:0.30625
bittersweet:0.3025
redemption:0.30175
original plot:0.30175
divorce:0.3
very good:0.29625
slapstick:0.296
suprisingly clever:0.295
quirky:0.2945
teen:0.2935
fight scenes:0.29
natural disaster:0.289
cerebral:0.286
alaska:0.2855
adaptation:0.285
passionate:0.28175
brutality:0.27975
drama:0.279
