brainwashing:0.99475
islam:0.977
christianity:0.966
politics:0.9595
social commentary:0.9515
children:0.93225
religion:0.9305
documentary:0.928
child abuse:0.925
jesus:0.907
camp:0.89925
god:0.87175
political:0.871
propaganda:0.84425
original:0.80425
christian:0.788
disturbing:0.75375
interesting:0.7385
catholicism:0.73275
intimate:0.722
corruption:0.7175
greed:0.70625
global warming:0.6945
narrated:0.68175
pornography:0.678
good soundtrack:0.6755
powerful ending:0.67125
manipulation:0.66875
controversial:0.65675
radio:0.646
honest:0.64325
sacrifice:0.63275
depressing:0.63025
abortion:0.62975
idealism:0.62125
psychological:0.6205
culture clash:0.619
weird:0.6165
intense:0.613
childhood:0.61125
forceful:0.60575
stereotypes:0.6
sad:0.58925
violence:0.58675
runaway:0.5825
criterion:0.5805
movielens top pick:0.576
insanity:0.57425
psychology:0.5735
golden palm:0.55875
censorship:0.55725
drugs:0.55475
talky:0.5545
violent:0.54825
kids:0.5415
oscar (best directing):0.53975
cerebral:0.53925
visually appealing:0.53325
very interesting:0.53275
great ending:0.5325
science:0.53
harsh:0.528
atheism:0.5235
mentor:0.5215
parenthood:0.52125
fascism:0.521
biblical:0.51775
brutality:0.5135
intelligent:0.50475
death:0.50425
excellent script:0.50275
bowling:0.5025
obsession:0.502
good:0.4995
life philosophy:0.497
cinematography:0.4925
israel:0.48675
earnest:0.484
imdb top 250:0.481
sexualized violence:0.48
philosophy:0.47825
depression:0.4765
free speech:0.47375
dialogue:0.47
ironic:0.46775
thought-provoking:0.465
allegory:0.4615
realistic:0.46075
unusual plot structure:0.45925
tense:0.45825
suspense:0.457
storytelling:0.45625
morality:0.45625
creepy:0.455
life & death:0.45425
complex:0.45125
male nudity:0.4505
paranoid:0.45025
twists & turns:0.44625
cynical:0.442
