psychiatry:0.88675
classic:0.88125
romance:0.88025
romantic:0.8615
oscar (best actress):0.84875
love story:0.8275
adapted from:book:0.81975
talky:0.8175
adultery:0.79325
oscar (best directing):0.79225
beautifully filmed:0.7765
boston:0.765
relationships:0.7465
compassionate:0.73875
original:0.71075
oscar (best supporting actress):0.69325
mother daughter relationship:0.68525
beautiful scenery:0.6815
criterion:0.6615
chick flick:0.64925
psychology:0.64725
love:0.64425
transformation:0.64375
afi 100 (movie quotes):0.63475
runaway:0.6235
depression:0.608
passionate:0.6035
black and white:0.60025
loneliness:0.598
obsession:0.583
bittersweet:0.58275
intimate:0.58075
imdb top 250:0.57775
mentor:0.57575
sexy:0.5695
character study:0.565
psychiatrist:0.5575
childhood:0.55475
enigmatic:0.5525
chase:0.54725
destiny:0.546
women:0.5435
drama:0.54075
great ending:0.53375
great acting:0.531
breathtaking:0.528
oscar:0.528
cinematography:0.51775
mental hospital:0.5115
sweet:0.511
good acting:0.509
culture clash:0.5075
great:0.50475
secrets:0.50375
self discovery:0.498
dialogue:0.49675
idealism:0.49375
sentimental:0.48725
guilt:0.487
courage:0.47875
divorce:0.4735
light:0.47275
suprisingly clever:0.47125
movielens top pick:0.471
storytelling:0.461
based on a play:0.46075
costume drama:0.45875
redemption:0.4515
nocturnal:0.4445
oscar (best cinematography):0.44375
great dialogue:0.442
adaptation:0.43675
beautiful:0.43425
good:0.434
good soundtrack:0.43
betrayal:0.42925
melancholy:0.427
life philosophy:0.42325
marriage:0.42125
poignant:0.418
story:0.41775
friendship:0.41675
melancholic:0.41375
alter ego:0.4135
affectionate:0.41075
emotional:0.40825
catastrophe:0.40825
complex:0.40625
fight scenes:0.40475
identity:0.396
twists & turns:0.3945
stylized:0.39325
dramatic:0.3905
stunning:0.38775
insanity:0.3865
brothers:0.3835
witty:0.383
tear jerker:0.382
very interesting:0.379
psychological:0.37875
