rome:0.99525
world war ii:0.99325
wwii:0.988
criterion:0.986
fascism:0.9745
nazis:0.97125
bleak:0.949
wartime:0.932
forceful:0.92
golden palm:0.91925
powerful ending:0.91325
germany:0.91175
intimate:0.888
masterpiece:0.8845
imdb top 250:0.88175
realistic:0.87225
italian:0.85125
german:0.84725
courage:0.8275
oscar (best foreign language film):0.82575
poland:0.822
nazi:0.8195
italy:0.81825
gritty:0.81175
reflective:0.80125
black and white:0.798
dramatic:0.79225
downbeat:0.79225
betrayal:0.792
oscar (best directing):0.77825
oscar (best actress):0.77025
tense:0.7665
original:0.75475
runaway:0.7515
talky:0.75025
tragedy:0.737
poignant:0.73575
rebellion:0.7315
historical:0.72475
visceral:0.7235
social commentary:0.72175
brutality:0.717
grim:0.717
idealism:0.713
greed:0.71025
history:0.69375
cinematography:0.6795
harsh:0.6705
best war films:0.658
breathtaking:0.657
culture clash:0.6535
cathartic:0.63125
drama:0.63125
movielens top pick:0.62875
us history:0.624
great acting:0.62225
good soundtrack:0.621
light:0.619
sacrifice:0.61275
atmospheric:0.61225
affectionate:0.5965
free to download:0.59525
unusual plot structure:0.592
enigmatic:0.591
oscar (best supporting actress):0.58825
earnest:0.5845
war:0.58325
ethnic conflict:0.5795
melancholic:0.575
great:0.56825
propaganda:0.5575
allegory:0.5495
political:0.54225
cynical:0.53975
dialogue:0.53875
great ending:0.53325
death:0.53275
melancholy:0.53075
stylized:0.52775
foreign:0.5225
lyrical:0.504
end of the world:0.4995
suprisingly clever:0.4875
loneliness:0.4855
intense:0.485
storytelling:0.48275
good acting:0.48075
multiple storylines:0.47825
factual:0.47025
claustrophobic:0.467
compassionate:0.46525
emotional:0.4615
politics:0.458
redemption:0.45675
depressing:0.4565
great movie:0.4505
gunfight:0.45
honest:0.44925
classic:0.449
depression:0.44875
