voodoo:0.95825
cinematography:0.94425
horror:0.92975
zombies:0.92725
creepy:0.91675
cult classic:0.89775
criterion:0.89225
zombie:0.8905
atmospheric:0.88325
eerie:0.85125
melancholic:0.8495
nocturnal:0.81925
weird:0.8125
lyrical:0.78025
splatter:0.773
tense:0.77275
moody:0.769
talky:0.7575
grindhouse:0.75475
ominous:0.72675
low budget:0.70875
disturbing:0.69225
harsh:0.691
claustrophobic:0.68225
psychological:0.67525
original:0.6635
visceral:0.6615
dark humor:0.6555
dark:0.64975
bleak:0.64075
cerebral:0.6325
downbeat:0.6275
masterpiece:0.61175
enigmatic:0.59975
transformation:0.598
cult film:0.59725
macabre:0.59275
life & death:0.58975
biting:0.5865
strange:0.57775
classic:0.56925
based on a book:0.55775
storytelling:0.5575
stylized:0.5515
melancholy:0.521
great cinematography:0.51625
dreamlike:0.51
hospital:0.507
demons:0.5035
allegory:0.4965
black and white:0.4935
surreal:0.48825
loneliness:0.48075
supernatural:0.4785
grim:0.475
death:0.4695
serial killer:0.4575
brutality:0.4565
scary:0.445
dysfunctional family:0.44475
obsession:0.44225
golden palm:0.42375
monster:0.4225
isolation:0.41625
frightening:0.4145
insanity:0.4065
affectionate:0.40325
gothic:0.40275
entirely dialogue:0.40175
mad scientist:0.39625
catastrophe:0.39625
suprisingly clever:0.3935
paranoid:0.38425
doctors:0.38325
cult:0.3775
social commentary:0.3765
dialogue driven:0.37575
eccentricity:0.3745
nudity (full frontal - notable):0.37275
runaway:0.371
dialogue:0.37075
not funny:0.37075
great acting:0.36925
witches:0.36725
stylish:0.36625
meditative:0.3625
crime gone awry:0.3625
catholicism:0.358
black comedy:0.34975
goretastic:0.345
unusual plot structure:0.345
gory:0.3445
mentor:0.3425
gunfight:0.34025
cynical:0.3385
intimate:0.336
wilderness:0.33075
great:0.32825
gore:0.3265
suspense:0.326
