so bad it's funny:0.95825
cult film:0.9515
cross dressing:0.94025
so bad it's good:0.88975
mad scientist:0.83575
camp:0.79825
cult classic:0.7975
original:0.781
narrated:0.72625
weird:0.71425
surreal:0.707
campy:0.627
bizarre:0.596
dialogue:0.59325
directorial debut:0.56425
obsession:0.56275
absurd:0.50825
life & death:0.49975
pornography:0.49325
ironic:0.463
low budget:0.453
grindhouse:0.44475
surrealism:0.4445
entirely dialogue:0.4385
glbt:0.4365
zombie:0.436
sexualized violence:0.4235
mentor:0.4215
criterion:0.4095
horrible:0.40925
great ending:0.39875
good soundtrack:0.397
insanity:0.39675
not funny:0.377
storytelling:0.374
nudity (full frontal - notable):0.368
male nudity:0.36275
splatter:0.36225
erotic:0.35825
catastrophe:0.35725
pointless:0.35275
god:0.35125
talky:0.34425
hallucinatory:0.34275
goofy:0.338
distopia:0.3375
sexy:0.3355
adaptation:0.33375
controversial:0.324
off-beat comedy:0.32225
enigmatic:0.32175
lynch:0.32
biopic:0.31175
dreams:0.30825
gangsters:0.307
quirky:0.30375
bad acting:0.30275
happy ending:0.301
strange:0.30025
melancholic:0.2985
overrated:0.29575
life philosophy:0.2945
sexual:0.293
bad plot:0.29025
predictable:0.286
multiple storylines:0.2835
very interesting:0.2805
unusual plot structure:0.2785
psychiatrist:0.274
suprisingly clever:0.27275
intellectual:0.2705
mental illness:0.26775
existentialism:0.265
passionate:0.26475
imdb top 250:0.264
redemption:0.25825
ridiculous:0.257
inspirational:0.25475
quotable:0.25225
social commentary:0.252
brutality:0.24875
masterpiece:0.248
fight scenes:0.245
reflective:0.245
idiotic:0.243
crime gone awry:0.241
allegory:0.2405
slapstick:0.2395
runaway:0.23925
women:0.2385
art:0.23825
fantasy world:0.238
police investigation:0.23775
nocturnal:0.2365
first contact:0.23275
silly:0.22775
entertaining:0.22675
awful:0.225
dreamlike:0.224
story:0.2225
