japan:0.9185
tokyo:0.912
monster:0.895
monsters:0.8575
franchise:0.832
original:0.82125
stop motion:0.7945
silly fun:0.74775
greed:0.743
weapons:0.7305
better than the american version:0.7005
series:0.6855
allegory:0.652
special effects:0.636
goofy:0.62025
fight scenes:0.59875
sci fi:0.59525
island:0.594
dialogue:0.5835
brutality:0.57175
fighting:0.5275
great ending:0.5205
cult classic:0.51525
sequels:0.506
transformation:0.5025
catastrophe:0.4965
campy:0.49325
mentor:0.48925
camp:0.4715
sci-fi:0.464
stop-motion:0.458
so bad it's funny:0.457
pulp:0.4565
mad scientist:0.4445
scifi:0.44225
grindhouse:0.4355
good soundtrack:0.43125
cult film:0.42975
dark hero:0.42275
harsh:0.41725
story:0.40975
fantasy:0.40125
light:0.395
silly:0.39175
overrated:0.38775
fantasy world:0.385
criterion:0.3825
trilogy:0.38025
adaptation:0.3785
science fiction:0.37825
great:0.37
storytelling:0.36925
splatter:0.362
weird:0.361
not funny:0.3575
alter ego:0.357
immortality:0.35675
fun:0.35625
80s:0.354
bloody:0.34825
fun movie:0.34725
giant robots:0.33525
predictable:0.32775
suspense:0.32675
violent:0.32675
sexualized violence:0.32575
death:0.325
stylized:0.325
entirely dialogue:0.31725
culture clash:0.31375
demons:0.31275
sequel:0.31075
childhood:0.3105
good:0.305
melancholic:0.30325
imdb top 250:0.2995
visually appealing:0.2955
bad plot:0.294
pornography:0.29175
scary:0.28725
lone hero:0.28525
cinematography:0.285
first contact:0.28425
colourful:0.28425
social commentary:0.28325
life & death:0.283
vengeance:0.28225
effects:0.277
suprisingly clever:0.27575
exciting:0.27175
unusual plot structure:0.271
talky:0.27075
nocturnal:0.2705
male nudity:0.2695
action:0.26675
corruption:0.2665
japanese:0.26625
pointless:0.26175
twists & turns:0.2605
nuclear:0.26
