action:0.9925
good action:0.968
espionage:0.966
chase:0.958
action packed:0.95575
fast paced:0.9425
big budget:0.9415
cool:0.92175
spy:0.89875
spying:0.87275
fight scenes:0.86325
franchise:0.842
pg-13:0.8265
motorcycle:0.80925
car chase:0.7935
explosions:0.7825
sequel:0.77625
realistic action:0.772
original:0.75975
exciting:0.75
adventure:0.74075
suspense:0.73625
predictable:0.7315
spies:0.73025
special effects:0.707
vengeance:0.692
plot:0.64425
good:0.64375
good sequel:0.641
bad plot:0.63275
dialogue:0.6205
violence:0.6105
mentor:0.603
silly:0.60175
catastrophe:0.59775
gunfight:0.597
dynamic cgi action:0.59675
good soundtrack:0.584
mountain climbing:0.583
great ending:0.57675
lone hero:0.5705
original plot:0.57025
conspiracy:0.55675
no plot:0.5495
twists & turns:0.5435
sexy:0.52825
intense:0.5265
entertaining:0.5245
destiny:0.523
story:0.517
betrayal:0.51325
plot twist:0.5025
fighting:0.50225
secret service:0.5005
love story:0.5
virus:0.49775
sequels:0.4925
dumb:0.487
revenge:0.48525
unrealistic:0.4835
ridiculous:0.48125
lame:0.47525
fun movie:0.4745
shallow:0.4695
guns:0.4685
so bad it's funny:0.46075
crappy sequel:0.4585
complex:0.4485
fun:0.4435
plot holes:0.43575
series:0.4345
great:0.43325
better than expected:0.43275
natural disaster:0.4325
weapons:0.431
family:0.424
scenic:0.42075
technology:0.419
nudity (topless - notable):0.4165
007:0.41475
romance:0.41425
cheesy:0.41025
great movie:0.40825
romantic:0.40675
storytelling:0.40075
beautiful scenery:0.40025
stylized:0.39775
thriller:0.397
bad acting:0.3955
fantasy world:0.39175
not funny:0.3905
hunting:0.379
silly fun:0.377
secrets:0.36825
complicated plot:0.36375
overrated:0.362
assassin:0.3565
stupid:0.35525
stylish:0.35225
visual:0.35025
