remake:0.97875
handycam:0.96475
horror:0.92775
zombie:0.9115
virus:0.89525
claustrophobic:0.86025
original:0.82825
zombies:0.778
splatter:0.71025
so bad it's funny:0.662
scary:0.645
creepy:0.60875
gory:0.58675
fake documentary:0.58175
idiotic:0.5395
apocalypse:0.51725
survival:0.515
predictable:0.46425
intense:0.45725
pointless:0.45275
pornography:0.44625
bad ending:0.44325
catastrophe:0.44025
low budget:0.43475
great ending:0.4205
reality tv:0.417
bad acting:0.4035
suspense:0.40275
not funny:0.3915
tense:0.3875
horrible:0.385
storytelling:0.38225
brutality:0.37925
monster:0.3685
spanish:0.3665
natural disaster:0.362
bad cgi:0.36175
grindhouse:0.3595
transformation:0.35475
dialogue:0.35275
weapons:0.345
death:0.34475
mentor:0.344
witches:0.342
better than expected:0.33875
life philosophy:0.3365
visceral:0.33525
good:0.33325
blood:0.33125
weird:0.32225
cinematography:0.321
original plot:0.314
first contact:0.31375
bad plot:0.3125
supernatural:0.30425
mad scientist:0.2965
unfunny:0.296
hospital:0.294
redemption:0.292
paranoia:0.29075
light:0.28625
suspenseful:0.285
good soundtrack:0.28275
mutants:0.282
overrated:0.27625
goretastic:0.275
cannibalism:0.2725
stupidity:0.27125
story:0.26625
hard to watch:0.26625
complex:0.26525
plot holes:0.265
stylized:0.26175
criterion:0.2575
atmospheric:0.25525
cult film:0.253
cult classic:0.25175
talky:0.2485
remade:0.248
entirely dialogue:0.248
runaway:0.24425
lone hero:0.24325
bloody:0.2415
melancholic:0.236
torture:0.2355
life & death:0.23475
stereotypes:0.2285
police investigation:0.228
corruption:0.22525
end of the world:0.22475
great:0.22475
fight scenes:0.22475
nocturnal:0.22375
disaster:0.2235
adaptation:0.22325
sci fi:0.2225
paranoid:0.221
frightening:0.22
slapstick:0.219
nudity (full frontal - brief):0.2185
