rock and roll:0.9965
criterion:0.9715
violence:0.9535
san francisco:0.91075
murder:0.90425
violent:0.901
tragedy:0.863
tense:0.86275
original:0.8455
runaway:0.818
documentary:0.81325
brutality:0.79
interesting:0.782
oscar (best actress):0.78025
ominous:0.77825
suspense:0.777
good music:0.7715
death:0.76275
good soundtrack:0.75625
insanity:0.7555
oscar (best directing):0.755
talky:0.75275
drugs:0.74525
greed:0.7425
drug abuse:0.736
california:0.73325
great music:0.72275
forceful:0.71675
disturbing:0.70725
imdb top 250:0.7
very interesting:0.6965
visceral:0.69
highly quotable:0.68625
harsh:0.686
assassination:0.682
social commentary:0.66625
history:0.661
1970s:0.6535
good:0.65075
us history:0.6465
cult classic:0.646
corruption:0.64475
drama:0.64475
great ending:0.63975
police investigation:0.63775
pornography:0.63725
complex:0.634
brutal:0.627
intense:0.627
crime gone awry:0.62625
very good:0.625
betrayal:0.624
intimate:0.62175
golden palm:0.6185
weird:0.61775
atmospheric:0.61025
stylized:0.59775
obsession:0.59625
drinking:0.5935
dark:0.5895
musicians:0.58325
culture clash:0.56675
twists & turns:0.5655
guilt:0.5655
gunfight:0.56175
dialogue:0.56175
great:0.55975
oscar (best supporting actress):0.5595
awesome soundtrack:0.5595
narrated:0.548
adapted from:book:0.547
enigmatic:0.5455
affectionate:0.542
boston:0.54025
unusual plot structure:0.539
original plot:0.538
paranoid:0.53475
movielens top pick:0.5325
grindhouse:0.52775
gritty:0.52675
mob:0.526
downbeat:0.519
dark hero:0.51825
music:0.51575
sacrifice:0.51475
manipulation:0.513
great acting:0.5125
witty:0.512
guns:0.5095
psychological:0.5085
honest:0.4975
sexualized violence:0.4885
suspenseful:0.4885
melancholic:0.4855
reflective:0.4855
clever:0.485
suprisingly clever:0.47875
musical:0.4745
great movie:0.4735
thriller:0.4715
