biopic:0.98325
biographical:0.973
biography:0.9625
rock and roll:0.95925
musicians:0.92325
musical:0.8445
jazz:0.83925
mentor:0.806
great music:0.79975
creativity:0.77725
good music:0.70275
original:0.69875
music:0.69275
good:0.6755
story:0.6465
destiny:0.646
pg-13:0.6335
life:0.63225
dancing:0.632
music business:0.6235
great:0.61875
rags to riches:0.61175
childhood:0.59725
family:0.58825
life & death:0.58225
fantasy:0.541
great ending:0.47375
feel-good:0.46325
predictable:0.4575
storytelling:0.44725
writers:0.4455
alter ego:0.44075
redemption:0.43975
hip hop:0.43125
immortality:0.427
terminal illness:0.422
death:0.4215
exceptional acting:0.4205
whimsical:0.4155
dance:0.41425
great movie:0.4105
catastrophe:0.4065
dialogue:0.40475
factual:0.4015
runaway:0.39875
life philosophy:0.396
dramatic:0.3955
shallow:0.39425
new jersey:0.386
artist:0.38275
radio:0.3725
fantasy world:0.372
justice:0.37025
fun movie:0.36925
inspirational:0.36775
las vegas:0.36675
reflective:0.3645
transformation:0.3615
nostalgic:0.359
fight scenes:0.35575
sentimental:0.355
oscar winner:0.35275
not funny:0.35075
oscar:0.35025
feel good movie:0.35025
stylized:0.33475
entertaining:0.331
chase:0.3255
doctors:0.32225
inspiring:0.322
good soundtrack:0.319
light:0.319
bittersweet:0.31525
awesome soundtrack:0.31425
culture clash:0.30325
excellent:0.30175
adaptation:0.3015
technology:0.3005
memory:0.3
teen movie:0.29875
cool:0.29775
artistic:0.293
first contact:0.29225
great acting:0.291
honest:0.2895
classic car:0.28175
underrated:0.2805
fun:0.27675
harsh:0.27625
unfunny:0.273
lone hero:0.27075
touching:0.27075
unlikely friendships:0.27
heartwarming:0.26625
broadway:0.26575
dreams:0.26275
passionate:0.25825
bad plot:0.257
based on book:0.25475
clever:0.2535
