arnold:0.9815
so bad it's funny:0.9635
so bad it's good:0.886
bad acting:0.85625
bad plot:0.8515
original:0.78225
predictable:0.69575
ridiculous:0.693
dumb but funny:0.6805
clones:0.67675
unintentionally funny:0.6535
off-beat comedy:0.6455
stupid as hell:0.64125
stupidity:0.63975
silly:0.63475
goofy:0.629
action:0.62675
good action:0.6195
camp:0.57925
sci fi:0.5755
fighting:0.56425
cult film:0.563
bad:0.55325
horrible:0.55125
mentor:0.5395
special effects:0.5265
lone hero:0.5155
stupid:0.51525
pointless:0.5035
fight scenes:0.50125
first contact:0.50025
android(s)/cyborg(s):0.49925
scifi:0.4965
dialogue:0.49625
culture clash:0.485
splatter:0.48
campy:0.4785
god:0.4725
mythology:0.47125
ninja:0.47025
snakes:0.469
overrated:0.46225
brutality:0.4615
comedy:0.446
hilarious:0.4425
gangsters:0.44075
fun:0.43725
chase:0.435
idiotic:0.435
slapstick:0.42975
disaster:0.417
multiple storylines:0.4095
great ending:0.409
80s:0.39125
catastrophe:0.3855
weapons:0.3845
fantasy:0.3825
quotable:0.37625
future:0.3745
cloning:0.37025
fun movie:0.368
entirely dialogue:0.368
transformation:0.36375
road movie:0.361
adventure:0.35975
absurd:0.35475
adaptation:0.3525
nocturnal:0.34525
fantasy world:0.3425
pulp:0.342
storytelling:0.3385
cyborgs:0.33575
cult classic:0.335
zombie:0.33325
bad cgi:0.333
sci-fi:0.3325
adapted from:comic:0.331
silly fun:0.33075
awful:0.32
melancholic:0.3185
story:0.31475
low budget:0.3145
boring:0.3145
not funny:0.31
california:0.307
great:0.30475
very funny:0.30375
science fiction:0.30225
satirical:0.3015
teen:0.3
big budget:0.29925
shallow:0.29675
romance:0.2935
good soundtrack:0.293
redemption:0.28375
unfunny:0.2825
destiny:0.28225
imdb top 250:0.28175
surreal:0.27925
good dialogue:0.279
