serial killer:0.985
internet:0.96075
police investigation:0.86125
fbi:0.8445
plot holes:0.8325
thriller:0.808
hacking:0.79275
twists & turns:0.74775
so bad it's funny:0.69275
original:0.68175
predictable:0.67
suspenseful:0.6545
torture:0.6525
pornography:0.6365
surveillance:0.6265
twist ending:0.612
murder:0.60275
bad ending:0.556
catastrophe:0.535
brutality:0.52975
police corruption:0.52725
twist:0.522
technology:0.51775
natural disaster:0.51275
voyeurism:0.50725
detective:0.48725
police:0.47975
plot:0.46225
suspense:0.4455
pg-13:0.44225
great ending:0.43775
kidnapping:0.437
reality tv:0.43025
very interesting:0.42925
life philosophy:0.42425
murder mystery:0.41575
first contact:0.409
crime:0.40725
intense:0.40475
horrible:0.40375
investigation:0.40325
hackers:0.3975
mentor:0.3955
death:0.384
not funny:0.382
secret service:0.3815
geeks:0.3805
disturbing:0.36825
vengeance:0.364
obsession:0.35675
creativity:0.35575
conspiracy:0.35425
corruption:0.35025
better than expected:0.34725
bad acting:0.34625
nudity (full frontal - brief):0.34275
absurd:0.34125
identity:0.334
gory:0.33275
greed:0.3315
pointless:0.32575
justice:0.3235
clever:0.313
fantasy world:0.31175
chase:0.31075
secrets:0.29525
conspiracy theory:0.29225
psychology:0.28725
psychological:0.287
happy ending:0.28625
adaptation:0.2855
gruesome:0.28475
dialogue:0.27875
revenge:0.27425
violence:0.268
bad plot:0.26675
surprise ending:0.26475
action:0.26025
interesting:0.256
cult film:0.2555
storytelling:0.25425
thought-provoking:0.2525
destiny:0.25025
writers:0.24625
good:0.242
story:0.23975
weird:0.2385
splatter:0.233
overrated:0.23275
alternate endings:0.23225
good soundtrack:0.2315
lone hero:0.23125
sexy:0.2305
fight scenes:0.23025
guilt:0.22925
big budget:0.22875
scary:0.22875
culture clash:0.22475
entertaining:0.224
runaway:0.2215
