based on a book:0.99725
vampires:0.99525
vampire:0.96375
teen movie:0.95725
teen:0.939
adapted from:book:0.93225
high school:0.92675
based on book:0.8755
books:0.86475
book was better:0.84275
vampire human love:0.83575
book:0.77125
horrible:0.733
adaptation:0.73225
girlie movie:0.7275
supernatural:0.72625
werewolves:0.702
teens:0.69225
mentor:0.64975
bad acting:0.6385
original:0.6275
bad plot:0.60025
chick flick:0.59175
teenagers:0.516
better than expected:0.51075
bad cgi:0.5095
predictable:0.4675
catastrophe:0.43675
dialogue:0.4365
so bad it's funny:0.43275
bullying:0.42
romance:0.40975
awesome soundtrack:0.409
bdsm:0.406
werewolf:0.4035
fight scenes:0.38875
mythology:0.382
campy:0.3785
erotic:0.37525
fantasy:0.36675
fun movie:0.35875
sexy:0.345
great ending:0.34325
runaway:0.3405
not funny:0.3375
goth:0.327
witches:0.32575
literature:0.3235
school:0.317
fantasy world:0.31
writers:0.30075
dumb but funny:0.30025
franchise:0.2985
bad:0.29675
pg-13:0.2945
stupid as hell:0.2935
immortality:0.29125
idiotic:0.28975
relationships:0.28925
entirely dialogue:0.28675
unintentionally funny:0.28575
good soundtrack:0.28475
maze:0.283
storytelling:0.278
twists & turns:0.278
pornography:0.278
first contact:0.27475
lone hero:0.27275
special effects:0.27075
overrated:0.26725
teenager:0.26075
series:0.25475
new jersey:0.25375
brutality:0.2515
action:0.25125
bad script:0.24775
god:0.23975
unlikely friendships:0.23825
alter ego:0.23725
awful:0.23175
ridiculous:0.22925
life & death:0.22925
life philosophy:0.2265
emma watson:0.2265
story:0.2255
twist ending:0.224
good action:0.2205
women:0.219
stereotypes:0.21775
destiny:0.2125
weird:0.2105
slapstick:0.2085
betrayal:0.20775
absurd:0.2065
nocturnal:0.20525
pointless:0.2035
very funny:0.2035
quirky:0.20325
silly fun:0.202
internet:0.20175
