lynch:0.99775
surreal:0.99425
weird:0.992
golden palm:0.9805
surrealism:0.97225
strange:0.96675
dreamlike:0.947
violent:0.91625
cult classic:0.91125
hit men:0.90975
bizarre:0.9055
dark humor:0.9045
sexualized violence:0.89375
violence:0.882
disturbing:0.8525
insanity:0.8305
sexual:0.824
absurd:0.818
visceral:0.81475
enigmatic:0.808
good soundtrack:0.80075
dark:0.7945
original:0.78475
cult film:0.7775
nudity (topless - notable):0.76775
pornography:0.7675
road movie:0.7665
crazy:0.7605
pointless:0.7425
obsession:0.7305
stylized:0.73025
amazing cinematography:0.72725
brutality:0.7115
crime gone awry:0.71
stylish:0.70325
relationships:0.68625
pulp:0.68475
art house:0.68175
quirky:0.671
bleak:0.67025
hallucinatory:0.64975
black comedy:0.64025
grindhouse:0.63675
life philosophy:0.6315
splatter:0.627
visual:0.62225
non-linear:0.6215
atmospheric:0.6115
macabre:0.61075
dialogue:0.61075
masterpiece:0.60825
oscar (best supporting actress):0.60775
cerebral:0.6
loneliness:0.59275
criterion:0.589
erotic:0.58875
melancholic:0.5855
artsy:0.58
gratuitous violence:0.57825
nudity (full frontal - notable):0.56175
love story:0.5615
complex:0.55925
vengeance:0.556
love:0.55175
road trip:0.54925
cult:0.54325
suburbia:0.5415
visually appealing:0.5355
sexy:0.53425
storytelling:0.5325
talky:0.53025
existentialism:0.53025
nocturnal:0.525
cinematography:0.5155
psychological:0.51425
dark comedy:0.51275
mindfuck:0.512
based on a book:0.51175
allegory:0.511
gangsters:0.50575
nonlinear:0.49375
multiple storylines:0.48675
twists & turns:0.4835
narrated:0.4775
ominous:0.477
intense:0.47625
confusing:0.47075
melancholy:0.469
intimate:0.46575
satirical:0.46525
entirely dialogue:0.462
social commentary:0.46075
incest:0.45725
interesting:0.45225
artistic:0.452
twist:0.4515
sexuality:0.44875
dysfunctional family:0.4475
catastrophe:0.44525
adaptation:0.445
