dancing:0.9875
dance:0.96725
japan:0.966
tokyo:0.78025
loneliness:0.77975
foreign:0.73325
japanese:0.7225
original:0.71375
melancholic:0.70625
life philosophy:0.6665
beautifully filmed:0.6605
melancholy:0.61525
suprisingly clever:0.60775
feel-good:0.59775
colourful:0.573
better than the american version:0.5675
touching:0.56375
culture clash:0.5595
good soundtrack:0.5515
very funny:0.54
humorous:0.53875
self discovery:0.538
oscar (best foreign language film):0.5335
unlikely friendships:0.5195
good music:0.51425
heartwarming:0.51125
mentor:0.5085
passionate:0.50575
redemption:0.50275
feel good movie:0.49675
love story:0.489
transformation:0.478
reflective:0.47525
storytelling:0.4725
great ending:0.4685
life:0.4685
great:0.4685
story:0.4685
golden palm:0.4565
relationships:0.4415
solitude:0.44075
beautiful scenery:0.436
life & death:0.42925
funny:0.42675
drama:0.4265
alternate universe:0.4265
romance:0.42325
allegory:0.4225
depression:0.42
catastrophe:0.41875
light:0.4155
quirky:0.4085
friendship:0.40425
childhood:0.40225
existentialism:0.40125
weird:0.39925
emotional:0.386
character study:0.385
criterion:0.38175
social commentary:0.38125
great acting:0.3795
bittersweet:0.378
visually stunning:0.3775
dramatic:0.37675
dialogue:0.373
destiny:0.36925
good acting:0.3685
whimsical:0.36275
sweet:0.3615
honest:0.3605
awesome soundtrack:0.3605
absurd:0.35225
fight scenes:0.346
harsh:0.345
artistic:0.34225
entirely dialogue:0.34175
intimate:0.341
oscar (best actress):0.34075
beautiful:0.33975
visually appealing:0.338
art:0.337
affectionate:0.33675
imdb top 250:0.334
oscar (best directing):0.32925
bollywood:0.3275
sentimental:0.3265
poignant:0.3265
bleak:0.32625
foul language:0.32475
creativity:0.31325
fantasy world:0.312
runaway:0.31025
exceptional acting:0.30975
comedy:0.3085
obsession:0.30375
movielens top pick:0.30025
samurai:0.2995
talky:0.299
breathtaking:0.29675
idealism:0.29675
