horror:0.97375
creepy:0.972
small town:0.95475
supernatural:0.93875
cult film:0.931
splatter:0.8935
cult classic:0.8395
original:0.816
scary:0.7605
demons:0.7345
weird:0.7275
murder:0.70975
cult:0.7085
so bad it's funny:0.70025
based on a book:0.69125
adapted from:book:0.67125
adaptation:0.67025
goofy:0.65625
special effects:0.6555
eerie:0.644
god:0.63875
80s:0.63775
teens:0.63475
low budget:0.6075
suspense:0.60325
slasher:0.599
children:0.58825
road movie:0.57775
predictable:0.5685
brutality:0.565
religion:0.5555
great ending:0.5535
gory:0.54675
bloody:0.54525
good soundtrack:0.5355
teen movie:0.535
story:0.53275
monster:0.532
sexualized violence:0.52525
violence:0.5245
serial killer:0.5235
campy:0.51575
camp:0.5135
effects:0.51125
bad acting:0.507
frightening:0.49825
devil:0.49675
happy ending:0.4825
dialogue:0.48
nudity (full frontal - notable):0.4795
mentor:0.4695
first contact:0.44525
good:0.441
bullying:0.4385
psychological:0.438
sacrifice:0.43775
bad ending:0.42325
violent:0.42075
disturbing:0.4185
so bad it's good:0.4145
storytelling:0.41275
suspenseful:0.41175
blood:0.40275
atmospheric:0.40225
idiotic:0.4015
not funny:0.3925
gruesome:0.38525
teen:0.38175
zombie:0.38125
catastrophe:0.377
overrated:0.3765
grindhouse:0.3725
sci fi:0.3685
based on book:0.36225
kids:0.359
lame:0.35725
isolation:0.35375
talky:0.34875
mad scientist:0.34875
insanity:0.3465
franchise:0.34575
underrated:0.343
great acting:0.342
silly fun:0.34025
nudity (topless):0.33875
macabre:0.33875
pornography:0.3385
spiders:0.3385
fun movie:0.333
dark:0.33225
destiny:0.33225
entirely dialogue:0.32675
transformation:0.326
stupid:0.32425
chase:0.32225
fight scenes:0.322
runaway:0.31975
death:0.31975
horrible:0.319
classic car:0.31575
