police:0.98875
police corruption:0.97375
documentary:0.973
rio de janeiro:0.969
latin america:0.9655
brazil:0.96175
hostage:0.949
homeless:0.9475
male nudity:0.91425
corruption:0.896
tragedy:0.8785
police investigation:0.878
crime:0.867
downbeat:0.856
drama:0.82925
social commentary:0.82375
criterion:0.819
violence:0.81625
excellent script:0.8125
original:0.80225
narrated:0.79175
brutality:0.787
heartbreaking:0.776
harsh:0.7755
forceful:0.7745
dramatic:0.76325
greed:0.7515
tense:0.74325
interesting:0.72975
storytelling:0.729
assassination:0.71825
violent:0.718
intimate:0.71525
earnest:0.69475
good soundtrack:0.69175
runaway:0.69125
poignant:0.69075
drug addiction:0.6865
murder:0.68375
golden palm:0.6795
talky:0.674
vengeance:0.67275
brutal:0.66425
depressing:0.65975
movielens top pick:0.6595
poverty:0.65375
reflective:0.65375
pornography:0.65275
oscar (best directing):0.63425
mental illness:0.632
breathtaking:0.6315
reality tv:0.6225
honest:0.621
great ending:0.5985
child abuse:0.5935
bleak:0.58275
investigation:0.58125
complex:0.57425
prison:0.5735
culture clash:0.571
fighting the system:0.56725
oscar (best actress):0.567
emotional:0.56175
thought-provoking:0.55975
politics:0.5595
unusual plot structure:0.5505
life:0.54875
1970s:0.54675
death:0.54225
very interesting:0.5385
amazing photography:0.534
grim:0.5295
sad:0.52825
childhood:0.52525
adapted from:book:0.52275
stylized:0.5195
black and white:0.51925
kidnapping:0.519
justice:0.51525
factual:0.51275
disturbing:0.511
catastrophe:0.511
san francisco:0.511
hard to watch:0.508
loneliness:0.5055
imdb top 250:0.50375
gritty:0.50125
nocturnal:0.49425
good acting:0.49425
guilt:0.493
compassionate:0.49075
revenge:0.48875
sexualized violence:0.48775
manipulation:0.4835
obsession:0.482
highly quotable:0.48075
drugs:0.477
moral ambiguity:0.475
life philosophy:0.472
surveillance:0.47175
