virus:0.98075
ensemble cast:0.952
tense:0.94675
suspense:0.89675
doctors:0.89475
apocalypse:0.8765
natural disaster:0.87225
survival:0.85475
conspiracy:0.83925
catastrophe:0.77075
realistic:0.77025
end of the world:0.76225
paranoia:0.76125
original:0.7545
greed:0.743
conspiracy theory:0.73375
thriller:0.7265
suspenseful:0.7205
drama:0.7165
intense:0.6965
plot:0.68175
disaster:0.67625
interesting:0.676
great ending:0.6695
thought-provoking:0.6675
pg-13:0.66125
dramatic:0.65975
very interesting:0.658
science:0.6565
social commentary:0.648
paranoid:0.64375
good acting:0.63925
cerebral:0.63575
dialogue:0.6195
complex:0.61675
cinematography:0.61675
internet:0.616
corruption:0.6115
allegory:0.60325
visually appealing:0.5995
claustrophobic:0.59425
minnesota:0.576
life & death:0.57225
unrealistic:0.557
story:0.55675
plot holes:0.55275
death:0.5445
secrets:0.541
bad ending:0.53425
storytelling:0.532
humanity:0.526
fast paced:0.52325
good soundtrack:0.523
loneliness:0.517
dialogue driven:0.51575
father daughter relationship:0.5155
twists & turns:0.5135
alone in the world:0.51125
manipulation:0.51125
good:0.50925
great acting:0.508
hospital:0.50375
first contact:0.50275
investigation:0.4995
multiple storylines:0.497
intelligent:0.494
betrayal:0.48875
pointless:0.48825
technology:0.4875
talky:0.473
crime gone awry:0.46825
clever:0.462
kidnapping:0.455
entertaining:0.4535
exciting:0.4525
pornography:0.4485
life philosophy:0.4475
plot twist:0.43675
bad science:0.435
enigmatic:0.429
better than expected:0.4205
runaway:0.41
disappointing:0.409
cheating:0.4035
psychological:0.402
weapons:0.40025
great:0.4
unusual plot structure:0.395
weird:0.39425
visceral:0.39325
mentor:0.3925
shallow:0.3905
entirely dialogue:0.38825
brainwashing:0.388
slow:0.388
california:0.38525
creepy:0.38175
predictable:0.37825
sacrifice:0.3775
not funny:0.37575
