father daughter relationship:0.99425
relationships:0.9915
cooking:0.97225
single father:0.946
loneliness:0.9025
food:0.89125
love:0.82725
marriage:0.79525
beautifully filmed:0.793
family drama:0.774
secrets:0.759
magic realism:0.74675
affectionate:0.72025
reflective:0.72
drinking:0.713
drama:0.69425
melancholic:0.6885
foreign:0.68275
original:0.6605
workplace:0.65075
life philosophy:0.6485
intimate:0.64525
aging:0.64025
beautiful scenery:0.63375
complex:0.6325
bittersweet:0.61975
story:0.60075
visually appealing:0.59
storytelling:0.5805
oscar (best actress):0.57975
touching:0.57875
china:0.57825
movielens top pick:0.573
culture clash:0.57025
wistful:0.56575
poignant:0.562
hospital:0.554
dysfunctional family:0.5515
fight scenes:0.54975
criterion:0.54825
photography:0.541
mentor:0.541
childhood:0.54025
melancholy:0.53975
family:0.5375
oscar (best foreign language film):0.5365
friendship:0.534
twists & turns:0.533
tokyo:0.531
chick flick:0.5305
great ending:0.5265
talky:0.52
parenthood:0.5185
suprisingly clever:0.5175
emotional:0.51725
light:0.50825
meditative:0.50225
witty:0.4995
obsession:0.49325
unlikely friendships:0.48825
good acting:0.484
heartwarming:0.48175
life & death:0.48075
betrayal:0.46875
social commentary:0.468
love story:0.4675
teacher:0.4665
visceral:0.4655
visual:0.46525
pornography:0.462
school:0.461
solitude:0.4585
cinematography:0.4575
women:0.45525
romantic:0.454
art:0.4505
great:0.44975
interesting:0.44675
beautiful:0.44625
dialogue:0.4445
sisters:0.44225
unusual plot structure:0.44125
passionate:0.438
humorous:0.43775
catastrophe:0.43625
enigmatic:0.435
life:0.43225
great acting:0.42675
feel-good:0.42525
character study:0.42375
visually stunning:0.4225
transformation:0.41975
runaway:0.407
good soundtrack:0.40125
wedding:0.392
golden palm:0.39175
dramatic:0.38925
feel good movie:0.38575
wine:0.384
depression:0.382
