criterion:0.99275
melancholic:0.97775
bleak:0.96575
black and white:0.9545
melancholy:0.9425
downbeat:0.92575
stylized:0.89525
talky:0.87775
cinematography:0.86975
enigmatic:0.8675
intimate:0.85325
wistful:0.841
light:0.8235
poignant:0.822
secrets:0.81825
germany:0.81175
meditative:0.8015
runaway:0.79425
loneliness:0.7925
harsh:0.78975
golden palm:0.78375
addiction:0.781
drug addiction:0.7795
berlin:0.753
allegory:0.7455
drinking:0.73775
obsession:0.73025
reflective:0.729
greed:0.72625
affectionate:0.7255
depressing:0.724
german:0.71375
dreamlike:0.6935
existentialism:0.68975
grindhouse:0.682
noir:0.67825
cynical:0.67725
grim:0.67625
1930s:0.674
cerebral:0.6565
original:0.64725
nocturnal:0.647
pornography:0.64375
dreams:0.64025
atmospheric:0.64
oscar (best foreign language film):0.63125
unusual plot structure:0.62975
claustrophobic:0.62
gunfight:0.60725
death:0.606
male nudity:0.603
visual:0.59625
surreal:0.592
culture clash:0.58625
breathtaking:0.5805
forceful:0.56975
social commentary:0.5575
weird:0.54825
very interesting:0.54825
visually stunning:0.547
marriage:0.5385
photography:0.53825
gritty:0.52225
betrayal:0.52175
sexy:0.5185
trilogy:0.506
love triangles:0.50575
compassionate:0.50525
nudity (full frontal - notable):0.50225
masterpiece:0.502
great:0.49975
great ending:0.49675
moody:0.496
perfect:0.49175
tense:0.4895
oscar (best actress):0.4845
imdb top 250:0.4755
crime gone awry:0.47325
suicide attempt:0.4685
visually appealing:0.464
childhood:0.45925
good soundtrack:0.45675
indie:0.4535
glbt:0.45
satirical:0.44875
ironic:0.44625
life philosophy:0.44625
oscar (best supporting actress):0.446
movielens top pick:0.43975
suprisingly clever:0.43375
catastrophe:0.43175
1950s:0.428
dialogue:0.4275
surrealism:0.42675
film noir:0.4225
amazing cinematography:0.42075
apocalypse:0.42025
macabre:0.41075
dark:0.40925
1920s:0.4055
