romantic comedy:0.99725
romantic:0.99075
france:0.97775
love story:0.95025
romance:0.944
love:0.942
good romantic comedies:0.9395
paris:0.898
sweet:0.89625
chick flick:0.89175
beautiful scenery:0.86175
feel-good:0.798
girlie movie:0.78625
destiny:0.776
cute:0.76575
happy ending:0.765
cute!:0.7535
light:0.723
fun movie:0.70175
feel good movie:0.6985
wine:0.6965
french:0.6695
original:0.65975
relationships:0.653
screwball comedy:0.6325
great ending:0.62125
sappy:0.62
comedy:0.60275
dialogue:0.5545
great:0.554
predictable:0.53075
good:0.5225
sexy:0.50475
fun:0.4985
catastrophe:0.48775
chase:0.47425
marriage:0.465
divorce:0.45325
mentor:0.43925
wedding:0.43075
funny:0.40825
clever:0.40525
witty:0.391
family:0.38775
hotel:0.386
life philosophy:0.37825
story:0.36925
runaway:0.365
culture clash:0.363
absurd:0.356
very funny:0.3545
quirky:0.34575
robert downey jr:0.34275
transformation:0.33275
entertaining:0.33075
entirely dialogue:0.33
doctors:0.324
not funny:0.3215
shallow:0.3185
great movie:0.317
first contact:0.314
excellent:0.3125
pg-13:0.311
passionate:0.31
enigmatic:0.309
stereotypes:0.3085
farce:0.30525
great acting:0.30425
brutality:0.29525
women:0.288
whimsical:0.28775
fantasy world:0.2845
fantasy:0.2845
good soundtrack:0.28375
unusual plot structure:0.2835
natural disaster:0.28175
adaptation:0.2795
plot:0.27875
suprisingly clever:0.2765
fairy tale:0.2765
silly:0.27225
shopping:0.271
adventure:0.2695
writers:0.26625
storytelling:0.26575
unfunny:0.26375
weapons:0.2635
betrayal:0.2625
dog:0.261
oscar (best supporting actress):0.25775
lone hero:0.25
interracial romance:0.24375
vengeance:0.24075
criterion:0.238
sentimental:0.23375
idealism:0.23375
time:0.23225
loneliness:0.22975
dumb but funny:0.2295
fight scenes:0.2275
