noir:0.9415
prison escape:0.913
film noir:0.81975
runaway:0.732
hunting:0.676
san francisco:0.63375
downbeat:0.62275
unusual plot structure:0.59575
gunfight:0.5845
betrayal:0.535
original:0.5335
prison:0.48675
obsession:0.483
crime:0.4765
ireland:0.46575
light:0.46325
police investigation:0.45375
narrated:0.444
cinematography:0.43525
noir thriller:0.434
nocturnal:0.42475
life philosophy:0.40725
catastrophe:0.40425
talky:0.402
photography:0.40125
gangsters:0.3945
dialogue:0.38425
brutality:0.37725
black and white:0.36475
moody:0.36225
criterion:0.3575
nudity (full frontal - brief):0.3505
mob:0.34375
underrated:0.343
ominous:0.3415
guilt:0.3305
harsh:0.33025
eerie:0.32675
not funny:0.3255
atmospheric:0.31975
suspense:0.319
mentor:0.31825
entirely dialogue:0.31225
violence:0.309
suprisingly clever:0.3
visual:0.29875
stylized:0.2965
gangster:0.29425
excellent script:0.29425
crime gone awry:0.28975
violent:0.2875
greed:0.2835
weapons:0.28175
idealism:0.27975
great:0.27425
classic car:0.268
lone hero:0.2675
revenge:0.26675
childhood:0.2625
absurd:0.26225
weird:0.26175
great ending:0.258
gritty:0.258
sci fi:0.25625
first contact:0.25525
existentialism:0.25125
chase:0.25025
suspenseful:0.2455
oscar (best supporting actress):0.2415
grim:0.238
melancholic:0.23775
lawyer:0.23675
story:0.2335
culture clash:0.2325
redemption:0.228
pulp:0.22675
storytelling:0.2265
screwball:0.22575
vengeance:0.2195
very interesting:0.21875
women:0.2165
wistful:0.20975
slapstick:0.208
oscar (best directing):0.20475
good soundtrack:0.20375
bullying:0.19975
allegory:0.1995
1950s:0.19775
paranoid:0.1975
bad plot:0.19575
quirky:0.19375
overrated:0.19125
good:0.191
visually appealing:0.19025
road movie:0.18925
kidnapping:0.186
anti-hero:0.18575
enigmatic:0.18525
bleak:0.18475
imdb top 250:0.18425
