golden palm:0.98575
bittersweet:0.965
music:0.93125
beautifully filmed:0.914
wistful:0.908
melancholic:0.90525
stylized:0.8845
musical:0.88375
colourful:0.87675
french:0.85775
criterion:0.85075
passionate:0.8485
love story:0.84825
romantic:0.842
visually stunning:0.8385
stunning:0.80425
lyrical:0.7965
melancholy:0.78825
dialogue:0.75725
original:0.7235
cinematography:0.721
france:0.71675
paris:0.707
intimate:0.6955
romance:0.686
love:0.6805
poignant:0.6805
breathtaking:0.663
masterpiece:0.65775
beautiful:0.65475
good music:0.65
visually appealing:0.642
heartbreaking:0.6225
great cinematography:0.6175
visual:0.6085
good soundtrack:0.6015
enigmatic:0.60125
beautiful scenery:0.59725
entirely dialogue:0.5925
sweet:0.58475
meditative:0.58325
1950s:0.55425
culture clash:0.553
suprisingly clever:0.54525
runaway:0.54
talky:0.53825
great ending:0.53375
artistic:0.53325
affectionate:0.526
oscar (best directing):0.52275
pregnancy:0.50775
unusual plot structure:0.49425
sentimental:0.47975
loneliness:0.471
storytelling:0.47075
dreamlike:0.467
pornography:0.46475
light:0.45775
story:0.4555
imdb top 250:0.45075
simple:0.45
catastrophe:0.445
musicians:0.4445
betrayal:0.44325
atmospheric:0.442
wartime:0.44025
emotional:0.43575
oscar (best cinematography):0.43575
photography:0.43025
1960s:0.4255
weird:0.42125
sexy:0.42025
dancing:0.41275
art:0.41025
harsh:0.404
relationships:0.40125
marriage:0.40125
grindhouse:0.39675
allegory:0.3935
creativity:0.3905
oscar (best actress):0.3885
movielens top pick:0.3865
classic:0.38375
dance:0.38175
foreign:0.37775
childhood:0.375
tokyo:0.37475
reflective:0.3745
good acting:0.37275
mentor:0.36875
oscar (best foreign language film):0.3645
silent:0.364
not funny:0.3635
great acting:0.36075
idealism:0.36
tragedy:0.354
dramatic:0.35225
great:0.35225
happy ending:0.3465
scenic:0.34625
