high school:0.89875
melancholic:0.75575
drinking:0.74975
original:0.73575
life philosophy:0.716
cult classic:0.68625
drama:0.67475
adolescence:0.6685
great ending:0.65475
romantic:0.65275
predictable:0.65025
happy ending:0.64025
good soundtrack:0.624
stereotypes:0.6095
loneliness:0.60125
pornography:0.58675
ensemble cast:0.5865
relationships:0.5845
stoner movie:0.568
bullying:0.5595
good:0.5515
directorial debut:0.5325
reflective:0.528
friendship:0.527
dialogue:0.5105
destiny:0.51
solitude:0.50625
crude humor:0.4925
unlikely friendships:0.48325
biographical:0.48325
underrated:0.47825
runaway:0.474
catastrophe:0.473
harsh:0.4725
storytelling:0.47175
coming of age:0.4705
finnish:0.46175
life:0.4595
story:0.45925
oscar:0.45675
pg-13:0.456
feel-good:0.4515
shallow:0.44775
cult film:0.446
mentor:0.43875
coming-of-age:0.43775
geeks:0.43225
clever:0.4315
justice:0.4305
fun movie:0.4285
first contact:0.4275
insanity:0.427
teen movie:0.41775
writers:0.416
social commentary:0.414
alternate endings:0.40975
unusual plot structure:0.4055
lone hero:0.4055
criterion:0.405
awesome soundtrack:0.40475
oscar winner:0.40175
pointless:0.3995
greed:0.39875
new jersey:0.3965
multiple storylines:0.3965
blood:0.39625
twists & turns:0.39425
great:0.39325
long:0.39175
transformation:0.38775
oscar (best directing):0.38175
buddy movie:0.3805
goofy:0.3805
weird:0.37925
vengeance:0.378
chase:0.376
light:0.37025
redemption:0.369
feel good movie:0.3675
realistic:0.36525
bad script:0.364
exceptional acting:0.36375
weed:0.363
revenge:0.36
original plot:0.35975
very good:0.35325
honest:0.353
radio:0.35175
imdb top 250:0.34925
quotable:0.3435
sweet:0.342
california:0.34175
nocturnal:0.34025
splatter:0.33875
brutality:0.33825
bittersweet:0.33675
fighting the system:0.33675
cult:0.33325
not funny:0.33325
suspense:0.3325
