comedy:0.98875
silly fun:0.98325
franchise:0.979
police:0.969
funny:0.9245
goofy:0.9235
sequels:0.9175
silly:0.8675
fun movie:0.817
very funny:0.8085
series:0.79325
80s:0.78675
hilarious:0.7635
crime:0.7415
original:0.73225
dumb:0.692
slapstick:0.6845
sequel:0.66175
good:0.64325
funniest movies:0.6285
1980s:0.627
stereotypes:0.61275
humorous:0.60075
chase:0.58
buddy movie:0.57875
screwball:0.57875
queer:0.5765
dumb but funny:0.57625
idiotic:0.56525
good action:0.55575
teen movie:0.5535
humor:0.54225
mentor:0.53175
fun:0.5295
predictable:0.52675
classic:0.5185
nerds:0.5155
nudity (topless - brief):0.51425
immortality:0.50425
funny as hell:0.47175
unfunny:0.467
crude humor:0.4595
police investigation:0.459
great ending:0.4495
crappy sequel:0.4475
gay:0.447
revenge:0.44475
notable nudity:0.44325
parody:0.443
culture clash:0.44175
pornography:0.44025
action:0.44
teens:0.43875
great:0.431
so bad it's funny:0.4305
catastrophe:0.43025
teen:0.42625
dialogue:0.426
alter ego:0.42225
israel:0.4195
sexy:0.41675
family:0.41275
pg-13:0.3995
light:0.3965
good sequel:0.394
vengeance:0.3925
life philosophy:0.389
weed:0.3865
spoof:0.38625
adaptation:0.37
underdog:0.366
fight scenes:0.3655
justice:0.365
police corruption:0.3645
childhood:0.36275
destiny:0.36125
story:0.36075
farce:0.3555
screwball comedy:0.35025
nudity (full frontal - brief):0.3455
creativity:0.34525
great movie:0.34425
nudity:0.34425
brutality:0.3375
lone hero:0.3375
forceful:0.33725
stupid:0.337
beer:0.33575
underrated:0.33225
overrated:0.332
stupid as hell:0.32675
runaway:0.32525
violence:0.32525
big budget:0.324
cult classic:0.32225
comic:0.3205
corruption:0.3185
gross-out:0.31825
first contact:0.30775
storytelling:0.30725
