time loop:0.9995
science fiction:0.9855
sci-fi:0.976
twists & turns:0.96775
alternate reality:0.962
scifi:0.95725
suspense:0.94525
original:0.94275
plot holes:0.94225
great ending:0.9395
sci fi:0.937
technology:0.93275
time travel:0.92425
parallel universe:0.92175
twist ending:0.91875
action:0.90625
happy ending:0.90275
thriller:0.89875
plot:0.89725
complicated:0.89
futuristic:0.88525
fast paced:0.8815
cerebral:0.88125
mindfuck:0.87375
interesting:0.872
memory:0.86675
train:0.86325
future:0.86275
time:0.861
plot twist:0.86075
storytelling:0.85825
complex:0.842
twist:0.83925
complicated plot:0.824
intense:0.8075
pg-13:0.799
identity:0.79625
alternate endings:0.795
clever:0.7915
alternate universe:0.78875
secrets:0.78675
bombs:0.776
catastrophe:0.77175
science:0.7715
conspiracy:0.7695
suspenseful:0.7665
trains:0.76625
mystery:0.76575
visually appealing:0.75775
story:0.75525
existentialism:0.75125
good acting:0.7355
cinematography:0.73125
good:0.73
surprise ending:0.72625
enigmatic:0.72075
virtual reality:0.70525
excellent script:0.705
chase:0.695
thought-provoking:0.69375
destiny:0.69275
intellectual:0.689
tense:0.688
first contact:0.68425
intelligent:0.6825
bad ending:0.682
life & death:0.67925
big budget:0.67425
metaphysics:0.67175
original plot:0.67075
intelligent sci-fi:0.665
very interesting:0.66375
military:0.66
memory loss:0.65775
tricky:0.65125
visual:0.64825
great acting:0.647
mentor:0.644
surveillance:0.63875
confusing:0.63675
murder:0.6365
clones:0.629
visually stunning:0.62275
good soundtrack:0.6185
special effects:0.61825
imagination:0.6125
psychological:0.6075
adventure:0.6045
romance:0.60125
philip k. dick:0.59725
terrorism:0.59425
survival:0.59325
philosophy:0.5925
entertaining:0.591
allegory:0.58725
paranoia:0.58525
investigation:0.58375
dialogue:0.5835
love story:0.5825
solitude:0.57575
