remake:0.994
original:0.9195
vengeance:0.73825
original plot:0.728
revenge:0.72075
fight scenes:0.6435
dynamic cgi action:0.643
great ending:0.63375
brutality:0.63375
father daughter relationship:0.6265
twist ending:0.60375
happy ending:0.59975
catastrophe:0.57175
pg-13:0.57125
redemption:0.56825
shallow:0.567
story:0.56625
good:0.56275
intense:0.55825
violence:0.5535
idiotic:0.54725
predictable:0.54675
pointless:0.52275
adaptation:0.51275
twists & turns:0.501
storytelling:0.496
bad acting:0.4895
culture clash:0.48575
dialogue:0.48425
mentor:0.477
plot twist:0.475
greed:0.4735
awesome soundtrack:0.467
bad plot:0.464
remade:0.46325
so bad it's funny:0.4525
stylized:0.437
not funny:0.42975
family:0.4285
death:0.42275
betrayal:0.415
product placement:0.41375
justice:0.412
action:0.3985
transformation:0.3955
violent:0.39025
destiny:0.39
first contact:0.38525
franchise:0.385
suspense:0.38125
cult classic:0.38125
great:0.37125
bad:0.37
better than the american version:0.3665
sexualized violence:0.3605
natural disaster:0.3575
adoption:0.34775
nudity (topless - notable):0.34775
corruption:0.34475
awful:0.34475
special effects:0.34425
bad ending:0.34425
unfunny:0.34275
murder:0.34025
harsh:0.34
island:0.33925
big budget:0.3385
torture:0.331
melancholic:0.3285
absurd:0.32825
enigmatic:0.32325
bad cgi:0.31825
solitude:0.318
switching places:0.318
cinematography:0.31725
technology:0.31725
sequel:0.317
silly:0.31175
male nudity:0.3115
gory:0.3105
good soundtrack:0.3085
sci fi:0.3085
plot holes:0.30825
life philosophy:0.3055
science fiction:0.3035
fantasy world:0.30225
great acting:0.30125
visually appealing:0.30075
queer:0.3005
fun movie:0.29775
suprisingly clever:0.29675
overrated:0.2895
cult film:0.28775
visceral:0.28675
masterpiece:0.28675
horrible:0.28475
twist:0.28375
bloody:0.28175
nudity (full frontal - brief):0.2785
runaway:0.27775
