world war ii:0.99825
nazis:0.98825
wwii:0.98675
german:0.98275
jews:0.936
germany:0.9355
vengeance:0.935
prison escape:0.93075
violence:0.92
wartime:0.9165
tarantino:0.90725
unusual plot structure:0.90375
nazi:0.90075
original:0.87975
action:0.876
violent:0.87425
best war films:0.8535
good soundtrack:0.848
great acting:0.81925
assassination:0.812
imdb top 250:0.80075
fast paced:0.7865
cool:0.77875
storytelling:0.7515
dialogue:0.7465
bloody:0.74125
oscar (best directing):0.7385
stylized:0.736
entertaining:0.728
social commentary:0.726
weapons:0.70975
war:0.7095
gratuitous violence:0.70575
blood:0.69675
excellent script:0.6945
italian:0.688
revenge:0.686
ensemble cast:0.675
tense:0.66925
crime:0.664
fun movie:0.662
stylish:0.65925
dark hero:0.65575
absurd:0.6475
forceful:0.639
talky:0.63625
destiny:0.636
interesting:0.63425
powerful ending:0.629
brutality:0.627
visually appealing:0.6255
realistic:0.62425
narrated:0.62325
action packed:0.6225
good acting:0.617
good:0.6135
intense:0.6125
idealism:0.60975
grindhouse:0.6035
oscar (best supporting actor):0.6
masterpiece:0.59625
irreverent:0.59475
plot twist:0.591
sexualized violence:0.5905
stereotypes:0.589
bombs:0.5885
runaway:0.58475
drama:0.583
propaganda:0.58225
clever:0.5775
visceral:0.57275
alternate history:0.5725
great ending:0.567
anti-hero:0.56325
corruption:0.5625
cult classic:0.55225
dramatic:0.5515
suspense:0.54925
prejudice:0.547
survival:0.54575
cinematography:0.54475
gritty:0.54
guns:0.53675
highly quotable:0.53425
honest:0.53375
fight scenes:0.53375
france:0.53325
great movie:0.5255
movielens top pick:0.5245
torture:0.52275
good action:0.5225
golden palm:0.5195
gunfight:0.51925
historical:0.5185
murder:0.51825
mentor:0.51775
brutal:0.51575
moral ambiguity:0.515
plot:0.51425
very funny:0.5125
