original:0.858
jay and silent bob:0.81575
comedy:0.798
weird:0.78625
storytelling:0.769
great ending:0.70025
funny:0.6945
hilarious:0.6895
clever:0.6875
fun movie:0.67825
complex:0.6715
parody:0.64025
twists & turns:0.62725
magic:0.6035
mystery:0.58575
mentor:0.585
very funny:0.57725
murder:0.57575
twist:0.575
fun:0.572
egypt:0.5665
absurd:0.5585
good soundtrack:0.54125
life philosophy:0.53025
special:0.52875
secrets:0.52375
suprisingly clever:0.51725
plot twist:0.5165
cult film:0.51125
quotable:0.507
dialogue:0.496
cerebral:0.4915
unusual plot structure:0.48925
male nudity:0.477
time:0.47225
cult classic:0.466
brutality:0.461
satire:0.459
sexualized violence:0.44875
fantasy world:0.44
talky:0.43225
sarcasm:0.421
parallel universe:0.41925
adaptation:0.417
story:0.4145
creativity:0.41425
doctors:0.41425
pg-13:0.4065
alternate endings:0.3995
catastrophe:0.3945
pornography:0.392
unfunny:0.39175
series:0.39125
justice:0.39075
police investigation:0.387
surreal:0.381
bizarre:0.38025
nudity (full frontal - notable):0.3765
psychological:0.37425
so bad it's funny:0.3735
art:0.37025
road movie:0.36775
obsession:0.36675
great:0.3665
pretentious:0.36525
highly quotable:0.3625
underrated:0.36225
good:0.3595
visually appealing:0.35825
chase:0.3575
grindhouse:0.3565
multiple storylines:0.355
twist ending:0.3545
intellectual:0.35425
social commentary:0.35275
fast paced:0.352
murder mystery:0.3495
dreams:0.34825
entertaining:0.34625
first contact:0.34575
humorous:0.3435
irreverent:0.33875
culture clash:0.33825
complicated plot:0.33675
silly:0.33525
crude humor:0.33475
narrated:0.33325
complicated:0.33275
cult:0.33
imagination:0.329
predictable:0.32675
humor:0.31925
criterion:0.31625
enigmatic:0.316
spoof:0.3155
atmospheric:0.31075
nudity (full frontal - brief):0.3085
redemption:0.3055
death:0.304
runaway:0.30325
