original:0.85625
family:0.846
gothic:0.67825
macabre:0.62875
so bad it's funny:0.5785
franchise:0.57575
dysfunctional family:0.55575
doctors:0.5405
horrible:0.53025
moral ambiguity:0.52
cartoon:0.50325
series:0.49025
bad acting:0.4665
slapstick:0.445
dialogue:0.441
family drama:0.433
adaptation:0.42675
catastrophe:0.4245
great ending:0.4155
mentor:0.40875
based on a tv show:0.4075
bad:0.4015
predictable:0.401
silly fun:0.396
stupid:0.39275
product placement:0.38625
special effects:0.38075
weird:0.3775
quirky:0.37725
bad ending:0.368
torture:0.36575
fun movie:0.3615
children:0.3405
sequel:0.33375
first contact:0.333
great:0.33225
awful:0.3315
lame:0.32875
bad plot:0.3285
not funny:0.32475
unfunny:0.323
creepy:0.322
silly:0.3185
life philosophy:0.31475
goth:0.3095
sexy:0.30525
disaster:0.304
very funny:0.30225
good soundtrack:0.3005
culture clash:0.2985
idiotic:0.29675
fantasy world:0.29375
prequel:0.28175
black comedy:0.281
cult film:0.2715
pointless:0.27125
writers:0.27075
camp:0.2705
bad script:0.2675
runaway:0.2675
humorous:0.263
entirely dialogue:0.26275
fight scenes:0.26275
police investigation:0.262
brutality:0.2565
lone hero:0.2555
goofy:0.2545
crude humor:0.2535
redemption:0.24325
chase:0.24275
visually appealing:0.24225
death:0.242
good:0.23975
dumb but funny:0.2385
melancholic:0.2375
cult classic:0.23725
absurd:0.2355
stupid as hell:0.23275
scary:0.232
stylized:0.2275
grindhouse:0.227
light:0.226
nudity (full frontal - brief):0.22475
clever:0.22475
mad scientist:0.22275
dark humor:0.22175
greed:0.22175
crappy sequel:0.2165
fun:0.2155
childhood:0.2145
reality tv:0.214
storytelling:0.213
pg-13:0.21025
sci fi:0.21
ninja:0.21
vengeance:0.2085
dark:0.208
great movie:0.20775
overrated:0.2065
dark comedy:0.2055
