based on a true story:0.9185
true story:0.91325
based on true story:0.913
kidnapping:0.78575
brutality:0.74025
original:0.66125
crime:0.65375
greed:0.6505
unlikeable characters:0.628
entertaining:0.61575
violence:0.61375
satire:0.5925
comedy:0.582
strippers:0.58125
corruption:0.54125
unfunny:0.54125
gratuitous violence:0.5245
stylized:0.504
drugs:0.49775
torture:0.4905
violent:0.48975
story:0.4835
very funny:0.4795
coen bros:0.4635
action:0.45075
stupidity:0.44275
murder:0.44275
idiotic:0.4395
stylish:0.43475
great ending:0.4345
storytelling:0.434
gangsters:0.4305
dialogue:0.43025
betrayal:0.4255
pornography:0.42225
good soundtrack:0.4155
black comedy:0.41525
catastrophe:0.407
mentor:0.40675
jesus:0.3935
good action:0.393
absurd:0.38475
shallow:0.37825
brutal:0.3765
dark comedy:0.37575
dreams:0.37125
cult classic:0.36675
bloody:0.36175
satirical:0.355
redemption:0.35425
runaway:0.352
eccentricity:0.3495
harsh:0.34725
male nudity:0.3445
goofy:0.34425
funny:0.341
life philosophy:0.338
adaptation:0.338
narrated:0.33675
buddy movie:0.33625
crude humor:0.33275
nudity (full frontal - brief):0.33075
anti-hero:0.3305
pointless:0.32
vengeance:0.318
life & death:0.3165
social commentary:0.31625
stupid:0.316
dark humor:0.31575
police investigation:0.315
fight scenes:0.3125
not funny:0.31
great:0.30975
culture clash:0.30825
humorous:0.30775
drug abuse:0.3055
fast paced:0.301
weird:0.3005
stupid as hell:0.29975
splatter:0.299
dumb:0.2945
justice:0.29075
entirely dialogue:0.28925
gory:0.28625
nudity (full frontal - notable):0.286
chase:0.28475
money:0.28125
predictable:0.28075
bad plot:0.28
good:0.27775
insanity:0.277
fun movie:0.274
action packed:0.27225
great acting:0.27175
so bad it's funny:0.27025
fantasy world:0.26975
quotable:0.269
drug addiction:0.265
new jersey:0.26475
first contact:0.26275
