aardman studios:1.0
animation:0.986
talking animals:0.983
computer animation:0.97525
stop motion:0.95025
aardman:0.94225
animated:0.925
rats:0.91525
london:0.894
stop-motion:0.86475
kids and family:0.82725
animals:0.804
cartoon:0.759
original:0.75875
pixar animation:0.7575
claymation:0.75375
humorous:0.73
cgi:0.72575
funny:0.7255
british:0.70725
cute:0.706
fun:0.70425
humor:0.69825
family:0.6975
pg:0.69025
story:0.675
british comedy:0.66875
clever:0.66625
fun movie:0.664
england:0.65525
witty:0.653
good:0.65125
animal movie:0.6175
children:0.603
adventure:0.596
creativity:0.58525
dreamworks:0.5815
comedy:0.578
entertaining:0.57625
fast paced:0.56475
stereotypes:0.56
slapstick:0.5355
visually appealing:0.5275
crude humor:0.5235
oscar (best animated feature):0.52325
very funny:0.52125
dialogue:0.517
storytelling:0.51225
hilarious:0.50575
kids:0.5005
rabbits:0.47225
great ending:0.4655
light:0.4455
great:0.44425
visually stunning:0.4355
fantasy world:0.4325
chase:0.43
catastrophe:0.4275
loneliness:0.4135
good soundtrack:0.41075
mentor:0.407
cute!:0.406
visual:0.3935
predictable:0.384
better than expected:0.36975
goofy:0.36625
childhood:0.36525
transformation:0.36275
destiny:0.35475
pg-13:0.347
3d:0.3465
disney:0.34525
weird:0.3425
colourful:0.3425
bad plot:0.33925
life philosophy:0.3355
stylized:0.33075
superheroes:0.31675
friendship:0.3145
unfunny:0.31325
culture clash:0.3095
silly:0.307
great movie:0.305
fairy tale:0.30425
quirky:0.304
redemption:0.3035
adaptation:0.303
unlikely friendships:0.301
action packed:0.301
suprisingly clever:0.30025
alter ego:0.29925
runaway:0.29875
betrayal:0.29375
melancholic:0.2905
silly fun:0.28775
original plot:0.2875
not funny:0.283
very good:0.28
romantic:0.2795
action:0.27475
