abortion:0.972
social commentary:0.945
secrets:0.9395
oscar (best actress):0.9385
working class:0.93825
pregnancy:0.8995
england:0.8985
intimate:0.8725
police investigation:0.85625
downbeat:0.8355
london:0.8285
great acting:0.80875
tragedy:0.80725
bleak:0.80075
women:0.78725
heartbreaking:0.7865
exceptional acting:0.7825
dramatic:0.7625
emotional:0.75725
drama:0.74425
guilt:0.717
crime:0.71575
depression:0.70675
original:0.69275
1950s:0.683
british:0.68025
compassionate:0.68
parenthood:0.6715
poignant:0.66875
character study:0.66675
manipulation:0.66
wartime:0.652
relationships:0.65175
culture clash:0.63825
hospital:0.63575
betrayal:0.629
political:0.6275
bittersweet:0.61675
storytelling:0.61675
family drama:0.61325
reflective:0.6105
criterion:0.6095
period piece:0.60925
runaway:0.608
melancholic:0.6055
psychiatry:0.60475
forceful:0.6045
morality:0.598
sad:0.5965
death penalty:0.596
mother-son relationship:0.594
golden palm:0.593
poverty:0.5895
costume drama:0.5735
prejudice:0.57175
affectionate:0.569
family:0.5625
complex:0.55975
controversial:0.55425
drinking:0.5535
depressing:0.54975
oscar (best directing):0.546
oscar:0.5405
realistic:0.54
oscar (best supporting actress):0.53925
politics:0.536
honest:0.5355
corruption:0.5325
justice:0.52625
greed:0.524
good acting:0.51975
harsh:0.51825
dialogue:0.51225
grim:0.509
good soundtrack:0.506
brutality:0.4985
loneliness:0.4935
idealism:0.49325
talky:0.49225
pornography:0.48825
catastrophe:0.48075
obsession:0.47475
very good:0.47475
gritty:0.47
death:0.46675
good:0.45925
oscar (best foreign language film):0.456
light:0.4515
tense:0.4425
moral ambiguity:0.43925
great ending:0.43575
earnest:0.43525
melancholy:0.4315
cinematography:0.4305
complex characters:0.42725
vengeance:0.4235
story:0.423
independent film:0.41325
adapted from:book:0.40625
doctors:0.3985
