wartime:0.87625
destiny:0.6965
so bad it's funny:0.653
very funny:0.64675
australian:0.6445
island:0.62675
comedy:0.61925
original:0.6165
fun movie:0.611
mentor:0.5885
silly fun:0.5825
catastrophe:0.5795
great:0.55675
world war ii:0.54525
spies:0.5435
sacrifice:0.53875
light:0.5315
wwii:0.53075
based on a video game:0.5295
japan:0.51975
humor:0.4935
adventure:0.48475
survival:0.47875
stereotypes:0.46375
nudity (rear):0.46225
australia:0.46175
chase:0.45475
storytelling:0.45325
nudity (full frontal - brief):0.45225
alternate history:0.444
bad plot:0.4415
culture clash:0.4395
android(s)/cyborg(s):0.43675
spying:0.435
underdog:0.42825
end of the world:0.42775
dialogue:0.427
jungle:0.42375
factual:0.40675
nostalgic:0.405
childhood:0.40125
amazing photography:0.4
good:0.395
pg-13:0.394
shallow:0.39325
simple:0.3775
natural disaster:0.37725
justice:0.3765
dynamic cgi action:0.37375
dysfunctional family:0.3725
big budget:0.37
goofy:0.36825
courage:0.35625
unfunny:0.353
quotable:0.34325
life philosophy:0.34275
military:0.34125
existentialism:0.34075
nudity (topless):0.33725
suspense:0.3355
great ending:0.333
lone hero:0.33025
runaway:0.33025
1950s:0.32
fantasy world:0.31875
oscar:0.31725
slapstick:0.3155
redemption:0.3145
adaptation:0.312
drama:0.30775
first contact:0.307
crude humor:0.30175
story:0.30175
predictable:0.301
boat:0.30025
silly:0.299
alternate universe:0.299
tokyo:0.29775
brutality:0.29725
new orleans:0.29575
foul language:0.29525
medieval:0.29425
vengeance:0.293
blindness:0.28875
romantic:0.28425
utopia:0.28275
earnest:0.2815
good soundtrack:0.278
campy:0.2765
heartwarming:0.27125
70mm:0.2695
intense:0.269
dramatic:0.26325
excellent script:0.263
secrets:0.2615
police investigation:0.2615
bullshit history:0.259
entirely dialogue:0.25825
happy ending:0.258
not as good as the first:0.255
