romance:0.96525
horror:0.9385
love story:0.93325
romantic:0.9065
relationships:0.8975
cinematography:0.8725
immortality:0.85525
original:0.832
weird:0.7815
creepy:0.76025
supernatural:0.7435
visually appealing:0.73725
quirky:0.708
good soundtrack:0.7025
loneliness:0.68975
monster:0.68425
secrets:0.657
macabre:0.6325
drama:0.62925
creativity:0.61775
sacrifice:0.61325
beautiful scenery:0.6105
bad ending:0.60875
life & death:0.608
melancholic:0.6045
love:0.60025
atmospheric:0.599
enigmatic:0.59
mentor:0.5895
magic realism:0.57525
transformation:0.57525
gory:0.5745
survival:0.5665
romantic comedy:0.55325
great ending:0.53875
sweet:0.5355
bittersweet:0.53525
sci fi:0.53175
dialogue:0.52925
sci-fi:0.52425
life philosophy:0.5175
beautiful:0.5145
alternate endings:0.51175
low budget:0.5085
sex:0.49775
small town:0.4865
drinking:0.48175
very interesting:0.47975
writers:0.4795
genetics:0.45825
brutality:0.45125
solitude:0.44675
good acting:0.43775
strange:0.42775
spanish:0.426
breathtaking:0.42475
passionate:0.41975
scary:0.41925
story:0.41775
catastrophe:0.41375
entirely dialogue:0.412
suspense:0.41125
goretastic:0.411
nudity (topless - notable):0.408
culture clash:0.4035
storytelling:0.403
oscar (best supporting actress):0.4
intimate:0.39875
oscar (best writing - screenplay written directly for the screen):0.3985
police investigation:0.3965
stylish:0.394
criterion:0.39225
beautifully filmed:0.39
melancholy:0.386
scifi:0.38575
science fiction:0.38175
great acting:0.37975
light:0.373
complex:0.36575
surreal:0.3655
first contact:0.36475
destiny:0.36425
slow paced:0.364
runaway:0.36325
chase:0.36225
male nudity:0.3615
suprisingly clever:0.36125
existentialism:0.36
splatter:0.35825
underrated:0.35675
great:0.35575
italy:0.3475
travel:0.34725
nudity (full frontal - notable):0.34675
visual:0.3465
weed:0.3445
witches:0.34175
grindhouse:0.34125
new jersey:0.33775
stunning:0.33775
