iran:0.975
islam:0.96225
poverty:0.962
children:0.9345
foreign:0.90175
childhood:0.89425
beautifully filmed:0.8585
sisters:0.853
meditative:0.83375
touching:0.8235
middle east:0.8105
heartbreaking:0.79025
oscar (best foreign language film):0.78325
criterion:0.77475
heartwarming:0.76775
family bonds:0.76
social commentary:0.75825
poignant:0.73775
intimate:0.7325
sentimental:0.73075
allegory:0.7275
reflective:0.7115
dramatic:0.69525
storytelling:0.69525
race:0.6895
emotional:0.6845
simple:0.67875
golden palm:0.67475
compassionate:0.664
harsh:0.66125
bittersweet:0.645
unusual plot structure:0.6435
melancholic:0.642
movielens top pick:0.636
cinematography:0.6355
beautiful scenery:0.63075
secrets:0.63025
runaway:0.629
breathtaking:0.62175
downbeat:0.621
imdb top 250:0.6165
earnest:0.61225
sacrifice:0.60425
culture clash:0.598
tragedy:0.597
enigmatic:0.59225
sad:0.59175
suprisingly clever:0.5875
passionate:0.58325
oscar (best directing):0.5815
original:0.574
melancholy:0.56925
loneliness:0.56725
life:0.54925
bleak:0.54625
affectionate:0.54575
life & death:0.542
artistic:0.5415
oscar (best actress):0.54025
hospital:0.537
great acting:0.52125
good acting:0.5095
masterpiece:0.509
great ending:0.50625
exceptional acting:0.498
tokyo:0.4965
realistic:0.49525
indie:0.49525
redemption:0.4925
talky:0.492
family drama:0.491
beautiful:0.47825
drama:0.4745
god:0.473
ethnic conflict:0.4585
prejudice:0.45675
amazing photography:0.4525
story:0.45225
tear jerker:0.444
oscar (best supporting actress):0.4395
spanish:0.43825
catastrophe:0.438
guilt:0.43775
sad but good:0.432
depressing:0.43125
family:0.4215
light:0.41175
mentor:0.40125
independent film:0.40025
good soundtrack:0.39625
teacher:0.39525
dysfunctional family:0.39075
idealism:0.3835
grim:0.38125
great:0.377
visually stunning:0.37675
parenthood:0.37575
school:0.37275
not funny:0.37025
bollywood:0.37
