stop motion:0.99775
claymation:0.98625
stop-motion:0.9745
short:0.94525
aardman:0.943
animation:0.94175
aardman studios:0.9235
british:0.91675
holiday:0.8905
british comedy:0.878
space:0.84475
animated:0.83325
hilarious:0.8215
clever:0.80925
original:0.802
great:0.801
too short:0.795
great movie:0.792
dogs:0.755
imagination:0.7535
adventure:0.74975
funny:0.72875
moon:0.7165
quirky:0.7165
imdb top 250:0.675
good:0.667
witty:0.66625
creativity:0.66425
rabbits:0.63275
chase:0.6325
great ending:0.6295
robots:0.61425
interesting:0.60525
entertaining:0.596
story:0.584
excellent:0.581
england:0.57575
robot:0.569
weird:0.5665
oscar winner:0.56575
criterion:0.5655
oscar (best actress):0.56075
series:0.55825
comedy:0.55425
dog:0.5525
very funny:0.548
fun movie:0.5415
talky:0.537
animal movie:0.5315
unusual plot structure:0.522
fun:0.5185
secrets:0.516
melancholy:0.508
suprisingly clever:0.5035
eccentricity:0.5
dialogue:0.49975
greed:0.49325
very good:0.493
humorous:0.49
cute:0.48525
love:0.4795
runaway:0.47825
absurd:0.475
oscar (best directing):0.47475
enigmatic:0.47275
whimsical:0.47225
affectionate:0.47075
movielens top pick:0.47025
feel-good:0.46775
good soundtrack:0.463
beautiful scenery:0.462
visual:0.46125
oscar:0.459
oscar (best supporting actress):0.45825
stylish:0.45325
self discovery:0.45025
artistic:0.44925
light:0.44725
quotable:0.4405
mentor:0.43875
visually appealing:0.437
police investigation:0.433
cool:0.42875
catastrophe:0.427
adaptation:0.42
crime gone awry:0.42
excellent script:0.417
atmospheric:0.415
loneliness:0.41425
goofy:0.4135
storytelling:0.4085
culture clash:0.4045
silent:0.3995
cartoon:0.3965
obsession:0.388
family:0.387
highly quotable:0.385
life philosophy:0.38375
melancholic:0.3825
science fiction:0.38
