musical:0.96575
marijuana:0.943
music:0.9005
jesus:0.845
original:0.824
dancing:0.79325
good soundtrack:0.77675
good music:0.75025
great music:0.748
cult classic:0.74375
awesome soundtrack:0.7315
weed:0.70375
satire:0.7005
broadway:0.67025
dance:0.64675
1930s:0.64225
lyrical:0.6405
mentor:0.626
sexualized violence:0.60725
suprisingly clever:0.6055
parody:0.58175
satirical:0.57425
nudity (full frontal - brief):0.5615
sacrifice:0.55375
glbt:0.549
based on a play:0.54025
justice:0.5375
manipulation:0.51975
addiction:0.5105
earnest:0.5055
good:0.48475
camp:0.48075
great:0.477
art:0.47475
storytelling:0.47425
dialogue:0.471
clever:0.4635
biopic:0.446
brutality:0.4455
propaganda:0.445
insanity:0.4415
catastrophe:0.44
political:0.43675
great ending:0.43475
musicians:0.43425
entirely dialogue:0.43175
cannibalism:0.42825
talky:0.4225
drugs:0.42
creativity:0.4165
gory:0.4135
stereotypes:0.40375
social commentary:0.395
fun movie:0.39275
twists & turns:0.386
life philosophy:0.38425
jazz:0.3805
stylized:0.3805
greed:0.38
bollywood:0.37725
original plot:0.3715
adaptation:0.36875
brainwashing:0.3685
destiny:0.3675
fascism:0.367
quirky:0.366
fun:0.35875
exceptional acting:0.357
obsession:0.35525
great movie:0.35375
cult:0.3525
multiple storylines:0.35
women:0.34325
criterion:0.34025
pg-13:0.33575
oscar (best directing):0.33025
pornography:0.3175
splatter:0.31725
perfect:0.317
great acting:0.3155
redemption:0.3155
dramatic:0.3125
very funny:0.31025
christian:0.31
narrated:0.3095
mars:0.30875
colourful:0.30675
murder:0.3055
queer:0.30425
campy:0.304
good acting:0.299
honest:0.29575
hilarious:0.29525
underrated:0.29475
educational:0.293
excellent script:0.2905
cult film:0.2885
very good:0.28375
golden palm:0.283
politics:0.279
