007 (series):1.0
007:0.99975
bond:0.9995
secret service:0.98625
franchise:0.98325
espionage:0.95175
spying:0.9475
assassin:0.94475
james bond:0.92075
chase:0.911
spy:0.82675
spies:0.806
secrets:0.75775
original:0.69475
murder:0.68975
series:0.65375
action:0.63275
realistic action:0.59375
brainwashing:0.57425
great ending:0.57175
good action:0.54775
nuclear bomb:0.5095
good:0.49425
catastrophe:0.49025
car chase:0.4865
runaway:0.47925
mentor:0.47675
adventure:0.4725
powerful ending:0.464
silly fun:0.4425
fight scenes:0.43625
great:0.43525
dialogue:0.42225
exciting:0.40725
silly:0.407
goofy:0.40075
sexy:0.387
first contact:0.3725
assassination:0.35275
downbeat:0.348
storytelling:0.3445
brutality:0.3445
story:0.335
culture clash:0.334
action packed:0.33375
betrayal:0.33025
tense:0.32825
cool:0.32275
fast paced:0.31575
plot:0.315
underrated:0.31025
good soundtrack:0.304
suprisingly clever:0.30375
not funny:0.303
great movie:0.293
adaptation:0.29275
romance:0.29225
mad scientist:0.291
amazing cinematography:0.29
excellent script:0.2895
vengeance:0.28125
very good:0.2805
fantasy world:0.27825
fun movie:0.277
original plot:0.27475
pg-13:0.27375
destiny:0.2725
good dialogue:0.27025
life philosophy:0.26925
classic car:0.2665
books:0.26475
suspense:0.262
adapted from:book:0.262
happy ending:0.26075
island:0.25875
melancholic:0.257
predictable:0.256
weird:0.25575
good music:0.255
love story:0.253
beautiful scenery:0.25275
bad plot:0.25275
death:0.24975
cinematography:0.2485
sci fi:0.248
excellent:0.24775
criterion:0.245
absurd:0.24475
cold war:0.244
nostalgic:0.24
light:0.23925
good acting:0.23675
romantic:0.236
redemption:0.236
unfunny:0.2335
harsh:0.2325
entirely dialogue:0.23225
dramatic:0.23175
weapons:0.23025
talky:0.22875
