father daughter relationship:0.98825
single father:0.98175
touching:0.9595
emotional:0.94225
bittersweet:0.90375
drama:0.89425
comedy:0.86275
latin america:0.84675
parenthood:0.846
sentimental:0.8425
tear jerker:0.83325
great:0.797
girlie movie:0.76925
childhood:0.7585
heartwarming:0.756
feel-good:0.72375
great acting:0.7195
feel good movie:0.696
depression:0.663
original:0.65
life:0.649
great movie:0.63475
great ending:0.62825
storytelling:0.61725
excellent:0.6035
very funny:0.60225
hospital:0.5815
greed:0.5775
twists & turns:0.57275
funny:0.5725
loneliness:0.5625
drinking:0.54875
fun movie:0.5485
beautifully filmed:0.53675
goretastic:0.5345
tricky:0.5345
complex:0.52125
dramatic:0.50675
sad but good:0.505
foreign:0.49125
runaway:0.4875
oscar (best supporting actress):0.487
earnest:0.48675
catastrophe:0.486
silly fun:0.485
suprisingly clever:0.482
secrets:0.481
sweet:0.47975
stand-up comedy:0.479
light:0.4695
memory loss:0.46625
story:0.46325
costume drama:0.45925
idealism:0.459
pornography:0.45875
sacrifice:0.4515
mentor:0.45
creativity:0.4485
beautiful scenery:0.44775
hilarious:0.4455
poignant:0.44525
crude humor:0.44275
life & death:0.441
heartbreaking:0.43375
justice:0.433
talky:0.42775
police investigation:0.426
unlikely friendships:0.42575
good acting:0.4245
spanish:0.4215
inspirational:0.4215
good:0.42025
clever:0.41875
passionate:0.418
tragedy:0.417
culture clash:0.41575
oscar (best actress):0.41025
love story:0.4055
melancholy:0.40375
humorous:0.39
death penalty:0.38925
romantic:0.3875
witty:0.38125
family:0.37
sappy:0.36675
whimsical:0.3655
affectionate:0.364
happy ending:0.36325
dumb but funny:0.35975
divorce:0.35875
children:0.357
betrayal:0.3565
unfunny:0.356
compassionate:0.35575
family drama:0.353
special:0.35175
love:0.351
author:neil gaiman:0.35075
friendship:0.35
sad:0.34775
