cyberpunk:0.98725
based on a book:0.785
so bad it's funny:0.76975
original:0.7595
mentor:0.645
clones:0.593
pointless:0.591
betrayal:0.59
life & death:0.57025
story:0.55625
visual:0.5535
melancholic:0.5315
future:0.5155
weird:0.49975
hit men:0.4875
dialogue:0.48075
storytelling:0.4805
erotic:0.473
greed:0.473
science fiction:0.441
adaptation:0.437
espionage:0.42125
enigmatic:0.4195
entirely dialogue:0.41875
horrible:0.41725
sci fi:0.41575
existentialism:0.4015
good dialogue:0.4
predictable:0.394
gangsters:0.394
stylish:0.38925
cloning:0.378
brutality:0.37625
catastrophe:0.37575
dystopia:0.3735
first contact:0.36975
great ending:0.363
bad plot:0.363
overrated:0.357
boring:0.35275
visually appealing:0.34125
bad ending:0.33875
not funny:0.3375
memory:0.33575
quirky:0.331
nudity (full frontal - notable):0.33025
crime gone awry:0.325
atmospheric:0.32075
art:0.319
too short:0.31575
surveillance:0.315
non-linear:0.3095
criterion:0.303
alone in the world:0.29725
absurd:0.2965
dreamlike:0.29225
surreal:0.29
boring!:0.285
cult film:0.28175
cerebral:0.28175
cinematography:0.27725
visuals:0.277
addiction:0.27475
lone hero:0.26925
unusual plot structure:0.269
harsh:0.2675
complex:0.2665
too long:0.25875
slapstick:0.25775
very interesting:0.25675
fantasy world:0.2545
unfunny:0.253
creativity:0.2525
twists & turns:0.24925
moody:0.24825
poetry:0.24825
runaway:0.245
culture clash:0.2435
hotel:0.2415
mad scientist:0.241
utopia:0.24
life philosophy:0.23925
visually stunning:0.2375
bleak:0.23325
pornography:0.231
downbeat:0.22625
stylized:0.2245
satirical:0.22325
nocturnal:0.21925
character study:0.219
transformation:0.21875
pulp:0.21725
grindhouse:0.21675
suprisingly clever:0.2165
intimate:0.216
writers:0.2155
romance:0.21325
destiny:0.21325
tokyo:0.2125
good soundtrack:0.212
