super hero:0.99625
superhero:0.996
superheroes:0.986
super-hero:0.98
parody:0.9735
spoof:0.934
goofy:0.92725
race issues:0.84625
original:0.7595
weapons:0.718
comedy:0.67875
stupid:0.66425
alter ego:0.64275
silly fun:0.63475
predictable:0.634
comics:0.624
humor:0.62375
bad plot:0.603
humorous:0.599
mentor:0.5745
so bad it's funny:0.542
very funny:0.54175
silly:0.53
fight scenes:0.52625
satirical:0.52475
adapted from:comic:0.524
comic book:0.523
surreal:0.497
idiotic:0.48425
great ending:0.4835
brutality:0.47075
pointless:0.45525
stupid as hell:0.44425
campy:0.44275
dumb:0.44225
unfunny:0.44025
based on a comic:0.43425
pg-13:0.427
lame:0.426
cult film:0.425
blaxploitation:0.42225
funny:0.42175
mutants:0.41475
action packed:0.4115
weird:0.411
crime:0.40275
justice:0.4005
adaptation:0.39825
catastrophe:0.39775
fun movie:0.39725
life philosophy:0.396
hilarious:0.39325
dialogue:0.3875
dark hero:0.38575
stupidity:0.38125
pulp:0.3805
graphic novel:0.37925
pornography:0.371
destiny:0.3705
dreams:0.36875
franchise:0.3685
shallow:0.3575
family:0.356
big budget:0.354
first contact:0.349
gangsters:0.34475
nudity (full frontal - brief):0.344
splatter:0.34325
vigilante:0.33775
sarcasm:0.3375
bad:0.33475
dumb but funny:0.33475
bizarre:0.3345
slapstick:0.331
satire:0.3305
quirky:0.329
romance:0.329
runaway:0.32875
nocturnal:0.325
saturday night live:0.3225
fun:0.321
violence:0.321
ninja:0.3195
vengeance:0.3165
redemption:0.3165
story:0.31275
special effects:0.31025
fantasy world:0.30975
great:0.306
action:0.30175
good soundtrack:0.30175
art:0.29775
comic book adaption:0.29775
overrated:0.2965
crude humor:0.2955
existentialism:0.293
clever:0.29175
entirely dialogue:0.291
light:0.29025
nerds:0.29025
