criterion:0.99425
japan:0.99375
father daughter relationship:0.98525
masterpiece:0.9695
tokyo:0.9685
social commentary:0.9535
meditative:0.933
loneliness:0.91375
family drama:0.9125
melancholic:0.87675
japanese:0.8685
intimate:0.86825
reflective:0.86025
talky:0.821
imdb top 250:0.81625
golden palm:0.79475
marriage:0.79
classic:0.7875
visually appealing:0.7845
enigmatic:0.76875
black and white:0.7635
stylized:0.75575
childhood:0.75475
beautifully filmed:0.753
bleak:0.74475
poignant:0.74025
affectionate:0.7345
runaway:0.73425
oscar (best foreign language film):0.7255
melancholy:0.723
relationships:0.72225
downbeat:0.71025
lyrical:0.705
solitude:0.7045
movielens top pick:0.687
forceful:0.6695
weird:0.6675
foreign:0.6465
cinematography:0.64175
original:0.641
perfect:0.6335
culture clash:0.63125
surveillance:0.61475
grim:0.60025
visual:0.59625
breathtaking:0.592
touching:0.57125
idealism:0.5675
gunfight:0.5655
drinking:0.5645
good soundtrack:0.55575
understated:0.5555
ethnic conflict:0.552
harsh:0.54775
mentor:0.54075
off-beat comedy:0.5365
dialogue:0.535
photography:0.5295
emotional:0.529
suprisingly clever:0.527
family:0.52375
cerebral:0.51825
existentialism:0.51275
obsession:0.50975
trilogy:0.509
bittersweet:0.5065
beautiful:0.504
ironic:0.502
friendship:0.4935
silent:0.48975
atmospheric:0.48725
independent film:0.48575
dramatic:0.48425
nudity (full frontal - notable):0.4835
stunning:0.48175
complex characters:0.48125
moody:0.47575
unusual plot structure:0.4755
afi 100 (laughs):0.474
storytelling:0.46875
nocturnal:0.468
dreamlike:0.46775
love:0.46575
character study:0.461
entirely dialogue:0.45875
parenthood:0.45325
dysfunctional family:0.4525
allegory:0.44825
amazing cinematography:0.448
tragedy:0.44525
narrated:0.44475
sacrifice:0.44325
artistic:0.442
depression:0.43875
life:0.43775
heartwarming:0.4325
colourful:0.42675
catastrophe:0.42675
light:0.4225
simple:0.413
