heist:0.9835
crime:0.955
prison:0.93175
gangsters:0.827
mentor:0.74725
chess:0.724
twists & turns:0.699
original:0.65875
realistic action:0.63175
robbery:0.61025
australian:0.58625
bank robbery:0.57125
grindhouse:0.54625
runaway:0.52225
violence:0.5085
betrayal:0.49575
corruption:0.49175
twist:0.44925
stylish:0.44875
action:0.4385
thriller:0.432
gangster:0.418
mafia:0.4135
catastrophe:0.39725
storytelling:0.39425
predictable:0.39
great ending:0.38475
dialogue:0.38225
fun movie:0.37325
intense:0.371
harsh:0.3695
british:0.3675
not funny:0.36675
fbi:0.3625
caper:0.362
police investigation:0.36025
prison escape:0.35975
twist ending:0.3575
tricky:0.355
good soundtrack:0.3495
pornography:0.34875
world politics:0.34175
mob:0.341
drama:0.334
cult film:0.32025
erotic:0.313
relationships:0.31225
romance:0.31225
brutality:0.309
suspense:0.3085
melancholic:0.3085
love story:0.3045
manipulation:0.29725
original plot:0.2965
crime gone awry:0.2965
sexy:0.29125
very interesting:0.291
gunfight:0.29
vengeance:0.29
violent:0.28825
australia:0.27925
tense:0.27725
entertaining:0.27525
bullying:0.272
weapons:0.2705
justice:0.26425
police corruption:0.26225
entirely dialogue:0.2605
unfunny:0.25875
organized crime:0.2575
suspenseful:0.256
chase:0.2535
hotel:0.2495
plot twist:0.245
visceral:0.24475
suprisingly clever:0.24325
arms dealer:0.239
life philosophy:0.23725
gritty:0.2365
quirky:0.23275
absurd:0.23125
excellent script:0.23
story:0.22825
adaptation:0.22775
kidnapping:0.21975
nudity (full frontal - brief):0.219
psychiatry:0.21575
bad ending:0.21475
unusual plot structure:0.2135
lone hero:0.2115
cerebral:0.21025
good:0.20825
exceptional acting:0.20625
fantasy world:0.2025
powerful ending:0.2015
redemption:0.19975
free speech:0.19525
very funny:0.1945
plot:0.193
psychology:0.193
