comedy:0.95275
hilarious:0.87375
funny:0.8335
classic:0.814
absurd:0.80975
indians:0.805
funniest movies:0.78625
farce:0.7615
slapstick:0.7435
original:0.7425
very funny:0.69875
drinking:0.67625
criterion:0.62725
goofy:0.6255
social commentary:0.62175
great ending:0.6115
melancholic:0.6015
satire:0.59875
suprisingly clever:0.59875
storytelling:0.59475
visual:0.59075
off-beat comedy:0.586
mentor:0.578
humorous:0.57275
satirical:0.57075
talky:0.5685
unusual plot structure:0.567
fun movie:0.56625
catastrophe:0.56375
weird:0.546
quotable:0.5435
dialogue:0.54125
good soundtrack:0.541
clever:0.538
humor:0.533
pornography:0.52475
great:0.5205
good:0.492
highly quotable:0.482
runaway:0.4805
insanity:0.47525
interesting:0.47125
masterpiece:0.46175
idealism:0.46
great movie:0.459
greed:0.45675
culture clash:0.4545
cult classic:0.454
parody:0.4495
adaptation:0.44275
enigmatic:0.43875
stoner movie:0.4385
silent:0.4365
unfunny:0.42175
vengeance:0.41925
artistic:0.416
british:0.4105
hotel:0.40825
complex:0.40275
reflective:0.401
light:0.40075
stereotypes:0.4
imdb top 250:0.4
comic:0.4
brutality:0.3985
movielens top pick:0.39525
underrated:0.393
surreal:0.39225
1960s:0.392
witty:0.38925
cerebral:0.38825
police investigation:0.386
funny as hell:0.384
visually stunning:0.3805
entirely dialogue:0.3805
cult film:0.37475
silly:0.37425
suspense:0.37375
male nudity:0.36675
foreign:0.36575
golden palm:0.36325
breathtaking:0.35675
excellent script:0.35475
cinematography:0.3545
ironic:0.35075
creativity:0.34975
twists & turns:0.3455
plot:0.3445
atmospheric:0.3445
dark humor:0.336
adapted from:book:0.33475
sexualized violence:0.334
chase:0.331
pg-13:0.33075
visually appealing:0.3305
india:0.32875
allegory:0.32725
exceptional acting:0.326
affectionate:0.32425
nocturnal:0.32375
