virtual reality:0.9895
cyberpunk:0.97625
visually appealing:0.967
visually stunning:0.95475
visual:0.95175
dystopia:0.932
sci-fi:0.911
video game:0.90875
alone in the world:0.86825
futuristic:0.85025
alternate reality:0.848
computer game:0.84775
original:0.831
cerebral:0.80675
video games:0.8045
future:0.7945
sci fi:0.78075
poland:0.77425
stylized:0.772
scifi:0.76775
science fiction:0.7635
post-apocalyptic:0.759
weird:0.7545
solitude:0.7515
cinematography:0.74375
surreal:0.7245
technology:0.722
visuals:0.7115
allegory:0.7105
enigmatic:0.70625
existentialism:0.69575
stunning:0.693
good soundtrack:0.69125
clones:0.69
loneliness:0.68825
imagination:0.68425
dystopic future:0.684
bleak:0.681
philosophical:0.66125
dialogue:0.659
philosophy:0.656
storytelling:0.65525
very interesting:0.652
life & death:0.6505
story:0.641
slow paced:0.63775
life philosophy:0.63075
fantasy world:0.6305
complex:0.604
beautifully filmed:0.6005
criterion:0.59525
creativity:0.5825
videogame:0.579
post apocalyptic:0.57175
latin america:0.56475
nocturnal:0.5525
meditative:0.5525
colourful:0.549
melancholic:0.54025
alternate universe:0.5315
social commentary:0.5305
atmospheric:0.52375
reflective:0.50375
intellectual:0.50325
great cinematography:0.50325
transformation:0.502
breathtaking:0.49625
great ending:0.48825
thought-provoking:0.46775
catastrophe:0.4655
interesting:0.4585
dark:0.45525
afterlife:0.45225
harsh:0.44525
artistic:0.442
entirely dialogue:0.4375
redemption:0.4375
intelligent sci-fi:0.4345
distopia:0.4325
boring!:0.43225
slow:0.4295
ghosts:0.4245
mentor:0.42225
dreams:0.419
cult film:0.41625
lone hero:0.4155
clever:0.41275
mythology:0.41125
cool:0.411
apocalypse:0.40675
special effects:0.40625
stylish:0.40025
not funny:0.39775
fight scenes:0.39675
bad ending:0.391
humanity:0.389
action:0.3835
brutality:0.3815
plot:0.37725
good:0.37225
