pornography:0.997
sexual:0.99175
controversial:0.98425
erotic:0.97275
sex:0.9535
sexualized violence:0.94775
male nudity:0.9325
nudity (full frontal - notable):0.918
violence:0.91125
brutality:0.87425
nudity (full frontal):0.8495
nudity:0.8495
censorship:0.84775
rome:0.8055
sexy:0.74425
original:0.73475
sexuality:0.64575
violent:0.632
visceral:0.62375
incest:0.60375
cult film:0.60175
splatter:0.58275
brutal:0.575
nudity (topless - notable):0.55525
insanity:0.531
disturbing:0.53025
bloody:0.53
bdsm:0.5285
historical:0.52675
predictable:0.5215
obsession:0.51225
cult classic:0.48825
so bad it's funny:0.48475
hard to watch:0.4795
sexual abuse:0.47475
dialogue:0.4735
bizarre:0.4705
coen bros:0.46875
adaptation:0.46625
great ending:0.46325
murder:0.46175
voyeurism:0.46075
harsh:0.46025
graphic novel:0.45025
pointless:0.45025
corruption:0.449
vengeance:0.4405
stylized:0.4395
rape:0.439
weird:0.4295
torture:0.42225
very interesting:0.42125
adultery:0.421
runaway:0.416
fantasy world:0.4095
nudity (full frontal - brief):0.40825
camp:0.40675
art:0.40225
grindhouse:0.401
pulp:0.398
mentor:0.394
catastrophe:0.39025
surreal:0.384
prostitution:0.38375
good soundtrack:0.37575
destiny:0.373
big budget:0.3675
betrayal:0.36625
notable nudity:0.3605
queer:0.36
cinematography:0.35225
overrated:0.35125
art house:0.35025
revenge:0.345
passionate:0.3445
not funny:0.34325
fascism:0.34275
entirely dialogue:0.32575
first contact:0.3245
paranoid:0.3205
nudity (topless):0.31925
storytelling:0.31675
gory:0.316
sci fi:0.31125
fantasy:0.30425
bad plot:0.3035
disaster:0.294
imdb top 250:0.285
justice:0.2845
death:0.28375
intense:0.2805
kidnapping:0.28
quirky:0.2795
redemption:0.27725
melancholic:0.276
life & death:0.274
suspense:0.27275
visually appealing:0.27225
greed:0.27
interesting:0.269
