parenthood:0.984
road trip:0.96725
quirky:0.93
relationships:0.885
indie:0.863
adoption:0.86225
independent film:0.8535
love:0.84425
sweet:0.8425
road movie:0.82675
pregnancy:0.82625
canada:0.82375
original:0.8135
humorous:0.78475
eccentricity:0.74
off-beat comedy:0.73425
loneliness:0.73
whimsical:0.72875
dysfunctional family:0.71775
family bonds:0.717
good soundtrack:0.71475
bittersweet:0.703
family:0.69525
weird:0.68375
touching:0.6815
intimate:0.6575
heartbreaking:0.64575
drama:0.641
affectionate:0.638
marriage:0.633
witty:0.62475
storytelling:0.6235
runaway:0.61175
suburbia:0.60525
destiny:0.60425
social commentary:0.603
reflective:0.603
pornography:0.5855
talky:0.58525
vengeance:0.584
humor:0.5785
heartwarming:0.57675
ensemble cast:0.57575
life philosophy:0.57075
suprisingly clever:0.56825
feel-good:0.56625
cinematography:0.55375
irreverent:0.54675
narrated:0.544
culture clash:0.5435
scenic:0.54275
deadpan:0.5415
dialogue:0.53425
clever:0.526
great soundtrack:0.51625
romantic:0.5135
great ending:0.5115
idealism:0.511
honest:0.51
dark humor:0.50825
california:0.505
criterion:0.4895
family drama:0.48675
depressing:0.486
great acting:0.48475
satirical:0.484
melancholic:0.477
depression:0.47675
absurd:0.475
feel good movie:0.472
life:0.46875
realistic:0.46775
emotional:0.46475
redemption:0.45775
melancholy:0.45475
catastrophe:0.45325
love story:0.449
poignant:0.44825
beautiful scenery:0.44775
good acting:0.44775
exceptional acting:0.44075
divorce:0.43925
coming of age:0.436
crime gone awry:0.4355
entirely dialogue:0.434
bleak:0.43075
gunfight:0.4305
multiple storylines:0.42675
crazy:0.426
cathartic:0.4205
sentimental:0.413
comedy:0.41175
light:0.407
unlikely friendships:0.40525
existentialism:0.40125
unfunny:0.395
funny:0.395
writers:0.39475
moving:0.39
interesting:0.38925
