1930s:0.89875
kids and family:0.87225
children:0.81325
family:0.76675
friendship:0.74075
story:0.6805
kids:0.663
depression:0.64525
homeless:0.64275
runaway:0.63025
unlikely friendships:0.62675
original:0.617
heartwarming:0.57875
childhood:0.57575
beauty pageant:0.5665
betrayal:0.52825
secrets:0.52125
poverty:0.51675
sweet:0.5165
feel-good:0.51075
cute:0.4985
fantasy world:0.48675
cute!:0.46625
stereotypes:0.463
mentor:0.4625
unfunny:0.45975
not funny:0.4495
catastrophe:0.44675
happy ending:0.445
dialogue:0.43
justice:0.4285
good:0.42675
great ending:0.41625
predictable:0.413
great:0.3785
small town:0.3775
life philosophy:0.37125
twists & turns:0.367
women:0.36275
inspirational:0.33575
animal movie:0.335
redemption:0.32925
culture clash:0.3195
con men:0.315
storytelling:0.31225
coming of age:0.31175
nostalgic:0.28975
adapted from:book:0.28625
bittersweet:0.28275
bullying:0.2775
teens:0.2755
teen movie:0.27425
feel good movie:0.26825
sentimental:0.268
better than expected:0.26775
oscar:0.2635
script:0.2595
melancholic:0.2595
androids:0.258
visually appealing:0.25775
bad plot:0.256
lone hero:0.25575
clever:0.255
prejudice:0.2545
teacher:0.2535
historical:0.2535
inspiring:0.25025
nudity (full frontal - brief):0.2485
islam:0.246
watch the credits:0.24575
destiny:0.245
police investigation:0.24475
london:0.244
period piece:0.2425
pg-13:0.2415
first contact:0.24025
adaptation:0.24025
based on a book:0.23975
big budget:0.2395
school:0.2395
teen:0.23775
brothers:0.2355
rags to riches:0.23525
animals:0.23125
adoption:0.2295
silly:0.22875
idealism:0.225
stylized:0.22325
con artists:0.22275
pornography:0.22125
mystery:0.22125
shallow:0.21625
parenthood:0.2125
excellent script:0.21225
unusual plot structure:0.2115
great acting:0.21
too short:0.2085
visually stunning:0.20775
family drama:0.20625
so bad it's funny:0.206
