hitchcock:0.9995
murder:0.776
police investigation:0.724
criterion:0.6395
original:0.63325
lawyer:0.61925
1930s:0.61675
mystery:0.61
assassination:0.592
murder mystery:0.56725
enigmatic:0.5665
unusual plot structure:0.554
suspenseful:0.546
pornography:0.52925
guilt:0.5285
runaway:0.522
chase:0.482
identity:0.479
screwball comedy:0.47425
obsession:0.4655
hotel:0.459
adapted from:book:0.4545
catastrophe:0.436
secrets:0.42475
talky:0.412
british:0.412
england:0.4095
suspense:0.4085
investigation:0.4025
kidnapping:0.379
great ending:0.37875
detective:0.37425
absurd:0.37225
romance:0.36425
mentor:0.35725
screwball:0.34075
tense:0.3385
good:0.338
classic:0.3365
sexy:0.3345
weird:0.325
not funny:0.31975
twists & turns:0.3105
noir thriller:0.3075
light:0.30125
beautiful scenery:0.29875
greed:0.29175
spanish:0.28925
imdb top 250:0.2865
costume drama:0.28025
nudity (full frontal - brief):0.278
great:0.27725
harsh:0.276
birds:0.27475
story:0.2745
melancholic:0.26875
crime:0.26825
spy:0.2675
macabre:0.26675
adaptation:0.266
culture clash:0.26225
dreamlike:0.2595
lawyers:0.2545
very interesting:0.25075
slapstick:0.249
allegory:0.249
stunning:0.24825
mistaken identity:0.2475
life philosophy:0.24725
photographer:0.247
dialogue:0.244
suprisingly clever:0.24225
farce:0.238
art:0.23775
courtroom:0.23625
erotic:0.235
cerebral:0.23075
entirely dialogue:0.2305
first contact:0.22875
divorce:0.2285
paranoia:0.2275
marriage:0.21875
noir:0.21625
life & death:0.21425
unfunny:0.21325
clever:0.21125
court:0.211
cinematography:0.20825
creativity:0.208
storytelling:0.20725
blindness:0.2065
film noir:0.206
spying:0.20525
atmospheric:0.20525
witty:0.20425
manipulation:0.20375
adventure:0.20375
corruption:0.2035
classic car:0.20325
lone hero:0.20325
