writer's life:0.98975
music:0.98
adultery:0.9525
classical music:0.91775
cinematography:0.89225
enigmatic:0.8865
passionate:0.88525
relationships:0.877
artistic:0.866
brutality:0.8095
visually appealing:0.80625
pornography:0.80575
violent:0.80175
musical:0.8
stylish:0.78875
sex:0.76525
erotic:0.75225
art:0.75125
original:0.74425
intense:0.73975
affectionate:0.73725
intimate:0.7295
dysfunctional family:0.72275
realistic:0.7185
period piece:0.71075
musicians:0.70475
harsh:0.6965
artist:0.696
adaptation:0.69525
stylized:0.68675
criterion:0.6635
betrayal:0.65125
nudity (topless - notable):0.65075
obsession:0.6485
biopic:0.645
revolution:0.642
greed:0.63075
drugs:0.62875
1920s:0.627
nudity (full frontal - notable):0.61925
oscar (best directing):0.6075
ballet:0.6075
sexy:0.6015
breathtaking:0.5835
tragedy:0.5815
melancholic:0.58125
rags to riches:0.57675
sacrifice:0.5715
violence:0.571
dialogue:0.5685
good soundtrack:0.56675
adapted from:book:0.5635
melancholy:0.56075
social commentary:0.5605
great ending:0.55525
french:0.55125
drama:0.549
love story:0.54725
storytelling:0.544
nudity (topless):0.54075
interracial romance:0.535
sexualized violence:0.53275
golden palm:0.53275
sexual:0.53025
colourful:0.52675
independent film:0.52575
dark:0.52425
twists & turns:0.521
depression:0.518
family:0.51625
family drama:0.51175
corruption:0.506
nudity (topless - brief):0.5055
drug addiction:0.50325
beautifully filmed:0.50075
complex:0.4985
death:0.49825
writers:0.49475
story:0.49475
talky:0.493
police corruption:0.493
great acting:0.491
intellectual:0.485
fashion:0.48475
infidelity:0.47225
special:0.46525
weird:0.4645
photography:0.45575
classic car:0.453
loneliness:0.45175
slow paced:0.45
surreal:0.44825
visual:0.448
gangsters:0.4445
romantic:0.44225
beautiful:0.4415
very interesting:0.4415
catastrophe:0.441
factual:0.44075
dark hero:0.43775
