prostitution:0.88175
censorship:0.80425
comedy:0.7815
mentor:0.76625
original:0.7635
based on a play:0.741
farce:0.73825
musical:0.656
cross dressing:0.6345
story:0.59125
oscar (best actress):0.58675
paris:0.5865
music:0.58475
great:0.5705
dialogue:0.56075
light:0.5505
witty:0.547
oscar:0.54175
runaway:0.54
cinematography:0.5255
prejudice:0.5195
adaptation:0.51775
drama:0.5135
classic:0.5095
unusual plot structure:0.502
redemption:0.49075
sexy:0.48025
good:0.47375
culture clash:0.46625
broadway:0.465
beautifully filmed:0.45325
visually appealing:0.44875
feel-good:0.44425
artistic:0.44175
fun movie:0.43725
catastrophe:0.43375
destiny:0.43125
corruption:0.43
oscar (best supporting actress):0.42775
talky:0.42725
alter ego:0.42475
great movie:0.4195
cynical:0.41925
creativity:0.4185
romantic comedy:0.41675
good soundtrack:0.414
great ending:0.4075
storytelling:0.3965
hotel:0.39425
twists & turns:0.3895
oscar (best directing):0.389
chase:0.38325
justice:0.3825
clever:0.38125
wistful:0.37675
transformation:0.37625
greed:0.37525
imdb top 250:0.37425
criterion:0.3715
good music:0.36
sacrifice:0.35925
romantic:0.358
harsh:0.358
crime gone awry:0.3565
wilderness:0.34975
adapted from:book:0.347
intense:0.34325
satirical:0.343
life philosophy:0.3405
workplace:0.3375
sweet:0.335
british:0.335
suprisingly clever:0.3335
exceptional acting:0.33
oscar winner:0.329
not funny:0.32775
comic:0.3255
entirely dialogue:0.32375
death:0.32375
great acting:0.32025
entertaining:0.3185
stylized:0.318
literature:0.315
social commentary:0.31325
fight scenes:0.313
unlikely friendships:0.31125
slapstick:0.31125
absurd:0.31
fantasy world:0.309
stereotypes:0.309
dance:0.3075
brutality:0.3055
masterpiece:0.304
melancholic:0.30325
visually stunning:0.302
best of 2005:0.302
life & death:0.30125
hilarious:0.2995
murder:0.29825
humorous:0.29675
