dark hero:0.99775
vigilante:0.993
super hero:0.993
super-hero:0.992
batman:0.9905
superhero:0.98325
based on a comic:0.96625
superheroes:0.9605
franchise:0.96
dark:0.9515
comic book:0.9395
dc comics:0.92575
alter ego:0.92025
crime:0.91275
highly quotable:0.9095
action:0.90225
adapted from:comic:0.8985
based on comic:0.88375
goth:0.88
original:0.83625
vengeance:0.82925
stylized:0.81625
comics:0.809
series:0.8065
fight scenes:0.776
vigilantism:0.76925
nocturnal:0.76425
cool:0.725
comic book adaption:0.70475
violent:0.6875
graphic novel:0.672
fun movie:0.66
adaptation:0.6595
great ending:0.65925
stylish:0.6535
great movie:0.64875
violence:0.63725
dialogue:0.6365
atmospheric:0.63275
great:0.6305
gothic:0.62875
fighting:0.608
revenge:0.59475
anti-hero:0.579
action packed:0.57875
good:0.573
based on a tv show:0.572
mentor:0.5585
good soundtrack:0.54975
moody:0.541
story:0.53575
intense:0.53525
complex:0.527
bleak:0.52475
weapons:0.5205
comic:0.5155
brutality:0.513
visual:0.51125
transformation:0.50025
awesome soundtrack:0.498
quotable:0.495
80s:0.48725
good action:0.4835
runaway:0.4745
murder:0.4725
visceral:0.472
honest:0.467
good versus evil:0.46675
pornography:0.46425
pg-13:0.464
police corruption:0.464
weird:0.4625
justice:0.46225
storytelling:0.4575
destiny:0.45575
gangsters:0.45175
fast paced:0.45125
grim:0.44525
light:0.44225
classic:0.43325
fantasy world:0.42475
interesting:0.422
gritty:0.42125
dark humor:0.41875
corruption:0.41675
harsh:0.41625
excellent:0.4125
death:0.41025
macabre:0.41
oscar (best effects - visual effects):0.40725
catastrophe:0.40425
redemption:0.39925
camp:0.39875
insanity:0.3975
dreamlike:0.39225
chase:0.39175
very good:0.39
melancholic:0.38975
childhood:0.387
police investigation:0.387
