blaxploitation:0.99325
crime:0.882
gangsters:0.84275
mob:0.8315
original:0.827
cult classic:0.816
good soundtrack:0.8075
cool:0.7885
gunfight:0.78025
anti-hero:0.7535
mafia:0.7535
1970s:0.7525
violent:0.747
dialogue:0.721
gangs:0.69125
violence:0.6555
gangster:0.655
stylish:0.6455
forceful:0.6455
gritty:0.63575
brutality:0.617
great soundtrack:0.61575
stereotypes:0.61475
highly quotable:0.59375
new york city:0.5935
corruption:0.5875
race issues:0.5755
harsh:0.57425
action:0.57025
tense:0.568
good music:0.55875
kidnapping:0.55425
exceptional acting:0.5535
grindhouse:0.55
stylized:0.55
twists & turns:0.54475
drugs:0.54275
runaway:0.5425
cult film:0.53925
great ending:0.52225
pornography:0.5215
segregation:0.494
guns:0.49375
sexy:0.48875
hitman:0.4765
talky:0.471
good:0.456
culture clash:0.45575
sexualized violence:0.45075
great movie:0.44175
nudity (topless):0.4395
drama:0.433
fight scenes:0.43175
camp:0.4305
vengeance:0.428
criterion:0.42225
great:0.421
adapted from:book:0.42025
redemption:0.4195
complex:0.4155
mentor:0.41275
road movie:0.411
visceral:0.41075
catastrophe:0.40975
chase:0.40725
private detective:0.407
organized crime:0.4015
social commentary:0.40025
not funny:0.398
life philosophy:0.396
vigilante:0.3905
entirely dialogue:0.3865
downbeat:0.3845
low budget:0.38075
detective:0.38025
weapons:0.37925
goofy:0.374
adaptation:0.3655
nudity (full frontal - brief):0.36525
lone hero:0.3645
quotable:0.36175
california:0.35775
honest:0.35575
storytelling:0.3555
campy:0.3555
classic:0.34675
suprisingly clever:0.346
awesome soundtrack:0.345
drinking:0.34025
motorcycle:0.33975
dark hero:0.33225
new jersey:0.331
interesting:0.32925
golden palm:0.32925
melancholic:0.32825
life & death:0.3275
visually appealing:0.3265
music:0.326
multiple storylines:0.32575
nudity (full frontal - notable):0.324
