remake:0.99575
original:0.88325
based on a book:0.86825
horror:0.84575
bullying:0.721
bad cgi:0.70575
pointless:0.6255
teens:0.61725
teen:0.60675
splatter:0.59625
revenge:0.59175
adaptation:0.58225
remade:0.55675
special effects:0.55425
teen movie:0.554
predictable:0.5505
high school:0.53175
supernatural:0.5235
brutality:0.5105
scary:0.49275
transformation:0.49025
bloody:0.48675
mother daughter relationship:0.48325
great ending:0.47175
story:0.46425
pg-13:0.43225
stereotypes:0.42875
pornography:0.42875
mentor:0.4265
storytelling:0.42425
cgi:0.41425
catastrophe:0.4065
dialogue:0.40175
not funny:0.40075
franchise:0.38875
based on book:0.3835
suspense:0.376
sequel:0.36625
good:0.3655
weird:0.36425
intense:0.35625
unfunny:0.3445
good soundtrack:0.34275
bad acting:0.34175
nudity (full frontal - brief):0.33775
gore:0.3345
bad plot:0.33325
overrated:0.32875
brutal:0.32725
blood:0.325
gory:0.32225
shallow:0.3165
fight scenes:0.3155
teenagers:0.309
betrayal:0.3085
so bad it's funny:0.3075
melancholic:0.30675
destiny:0.3065
first contact:0.30525
life philosophy:0.302
dumb but funny:0.30125
crude humor:0.29925
fantasy world:0.29825
horrible:0.29825
idiotic:0.29725
loneliness:0.294
justice:0.2925
violence:0.28925
demons:0.28825
vengeance:0.2855
internet:0.28225
school:0.2815
oscar (best actress):0.27775
torture:0.2775
crappy sequel:0.276
technology:0.27575
redemption:0.27475
witches:0.27325
great:0.27125
good versus evil:0.26925
runaway:0.2685
death:0.263
culture clash:0.2605
absurd:0.25975
women:0.259
visually appealing:0.25825
books:0.25675
cult classic:0.25525
great acting:0.255
adapted from:book:0.25475
fun:0.25125
teacher:0.25125
monster:0.24925
violent:0.249
disturbing:0.24775
visually stunning:0.24625
stupid as hell:0.2455
entirely dialogue:0.2455
exceptional acting:0.245
plot holes:0.243
