war:0.94775
satire:0.9275
satirical:0.90825
original:0.834
politics:0.77725
war movie:0.77325
wartime:0.75375
dystopia:0.748
iraq war:0.73325
iraq:0.722
absurd:0.71825
sarcasm:0.69625
political:0.66875
islam:0.64725
greed:0.63875
brutality:0.60775
silly fun:0.605
dialogue:0.5795
stereotypes:0.56475
corruption:0.559
parody:0.556
stylized:0.55325
product placement:0.53825
hit men:0.53625
so bad it's funny:0.528
black comedy:0.52625
predictable:0.52175
middle east:0.5165
good soundtrack:0.5035
weird:0.49675
anti-hero:0.49625
comedy:0.49225
propaganda:0.4885
catastrophe:0.48575
best war films:0.484
idiotic:0.48125
pointless:0.46975
weapons:0.46
fight scenes:0.451
shallow:0.4465
vengeance:0.444
mentor:0.44225
twists & turns:0.4355
twist ending:0.4345
great ending:0.42625
military:0.4255
united nations:0.4235
unfunny:0.4225
gunfight:0.422
visually appealing:0.4185
corporate america:0.41325
allegory:0.40975
cinematography:0.40925
revolution:0.4055
dark comedy:0.40325
very funny:0.403
bombs:0.40125
clever:0.401
violence:0.39925
assassin:0.39875
foreign:0.39825
story:0.39825
sacrifice:0.38925
world war i:0.38875
camp:0.388
visually stunning:0.387
anti-war:0.3845
existentialism:0.38075
death:0.37925
silly:0.37775
social commentary:0.3775
directorial debut:0.37425
action:0.37225
finnish:0.36975
quirky:0.367
capitalism:0.36575
entirely dialogue:0.3605
storytelling:0.35975
funny:0.358
life philosophy:0.357
melancholic:0.354
writers:0.35325
crude humor:0.348
ethnic conflict:0.347
assassination:0.3435
technology:0.3435
nudity (topless - notable):0.343
unlikeable characters:0.342
goofy:0.34125
complex:0.338
first contact:0.33575
fantasy world:0.33225
adaptation:0.33225
cult film:0.33
comic:0.3265
fascism:0.3235
betrayal:0.32225
sci fi:0.32125
bloody:0.32075
harsh:0.32025
