alien:0.988
paranoia:0.9805
horror:0.97175
claustrophobic:0.9705
imdb top 250:0.9465
antarctica:0.94575
sci-fi:0.94175
gory:0.94075
aliens:0.93325
tense:0.926
splatter:0.92075
special effects:0.9155
isolation:0.8915
classic:0.8855
suspense:0.8845
suspenseful:0.883
sci fi:0.87525
great ending:0.872
cult classic:0.86625
science fiction:0.86325
creepy:0.8585
scifi:0.84825
original:0.83575
effects:0.83425
gore:0.83075
visceral:0.82925
masterpiece:0.8285
weird:0.81775
monster:0.7835
psychological:0.7715
paranoid:0.76975
atmospheric:0.767
survival:0.7445
violent:0.742
gruesome:0.7375
cult film:0.7365
chase:0.73525
blood:0.72475
lone hero:0.7175
intense:0.7135
apocalypse:0.7095
powerful ending:0.704
alien invasion:0.68075
great movie:0.6755
frightening:0.665
transformation:0.6635
scary:0.657
dialogue:0.65675
weapons:0.651
quotable:0.6505
downbeat:0.6425
first contact:0.6405
great acting:0.63875
bloody:0.63725
social commentary:0.63275
violence:0.6315
great:0.6215
dark:0.61975
good soundtrack:0.615
storytelling:0.61075
story:0.61075
highly quotable:0.606
cult:0.606
gunfight:0.60375
talky:0.603
visual:0.599
ominous:0.59125
allegory:0.59075
good acting:0.5835
good:0.58125
ensemble cast:0.57625
original plot:0.54525
clever:0.53975
excellent script:0.5395
loneliness:0.529
interesting:0.5245
grim:0.52425
oscar (best directing):0.52125
brutality:0.52075
bleak:0.52025
twists & turns:0.51475
suprisingly clever:0.513
greed:0.5105
cinematography:0.50625
computer animation:0.5035
eerie:0.503
narrated:0.5
monsters:0.5
spiders:0.5
criterion:0.49525
dark humor:0.48825
underrated:0.485
thriller:0.4835
oscar (best writing - screenplay written directly for the screen):0.48275
adaptation:0.4665
psychology:0.4615
excellent:0.45525
remake:0.452
visually stunning:0.45075
enigmatic:0.45
