ethnic conflict:0.99975
genocide:0.99975
africa:0.95325
civil war:0.94325
united nations:0.88825
brutality:0.86025
runaway:0.79
violent:0.74775
history:0.71075
true story:0.7085
tragedy:0.695
hotel:0.64675
death:0.635
forceful:0.63375
factual:0.60725
visceral:0.60625
courage:0.603
humanity:0.59125
great ending:0.588
violence:0.588
catastrophe:0.54425
culture clash:0.5435
life & death:0.538
life philosophy:0.53675
gunfight:0.535
mentor:0.52475
original:0.51725
harsh:0.5145
disturbing:0.5005
police investigation:0.48525
suprisingly clever:0.48375
imdb top 250:0.47875
social commentary:0.4705
vengeance:0.4665
claustrophobic:0.45875
great:0.44875
based on a true story:0.447
childhood:0.43075
storytelling:0.425
guilt:0.425
gory:0.4235
politics:0.41975
crime:0.41525
corruption:0.41475
bleak:0.411
great movie:0.403
redemption:0.40025
unlikely friendships:0.39375
mob:0.39175
downbeat:0.3785
segregation:0.37675
weapons:0.37525
enigmatic:0.37375
based on a book:0.369
lone hero:0.36725
wartime:0.3615
splatter:0.36125
assassin:0.3565
islam:0.3555
great acting:0.355
loneliness:0.355
not funny:0.347
dialogue:0.3455
gangsters:0.34525
intimate:0.34475
story:0.3395
hitman:0.339
friendship:0.33225
slavery:0.332
weird:0.327
road movie:0.3265
morality:0.325
south africa:0.3235
controversial:0.32
drama:0.319
classic car:0.31725
organized crime:0.3165
holocaust:0.312
melancholic:0.31
chase:0.3085
gangs:0.30825
brutal:0.3075
good soundtrack:0.30675
nudity (full frontal - brief):0.306
sacrifice:0.29725
desert:0.2955
interesting:0.29475
racism:0.2945
survival:0.2935
gritty:0.293
god:0.2915
hospital:0.28675
murder:0.28075
grim:0.28075
atmospheric:0.279
camp:0.278
suspense:0.27725
pg-13:0.276
drinking:0.2725
transformation:0.26975
