surfing:0.9695
computer animation:0.96425
talking animals:0.95525
animation:0.91375
antarctica:0.853
penguins:0.82325
hawaii:0.7845
animals:0.745
cartoon:0.7295
animated:0.7285
fake documentary:0.72275
mentor:0.719
original:0.70525
fun:0.629
sports:0.597
cute:0.59625
animal movie:0.58925
good soundtrack:0.5445
good:0.51
kids and family:0.4955
dialogue:0.4945
story:0.4835
kids:0.48125
fun movie:0.46625
competition:0.45575
family:0.45525
mockumentary:0.44775
creativity:0.44025
geek:0.4365
destiny:0.42075
cute!:0.41975
catastrophe:0.40675
stereotypes:0.39925
life philosophy:0.3875
great ending:0.3835
storytelling:0.38225
jungle:0.38225
great:0.37425
clever:0.37375
inspirational:0.37275
predictable:0.3725
very funny:0.35875
not funny:0.35125
unfunny:0.34125
goofy:0.33675
ocean:0.333
entertaining:0.32025
narrated:0.3125
funny:0.31225
visually stunning:0.30775
crude humor:0.3045
children:0.30275
feel-good:0.30175
comedy:0.2995
redemption:0.29725
humorous:0.2965
happy ending:0.29125
cool:0.29
superheroes:0.28975
childhood:0.288
fight scenes:0.2805
alter ego:0.27625
culture clash:0.272
california:0.27175
feel good movie:0.265
pg-13:0.26475
disney:0.26425
lone hero:0.2615
pixar animation:0.26125
pornography:0.25925
fantasy world:0.259
first contact:0.25675
suprisingly clever:0.2545
better than expected:0.254
entirely dialogue:0.25375
transformation:0.25275
cgi:0.248
light:0.248
reality tv:0.24325
runaway:0.23775
solitude:0.233
witty:0.233
life & death:0.23225
stylized:0.23125
harsh:0.2275
melancholic:0.22675
good action:0.22625
too short:0.22525
adaptation:0.22525
bad plot:0.224
action packed:0.22225
underdog:0.22175
brutality:0.21925
bullying:0.217
shallow:0.2155
grindhouse:0.21525
unlikely friendships:0.21375
slapstick:0.2125
friendship:0.20725
oscar (best animated feature):0.20675
