coen bros:0.9955
goofy:0.97225
cult film:0.96625
hit men:0.95575
chase:0.92525
fun movie:0.92175
parody:0.9175
cult classic:0.90575
slapstick:0.90275
silly fun:0.89375
funniest movies:0.88475
weird:0.883
comedy:0.88275
quotable:0.869
action:0.8645
humor:0.85875
original:0.84975
suspense:0.82575
violence:0.8255
absurd:0.82
spoof:0.818
murder:0.81625
hilarious:0.8135
silly:0.7895
highly quotable:0.7875
dialogue:0.7795
1980s:0.7765
fun:0.7755
superheroes:0.7735
mentor:0.77
surreal:0.7595
cartoon:0.741
so bad it's funny:0.73525
good action:0.73375
visual:0.73175
light:0.7265
bizarre:0.726
fight scenes:0.7165
adapted from:book:0.715
dark hero:0.71175
funny as hell:0.70425
franchise:0.696
clever:0.696
splatter:0.693
nostalgic:0.68825
cult:0.68525
crazy:0.656
storytelling:0.653
story:0.652
good:0.65
very funny:0.648
cool:0.6405
car chase:0.6395
80s:0.63775
pulp:0.63675
classic:0.6315
campy:0.628
super hero:0.62375
futuristic:0.623
bad acting:0.621
nocturnal:0.61975
stylish:0.6185
humorous:0.616
narrated:0.6155
comic book:0.61375
funny:0.604
lone hero:0.6035
screwball:0.60325
dystopic future:0.6
great:0.59875
satire:0.5955
colourful:0.59425
series:0.57575
adapted from:comic:0.5755
idiotic:0.57225
stylized:0.5695
classic car:0.569
visually stunning:0.56675
alter ego:0.565
sexualized violence:0.5615
crime:0.55675
superhero:0.55475
effects:0.54375
nudity (topless - brief):0.54175
great ending:0.5395
suspenseful:0.53925
family:0.539
satirical:0.5345
predictable:0.533
anti-hero:0.53175
dystopia:0.5305
revenge:0.5275
death:0.52575
monster:0.52325
android(s)/cyborg(s):0.5225
assassin:0.51175
dark humor:0.51
horror:0.50575
insanity:0.50375
entertaining:0.501
