hotel:0.953
relationships:0.935
weird:0.90775
melancholic:0.898
criterion:0.889
intimate:0.8765
original:0.87575
enigmatic:0.86375
off-beat comedy:0.85175
obsession:0.8405
deadpan:0.827
cerebral:0.82425
good soundtrack:0.82225
talky:0.81975
loneliness:0.81975
stylized:0.79925
short:0.7905
visually appealing:0.7875
very interesting:0.78325
pornography:0.77725
melancholy:0.77575
cult classic:0.775
golden palm:0.774
oscar (best actress):0.7695
dark humor:0.741
grindhouse:0.74075
crime gone awry:0.73175
drama:0.72625
lesbian:0.7115
affectionate:0.69575
complex:0.69075
dialogue:0.69075
brutality:0.68925
strange:0.685
quirky:0.6845
too short:0.6795
social commentary:0.67725
art:0.67175
cult film:0.65325
violent:0.6455
existentialism:0.64525
stylish:0.64225
colourful:0.6385
indie:0.637
oscar (best supporting actress):0.63675
nudity (full frontal - notable):0.63525
narrated:0.6305
dysfunctional family:0.6245
entirely dialogue:0.62425
bittersweet:0.621
perfect:0.60525
erotic:0.60275
pretentious:0.60125
love:0.59175
artsy:0.59075
cinematography:0.58875
art house:0.58075
dark:0.5805
writers:0.579
atmospheric:0.5705
breathtaking:0.56775
oscar (best writing - screenplay written directly for the screen):0.5665
hitman:0.55175
whimsical:0.53875
bleak:0.535
oscar (best directing):0.5335
imdb top 250:0.52825
nonlinear:0.5245
character study:0.51825
passionate:0.51375
mental illness:0.50625
visceral:0.5055
unlikely friendships:0.505
depression:0.5035
dark comedy:0.50075
life philosophy:0.49875
independent film:0.4965
nudity (topless - brief):0.496
insanity:0.494
great soundtrack:0.4935
surreal:0.49275
meditative:0.49075
creativity:0.4875
paris:0.485
psychology:0.4825
suicide attempt:0.481
visual:0.47775
storytelling:0.475
sex:0.47425
twists & turns:0.47275
great:0.46875
love story:0.466
ironic:0.463
cynical:0.45775
irreverent:0.456
dialogue driven:0.453
suprisingly clever:0.4525
great dialogue:0.4525
great ending:0.45125
noir:0.451
