reflective:0.98925
intimate:0.9805
criterion:0.96925
relationships:0.94325
loneliness:0.932
meditative:0.858
melancholy:0.85075
talky:0.84475
long:0.843
life:0.82525
existentialism:0.80225
melancholic:0.798
poignant:0.784
complex:0.78325
life & death:0.783
enigmatic:0.766
nocturnal:0.7615
golden palm:0.7375
cinematography:0.72275
art house:0.72125
bleak:0.7205
wistful:0.71875
masterpiece:0.717
tokyo:0.7005
original:0.7
breathtaking:0.69875
culture clash:0.6925
beautifully filmed:0.68125
cerebral:0.6485
dysfunctional family:0.63475
stylized:0.6075
life philosophy:0.58725
affectionate:0.5835
magic realism:0.5805
visually appealing:0.57125
oscar (best foreign language film):0.571
voyeurism:0.56575
lyrical:0.54975
social commentary:0.54675
obsession:0.545
betrayal:0.53575
guilt:0.52475
grindhouse:0.52
dialogue:0.519
philosophy:0.5135
honest:0.513
love:0.5105
family:0.50525
weird:0.5015
storytelling:0.5005
catastrophe:0.49175
downbeat:0.4805
foreign:0.48025
marriage:0.47975
childhood:0.478
philosophical:0.4735
understated:0.47225
unusual plot structure:0.469
visual:0.46775
bittersweet:0.4675
imdb top 250:0.457
adultery:0.45625
family drama:0.45425
emotional:0.449
hospital:0.44675
kids and family:0.44425
parenthood:0.4435
depressing:0.44075
harsh:0.438
adapted from:book:0.43325
character study:0.43275
redemption:0.429
entirely dialogue:0.42525
atmospheric:0.4245
movielens top pick:0.41975
suprisingly clever:0.416
ironic:0.41475
dreamlike:0.40425
visceral:0.3915
solitude:0.3855
narrated:0.38525
humanity:0.38375
dramatic:0.38175
good soundtrack:0.379
china:0.3785
passionate:0.373
thought-provoking:0.371
transformation:0.37025
slow:0.36525
greed:0.365
oscar (best directing):0.36475
light:0.35875
intellectual:0.35775
depression:0.35
slow paced:0.3445
metaphysics:0.342
brutality:0.33975
drinking:0.33775
beautiful scenery:0.3375
destiny:0.33225
