mad scientist:0.98175
life & death:0.92825
story:0.86275
medieval:0.8015
monsters:0.7955
goofy:0.7925
original:0.78775
london:0.7865
monster:0.776
doctors:0.72975
god:0.726
pg-13:0.72025
first contact:0.692
immortality:0.66125
religion:0.64075
creativity:0.63825
sci fi:0.63275
transformation:0.62475
fight scenes:0.5995
whimsical:0.59825
mythology:0.5955
destiny:0.5955
obsession:0.58925
steampunk:0.588
storytelling:0.588
insanity:0.57575
good:0.5705
science:0.56175
science fiction:0.5575
great ending:0.55725
adaptation:0.556
predictable:0.54975
mentor:0.54575
amazing cinematography:0.54375
so bad it's funny:0.541
action:0.53925
unlikely friendships:0.53725
light:0.523
futuristic:0.51325
swashbuckler:0.513
life:0.50625
humanity:0.5055
fun:0.49875
weird:0.492
catastrophe:0.491
dialogue:0.4875
horror:0.48175
special effects:0.48075
1930s:0.47975
family:0.4725
survival:0.47075
big budget:0.47
plot:0.466
classic:0.453
technology:0.45275
period piece:0.4505
bad acting:0.449
very interesting:0.43775
harsh:0.43275
police investigation:0.43175
visual:0.43075
friendship:0.42825
silly:0.4165
betrayal:0.416
childhood:0.41475
biographical:0.41375
hospital:0.41025
death:0.41025
stop motion:0.4085
not funny:0.407
visually appealing:0.406
scotland:0.4045
franchise:0.403
campy:0.40075
fantasy world:0.4005
detective:0.39925
fun movie:0.3985
computer animation:0.3985
christian:0.397
crude humor:0.39525
good story:0.39275
spiders:0.39275
adventure:0.39175
distopia:0.38825
british:0.38725
bad cgi:0.3865
manipulation:0.38625
life philosophy:0.38525
very funny:0.38425
visually stunning:0.38375
fantasy:0.382
conspiracy:0.382
melancholic:0.38075
entertaining:0.3765
complex:0.37575
pornography:0.37325
bad plot:0.37175
19th century:0.3685
gay character:0.36825
justice:0.36325
