shakespeare:0.9935
love story:0.934
love:0.93325
based on a play:0.92675
romantic:0.79125
tragedy:0.77325
romance:0.7685
oscar (best actress):0.76
adaptation:0.7585
literature:0.74675
beautiful scenery:0.743
passionate:0.73875
original:0.7055
great acting:0.6895
beautiful:0.6885
oscar (best directing):0.65325
period piece:0.63675
adapted from:book:0.63375
beautifully filmed:0.61275
stunning:0.60825
drama:0.6075
dialogue:0.60725
oscar (best cinematography):0.60425
oscar (best supporting actress):0.5825
good soundtrack:0.5755
classic:0.57375
great:0.5625
cinematography:0.54875
runaway:0.54725
new york:0.52575
idealism:0.5115
immortality:0.51025
fun movie:0.5055
great movie:0.49925
costume drama:0.4955
1930s:0.47875
betrayal:0.4695
great ending:0.46375
mentor:0.45575
culture clash:0.45325
story:0.446
excellent:0.4435
marriage:0.443
witty:0.43975
talky:0.43575
italy:0.434
melancholic:0.43325
breathtaking:0.42875
sweet:0.4285
nostalgic:0.42575
whimsical:0.42375
dramatic:0.4215
masterpiece:0.418
catastrophe:0.41375
visually stunning:0.40575
nudity (topless - brief):0.40525
narrated:0.402
england:0.39925
sword fighting:0.395
oscar winner:0.395
criterion:0.3805
oscar:0.37225
oscar (best picture):0.37075
emotional:0.3705
art:0.37025
not funny:0.3685
good:0.36675
death:0.36475
historical:0.362
colourful:0.36125
transformation:0.36
women:0.356
suprisingly clever:0.3525
unusual plot structure:0.35
entirely dialogue:0.34775
earnest:0.34625
witches:0.3385
sword fight:0.33
touching:0.3295
interesting:0.32625
life philosophy:0.32425
happy ending:0.3175
light:0.31625
paris:0.31225
fight scenes:0.30625
interracial romance:0.30525
destiny:0.302
literary adaptation:0.30125
obsession:0.29975
adultery:0.29775
prejudice:0.296
notable nudity:0.294
sexy:0.29325
perfect:0.29175
imdb top 250:0.289
heartbreaking:0.289
aging:0.28725
atmospheric:0.28625
sad but good:0.28525
photography:0.283
