comedy:0.89975
writers:0.8405
nudity (rear):0.80325
hollywood:0.76525
humorous:0.6985
original:0.69525
satirical:0.695
creativity:0.68025
sexualized violence:0.67175
funny:0.63
very funny:0.581
satire:0.579
story:0.5635
hilarious:0.54675
workplace:0.54325
storytelling:0.53975
dialogue:0.533
writing:0.5265
absurd:0.52125
mentor:0.519
humor:0.50975
predictable:0.5045
script:0.50325
unfunny:0.50175
fantasy:0.4945
whimsical:0.481
great ending:0.4745
nudity (topless - notable):0.47375
shallow:0.467
big budget:0.45125
bad ending:0.45125
happy ending:0.44325
catastrophe:0.43825
fun movie:0.43425
clever:0.43
twists & turns:0.423
cynical:0.41825
runaway:0.416
silly:0.41375
great:0.41225
fantasy world:0.39775
good:0.39625
twist ending:0.39475
wine:0.392
life philosophy:0.389
cerebral:0.38275
first contact:0.38
culture clash:0.378
destiny:0.3765
slapstick:0.3755
adaptation:0.37275
light:0.37125
melancholic:0.3695
witty:0.36825
manipulation:0.36675
feel-good:0.36325
family:0.35775
overrated:0.35575
quirky:0.3525
farce:0.35
dysfunctional family:0.349
pornography:0.348
vengeance:0.3435
complex:0.34225
nudity (full frontal - brief):0.34125
brutality:0.3375
redemption:0.3345
nudity (full frontal - notable):0.3285
alter ego:0.327
erotic:0.32225
talky:0.32025
enigmatic:0.32025
lone hero:0.3185
very interesting:0.3185
sarcasm:0.317
entertaining:0.31525
childhood:0.31375
great movie:0.311
quotable:0.30975
fun:0.3095
entirely dialogue:0.3095
oscar (best directing):0.30825
oscar:0.30525
passionate:0.305
inspiring:0.30125
police investigation:0.30025
tricky:0.299
doctors:0.29775
schizophrenia:0.29425
male nudity:0.29225
pg-13:0.29175
parody:0.28975
fight scenes:0.28975
feel good movie:0.288
greed:0.288
visually appealing:0.28725
good soundtrack:0.287
life & death:0.2825
factual:0.2825
nudity (topless - brief):0.28225
