comedy:0.975
male nudity:0.93
funny:0.829
dumb but funny:0.80225
dumb:0.787
pornography:0.7655
hilarious:0.75575
very funny:0.712
crude humor:0.7055
original:0.67625
predictable:0.652
brothers:0.6055
sex comedy:0.53325
nudity (topless):0.52875
unfunny:0.5165
bad plot:0.50825
silly:0.50125
mentor:0.50125
so bad it's funny:0.48075
awesome soundtrack:0.47225
stupid:0.4665
weed:0.46425
absurd:0.4595
queer:0.45275
gross-out:0.45025
great ending:0.43975
catastrophe:0.4315
stereotypes:0.422
dialogue:0.422
alternate reality:0.41175
slapstick:0.411
silly fun:0.41
lame:0.4045
humorous:0.4045
drinking:0.39275
humor:0.37975
buddy movie:0.37975
stupidity:0.37875
women:0.373
teen movie:0.37175
overrated:0.369
fantasy world:0.3685
fun movie:0.3535
sexual:0.35225
pg-13:0.33725
better than expected:0.332
happy ending:0.33125
cheating:0.3275
goofy:0.32525
nudity (full frontal - brief):0.3205
stupid as hell:0.3175
funny as hell:0.316
storytelling:0.31525
life philosophy:0.31375
first contact:0.3135
fantasy:0.309
story:0.30675
pointless:0.30525
brutality:0.30425
beer:0.299
sexy:0.2945
redemption:0.29325
runaway:0.29175
chase:0.291
fight scenes:0.2875
melancholic:0.28675
idiotic:0.28075
culture clash:0.27925
marriage:0.2785
not funny:0.277
good soundtrack:0.27525
chick flick:0.27375
suprisingly clever:0.2715
shallow:0.27125
romance:0.2695
saturday night live:0.2665
good dialogue:0.26525
teens:0.263
drama:0.26225
unlikely friendships:0.26125
entirely dialogue:0.261
adaptation:0.259
funniest movies:0.2585
notable nudity:0.258
nudity (topless - notable):0.258
action packed:0.2545
good:0.25275
natural disaster:0.25225
family:0.25
lone hero:0.24525
plot:0.24425
vengeance:0.23675
stoner movie:0.23475
hotel:0.233
quotable:0.23225
teen:0.22925
great:0.2275
parenthood:0.22675
sex:0.226
internet:0.223
