suspenseful:0.9585
suspense:0.91775
psychological:0.8825
tense:0.882
psychology:0.87675
thriller:0.86925
obsession:0.84275
sexualized violence:0.826
good:0.788
original:0.70125
sexy:0.68775
secrets:0.66475
very interesting:0.6575
intense:0.65
claustrophobic:0.641
twist:0.63925
twist ending:0.63875
predictable:0.632
murder:0.63025
police investigation:0.6145
gay character:0.59725
violence:0.59725
pornography:0.59475
women:0.5935
manipulation:0.5805
erotic:0.578
twists & turns:0.56
great ending:0.55675
serial killer:0.54875
chase:0.534
good action:0.52225
interesting:0.52125
identity:0.5205
conspiracy:0.51725
internet:0.51625
catastrophe:0.513
cheating:0.51225
nudity (full frontal - notable):0.48825
plot:0.48725
nudity:0.48425
sexual:0.48175
runaway:0.47775
very good:0.4625
mentor:0.4545
sex:0.4495
exciting:0.4375
corruption:0.4345
violent:0.43425
splatter:0.43125
nudity (full frontal - brief):0.42925
girlie movie:0.42
revenge:0.4115
tricky:0.40775
brutality:0.39675
nudity (topless - notable):0.38575
exceptional acting:0.3755
pg-13:0.37425
first contact:0.374
bad ending:0.3725
dialogue:0.37075
new york city:0.3695
conspiracy theory:0.364
good soundtrack:0.36025
greed:0.35875
natural disaster:0.354
destiny:0.3525
story:0.35125
kidnapping:0.3455
entertaining:0.34425
mistaken identity:0.342
betrayal:0.3405
scary:0.3395
storytelling:0.3375
paranoia:0.33325
good acting:0.333
not funny:0.3325
surveillance:0.3305
vengeance:0.3255
murder mystery:0.3225
death:0.3215
stylized:0.31825
great:0.31725
unlikely friendships:0.315
clever:0.309
adaptation:0.30825
gay:0.30525
culture clash:0.29675
oscar winner:0.295
investigation:0.29125
fight scenes:0.29125
shallow:0.28975
stereotypes:0.28725
transformation:0.28275
notable nudity:0.27925
stylish:0.2785
prostitution:0.2775
disturbing:0.27725
torture:0.27675
suprisingly clever:0.27375
unusual plot structure:0.27275
