action:0.94475
good action:0.92525
high school:0.859
realistic action:0.84425
teacher:0.787
gangs:0.7285
action packed:0.72275
vengeance:0.69075
revenge:0.6775
original:0.64825
school:0.6475
mentor:0.63925
corruption:0.6115
bullying:0.5975
fight scenes:0.563
gangsters:0.52425
lone hero:0.516
fun movie:0.4955
teen movie:0.474
cool:0.46175
runaway:0.4595
teens:0.45275
jungle:0.45125
predictable:0.45
so bad it's funny:0.4285
dialogue:0.415
catastrophe:0.4135
cult film:0.381
great ending:0.36825
good:0.36
not funny:0.35775
entertaining:0.349
classic car:0.345
life philosophy:0.3445
childhood:0.3385
drama:0.3355
story:0.333
fun:0.33225
nudity (full frontal - brief):0.3315
stylized:0.32875
brutality:0.32425
teen:0.317
bad plot:0.31325
great:0.31025
educational:0.30575
good soundtrack:0.30475
first contact:0.2975
vigilante:0.295
chase:0.29225
alter ego:0.2855
inspirational:0.28225
justice:0.27625
redemption:0.2745
violent:0.2735
storytelling:0.27025
unintentionally funny:0.26975
stereotypes:0.268
guilty pleasure:0.264
violence:0.26075
weed:0.2605
unusual plot structure:0.2595
weapons:0.2505
fighting:0.247
fantasy world:0.24125
silly fun:0.238
drugs:0.2355
pornography:0.235
adaptation:0.2345
culture clash:0.23375
criterion:0.23175
intense:0.23125
suspense:0.231
unfunny:0.2295
entirely dialogue:0.22925
overrated:0.228
car chase:0.2235
cheesy:0.22125
underrated:0.2205
unlikely friendships:0.2185
arms dealer:0.2185
transformation:0.216
harsh:0.212
betrayal:0.212
ninja:0.211
very funny:0.21025
destiny:0.20875
dreamlike:0.208
bad:0.2075
life & death:0.2055
happy ending:0.20525
natural disaster:0.20475
nocturnal:0.20425
friendship:0.20325
nudity (topless - notable):0.2025
awesome soundtrack:0.20025
80s:0.1995
nudity (topless):0.1965
underdog:0.19175
crude humor:0.1905
explosions:0.189
