punk:0.98975
fighting the system:0.961
rebellion:0.9585
coming of age:0.95575
narrated:0.89025
drugs:0.88275
cult classic:0.876
independent film:0.87475
good soundtrack:0.8685
original:0.8405
suburbia:0.82025
social commentary:0.80325
great soundtrack:0.7985
1980s:0.79525
teen:0.7855
heroin:0.77975
great movie:0.7765
adolescence:0.77275
high school:0.76575
coming-of-age:0.753
great:0.751
mentor:0.74625
cool:0.744
philosophy:0.73675
drinking:0.73575
highly quotable:0.721
honest:0.71175
weird:0.70975
indie:0.708
cult film:0.7
friendship:0.69825
quotable:0.68825
80s:0.682
loneliness:0.682
teen movie:0.671
reflective:0.66875
great acting:0.6685
storytelling:0.65825
dialogue:0.65775
depression:0.65725
philosophical:0.65625
awesome soundtrack:0.654
good:0.63525
great ending:0.635
nostalgic:0.6155
violence:0.61375
unlikely friendships:0.6105
life philosophy:0.60775
good music:0.59375
drug addiction:0.5895
interesting:0.5765
thought-provoking:0.5685
stereotypes:0.56325
harsh:0.55375
good acting:0.55375
good dialogue:0.552
teenager:0.55125
violent:0.55075
realistic:0.539
destiny:0.53775
very interesting:0.5325
runaway:0.53225
teens:0.523
weed:0.52075
life:0.519
brutality:0.51875
feel-good:0.50975
redemption:0.50975
drama:0.50725
vengeance:0.5055
existentialism:0.496
bleak:0.49025
goofy:0.4895
creativity:0.48925
clever:0.48725
sarcasm:0.485
catastrophe:0.4825
visually appealing:0.482
california:0.47825
school:0.47825
small town:0.47025
dark humor:0.4665
intense:0.463
irreverent:0.46125
geeks:0.45975
story:0.45525
pornography:0.4535
rock and roll:0.45325
very good:0.45175
gritty:0.45125
funny:0.445
stylized:0.44475
ironic:0.44325
witty:0.44225
revenge:0.43875
touching:0.438
cult:0.43675
great music:0.43575
excellent script:0.43425
life & death:0.42825
