music:0.99675
musicians:0.9185
musical:0.88925
good soundtrack:0.8595
mozart:0.80975
destiny:0.7865
happy ending:0.78575
mentor:0.75525
touching:0.73675
pg-13:0.69525
original:0.68075
visually stunning:0.6785
story:0.66475
adoption:0.6495
inspirational:0.64175
catastrophe:0.632
so bad it's funny:0.582
girlie movie:0.58075
life philosophy:0.55925
plot:0.5465
culture clash:0.538
alternate endings:0.53575
visually appealing:0.53425
good music:0.5335
good:0.5255
great ending:0.51475
redemption:0.5125
bittersweet:0.50675
fantasy:0.5035
unrealistic:0.4975
transformation:0.496
better than expected:0.489
romantic:0.4765
suprisingly clever:0.473
storytelling:0.47275
beautiful scenery:0.47125
great:0.4295
stereotypes:0.42625
creativity:0.4255
irish:0.4215
family:0.41575
fight scenes:0.396
fast paced:0.39225
predictable:0.39125
silly:0.39075
thought-provoking:0.38925
nudity (full frontal - brief):0.38725
bad ending:0.3865
dialogue:0.38375
artistic:0.3815
feel-good:0.381
dramatic:0.3795
great music:0.37875
emotional:0.37675
sentimental:0.37525
romantic comedy:0.3665
natural disaster:0.365
drama:0.3595
hip hop:0.35925
childhood:0.3585
weird:0.357
awesome soundtrack:0.351
passionate:0.3465
life & death:0.346
unfunny:0.342
big budget:0.3415
imagination:0.338
single father:0.33775
solitude:0.3375
cheesy:0.335
exceptional acting:0.33425
good acting:0.3335
visuals:0.33
not funny:0.32875
runaway:0.327
entertaining:0.32575
melancholic:0.32475
visual:0.3245
first contact:0.3215
irish accent:0.317
children:0.31375
bollywood:0.3115
art:0.3085
fantasy world:0.308
great acting:0.3065
dancing:0.3045
simple:0.304
underrated:0.304
feel good movie:0.30175
absurd:0.3015
cinematography:0.2995
light:0.29425
bullying:0.294
jazz:0.2885
betrayal:0.287
teen movie:0.284
courage:0.28025
magic:0.2785
stunning:0.27675
romance:0.27575
