independent film:0.91625
drugs:0.877
violence:0.8535
original:0.83225
pornography:0.80275
quirky:0.7675
brutality:0.71825
new york city:0.709
very interesting:0.7025
splatter:0.68775
writers:0.6635
humorous:0.6595
pulp:0.654
weed:0.61575
gangsters:0.605
notable nudity:0.60075
good soundtrack:0.60075
dialogue:0.595
whimsical:0.5875
light:0.5765
dark humor:0.5655
maze:0.55775
life & death:0.5565
nudity (topless - notable):0.55
weird:0.5495
black comedy:0.54775
cult classic:0.5405
dumb but funny:0.5365
indie:0.52825
mob:0.522
existentialism:0.5175
dark comedy:0.5175
nudity (topless):0.50175
grindhouse:0.5
mentor:0.4995
crazy:0.496
very funny:0.49125
distopia:0.489
bad ending:0.48475
great ending:0.48175
fantasy world:0.4755
betrayal:0.4735
shallow:0.47325
insanity:0.467
multiple storylines:0.46525
nocturnal:0.46175
disaster:0.46
pointless:0.45025
visual:0.446
gangs:0.44375
runaway:0.442
brutal:0.434
nudity (full frontal - brief):0.42525
violent:0.42425
talky:0.422
gritty:0.41525
dark hero:0.41475
catastrophe:0.40525
marijuana:0.402
life philosophy:0.40175
highly quotable:0.401
predictable:0.39975
absurd:0.392
weapons:0.391
bloody:0.39025
comedy:0.38875
redemption:0.386
new york:0.38575
homeless:0.38475
dysfunctional family:0.3845
obsession:0.38325
narrated:0.37575
cult film:0.37225
storytelling:0.368
goofy:0.36775
family:0.362
strange:0.35975
boring!:0.3565
dreamlike:0.354
funny:0.3535
visceral:0.35275
visually appealing:0.346
1980s:0.34475
hotel:0.34275
queer:0.335
allegory:0.3345
criterion:0.3335
sci fi:0.33275
first contact:0.3325
sarcasm:0.3325
hit men:0.33225
80s:0.3285
wistful:0.32825
gratuitous violence:0.3265
childhood:0.3255
zombie:0.3205
entirely dialogue:0.31875
fight scenes:0.31775
boring:0.3175
melancholic:0.31675
