vampires:0.9975
vampire:0.997
nocturnal:0.89075
insanity:0.8525
cult classic:0.7845
weird:0.767
dark humor:0.74675
original:0.72475
loneliness:0.72125
great acting:0.70975
disturbing:0.67925
black comedy:0.675
splatter:0.6455
gothic:0.6445
cult film:0.62175
grindhouse:0.5915
goth:0.57625
creepy:0.548
biting:0.545
solitude:0.52875
existentialism:0.518
horror:0.5115
transformation:0.4975
quirky:0.483
brutality:0.48175
dark comedy:0.46075
low budget:0.4535
so bad it's funny:0.44925
nudity (full frontal - notable):0.44375
allegory:0.44125
obsession:0.43225
psychiatry:0.41
visceral:0.40625
adaptation:0.40275
supernatural:0.4015
psychological:0.4
fantasy world:0.39775
goofy:0.39775
great ending:0.387
crazy:0.3845
eccentricity:0.379
melancholic:0.37325
catastrophe:0.37275
mad scientist:0.37
psychology:0.36625
violent:0.36525
paranoid:0.36375
gory:0.36325
dark:0.3605
demons:0.356
cult:0.3495
character study:0.34925
very funny:0.34325
good soundtrack:0.338
absurd:0.33625
mental illness:0.323
sarcasm:0.321
mentor:0.3205
new jersey:0.31925
immortality:0.31725
zombie:0.3165
macabre:0.3115
lone hero:0.30525
enigmatic:0.30375
monster:0.301
strange:0.2975
dialogue:0.2965
relationships:0.294
not funny:0.2905
blood:0.2895
harsh:0.287
criterion:0.2805
entirely dialogue:0.279
erotic:0.276
dark hero:0.27375
paranoia:0.273
drinking:0.27275
irreverent:0.26975
sexy:0.26525
comedy:0.263
werewolves:0.2625
scary:0.261
stylized:0.259
talky:0.257
bad plot:0.25525
80s:0.25475
writers:0.251
bloody:0.25
stylish:0.24975
redemption:0.2475
storytelling:0.24425
suprisingly clever:0.24375
visually appealing:0.24075
atmospheric:0.24
life philosophy:0.2395
complex:0.23825
unusual plot structure:0.23775
vengeance:0.23575
great:0.23175
imdb top 250:0.23075
