single father:0.981
serial killer:0.93175
murder mystery:0.93175
sexuality:0.898
thriller:0.89225
detective:0.8685
prostitution:0.858
sexual:0.8545
nudity:0.8535
investigation:0.8305
psychological:0.82125
police investigation:0.818
new orleans:0.81075
neo-noir:0.80625
suspense:0.80325
suspenseful:0.80275
crime:0.80025
murder:0.79775
surveillance:0.7905
chase:0.77125
obsession:0.74
dark:0.735
twists & turns:0.73275
tense:0.713
complex:0.713
very interesting:0.71275
corruption:0.70275
pornography:0.70175
violent:0.68375
original:0.6775
vengeance:0.66525
brutality:0.662
revenge:0.6525
secrets:0.64475
sex:0.64
mystery:0.63925
character study:0.62425
psychology:0.616
intense:0.614
runaway:0.6005
guilt:0.596
kidnapping:0.5925
loneliness:0.5755
sexy:0.57325
film noir:0.573
moody:0.571
dialogue:0.57
great ending:0.55425
sexualized violence:0.5455
light:0.54475
noir:0.5385
disturbing:0.535
violence:0.5305
enigmatic:0.52825
nudity (topless - notable):0.491
interesting:0.48775
twist:0.484
relationships:0.4835
talky:0.4815
women:0.48125
gritty:0.475
atmospheric:0.46575
brutal:0.462
oscar (best actress):0.45575
stylish:0.45
father daughter relationship:0.45
weird:0.44775
rape:0.44675
moral ambiguity:0.4455
harsh:0.442
good acting:0.4385
catastrophe:0.43475
mentor:0.4305
oscar (best directing):0.43
downbeat:0.42775
hunting:0.42325
mob:0.42225
culture clash:0.421
greed:0.421
gangsters:0.418
erotic:0.41525
great acting:0.4145
unusual plot structure:0.41175
divorce:0.4115
nudity (full frontal - brief):0.41125
story:0.40425
doctors:0.4
identity:0.39975
assassination:0.398
nudity (topless):0.3915
police:0.39075
gunfight:0.38525
hospital:0.38525
manipulation:0.37975
adaptation:0.37575
life philosophy:0.37525
criterion:0.37325
marriage:0.37
family:0.36975
cinematography:0.365
