world war ii:0.9935
wwii:0.98325
native americans:0.9585
wartime:0.9355
best war films:0.92225
war:0.91875
action:0.9055
indians:0.82925
war movie:0.72625
good action:0.71925
realistic action:0.712
original:0.66975
big budget:0.66375
predictable:0.65575
brutality:0.60825
catastrophe:0.5835
explosions:0.57875
historical:0.57
violence:0.566
weapons:0.56
courage:0.54925
dialogue:0.547
story:0.54675
mentor:0.5315
action packed:0.5185
sacrifice:0.5175
survival:0.5145
island:0.481
unrealistic:0.478
true story:0.47525
stereotypes:0.46675
destiny:0.454
pg-13:0.44775
great ending:0.44525
history:0.4415
vengeance:0.43975
jungle:0.42975
fight scenes:0.426
bombs:0.4225
betrayal:0.42075
japanese:0.41875
special effects:0.4145
good:0.412
guns:0.389
storytelling:0.38175
fighting:0.3795
better than expected:0.379
revenge:0.37825
bad plot:0.37525
bloody:0.372
horrible:0.368
gunfight:0.36575
runaway:0.36425
life philosophy:0.3625
intense:0.35725
fantasy world:0.3565
not funny:0.35575
lone hero:0.354
culture clash:0.353
good soundtrack:0.35225
bad acting:0.34875
great:0.34075
us history:0.34025
natural disaster:0.33225
pointless:0.3295
redemption:0.32825
unlikely friendships:0.32725
dramatic:0.32725
nudity (full frontal - brief):0.322
so bad it's funny:0.31775
japan:0.3135
aviation:0.31325
friendship:0.31175
camp:0.30675
first contact:0.30475
beautiful scenery:0.30325
plot:0.30175
visceral:0.30175
ridiculous:0.29975
brutal:0.29825
violent:0.29825
entirely dialogue:0.297
race issues:0.29275
silly:0.29225
chase:0.28775
shallow:0.28725
overrated:0.28725
visually stunning:0.284
factual:0.284
family:0.2825
splatter:0.28025
nazis:0.2765
death:0.27475
based on true story:0.273
harsh:0.2725
crude humor:0.27225
unfunny:0.26975
drama:0.26625
gratuitous violence:0.266
stylized:0.264
