native americans:0.987
big budget:0.94275
western:0.92725
adventure:0.904
indians:0.872
action:0.84575
pirates:0.72875
long:0.7045
original:0.695
stereotypes:0.6745
fun movie:0.67275
action packed:0.627
pg-13:0.62275
social commentary:0.61475
special effects:0.6
crude humor:0.58725
franchise:0.5785
catastrophe:0.5715
justice:0.5705
silly:0.57
predictable:0.56775
exciting:0.56375
entertaining:0.5615
story:0.56125
swashbuckler:0.556
storytelling:0.53225
genocide:0.5135
bad cgi:0.5035
greed:0.50225
chase:0.47225
great ending:0.46725
dialogue:0.467
betrayal:0.4555
bad plot:0.45
brutality:0.44225
gunfight:0.44025
shallow:0.4375
fantasy world:0.43325
great:0.432
destiny:0.426
horses:0.42325
beautiful scenery:0.42025
good:0.39975
life philosophy:0.3995
culture clash:0.3935
good action:0.39325
plot:0.39175
violence:0.39075
good soundtrack:0.3905
better than expected:0.38975
mentor:0.389
superheroes:0.3855
disney:0.38425
scenic:0.38275
adaptation:0.366
creativity:0.36475
vengeance:0.35975
runaway:0.35975
fight scenes:0.3595
treasure:0.354
anti-hero:0.35225
texas:0.34925
visually stunning:0.34175
cgi:0.336
mythology:0.33375
so bad it's funny:0.3275
quirky:0.321
vigilante:0.31875
visually appealing:0.31875
transformation:0.31025
suspense:0.3085
dynamic cgi action:0.3075
slapstick:0.30725
first contact:0.307
redemption:0.3065
fun:0.30625
violent:0.30625
revenge:0.3045
silly fun:0.30375
pulp:0.29625
corruption:0.29075
great acting:0.29
not funny:0.289
computer animation:0.28825
natural disaster:0.288
family:0.285
harsh:0.28325
jungle:0.283
gritty:0.28225
twists & turns:0.282
superhero:0.27775
plot holes:0.2775
original plot:0.277
weird:0.27675
sequels:0.27675
humorous:0.27425
comedy:0.269
fast paced:0.2685
cinematography:0.26475
fantasy:0.26475
