original:0.86525
weird:0.755
pointless:0.75425
pornography:0.7425
pretentious:0.73575
mindfuck:0.73575
storytelling:0.71725
nonlinear:0.68725
intellectual:0.68075
complex:0.667
art house:0.654
good soundtrack:0.61175
cerebral:0.6095
confusing:0.6055
artsy:0.60125
satire:0.584
great ending:0.5805
shallow:0.57825
non-linear:0.5645
dialogue:0.54725
very interesting:0.53825
boring!:0.53225
adaptation:0.52075
stylized:0.4885
existentialism:0.48075
obsession:0.47925
clever:0.4735
gangsters:0.46975
good dialogue:0.46425
visual:0.46375
multiple storylines:0.46225
surreal:0.45925
los angeles:0.45375
entirely dialogue:0.45275
complicated:0.4505
melancholic:0.44875
cult film:0.44725
so bad it's funny:0.4435
entertaining:0.43625
ensemble cast:0.4355
interesting:0.4315
brutality:0.43025
catastrophe:0.421
visually appealing:0.40725
absurd:0.40625
sexualized violence:0.4045
reflective:0.404
harsh:0.403
nudity (full frontal - notable):0.402
twists & turns:0.39475
enigmatic:0.39475
talky:0.39275
predictable:0.39275
quirky:0.38775
nudity (topless - notable):0.38425
internet:0.38
mentor:0.372
social commentary:0.371
writers:0.37075
narrated:0.36075
cult classic:0.35525
awful:0.3545
plot twist:0.33775
cinematography:0.33125
good:0.32975
independent film:0.329
overrated:0.3275
suprisingly clever:0.3265
unusual plot structure:0.326
tricky:0.32525
redemption:0.32475
bad ending:0.3235
satirical:0.32125
intimate:0.31725
not funny:0.31275
psychological:0.312
hollywood:0.31
off-beat comedy:0.3085
sexy:0.308
art:0.30775
thought-provoking:0.307
criterion:0.3025
product placement:0.3025
boring:0.2985
great acting:0.2975
violence:0.2965
memory:0.29225
foul language:0.292
first contact:0.29175
runaway:0.29175
grindhouse:0.28675
dysfunctional family:0.28575
destiny:0.2825
life & death:0.282
creativity:0.27775
imdb top 250:0.277
highly quotable:0.27525
fun movie:0.27275
visually stunning:0.27225
parallel universe:0.27225
