zombie:0.9855
zombies:0.9795
horror:0.946
splatter:0.939
cult classic:0.8625
camp:0.80175
so bad it's funny:0.78675
original:0.78125
cult film:0.7565
sequels:0.63275
small town:0.61075
good soundtrack:0.59125
sequel:0.58625
gory:0.583
monster:0.57525
harsh:0.5665
grindhouse:0.535
humorous:0.53125
wilderness:0.52975
demons:0.52925
scary:0.5245
gruesome:0.518
comedy:0.49475
mad scientist:0.493
brutality:0.49
nudity (full frontal - notable):0.47575
sexualized violence:0.47275
goofy:0.46725
mentor:0.4655
campy:0.45625
blood:0.44725
silly:0.44
great ending:0.433
goretastic:0.43075
sexy:0.4285
catastrophe:0.42575
chase:0.4175
predictable:0.4165
franchise:0.41625
weapons:0.40675
very funny:0.405
funny:0.4025
stylish:0.399
low budget:0.39875
teens:0.39025
notable nudity:0.38375
nudity (topless):0.3795
dialogue:0.37025
good:0.3695
creepy:0.3595
transformation:0.3515
fun:0.34175
storytelling:0.339
lone hero:0.33725
life philosophy:0.33625
humor:0.33425
doctors:0.3285
adaptation:0.32125
life & death:0.32
multiple storylines:0.31775
stupid as hell:0.3175
pointless:0.31475
visual:0.31425
god:0.31275
dark humor:0.3125
bad plot:0.312
weird:0.3115
overrated:0.31125
unfunny:0.31075
not funny:0.30825
nudity (full frontal - brief):0.30675
melancholic:0.3045
redemption:0.3045
bullying:0.3005
special effects:0.296
80s:0.2915
cinematography:0.28575
criterion:0.28375
story:0.28375
classic car:0.2835
monsters:0.283
unusual plot structure:0.28275
destiny:0.28175
great:0.2795
clever:0.27775
cool:0.2765
crappy sequel:0.2745
fight scenes:0.273
entirely dialogue:0.27025
apocalypse:0.269
fun movie:0.26675
nudity (topless - notable):0.26475
nocturnal:0.26325
runaway:0.258
imdb top 250:0.25775
afi 100 (movie quotes):0.25775
violence:0.25775
gore:0.257
supernatural:0.2535
hospital:0.25325
