devil:0.9895
ominous:0.98375
creepy:0.98225
horror:0.96975
tense:0.96425
eerie:0.949
macabre:0.92325
supernatural:0.9215
cult classic:0.9075
spiders:0.883
demons:0.85725
forceful:0.83775
suspenseful:0.8305
frightening:0.82025
goth:0.8095
atmospheric:0.8035
nocturnal:0.77975
death:0.7625
grim:0.75325
effects:0.733
cult:0.7265
monster:0.72425
adaptation:0.72
gothic:0.716
sexualized violence:0.71275
original:0.70525
scary:0.70425
disturbing:0.695
chase:0.69025
visceral:0.67575
harsh:0.6665
splatter:0.6655
cerebral:0.6575
allegory:0.65475
cult film:0.64925
stylish:0.63375
criterion:0.6335
oscar (best effects - visual effects):0.63125
brutality:0.63
based on a book:0.6285
special effects:0.62775
paranoid:0.618
downbeat:0.61175
gruesome:0.60975
suspense:0.60125
stylized:0.598
psychological:0.595
witches:0.56425
campy:0.5575
grindhouse:0.55
serial killer:0.54625
good versus evil:0.53225
goofy:0.52675
weapons:0.5265
transformation:0.5185
dark fantasy:0.50375
dark:0.50225
good:0.5015
melancholic:0.497
weird:0.493
mummy:0.49175
mad scientist:0.48225
manipulation:0.47975
monsters:0.47875
blood:0.467
gory:0.461
low budget:0.4585
adventure:0.454
werewolf:0.4525
great ending:0.44125
distopia:0.43575
nudity (full frontal - notable):0.429
ghosts/afterlife:0.4275
enigmatic:0.42225
very good:0.42125
thriller:0.41225
claustrophobic:0.411
catastrophe:0.41025
moody:0.40875
dreamlike:0.408
1930s:0.408
obsession:0.40675
fantasy world:0.3965
psychology:0.39325
witch:0.38825
sexual:0.38425
runaway:0.38275
classic:0.37925
dark humor:0.3775
fight scenes:0.37575
irreverent:0.375
visually appealing:0.371
mentor:0.3665
classic car:0.3625
insanity:0.35275
ironic:0.3395
wilderness:0.3395
afi 100 (movie quotes):0.33775
dark hero:0.3355
violent:0.33325
