oscar (best cinematography):0.994
stunning:0.9435
cinematography:0.9395
obsession:0.926
psychology:0.91825
insanity:0.89575
oscar (best actress):0.86225
beautifully filmed:0.85375
oscar (best directing):0.84475
beautiful scenery:0.82525
visually appealing:0.80875
murder:0.80725
film noir:0.79625
noir:0.7935
breathtaking:0.7885
love:0.78
scenic:0.77775
relationships:0.76825
stylized:0.75775
stylish:0.7485
original:0.747
colourful:0.744
criterion:0.736
enigmatic:0.72225
manipulation:0.722
talky:0.71975
oscar (best supporting actress):0.70875
sexy:0.70875
loneliness:0.7075
unusual plot structure:0.69025
costume drama:0.6875
beautiful:0.6635
downbeat:0.658
mental illness:0.657
psychological:0.6555
adultery:0.63325
dysfunctional family:0.63275
passionate:0.6305
pornography:0.62775
runaway:0.627
intimate:0.6215
marriage:0.6215
melancholic:0.6165
visually stunning:0.60675
black and white:0.5855
culture clash:0.5805
twists & turns:0.5755
complex:0.57475
narrated:0.56425
classic:0.561
suspenseful:0.56075
masterpiece:0.55775
romantic:0.55225
imdb top 250:0.54225
photography:0.541
women:0.5405
police investigation:0.53525
atmospheric:0.535
fun movie:0.5315
love triangles:0.5265
romance:0.51625
reflective:0.516
forceful:0.51525
tense:0.508
melancholy:0.506
bittersweet:0.503
depression:0.50175
adaptation:0.5015
betrayal:0.50125
assassination:0.49925
oscar:0.489
great acting:0.469
grindhouse:0.46275
adapted from:book:0.462
serial killer:0.46125
storytelling:0.461
dialogue:0.45725
character study:0.456
secrets:0.45425
surreal:0.45275
exceptional acting:0.45225
disturbing:0.44825
visual:0.4455
paranoia:0.4455
oscar (best picture):0.44075
drama:0.4355
dark:0.434
mentor:0.43025
affectionate:0.43
1950s:0.42025
harsh:0.4175
guilt:0.41725
golden palm:0.417
emotional:0.41475
story:0.4135
oscar winner:0.4125
complicated:0.41175
adoption:0.40975
dramatic:0.4095
chase:0.40025
