ghosts:0.992
supernatural:0.98875
horror:0.9425
frightening:0.9235
death:0.892
comedy:0.844
special effects:0.84125
awesome soundtrack:0.836
fun movie:0.821
original:0.82025
creepy:0.81275
splatter:0.81
cult film:0.78525
cult:0.766
serial killer:0.7505
macabre:0.74225
great:0.7275
weird:0.724
effects:0.712
great movie:0.707
underrated:0.69675
dark humor:0.6835
scary:0.66775
goofy:0.656
pg-13:0.62975
humorous:0.6295
great ending:0.61625
clever:0.615
gory:0.61
ghosts/afterlife:0.60275
cult classic:0.57175
atmospheric:0.57025
entertaining:0.57
light:0.57
good:0.55475
eerie:0.5465
fun:0.52925
story:0.52475
dark:0.52375
black comedy:0.51275
visual:0.505
ominous:0.50375
nocturnal:0.4985
small town:0.49175
demons:0.49125
mentor:0.488
transformation:0.4855
good soundtrack:0.48425
excellent:0.478
very funny:0.47625
adaptation:0.476
computer animation:0.47125
haunted house:0.47
humor:0.4655
dialogue:0.45875
catastrophe:0.45775
creativity:0.451
twists & turns:0.4495
life & death:0.449
suspense:0.4485
storytelling:0.44825
oscar (best effects - visual effects):0.44075
dark hero:0.44
fantasy:0.438
vengeance:0.435
fantasy world:0.434
greed:0.433
hospital:0.4305
grim:0.43025
murder:0.41575
dark comedy:0.41475
funny:0.4135
drama:0.41175
suspenseful:0.4075
big budget:0.4035
intense:0.39775
complex:0.39575
quirky:0.395
quotable:0.38925
first contact:0.3835
life philosophy:0.3835
blood:0.38225
interesting:0.378
whimsical:0.378
silly fun:0.376
parody:0.3625
eccentricity:0.36175
grindhouse:0.3615
technology:0.358
visually appealing:0.35775
oscar winner:0.35725
alter ego:0.35425
happy ending:0.35325
cool:0.35125
violence:0.351
brutality:0.35
very interesting:0.34925
very good:0.34825
fight scenes:0.342
fast paced:0.34175
