android(s)/cyborg(s):1.0
robot:0.983
science fiction:0.98075
futuristic:0.9795
cerebral:0.979
technology:0.977
sci-fi:0.96775
tense:0.96525
nudity (full frontal - brief):0.962
complex:0.95975
scifi:0.95825
artificial intelligence:0.95375
future:0.952
androids:0.94675
visually appealing:0.941
philosophical:0.94025
suspense:0.93375
humanity:0.93375
robots:0.93125
sci fi:0.92675
psychological:0.9225
plot twist:0.915
cyberpunk:0.91275
claustrophobic:0.9115
thought-provoking:0.89875
good acting:0.88925
original:0.885
great ending:0.88175
great acting:0.8755
complicated:0.87425
storytelling:0.8685
visually stunning:0.862
twists & turns:0.8575
imdb top 250:0.85725
drama:0.84075
interesting:0.836
intelligent sci-fi:0.835
visual:0.833
dystopic future:0.82825
cinematography:0.82825
psychology:0.8265
suspenseful:0.817
oscar:0.80775
thriller:0.80625
creepy:0.805
enigmatic:0.79675
twist ending:0.7955
intense:0.78675
manipulation:0.78425
allegory:0.784
philosophy:0.776
clever:0.776
intellectual:0.77375
dark:0.77275
existentialism:0.765
very interesting:0.7635
twist:0.75975
surveillance:0.7485
intelligent:0.74725
surreal:0.74
ominous:0.7385
greed:0.73375
dialogue:0.72375
plot holes:0.723
loneliness:0.7125
secrets:0.70925
excellent script:0.7085
powerful ending:0.7035
social commentary:0.69975
talky:0.6895
science:0.686
slow paced:0.68075
mindfuck:0.6765
mentor:0.673
internet:0.66975
plot:0.6645
reflective:0.66225
weird:0.65875
story:0.65025
isolation:0.6495
survival:0.649
dialogue driven:0.64425
oscar (best directing):0.64
cyborgs:0.639
dramatic:0.63775
beautiful scenery:0.629
violence:0.62725
atmospheric:0.62425
complicated plot:0.61925
amazing cinematography:0.61775
unusual plot structure:0.61325
first contact:0.6125
runaway:0.6115
original plot:0.60875
catastrophe:0.60725
distopia:0.602
good:0.59425
space travel:0.587
paranoid:0.586
bad ending:0.5845
