insanity:0.9555
enigmatic:0.93375
psychological:0.89725
french:0.87575
weird:0.84875
dreams:0.84475
cerebral:0.8375
melancholic:0.826
existentialism:0.818
confusing:0.8145
nudity (full frontal):0.7995
criterion:0.795
nudity (full frontal - notable):0.78275
strange:0.76275
psychology:0.74675
absurd:0.723
pornography:0.72225
golden palm:0.70975
disturbing:0.70725
twist ending:0.7035
allegory:0.69975
paris:0.69825
original:0.6955
intimate:0.686
violent:0.6705
non-linear:0.6525
very interesting:0.64675
lynch:0.64375
mental illness:0.64275
social commentary:0.6425
cinematography:0.63925
storytelling:0.6365
thought-provoking:0.6285
hotel:0.6275
surreal:0.618
unusual plot structure:0.61775
relationships:0.61325
bizarre:0.612
visually appealing:0.60275
obsession:0.5985
complex:0.59775
brutality:0.59175
imagination:0.5915
life philosophy:0.5895
interesting:0.583
male nudity:0.57225
dark:0.57125
reflective:0.5655
mindfuck:0.562
death:0.55875
complicated:0.547
slow paced:0.53425
twists & turns:0.53275
atmospheric:0.5325
masterpiece:0.53175
off-beat comedy:0.529
sexualized violence:0.51975
secrets:0.5195
artistic:0.50825
suprisingly clever:0.505
drugs:0.4995
identity:0.4995
philosophical:0.49725
nocturnal:0.49575
harsh:0.49475
stylish:0.4925
stylized:0.49225
betrayal:0.489
downbeat:0.48325
paranoid:0.4825
good soundtrack:0.47975
visually stunning:0.479
life & death:0.479
art house:0.4785
talky:0.476
nonlinear:0.47525
crazy:0.471
meditative:0.46725
depressing:0.46675
writers:0.46525
loneliness:0.46275
drama:0.46225
solitude:0.462
nudity (topless):0.46125
art:0.461
dreamlike:0.458
bleak:0.458
great ending:0.45475
plot:0.4525
breathtaking:0.45
hallucinatory:0.441
dark comedy:0.43825
france:0.4365
surrealism:0.43525
great acting:0.43275
brainwashing:0.43125
melancholy:0.428
photography:0.425
philosophy:0.4235
beautifully filmed:0.42025
