noir:0.99425
film noir:0.97625
imdb top 250:0.976
black and white:0.97275
downbeat:0.95225
classic:0.94825
cinematography:0.94175
private detective:0.91775
moody:0.90275
enigmatic:0.90175
melancholic:0.89275
betrayal:0.89175
criterion:0.8885
bleak:0.869
noir thriller:0.86825
atmospheric:0.864
neo-noir:0.85625
twists & turns:0.85075
crime gone awry:0.84925
narrated:0.845
dark:0.829
talky:0.8275
photography:0.8275
ominous:0.82575
dialogue:0.825
great acting:0.8235
great cinematography:0.823
runaway:0.8175
masterpiece:0.79975
story:0.78225
quotable:0.782
tense:0.776
stylish:0.7755
small town:0.769
san francisco:0.76075
murder:0.757
mystery:0.7545
sexy:0.75325
oscar (best directing):0.753
oscar (best actress):0.75
gangster:0.7435
nocturnal:0.742
california:0.73975
complicated:0.73875
melancholy:0.72975
loneliness:0.72375
great:0.72275
police investigation:0.71475
witty:0.7115
suspense:0.708
murder mystery:0.70125
drama:0.69875
great ending:0.694
cynical:0.69075
original:0.68775
great movie:0.68275
excellent script:0.681
light:0.6805
crime:0.67825
grim:0.67675
complicated plot:0.66675
golden palm:0.66325
interesting:0.6615
reflective:0.659
corruption:0.65825
clever:0.65675
eerie:0.63925
complex characters:0.63225
love triangles:0.62725
affectionate:0.627
complex:0.62675
anti-hero:0.62675
redemption:0.62475
excellent:0.62325
stylized:0.6185
visually appealing:0.61175
gunfight:0.60575
investigation:0.6055
gangsters:0.60025
obsession:0.5995
silent:0.5985
idealism:0.5955
visual:0.5915
oscar (best supporting actress):0.59125
dramatic:0.58975
greed:0.58675
existentialism:0.58275
secrets:0.58275
intimate:0.582
mob:0.57825
tricky:0.57525
breathtaking:0.56975
forceful:0.56825
suprisingly clever:0.568
entirely dialogue:0.56275
character study:0.56075
good soundtrack:0.56025
unusual plot structure:0.5545
love story:0.548
mentor:0.5385
