criterion:0.9855
bleak:0.96175
germany:0.936
masterpiece:0.9075
world war ii:0.90375
intimate:0.89225
grim:0.8825
golden palm:0.87175
german:0.871
talky:0.86875
berlin:0.83875
loneliness:0.838
reflective:0.831
harsh:0.8245
stylized:0.81075
tragedy:0.80225
realistic:0.7865
oscar (best foreign language film):0.78575
lyrical:0.774
poignant:0.76625
wwii:0.75875
downbeat:0.7405
black and white:0.731
social commentary:0.72625
brutality:0.7225
imdb top 250:0.722
affectionate:0.713
childhood:0.71275
movielens top pick:0.71125
runaway:0.70625
cinematography:0.70375
compassionate:0.698
poverty:0.68675
melancholic:0.68325
culture clash:0.683
breathtaking:0.67125
war:0.66125
drinking:0.66
depression:0.65825
gunfight:0.65325
nazis:0.65125
original:0.65
atmospheric:0.6315
italian:0.63125
dramatic:0.62575
prostitution:0.624
melancholy:0.62075
unusual plot structure:0.6135
depressing:0.60125
nazi:0.599
idealism:0.5935
ethnic conflict:0.59
bombs:0.57225
visceral:0.55325
meditative:0.55
best war films:0.54675
forceful:0.52875
trilogy:0.5205
hospital:0.51825
wartime:0.518
storytelling:0.5085
cerebral:0.50775
nocturnal:0.4985
war movie:0.49375
controversial:0.49125
rome:0.48775
death:0.487
sacrifice:0.48575
glbt:0.48375
visually appealing:0.4795
light:0.47925
historical:0.4765
italy:0.4715
tense:0.47125
good soundtrack:0.4705
beautifully filmed:0.4695
complex:0.46775
solitude:0.46525
moral ambiguity:0.4575
survival:0.457
great acting:0.457
tokyo:0.4555
suprisingly clever:0.4545
fighting the system:0.452
allegory:0.447
enigmatic:0.4465
dysfunctional family:0.44475
morality:0.44225
biting:0.43675
catastrophe:0.42875
japan:0.425
pornography:0.422
cynical:0.42
gritty:0.41625
distopia:0.4155
crime gone awry:0.4155
gangsters:0.41325
drama:0.411
great:0.41025
anti-war:0.40925
