wartime:0.9535
world war ii:0.79125
sentimental:0.67725
original:0.61525
war:0.57725
mentor:0.5565
war movie:0.5425
predictable:0.51175
catastrophe:0.50425
unlikely friendships:0.503
dramatic:0.49475
drama:0.48525
vietnam war:0.4755
nostalgic:0.46975
women:0.464
wwii:0.4555
great ending:0.44
happy ending:0.43275
death:0.43075
girlie movie:0.3825
camp:0.3795
dialogue:0.3735
lone hero:0.37125
family:0.3685
childhood:0.365
musical:0.3605
politics:0.358
writers:0.35525
fun movie:0.35475
betrayal:0.34175
great:0.34175
dancing:0.3385
sacrifice:0.33275
70mm:0.33175
runaway:0.33125
teen movie:0.32725
culture clash:0.32725
destiny:0.3265
not funny:0.3265
friendship:0.32525
fantasy world:0.32025
natural disaster:0.30975
entertaining:0.3085
good:0.30825
weapons:0.3065
based on a play:0.30175
storytelling:0.3005
brutality:0.29025
iraq war:0.2875
romantic:0.28725
story:0.2855
adaptation:0.2845
military:0.28425
love story:0.2835
great acting:0.282
first contact:0.27675
redemption:0.27675
anti-war:0.2755
unfunny:0.2725
vietnam:0.267
bad plot:0.261
life philosophy:0.2605
quirky:0.26
overrated:0.2565
us history:0.2555
life & death:0.25475
music:0.25225
exceptional acting:0.25125
stereotypes:0.25075
reflective:0.25025
oscar:0.24925
oscar (best supporting actress):0.246
police investigation:0.246
feel-good:0.24025
light:0.23875
revenge:0.238
dance:0.23775
propaganda:0.2375
entirely dialogue:0.2375
shallow:0.236
good soundtrack:0.2355
touching:0.23425
school:0.234
nudity (full frontal - brief):0.2295
interracial romance:0.2275
relationships:0.224
sexy:0.224
oscar (best actress):0.22325
special effects:0.22325
biopic:0.223
transformation:0.2215
oscar (best directing):0.2195
middle east:0.21775
emotional:0.2175
corruption:0.21475
pg-13:0.2095
aging:0.20925
comedy:0.20675
dysfunctional family:0.205
clever:0.204
