cloning:0.99175
clones:0.9885
comedy:0.94525
funny:0.8135
original:0.7825
funniest movies:0.77875
very funny:0.69825
fantasy:0.68275
silly fun:0.6775
hilarious:0.65925
chase:0.647
mentor:0.63875
silly:0.6285
dumb:0.61325
great ending:0.60075
catastrophe:0.5965
special effects:0.581
predictable:0.57925
family:0.567
bad plot:0.5595
time:0.5515
destiny:0.54825
lame:0.54075
humorous:0.53875
story:0.53075
farce:0.527
first contact:0.525
goofy:0.51925
stupid:0.51425
so bad it's funny:0.50025
good:0.4915
excellent script:0.48375
suprisingly clever:0.48325
stupidity:0.47075
pg-13:0.462
dumb but funny:0.45625
funny as hell:0.45425
natural disaster:0.44475
slapstick:0.43125
science:0.42725
light:0.42225
nudity (full frontal - brief):0.4215
stupid as hell:0.4185
technology:0.409
doctors:0.4075
fun movie:0.40425
entertaining:0.401
storytelling:0.3985
fantasy world:0.3955
creativity:0.39425
suspense:0.39
underrated:0.3845
secrets:0.38375
workplace:0.38075
crude humor:0.37975
screwball comedy:0.376
feel-good:0.37025
dialogue:0.36825
great acting:0.366
dynamic cgi action:0.35525
alter ego:0.35325
culture clash:0.3505
brutality:0.3495
better than expected:0.34525
big budget:0.345
great:0.33975
mistaken identity:0.33875
psychological:0.33625
identity:0.33625
stereotypes:0.33425
life philosophy:0.33225
redemption:0.31975
complex:0.31675
vengeance:0.31175
saturday night live:0.31
visual:0.3095
transformation:0.3075
fun:0.30525
romantic:0.3025
simple:0.30175
feel good movie:0.29975
humor:0.297
stand-up comedy:0.297
police investigation:0.29625
greed:0.29575
wizards:0.295
good soundtrack:0.293
corruption:0.2925
runaway:0.29
adaptation:0.288
romantic comedy:0.28425
weird:0.28275
shallow:0.28025
bad ending:0.2765
marriage:0.2745
original plot:0.274
eccentricity:0.26875
criterion:0.2685
clever:0.26825
happy ending:0.26675
