superhero:0.97975
superheroes:0.977
based on a comic:0.97075
super hero:0.96725
batman:0.93675
animation:0.9245
dc comics:0.90225
super-hero:0.87675
action:0.84375
fast paced:0.84175
adapted from:comic:0.83375
fight scenes:0.8325
action packed:0.8255
justice:0.7925
story:0.78525
vengeance:0.785
vigilante:0.77775
dark hero:0.777
comic book:0.76875
series:0.76325
cartoon:0.7455
good action:0.7455
based on comic:0.73825
original:0.728
graphic novel:0.7275
fighting:0.722
computer animation:0.71075
storytelling:0.70725
animated:0.703
goofy:0.68675
pg-13:0.66825
chase:0.66425
buddy movie:0.64675
good:0.63
dialogue:0.628
animal movie:0.62425
adaptation:0.6135
comic:0.6115
redemption:0.6095
comics:0.59475
giant robots:0.565
highly quotable:0.556
vigilantism:0.55475
too short:0.55275
mentor:0.5495
great ending:0.5475
revenge:0.5425
lone hero:0.53575
murder:0.5155
franchise:0.5155
apocalypse:0.5105
alter ego:0.51025
talky:0.50375
great movie:0.47525
gunfight:0.4745
sci fi:0.4745
corruption:0.472
destiny:0.45825
transformation:0.436
cool:0.43575
very interesting:0.43125
sexualized violence:0.429
nocturnal:0.42625
cult classic:0.42575
very funny:0.42475
dramatic:0.4165
anime:0.41475
alternate history:0.4125
cyborgs:0.409
fun:0.40625
entertaining:0.40375
violence:0.4
catastrophe:0.39575
very good:0.387
weapons:0.3825
fantasy world:0.381
marvel:0.381
grindhouse:0.38025
awesome soundtrack:0.38025
awesome:0.377
life philosophy:0.3765
good versus evil:0.368
stylized:0.367
visceral:0.3595
parallel universe:0.354
criterion:0.34925
light:0.34825
adventure:0.34675
crime:0.34275
imdb top 250:0.342
animals:0.337
stylish:0.3365
humor:0.33625
mission from god:0.336
silly fun:0.33575
not funny:0.335
complex:0.3345
entirely dialogue:0.33175
brutality:0.3285
great:0.32575
