obsession:0.978
police investigation:0.9375
serial killer:0.90975
detective:0.89175
murder mystery:0.8875
investigation:0.85875
original:0.851
murder:0.8455
crime:0.8145
melancholic:0.8035
character study:0.8025
enigmatic:0.79325
downbeat:0.79225
psychological:0.791
twist ending:0.78
great ending:0.77225
sexualized violence:0.75275
suspense:0.74175
storytelling:0.74075
slow paced:0.723
very interesting:0.71375
pornography:0.71275
surveillance:0.7105
great acting:0.7045
interesting:0.6935
mystery:0.69225
bad ending:0.68525
psychology:0.682
visually appealing:0.68175
cinematography:0.67825
loneliness:0.674
surprise ending:0.67375
non-hollywood ending:0.667
brutality:0.664
weird:0.66375
drama:0.65825
complex:0.6575
suspenseful:0.6465
story:0.646
disturbing:0.64525
dark:0.64325
justice:0.63925
identity:0.637
runaway:0.6365
secrets:0.6355
paranoia:0.6345
corruption:0.61925
moral ambiguity:0.61275
insanity:0.6115
greed:0.6075
twists & turns:0.5945
twist:0.57
harsh:0.55575
criterion:0.53975
guilt:0.53925
cerebral:0.5325
good soundtrack:0.5255
adaptation:0.524
dramatic:0.515
thought-provoking:0.511
slow:0.509
tense:0.50175
visually stunning:0.49825
stunning:0.49525
stylish:0.495
assassination:0.4925
nudity (full frontal - notable):0.48475
good acting:0.4825
pointless:0.47975
oscar (best actress):0.477
dialogue:0.47475
intense:0.4745
great cinematography:0.473
exceptional acting:0.47075
atmospheric:0.46325
lawyer:0.45925
redemption:0.4575
happy ending:0.4575
bleak:0.45575
catastrophe:0.45375
tragedy:0.4485
social commentary:0.444
talky:0.4425
great:0.4425
grim:0.44125
narrated:0.4405
intelligent:0.43775
adapted from:book:0.43175
plot:0.43125
based on a book:0.42725
absurd:0.41975
based on book:0.41675
culture clash:0.416
art:0.41375
violent:0.41325
surreal:0.41025
good:0.40375
nudity (full frontal - brief):0.40325
golden palm:0.40175
mindfuck:0.3995
