meditative:0.98375
long:0.94975
enigmatic:0.9465
murder mystery:0.9305
criterion:0.90125
melancholic:0.8865
police investigation:0.885
reflective:0.87375
cinematography:0.866
golden palm:0.8635
intimate:0.84825
art house:0.84475
investigation:0.84025
amazing cinematography:0.8315
cerebral:0.82025
weird:0.78525
breathtaking:0.774
masterpiece:0.77325
melancholy:0.77
complex:0.76525
mystery:0.76375
bleak:0.75675
guilt:0.75175
slow:0.7445
obsession:0.71725
life & death:0.6995
solitude:0.68625
character study:0.66725
allegory:0.657
talky:0.6515
downbeat:0.6495
runaway:0.64725
original:0.62275
psychological:0.621
art:0.6035
slow paced:0.59
existentialism:0.57625
murder:0.558
too long:0.5465
drama:0.538
surreal:0.53775
crime:0.5365
insanity:0.52525
first contact:0.52475
atmospheric:0.52025
tragedy:0.513
macabre:0.5115
dialogue:0.49825
great ending:0.4835
artsy:0.48275
psychology:0.478
dreamlike:0.46625
serial killer:0.46625
lyrical:0.4655
catastrophe:0.4655
entirely dialogue:0.46525
unusual plot structure:0.4645
pornography:0.461
twists & turns:0.4465
loneliness:0.441
suprisingly clever:0.4355
oscar (best foreign language film):0.43425
life philosophy:0.42975
storytelling:0.42
great acting:0.41475
boring!:0.4145
philosophical:0.41075
intellectual:0.40925
adultery:0.4085
doctors:0.40425
photography:0.404
surveillance:0.397
twist:0.38825
greed:0.383
dark:0.375
stylized:0.3745
poetry:0.37375
beautiful scenery:0.371
depression:0.366
disturbing:0.35975
scenic:0.358
silent:0.35375
artistic:0.35
identity:0.3485
brutality:0.34825
pointless:0.34775
claustrophobic:0.342
detective:0.33725
paranoid:0.33425
story:0.3335
oscar (best directing):0.3305
erotic:0.33
complicated:0.32925
tense:0.3255
workplace:0.3225
isolation:0.3145
satirical:0.314
artist:0.31375
complex characters:0.30925
nonlinear:0.308
