good sequel:0.92825
sequels:0.916
immortality:0.8405
original:0.8355
horrible:0.819
franchise:0.795
graphic novel:0.791
vengeance:0.74925
super-hero:0.7375
violence:0.72725
sequel:0.72075
predictable:0.70775
bad plot:0.697
brutality:0.69225
death:0.69025
goth:0.64425
gothic:0.6235
revenge:0.62275
bad acting:0.6195
action:0.6165
pointless:0.57025
great ending:0.56825
sexualized violence:0.568
melancholic:0.5635
justice:0.56
superhero:0.55775
super hero:0.553
comic book:0.54475
crappy sequel:0.521
adapted from:comic:0.519
bad cgi:0.515
dialogue:0.50775
comics:0.50475
remake:0.4995
murder:0.49675
storytelling:0.467
special effects:0.45875
fight scenes:0.45425
dynamic cgi action:0.4475
superheroes:0.44725
cool:0.44725
good:0.4455
bloody:0.4415
bad:0.43825
good dialogue:0.42725
mentor:0.4265
nocturnal:0.4255
fantasy world:0.419
great:0.41725
overrated:0.41475
afterlife:0.40925
violent:0.40775
dark hero:0.407
police corruption:0.40275
big budget:0.3995
catastrophe:0.39675
vigilante:0.3945
good soundtrack:0.39225
not funny:0.385
good action:0.384
alter ego:0.38025
stupid as hell:0.3745
transformation:0.3725
entirely dialogue:0.369
life philosophy:0.36775
so bad it's funny:0.363
parallel universe:0.35925
adaptation:0.35525
shallow:0.34775
fantasy:0.34625
idiotic:0.34125
harsh:0.3395
destiny:0.33725
love story:0.335
stylish:0.3315
suspense:0.32875
murder mystery:0.3265
weapons:0.326
first contact:0.324
nudity (full frontal - brief):0.324
runaway:0.31875
dreamlike:0.30175
visual:0.3015
story:0.3005
stylized:0.29975
corruption:0.2995
betrayal:0.29825
anti-hero:0.29675
very good:0.29475
not as good as the first:0.28875
life & death:0.2885
mutants:0.28825
teen movie:0.2835
disaster:0.28325
splatter:0.28275
cult film:0.28125
police investigation:0.28
comic book adaption:0.27825
weird:0.2775
visually appealing:0.27625
