submarine:0.99725
claustrophobic:0.95975
tense:0.956
survival:0.9095
suspense:0.8845
underwater:0.87
suspenseful:0.85875
treasure hunt:0.82025
greed:0.80125
cold war:0.77375
twists & turns:0.7675
intense:0.75775
ensemble cast:0.75575
great ending:0.73625
russian:0.72625
thriller:0.72575
moral ambiguity:0.71975
original:0.7195
russia:0.70675
nazis:0.67775
drama:0.675
dialogue:0.66575
ocean:0.65325
plot twist:0.65125
good:0.64725
catastrophe:0.63275
predictable:0.63
plot:0.6285
justice:0.6275
tricky:0.61525
corruption:0.6085
police investigation:0.605
first contact:0.604
technology:0.60325
great acting:0.5995
heist:0.59275
murder:0.5915
adventure:0.59025
boat:0.57225
twist:0.572
nazi:0.5525
violence:0.5325
betrayal:0.5315
sacrifice:0.52975
good acting:0.528
absurd:0.52475
disaster:0.52025
bad ending:0.51625
harsh:0.51475
story:0.512
revenge:0.5095
surprise ending:0.50375
pg-13:0.5025
clever:0.4935
dramatic:0.493
storytelling:0.48925
chase:0.48425
visually appealing:0.473
british:0.469
redemption:0.4685
investigation:0.4665
mentor:0.46175
happy ending:0.4595
stranded:0.45525
feel good movie:0.45225
entertaining:0.44525
cinematography:0.438
gritty:0.42825
utopia:0.428
dark:0.4255
secrets:0.422
stereotypes:0.42175
grim:0.42025
interesting:0.417
spy:0.41325
plot holes:0.41275
very interesting:0.4125
not funny:0.4125
manipulation:0.412
runaway:0.4095
action:0.406
dystopia:0.40125
rebellion:0.39575
powerful ending:0.39175
unrealistic:0.39125
vengeance:0.3885
paranoia:0.3885
gunfight:0.38825
so bad it's funny:0.38025
adaptation:0.37725
idiotic:0.37425
complex:0.374
spying:0.3735
obsession:0.3725
underrated:0.37225
space:0.37
good story:0.36875
spies:0.3685
good soundtrack:0.368
fantasy world:0.365
