obsession:0.90525
stylish:0.88725
weird:0.856
art house:0.82075
dark humor:0.80375
good soundtrack:0.763
so bad it's funny:0.7525
criterion:0.75025
visually appealing:0.742
gangsters:0.734
drinking:0.73375
pornography:0.71475
twists & turns:0.7115
foreign:0.71025
splatter:0.703
fantasy world:0.6845
downbeat:0.6795
vampire human love:0.67425
fast paced:0.67
very interesting:0.66275
dialogue:0.64975
dark comedy:0.6405
stylized:0.628
original:0.61
enigmatic:0.60575
mafia:0.60075
culture clash:0.59525
organized crime:0.59475
cinematography:0.589
anti-hero:0.579
classic car:0.57475
murder:0.574
quirky:0.5585
money:0.555
greed:0.552
golden palm:0.5495
talky:0.5445
allegory:0.54175
male nudity:0.53875
awesome soundtrack:0.5385
assassination:0.5325
mentor:0.49575
strange:0.491
great ending:0.48875
melancholic:0.47375
character study:0.46325
social commentary:0.45875
sexy:0.457
slow paced:0.45575
tokyo:0.4525
life philosophy:0.44425
slow:0.44075
hit men:0.43925
insanity:0.438
race issues:0.43575
absurd:0.43225
black comedy:0.42925
humorous:0.4275
catastrophe:0.4245
workplace:0.41275
harsh:0.411
entirely dialogue:0.411
manipulation:0.4055
hitman:0.403
ironic:0.39875
atmospheric:0.39625
nocturnal:0.39475
dark:0.39275
disturbing:0.387
nudity (full frontal - notable):0.38175
mad scientist:0.38175
scenic:0.379
vengeance:0.37525
crime gone awry:0.37125
intimate:0.37075
shallow:0.36975
corruption:0.36675
great:0.36075
caper:0.359
tense:0.3585
grim:0.35825
complex:0.35675
bleak:0.35
suprisingly clever:0.3455
movielens top pick:0.3445
twist ending:0.34375
solitude:0.342
runaway:0.34175
cerebral:0.33975
oscar (best foreign language film):0.335
dreamlike:0.33475
morality:0.3345
grindhouse:0.33375
crime:0.3335
betrayal:0.3325
based on a play:0.32775
gangster:0.32525
melancholy:0.323
bloody:0.3195
art:0.31625
