violent:0.9825
violence:0.9625
crime:0.94925
australia:0.9125
prison:0.91125
dark humor:0.90975
brutality:0.89975
biography:0.86375
original:0.863
brutal:0.85725
cult classic:0.8555
gangsters:0.8505
stylish:0.8465
based on a book:0.82625
biographical:0.81925
based on book:0.816
independent film:0.8075
stylized:0.80675
biopic:0.80475
good soundtrack:0.8045
gangster:0.79225
eccentricity:0.76525
insanity:0.7635
drug abuse:0.75775
disturbing:0.7405
storytelling:0.7245
bloody:0.721
highly quotable:0.72075
social commentary:0.718
australian:0.7065
adaptation:0.701
adapted from:book:0.69825
great acting:0.6865
weird:0.68525
anti-hero:0.6755
intense:0.673
interesting:0.67275
dialogue:0.6635
visceral:0.6565
narrated:0.6555
true story:0.65425
bleak:0.63375
crime gone awry:0.62975
vengeance:0.6175
black comedy:0.612
pulp:0.5985
books:0.59725
mentor:0.58775
gritty:0.5835
grim:0.5825
blood:0.57625
runaway:0.563
loneliness:0.561
dark:0.5605
hitman:0.5585
justice:0.55325
good dialogue:0.551
drinking:0.548
reflective:0.54675
life philosophy:0.5435
sexualized violence:0.54025
gangs:0.54
drugs:0.53325
criterion:0.53225
life:0.53225
surreal:0.52825
creativity:0.5255
corruption:0.5205
clever:0.519
great ending:0.51775
very interesting:0.51425
cinematography:0.5135
story:0.5135
philosophy:0.51225
talky:0.511
off-beat comedy:0.505
dark comedy:0.50275
character study:0.49425
gory:0.49275
harsh:0.4915
based on a true story:0.4915
redemption:0.48125
cult film:0.47875
pornography:0.47725
great movie:0.47325
cult:0.4725
organized crime:0.472
funny as hell:0.4695
surveillance:0.4675
very funny:0.4675
splatter:0.45975
literature:0.4595
quirky:0.4575
greed:0.448
honest:0.4445
betrayal:0.4395
paranoid:0.43625
mental illness:0.43475
existentialism:0.434
hit men:0.4335
