dog:0.99325
love:0.96975
animation:0.9545
short:0.9545
computer animation:0.94475
too short:0.93775
dogs:0.9115
relationships:0.905
cute:0.89275
animated:0.88525
sweet:0.84325
food:0.84025
heartwarming:0.839
family:0.80025
story:0.7875
oscar winner:0.78275
friendship:0.77475
cute!:0.771
love story:0.77075
original:0.757
touching:0.736
affectionate:0.72525
sacrifice:0.71525
oscar:0.71075
disney:0.7085
happy ending:0.69625
visually appealing:0.684
beautiful scenery:0.67575
animals:0.67425
clever:0.67225
brainwashing:0.672
light:0.64525
runaway:0.62375
kids:0.6005
chase:0.59375
kids and family:0.5915
destiny:0.5845
witty:0.58025
childhood:0.54875
transformation:0.547
movielens top pick:0.537
feel-good:0.53325
life philosophy:0.53
good:0.52325
cartoon:0.51375
emotional:0.51225
manipulation:0.50975
animal movie:0.5055
romantic:0.5035
fun:0.5025
loneliness:0.4985
creativity:0.49675
children:0.496
unlikely friendships:0.495
great:0.4915
oscar (best actress):0.48475
catastrophe:0.47475
prejudice:0.4605
mentor:0.45825
feel good movie:0.45525
technology:0.45425
suprisingly clever:0.444
whimsical:0.44175
very funny:0.4405
unusual plot structure:0.4355
beautiful:0.43275
idealism:0.4265
melancholic:0.42575
great ending:0.42025
simple:0.416
weird:0.41025
culture clash:0.41025
greed:0.41
obsession:0.40525
adventure:0.4025
visually stunning:0.39775
storytelling:0.39675
oscar (best music - original song):0.395
dialogue:0.39325
very interesting:0.39275
talking animals:0.39
twists & turns:0.38925
imdb top 250:0.38775
bittersweet:0.3855
betrayal:0.38125
fantasy world:0.37975
imagination:0.378
interesting:0.37675
beautifully filmed:0.37525
secrets:0.374
good versus evil:0.37
funny:0.369
depression:0.36875
pg-13:0.3655
hotel:0.358
marriage:0.3525
good acting:0.34875
3d:0.34825
scenic:0.3465
oscar (best supporting actress):0.346
