melancholic:0.84425
reflective:0.80475
bittersweet:0.79825
loneliness:0.79375
italy:0.74575
feel-good:0.742
life:0.73925
beautiful scenery:0.73575
feel good movie:0.704
romance:0.68575
romantic:0.6265
relationships:0.60775
original:0.607
life philosophy:0.6
whimsical:0.59275
italian:0.59175
criterion:0.587
rome:0.58325
beautifully filmed:0.58175
love:0.574
culture clash:0.57275
intimate:0.5695
destiny:0.5455
quirky:0.54225
oscar (best foreign language film):0.5395
melancholy:0.5335
sweet:0.53025
sentimental:0.5265
life & death:0.5145
suprisingly clever:0.5125
mentor:0.49525
transformation:0.49325
enigmatic:0.48475
foreign:0.4795
love story:0.4795
existentialism:0.459
touching:0.45625
friendship:0.44675
light:0.44625
marriage:0.435
great:0.43325
catastrophe:0.42225
self discovery:0.41625
screwball:0.41525
visually appealing:0.4135
heartwarming:0.412
unlikely friendships:0.4095
eccentricity:0.404
affectionate:0.3915
humanity:0.39075
beautiful:0.387
solitude:0.38525
comedy:0.385
great ending:0.382
multiple storylines:0.3795
road movie:0.3785
weird:0.36975
idealism:0.36925
breathtaking:0.3675
witty:0.36675
prejudice:0.36525
dreams:0.362
depression:0.3575
passionate:0.356
fight scenes:0.355
story:0.34925
spanish:0.34375
chick flick:0.3325
redemption:0.3325
childhood:0.331
dialogue:0.3285
not funny:0.32675
nocturnal:0.3245
adventure:0.32275
parenthood:0.3215
sacrifice:0.31475
tragedy:0.314
poignant:0.31125
divorce:0.311
golden palm:0.31025
wistful:0.303
good:0.30125
cinematography:0.301
storytelling:0.2965
good soundtrack:0.29425
classic car:0.294
holiday:0.2915
unusual plot structure:0.29125
entirely dialogue:0.2865
betrayal:0.28525
dramatic:0.2815
stereotypes:0.28125
social commentary:0.281
fantasy world:0.281
first contact:0.2795
allegory:0.2795
original plot:0.27675
talky:0.2755
runaway:0.27525
atmospheric:0.274
