con men:0.965
con artists:0.96225
heist:0.947
caper:0.91375
twists & turns:0.907
original:0.866
complicated:0.86175
storytelling:0.8555
narrated:0.80825
quirky:0.799
visually appealing:0.78225
great ending:0.77575
complicated plot:0.7755
clever:0.76
plot twist:0.747
dialogue:0.73975
mentor:0.72175
cinematography:0.71725
stylish:0.71025
loneliness:0.7075
brothers:0.68875
melancholic:0.6795
whimsical:0.677
dialogue driven:0.6695
weird:0.65925
good soundtrack:0.6315
new jersey:0.624
cerebral:0.6215
plot:0.61775
stylized:0.615
enigmatic:0.614
light:0.6135
crime gone awry:0.609
life philosophy:0.584
betrayal:0.57575
complex:0.57325
adventure:0.57075
eccentricity:0.55325
dark humor:0.5515
great acting:0.54975
fun movie:0.5475
romance:0.54525
destiny:0.5425
drama:0.535
existentialism:0.5335
interesting:0.53325
entirely dialogue:0.53325
anti-hero:0.52375
hit men:0.51675
witty:0.515
great:0.512
cheating:0.508
story:0.49825
pg-13:0.49725
social commentary:0.4955
entertaining:0.48575
criterion:0.481
unusual plot structure:0.4735
runaway:0.46775
indie:0.46625
art house:0.45925
love story:0.457
good acting:0.457
relationships:0.45625
manipulation:0.45375
nudity (topless - brief):0.45175
visually stunning:0.449
twist:0.44825
twist ending:0.44625
pretentious:0.4425
catastrophe:0.43875
sacrifice:0.43525
surreal:0.43125
surprise ending:0.431
very interesting:0.431
talky:0.43075
cult classic:0.43025
family drama:0.427
off-beat comedy:0.42675
imdb top 250:0.425
greed:0.42125
suprisingly clever:0.40575
good dialogue:0.4005
depression:0.39775
period piece:0.3975
obsession:0.3975
pornography:0.394
visual:0.39375
bad ending:0.3905
original plot:0.3905
writers:0.38925
grindhouse:0.38775
great soundtrack:0.38075
absurd:0.377
gunfight:0.37475
solitude:0.37125
feel-good:0.37125
cool:0.37075
vengeance:0.36525
redemption:0.36475
