super hero:0.99775
superheroes:0.99575
superhero:0.99575
super-hero:0.99475
based on a comic:0.98825
dc comics:0.98725
comics:0.9635
franchise:0.9465
based on comic:0.93975
big budget:0.9335
action:0.91825
fight scenes:0.91325
comic book adaption:0.90775
alter ego:0.90225
dynamic cgi action:0.89975
story:0.89775
teen movie:0.893
marvel:0.88975
family:0.8895
pg-13:0.887
cartoon:0.8815
fighting:0.87575
teens:0.8705
animation:0.8615
series:0.849
vigilante:0.84675
destiny:0.844
comic book:0.83525
fantasy world:0.829
mythology:0.8245
teen:0.8105
wizards:0.80125
cyborgs:0.80125
coming of age:0.79875
graphic novel:0.79825
awesome soundtrack:0.793
fun:0.7925
dark hero:0.78275
good action:0.7575
great ending:0.7545
original:0.742
action packed:0.73925
cool:0.7375
animals:0.729
vengeance:0.71875
adapted from:comic:0.713
shallow:0.71125
sci fi:0.70125
animated:0.69825
friendship:0.69775
dialogue:0.689
demons:0.68775
batman:0.681
silly fun:0.68075
good:0.67825
mutants:0.6755
nocturnal:0.66675
predictable:0.66425
ghosts/afterlife:0.66175
exciting:0.65675
adolescence:0.65275
supernatural:0.6515
animal movie:0.646
kids:0.64075
great:0.6375
special effects:0.63575
good versus evil:0.6345
crude humor:0.63
goth:0.62875
high fantasy:0.62425
harsh:0.623
first contact:0.614
mentor:0.6075
pulp:0.60625
enormously long battle scene:0.60225
talking animals:0.59725
runaway:0.58575
nostalgic:0.58525
fantasy:0.58325
scifi:0.57375
oscar (best music - original song):0.573
kids and family:0.56475
transformation:0.56225
comic:0.55725
children:0.557
sword fight:0.5525
saturn award (best special effects):0.552
bad plot:0.54675
bad cgi:0.54625
sequels:0.5455
adventure:0.54325
light:0.53175
computer animation:0.5305
horror:0.52925
ninja:0.52925
storytelling:0.5275
monster:0.5255
weapons:0.52425
good soundtrack:0.5235
watch the credits:0.514
