western:0.97775
gunfight:0.96225
violent:0.84475
irish accent:0.836
great acting:0.7585
horses:0.7525
original:0.729
runaway:0.69075
based on a play:0.661
harsh:0.65975
enigmatic:0.6585
oscar (best directing):0.64975
oscar (best actress):0.64825
eccentricity:0.644
hunting:0.61925
downbeat:0.61625
depression:0.61475
brutality:0.60775
nudity (full frontal - notable):0.606
gangsters:0.5995
moral ambiguity:0.59
dialogue:0.5875
criterion:0.587
adaptation:0.58375
quirky:0.57775
irish:0.575
greed:0.567
drinking:0.5625
gangs:0.5555
great ending:0.55
adapted from:book:0.544
hitman:0.54375
cross dressing:0.52575
oscar (best supporting actor):0.5195
storytelling:0.5175
insanity:0.5155
death:0.50875
oscar (best supporting actress):0.506
cinematography:0.491
civil war:0.47875
indians:0.47725
imdb top 250:0.476
twist:0.47575
melancholic:0.4735
complex:0.467
pornography:0.459
spaghetti western:0.45625
violence:0.4555
twists & turns:0.451
gritty:0.45025
great:0.44925
stylized:0.449
talky:0.4445
good soundtrack:0.44175
life & death:0.43375
dysfunctional family:0.42225
character study:0.41325
redemption:0.41325
nudity (topless - notable):0.41175
entirely dialogue:0.407
tense:0.4065
police investigation:0.406
weird:0.40425
mentor:0.40175
crime gone awry:0.397
visually appealing:0.39525
crime:0.39475
based on book:0.3915
mob:0.38525
cynical:0.38225
catastrophe:0.3745
surreal:0.37275
cerebral:0.37175
biting:0.36625
intimate:0.365
corruption:0.3625
relationships:0.36175
nudity (topless - brief):0.35925
bleak:0.35575
unusual plot structure:0.34975
1970s:0.347
underrated:0.34675
life philosophy:0.346
anti-hero:0.34575
fantasy world:0.345
writers:0.3445
hotel:0.3445
great movie:0.344
afi 100 (movie quotes):0.34325
oscar (best cinematography):0.3425
predictable:0.342
obsession:0.34075
culture clash:0.33825
sexy:0.3295
vengeance:0.3285
beautiful scenery:0.3275
cult film:0.327
gangster:0.327
light:0.325
organized crime:0.32125
