dark humor:0.9135
crime:0.912
violence:0.834
original:0.8055
good soundtrack:0.772
crime gone awry:0.7395
character study:0.73875
violent:0.7355
quirky:0.724
gunfight:0.6945
black comedy:0.68875
pulp:0.64475
great dialogue:0.63875
dark comedy:0.63525
mob:0.62225
prostitution:0.6
brutality:0.5775
great:0.54475
cult classic:0.5385
talky:0.529
gangsters:0.52625
great movie:0.515
affectionate:0.5095
redemption:0.50875
dialogue:0.50825
criterion:0.50325
stylish:0.497
obsession:0.4865
adaptation:0.46975
grindhouse:0.45325
corruption:0.453
sarcasm:0.44525
melancholic:0.434
police corruption:0.4255
crazy:0.41925
entirely dialogue:0.4135
stylized:0.4065
catastrophe:0.4055
detective:0.40525
weird:0.403
gangster:0.40225
mentor:0.40175
cinematography:0.394
sexy:0.39375
based on a book:0.39325
bloody:0.39075
organized crime:0.3895
hit men:0.38025
interesting:0.3785
existentialism:0.3765
very interesting:0.37275
los angeles:0.36675
enigmatic:0.3625
great ending:0.36075
splatter:0.3605
hotel:0.3575
cool:0.35175
humorous:0.34875
storytelling:0.3465
entertaining:0.3455
pointless:0.345
original plot:0.34475
drinking:0.3415
grim:0.33925
writers:0.3375
hitman:0.3345
pornography:0.33275
robbery:0.33125
based on book:0.32775
dreams:0.32425
life philosophy:0.32325
greed:0.3225
insanity:0.3205
dark hero:0.3185
runaway:0.31775
prison:0.317
twists & turns:0.31575
undercover cop:0.31475
comedy:0.31375
complex:0.31325
harsh:0.31125
loneliness:0.31125
drugs:0.30675
narrated:0.30275
caper:0.3025
culture clash:0.29975
imdb top 250:0.298
unusual plot structure:0.295
suprisingly clever:0.294
adapted from:book:0.292
fun movie:0.29
slapstick:0.28925
not funny:0.28925
nudity (full frontal - brief):0.2875
clever:0.28725
witty:0.287
1970s:0.28675
nudity (full frontal - notable):0.284
gritty:0.28275
writing:0.28275
