shakespeare:0.99475
based on a play:0.95675
tragedy:0.9365
criterion:0.88025
greed:0.86725
murder:0.854
adaptation:0.8485
violent:0.78675
witches:0.768
dark:0.76225
scotland:0.75725
brutality:0.75475
original:0.75325
bloody:0.749
atmospheric:0.74275
melancholic:0.738
oscar (best actress):0.7035
macabre:0.6945
disturbing:0.672
grim:0.64125
police investigation:0.62975
runaway:0.60575
masterpiece:0.5965
betrayal:0.5925
great acting:0.58025
violence:0.5765
corruption:0.57525
insanity:0.57
visceral:0.569
murder mystery:0.5645
guilt:0.56275
dialogue:0.55675
adapted from:book:0.55425
gritty:0.55275
70mm:0.55225
dramatic:0.5345
visual:0.532
oscar (best supporting actress):0.5295
visually stunning:0.5265
manipulation:0.5265
great:0.52325
ominous:0.521
talky:0.5085
light:0.49475
witch:0.493
bleak:0.4915
cinematography:0.48375
interesting:0.47875
oscar (best directing):0.46475
harsh:0.46125
affectionate:0.45775
gothic:0.4465
gruesome:0.4425
creepy:0.44125
complex:0.43925
idealism:0.43775
obsession:0.437
drama:0.43475
weird:0.42925
death:0.42625
culture clash:0.42525
forceful:0.42325
storytelling:0.422
literature:0.4185
breathtaking:0.4175
stylized:0.41675
marriage:0.4135
fight scenes:0.4115
sexy:0.40975
biographical:0.4075
great ending:0.40575
distopia:0.4
intimate:0.38825
catastrophe:0.387
brutal:0.38525
eerie:0.38175
british:0.37975
pornography:0.3785
stunning:0.378
not funny:0.37475
enigmatic:0.373
demons:0.3715
medieval:0.37075
artistic:0.37025
excellent:0.367
cathartic:0.36075
gory:0.35825
based on a book:0.35175
passionate:0.348
allegory:0.34675
photography:0.34575
suprisingly clever:0.3445
assassination:0.34425
1970s:0.33975
period piece:0.33875
reflective:0.336
nudity (full frontal - brief):0.33175
excellent script:0.3315
story:0.33025
mentor:0.32825
