stop motion:0.997
splatter:0.97175
demons:0.9445
horror:0.9385
monster:0.917
franchise:0.88775
murder:0.76275
original:0.75325
predictable:0.7265
gory:0.71775
puppets:0.69025
nudity (topless):0.6525
scary:0.63375
pointless:0.591
halloween:0.578
overrated:0.55075
weapons:0.54875
teens:0.5485
violent:0.53775
so bad it's funny:0.52975
bad plot:0.5275
chase:0.5115
bloody:0.50575
special effects:0.5
fantasy:0.49975
cult film:0.4965
mentor:0.496
violence:0.495
nudity (topless - notable):0.495
monsters:0.494
brutality:0.479
gore:0.476
slasher:0.46425
great ending:0.4605
zombie:0.45825
fantasy world:0.4565
campy:0.45325
revenge:0.44275
weird:0.43925
grindhouse:0.433
stupid as hell:0.4325
first contact:0.43025
suspense:0.4285
hotel:0.428
death:0.421
dialogue:0.41475
blood:0.41425
police investigation:0.40675
doctors:0.4045
boring:0.38575
imdb top 250:0.385
reality tv:0.38425
secrets:0.38225
slapstick:0.38
catastrophe:0.378
based on a video game:0.3775
not funny:0.37
family:0.3635
adaptation:0.3605
surreal:0.36025
lone hero:0.35825
quirky:0.355
god:0.352
dreamlike:0.35125
vengeance:0.3475
goretastic:0.345
camp:0.34275
disaster:0.33975
fight scenes:0.3385
unusual plot structure:0.3365
destiny:0.336
cool:0.335
based on a book:0.335
series:0.334
entirely dialogue:0.3315
pornography:0.33025
serial killer:0.327
nocturnal:0.32425
classic car:0.318
vampire human love:0.3175
good soundtrack:0.31675
stupid:0.3105
mad scientist:0.3095
life philosophy:0.30825
redemption:0.308
idiotic:0.30475
too long:0.29975
story:0.297
sexualized violence:0.29525
gangsters:0.294
transformation:0.293
silly:0.29025
corruption:0.286
supernatural:0.2855
storytelling:0.28425
adventure:0.28375
multiple storylines:0.28275
crude humor:0.28
gangs:0.276
dysfunctional family:0.27525
