world war ii:0.99275
wwii:0.991
best war films:0.983
war:0.97675
wartime:0.957
germany:0.92425
powerful ending:0.8855
german:0.8805
courage:0.8585
true story:0.853
pg-13:0.8515
war movie:0.85125
islam:0.81525
sacrifice:0.7865
dramatic:0.78
prison escape:0.77025
original:0.74375
survival:0.7185
realistic:0.711
based on a true story:0.70475
beautiful scenery:0.686
nazis:0.66825
story:0.6635
great acting:0.6535
culture clash:0.6335
world war i:0.6325
catastrophe:0.63
idealism:0.62425
tense:0.61725
ethnic conflict:0.613
cinematography:0.6105
good:0.60925
dialogue:0.6085
good acting:0.59875
historical:0.59875
intense:0.5975
based on true story:0.59125
unlikely friendships:0.58425
propaganda:0.5795
forceful:0.565
ensemble cast:0.5565
weapons:0.54325
thought-provoking:0.54075
secrets:0.53825
independent film:0.537
foul language:0.537
great:0.534
friendship:0.53375
brutality:0.526
big budget:0.52575
poland:0.52325
great ending:0.51575
violence:0.51525
drama:0.5095
harsh:0.50675
very good:0.498
plot:0.48175
british:0.479
great movie:0.47875
mentor:0.477
factual:0.469
us history:0.4675
feel-good:0.458
humanity:0.45175
redemption:0.447
good soundtrack:0.4415
betrayal:0.43875
berlin:0.43725
movielens top pick:0.4365
low budget:0.43325
stereotypes:0.43125
talky:0.431
nazi:0.42875
storytelling:0.4285
action:0.428
clever:0.4235
honest:0.4165
oscar (best directing):0.415
morality:0.413
prejudice:0.413
unusual plot structure:0.4065
earnest:0.39375
exceptional acting:0.39275
predictable:0.392
revenge:0.392
epic:0.39175
interesting:0.387
suspense:0.385
runaway:0.383
entirely dialogue:0.38275
plot twist:0.38125
excellent:0.381
adapted from:book:0.37925
life philosophy:0.3775
stylized:0.37575
tricky:0.3735
based on book:0.37075
history:0.3685
torture:0.36675
suprisingly clever:0.36675
