splatter:0.9235
homeless:0.917
true story:0.863
dark humor:0.831
original:0.82625
nudity (full frontal - notable):0.82325
life & death:0.78075
based on true story:0.7675
nudity (full frontal):0.74225
nudity (topless):0.7315
bloody:0.7225
compassionate:0.695
disturbing:0.6775
based on a true story:0.67675
horror:0.676
brutality:0.6635
cult film:0.65575
humorous:0.63525
hospital:0.63225
criterion:0.62825
workplace:0.616
social commentary:0.6145
weird:0.6145
absurd:0.60475
great ending:0.5955
enigmatic:0.5935
drinking:0.58475
melancholic:0.578
claustrophobic:0.57625
insanity:0.57275
funny as hell:0.56425
moral ambiguity:0.562
survival:0.556
plot twist:0.54975
satire:0.54675
story:0.53825
character study:0.537
life philosophy:0.53425
black comedy:0.534
writers:0.527
adapted from:book:0.52375
runaway:0.523
cult classic:0.52075
sexualized violence:0.51725
downbeat:0.515
independent film:0.50925
psychological:0.50775
death:0.49875
intense:0.4955
police investigation:0.495
good soundtrack:0.49425
satirical:0.4845
tense:0.47525
violent:0.4745
transformation:0.46875
dark comedy:0.466
harsh:0.463
drama:0.45675
greed:0.45525
ghosts/afterlife:0.45325
humanity:0.45175
light:0.449
existentialism:0.44675
mentor:0.4445
depression:0.44125
loneliness:0.43975
tragedy:0.439
stoner movie:0.43825
mental illness:0.438
redemption:0.4375
adaptation:0.436
drug abuse:0.4345
bleak:0.43225
stereotypes:0.4305
destiny:0.42725
visceral:0.42625
creepy:0.4225
factual:0.4195
drugs:0.4155
interesting:0.4155
pornography:0.41425
golden palm:0.404
road movie:0.4025
unlikely friendships:0.39825
dialogue:0.39325
shallow:0.3905
great acting:0.389
dialogue driven:0.3855
new jersey:0.38025
biographical:0.37925
violence:0.375
catastrophe:0.373
life:0.37225
justice:0.37025
bad ending:0.3665
imdb top 250:0.366
suspense:0.36575
texas:0.36375
brutal:0.361
murder:0.35975
