camp:0.9525
world war ii:0.9425
criterion:0.92475
brutality:0.89225
japan:0.8915
best war films:0.8875
wartime:0.87775
war:0.83925
culture clash:0.837
brutal:0.824
original:0.82325
wwii:0.81575
japanese:0.80825
complex:0.805
good soundtrack:0.804
dramatic:0.7975
unlikely friendships:0.79575
oscar (best actress):0.7845
prison:0.7795
melancholic:0.77575
visceral:0.77075
redemption:0.769
social commentary:0.7545
psychological:0.7505
complex characters:0.75
reflective:0.74925
british:0.74725
cinematography:0.747
great acting:0.73525
violent:0.73075
powerful ending:0.7285
grim:0.72675
friendship:0.7235
violence:0.71525
enigmatic:0.70075
war movie:0.70075
great soundtrack:0.695
downbeat:0.6935
relationships:0.69225
sacrifice:0.68925
golden palm:0.6885
imdb top 250:0.68475
tokyo:0.676
harsh:0.67525
very interesting:0.66925
betrayal:0.665
dialogue:0.66325
life & death:0.6615
talky:0.65975
forceful:0.6555
psychology:0.64925
great ending:0.64625
complicated:0.6365
oscar (best directing):0.63325
pornography:0.6305
intimate:0.6285
guilt:0.627
tragedy:0.6255
drama:0.62075
realistic:0.60575
idealism:0.6045
nudity (full frontal - notable):0.6015
survival:0.59875
atmospheric:0.5845
disturbing:0.5825
suprisingly clever:0.5785
courage:0.57575
gunfight:0.569
1970s:0.569
exceptional acting:0.5685
oscar (best foreign language film):0.56525
adapted from:book:0.55425
morality:0.552
homosexuality:0.5505
story:0.54375
melancholy:0.54275
runaway:0.5385
drinking:0.5255
movielens top pick:0.522
bleak:0.52125
visually appealing:0.521
cerebral:0.52025
music:0.519
masterpiece:0.51675
emotional:0.51
allegory:0.50025
obsession:0.5
1980s:0.5
underrated:0.49975
awesome soundtrack:0.49725
ethnic conflict:0.496
adaptation:0.49525
historical:0.49225
destiny:0.48125
poignant:0.4775
stoner movie:0.47475
foreign:0.4735
history:0.4735
visually stunning:0.47325
tense:0.46775
