comedy:0.98675
sisters:0.98125
funny:0.89875
silly:0.83675
saturday night live:0.823
hilarious:0.81225
family:0.80625
original:0.798
women:0.77175
funny as hell:0.7335
teen movie:0.71975
very funny:0.6265
predictable:0.62075
dysfunctional family:0.61175
parenthood:0.60625
teen:0.598
pg-13:0.59525
drama:0.58975
absurd:0.583
high school:0.57175
humorous:0.56425
stereotypes:0.56375
foul language:0.563
dumb:0.5565
fun movie:0.544
goofy:0.53675
dialogue:0.53175
childhood:0.52925
crude humor:0.51775
so bad it's funny:0.50575
good soundtrack:0.49625
divorce:0.496
weird:0.4945
catastrophe:0.4875
stoner movie:0.48425
idiotic:0.4805
drinking:0.478
family bonds:0.47775
unfunny:0.47475
drugs:0.474
pornography:0.471
dumb but funny:0.47075
weed:0.45925
social commentary:0.45475
male nudity:0.45425
feel-good:0.44
story:0.43775
great ending:0.43375
homeless:0.42575
chick flick:0.42575
marijuana:0.4205
sexy:0.41025
ridiculous:0.40475
family drama:0.404
humor:0.39625
chase:0.39475
adaptation:0.3935
fun:0.3885
feel good movie:0.38775
light:0.382
crazy:0.3725
silly fun:0.3705
runaway:0.3685
better than expected:0.365
justice:0.36325
parody:0.3555
vengeance:0.354
great:0.351
mentor:0.35
betrayal:0.3495
happy ending:0.3435
clever:0.34225
death:0.337
loneliness:0.334
teens:0.333
based on a book:0.3275
storytelling:0.32525
plot holes:0.32
visually appealing:0.31975
interesting:0.316
nudity (topless - notable):0.31575
teenager:0.31375
adoption:0.312
corruption:0.3115
slapstick:0.30925
guilt:0.3055
suprisingly clever:0.30475
melancholic:0.30375
manipulation:0.30075
good:0.29825
unusual plot structure:0.29825
brutality:0.298
writers:0.29775
girlie movie:0.29225
shallow:0.2895
culture clash:0.28875
police investigation:0.288
suspense:0.28775
bad plot:0.285
nudity (full frontal - brief):0.2835
