adapted from:book:0.99025
based on a book:0.97675
based on book:0.95475
book:0.9545
insanity:0.951
adaptation:0.8585
wartime:0.84175
ensemble cast:0.8355
books:0.83425
war:0.82125
original:0.809
satire:0.7945
war movie:0.784
book was better:0.77225
absurd:0.7675
good soundtrack:0.765
anti-war:0.7465
irreverent:0.74625
satirical:0.73775
pornography:0.7115
surreal:0.6905
literature:0.6855
cult classic:0.68375
crazy:0.68275
brutality:0.68
dialogue:0.66125
narrated:0.6495
storytelling:0.6455
complex:0.6395
nudity (full frontal - notable):0.6325
literary adaptation:0.62975
black comedy:0.62375
nudity (full frontal):0.6215
social commentary:0.616
distopia:0.61475
cinematography:0.60275
rebellion:0.5755
sexualized violence:0.56425
oscar (best directing):0.56175
weird:0.5575
dramatic:0.5565
violence:0.5525
imdb top 250:0.552
depressing:0.54875
masterpiece:0.5475
talky:0.54575
great:0.54575
visually appealing:0.5455
fascism:0.54425
harsh:0.53475
runaway:0.533
ironic:0.5305
justice:0.5295
best war films:0.5255
great ending:0.52275
culture clash:0.522
psychological:0.51675
1970s:0.51625
visual:0.5145
dark:0.51175
criterion:0.50825
great movie:0.504
highly quotable:0.5025
quirky:0.5
classic:0.499
stylized:0.49825
clever:0.49425
forceful:0.49275
very funny:0.49
corruption:0.46875
allegory:0.4665
interesting:0.4655
violent:0.4575
drama:0.4545
hilarious:0.4455
twists & turns:0.444
non-linear:0.44275
dark humor:0.4425
dark comedy:0.43875
suprisingly clever:0.4365
pointless:0.436
cerebral:0.43425
powerful ending:0.4335
entirely dialogue:0.4335
biting:0.4305
atmospheric:0.42525
humorous:0.425
great cinematography:0.425
world war ii:0.42475
good:0.422
stylish:0.42175
sarcasm:0.4205
movielens top pick:0.4195
great acting:0.419
surrealism:0.418
beautiful scenery:0.418
bombs:0.4165
exceptional acting:0.4165
catastrophe:0.41
mentor:0.40625
