complex:0.7975
original:0.789
racing:0.78075
first contact:0.7415
predictable:0.72825
horses:0.69025
betrayal:0.66875
story:0.6475
guilt:0.63725
intense:0.63525
pointless:0.6005
storytelling:0.5885
great ending:0.5865
dialogue:0.56625
greed:0.56375
destiny:0.54125
drama:0.5375
homeless:0.5225
bad plot:0.50475
bad script:0.5015
writers:0.485
confusing:0.482
plot holes:0.4785
good:0.477
sci fi:0.4735
stereotypes:0.469
interesting:0.45525
plot:0.45375
redemption:0.44275
mentor:0.44125
justice:0.43925
catastrophe:0.43725
alternate reality:0.433
nudity (topless - notable):0.4325
neo-noir:0.4305
adaptation:0.42975
reflective:0.42725
pornography:0.42475
secrets:0.422
cheating:0.42075
sexual abuse:0.419
great acting:0.416
nudity (full frontal - brief):0.41575
runaway:0.399
police investigation:0.395
con men:0.39125
twists & turns:0.387
corruption:0.38
moral ambiguity:0.37375
visually appealing:0.369
horrible:0.361
script:0.36075
film noir:0.356
not funny:0.35175
detective:0.34575
shallow:0.343
enigmatic:0.34
overrated:0.3385
very interesting:0.338
fight scenes:0.33425
so bad it's funny:0.328
suspense:0.327
melancholic:0.3265
quirky:0.3245
transformation:0.323
pg-13:0.3205
weapons:0.3195
entirely dialogue:0.31875
brutality:0.31625
fantasy world:0.3135
cinematography:0.3075
shopping:0.30525
murder:0.30375
disaster:0.30275
natural disaster:0.30175
idiotic:0.30175
life philosophy:0.301
vengeance:0.2985
existentialism:0.298
special effects:0.297
unusual plot structure:0.29675
cult film:0.29575
twist ending:0.2955
lone hero:0.295
psychological:0.29325
pulp:0.28925
multiple storylines:0.289
thriller:0.288
fantasy:0.28375
big budget:0.283
happy ending:0.2825
crime gone awry:0.2825
franchise:0.2815
identity:0.28025
good soundtrack:0.28
oscar (best directing):0.278
heist:0.278
great:0.27725
cerebral:0.277
violence:0.27275
