visually stunning:0.983
love story:0.9715
visual:0.94725
alone in the world:0.9465
visually appealing:0.946
visuals:0.94475
futuristic:0.939
stunning:0.9085
scifi:0.888
sci fi:0.86825
romance:0.86675
science fiction:0.86075
romantic:0.856
sci-fi:0.8485
fantasy world:0.84525
imagination:0.83675
fantasy:0.8345
fairy tale:0.83325
plot holes:0.80975
parallel universe:0.80925
graphic design:0.79425
story:0.775
first contact:0.7585
storytelling:0.73975
beautiful:0.732
original:0.726
plot:0.72125
technology:0.70475
special effects:0.6925
whimsical:0.67875
beautiful scenery:0.67625
creativity:0.66075
scenic:0.637
big budget:0.63
science:0.62825
life & death:0.60675
cinematography:0.59275
catastrophe:0.5845
amnesia:0.57525
alternate reality:0.57
natural disaster:0.53625
pg-13:0.531
cerebral:0.52725
love:0.52375
beautifully filmed:0.5225
absurd:0.521
transformation:0.519
very interesting:0.511
predictable:0.50875
destiny:0.50725
great ending:0.4935
nudity (topless - notable):0.4805
mars:0.47925
happy ending:0.479
fairy tales:0.475
dialogue:0.47175
breathtaking:0.46625
steampunk:0.46575
silly:0.465
not funny:0.46225
surveillance:0.4535
giant robots:0.45225
magic:0.4425
cgi:0.4415
effects:0.441
future:0.43725
allegory:0.4355
so bad it's funny:0.4295
astronauts:0.429
mentor:0.42525
art:0.42
weird:0.417
great:0.417
memory:0.41325
adventure:0.4125
mythology:0.407
suspense:0.4055
genetics:0.3995
sacrifice:0.39375
bad ending:0.3905
dystopia:0.388
good soundtrack:0.3855
interesting:0.38375
dystopic future:0.382
solitude:0.37775
colourful:0.37475
internet:0.373
post apocalyptic:0.37275
fight scenes:0.36725
dreamlike:0.36625
lone hero:0.3655
alien invasion:0.36475
end of the world:0.3645
latin america:0.36075
melancholic:0.36075
greed:0.35675
segregation:0.3565
alternate universe:0.35375
dreams:0.3515
oil:0.34925
