vampires:0.994
vampire:0.962
based on a book:0.958
adapted from:book:0.93525
based on book:0.921
books:0.88575
spiders:0.82775
book was better:0.785
adaptation:0.7585
book:0.6975
original:0.64375
immortality:0.61775
mentor:0.60875
special effects:0.60325
dialogue:0.5765
teen:0.5705
fantasy world:0.5405
fantasy:0.53325
story:0.52775
teen movie:0.4965
vampire human love:0.4575
fun movie:0.435
predictable:0.41975
fight scenes:0.4075
catastrophe:0.40525
transformation:0.39175
pg-13:0.39075
great ending:0.3875
adventure:0.381
shallow:0.38025
goth:0.37825
franchise:0.37175
teens:0.3655
script:0.353
bad acting:0.3525
destiny:0.34725
sexy:0.33225
camp:0.3315
nocturnal:0.32875
runaway:0.32025
entertaining:0.30725
good soundtrack:0.3065
bad plot:0.30525
betrayal:0.29575
not funny:0.2955
very funny:0.28625
silly:0.28325
stylized:0.283
unfunny:0.27775
action:0.276
werewolf:0.275
horrible:0.27425
life philosophy:0.273
fun:0.27125
brutality:0.26
lone hero:0.25875
school:0.257
weird:0.25525
dark fantasy:0.25475
bdsm:0.2525
original plot:0.249
first contact:0.24725
supernatural:0.247
obsession:0.2465
blood:0.2455
visually appealing:0.24475
good:0.24325
weapons:0.24225
quirky:0.2395
crude humor:0.2385
witches:0.23525
alter ego:0.234
storytelling:0.233
magic:0.23275
visually stunning:0.2325
twists & turns:0.2315
awesome soundtrack:0.231
great:0.2295
wizards:0.2295
silly fun:0.22775
teenagers:0.22675
parallel universe:0.2265
scary:0.22475
overrated:0.21875
so bad it's funny:0.21875
entirely dialogue:0.21575
visual:0.21325
werewolves:0.2075
high school:0.20625
male nudity:0.205
better than expected:0.2035
melancholic:0.203
justice:0.19925
sequels:0.197
imdb top 250:0.1965
greed:0.1945
slapstick:0.19375
series:0.1925
atmospheric:0.18925
natural disaster:0.189
