god:0.97975
christian:0.958
biblical:0.9415
jesus:0.9105
christianity:0.88025
so bad it's funny:0.878
predictable:0.86075
special effects:0.8475
secret service:0.8015
islam:0.80125
franchise:0.77825
original:0.77425
horrible:0.76825
bad plot:0.7475
big budget:0.73925
end of the world:0.7355
religion:0.7255
stupid as hell:0.717
devil:0.71425
natural disaster:0.689
bad acting:0.68725
action:0.68475
family:0.67
idiotic:0.66375
destiny:0.65825
lame:0.644
pointless:0.642
conspiracy theory:0.62425
bad cgi:0.614
mentor:0.60525
computer animation:0.58975
story:0.58725
fantasy world:0.563
atheism:0.56275
great ending:0.55275
based on a book:0.548
action packed:0.5475
crappy sequel:0.5435
disaster:0.5375
good:0.53125
lone hero:0.531
catastrophe:0.5245
cheesy:0.5175
silly:0.5165
powerful ending:0.5115
remake:0.502
dialogue:0.4955
bad:0.49475
overrated:0.48975
first contact:0.48825
bullshit history:0.4875
adventure:0.48675
exceptional acting:0.486
silly fun:0.4845
fantasy:0.48175
judaism:0.4705
stupid:0.46225
plot holes:0.458
intense:0.45775
books:0.45375
apocalypse:0.4525
weapons:0.44525
shallow:0.44325
ridiculous:0.43725
violence:0.437
happy ending:0.4345
writers:0.42725
not as good as the first:0.4175
demons:0.414
stage magic:0.41175
feel good movie:0.40775
sci fi:0.4075
pg-13:0.3995
mythology:0.399
sequel:0.396
great:0.39525
not funny:0.3945
pulp:0.39225
police investigation:0.38925
new york:0.386
betrayal:0.385
life philosophy:0.3845
monster:0.37725
adaptation:0.377
stereotypes:0.3755
based on book:0.37375
unfunny:0.37125
fashion:0.371
fight scenes:0.37
brutality:0.36675
twists & turns:0.36325
vengeance:0.36275
cult film:0.35425
propaganda:0.3525
corruption:0.349
entirely dialogue:0.343
torture:0.3415
unusual plot structure:0.33975
feel-good:0.33775
murder:0.32875
