based on a tv show:0.97775
silly fun:0.95025
parody:0.9075
animation:0.90675
cartoon:0.86575
franchise:0.857
stop motion:0.8375
goofy:0.8305
silly:0.792
original:0.772
fun movie:0.771
series:0.72425
weird:0.724
talking animals:0.693
computer animation:0.67125
fantasy world:0.66825
crude humor:0.6555
superheroes:0.654
aardman studios:0.644
creativity:0.6295
giant robots:0.6245
adventure:0.62075
hilarious:0.611
super-hero:0.59475
irreverent:0.5915
kids:0.591
dialogue:0.5895
funny as hell:0.58475
underwater:0.584
oscar (best editing):0.57775
very funny:0.577
superhero:0.57175
3d:0.544
stupid as hell:0.541
stop-motion:0.53425
whimsical:0.52325
fight scenes:0.5205
childhood:0.51875
humorous:0.507
fun:0.49875
animated:0.48425
story:0.46825
satire:0.462
nostalgic:0.4615
slapstick:0.46075
super hero:0.45475
muppets:0.44575
spoof:0.444
humor:0.43925
funny:0.43675
family:0.4345
pointless:0.4315
surreal:0.43025
great ending:0.42875
brutality:0.4255
made for tv:0.42325
action:0.42075
brainwashing:0.41975
clever:0.41725
children:0.41425
chase:0.41425
catastrophe:0.41075
censorship:0.40775
magic:0.40625
nudity (full frontal - brief):0.4045
complex:0.39525
good soundtrack:0.393
great:0.39075
redemption:0.3895
sarcasm:0.3885
action packed:0.3865
dumb but funny:0.38125
mentor:0.3785
storytelling:0.3765
first contact:0.3715
comedy:0.36275
time travel:0.358
space:0.34425
sacrifice:0.34325
unusual plot structure:0.343
secrets:0.33925
entirely dialogue:0.338
visual:0.33425
screwball:0.3335
absurd:0.3325
stylized:0.32825
dark hero:0.32725
stupidity:0.32075
nostalgia:0.319
nudity (full frontal - notable):0.3185
enigmatic:0.317
free speech:0.3165
holiday:0.31575
runaway:0.31525
reality tv:0.31225
mad scientist:0.308
unfunny:0.307
predictable:0.30675
unlikely friendships:0.3065
stand-up comedy:0.3065
