horror:0.98575
splatter:0.969
cult classic:0.874
werewolves:0.866
monster:0.83725
mummy:0.8335
monsters:0.83125
fun movie:0.815
teens:0.7805
gory:0.763
werewolf:0.73325
creepy:0.72025
goofy:0.71625
original:0.7035
80s:0.69925
demons:0.6595
campy:0.6375
teen movie:0.61625
cult film:0.613
grindhouse:0.59
fun:0.57525
transformation:0.573
cheesy:0.549
violence:0.547
blood:0.541
zombie:0.5395
scary:0.5385
silly:0.52625
vampires:0.52625
supernatural:0.5235
dialogue:0.521
weird:0.50625
great ending:0.4965
mad scientist:0.4915
storytelling:0.4895
spoof:0.48375
camp:0.4825
cult:0.46725
predictable:0.46175
dark humor:0.45975
zombies:0.45125
vampire:0.44175
entertaining:0.44125
teen:0.4395
mentor:0.4385
goretastic:0.42875
slasher:0.42125
visceral:0.41925
special effects:0.41525
bloody:0.41425
gore:0.4055
awesome soundtrack:0.40275
catastrophe:0.4025
vampire human love:0.39925
cool:0.39725
so bad it's funny:0.3955
good:0.39175
good soundtrack:0.38375
great:0.382
fight scenes:0.369
macabre:0.3645
melancholic:0.36175
low budget:0.35975
first contact:0.3555
fantasy world:0.343
bad acting:0.339
entirely dialogue:0.3335
gothic:0.333
story:0.333
effects:0.33275
sci fi:0.3295
atmospheric:0.327
not funny:0.32675
fast paced:0.3255
computer animation:0.3255
death:0.32525
brutality:0.325
police investigation:0.3175
nudity (topless):0.3145
nudity (full frontal - notable):0.30775
creativity:0.305
clever:0.30375
action packed:0.3015
unusual plot structure:0.299
absurd:0.29825
classic:0.29525
action:0.2925
imdb top 250:0.2925
suspense:0.292
destiny:0.29
silly fun:0.2835
multiple storylines:0.28325
quotable:0.2825
runaway:0.28025
high school:0.2795
nudity (full frontal - brief):0.27225
fantasy:0.27125
great movie:0.26875
overrated:0.2675
adaptation:0.26475
