documentary:0.8585
life philosophy:0.7265
so bad it's funny:0.70525
catastrophe:0.65375
life & death:0.6425
original:0.5805
classic car:0.556
natural disaster:0.5545
life:0.49475
drinking:0.46225
storytelling:0.4205
addiction:0.42
mentor:0.408
inspirational:0.40475
amy smart:0.3755
greed:0.3735
melancholic:0.3665
great:0.36425
single father:0.35725
not funny:0.34625
feel-good:0.3365
educational:0.32675
survival:0.3215
oscar (best supporting actress):0.31625
death:0.311
food:0.3105
beautiful scenery:0.31025
good:0.306
transformation:0.306
unfunny:0.304
loneliness:0.30025
first contact:0.29775
grindhouse:0.29725
great ending:0.28975
lone hero:0.2885
god:0.27
inspiring:0.267
corruption:0.26675
disaster:0.2655
suprisingly clever:0.2625
hospital:0.258
social commentary:0.255
queer:0.254
road trip:0.252
story:0.25175
propaganda:0.242
animals:0.2415
death penalty:0.24125
cartoon:0.23475
feel good movie:0.23475
dialogue:0.233
downbeat:0.23275
israel:0.22975
fashion:0.22525
excellent script:0.2245
doctors:0.224
stereotypes:0.21925
new jersey:0.217
adaptation:0.21475
cancer:0.2145
women:0.2135
atheism:0.2135
environmental:0.21325
criterion:0.211
visually appealing:0.20825
aardman studios:0.20725
alone in the world:0.20675
fighting the system:0.20525
teen movie:0.20375
overrated:0.20175
fantasy world:0.201
predictable:0.2005
computer animation:0.19925
pornography:0.19825
idealism:0.198
oscar (best directing):0.1925
artist:0.1925
political:0.1915
unusual plot structure:0.1915
runaway:0.1915
oscar winner:0.18925
oscar (best actress):0.188
transgender:0.1875
oil:0.1875
insanity:0.185
entertaining:0.18325
brutality:0.18225
entirely dialogue:0.18175
adapted from:book:0.1805
creativity:0.179
reality tv:0.179
solitude:0.17625
childhood:0.17625
sports:0.17625
internet:0.176
musicians:0.1745
sequels:0.17375
silly fun:0.17325
dramatic:0.1715
math:0.17125
