romantic:0.981
bittersweet:0.95575
vienna:0.953
talky:0.9525
relationships:0.94675
dialogue driven:0.93875
love:0.9335
imdb top 250:0.9295
dialogue:0.912
intimate:0.90375
paris:0.90275
loneliness:0.894
romance:0.893
love story:0.88625
reflective:0.87425
original:0.86025
writer's life:0.8565
philosophical:0.855
melancholic:0.828
life philosophy:0.80375
cerebral:0.78675
honest:0.782
existentialism:0.781
great ending:0.77875
philosophy:0.75675
emotional:0.74975
writers:0.7445
sequels:0.73275
intellectual:0.7305
cinematography:0.71825
realistic:0.712
destiny:0.71025
wistful:0.702
slow paced:0.69975
beautiful scenery:0.6965
great dialogue:0.69175
storytelling:0.685
interesting:0.679
intelligent:0.6765
sequel:0.671
sweet:0.6605
beautifully filmed:0.6595
quirky:0.658
independent film:0.65425
witty:0.653
great acting:0.65125
melancholy:0.651
social commentary:0.64925
good soundtrack:0.64375
visually appealing:0.63875
good dialogue:0.637
entirely dialogue:0.629
thought-provoking:0.614
life:0.61125
life & death:0.60175
enigmatic:0.6015
idealism:0.59875
solitude:0.594
passionate:0.591
happy ending:0.58925
affectionate:0.5865
touching:0.5845
atmospheric:0.5775
poignant:0.574
memory:0.5665
suprisingly clever:0.5635
complex:0.55175
character study:0.5425
narrated:0.542
oscar (best writing - screenplay written directly for the screen):0.53875
mentor:0.53475
criterion:0.53275
drama:0.53075
indie:0.527
excellent script:0.526
whimsical:0.52475
depression:0.5225
feel-good:0.51275
clever:0.511
cynical:0.499
unusual plot structure:0.49725
very interesting:0.4915
good acting:0.48375
breathtaking:0.48325
oscar (best directing):0.48025
masterpiece:0.476
beautiful:0.47375
golden palm:0.45675
light:0.4565
nonlinear:0.456
story:0.45375
nostalgic:0.4525
transformation:0.45075
artistic:0.44725
dreams:0.44675
culture clash:0.4445
drinking:0.444
good sequel:0.441
great:0.4345
catastrophe:0.4335
