slasher:0.99625
franchise:0.99425
horror:0.98175
serial killer:0.9715
teens:0.96675
murder:0.95975
camp:0.94325
nudity:0.87975
splatter:0.86125
original:0.83275
scary:0.76125
campy:0.7555
effects:0.754
series:0.74275
halloween:0.728
predictable:0.6835
bad plot:0.68275
teenagers:0.68175
good sequel:0.68
bloody:0.67275
teen movie:0.671
pointless:0.66225
great ending:0.6615
pornography:0.65625
idiotic:0.6465
goofy:0.64225
brutality:0.63925
cheesy:0.6365
nudity (topless):0.632
sequel:0.6255
80s:0.614
gory:0.607
violence:0.60175
bad acting:0.58225
gruesome:0.57375
suspense:0.5325
weapons:0.5185
suspenseful:0.512
death:0.51175
3d:0.502
fun movie:0.50075
gore:0.50025
overrated:0.49775
cult film:0.49325
cool:0.487
supernatural:0.47925
dialogue:0.469
so bad it's funny:0.45575
stupid as hell:0.45375
special effects:0.4535
crappy sequel:0.45225
mentor:0.45025
teen:0.4455
stupid:0.44125
sequels:0.4335
grindhouse:0.4305
revenge:0.4295
not funny:0.40475
sexualized violence:0.394
creepy:0.3925
nudity (full frontal):0.389
catastrophe:0.38725
chase:0.38575
demons:0.38525
blood:0.3835
violent:0.3805
horrible:0.3795
adaptation:0.37725
ridiculous:0.3765
first contact:0.3725
storytelling:0.3685
vengeance:0.3645
fight scenes:0.36375
multiple storylines:0.36175
family:0.36025
shallow:0.356
nudity (full frontal - notable):0.351
good soundtrack:0.35025
sexy:0.35025
reality tv:0.34925
sci fi:0.349
fantasy world:0.348
brutal:0.3475
entirely dialogue:0.3435
destiny:0.33725
technology:0.3295
good:0.32825
fun:0.328
police investigation:0.32175
action packed:0.315
intense:0.31425
cult classic:0.312
silly:0.30925
weed:0.29975
road movie:0.299
lame:0.29825
stoner movie:0.29725
nudity (topless - notable):0.2955
gangsters:0.2945
visually appealing:0.29375
