creepy:0.98025
psychological:0.95575
tense:0.95175
psychology:0.95
horror:0.93725
eerie:0.92125
great ending:0.89775
sisters:0.85425
atmospheric:0.85075
stylized:0.847
supernatural:0.8435
cinematography:0.84025
weird:0.8335
original:0.82075
dark:0.80525
frightening:0.795
ghosts:0.78725
complex:0.75425
stylish:0.753
twist ending:0.748
storytelling:0.74775
beautifully filmed:0.746
ominous:0.742
guilt:0.73075
twists & turns:0.73025
insanity:0.727
cerebral:0.7095
twist:0.70225
family drama:0.69325
suspense:0.6915
disturbing:0.6895
enigmatic:0.67825
mental illness:0.662
plot twist:0.66025
goth:0.65775
dreamlike:0.65325
scary:0.6515
claustrophobic:0.64575
visceral:0.642
secrets:0.64075
masterpiece:0.63975
bleak:0.635
macabre:0.62975
haunted house:0.6265
paranoid:0.62425
visually stunning:0.60925
social commentary:0.607
surprise ending:0.602
stunning:0.5985
vengeance:0.5945
criterion:0.5935
death:0.592
life & death:0.59
violent:0.589
story:0.58725
drama:0.58375
confusing:0.57975
visual:0.573
cult classic:0.5715
great acting:0.57075
visually appealing:0.56875
melancholic:0.56525
intense:0.56425
nocturnal:0.553
violence:0.551
melancholy:0.55075
brutality:0.54925
good soundtrack:0.53525
imaginary friend:0.5325
breathtaking:0.5265
harsh:0.52575
hospital:0.52325
imagination:0.52275
slow paced:0.519
intimate:0.51475
mystery:0.507
obsession:0.50125
good acting:0.498
surreal:0.49325
thriller:0.4905
slow:0.489
gory:0.4885
moody:0.48575
runaway:0.4855
pornography:0.485
allegory:0.476
exceptional acting:0.47525
meditative:0.4745
forceful:0.47275
strange:0.47125
grim:0.46625
talky:0.466
culture clash:0.4625
paranoia:0.46125
fantasy world:0.455
loneliness:0.45475
sexualized violence:0.45375
life philosophy:0.4505
doctors:0.4505
imdb top 250:0.4455
