based on a tv show:0.99275
ninja:0.953
original:0.79275
mentor:0.77425
predictable:0.71975
franchise:0.7185
superheroes:0.7125
fight scenes:0.69975
special effects:0.68725
nostalgic:0.6725
family:0.67225
kids:0.6595
superhero:0.64225
action:0.6155
childhood:0.60125
awesome soundtrack:0.5995
pulp:0.5965
corny:0.5795
children:0.5775
weapons:0.55875
dialogue:0.55075
fantasy:0.544
bad plot:0.53925
super hero:0.52725
bad cgi:0.5115
violence:0.50675
cheesy:0.50575
computer animation:0.50075
overrated:0.48975
runaway:0.47825
kung fu:0.46525
silly fun:0.46075
disaster:0.45675
good versus evil:0.456
horrible:0.45325
fun:0.45075
fun movie:0.44525
stylized:0.44375
destiny:0.43275
adventure:0.4245
silly:0.4235
first contact:0.418
goofy:0.41475
brutality:0.409
dinosaurs:0.4085
nostalgia:0.4065
so bad it's funny:0.40125
entirely dialogue:0.392
cool:0.3845
dreamlike:0.37675
sci fi:0.37425
computer game:0.37375
catastrophe:0.37025
adaptation:0.3695
existentialism:0.36575
camp:0.364
natural disaster:0.36025
great ending:0.35525
redemption:0.355
slapstick:0.34875
adapted from:comic:0.348
television:0.346
series:0.344
happy ending:0.33725
allegory:0.3325
big budget:0.33
death:0.3275
fighting:0.3235
fantasy world:0.321
storytelling:0.319
bad acting:0.317
great:0.31225
life philosophy:0.3105
sci-fi:0.31025
based on a video game:0.3085
story:0.306
teen movie:0.305
not funny:0.3015
pornography:0.296
unusual plot structure:0.295
chase:0.29475
light:0.29325
bullying:0.2925
melancholic:0.29
stupidity:0.28925
lone hero:0.289
memory:0.2865
pointless:0.2865
multiple storylines:0.2835
science fiction:0.28325
quirky:0.28175
justice:0.27925
nudity (topless - notable):0.27375
super-hero:0.27325
very funny:0.272
crude humor:0.27175
geeks:0.27125
dysfunctional family:0.2705
vengeance:0.27025
teen:0.26625
