based on a book:0.95075
horror:0.9435
irish accent:0.92425
monsters:0.92025
monster:0.888
demons:0.86725
original:0.85775
irish:0.8225
bloody:0.7845
mythology:0.75425
story:0.7235
gory:0.70675
creepy:0.703
80s:0.7005
murder:0.6965
scary:0.671
special effects:0.663
silly:0.65875
blood:0.65875
adaptation:0.65325
so bad it's funny:0.65
splatter:0.644
cult film:0.64225
brutality:0.63975
low budget:0.63075
cult classic:0.6145
fantasy:0.61075
creativity:0.60625
first contact:0.60125
dark fantasy:0.59475
bad acting:0.59425
predictable:0.5935
dark:0.59175
weird:0.58575
dialogue:0.5825
storytelling:0.5815
sci fi:0.58
great ending:0.573
effects:0.54825
violence:0.544
cult:0.53725
transformation:0.52575
ireland:0.5205
mad scientist:0.516
good soundtrack:0.5105
cheesy:0.50975
lame:0.506
mentor:0.50175
stop motion:0.49875
light:0.4965
goofy:0.48575
fantasy world:0.481
family:0.474
disturbing:0.4675
campy:0.4625
nudity (topless):0.45575
bad plot:0.4555
multiple storylines:0.45425
twist ending:0.4525
god:0.43575
supernatural:0.43475
sci-fi:0.417
intense:0.41575
violent:0.4105
ominous:0.403
surreal:0.396
gore:0.39225
catastrophe:0.3905
sexualized violence:0.3885
nocturnal:0.388
writers:0.38675
justice:0.37925
scifi:0.37875
great movie:0.37175
fun:0.3695
suspense:0.3675
devil:0.366
gruesome:0.36025
books:0.35975
quirky:0.359
overrated:0.35775
entirely dialogue:0.35775
pointless:0.35675
imdb top 250:0.3495
fun movie:0.34725
remake:0.343
silly fun:0.3425
franchise:0.34025
good:0.33925
great:0.339
weapons:0.3365
nudity:0.3335
redemption:0.33275
awful:0.329
grindhouse:0.32575
atmospheric:0.3245
based on book:0.32375
not funny:0.31875
police investigation:0.31775
fight scenes:0.315
