fake documentary:0.9885
mockumentary:0.8675
satire:0.71275
original:0.71075
absurd:0.60875
pornography:0.6015
independent film:0.58925
goofy:0.55825
documentary:0.529
obsession:0.527
satirical:0.5265
reality tv:0.51325
clever:0.4685
fun movie:0.45475
relationships:0.45
silly fun:0.44925
enigmatic:0.43625
mentor:0.4205
great ending:0.41975
quirky:0.4185
catastrophe:0.406
cult film:0.4015
writers:0.399
weird:0.385
humorous:0.3845
grindhouse:0.359
cult classic:0.3555
storytelling:0.35425
unusual plot structure:0.34525
deadpan:0.33675
dialogue:0.33275
very interesting:0.33
police investigation:0.3285
graphic design:0.3205
parody:0.31875
directorial debut:0.31625
melancholic:0.30475
criterion:0.3025
great:0.30225
manipulation:0.29675
guilt:0.292
death:0.28975
vengeance:0.28725
life philosophy:0.28725
so bad it's funny:0.28675
unfunny:0.28375
fun:0.2825
stylized:0.27825
insanity:0.27675
sci fi:0.27525
entirely dialogue:0.274
spelling bee:0.27125
gangsters:0.26975
fantasy world:0.269
hilarious:0.26825
good soundtrack:0.26775
social commentary:0.26375
psychiatry:0.26375
cerebral:0.263
very funny:0.262
nudity (topless - notable):0.2615
brutality:0.2595
beautiful scenery:0.25675
nudity (full frontal - notable):0.253
runaway:0.25025
scotland:0.24925
adaptation:0.24825
not funny:0.248
oscar (best supporting actress):0.2445
predictable:0.2425
new jersey:0.235
factual:0.2275
crazy:0.227
interesting:0.22525
twists & turns:0.224
bad ending:0.22375
light:0.221
classic car:0.2195
greed:0.21825
existentialism:0.21725
sexualized violence:0.21375
affectionate:0.2135
loneliness:0.21325
first contact:0.21175
excellent script:0.21175
visually appealing:0.21125
narrated:0.2085
lone hero:0.2085
slapstick:0.20775
suprisingly clever:0.20625
intimate:0.2055
overrated:0.20125
silly:0.20025
corporate america:0.19975
weapons:0.1995
entertaining:0.198
transformation:0.19425
bizarre:0.19025
destiny:0.19
british:0.188
