murder mystery:0.98825
mystery:0.9705
ensemble cast:0.9355
murder:0.93375
secrets:0.89025
twists & turns:0.88475
clever:0.876
complicated plot:0.8465
dialogue:0.82875
complex:0.82625
great acting:0.82375
stylish:0.815
plot twist:0.79625
macabre:0.7735
fun movie:0.755
witty:0.75425
suspense:0.74675
interesting:0.74575
police investigation:0.73975
runaway:0.72875
talky:0.71825
original:0.71525
light:0.68875
thriller:0.67775
creativity:0.65225
mentor:0.6455
suspenseful:0.644
corruption:0.64275
unusual plot structure:0.64125
crime gone awry:0.6405
obsession:0.63975
great:0.63775
twist:0.6355
great movie:0.63475
complicated:0.6245
nostalgic:0.6205
great ending:0.6125
fun:0.61125
sexy:0.61
tense:0.60925
hollywood:0.60675
greed:0.59
oscar (best actress):0.58775
death:0.579
good soundtrack:0.578
criterion:0.57575
affectionate:0.57125
manipulation:0.5635
detective:0.559
twist ending:0.552
visually appealing:0.55175
pornography:0.55025
very good:0.55
passionate:0.54725
entirely dialogue:0.546
crime:0.53125
chase:0.52775
1970s:0.519
intelligent:0.5165
intense:0.51325
investigation:0.51075
good:0.51025
cheating:0.508
tragedy:0.5075
entertaining:0.50175
oscar (best directing):0.50125
storytelling:0.49775
identity:0.4965
cerebral:0.49625
tricky:0.4905
earnest:0.487
very interesting:0.48
drinking:0.47475
doctors:0.47425
writers:0.47
adaptation:0.4685
melancholic:0.46
betrayal:0.457
conspiracy:0.45475
oscar (best supporting actress):0.453
ironic:0.45075
adultery:0.45075
catastrophe:0.4505
good acting:0.44575
serial killer:0.445
psychological:0.44475
claustrophobic:0.44
based on a play:0.43725
golf:0.437
excellent script:0.43625
nudity (topless - brief):0.43425
dramatic:0.4325
eccentricity:0.4265
robert downey jr:0.42625
quotable:0.42625
oscar winner:0.4235
gangsters:0.41325
sexualized violence:0.405
weird:0.40325
satire:0.403
