police corruption:0.98275
corruption:0.97625
serial killer:0.9595
investigation:0.95625
police:0.95125
crime:0.9155
murder:0.9085
police investigation:0.903
talky:0.7995
brutality:0.797
violence:0.7855
forceful:0.764
dark:0.74575
criterion:0.741
enigmatic:0.73925
original:0.7315
detective:0.729
noir:0.71975
trilogy:0.718
gritty:0.69225
runaway:0.68725
gunfight:0.66625
justice:0.66075
cerebral:0.62625
very interesting:0.61075
conspiracy:0.60375
obsession:0.60325
drama:0.60075
unusual plot structure:0.5855
reality tv:0.57925
storytelling:0.5765
moral ambiguity:0.5675
dark hero:0.55975
hunting:0.55875
complex:0.55825
pornography:0.5505
tense:0.55
stylish:0.5495
great ending:0.54275
interesting:0.54025
betrayal:0.53825
guilt:0.532
suspense:0.5265
nocturnal:0.5165
revenge:0.51625
atmospheric:0.51325
greed:0.50075
crime gone awry:0.50025
film noir:0.49925
british:0.4985
distopia:0.4925
melancholic:0.48975
chase:0.489
hallucinatory:0.488
moody:0.48725
golden palm:0.482
noir thriller:0.47075
gangsters:0.469
character study:0.461
biting:0.456
bloody:0.45425
mentor:0.4515
bleak:0.448
stylized:0.44025
murder mystery:0.43725
harsh:0.4365
surreal:0.436
sexualized violence:0.4325
vigilantism:0.427
manipulation:0.4155
adaptation:0.412
catastrophe:0.4075
dialogue:0.40275
mob:0.39925
organized crime:0.39725
dramatic:0.3875
nudity (full frontal - brief):0.386
allegory:0.385
paranoid:0.38425
alter ego:0.384
adapted from:book:0.3805
entirely dialogue:0.37425
complicated:0.374
paranoia:0.37225
not funny:0.37
suspenseful:0.355
twists & turns:0.3525
1980s:0.348
disturbing:0.344
visceral:0.341
great:0.3405
made for tv:0.34025
story:0.3395
cinematography:0.33925
affectionate:0.33725
cult classic:0.33725
intense:0.33525
art:0.33475
writers:0.332
series:0.33175
