artistic:0.933
romantic:0.84575
enigmatic:0.844
art:0.83425
beautifully filmed:0.82575
romance:0.7995
oscar (best actress):0.79675
love story:0.7715
intimate:0.7675
life & death:0.7665
eerie:0.74625
artist:0.74475
obsession:0.73275
cinematography:0.7325
breathtaking:0.72875
criterion:0.70175
fantasy:0.693
melancholy:0.6715
black and white:0.6675
bittersweet:0.66675
reflective:0.66025
life philosophy:0.654
imagination:0.64525
stunning:0.64225
passionate:0.64075
original:0.62875
runaway:0.60475
visually stunning:0.6045
police investigation:0.58125
adapted from:book:0.5615
beautiful scenery:0.55975
beautiful:0.5575
harsh:0.5555
dreamlike:0.55325
oscar (best writing - screenplay written directly for the screen):0.549
atmospheric:0.544
dreams:0.54
mystery:0.53975
sexualized violence:0.53475
photography:0.53375
nudity (full frontal - notable):0.52625
melancholic:0.51325
fantasy world:0.5025
cerebral:0.493
secrets:0.49225
visual:0.491
suprisingly clever:0.48475
gunfight:0.483
irish accent:0.47175
talky:0.46075
underrated:0.459
mentor:0.4535
pornography:0.451
adolescence:0.44375
excellent script:0.44275
twists & turns:0.44025
classic:0.4335
great acting:0.43125
strange:0.4305
imdb top 250:0.42925
masterpiece:0.4255
whimsical:0.41925
relationships:0.4185
entirely dialogue:0.41825
memory:0.413
love:0.4125
ghosts/afterlife:0.41125
storytelling:0.4085
special effects:0.402
oscar (best supporting actress):0.39525
idealism:0.39325
catastrophe:0.3915
colourful:0.38575
cynical:0.383
magic:0.38275
poignant:0.3805
loneliness:0.38
very interesting:0.3795
excellent:0.37475
dialogue:0.371
nocturnal:0.37075
adaptation:0.36775
death:0.36725
male nudity:0.36225
great ending:0.36175
allegory:0.3595
scenic:0.35825
oscar (best directing):0.35475
great:0.35275
vengeance:0.3495
culture clash:0.34875
downbeat:0.34875
oscar (best cinematography):0.34825
transformation:0.3425
modern fantasy:0.337
childhood:0.33325
aging:0.32875
tricky:0.32425
redemption:0.32375
british:0.3215
