spoof:0.99825
parody:0.994
comedy:0.9785
goofy:0.94675
sci-fi:0.93375
space opera:0.93225
funny:0.92875
funniest movies:0.921
space:0.91925
hilarious:0.912
silly fun:0.905
science fiction:0.887
scifi:0.88425
sci fi:0.87325
space travel:0.8705
funny as hell:0.85375
very funny:0.7855
humor:0.78425
humorous:0.7645
quotable:0.75475
original:0.74325
great movie:0.71875
cult classic:0.6985
scifi cult:0.69125
silly:0.685
satire:0.67925
great:0.6745
slapstick:0.66425
chase:0.65225
alien:0.63975
star wars:0.63525
great ending:0.63075
trilogy:0.62425
crude humor:0.6205
dumb but funny:0.60625
cult film:0.578
classic:0.56425
fun movie:0.56025
absurd:0.5565
highly quotable:0.55375
fantasy world:0.55025
desert:0.54575
storytelling:0.53425
dark:0.53375
pg-13:0.5305
good:0.527
light:0.5135
clever:0.51175
stupidity:0.5115
dialogue:0.49925
mentor:0.49375
suprisingly clever:0.49275
farce:0.49025
destiny:0.48825
weird:0.486
vengeance:0.4805
underrated:0.47875
special effects:0.47775
visual:0.474
gunfight:0.46725
product placement:0.467
idiotic:0.46475
catastrophe:0.4615
adventure:0.45775
aliens:0.45725
off-beat comedy:0.4325
fun:0.41975
franchise:0.417
dumb:0.41575
stupid:0.413
satirical:0.4035
saturday night live:0.3935
good soundtrack:0.39175
70mm:0.3885
hillarious:0.388
unfunny:0.386
fantasy:0.38175
futuristic:0.3785
comic:0.37775
transformation:0.37325
medieval:0.373
first contact:0.37125
story:0.37075
unusual plot structure:0.37
melancholic:0.36675
runaway:0.36475
technology:0.3555
existentialism:0.355
allegory:0.352
mythology:0.35125
brutality:0.347
original plot:0.345
cult:0.34275
life & death:0.34225
nerds:0.3395
80s:0.337
good versus evil:0.33675
lone hero:0.33625
adaptation:0.33525
life philosophy:0.335
