visually appealing:0.93525
based on a book:0.9205
adolescence:0.91475
innocence lost:0.8955
loneliness:0.893
meditative:0.888
cinematography:0.8785
good soundtrack:0.8745
melancholic:0.85525
original:0.8395
time loop:0.81925
existentialism:0.81175
intimate:0.81125
teenagers:0.80525
art house:0.8045
weird:0.79475
complex:0.78525
amazing cinematography:0.76125
enigmatic:0.76
storytelling:0.7585
murder:0.75075
teenager:0.745
golden palm:0.74275
pornography:0.7415
slow:0.737
artsy:0.73075
guilt:0.716
non-linear:0.712
death:0.71125
bleak:0.711
coming of age:0.698
pretentious:0.696
criterion:0.69525
hallucinatory:0.69
character study:0.68875
dialogue:0.681
pointless:0.67775
harsh:0.66425
violent:0.65925
narrated:0.64925
teen:0.64575
stylized:0.639
dreamlike:0.62525
obsession:0.61875
intense:0.61675
life & death:0.6145
teen movie:0.61025
melancholy:0.6065
crime:0.605
reflective:0.5955
social commentary:0.5905
cerebral:0.584
indie:0.57275
story:0.5725
realistic:0.56875
crime gone awry:0.56175
disturbing:0.55875
teens:0.557
boring!:0.55525
police investigation:0.5545
runaway:0.54975
surreal:0.54775
visceral:0.54225
artistic:0.53725
lyrical:0.5365
psychological:0.53025
childhood:0.524
visual:0.5225
dark:0.511
nocturnal:0.50625
grim:0.5045
redemption:0.50425
cathartic:0.4945
dreams:0.489
depression:0.48725
talky:0.48625
independent film:0.4845
beautifully filmed:0.48375
brutality:0.483
paranoia:0.4795
visually stunning:0.47525
catastrophe:0.47275
interesting:0.4715
confusing:0.4715
cool:0.46325
cult film:0.4575
great soundtrack:0.4455
imdb top 250:0.4415
off-beat comedy:0.44125
downbeat:0.4395
music:0.431
dysfunctional family:0.42975
emotional:0.42825
violence:0.42775
awesome soundtrack:0.4265
depressing:0.426
sexual:0.42425
art:0.422
great ending:0.41925
nudity (full frontal - notable):0.41125
