rock and roll:0.99725
mockumentary:0.9215
music:0.897
punk:0.88075
fake documentary:0.875
satire:0.81175
good soundtrack:0.811
canada:0.786
vengeance:0.78025
original:0.76375
musicians:0.75125
social commentary:0.73425
off-beat comedy:0.7215
pg-13:0.69025
mentor:0.6875
narrated:0.68625
violence:0.68075
stylish:0.6785
great soundtrack:0.676
unlikely friendships:0.67575
harsh:0.6755
weird:0.67175
satirical:0.653
talky:0.642
independent film:0.63375
sexualized violence:0.63175
pornography:0.625
grindhouse:0.6205
interesting:0.6205
indie:0.616
great ending:0.609
stylized:0.60725
road movie:0.60425
clever:0.6
movielens top pick:0.58075
visually appealing:0.577
honest:0.57575
violent:0.56325
nocturnal:0.5585
realistic:0.5515
adapted from:book:0.5515
black comedy:0.54775
obsession:0.544
cult film:0.54075
criterion:0.538
awesome soundtrack:0.53725
highly quotable:0.53625
friendship:0.52275
intimate:0.515
anti-hero:0.5095
dialogue:0.5
tense:0.49325
cult classic:0.4895
based on a book:0.48775
forceful:0.47575
dark humor:0.47375
brutality:0.47125
intense:0.4705
twist ending:0.46825
visceral:0.4645
comedy:0.46225
affectionate:0.461
life & death:0.46025
runaway:0.457
weapons:0.4545
dark hero:0.451
absurd:0.4495
melancholic:0.4495
biting:0.4495
humorous:0.44875
excellent:0.446
drama:0.44475
distopia:0.44025
betrayal:0.43825
disturbing:0.4345
male nudity:0.43025
twists & turns:0.42375
adaptation:0.41775
paranoid:0.417
nudity (topless):0.41625
great acting:0.415
beer:0.41075
stoner movie:0.40775
catastrophe:0.4075
based on book:0.39825
crude humor:0.3975
music business:0.39675
corruption:0.39525
death:0.39425
very funny:0.394
existentialism:0.39225
gory:0.392
dramatic:0.391
documentary:0.39025
bleak:0.39025
crime gone awry:0.38625
crazy:0.38575
police investigation:0.38575
suprisingly clever:0.384
drinking:0.38325
