murder mystery:0.8435
cheating:0.71925
twist ending:0.69525
original:0.605
twists & turns:0.59725
chick flick:0.5695
predictable:0.56425
life philosophy:0.52325
adultery:0.509
thriller:0.4915
so bad it's funny:0.468
nudity (full frontal - brief):0.46375
catastrophe:0.4545
plot holes:0.447
horrible:0.42525
marriage:0.414
great ending:0.408
solitude:0.38525
mentor:0.37425
chase:0.367
bad plot:0.35825
new jersey:0.3555
twist:0.355
drinking:0.3445
betrayal:0.33825
not funny:0.33025
bad ending:0.327
pornography:0.3245
psychological:0.32375
fantasy world:0.32275
corruption:0.317
suspense:0.3135
writers:0.31325
infidelity:0.3125
london:0.30975
romance:0.3075
dialogue:0.30175
murder:0.2985
story:0.29725
natural disaster:0.29625
adaptation:0.2955
police investigation:0.29475
israel:0.291
divorce:0.2835
multiple storylines:0.282
car chase:0.27975
parody:0.27375
storytelling:0.272
good soundtrack:0.2665
first contact:0.266
idiotic:0.263
overrated:0.25775
british:0.257
lone hero:0.2545
technology:0.25425
brutality:0.25075
intense:0.2485
melancholic:0.2485
australia:0.244
plot twist:0.2435
guilty pleasure:0.2435
unfunny:0.241
entirely dialogue:0.23775
great:0.237
greed:0.2335
violence:0.2325
great cinematography:0.2305
clever:0.2305
boring:0.227
slapstick:0.22575
vengeance:0.225
runaway:0.22475
tense:0.22225
manipulation:0.22025
criterion:0.21575
revenge:0.2145
guilt:0.21025
sexy:0.2085
culture clash:0.20825
destiny:0.2075
pg-13:0.2065
justice:0.20475
plot:0.204
fight scenes:0.204
absurd:0.203
boring!:0.20225
good:0.1995
crime gone awry:0.19825
nudity (rear):0.198
fantasy:0.198
reflective:0.19575
women:0.1955
pointless:0.1945
bad:0.194
cinematography:0.1925
bad acting:0.192
oscar (best directing):0.19175
beautiful scenery:0.19175
enigmatic:0.19175
nudity (topless - notable):0.19075
