amy smart:1.0
fast paced:0.9395
action:0.90075
action packed:0.88575
violence:0.805
absurd:0.80175
pornography:0.7755
good action:0.76825
original:0.759
fight scenes:0.724
sequels:0.69875
chase:0.68425
good sequel:0.68175
violent:0.669
sequel:0.653
so bad it's funny:0.63425
ridiculous:0.615
stupid as hell:0.613
gangsters:0.60925
dialogue:0.601
fun:0.59475
grindhouse:0.5855
video game:0.583
revenge:0.58125
vengeance:0.57375
brutality:0.56075
insanity:0.55125
natural disaster:0.54
unrealistic:0.53525
story:0.53075
bloody:0.52175
over the top:0.5185
silly:0.518
watch the credits:0.5155
splatter:0.50925
crappy sequel:0.50875
stylish:0.50325
realistic action:0.49925
sexy:0.4875
cool:0.47725
entertaining:0.47325
funny as hell:0.4715
stylized:0.4685
fun movie:0.46725
nudity (topless):0.4565
mentor:0.45625
crazy:0.4545
weapons:0.45175
idiotic:0.4445
graphic novel:0.44175
great ending:0.4395
good soundtrack:0.43475
strippers:0.42375
predictable:0.41975
gore:0.419
gratuitous violence:0.419
stupid:0.41375
gory:0.41275
foul language:0.40925
car chase:0.40025
bad acting:0.39475
catastrophe:0.38575
nudity:0.38475
storytelling:0.3825
creativity:0.36725
surreal:0.36675
sexualized violence:0.36075
parody:0.3475
silly fun:0.3475
cult classic:0.34525
gunfight:0.34125
lone hero:0.33625
suprisingly clever:0.32725
entirely dialogue:0.321
twists & turns:0.31375
motorcycle:0.31025
pointless:0.30875
male nudity:0.306
life philosophy:0.30375
very funny:0.29675
weird:0.295
explosions:0.29175
plot:0.29
stupidity:0.289
quirky:0.28875
crude humor:0.281
better than expected:0.28
hitman:0.27675
redemption:0.27275
franchise:0.2685
bad plot:0.26825
adaptation:0.2675
blood:0.26525
gangs:0.26025
culture clash:0.25675
death:0.256
guns:0.25525
runaway:0.25275
mad scientist:0.2515
stereotypes:0.25075
