history:0.92025
period piece:0.83725
based on true story:0.83325
historical:0.826
storytelling:0.769
france:0.76725
original:0.7525
based on a book:0.74975
great acting:0.73625
story:0.73575
true story:0.73475
criterion:0.72375
beautiful scenery:0.6945
identity:0.693
greed:0.683
suprisingly clever:0.66025
dramatic:0.6595
great cinematography:0.65375
love story:0.65175
great:0.63775
foreign:0.6365
drama:0.61275
us history:0.602
talky:0.5975
french:0.596
oscar (best directing):0.5895
romantic:0.582
visually appealing:0.5715
unusual plot structure:0.56925
culture clash:0.5675
passionate:0.56425
beautifully filmed:0.548
imdb top 250:0.5475
better than the american version:0.5415
masterpiece:0.53975
transformation:0.53275
thought-provoking:0.52375
reflective:0.5235
catastrophe:0.51975
based on a true story:0.518
adaptation:0.518
oscar (best actress):0.515
visually stunning:0.5115
cerebral:0.5075
great ending:0.5025
very interesting:0.486
amnesia:0.484
enigmatic:0.48175
complex:0.4795
imagination:0.47875
great movie:0.4765
romance:0.47075
oscar (best foreign language film):0.4535
ethnic conflict:0.45275
costume drama:0.44775
breathtaking:0.442
mentor:0.4405
melancholy:0.439
good acting:0.437
childhood:0.433
social commentary:0.4295
visual:0.4225
clever:0.4215
melancholic:0.41975
narrated:0.41425
british:0.4065
cinematography:0.4065
dialogue:0.404
good soundtrack:0.40375
golden palm:0.40125
swashbuckler:0.396
oscar (best supporting actress):0.39025
art:0.389
medieval:0.38725
scenic:0.38625
runaway:0.3835
artistic:0.383
twists & turns:0.369
allegory:0.36825
distopia:0.36575
interesting:0.36325
character study:0.359
touching:0.358
technology:0.355
atmospheric:0.3525
betrayal:0.352
harsh:0.349
life philosophy:0.3455
german:0.34025
segregation:0.33975
humanity:0.33825
creativity:0.3375
not funny:0.33675
idealism:0.3365
good:0.3325
life & death:0.33125
revolution:0.32975
nudity (full frontal - brief):0.32925
pornography:0.32925
tragedy:0.32925
