pointless:0.7645
original:0.7435
greed:0.69125
infidelity:0.6265
art:0.6045
multiple storylines:0.55125
relationships:0.52675
great acting:0.51275
goofy:0.5015
loneliness:0.48825
good soundtrack:0.488
drinking:0.48525
weird:0.484
entirely dialogue:0.468
shallow:0.455
existentialism:0.45275
ironic:0.44975
catastrophe:0.44125
underrated:0.4405
london:0.429
dialogue:0.4215
quirky:0.41025
great ending:0.409
brutality:0.402
obsession:0.39975
enigmatic:0.37675
mentor:0.376
suprisingly clever:0.3745
pretentious:0.37125
artsy:0.36925
poignant:0.36675
hotel:0.3645
writers:0.36025
drama:0.3595
nudity (full frontal - notable):0.35775
nudity (topless - notable):0.35725
crime gone awry:0.356
gunfight:0.3445
storytelling:0.34225
twists & turns:0.33325
life philosophy:0.33275
story:0.33275
fantasy world:0.32925
nocturnal:0.3255
visually appealing:0.325
comedy:0.32475
talky:0.32325
cult film:0.32075
excellent:0.32075
sarcasm:0.319
bittersweet:0.3185
gypsy accent:0.318
cinematography:0.3155
clever:0.31275
emotional:0.30825
independent film:0.3055
pornography:0.30375
unusual plot structure:0.303
criterion:0.30075
bad plot:0.29675
passionate:0.2965
predictable:0.28925
adapted from:book:0.28875
adaptation:0.28675
first contact:0.2865
visually stunning:0.2855
imdb top 250:0.2855
eccentricity:0.28425
good dialogue:0.27975
parallel universe:0.27875
transformation:0.2775
stylized:0.27675
coen bros:0.276
ensemble cast:0.275
dialogue driven:0.2715
art house:0.27125
fight scenes:0.27125
destiny:0.26975
based on a play:0.26875
nudity (full frontal - brief):0.268
honest:0.26625
cerebral:0.2645
melancholic:0.2645
alter ego:0.26375
humanity:0.26375
sexy:0.2625
oscar (best directing):0.262
runaway:0.2595
family:0.259
indie:0.25375
sacrifice:0.2535
entertaining:0.249
queer:0.24875
natural disaster:0.24825
absurd:0.2475
great:0.24625
gay character:0.24375
unfunny:0.24275
gangsters:0.23975
very funny:0.23625
