artist:0.9975
biopic:0.9945
biographical:0.9925
art:0.9865
artistic:0.98575
oscar (best supporting actress):0.9455
biography:0.89825
visually appealing:0.8915
creativity:0.88975
obsession:0.8505
gay:0.8395
drinking:0.83725
great acting:0.81225
oscar (best actor):0.798
mentor:0.78125
original:0.779
depression:0.7605
interesting:0.725
very interesting:0.72125
splatter:0.7045
melancholic:0.7035
passionate:0.7
oscar:0.6985
excellent script:0.69425
relationships:0.692
oscar (best actress):0.692
oscar (best directing):0.6865
dramatic:0.68
character study:0.6755
reflective:0.67
complex:0.6665
cerebral:0.66
loneliness:0.65275
enigmatic:0.6435
mental illness:0.64275
storytelling:0.63875
depressing:0.63775
great ending:0.617
great movie:0.61525
great:0.61025
good soundtrack:0.6095
existentialism:0.599
based on true story:0.5955
life philosophy:0.58825
life:0.583
talky:0.5785
alcoholism:0.57575
intense:0.572
philosophy:0.57
eccentricity:0.56125
corruption:0.561
mozart:0.55975
social commentary:0.555
redemption:0.5545
good acting:0.55275
greed:0.5505
story:0.5495
true story:0.54125
genius:0.535
solitude:0.531
narrated:0.5295
tragedy:0.5275
criterion:0.52575
writers:0.5235
good:0.521
directorial debut:0.517
intellectual:0.51475
adultery:0.5085
imdb top 250:0.50675
destiny:0.494
melancholy:0.4885
nudity (topless - notable):0.4845
intimate:0.48375
poignant:0.47975
earnest:0.4785
dialogue:0.47325
life & death:0.4715
drama:0.47125
visually stunning:0.4675
harsh:0.4625
transformation:0.46175
honest:0.45825
culture clash:0.4555
visual:0.45525
brutality:0.4545
weird:0.45275
runaway:0.4515
catastrophe:0.43825
cinematography:0.43775
nudity (full frontal - notable):0.436
emotional:0.43525
oscar winner:0.43025
dreams:0.42925
long:0.42825
addiction:0.4255
exceptional acting:0.4245
oscar (best supporting actor):0.42175
based on book:0.42075
good music:0.4165
adaptation:0.41525
