cerebral:0.977
complicated:0.95875
metaphysics:0.943
alternate reality:0.94
complex:0.9385
existentialism:0.9325
weird:0.924
mindfuck:0.92075
nonlinear:0.9125
original:0.9115
intellectual:0.8955
good soundtrack:0.89525
storytelling:0.8775
thought-provoking:0.8755
plot twist:0.83525
great ending:0.82175
multiple storylines:0.8205
philosophical:0.81725
god:0.7995
great acting:0.7895
writers:0.77425
excellent script:0.77075
cult film:0.76525
surveillance:0.7645
philosophy:0.76225
bad ending:0.758
psychology:0.748
confusing:0.7445
clever:0.736
very interesting:0.736
twists & turns:0.727
psychological:0.71125
surreal:0.70025
enigmatic:0.6965
sarcasm:0.694
life philosophy:0.68425
obsession:0.6825
interesting:0.66575
twist:0.65925
dialogue:0.65875
visually appealing:0.65525
off-beat comedy:0.64675
pointless:0.645
greed:0.64275
idiotic:0.63675
directorial debut:0.6355
reality tv:0.621
twist ending:0.61975
absurd:0.61675
unusual plot structure:0.61
complicated plot:0.6065
plot:0.60475
depression:0.6
shallow:0.5985
intelligent:0.59475
independent film:0.5855
artsy:0.5835
quirky:0.58175
satire:0.57975
alternate endings:0.57375
creativity:0.5715
los angeles:0.568
social commentary:0.56425
pretentious:0.555
relationships:0.54725
pornography:0.5455
first contact:0.54175
imagination:0.53975
strange:0.5325
good acting:0.52075
catastrophe:0.52
maze:0.51925
boring!:0.51725
entirely dialogue:0.50725
visually stunning:0.50225
dark humor:0.50125
science fiction:0.49975
sexualized violence:0.499
art:0.49575
suspense:0.49225
drama:0.48975
suprisingly clever:0.487
loneliness:0.48325
mystery:0.483
internet:0.4805
parallel universe:0.47375
secrets:0.4735
story:0.47175
adaptation:0.47125
good dialogue:0.47025
talky:0.469
surrealism:0.46575
narrated:0.45875
sci fi:0.45525
betrayal:0.44625
death:0.446
non-linear:0.4435
mentor:0.43925
honest:0.43875
video game:0.42625
