nature:0.9435
narrated:0.9305
stunning:0.8915
fish:0.87925
documentary:0.86975
visually stunning:0.85375
ocean:0.7865
breathtaking:0.77825
visual:0.766
shark:0.75925
light:0.752
life & death:0.74275
scenic:0.7315
cinematography:0.6945
visuals:0.69275
amazing photography:0.68
original:0.677
dolphins:0.649
music:0.64775
beautifully filmed:0.6445
beautiful:0.62875
childhood:0.60675
animals:0.60225
life philosophy:0.59925
harsh:0.5955
oscar (best actress):0.59525
imagination:0.5885
very interesting:0.58775
solitude:0.57825
underwater:0.55625
shallow:0.55275
culture clash:0.54325
greed:0.53425
unusual plot structure:0.53375
interesting:0.52425
graphic design:0.50525
catastrophe:0.505
environment:0.48825
hunting:0.48625
destiny:0.48325
nudity (full frontal - brief):0.466
photography:0.4635
environmental:0.45875
musical:0.453
visually appealing:0.453
pornography:0.4505
ecology:0.44475
us history:0.44325
police investigation:0.4415
social commentary:0.43525
intimate:0.431
runaway:0.43025
poland:0.4295
creativity:0.42675
great ending:0.42325
life:0.42225
drama:0.422
reflective:0.421
sad:0.41675
artistic:0.4155
adapted from:book:0.414
good soundtrack:0.41125
free to download:0.4095
art:0.40075
suprisingly clever:0.39875
passionate:0.39725
fantasy world:0.395
storytelling:0.394
adaptation:0.39275
alone in the world:0.391
tragedy:0.3895
male nudity:0.37475
self discovery:0.371
birds:0.36875
oscar (best directing):0.36625
nudity (topless - notable):0.363
allegory:0.362
not funny:0.3605
weird:0.3595
melancholic:0.35925
mentor:0.359
great:0.35775
based on book:0.35525
special:0.349
clever:0.34475
happy ending:0.344
earnest:0.34275
doctors:0.33375
dramatic:0.33125
feel-good:0.32925
classic car:0.32725
atheism:0.32725
slow:0.326
dialogue:0.325
antarctica:0.3215
romantic:0.3135
censorship:0.3135
brutality:0.3125
meditative:0.312
loneliness:0.31125
