romantic comedy:0.94175
divorce:0.90525
chick flick:0.903
complicated:0.7815
adultery:0.779
romantic:0.73675
male nudity:0.69775
relationships:0.6955
comedy:0.6565
original:0.627
girlie movie:0.596
great ending:0.5905
romance:0.5895
good romantic comedies:0.5875
predictable:0.5785
infidelity:0.55275
marriage:0.54175
cheating:0.53825
feel-good:0.49425
aging:0.48275
women:0.474
happy ending:0.46925
good:0.4685
dialogue:0.45175
pg-13:0.44325
life philosophy:0.4405
drinking:0.43775
mentor:0.41475
catastrophe:0.408
destiny:0.39975
family:0.3995
sexy:0.3985
pornography:0.3955
very funny:0.394
tom clancy:0.39325
culture clash:0.39225
feel good movie:0.3845
chase:0.37575
funny:0.37525
guilt:0.36575
love story:0.363
loneliness:0.36075
parenthood:0.354
nudity (full frontal - brief):0.35375
runaway:0.3495
great:0.34775
shallow:0.347
police investigation:0.33325
california:0.327
fantasy world:0.31875
drama:0.318
writers:0.3165
lawyer:0.31525
beautiful scenery:0.31475
good soundtrack:0.30975
hotel:0.304
sweet:0.3035
crude humor:0.297
boring:0.2965
unfunny:0.2905
fun movie:0.2895
new york city:0.289
nudity (topless - notable):0.2875
melancholic:0.28575
cute!:0.28475
talky:0.28325
better than expected:0.28225
plot:0.27975
brutality:0.27925
hilarious:0.278
quirky:0.276
storytelling:0.27325
not funny:0.26925
fantasy:0.26825
criterion:0.263
light:0.2595
revenge:0.2585
twists & turns:0.2575
first contact:0.2555
entertaining:0.2545
passionate:0.2545
bad ending:0.25425
slapstick:0.254
overrated:0.25375
entirely dialogue:0.25125
honest:0.248
suprisingly clever:0.245
holiday:0.245
vengeance:0.23875
oscar (best actress):0.23875
lone hero:0.2365
excellent script:0.234
wedding:0.232
secrets:0.22825
splatter:0.22775
fight scenes:0.22675
adaptation:0.2255
justice:0.22475
story:0.22425
obsession:0.22375
