romantic:0.957
fantasy:0.95475
romance:0.9495
psychiatry:0.89425
love story:0.829
romantic comedy:0.80225
whimsical:0.8005
fantasy world:0.7865
feel-good:0.76125
magic realism:0.7545
love:0.754
original:0.753
destiny:0.704
psychiatrist:0.673
fairy tale:0.66725
beautiful scenery:0.6505
feel good movie:0.6315
transformation:0.62825
fun movie:0.62725
sweet:0.6255
magic:0.58775
great:0.579
dialogue:0.572
great ending:0.5615
story:0.5605
insanity:0.533
imagination:0.53175
doctors:0.5285
life philosophy:0.52125
beautifully filmed:0.51525
relationships:0.51275
mentor:0.503
sexy:0.50175
pg-13:0.5005
women:0.49025
passionate:0.46825
quirky:0.468
good:0.45725
great movie:0.45325
fairy tales:0.45
solitude:0.4475
mental illness:0.43425
hospital:0.434
storytelling:0.431
light:0.43025
dreams:0.429
fun:0.4145
touching:0.41325
idealism:0.401
catastrophe:0.39525
beautiful:0.38825
sword fight:0.37775
identity:0.37425
clever:0.3695
good soundtrack:0.36775
chick flick:0.3665
marriage:0.3605
good acting:0.35925
mental hospital:0.35675
witty:0.35375
police investigation:0.35025
happy ending:0.34825
first contact:0.345
entirely dialogue:0.34375
life & death:0.34325
life:0.3375
18th century:0.335
nudity (rear):0.3345
melancholic:0.32675
interesting:0.32525
justice:0.325
silly:0.32425
suprisingly clever:0.323
eccentricity:0.3165
adventure:0.311
special:0.305
existentialism:0.304
redemption:0.30125
culture clash:0.301
imdb top 250:0.301
shallow:0.30025
heartwarming:0.298
parallel universe:0.293
brutality:0.29275
psychology:0.292
predictable:0.2895
secrets:0.28875
loneliness:0.28525
unusual plot structure:0.28475
excellent script:0.2845
creativity:0.282
cute:0.282
adaptation:0.282
thought-provoking:0.28
not funny:0.274
great acting:0.27175
twists & turns:0.27025
simple:0.269
harsh:0.2685
original plot:0.2685
