criterion:0.85875
character study:0.84775
bleak:0.83425
downbeat:0.78725
crime gone awry:0.75825
meditative:0.7545
original:0.701
great:0.69825
melancholic:0.69625
1970s:0.69275
gangsters:0.68525
oscar (best directing):0.6775
underrated:0.674
talky:0.63375
reflective:0.59825
runaway:0.57825
radio:0.57625
obsession:0.54575
quirky:0.5385
hotel:0.53475
brothers:0.52825
relationships:0.52775
great acting:0.52475
paranoid:0.52
loneliness:0.514
drama:0.5065
enigmatic:0.501
very interesting:0.5005
grindhouse:0.487
dreams:0.487
intimate:0.48425
pornography:0.484
harsh:0.48025
oscar (best supporting actress):0.4785
redemption:0.476
weird:0.473
storytelling:0.4725
eccentricity:0.46525
complex:0.46475
greed:0.462
bullying:0.459
drinking:0.45375
dialogue:0.4535
understated:0.45325
cerebral:0.45
great movie:0.4465
hawaii:0.44475
life philosophy:0.44375
great ending:0.43625
catastrophe:0.434
atmospheric:0.42875
mentor:0.41575
indie:0.4125
witty:0.411
mob:0.40725
cult classic:0.404
con artists:0.4025
based on a play:0.40175
depression:0.4005
cinematography:0.39425
movielens top pick:0.3895
visually appealing:0.38775
gay character:0.382
golden palm:0.377
tense:0.37675
fun movie:0.37325
not funny:0.37
light:0.36825
earnest:0.36625
narrated:0.36425
california:0.35975
macabre:0.3545
nocturnal:0.349
masterpiece:0.34475
anti-hero:0.3445
stylized:0.34375
writers:0.3415
adaptation:0.33725
pretentious:0.33125
entirely dialogue:0.32575
melancholy:0.31775
good:0.31725
childhood:0.31625
death:0.31425
biting:0.31
culture clash:0.30975
gunfight:0.30875
adapted from:book:0.308
passionate:0.30575
brutality:0.3
fantasy world:0.29975
life & death:0.299
period piece:0.29875
dialogue driven:0.29275
existentialism:0.29175
dark hero:0.2915
cynical:0.2875
police investigation:0.28675
interesting:0.2845
unusual plot structure:0.284
