sequels:0.99
good sequel:0.97375
sequel:0.97325
disney:0.9315
original:0.85125
mother daughter relationship:0.84825
talking animals:0.8475
fairy tale:0.824
crappy sequel:0.78475
cute:0.713
horrible:0.70675
family:0.70225
animation:0.68525
story:0.6785
teen movie:0.65275
destiny:0.61575
predictable:0.60525
computer animation:0.57425
dialogue:0.56
cute!:0.53475
shark:0.531
animals:0.514
bad sequel:0.5105
cartoon:0.492
girlie movie:0.47575
big budget:0.46175
childhood:0.45775
romantic:0.444
culture clash:0.437
switching places:0.4305
great ending:0.42125
ocean:0.41825
revenge:0.41675
good soundtrack:0.41625
adventure:0.41425
sisters:0.406
lame:0.40225
catastrophe:0.39825
harsh:0.39775
stereotypes:0.394
bad plot:0.38625
mentor:0.38125
high school:0.37475
not funny:0.372
fight scenes:0.369
prequel:0.364
transformation:0.36125
suprisingly clever:0.35675
interracial romance:0.35575
death:0.354
crude humor:0.3485
teens:0.34525
not as good as the first:0.3395
pornography:0.336
greed:0.33375
brutality:0.33325
writers:0.33325
vengeance:0.33175
storytelling:0.32775
awful:0.32525
runaway:0.3245
life philosophy:0.32075
children:0.31575
bad cgi:0.3155
fairy tales:0.3135
indians:0.3105
fashion:0.31
disney animated feature:0.3085
natural disaster:0.3055
island:0.3055
fun:0.302
redemption:0.2995
pointless:0.299
adaptation:0.29825
pg-13:0.2975
great:0.293
lone hero:0.291
sweet:0.28925
witch:0.2855
melancholic:0.28475
overrated:0.2845
entirely dialogue:0.28025
great movie:0.27225
teen:0.271
very funny:0.27025
first contact:0.26975
dynamic cgi action:0.263
creativity:0.2615
kick-butt women:0.26075
underwater:0.26025
colourful:0.259
women:0.25575
adapted from:book:0.25375
good:0.2525
original plot:0.25225
race:0.25025
slapstick:0.25
fantasy world:0.2475
unfunny:0.24625
father daughter relationship:0.24525
