latin america:0.9865
catholicism:0.975
religion:0.898
controversial:0.8755
based on a book:0.87425
mexico:0.86975
corruption:0.85375
god:0.815
sexual abuse:0.7865
reflective:0.719
foreign:0.70875
original:0.67925
small town:0.6715
spanish:0.66475
loneliness:0.60425
mentor:0.594
islam:0.59
abortion:0.58175
women:0.576
intimate:0.57425
allegory:0.562
good soundtrack:0.55525
prejudice:0.5535
greed:0.548
sexual:0.54525
drugs:0.53675
passionate:0.53
cinematography:0.51625
very interesting:0.51425
tragedy:0.512
culture clash:0.5015
idealism:0.5
male nudity:0.49325
guilt:0.4915
spain:0.487
visually appealing:0.48625
destiny:0.48175
based on book:0.479
tom clancy:0.46
sexy:0.4575
nudity (full frontal - notable):0.45725
good:0.45725
runaway:0.4565
social commentary:0.45575
morality:0.454
shallow:0.4525
jesus:0.4525
censorship:0.44925
harsh:0.449
dramatic:0.44225
oscar (best foreign language film):0.43875
adolescence:0.43775
criterion:0.43725
hospital:0.436
life philosophy:0.43475
hard to watch:0.43425
poignant:0.433
adapted from:book:0.4305
catastrophe:0.426
pornography:0.4255
adaptation:0.42525
relationships:0.4195
story:0.4145
christianity:0.4145
golden palm:0.41425
political:0.414
christian:0.4115
complex:0.40625
money:0.4005
redemption:0.39875
melancholic:0.3855
not funny:0.38075
coming of age:0.37775
courage:0.37675
thought-provoking:0.3725
drama:0.37225
storytelling:0.37025
great ending:0.36875
overrated:0.36825
sacrifice:0.3635
brutality:0.36325
betrayal:0.36325
journalism:0.3615
nudity (topless):0.36075
suprisingly clever:0.36
honest:0.34675
finnish:0.338
crime:0.33525
obsession:0.3345
unlikely friendships:0.332
cerebral:0.32275
vengeance:0.32225
light:0.3215
sexuality:0.316
friendship:0.3145
drinking:0.311
life:0.309
beautifully filmed:0.30875
unfunny:0.30725
writers:0.3055
