native americans:0.99725
indians:0.974
independent film:0.93475
road trip:0.82425
magic:0.79125
idealism:0.77475
melancholic:0.75425
mentor:0.74525
drinking:0.74275
depressing:0.727
fantasy world:0.6875
depression:0.664
small town:0.63925
imagination:0.6255
road movie:0.6015
original:0.59125
loneliness:0.589
spanish:0.577
segregation:0.57125
parallel universe:0.569
life philosophy:0.54825
cult classic:0.5285
friendship:0.528
adolescence:0.5175
drama:0.51025
affectionate:0.50375
oscar (best foreign language film):0.4895
transformation:0.45475
entirely dialogue:0.44975
macabre:0.44825
runaway:0.44675
suprisingly clever:0.4295
indie:0.42475
existentialism:0.421
great:0.42
genocide:0.41875
catastrophe:0.4185
underrated:0.4185
allegory:0.41075
german:0.40825
great ending:0.401
immortality:0.40075
complex:0.4005
art:0.3995
nudity (full frontal - notable):0.3955
writers:0.3955
intellectual:0.38625
fighting the system:0.3845
bollywood:0.38175
hospital:0.3775
feel-good:0.3775
finnish:0.37725
ethnic conflict:0.37625
gypsy accent:0.367
glbt:0.36175
superheroes:0.35975
justice:0.35675
distopia:0.35525
irish accent:0.35475
talky:0.3545
transgender:0.3545
memory:0.35375
true story:0.353
mexico:0.34575
london:0.3415
storytelling:0.34
grindhouse:0.33875
educational:0.3375
solitude:0.335
bleak:0.33175
eccentricity:0.32875
interesting:0.324
mad scientist:0.3205
ireland:0.3205
great movie:0.31475
prejudice:0.314
fairy tale:0.312
magic realism:0.31175
visually stunning:0.31075
crime gone awry:0.3085
dialogue:0.30725
brutality:0.3045
time:0.30375
women:0.30225
quirky:0.302
books:0.29975
weird:0.29775
notable nudity:0.29775
made for tv:0.2965
criterion:0.2925
author:neil gaiman:0.28925
redemption:0.2845
good versus evil:0.2835
social commentary:0.283
silly fun:0.283
vengeance:0.28225
relationships:0.282
bad plot:0.28175
male nudity:0.28075
destiny:0.28025
