spelling bee:1.0
documentary:0.92625
children:0.9135
kids and family:0.88225
heartwarming:0.874
kids:0.8715
competition:0.8665
new jersey:0.85425
original:0.84575
very interesting:0.8235
obsession:0.81075
interesting:0.78575
intimate:0.75275
childhood:0.7495
quirky:0.74575
tense:0.7415
runaway:0.732
oscar (best actress):0.7285
texas:0.69325
immigrants:0.68775
compassionate:0.6815
social commentary:0.67175
california:0.67175
good:0.668
good soundtrack:0.66525
storytelling:0.6625
mentor:0.64525
brainwashing:0.6365
oscar (best directing):0.63525
small town:0.63325
drama:0.633
clever:0.6165
great:0.61
imdb top 250:0.6085
talky:0.60325
corruption:0.6025
family:0.602
stereotypes:0.6
queer:0.59525
parenthood:0.5815
adolescence:0.57875
child abuse:0.57775
great movie:0.57725
criterion:0.5755
great ending:0.5655
honest:0.5655
weird:0.5515
crime gone awry:0.54725
educational:0.53475
culture clash:0.52725
pornography:0.527
suspense:0.5265
unlikely friendships:0.52525
greed:0.52425
bullying:0.52225
oscar (best supporting actress):0.518
fun movie:0.51625
narrated:0.515
affectionate:0.5125
idealism:0.51175
movielens top pick:0.5105
very good:0.5095
feel-good:0.5045
thought-provoking:0.502
adapted from:book:0.502
heartbreaking:0.49825
great acting:0.49475
oscar:0.4935
indians:0.4855
unusual plot structure:0.48375
pg-13:0.482
excellent script:0.47625
intelligent:0.47525
touching:0.47475
police investigation:0.47275
intellectual:0.46925
foreign:0.46875
good acting:0.467
suprisingly clever:0.46225
loneliness:0.45775
complex:0.45525
earnest:0.454
nerds:0.44425
passionate:0.443
harsh:0.43825
life:0.43575
witty:0.43425
entertaining:0.43375
golden palm:0.43325
oscar winner:0.42775
catastrophe:0.426
friendship:0.423
feel good movie:0.422
poignant:0.4175
school:0.4145
dreams:0.4115
eccentricity:0.411
secrets:0.41075
amazing photography:0.40725
melancholic:0.402
