space:0.98425
franchise:0.9835
star trek:0.97875
space opera:0.96975
series:0.949
sci-fi:0.92125
science fiction:0.91
first contact:0.89525
sci fi:0.85025
scifi:0.81975
based on a tv show:0.80175
time travel:0.7785
great ending:0.74575
original:0.7435
special effects:0.73425
immortality:0.72375
sacrifice:0.71675
spock:0.71125
big budget:0.697
death:0.67775
future:0.6675
sequel:0.645
destiny:0.63675
adventure:0.6045
mentor:0.53975
story:0.5365
cerebral:0.5235
catastrophe:0.5135
futuristic:0.50625
technology:0.501
dynamic cgi action:0.4955
aliens:0.487
great:0.47775
action:0.46825
vengeance:0.4675
good:0.46175
exciting:0.45725
dialogue:0.4565
redemption:0.4515
fight scenes:0.451
bad plot:0.44575
plot holes:0.44225
crappy sequel:0.4325
androids:0.4315
good action:0.42575
emotional:0.41825
family drama:0.40325
chase:0.397
plot:0.3945
utopia:0.38825
original plot:0.38575
cloning:0.382
transformation:0.37475
writers:0.36675
trilogy:0.36475
scifi cult:0.3595
complex:0.358
creativity:0.35075
science:0.3415
saturn award (best special effects):0.3375
secrets:0.33175
brainwashing:0.3305
light:0.32925
not funny:0.32275
desert:0.31825
doctors:0.316
nostalgic:0.31525
culture clash:0.3145
fighting:0.31425
family:0.314
visual:0.3135
natural disaster:0.31275
oscar (best effects - visual effects):0.3095
alternate reality:0.30925
predictable:0.3075
alter ego:0.30475
runaway:0.30325
fantasy world:0.29925
space travel:0.29875
made for tv:0.2985
storytelling:0.298
parallel universe:0.29725
life philosophy:0.2955
computer animation:0.29525
no plot:0.29225
fun movie:0.292
pg-13:0.29
effects:0.28975
spying:0.28925
alien:0.289
enigmatic:0.289
unfunny:0.28625
suprisingly clever:0.28025
teleportation:0.28025
time:0.27875
weapons:0.2775
mythology:0.2715
visually stunning:0.27125
script:0.271
multiple storylines:0.27075
