horror:0.9755
monster:0.9215
mad scientist:0.90225
monsters:0.89975
splatter:0.79425
blood:0.7725
gory:0.74125
original:0.7405
hospital:0.6855
cult film:0.6775
slasher:0.66875
camp:0.65425
80s:0.65125
creepy:0.6415
special effects:0.6375
weird:0.63425
gruesome:0.63325
scary:0.62925
brutality:0.622
violence:0.6015
serial killer:0.587
genetics:0.57
grindhouse:0.5605
teens:0.53725
gore:0.49075
murder:0.4895
sci fi:0.4805
doctors:0.4795
suspense:0.47775
gothic:0.472
low budget:0.47125
pornography:0.4675
cult classic:0.46325
mentor:0.46
underrated:0.4545
solitude:0.438
death:0.42925
intense:0.426
first contact:0.42425
demons:0.42
mutants:0.411
predictable:0.40675
great ending:0.40375
suspenseful:0.40225
dark:0.402
campy:0.39925
catastrophe:0.397
transformation:0.38625
sci-fi:0.37875
nudity (full frontal - notable):0.36975
franchise:0.36175
dialogue:0.35875
supernatural:0.35775
happy ending:0.35425
allegory:0.3485
overrated:0.3395
sexualized violence:0.3375
idiotic:0.33275
so bad it's funny:0.32675
goretastic:0.32625
life & death:0.32475
greed:0.31925
haunted house:0.31875
life philosophy:0.31375
weapons:0.313
fish:0.31275
adaptation:0.31
secrets:0.309
too long:0.3045
revenge:0.29675
eerie:0.296
small town:0.295
not funny:0.294
good:0.2935
bad plot:0.2915
bloody:0.287
scifi:0.28375
fantasy world:0.283
bad ending:0.283
ensemble cast:0.2815
road movie:0.27675
science:0.276
cannibalism:0.269
lone hero:0.26775
fight scenes:0.2675
writers:0.26675
storytelling:0.261
zombie:0.25975
entirely dialogue:0.25525
werewolf:0.25125
violent:0.251
silly:0.2495
insanity:0.2485
criterion:0.245
good soundtrack:0.245
twists & turns:0.24425
technology:0.236
cool:0.2345
clones:0.2345
great:0.23
