talky:0.949
pornography:0.888
visual:0.85925
silent:0.8315
original:0.82625
sexy:0.7545
highly quotable:0.74025
stylish:0.72825
sexualized violence:0.71875
fight scenes:0.7055
runaway:0.68275
amazing photography:0.68
criterion:0.6635
enigmatic:0.66175
obsession:0.66075
sexual:0.65275
vampire human love:0.6485
stylized:0.6255
grindhouse:0.62475
crime gone awry:0.614
earnest:0.611
vengeance:0.60775
1920s:0.60075
storytelling:0.6
original plot:0.59775
tense:0.5955
cinematography:0.59025
harsh:0.58925
brutality:0.58775
allegory:0.58075
great ending:0.57425
idealism:0.56975
classic:0.569
british:0.56825
freedom:0.56675
secrets:0.56525
betrayal:0.554
unusual plot structure:0.54925
alter ego:0.54275
story:0.53825
costume drama:0.53625
heroine:0.53625
male nudity:0.53
nocturnal:0.5265
oscar (best foreign language film):0.5245
adapted from:book:0.521
fun movie:0.51925
forceful:0.51775
suspense:0.5175
violent:0.5175
social commentary:0.513
dialogue:0.51075
classic car:0.50975
poignant:0.506
visually appealing:0.50175
movielens top pick:0.4995
dreamlike:0.494
visually stunning:0.49325
biting:0.49275
mentor:0.49225
colourful:0.4915
enormously long battle scene:0.479
distopia:0.47225
suspenseful:0.46825
gangsters:0.4655
violence:0.4615
oscar (best directing):0.4595
assassination:0.4585
kick-butt women:0.458
imdb top 250:0.4575
masterpiece:0.4565
revenge:0.4545
controversial:0.44725
golden palm:0.446
anti-hero:0.44475
oscar (best actress):0.443
complicated:0.44275
courage:0.436
cult film:0.43525
black and white:0.43525
narrated:0.42925
bdsm:0.426
serial killer:0.4245
screwball:0.423
catastrophe:0.4205
cynical:0.4195
glbt:0.414
graphic novel:0.41375
police investigation:0.39875
fascism:0.39775
beautifully filmed:0.3955
futuristic:0.3935
interesting:0.39325
alternate reality:0.3905
afi 100 (movie quotes):0.3875
fantasy world:0.3855
tricky:0.38525
mob:0.3835
queer:0.38075
adaptation:0.38075
