japan:0.9845
sword fighting:0.9795
samurai:0.96125
sword fight:0.9555
visually appealing:0.9375
vengeance:0.93325
bloody:0.91475
violence:0.90575
violent:0.90325
weird:0.88325
stylized:0.8815
storytelling:0.86675
blindness:0.861
revenge:0.85225
fight scenes:0.84825
original:0.8455
stylish:0.82425
good soundtrack:0.802
visual:0.7915
splatter:0.76125
brutality:0.7585
blood:0.75725
gangs:0.74525
japanese:0.7445
gangsters:0.74075
cross dressing:0.729
imdb top 250:0.7285
gory:0.72675
dance:0.725
cult classic:0.7235
tokyo:0.69975
criterion:0.6965
moral ambiguity:0.69625
cinematography:0.6925
masterpiece:0.6895
irreverent:0.6855
mentor:0.672
enigmatic:0.66625
assassin:0.65675
social commentary:0.64875
melancholic:0.647
humorous:0.646
artistic:0.64075
narrated:0.64075
affectionate:0.639
great ending:0.6355
cool:0.62325
drama:0.62225
dialogue:0.6205
humor:0.61825
action:0.61575
martial arts:0.614
dancing:0.60875
talky:0.60525
assassination:0.60425
visceral:0.59375
weapons:0.581
quirky:0.57475
highly quotable:0.5745
surreal:0.57425
dark hero:0.57325
plot:0.572
stunning:0.57075
colourful:0.569
breathtaking:0.56775
story:0.55475
hitman:0.55425
dark humor:0.55375
visually stunning:0.5495
harsh:0.5435
absurd:0.54325
gangster:0.541
movielens top pick:0.53825
culture clash:0.5355
fighting:0.5325
brutal:0.53175
sexualized violence:0.5315
golden palm:0.5255
corruption:0.5155
suprisingly clever:0.51225
bleak:0.50575
atmospheric:0.501
unusual plot structure:0.5005
creativity:0.4975
hip hop:0.4945
runaway:0.4885
music:0.48825
complex:0.48825
cult film:0.4795
nonlinear:0.47775
beautifully filmed:0.472
anti-hero:0.46725
great:0.467
whimsical:0.465
deadpan:0.462
dark:0.462
melancholy:0.461
gratuitous violence:0.46075
great movie:0.458
grim:0.45475
