end of the world:0.99575
apocalypse:0.93725
road trip:0.9265
romantic:0.906
relationships:0.9045
loneliness:0.90075
love:0.88375
off-beat comedy:0.88025
melancholic:0.8795
love story:0.83225
romance:0.813
original:0.81125
depression:0.8065
emotional:0.7915
dark humor:0.78575
bittersweet:0.779
great ending:0.73875
drama:0.71425
happy ending:0.69875
drinking:0.67175
existentialism:0.6645
sweet:0.65775
touching:0.64725
catastrophe:0.647
death:0.642
thought-provoking:0.626
life & death:0.62175
quirky:0.60575
dark comedy:0.5965
romantic comedy:0.5945
first contact:0.58375
life philosophy:0.582
feel-good:0.581
depressing:0.57675
absurd:0.57325
destiny:0.569
good soundtrack:0.5685
unlikely friendships:0.55075
weird:0.54425
suicide:0.534
bad ending:0.518
dialogue:0.51575
clever:0.5105
solitude:0.4995
alone in the world:0.49875
suicide attempt:0.49875
pornography:0.4985
sci-fi:0.496
social commentary:0.481
honest:0.481
comedy:0.4745
sappy:0.47175
sacrifice:0.4685
sex:0.4675
light:0.46725
writers:0.457
midlife crisis:0.452
black comedy:0.4475
melancholy:0.44675
interesting:0.44325
alternate endings:0.43425
cerebral:0.43375
beautiful scenery:0.432
predictable:0.43125
heartbreaking:0.42475
dramatic:0.416
underrated:0.41425
storytelling:0.414
intimate:0.414
feel good movie:0.41375
story:0.4135
whimsical:0.4125
indie:0.408
sci fi:0.40675
nudity (topless - notable):0.405
friendship:0.398
scifi:0.395
road movie:0.39075
very funny:0.39025
new jersey:0.38725
natural disaster:0.378
humanity:0.37725
hospital:0.376
survival:0.37575
workplace:0.37325
twist:0.37325
brutality:0.36925
redemption:0.36925
mentor:0.367
visually appealing:0.36525
good acting:0.36325
cancer:0.36225
sad:0.361
chick flick:0.3605
disaster:0.356
cheating:0.354
life:0.35325
dysfunctional family:0.353
suprisingly clever:0.35275
criterion:0.3515
