sequels:0.91275
sequel:0.8975
original:0.779
los angeles:0.7775
complex:0.72975
dialogue:0.71325
storytelling:0.649
destiny:0.64
crappy sequel:0.6365
corruption:0.6355
narrated:0.633
greed:0.60175
1930s:0.5835
murder mystery:0.56075
catastrophe:0.55625
70mm:0.552
adultery:0.54125
good sequel:0.53925
crime:0.53575
cinematography:0.53475
story:0.531
great ending:0.52875
murder:0.5275
good:0.52625
infidelity:0.522
enigmatic:0.52125
film noir:0.51975
complicated:0.50725
franchise:0.48725
exceptional acting:0.4795
neo-noir:0.4755
original plot:0.474
mentor:0.47375
pointless:0.4715
interesting:0.46825
nudity (full frontal - brief):0.46725
oil:0.46675
weapons:0.4495
betrayal:0.4485
detective:0.43625
visually appealing:0.43475
nudity (topless - notable):0.429
predictable:0.42525
good soundtrack:0.41975
period piece:0.40425
pornography:0.4005
private detective:0.39925
plot:0.39425
twists & turns:0.39175
entirely dialogue:0.3915
pg-13:0.3915
melancholic:0.3905
clever:0.3905
noir:0.38775
redemption:0.38575
imdb top 250:0.3815
not funny:0.38075
mystery:0.37925
cheating:0.3785
investigation:0.36375
alter ego:0.3615
great acting:0.35875
existentialism:0.35825
script:0.357
culture clash:0.3555
first contact:0.35375
runaway:0.351
sexy:0.34975
chase:0.34925
gangsters:0.3455
great:0.344
sci fi:0.34175
suprisingly clever:0.339
classic:0.33875
intense:0.33625
brutality:0.33625
stylized:0.33575
oscar (best directing):0.33525
light:0.3345
very good:0.3345
memory:0.333
excellent script:0.3305
life philosophy:0.3285
multiple storylines:0.32675
bad ending:0.32575
writers:0.325
nostalgic:0.3235
talky:0.32025
california:0.31875
lone hero:0.3185
vengeance:0.31025
overrated:0.31
melancholy:0.3095
disaster:0.30825
dreamlike:0.30625
science fiction:0.306
confusing:0.30525
criterion:0.305
passionate:0.305
creativity:0.30475
