gangster:0.96325
gangsters:0.9595
organized crime:0.92175
violence:0.90075
violent:0.899
pornography:0.8905
anti-hero:0.87175
mob:0.85875
stylish:0.85275
gritty:0.849
revenge:0.82525
brutality:0.82225
crime:0.82225
assassin:0.80725
murder:0.78475
bleak:0.779
original:0.76475
adapted from:book:0.759
police investigation:0.73225
sexualized violence:0.71275
grim:0.68625
england:0.68525
criterion:0.684
dialogue:0.65725
death:0.6545
brutal:0.646
mafia:0.63425
betrayal:0.6265
london:0.62525
harsh:0.61975
downbeat:0.6185
vengeance:0.61125
powerful ending:0.6045
pulp:0.604
story:0.59475
gunfight:0.5945
corruption:0.581
runaway:0.57275
crime gone awry:0.56175
enigmatic:0.56075
stylized:0.54875
obsession:0.542
british:0.53975
vigilantism:0.53925
golden palm:0.53625
hitman:0.52625
visceral:0.52275
disturbing:0.522
sexy:0.5215
good soundtrack:0.51625
character study:0.5105
talky:0.51025
atmospheric:0.505
1970s:0.497
assassination:0.496
guilt:0.4945
bloody:0.49275
chase:0.485
quotable:0.46875
noir:0.46725
neo-noir:0.4615
melancholic:0.45525
foul language:0.44975
culture clash:0.44875
cinematography:0.446
drama:0.4455
censorship:0.436
film noir:0.43075
classic:0.4295
cult classic:0.42825
twists & turns:0.42675
moody:0.42625
realistic action:0.41775
great ending:0.41575
tense:0.4125
investigation:0.40275
entirely dialogue:0.389
mentor:0.3885
hit men:0.38825
forceful:0.386
storytelling:0.38125
catastrophe:0.38
moral ambiguity:0.369
great:0.36525
drinking:0.36425
gangs:0.36075
narrated:0.35475
greed:0.3545
weird:0.349
dark hero:0.34625
masterpiece:0.3435
dark:0.34125
cool:0.33675
social commentary:0.33325
photography:0.33075
erotic:0.3305
interesting:0.328
highly quotable:0.32425
working class:0.32
pointless:0.31925
