criterion:0.97975
hunting:0.94625
island:0.91625
jungle:0.91125
survival:0.90125
1930s:0.901
suspense:0.899
tense:0.87925
classic:0.86375
adventure:0.849
chase:0.8485
talky:0.84475
original:0.8335
fast paced:0.826
suspenseful:0.8025
allegory:0.7945
story:0.794
cinematography:0.77325
great ending:0.7655
creepy:0.764
storytelling:0.7425
cerebral:0.7395
fun movie:0.7325
greed:0.72925
macabre:0.726
great movie:0.71475
weapons:0.709
childhood:0.702
atmospheric:0.69875
visually appealing:0.6935
secrets:0.68175
light:0.65625
masterpiece:0.6535
eerie:0.641
forceful:0.63475
interesting:0.6245
dialogue:0.62275
imdb top 250:0.61425
exciting:0.606
enigmatic:0.6055
adaptation:0.60525
good:0.60275
claustrophobic:0.5975
police investigation:0.59725
visual:0.587
mystery:0.56925
dynamic cgi action:0.56425
black and white:0.5595
great acting:0.55475
intense:0.54925
murder:0.54475
animals:0.5415
isolation:0.541
twists & turns:0.54075
adapted from:book:0.5385
great:0.536
thriller:0.53375
psychology:0.52675
moral ambiguity:0.526
life & death:0.522
narrated:0.5215
runaway:0.521
stranded:0.51725
vengeance:0.50675
fantasy world:0.504
action:0.504
oscar (best supporting actress):0.5025
breathtaking:0.49925
psychological:0.496
redemption:0.49475
original plot:0.4895
oscar (best directing):0.483
amazing photography:0.47775
gunfight:0.47525
fun:0.4745
sacrifice:0.47
good versus evil:0.469
harsh:0.467
nocturnal:0.4665
monster:0.466
remade:0.46575
alter ego:0.46125
transformation:0.454
clever:0.453
catastrophe:0.4395
russian:0.4395
very interesting:0.43225
stylized:0.43175
entertaining:0.43125
oscar (best effects - visual effects):0.4295
very good:0.42375
pg-13:0.4235
wartime:0.42275
drama:0.42
scenic:0.41775
visually stunning:0.41625
fantasy:0.4145
special effects:0.4115
dark hero:0.411
mentor:0.41075
