parody:0.97375
spoof:0.92175
goofy:0.86725
cult classic:0.82725
demons:0.78775
original:0.76275
fun movie:0.75925
splatter:0.682
small town:0.65525
monster:0.65175
fun:0.6495
low budget:0.63525
cult film:0.615
so bad it's funny:0.5895
silly fun:0.565
humorous:0.5505
horror:0.55
cult:0.549
comedy:0.548
life philosophy:0.52875
silly:0.5265
funny as hell:0.51875
campy:0.51575
ninja:0.50275
drinking:0.4885
grindhouse:0.476
god:0.4635
humor:0.45225
great ending:0.43575
slapstick:0.4315
satire:0.426
mad scientist:0.41775
anti-hero:0.41525
highly quotable:0.412
catastrophe:0.4085
quotable:0.40725
mentor:0.40125
satirical:0.39525
good soundtrack:0.39425
goth:0.39125
monsters:0.38775
gay character:0.3835
creativity:0.38275
dialogue:0.38125
entertaining:0.38025
brutality:0.37725
weird:0.37225
fantasy world:0.366
bloody:0.366
dark hero:0.36175
gangsters:0.3575
hilarious:0.35725
great:0.35575
zombie:0.35475
existentialism:0.34825
sarcasm:0.34625
gory:0.341
fight scenes:0.341
violence:0.34025
view askew:0.33875
affectionate:0.33725
macabre:0.3275
storytelling:0.31425
very funny:0.3135
predictable:0.30425
spiders:0.30375
adaptation:0.30275
obsession:0.30225
transformation:0.2985
entirely dialogue:0.29825
scary:0.29425
good versus evil:0.29425
runaway:0.291
clever:0.287
unusual plot structure:0.283
chase:0.28175
death:0.28025
weapons:0.2765
lone hero:0.27525
crude humor:0.2725
sci fi:0.27225
pornography:0.268
corny:0.2645
redemption:0.26325
dark humor:0.262
suprisingly clever:0.262
cool:0.26175
first contact:0.26125
bad acting:0.2595
underrated:0.25825
cheesy:0.2535
absurd:0.25175
justice:0.25025
classic car:0.24775
criterion:0.24575
stoner movie:0.24475
gunfight:0.24425
male nudity:0.2435
melancholic:0.2435
new jersey:0.238
