plot twist:0.962
obsession:0.961
conspiracy theory:0.9215
twist:0.91025
twist ending:0.9035
twists & turns:0.892
bdsm:0.8705
psychology:0.8685
surprise ending:0.85125
paranoia:0.843
psychological:0.8285
story:0.7965
mystery:0.79325
original:0.78075
bad ending:0.767
plot holes:0.751
great ending:0.74275
stylized:0.74075
based on a book:0.73225
thriller:0.7035
mindfuck:0.6835
weird:0.68
adapted from:book:0.67525
books:0.658
amnesia:0.635
nudity (topless - notable):0.635
very interesting:0.632
cerebral:0.6215
sexualized violence:0.6185
predictable:0.6005
murder mystery:0.59825
storytelling:0.5925
catastrophe:0.58725
secrets:0.58675
plot:0.57125
suspense:0.5685
adaptation:0.56775
dark fantasy:0.5615
visually appealing:0.55325
enigmatic:0.5525
confusing:0.547
clever:0.52325
detective:0.52275
life philosophy:0.51325
interesting:0.49925
book:0.4925
insanity:0.48925
pg-13:0.484
good:0.4835
visually stunning:0.47875
destiny:0.4765
narrated:0.473
complex:0.46775
murder:0.465
conspiracy:0.46425
better than expected:0.459
complicated:0.4535
book was better:0.44925
first contact:0.44325
creativity:0.44275
fantasy world:0.44025
maze:0.43825
identity:0.43725
supernatural:0.43475
based on book:0.433
alternate endings:0.43075
intellectual:0.4275
unfunny:0.42375
justice:0.4235
pointless:0.422
great acting:0.42025
tricky:0.415
dialogue:0.415
mentor:0.41275
pornography:0.4125
police investigation:0.4125
absurd:0.4055
so bad it's funny:0.4055
paranoid:0.4045
idiotic:0.40175
stylish:0.401
dark:0.39975
suspenseful:0.39925
cinematography:0.39375
amazing cinematography:0.382
excellent script:0.37875
silly:0.37775
scary:0.37475
memory loss:0.37475
not funny:0.373
writers:0.3665
good soundtrack:0.3655
internet:0.35775
nudity (full frontal - brief):0.3575
greed:0.35725
bad acting:0.35625
dramatic:0.35525
complicated plot:0.34675
shallow:0.34075
bizarre:0.33975
