remake:0.9825
robots:0.87575
original:0.85425
women:0.799
gay character:0.656
predictable:0.654
satirical:0.614
comedy:0.60575
brainwashing:0.5945
robot:0.56
twist ending:0.55625
pg-13:0.55075
idiotic:0.5475
so bad it's funny:0.52975
silly:0.52275
plot holes:0.50875
androids:0.50825
catastrophe:0.501
girlie movie:0.4915
bad plot:0.48675
horrible:0.4735
unfunny:0.47325
stereotypes:0.45775
happy ending:0.45775
mentor:0.457
sci fi:0.45225
silly fun:0.446
pointless:0.43
great ending:0.4215
adaptation:0.42075
family:0.4195
queer:0.4155
good:0.4095
greed:0.4055
runaway:0.40425
bad ending:0.402
gay:0.39525
disaster:0.3895
lame:0.387
absurd:0.387
dialogue:0.386
sexy:0.38575
reality tv:0.38325
original plot:0.38125
satire:0.37875
pornography:0.377
islam:0.36675
bad:0.361
crappy sequel:0.35875
slapstick:0.35475
farce:0.35425
overrated:0.3495
very funny:0.347
first contact:0.3445
destiny:0.3435
story:0.338
nudity (full frontal - brief):0.3345
quirky:0.3345
shallow:0.33425
fun movie:0.3305
natural disaster:0.3265
science fiction:0.32425
dynamic cgi action:0.3225
storytelling:0.31625
fun:0.31275
fight scenes:0.30875
weird:0.307
secrets:0.307
camp:0.30325
based on a book:0.30325
fantasy world:0.303
writers:0.30225
suspense:0.29975
technology:0.2985
life philosophy:0.29825
good soundtrack:0.295
transformation:0.29075
big budget:0.28775
light:0.28675
sci-fi:0.2855
exceptional acting:0.28025
awful:0.27875
funny:0.27825
crude humor:0.27475
clever:0.274
twists & turns:0.27375
better than expected:0.2735
not funny:0.2695
entirely dialogue:0.26825
internet:0.26775
dark comedy:0.26625
feel-good:0.266
multiple storylines:0.264
revenge:0.26075
culture clash:0.2605
lone hero:0.25975
fantasy:0.25975
redemption:0.259
melancholic:0.2585
feel good movie:0.258
