cooking:0.981
comedy:0.96725
wine:0.91575
feel-good:0.87575
feel good movie:0.842
hilarious:0.8245
light:0.7995
mentor:0.79325
fun movie:0.74775
pg-13:0.721
france:0.7125
fight scenes:0.7
first contact:0.69825
underdog:0.697
original plot:0.697
food:0.69175
romantic comedy:0.67275
alternate endings:0.6645
betrayal:0.66075
original:0.6605
great:0.65825
story:0.65675
girlie movie:0.64175
paris:0.62825
funny:0.62825
french:0.62625
good:0.6255
pornography:0.625
relationships:0.608
romantic:0.6055
very funny:0.60375
chase:0.59475
culture clash:0.57575
destiny:0.57275
beautiful scenery:0.55
better than expected:0.5495
transformation:0.548
sweet:0.5405
nudity (full frontal - brief):0.528
catastrophe:0.51725
happy ending:0.51275
courage:0.50975
dialogue:0.50925
enormously long battle scene:0.50525
predictable:0.504
based on a play:0.50275
runaway:0.50025
so bad it's funny:0.496
nudity (rear):0.49175
clever:0.49175
bollywood:0.49075
unusual plot structure:0.4905
amy smart:0.4905
love story:0.482
irish accent:0.48025
mission from god:0.47825
fun:0.47725
crude humor:0.4715
sexy:0.47125
secret service:0.46225
islam:0.458
prejudice:0.45575
doctors:0.451
unlikely friendships:0.44975
sentimental:0.44925
suprisingly clever:0.44875
identity:0.4485
great ending:0.448
view askew:0.4455
alien invasion:0.439
bullshit history:0.433
drinking:0.43
honest:0.428
based on true story:0.41525
time:0.415
divorce:0.4125
heartwarming:0.4105
masterpiece:0.408
good soundtrack:0.40475
espionage:0.40325
vampire human love:0.39675
silly:0.395
love:0.38925
california:0.389
memory:0.38775
assassination:0.38525
touching:0.3795
goofy:0.37725
screwball:0.37725
good action:0.37675
farce:0.376
interesting:0.372
family drama:0.36875
internet:0.3685
grindhouse:0.3625
island:0.36025
unfunny:0.3565
drama:0.35225
artist:0.35
assassin:0.34925
