slasher:0.9975
splatter:0.9825
horror:0.9505
bloody:0.93975
cult classic:0.90275
creepy:0.885
gory:0.8615
gruesome:0.85475
halloween:0.82775
brutality:0.767
80s:0.766
teens:0.7485
original:0.742
gore:0.7285
grindhouse:0.7155
serial killer:0.70225
scary:0.68125
camp:0.679
cult film:0.617
claustrophobic:0.6015
classic:0.581
low budget:0.57775
blood:0.54925
nudity:0.5465
cannibalism:0.54375
murder:0.538
goretastic:0.53575
vengeance:0.53475
good soundtrack:0.53275
nudity (full frontal - notable):0.53175
mining:0.5305
twist ending:0.528
suspense:0.52125
revenge:0.517
small town:0.515
silly fun:0.4925
brutal:0.487
campy:0.48675
catastrophe:0.48525
violence:0.485
suspenseful:0.48375
weapons:0.48075
great ending:0.469
demons:0.46475
violent:0.44325
atmospheric:0.442
mentor:0.44025
holiday:0.43975
1980s:0.4395
cult:0.42675
visceral:0.42525
supernatural:0.42
chase:0.4175
death:0.41625
pointless:0.402
stylish:0.3965
disaster:0.39125
predictable:0.3855
ominous:0.37725
nudity (topless):0.3755
franchise:0.36975
macabre:0.35775
goofy:0.354
dialogue:0.344
dreamlike:0.326
not funny:0.32425
fantasy world:0.32275
overrated:0.31875
sexualized violence:0.318
quirky:0.316
lone hero:0.31525
weird:0.315
so bad it's funny:0.31475
adaptation:0.3135
beer:0.3055
first contact:0.29775
graphic novel:0.29475
monster:0.28875
creativity:0.28625
teen movie:0.28525
bad plot:0.28525
special effects:0.28125
mad scientist:0.278
stylized:0.277
pornography:0.27375
childhood:0.27275
tense:0.27225
entirely dialogue:0.2695
intense:0.2685
unusual plot structure:0.26725
doctors:0.26725
sci fi:0.26625
censorship:0.26325
good:0.2605
insanity:0.25925
effects:0.2575
fun movie:0.25375
storytelling:0.253
cinematography:0.2525
eerie:0.2505
