parody:0.958
comedy:0.937
satire:0.90375
original:0.88325
music:0.86125
clever:0.8425
mockumentary:0.826
mars:0.82175
survival:0.82075
musicians:0.801
funny:0.78975
fake documentary:0.7755
visually appealing:0.7695
storytelling:0.75175
spoof:0.74575
humor:0.74125
pg-13:0.7375
vengeance:0.7345
suspense:0.734
male nudity:0.7285
sexualized violence:0.7185
silly fun:0.71075
story:0.71025
musical:0.7005
good action:0.6985
violence:0.6925
very funny:0.69025
hip hop:0.6895
humorous:0.66775
fun:0.66325
entertaining:0.65475
good soundtrack:0.65275
saturday night live:0.6505
stoner movie:0.649
artistic:0.6215
dialogue:0.62075
goofy:0.61525
predictable:0.61325
hilarious:0.612
excellent script:0.608
quotable:0.604
music business:0.60225
serial killer:0.595
police investigation:0.58575
dumb:0.5765
lone hero:0.57125
silly:0.56775
revenge:0.561
idiotic:0.56075
dumb but funny:0.55925
destiny:0.55725
manipulation:0.555
great ending:0.5495
fun movie:0.5475
absurd:0.545
satirical:0.54275
foul language:0.53975
cult film:0.535
weapons:0.525
stereotypes:0.52425
reality tv:0.5195
exceptional acting:0.51475
torture:0.50925
harsh:0.506
product placement:0.50375
unfunny:0.50325
brutality:0.50225
death:0.50225
so bad it's funny:0.502
twists & turns:0.499
unusual plot structure:0.4985
adaptation:0.49325
internet:0.4815
mentor:0.4815
blood:0.479
witty:0.479
runaway:0.471
crude humor:0.47
catastrophe:0.46775
violent:0.4605
family:0.45775
great:0.454
chase:0.45325
realistic:0.45225
gangsters:0.452
good music:0.4455
suspenseful:0.44
funniest movies:0.436
suprisingly clever:0.433
funny as hell:0.4255
oscar (best actress):0.42475
honest:0.4225
drama:0.4225
first contact:0.42175
redemption:0.421
ridiculous:0.41625
island:0.41625
light:0.414
stupid:0.41375
cinematography:0.41325
