criterion:0.91
talky:0.90725
silent:0.87175
noir:0.84475
long:0.82025
1920s:0.7585
film noir:0.75475
germany:0.75
betrayal:0.705
enigmatic:0.68175
golden palm:0.67475
corruption:0.67125
original:0.65425
downbeat:0.64475
reflective:0.6355
bleak:0.63475
german:0.6295
tense:0.62925
masterpiece:0.6245
storytelling:0.609
cerebral:0.60325
very interesting:0.596
allegory:0.59225
grim:0.58775
unusual plot structure:0.57325
crime:0.57025
forceful:0.5625
based on a book:0.56025
manipulation:0.553
cinematography:0.5405
oscar (best actress):0.5305
art:0.525
breathtaking:0.522
gangsters:0.51975
meditative:0.504
berlin:0.481
imdb top 250:0.47925
paranoid:0.477
existentialism:0.474
life philosophy:0.471
stylized:0.4645
oscar (best supporting actress):0.45875
greed:0.45225
gangster:0.44675
intimate:0.44125
immortality:0.44
crime gone awry:0.439
catastrophe:0.4365
black and white:0.4355
sacrifice:0.4335
melancholy:0.42625
complex:0.42575
entirely dialogue:0.42375
great ending:0.41175
pulp:0.4055
1930s:0.3955
suprisingly clever:0.382
gambling:0.371
solitude:0.368
based on a play:0.35675
atmospheric:0.3565
tragedy:0.35625
passionate:0.353
mentor:0.35225
social commentary:0.3515
classic car:0.35
oscar (best foreign language film):0.34825
stunning:0.3475
affectionate:0.34725
visually appealing:0.3445
surreal:0.342
prison:0.34125
harsh:0.341
transformation:0.34025
oscar (best directing):0.3375
obsession:0.335
dialogue:0.33075
morality:0.32475
murder:0.32325
pornography:0.323
runaway:0.323
visual:0.323
politics:0.3225
culture clash:0.322
grindhouse:0.31775
loneliness:0.3105
dreamlike:0.30875
destiny:0.3065
free to download:0.30475
melancholic:0.301
police investigation:0.3005
great:0.2985
supernatural:0.29675
good versus evil:0.28975
philosophical:0.28925
world war i:0.28825
russian:0.28575
moody:0.28125
sexual:0.28025
tricky:0.28025
