documentary:0.967
politics:0.96375
corruption:0.917
middle east:0.86825
torture:0.8675
idealism:0.837
iraq:0.8365
terrorism:0.78675
military:0.76
greed:0.75975
forceful:0.752
israel:0.743
original:0.74275
propaganda:0.734
political:0.732
social commentary:0.707
weapons:0.703
tragedy:0.7015
death:0.699
bombs:0.68975
disturbing:0.6865
betrayal:0.679
narrated:0.67175
prison:0.6665
oscar (best directing):0.666
9/11:0.6605
morality:0.6595
oscar (best actress):0.64925
controversial:0.643
brutality:0.64025
criterion:0.63375
justice:0.614
movielens top pick:0.60825
guilt:0.5985
pornography:0.593
depression:0.57675
journalism:0.5695
culture clash:0.56475
investigation:0.561
talky:0.5585
british:0.5575
honest:0.55675
islam:0.5425
oil:0.54025
complex:0.53375
intimate:0.52725
life & death:0.5175
secrets:0.515
ethnic conflict:0.5055
suicide:0.504
runaway:0.497
black and white:0.48825
business:0.48775
harsh:0.4835
interesting:0.48
foreign:0.47875
cerebral:0.47425
male nudity:0.4685
capitalism:0.465
affectionate:0.46
manipulation:0.45875
brainwashing:0.45775
anti-war:0.4565
visceral:0.4555
destiny:0.45375
mentor:0.441
imdb top 250:0.4395
fun movie:0.4325
moral ambiguity:0.43075
sacrifice:0.42775
grim:0.4245
corporate america:0.41775
prejudice:0.41175
adaptation:0.4115
light:0.41075
catastrophe:0.40975
witty:0.4075
fighting the system:0.405
suprisingly clever:0.40325
highly quotable:0.398
paranoia:0.391
england:0.3895
not funny:0.3895
oscar:0.389
beautiful scenery:0.38875
great ending:0.381
cinematography:0.3765
war:0.37375
sexualized violence:0.37275
insanity:0.371
oscar (best supporting actress):0.3705
good:0.37
oscar winner:0.36675
relationships:0.36625
psychology:0.36575
president:0.36475
women:0.36375
censorship:0.36225
nudity (topless - notable):0.3595
self discovery:0.3585
