vampires:0.99975
vampire:0.9995
splatter:0.95325
goth:0.91175
horror:0.89425
lone hero:0.8895
gothic:0.79425
action:0.791
violence:0.78925
gory:0.77875
cult classic:0.7635
bloody:0.7435
original:0.735
blood:0.7325
based on a book:0.66825
violent:0.6655
dialogue:0.64725
cool:0.6225
nocturnal:0.621
gratuitous violence:0.61925
nudity (rear):0.6155
scary:0.58925
brutality:0.5875
good soundtrack:0.586
action packed:0.5825
predictable:0.56875
vengeance:0.565
cult film:0.56475
weapons:0.56475
bad plot:0.5575
adapted from:book:0.5515
fun movie:0.5475
demons:0.544
adaptation:0.5375
halloween:0.52925
special effects:0.50425
goofy:0.50275
great ending:0.49225
mentor:0.4855
gore:0.48175
fight scenes:0.48175
based on book:0.4755
good action:0.47325
snakes:0.46125
apocalypse:0.4585
hunting:0.45225
transformation:0.43925
sexualized violence:0.437
zombie:0.4345
good:0.4325
suspense:0.4315
books:0.427
great:0.4245
monster:0.42375
pulp:0.421
dark hero:0.419
sexy:0.4125
graphic novel:0.41225
anti-hero:0.412
revenge:0.41075
mythology:0.40375
grindhouse:0.40375
campy:0.3955
stylish:0.39025
so bad it's funny:0.38725
chase:0.3865
80s:0.3825
western:0.3805
storytelling:0.3755
catastrophe:0.37225
werewolves:0.371
not funny:0.3695
death:0.368
great movie:0.36075
entirely dialogue:0.36075
mexico:0.35975
franchise:0.35725
story:0.35175
fun:0.3515
bad acting:0.35025
fantasy world:0.34825
mad scientist:0.34325
destiny:0.34275
first contact:0.33925
underrated:0.3385
drinking:0.33625
life philosophy:0.33575
gunfight:0.3275
great acting:0.3275
imdb top 250:0.32525
awesome soundtrack:0.32475
intense:0.32325
monsters:0.3225
entertaining:0.31775
camp:0.31525
big budget:0.31075
supernatural:0.3095
fast paced:0.3085
stylized:0.3045
quirky:0.30425
