fantasy:0.97275
animation:0.96925
fairy tale:0.938
fantasy world:0.93425
magic:0.91
animated:0.9005
love:0.88825
wizards:0.88175
whimsical:0.8465
imagination:0.81225
childhood:0.8045
bittersweet:0.7805
anime:0.76
original:0.73275
based on book:0.72975
cartoon:0.686
high fantasy:0.6625
fairy tales:0.65
witches:0.629
adapted from:book:0.628
allegory:0.6175
great ending:0.61475
children:0.603
dragons:0.59525
transformation:0.593
creativity:0.585
beautiful scenery:0.577
melancholic:0.572
dark fantasy:0.569
story:0.5635
love story:0.5565
beautiful:0.55075
good:0.549
medieval:0.54075
weird:0.5405
sweet:0.52975
visually appealing:0.527
loneliness:0.5185
happy ending:0.514
visually stunning:0.50675
witch:0.50175
adaptation:0.494
mythology:0.48775
dialogue:0.486
books:0.476
affectionate:0.47375
classic:0.472
stylized:0.467
sacrifice:0.465
touching:0.45825
based on a book:0.45625
colourful:0.45475
romantic:0.452
good versus evil:0.44875
good soundtrack:0.447
catastrophe:0.438
adventure:0.438
great:0.431
visual:0.4305
artistic:0.43025
beautifully filmed:0.42925
enigmatic:0.4115
suprisingly clever:0.4105
nostalgic:0.4085
storytelling:0.4075
special:0.40625
art:0.40075
musical:0.40025
mentor:0.39825
friendship:0.398
breathtaking:0.393
heartwarming:0.393
redemption:0.3905
runaway:0.388
dreamlike:0.3865
greed:0.38425
underrated:0.381
stop motion:0.38
lyrical:0.37975
unlikely friendships:0.3795
clever:0.37825
good music:0.37325
destiny:0.36625
stunning:0.35575
light:0.351
modern fantasy:0.34875
unusual plot structure:0.34375
music:0.34325
aging:0.34075
animal movie:0.3395
obsession:0.3385
culture clash:0.33425
author:neil gaiman:0.3325
reflective:0.32825
computer animation:0.32225
criterion:0.322
scenic:0.30975
cult classic:0.309
brutality:0.30775
romance:0.30675
