monsters:0.9715
monster:0.94825
classic:0.94
horror:0.912
comedy:0.9065
mad scientist:0.894
gothic:0.8465
goofy:0.78175
affectionate:0.77675
fun movie:0.75575
silly fun:0.7445
original:0.7115
macabre:0.705
goth:0.6855
spoof:0.673
life & death:0.6695
great:0.65675
alter ego:0.64425
great movie:0.63075
chase:0.60775
transformation:0.59725
humorous:0.59625
mentor:0.5785
creepy:0.57725
werewolf:0.5685
fun:0.552
cult classic:0.54975
atmospheric:0.533
scary:0.5315
great ending:0.5275
quotable:0.5185
nostalgic:0.517
childhood:0.507
imdb top 250:0.502
slapstick:0.49825
dialogue:0.48275
nocturnal:0.478
story:0.476
culture clash:0.47225
werewolves:0.4655
doctors:0.45775
funny:0.457
light:0.453
witty:0.4515
silly:0.44075
good:0.43775
runaway:0.43775
destiny:0.43675
hilarious:0.42075
demons:0.412
very funny:0.41025
mummy:0.408
oscar (best supporting actress):0.4075
family:0.40575
afi 100 (laughs):0.395
eerie:0.3885
funny as hell:0.38525
adaptation:0.38225
new jersey:0.38
ghosts:0.37925
cult film:0.37075
comic:0.367
gory:0.36625
criterion:0.363
catastrophe:0.3615
blood:0.36025
strange:0.35725
stop motion:0.3495
parody:0.3475
greed:0.34675
farce:0.34475
life philosophy:0.343
time:0.34175
unusual plot structure:0.3415
oscar (best supporting actor):0.3405
ghosts/afterlife:0.3405
oscar (best directing):0.33175
drinking:0.33
fantasy world:0.3215
talky:0.32075
screwball:0.31925
lone hero:0.3185
immortality:0.31825
frightening:0.31775
melancholic:0.3165
sacrifice:0.31625
based on a play:0.31325
storytelling:0.30675
supernatural:0.306
twists & turns:0.3035
earnest:0.30175
absurd:0.3015
radio:0.30075
clever:0.30025
humor:0.29875
unfunny:0.29875
hospital:0.29825
special effects:0.29775
perfect:0.294
police investigation:0.294
