western:0.9845
gunfight:0.96225
ennio morricone:0.911
chase:0.80125
indians:0.79575
talky:0.737
spaghetti western:0.73625
redemption:0.73
tense:0.7215
original:0.7215
dialogue:0.7015
vengeance:0.69225
great movie:0.6915
good:0.666
civil war:0.6595
violence:0.6585
story:0.647
great:0.64675
70mm:0.633
culture clash:0.6325
action:0.628
mexico:0.62525
adventure:0.62325
cinematography:0.6175
desert:0.6025
moral ambiguity:0.59575
entertaining:0.587
greed:0.58325
violent:0.5795
classic:0.5765
suspense:0.57125
fun movie:0.5665
brutality:0.5575
murder:0.556
storytelling:0.54725
great ending:0.53675
revenge:0.532
dialogue driven:0.525
harsh:0.52375
runaway:0.516
cool:0.51475
romance:0.51275
clever:0.51075
mentor:0.5095
plot:0.5075
good soundtrack:0.498
good action:0.48575
beautiful scenery:0.483
happy ending:0.4825
quotable:0.48
lone hero:0.47975
action packed:0.47175
french:0.4675
bloody:0.46075
catastrophe:0.45375
romantic:0.44775
oscar (best directing):0.44775
scenic:0.4475
torture:0.4475
suprisingly clever:0.447
excellent:0.4465
drinking:0.43825
wilderness:0.42325
light:0.42275
betrayal:0.422
imdb top 250:0.41825
photography:0.41475
enigmatic:0.41325
gritty:0.41075
criterion:0.41025
humorous:0.41025
comedy:0.40975
witty:0.4075
intense:0.40675
complex:0.40625
guns:0.40375
destiny:0.40125
suspenseful:0.39775
entirely dialogue:0.3955
justice:0.39325
secrets:0.3915
anti-hero:0.39025
police investigation:0.3865
hitman:0.3835
oscar (best cinematography):0.3825
corruption:0.3805
visually appealing:0.37775
nudity (full frontal - brief):0.37375
sexy:0.37225
good acting:0.3705
unusual plot structure:0.36725
very good:0.36375
fast paced:0.357
irish accent:0.35625
stylized:0.3545
quirky:0.354
forceful:0.3525
highly quotable:0.35125
visual:0.3495
dark hero:0.345
