sexual:0.99625
pornography:0.9925
erotic:0.9875
sex:0.97725
nudity (full frontal - notable):0.949
sexuality:0.93675
nudity (full frontal):0.93125
male nudity:0.919
controversial:0.91125
sexy:0.89675
romance:0.86875
relationships:0.85175
bdsm:0.79
censorship:0.783
sexualized violence:0.751
rape:0.7365
nudity:0.72825
art house:0.7275
obsession:0.7205
original:0.714
intimate:0.65
women:0.5885
brutality:0.577
nudity (topless - notable):0.55975
voyeurism:0.512
art:0.5025
pretentious:0.4965
psychological:0.49575
passionate:0.4925
enigmatic:0.484
notable nudity:0.48225
talky:0.46575
pointless:0.4575
very interesting:0.4505
fantasy:0.44075
violence:0.44
mentor:0.43225
dialogue:0.4305
nudity (full frontal - brief):0.42475
fantasy world:0.41825
psychology:0.41825
surreal:0.4055
intellectual:0.40325
disturbing:0.39625
great ending:0.39625
predictable:0.396
adultery:0.39
catastrophe:0.3825
boring:0.38175
adaptation:0.37825
boring!:0.357
violent:0.357
overrated:0.34625
entirely dialogue:0.33675
first contact:0.3365
police investigation:0.3345
melancholic:0.332
bad ending:0.33125
twists & turns:0.3285
good soundtrack:0.31225
not funny:0.30975
nudity (topless):0.308
criterion:0.30475
stylish:0.30475
revenge:0.301
complex:0.29875
french:0.29475
cult film:0.29275
runaway:0.29275
storytelling:0.2895
foreign:0.2845
narrated:0.282
dreamlike:0.28075
so bad it's funny:0.2805
culture clash:0.279
life philosophy:0.275
addiction:0.27325
intense:0.27075
existentialism:0.26875
queer:0.26725
vengeance:0.26725
quirky:0.2665
nudity (rear):0.2645
thought-provoking:0.26025
betrayal:0.2595
graphic novel:0.2575
stereotypes:0.2575
infidelity:0.257
redemption:0.25525
story:0.251
loneliness:0.246
interesting:0.24575
fight scenes:0.2455
harsh:0.24525
absurd:0.24075
philosophical:0.2385
romantic:0.23575
weird:0.23525
artsy:0.23325
visually appealing:0.2325
