military:0.974
iraq:0.95725
iraq war:0.94675
prison:0.91
torture:0.90325
corruption:0.90275
documentary:0.8805
manipulation:0.87875
complex:0.83725
original:0.8195
guilt:0.809
light:0.8045
intimate:0.78725
psychological:0.781
interesting:0.77925
political:0.7675
disturbing:0.74925
narrated:0.73325
reflective:0.72825
sexual abuse:0.7235
talky:0.72125
greed:0.7115
tragedy:0.685
murder:0.6835
social commentary:0.68225
harsh:0.68225
politics:0.67775
secrets:0.66325
investigation:0.6565
runaway:0.6505
photography:0.6405
oscar (best directing):0.63925
obsession:0.6325
betrayal:0.62875
ethnic conflict:0.628
mental illness:0.6265
brutality:0.626
dramatic:0.61675
police investigation:0.61025
cinematography:0.59325
drama:0.5845
honest:0.57375
forceful:0.5685
relationships:0.56625
factual:0.56325
us history:0.56275
intense:0.5605
tense:0.55875
unusual plot structure:0.5515
grindhouse:0.55075
texas:0.5465
death:0.544
realistic:0.54275
california:0.54275
story:0.538
psychology:0.535
sacrifice:0.5335
criterion:0.532
islam:0.53175
moral ambiguity:0.52575
nudity (full frontal - notable):0.52425
very interesting:0.52425
culture clash:0.524
melancholic:0.52175
suprisingly clever:0.521
conspiracy:0.5145
internet:0.51275
journalism:0.51
adaptation:0.50825
golden palm:0.50825
biting:0.50675
enigmatic:0.5055
hospital:0.50225
amazing photography:0.5
compassionate:0.5
adapted from:book:0.49525
violent:0.49475
dialogue:0.4935
brainwashing:0.4845
censorship:0.4845
prejudice:0.48425
movielens top pick:0.48275
justice:0.48275
great ending:0.48075
dark:0.4785
depressing:0.4755
pornography:0.474
imdb top 250:0.47375
male nudity:0.47275
suspense:0.47225
storytelling:0.47175
courage:0.46675
oscar (best supporting actress):0.46575
assassination:0.45825
good soundtrack:0.45375
depression:0.45175
idealism:0.45125
not funny:0.44275
violence:0.44125
war:0.4405
