violence:0.952
based on true story:0.92925
violent:0.92825
original:0.91125
great acting:0.87425
intense:0.86325
brutality:0.85925
based on book:0.85775
based on a true story:0.8565
corruption:0.84225
story:0.84075
assassination:0.84025
biographical:0.82425
interesting:0.824
suspense:0.8235
politics:0.82025
brutal:0.81175
true story:0.81075
based on a book:0.80275
biopic:0.80175
history:0.7995
factual:0.79475
historical:0.793
vengeance:0.7875
political:0.783
action:0.7815
torture:0.77875
stylish:0.76475
technology:0.75825
dramatic:0.75775
political corruption:0.755
pg-13:0.75425
gangsters:0.74875
revenge:0.74125
gangster:0.74
complex:0.73875
runaway:0.726
devil:0.72575
drama:0.72525
nudity (topless):0.72
realistic:0.7195
betrayal:0.717
storytelling:0.71475
murder:0.7115
oscar (best directing):0.711
cinematography:0.70325
gulf war:0.70025
biography:0.696
foul language:0.69425
sexualized violence:0.69275
fun movie:0.69125
mentor:0.688
forceful:0.678
insanity:0.6705
oscar:0.6685
twists & turns:0.66725
good acting:0.6665
gratuitous violence:0.6625
fast paced:0.66125
plot:0.6485
us history:0.64425
dark hero:0.6435
drugs:0.6415
oscar (best supporting actress):0.641
action packed:0.6305
iraq:0.62825
character study:0.62425
middle east:0.61675
psychology:0.60925
courage:0.60625
justice:0.5975
dialogue:0.59325
social commentary:0.593
oscar winner:0.586
great ending:0.58
good soundtrack:0.57775
thriller:0.57075
anti-hero:0.56975
costume drama:0.56725
psychological:0.55975
entertaining:0.5595
manipulation:0.558
visceral:0.55675
sci fi:0.55175
oscar (best effects - visual effects):0.55075
clever:0.55
very interesting:0.548
war:0.54375
redemption:0.5435
exceptional acting:0.53625
life & death:0.536
catastrophe:0.5275
special effects:0.52525
thought-provoking:0.52375
police investigation:0.521
blood:0.51825
great movie:0.5135
survival:0.511
organized crime:0.511
bloody:0.5065
