hallucinatory:0.967
bdsm:0.96375
enigmatic:0.96325
criterion:0.92325
stylized:0.914
weird:0.8795
gangsters:0.87525
gangster:0.856
sexual:0.816
psychedelic:0.78625
bleak:0.744
pornography:0.73725
art house:0.729
runaway:0.7105
mafia:0.70675
surreal:0.698
golden palm:0.6915
dreamlike:0.649
rock and roll:0.63525
organized crime:0.62625
intimate:0.62175
downbeat:0.5645
original:0.56225
meditative:0.54975
surrealism:0.545
brutality:0.53975
awesome soundtrack:0.5305
mob:0.51775
melancholic:0.5175
censorship:0.5125
atmospheric:0.5075
artistic:0.50075
nudity (full frontal - notable):0.49675
talky:0.4905
disturbing:0.488
quirky:0.4775
crime gone awry:0.47725
insanity:0.46875
harsh:0.46575
reflective:0.4615
nudity (rear):0.44975
identity:0.4485
hotel:0.444
sexy:0.442
macabre:0.423
masterpiece:0.41925
art:0.41875
cult classic:0.41575
london:0.41425
erotic:0.414
satirical:0.41
catastrophe:0.40875
obsession:0.39125
addiction:0.38775
unusual plot structure:0.38725
british:0.3805
cinematography:0.37875
cerebral:0.37775
1970s:0.3775
violent:0.37075
stylish:0.36725
culture clash:0.356
life & death:0.353
good soundtrack:0.33925
melancholy:0.335
violence:0.333
affectionate:0.331
character study:0.328
gritty:0.32775
based on a play:0.32
transformation:0.318
entirely dialogue:0.31725
dialogue:0.3155
storytelling:0.311
allegory:0.31025
existentialism:0.3065
stunning:0.30425
grindhouse:0.303
film noir:0.30075
perfect:0.30075
paranoid:0.29975
mentor:0.2985
ironic:0.29775
black and white:0.2955
drugs:0.28925
cynical:0.288
nocturnal:0.285
murder:0.2845
visual:0.2795
suprisingly clever:0.2785
creativity:0.27775
not funny:0.2725
breathtaking:0.27
visually stunning:0.2685
controversial:0.26375
moody:0.258
social commentary:0.25175
women:0.24875
life philosophy:0.24825
motorcycle:0.24675
