rats:0.97925
spiders:0.90575
so bad it's funny:0.848
cult classic:0.84025
island:0.83275
camp:0.83125
special effects:0.81275
original:0.798
based on a book:0.795
campy:0.731
cult film:0.69975
low budget:0.69375
sci fi:0.68375
monster:0.67225
sci-fi:0.62675
bad cgi:0.6035
bad acting:0.603
animals:0.575
survival:0.54825
science fiction:0.53675
scifi:0.5315
silly:0.52175
harsh:0.52
splatter:0.5145
demons:0.51125
horror:0.5065
adaptation:0.5035
bad:0.467
bloody:0.46425
dystopia:0.4575
unintentionally funny:0.45175
bad plot:0.44475
predictable:0.4385
android(s)/cyborg(s):0.437
dialogue:0.4275
god:0.4245
fun movie:0.423
mutants:0.41575
brutality:0.4115
pulp:0.4075
cheesy:0.40725
dinosaurs:0.406
mad scientist:0.39125
idiotic:0.38525
great ending:0.3835
snakes:0.383
catastrophe:0.3825
effects:0.3805
monsters:0.367
so bad it's good:0.36
grindhouse:0.3495
twist ending:0.3445
boring:0.34375
mentor:0.3405
nocturnal:0.33825
bad science:0.33775
natural disaster:0.3195
gory:0.317
dark fantasy:0.313
horrible:0.31275
puppets:0.307
first contact:0.3045
not funny:0.30375
silly fun:0.30225
wilderness:0.299
dark hero:0.29125
cult:0.28725
nudity (topless - notable):0.285
fun:0.2845
visually appealing:0.282
lone hero:0.2745
entirely dialogue:0.27425
violence:0.2735
entertaining:0.27325
weird:0.27225
allegory:0.27225
goofy:0.26975
scary:0.26925
story:0.269
weapons:0.26725
revenge:0.2665
quirky:0.26575
overrated:0.2645
80s:0.26325
fantasy:0.26275
technology:0.26025
disaster:0.256
classic car:0.253
fantasy world:0.25275
creepy:0.24875
redemption:0.24875
nudity (topless):0.247
chase:0.24675
action:0.24525
happy ending:0.24475
storytelling:0.24275
slapstick:0.242
post-apocalyptic:0.24075
vengeance:0.239
nudity (rear):0.23575
