future:0.95925
sci-fi:0.9435
children:0.8935
fantasy:0.89325
time travel:0.88325
kids and family:0.85275
scifi:0.8485
based on a book:0.84575
sci fi:0.823
original:0.80975
science fiction:0.80325
imagination:0.79525
fantasy world:0.794
magic:0.775
story:0.74475
futuristic:0.72925
kids:0.72575
product placement:0.721
science:0.72075
childhood:0.71675
first contact:0.69575
destiny:0.6795
plot holes:0.65475
fairy tale:0.651
technology:0.6485
special effects:0.6335
catastrophe:0.609
family:0.5995
toys:0.5845
whimsical:0.5825
alternate reality:0.5805
adventure:0.56225
thought-provoking:0.55875
good:0.5485
mentor:0.54775
runaway:0.5355
visually stunning:0.5335
good versus evil:0.53025
genetics:0.5135
spiders:0.5105
great ending:0.50725
teacher:0.50375
cerebral:0.50025
storytelling:0.49575
alien:0.49125
bullying:0.47425
life philosophy:0.46925
weird:0.46475
predictable:0.464
bad plot:0.45725
based on book:0.44525
fun movie:0.44325
humanity:0.4345
bad acting:0.43075
intellectual:0.42725
natural disaster:0.42575
parallel universe:0.42175
cute!:0.416
android(s)/cyborg(s):0.4155
clever:0.4065
pg-13:0.40075
utopia:0.39825
cute:0.39425
adapted from:book:0.38725
fight scenes:0.38675
computer game:0.38025
mad scientist:0.37975
existentialism:0.37275
so bad it's funny:0.37075
visual:0.37075
great:0.36875
visually appealing:0.36475
dialogue:0.3645
alternate endings:0.3625
culture clash:0.362
bad ending:0.362
transformation:0.361
adaptation:0.36025
bad science:0.35575
pg:0.353
light:0.35175
family drama:0.34925
silly:0.348
too short:0.345
complex:0.34375
adoption:0.342
aliens:0.337
distopia:0.336
unusual plot structure:0.33525
secrets:0.33225
memory:0.332
inspirational:0.332
creativity:0.32975
visuals:0.32725
cloning:0.32675
robot:0.324
mathematics:0.322
quirky:0.316
not funny:0.3125
twists & turns:0.31125
