1930s:0.95875
oscar:0.899
oscar (best actress):0.88975
adultery:0.8875
great acting:0.87575
oscar (best directing):0.872
drama:0.8545
sentimental:0.81775
small town:0.79675
oscar winner:0.75725
texas:0.7555
affectionate:0.74875
great movie:0.741
great ending:0.73
unlikely friendships:0.72475
racism:0.7245
good:0.71525
dramatic:0.70525
poignant:0.69875
oscar (best cinematography):0.696
friendship:0.69425
nostalgic:0.69075
great:0.69
oscar (best supporting actor):0.682
segregation:0.67825
oscar (best picture):0.67725
touching:0.6695
mentor:0.669
depression:0.658
redemption:0.652
period piece:0.65075
love story:0.64675
destiny:0.6455
runaway:0.64
story:0.6365
original:0.63625
good soundtrack:0.62575
courage:0.625
oscar (best supporting actress):0.62375
heartwarming:0.622
family:0.608
culture clash:0.60775
gunfight:0.5945
exceptional acting:0.58825
earnest:0.58075
civil war:0.57725
tear jerker:0.576
good acting:0.57475
greed:0.5545
catastrophe:0.5505
beautiful scenery:0.547
character study:0.545
childhood:0.54375
betrayal:0.53875
prejudice:0.537
based on a play:0.53525
survival:0.52625
pg-13:0.5245
idealism:0.5235
chase:0.51775
excellent script:0.51625
plot:0.5115
realistic:0.50925
feel-good:0.501
intimate:0.497
bittersweet:0.4895
blindness:0.48725
social commentary:0.487
imdb top 250:0.48675
vengeance:0.4845
suprisingly clever:0.48125
unusual plot structure:0.47125
tragedy:0.4665
life philosophy:0.464
justice:0.463
chick flick:0.46175
infidelity:0.46125
girlie movie:0.45625
lawyer:0.4545
emotional:0.453
interesting:0.45175
relationships:0.4425
suspense:0.437
historical:0.4365
oscar (best actor):0.434
moral ambiguity:0.4335
long:0.43275
sacrifice:0.42825
storytelling:0.42275
romantic:0.419
costume drama:0.4145
drinking:0.41125
cheating:0.40825
intense:0.4065
dialogue:0.4065
happy ending:0.4065
scenic:0.4025
passionate:0.39875
corruption:0.39525
police investigation:0.39375
