surfing:0.99825
hawaii:0.9695
good soundtrack:0.8855
australia:0.86425
original:0.85225
narrated:0.84775
california:0.8035
new jersey:0.79675
south africa:0.79275
photography:0.75375
sequel:0.74325
sports:0.69475
africa:0.69425
sequels:0.66925
adventure:0.64475
cult classic:0.63825
life philosophy:0.61
very interesting:0.60325
unusual plot structure:0.5915
beautiful scenery:0.579
great:0.5595
internet:0.5495
pornography:0.53375
great movie:0.52775
suprisingly clever:0.51725
dialogue:0.51375
mentor:0.51375
original plot:0.49075
great ending:0.4675
alaska:0.464
fun movie:0.4525
chase:0.44575
catastrophe:0.4455
technology:0.4395
brutality:0.42525
cinematography:0.42475
melancholic:0.40975
life & death:0.40675
storytelling:0.39725
culture clash:0.3965
fun:0.39125
lions:0.38725
good:0.378
criterion:0.37175
harsh:0.3715
interesting:0.35975
gangs:0.35775
fight scenes:0.35425
visually appealing:0.34275
beautifully filmed:0.33975
documentary:0.339
cool:0.339
not funny:0.3345
talky:0.3305
graphic design:0.3285
humorous:0.32575
very good:0.321
goofy:0.318
adaptation:0.3135
very funny:0.31325
entirely dialogue:0.312
relationships:0.30675
intense:0.30375
runaway:0.2975
entertaining:0.297
dark hero:0.295
new york city:0.293
travel:0.2925
stylized:0.29075
male nudity:0.29
unlikely friendships:0.288
dynamic cgi action:0.28625
light:0.28375
fantasy world:0.28
shark:0.2785
tokyo:0.2775
nudity (full frontal - brief):0.2735
sexualized violence:0.2735
classic car:0.273
art:0.27175
destiny:0.26475
violent:0.26175
transformation:0.261
distopia:0.2605
1960s:0.26
unfunny:0.2565
imdb top 250:0.25425
pg-13:0.25425
twists & turns:0.25225
good sequel:0.25125
lone hero:0.25075
quirky:0.2495
finnish:0.24875
first contact:0.24825
redemption:0.24825
dreams:0.24725
cult film:0.24625
hospital:0.245
greed:0.2435
kick-butt women:0.2425
