rock and roll:0.9785
awesome soundtrack:0.9665
motorcycle:0.85625
cult classic:0.84125
futuristic:0.7755
cult film:0.77475
music:0.77075
good soundtrack:0.75775
stylish:0.753
cool:0.74225
fun movie:0.74175
80s:0.734
original:0.69825
action:0.6885
musical:0.67025
fun:0.658
1980s:0.62225
great:0.61725
nostalgic:0.60825
stylized:0.59925
fight scenes:0.59475
fantasy:0.59025
lone hero:0.589
good music:0.58775
dialogue:0.58575
great music:0.5855
sexy:0.57375
70mm:0.52225
light:0.52175
pulp:0.516
alternate reality:0.502
grindhouse:0.493
mentor:0.4915
visual:0.49075
good action:0.48025
great ending:0.47
fantasy world:0.46375
great movie:0.4625
brutality:0.446
nocturnal:0.43125
great soundtrack:0.43025
good versus evil:0.42425
gangs:0.4155
gangsters:0.41075
violence:0.4075
campy:0.405
childhood:0.4015
buddy movie:0.3995
good:0.399
predictable:0.38725
entirely dialogue:0.3865
melancholic:0.3815
catastrophe:0.381
story:0.378
cinematography:0.377
chase:0.376
not funny:0.3725
vengeance:0.36225
weapons:0.36025
nostalgia:0.36
storytelling:0.35975
runaway:0.3585
visceral:0.354
kidnapping:0.34825
camp:0.33475
fast paced:0.332
criterion:0.324
redemption:0.316
guilty pleasure:0.3105
violent:0.305
harsh:0.3045
colourful:0.303
gunfight:0.3025
dystopia:0.3005
surreal:0.2995
first contact:0.2975
visuals:0.29575
post apocalyptic:0.2895
anti-hero:0.2865
gritty:0.283
family:0.273
transformation:0.2715
dreamlike:0.26925
unusual plot structure:0.26925
quirky:0.2655
weird:0.26425
adventure:0.2635
fighting:0.257
so bad it's funny:0.25425
dark hero:0.253
adaptation:0.25275
culture clash:0.251
swashbuckler:0.24875
atmospheric:0.24825
entertaining:0.2475
police corruption:0.24725
cars:0.2455
action packed:0.244
pornography:0.244
mad scientist:0.2425
