finnish:0.9985
criterion:0.9785
deadpan:0.95975
loneliness:0.95875
bleak:0.956
weird:0.9375
depression:0.903
melancholic:0.846
golden palm:0.832
drinking:0.8235
enigmatic:0.8215
macabre:0.805
talky:0.804
reflective:0.78275
dialogue:0.7735
intimate:0.76375
ironic:0.7615
existentialism:0.74075
downbeat:0.73425
masterpiece:0.69675
meditative:0.69425
melancholy:0.6675
death:0.667
relationships:0.666
crime gone awry:0.657
brutality:0.65375
disturbing:0.64775
original:0.62725
silent:0.62475
life philosophy:0.619
visually appealing:0.60225
revenge:0.597
childhood:0.5915
art house:0.577
stylized:0.57525
good soundtrack:0.5735
solitude:0.56575
entirely dialogue:0.56125
character study:0.55625
strange:0.5515
breathtaking:0.55125
harsh:0.55025
pornography:0.55
foreign:0.54675
storytelling:0.54525
grim:0.54475
nudity (full frontal - notable):0.5405
runaway:0.538
dark:0.53725
working class:0.53225
black comedy:0.53125
depressing:0.526
humorous:0.52575
social commentary:0.52325
life & death:0.521
affectionate:0.5135
cinematography:0.5135
suprisingly clever:0.50475
artistic:0.50075
dreams:0.4925
atmospheric:0.483
tragedy:0.47975
workplace:0.4745
surreal:0.4745
mentor:0.469
visceral:0.45025
dark humor:0.449
nonlinear:0.44175
cerebral:0.43675
no dialogue:0.4355
oscar (best foreign language film):0.4325
classic car:0.4315
obsession:0.4285
very interesting:0.424
police investigation:0.42025
nocturnal:0.4185
catastrophe:0.41725
passionate:0.4145
destiny:0.40875
unusual plot structure:0.405
independent film:0.4045
dreamlike:0.3945
boring!:0.3935
suicide attempt:0.38475
cult film:0.38425
simple:0.383
forceful:0.38275
heartbreaking:0.3825
great ending:0.37825
redemption:0.375
quirky:0.373
crime:0.37275
visual:0.37125
complex:0.3705
guilt:0.3625
violent:0.36175
vengeance:0.3605
insanity:0.358
stoner movie:0.35775
trilogy:0.35525
