stop motion:0.9945
surreal:0.9805
weird:0.94575
animation:0.91025
french:0.90225
creativity:0.8795
original:0.845
imagination:0.83975
stop-motion:0.81875
surrealism:0.81175
indians:0.8015
absurd:0.78025
animated:0.76125
childhood:0.75525
dreamlike:0.748
criterion:0.747
colourful:0.7365
storytelling:0.7265
cartoon:0.7005
animals:0.6945
foreign:0.69375
strange:0.684
crazy:0.68025
golden palm:0.643
horses:0.624
quirky:0.60075
insanity:0.596
animal movie:0.5845
whimsical:0.57625
runaway:0.568
bizarre:0.5615
culture clash:0.5545
clever:0.5535
drama:0.5485
affectionate:0.5325
very funny:0.52625
giant robots:0.5235
cult classic:0.52125
art:0.521
enigmatic:0.51225
story:0.48425
complex:0.484
visually appealing:0.48275
imdb top 250:0.48125
adventure:0.47125
disturbing:0.4695
off-beat comedy:0.468
police investigation:0.4615
atmospheric:0.455
great:0.45375
paris:0.45075
breathtaking:0.45025
farce:0.448
visually stunning:0.445
children:0.43425
fast paced:0.42975
oscar (best foreign language film):0.4295
comedy:0.42775
talky:0.425
suprisingly clever:0.42125
catastrophe:0.42025
unusual plot structure:0.42
stylized:0.4195
pigs:0.415
doctors:0.41325
mentor:0.41275
life philosophy:0.41225
existentialism:0.4105
silent:0.40875
chase:0.4085
masterpiece:0.40825
crime gone awry:0.40825
visual:0.40525
oscar (best actress):0.4045
dialogue:0.39925
artistic:0.398
france:0.39575
fascism:0.38525
amazing photography:0.38175
nudity (full frontal - brief):0.37975
toys:0.37775
social commentary:0.374
secrets:0.3735
humorous:0.3725
great ending:0.371
life & death:0.37025
beautifully filmed:0.365
tragedy:0.3645
twists & turns:0.364
gilliam:0.36025
friendship:0.3585
japan:0.35275
canada:0.351
hallucinatory:0.34825
hilarious:0.34625
computer animation:0.346
classic:0.34575
melancholic:0.3455
fun:0.34325
paranoia:0.33975
