criterion:0.989
imdb top 250:0.97475
paris:0.958
childhood:0.956
reflective:0.945
masterpiece:0.942
black and white:0.936
downbeat:0.9235
runaway:0.91775
poignant:0.9075
melancholic:0.90225
bleak:0.895
melancholy:0.88425
enigmatic:0.87475
adolescence:0.866
loneliness:0.864
affectionate:0.84425
meditative:0.82425
golden palm:0.808
talky:0.8075
intimate:0.802
harsh:0.75725
social commentary:0.757
oscar (best directing):0.75675
rebellion:0.75075
character study:0.75025
emotional:0.747
cinematography:0.7435
coming of age:0.73675
bittersweet:0.72625
existentialism:0.72325
mentor:0.715
original:0.7135
french:0.70925
life:0.70325
children:0.701
oscar (best foreign language film):0.6965
lyrical:0.69275
storytelling:0.691
grim:0.67875
france:0.67675
beautifully filmed:0.674
foreign:0.67175
breathtaking:0.67025
stylized:0.658
redemption:0.65025
forceful:0.649
visually appealing:0.646
wistful:0.64025
solitude:0.63675
coming-of-age:0.634
depression:0.6295
good soundtrack:0.6285
oscar (best actress):0.61375
weird:0.61275
suprisingly clever:0.6085
movielens top pick:0.5985
unusual plot structure:0.59125
great cinematography:0.59075
narrated:0.58925
silent:0.579
artistic:0.57875
idealism:0.57475
teacher:0.57275
heartbreaking:0.55975
dramatic:0.558
freedom:0.55525
culture clash:0.55075
life & death:0.54975
atmospheric:0.54175
great acting:0.5415
tragedy:0.538
heartwarming:0.53725
visual:0.53175
whimsical:0.5255
art:0.52175
realistic:0.52025
friendship:0.51975
earnest:0.516
cerebral:0.51525
drinking:0.51225
great:0.5065
unlikely friendships:0.50475
allegory:0.50375
great ending:0.491
nocturnal:0.49025
classic:0.485
1950s:0.47925
directorial debut:0.47825
disturbing:0.4735
life philosophy:0.472
working class:0.471
non-linear:0.4695
gunfight:0.46875
oscar (best supporting actress):0.46675
biographical:0.46425
stunning:0.46125
transformation:0.45725
imagination:0.45525
compassionate:0.4515
