action:0.956
bloody:0.92525
scotland:0.912
brutality:0.889
splatter:0.86175
history:0.86
historical:0.84775
chase:0.83725
violence:0.8315
fight scenes:0.81075
blood:0.802
betrayal:0.7845
survival:0.77125
weapons:0.76575
adventure:0.7485
realistic action:0.735
vengeance:0.7345
violent:0.73075
visceral:0.717
rome:0.70275
fast paced:0.6925
writer's life:0.66725
cinematography:0.663
good action:0.6515
brutal:0.64625
original:0.6235
gratuitous violence:0.61425
slavery:0.603
good soundtrack:0.60275
big budget:0.60025
dialogue:0.6
revenge:0.59825
predictable:0.595
england:0.592
gory:0.59175
story:0.56725
plot:0.564
allegory:0.54575
graphic novel:0.53775
period piece:0.53225
pg-13:0.52425
alternate history:0.5225
beautiful scenery:0.51675
romance:0.5085
great ending:0.4945
fighting:0.48475
visually appealing:0.459
sacrifice:0.4565
plot holes:0.4545
so bad it's funny:0.454
king arthur:0.4535
entertaining:0.44775
lone hero:0.44675
torture:0.44525
catastrophe:0.444
good:0.4435
mentor:0.4265
solitude:0.418
great:0.417
action packed:0.4105
camp:0.40425
not funny:0.404
wilderness:0.4025
better than expected:0.39875
factual:0.397
sexualized violence:0.39075
us history:0.3735
hunting:0.3705
runaway:0.37025
harsh:0.364
special effects:0.3605
bad plot:0.3595
intense:0.35825
cgi:0.35475
assassin:0.3545
grindhouse:0.348
nudity (topless - notable):0.34775
storytelling:0.34125
transformation:0.3405
scenic:0.3385
pornography:0.3365
ridiculous:0.3345
island:0.33275
murder:0.332
first contact:0.33075
medieval:0.32825
adaptation:0.32775
gritty:0.326
life philosophy:0.3255
fantasy world:0.32525
suspense:0.32125
war:0.32025
life & death:0.317
exciting:0.3165
british:0.3155
unfunny:0.31425
epic:0.307
absurd:0.3035
culture clash:0.3035
forceful:0.297
