murder mystery:0.99075
lawyers:0.9775
courtroom:0.976
police investigation:0.96275
lawyer:0.9535
murder:0.9405
thriller:0.9335
tense:0.91775
twists & turns:0.915
courtroom drama:0.8935
suspense:0.89175
mystery:0.883
investigation:0.87025
manipulation:0.851
suspenseful:0.848
twist ending:0.84225
nudity (topless - brief):0.8145
san francisco:0.80075
court:0.7995
serial killer:0.787
greed:0.7795
guilt:0.73325
good:0.72925
plot:0.72225
great ending:0.72175
detective:0.7125
twist:0.6925
great acting:0.6825
drama:0.67375
oscar (best supporting actor):0.672
good acting:0.67125
tricky:0.65925
interesting:0.652
justice:0.6515
chase:0.64425
plot twist:0.644
original:0.63825
cheating:0.63225
intense:0.622
psychological:0.617
crime:0.61625
secrets:0.6115
corruption:0.60925
conspiracy:0.60525
clever:0.605
mentor:0.5795
betrayal:0.57925
talky:0.576
dialogue:0.5575
romance:0.55075
runaway:0.539
obsession:0.53275
neo-noir:0.52775
sexy:0.522
catastrophe:0.5
very interesting:0.497
surprise ending:0.491
plot holes:0.48875
divorce:0.4815
revenge:0.47825
underrated:0.47675
alternate endings:0.47375
excellent script:0.4725
predictable:0.47025
unusual plot structure:0.4635
story:0.447
brutality:0.44675
identity:0.437
culture clash:0.436
assassination:0.4335
women:0.4325
romantic:0.42175
moral ambiguity:0.41675
adultery:0.41525
pg-13:0.41425
complex:0.41075
nudity (rear):0.41025
psychology:0.40925
suprisingly clever:0.40025
complicated:0.40025
earnest:0.40025
oscar (best actress):0.39925
surveillance:0.38975
not funny:0.38775
love story:0.385
enigmatic:0.3845
script:0.38225
oscar winner:0.38225
life philosophy:0.3785
pornography:0.37475
redemption:0.37475
oscar (best directing):0.3725
very good:0.36575
great:0.36375
sexualized violence:0.36375
beautiful scenery:0.3605
light:0.35925
dramatic:0.359
nudity (full frontal - brief):0.3575
excellent:0.354
