meditative:0.92325
relationships:0.9215
criterion:0.91725
melancholic:0.909
loneliness:0.81425
short-term memory loss:0.75375
german:0.75075
enigmatic:0.7505
weird:0.7205
voyeurism:0.689
breathtaking:0.646
destiny:0.646
oscar (best foreign language film):0.639
intellectual:0.6315
harsh:0.6285
cinematography:0.60975
golden palm:0.6015
bleak:0.59925
existentialism:0.59075
reflective:0.587
original:0.56825
beautifully filmed:0.56375
obsession:0.5565
male nudity:0.55375
germany:0.55225
cathartic:0.538
life & death:0.527
visual:0.5235
surreal:0.5225
downbeat:0.51925
art:0.51075
sexy:0.5085
entirely dialogue:0.4965
stylized:0.49375
secrets:0.48475
stylish:0.48375
cerebral:0.47175
dialogue:0.46375
pornography:0.45975
intimate:0.459
nudity (full frontal - notable):0.45325
vengeance:0.44225
drinking:0.44175
art house:0.43975
complex:0.43625
cars:0.4325
spain:0.4315
melancholy:0.43025
finnish:0.42575
brutality:0.41175
dreamlike:0.409
good soundtrack:0.407
catastrophe:0.40625
very interesting:0.4015
life:0.39675
social commentary:0.37875
drama:0.37775
erotic:0.37675
infidelity:0.361
culture clash:0.36075
ironic:0.35825
suprisingly clever:0.35
guilt:0.3465
visually appealing:0.33625
foreign:0.334
mentor:0.3295
spanish:0.32775
moody:0.327
photography:0.32575
not funny:0.3235
spying:0.32075
runaway:0.32
depression:0.3125
women:0.311
storytelling:0.311
disturbing:0.3105
visuals:0.30875
nocturnal:0.30775
allegory:0.2955
road movie:0.29475
tragedy:0.293
nonlinear:0.28175
absurd:0.278
beautiful:0.27775
talky:0.272
visually stunning:0.26925
indie:0.2665
berlin:0.26425
slow:0.264
beautiful scenery:0.263
sexual:0.26225
great ending:0.25975
creativity:0.25825
hospital:0.256
independent film:0.249
stunning:0.248
death:0.2465
psychological:0.2445
movielens top pick:0.24375
artsy:0.243
