dancing:0.99475
girlie movie:0.99425
dance:0.98725
love story:0.95925
chick flick:0.94975
teen movie:0.93125
teen:0.92325
romantic:0.918
romance:0.90375
coming of age:0.784
nostalgic:0.7755
love:0.77075
feel-good:0.76575
fun movie:0.747
guilty pleasure:0.746
romantic comedy:0.729
80s:0.71175
good soundtrack:0.688
happy ending:0.6795
destiny:0.67675
sweet:0.6665
feel good movie:0.6585
original:0.647
family:0.6305
cheesy:0.62875
music:0.613
mentor:0.6085
passionate:0.6035
fun:0.602
great:0.5975
rock and roll:0.5975
childhood:0.588
1980s:0.58275
women:0.56925
good music:0.54925
beautiful scenery:0.54525
predictable:0.54475
good:0.54
cute:0.539
musical:0.525
catastrophe:0.5205
sentimental:0.51325
awesome soundtrack:0.50575
teenager:0.50425
great ending:0.50275
coming-of-age:0.50275
pg-13:0.50075
shopping:0.49825
camp:0.4855
sexy:0.48075
classic:0.47175
teens:0.46175
bittersweet:0.43675
runaway:0.4265
good romantic comedies:0.41925
nostalgia:0.39925
relationships:0.39875
time:0.39275
dialogue:0.3925
not funny:0.39225
chase:0.39075
culture clash:0.382
sappy:0.3755
light:0.3675
high school:0.36025
transformation:0.34875
oscar winner:0.34525
story:0.3395
period piece:0.333
great music:0.325
teenagers:0.32175
first contact:0.317
cool:0.3155
stereotypes:0.3145
unlikely friendships:0.30975
abortion:0.309
corny:0.308
storytelling:0.30675
heartwarming:0.30075
sacrifice:0.29925
life philosophy:0.29625
natural disaster:0.29625
great movie:0.2945
so bad it's funny:0.29225
good action:0.29225
erotic:0.292
father daughter relationship:0.28925
fantasy:0.2885
fantasy world:0.28575
1960s:0.2835
shallow:0.28225
better than expected:0.27975
cute!:0.279
interracial romance:0.272
simple:0.2715
plot:0.2695
overrated:0.2675
lone hero:0.2635
adaptation:0.262
afi 100 (movie quotes):0.26125
