independent film:0.88975
multiple storylines:0.8895
midlife crisis:0.8865
reflective:0.882
intellectual:0.86175
life:0.8595
nonlinear:0.849
good soundtrack:0.8485
original:0.84675
thought-provoking:0.84125
loneliness:0.8385
philosophy:0.838
philosophical:0.83
existentialism:0.82275
complex:0.80275
ensemble cast:0.7975
redemption:0.786
non-linear:0.779
social commentary:0.76475
drinking:0.7645
storytelling:0.7595
depression:0.7595
life philosophy:0.7495
downbeat:0.7475
relationships:0.73975
talky:0.7325
melancholic:0.71375
suprisingly clever:0.705
dialogue:0.70225
great ending:0.69975
depressing:0.69975
honest:0.699
destiny:0.69675
indie:0.69575
weird:0.69525
cerebral:0.67625
bleak:0.6695
dark humor:0.668
interesting:0.642
great acting:0.6375
golden palm:0.63375
greed:0.61675
life & death:0.60075
very interesting:0.5985
intimate:0.5875
crime gone awry:0.5855
sarcasm:0.58175
narrated:0.579
adultery:0.57875
dialogue driven:0.57625
good dialogue:0.57325
melancholy:0.56325
highly quotable:0.5565
guilt:0.55625
quirky:0.5515
cathartic:0.5445
gangsters:0.53775
mentor:0.53725
criterion:0.5305
entirely dialogue:0.52975
very good:0.52875
visually appealing:0.51425
catastrophe:0.508
solitude:0.5005
good acting:0.49575
clever:0.493
drama:0.48425
enigmatic:0.48175
drug addiction:0.476
intelligent:0.47575
good:0.47275
pornography:0.471
twists & turns:0.47075
hitman:0.4675
harsh:0.46525
imdb top 250:0.465
gunfight:0.452
mental illness:0.45
cynical:0.448
nudity (full frontal - notable):0.44275
cult classic:0.4425
dramatic:0.44175
great dialogue:0.44
writers:0.4395
humanity:0.434
brutality:0.4315
psychological:0.42475
grim:0.41775
corruption:0.40875
ironic:0.40625
oscar (best directing):0.40575
hospital:0.4005
culture clash:0.39975
off-beat comedy:0.39875
underrated:0.3985
adaptation:0.39825
character study:0.3975
meditative:0.39375
excellent script:0.39225
powerful ending:0.392
