history:0.98825
historical:0.9805
us history:0.97975
politics:0.969
tense:0.96675
political:0.96375
world politics:0.954
factual:0.939
dramatic:0.933
president:0.932
tom clancy:0.9265
cold war:0.926
nuclear war:0.91025
conspiracy:0.8815
amazing photography:0.87025
drama:0.85025
weapons:0.818
assassination:0.811
intense:0.7825
great acting:0.7795
catastrophe:0.77225
forceful:0.7665
original:0.7455
secret service:0.73275
irish accent:0.725
good:0.725
excellent:0.7215
corruption:0.71125
suspense:0.701
true story:0.6905
good acting:0.67
interesting:0.6695
assassin:0.636
suspenseful:0.63025
complex:0.629
long:0.62625
great:0.6235
idealism:0.622
mentor:0.61575
oscar (best directing):0.61475
courage:0.61425
united nations:0.5965
greed:0.594
revolution:0.59075
boston:0.5895
story:0.579
great movie:0.5755
great ending:0.57325
civil war:0.5695
spying:0.562
surveillance:0.56075
based on book:0.55825
good soundtrack:0.55625
war:0.55475
propaganda:0.5545
nuclear:0.55125
dialogue:0.55075
russian:0.547
talky:0.546
very interesting:0.53775
exceptional acting:0.53725
realistic:0.53625
military:0.53625
based on true story:0.52925
betrayal:0.5245
thriller:0.52275
runaway:0.51525
based on a book:0.5145
oscar:0.506
end of the world:0.5035
chase:0.499
culture clash:0.49525
survival:0.481
exciting:0.47625
paranoia:0.473
secrets:0.46825
earnest:0.4675
very good:0.46725
cuba:0.45
compassionate:0.44825
bombs:0.44625
entertaining:0.44025
honest:0.4375
ethnic conflict:0.43575
oscar (best supporting actor):0.433
sacrifice:0.42975
oscar (best cinematography):0.4285
spy:0.428
beautiful scenery:0.42775
conspiracy theory:0.42175
biographical:0.419
oscar winner:0.41875
twists & turns:0.40925
islam:0.404
intelligent:0.40325
based on a true story:0.4
pg-13:0.39825
period piece:0.3975
england:0.39125
suprisingly clever:0.3905
