horror:0.9875
creepy:0.97975
eerie:0.9415
ominous:0.93775
supernatural:0.934
scary:0.91125
stylized:0.909
atmospheric:0.8935
hallucinatory:0.88975
weird:0.8895
macabre:0.889
witches:0.88175
dreamlike:0.8805
splatter:0.87925
cinematography:0.87325
cult classic:0.86125
stylish:0.8335
masterpiece:0.81025
visual:0.79225
gory:0.78875
visually stunning:0.78425
visceral:0.78425
gruesome:0.78375
serial killer:0.78225
surreal:0.78125
nocturnal:0.76825
brutality:0.762
tense:0.76125
dark:0.7505
grindhouse:0.724
witch:0.721
demons:0.71725
criterion:0.715
original:0.7105
light:0.691
visually appealing:0.6735
good soundtrack:0.6685
enigmatic:0.6645
violent:0.65925
cult film:0.649
goth:0.63925
disturbing:0.639
slasher:0.639
bloody:0.62975
awesome soundtrack:0.62275
frightening:0.611
sexualized violence:0.59025
stunning:0.58625
murder:0.5755
great ending:0.57325
colourful:0.573
strange:0.5715
blood:0.55325
brutal:0.53975
breathtaking:0.5365
harsh:0.5355
cult:0.5325
psychological:0.5305
gothic:0.519
social commentary:0.5185
vengeance:0.513
classic:0.512
dialogue:0.503
runaway:0.50275
suspenseful:0.49725
storytelling:0.497
death:0.478
creativity:0.477
dark fantasy:0.4745
nudity (full frontal - notable):0.47225
bizarre:0.47
suspense:0.469
insanity:0.46375
claustrophobic:0.45075
melancholic:0.44675
talky:0.444
violence:0.44075
police investigation:0.42975
art house:0.42825
music:0.42025
catastrophe:0.41975
artistic:0.4165
surrealism:0.41575
so bad it's funny:0.41175
pornography:0.411
mentor:0.41025
dark humor:0.40675
visuals:0.39925
cerebral:0.38975
secrets:0.38725
literary adaptation:0.385
not funny:0.38175
transformation:0.3805
adaptation:0.37875
campy:0.377
moody:0.37
great:0.36975
allegory:0.3665
twists & turns:0.36275
grim:0.3605
