sexual:0.997
sexuality:0.99625
male nudity:0.98775
sex:0.98625
biopic:0.98
biographical:0.976
pornography:0.97375
social commentary:0.945
obsession:0.94025
controversial:0.93075
censorship:0.92475
interesting:0.89225
sexualized violence:0.8765
biography:0.867
relationships:0.86625
psychology:0.85925
intimate:0.84775
original:0.84425
adultery:0.829
homosexuality:0.828
queer:0.80325
very interesting:0.79375
intellectual:0.79175
homophobia:0.77375
sexy:0.7665
secrets:0.7625
complex:0.753
erotic:0.7495
corruption:0.73725
pg-13:0.7265
passionate:0.71425
psychological:0.7105
glbt:0.70475
good:0.7005
complicated:0.6895
sexual abuse:0.689
revolution:0.67075
mentor:0.66975
drama:0.663
great acting:0.6605
storytelling:0.65725
gay:0.649
violence:0.64625
justice:0.6375
dramatic:0.635
aids:0.6345
narrated:0.63075
graphic novel:0.62925
runaway:0.629
morality:0.6275
nudity (full frontal - notable):0.62425
workplace:0.624
idealism:0.621
nudity (full frontal):0.61175
prejudice:0.60925
good soundtrack:0.60525
great ending:0.604
nudity:0.60325
oscar (best actress):0.5995
enigmatic:0.59925
intense:0.598
women:0.5935
philosophy:0.59125
guilt:0.59
rebellion:0.58625
honest:0.57925
greed:0.576
depression:0.569
culture clash:0.56875
revenge:0.56875
brutality:0.567
political:0.565
intelligent:0.56125
politics:0.561
redemption:0.5565
thought-provoking:0.55525
manipulation:0.55475
clever:0.5535
oscar:0.5505
character study:0.5475
adapted from:book:0.54
life philosophy:0.5395
tragedy:0.53525
compassionate:0.53325
nudity (full frontal - brief):0.5305
oscar (best supporting actress):0.52725
oscar (best directing):0.52525
coming of age:0.5185
emotional:0.51825
very good:0.514
life:0.51275
talky:0.51075
factual:0.5105
betrayal:0.5065
nudity (topless - notable):0.5035
police investigation:0.50175
investigation:0.49925
insanity:0.4965
lesbian:0.4945
excellent script:0.4925
