surreal:0.941
social commentary:0.93175
weird:0.89475
humanity:0.86075
original:0.85475
quirky:0.83025
storytelling:0.81475
narrated:0.79825
philosophical:0.787
whimsical:0.775
pornography:0.763
life & death:0.7545
psychology:0.7535
satire:0.74775
cerebral:0.74225
off-beat comedy:0.729
intellectual:0.7095
sexualized violence:0.70825
adaptation:0.68525
dark comedy:0.683
psychological:0.682
absurd:0.667
thought-provoking:0.662
bizarre:0.6615
obsession:0.65775
complex:0.65525
ironic:0.65425
philosophy:0.63975
writers:0.63125
very interesting:0.62525
creativity:0.62475
clever:0.6205
existentialism:0.6195
life philosophy:0.6155
nudity (full frontal):0.60425
insanity:0.598
visually appealing:0.5965
nudity (full frontal - notable):0.59575
destiny:0.58925
black comedy:0.5805
interesting:0.574
irreverent:0.568
good soundtrack:0.56375
greed:0.554
comedy:0.553
farce:0.5495
alternate reality:0.54725
enigmatic:0.542
workplace:0.53625
surrealism:0.51375
underrated:0.50775
great ending:0.48525
afterlife:0.48325
dark humor:0.4825
mindfuck:0.481
nudity (topless):0.475
melancholic:0.473
loneliness:0.46275
quotable:0.46225
very funny:0.46225
identity:0.462
story:0.4605
suprisingly clever:0.46
stylized:0.45925
doctors:0.458
visually stunning:0.45525
allegory:0.4545
clones:0.443
strange:0.43975
splatter:0.4385
intelligent:0.43225
talky:0.43075
dialogue:0.42975
solitude:0.42925
imagination:0.42425
corruption:0.422
male nudity:0.419
visual:0.417
brutality:0.41525
unusual plot structure:0.41425
satirical:0.4135
humorous:0.41
drama:0.40825
relationships:0.40725
reflective:0.40375
criterion:0.40275
twists & turns:0.39925
secrets:0.3975
mentor:0.39325
sexual:0.3865
catastrophe:0.38575
unique:0.378
stylish:0.367
pretentious:0.3645
great:0.36325
harsh:0.3625
cinematography:0.36125
great acting:0.36125
dreamlike:0.3585
unfunny:0.35675
