based on a tv show:0.9665
western:0.96025
comedy:0.95725
fun movie:0.942
series:0.9045
poker:0.83
con men:0.779
silly fun:0.77275
great:0.7565
humorous:0.755
original:0.754
action:0.75175
vengeance:0.75025
mentor:0.7495
indians:0.742
entertaining:0.7315
great movie:0.7295
chase:0.70775
gunfight:0.6845
franchise:0.6815
runaway:0.664
funny:0.66125
action packed:0.6605
adventure:0.657
good:0.63225
pg-13:0.62475
fun:0.617
hilarious:0.60875
destiny:0.59525
great ending:0.58925
excellent script:0.5885
clever:0.58425
silly:0.57875
light:0.577
screwball comedy:0.56925
fast paced:0.5685
gambling:0.55475
catastrophe:0.5435
humor:0.53975
twists & turns:0.53925
good action:0.53725
greed:0.53475
very funny:0.52225
cool:0.51975
story:0.51025
fight scenes:0.50975
plot:0.4985
whimsical:0.498
conspiracy theory:0.4965
witty:0.4965
predictable:0.48375
revenge:0.47625
goofy:0.4685
dialogue:0.46475
oscar:0.462
dramatic:0.4595
twist ending:0.45
betrayal:0.444
storytelling:0.42275
con artists:0.41825
sexy:0.41825
complex:0.416
suspense:0.40975
oscar winner:0.4095
comic:0.40725
underrated:0.40375
alter ego:0.3985
big budget:0.396
justice:0.395
adaptation:0.391
conspiracy:0.389
oscar (best supporting actress):0.38575
tricky:0.38375
superheroes:0.37925
exciting:0.378
corruption:0.3775
buddy movie:0.372
police investigation:0.36675
dark hero:0.36225
culture clash:0.35925
excellent:0.35875
sarcasm:0.35525
unfunny:0.35525
redemption:0.35425
oscar (best directing):0.34775
doctors:0.3445
intense:0.34375
fighting:0.34225
family:0.342
costume drama:0.339
nostalgic:0.339
drama:0.336
life philosophy:0.33575
great dialogue:0.3355
narrated:0.3325
native americans:0.3315
television:0.326
classic car:0.321
oscar (best effects - visual effects):0.321
satirical:0.3205
