spoof:0.9955
parody:0.993
funniest movies:0.9645
comedy:0.9595
goofy:0.94575
funny:0.92975
funny as hell:0.92825
hilarious:0.9235
silly fun:0.875
stupidity:0.8585
very funny:0.80725
stupid:0.7815
saturday night live:0.762
humor:0.7535
humorous:0.734
crude humor:0.71525
satire:0.699
stereotypes:0.68725
brothers:0.68675
dumb but funny:0.685
original:0.67975
absurd:0.661
so bad it's funny:0.64075
satirical:0.63375
silly:0.61625
dumb:0.59875
fun movie:0.5625
drinking:0.52625
stupid as hell:0.5215
slapstick:0.51425
hillarious:0.499
suprisingly clever:0.48675
blaxploitation:0.4665
great ending:0.46375
catastrophe:0.455
crazy:0.4415
dialogue:0.425
good soundtrack:0.41725
mentor:0.414
sarcasm:0.413
idiotic:0.41275
fun:0.41225
justice:0.40525
stoner movie:0.3915
weird:0.38325
storytelling:0.38175
brutality:0.38075
pg-13:0.371
violence:0.35075
lame:0.346
fantasy world:0.34525
social commentary:0.34225
good:0.34125
pornography:0.341
unfunny:0.32925
melancholic:0.32925
cult classic:0.32725
weapons:0.3215
off-beat comedy:0.31725
gangsters:0.31475
creativity:0.3125
affectionate:0.311
beer:0.3075
lone hero:0.30075
predictable:0.2945
nudity (full frontal - brief):0.294
life philosophy:0.2925
highly quotable:0.29025
culture clash:0.28825
cult film:0.28725
entirely dialogue:0.287
unusual plot structure:0.28575
weed:0.28575
destiny:0.2845
quotable:0.28325
great acting:0.283
great:0.2795
vengeance:0.27425
drama:0.27275
adaptation:0.27175
fight scenes:0.2675
harsh:0.2655
story:0.26375
irreverent:0.26225
splatter:0.25275
pointless:0.2525
screwball:0.2525
clever:0.2515
amy smart:0.251
criterion:0.24975
redemption:0.2455
chase:0.244
writers:0.2435
stylized:0.24175
twists & turns:0.241
talky:0.2405
visually appealing:0.2405
nudity (topless - notable):0.2405
first contact:0.239
male nudity:0.23725
