life philosophy:0.89325
silent:0.852
original:0.84225
great movie:0.7605
biographical:0.72475
gunfight:0.69725
musical:0.66725
melancholic:0.656
talky:0.60975
great:0.60825
good:0.59825
clever:0.59175
fun movie:0.5775
oscar (best actress):0.5735
entertaining:0.5725
fast paced:0.56875
oscar (best directing):0.53625
criterion:0.527
story:0.51875
storytelling:0.49825
interracial romance:0.48825
chase:0.47875
romance:0.468
love:0.46725
quotable:0.46725
dancing:0.46525
dance:0.4645
biography:0.46325
very good:0.46125
screwball:0.45
idealism:0.423
catastrophe:0.42025
fun:0.41975
great ending:0.4145
beautiful scenery:0.4145
artistic:0.40625
mentor:0.40275
romantic comedy:0.391
good music:0.3845
free to download:0.381
suprisingly clever:0.381
afi 100 (laughs):0.38025
pg-13:0.38025
redemption:0.37625
betrayal:0.375
good versus evil:0.37425
childhood:0.371
light:0.37075
moral ambiguity:0.36925
culture clash:0.36675
classic:0.364
happy ending:0.3635
hitman:0.36125
prejudice:0.36075
sweet:0.36025
runaway:0.36
music:0.35375
twists & turns:0.353
colourful:0.3505
dialogue:0.34925
entirely dialogue:0.34825
greed:0.3475
gangsters:0.341
imdb top 250:0.34025
witty:0.33675
queer:0.334
sentimental:0.33
fantasy world:0.3275
movielens top pick:0.325
black and white:0.32375
enigmatic:0.32175
glbt:0.32075
life & death:0.319
oscar (best cinematography):0.31775
nostalgic:0.3175
downbeat:0.31425
based on a play:0.31375
very funny:0.31
destiny:0.31
1920s:0.309
indians:0.30875
not funny:0.3085
gay character:0.3055
good soundtrack:0.30525
funny as hell:0.30475
snakes:0.29775
perfect:0.29675
goofy:0.29625
oil:0.29525
oscar:0.29225
brutality:0.291
race issues:0.291
1970s:0.29
unusual plot structure:0.2895
art:0.2855
humorous:0.28425
historical:0.2835
lone hero:0.282
excellent:0.2785
oscar (best picture):0.2755
