horror:0.96
ominous:0.9405
supernatural:0.92725
creepy:0.919
end of the world:0.8895
weird:0.83075
apocalypse:0.81
splatter:0.7995
devil:0.79125
cult classic:0.772
demons:0.735
claustrophobic:0.732
original:0.70975
tense:0.67875
scary:0.67825
god:0.6755
religion:0.67375
good versus evil:0.67125
eerie:0.655
halloween:0.65375
atmospheric:0.64275
gory:0.59075
cult:0.58675
frightening:0.58475
strange:0.57975
dreams:0.5775
underrated:0.5775
great ending:0.567
bizarre:0.5605
cult film:0.55425
sci fi:0.5415
dark:0.5355
low budget:0.5325
technology:0.5225
zombie:0.51975
visceral:0.51375
dialogue:0.51075
suspense:0.5005
talky:0.49
great:0.48425
special effects:0.4705
storytelling:0.46225
suspenseful:0.45525
good soundtrack:0.4445
violence:0.44125
life philosophy:0.44075
disturbing:0.43875
homeless:0.43325
catastrophe:0.429
first contact:0.41775
fantasy world:0.4165
so bad it's funny:0.4105
mentor:0.4065
serial killer:0.4
nocturnal:0.39725
insanity:0.39525
80s:0.3835
destiny:0.38175
surreal:0.38125
absurd:0.376
stylized:0.37575
oscar (best effects - visual effects):0.375
predictable:0.375
mythology:0.3745
bad plot:0.3715
nudity (topless - notable):0.37125
slasher:0.3695
monster:0.36775
scifi:0.367
cinematography:0.36625
sci-fi:0.3645
death:0.36425
cerebral:0.36225
redemption:0.36
complex:0.35975
grindhouse:0.35825
parallel universe:0.3575
violent:0.357
transformation:0.35675
biblical:0.35425
creativity:0.351
goofy:0.35025
visual:0.349
science fiction:0.34875
murder:0.3455
not funny:0.34475
science:0.34175
light:0.33875
bad ending:0.3375
los angeles:0.335
dreamlike:0.33325
good:0.33275
mad scientist:0.33
cool:0.321
melancholic:0.3175
secrets:0.31725
sexualized violence:0.31575
entirely dialogue:0.31475
enigmatic:0.3145
chase:0.31275
