dystopic future:0.998
based on a comic:0.9975
adapted from:comic:0.99725
futuristic:0.9935
future:0.98975
sci-fi:0.98
dystopia:0.978
super hero:0.9585
comic book:0.95625
action:0.9515
superheroes:0.94225
good action:0.94075
cyborgs:0.939
superhero:0.92325
cyberpunk:0.92275
comics:0.917
big budget:0.8995
scifi:0.87125
special effects:0.85175
sci fi:0.8375
based on comic:0.81975
fight scenes:0.79575
mutants:0.7835
science fiction:0.773
original:0.749
clones:0.7405
bad cgi:0.7165
super-hero:0.70225
justice:0.67275
post apocalyptic:0.66925
weapons:0.6665
cool:0.66225
post-apocalyptic:0.65925
comic:0.64875
action packed:0.6375
predictable:0.6375
fun movie:0.63475
violence:0.62975
adaptation:0.5945
franchise:0.5895
mentor:0.58425
chase:0.57975
technology:0.5795
robots:0.575
satirical:0.57475
campy:0.5685
corruption:0.56525
dark hero:0.56
so bad it's funny:0.55175
motorcycle:0.55025
apocalypse:0.54925
lone hero:0.5475
pg-13:0.54725
police corruption:0.5455
catastrophe:0.52475
cloning:0.52025
so bad it's good:0.5075
visual:0.50475
goofy:0.4985
good:0.494
cheesy:0.488
dialogue:0.48175
alter ego:0.479
vengeance:0.4775
mythology:0.466
silly fun:0.46425
great ending:0.462
pulp:0.46175
horrible:0.45075
fighting:0.445
police:0.4415
bad plot:0.441
first contact:0.4405
end of the world:0.43725
brutality:0.4345
fun:0.43125
police investigation:0.42125
natural disaster:0.4185
story:0.411
robot:0.4065
life philosophy:0.40225
family:0.39825
great:0.3975
graphic novel:0.3925
explosions:0.38625
dynamic cgi action:0.38575
silly:0.384
violent:0.3835
entertaining:0.38225
nocturnal:0.38025
fast paced:0.3745
bad acting:0.3625
anti-hero:0.3625
destiny:0.3615
based on a video game:0.35775
disaster:0.3545
world politics:0.353
better than expected:0.34975
android(s)/cyborg(s):0.347
bad script:0.34075
