chess:0.997
based on a true story:0.9745
biopic:0.95775
biographical:0.956
cold war:0.946
based on true story:0.93475
true story:0.8885
lone hero:0.861
mentor:0.797
original:0.77375
paranoia:0.75475
dramatic:0.74
interesting:0.7355
good:0.7045
technology:0.691
factual:0.685
story:0.675
very interesting:0.67425
russia:0.6735
spying:0.66825
lawyer:0.6675
mental illness:0.66175
intense:0.65775
runaway:0.65625
sports:0.6495
biography:0.634
corruption:0.6255
alone in the world:0.62225
entertaining:0.618
drama:0.58425
great:0.57975
childhood:0.551
great ending:0.54075
oscar:0.5345
fun movie:0.534
paranoid:0.52725
complex:0.5085
eccentricity:0.50725
underdog:0.49675
doctors:0.482
russian:0.475
great movie:0.47
feel-good:0.459
dialogue:0.45825
great acting:0.4565
nostalgic:0.4545
clever:0.45
catastrophe:0.4485
politics:0.44675
oscar (best supporting actress):0.4465
conspiracy:0.445
historical:0.4435
weapons:0.44175
cheating:0.4405
chase:0.4365
1970s:0.43625
internet:0.4315
storytelling:0.42425
drinking:0.422
transformation:0.421
silly fun:0.41975
enigmatic:0.41875
anti-semitism:0.41675
sacrifice:0.415
greed:0.41425
predictable:0.40975
genius:0.40475
oscar winner:0.39925
exciting:0.398
life:0.3945
excellent:0.39025
social commentary:0.3865
inspirational:0.3855
first contact:0.383
unlikely friendships:0.379
touching:0.37775
melancholic:0.37475
jews:0.37425
mozart:0.373
creativity:0.371
pg-13:0.36925
happy ending:0.368
unusual plot structure:0.36375
death:0.36375
life philosophy:0.363
poker:0.36275
inspiring:0.3625
obsession:0.36125
suspense:0.35775
justice:0.35075
good acting:0.3495
video game:0.346
not funny:0.34225
fantasy world:0.341
cerebral:0.33125
good soundtrack:0.3285
gunfight:0.32425
original plot:0.32275
light:0.32225
harsh:0.3175
