action:0.9945
good action:0.982
fighting:0.97075
action packed:0.96275
explosions:0.90025
franchise:0.8845
mentor:0.8785
realistic action:0.872
big budget:0.85825
fight scenes:0.84275
vengeance:0.82275
camp:0.81975
weapons:0.8195
80s:0.77
jungle:0.75575
prison escape:0.74025
brutality:0.7395
original:0.72925
violence:0.70625
russia:0.6945
predictable:0.6755
lone hero:0.64925
chase:0.642
cool:0.636
adventure:0.613
torture:0.60425
violent:0.5915
bad plot:0.585
war:0.56425
great ending:0.54875
ridiculous:0.52625
silly:0.5215
dialogue:0.51
entertaining:0.49675
revenge:0.495
cult film:0.481
series:0.47775
buddy movie:0.47475
cold war:0.473
fun movie:0.47275
trilogy:0.46725
so bad it's funny:0.46375
unintentionally funny:0.45575
russian:0.44825
betrayal:0.44725
catastrophe:0.44625
special effects:0.4435
good:0.44
exciting:0.439
not funny:0.4385
guns:0.43775
military:0.42225
goofy:0.4205
survival:0.41775
intense:0.409
redemption:0.408
super-hero:0.40275
sequel:0.39425
super hero:0.393
campy:0.3885
silly fun:0.38075
adapted from:comic:0.37675
fun:0.369
shallow:0.3675
nostalgic:0.36175
story:0.3595
over the top:0.3585
arms dealer:0.356
fast paced:0.35575
first contact:0.34875
fantasy world:0.34825
pg-13:0.347
desert:0.34525
overrated:0.3445
1980s:0.3425
gunfight:0.3415
destiny:0.336
bloody:0.335
superhero:0.334
car chase:0.33375
superheroes:0.33075
life philosophy:0.33075
dynamic cgi action:0.32725
adaptation:0.32625
islam:0.32375
crappy sequel:0.3235
dark hero:0.3185
entirely dialogue:0.3175
feel-good:0.31525
family:0.314
comic book:0.31
culture clash:0.30825
unfunny:0.30475
based on a video game:0.30125
ninja:0.2945
unlikely friendships:0.2935
stupid as hell:0.29175
cheesy:0.2915
storytelling:0.29125
stupid:0.2895
