kids and family:0.96675
animation:0.964
kids:0.92175
cute:0.86325
computer animation:0.85875
comedy:0.79975
children:0.78275
adventure:0.737
funny:0.734
cute!:0.73375
original:0.7075
silly:0.70575
silly fun:0.68975
fun movie:0.66325
cartoon:0.6405
slapstick:0.628
animated:0.61675
family:0.60225
prequel:0.58225
story:0.58075
crude humor:0.575
humor:0.56875
very funny:0.56
creativity:0.5585
entertaining:0.54825
fun:0.5435
dialogue:0.54125
childhood:0.539
destiny:0.536
storytelling:0.53175
goofy:0.53075
predictable:0.517
catastrophe:0.50975
animals:0.5075
clever:0.5035
3d:0.50225
unfunny:0.49025
narrated:0.48875
plot:0.48725
betrayal:0.47925
dinosaurs:0.47725
visually stunning:0.4725
mentor:0.45925
franchise:0.458
good soundtrack:0.455
great ending:0.4485
good:0.44525
pg-13:0.443
humorous:0.41925
talking animals:0.41925
so bad it's funny:0.41525
chase:0.40325
stereotypes:0.39425
better than expected:0.39325
whimsical:0.39125
fantasy world:0.38275
awesome soundtrack:0.3825
london:0.3785
hilarious:0.37275
bad plot:0.372
runaway:0.37125
nudity (full frontal - brief):0.36
life philosophy:0.35575
antarctica:0.3545
dumb but funny:0.34925
visually appealing:0.34525
boring!:0.3435
weird:0.341
no plot:0.33925
great:0.33425
not funny:0.33125
redemption:0.33075
boring:0.3275
culture clash:0.32275
england:0.3155
mad scientist:0.3145
pg:0.31425
light:0.311
entirely dialogue:0.31025
melancholic:0.30575
pointless:0.2995
natural disaster:0.29775
fight scenes:0.29775
quirky:0.2975
visual:0.2885
absurd:0.28425
penguins:0.2825
transformation:0.275
first contact:0.2725
happy ending:0.267
animal movie:0.265
lame:0.262
brutality:0.262
original plot:0.25625
visuals:0.25525
talky:0.25025
adaptation:0.24625
toys:0.24375
suprisingly clever:0.2435
adoption:0.24325
