animals:0.9105
family:0.8585
monkey:0.83025
animal movie:0.80425
great:0.7415
chase:0.738
good:0.73775
original:0.707
predictable:0.699
children:0.68875
drama:0.6675
emotional:0.66675
mentor:0.666
comedy:0.6435
destiny:0.6355
goofy:0.6335
fun movie:0.6155
cute!:0.61475
cute:0.59925
happy ending:0.597
humanity:0.59075
touching:0.57325
secrets:0.5685
girlie movie:0.5515
sentimental:0.5385
chick flick:0.53625
underrated:0.53275
great acting:0.503
pg-13:0.5025
family drama:0.5015
silly fun:0.50125
great movie:0.49875
great ending:0.4865
survival:0.481
alter ego:0.471
catastrophe:0.4695
talking animals:0.46775
kids:0.4655
redemption:0.4585
dramatic:0.45775
tear jerker:0.45075
vengeance:0.437
story:0.4355
animation:0.434
silly:0.433
dialogue:0.42725
science:0.41375
natural disaster:0.4135
first contact:0.41125
heartwarming:0.4065
childhood:0.40525
animated:0.40275
single father:0.399
plot:0.395
80s:0.39475
unlikely friendships:0.38175
entertaining:0.37875
romantic comedy:0.37825
good soundtrack:0.37575
police investigation:0.37575
not funny:0.37375
corny:0.37
kids and family:0.36825
underdog:0.36325
culture clash:0.3575
humorous:0.3545
runaway:0.3545
computer animation:0.35175
wilderness:0.35025
very funny:0.35
justice:0.34975
fun:0.349
rats:0.34325
cool:0.34
feel good movie:0.337
bad plot:0.3365
stereotypes:0.3345
life philosophy:0.334
clever:0.3335
good action:0.332
fight scenes:0.3315
brutality:0.32775
existentialism:0.32675
corruption:0.32525
fantasy world:0.32375
teen movie:0.32125
nudity (topless - notable):0.313
pigs:0.30875
intense:0.30825
feel-good:0.308
powerful ending:0.30775
lone hero:0.30775
ghosts/afterlife:0.3025
storytelling:0.3
unfunny:0.296
melancholic:0.294
big budget:0.29375
intellectual:0.29375
memory:0.29225
interesting:0.29075
