remake:0.993
original:0.86025
action:0.848
betrayal:0.83725
good action:0.71175
action packed:0.6605
heist:0.62625
greed:0.611
sexy:0.56475
violence:0.55525
mentor:0.5355
gangsters:0.503
chase:0.49625
dialogue:0.4725
brutality:0.468
predictable:0.46275
great ending:0.462
good:0.4595
catastrophe:0.4545
pulp:0.454
dynamic cgi action:0.44625
pornography:0.43825
crime:0.4285
big budget:0.4105
remade:0.4075
destiny:0.4045
adaptation:0.3975
nudity (topless - notable):0.389
pointless:0.38425
not funny:0.36575
lone hero:0.365
neo-noir:0.3535
transformation:0.352
classic:0.352
violent:0.35075
story:0.348
bad plot:0.3475
life philosophy:0.34375
first contact:0.3425
corruption:0.34225
entertaining:0.342
gunfight:0.342
fast paced:0.3315
suspense:0.3295
nudity (full frontal - brief):0.32475
gangster:0.32075
racing:0.3205
good soundtrack:0.316
so bad it's funny:0.31575
runaway:0.31425
fun movie:0.314
natural disaster:0.31325
crappy sequel:0.3085
prison:0.3075
storytelling:0.306
erotic:0.29525
entirely dialogue:0.2935
culture clash:0.29175
car chase:0.28825
intense:0.28775
justice:0.27875
fight scenes:0.27825
foul language:0.278
nudity (rear):0.277
melancholic:0.276
caper:0.27425
redemption:0.2735
shallow:0.27325
revenge:0.27225
suprisingly clever:0.2695
dark hero:0.26925
sequel:0.2675
pg-13:0.26625
memory:0.266
great:0.26425
unfunny:0.26275
overrated:0.26225
cinematography:0.25775
vengeance:0.2535
unusual plot structure:0.25175
death:0.24875
switching places:0.24625
very funny:0.246
money:0.2425
hotel:0.2425
crime gone awry:0.242
family:0.24125
atmospheric:0.24075
fantasy world:0.23975
visually appealing:0.23975
harsh:0.23575
adventure:0.23475
existentialism:0.234
passionate:0.23275
special effects:0.23225
stylish:0.23225
desert:0.22975
bad cgi:0.2295
bad:0.22825
life & death:0.22675
