comedy:0.93825
god:0.9025
slavery:0.84125
funny:0.8345
biblical:0.83
desert:0.82175
parody:0.782
original:0.774
jesus:0.75625
nudity (topless - notable):0.7365
satirical:0.717
goofy:0.69775
saturday night live:0.6895
spoof:0.68725
chase:0.6785
silly fun:0.67025
egypt:0.66675
predictable:0.644
vampire human love:0.636
so bad it's funny:0.6335
catastrophe:0.62975
religion:0.6285
humorous:0.61975
very funny:0.618
dumb but funny:0.6105
science fiction:0.594
family:0.5885
natural disaster:0.5855
unfunny:0.568
80s:0.5645
adventure:0.5465
mentor:0.5425
alone in the world:0.5205
cult film:0.51375
story:0.51225
life & death:0.507
violence:0.507
scifi cult:0.49725
bad plot:0.4965
doctors:0.49025
sci fi:0.48775
weird:0.48675
nostalgic:0.4795
nudity (full frontal - notable):0.473
hilarious:0.46975
adaptation:0.4675
special effects:0.465
complex:0.46475
silly:0.44825
writers:0.442
light:0.44175
bad science:0.43875
unusual plot structure:0.4345
dialogue:0.43375
great ending:0.4325
brutality:0.4305
satire:0.42775
life:0.424
melancholic:0.42325
dystopia:0.42125
idiotic:0.41275
survival:0.4015
fantasy world:0.401
fight scenes:0.39875
funniest movies:0.39675
unlikely friendships:0.39075
plot holes:0.388
time:0.38775
absurd:0.387
redemption:0.38475
vengeance:0.381
bullying:0.37925
weapons:0.37825
first contact:0.3765
life philosophy:0.3765
disaster:0.37025
shallow:0.36875
distopia:0.3665
fun movie:0.366
devil:0.3645
quirky:0.35875
true story:0.358
bad:0.35625
male nudity:0.35575
destiny:0.35575
crude humor:0.35275
childhood:0.35075
pg-13:0.34625
lone hero:0.34475
storytelling:0.3435
slapstick:0.34275
post apocalyptic:0.3415
franchise:0.3365
good:0.3355
campy:0.3355
good soundtrack:0.3335
fantasy:0.329
overrated:0.3275
existentialism:0.3245
action packed:0.324
