family drama:0.9725
touching:0.97075
poignant:0.952
aging:0.9315
intimate:0.9225
loneliness:0.919
bittersweet:0.91825
midlife crisis:0.9155
emotional:0.91275
heartbreaking:0.905
death:0.899
relationships:0.8945
race issues:0.89275
dysfunctional family:0.88075
drama:0.879
honest:0.864
original:0.86125
depression:0.8595
life & death:0.85625
dramatic:0.8555
bleak:0.85
melancholic:0.84625
great acting:0.8445
downbeat:0.84225
character study:0.841
affectionate:0.81175
realistic:0.81125
compassionate:0.80975
complex:0.806
excellent script:0.79425
independent film:0.781
childhood:0.764
tragedy:0.7585
indie:0.744
depressing:0.73875
social commentary:0.73825
melancholy:0.73575
reflective:0.7335
life:0.733
harsh:0.7285
storytelling:0.7275
oscar (best actress):0.7265
family:0.71025
sad:0.6975
guilt:0.692
oscar (best directing):0.68975
good soundtrack:0.68325
oscar:0.68
heartwarming:0.68
talky:0.67875
forceful:0.677
good acting:0.67675
cathartic:0.67625
hospital:0.66625
runaway:0.66375
dark humor:0.662
homeless:0.661
redemption:0.6485
drinking:0.6365
brutality:0.635
destiny:0.62225
artistic:0.62075
writers:0.62075
grim:0.61775
nudity (topless - notable):0.6145
golden palm:0.61225
coming of age:0.60825
criterion:0.60325
sentimental:0.60225
story:0.60175
life philosophy:0.59475
exceptional acting:0.592
ironic:0.5875
great ending:0.58625
culture clash:0.5775
multiple storylines:0.57675
parenthood:0.56525
cerebral:0.56525
meditative:0.56475
greed:0.56425
solitude:0.55225
mental illness:0.54125
intellectual:0.53925
oscar (best supporting actress):0.53275
dark:0.531
biographical:0.5265
dialogue:0.524
adapted from:book:0.5235
visually appealing:0.52225
irreverent:0.52175
sad but good:0.51775
poland:0.51425
crime gone awry:0.49825
suprisingly clever:0.497
black comedy:0.49675
quirky:0.49425
oscar (best foreign language film):0.49275
cinematography:0.49225
great:0.49125
imdb top 250:0.49075
