homeless:0.97975
insanity:0.96675
eccentricity:0.96675
oscar (best supporting actress):0.96125
gilliam:0.9315
redemption:0.91775
original:0.8895
compassionate:0.87675
great acting:0.86925
oscar (best actress):0.85025
life & death:0.835
dramatic:0.831
imagination:0.8285
mental illness:0.8245
cerebral:0.82275
storytelling:0.8095
oscar (best actor):0.7845
whimsical:0.776
guilt:0.7725
touching:0.7705
loneliness:0.76675
great ending:0.759
drama:0.75825
oscar:0.7495
weird:0.74725
visually stunning:0.74
unlikely friendships:0.734
story:0.72625
criterion:0.71975
dark humor:0.716
fantasy:0.7045
radio:0.70125
bittersweet:0.699
great:0.693
depression:0.69275
imdb top 250:0.68925
mentor:0.6875
obsession:0.6845
reflective:0.67275
love story:0.6695
talky:0.669
melancholic:0.66625
great movie:0.662
cult film:0.6545
visual:0.65325
quirky:0.65175
complicated:0.64725
friendship:0.6355
feel-good:0.6345
surreal:0.63325
love:0.6305
good soundtrack:0.6275
psychiatry:0.62225
complex:0.618
oscar (best directing):0.6175
interesting:0.6145
clever:0.6115
good:0.60675
transformation:0.60075
psychology:0.59375
dialogue:0.5915
emotional:0.59025
destiny:0.59025
very interesting:0.5785
oscar (best supporting actor):0.576
tragedy:0.56675
cinematography:0.5595
justice:0.547
intense:0.54575
underrated:0.54475
existentialism:0.54425
dreams:0.543
heartwarming:0.5405
character study:0.53975
life philosophy:0.53975
fantasy world:0.53675
melancholy:0.53575
visually appealing:0.52425
oscar (best writing - screenplay written directly for the screen):0.52025
paranoid:0.51825
narrated:0.5165
murder:0.51075
special:0.509
drinking:0.50825
social commentary:0.507
earnest:0.5055
oscar winner:0.50525
feel good movie:0.496
creativity:0.495
death:0.4945
masterpiece:0.4935
cult classic:0.49125
poignant:0.4885
excellent script:0.48675
runaway:0.48125
crazy:0.4785
excellent:0.47275
enigmatic:0.4725
memory:0.472
thought-provoking:0.47175
