marx brothers:0.9875
hotel:0.94325
farce:0.9135
based on a play:0.798
original:0.76575
1930s:0.739
broadway:0.697
firefly:0.6925
brothers:0.63375
chase:0.621
funniest movies:0.613
mentor:0.584
silly fun:0.57175
comedy:0.5585
dialogue:0.55825
classic:0.54925
radio:0.545
funny as hell:0.54425
screwball comedy:0.5335
adaptation:0.52425
witty:0.5185
slapstick:0.48425
goofy:0.48075
dramatic:0.476
oscar (best supporting actress):0.4515
runaway:0.44525
criterion:0.445
great ending:0.4435
nocturnal:0.42725
underrated:0.4235
silent:0.421
storytelling:0.40625
talky:0.40075
con men:0.393
catastrophe:0.38725
hilarious:0.38375
absurd:0.383
afi 100 (laughs):0.3745
california:0.36275
gunfight:0.361
censorship:0.351
interesting:0.3465
dark hero:0.34575
very funny:0.3435
great:0.34075
fight scenes:0.33775
stylized:0.3375
crime gone awry:0.3335
grindhouse:0.32925
imdb top 250:0.325
claustrophobic:0.3225
life philosophy:0.3165
fun:0.315
stylish:0.3135
clever:0.30875
entirely dialogue:0.306
cerebral:0.3055
very interesting:0.2995
suprisingly clever:0.29825
melancholic:0.29525
opera:0.2945
not funny:0.29375
visually appealing:0.2935
stand-up comedy:0.291
gangsters:0.28675
fun movie:0.285
classic car:0.27875
golden palm:0.27275
road movie:0.26525
screwball:0.265
unfunny:0.26125
death:0.26125
narrated:0.2575
twists & turns:0.25725
life & death:0.2565
corruption:0.25425
dumb but funny:0.25125
1920s:0.24825
artistic:0.2465
ironic:0.2465
first contact:0.24525
good:0.24425
culture clash:0.24325
political corruption:0.24275
social commentary:0.24225
time:0.239
secrets:0.2355
lone hero:0.2315
brutality:0.231
greed:0.23
sexy:0.228
creativity:0.22775
oscar (best supporting actor):0.2255
suicide:0.22475
dysfunctional family:0.2235
nudity (topless - notable):0.22325
enigmatic:0.21675
quotable:0.21175
whimsical:0.20975
fantasy world:0.20925
