hallucinatory:0.99425
weird:0.9875
adapted from:book:0.9795
drug addiction:0.977
surreal:0.976
based on a book:0.96825
criterion:0.9485
drugs:0.9365
based on book:0.90875
drug abuse:0.9015
cerebral:0.8995
psychiatry:0.8975
insanity:0.88225
surrealism:0.87575
addiction:0.8565
paranoid:0.835
dreamlike:0.81425
paranoia:0.80975
enigmatic:0.8075
imagination:0.80025
adaptation:0.7835
existentialism:0.7795
lynch:0.77675
sexual:0.77275
strange:0.77025
disturbing:0.75825
writers:0.756
nonlinear:0.75375
original:0.75275
complex:0.74025
bizarre:0.73825
literature:0.70475
psychedelic:0.703
visually appealing:0.70175
intellectual:0.701
visual:0.69975
books:0.69325
allegory:0.68625
cult classic:0.68225
creativity:0.67325
life philosophy:0.658
writing:0.645
very interesting:0.6405
book:0.638
artistic:0.63325
good soundtrack:0.6175
mindfuck:0.607
social commentary:0.6035
pornography:0.59775
stylized:0.5975
mentor:0.5865
absurd:0.5765
marijuana:0.57425
deadpan:0.56425
brutality:0.56075
cult film:0.555
book was better:0.553
nudity (full frontal - notable):0.54675
distopia:0.54675
storytelling:0.5435
dialogue:0.54175
art house:0.53675
queer:0.533
loneliness:0.5305
obsession:0.53
utopia:0.51725
confusing:0.51675
talky:0.51275
visceral:0.51075
psychological:0.50575
grindhouse:0.50525
ironic:0.5015
philosophy:0.4955
creepy:0.4935
reflective:0.4895
controversial:0.4865
quotable:0.47925
artsy:0.47725
dark:0.47225
visually stunning:0.472
non-linear:0.4675
philosophical:0.4625
psychology:0.454
masterpiece:0.451
narrated:0.44975
macabre:0.44925
stylish:0.44875
heroin:0.4465
life & death:0.44475
meditative:0.44475
magic realism:0.44425
violent:0.44025
melancholic:0.436
cinematography:0.43375
homosexuality:0.42575
catastrophe:0.42575
biographical:0.42375
harsh:0.42225
crazy:0.42075
stoner movie:0.42075
