horses:0.9795
racing:0.9185
adventure:0.86075
desert:0.785
story:0.7615
original:0.76
script:0.73925
dialogue:0.70125
family:0.5955
mentor:0.56775
sequel:0.5205
sequels:0.4995
storytelling:0.48275
predictable:0.474
books:0.42075
great ending:0.4165
good:0.409
brutality:0.4055
lone hero:0.40175
catastrophe:0.40075
chase:0.3985
action:0.389
fantasy world:0.3865
culture clash:0.38025
cinematography:0.3645
unlikely friendships:0.352
not funny:0.3435
unusual plot structure:0.3425
franchise:0.32625
friendship:0.323
race:0.32225
adapted from:book:0.315
children:0.31275
new york:0.31275
adaptation:0.31225
destiny:0.30825
fight scenes:0.3055
great:0.2935
bad:0.2895
bad plot:0.28475
loneliness:0.284
runaway:0.2825
so bad it's funny:0.27875
teen movie:0.2715
based on a book:0.26575
beautiful scenery:0.261
melancholic:0.25925
writers:0.25825
grindhouse:0.25725
criterion:0.25625
special effects:0.25425
police investigation:0.2495
vengeance:0.249
first contact:0.24875
sci fi:0.24625
entirely dialogue:0.245
unfunny:0.24475
good soundtrack:0.24075
transformation:0.235
quirky:0.234
redemption:0.23
greed:0.22975
indians:0.22825
original plot:0.228
dark hero:0.2245
shallow:0.22425
fun:0.22225
overrated:0.22225
life philosophy:0.22175
inspirational:0.21875
fun movie:0.2185
exciting:0.21775
teen:0.21425
dramatic:0.2125
slapstick:0.2105
pg-13:0.20925
cult film:0.20525
oscar (best directing):0.20325
good versus evil:0.20125
nudity (rear):0.20075
good action:0.2005
stereotypes:0.2
crappy sequel:0.19975
weapons:0.19925
alter ego:0.199
mad scientist:0.1975
crude humor:0.1975
feel-good:0.19675
spelling bee:0.196
pornography:0.19575
suprisingly clever:0.195
childhood:0.194
natural disaster:0.19375
clever:0.19325
very funny:0.19175
bullying:0.19175
africa:0.19
fantasy:0.18925
california:0.1855
cool:0.182
