space opera:0.98725
spock:0.987
franchise:0.98075
sci fi:0.96975
future:0.96725
space:0.96375
star trek:0.9605
big budget:0.959
fast paced:0.95675
sci-fi:0.95
action:0.94975
science fiction:0.93825
imdb top 250:0.938
visually appealing:0.938
alternate reality:0.93025
space travel:0.92075
scifi:0.91875
story:0.91125
original:0.90775
futuristic:0.89625
adventure:0.891
special effects:0.886
series:0.8845
technology:0.88325
plot:0.8775
alternate universe:0.8595
teleportation:0.857
time travel:0.821
visually stunning:0.8205
great ending:0.82025
pg-13:0.81475
visual:0.81
humor:0.801
good action:0.797
destiny:0.7955
storytelling:0.77825
action packed:0.7745
vengeance:0.77325
dialogue:0.772
good:0.76975
original plot:0.76
cool:0.7485
mythology:0.7355
exciting:0.73175
plot holes:0.731
visuals:0.728
plot twist:0.72025
awesome soundtrack:0.7195
complex:0.717
cerebral:0.7165
revenge:0.7125
mentor:0.70725
parallel universe:0.699
fight scenes:0.69775
long:0.6875
great soundtrack:0.68175
betrayal:0.67925
epic:0.67525
weapons:0.6715
bad science:0.66375
intense:0.6635
script:0.655
great movie:0.65125
good versus evil:0.649
fun:0.64875
sacrifice:0.637
great:0.635
redemption:0.63025
clever:0.6275
fighting:0.62475
chase:0.6225
interesting:0.622
catastrophe:0.6205
oscar (best effects - visual effects):0.6135
transformation:0.607
unlikely friendships:0.59775
nostalgic:0.593
first contact:0.592
aliens:0.588
ensemble cast:0.58375
superheroes:0.57975
effects:0.57925
multiple storylines:0.57675
alternate history:0.5765
good soundtrack:0.57575
dynamic cgi action:0.569
dark hero:0.56825
product placement:0.56675
good acting:0.56325
cgi:0.56025
trilogy:0.55775
light:0.556
suspense:0.54975
entertaining:0.5445
murder:0.54375
fun movie:0.543
firefly:0.5405
oscar:0.5345
scifi cult:0.52475
science:0.524
