coen bros:0.99925
screwball comedy:0.9605
divorce:0.90325
lawyers:0.8935
coen brothers:0.84
comedy:0.82075
romantic comedy:0.818
twists & turns:0.807
farce:0.8005
romantic:0.774
screwball:0.76325
romance:0.76175
original:0.7505
dialogue:0.7435
funny:0.708
clever:0.68
greed:0.6725
absurd:0.61425
predictable:0.6085
quirky:0.607
witty:0.605
very funny:0.59875
lawyer:0.5975
obsession:0.5955
cheating:0.5925
eccentricity:0.583
fun:0.566
fun movie:0.5645
good soundtrack:0.56175
mentor:0.55875
happy ending:0.55525
sexy:0.55475
infidelity:0.55225
weird:0.54775
light:0.5365
entertaining:0.53625
great ending:0.52825
satire:0.52625
satirical:0.52125
black comedy:0.52025
visually appealing:0.5185
plot twist:0.51225
entirely dialogue:0.50875
dark humor:0.507
sexualized violence:0.49375
las vegas:0.483
chick flick:0.4775
excellent script:0.47575
unfunny:0.47
hilarious:0.468
silly:0.467
adultery:0.46225
storytelling:0.462
stylized:0.46175
pg-13:0.45675
unlikeable characters:0.4555
twist:0.45225
good:0.45
caper:0.443
great:0.43425
betrayal:0.4175
adaptation:0.41575
1930s:0.4155
feel-good:0.4145
marriage:0.4145
wine:0.4115
catastrophe:0.40975
interesting:0.393
love story:0.38725
humorous:0.38625
plot:0.3845
good romantic comedies:0.383
heist:0.37825
very good:0.3735
shallow:0.372
good dialogue:0.36925
money:0.3635
story:0.3615
manipulation:0.36125
so bad it's funny:0.35875
con artists:0.35625
slapstick:0.35225
better than expected:0.35025
whimsical:0.34475
stereotypes:0.34
bad ending:0.33325
feel good movie:0.329
life philosophy:0.325
corruption:0.32375
destiny:0.323
suprisingly clever:0.32275
stylish:0.322
revenge:0.322
pornography:0.321
imdb top 250:0.31925
enigmatic:0.31925
vengeance:0.31675
very interesting:0.31675
girlie movie:0.316
melancholic:0.31525
