spy:0.995
spying:0.99425
espionage:0.99
spies:0.971
stylish:0.94425
cold war:0.944
action:0.92775
fast paced:0.925
based on a tv show:0.91425
secret service:0.89225
chase:0.84475
pg-13:0.842
fun movie:0.80025
secrets:0.79425
franchise:0.79325
cool:0.781
original:0.7755
weapons:0.76375
1960s:0.7585
plot:0.75675
action packed:0.74525
fight scenes:0.73525
007:0.70625
entertaining:0.69475
betrayal:0.678
good soundtrack:0.674
good action:0.66825
assassination:0.6665
vengeance:0.649
dialogue:0.64725
car chase:0.638
twists & turns:0.632
fun:0.6205
visually appealing:0.61375
based on a comic:0.61025
conspiracy:0.59525
assassin:0.595
stylized:0.585
series:0.5815
arms dealer:0.5805
caper:0.58
awesome soundtrack:0.57025
nuclear bomb:0.5695
good:0.568
sexy:0.56775
witty:0.55725
period piece:0.55
classic car:0.5495
great ending:0.54525
robert downey jr:0.53025
exciting:0.5275
great:0.52525
mentor:0.51625
culture clash:0.506
clever:0.50175
torture:0.498
catastrophe:0.49325
silly:0.493
plot twist:0.493
storytelling:0.47975
superheroes:0.4795
cia:0.4725
revenge:0.4595
cinematography:0.44775
bond:0.44275
big budget:0.44
runaway:0.43825
thriller:0.438
story:0.4345
better than expected:0.4315
adaptation:0.43075
technology:0.41625
justice:0.4145
no plot:0.40925
russian:0.401
unlikely friendships:0.40075
light:0.399
humorous:0.398
surveillance:0.39775
product placement:0.395
adventure:0.39125
british:0.3885
dark hero:0.386
nostalgic:0.37825
rome:0.37625
complex:0.3745
life philosophy:0.374
comedy:0.37375
murder:0.3725
brutality:0.37175
interesting:0.37
germany:0.364
violent:0.3635
silly fun:0.36275
predictable:0.3625
anti-hero:0.35425
intense:0.3535
london:0.3525
entirely dialogue:0.34825
fashion:0.3415
