conspiracy:0.9185
action:0.90575
suspense:0.843
original:0.8325
great ending:0.81775
redemption:0.7995
africa:0.78475
series:0.7625
corruption:0.744
espionage:0.713
great:0.70875
pg-13:0.70725
children:0.70375
action packed:0.67025
intense:0.65775
vengeance:0.63225
plot:0.628
weapons:0.62275
enigmatic:0.619
fight scenes:0.61625
torture:0.60125
forceful:0.599
assassination:0.57925
murder:0.579
lone hero:0.576
special:0.57375
great movie:0.561
alter ego:0.56
fast paced:0.557
good action:0.555
good:0.55475
complex:0.552
chase:0.551
writers:0.5465
kidnapping:0.5455
tense:0.5395
president:0.524
violence:0.52025
not funny:0.5115
secrets:0.51075
destiny:0.506
interesting:0.50325
crime gone awry:0.494
politics:0.48925
plot holes:0.48525
death:0.48525
childhood:0.48425
revenge:0.4835
visually stunning:0.482
mentor:0.482
parallel universe:0.48075
sacrifice:0.47875
technology:0.47625
catastrophe:0.475
nudity (full frontal - brief):0.4745
story:0.474
kids:0.47225
survival:0.4695
dark hero:0.464
brutality:0.46225
light:0.46025
assassin:0.45875
life philosophy:0.45425
dialogue:0.45175
television:0.44925
political:0.44475
betrayal:0.4345
better than expected:0.43425
unusual plot structure:0.432
nuclear bomb:0.43175
criterion:0.4305
drama:0.4265
transformation:0.423
plot twist:0.4225
no plot:0.421
made for tv:0.421
police investigation:0.421
franchise:0.4065
obsession:0.40575
cinematography:0.398
military:0.39425
tricky:0.39125
life & death:0.391
dreamlike:0.3865
adaptation:0.3855
crime:0.3855
amazing photography:0.38525
talky:0.384
clever:0.3835
thriller:0.382
storytelling:0.38
visually appealing:0.37975
violent:0.3795
good soundtrack:0.37925
prequel:0.3765
twists & turns:0.375
justice:0.373
fighting:0.37175
classic car:0.367
runaway:0.366
