france:0.99875
french:0.99275
paris:0.96975
comedy:0.961
funny:0.892
feel-good:0.8265
feel good movie:0.82475
foreign:0.8175
prejudice:0.75675
destiny:0.7255
humor:0.7185
pg-13:0.71825
very funny:0.71475
love story:0.70925
disability:0.70425
good:0.6635
mentor:0.653
original:0.652
plot:0.646
sacrifice:0.64075
unlikely friendships:0.6315
stereotypes:0.63025
culture clash:0.6275
happy ending:0.60275
humorous:0.602
life philosophy:0.5925
chase:0.58925
story:0.574
storytelling:0.564
hilarious:0.56225
heartwarming:0.5595
beautiful scenery:0.5415
touching:0.5385
clever:0.5365
shallow:0.53175
suprisingly clever:0.52775
visually stunning:0.51025
great ending:0.5055
friendship:0.50275
dialogue:0.49275
unusual plot structure:0.4865
catastrophe:0.48575
art:0.47725
absurd:0.465
crude humor:0.446
witty:0.44325
light:0.43225
social commentary:0.426
great:0.41725
simple:0.41225
excellent script:0.41225
visually appealing:0.40675
wine:0.40075
transformation:0.3975
unfunny:0.39625
weird:0.3925
corruption:0.391
good soundtrack:0.387
fun:0.3855
earnest:0.37525
alter ego:0.374
manipulation:0.3725
family:0.37175
romantic:0.36925
redemption:0.36775
argentina:0.366
movielens top pick:0.3645
predictable:0.3565
inspirational:0.355
brutality:0.3505
excellent:0.3505
nostalgic:0.34625
police investigation:0.34575
better than expected:0.34275
race issues:0.34125
greed:0.33775
melancholic:0.336
allegory:0.335
runaway:0.334
intellectual:0.33275
satire:0.33075
imagination:0.32225
bollywood:0.321
potential oscar nom:0.32025
whimsical:0.31875
male nudity:0.30975
enormously long battle scene:0.309
creativity:0.3075
imdb top 250:0.30675
idealism:0.30625
spanish:0.305
adventure:0.305
talky:0.30475
cinematography:0.30425
jungle:0.3005
slapstick:0.3005
good acting:0.3
segregation:0.3
fantasy world:0.29975
beautifully filmed:0.29975
