original:0.87875
silly:0.76225
goofy:0.75575
cerebral:0.71975
comedy:0.71225
very funny:0.69125
surreal:0.6875
silly fun:0.68125
slapstick:0.6695
hotel:0.66275
dialogue:0.64325
pornography:0.614
directorial debut:0.61175
adapted from:book:0.578
art:0.57225
storytelling:0.57
sexualized violence:0.5645
humorous:0.5635
great movie:0.5625
absurd:0.55425
brutality:0.54425
idiotic:0.5435
stylized:0.53075
cult film:0.52725
parody:0.522
highly quotable:0.51725
visual:0.51275
creativity:0.5005
great ending:0.4955
harsh:0.49475
unusual plot structure:0.49425
nudity (full frontal - notable):0.4915
mentor:0.4845
enigmatic:0.479
no plot:0.47675
fun movie:0.4735
stylish:0.47125
good soundtrack:0.46975
splatter:0.46625
surrealism:0.45775
visually appealing:0.455
cinematography:0.451
quotable:0.445
adaptation:0.44225
visually stunning:0.44075
underrated:0.44
story:0.43825
reflective:0.42675
very interesting:0.42625
hilarious:0.4255
satire:0.42325
melancholic:0.42175
catastrophe:0.4215
existentialism:0.41975
las vegas:0.41225
family:0.41075
funny:0.40625
criterion:0.40375
great:0.40275
irreverent:0.39375
first contact:0.39025
interesting:0.387
series:0.38525
based on a book:0.38
talky:0.37925
suspense:0.3785
predictable:0.3775
paranoid:0.377
imdb top 250:0.3765
clever:0.37475
gangsters:0.37225
chase:0.3655
classic:0.36475
vengeance:0.36175
oscar (best directing):0.3605
happy ending:0.3605
c.s. lewis:0.356
dreamlike:0.35525
sexy:0.3525
greed:0.3515
loneliness:0.3485
entirely dialogue:0.3475
fantasy world:0.34725
unfunny:0.347
good:0.34375
weird:0.343
psychological:0.34225
sci fi:0.34075
masterpiece:0.34075
death:0.33975
alter ego:0.3395
science fiction:0.33875
humor:0.33775
ironic:0.33775
future:0.33775
original plot:0.33675
bad plot:0.333
life & death:0.32925
classic car:0.32325
dreams:0.323
