hit men:0.99875
off-beat comedy:0.98925
assassin:0.98425
great soundtrack:0.94575
good soundtrack:0.945
high school:0.93875
hitman:0.91525
assassins:0.9015
comedy:0.887
great movie:0.86475
dark humor:0.8605
gunfight:0.86
cult classic:0.85375
original:0.83875
dialogue:0.8365
violent:0.81025
great:0.80825
great ending:0.80575
black comedy:0.80325
assassination:0.8025
violence:0.801
dark comedy:0.798
funny:0.78325
great dialogue:0.773
mentor:0.77075
quotable:0.76275
great acting:0.75825
good acting:0.75375
clever:0.74275
highly quotable:0.7425
cool:0.722
vengeance:0.71575
quirky:0.709
chase:0.7025
teen:0.6985
good dialogue:0.69
fast paced:0.68975
original plot:0.688
80s:0.687
action:0.684
hilarious:0.677
interesting:0.65875
witty:0.65875
suprisingly clever:0.65425
cult film:0.64675
redemption:0.64625
storytelling:0.63975
good:0.63875
anti-hero:0.63775
very funny:0.63475
light:0.63225
excellent:0.62675
awesome soundtrack:0.61975
humorous:0.61925
guns:0.611
pg-13:0.60125
small town:0.593
talky:0.59275
imdb top 250:0.58875
excellent script:0.5875
moral ambiguity:0.5865
good music:0.58525
romance:0.5845
1980s:0.5825
feel-good:0.58125
teen movie:0.57575
drinking:0.5715
humor:0.569
intense:0.5675
runaway:0.56275
stylish:0.55775
corruption:0.55525
exceptional acting:0.55325
plot twist:0.5515
very good:0.54375
cult:0.54175
fun movie:0.54125
story:0.5405
underrated:0.53925
honest:0.539
destiny:0.537
bloody:0.5335
great music:0.533
weird:0.532
midlife crisis:0.528
suspense:0.52475
revenge:0.51475
narrated:0.51125
murder:0.5065
scenic:0.506
drama:0.50525
relationships:0.5015
fight scenes:0.50125
brutality:0.50025
harsh:0.4985
classic:0.49675
oscar (best writing - screenplay written directly for the screen):0.49275
stylized:0.49025
friendship:0.4815
action packed:0.48
