batman:0.989
vigilante:0.981
graphic novel:0.94025
dark hero:0.92425
based on a comic:0.9195
animation:0.918
franchise:0.9045
comics:0.89625
original:0.8935
vigilantism:0.88875
superhero:0.86025
super hero:0.8585
superheroes:0.8555
vengeance:0.84875
comic book:0.8465
dark:0.8415
based on comic:0.82025
justice:0.81925
storytelling:0.80275
adaptation:0.79825
adapted from:comic:0.79775
fight scenes:0.79475
cartoon:0.7915
story:0.78075
super-hero:0.7725
corruption:0.7665
dc comics:0.7505
fighting:0.731
mentor:0.72775
stylized:0.71425
violence:0.7085
police corruption:0.707
gritty:0.7
childhood:0.688
alter ego:0.6865
animated:0.6755
comic:0.6525
brutality:0.6375
violent:0.6185
adapted from:book:0.618
transformation:0.607
dialogue:0.607
crime:0.6045
criterion:0.59875
atmospheric:0.589
great ending:0.5785
nocturnal:0.57825
complex:0.578
series:0.576
very interesting:0.57075
good action:0.56875
creativity:0.56825
pg-13:0.568
revenge:0.56025
action:0.5555
insanity:0.552
talky:0.54975
gory:0.5475
honest:0.545
harsh:0.53375
stylish:0.53125
realistic:0.529
forceful:0.5285
cult classic:0.52675
weapons:0.5265
social commentary:0.526
weird:0.5255
light:0.50475
visually appealing:0.5035
grim:0.502
sexualized violence:0.4955
original plot:0.492
good:0.483
distopia:0.48
bleak:0.47975
redemption:0.4795
organized crime:0.472
detective:0.47075
highly quotable:0.46425
visual:0.4615
artistic:0.46125
brutal:0.45875
good soundtrack:0.45525
tense:0.4545
imdb top 250:0.4525
fast paced:0.4515
great:0.4505
unusual plot structure:0.4455
interesting:0.44375
visceral:0.439
runaway:0.435
anime:0.4325
animal movie:0.428
blood:0.4195
chase:0.419
nudity (full frontal - brief):0.417
clever:0.41275
assassination:0.41125
macabre:0.41025
1980s:0.40975
