cult film:0.939
surreal:0.92825
splatter:0.9105
sexual:0.89075
violence:0.86275
pornography:0.82225
gratuitous violence:0.816
weird:0.81125
pointless:0.769
so bad it's funny:0.757
violent:0.756
brutality:0.75375
original:0.7265
sexy:0.702
sex:0.69525
surrealism:0.68625
pulp:0.6835
road movie:0.67675
disturbing:0.665
queer:0.66
dialogue:0.65
goth:0.64625
erotic:0.64575
dark humor:0.6245
bloody:0.61875
cult classic:0.61775
good soundtrack:0.59925
dark comedy:0.573
art house:0.5435
nudity (topless):0.542
bizarre:0.5405
pretentious:0.52925
satirical:0.527
sexualized violence:0.52675
teen movie:0.51125
stylized:0.504
dreamlike:0.48625
entirely dialogue:0.48025
horrible:0.47975
absurd:0.47375
road trip:0.4725
teens:0.4525
brutal:0.44125
existentialism:0.44
teen:0.4365
campy:0.43525
nudity (full frontal - notable):0.43225
grindhouse:0.42825
obsession:0.4135
catastrophe:0.413
storytelling:0.40825
visceral:0.408
internet:0.398
suburbia:0.39025
multiple storylines:0.38875
overrated:0.388
insanity:0.3855
nudity (topless - notable):0.38525
camp:0.38475
gory:0.3845
great ending:0.38125
predictable:0.373
quirky:0.36625
shallow:0.365
gay:0.3635
cool:0.34475
not funny:0.341
artsy:0.3395
mentor:0.3395
voyeurism:0.33825
life philosophy:0.33625
vengeance:0.33175
bdsm:0.32875
destiny:0.30925
unfunny:0.30375
adaptation:0.3025
independent film:0.30125
dysfunctional family:0.30075
ironic:0.298
idiotic:0.296
male nudity:0.29425
runaway:0.29375
controversial:0.29325
bad ending:0.2925
graphic novel:0.287
harsh:0.28625
melancholic:0.28625
powerful ending:0.28475
death:0.283
lynch:0.2825
stylish:0.282
first contact:0.2705
black comedy:0.26925
satire:0.2685
greed:0.26725
bad acting:0.267
nudity (full frontal):0.2655
ridiculous:0.265
bad plot:0.265
fantasy world:0.2635
