superhero:0.96975
super hero:0.964
superheroes:0.953
comic book:0.8915
goofy:0.86275
original:0.83925
dc comics:0.8345
animation:0.8325
super-hero:0.825
graphic novel:0.8125
corruption:0.77975
weapons:0.7795
action:0.774
vigilante:0.76975
giant robots:0.762
story:0.755
robots:0.75425
dark hero:0.73925
animal movie:0.73325
violence:0.72875
justice:0.72675
animated:0.70075
pg-13:0.685
good:0.66825
aliens:0.66325
alter ego:0.65375
humor:0.65025
robot:0.65
vengeance:0.6435
storytelling:0.6405
comics:0.63375
franchise:0.632
transformation:0.63
first contact:0.62425
alien invasion:0.622
space:0.61625
great ending:0.589
light:0.5835
cyborgs:0.57425
animals:0.5705
based on a comic:0.5695
mentor:0.56925
enormously long battle scene:0.56175
cartoon:0.56125
technology:0.55925
dialogue:0.5565
vigilantism:0.5445
nocturnal:0.53975
alternate history:0.53675
fast paced:0.5335
harsh:0.52525
adapted from:comic:0.52075
apocalypse:0.519
visual:0.49975
action packed:0.496
adaptation:0.492
demons:0.49125
violent:0.48325
pornography:0.4815
police corruption:0.465
solitude:0.463
fight scenes:0.45625
comic:0.452
sci-fi:0.4505
futuristic:0.44775
dynamic cgi action:0.44425
blood:0.4385
sci fi:0.4375
fun:0.4305
conspiracy:0.43
revenge:0.425
chase:0.42475
bullshit history:0.4145
computer animation:0.412
not funny:0.40825
redemption:0.40625
watch the credits:0.40125
catastrophe:0.40075
very funny:0.3995
allegory:0.395
entertaining:0.3935
corny:0.387
cgi:0.385
anime:0.38225
cool:0.3795
teens:0.37375
buddy movie:0.37325
gunfight:0.372
lone hero:0.37
predictable:0.36975
brutal:0.366
fantasy world:0.36575
social commentary:0.364
brutality:0.36275
absurd:0.362
hilarious:0.361
oscar (best animated feature):0.35975
awesome soundtrack:0.35775
melancholic:0.35725
intelligent sci-fi:0.355
