teen movie:0.9855
awesome soundtrack:0.973
teens:0.9695
teen:0.96925
male nudity:0.92775
adolescence:0.91125
virginity:0.89
80s:0.882
good soundtrack:0.87075
teenager:0.8685
teenagers:0.85525
sex comedy:0.8315
high school:0.81875
1980s:0.81825
nudity (topless):0.809
coming of age:0.779
sex:0.74975
nudity (full frontal - notable):0.74925
pornography:0.74075
coming-of-age:0.73175
original:0.724
great ending:0.68275
bullying:0.64425
great soundtrack:0.6325
brutality:0.614
sexual:0.60025
nudity:0.58825
geeks:0.5825
notable nudity:0.5815
sexy:0.57875
geek:0.5635
bad ending:0.561
friendship:0.55325
redemption:0.53975
nudity (topless - notable):0.53
nerds:0.528
drinking:0.52575
unlikely friendships:0.514
comedy:0.5125
cult classic:0.50875
happy ending:0.50075
mentor:0.49675
goofy:0.48025
nostalgic:0.465
abortion:0.45975
predictable:0.45325
heartbreaking:0.435
story:0.42475
nudity (full frontal):0.42375
sexualized violence:0.42375
fantasy world:0.423
women:0.423
dialogue:0.42025
drama:0.41725
nudity (full frontal - brief):0.413
dramatic:0.41225
good:0.40725
catastrophe:0.40025
runaway:0.38975
grindhouse:0.389
twist ending:0.3855
great:0.37625
fun:0.3735
love story:0.37075
cool:0.368
harsh:0.3595
camp:0.35675
adaptation:0.356
storytelling:0.34775
dumb but funny:0.34575
prostitution:0.34575
family:0.34275
torture:0.34225
fun movie:0.34175
childhood:0.3395
erotic:0.33425
amy smart:0.33175
very funny:0.33025
shallow:0.327
pg-13:0.3265
school:0.321
cult film:0.31975
cheerleading:0.31675
silly:0.31625
cheesy:0.316
touching:0.31375
not funny:0.31325
hard to watch:0.3125
culture clash:0.31225
melancholic:0.307
girlie movie:0.30575
revenge:0.3055
first contact:0.30375
tear jerker:0.30325
downbeat:0.29825
good music:0.2915
alter ego:0.29125
bad plot:0.291
dreams:0.29025
imdb top 250:0.28575
