mafia:0.97125
tom clancy:0.93975
thriller:0.875
murder:0.7175
tense:0.67925
original:0.66525
twists & turns:0.639
mob:0.62
courtroom drama:0.6125
betrayal:0.60725
teacher:0.588
surveillance:0.58075
suspense:0.558
chase:0.55175
surprise ending:0.52
corruption:0.515
mentor:0.512
predictable:0.5085
conspiracy:0.49775
sexy:0.475
lawyers:0.46275
police investigation:0.42025
catastrophe:0.41825
lawyer:0.41425
great ending:0.401
story:0.395
vengeance:0.3945
first contact:0.3905
guilt:0.38875
suspenseful:0.38575
great:0.37525
unlikely friendships:0.36775
runaway:0.3615
nudity (topless):0.3585
good:0.352
adaptation:0.34175
not funny:0.33875
pornography:0.336
dialogue:0.332
internet:0.3285
life philosophy:0.32525
manipulation:0.32275
good acting:0.3225
courtroom:0.32175
identity:0.32175
psychological:0.316
brutality:0.31325
revenge:0.31075
gangsters:0.2995
plot holes:0.2985
twist:0.29775
lone hero:0.29575
clever:0.29225
nudity (topless - notable):0.28775
greed:0.286
great acting:0.285
action:0.28325
secrets:0.2805
intense:0.2775
natural disaster:0.277
plot:0.275
destiny:0.27475
fantasy world:0.2745
unintentionally funny:0.27375
special effects:0.26825
family:0.26725
drama:0.263
obsession:0.25575
bad plot:0.254
death:0.25
nudity (full frontal - brief):0.2495
good soundtrack:0.249
exciting:0.24525
bad acting:0.24275
storytelling:0.2395
very interesting:0.239
criterion:0.23775
adapted from:book:0.236
culture clash:0.23475
romance:0.2315
court:0.23125
twist ending:0.22975
suprisingly clever:0.22775
inspirational:0.22575
so bad it's funny:0.2245
murder mystery:0.224
overrated:0.221
silly:0.21825
pointless:0.218
pg-13:0.21775
unusual plot structure:0.2065
art:0.204
entirely dialogue:0.20225
talky:0.2
bad ending:0.1975
unfunny:0.19725
melancholic:0.197
childhood:0.19675
redemption:0.19575
fight scenes:0.19575
