animals:0.9035
animal movie:0.89175
amazing cinematography:0.822
humanity:0.8045
family:0.724
beautiful scenery:0.719
story:0.716
ecology:0.71375
lions:0.6975
great ending:0.684
original:0.67425
children:0.66
happy ending:0.64175
jungle:0.6275
pg-13:0.6085
beautifully filmed:0.6065
good:0.596
stunning:0.58125
cute!:0.58075
cute:0.5715
scenic:0.56075
environment:0.53375
culture clash:0.52675
animated:0.51125
excellent:0.5045
chase:0.4985
violence:0.49425
fairy tales:0.4865
life philosophy:0.48275
transformation:0.47925
mentor:0.473
brutality:0.466
adventure:0.463
fun movie:0.4615
dialogue:0.45275
destiny:0.43825
talking animals:0.437
beautiful:0.43475
runaway:0.433
animation:0.42625
nature:0.42525
storytelling:0.42225
visually stunning:0.4215
catastrophe:0.4215
childhood:0.42
cinematography:0.41225
environmental:0.40575
great:0.402
family bonds:0.38325
stereotypes:0.38075
dog:0.37425
breathtaking:0.374
suprisingly clever:0.373
touching:0.36775
manipulation:0.36675
brothers:0.36475
oscar (best actress):0.36425
great acting:0.362
police investigation:0.36025
drama:0.35625
enigmatic:0.3535
compassionate:0.3525
great movie:0.34425
disturbing:0.34325
predictable:0.34275
greed:0.33825
justice:0.33725
not funny:0.333
good soundtrack:0.32725
women:0.3265
entertaining:0.323
visuals:0.32125
redemption:0.32125
feel-good:0.32075
visual:0.31925
android(s)/cyborg(s):0.315
sexualized violence:0.314
computer animation:0.30475
clever:0.30225
interesting:0.29975
thought-provoking:0.29775
guilt:0.29675
survival:0.29625
emotional:0.295
visually appealing:0.291
revenge:0.286
very funny:0.28375
suspenseful:0.27825
underrated:0.273
so bad it's funny:0.2725
melancholic:0.2685
fantasy world:0.26675
vengeance:0.26425
adaptation:0.2625
prejudice:0.25725
simple:0.257
absurd:0.25575
life & death:0.25575
corruption:0.25275
weird:0.25275
