criterion:0.93125
nudity (full frontal - notable):0.8825
obsession:0.86525
pornography:0.86425
enigmatic:0.8405
male nudity:0.81
nudity (full frontal):0.79375
intimate:0.783
complex:0.74475
erotic:0.73775
goretastic:0.737
solitude:0.73325
nocturnal:0.71525
sexualized violence:0.68175
stylish:0.678
classic car:0.675
original:0.645
relationships:0.63175
art:0.629
best of 2005:0.622
photography:0.58625
nudity (topless - notable):0.58625
cerebral:0.58
video game adaptation:0.5535
graphic novel:0.53125
oscar (best foreign language film):0.52625
notable nudity:0.52325
beautifully filmed:0.5175
guilt:0.51425
bollywood:0.508
distopia:0.50775
so bad it's funny:0.485
life & death:0.482
judaism:0.48075
passionate:0.46875
bdsm:0.44925
brutality:0.4415
intellectual:0.441
melancholic:0.438
harsh:0.437
gory:0.43625
talky:0.435
sex:0.43075
italy:0.428
imagination:0.424
suprisingly clever:0.41175
loneliness:0.41075
identity:0.41025
nudity (topless):0.409
mentor:0.40725
cinematography:0.4065
paris:0.4055
melancholy:0.39825
weird:0.39575
sexual abuse:0.39575
catastrophe:0.3935
spying:0.393
artist:0.38875
insanity:0.38425
kick-butt women:0.38175
amy smart:0.37825
beautiful scenery:0.378
bloody:0.36825
math:0.367
perfect:0.35775
hospital:0.3575
glbt:0.357
life philosophy:0.3375
dialogue:0.335
sexy:0.33
visual:0.3295
ironic:0.321
fantasy world:0.31775
not funny:0.31375
marijuana:0.31325
interracial romance:0.311
stylized:0.31075
bleak:0.30825
gay character:0.3075
betrayal:0.3025
entirely dialogue:0.3025
alternate endings:0.30225
surreal:0.3
women:0.299
golden palm:0.296
blindness:0.288
artistic:0.28725
hard to watch:0.2865
great ending:0.286
california:0.28275
multiple storylines:0.27275
good soundtrack:0.2715
psychological:0.26975
writers:0.26975
finnish:0.2665
sexual:0.264
parallel universe:0.26125
disturbing:0.25775
underrated:0.25775
stunning:0.2545
