dysfunctional family:0.95525
family drama:0.90575
secrets:0.87225
gay:0.8385
homophobia:0.82975
homosexuality:0.81275
glbt:0.78925
original:0.74175
visually stunning:0.69375
affectionate:0.682
complex:0.64225
incest:0.6315
bittersweet:0.62775
relationships:0.62775
magic realism:0.6255
redemption:0.62525
coming of age:0.61075
childhood:0.608
male nudity:0.60725
death:0.59375
great ending:0.59325
canada:0.58925
memory:0.5765
suicide:0.56425
storytelling:0.5515
suicide attempt:0.54825
family:0.5475
good soundtrack:0.5465
melancholic:0.52925
reflective:0.52425
weird:0.52225
dramatic:0.52
complicated plot:0.51725
depression:0.513
surreal:0.508
surrealism:0.507
runaway:0.5065
macabre:0.505
sexualized violence:0.505
gay character:0.501
directorial debut:0.50025
sexuality:0.49925
criterion:0.4985
teen:0.4925
culture clash:0.48725
gory:0.487
tragedy:0.48575
parenthood:0.4835
writers:0.4785
harsh:0.47425
small town:0.4725
beautifully filmed:0.46725
drama:0.466
mentor:0.45575
queer:0.45375
talky:0.44475
quirky:0.434
chase:0.434
character study:0.43225
identity:0.43125
transgender:0.42725
sexual abuse:0.427
catastrophe:0.4205
thought-provoking:0.4175
enigmatic:0.4145
pornography:0.4135
narrated:0.406
teen movie:0.4055
happy ending:0.403
dialogue:0.397
golden palm:0.39475
suprisingly clever:0.39425
touching:0.392
tokyo:0.3895
family bonds:0.3895
obsession:0.38925
guilt:0.388
brutality:0.3845
very interesting:0.382
sexual:0.37725
police investigation:0.375
good:0.37
excellent script:0.36975
interesting:0.367
vengeance:0.36675
bleak:0.36575
stylish:0.36425
independent film:0.362
loneliness:0.3605
life & death:0.3585
sisters:0.3585
adapted from:book:0.35825
crime gone awry:0.35775
moody:0.355
classic car:0.354
disturbing:0.35275
grindhouse:0.3415
assassination:0.3405
sweet:0.34
fight scenes:0.338
