documentary:0.9845
narrated:0.951
kubrick:0.951
obsession:0.86675
suspense:0.85975
oscar (best directing):0.85
original:0.83725
criterion:0.83225
intimate:0.82475
imdb top 250:0.809
very interesting:0.80875
interesting:0.80425
life & death:0.799
brainwashing:0.7785
social commentary:0.75425
nudity (full frontal - brief):0.7505
biography:0.7235
greed:0.71225
tense:0.7055
highly quotable:0.6975
oscar (best actress):0.69275
controversial:0.691
chase:0.68375
enigmatic:0.68325
masterpiece:0.67625
runaway:0.67275
violent:0.66875
pornography:0.6685
death:0.66775
eccentricity:0.664
adapted from:book:0.66125
talky:0.6585
intense:0.65775
based on a book:0.65625
harsh:0.656
art:0.655
oscar (best supporting actress):0.65175
entertaining:0.649
relationships:0.64675
family:0.6445
based on book:0.6335
corruption:0.63175
visceral:0.615
life:0.61475
fun movie:0.6105
honest:0.60975
period piece:0.608
nudity (full frontal - notable):0.603
cerebral:0.60125
forceful:0.597
very good:0.596
violence:0.596
insanity:0.59475
afi 100 (movie quotes):0.583
paranoid:0.582
dialogue:0.58075
mentor:0.57175
oscar (best effects - visual effects):0.56925
history:0.5685
good:0.5655
passionate:0.5655
life philosophy:0.5595
whimsical:0.5585
adaptation:0.555
storytelling:0.54975
drinking:0.5495
oscar (best supporting actor):0.5475
nudity (full frontal):0.54375
great ending:0.54
ironic:0.5305
great movie:0.5295
genius:0.52925
complicated:0.527
great acting:0.52675
biographical:0.525
excellent script:0.525
great:0.5245
humanity:0.524
crime:0.521
powerful ending:0.5185
creepy:0.5165
classic:0.516
oscar winner:0.5155
justice:0.515
police investigation:0.514
mental illness:0.51275
amazing photography:0.5125
assassination:0.50825
satirical:0.50275
heartbreaking:0.5025
philosophy:0.497
vengeance:0.49525
movielens top pick:0.494
gunfight:0.4935
distopia:0.493
hitman:0.49275
politics:0.48575
moral ambiguity:0.48525
stylized:0.48275
tragedy:0.48225
