sequel:0.89625
original:0.89075
sequels:0.863
musical:0.8495
high school:0.84425
horrible:0.82325
predictable:0.77625
dancing:0.7735
teen movie:0.75375
so bad it's funny:0.75025
crappy sequel:0.74125
lame:0.72075
pointless:0.68225
fun movie:0.6795
family:0.65525
silly fun:0.63175
bad:0.60625
cheesy:0.59975
bad plot:0.5965
bad acting:0.596
overrated:0.57725
teen:0.559
good sequel:0.54075
80s:0.51625
cheerleading:0.5125
destiny:0.50325
mentor:0.488
awful:0.48775
great ending:0.486
good music:0.47975
fun:0.478
disaster:0.4705
cool:0.46425
music:0.45325
good soundtrack:0.4465
writers:0.4355
silly:0.429
catastrophe:0.42775
dialogue:0.425
guilty pleasure:0.4195
brutality:0.41
shallow:0.40825
natural disaster:0.403
remake:0.397
school:0.39325
motorcycle:0.39025
great:0.3875
dance:0.38475
fantasy:0.3835
fantasy world:0.37575
teens:0.37425
idiotic:0.373
adaptation:0.36475
lone hero:0.36325
franchise:0.36275
girlie movie:0.36225
story:0.36225
stupid as hell:0.36075
fight scenes:0.357
redemption:0.3535
first contact:0.35325
justice:0.35125
camp:0.3465
romantic:0.34125
stereotypes:0.341
not funny:0.34
light:0.3365
dreamlike:0.33375
happy ending:0.33025
twists & turns:0.32975
quirky:0.32825
so bad it's good:0.3245
slapstick:0.321
childhood:0.31725
cult film:0.31525
good:0.315
70mm:0.31375
vengeance:0.313
feel-good:0.3125
entirely dialogue:0.31125
runaway:0.309
ridiculous:0.30625
unusual plot structure:0.30175
storytelling:0.301
bad script:0.3
dysfunctional family:0.298
unintentionally funny:0.29775
melancholic:0.29775
gangs:0.29425
bad cgi:0.29325
culture clash:0.29275
sexy:0.29275
sci fi:0.29
life philosophy:0.2885
boring:0.2825
love story:0.2815
campy:0.2815
pornography:0.28125
cult classic:0.281
bullying:0.27975
