hitchcock:0.948
original:0.71425
family:0.69975
predictable:0.62875
destiny:0.62775
mentor:0.60625
catastrophe:0.49575
family drama:0.48925
dialogue:0.48775
bad plot:0.48025
so bad it's funny:0.44875
suspense:0.44725
great ending:0.445
natural disaster:0.44275
happy ending:0.4355
chase:0.43025
spying:0.42575
thriller:0.425
plot:0.424
paranoia:0.41825
franchise:0.40775
secrets:0.4075
nudity (full frontal - brief):0.39775
vengeance:0.39625
storytelling:0.391
secret service:0.39025
pornography:0.38475
police investigation:0.384
brutality:0.37925
life philosophy:0.377
redemption:0.37375
story:0.37025
not funny:0.365
memory:0.36425
silly fun:0.35525
feel-good:0.35275
good action:0.35225
pg-13:0.34975
justice:0.34575
emotional:0.33975
adaptation:0.33775
lone hero:0.3345
silly:0.33275
disaster:0.3325
based on a book:0.33225
inspirational:0.3285
overrated:0.32475
slapstick:0.31675
cult film:0.31525
suspenseful:0.31525
entertaining:0.31425
death:0.31375
first contact:0.311
unfunny:0.311
pointless:0.30975
action:0.30925
sci fi:0.30825
feel good movie:0.3055
good:0.29975
good soundtrack:0.299
fight scenes:0.2975
fantasy:0.29425
entirely dialogue:0.2925
revenge:0.29075
shallow:0.28525
fantasy world:0.28325
runaway:0.28325
paranoid:0.283
animals:0.27725
fun:0.2755
fun movie:0.27475
great:0.2725
pulp:0.2705
quirky:0.26975
surreal:0.26275
romantic:0.26225
childhood:0.262
male nudity:0.26
very funny:0.26
crappy sequel:0.259
special effects:0.2575
computer animation:0.25525
doctors:0.25375
adventure:0.25325
unlikely friendships:0.25225
underdog:0.2505
clever:0.24925
betrayal:0.247
greed:0.24625
action packed:0.2455
corruption:0.24325
light:0.24275
intense:0.2425
sexualized violence:0.241
twists & turns:0.24025
unusual plot structure:0.2385
spies:0.238
violence:0.23625
mad scientist:0.2345
alternate history:0.23425
