horror:0.98925
creepy:0.98725
scary:0.96875
supernatural:0.9615
suspense:0.9565
original:0.9085
weird:0.86725
great ending:0.8535
suspenseful:0.834
frightening:0.82975
remake:0.81975
psychological:0.81925
death:0.80225
mystery:0.78025
original plot:0.77925
ominous:0.771
twist ending:0.76725
disturbing:0.75375
pg-13:0.746
good:0.73475
tense:0.73075
splatter:0.72875
great movie:0.71775
intense:0.714
atmospheric:0.70425
eerie:0.697
better than the american version:0.67975
story:0.6785
gory:0.6715
ghosts:0.66475
dark:0.6645
cinematography:0.647
twist:0.64625
psychology:0.64375
visceral:0.636
cult classic:0.62075
alternate endings:0.61375
interesting:0.61325
twists & turns:0.61275
thriller:0.60025
visually appealing:0.5975
special effects:0.58325
bad ending:0.58175
plot holes:0.5795
clever:0.56775
storytelling:0.56625
violence:0.56075
surprise ending:0.5575
investigation:0.557
blood:0.55675
good acting:0.54375
great:0.52975
chase:0.52825
effects:0.5245
dialogue:0.52425
visual:0.5225
plot twist:0.50675
macabre:0.5025
mother-son relationship:0.502
demons:0.49775
sexualized violence:0.495
pornography:0.48675
very good:0.484
good soundtrack:0.48225
gruesome:0.48
murder:0.478
police investigation:0.47425
revenge:0.4715
excellent script:0.4715
secrets:0.47
transformation:0.463
brutality:0.4615
catastrophe:0.46
dynamic cgi action:0.4505
serial killer:0.44825
so bad it's funny:0.43925
visually stunning:0.43575
torture:0.4335
cult film:0.43075
stylized:0.4305
stylish:0.424
hospital:0.421
adaptation:0.41975
violent:0.418
ghosts/afterlife:0.416
witches:0.415
light:0.4135
life & death:0.40975
fantasy world:0.4085
strange:0.406
gore:0.4005
claustrophobic:0.40025
vengeance:0.4
cult:0.39825
better than expected:0.3955
predictable:0.391
nudity (topless - notable):0.39
pointless:0.38825
apocalypse:0.38575
social commentary:0.3845
