super hero:0.9755
superhero:0.972
silly fun:0.96375
spying:0.94125
superheroes:0.9365
super-hero:0.90725
spy:0.905
fun movie:0.90075
espionage:0.8635
goofy:0.861
spoof:0.86025
fun:0.77825
special effects:0.7475
original:0.71775
comic book:0.71675
comics:0.71625
spies:0.68425
cool:0.67
ninja:0.6655
chase:0.653
silly:0.644
adventure:0.62975
action:0.58775
cold war:0.58675
childhood:0.56875
cheesy:0.55575
80s:0.53475
predictable:0.53375
mentor:0.531
family:0.52225
fantasy:0.51725
big budget:0.48375
bad plot:0.482
romance:0.475
farce:0.46475
so bad it's funny:0.457
alter ego:0.44625
great ending:0.44225
adapted from:comic:0.44225
secrets:0.428
kids:0.424
007:0.40725
entertaining:0.4025
sexy:0.4025
great:0.3985
catastrophe:0.3965
weapons:0.39275
fantasy world:0.39125
storytelling:0.3765
life philosophy:0.35675
overrated:0.35275
complex:0.351
adaptation:0.348
children:0.346
dark hero:0.34575
dialogue:0.341
destiny:0.333
franchise:0.32875
memory:0.32175
slapstick:0.319
cartoon:0.31575
mad scientist:0.31475
writers:0.3145
bad cgi:0.3145
brutality:0.31275
story:0.31125
campy:0.30825
first contact:0.3075
feel-good:0.30675
camp:0.3005
comic book adaption:0.29575
good:0.29375
car chase:0.291
shallow:0.29
pg-13:0.28825
fight scenes:0.287
cult film:0.28475
remake:0.28325
pulp:0.282
melancholic:0.2775
graphic novel:0.2755
bond:0.2735
romantic:0.27275
russian:0.27025
runaway:0.265
justice:0.26425
disney:0.2615
intense:0.25925
nostalgic:0.2585
good soundtrack:0.25775
vengeance:0.2575
culture clash:0.25175
unintentionally funny:0.24975
natural disaster:0.24675
feel good movie:0.24625
based on a comic:0.24475
ridiculous:0.24375
entirely dialogue:0.24375
unusual plot structure:0.24325
mutants:0.24225
