science fiction:0.91025
love story:0.901
destiny:0.86875
romance:0.86575
philosophical:0.84525
science:0.8445
futuristic:0.83675
complex:0.83375
cerebral:0.8295
sci fi:0.8105
scifi:0.7735
original:0.7525
psychiatry:0.749
imagination:0.734
pretentious:0.729
intellectual:0.72775
existentialism:0.7115
artistic:0.7075
very interesting:0.66075
weird:0.6455
non-linear:0.6415
sci-fi:0.63825
great cinematography:0.6235
visually appealing:0.61625
twists & turns:0.60675
thought-provoking:0.5855
storytelling:0.5795
cinematography:0.57525
great ending:0.5735
philosophy:0.57125
romantic:0.569
metaphysics:0.56225
complicated:0.562
mozart:0.5605
technology:0.56025
runaway:0.55975
parallel universe:0.55825
mystery:0.536
clever:0.52775
feel-good:0.52375
enigmatic:0.5195
distopia:0.51925
creativity:0.5165
quirky:0.5155
absurd:0.5145
visual:0.4995
visually stunning:0.49075
unusual plot structure:0.49075
life philosophy:0.49075
excellent script:0.48625
melancholic:0.48125
surveillance:0.48025
writers:0.47625
alternate universe:0.47425
good acting:0.46425
love:0.46275
dialogue:0.45225
beautiful scenery:0.4485
great:0.4485
suprisingly clever:0.44675
catastrophe:0.44325
criterion:0.4415
entirely dialogue:0.4325
mentor:0.42825
colourful:0.425
alternate reality:0.425
complicated plot:0.42375
reflective:0.414
culture clash:0.41
drama:0.401
story:0.399
confusing:0.39525
identity:0.39425
oscar (best writing - screenplay written directly for the screen):0.387
solitude:0.38625
plot twist:0.38525
interesting:0.38225
intelligent:0.38225
relationships:0.381
narrated:0.37175
future:0.371
fantasy world:0.35925
police investigation:0.3575
writing:0.35575
time:0.35475
talky:0.354
manipulation:0.35075
time travel:0.3505
plot:0.35025
indie:0.34475
whimsical:0.3405
magic:0.3355
internet:0.33275
meditative:0.3325
fighting the system:0.325
excellent:0.325
alternate endings:0.3235
doctors:0.3225
good:0.32075
dystopic future:0.32025
