horror:0.9865
zombie:0.948
so bad it's funny:0.81575
mutants:0.80475
original:0.7455
predictable:0.7355
bad ending:0.7095
disaster:0.69825
bad acting:0.6815
survival:0.664
scary:0.65475
monsters:0.65
supernatural:0.616
low budget:0.6145
demons:0.59575
great ending:0.56725
bad plot:0.53275
catastrophe:0.52675
pointless:0.5045
creepy:0.50025
unlikeable characters:0.49225
visually appealing:0.48975
zombies:0.466
plot holes:0.455
virus:0.4475
splatter:0.44625
suspense:0.44125
mentor:0.43525
cult film:0.42825
not funny:0.4175
stranded:0.412
apocalypse:0.4105
claustrophobic:0.407
brutality:0.404
good soundtrack:0.402
bad cgi:0.4
handycam:0.39025
stupidity:0.38975
torture:0.3805
weird:0.37975
chase:0.37675
talky:0.359
dialogue:0.35875
horrible:0.35725
cinematography:0.345
life & death:0.34475
first contact:0.34425
computer game:0.34325
cannibalism:0.3345
death:0.32975
twist ending:0.32775
effects:0.3275
runaway:0.32625
wilderness:0.32425
lone hero:0.31725
ominous:0.31575
natural disaster:0.314
suspenseful:0.30925
atmospheric:0.3075
story:0.307
cult:0.30675
shallow:0.30275
awful:0.29275
adventure:0.29
writers:0.288
better than expected:0.288
life philosophy:0.2875
fight scenes:0.28575
great:0.2855
good:0.28225
adaptation:0.2795
road movie:0.27925
stupid:0.279
doctors:0.27625
intense:0.2745
finnish:0.2725
monster:0.27225
video game:0.2715
devil:0.2715
overrated:0.2715
grindhouse:0.26775
camp:0.2665
happy ending:0.2635
ghosts:0.262
entirely dialogue:0.256
weapons:0.25425
unfunny:0.25325
idiotic:0.24925
special effects:0.2485
redemption:0.2485
existentialism:0.24475
pornography:0.244
nocturnal:0.24
gory:0.239
fantasy world:0.23675
eerie:0.236
post-apocalyptic:0.235
visual:0.23
blindness:0.22975
great acting:0.2295
