comedy:0.81775
family drama:0.70675
mentor:0.693
predictable:0.68725
feel-good:0.6775
original:0.64425
feel good movie:0.58875
family:0.587
happy ending:0.57725
romantic comedy:0.56125
chick flick:0.52725
fun movie:0.519
revenge:0.50475
divorce:0.47825
catastrophe:0.47425
silly:0.4715
pg-13:0.4545
great ending:0.4255
good:0.42
bullying:0.411
so bad it's funny:0.4035
unfunny:0.38125
jungle:0.38125
destiny:0.372
shallow:0.36775
single father:0.36075
dialogue:0.35825
workplace:0.35725
stereotypes:0.353
bad plot:0.34875
girlie movie:0.3475
very funny:0.3445
horrible:0.34325
life philosophy:0.33725
justice:0.33325
slapstick:0.329
storytelling:0.32825
romance:0.32675
brutality:0.3255
story:0.32525
drama:0.3225
fight scenes:0.31525
lone hero:0.31075
overrated:0.308
first contact:0.30675
fighting:0.30275
vengeance:0.2965
father daughter relationship:0.295
culture clash:0.29325
funny:0.28975
police investigation:0.286
underdog:0.2835
good dialogue:0.2825
pulp:0.282
love story:0.2805
natural disaster:0.27975
light:0.2785
runaway:0.2785
nudity (full frontal - brief):0.27775
great:0.277
pornography:0.2705
bad:0.26925
romantic:0.26675
great acting:0.26625
fantasy:0.26325
action:0.2625
fun:0.259
parenthood:0.25775
sci fi:0.25775
good soundtrack:0.25625
fantasy world:0.25525
not funny:0.25375
melancholic:0.2535
bittersweet:0.2485
brainwashing:0.24825
entertaining:0.24775
better than expected:0.24675
redemption:0.244
martial arts:0.241
crude humor:0.23825
cute:0.238
entirely dialogue:0.2365
unrealistic:0.23475
holiday:0.23025
adaptation:0.22625
teen movie:0.22125
thought-provoking:0.215
silly fun:0.214
classic car:0.21275
product placement:0.21225
women:0.211
pointless:0.21025
dramatic:0.20525
clever:0.202
surreal:0.2015
cute!:0.2005
good action:0.2
very good:0.19975
corporate america:0.197
passionate:0.195
