18th century:0.9935
mozart:0.9485
musical:0.8995
visually stunning:0.89925
opera:0.89675
music:0.8805
musicians:0.83225
passionate:0.74975
dramatic:0.74875
spain:0.742
original:0.73425
beautifully filmed:0.73325
good soundtrack:0.72375
rock and roll:0.69025
classical music:0.64575
costume drama:0.64275
biopic:0.6305
historical:0.6105
emotional:0.6055
visually appealing:0.5915
melancholy:0.5905
visual:0.59
history:0.582
beautiful:0.58025
storytelling:0.57925
story:0.57525
biographical:0.57
brothers:0.5695
drama:0.55775
melancholic:0.5535
artistic:0.55325
great music:0.55325
nudity (topless):0.55075
stunning:0.5355
unusual plot structure:0.5315
london:0.527
childhood:0.523
art:0.519
good music:0.517
stylized:0.49825
great ending:0.49775
sad:0.49725
beautiful scenery:0.49275
culture clash:0.4925
suprisingly clever:0.4815
intimate:0.47725
nudity (full frontal - brief):0.46925
creativity:0.4665
very interesting:0.463
great:0.44725
bittersweet:0.44225
solitude:0.4365
death:0.43375
mentor:0.43125
catastrophe:0.42425
life philosophy:0.42
us history:0.4155
weird:0.41525
foreign:0.411
sexy:0.411
male nudity:0.41075
criterion:0.40975
colourful:0.40675
brutality:0.40275
cinematography:0.397
true story:0.39675
dialogue:0.3945
pornography:0.39425
enigmatic:0.3915
breathtaking:0.3875
revolution:0.38025
redemption:0.3795
intense:0.3745
destiny:0.37325
nocturnal:0.37275
england:0.3695
sexualized violence:0.36075
life:0.36025
golden palm:0.35925
not funny:0.35925
exceptional acting:0.35575
complex:0.355
life & death:0.355
artist:0.351
oscar (best directing):0.349
runaway:0.348
justice:0.347
based on a book:0.34
computer animation:0.339
hospital:0.3375
fantasy world:0.3365
movielens top pick:0.336
adapted from:book:0.3355
good:0.331
dancing:0.33025
harsh:0.32775
tragedy:0.32675
factual:0.325
vienna:0.324
women:0.32125
