gay:0.9795
life philosophy:0.86275
documentary:0.72175
finnish:0.62825
original:0.6265
aids:0.614
factual:0.55225
pornography:0.53075
criterion:0.504
queer:0.492
adventure:0.48275
beautiful scenery:0.47325
transformation:0.45275
beautifully filmed:0.441
catastrophe:0.4145
judaism:0.39175
great ending:0.39125
hospital:0.38925
death:0.3875
touching:0.38375
nudity (full frontal - notable):0.376
relationships:0.3735
gay character:0.36875
mentor:0.36875
brutality:0.36375
stand-up comedy:0.3495
very interesting:0.34925
culture clash:0.3415
adaptation:0.34125
visually appealing:0.339
good sequel:0.324
life:0.322
melancholic:0.32175
indie:0.319
stylized:0.31725
mockumentary:0.31625
dialogue:0.31425
suprisingly clever:0.31375
cerebral:0.308
storytelling:0.304
enigmatic:0.30175
bittersweet:0.3005
male nudity:0.291
runaway:0.291
not funny:0.29
no dialogue:0.2895
immortality:0.27675
good:0.27375
quirky:0.273
humorous:0.272
fantasy world:0.27125
spock:0.2645
complex:0.261
nudity (full frontal - brief):0.2605
intimate:0.2595
first contact:0.259
pg-13:0.25875
entertaining:0.257
good soundtrack:0.25125
writers:0.2505
california:0.24775
movielens top pick:0.24475
existentialism:0.244
entirely dialogue:0.244
lone hero:0.24225
islam:0.241
corruption:0.23775
police investigation:0.23625
twists & turns:0.23525
romance:0.235
redemption:0.23375
greed:0.23325
talky:0.2325
meditative:0.23225
social commentary:0.22725
fight scenes:0.22575
passionate:0.22375
fashion:0.2235
very funny:0.222
spanish:0.22125
corporate america:0.221
cinematography:0.2205
cult classic:0.21975
solitude:0.21825
dark hero:0.218
obsession:0.218
scary:0.2145
so bad it's funny:0.21425
workplace:0.21325
weird:0.21275
loneliness:0.2115
life & death:0.21125
stereotypes:0.20975
betrayal:0.20925
homophobia:0.20875
justice:0.20775
dysfunctional family:0.2065
hilarious:0.2055
guilt:0.2055
allegory:0.2045
