germany:0.996
east germany:0.9605
good soundtrack:0.925
german:0.9015
melancholic:0.84375
visually appealing:0.8385
berlin:0.8155
very interesting:0.783
original:0.74775
unusual plot structure:0.73325
nocturnal:0.72925
life philosophy:0.71875
dialogue:0.71375
visually stunning:0.71075
storytelling:0.71025
adaptation:0.71025
stylized:0.70475
cinematography:0.70225
imagination:0.68225
movielens top pick:0.6725
books:0.66975
off-beat comedy:0.66625
distopia:0.6645
reflective:0.65625
life:0.6555
based on a book:0.6545
criterion:0.65025
fighting the system:0.6495
talky:0.6455
fight scenes:0.6425
melancholy:0.6405
narrated:0.63625
harsh:0.6355
witty:0.63325
so bad it's funny:0.633
weird:0.6295
depression:0.6275
nudity (topless - brief):0.622
great:0.62125
great soundtrack:0.6135
based on book:0.60975
unlikely friendships:0.60875
fantasy world:0.608
destiny:0.60425
artistic:0.6035
adapted from:book:0.59475
mentor:0.594
gay:0.5925
1980s:0.586
idealism:0.57575
loneliness:0.575
drinking:0.56825
cult classic:0.5645
deadpan:0.5545
beer:0.54725
philosophical:0.54725
satire:0.54125
artist:0.532
love:0.5285
cult film:0.52475
absurd:0.52
childhood:0.52
culture clash:0.5135
whimsical:0.50925
glbt:0.5085
christian:0.504
world war ii:0.499
social commentary:0.49775
philosophy:0.497
allegory:0.496
awesome soundtrack:0.495
great acting:0.487
independent film:0.48375
oscar (best foreign language film):0.4805
art:0.4775
imdb top 250:0.47475
propaganda:0.474
existentialism:0.4725
bleak:0.47125
lone hero:0.4675
atmospheric:0.45925
finnish:0.45675
entirely dialogue:0.45575
dark humor:0.453
quotable:0.45225
quirky:0.45075
friendship:0.44875
satirical:0.44575
george orwell:0.44375
light:0.43975
cool:0.43775
irreverent:0.43625
great cinematography:0.43275
catastrophe:0.43225
great ending:0.429
redemption:0.42625
complex:0.42425
cynical:0.42125
affectionate:0.41425
vengeance:0.4135
