time travel:0.989
teens:0.9675
teen:0.9655
teen movie:0.95475
future:0.92825
high school:0.9265
science fiction:0.91575
plot holes:0.90825
teenagers:0.839
bullying:0.817
scifi:0.8095
geeks:0.788
sci fi:0.77075
original:0.76
sci-fi:0.75025
plot:0.71925
teleportation:0.718
destiny:0.7175
bad ending:0.71525
technology:0.707
pg-13:0.6835
science:0.67925
teenager:0.67025
great ending:0.67
stupidity:0.65875
catastrophe:0.65125
good soundtrack:0.637
low budget:0.57975
tricky:0.579
nerds:0.573
bad science:0.57125
mindfuck:0.564
product placement:0.55525
predictable:0.55525
creativity:0.552
pornography:0.5375
alternate endings:0.5245
story:0.51725
twist ending:0.512
twist:0.51125
bad acting:0.505
shallow:0.50225
parallel universe:0.48775
manipulation:0.4815
stupid:0.47525
dumb:0.4705
very interesting:0.46675
special effects:0.4655
clever:0.45925
dialogue:0.45375
absurd:0.453
silly fun:0.453
good:0.44275
storytelling:0.4405
so bad it's funny:0.437
entertaining:0.434
horrible:0.434
unusual plot structure:0.4325
visually appealing:0.4315
twists & turns:0.42975
stereotypes:0.42925
idiotic:0.4285
happy ending:0.4245
school:0.42375
internet:0.416
better than expected:0.4155
futuristic:0.413
confusing:0.4105
weird:0.40725
suspense:0.402
crude humor:0.40175
time:0.3985
geek:0.3945
cerebral:0.391
memory:0.3905
alternate reality:0.37975
bad cgi:0.37825
stupid as hell:0.37225
fun:0.37125
mentor:0.37125
revenge:0.36875
good acting:0.3685
enigmatic:0.365
bad:0.3615
existentialism:0.36075
runaway:0.36025
lame:0.3585
amy smart:0.3585
android(s)/cyborg(s):0.353
greed:0.3505
natural disaster:0.3495
nudity (full frontal - brief):0.34325
teacher:0.341
cult film:0.336
very funny:0.3355
adaptation:0.33325
interesting:0.32975
clones:0.3285
writers:0.322
transformation:0.31975
