007 (series):1.0
007:0.9995
bond:0.99925
spying:0.993
franchise:0.9705
espionage:0.964
assassin:0.96225
spy:0.94975
secret service:0.93775
tense:0.9225
action:0.9205
james bond:0.9075
chase:0.89675
adventure:0.88875
spies:0.857
original:0.82075
fast paced:0.81725
series:0.811
good action:0.8065
secrets:0.799
great movie:0.79625
classic:0.7895
cool:0.78225
good:0.74
afi 100 (movie quotes):0.73075
fun movie:0.72975
exciting:0.7255
murder:0.719
runaway:0.71425
goofy:0.71375
great:0.7075
great ending:0.705
humorous:0.70175
suspense:0.6995
dialogue:0.69275
nuclear bomb:0.66925
sexy:0.6545
clever:0.6465
entertaining:0.64375
weapons:0.63125
original plot:0.63125
assassination:0.63025
action packed:0.6115
good acting:0.604
golf:0.603
mentor:0.6
oscar (best sound):0.59975
adapted from:book:0.59225
imdb top 250:0.58875
story:0.58775
excellent:0.5855
interesting:0.58325
fun:0.5755
suspenseful:0.565
betrayal:0.549
car chase:0.54725
oil:0.54525
intense:0.541
nostalgic:0.5325
humor:0.53125
oscar (best directing):0.53075
very good:0.52925
witty:0.52725
twists & turns:0.5215
scenic:0.51775
culture clash:0.51525
oscar winner:0.51375
plot:0.50725
highly quotable:0.50375
light:0.50275
gunfight:0.498
oscar (best effects - visual effects):0.497
greed:0.494
silly:0.487
catastrophe:0.4865
good soundtrack:0.48575
quotable:0.48425
pg-13:0.48225
redemption:0.48075
earnest:0.47625
thriller:0.46825
great acting:0.46725
harsh:0.466
good music:0.456
absurd:0.4485
british:0.446
forceful:0.446
special effects:0.44525
excellent script:0.44475
suprisingly clever:0.4325
honest:0.43075
stylish:0.42775
conspiracy:0.427
talky:0.42375
sci fi:0.4235
gay character:0.42175
realistic:0.4165
saturn award (best special effects):0.41375
classic car:0.408
storytelling:0.406
