horrible:0.9745
predictable:0.927
awful:0.9
bad acting:0.894
pointless:0.89375
bad plot:0.89225
bad:0.88725
so bad it's funny:0.852
original:0.847
off-beat comedy:0.821
gangsters:0.819
idiotic:0.818
dialogue:0.808
family:0.79175
lame:0.791
stupid:0.77575
overrated:0.767
bad script:0.7275
shallow:0.687
disaster:0.6745
hit men:0.66475
sexy:0.63625
bad ending:0.62025
quirky:0.61575
entirely dialogue:0.606
great ending:0.60475
violence:0.60425
romantic:0.60275
stupid as hell:0.5995
nudity (topless - notable):0.58925
stupidity:0.585
writers:0.574
stereotypes:0.56825
romance:0.5635
mafia:0.5625
imdb top 250:0.5595
redemption:0.5595
kidnapping:0.559
fight scenes:0.55075
gangster:0.5495
pulp:0.5455
fantasy world:0.541
brutality:0.54025
fantasy:0.534
queer:0.5305
mentor:0.53025
girlie movie:0.51625
melancholic:0.51525
plot holes:0.51375
script:0.5035
catastrophe:0.50325
runaway:0.50225
unfunny:0.49925
first contact:0.499
existentialism:0.4955
pornography:0.49475
oscar (best actress):0.489
passionate:0.4875
comedy:0.4845
gay:0.48225
splatter:0.48125
happy ending:0.481
death:0.479
destiny:0.4755
action:0.47
boring:0.46925
suspense:0.46775
new jersey:0.46425
love story:0.455
adaptation:0.45225
sci fi:0.44975
cult film:0.4495
humorous:0.44675
nocturnal:0.44675
dreamlike:0.44625
ridiculous:0.4455
erotic:0.4435
storytelling:0.44075
foul language:0.4405
absurd:0.4395
good dialogue:0.43775
good soundtrack:0.4375
dumb:0.43725
unusual plot structure:0.4225
crappy sequel:0.422
mental illness:0.42075
natural disaster:0.42
boring!:0.4195
story:0.41425
silly:0.4095
romantic comedy:0.4085
big budget:0.40825
multiple storylines:0.405
franchise:0.40475
slapstick:0.401
gay character:0.397
justice:0.39375
based on a book:0.39325
feel-good:0.392
science fiction:0.39
