post-apocalyptic:0.99075
post apocalyptic:0.9845
awesome soundtrack:0.927
cult film:0.91675
fight scenes:0.892
rock and roll:0.8895
cult classic:0.8695
kung fu:0.86475
fun movie:0.85925
original:0.85075
cool:0.82125
death:0.8185
visually appealing:0.8065
apocalypse:0.7845
weird:0.78375
desert:0.77575
good soundtrack:0.75175
low budget:0.737
life philosophy:0.72775
end of the world:0.7275
martial arts:0.71625
dialogue:0.71025
futuristic:0.69025
computer game:0.66425
mutants:0.661
buddy movie:0.63125
sword fighting:0.61325
road movie:0.60525
fun:0.60275
so bad it's funny:0.6
action:0.587
dystopic future:0.57525
quirky:0.55325
great:0.55325
visual:0.549
independent film:0.5475
sci fi:0.535
camp:0.5335
cinematography:0.52675
stylized:0.526
lone hero:0.52375
bad ending:0.51625
bad acting:0.506
fighting:0.503
great ending:0.5015
alternate history:0.50075
storytelling:0.49925
mentor:0.4975
visually stunning:0.49425
catastrophe:0.4935
campy:0.4905
entirely dialogue:0.48875
las vegas:0.4795
life & death:0.47
absurd:0.46775
surreal:0.46775
cheesy:0.466
good action:0.45475
entertaining:0.44975
clever:0.43875
zombie:0.43525
action packed:0.42125
cult:0.42
grindhouse:0.413
existentialism:0.40825
enigmatic:0.4035
story:0.40325
harsh:0.40225
childhood:0.40025
quotable:0.39575
fantasy:0.38825
good:0.38475
weapons:0.384
good music:0.38325
criterion:0.38225
goofy:0.3805
finnish:0.374
distopia:0.37325
great movie:0.3685
scifi:0.36775
not funny:0.36375
narrated:0.35925
dystopia:0.35775
cerebral:0.354
scenic:0.346
stylish:0.33875
great cinematography:0.33825
wilderness:0.3375
creativity:0.3365
plot:0.33425
melancholic:0.33175
clones:0.32725
alternate reality:0.326
silly:0.324
fantasy world:0.32375
very interesting:0.32375
brutality:0.3235
trilogy:0.323
light:0.32225
stupidity:0.3185
