mafia:0.99475
mob:0.96125
off-beat comedy:0.9195
oscar (best directing):0.85775
organized crime:0.853
undercover cop:0.82425
comedy:0.7375
screwball comedy:0.7245
original:0.711
gangsters:0.6375
surveillance:0.6145
farce:0.6055
quirky:0.5075
great:0.50475
fbi:0.473
very funny:0.45825
fun movie:0.4435
funny:0.4415
gangster:0.431
new jersey:0.41675
mentor:0.4165
oscar (best supporting actress):0.41325
great ending:0.409
weird:0.40075
catastrophe:0.4
brutality:0.39375
family:0.389
runaway:0.3875
light:0.38225
overrated:0.37225
stylized:0.37175
melancholic:0.35775
story:0.35425
stereotypes:0.352
storytelling:0.351
divorce:0.3425
nudity (full frontal - brief):0.34225
police investigation:0.33875
nostalgic:0.3385
fun:0.3375
violent:0.3355
unusual plot structure:0.33275
dialogue:0.33
good soundtrack:0.324
predictable:0.3235
culture clash:0.3215
sexy:0.31825
violence:0.3145
1980s:0.312
suprisingly clever:0.30875
corruption:0.3035
good:0.3025
great movie:0.30125
lone hero:0.29825
crime:0.29575
cult classic:0.295
80s:0.291
unfunny:0.29025
adaptation:0.29
black comedy:0.28875
guilt:0.28875
fantasy world:0.28575
oscar (best actress):0.28475
hitman:0.284
life philosophy:0.28325
chase:0.2815
crime gone awry:0.281
first contact:0.277
destiny:0.2765
redemption:0.27075
criterion:0.2695
paranoid:0.26575
complex:0.262
romance:0.25575
death:0.25325
nudity (topless):0.2515
creativity:0.24975
twists & turns:0.24275
new york city:0.23975
pornography:0.2395
childhood:0.235
multiple storylines:0.2335
entirely dialogue:0.2325
betrayal:0.23225
murder:0.23175
marriage:0.2315
entertaining:0.2295
dramatic:0.229
imdb top 250:0.2285
stylish:0.22775
satirical:0.22675
thriller:0.2255
not funny:0.2255
clever:0.223
humorous:0.22175
visually appealing:0.22125
absurd:0.2205
too long:0.21975
silly:0.2195
hilarious:0.2195
