true story:0.94975
social commentary:0.91975
psychological:0.90375
mother-son relationship:0.892
intense:0.86775
mentor:0.8555
drama:0.84275
original:0.83625
great acting:0.815
psychology:0.8095
based on a true story:0.8075
loneliness:0.80275
dramatic:0.79725
based on true story:0.797
oscar:0.77775
character study:0.7635
tense:0.74775
powerful ending:0.73925
biographical:0.73625
obsession:0.72775
dark:0.72475
melancholic:0.72325
runaway:0.7095
biopic:0.7085
cinematography:0.706
complex:0.7035
slow paced:0.69375
greed:0.67975
murder:0.657
creepy:0.65425
corruption:0.65275
eccentricity:0.64975
great ending:0.64025
relationships:0.638
violent:0.637
good soundtrack:0.626
oscar (best writing - screenplay written directly for the screen):0.6155
suspense:0.61125
tragedy:0.611
criterion:0.60525
storytelling:0.5925
dialogue:0.59175
slow:0.5845
olympics:0.5795
very interesting:0.57875
brutality:0.57525
exceptional acting:0.57475
violence:0.56875
betrayal:0.56675
interesting:0.565
mental illness:0.56375
bad ending:0.56
story:0.559
allegory:0.52975
disturbing:0.523
paranoia:0.52225
oscar (best cinematography):0.514
family:0.50375
manipulation:0.50125
1980s:0.5005
depression:0.489
great:0.48625
pornography:0.484
redemption:0.47575
oscar (best directing):0.4755
enigmatic:0.47075
solitude:0.47025
atmospheric:0.468
harsh:0.46775
paranoid:0.46725
imdb top 250:0.4645
california:0.464
twists & turns:0.45975
bleak:0.45825
cerebral:0.4565
gunfight:0.45275
crime gone awry:0.449
grim:0.447
weird:0.44525
off-beat comedy:0.4435
doctors:0.44325
death:0.44325
brothers:0.44325
adaptation:0.43825
stylized:0.438
great movie:0.43325
visceral:0.43
justice:0.42925
downbeat:0.4285
insanity:0.42725
chase:0.42225
catastrophe:0.422
depressing:0.42025
nudity (full frontal - brief):0.41775
independent film:0.41475
drinking:0.41425
good:0.4065
unlikely friendships:0.404
dialogue driven:0.4
adapted from:book:0.3995
