good sequel:0.97625
sequel:0.97475
sequels:0.96975
stupid as hell:0.96
disaster:0.959
crappy sequel:0.90675
original:0.88075
franchise:0.85925
predictable:0.80075
adventure:0.79425
pointless:0.772
bad acting:0.7685
lame:0.75
so bad it's funny:0.748
terminal illness:0.7345
dynamic cgi action:0.694
special effects:0.69375
natural disaster:0.656
sci fi:0.64275
bad:0.63325
big budget:0.63075
bad plot:0.6095
racing:0.6005
horrible:0.6005
action:0.59775
original plot:0.58275
sci-fi:0.57575
idiotic:0.57125
adapted from:comic:0.5705
dialogue:0.5675
weapons:0.549
family:0.548
survival:0.542
destiny:0.5375
mentor:0.535
death:0.53275
camp:0.52975
silly:0.529
good:0.4975
whimsical:0.4935
silly fun:0.48575
great ending:0.47825
plot:0.476
scifi:0.45975
greed:0.45875
action packed:0.45725
unusual plot structure:0.45675
bad science:0.45625
gunfight:0.454
stranded:0.44875
remake:0.446
fantasy world:0.41775
script:0.41525
catastrophe:0.41475
brutality:0.40275
future:0.399
overrated:0.39825
fight scenes:0.395
fantasy:0.3945
story:0.39225
not funny:0.3905
doctors:0.387
bad cgi:0.38625
fun:0.3845
lone hero:0.38375
plot holes:0.38325
science fiction:0.383
super-hero:0.37975
cult film:0.3735
awful:0.37325
redemption:0.373
80s:0.3695
quirky:0.36925
first contact:0.3685
alter ego:0.36825
slapstick:0.35975
mutants:0.35225
runaway:0.34825
entirely dialogue:0.348
feel-good:0.3475
violence:0.344
adaptation:0.34125
boring:0.33725
intense:0.337
sacrifice:0.3245
stupid:0.32375
pg-13:0.3155
writers:0.31525
romance:0.3145
mad scientist:0.31325
explosions:0.30975
suspense:0.30225
boat:0.297
bad script:0.296
alternate reality:0.2925
god:0.28775
romantic:0.28725
imdb top 250:0.28675
teen movie:0.2865
parody:0.28625
