paris:0.9905
romantic:0.92625
writers:0.92425
nostalgic:0.91875
relationships:0.9095
love:0.8905
whimsical:0.886
literature:0.8655
intellectual:0.862
1920s:0.86125
original:0.858
time travel:0.8565
bittersweet:0.8525
romance:0.83175
fantasy:0.81625
cinematography:0.81125
artistic:0.80925
philosophical:0.79725
life philosophy:0.79225
dialogue:0.7875
art:0.7825
destiny:0.78175
witty:0.773
love story:0.75375
affectionate:0.73775
mentor:0.73575
quirky:0.716
great acting:0.71025
existentialism:0.70375
magic realism:0.7025
pretentious:0.698
feel-good:0.69625
clever:0.6875
romantic comedy:0.6865
beautiful scenery:0.68275
talky:0.6775
sweet:0.66825
melancholic:0.66575
great:0.66325
obsession:0.6595
great ending:0.65425
cerebral:0.65225
nocturnal:0.64125
beautifully filmed:0.64075
visually appealing:0.6365
good soundtrack:0.62575
loneliness:0.61825
wine:0.6175
oscar (best actress):0.61125
light:0.6085
excellent script:0.60775
imdb top 250:0.6015
unusual plot structure:0.6005
feel good movie:0.598
reflective:0.59675
storytelling:0.586
nostalgia:0.58475
oscar:0.58275
interesting:0.58
eccentricity:0.5785
life & death:0.574
france:0.573
wistful:0.56975
great movie:0.56175
artist:0.553
creativity:0.5475
hotel:0.544
original plot:0.53575
earnest:0.53175
oscar (best supporting actress):0.52775
adultery:0.5205
inspirational:0.51475
honest:0.51375
thought-provoking:0.50975
beautiful:0.50925
enigmatic:0.50875
imagination:0.5055
visually stunning:0.499
alternate reality:0.4945
idealism:0.49375
entirely dialogue:0.49075
comedy:0.48975
great dialogue:0.48725
good:0.4855
passionate:0.48225
fun movie:0.48
shallow:0.47725
drinking:0.4715
runaway:0.47125
scenic:0.46575
historical:0.46425
suprisingly clever:0.45775
story:0.4565
catastrophe:0.4555
very interesting:0.45525
complex:0.45475
good acting:0.45025
oscar (best writing - screenplay written directly for the screen):0.44925
writing:0.449
plot:0.445
