oscar (best animated feature):0.99
computer animation:0.98975
animals:0.989
animation:0.98775
cartoon:0.98125
talking animals:0.9805
animated:0.9725
kids:0.96925
children:0.92575
funny:0.912
comedy:0.8805
friendship:0.85825
family:0.85425
disney:0.854
good:0.8485
fun:0.83925
cute:0.82775
animal movie:0.811
kids and family:0.7975
story:0.78075
original:0.77625
cute!:0.7685
great:0.7675
clever:0.761
visually appealing:0.76
redemption:0.75625
very funny:0.756
cgi:0.751
great movie:0.73
adventure:0.71625
entertaining:0.70975
humorous:0.7055
witty:0.701
hilarious:0.6885
unlikely friendships:0.68325
pixar animation:0.657
good soundtrack:0.657
lions:0.633
dialogue:0.6135
humor:0.60825
good versus evil:0.6
heartwarming:0.594
childhood:0.59275
visually stunning:0.58725
fun movie:0.58625
disney animated feature:0.58075
storytelling:0.57975
very good:0.57275
crude humor:0.566
destiny:0.56425
great ending:0.55575
humanity:0.53075
happy ending:0.5275
natural disaster:0.52725
pg-13:0.5255
betrayal:0.523
goofy:0.5165
plot:0.515
pixar:0.50275
monsters:0.49675
touching:0.48775
feel good movie:0.466
excellent:0.46575
predictable:0.46125
chase:0.4605
light:0.45875
mentor:0.45875
catastrophe:0.455
revenge:0.45275
fairy tale:0.45175
culture clash:0.4445
life philosophy:0.44025
excellent script:0.4355
creativity:0.435
cool:0.435
visual:0.4325
morality:0.4305
stereotypes:0.42725
oscar winner:0.4265
transformation:0.417
vengeance:0.41275
based on book:0.412
social commentary:0.41025
suprisingly clever:0.40775
greed:0.40675
3d:0.39525
sentimental:0.394
technology:0.394
silly:0.3885
better than expected:0.38275
stylized:0.37875
feel-good:0.37825
sweet:0.37525
interesting:0.36125
unfunny:0.35875
colourful:0.3575
runaway:0.3565
nudity (full frontal - brief):0.3555
fantasy world:0.35475
movielens top pick:0.35375
