israel:0.9965
islam:0.994
suicide:0.97175
middle east:0.9515
terrorism:0.94175
palestine:0.9275
bombs:0.91125
political:0.8935
reflective:0.85325
politics:0.8495
brainwashing:0.848
violence:0.84775
intimate:0.8475
compassionate:0.833
social commentary:0.82775
foreign:0.822
jews:0.815
sacrifice:0.802
life philosophy:0.78175
original:0.7815
controversial:0.77875
tragedy:0.76775
genocide:0.76325
complex:0.74325
brutality:0.7405
oscar (best foreign language film):0.7405
religion:0.71725
relationships:0.70475
idealism:0.70225
independent film:0.69925
friendship:0.6965
catholicism:0.69025
realistic:0.6785
poignant:0.6785
thought-provoking:0.672
very interesting:0.66475
criterion:0.66
golden palm:0.6595
morality:0.65575
unlikely friendships:0.65375
movielens top pick:0.65375
assassination:0.64875
death:0.648
runaway:0.64575
talky:0.6375
violent:0.63075
propaganda:0.63
guilt:0.6245
dramatic:0.621
life & death:0.616
bleak:0.6135
intense:0.6125
justice:0.6115
intellectual:0.6105
drama:0.61
meditative:0.608
harsh:0.602
freedom:0.6005
interesting:0.60025
forceful:0.5955
pornography:0.594
emotional:0.5905
visceral:0.5905
childhood:0.5885
corruption:0.582
best of 2005:0.5815
sexualized violence:0.57425
sad:0.57075
honest:0.56325
storytelling:0.56125
downbeat:0.55775
courage:0.55675
betrayal:0.55575
humanity:0.55575
survival:0.55525
poverty:0.5545
god:0.5525
good soundtrack:0.546
manipulation:0.54025
prejudice:0.536
weapons:0.53575
depression:0.52775
powerful ending:0.52725
melancholic:0.523
disturbing:0.50875
earnest:0.50675
allegory:0.50425
redemption:0.50275
visually appealing:0.5005
depressing:0.4775
revenge:0.4755
ethnic conflict:0.47525
excellent script:0.475
torture:0.47425
brutal:0.474
mentor:0.47125
culture clash:0.4695
spanish:0.4675
oscar (best directing):0.46575
cerebral:0.46475
