rock and roll:0.9965
music business:0.97675
musicians:0.9595
nostalgic:0.92975
music:0.89225
feel-good:0.89075
light:0.864
feel good movie:0.82975
fun movie:0.82225
good music:0.79325
rags to riches:0.7395
creativity:0.73825
jazz:0.7365
great music:0.73575
original:0.71925
good soundtrack:0.7145
great:0.71375
mentor:0.71225
destiny:0.68325
musical:0.6825
radio:0.6725
liv tyler:0.654
great movie:0.649
good:0.64825
period piece:0.64725
fun:0.58625
hip hop:0.571
entertaining:0.559
sweet:0.55475
pg-13:0.54975
story:0.549
oscar winner:0.54375
happy ending:0.536
1960s:0.53525
girlie movie:0.523
catastrophe:0.5035
great ending:0.5025
runaway:0.49925
affectionate:0.4965
dialogue:0.49575
small town:0.4915
good acting:0.4785
awesome soundtrack:0.46775
biopic:0.4605
family:0.46025
sentimental:0.4555
storytelling:0.44775
silly fun:0.44525
love story:0.43575
dancing:0.43
clever:0.4295
directorial debut:0.4195
oscar:0.41875
great soundtrack:0.41525
time:0.41325
cool:0.40625
chase:0.4055
honest:0.38975
predictable:0.389
culture clash:0.38575
inspirational:0.379
drama:0.372
romantic:0.37025
childhood:0.36225
quotable:0.3595
touching:0.34975
earnest:0.34825
writers:0.3475
unlikely friendships:0.33825
oscar (best supporting actress):0.33675
romantic comedy:0.334
plot:0.334
romance:0.33225
underdog:0.331
not funny:0.3255
teen movie:0.32025
fast paced:0.32
interesting:0.3195
excellent:0.3195
unusual plot structure:0.312
passionate:0.311
good action:0.30975
very good:0.30975
witty:0.308
dramatic:0.3055
great acting:0.3055
adaptation:0.299
big budget:0.297
comedy:0.29475
enigmatic:0.29475
goofy:0.2945
transformation:0.294
stereotypes:0.29125
road movie:0.29075
life philosophy:0.287
artistic:0.2825
humorous:0.2815
suprisingly clever:0.2815
heartwarming:0.281
lone hero:0.27825
