action:0.98325
good action:0.97425
action packed:0.832
motorcycle:0.79625
weapons:0.779
israel:0.776
explosions:0.75625
80s:0.737
islam:0.72425
fight scenes:0.72325
dialogue:0.72225
script:0.70675
story:0.69875
original:0.69275
stereotypes:0.68925
predictable:0.6875
bad acting:0.66975
chase:0.6475
violence:0.634
lone hero:0.62525
suspense:0.6175
terrorism:0.59225
fun movie:0.58775
nostalgic:0.57325
hostage:0.55525
fighting:0.54125
fast paced:0.5395
great ending:0.5335
disaster:0.521
good:0.5185
buddy movie:0.51575
martial arts:0.51375
cheesy:0.4975
family:0.494
jews:0.4865
military:0.48275
entertaining:0.472
mentor:0.46525
foul language:0.45875
fantasy:0.44675
fun:0.44575
exciting:0.4415
silly:0.4365
factual:0.4365
1980s:0.43625
big budget:0.43525
guns:0.42725
brutality:0.42475
bad:0.42275
adventure:0.42275
runaway:0.4185
intense:0.416
goofy:0.41275
suspenseful:0.40825
revenge:0.40425
vengeance:0.39825
car chase:0.395
grindhouse:0.3885
fantasy world:0.385
death:0.38325
bad plot:0.38025
middle east:0.37875
catastrophe:0.374
arms dealer:0.3685
destiny:0.3675
bloody:0.3635
pg-13:0.36275
very good:0.356
teen movie:0.35575
culture clash:0.34175
justice:0.34125
special effects:0.3385
talky:0.33825
visceral:0.33825
storytelling:0.33625
nudity (full frontal - brief):0.33625
realistic action:0.334
not funny:0.332
tense:0.33175
forceful:0.33075
overrated:0.32325
unusual plot structure:0.322
kung fu:0.32175
first contact:0.3215
drama:0.312
great:0.311
pulp:0.311
great acting:0.3105
melancholic:0.30975
nudity (topless):0.308
imdb top 250:0.305
adapted from:book:0.3035
entirely dialogue:0.302
murder:0.30025
underdog:0.297
oscar (best directing):0.29625
feel-good:0.29625
very funny:0.29525
unintentionally funny:0.29025
ninja:0.29
