bleak:0.9765
poverty:0.917
social commentary:0.90675
drama:0.89475
adapted from:book:0.837
cinematography:0.82625
drugs:0.8155
oscar (best actress):0.788
independent film:0.78725
depression:0.7655
gritty:0.76225
coen bros:0.75825
runaway:0.74725
realistic:0.7335
brutality:0.73175
great acting:0.726
oscar:0.723
original:0.72
character study:0.7185
harsh:0.716
secrets:0.7095
dysfunctional family:0.68575
melancholic:0.669
family drama:0.663
visceral:0.6375
mental illness:0.629
dramatic:0.61525
depressing:0.61525
based on a book:0.61525
grim:0.61375
violent:0.6025
downbeat:0.597
violence:0.59525
tense:0.591
good soundtrack:0.58225
road movie:0.581
intimate:0.581
drinking:0.58025
slow paced:0.57325
indie:0.56875
family:0.56375
movielens top pick:0.5535
amazing cinematography:0.54925
imdb top 250:0.54625
greed:0.54475
culture clash:0.544
moral ambiguity:0.54075
life & death:0.536
affectionate:0.53475
small town:0.5335
storytelling:0.53325
forceful:0.53225
death:0.53175
corruption:0.52625
oscar (best directing):0.524
noir:0.521
atmospheric:0.51975
loneliness:0.51475
complex:0.51275
disturbing:0.5065
criterion:0.497
weird:0.49625
relationships:0.4915
addiction:0.48825
tragedy:0.4875
excellent script:0.48575
exceptional acting:0.484
family bonds:0.47975
talky:0.4755
dark:0.47425
stylized:0.4705
intense:0.4685
melancholy:0.46525
pornography:0.4595
neo-noir:0.4585
childhood:0.45775
redemption:0.45475
mentor:0.45175
drug abuse:0.45125
dark humor:0.44825
oscar (best supporting actress):0.44825
poignant:0.44825
california:0.44475
adaptation:0.44275
story:0.442
golden palm:0.44175
homeless:0.4395
guilt:0.43575
crime gone awry:0.4345
honest:0.43125
life philosophy:0.424
dialogue:0.421
coming of age:0.4205
drug addiction:0.4195
brutal:0.419
reflective:0.4165
good acting:0.416
gunfight:0.40725
marijuana:0.40725
friendship:0.4035
