politics:0.88225
assassin:0.86875
president:0.79
original:0.77575
history:0.774
ensemble cast:0.7605
hotel:0.74375
touching:0.7115
assassination:0.70575
good:0.7035
political:0.6985
war:0.683
ethnic conflict:0.6465
story:0.64225
destiny:0.6185
pg-13:0.61775
drama:0.61025
historical:0.606
excellent:0.59475
great ending:0.5895
mentor:0.5695
good soundtrack:0.566
storytelling:0.562
feel-good:0.54975
betrayal:0.54825
dramatic:0.5455
great movie:0.537
sacrifice:0.5315
dialogue:0.5255
us history:0.51775
idealism:0.5105
great:0.51025
multiple storylines:0.5095
catastrophe:0.5055
courage:0.504
california:0.49325
unlikely friendships:0.493
culture clash:0.483
intense:0.45925
interesting:0.45275
revolution:0.4495
drinking:0.44825
love story:0.44475
brutality:0.44025
harsh:0.43875
redemption:0.43825
happy ending:0.43725
corruption:0.43675
propaganda:0.43625
texas:0.43525
great acting:0.43375
justice:0.43125
social commentary:0.429
relationships:0.42425
torture:0.418
los angeles:0.41775
adaptation:0.415
school:0.41325
feel good movie:0.41175
pornography:0.411
wartime:0.41025
plot:0.40775
excellent script:0.4075
good acting:0.40375
love:0.4035
beautiful scenery:0.3995
based on a book:0.3985
genocide:0.3975
life philosophy:0.39575
irish accent:0.394
powerful ending:0.39275
survival:0.392
narrated:0.3915
light:0.3915
cinematography:0.3905
tragedy:0.38975
life & death:0.38875
potential oscar nom:0.387
suprisingly clever:0.387
melancholic:0.38475
predictable:0.379
visually stunning:0.3775
sentimental:0.377
transformation:0.3765
loneliness:0.37625
sad but good:0.376
death:0.374
honest:0.3705
very good:0.3705
emotional:0.37025
friendship:0.3635
runaway:0.3625
shallow:0.35675
suspense:0.354
clever:0.354
nudity (full frontal - brief):0.3535
world politics:0.35175
prejudice:0.3475
alternate history:0.34675
not funny:0.3455
