vigilante:0.987
batman:0.98375
vigilantism:0.98325
animation:0.9805
super hero:0.96025
superhero:0.95975
dark:0.9475
superheroes:0.93025
mutants:0.9045
graphic novel:0.90175
violent:0.89775
violence:0.8715
dark hero:0.8705
action packed:0.8695
super-hero:0.86575
brutal:0.8545
dc comics:0.852
good sequel:0.85025
justice:0.84025
brutality:0.83225
intense:0.82575
action:0.82225
original:0.82025
fast paced:0.8175
storytelling:0.814
gritty:0.81325
animated:0.80925
comics:0.807
great ending:0.7955
fight scenes:0.787
comic book:0.7785
nocturnal:0.775
story:0.768
adaptation:0.7645
vengeance:0.75125
murder:0.75125
pg-13:0.7315
visually appealing:0.73075
mentor:0.70475
cartoon:0.6955
cool:0.6935
alter ego:0.683
comic book adaption:0.66875
dialogue:0.65925
plot:0.658
corruption:0.6545
visceral:0.65025
bloody:0.649
stylized:0.6395
franchise:0.63575
revenge:0.63475
imdb top 250:0.6345
complex:0.634
comic:0.62875
big budget:0.626
gory:0.62175
sacrifice:0.616
chase:0.612
crime:0.61175
suspense:0.61025
interesting:0.60575
harsh:0.603
weapons:0.596
great movie:0.58875
good:0.5885
blood:0.58825
epic:0.58725
fighting:0.57675
great:0.5645
atmospheric:0.5585
censorship:0.5545
anti-hero:0.55125
forceful:0.54425
trilogy:0.53775
psychological:0.5285
technology:0.52425
tense:0.52325
quotable:0.52125
grim:0.518
excellent:0.5055
clever:0.50375
visual:0.48725
good soundtrack:0.48025
runaway:0.479
transformation:0.47625
culture clash:0.47575
serial killer:0.4645
mythology:0.459
series:0.45875
police investigation:0.458
betrayal:0.45525
futuristic:0.455
redemption:0.4545
nuclear war:0.452
marvel:0.4515
dystopia:0.44975
thriller:0.44925
suprisingly clever:0.449
distopia:0.4475
plot twist:0.44725
