japan:0.95675
criterion:0.90225
stylized:0.8965
intimate:0.87175
talky:0.87075
stunning:0.833
oscar (best foreign language film):0.8075
enigmatic:0.79525
original:0.784
obsession:0.7795
melancholic:0.76625
cinematography:0.75075
stylish:0.73475
oscar (best actress):0.6965
unusual plot structure:0.692
visual:0.6915
surreal:0.68925
runaway:0.68475
allegory:0.66525
nudity (full frontal - notable):0.6625
free to download:0.66025
revenge:0.64775
golden palm:0.646
tokyo:0.64025
japanese:0.629
samurai:0.62525
breathtaking:0.616
photography:0.612
very interesting:0.5905
brutality:0.59
sexy:0.58925
masterpiece:0.5795
movielens top pick:0.57425
visually appealing:0.55875
bleak:0.556
atmospheric:0.555
loneliness:0.545
sword fighting:0.53425
perfect:0.53425
ironic:0.53
reflective:0.5265
melancholy:0.51575
biting:0.50675
oscar (best supporting actress):0.5055
meditative:0.49625
screwball:0.49375
good soundtrack:0.48325
cerebral:0.4775
alter ego:0.47175
moody:0.46925
dark humor:0.46725
downbeat:0.46675
passionate:0.4585
beautiful:0.4565
macabre:0.44825
black and white:0.4455
surrealism:0.44375
identity:0.439
suprisingly clever:0.43875
death:0.437
entirely dialogue:0.4295
cynical:0.42825
dreamlike:0.42625
spanish:0.41375
drinking:0.4135
catastrophe:0.4125
mad scientist:0.40525
dialogue:0.39525
harsh:0.3915
lyrical:0.39
great:0.38625
strange:0.3855
male nudity:0.385
manipulation:0.38225
sexual:0.378
betrayal:0.37725
silent:0.37475
relationships:0.36275
beautifully filmed:0.3545
art:0.35325
1930s:0.34625
noir thriller:0.346
social commentary:0.34175
paranoid:0.3405
island:0.34
crime gone awry:0.3365
adaptation:0.33525
narrated:0.3335
black comedy:0.3335
solitude:0.33
not funny:0.32825
disturbing:0.3275
storytelling:0.32675
affectionate:0.32675
corruption:0.32225
great ending:0.3215
love:0.3215
special:0.3185
based on a play:0.317
fantasy world:0.31325
