martial arts:0.99975
kung fu:0.99875
fight scenes:0.98675
fighting:0.95325
dragons:0.942
hong kong:0.92
rome:0.90975
mentor:0.87
gangsters:0.846
original:0.79325
action:0.79025
gangster:0.7365
great movie:0.684
dragon:0.6815
lone hero:0.67575
cool:0.6715
violence:0.6615
stylish:0.64675
wuxia:0.64375
china:0.62825
great:0.6215
culture clash:0.60675
good soundtrack:0.606
cult classic:0.599
fast paced:0.5985
vengeance:0.59825
highly quotable:0.58225
action packed:0.58125
melancholic:0.58
dialogue:0.56525
grindhouse:0.56475
criterion:0.56225
mafia:0.56
visual:0.55525
violent:0.54275
dark hero:0.53175
nostalgic:0.5215
brutality:0.517
breathtaking:0.5165
transformation:0.5145
weapons:0.51425
great ending:0.5135
revenge:0.50875
mob:0.5085
classic:0.487
stylized:0.48175
masterpiece:0.47225
gunfight:0.4655
immortality:0.464
very funny:0.4625
visually stunning:0.4575
irreverent:0.45525
gangs:0.455
humorous:0.443
awesome soundtrack:0.4405
queer:0.4395
reflective:0.43825
cerebral:0.43275
pornography:0.4265
death:0.425
sword fight:0.422
story:0.416
good:0.4145
catastrophe:0.411
imdb top 250:0.4105
ironic:0.41
runaway:0.40975
good action:0.409
fun:0.40875
comic:0.39925
cult film:0.399
fun movie:0.39625
childhood:0.39625
organized crime:0.39575
narrated:0.3955
amazing photography:0.39475
quotable:0.39325
directorial debut:0.3905
classic car:0.39
melancholy:0.38925
samurai:0.38675
fantasy world:0.386
suprisingly clever:0.3855
goofy:0.385
redemption:0.384
kick-butt women:0.38375
harsh:0.3775
bullying:0.37375
nocturnal:0.37275
awesome:0.3705
talky:0.37025
visually appealing:0.36975
mythology:0.36775
sexualized violence:0.3675
japanese:0.36375
entirely dialogue:0.36375
guns:0.36075
forceful:0.357
life philosophy:0.3565
visceral:0.3555
