music:0.977
musical:0.944
broadway:0.882
dark humor:0.873
original:0.8645
good music:0.84625
great music:0.8435
cult classic:0.78125
weird:0.74175
lyrical:0.717
fun movie:0.68975
black comedy:0.68975
dark comedy:0.68525
cult film:0.64675
good soundtrack:0.63925
great:0.62075
happy ending:0.57625
great ending:0.52025
rock and roll:0.51525
narrated:0.49375
fun:0.4935
greed:0.4805
great acting:0.46625
irreverent:0.464
mentor:0.459
affectionate:0.4585
sci fi:0.45625
macabre:0.454
comedy:0.4475
awesome soundtrack:0.447
stylized:0.445
dialogue:0.4425
cult:0.439
special effects:0.43825
great movie:0.438
adaptation:0.43125
catastrophe:0.42975
colourful:0.4275
good:0.4275
remake:0.422
downbeat:0.42175
very funny:0.4145
hip hop:0.4055
funny:0.404
original plot:0.40375
dancing:0.386
pg-13:0.38175
destiny:0.38025
melancholic:0.37925
culture clash:0.37825
quirky:0.376
entertaining:0.36475
alternate endings:0.361
clever:0.3585
suprisingly clever:0.356
workplace:0.3555
story:0.3455
light:0.34375
foul language:0.34275
dysfunctional family:0.3405
creativity:0.34
multiple storylines:0.335
satire:0.3345
campy:0.333
hilarious:0.33275
brutality:0.3295
unfunny:0.32775
70mm:0.3235
family:0.322
childhood:0.31875
dance:0.3135
storytelling:0.31075
80s:0.31
visually appealing:0.30775
fantasy world:0.3075
unusual plot structure:0.30675
loneliness:0.304
death:0.303
criterion:0.30125
runaway:0.30125
satirical:0.29625
very good:0.29575
visual:0.29475
absurd:0.294
great soundtrack:0.293
so bad it's funny:0.2925
splatter:0.29225
musicians:0.29075
visually stunning:0.29025
redemption:0.28825
oscar (best directing):0.28525
transformation:0.28225
pornography:0.27925
witty:0.27875
nudity (full frontal - brief):0.2785
talky:0.27575
life philosophy:0.27425
excellent:0.27425
good acting:0.27275
not funny:0.2665
