action:0.97175
mountain climbing:0.96425
special effects:0.93375
good action:0.9245
big budget:0.924
action packed:0.90675
adventure:0.859
natural disaster:0.854
disaster:0.796
catastrophe:0.78925
stranded:0.78825
survival:0.772
predictable:0.7665
exciting:0.75375
explosions:0.74875
so bad it's funny:0.6885
realistic action:0.67625
pg-13:0.6345
bad acting:0.63
bad plot:0.6245
original:0.61375
dialogue:0.60225
fast paced:0.5985
entertaining:0.59775
stupid:0.5805
better than expected:0.5735
chase:0.57125
life & death:0.5645
bad cgi:0.562
unrealistic:0.55075
intense:0.5505
story:0.54875
lone hero:0.5475
good:0.53925
plot:0.53775
suspense:0.536
apocalypse:0.52275
first contact:0.49925
death:0.495
horrible:0.48725
shallow:0.4825
cool:0.46325
mentor:0.44125
family:0.43725
fantasy world:0.427
not funny:0.4225
dynamic cgi action:0.42125
ridiculous:0.419
fight scenes:0.405
cheesy:0.40275
fun movie:0.40175
silly:0.394
great ending:0.39175
happy ending:0.39075
lame:0.3905
sacrifice:0.38825
great:0.38775
beautiful scenery:0.383
stereotypes:0.38225
life philosophy:0.38
end of the world:0.366
dumb:0.3625
script:0.35525
car chase:0.3545
nudity (topless - notable):0.35275
plot holes:0.3515
computer animation:0.3485
destiny:0.346
thriller:0.34425
girlie movie:0.33475
arms dealer:0.33125
jungle:0.3305
drama:0.32575
unfunny:0.325
stupidity:0.32425
storytelling:0.3235
dramatic:0.32025
camp:0.3195
culture clash:0.31175
entirely dialogue:0.31125
idiotic:0.31125
pornography:0.3065
suspenseful:0.30425
good acting:0.30375
stupid as hell:0.30275
fun:0.30225
weapons:0.30025
bad science:0.2995
vengeance:0.29825
awful:0.2935
bad:0.2915
overrated:0.2875
corny:0.287
treasure hunt:0.286
runaway:0.2855
superheroes:0.285
technology:0.278
tense:0.275
visual:0.2705
no plot:0.27025
