stranded:0.99675
island:0.98275
survival:0.978
loneliness:0.94725
solitude:0.93675
story:0.91875
isolation:0.91325
great ending:0.875
drama:0.8675
desert:0.84
great acting:0.839
adventure:0.811
storytelling:0.808
good:0.8045
dramatic:0.79375
dialogue:0.793
destiny:0.7855
excellent script:0.77975
intense:0.77475
original:0.7695
dynamic cgi action:0.7575
interesting:0.749
love story:0.7375
good acting:0.73325
oscar winner:0.715
existentialism:0.7095
catastrophe:0.70875
mentor:0.70875
very good:0.70125
oscar:0.70025
great movie:0.6985
oscar (best directing):0.69325
emotional:0.69125
thought-provoking:0.69025
first contact:0.675
life & death:0.66
oscar (best actor):0.65825
pg-13:0.65675
life philosophy:0.6505
psychological:0.64775
plot:0.64125
cerebral:0.63375
suspense:0.6285
original plot:0.6285
beautiful scenery:0.62825
visually appealing:0.62325
realistic:0.62175
reflective:0.61775
bittersweet:0.61275
technology:0.60575
sentimental:0.6055
very interesting:0.603
great:0.60175
life:0.59925
cinematography:0.58875
product placement:0.58325
chase:0.581
feel-good:0.58025
philosophy:0.5785
powerful ending:0.574
happy ending:0.57175
imaginary friend:0.57125
transformation:0.57025
touching:0.56725
courage:0.5595
enigmatic:0.5495
bad ending:0.54925
redemption:0.549
special effects:0.54075
clever:0.5395
imdb top 250:0.53325
psychology:0.53275
creativity:0.5305
big budget:0.52975
natural disaster:0.52675
script:0.5235
excellent:0.52025
feel good movie:0.51075
greed:0.5105
utopia:0.4985
honest:0.49675
alternate endings:0.49225
childhood:0.48875
scenic:0.48575
visually stunning:0.479
sacrifice:0.4755
nostalgic:0.474
good soundtrack:0.4705
social commentary:0.46875
good story:0.46875
heartwarming:0.46875
beautifully filmed:0.46325
amazing cinematography:0.45825
space program:0.4565
unusual plot structure:0.45625
earnest:0.45625
intellectual:0.4515
long:0.4515
humanity:0.4505
melancholic:0.449
