sexy:0.84
twists & turns:0.76675
pornography:0.7565
erotic:0.706
entirely dialogue:0.69125
original:0.687
stylish:0.66775
dialogue:0.66575
espionage:0.66075
conspiracy:0.65825
betrayal:0.61875
corruption:0.6085
unusual plot structure:0.595
thriller:0.57375
greed:0.5375
very interesting:0.519
cool:0.50075
infidelity:0.47675
catastrophe:0.45425
good soundtrack:0.4485
crime:0.442
pointless:0.441
mentor:0.4385
great ending:0.42675
sex:0.4135
action:0.40275
manipulation:0.39825
melancholic:0.3955
satirical:0.38325
plot:0.3825
good:0.378
revenge:0.36475
predictable:0.3605
murder:0.35925
no plot:0.35875
brutality:0.35125
bad plot:0.34725
so bad it's funny:0.347
not funny:0.34375
cinematography:0.34325
bad acting:0.34
runaway:0.34
lone hero:0.33975
twist:0.33925
crime gone awry:0.3375
gangsters:0.33625
heist:0.33375
nudity (full frontal - brief):0.3335
chase:0.32775
tense:0.32725
suspense:0.32725
storytelling:0.3245
drama:0.32325
clever:0.32175
hip hop:0.3215
great acting:0.319
suspenseful:0.3175
complex:0.312
internet:0.31075
secrets:0.3095
sexual:0.308
vengeance:0.308
bad:0.30775
bad ending:0.30775
great:0.305
cheating:0.3035
underrated:0.29475
pulp:0.2935
interesting:0.29325
sexualized violence:0.29225
violence:0.29225
police investigation:0.2915
fight scenes:0.29125
first contact:0.2905
stylized:0.2855
justice:0.28525
visually appealing:0.28125
weapons:0.281
story:0.2805
cold war:0.27825
obsession:0.278
light:0.27775
silly:0.27575
nudity (topless - brief):0.2715
fantasy world:0.2705
unfunny:0.26375
plot twist:0.2615
romance:0.26075
adaptation:0.25925
writers:0.2555
nudity (topless):0.25525
idiotic:0.24725
destiny:0.24475
gambling:0.24375
cancer:0.24375
social commentary:0.24275
moral ambiguity:0.24175
pg-13:0.2395
loneliness:0.238
redemption:0.23725
