spiders:0.996
horror:0.96875
scifi:0.953
mad scientist:0.9345
sci fi:0.91975
sci-fi:0.91275
monster:0.90575
science fiction:0.89925
special effects:0.85325
allegory:0.818
monsters:0.79775
creepy:0.79325
scary:0.76525
desert:0.76175
original:0.74075
space travel:0.7185
low budget:0.665
effects:0.64625
so bad it's funny:0.6175
cult classic:0.59775
1950s:0.574
first contact:0.55525
goofy:0.54375
science:0.54275
cult film:0.5405
doctors:0.53825
animals:0.5285
splatter:0.49225
small town:0.469
transformation:0.45225
campy:0.44575
mars:0.43825
excellent script:0.43425
great ending:0.4215
suspenseful:0.41925
life & death:0.4045
predictable:0.4015
zombie:0.397
dialogue:0.39675
stop motion:0.38875
grindhouse:0.387
survival:0.38425
revenge:0.38425
mentor:0.3835
classic:0.38225
harsh:0.38
talky:0.37825
paranoid:0.3775
gory:0.376
catastrophe:0.37575
fun movie:0.37075
silly fun:0.36825
weapons:0.36525
camp:0.3545
not funny:0.3475
gruesome:0.3465
unusual plot structure:0.3455
ominous:0.34475
suspense:0.34375
brutality:0.33125
overrated:0.32875
island:0.328
great:0.31975
demons:0.3195
eerie:0.3195
story:0.315
existentialism:0.3105
blood:0.309
road movie:0.30625
death:0.30575
criterion:0.30475
slasher:0.3025
arnold:0.302
technology:0.3015
weird:0.299
teens:0.2985
simple:0.28875
quirky:0.28475
entirely dialogue:0.27925
rats:0.279
pulp:0.2785
entertaining:0.2775
imdb top 250:0.27475
runaway:0.26975
affectionate:0.26825
good:0.26775
adaptation:0.26775
natural disaster:0.2675
storytelling:0.26725
fun:0.26625
multiple storylines:0.25925
cult:0.25775
alien invasion:0.257
alien:0.25575
frightening:0.2555
fantasy world:0.255
suprisingly clever:0.25375
slapstick:0.25325
gothic:0.253
solitude:0.252
