segregation:0.9115
assassination:0.83675
intimate:0.7605
love story:0.74425
melancholic:0.7055
light:0.7045
relationships:0.7015
road movie:0.67025
great ending:0.66225
marriage:0.6515
original:0.6415
nudity (topless - notable):0.6305
dramatic:0.62125
unusual plot structure:0.61975
life philosophy:0.60675
chase:0.60525
complex:0.5975
unlikely friendships:0.5885
romantic:0.5815
clever:0.55175
reflective:0.54775
tricky:0.527
solitude:0.52175
character study:0.5215
obsession:0.5085
oscar (best actress):0.50575
story:0.48975
multiple storylines:0.489
family:0.4865
runaway:0.48625
california:0.47625
nudity (full frontal - brief):0.47425
assassin:0.45375
twists & turns:0.44725
surveillance:0.442
pg-13:0.439
dialogue:0.43625
nudity (rear):0.43025
catastrophe:0.4295
bittersweet:0.4275
murder:0.426
betrayal:0.42375
sweet:0.42325
destiny:0.4215
memory:0.41575
interracial romance:0.4155
drama:0.4155
complicated:0.411
cinematography:0.4
mentor:0.38925
adaptation:0.389
good soundtrack:0.3875
sexy:0.38125
happy ending:0.37975
sacrifice:0.3745
police investigation:0.3745
predictable:0.374
emotional:0.37275
road trip:0.37275
death:0.37125
funny as hell:0.369
love:0.36875
criterion:0.362
conspiracy:0.35525
suprisingly clever:0.3545
first contact:0.34975
secrets:0.34925
loneliness:0.34725
kidnapping:0.347
storytelling:0.3455
not funny:0.34175
sexualized violence:0.33675
touching:0.33625
great:0.335
talking animals:0.3305
fantasy world:0.32975
guilt:0.327
friendship:0.326
prejudice:0.325
pornography:0.323
fun movie:0.3175
culture clash:0.31725
manipulation:0.31525
ethnic conflict:0.31025
divorce:0.30975
demons:0.30275
adultery:0.3025
nocturnal:0.30225
feel-good:0.30225
alter ego:0.302
natural disaster:0.30075
silent:0.29525
anti-hero:0.29325
suspense:0.289
airport:0.28875
good:0.282
nudity (topless - brief):0.2795
romance:0.277
entirely dialogue:0.27675
oscar:0.2755
