007 (series):1.0
007:0.99975
bond:0.9995
espionage:0.99675
assassin:0.9905
franchise:0.98975
spying:0.98625
secret service:0.982
spy:0.9715
chase:0.95575
james bond:0.9325
spies:0.92025
action:0.888
murder:0.873
adventure:0.8525
treasure hunt:0.817
silly fun:0.80375
series:0.80175
car chase:0.78675
secrets:0.777
good action:0.73725
tom clancy:0.7305
good:0.712
original:0.68975
mountain climbing:0.6805
exciting:0.6635
silly:0.6595
plot:0.65125
space:0.62225
realistic action:0.62025
action packed:0.6135
goofy:0.608
mentor:0.59275
assassination:0.58375
cold war:0.583
catastrophe:0.57775
great:0.56975
submarine:0.56775
vengeance:0.56475
fast paced:0.55625
tense:0.55125
cool:0.5425
fun movie:0.5315
runaway:0.52675
great movie:0.52175
great ending:0.51175
revenge:0.502
first contact:0.49325
thriller:0.4855
motorcycle:0.4765
underwater:0.46575
destiny:0.46575
amazing cinematography:0.4615
sci fi:0.4585
humorous:0.45525
pg-13:0.45225
big budget:0.452
dialogue:0.448
excellent:0.44275
story:0.4425
technology:0.43825
original plot:0.435
storytelling:0.42975
special effects:0.424
sexy:0.41925
figure skating:0.4165
fight scenes:0.39775
scifi:0.38975
entertaining:0.386
betrayal:0.3855
surveillance:0.385
assassins:0.38225
80s:0.37975
nuclear bomb:0.378
weapons:0.37175
brutality:0.36375
culture clash:0.3615
suprisingly clever:0.3605
russian:0.35675
suspense:0.3565
conspiracy:0.355
british:0.35425
classic car:0.35375
fun:0.3535
future:0.34825
voodoo:0.346
island:0.34275
alter ego:0.33125
humor:0.324
predictable:0.32325
oscar winner:0.3195
good soundtrack:0.31925
light:0.31825
very good:0.31575
very funny:0.313
london:0.312
science fiction:0.31175
fantasy world:0.30925
scenic:0.308
torture:0.30675
