melancholic:0.945
loneliness:0.92
cinematography:0.917
existentialism:0.903
redemption:0.8715
original:0.84275
storytelling:0.82
reflective:0.8195
criterion:0.8185
father son relationship:0.8045
depression:0.7895
bleak:0.74575
good soundtrack:0.74425
drinking:0.74275
great ending:0.7335
road movie:0.72325
violent:0.715
life:0.71475
gunfight:0.694
violence:0.688
golden palm:0.68575
emotional:0.68225
story:0.67825
great cinematography:0.6765
sexualized violence:0.67475
talky:0.674
drama:0.67125
intense:0.67075
downbeat:0.66725
melancholy:0.666
social commentary:0.665
dialogue:0.66375
brutality:0.65875
childhood:0.65575
drugs:0.6375
visually stunning:0.6355
realistic:0.63525
harsh:0.629
father-son relationship:0.62525
small town:0.62075
texas:0.616
male nudity:0.61525
vengeance:0.60975
visually appealing:0.6015
depressing:0.59675
complex:0.59425
dramatic:0.58875
relationships:0.58075
stylized:0.576
western:0.5755
good acting:0.5695
dysfunctional family:0.566
independent film:0.5545
honest:0.55025
life & death:0.5405
bittersweet:0.539
very interesting:0.5215
touching:0.5205
nudity (full frontal - notable):0.5135
grim:0.5095
dreams:0.509
narrated:0.50875
transformation:0.50825
pornography:0.503
destiny:0.50075
movielens top pick:0.4965
great soundtrack:0.49225
california:0.48825
artsy:0.48575
beautifully filmed:0.4825
mental illness:0.47425
quirky:0.47
solitude:0.469
great acting:0.4665
great:0.463
cult classic:0.46025
life philosophy:0.448
sad:0.44625
philosophy:0.44475
visual:0.44175
weird:0.4405
cult film:0.4385
wistful:0.438
excellent script:0.432
slow:0.43125
unusual plot structure:0.428
dark humor:0.42775
biopic:0.4265
gangsters:0.42325
enigmatic:0.422
irish accent:0.421
multiple storylines:0.42
intimate:0.4195
psychology:0.41825
exceptional acting:0.41525
runaway:0.41275
entirely dialogue:0.412
photography:0.41075
slow paced:0.4105
death:0.4095
