comedy:0.86225
fun movie:0.788
train:0.741
mentor:0.715
original:0.6855
noir thriller:0.678
chase:0.676
1980s:0.66925
destiny:0.666
gunfight:0.62375
nostalgic:0.6135
80s:0.60225
bank robbery:0.5925
predictable:0.576
runaway:0.56225
revenge:0.55425
buddy movie:0.539
silly fun:0.53375
fun:0.53175
aging:0.5275
great ending:0.51875
prison:0.50175
gangsters:0.50075
good:0.494
great:0.48975
story:0.472
crime:0.47025
70mm:0.4625
catastrophe:0.4605
very funny:0.4565
funny:0.4515
pg-13:0.448
nostalgia:0.444
childhood:0.44025
gangs:0.43125
adventure:0.42025
death:0.4185
alter ego:0.4165
lone hero:0.40325
violence:0.39475
adaptation:0.393
culture clash:0.39175
light:0.387
nerds:0.386
vengeance:0.3835
feel-good:0.3835
goofy:0.3805
heist:0.3785
storytelling:0.37825
dialogue:0.37775
brutality:0.37675
transformation:0.3705
corruption:0.367
good action:0.36
sexualized violence:0.3595
feel good movie:0.34775
family:0.3475
melancholic:0.3475
police investigation:0.346
fantasy world:0.34475
unlikely friendships:0.342
over the top:0.3395
redemption:0.33925
good soundtrack:0.33375
cool:0.32425
unfunny:0.32175
fight scenes:0.31825
action:0.318
great movie:0.30775
trains:0.30675
plot holes:0.295
nudity (topless - notable):0.29325
justice:0.293
quotable:0.2925
silly:0.292
underdog:0.29075
caper:0.28875
bullying:0.28875
technology:0.282
road movie:0.27825
not funny:0.27775
first contact:0.27675
oscar (best directing):0.2765
sexy:0.2745
cult film:0.27425
pornography:0.27375
entertaining:0.271
slapstick:0.2705
teen movie:0.26625
dumb but funny:0.26625
oscar:0.264
doctors:0.2635
overrated:0.2625
nudity (full frontal - brief):0.26175
so bad it's funny:0.2615
nudity (topless):0.26025
writers:0.25975
suspense:0.25925
fish:0.259
dark hero:0.258
