obsession:0.83
satirical:0.79875
talky:0.767
france:0.7455
art house:0.732
pornography:0.72025
french:0.7015
culture clash:0.6965
criterion:0.66175
stylized:0.66075
eccentricity:0.6535
enigmatic:0.64175
original:0.63675
hotel:0.62125
sexy:0.5865
nudity (full frontal - notable):0.586
nudity (topless - notable):0.57525
erotic:0.55875
nocturnal:0.517
grindhouse:0.5135
silent:0.501
passionate:0.4995
dialogue:0.484
light:0.46575
sexual:0.459
reflective:0.439
very interesting:0.435
runaway:0.43375
catastrophe:0.432
voyeurism:0.4225
quirky:0.42175
intellectual:0.40725
nudity (full frontal):0.40225
paranoia:0.4
cynical:0.395
melancholic:0.38675
mentor:0.382
unusual plot structure:0.37425
stylish:0.366
golden palm:0.365
intimate:0.36425
male nudity:0.36075
entirely dialogue:0.3525
movie business:0.35225
classic car:0.3465
great ending:0.33375
cerebral:0.3245
tokyo:0.3205
paris:0.31875
betrayal:0.30925
satire:0.3065
melancholy:0.304
disturbing:0.30025
adaptation:0.2985
ironic:0.29825
transformation:0.29825
sexualized violence:0.2955
dreamlike:0.2935
clever:0.291
visual:0.28125
art:0.281
unlikely friendships:0.2755
not funny:0.27475
vampire:0.27325
first contact:0.27075
brutality:0.26475
cinematography:0.2635
vengeance:0.26275
writers:0.2625
good soundtrack:0.2625
storytelling:0.25575
justice:0.2555
visually appealing:0.254
breathtaking:0.25025
adapted from:book:0.2385
affectionate:0.23825
bdsm:0.23825
unfunny:0.238
creativity:0.236
loneliness:0.22825
weird:0.22725
great:0.227
artistic:0.222
crime gone awry:0.22175
pointless:0.22075
nudity (full frontal - brief):0.2205
relationships:0.21775
oscar (best directing):0.21725
fantasy world:0.217
life philosophy:0.21525
interesting:0.21375
suprisingly clever:0.21325
harsh:0.2125
lone hero:0.21175
drama:0.21125
remake:0.2095
paranoid:0.209
women:0.2075
meditative:0.204
greed:0.203
