spying:0.9985
espionage:0.99725
robert ludlum:0.9955
assassin:0.9955
spy:0.99275
spies:0.9925
amnesia:0.99175
fast paced:0.98725
conspiracy:0.98525
assassins:0.98125
action:0.981
secrets:0.9765
chase:0.96475
adapted from:book:0.96125
based on a book:0.9575
car chase:0.9565
good action:0.95325
tom clancy:0.948
action packed:0.93975
realistic action:0.9245
thriller:0.92425
assassination:0.91575
based on book:0.9085
pg-13:0.889
cool:0.8885
fight scenes:0.885
excellent:0.8635
hit men:0.85525
entertaining:0.85025
cia:0.8485
survival:0.84575
suspense:0.84425
good:0.8355
mentor:0.833
plot:0.80825
surveillance:0.8015
intense:0.8015
memory loss:0.79075
fighting:0.78925
books:0.776
original:0.7565
exciting:0.7535
good acting:0.74275
vengeance:0.74025
adventure:0.73
twists & turns:0.72925
identity:0.72275
secret service:0.7145
memory:0.71075
great movie:0.70975
great:0.7095
big budget:0.6785
trilogy:0.6785
story:0.6705
adaptation:0.66275
runaway:0.6625
tense:0.64975
book:0.64275
interesting:0.636
violence:0.62575
weapons:0.62525
conspiracy theory:0.61675
hitman:0.6035
very good:0.603
good soundtrack:0.59925
great ending:0.598
plot twist:0.598
scenic:0.597
suspenseful:0.5905
corruption:0.5895
betrayal:0.5895
dialogue:0.58625
book was better:0.58475
paris:0.573
complex:0.57075
stylish:0.56775
beautiful scenery:0.564
visually appealing:0.55925
excellent script:0.558
revenge:0.5445
realistic:0.54025
dark hero:0.53375
intelligent:0.524
cinematography:0.52025
clever:0.5195
better than expected:0.51675
catastrophe:0.50875
lone hero:0.508
original plot:0.50725
fun movie:0.5035
murder:0.4955
guns:0.49325
sexy:0.493
technology:0.48675
storytelling:0.48475
distopia:0.47775
torture:0.4765
oscar winner:0.47275
culture clash:0.4725
cerebral:0.455
