father daughter relationship:0.99775
road trip:0.9705
scotland:0.90825
alcoholism:0.902
cancer:0.8985
great acting:0.84625
relationships:0.8355
road movie:0.8325
original:0.7745
addiction:0.76475
drugs:0.757
drama:0.73225
harsh:0.7315
melancholy:0.70025
redemption:0.6825
male nudity:0.6625
foreign:0.65425
feel-good:0.64925
social commentary:0.648
loneliness:0.64775
dysfunctional family:0.6365
realistic:0.6325
british:0.6325
secrets:0.6235
hospital:0.62325
emotional:0.619
culture clash:0.61425
poignant:0.61225
cinematography:0.611
dialogue:0.60425
good soundtrack:0.5965
dramatic:0.589
independent film:0.58825
exceptional acting:0.5785
bittersweet:0.55875
writers:0.5575
understated:0.5575
pornography:0.54375
good acting:0.541
weird:0.53625
character study:0.5325
bleak:0.52275
london:0.52225
nudity (full frontal - notable):0.5215
entirely dialogue:0.512
enigmatic:0.50775
story:0.5075
depression:0.50675
mentor:0.50175
touching:0.49825
criterion:0.4975
melancholic:0.49625
storytelling:0.4855
dark:0.484
excellent:0.4805
tragedy:0.4795
psychology:0.474
ironic:0.472
reflective:0.467
drug addiction:0.46025
gritty:0.46
pg-13:0.45825
depressing:0.457
feel good movie:0.45275
golden palm:0.44725
honest:0.4425
terminal illness:0.4405
intellectual:0.439
complex characters:0.43675
mental illness:0.4355
transformation:0.4345
oscar:0.43375
great ending:0.428
narrated:0.42575
intimate:0.42475
suprisingly clever:0.4165
parenthood:0.408
family drama:0.40725
catastrophe:0.40675
brutality:0.4065
stylized:0.40575
life philosophy:0.396
moral ambiguity:0.394
downbeat:0.3865
drug abuse:0.3855
obsession:0.3835
talky:0.38225
runaway:0.381
brothers:0.379
multiple storylines:0.37875
dark humor:0.37725
oscar (best foreign language film):0.37625
oil:0.37575
suburbia:0.3745
betrayal:0.36725
family:0.36675
movielens top pick:0.36625
beautifully filmed:0.365
fantasy world:0.36325
not funny:0.36325
