based on a tv show:0.97825
humor:0.9275
cartoon:0.89875
series:0.8735
animation:0.86675
comedy:0.85925
watch the credits:0.85525
humorous:0.8325
funny:0.82475
original:0.822
hilarious:0.808
pg-13:0.767
sarcasm:0.74375
parody:0.74
great ending:0.72675
clever:0.72025
franchise:0.686
crude humor:0.65575
irreverent:0.65475
very funny:0.64925
plot:0.63675
family:0.63525
satire:0.63325
awesome soundtrack:0.6325
quotable:0.585
dialogue:0.58375
catastrophe:0.575
storytelling:0.57375
witty:0.5735
complex:0.5585
weird:0.5545
satirical:0.54275
funny as hell:0.528
great:0.52175
writers:0.52125
television:0.51875
great movie:0.5115
dark hero:0.50775
redemption:0.498
good soundtrack:0.48625
absurd:0.486
good:0.48375
stupidity:0.483
imdb top 250:0.48075
pornography:0.47775
visually appealing:0.465
funniest movies:0.46475
vengeance:0.46475
violence:0.462
computer animation:0.45675
story:0.456
alter ego:0.455
animated:0.44625
social commentary:0.4445
adaptation:0.44425
long:0.439
brutality:0.43275
interesting:0.4245
fast paced:0.42225
dysfunctional family:0.41675
chase:0.41625
destiny:0.411
disappointing:0.40825
better than expected:0.40675
censorship:0.39425
product placement:0.393
shallow:0.39025
mentor:0.38975
betrayal:0.38675
culture clash:0.382
harsh:0.38125
suspense:0.379
creativity:0.3785
exceptional acting:0.3765
highly quotable:0.37625
natural disaster:0.372
too long:0.371
superheroes:0.3685
visually stunning:0.36825
drinking:0.3615
affectionate:0.3595
visual:0.3595
unfunny:0.358
revenge:0.3565
stylized:0.35325
silly:0.35275
suprisingly clever:0.35175
life philosophy:0.3515
predictable:0.3515
twists & turns:0.3485
slapstick:0.3485
sexualized violence:0.34375
intense:0.34325
light:0.34175
entertaining:0.34075
talky:0.337
justice:0.336
multiple storylines:0.33575
fun:0.33525
secrets:0.33375
