teen movie:0.932
college:0.8575
good soundtrack:0.822
teen:0.81175
predictable:0.78775
romance:0.72325
original:0.70175
romantic comedy:0.70075
teens:0.69775
stereotypes:0.68025
goth:0.6585
romantic:0.644
road trip:0.6255
comedy:0.6215
geek:0.58525
great ending:0.5745
high school:0.574
feel-good:0.52375
shallow:0.50025
mentor:0.49725
homeless:0.476
pointless:0.47175
feel good movie:0.46425
love story:0.4625
small town:0.46075
life philosophy:0.4525
lame:0.435
fun movie:0.435
geeks:0.429
better than expected:0.4205
goofy:0.41925
girlie movie:0.41425
brutality:0.41125
unfunny:0.401
catastrophe:0.39325
cute!:0.3865
bad plot:0.374
drinking:0.37375
weed:0.3685
funny:0.36725
dialogue:0.36175
good:0.36025
cute:0.35875
so bad it's funny:0.35675
teenagers:0.35575
first contact:0.35375
pg-13:0.3505
idiotic:0.34825
storytelling:0.348
destiny:0.3425
very funny:0.33875
writers:0.338
slackers:0.33725
overrated:0.33725
new york city:0.331
great:0.32325
bad:0.32275
light:0.317
remake:0.3165
adaptation:0.315
not funny:0.315
vengeance:0.31475
pornography:0.31425
happy ending:0.31375
great acting:0.31175
stupid:0.311
fight scenes:0.309
multiple storylines:0.3045
story:0.30225
family:0.30075
shopping:0.29925
good dialogue:0.29825
horrible:0.29325
slapstick:0.2915
revenge:0.29125
runaway:0.28925
drama:0.288
redemption:0.28775
chick flick:0.28475
fantasy world:0.28325
friendship:0.28
stupid as hell:0.276
lone hero:0.2755
unrealistic:0.27525
sweet:0.2745
honest:0.2685
culture clash:0.26725
quirky:0.26725
new jersey:0.26425
fun:0.2625
camp:0.25575
sexualized violence:0.25475
women:0.25425
unlikely friendships:0.2535
beer:0.25
entirely dialogue:0.24975
entertaining:0.2485
bad acting:0.2485
teenager:0.2485
disaster:0.24675
