world war ii:0.99325
wwii:0.99
submarine:0.98175
action:0.95975
wartime:0.95875
historical:0.91125
us history:0.9065
nazis:0.89825
best war films:0.894
germany:0.89075
war:0.87875
german:0.86875
history:0.85325
factual:0.8455
true story:0.836
big budget:0.8355
story:0.8275
suspense:0.804
sacrifice:0.7885
based on true story:0.78375
special effects:0.77475
courage:0.75475
unrealistic:0.74575
pg-13:0.73825
intense:0.7345
survival:0.734
good:0.72375
dialogue:0.7215
dramatic:0.718
good action:0.71625
tom clancy:0.712
boat:0.7055
action packed:0.7
catastrophe:0.6835
war movie:0.676
stranded:0.6635
original:0.66175
adventure:0.6435
propaganda:0.62075
realistic action:0.617
nazi:0.6055
plot:0.60375
entertaining:0.60225
tense:0.59275
explosions:0.5905
mentor:0.5875
espionage:0.58575
based on a true story:0.58375
natural disaster:0.577
weapons:0.5755
great ending:0.571
predictable:0.558
script:0.553
chase:0.54975
fast paced:0.543
realistic:0.53775
stereotypes:0.52375
drama:0.52275
betrayal:0.5205
good acting:0.51925
claustrophobic:0.516
great:0.508
ocean:0.50675
exciting:0.504
better than expected:0.493
bombs:0.488
prison escape:0.48625
end of the world:0.47975
great movie:0.472
beautiful scenery:0.47125
forceful:0.46925
suspenseful:0.4665
military:0.461
dynamic cgi action:0.46025
excellent:0.457
british:0.43375
culture clash:0.4265
thriller:0.42575
secret service:0.422
very good:0.42025
lone hero:0.41875
destiny:0.41875
twists & turns:0.418
runaway:0.41375
silly fun:0.412
storytelling:0.4095
enormously long battle scene:0.40825
fight scenes:0.40075
vengeance:0.39725
shallow:0.39675
fighting:0.3865
torture:0.379
secrets:0.3765
first contact:0.3705
great acting:0.3705
segregation:0.36975
not funny:0.36675
surveillance:0.364
oscar (best sound):0.364
visually stunning:0.3635
