good action:0.94975
action:0.94625
action packed:0.83625
fight scenes:0.74575
fast paced:0.71775
big budget:0.70075
chase:0.69375
nudity (topless - brief):0.68575
vengeance:0.683
buddy movie:0.66875
original:0.65975
brothers:0.63575
bad plot:0.5865
entertaining:0.56125
dialogue:0.54975
lone hero:0.54075
good:0.538
train:0.537
mentor:0.52875
predictable:0.52825
sexy:0.5095
cool:0.49675
nudity (rear):0.481
heist:0.472
money:0.4655
gangsters:0.451
fun movie:0.44775
car chase:0.4305
catastrophe:0.4085
great ending:0.40425
bad acting:0.3825
great acting:0.372
life philosophy:0.3685
great:0.36625
shallow:0.36525
comedy:0.36475
destiny:0.35625
corruption:0.347
story:0.34575
so bad it's funny:0.34225
revenge:0.34125
silly fun:0.34075
not funny:0.3345
entirely dialogue:0.33275
explosions:0.33175
nudity (full frontal - brief):0.3315
pg-13:0.33025
disaster:0.3225
first contact:0.31625
lame:0.3155
runaway:0.3105
script:0.30725
good soundtrack:0.30525
happy ending:0.30375
intense:0.301
family:0.2985
adaptation:0.291
justice:0.291
new york:0.2855
storytelling:0.2845
very good:0.28425
betrayal:0.283
overrated:0.28075
culture clash:0.2795
ridiculous:0.27825
franchise:0.278
greed:0.2755
suspense:0.27475
fun:0.2745
natural disaster:0.269
transformation:0.26825
bad cgi:0.268
police investigation:0.265
goofy:0.25925
mad scientist:0.2585
superheroes:0.2545
brutality:0.25375
childhood:0.25375
complex:0.253
melancholic:0.253
women:0.252
twists & turns:0.248
fantasy world:0.24525
quirky:0.2445
clever:0.242
romantic:0.24125
factual:0.24125
special effects:0.23975
bank robbery:0.23725
very funny:0.2365
redemption:0.236
unfunny:0.23425
hitman:0.23425
realistic action:0.23275
drama:0.23275
thriller:0.2305
arms dealer:0.23
twist ending:0.2255
assassination:0.221
excellent script:0.219
