criterion:0.992
surreal:0.972
surrealism:0.95425
art:0.8645
weird:0.82375
enigmatic:0.82125
dreams:0.808
masterpiece:0.7745
golden palm:0.762
talky:0.7575
artistic:0.757
reflective:0.75375
dreamlike:0.69925
runaway:0.69675
artist:0.6795
sexual:0.66325
erotic:0.66075
silent:0.65825
disturbing:0.6565
original:0.6555
fascism:0.64275
bleak:0.63275
breathtaking:0.631
insanity:0.62975
existentialism:0.611
cerebral:0.6065
rome:0.59825
satirical:0.5945
meditative:0.57825
pornography:0.564
cinematography:0.55575
downbeat:0.54425
childhood:0.54275
literary adaptation:0.542
imagination:0.535
intellectual:0.5325
intimate:0.52975
visually appealing:0.51525
bizarre:0.5145
art house:0.514
obsession:0.50925
melancholic:0.5065
black and white:0.5055
allegory:0.5005
controversial:0.497
melancholy:0.49325
nudity (full frontal - notable):0.4855
suprisingly clever:0.4805
unusual plot structure:0.479
strange:0.47775
stylized:0.477
oscar (best foreign language film):0.45025
creativity:0.447
absurd:0.445
1930s:0.43575
lynch:0.42775
life philosophy:0.4195
catastrophe:0.41425
tricky:0.4075
brutality:0.40475
visual:0.38275
non-linear:0.3805
storytelling:0.37775
hallucinatory:0.37625
beautifully filmed:0.37525
visceral:0.3685
imdb top 250:0.36325
aging:0.3595
spanish:0.3575
great ending:0.35375
affectionate:0.35375
atmospheric:0.35375
dialogue:0.35325
stoner movie:0.35275
social commentary:0.34675
harsh:0.34325
psychological:0.34125
police investigation:0.33975
passionate:0.337
mentor:0.33125
loneliness:0.31
pretentious:0.30775
artsy:0.30725
life & death:0.30375
cynical:0.3035
greed:0.2995
religion:0.298
hotel:0.29575
not funny:0.2945
oscar (best supporting actress):0.2925
paranoid:0.292
twists & turns:0.2915
distopia:0.29075
1920s:0.28825
poetry:0.28725
adaptation:0.2845
catholicism:0.28225
good soundtrack:0.28075
very interesting:0.28025
long:0.2795
