australian:0.957
cult classic:0.8635
australia:0.8625
melancholic:0.83275
hit men:0.819
original:0.7595
solitude:0.73625
black comedy:0.72625
enigmatic:0.70175
off-beat comedy:0.69275
gunfight:0.65975
cinematography:0.653
working class:0.644
visually appealing:0.59975
drinking:0.581
surreal:0.539
funny:0.53875
very funny:0.52475
sexy:0.52175
fantasy world:0.5115
great:0.50825
nudity (full frontal - notable):0.50575
comedy:0.49525
anti-hero:0.49375
weird:0.48125
80s:0.47675
irreverent:0.47625
psychiatry:0.4745
mentor:0.47225
california:0.46875
hilarious:0.4615
sexualized violence:0.4525
goofy:0.44375
brutality:0.443
meditative:0.437
melancholy:0.4325
dark humor:0.432
nudity (topless - notable):0.42625
great ending:0.42525
catastrophe:0.41425
pornography:0.413
nocturnal:0.41025
camp:0.4075
culture clash:0.399
absurd:0.3985
fight scenes:0.3955
life philosophy:0.39525
crude humor:0.395
adapted from:book:0.39425
nudity (topless):0.394
great movie:0.388
immortality:0.38625
trilogy:0.383
stoner movie:0.38175
cult film:0.38025
character study:0.379
distopia:0.37575
death:0.368
ireland:0.368
male nudity:0.36675
visual:0.36225
jesus:0.35875
deadpan:0.35825
parody:0.35075
memory:0.345
quirky:0.33725
relationships:0.33675
funny as hell:0.33625
irish accent:0.33175
unlikeable characters:0.33075
dialogue:0.33
obsession:0.3295
eccentricity:0.3295
dark comedy:0.32625
hitman:0.32575
secrets:0.3255
hard to watch:0.3245
suprisingly clever:0.3195
photography:0.31725
books:0.31625
humorous:0.31525
queer:0.313
satirical:0.31075
clever:0.30975
existentialism:0.30575
grim:0.30475
prejudice:0.298
drama:0.295
blaxploitation:0.2915
dreams:0.291
criterion:0.2905
road movie:0.28775
nudity (full frontal):0.286
drugs:0.28475
loneliness:0.28275
mad scientist:0.28125
romance:0.281
visually stunning:0.27925
atmospheric:0.27775
british:0.27325
