based on a book:0.97525
relationships:0.92175
chick flick:0.8315
life philosophy:0.8105
love story:0.69075
girlie movie:0.68575
original:0.652
love:0.63225
romantic:0.626
predictable:0.57925
romance:0.566
beautiful scenery:0.565
shallow:0.5495
destiny:0.54875
happy ending:0.5405
books:0.5365
shopping:0.52575
inspirational:0.5215
divorce:0.51875
based on book:0.51125
romantic comedy:0.5105
adaptation:0.4905
adapted from:book:0.48175
catastrophe:0.45025
women:0.447
feel good movie:0.4405
life:0.42875
mentor:0.4205
so bad it's funny:0.41575
marriage:0.41525
italy:0.41325
fantasy world:0.396
transformation:0.3905
natural disaster:0.39025
rome:0.36075
book:0.35725
not funny:0.35575
book was better:0.355
dialogue:0.3535
great ending:0.352
stereotypes:0.33925
cinematography:0.33725
writers:0.33375
adventure:0.3285
pg-13:0.32775
family:0.32425
travel:0.3195
emotional:0.314
bad plot:0.31275
melancholic:0.31125
loneliness:0.3075
touching:0.2985
feel-good:0.29775
pornography:0.29575
first contact:0.29525
indians:0.29225
passionate:0.2905
good soundtrack:0.28975
homeless:0.2885
too long:0.28725
storytelling:0.28725
courage:0.28675
redemption:0.28475
drinking:0.281
midlife crisis:0.2795
india:0.27675
story:0.276
runaway:0.27525
tear jerker:0.2695
depression:0.26575
boring!:0.2625
great:0.262
god:0.26175
culture clash:0.2605
road movie:0.25925
self discovery:0.25375
unlikely friendships:0.25325
true story:0.252
overrated:0.248
scenic:0.2435
weird:0.24325
fight scenes:0.243
lone hero:0.24275
crude humor:0.24225
oscar (best actress):0.242
good:0.238
boring:0.23725
better than expected:0.237
bad cgi:0.235
multiple storylines:0.23475
brutality:0.234
visually appealing:0.23175
justice:0.23075
existentialism:0.229
unfunny:0.22825
slapstick:0.22825
quirky:0.22775
cancer:0.22675
entirely dialogue:0.22625
meditative:0.22275
