allegory:0.9865
science fiction:0.9835
sci-fi:0.97375
alien:0.9575
paranoia:0.95675
tense:0.9535
paranoid:0.9485
aliens:0.9365
scifi:0.932
classic:0.92575
sci fi:0.92175
ominous:0.90475
1950s:0.89825
scary:0.898
creepy:0.8835
suspenseful:0.87675
horror:0.86175
suspense:0.828
alien invasion:0.82375
cerebral:0.812
brainwashing:0.80775
original:0.80625
frightening:0.80475
imdb top 250:0.80125
black and white:0.76975
clones:0.7555
noir thriller:0.7425
end of the world:0.74025
small town:0.7335
downbeat:0.72375
special effects:0.71425
masterpiece:0.70825
cult classic:0.703
great ending:0.699
transformation:0.69025
atmospheric:0.68875
low budget:0.68675
doctors:0.68475
mars:0.68275
first contact:0.67275
intelligent sci-fi:0.672
eerie:0.65575
story:0.64725
good acting:0.64425
grim:0.6425
claustrophobic:0.634
effects:0.6335
space:0.6275
social commentary:0.626
visually appealing:0.62175
criterion:0.61525
monster:0.615
forceful:0.61475
afi 100:0.61175
california:0.602
humanity:0.59975
communism:0.59875
cold war:0.58375
catastrophe:0.5665
suprisingly clever:0.56475
dialogue:0.554
original plot:0.5445
greed:0.54025
mad scientist:0.53625
weird:0.5285
remade:0.52625
talky:0.52575
cinematography:0.52325
enigmatic:0.519
narrated:0.5185
great acting:0.5105
storytelling:0.50125
moral ambiguity:0.4905
world politics:0.48725
beautiful scenery:0.48425
cloning:0.47175
hospital:0.4675
macabre:0.46675
oscar (best directing):0.4605
harsh:0.4525
identity:0.45025
so bad it's funny:0.44625
thriller:0.4435
light:0.4375
interesting:0.43025
good:0.4275
sacrifice:0.4165
great:0.41625
psychiatrist:0.41225
existentialism:0.4055
weapons:0.40475
clever:0.404
intellectual:0.403
cynical:0.3975
unusual plot structure:0.3975
betrayal:0.38975
psychological:0.3875
culture clash:0.38725
not funny:0.3845
futuristic:0.38375
