criterion:0.947
sexy:0.75975
runaway:0.69925
original:0.673
oscar (best actress):0.6485
talky:0.646
oscar (best directing):0.628
redemption:0.60825
great ending:0.605
enigmatic:0.59825
culture clash:0.58575
great movie:0.57925
cinematography:0.56825
unusual plot structure:0.56675
classic:0.54975
adventure:0.5395
affectionate:0.52525
secrets:0.52225
storytelling:0.521
atmospheric:0.51975
oscar (best supporting actress):0.517
great acting:0.5165
gangsters:0.50375
intimate:0.50225
great:0.49875
police investigation:0.4895
cynical:0.486
jungle:0.47575
romantic:0.46925
greed:0.46625
gangster:0.4645
imdb top 250:0.46325
dialogue:0.461
catastrophe:0.45225
guilt:0.4495
suprisingly clever:0.44425
spanish:0.4435
good soundtrack:0.44225
based on a play:0.4365
melancholy:0.43075
mentor:0.4265
melancholic:0.4215
beautiful scenery:0.41925
good acting:0.417
love:0.41125
interesting:0.4095
fun movie:0.408
crime gone awry:0.405
women:0.40325
entertaining:0.40325
obsession:0.40225
1930s:0.39725
drama:0.39625
character study:0.3905
entirely dialogue:0.3905
adapted from:book:0.389
cerebral:0.388
witty:0.38675
good:0.3805
transformation:0.3715
clever:0.3705
california:0.36375
betrayal:0.36225
twists & turns:0.36175
oscar (best supporting actor):0.36
very good:0.3595
south america:0.35825
not funny:0.34875
story:0.3435
downbeat:0.3405
adaptation:0.34025
pornography:0.3375
classic car:0.33575
passionate:0.331
investigation:0.33
golden palm:0.329
dramatic:0.32525
morality:0.31825
tragedy:0.3165
nudity (full frontal - brief):0.31575
social commentary:0.314
harsh:0.313
movielens top pick:0.31025
weird:0.30625
very interesting:0.3025
small town:0.302
adoption:0.30125
forceful:0.29975
photography:0.2995
complex:0.29875
idealism:0.29825
screwball:0.296
screwball comedy:0.29575
brutality:0.2955
hotel:0.29
excellent:0.28875
special effects:0.28475
immortality:0.2815
adultery:0.27725
relationships:0.27425
