rock and roll:0.995
biopic:0.97575
musicians:0.9435
music:0.90525
biography:0.828
great music:0.8075
original:0.7195
musical:0.66475
pornography:0.664
good music:0.6625
music business:0.655
good soundtrack:0.63475
good:0.61825
based on book:0.59525
biographical:0.58325
based on a book:0.57975
hip hop:0.56025
jazz:0.55075
mentor:0.53775
radio:0.5365
great:0.486
creativity:0.45775
runaway:0.4545
great ending:0.45
alternate universe:0.43225
catastrophe:0.4215
whimsical:0.41975
life:0.41825
great acting:0.412
twists & turns:0.3965
culture clash:0.3915
predictable:0.388
quirky:0.37725
fantasy world:0.37125
buddy movie:0.35775
nudity (full frontal - notable):0.35725
destiny:0.35625
story:0.35375
entertaining:0.348
nudity (topless - notable):0.3445
writers:0.34425
adaptation:0.34175
great movie:0.3415
nudity (full frontal - brief):0.33575
1980s:0.3345
drama:0.3325
not funny:0.32925
dialogue:0.32775
slapstick:0.3275
storytelling:0.32325
dancing:0.323
harsh:0.31975
nostalgic:0.31675
foul language:0.31625
redemption:0.31425
passionate:0.3125
affectionate:0.30975
romance:0.30925
classic car:0.3085
cult classic:0.3065
family:0.30325
justice:0.30275
brutality:0.302
melancholic:0.30075
new jersey:0.29975
violence:0.29975
childhood:0.29825
oscar (best directing):0.2955
greed:0.2945
fun movie:0.29275
excellent:0.29025
honest:0.28825
light:0.2865
cerebral:0.2845
transformation:0.28225
bad plot:0.28175
very good:0.2805
crazy:0.28025
lone hero:0.27925
revenge:0.27825
pg-13:0.277
corruption:0.2745
high school:0.272
weird:0.2715
exceptional acting:0.27075
unfunny:0.27
road movie:0.2645
first contact:0.26425
adapted from:book:0.26275
scary:0.26225
complex:0.2615
excellent script:0.25975
sexy:0.259
very interesting:0.258
gangsters:0.25675
life philosophy:0.25625
devil:0.256
teen movie:0.2555
artist:0.2555
fantasy:0.25325
