crime:0.962
loneliness:0.93725
drama:0.932
childhood:0.90275
police investigation:0.891
brutality:0.86775
mafia:0.84225
weird:0.83225
tragedy:0.8145
storytelling:0.805
adolescence:0.78975
cinematography:0.78875
foreign:0.7855
original:0.7805
independent film:0.75525
social commentary:0.74675
violence:0.745
brutal:0.7355
drugs:0.7315
bleak:0.726
redemption:0.71075
dramatic:0.70375
destiny:0.6875
melancholic:0.68125
greed:0.6565
stylized:0.64825
off-beat comedy:0.63475
character study:0.6325
gangsters:0.6275
criterion:0.62675
life & death:0.61725
disturbing:0.60675
revenge:0.60475
intense:0.5985
psychology:0.598
mentor:0.59175
culture clash:0.5875
gunfight:0.582
oscar (best foreign language film):0.58175
heartbreaking:0.576
good soundtrack:0.55725
dark:0.54825
complex:0.54325
drinking:0.54225
emotional:0.5395
runaway:0.53725
indie:0.52275
mob:0.51775
allegory:0.5155
clever:0.51225
corruption:0.50425
enigmatic:0.50375
solitude:0.50275
story:0.49925
undercover cop:0.49475
depression:0.4935
spanish:0.48975
gritty:0.48675
great acting:0.48225
exceptional acting:0.4785
obsession:0.47175
vengeance:0.47175
masterpiece:0.47175
friendship:0.46825
cerebral:0.46375
narrated:0.45975
unusual plot structure:0.45725
betrayal:0.4565
oscar:0.45225
great ending:0.4505
mental illness:0.44375
talky:0.442
guilt:0.44175
directorial debut:0.44075
flashbacks:0.43725
melancholy:0.4355
suicide:0.42975
suprisingly clever:0.42875
justice:0.42275
catastrophe:0.41025
violent:0.41
addiction:0.4075
golden palm:0.3835
movielens top pick:0.38275
surreal:0.37675
existentialism:0.373
entirely dialogue:0.3715
dark humor:0.37
visually stunning:0.36775
artistic:0.3645
crime gone awry:0.36175
bittersweet:0.34675
not funny:0.3465
feel-good:0.3415
pornography:0.3395
imdb top 250:0.338
intimate:0.337
quirky:0.3285
ethnic conflict:0.3285
visual:0.32775
