splatter:0.98625
horror:0.9775
hospital:0.7955
cult film:0.79375
supernatural:0.791
slasher:0.78975
80s:0.77075
bloody:0.76675
psychiatry:0.7495
gory:0.74725
original:0.7265
death:0.726
cult:0.718
dreams:0.68625
twist ending:0.68275
cult classic:0.6745
franchise:0.67275
teen movie:0.67125
unusual plot structure:0.66475
teens:0.6385
creepy:0.60125
predictable:0.57825
scary:0.56975
goretastic:0.5695
suicide:0.561
blood:0.553
brutality:0.54275
nudity (topless):0.51825
mentor:0.503
stylish:0.496
gruesome:0.494
campy:0.48175
camp:0.47325
teen:0.466
weird:0.463
grindhouse:0.457
effects:0.4565
revenge:0.456
amy smart:0.452
violence:0.45175
made for tv:0.4445
life & death:0.44375
great ending:0.442
first contact:0.42325
quirky:0.417
fantasy:0.4105
mad scientist:0.41025
surreal:0.4075
sports:0.39675
classic car:0.396
catastrophe:0.39475
fantasy world:0.3915
so bad it's funny:0.39025
demons:0.38925
psychological:0.38325
fun movie:0.38175
transformation:0.376
psychiatrist:0.375
sexualized violence:0.37125
not funny:0.371
special effects:0.3695
macabre:0.3675
suspense:0.365
adaptation:0.3615
goofy:0.34825
mental hospital:0.346
dialogue:0.34275
insanity:0.34
bad plot:0.33825
doctors:0.33425
psychology:0.33175
monster:0.33175
lone hero:0.32975
cool:0.32825
creativity:0.32625
storytelling:0.3185
high school:0.3185
crazy:0.3165
visceral:0.31125
dreamlike:0.31025
spiders:0.3065
zombie:0.3045
chase:0.30375
story:0.3035
stupid as hell:0.302
childhood:0.29925
weapons:0.29675
ghosts:0.29575
vengeance:0.2945
original plot:0.2945
pg-13:0.2905
underrated:0.28525
overrated:0.284
entirely dialogue:0.2835
good dialogue:0.2805
violent:0.27975
bad cgi:0.2775
murder:0.275
dark hero:0.273
dark humor:0.2725
