cold war:0.96075
comedy:0.951
germany:0.93775
farce:0.89325
berlin:0.893
fast paced:0.87275
based on a play:0.87225
screwball comedy:0.86375
screwball:0.859
funny as hell:0.814
east germany:0.77625
imdb top 250:0.7585
satirical:0.74225
criterion:0.74075
witty:0.735
satire:0.73275
hilarious:0.72425
politics:0.724
original:0.7065
funny:0.7035
german:0.69475
forceful:0.67725
dialogue:0.66325
tokyo:0.66225
political:0.66125
drinking:0.657
classic:0.65575
runaway:0.6525
oscar (best actress):0.635
talky:0.631
clever:0.623
capitalism:0.61775
secrets:0.61575
suprisingly clever:0.5945
japan:0.59075
social commentary:0.589
black and white:0.58875
very funny:0.58575
culture clash:0.5795
crime gone awry:0.5795
dramatic:0.57825
oscar (best supporting actress):0.571
tense:0.5705
greed:0.56325
masterpiece:0.5585
gangsters:0.5505
spying:0.5445
communism:0.542
great:0.5375
great movie:0.53475
grim:0.533
idealism:0.52875
assassination:0.52575
corruption:0.52475
movielens top pick:0.521
funniest movies:0.5165
harsh:0.49425
great dialogue:0.49
fascism:0.48975
storytelling:0.48625
1930s:0.48175
cinematography:0.4795
gunfight:0.479
great ending:0.47625
sexy:0.474
great acting:0.47075
narrated:0.469
adaptation:0.4635
nazis:0.45925
ironic:0.4565
stylized:0.456
sarcasm:0.4555
story:0.45375
transformation:0.4475
oscar (best foreign language film):0.443
oscar (best directing):0.43925
fun movie:0.437
foreign:0.43625
wartime:0.431
chase:0.4305
entirely dialogue:0.43
unusual plot structure:0.4285
breathtaking:0.42825
melancholic:0.4105
cynical:0.41
biting:0.40925
mentor:0.4085
paranoid:0.40625
russian:0.404
brutality:0.401
stereotypes:0.3995
humorous:0.3985
quotable:0.3985
atmospheric:0.39825
nocturnal:0.39775
enigmatic:0.39525
hotel:0.3935
adapted from:book:0.393
catastrophe:0.3925
light:0.39225
