splatter:0.9865
gory:0.91325
mad scientist:0.885
horror:0.86725
original:0.8245
bloody:0.8185
zombie:0.80925
prison:0.732
gore:0.6925
brutality:0.67325
zombies:0.66475
mentor:0.663
cult classic:0.61
transformation:0.5425
irish accent:0.53725
great ending:0.52125
good sequel:0.51475
gruesome:0.51225
sequels:0.4935
doctors:0.49125
monster:0.48275
survival:0.476
rats:0.458
death:0.4575
macabre:0.45
nudity (topless):0.43
dialogue:0.419
dark humor:0.41525
insanity:0.41325
demons:0.41225
violence:0.4105
catastrophe:0.41
pointless:0.40025
great:0.39925
franchise:0.39775
fight scenes:0.39375
sequel:0.3915
blood:0.3865
good soundtrack:0.38175
cult film:0.37875
predictable:0.37675
not funny:0.37125
stylized:0.37075
storytelling:0.35225
pornography:0.34975
hospital:0.34475
special effects:0.341
vengeance:0.34075
adaptation:0.3405
good dialogue:0.33875
life philosophy:0.3375
monsters:0.3375
so bad it's funny:0.32925
campy:0.328
revenge:0.3265
silly:0.316
fun:0.31575
good:0.3135
anti-hero:0.3095
immortality:0.3095
fun movie:0.304
entirely dialogue:0.302
sexy:0.298
goofy:0.297
corruption:0.2895
life & death:0.286
justice:0.282
drinking:0.28025
satirical:0.28
clever:0.2795
effects:0.278
cool:0.277
sexualized violence:0.277
rebellion:0.27425
suprisingly clever:0.27175
violent:0.2695
great movie:0.268
runaway:0.26575
wilderness:0.26525
first contact:0.26275
melancholic:0.26275
story:0.262
chase:0.26175
grindhouse:0.261
80s:0.26
suspense:0.2555
atmospheric:0.2535
humorous:0.25325
dark hero:0.25075
weird:0.24825
destiny:0.24775
quirky:0.2465
cult:0.2465
humor:0.24625
bad acting:0.2455
action packed:0.24225
psychological:0.238
scary:0.23675
crime gone awry:0.23625
claustrophobic:0.2355
