criterion:0.9705
surrealism:0.9585
social commentary:0.95225
cerebral:0.93475
cynical:0.9345
surreal:0.924
weird:0.9105
satire:0.91025
satirical:0.897
allegory:0.8965
enigmatic:0.891
masterpiece:0.86775
existentialism:0.8465
affectionate:0.8255
imdb top 250:0.81025
reflective:0.798
golden palm:0.7965
obsession:0.79525
talky:0.79125
black and white:0.77775
oscar (best foreign language film):0.76575
melancholic:0.75175
bleak:0.7515
loneliness:0.7475
deadpan:0.746
spanish:0.73675
greed:0.70475
melancholy:0.68575
dreamlike:0.68275
visually appealing:0.68125
life philosophy:0.679
absurd:0.67425
biting:0.673
meditative:0.67125
strange:0.66475
downbeat:0.6635
intimate:0.66
disturbing:0.65425
paranoia:0.65025
original:0.6465
cinematography:0.612
philosophical:0.6105
storytelling:0.6075
unusual plot structure:0.60325
ironic:0.60025
atmospheric:0.59975
insanity:0.5925
harsh:0.58525
dark humor:0.58175
narrated:0.5675
movielens top pick:0.56525
psychological:0.5605
dialogue:0.5535
grim:0.553
thought-provoking:0.549
lynch:0.54675
free to download:0.5455
artsy:0.54425
tense:0.53225
pornography:0.5315
stylized:0.52925
fighting the system:0.5255
runaway:0.52
intellectual:0.52
philosophy:0.51925
irreverent:0.519
very interesting:0.514
breathtaking:0.51125
forceful:0.511
drinking:0.509
hotel:0.503
bizarre:0.5
black comedy:0.49825
art:0.48875
entirely dialogue:0.4885
artistic:0.48425
art house:0.484
political:0.4815
witty:0.481
distopia:0.47725
suprisingly clever:0.4765
isolation:0.4745
off-beat comedy:0.4665
idealism:0.46325
oscar (best directing):0.4545
paranoid:0.45075
corruption:0.4435
censorship:0.43975
god:0.439
visual:0.43625
spain:0.43575
great acting:0.42725
visceral:0.427
surveillance:0.4265
catastrophe:0.42575
psychology:0.41925
dreams:0.416
claustrophobic:0.41425
sacrifice:0.41125
non-linear:0.4075
