espionage:0.994
criterion:0.95125
surveillance:0.9175
spying:0.91325
noir:0.897
wartime:0.8935
black and white:0.8925
hitchcock:0.884
nazis:0.879
spy:0.8775
germany:0.84575
film noir:0.84425
spies:0.83975
enigmatic:0.8305
betrayal:0.81425
original:0.80875
visual:0.78775
talky:0.7865
secrets:0.77625
bleak:0.77425
runaway:0.772
dark:0.76125
greed:0.7555
harsh:0.73275
atmospheric:0.7315
mystery:0.73125
stylized:0.7085
murder:0.70375
nocturnal:0.69775
tense:0.69675
cinematography:0.69625
cerebral:0.683
propaganda:0.655
visually appealing:0.65175
london:0.6515
psychological:0.65075
adapted from:book:0.64875
police investigation:0.639
clever:0.6255
1930s:0.6205
wwii:0.62
nazi:0.6085
suspense:0.59475
sexy:0.58925
dialogue:0.5835
downbeat:0.5805
tragedy:0.57875
pornography:0.57525
light:0.56475
melancholic:0.55975
adaptation:0.5595
moody:0.55675
scotland:0.5565
complex:0.5485
detective:0.54675
world war ii:0.544
alter ego:0.53475
investigation:0.531
melancholy:0.52775
unusual plot structure:0.5255
conspiracy:0.525
hotel:0.5245
assassination:0.52375
brutality:0.51525
british:0.513
golden palm:0.513
queer:0.512
intimate:0.51025
great ending:0.50275
allegory:0.4955
ominous:0.49025
paranoid:0.4875
reflective:0.48675
quirky:0.48625
books:0.47425
very interesting:0.471
literary adaptation:0.471
twists & turns:0.4695
noir thriller:0.4685
amazing photography:0.46625
weapons:0.4645
forceful:0.45825
cynical:0.454
entirely dialogue:0.4535
based on a book:0.4535
storytelling:0.44775
bombs:0.44675
doctors:0.446
claustrophobic:0.446
catastrophe:0.44475
character study:0.44275
good:0.4415
german:0.4415
nudity (full frontal - brief):0.4405
breathtaking:0.43975
trains:0.43025
existentialism:0.428
oscar (best supporting actress):0.4275
good soundtrack:0.4255
confusing:0.42475
