french:0.78025
adultery:0.779
relationships:0.761
marriage:0.727
france:0.71325
obsession:0.67825
very interesting:0.65775
original:0.64625
farce:0.62925
pornography:0.6265
sexy:0.62025
pregnancy:0.607
london:0.564
happy ending:0.5575
nudity (topless):0.55275
nudity (full frontal - notable):0.5215
paranoia:0.50625
romantic:0.497
nudity (full frontal - brief):0.48975
criterion:0.47575
male nudity:0.47225
art:0.4545
romantic comedy:0.454
melancholic:0.447
infidelity:0.442
writers:0.4395
israel:0.4365
destiny:0.4235
romance:0.42275
beautiful scenery:0.4095
catastrophe:0.409
foreign:0.4065
whimsical:0.39675
identity:0.3935
paris:0.3835
guilt:0.38275
cheating:0.38025
adaptation:0.37
suprisingly clever:0.36825
complex:0.3645
sexualized violence:0.3635
storytelling:0.3615
intimate:0.35575
enigmatic:0.34975
talky:0.34325
runaway:0.3425
wistful:0.3375
jewish:0.3375
internet:0.33675
brutality:0.336
great ending:0.332
mentor:0.32475
dialogue:0.32375
spanish:0.31775
entirely dialogue:0.31775
not funny:0.31675
erotic:0.314
secrets:0.31375
chick flick:0.30975
grindhouse:0.29975
good soundtrack:0.298
nudity (topless - notable):0.29725
divorce:0.29575
fight scenes:0.29525
voyeurism:0.294
paranoid:0.29125
life & death:0.29075
transformation:0.28825
very funny:0.286
life philosophy:0.28
hospital:0.27975
passionate:0.2655
women:0.26225
first contact:0.26025
so bad it's funny:0.25575
predictable:0.2555
melancholy:0.25525
unfunny:0.2535
fantasy world:0.25325
clones:0.25
workplace:0.23575
police investigation:0.23475
existentialism:0.234
love:0.233
conspiracy:0.233
loneliness:0.23225
reflective:0.231
psychological:0.22975
lone hero:0.2295
culture clash:0.2265
stylized:0.2205
absurd:0.22
clever:0.21925
greed:0.2175
british:0.21725
cerebral:0.2165
visually appealing:0.21625
boring!:0.21475
beautiful:0.2145
pointless:0.21425
