dog:0.99125
criterion:0.94
dogs:0.89575
controversial:0.8675
cult classic:0.789
obsession:0.7685
creepy:0.75775
brutality:0.725
tense:0.71525
racism:0.705
downbeat:0.69025
very interesting:0.689
disturbing:0.663
brainwashing:0.6615
original:0.64575
gruesome:0.6005
violent:0.5875
melancholic:0.58275
chase:0.57025
grindhouse:0.5605
horror:0.5445
nudity (full frontal - notable):0.52825
segregation:0.5255
serial killer:0.5205
visceral:0.51875
suspenseful:0.5185
sexualized violence:0.5185
affectionate:0.48175
enigmatic:0.481
suspense:0.47075
mad scientist:0.469
weird:0.4685
paranoid:0.46475
biting:0.46025
underrated:0.43325
dialogue:0.42375
catastrophe:0.42125
pornography:0.41925
cult film:0.418
so bad it's funny:0.418
runaway:0.40925
ominous:0.401
claustrophobic:0.39875
splatter:0.39575
mentor:0.38775
demons:0.38525
hard to watch:0.38475
stylized:0.38225
animal movie:0.37875
atmospheric:0.377
harsh:0.3645
greed:0.36175
macabre:0.357
scary:0.35575
great ending:0.35025
good action:0.34775
effects:0.3405
stupidity:0.33975
gory:0.33625
animals:0.33275
bdsm:0.3305
corruption:0.32525
police investigation:0.3245
california:0.324
allegory:0.32325
ironic:0.323
grim:0.31975
suprisingly clever:0.31525
murder:0.31525
hotel:0.31
low budget:0.30975
intimate:0.30725
goofy:0.305
not funny:0.3045
thought-provoking:0.30325
censorship:0.30275
first contact:0.299
good soundtrack:0.297
politics:0.29425
bloody:0.29275
bleak:0.292
lone hero:0.28825
surveillance:0.2845
bad ending:0.281
corporate america:0.273
free speech:0.271
entirely dialogue:0.271
insanity:0.27
nudity (topless - notable):0.26925
overrated:0.26725
crime gone awry:0.26625
talky:0.2645
paranoia:0.263
existentialism:0.26125
distopia:0.25925
fantasy world:0.25875
black and white:0.257
adaptation:0.257
cynical:0.25675
death:0.2555
