wuxia:0.9975
fight scenes:0.94375
kung fu:0.942
desert:0.86825
cinematography:0.85275
china:0.8335
weapons:0.8275
martial arts:0.8155
brutality:0.80225
japan:0.79775
good soundtrack:0.7775
beautiful scenery:0.76075
action:0.747
stunning:0.73525
gunfight:0.7345
vengeance:0.7205
very good:0.70075
foreign:0.69225
original:0.67775
narrated:0.66425
breathtaking:0.64175
allegory:0.637
life philosophy:0.632
so bad it's funny:0.63175
culture clash:0.6295
redemption:0.62775
good:0.6255
storytelling:0.624
islam:0.62275
classic car:0.6215
maze:0.6215
movielens top pick:0.61775
criterion:0.617
destiny:0.60675
fighting:0.60425
visually appealing:0.592
hitman:0.581
visually stunning:0.57975
beautifully filmed:0.5795
bollywood:0.5795
adventure:0.573
mentor:0.5715
dramatic:0.561
childhood:0.55975
stylized:0.55225
nudity (topless):0.55025
sword fight:0.53975
nudity (full frontal - notable):0.5365
revenge:0.533
road movie:0.5275
amazing photography:0.52725
harsh:0.5265
epic:0.525
dark hero:0.5235
male nudity:0.51725
oscar (best foreign language film):0.51525
good dialogue:0.51025
unlikely friendships:0.5095
depression:0.507
talky:0.503
special effects:0.49775
weird:0.48875
blood:0.48875
solitude:0.4865
japanese:0.484
bad cgi:0.484
catastrophe:0.47625
story:0.475
plot:0.46525
great ending:0.46475
western:0.4645
good action:0.4575
distopia:0.457
family drama:0.45625
glbt:0.4555
chase:0.4555
forceful:0.44325
underrated:0.4345
fantasy world:0.4325
dialogue:0.429
lone hero:0.42675
entirely dialogue:0.42575
not as good as the first:0.4255
hunting:0.42525
tokyo:0.4235
spanish:0.4225
action packed:0.421
runaway:0.4195
stereotypes:0.4175
stylish:0.417
sword fighting:0.41375
melancholic:0.4125
brutal:0.41175
superheroes:0.41075
nudity (full frontal - brief):0.40825
romance:0.407
nocturnal:0.40675
gangsters:0.40625
social commentary:0.402
lyrical:0.39825
