tense:0.9765
claustrophobic:0.9305
prison escape:0.8815
suspenseful:0.88125
dramatic:0.87325
suspense:0.86375
imdb top 250:0.84975
crime:0.843
police investigation:0.83975
forceful:0.82775
gangsters:0.82575
oscar (best directing):0.823
drama:0.812
great acting:0.80725
thriller:0.80425
powerful ending:0.80275
oscar (best actress):0.79375
excellent script:0.78275
mentor:0.7815
original:0.77425
runaway:0.7695
gangster:0.76075
family:0.75475
brutality:0.7515
violent:0.74375
violence:0.7435
corruption:0.74225
intense:0.73425
suburbia:0.71925
good acting:0.686
talky:0.67825
oscar (best supporting actress):0.6775
classic:0.677
hostage:0.676
psychological:0.67275
film noir:0.6695
exceptional acting:0.66625
great ending:0.65475
noir:0.638
creepy:0.61225
twist:0.60775
chase:0.603
tragedy:0.59775
oscar winner:0.59525
harsh:0.59325
black and white:0.593
noir thriller:0.593
greed:0.593
criterion:0.59225
culture clash:0.59225
courage:0.588
race issues:0.5875
interesting:0.58725
paranoia:0.585
twists & turns:0.58425
unusual plot structure:0.58225
character study:0.57875
brothers:0.57125
murder:0.57025
paranoid:0.569
psychology:0.56725
based on a play:0.567
moody:0.56675
dysfunctional family:0.56525
california:0.5525
grim:0.5525
revenge:0.5465
police:0.541
organized crime:0.53475
afi 100 (movie quotes):0.5345
highly quotable:0.527
oscar (best actor):0.52375
good:0.51775
narrated:0.51675
ominous:0.515
excellent:0.51475
betrayal:0.513
weapons:0.5085
catastrophe:0.50575
police corruption:0.50175
movielens top pick:0.50125
gunfight:0.4945
crime gone awry:0.49375
adaptation:0.4865
downbeat:0.48525
murder mystery:0.4825
oscar (best supporting actor):0.474
affectionate:0.47375
social commentary:0.4715
great movie:0.46575
dialogue:0.4655
sacrifice:0.46525
prison:0.46525
vengeance:0.459
kidnapping:0.45525
bleak:0.45525
fighting the system:0.45425
obsession:0.451
family drama:0.45025
sexy:0.44975
