horror:0.98925
tense:0.9865
suspenseful:0.98425
suspense:0.97375
intense:0.95675
scary:0.9445
original:0.94325
violence:0.924
twists & turns:0.91975
serial killer:0.892
psychological:0.884
twist:0.87225
slasher:0.8715
violent:0.865
brutality:0.85975
creepy:0.857
story:0.82025
disability:0.80525
psychology:0.801
survival:0.79625
gory:0.79525
good acting:0.793
thriller:0.78675
interesting:0.782
cinematography:0.7745
great ending:0.76875
plot twist:0.76825
atmospheric:0.7465
clever:0.7365
twist ending:0.7265
great acting:0.7235
sexualized violence:0.70675
california:0.69925
claustrophobic:0.6975
nudity (full frontal - brief):0.6955
writers:0.6935
dark humor:0.6835
hospital:0.68225
bloody:0.6785
realistic:0.6745
obsession:0.67125
dialogue:0.67
splatter:0.66825
great movie:0.66575
crime gone awry:0.66425
brutal:0.653
chase:0.64675
narrated:0.636
good:0.62925
talky:0.629
visceral:0.621
blood:0.6175
stylish:0.6095
dark:0.606
police investigation:0.60475
very interesting:0.6035
weird:0.599
creativity:0.59025
torture:0.58175
intimate:0.58175
visually appealing:0.57625
loneliness:0.575
goretastic:0.5735
revenge:0.5645
intelligent:0.563
indie:0.5625
thought-provoking:0.5605
mentor:0.5355
great:0.5345
criterion:0.527
nudity (topless - brief):0.5255
excellent script:0.525
nudity (topless):0.52325
honest:0.51975
oscar (best actress):0.51825
grindhouse:0.517
good soundtrack:0.5135
paranoia:0.51075
runaway:0.51
weapons:0.509
destiny:0.508
monster:0.50375
supernatural:0.495
exceptional acting:0.4905
disturbing:0.4905
character study:0.48975
frightening:0.4885
mindfuck:0.4825
surprise ending:0.48175
moral ambiguity:0.4765
stylized:0.4745
gore:0.474
bad ending:0.4735
absurd:0.46825
murder:0.46825
happy ending:0.4665
family:0.46375
oscar (best writing - screenplay written directly for the screen):0.4585
secrets:0.4575
cult:0.45725
