superhero:0.99275
super hero:0.9885
vigilante:0.97775
superheroes:0.97725
vigilantism:0.8625
police investigation:0.84
super-hero:0.79575
corruption:0.7885
weapons:0.77575
drugs:0.75425
drama:0.728
original:0.7065
mentor:0.67225
life philosophy:0.63025
crime:0.6055
solitude:0.57925
indie:0.5665
runaway:0.55675
story:0.555
good soundtrack:0.537
dark comedy:0.529
alter ego:0.5085
quirky:0.5075
mental illness:0.5055
police corruption:0.49575
life & death:0.49175
social commentary:0.49125
touching:0.47525
justice:0.4645
great ending:0.46025
comics:0.46025
harsh:0.45
comedy:0.443
brutality:0.44
redemption:0.43175
very funny:0.4245
good:0.42025
loneliness:0.41875
psychiatrist:0.41375
movielens top pick:0.41275
prostitution:0.4125
great:0.4105
goofy:0.40225
storytelling:0.401
destiny:0.39125
pulp:0.39
weird:0.385
dialogue:0.38425
violence:0.37575
depression:0.3755
catastrophe:0.37275
transformation:0.365
black comedy:0.3645
drug abuse:0.36375
melancholic:0.35775
absurd:0.3575
culture clash:0.34775
bittersweet:0.34725
psychology:0.3455
stylized:0.3455
unlikely friendships:0.344
adaptation:0.342
sexual abuse:0.34175
dark hero:0.34125
good acting:0.34075
pornography:0.34075
gangsters:0.33675
childhood:0.3335
visually appealing:0.33075
revenge:0.32925
realistic:0.32775
plot:0.32675
action:0.326
better than expected:0.32075
independent film:0.32025
character study:0.3175
gritty:0.31675
cinematography:0.3135
writers:0.31225
clever:0.312
criterion:0.3115
classic car:0.309
honest:0.30625
male nudity:0.3055
not funny:0.30325
feel-good:0.29925
drug addiction:0.29725
low budget:0.2905
friendship:0.29025
spoof:0.28775
melancholy:0.28575
so bad it's funny:0.2855
existentialism:0.2835
special effects:0.2835
dramatic:0.28275
compassionate:0.28225
hospital:0.28075
dysfunctional family:0.279
entirely dialogue:0.277
crude humor:0.27425
