quirky:0.875
loneliness:0.86525
independent film:0.86275
obsession:0.842
stylized:0.8345
melancholic:0.82725
original:0.803
good soundtrack:0.73475
weird:0.732
talky:0.7285
bowling:0.72775
indie:0.7225
dark humor:0.65325
dialogue:0.64025
relationships:0.6375
eccentricity:0.63275
kidnapping:0.613
bleak:0.60725
great ending:0.60525
directorial debut:0.60175
melancholy:0.57675
redemption:0.5715
artsy:0.5585
pornography:0.55375
art house:0.54725
intimate:0.545
existentialism:0.528
love:0.52775
social commentary:0.52325
entirely dialogue:0.51875
very interesting:0.5135
suburbia:0.507
enigmatic:0.506
life philosophy:0.50425
suprisingly clever:0.497
character study:0.48475
crime gone awry:0.4845
prison:0.46775
brutality:0.46575
cult classic:0.46375
dysfunctional family:0.46025
surreal:0.45525
deadpan:0.45
revenge:0.44725
interesting:0.4455
narrated:0.43825
storytelling:0.43775
cinematography:0.432
golden palm:0.431
criterion:0.43
great acting:0.4285
ironic:0.423
neo-noir:0.42225
insanity:0.41725
great:0.41275
vengeance:0.41225
affectionate:0.4095
visceral:0.4065
disturbing:0.39975
stylish:0.39625
honest:0.39425
depression:0.39275
hotel:0.39025
dialogue driven:0.38925
culture clash:0.389
drinking:0.38775
good dialogue:0.3865
sexy:0.3845
violent:0.3845
satirical:0.38425
catastrophe:0.38325
sexualized violence:0.38025
nocturnal:0.37
dark comedy:0.36975
depressing:0.36875
excellent script:0.36675
parenthood:0.3665
witty:0.36625
mentor:0.364
off-beat comedy:0.36025
ensemble cast:0.35975
cult film:0.354
childhood:0.3485
grindhouse:0.34375
psychological:0.34
twists & turns:0.33925
adoption:0.3385
happy ending:0.33825
cerebral:0.33575
not funny:0.33325
clever:0.33075
beautifully filmed:0.32925
visually appealing:0.329
pretentious:0.32525
black comedy:0.323
destiny:0.322
underrated:0.32
good:0.3195
life:0.31775
harsh:0.3155
