criterion:0.943
talky:0.893
intimate:0.87425
bleak:0.8735
stylized:0.85975
golden palm:0.83225
enigmatic:0.78525
weird:0.67175
melancholy:0.671
original:0.66175
harsh:0.658
downbeat:0.65
nocturnal:0.64175
character study:0.63675
crime gone awry:0.62175
obsession:0.6145
loneliness:0.59175
grindhouse:0.58825
cynical:0.57975
indie:0.572
art house:0.568
melancholic:0.565
cerebral:0.55425
grim:0.54225
greed:0.53075
runaway:0.5205
dialogue:0.516
meditative:0.512
narrated:0.508
pornography:0.4995
atmospheric:0.495
good soundtrack:0.47575
relationships:0.47275
affectionate:0.4725
nudity (full frontal - notable):0.466
reflective:0.46425
oscar (best supporting actress):0.447
social commentary:0.446
male nudity:0.4415
catastrophe:0.4395
dysfunctional family:0.434
visually appealing:0.42875
biting:0.42375
unusual plot structure:0.42175
art:0.41775
entirely dialogue:0.41225
existentialism:0.411
hotel:0.40175
movielens top pick:0.4015
cult classic:0.395
distopia:0.395
dreamlike:0.39475
mentor:0.3855
culture clash:0.37875
adapted from:book:0.37825
satirical:0.3775
ironic:0.3745
writers:0.37375
good:0.3725
adaptation:0.36875
drinking:0.368
addiction:0.3675
brutality:0.36675
witty:0.3655
great ending:0.364
cult film:0.363
masterpiece:0.36175
dark humor:0.361
humorous:0.361
sexual:0.35975
eccentricity:0.3595
black and white:0.3575
storytelling:0.356
suprisingly clever:0.356
sexualized violence:0.35375
quirky:0.3515
life philosophy:0.3515
oscar (best actress):0.35
passionate:0.3485
sexual abuse:0.34825
paranoid:0.34475
sexy:0.3415
classic car:0.3405
based on a play:0.33925
moody:0.339
allegory:0.338
cinematography:0.33575
depression:0.3285
tokyo:0.30975
great:0.309
very good:0.30875
drama:0.30175
visceral:0.30125
disturbing:0.29875
insanity:0.29875
writer's life:0.29
dialogue driven:0.29
imdb top 250:0.28825
surreal:0.28775
redemption:0.2875
