screwball comedy:0.939
england:0.93
original:0.8905
light:0.89
comedy:0.8475
british:0.8325
romantic:0.83175
based on a play:0.8255
complex:0.8125
family:0.808
dramatic:0.80275
drama:0.7985
foreign:0.79325
fairy tale:0.78125
sexy:0.773
german:0.7555
talky:0.754
interesting:0.74925
farce:0.7475
london:0.7295
adapted from:book:0.729
political:0.70125
tense:0.69775
great:0.6945
cinematography:0.68725
brutality:0.68425
germany:0.683
dialogue:0.6815
historical:0.66775
war:0.66475
criterion:0.659
idealism:0.65575
justice:0.6525
whimsical:0.651
great movie:0.6465
suspense:0.6465
destiny:0.6445
ethnic conflict:0.64175
romance:0.636
story:0.63575
good:0.62175
narrated:0.61975
sacrifice:0.617
based on book:0.61575
politics:0.6085
violence:0.59925
wartime:0.597
runaway:0.5895
police investigation:0.5875
love story:0.5705
complicated:0.56375
oscar (best directing):0.5595
nazis:0.5575
intense:0.557
underrated:0.5565
world war ii:0.5565
stylized:0.55575
oscar (best supporting actress):0.5525
great ending:0.55025
epic:0.5495
entertaining:0.54875
oscar (best actress):0.547
moral ambiguity:0.54475
based on a book:0.5435
melancholic:0.5355
obsession:0.53525
period piece:0.53425
affectionate:0.5325
kids and family:0.53
satire:0.52275
witty:0.51825
islam:0.5135
sentimental:0.51025
literature:0.50675
good soundtrack:0.50375
dark hero:0.49975
british comedy:0.49425
murder:0.493
costume drama:0.49275
adaptation:0.49125
psychology:0.4905
distopia:0.4885
romantic comedy:0.4865
oscar winner:0.4845
comic:0.481
photography:0.48075
alter ego:0.47825
espionage:0.476
hospital:0.47425
imdb top 250:0.474
goofy:0.47225
rebellion:0.47125
survival:0.471
history:0.46725
betrayal:0.466
visually stunning:0.46525
predictable:0.464
psychological:0.46325
us history:0.46325
intimate:0.463
