criterion:0.8315
documentary:0.80375
loneliness:0.77775
original:0.7695
grindhouse:0.74775
nudity (full frontal - notable):0.6315
internet:0.61975
so bad it's funny:0.58825
very funny:0.57325
intimate:0.55825
tokyo:0.551
pornography:0.53125
reflective:0.5095
melancholic:0.50225
brutality:0.5015
graphic design:0.47225
hospital:0.46775
macabre:0.45575
bleak:0.455
very interesting:0.43925
distopia:0.43925
immortality:0.4255
catastrophe:0.423
storytelling:0.4035
male nudity:0.39825
good soundtrack:0.39775
fight scenes:0.397
narrated:0.39
suprisingly clever:0.386
splatter:0.383
satirical:0.37475
stylish:0.36925
goofy:0.366
new york:0.36475
nocturnal:0.364
golden palm:0.363
workplace:0.3575
sexy:0.356
hip hop:0.3555
romance:0.3545
voyeurism:0.35375
free to download:0.35
pointless:0.348
fake documentary:0.3445
meditative:0.344
mentor:0.34175
sexualized violence:0.34125
queer:0.341
psychological:0.3395
satire:0.33675
dialogue:0.3315
art:0.331
talky:0.32975
downbeat:0.328
social commentary:0.3255
visually appealing:0.32525
transformation:0.319
new jersey:0.31375
san francisco:0.3125
great ending:0.309
not funny:0.30675
nudity (full frontal):0.30525
multiple storylines:0.3045
breathtaking:0.30125
dreams:0.29875
redemption:0.29675
addiction:0.296
entertaining:0.29225
unfunny:0.29175
drinking:0.29075
enigmatic:0.29025
stylized:0.28025
greed:0.27875
melancholy:0.27825
cult film:0.278
sexual:0.27775
quirky:0.276
disturbing:0.27575
fantasy world:0.274
crime gone awry:0.27225
complex:0.268
entirely dialogue:0.26675
nudity (full frontal - brief):0.2655
lone hero:0.26075
passionate:0.253
vengeance:0.25175
unusual plot structure:0.2475
harsh:0.246
depressing:0.24575
sexual abuse:0.245
overrated:0.24475
culture clash:0.243
writers:0.24225
money:0.23925
adaptation:0.23725
environmental:0.23375
bdsm:0.23275
great:0.2305
dreamlike:0.23025
corporate america:0.229
