mental illness:0.945
psychology:0.865
documentary:0.85025
insanity:0.834
dysfunctional family:0.81475
original:0.81
drugs:0.80125
disturbing:0.78225
gay:0.7815
depression:0.7795
schizophrenia:0.75375
life philosophy:0.7235
reflective:0.71525
cathartic:0.6905
narrated:0.68725
life:0.684
biographical:0.67625
visceral:0.66875
voyeurism:0.66
melancholic:0.65925
parenthood:0.65675
weird:0.6485
relationships:0.64425
creativity:0.64025
queer:0.6395
pornography:0.63875
independent film:0.62875
stylized:0.6245
male nudity:0.62375
intimate:0.622
intense:0.619
drug abuse:0.617
psychological:0.59925
true story:0.597
hard to watch:0.5915
storytelling:0.59
social commentary:0.58575
visually appealing:0.58025
solitude:0.578
homosexuality:0.5685
hospital:0.568
enigmatic:0.561
childhood:0.551
loneliness:0.54225
emotional:0.529
artistic:0.5245
manipulation:0.51775
tragedy:0.51775
brutality:0.51225
sad:0.51
harsh:0.507
art:0.5055
melancholy:0.50425
reality tv:0.5005
indie:0.5
great ending:0.49375
bittersweet:0.49225
compassionate:0.4815
poignant:0.47825
criterion:0.47775
destiny:0.4765
good soundtrack:0.473
nudity (topless - notable):0.471
talky:0.46775
mentor:0.46225
glbt:0.45175
crazy:0.451
bleak:0.44775
very interesting:0.4465
doctors:0.44025
suburbia:0.4385
philosophy:0.43725
guilt:0.4275
existentialism:0.417
complex:0.4165
drama:0.416
sexual abuse:0.41275
child abuse:0.4075
runaway:0.40675
life & death:0.4045
catastrophe:0.40425
intellectual:0.39925
identity:0.39775
torture:0.39375
interesting:0.39075
artsy:0.388
goretastic:0.3865
story:0.38525
so bad it's funny:0.38275
cross dressing:0.381
memory:0.38
cerebral:0.375
surreal:0.37025
cinematography:0.36975
visual:0.363
death:0.363
not funny:0.36025
environment:0.351
transformation:0.3505
passionate:0.34925
