dancing:0.9635
dance:0.93975
romantic comedy:0.93075
romantic:0.852
chick flick:0.8275
feel-good:0.81175
original:0.7905
good:0.77575
girlie movie:0.77475
happy ending:0.7735
feel good movie:0.7355
sweet:0.68925
destiny:0.689
rags to riches:0.6685
pg-13:0.6375
good romantic comedies:0.61
oscar (best supporting actor):0.60675
romance:0.5795
storytelling:0.5645
predictable:0.5525
mentor:0.4985
sentimental:0.4785
great ending:0.4785
touching:0.47525
great:0.46275
catastrophe:0.45475
silly fun:0.4455
family:0.42625
redemption:0.422
love story:0.42025
remake:0.41175
inspirational:0.40925
adultery:0.40675
suprisingly clever:0.40625
better than expected:0.39325
heartwarming:0.3835
whimsical:0.38125
fun:0.37475
marriage:0.36675
stereotypes:0.3655
culture clash:0.36525
shopping:0.35875
lawyer:0.3575
hip hop:0.35125
women:0.351
fun movie:0.348
beautiful scenery:0.3435
not funny:0.3435
competition:0.34225
dialogue:0.34
light:0.326
entertaining:0.32475
good soundtrack:0.32375
life:0.3175
life philosophy:0.31275
lawyers:0.30675
passionate:0.299
runaway:0.29825
funny:0.2965
transformation:0.28825
story:0.286
unfunny:0.279
cute:0.274
teen movie:0.27025
shallow:0.26775
very funny:0.25825
so bad it's funny:0.257
first contact:0.255
courage:0.25375
chicago:0.25275
adaptation:0.246
sexy:0.24375
unlikely friendships:0.24275
emotional:0.24225
chase:0.24075
quirky:0.23925
single father:0.23925
divorce:0.2375
cute!:0.2375
great movie:0.236
family drama:0.23475
police investigation:0.2335
clever:0.23225
melancholic:0.22975
lone hero:0.2285
great acting:0.22575
pointless:0.2255
childhood:0.2255
oscar (best actress):0.22525
fantasy world:0.224
honest:0.224
brutality:0.2215
very good:0.22125
entirely dialogue:0.22075
justice:0.218
fight scenes:0.216
betrayal:0.214
good acting:0.213
crude humor:0.20525
children:0.20175
