kids and family:0.85675
special effects:0.8485
fun movie:0.8455
plot holes:0.80025
sci fi:0.777
science fiction:0.73375
scifi:0.7265
sci-fi:0.7165
future:0.694
teen movie:0.65325
original:0.64275
first contact:0.6395
horrible:0.61525
kids:0.6145
pg-13:0.6145
time:0.61075
predictable:0.601
so bad it's funny:0.59725
catastrophe:0.555
silly fun:0.53975
pg:0.533
family:0.5305
fun:0.526
silly:0.5205
adventure:0.51175
bad acting:0.50525
cool:0.50375
mentor:0.499
natural disaster:0.489
plot:0.487
children:0.48625
visually stunning:0.47675
bad plot:0.4765
fantasy:0.47425
story:0.46525
big budget:0.448
action:0.43575
stupid:0.429
good:0.41975
superheroes:0.4195
life philosophy:0.4085
childhood:0.39225
dialogue:0.391
entertaining:0.38825
technology:0.38775
great:0.3845
teen:0.37925
great ending:0.37675
destiny:0.374
lame:0.37375
fight scenes:0.3725
creativity:0.36825
girlie movie:0.3535
complex:0.3515
overrated:0.3505
bullying:0.348
bad:0.34725
internet:0.34275
adaptation:0.34075
bad science:0.34075
chase:0.3395
hackers:0.338
stereotypes:0.331
not funny:0.33025
pointless:0.32275
storytelling:0.322
philip k. dick:0.3205
shallow:0.31875
bad cgi:0.31475
fantasy world:0.3105
mad scientist:0.3065
teens:0.30275
nudity (full frontal - brief):0.299
better than expected:0.29625
unfunny:0.29475
high school:0.29425
romance:0.28825
father son relationship:0.288
writers:0.284
no plot:0.28175
computer game:0.27875
good action:0.27775
stupid as hell:0.27575
weapons:0.27175
cheesy:0.2655
remake:0.26375
violence:0.2635
absurd:0.2615
culture clash:0.258
clever:0.258
brutality:0.25675
police investigation:0.25625
entirely dialogue:0.2545
runaway:0.25425
dynamic cgi action:0.253
visual:0.25
cute!:0.24775
idiotic:0.24675
very funny:0.24325
franchise:0.23925
