animation:0.99475
cartoon:0.9865
animated:0.984
family:0.9
talking animals:0.88975
kids and family:0.837
alternate history:0.79625
animals:0.78675
disney:0.7685
sentimental:0.76525
children:0.75125
immigrants:0.74575
original:0.74275
good:0.73025
irish accent:0.71425
cute:0.661
childhood:0.65325
stereotypes:0.643
animal movie:0.6225
story:0.597
happy ending:0.59575
kids:0.591
heartwarming:0.59075
based on book:0.574
touching:0.5675
fun movie:0.56375
russia:0.5615
culture clash:0.53
cute!:0.5285
sweet:0.52725
catastrophe:0.524
jews:0.50225
chase:0.489
great:0.488
oscar (best music - original song):0.47675
adventure:0.4705
beautiful scenery:0.46475
drama:0.46025
classic:0.44825
dialogue:0.44525
based on a book:0.43825
light:0.43775
clever:0.4335
fun:0.433
mentor:0.428
great ending:0.42425
honest:0.42125
allegory:0.41875
rats:0.41825
disney animated feature:0.40475
destiny:0.38775
good soundtrack:0.37625
storytelling:0.3755
greed:0.37275
nudity (full frontal - brief):0.37175
betrayal:0.36675
adapted from:book:0.363
new jersey:0.358
entertaining:0.35675
suprisingly clever:0.354
predictable:0.35
simple:0.34725
satirical:0.3465
plot:0.33975
romantic:0.3385
redemption:0.33625
dysfunctional family:0.3355
great movie:0.3335
goofy:0.333
shallow:0.33125
natural disaster:0.3295
jewish:0.32375
musical:0.3205
oscar:0.3195
runaway:0.3185
adaptation:0.318
oscar (best directing):0.31275
police investigation:0.31175
very funny:0.311
underrated:0.3105
family drama:0.3095
not funny:0.3095
computer animation:0.30725
life philosophy:0.307
pg-13:0.30425
fairy tale:0.30025
jungle:0.2985
lone hero:0.2975
new york:0.29625
melancholic:0.29525
vengeance:0.2945
island:0.2945
historical:0.29375
irish:0.29375
nostalgic:0.288
weird:0.2815
excellent:0.2815
overrated:0.27925
sad:0.278
gangsters:0.27675
