vigilante:0.96525
sequel:0.9345
franchise:0.8955
action:0.8725
sequels:0.86625
vigilantism:0.82625
death:0.79275
predictable:0.7875
vengeance:0.742
original:0.7395
brutality:0.71875
crappy sequel:0.71525
series:0.70625
revenge:0.7045
violence:0.684
bad plot:0.604
violent:0.57275
gangsters:0.55275
weapons:0.5525
mentor:0.53925
good action:0.51425
gangs:0.512
lone hero:0.48875
family:0.4515
organized crime:0.44775
silly fun:0.43775
justice:0.42975
great ending:0.421
good sequel:0.415
so bad it's funny:0.41425
overrated:0.4135
fantasy world:0.404
mob:0.39675
pointless:0.39375
dialogue:0.3915
not funny:0.3855
ninja:0.3785
first contact:0.377
horrible:0.37325
pornography:0.37175
bad:0.3705
writers:0.36625
chase:0.365
intense:0.36325
nudity (topless):0.3625
nudity (full frontal - brief):0.36
catastrophe:0.358
murder:0.356
big budget:0.344
fight scenes:0.34125
runaway:0.3355
action packed:0.32075
mafia:0.3145
boring:0.31225
pulp:0.3085
fashion:0.30575
disaster:0.30375
los angeles:0.30325
adapted from:comic:0.30275
great:0.29425
bloody:0.2905
entirely dialogue:0.28675
special effects:0.285
adaptation:0.28025
slapstick:0.277
melancholic:0.2755
quirky:0.2735
satirical:0.2735
fun movie:0.2665
storytelling:0.26375
natural disaster:0.26225
fun:0.26125
life & death:0.25975
torture:0.25925
dreamlike:0.25875
redemption:0.2565
multiple storylines:0.25575
unusual plot structure:0.24575
new york:0.24325
destiny:0.2415
suspense:0.2405
passionate:0.239
life philosophy:0.23775
crime:0.23575
cult film:0.233
unfunny:0.2325
culture clash:0.23025
betrayal:0.229
stylized:0.22875
very funny:0.22725
paranoid:0.22725
good dialogue:0.2265
sexy:0.2265
grindhouse:0.22275
crude humor:0.2225
fantasy:0.2225
imdb top 250:0.22025
bullying:0.22
stereotypes:0.219
plot holes:0.2185
