time travel:0.91725
king arthur:0.91475
kids:0.84425
fantasy:0.8015
medieval:0.784
original:0.758
childhood:0.74
cute!:0.735
cute:0.69
culture clash:0.665
family:0.65675
predictable:0.617
mentor:0.5745
baseball:0.5465
magic:0.52275
children:0.50125
kids and family:0.49675
disney:0.4945
destiny:0.46875
adventure:0.467
fun movie:0.45375
fantasy world:0.45275
happy ending:0.45175
catastrophe:0.4435
story:0.4185
teen movie:0.41575
twists & turns:0.406
feel-good:0.4015
fun:0.39125
historical:0.39
disaster:0.37775
runaway:0.36975
adaptation:0.3615
dialogue:0.3535
horrible:0.35175
life philosophy:0.35075
great ending:0.3505
bad plot:0.342
teen:0.333
bad cgi:0.33175
lone hero:0.3285
original plot:0.325
silly fun:0.32
overrated:0.3135
feel good movie:0.31075
first contact:0.31025
quirky:0.307
natural disaster:0.2975
good:0.28525
very funny:0.28475
brutality:0.281
alternate reality:0.2785
stupid:0.27325
england:0.27075
video game:0.268
so bad it's funny:0.26525
clever:0.26175
fight scenes:0.25575
technology:0.25425
slapstick:0.249
storytelling:0.2475
entirely dialogue:0.24425
stereotypes:0.24375
not funny:0.23875
switching places:0.23525
dinosaurs:0.234
cheesy:0.2285
weapons:0.228
death:0.22575
women:0.224
science fiction:0.22325
identity:0.22175
crude humor:0.2195
rock and roll:0.2195
based on a book:0.21675
books:0.21575
pg-13:0.2155
california:0.21475
plot holes:0.21425
romantic:0.21275
dreamlike:0.21275
love story:0.21275
unfunny:0.2125
nostalgic:0.21025
vengeance:0.2095
girlie movie:0.20725
light:0.20675
melancholic:0.2055
future:0.204
sci fi:0.20325
whimsical:0.19825
nudity (full frontal - brief):0.1965
adapted from:book:0.19625
complex:0.19475
gangsters:0.19425
great:0.1935
inspirational:0.193
betrayal:0.19275
cartoon:0.1925
dog:0.19075
