australia:0.99125
australian:0.94925
rock and roll:0.859
goofy:0.8045
fun movie:0.80375
original:0.78875
good soundtrack:0.72025
silly fun:0.668
creativity:0.66175
silly:0.64675
factual:0.641
comedy:0.63475
great:0.63025
so bad it's funny:0.568
science:0.56325
destiny:0.55
fun:0.5425
predictable:0.5355
historical:0.51275
80s:0.50925
mentor:0.50525
quirky:0.50375
good:0.49975
dialogue:0.492
mad scientist:0.4875
catastrophe:0.48025
light:0.4735
satirical:0.47125
slapstick:0.471
great movie:0.463
story:0.45325
funny as hell:0.44825
brutality:0.44725
weird:0.44675
very funny:0.44475
humorous:0.4385
funny:0.43275
lone hero:0.42875
cult film:0.418
absurd:0.41725
beer:0.41475
satire:0.41
entertaining:0.40525
hilarious:0.4
pg-13:0.39875
sci fi:0.395
cinematography:0.39
great ending:0.3895
thought-provoking:0.38325
lame:0.3805
life philosophy:0.3805
fantasy world:0.376
culture clash:0.373
big budget:0.368
special effects:0.36425
bad plot:0.36125
clever:0.3535
transformation:0.35225
vengeance:0.3395
us history:0.339
family:0.33825
runaway:0.337
history:0.3245
cult classic:0.32325
art:0.323
adaptation:0.319
chase:0.317
splatter:0.31525
based on true story:0.31475
excellent:0.31275
imagination:0.312
great acting:0.312
great soundtrack:0.3115
entirely dialogue:0.311
music:0.3105
natural disaster:0.3105
science fiction:0.31025
unusual plot structure:0.309
pulp:0.30775
shallow:0.3075
weapons:0.3035
humor:0.30075
coming of age:0.30075
teen movie:0.2995
redemption:0.29775
not funny:0.29025
first contact:0.2865
unfunny:0.286
dumb but funny:0.2855
musicians:0.2845
fight scenes:0.284
visually appealing:0.28375
melancholic:0.28325
bad:0.27975
whimsical:0.2795
low budget:0.27875
writers:0.27475
romance:0.27425
nudity (topless - notable):0.27375
overrated:0.272
