conspiracy:0.986
secret service:0.98225
kidnapping:0.97575
dialogue:0.917
tense:0.91125
twists & turns:0.91
complex:0.87275
tom clancy:0.87275
secrets:0.87025
espionage:0.84925
fast paced:0.84525
suspenseful:0.83725
suspense:0.82775
original:0.81775
heist:0.7965
plot twist:0.7905
intense:0.77475
storytelling:0.76225
chase:0.7615
spy:0.7565
corruption:0.7525
spying:0.752
investigation:0.73375
complicated:0.73125
action:0.7195
interesting:0.719
complicated plot:0.70525
world politics:0.70325
president:0.68325
twist:0.67575
plot:0.674
gunfight:0.6685
entirely dialogue:0.66525
runaway:0.66275
great ending:0.66175
violence:0.65825
political corruption:0.645
violent:0.64125
story:0.634
good soundtrack:0.629
clever:0.62575
good acting:0.62375
stylized:0.6145
gratuitous violence:0.6105
assassination:0.6095
good:0.60325
spies:0.603
very interesting:0.6005
thriller:0.59625
pornography:0.59575
absurd:0.59525
mentor:0.5875
brutality:0.5865
assassin:0.5855
police investigation:0.583
paranoia:0.58275
writers:0.56975
plot holes:0.56975
vengeance:0.569
good action:0.5635
stylish:0.5635
political:0.558
visually appealing:0.557
betrayal:0.548
harsh:0.54225
con men:0.53375
surveillance:0.53325
mystery:0.5315
obsession:0.52375
weapons:0.52375
greed:0.5185
forceful:0.5165
culture clash:0.51525
conspiracy theory:0.5115
great acting:0.5115
crime gone awry:0.50375
cerebral:0.50125
twist ending:0.4945
cinematography:0.494
sexy:0.494
dark:0.493
catastrophe:0.49175
manipulation:0.491
entertaining:0.4895
good dialogue:0.48875
better than expected:0.4885
original plot:0.486
enigmatic:0.481
family drama:0.471
confusing:0.463
exciting:0.462
drama:0.462
moral ambiguity:0.46175
psychological:0.45725
cool:0.4545
writing:0.45125
visual:0.451
great dialogue:0.44825
identity:0.448
assassins:0.44725
