batman:0.99075
animation:0.982
vigilante:0.9785
mutants:0.97825
vigilantism:0.974
super hero:0.96425
superhero:0.96125
graphic novel:0.94825
dark:0.94775
superheroes:0.9305
dc comics:0.895
dark hero:0.8885
violent:0.8745
super-hero:0.8705
pg-13:0.8685
action:0.857
comics:0.854
gritty:0.8515
original:0.83675
vengeance:0.836
franchise:0.82125
crime:0.818
comic book:0.8155
adaptation:0.8105
story:0.805
animated:0.80225
violence:0.791
great ending:0.78975
dialogue:0.78775
fight scenes:0.78125
nocturnal:0.77725
storytelling:0.77675
trilogy:0.76875
visually appealing:0.75475
justice:0.74975
adapted from:comic:0.748
good:0.74225
intense:0.7415
brutal:0.72275
corruption:0.7185
alter ego:0.717
comic book adaption:0.7125
fast paced:0.708
murder:0.705
brutality:0.703
plot:0.68
alternate universe:0.67525
mentor:0.669
comic:0.6635
stylized:0.65675
sacrifice:0.643
fighting:0.63875
series:0.6365
imdb top 250:0.624
anti-hero:0.622
cartoon:0.62075
ninja:0.62075
visual:0.6145
harsh:0.611
cool:0.608
chase:0.60725
psychological:0.59675
complex:0.58575
interesting:0.58125
good action:0.579
action packed:0.57375
futuristic:0.56225
grim:0.56225
censorship:0.55
transformation:0.539
realistic:0.52475
drinking:0.523
big budget:0.5185
technology:0.517
revenge:0.516
good sequel:0.5155
atmospheric:0.5155
great:0.515
good soundtrack:0.514
narrated:0.50975
awesome:0.50575
cinematography:0.503
stylish:0.502
suspense:0.501
forceful:0.4995
social commentary:0.4905
life philosophy:0.48675
distopia:0.485
clever:0.48425
redemption:0.47775
original plot:0.4745
great movie:0.4615
childhood:0.46025
dystopia:0.46
blood:0.45775
artistic:0.45275
excellent:0.451
thriller:0.44875
destiny:0.4445
dynamic cgi action:0.442
