tense:0.99325
hit men:0.9875
train:0.9835
claustrophobic:0.97625
suspense:0.9695
film noir:0.94775
noir:0.93575
crime:0.90525
gangsters:0.904
mob:0.9005
runaway:0.89425
organized crime:0.88725
gangster:0.88325
criterion:0.8775
twists & turns:0.86625
detective:0.864
assassination:0.8635
black and white:0.8575
trains:0.85575
suspenseful:0.85425
forceful:0.84975
unusual plot structure:0.84125
crime gone awry:0.83425
los angeles:0.82175
movielens top pick:0.82025
classic:0.81575
chase:0.81425
talky:0.793
imdb top 250:0.78475
original:0.77525
clever:0.77175
allegory:0.7655
sexy:0.76275
police investigation:0.759
greed:0.75675
plot twist:0.7515
paranoid:0.751
corruption:0.75075
murder:0.74675
tricky:0.7455
surprise ending:0.74475
thriller:0.7425
fun movie:0.74
great ending:0.73475
visceral:0.7335
dramatic:0.7295
gunfight:0.7255
hitchcock:0.7235
obsession:0.708
mentor:0.70775
investigation:0.70425
stylish:0.70325
oscar (best actress):0.695
enigmatic:0.69275
complex:0.68975
oscar (best directing):0.67925
bleak:0.67525
noir thriller:0.6625
dialogue:0.65925
oscar (best supporting actress):0.65675
cerebral:0.655
grim:0.655
twist:0.65475
twist ending:0.65125
moody:0.64925
storytelling:0.6445
gritty:0.63925
ominous:0.6365
pulp:0.635
betrayal:0.627
interesting:0.626
harsh:0.62225
golden palm:0.6115
light:0.607
cinematography:0.6025
stylized:0.60225
serial killer:0.60175
18th century:0.57525
excellent:0.57425
atmospheric:0.57375
entirely dialogue:0.57125
good acting:0.5655
afi 100 (laughs):0.557
creepy:0.55575
oscar (best writing - screenplay written directly for the screen):0.55525
great acting:0.54775
mystery:0.5365
complicated:0.53475
fast paced:0.53425
complicated plot:0.52925
nocturnal:0.52275
secrets:0.5215
murder mystery:0.517
masterpiece:0.51325
california:0.51275
heist:0.51125
character study:0.51075
ethnic conflict:0.5095
suprisingly clever:0.50875
breathtaking:0.50225
