catholicism:0.9825
drama:0.922
secrets:0.92125
psychiatrist:0.879
mystery:0.83525
religion:0.8285
oscar (best actress):0.7985
psychological:0.79425
guilt:0.774
investigation:0.77125
psychology:0.7545
based on a play:0.74575
god:0.73875
dramatic:0.73425
police investigation:0.7175
original:0.71725
great acting:0.7095
insanity:0.703
enigmatic:0.6995
women:0.69575
corruption:0.68925
compassionate:0.66
very interesting:0.658
murder:0.6455
cinematography:0.62025
oscar (best supporting actress):0.59675
sisters:0.59575
great ending:0.593
story:0.58125
childhood:0.5525
runaway:0.5475
exceptional acting:0.54675
obsession:0.54125
atmospheric:0.52275
paranoia:0.513
dialogue:0.5105
character study:0.50975
adaptation:0.504
complex:0.4985
oscar:0.4915
pregnancy:0.4915
oscar (best directing):0.48625
suspense:0.484
mentor:0.473
supernatural:0.471
interesting:0.47025
court:0.466
pornography:0.463
identity:0.462
thought-provoking:0.45975
disturbing:0.45125
great:0.45
twists & turns:0.44525
manipulation:0.44125
culture clash:0.43825
good:0.43725
unusual plot structure:0.43575
good soundtrack:0.434
murder mystery:0.43325
talky:0.43075
moral ambiguity:0.4195
psychiatry:0.41825
beautifully filmed:0.4145
sexualized violence:0.411
nudity (full frontal - brief):0.40675
tense:0.40675
storytelling:0.403
melancholic:0.401
catastrophe:0.40025
criterion:0.39475
mental illness:0.39175
fantasy world:0.3855
brutality:0.38475
sexual abuse:0.384
intense:0.38375
beautiful scenery:0.3785
not funny:0.3755
weird:0.37425
unlikely friendships:0.3715
dysfunctional family:0.37025
sexy:0.37
death:0.3655
passionate:0.36275
redemption:0.36275
crime:0.36125
doctors:0.3595
male nudity:0.3585
suprisingly clever:0.35425
twist:0.3465
stunning:0.3455
light:0.34475
family:0.33625
israel:0.3355
atheism:0.334
courtroom:0.32475
pg-13:0.32075
adapted from:book:0.32
good acting:0.31925
plot twist:0.31825
excellent:0.318
