social commentary:0.94525
teacher:0.93025
drama:0.91725
independent film:0.8915
depressing:0.8735
loneliness:0.8705
sad:0.83575
good soundtrack:0.832
storytelling:0.8275
mentor:0.8265
life & death:0.82175
emotional:0.8165
melancholic:0.80825
bullying:0.79825
dramatic:0.7955
thought-provoking:0.789
touching:0.78725
original:0.78425
existentialism:0.77375
father daughter relationship:0.758
great acting:0.75475
bleak:0.736
depression:0.731
corruption:0.725
life philosophy:0.722
indie:0.7205
dark:0.719
realistic:0.7145
childhood:0.711
harsh:0.71025
runaway:0.70725
school:0.6805
great ending:0.67275
educational:0.67075
sad but good:0.66325
suicide:0.6555
parenthood:0.645
friendship:0.64125
powerful ending:0.63
tragedy:0.62875
heartbreaking:0.626
inspirational:0.62425
narrated:0.62325
interesting:0.61225
redemption:0.6105
homeless:0.60975
destiny:0.60825
sacrifice:0.6075
honest:0.60675
prejudice:0.60375
life:0.60225
good:0.6015
melancholy:0.598
oscar (best actor):0.59675
unlikely friendships:0.59125
hospital:0.5905
intense:0.57975
good acting:0.57825
feel-good:0.57225
reflective:0.57175
workplace:0.56675
oscar:0.55675
bittersweet:0.55325
relationships:0.54125
survival:0.538
inspiring:0.52875
transformation:0.52475
solitude:0.52
allegory:0.5185
prostitution:0.51575
exceptional acting:0.51275
justice:0.51
environment:0.508
high school:0.5045
drinking:0.50025
excellent:0.49625
child abuse:0.494
brutality:0.49375
alone in the world:0.49
excellent script:0.48725
happy ending:0.48525
poignant:0.481
psychology:0.475
fantasy world:0.4745
death:0.47425
psychological:0.47275
courage:0.4605
feel good movie:0.4595
adolescence:0.4525
stereotypes:0.45225
story:0.44925
philosophy:0.44675
golden palm:0.43775
crime gone awry:0.4335
cinematography:0.4285
jesus:0.4255
underrated:0.419
pg-13:0.414
catastrophe:0.41075
earnest:0.4085
