aardman studios:1.0
aardman:0.995
animation:0.9935
stop motion:0.99175
pirates:0.98975
stop-motion:0.95375
animated:0.883
claymation:0.8785
adventure:0.8475
fun movie:0.834
london:0.7695
computer animation:0.769
original:0.768
british comedy:0.75125
visually appealing:0.743
talking animals:0.71075
humorous:0.6705
whimsical:0.65825
british:0.65
colourful:0.64275
clever:0.62975
fun:0.6215
3d:0.59575
alternate history:0.577
animals:0.576
creativity:0.56725
witty:0.5595
story:0.55
great:0.5455
treasure:0.544
cartoon:0.5305
kids and family:0.514
dialogue:0.475
mentor:0.4665
chase:0.466
swashbuckler:0.46375
twists & turns:0.4375
children:0.41575
visual:0.409
family:0.408
very funny:0.404
catastrophe:0.40225
storytelling:0.392
great ending:0.388
fantasy world:0.38475
great movie:0.3835
kids:0.37975
slapstick:0.3775
affectionate:0.37225
good soundtrack:0.3675
silly:0.36725
humor:0.364
animal movie:0.363
unlikely friendships:0.36175
light:0.35725
visually stunning:0.35675
oscar (best animated feature):0.35325
suprisingly clever:0.34175
brutality:0.33975
fast paced:0.338
entirely dialogue:0.33525
greed:0.32675
runaway:0.32525
good:0.321
harsh:0.31875
funny:0.318
weird:0.31775
rabbits:0.31675
crude humor:0.31125
childhood:0.30875
life philosophy:0.30675
stylized:0.30375
betrayal:0.298
cute:0.29775
predictable:0.2905
oscar (best directing):0.28175
irreverent:0.2775
adaptation:0.2775
imdb top 250:0.2745
complex:0.27325
treasure hunt:0.26975
first contact:0.267
culture clash:0.2665
quirky:0.26575
friendship:0.26175
classic car:0.2615
earnest:0.25925
comic:0.2575
birds:0.2545
pg:0.254
not funny:0.25325
lone hero:0.252
grindhouse:0.2475
comedy:0.2425
very good:0.2405
hilarious:0.239
redemption:0.23725
censorship:0.23675
art:0.2365
pigs:0.2365
