adoption:0.97775
drama:0.93275
emotional:0.86825
parenthood:0.8635
relationships:0.83625
touching:0.83025
heartbreaking:0.807
lawyer:0.7635
oscar (best actress):0.732
storytelling:0.72575
women:0.71625
nudity (full frontal - notable):0.707
redemption:0.699
pregnancy:0.68675
pornography:0.67875
original:0.6685
dramatic:0.6565
good acting:0.65375
pg-13:0.6445
runaway:0.6395
good:0.62625
sentimental:0.61825
multiple storylines:0.6175
great acting:0.611
realistic:0.601
ensemble cast:0.59025
nudity (full frontal):0.58875
melancholic:0.57675
poignant:0.57675
secrets:0.56575
guilt:0.55
twists & turns:0.545
exceptional acting:0.5425
reflective:0.5425
destiny:0.54025
hospital:0.53425
manipulation:0.5315
complex:0.531
drinking:0.527
brutality:0.5235
family drama:0.515
great ending:0.509
friendship:0.48375
male nudity:0.47775
death:0.47675
potential oscar nom:0.4705
corruption:0.46875
unlikely friendships:0.46525
life philosophy:0.463
suprisingly clever:0.45375
mentor:0.4535
nudity (topless - brief):0.4515
catastrophe:0.44675
life:0.4465
oscar (best supporting actress):0.44225
chick flick:0.44175
excellent script:0.43275
sad but good:0.43025
golden palm:0.4285
betrayal:0.4205
nudity (full frontal - brief):0.41275
sacrifice:0.41025
life & death:0.408
fight scenes:0.40775
existentialism:0.40675
intense:0.39825
culture clash:0.395
moving:0.3865
harsh:0.3845
assassination:0.3835
blindness:0.38075
feel good movie:0.38
oscar:0.37775
loneliness:0.37575
demons:0.3745
complex characters:0.37075
good soundtrack:0.3705
writers:0.3685
lawyers:0.36675
police investigation:0.3655
not funny:0.36275
twist:0.36125
crude humor:0.361
wistful:0.36025
vengeance:0.35925
oscar winner:0.3575
bittersweet:0.34875
suicide attempt:0.34875
classic car:0.34775
excellent:0.33725
oscar (best directing):0.33575
chase:0.3355
disability:0.332
sexy:0.32925
murder:0.32875
doctors:0.3275
honest:0.3245
sad:0.32025
los angeles:0.31975
dialogue:0.31925
