oscar (best actress):0.984
holocaust:0.96375
heartbreaking:0.95625
poland:0.95
genocide:0.90575
guilt:0.9055
dramatic:0.88975
mental illness:0.86875
friendship:0.8645
nazi:0.8485
oscar (best directing):0.83925
jews:0.8375
drama:0.82325
oscar (best cinematography):0.81475
emotional:0.7995
complex characters:0.79125
death:0.78825
adapted from:book:0.78325
great acting:0.77925
redemption:0.77725
jewish:0.77525
secrets:0.77225
tragedy:0.7605
melancholic:0.74925
mentor:0.74475
oscar (best supporting actress):0.739
sad:0.7285
oscar:0.727
world war ii:0.72425
nazis:0.724
unlikely friendships:0.717
camp:0.7125
good acting:0.7115
anti-semitism:0.70875
intense:0.69475
storytelling:0.68775
original:0.667
character study:0.66625
narrated:0.66175
childhood:0.65025
cinematography:0.64525
story:0.621
depression:0.61475
powerful ending:0.60725
survival:0.60625
poignant:0.60625
good:0.59825
life & death:0.59225
exceptional acting:0.592
social commentary:0.58125
sad but good:0.57975
great:0.57775
based on a book:0.57525
imdb top 250:0.575
good soundtrack:0.5715
runaway:0.5695
wwii:0.5685
adaptation:0.55975
earnest:0.55225
touching:0.54975
eccentricity:0.545
compassionate:0.54325
bittersweet:0.5415
oscar (best actor):0.5405
war:0.53925
wartime:0.5375
drinking:0.526
great ending:0.525
beautifully filmed:0.51425
excellent:0.51425
culture clash:0.50925
movielens top pick:0.50325
literature:0.497
based on book:0.497
oscar (best supporting actor):0.489
us history:0.48675
oscar (best foreign language film):0.4835
oscar winner:0.48175
history:0.4725
relationships:0.471
atmospheric:0.46875
reflective:0.4685
prejudice:0.467
transformation:0.46075
oscar (best picture):0.46
passionate:0.46
breathtaking:0.45875
flashbacks:0.45475
bleak:0.4535
loneliness:0.45125
foreign:0.45075
unusual plot structure:0.4485
harsh:0.4475
excellent script:0.446
great movie:0.43925
melancholy:0.439
stunning:0.43825
brutality:0.43775
life:0.43475
realistic:0.4275
