musicians:0.99625
music:0.99325
music business:0.97925
rock and roll:0.9305
original:0.79275
hip hop:0.76825
documentary:0.7405
good soundtrack:0.6645
great music:0.6595
punk:0.64175
corruption:0.61775
criterion:0.606
great:0.56375
weird:0.5505
highly quotable:0.547
good music:0.51725
corporate america:0.51525
musical:0.5115
great ending:0.50325
melancholic:0.484
very interesting:0.46875
satirical:0.46275
pornography:0.461
runaway:0.4605
death:0.43625
interesting:0.43275
talky:0.43225
radio:0.43225
passionate:0.423
awesome soundtrack:0.41475
dialogue:0.41175
complex:0.40775
catastrophe:0.40775
mentor:0.4065
moody:0.40075
nudity (full frontal - brief):0.3975
life philosophy:0.39675
visually appealing:0.39375
narrated:0.39175
enigmatic:0.38975
mtv:0.3895
classic car:0.3875
teen movie:0.3835
intimate:0.3825
storytelling:0.38
stylized:0.3795
great movie:0.37225
grindhouse:0.3715
brutality:0.3635
adaptation:0.356
violence:0.356
entertaining:0.35475
dysfunctional family:0.35225
cynical:0.351
cult film:0.35075
transformation:0.348
twists & turns:0.34725
not funny:0.34125
multiple storylines:0.33825
suprisingly clever:0.33675
writers:0.3365
teen:0.3365
clever:0.33475
tokyo:0.33325
hospital:0.33275
police investigation:0.32825
cult classic:0.32525
jazz:0.32475
guilt:0.3235
independent film:0.31425
bollywood:0.31275
absurd:0.31225
quirky:0.31225
stylish:0.311
fun movie:0.31
golden palm:0.3085
obsession:0.3065
drugs:0.30525
unfunny:0.30475
satire:0.304
ethnic conflict:0.3035
artistic:0.30025
crazy:0.294
exceptional acting:0.29325
grim:0.292
murder:0.29075
great soundtrack:0.28825
story:0.28825
culture clash:0.28675
dark humor:0.28575
sexualized violence:0.28575
good:0.2855
honest:0.2855
social commentary:0.28425
intense:0.28375
life & death:0.28325
allegory:0.283
distopia:0.28275
atmospheric:0.28125
80s:0.27775
