midlife crisis:0.97775
relationships:0.84
sexual:0.75875
melancholic:0.731
adultery:0.71925
original:0.705
life philosophy:0.666
life:0.64925
sexuality:0.631
based on a book:0.6175
nudity (full frontal - notable):0.613
character study:0.5925
nudity (topless - notable):0.5885
unlikely friendships:0.576
dreams:0.56825
suburbia:0.564
sexy:0.55225
reflective:0.54775
loneliness:0.539
passionate:0.53225
intimate:0.532
nudity (topless):0.523
coming of age:0.52125
notable nudity:0.518
talky:0.509
mentor:0.50725
excellent script:0.49975
parenthood:0.49525
pornography:0.48375
great ending:0.47875
bittersweet:0.476
utopia:0.4745
drama:0.4735
childhood:0.4715
road movie:0.46975
wistful:0.4665
betrayal:0.43975
very interesting:0.43975
adolescence:0.435
harsh:0.434
cinematography:0.431
catastrophe:0.424
brutality:0.411
existentialism:0.411
redemption:0.40725
marriage:0.40725
christian:0.407
male nudity:0.40675
whimsical:0.405
friendship:0.40425
drinking:0.404
criterion:0.40325
sex:0.3885
unusual plot structure:0.3875
ironic:0.38475
london:0.37925
cult classic:0.37425
runaway:0.36825
dialogue:0.36375
story:0.36175
adaptation:0.359
suprisingly clever:0.35625
pg-13:0.3545
good soundtrack:0.35125
visually appealing:0.35125
fight scenes:0.351
obsession:0.34925
transformation:0.349
writers:0.34625
not funny:0.34375
happy ending:0.343
dramatic:0.3395
destiny:0.33775
sci fi:0.33575
golden palm:0.33425
downbeat:0.3255
1970s:0.32475
erotic:0.32075
awesome soundtrack:0.3195
culture clash:0.3185
england:0.3185
entirely dialogue:0.31675
beautifully filmed:0.31475
complex:0.31225
predictable:0.312
coming-of-age:0.31025
fantasy world:0.3085
enigmatic:0.305
creativity:0.30375
virginity:0.30275
secrets:0.30125
storytelling:0.3
depression:0.3
teen:0.29925
good:0.2985
feel-good:0.29725
visual:0.2955
quirky:0.29525
social commentary:0.29475
independent film:0.29425
