visual:0.851
chase:0.84275
vengeance:0.74425
film noir:0.7335
storytelling:0.708
original:0.6945
cinematography:0.679
kubrick:0.66275
dialogue:0.6605
noir:0.64775
violent:0.59425
weapons:0.59225
claustrophobic:0.58775
criterion:0.56875
photography:0.53425
atmospheric:0.53025
imdb top 250:0.52475
black and white:0.5195
narrated:0.5005
forceful:0.4995
visceral:0.49875
surreal:0.4975
brutality:0.48875
mentor:0.471
enigmatic:0.46325
good music:0.4495
nudity (full frontal - brief):0.445
runaway:0.44275
redemption:0.43825
weird:0.43475
lone hero:0.43475
visuals:0.43175
great ending:0.4245
nocturnal:0.42375
moody:0.41775
revenge:0.41025
culture clash:0.40925
good soundtrack:0.40725
visually stunning:0.4045
stylized:0.39825
not funny:0.3955
talky:0.39425
story:0.3905
harsh:0.38525
new york:0.38075
surrealism:0.37975
gangsters:0.3795
catastrophe:0.37675
adapted from:book:0.3765
visually appealing:0.3715
great:0.37025
adaptation:0.36675
masterpiece:0.36675
good:0.36525
entirely dialogue:0.3615
eerie:0.35875
boxing:0.35475
feel-good:0.3535
silent:0.35075
stunning:0.3505
police investigation:0.34425
1950s:0.333
cult film:0.33275
gritty:0.332
oscar (best directing):0.33
secrets:0.328
great movie:0.32575
new york city:0.3225
sexualized violence:0.31325
classic car:0.311
existentialism:0.30975
feel good movie:0.3085
allegory:0.3005
violence:0.297
clever:0.292
sexy:0.2905
melancholic:0.29025
life philosophy:0.2855
drama:0.284
cult classic:0.28375
brutal:0.28175
transformation:0.28125
suprisingly clever:0.2805
low budget:0.28025
dreamlike:0.27825
mad scientist:0.27825
paranoia:0.2755
cerebral:0.2715
grim:0.2705
twists & turns:0.26975
insanity:0.26775
suspense:0.26625
so bad it's funny:0.266
betrayal:0.26575
pornography:0.2655
plot holes:0.2645
action:0.26275
paranoid:0.25825
overrated:0.256
interesting:0.25525
