adultery:0.905
talky:0.8805
cinematography:0.857
oscar (best actress):0.84875
tense:0.8125
murder:0.8105
lawyer:0.796
betrayal:0.7905
criterion:0.78275
black and white:0.7805
moral ambiguity:0.7745
atmospheric:0.75625
moody:0.74025
ominous:0.731
guilt:0.7265
oscar (best supporting actress):0.72575
original:0.71175
passionate:0.707
film noir:0.704
classic:0.70325
dramatic:0.6955
light:0.692
downbeat:0.6665
intimate:0.66625
prejudice:0.65575
based on a play:0.6445
police investigation:0.644
greed:0.64275
unusual plot structure:0.64025
corruption:0.639
imdb top 250:0.6365
runaway:0.63075
crime:0.62825
mystery:0.62275
secrets:0.62
enigmatic:0.618
oscar (best directing):0.616
noir:0.61425
breathtaking:0.614
great acting:0.61325
twists & turns:0.60825
investigation:0.60275
dialogue:0.598
exceptional acting:0.5965
complex:0.5845
oscar (best cinematography):0.56
obsession:0.55425
great:0.541
photography:0.539
tragedy:0.537
assassination:0.533
clever:0.53025
affectionate:0.52925
tricky:0.52675
culture clash:0.526
british:0.5175
stylish:0.50225
crime gone awry:0.50225
adaptation:0.49925
melancholic:0.4965
masterpiece:0.49475
idealism:0.49325
great ending:0.492
suspense:0.49125
story:0.48875
psychological:0.47775
drama:0.4775
storytelling:0.47575
earnest:0.472
suprisingly clever:0.4715
golden palm:0.46775
marriage:0.467
forceful:0.466
murder mystery:0.4655
noir thriller:0.46425
lawyers:0.45925
revenge:0.456
interesting:0.45575
cerebral:0.45525
claustrophobic:0.45175
character study:0.4515
oscar (best supporting actor):0.4495
reflective:0.447
stylized:0.446
melancholy:0.44125
death:0.43575
entirely dialogue:0.43525
oscar (best actor):0.4325
catastrophe:0.428
macabre:0.42775
manipulation:0.42725
stunning:0.42675
loneliness:0.4265
nudity (full frontal - brief):0.42575
justice:0.42125
morality:0.417
drinking:0.4155
intense:0.41425
costume drama:0.41075
perfect:0.40925
