super hero:0.99725
superheroes:0.99625
oscar (best animated feature):0.99575
superhero:0.9935
pixar animation:0.993
super-hero:0.981
animation:0.98
computer animation:0.97825
kids and family:0.95475
pixar:0.94775
cartoon:0.94675
children:0.944
animated:0.94025
story:0.92775
action:0.92425
imdb top 250:0.9015
family:0.9005
kids:0.896
original:0.8635
fun:0.859
adventure:0.8445
alter ego:0.83225
fast paced:0.80725
clever:0.8
pg:0.79525
good:0.78475
comic book:0.77875
disney:0.778
stylized:0.77525
great movie:0.7735
storytelling:0.762
dialogue:0.746
great:0.74475
pg-13:0.74025
comedy:0.7385
action packed:0.738
childhood:0.732
funny:0.72975
humor:0.71675
humorous:0.71525
good action:0.71
cute:0.69725
great ending:0.69
cgi:0.682
entertaining:0.68
secrets:0.67525
disney animated feature:0.674
family bonds:0.671
fun movie:0.66625
chase:0.66425
good versus evil:0.66275
visual:0.66125
animals:0.6535
witty:0.6525
oscar winner:0.6435
graphic novel:0.64
visually appealing:0.64
vigilante:0.638
cool:0.6345
better than expected:0.63025
heartwarming:0.61925
dark hero:0.61325
talking animals:0.60825
weapons:0.60775
light:0.60325
family drama:0.5985
based on a comic:0.59625
oscar:0.59175
very funny:0.587
violence:0.5845
very good:0.57375
movielens top pick:0.57325
big budget:0.57225
runaway:0.5705
giant robots:0.5635
social commentary:0.55625
intense:0.55625
excellent:0.553
visually stunning:0.5485
script:0.5425
vengeance:0.54125
dynamic cgi action:0.53625
violent:0.5355
creativity:0.53025
friendship:0.529
mentor:0.5255
fight scenes:0.51825
touching:0.51425
affectionate:0.509
interesting:0.5085
comics:0.50575
buddy movie:0.50475
original plot:0.50425
based on book:0.50375
culture clash:0.5005
hilarious:0.49975
good soundtrack:0.498
technology:0.4965
nocturnal:0.49125
exciting:0.4855
