aardman studios:1.0
stop motion:0.98775
animation:0.98
animals:0.9505
claymation:0.93625
computer animation:0.93175
children:0.908
aardman:0.906
stop-motion:0.89425
kids and family:0.89125
story:0.881
animated:0.877
original:0.8625
prison escape:0.86175
british:0.84525
witty:0.84275
cute:0.83375
animal movie:0.8195
kids:0.8095
humor:0.796
humorous:0.79025
clever:0.78025
cartoon:0.77625
talking animals:0.76775
british comedy:0.75525
funny:0.74075
comedy:0.73975
great:0.72825
fun:0.722
family:0.718
fun movie:0.70675
dialogue:0.70675
entertaining:0.667
light:0.666
childhood:0.6475
great movie:0.64475
good:0.61575
hilarious:0.59425
watch the credits:0.567
cute!:0.5655
moral ambiguity:0.56225
storytelling:0.5435
runaway:0.5415
whimsical:0.53975
birds:0.53775
camp:0.5075
great ending:0.50575
very funny:0.50375
visually stunning:0.50025
affectionate:0.49625
excellent script:0.49625
england:0.49325
oscar (best animated feature):0.4905
rats:0.476
script:0.47575
creativity:0.47475
mentor:0.4745
dreamworks:0.46775
freedom:0.4505
imdb top 250:0.449
fast paced:0.446
visual:0.441
destiny:0.43325
heartwarming:0.43225
colourful:0.42075
catastrophe:0.4165
excellent:0.41475
talky:0.41325
disney:0.41275
adventure:0.4085
oscar winner:0.39875
culture clash:0.39275
pg:0.3915
interesting:0.38075
very good:0.37975
allegory:0.37525
secrets:0.3665
entirely dialogue:0.36625
rabbits:0.3655
betrayal:0.3645
goofy:0.36025
good soundtrack:0.35375
social commentary:0.35325
not funny:0.35125
fantasy world:0.351
weird:0.34075
adaptation:0.3365
pigs:0.33575
obsession:0.334
original plot:0.334
absurd:0.3335
chase:0.331
nostalgic:0.3305
satirical:0.3285
oscar (best directing):0.32475
unfunny:0.3225
criterion:0.322
prison:0.31825
suspense:0.3155
adapted from:book:0.312
