police:0.998
police corruption:0.99375
corruption:0.9755
las vegas:0.9495
chase:0.946
action:0.9285
good action:0.914
police investigation:0.887
realistic action:0.86825
detective:0.86675
fast paced:0.811
violence:0.79675
mentor:0.783
hit men:0.77175
motorcycle:0.763
justice:0.74725
mob:0.743
good:0.72925
dialogue:0.71375
organized crime:0.707
violent:0.70425
pornography:0.695
fun movie:0.68675
guns:0.67225
action packed:0.66
buddy movie:0.65975
original:0.65625
undercover cop:0.65175
crime:0.64725
vengeance:0.63475
runaway:0.6135
assassination:0.603
absurd:0.592
revenge:0.584
gunfight:0.58375
silly:0.58375
plot:0.57425
entertaining:0.5655
fight scenes:0.565
lone hero:0.56475
cool:0.5605
sexy:0.55675
san francisco:0.54775
1970s:0.546
great ending:0.54475
car chase:0.54325
cult film:0.54075
exciting:0.538
gangsters:0.50175
bank robbery:0.50125
nudity (full frontal - brief):0.4955
forceful:0.49125
vigilantism:0.4865
kidnapping:0.48
prostitution:0.47775
destiny:0.47575
interesting:0.46775
classic car:0.46625
life philosophy:0.46175
good soundtrack:0.46025
guilty pleasure:0.46
weapons:0.4535
vigilante:0.45325
intense:0.453
assassins:0.4515
story:0.4405
over the top:0.43275
underrated:0.42875
predictable:0.42275
80s:0.42225
culture clash:0.422
mafia:0.42175
catastrophe:0.416
betrayal:0.4155
thriller:0.415
hitman:0.41
drama:0.40675
nudity (topless - brief):0.40475
anti-hero:0.403
snakes:0.40125
silly fun:0.401
fun:0.398
surveillance:0.39125
very good:0.39075
cult classic:0.386
suspense:0.385
grindhouse:0.3835
notable nudity:0.382
entirely dialogue:0.3785
gritty:0.37275
unusual plot structure:0.3695
great:0.3685
drinking:0.368
prison:0.359
conspiracy:0.35775
brutality:0.35675
so bad it's funny:0.35525
love story:0.3545
adaptation:0.352
investigation:0.3505
