football:0.99075
comedy:0.9885
silly fun:0.96025
goofy:0.95925
funny:0.9405
dumb:0.9305
sports:0.93025
hilarious:0.90975
dumb but funny:0.904
stupid:0.8805
funniest movies:0.87775
silly:0.86925
stupidity:0.8685
very funny:0.845
saturday night live:0.8195
fun movie:0.80675
idiotic:0.792
funny as hell:0.79125
underdog:0.7505
pg-13:0.7405
golf:0.72125
humorous:0.69975
original:0.69875
predictable:0.644
college:0.64175
stupid as hell:0.62025
mentor:0.612
fun:0.6115
crude humor:0.6055
good:0.60175
amy smart:0.59225
humor:0.5835
slapstick:0.56275
rags to riches:0.53775
foul language:0.50025
entertaining:0.49075
great ending:0.484
great:0.468
shallow:0.4655
catastrophe:0.46375
teen movie:0.462
buddy movie:0.4615
stereotypes:0.456
hillarious:0.454
devil:0.4525
parody:0.451
quotable:0.45075
big budget:0.44775
unfunny:0.4435
dialogue:0.4375
lame:0.4335
feel-good:0.4235
fight scenes:0.4235
nerds:0.418
great movie:0.409
alter ego:0.4075
bad acting:0.406
cheerleading:0.402
brutality:0.39025
good soundtrack:0.38675
story:0.38025
drinking:0.3735
sarcasm:0.3705
farce:0.36625
storytelling:0.36
underrated:0.3595
oscar winner:0.359
happy ending:0.35575
special effects:0.3525
chase:0.35125
cerebral:0.347
life philosophy:0.34575
destiny:0.34075
spoof:0.34025
bad plot:0.34
teen:0.339
adaptation:0.3385
so bad it's funny:0.333
fantasy world:0.33275
bullying:0.332
redemption:0.33125
teens:0.33
vengeance:0.32875
beer:0.324
crazy:0.3225
transformation:0.32225
family:0.322
new jersey:0.32025
revenge:0.3195
overrated:0.31825
geeks:0.31825
corny:0.3165
feel good movie:0.31375
inspirational:0.31325
nudity (topless - notable):0.31125
sexy:0.30675
culture clash:0.299
natural disaster:0.29875
better than expected:0.29625
ridiculous:0.2885
