adultery:0.83
thriller:0.8175
murder:0.806
murder mystery:0.773
sexy:0.76425
original:0.75225
nudity (topless - brief):0.74825
psychological:0.70825
pornography:0.7065
cheating:0.69625
midlife crisis:0.6935
sex:0.65225
lawyer:0.63925
predictable:0.6315
police investigation:0.5715
marriage:0.54825
life philosophy:0.52875
suspense:0.52875
nudity (topless):0.5195
pg-13:0.51875
suspenseful:0.51575
relationships:0.5125
mentor:0.512
clever:0.4985
plot:0.49625
suburbia:0.49175
betrayal:0.48125
doctors:0.47175
erotic:0.47025
nudity (rear):0.46875
unlikely friendships:0.467
romantic comedy:0.46525
catastrophe:0.4555
secret service:0.451
plot holes:0.4275
very interesting:0.4245
dialogue:0.417
corruption:0.4165
san francisco:0.4115
good:0.408
lawyers:0.401
nudity (full frontal - brief):0.3985
obsession:0.3965
oscar winner:0.39175
nudity (topless - notable):0.389
not funny:0.38625
great ending:0.38525
so bad it's funny:0.385
manipulation:0.38375
very funny:0.3755
sexual:0.37425
destiny:0.371
interesting:0.36825
family:0.367
culture clash:0.3665
pointless:0.3655
nudity (full frontal - notable):0.361
adaptation:0.36
shallow:0.35675
first contact:0.3525
twists & turns:0.35025
good acting:0.3455
chase:0.34525
infidelity:0.33875
investigation:0.338
good soundtrack:0.33625
intense:0.326
justice:0.32425
story:0.32325
runaway:0.322
internet:0.31875
psychology:0.31775
lone hero:0.31375
happy ending:0.31175
dysfunctional family:0.3035
police corruption:0.302
overrated:0.29425
notable nudity:0.2935
natural disaster:0.2925
brutality:0.28825
girlie movie:0.288
drama:0.288
entertaining:0.283
fantasy world:0.28225
bad plot:0.28225
social commentary:0.28125
storytelling:0.27975
fight scenes:0.27925
big budget:0.278
twist:0.278
sexuality:0.27575
great:0.27175
boring:0.2715
president:0.27
guilt:0.26875
gangsters:0.26825
unfunny:0.26575
stupid:0.264
bad ending:0.264
oscar (best directing):0.2625
