politics:0.995
political:0.9835
documentary:0.97925
business:0.9365
fighting the system:0.93625
greed:0.865
history:0.8495
corruption:0.84
biography:0.83175
controversial:0.782
original:0.7645
passionate:0.759
mentor:0.74875
factual:0.74475
idealism:0.7265
propaganda:0.72125
very interesting:0.6875
criterion:0.67175
world politics:0.66775
movielens top pick:0.6655
interesting:0.66
california:0.64475
weird:0.642
good:0.62375
talky:0.6235
runaway:0.619
us history:0.613
childhood:0.611
justice:0.59975
honest:0.594
free to download:0.58175
manipulation:0.58075
great movie:0.569
iraq war:0.569
based on book:0.566
downbeat:0.56175
capitalism:0.5565
inspiring:0.5495
biographical:0.5435
revolution:0.5425
pornography:0.541
culture clash:0.53525
social commentary:0.535
journalism:0.53225
oil:0.52525
earnest:0.52275
good soundtrack:0.51825
forceful:0.518
great ending:0.51375
censorship:0.5115
narrated:0.5065
new jersey:0.4935
life:0.48875
freedom:0.48875
brainwashing:0.48475
philosophy:0.48025
great:0.479
courage:0.47575
sacrifice:0.4715
chase:0.4705
oscar (best supporting actress):0.47025
moral ambiguity:0.465
ironic:0.46475
surveillance:0.462
suprisingly clever:0.46075
reflective:0.4575
excellent script:0.4515
oscar winner:0.44975
latin america:0.4495
catastrophe:0.44775
oscar (best directing):0.44425
president:0.4435
police investigation:0.44225
islam:0.442
family:0.4415
tense:0.438
tragedy:0.438
excellent:0.43525
classic car:0.434
independent film:0.431
powerful ending:0.431
paranoid:0.42825
whimsical:0.4265
melancholy:0.42025
investigation:0.41875
educational:0.41775
environmental:0.4175
very good:0.41675
melancholic:0.4165
intelligent:0.4055
sad:0.4
too short:0.396
philosophical:0.393
nudity (rear):0.39125
redemption:0.391
heartbreaking:0.391
bittersweet:0.3895
race issues:0.3895
visually appealing:0.38875
workplace:0.38825
