remake:0.98825
horrible:0.91475
sports:0.894
original:0.882
bad acting:0.88175
pointless:0.836
action:0.832
bad plot:0.8205
predictable:0.816
so bad it's funny:0.79625
sci fi:0.79125
violence:0.78
futuristic:0.7045
mentor:0.69675
awful:0.6945
bad:0.6785
shallow:0.64775
racing:0.63875
idiotic:0.631
brutality:0.618
lame:0.61625
big budget:0.60925
cool:0.6025
violent:0.60125
crappy sequel:0.592
dialogue:0.5805
destiny:0.5795
disaster:0.56575
pulp:0.5655
nocturnal:0.555
overrated:0.54425
good action:0.5265
sci-fi:0.52275
pg-13:0.5175
future:0.503
bad script:0.49175
fight scenes:0.4885
bad cgi:0.4865
storytelling:0.48425
action packed:0.4805
family:0.472
first contact:0.4645
chase:0.46225
science fiction:0.4455
stupid as hell:0.4425
great ending:0.4335
greed:0.43325
motorcycle:0.4305
fantasy world:0.42975
splatter:0.4285
stupid:0.42375
fun:0.423
dystopia:0.4195
dynamic cgi action:0.411
catastrophe:0.40825
nudity (topless):0.408
story:0.40025
entirely dialogue:0.3965
multiple storylines:0.39375
not funny:0.38875
special effects:0.386
vengeance:0.385
redemption:0.38075
corruption:0.37875
fantasy:0.37825
based on a video game:0.37675
cult classic:0.37625
adaptation:0.3725
quirky:0.369
absurd:0.36425
silly:0.359
scifi:0.3515
ridiculous:0.34875
gangsters:0.348
natural disaster:0.3465
cinematography:0.34075
plot holes:0.338
boring:0.33625
feel-good:0.33575
fun movie:0.32825
lone hero:0.3265
good soundtrack:0.325
feel good movie:0.3225
sexy:0.32025
surreal:0.3185
stylized:0.31475
franchise:0.3135
slapstick:0.31125
life philosophy:0.31
intense:0.3085
writers:0.3075
cult film:0.30475
original plot:0.3045
inspirational:0.30325
death:0.30275
imdb top 250:0.30125
based on a book:0.30125
unfunny:0.29825
light:0.297
brainwashing:0.296
