oscar (best actress):0.9845
oscar (best cinematography):0.9475
oscar (best directing):0.945
long:0.92875
cinematography:0.8655
god:0.86425
based on true story:0.862
great acting:0.8585
oscar:0.84875
biographical:0.8365
story:0.83625
historical:0.814
breathtaking:0.804
oscar (best supporting actress):0.7765
beautifully filmed:0.76775
inspiring:0.7615
france:0.75625
runaway:0.75075
sacrifice:0.746
oscar (best picture):0.743
courage:0.737
terminal illness:0.73675
virginity:0.7345
original:0.7285
culture clash:0.7155
true story:0.715
mentor:0.707
beautiful scenery:0.7025
oscar (best supporting actor):0.692
sentimental:0.67625
drama:0.67525
melancholic:0.6675
poignant:0.66125
visually appealing:0.6575
adaptation:0.6565
adapted from:book:0.65225
based on a book:0.6445
factual:0.6425
earnest:0.632
oscar winner:0.63075
scenic:0.62775
childhood:0.62275
justice:0.62
biography:0.61825
oscar (best actor):0.614
imdb top 250:0.6105
religion:0.60425
drinking:0.604
epic:0.604
based on book:0.5975
enormously long battle scene:0.59675
wartime:0.59425
compassionate:0.59425
dramatic:0.59075
emotional:0.582
catastrophe:0.5815
christianity:0.57725
bittersweet:0.569
christian:0.56675
insanity:0.56575
enigmatic:0.56575
criterion:0.56475
downbeat:0.55675
storytelling:0.55375
stunning:0.54825
forceful:0.545
jews:0.5445
melancholy:0.542
based on a true story:0.54125
good acting:0.541
great:0.54
pg-13:0.5375
friendship:0.5375
touching:0.53575
jesus:0.53075
idealism:0.52725
visually stunning:0.5235
beautiful:0.51875
fantasy world:0.513
excellent:0.513
passionate:0.50825
inspirational:0.5075
french:0.50175
adolescence:0.496
small town:0.49225
shallow:0.492
costume drama:0.4875
harsh:0.48225
unlikely friendships:0.48175
great ending:0.47975
disability:0.468
talky:0.4665
redemption:0.45975
nazis:0.45625
secrets:0.4555
transformation:0.4545
sad but good:0.45125
visual:0.45075
reflective:0.45075
exceptional acting:0.44525
