dark:0.97025
hospital:0.9615
weird:0.9595
life & death:0.9375
enigmatic:0.935
doctors:0.90825
supernatural:0.88675
criterion:0.87
good sequel:0.863
suspense:0.862
secrets:0.85
surreal:0.8485
gory:0.8445
tense:0.83225
cinematography:0.82125
great ending:0.817
eerie:0.8135
original:0.80175
visual:0.79925
cerebral:0.7975
demons:0.79625
series:0.79425
drama:0.7925
ghosts:0.78825
visually appealing:0.7845
imdb top 250:0.784
violent:0.775
allegory:0.77375
creepy:0.77175
atmospheric:0.7695
suspenseful:0.768
cult classic:0.76625
mystery:0.7645
loneliness:0.755
vengeance:0.75225
grim:0.749
melancholic:0.748
oscar (best actress):0.7415
strange:0.73875
psychological:0.73025
disturbing:0.73
solitude:0.72725
absurd:0.72675
bleak:0.723
nocturnal:0.7135
golden palm:0.707
stylized:0.70325
masterpiece:0.69125
interesting:0.687
harsh:0.682
storytelling:0.6805
good music:0.66875
pornography:0.6675
talky:0.6665
visceral:0.666
murder:0.666
good:0.655
unusual plot structure:0.65025
dark humor:0.6435
satirical:0.639
obsession:0.63525
violence:0.63525
melancholy:0.6305
moody:0.6265
macabre:0.6255
intense:0.62475
chase:0.61775
social commentary:0.61725
brutality:0.61675
police investigation:0.616
complex:0.615
reflective:0.612
twists & turns:0.61125
dreamlike:0.61075
serial killer:0.61025
suprisingly clever:0.6065
manipulation:0.59475
insanity:0.58975
mindfuck:0.58875
bizarre:0.58675
crime gone awry:0.5845
sexualized violence:0.58175
revenge:0.581
narrated:0.5785
downbeat:0.574
very good:0.573
breathtaking:0.57225
forceful:0.57075
horror:0.56925
male nudity:0.566
nonlinear:0.56525
eccentricity:0.56325
very interesting:0.55075
great acting:0.548
claustrophobic:0.54425
trilogy:0.5425
thriller:0.54125
exceptional acting:0.54075
great movie:0.53875
satire:0.53825
