spying:0.84825
dialogue:0.76075
spiders:0.746
espionage:0.73075
animals:0.72325
silly:0.723
original:0.70625
entertaining:0.704
fun movie:0.69575
bad plot:0.69175
family:0.687
snakes:0.676
action:0.6615
predictable:0.65825
spies:0.62475
no plot:0.5905
australia:0.5665
story:0.556
chase:0.53275
spy:0.53175
script:0.52125
adventure:0.48875
fun:0.45525
dumb but funny:0.4395
bad acting:0.4335
silly fun:0.43
reality tv:0.426
mentor:0.41975
storytelling:0.41575
overrated:0.41575
great ending:0.4105
pointless:0.39675
suspense:0.37325
fight scenes:0.373
entirely dialogue:0.3695
pg-13:0.368
catastrophe:0.366
fast paced:0.366
australian:0.36275
death:0.3585
existentialism:0.35525
satirical:0.35225
weapons:0.349
series:0.348
animal movie:0.34475
science fiction:0.3395
fantasy world:0.33875
internet:0.3385
intense:0.33725
runaway:0.33575
stupid:0.33175
secrets:0.3315
twists & turns:0.3305
brutality:0.3305
redemption:0.32875
lone hero:0.3275
pornography:0.32625
so bad it's funny:0.32
first contact:0.319
goofy:0.319
very funny:0.31325
comedy:0.3125
violence:0.309
sci fi:0.30675
imdb top 250:0.306
police investigation:0.3015
great:0.301
nudity (full frontal - brief):0.3005
pulp:0.3
special effects:0.29775
weird:0.29625
stupidity:0.29625
light:0.29125
unfunny:0.29075
franchise:0.282
cool:0.28075
doctors:0.2795
sexy:0.27775
splatter:0.27525
exciting:0.27475
cinematography:0.2745
self discovery:0.2735
shallow:0.272
justice:0.2715
melancholic:0.26975
destiny:0.26925
suspenseful:0.26875
slapstick:0.2675
culture clash:0.265
quirky:0.2625
parallel universe:0.26175
talking animals:0.2615
adaptation:0.26
television:0.26
not funny:0.25725
clever:0.25025
scary:0.24875
gangsters:0.24875
writers:0.2465
murder:0.2465
