suicide:0.97925
depression:0.9425
weird:0.89175
addiction:0.8905
obsession:0.876
loneliness:0.85225
cerebral:0.818
enigmatic:0.80275
drugs:0.79225
downbeat:0.79
bleak:0.78775
off-beat comedy:0.76525
original:0.7645
independent film:0.758
character study:0.74625
indie:0.74375
melancholic:0.735
redemption:0.72525
grim:0.72125
very interesting:0.713
existentialism:0.7105
guilt:0.70225
great ending:0.7
intense:0.694
nonlinear:0.69
complex:0.676
intimate:0.6615
psychological:0.639
storytelling:0.63775
dark:0.63525
strange:0.625
pornography:0.61125
dialogue:0.61025
life philosophy:0.60925
quirky:0.59425
visceral:0.591
reflective:0.58925
interesting:0.5885
vengeance:0.58675
depressing:0.578
emotional:0.5755
life & death:0.57275
death:0.57175
relationships:0.5685
good soundtrack:0.5635
dark humor:0.562
insanity:0.556
talky:0.54325
mindfuck:0.543
melancholy:0.531
mentor:0.52875
great acting:0.5265
psychology:0.522
paranoid:0.52125
social commentary:0.5185
dysfunctional family:0.51775
pretentious:0.514
drug addiction:0.5035
pointless:0.5035
road movie:0.50175
visually appealing:0.501
tragedy:0.497
ironic:0.4925
harsh:0.4925
philosophy:0.49225
story:0.4905
police investigation:0.4855
surreal:0.48025
life:0.473
first contact:0.46275
sad:0.461
artsy:0.4605
writers:0.46
creativity:0.459
suicide attempt:0.4545
cinematography:0.451
entirely dialogue:0.45025
bad ending:0.43725
drama:0.43475
black comedy:0.43425
clever:0.4325
bizarre:0.4315
mental illness:0.42875
plot:0.42575
nudity (full frontal - notable):0.42125
greed:0.40675
criterion:0.40625
catastrophe:0.399
twist:0.3955
honest:0.389
drinking:0.389
road trip:0.388
great:0.387
twists & turns:0.3835
suprisingly clever:0.382
workplace:0.378
very funny:0.3745
multiple storylines:0.37425
tricky:0.37275
underrated:0.37125
