nudity (full frontal - brief):0.95825
visually appealing:0.95625
social commentary:0.9535
storytelling:0.94775
complex:0.901
loneliness:0.8795
melancholic:0.8785
visually stunning:0.87825
drama:0.876
tokyo:0.85625
japan:0.8475
multiple storylines:0.834
tragedy:0.8065
allegory:0.796
cinematography:0.7945
non-linear:0.78525
original:0.78
relationships:0.77975
islam:0.765
reflective:0.7625
great acting:0.76025
nudity (full frontal - notable):0.75375
foreign:0.7425
intimate:0.74225
life & death:0.738
thought-provoking:0.73675
dramatic:0.73075
spanish:0.7275
story:0.72575
good soundtrack:0.71875
intense:0.6995
coming of age:0.698
bleak:0.6955
emotional:0.6905
japanese:0.69025
powerful ending:0.68975
imdb top 250:0.687
culture clash:0.6845
mexico:0.68375
father daughter relationship:0.683
suicide:0.679
destiny:0.645
brutality:0.641
exceptional acting:0.6385
existentialism:0.63775
interesting:0.6295
depression:0.6255
oscar (best directing):0.62525
nonlinear:0.62525
depressing:0.622
redemption:0.62
forceful:0.61925
pornography:0.61775
enigmatic:0.60825
heartbreaking:0.60475
realistic:0.6025
cerebral:0.595
greed:0.58825
harsh:0.588
weird:0.58525
art house:0.58525
great ending:0.58425
independent film:0.57725
humanity:0.5765
world politics:0.575
good acting:0.56925
beautifully filmed:0.56775
runaway:0.56675
catastrophe:0.5485
excellent script:0.5485
golden palm:0.54425
pointless:0.54375
oscar:0.5335
amazing cinematography:0.531
weapons:0.52975
oscar (best foreign language film):0.5295
great cinematography:0.52875
adolescence:0.5255
plot:0.5245
desert:0.52275
compassionate:0.5155
narrated:0.51375
biblical:0.5105
absurd:0.50975
guilt:0.506
death:0.50425
police investigation:0.50425
prejudice:0.50325
dialogue:0.49825
very interesting:0.49725
intellectual:0.4955
poignant:0.49425
visceral:0.49375
visual:0.49375
breathtaking:0.48775
hospital:0.48775
secrets:0.48575
artsy:0.48325
solitude:0.479
sacrifice:0.4785
