space travel:0.9925
space:0.988
masterpiece:0.9835
visual:0.9755
imdb top 250:0.97175
astronauts:0.96625
kubrick:0.964
scifi:0.95575
visually appealing:0.95375
cerebral:0.9505
meditative:0.94575
science fiction:0.945
enigmatic:0.9445
70mm:0.915
visually stunning:0.909
futuristic:0.90125
breathtaking:0.89575
sci fi:0.8945
future:0.8915
technology:0.88875
philosophical:0.8865
slow paced:0.88525
storytelling:0.857
first contact:0.8505
adapted from:book:0.8475
amazing cinematography:0.83625
sci-fi:0.83275
cinematography:0.82375
weird:0.813
narrated:0.8025
dialogue:0.7995
humanity:0.7985
original:0.79025
surreal:0.78475
stylized:0.77125
story:0.76225
atmospheric:0.76025
existentialism:0.7565
afi 100:0.756
beautifully filmed:0.74875
scenic:0.74075
melancholic:0.73675
thought-provoking:0.73525
space program:0.73475
effects:0.733
allegory:0.7295
stunning:0.7285
mindfuck:0.725
intellectual:0.72425
criterion:0.721
genius:0.71475
loneliness:0.7145
artistic:0.68825
imagination:0.68775
slow:0.68775
psychedelic:0.68175
great ending:0.68
philosophy:0.67875
oscar (best directing):0.66375
life & death:0.66075
classic:0.66075
evolution:0.65175
nasa:0.639
classical music:0.6325
paranoia:0.63125
space opera:0.62925
talky:0.62875
interesting:0.62875
great cinematography:0.62625
obsession:0.6245
self discovery:0.6215
complex:0.62025
golden palm:0.62
cult classic:0.6175
social commentary:0.615
good soundtrack:0.613
melancholy:0.612
based on a book:0.61025
special effects:0.609
cult film:0.60675
visuals:0.60225
art:0.5995
aliens:0.59675
dreamlike:0.59525
beautiful scenery:0.5915
afi 100 (movie quotes):0.57825
reflective:0.57225
intelligent sci-fi:0.563
ominous:0.562
weapons:0.5585
boring!:0.54825
greed:0.53925
eerie:0.539
science:0.538
pretentious:0.535
paranoid:0.5285
intelligent:0.52725
man versus machine:0.52675
very interesting:0.52675
original plot:0.52675
