teen movie:0.9455
love story:0.9315
romantic:0.91475
romance:0.9105
love:0.89075
teen:0.84375
relationships:0.80975
teens:0.80625
high school:0.787
so bad it's funny:0.76325
chick flick:0.73375
original:0.67925
pg-13:0.67175
girlie movie:0.61375
beautiful scenery:0.60075
adolescence:0.59125
teenager:0.58125
teenagers:0.5715
good soundtrack:0.57
virginity:0.5555
romantic comedy:0.52
catastrophe:0.5115
unusual plot structure:0.51075
happy ending:0.5055
college:0.49275
life & death:0.48675
remake:0.477
sex:0.4485
great ending:0.43375
manipulation:0.42775
bad ending:0.425
suprisingly clever:0.42225
unrealistic:0.42175
sappy:0.41925
transformation:0.41425
cancer:0.3995
mentor:0.39875
irish accent:0.396
nerds:0.39575
sacrifice:0.39125
death:0.391
bad acting:0.387
better than expected:0.38625
complex:0.38325
predictable:0.38175
notable nudity:0.37425
women:0.3725
betrayal:0.3705
plot holes:0.36725
drinking:0.35075
not funny:0.34225
weed:0.33725
adaptation:0.33375
storytelling:0.32725
grindhouse:0.32725
sexual:0.3255
dialogue:0.31775
cheesy:0.3155
geeks:0.314
fashion:0.30675
writers:0.29775
honest:0.29525
visually stunning:0.29375
good romantic comedies:0.2915
classic car:0.29025
divorce:0.286
cheerleading:0.283
harsh:0.28075
amy smart:0.27725
bad plot:0.27525
adapted from:book:0.27425
shopping:0.26325
alternate endings:0.26175
cars:0.2615
drama:0.261
absurd:0.2565
good:0.2545
reflective:0.25075
natural disaster:0.24825
sexy:0.24725
unfunny:0.24075
fight scenes:0.239
gay character:0.238
segregation:0.23125
bad cgi:0.22775
nudity (rear):0.226
vengeance:0.224
runaway:0.224
immortality:0.2235
pornography:0.216
dumb:0.21175
alternate history:0.21025
interracial romance:0.20775
hospital:0.20425
twists & turns:0.20125
melancholic:0.20025
simple:0.1965
cheating:0.19525
bad:0.19425
overrated:0.194
