literary adaptation:0.96075
hotel:0.879
nazi:0.79425
based on a book:0.78725
idealism:0.7765
nazis:0.766
satirical:0.758
visual:0.75
surreal:0.749
jews:0.73475
england:0.7285
original:0.71425
based on book:0.69175
mentor:0.68625
narrated:0.669
golden palm:0.65525
meditative:0.6475
visually stunning:0.64325
cinematography:0.643
political:0.6425
bittersweet:0.63425
politics:0.631
german:0.62575
satire:0.60675
runaway:0.6035
culture clash:0.6025
melancholy:0.60075
adapted from:book:0.595
beautiful scenery:0.59475
absurd:0.59225
imagination:0.57725
sexy:0.57225
drama:0.571
enigmatic:0.57025
talky:0.5685
moral ambiguity:0.55475
love:0.5495
visually appealing:0.5395
dreamlike:0.5295
reflective:0.52875
beautiful:0.5285
fantasy world:0.52825
war:0.52425
dramatic:0.51775
world war ii:0.51725
wwii:0.51675
light:0.51375
prison:0.51125
great:0.5105
artistic:0.50775
1930s:0.506
foreign:0.50275
melancholic:0.496
stylized:0.488
destiny:0.48375
life & death:0.48225
women:0.47925
fight scenes:0.4785
whimsical:0.47625
great ending:0.47425
masterpiece:0.4705
sacrifice:0.463
brutality:0.4565
criterion:0.45375
surrealism:0.4535
ironic:0.45175
good soundtrack:0.445
earnest:0.44475
historical:0.4445
passionate:0.444
witty:0.4335
male nudity:0.43075
scenic:0.4295
british:0.42225
irreverent:0.4175
storytelling:0.4165
comedy:0.415
catastrophe:0.41425
doctors:0.4105
suprisingly clever:0.41025
dreams:0.399
nostalgic:0.38725
unusual plot structure:0.385
cynical:0.37925
train:0.3785
notable soundtrack:0.378
cerebral:0.3755
affectionate:0.37425
breathtaking:0.37175
us history:0.36875
oscar (best directing):0.36725
weird:0.36525
quotable:0.365
love story:0.36175
oscar (best supporting actress):0.3605
adaptation:0.359
romantic:0.357
period piece:0.35625
beautifully filmed:0.35075
biting:0.35025
