foreign:0.8655
original:0.7955
love story:0.79225
cinematography:0.76475
relationships:0.74625
melancholic:0.73875
visually appealing:0.735
weird:0.72475
drama:0.70975
china:0.707
enigmatic:0.70525
criterion:0.6995
social commentary:0.67875
life philosophy:0.6695
talky:0.6675
visually stunning:0.66175
loneliness:0.6565
intimate:0.62425
existentialism:0.623
dialogue:0.61325
secrets:0.61
beautifully filmed:0.60875
story:0.602
very interesting:0.5985
beautiful scenery:0.593
reflective:0.5905
golden palm:0.58025
suprisingly clever:0.579
business:0.57675
male nudity:0.56675
cerebral:0.5655
good soundtrack:0.541
depressing:0.5365
complex:0.53575
visual:0.53575
melancholy:0.53525
culture clash:0.5295
slow:0.52575
philosophy:0.523
oscar (best foreign language film):0.516
depression:0.502
pornography:0.49625
movielens top pick:0.49475
idealism:0.4915
homeless:0.4835
passionate:0.48275
great ending:0.4775
dysfunctional family:0.47725
obsession:0.46975
colourful:0.4675
beautiful:0.4645
intellectual:0.46425
nudity (full frontal - notable):0.4635
narrated:0.46175
stylized:0.45925
catastrophe:0.4565
mentor:0.4555
allegory:0.45075
betrayal:0.45025
absurd:0.44975
entirely dialogue:0.4445
classic car:0.439
redemption:0.43625
weapons:0.43025
adaptation:0.42825
intense:0.428
emotional:0.423
adapted from:book:0.415
parenthood:0.413
bittersweet:0.4095
not funny:0.40625
storytelling:0.403
family:0.40025
adultery:0.40025
love:0.39825
romantic:0.39725
dramatic:0.393
family drama:0.39025
art house:0.38625
good:0.383
indie:0.37975
independent film:0.378
sad:0.3765
life & death:0.37525
good acting:0.375
scenic:0.3715
photography:0.3635
thought-provoking:0.36175
tokyo:0.359
downbeat:0.358
original plot:0.355
ethnic conflict:0.354
great:0.349
corruption:0.3485
multiple storylines:0.34225
clever:0.342
destiny:0.342
alien:0.3405
off-beat comedy:0.3395
nonlinear:0.33775
