history:0.9805
vietnam war:0.963
reflective:0.9475
complex:0.92175
us history:0.9155
military:0.912
war:0.90075
wartime:0.873
war movie:0.86175
civil war:0.8555
vietnam:0.853
dramatic:0.84525
historical:0.84
assassination:0.8395
original:0.82225
narrated:0.81675
very interesting:0.81625
politics:0.815
intimate:0.812
interesting:0.7915
imdb top 250:0.7895
documentary:0.785
talky:0.7685
oscar (best directing):0.76475
bombs:0.7615
political:0.75525
weapons:0.74125
social commentary:0.73575
world politics:0.7275
honest:0.727
criterion:0.726
controversial:0.71675
nuclear war:0.70975
guilt:0.70675
corruption:0.69725
forceful:0.69675
1960s:0.68825
mentor:0.68
intellectual:0.68
greed:0.677
powerful ending:0.67675
tragedy:0.675
oscar (best actress):0.67425
iraq:0.668
runaway:0.663
thought-provoking:0.66025
death:0.65875
excellent script:0.65775
world war ii:0.64525
morality:0.6445
biographical:0.64425
genocide:0.6355
culture clash:0.6345
great acting:0.63225
suprisingly clever:0.62825
courage:0.62475
oscar winner:0.6245
president:0.614
good:0.61125
tense:0.6105
cold war:0.60975
tokyo:0.60525
brutality:0.6005
intelligent:0.59875
manipulation:0.59375
clever:0.58375
ethnic conflict:0.58025
suspense:0.58025
good soundtrack:0.5795
realistic:0.57725
poignant:0.57625
japan:0.57475
good acting:0.57175
journalism:0.5715
foreign:0.5675
catastrophe:0.5675
great ending:0.5645
best war films:0.558
compassionate:0.54025
oscar (best foreign language film):0.53975
nuclear:0.53875
storytelling:0.52825
character study:0.528
very good:0.523
twists & turns:0.52125
movielens top pick:0.51875
witty:0.5175
wwii:0.517
secrets:0.5145
dialogue:0.514
cinematography:0.5085
assassin:0.5015
pornography:0.49925
california:0.497
grim:0.49325
iraq war:0.4915
great movie:0.49075
betrayal:0.48975
crime:0.48875
good music:0.48625
