hip hop:0.99775
music business:0.98175
highly quotable:0.973
parody:0.92575
satirical:0.834
rock and roll:0.826
gangsters:0.78225
comedy:0.76875
very funny:0.748
spoof:0.74275
satire:0.72
musicians:0.71425
funny:0.7135
goofy:0.69625
mockumentary:0.68025
original:0.6575
hilarious:0.652
gangster:0.64625
stereotypes:0.57725
so bad it's funny:0.5585
silly fun:0.54575
funniest movies:0.54225
humor:0.54
unfunny:0.5215
humorous:0.5065
good:0.448
great ending:0.43525
mentor:0.434
music:0.42775
dialogue:0.4225
great:0.4055
pornography:0.39775
catastrophe:0.38675
life philosophy:0.38375
absurd:0.37875
affectionate:0.37825
brutality:0.3775
fun movie:0.37075
good soundtrack:0.36275
surreal:0.36125
crude humor:0.356
silly:0.3555
violent:0.35475
predictable:0.34175
unusual plot structure:0.3395
fun:0.33575
destiny:0.326
nudity (full frontal - brief):0.3145
adaptation:0.31025
corruption:0.31
pg-13:0.3095
clever:0.30825
storytelling:0.30425
cult film:0.29975
lone hero:0.29975
runaway:0.298
fantasy world:0.29625
black comedy:0.289
funny as hell:0.28125
dumb but funny:0.28
culture clash:0.2795
revenge:0.278
entirely dialogue:0.277
melancholic:0.27675
good action:0.27475
adapted from:book:0.27175
vengeance:0.27125
reality tv:0.27025
not funny:0.2675
first contact:0.26675
social commentary:0.26125
crime gone awry:0.26125
overrated:0.26025
pulp:0.25975
cool:0.259
cult classic:0.25725
quirky:0.2465
fight scenes:0.24525
family drama:0.24025
nudity (rear):0.239
awesome soundtrack:0.2375
underrated:0.235
weapons:0.234
musical:0.233
idiotic:0.233
criterion:0.23075
twists & turns:0.23
farce:0.228
weird:0.227
stupid as hell:0.22675
splatter:0.2255
buddy movie:0.2255
lame:0.22525
slapstick:0.2245
saturday night live:0.22275
writers:0.22225
creativity:0.22225
sexy:0.21925
suprisingly clever:0.2185
campy:0.21475
