martial arts:0.9995
kung fu:0.99275
fight scenes:0.96425
action:0.8895
fighting:0.8855
good action:0.8295
hong kong:0.81925
mentor:0.81275
trilogy:0.78075
china:0.714
vengeance:0.681
breathtaking:0.67425
fun movie:0.67225
first contact:0.6215
love:0.612
weapons:0.61175
original:0.6095
visually appealing:0.605
beautiful scenery:0.60475
mythology:0.6035
transformation:0.6
cancer:0.57525
action packed:0.57275
cool:0.56375
classic car:0.5265
biopic:0.5255
great ending:0.52425
kick-butt women:0.52275
better than expected:0.52
melancholic:0.5095
story:0.50375
beautifully filmed:0.49775
giant robots:0.497
runaway:0.4925
culture clash:0.48225
pg-13:0.48125
technology:0.4765
intimate:0.474
lone hero:0.47275
brutality:0.4705
dramatic:0.4685
superheroes:0.46725
great:0.4575
franchise:0.4565
visually stunning:0.45625
catastrophe:0.4485
allegory:0.44525
wuxia:0.44225
gangsters:0.43775
storytelling:0.4345
life philosophy:0.4325
dialogue:0.429
life & death:0.42775
grindhouse:0.42375
redemption:0.4175
dark hero:0.4115
entertaining:0.403
sacrifice:0.40125
revenge:0.3995
assassination:0.3985
drama:0.39525
cinematography:0.3925
gangs:0.391
solitude:0.3895
stunning:0.388
awesome soundtrack:0.3835
apocalypse:0.38125
super hero:0.38025
artist:0.3785
powerful ending:0.37625
suprisingly clever:0.3715
passionate:0.3615
blindness:0.35575
biographical:0.35575
superhero:0.35575
good:0.3535
immortality:0.349
space travel:0.3465
scifi:0.34475
family drama:0.34125
wine:0.3385
segregation:0.3385
ninja:0.33775
not funny:0.3345
fast paced:0.32875
unusual plot structure:0.32525
complex:0.321
creativity:0.318
good soundtrack:0.31675
destiny:0.31625
amazing photography:0.31575
chase:0.315
crude humor:0.31475
predictable:0.314
underrated:0.3065
art:0.295
nostalgic:0.2925
perfect:0.2925
factual:0.2915
tokyo:0.28675
