relationships:0.949
coming of age:0.917
male nudity:0.9025
nudity (full frontal - notable):0.89275
spanish:0.88775
coming-of-age:0.88525
original:0.8835
good soundtrack:0.84125
social commentary:0.82
loneliness:0.816
melancholic:0.81175
nudity (full frontal):0.78375
drinking:0.781
life:0.7805
childhood:0.76675
humorous:0.7545
runaway:0.74075
reflective:0.7385
mentor:0.73825
sexual:0.73525
quirky:0.72575
harsh:0.72175
criterion:0.71525
golden palm:0.7115
brutality:0.70275
talky:0.69825
complex:0.696
independent film:0.68775
visually appealing:0.67
dark humor:0.6675
humor:0.659
gunfight:0.65825
bittersweet:0.65
storytelling:0.6475
pornography:0.64575
mother-son relationship:0.64575
life philosophy:0.6455
bleak:0.63825
narrated:0.634
black comedy:0.63075
character study:0.61875
pregnancy:0.613
surreal:0.60875
friendship:0.60325
vengeance:0.594
unlikely friendships:0.591
sex:0.5895
violent:0.58525
very funny:0.58225
great ending:0.5745
adolescence:0.5705
nocturnal:0.56375
intimate:0.5535
sexuality:0.55
depression:0.548
cult classic:0.546
weird:0.54575
workplace:0.5455
grindhouse:0.544
oscar (best foreign language film):0.538
psychology:0.537
foreign:0.536
sexualized violence:0.5335
violence:0.531
disturbing:0.53
dysfunctional family:0.5275
mental illness:0.527
destiny:0.52425
excellent script:0.52225
nudity (topless - notable):0.51925
melancholy:0.5175
oscar (best actress):0.5145
interesting:0.51375
psychological:0.5105
drama:0.50925
drugs:0.5075
honest:0.507
redemption:0.507
emotional:0.50475
life & death:0.5045
1970s:0.50425
highly quotable:0.50225
existentialism:0.5015
atmospheric:0.5005
affectionate:0.4985
classic car:0.49725
enigmatic:0.49725
goofy:0.497
downbeat:0.49525
dark hero:0.495
culture clash:0.48925
grim:0.489
good dialogue:0.48775
revenge:0.4875
suprisingly clever:0.484
nudity (topless - brief):0.48125
very interesting:0.481
witty:0.47775
cinematography:0.4755
realistic:0.474
