nudity (topless):0.9965
slasher:0.97725
horror:0.95925
nudity (topless - brief):0.92725
teen movie:0.868
predictable:0.8355
splatter:0.828
original:0.774
teens:0.76775
twist ending:0.7665
horrible:0.70475
teen:0.6895
death:0.64425
halloween:0.6355
bloody:0.63425
murder:0.628
so bad it's funny:0.625
sexy:0.6185
bad plot:0.61475
revenge:0.609
lame:0.58875
great ending:0.582
pointless:0.57225
serial killer:0.555
bad acting:0.5535
stupid:0.54475
high school:0.52775
scary:0.5275
brutality:0.52725
franchise:0.50725
idiotic:0.49925
police investigation:0.49325
surprise ending:0.4865
overrated:0.48575
dialogue:0.483
suspense:0.466
stupid as hell:0.4575
fun movie:0.4555
mentor:0.45275
80s:0.445
girlie movie:0.434
weapons:0.43225
blood:0.432
gory:0.41775
camp:0.41025
catastrophe:0.40975
fight scenes:0.4025
shallow:0.39675
bad cgi:0.3925
first contact:0.392
silly fun:0.388
campy:0.388
women:0.38675
stereotypes:0.3855
pg-13:0.378
school:0.37625
nudity (topless - notable):0.37575
family:0.37225
bad:0.36725
good:0.3625
not funny:0.357
entirely dialogue:0.35425
torture:0.35075
adaptation:0.35025
supernatural:0.34925
chase:0.34775
life philosophy:0.34725
plot holes:0.34375
fantasy world:0.33975
crappy sequel:0.338
violence:0.33725
writers:0.32325
stupidity:0.3215
sci fi:0.31925
boring:0.3155
destiny:0.315
cult film:0.313
guilty pleasure:0.31125
remake:0.3095
good soundtrack:0.304
fun:0.3
redemption:0.29925
maze:0.2985
demons:0.29775
suspenseful:0.29725
natural disaster:0.2965
bad script:0.29475
disaster:0.294
justice:0.29125
bad ending:0.29
big budget:0.28775
vengeance:0.28625
runaway:0.282
ridiculous:0.27825
twists & turns:0.27475
slapstick:0.27425
cheerleading:0.2715
lone hero:0.27125
pulp:0.26675
action:0.25975
