stop motion:0.98375
science fiction:0.9495
scifi:0.9445
sci fi:0.93975
special effects:0.929
monster:0.927
sci-fi:0.90825
monsters:0.88225
stop-motion:0.86775
spiders:0.851
san francisco:0.84925
weapons:0.84125
mars:0.7825
fun movie:0.77875
low budget:0.775
1950s:0.73675
submarine:0.726
effects:0.7165
island:0.71575
original:0.7105
campy:0.70675
classic:0.6725
mythology:0.66875
first contact:0.6495
bombs:0.63425
dialogue:0.633
tokyo:0.63225
snakes:0.632
allegory:0.63125
mad scientist:0.628
space:0.60725
romance:0.5545
so bad it's funny:0.54
egypt:0.52975
dinosaurs:0.522
story:0.51825
talky:0.50475
cult classic:0.49975
nuclear:0.4985
great:0.488
disaster:0.48525
fun:0.48325
claustrophobic:0.479
solitude:0.46575
mentor:0.46375
light:0.46325
horror:0.463
bad acting:0.46125
big budget:0.438
science:0.4355
scary:0.43
great ending:0.42875
macabre:0.42625
grindhouse:0.4255
silly fun:0.42475
great movie:0.422
fantasy:0.4185
natural disaster:0.41825
love triangles:0.41275
catastrophe:0.411
transformation:0.3975
creepy:0.3965
love story:0.3955
romantic:0.395
camp:0.395
cult film:0.39225
predictable:0.38925
parallel universe:0.388
surveillance:0.38075
entertaining:0.3745
franchise:0.373
chase:0.3695
non-hollywood ending:0.36825
cool:0.36675
destiny:0.36225
not funny:0.3615
mutants:0.3595
criterion:0.35825
forceful:0.35375
lone hero:0.34975
sacrifice:0.3485
weird:0.348
narrated:0.344
goofy:0.343
doctors:0.34025
satirical:0.33975
alien:0.3365
imdb top 250:0.33175
adventure:0.33075
classic car:0.3295
survival:0.3295
quotable:0.32925
hunting:0.32875
exciting:0.3275
nocturnal:0.326
action:0.32425
brutality:0.32375
creativity:0.321
visceral:0.318
new jersey:0.31575
