teleportation:0.99725
good sequel:0.96975
sequels:0.894
original:0.88775
horror:0.86425
sequel:0.791
sci-fi:0.787
sci fi:0.7145
monster:0.69825
so bad it's funny:0.655
special effects:0.65425
transformation:0.6535
effects:0.62525
science fiction:0.6235
mad scientist:0.5625
scifi:0.55575
betrayal:0.555
remake:0.553
predictable:0.55175
greed:0.536
happy ending:0.5345
twists & turns:0.509
macabre:0.50225
franchise:0.47475
revenge:0.46325
allegory:0.459
crappy sequel:0.443
dialogue:0.437
great ending:0.43325
gothic:0.4315
mentor:0.43125
silly:0.424
story:0.41525
camp:0.41075
suspense:0.40825
campy:0.40475
murder:0.3995
original plot:0.39875
catastrophe:0.3985
adaptation:0.39125
bad plot:0.38125
destiny:0.38125
tragedy:0.363
life philosophy:0.35925
black and white:0.35375
not funny:0.348
death:0.34575
creepy:0.3425
brutality:0.3355
first contact:0.3345
adventure:0.327
family:0.32325
overrated:0.3185
harsh:0.313
action:0.31
pointless:0.309
visually appealing:0.3065
android(s)/cyborg(s):0.3055
nudity (full frontal - notable):0.305
cult film:0.30025
scary:0.29675
light:0.29225
entertaining:0.292
dynamic cgi action:0.28875
unusual plot structure:0.288
lone hero:0.28525
atmospheric:0.2845
fantasy world:0.28425
nudity (topless - notable):0.28425
bad cgi:0.28375
culture clash:0.28125
fun movie:0.281
runaway:0.281
stupid as hell:0.28075
visual:0.28025
storytelling:0.2795
classic car:0.27825
violent:0.278
criterion:0.27725
stylized:0.27725
quirky:0.277
good:0.27075
bad acting:0.26975
good soundtrack:0.2685
entirely dialogue:0.26725
disturbing:0.26325
dreamlike:0.26225
horrible:0.26175
tokyo:0.26
monsters:0.25675
suprisingly clever:0.2565
cinematography:0.256
writers:0.25325
nudity (topless - brief):0.25275
unintentionally funny:0.25
imdb top 250:0.249
weapons:0.24675
nocturnal:0.24525
humanity:0.24525
grindhouse:0.24475
