business:0.99175
internet:0.973
greed:0.96075
very interesting:0.928
corporate america:0.88875
documentary:0.83875
reality tv:0.827
workplace:0.817
relationships:0.8035
original:0.79425
interesting:0.7735
capitalism:0.7715
drama:0.76475
intimate:0.7265
unlikely friendships:0.71225
journalism:0.70475
betrayal:0.67875
complex:0.66975
corruption:0.66725
narrated:0.66475
manipulation:0.6245
money:0.62125
technology:0.615
dramatic:0.6055
movie business:0.59925
catastrophe:0.59425
honest:0.5855
story:0.58325
talky:0.57225
secrets:0.56975
social commentary:0.5695
life philosophy:0.56825
politics:0.54725
realistic:0.54575
pornography:0.53825
factual:0.53775
obsession:0.537
great ending:0.52925
idealism:0.5165
friendship:0.51575
good:0.51025
suprisingly clever:0.51025
mentor:0.5085
dialogue:0.49775
oscar (best directing):0.47875
good soundtrack:0.46775
storytelling:0.4645
based on true story:0.45075
political:0.43025
runaway:0.43025
good acting:0.42675
oil:0.423
criterion:0.42075
philosophy:0.416
tense:0.41575
very good:0.40925
educational:0.408
lawyer:0.4015
clever:0.3975
life & death:0.396
gay:0.3945
california:0.39125
lawyers:0.3885
visually appealing:0.386
intellectual:0.38175
culture clash:0.379
intense:0.37825
cerebral:0.37475
twists & turns:0.374
geeks:0.3725
not funny:0.37075
melancholic:0.368
entertaining:0.366
passionate:0.36475
sexy:0.3645
stylized:0.36125
thought-provoking:0.36025
police investigation:0.34975
harsh:0.3485
oscar (best actress):0.34525
based on a true story:0.34075
voyeurism:0.32875
great:0.32675
crime gone awry:0.32575
free to download:0.3245
tragedy:0.3235
original plot:0.3215
brutality:0.32075
character study:0.3155
intelligent:0.3145
brainwashing:0.31375
enigmatic:0.31125
assassination:0.307
earnest:0.30275
race issues:0.30025
adapted from:book:0.29925
true story:0.29675
adaptation:0.2965
revolution:0.294
so bad it's funny:0.2935
