kids and family:0.9755
comedy:0.92425
family:0.893
silly fun:0.852
cute!:0.793
romantic comedy:0.765
original:0.75625
80s:0.748
cute:0.73125
girlie movie:0.708
good:0.6645
fun movie:0.6625
predictable:0.66075
romantic:0.6525
shopping:0.64475
destiny:0.61325
great:0.6015
good soundtrack:0.5975
funny:0.59575
dialogue:0.5955
kids:0.587
romance:0.56925
love:0.56475
sequels:0.54825
sweet:0.54675
chase:0.539
pg-13:0.529
fun:0.5285
mentor:0.51025
fantasy world:0.50825
great ending:0.5075
fantasy:0.49625
catastrophe:0.48875
love story:0.48575
happy ending:0.47025
children:0.4675
very funny:0.4595
childhood:0.45425
light:0.44675
crude humor:0.445
vengeance:0.4405
new york city:0.42825
great movie:0.42625
goofy:0.42325
computer animation:0.4175
entertaining:0.4165
divorce:0.41175
death:0.406
runaway:0.402
clever:0.3985
teen movie:0.396
culture clash:0.39025
nostalgic:0.39
sexy:0.39
storytelling:0.378
story:0.3765
betrayal:0.376
talking animals:0.37575
sequel:0.37425
overrated:0.37225
magic:0.36025
nudity (full frontal - brief):0.3585
1980s:0.35475
funny as hell:0.35375
entirely dialogue:0.34925
bad plot:0.3395
time:0.33925
stereotypes:0.339
shallow:0.33425
first contact:0.3325
women:0.32975
good action:0.32975
adventure:0.32
indians:0.31925
imdb top 250:0.31475
lone hero:0.313
narrated:0.309
life philosophy:0.309
cheating:0.30725
fight scenes:0.30725
redemption:0.30475
hospital:0.30275
brutality:0.2985
sentimental:0.2975
unusual plot structure:0.2945
multiple storylines:0.2865
creativity:0.284
good romantic comedies:0.281
suprisingly clever:0.281
quirky:0.28
talky:0.27975
unfunny:0.276
writers:0.27475
suspense:0.27425
drama:0.273
existentialism:0.2705
feel-good:0.26975
adaptation:0.2695
excellent script:0.26825
natural disaster:0.266
