adapted from:book:0.9905
ireland:0.989
irish:0.9885
based on a book:0.9845
catholicism:0.9655
based on book:0.96225
irish accent:0.94775
poverty:0.94475
book:0.939
books:0.81125
adaptation:0.805
oscar (best cinematography):0.79925
depression:0.79775
childhood:0.76325
storytelling:0.747
book was better:0.74225
dramatic:0.71025
1930s:0.70775
literature:0.694
biographical:0.68175
family:0.68025
narrated:0.679
original:0.67525
drama:0.61175
true story:0.60525
drinking:0.59575
good soundtrack:0.59
story:0.578
good:0.56525
nudity (full frontal - notable):0.55825
harsh:0.5285
mentor:0.52775
life:0.52275
catastrophe:0.52
dysfunctional family:0.506
death:0.504
brutality:0.49625
great:0.48975
boston:0.4805
touching:0.4805
cinematography:0.47925
prejudice:0.478
judaism:0.47675
justice:0.4765
culture clash:0.47025
multiple storylines:0.46425
brothers:0.459
depressing:0.45675
life philosophy:0.4535
great ending:0.4485
tragedy:0.44725
heartwarming:0.444
destiny:0.44375
children:0.439
alcoholism:0.438
great acting:0.437
excellent:0.4365
visually stunning:0.43425
visually appealing:0.43
emotional:0.42675
bleak:0.42525
runaway:0.425
beautiful scenery:0.4175
social commentary:0.4125
sad:0.409
beautifully filmed:0.4085
england:0.404
heartbreaking:0.40325
hospital:0.39925
oscar (best directing):0.398
betrayal:0.393
redemption:0.3875
pornography:0.373
guilt:0.369
humorous:0.35475
george orwell:0.3535
based on true story:0.3535
suprisingly clever:0.35075
dialogue:0.3495
oscar:0.347
happy ending:0.34425
pg-13:0.344
period piece:0.33725
bittersweet:0.33675
greed:0.332
working class:0.33175
secrets:0.32975
courage:0.32625
poignant:0.32625
distopia:0.325
fantasy world:0.32125
nudity (full frontal - brief):0.3205
survival:0.31925
excellent script:0.31875
compassionate:0.3175
biography:0.317
transformation:0.317
literary adaptation:0.3115
not funny:0.31025
intense:0.30925
