based on a play:0.98125
talky:0.958
gangsters:0.95025
gangster:0.949
desert:0.90525
1930s:0.9005
corruption:0.8075
dramatic:0.8035
oscar (best actress):0.74475
great acting:0.73775
crime gone awry:0.732
criterion:0.72625
censorship:0.71275
violent:0.70625
drinking:0.7025
character study:0.69925
mentor:0.697
drama:0.688
greed:0.68325
original:0.67525
very interesting:0.674
dialogue:0.669
brutality:0.66125
oscar (best supporting actress):0.65725
life & death:0.6505
free speech:0.64675
claustrophobic:0.64525
stylized:0.642
redemption:0.63825
social commentary:0.63675
great:0.61825
great movie:0.60475
intellectual:0.6045
runaway:0.601
vigilantism:0.601
oscar (best directing):0.6005
forceful:0.5945
obsession:0.58725
classic:0.5865
intimate:0.57875
good soundtrack:0.57675
golden palm:0.575
depression:0.56775
passionate:0.56375
adaptation:0.56125
organized crime:0.55125
oil:0.541
compassionate:0.54025
atmospheric:0.5375
vigilante:0.5345
entirely dialogue:0.52125
gangs:0.51425
gritty:0.50875
relationships:0.50725
movielens top pick:0.50425
great ending:0.5035
catastrophe:0.4915
interesting:0.48875
dreams:0.488
crime:0.48
hotel:0.475
prohibition:0.47375
sacrifice:0.472
pornography:0.469
loneliness:0.466
poignant:0.46075
dark hero:0.4575
suspense:0.45475
wistful:0.454
mob:0.448
witty:0.44725
gay character:0.44175
alter ego:0.4325
costume drama:0.43125
good:0.41875
nocturnal:0.4175
tense:0.415
melancholic:0.41175
immortality:0.40675
not funny:0.4055
culture clash:0.3985
earnest:0.3975
affectionate:0.39175
harsh:0.38475
friendship:0.383
moody:0.3815
segregation:0.37725
transformation:0.37625
adultery:0.375
small town:0.3725
enigmatic:0.37225
visually appealing:0.371
dark:0.36675
stereotypes:0.36325
allegory:0.35675
adapted from:book:0.35225
murder:0.352
romantic:0.347
betrayal:0.347
exceptional acting:0.346
