end of the world:0.99875
natural disaster:0.99775
big budget:0.99075
special effects:0.99
apocalypse:0.9815
disaster:0.9805
action:0.934
cgi:0.9055
bad science:0.891
science fiction:0.87675
catastrophe:0.87275
survival:0.87025
bad plot:0.8615
sci-fi:0.8565
dynamic cgi action:0.8555
bad cgi:0.84775
predictable:0.84375
technology:0.83775
stupid as hell:0.83175
effects:0.8285
so bad it's funny:0.80925
plot holes:0.79
scifi:0.77575
pg-13:0.775
first contact:0.77475
sci fi:0.7365
plot:0.7235
global warming:0.72175
future:0.71725
science:0.71625
shallow:0.71125
exciting:0.708
bad acting:0.7005
horrible:0.69825
visually stunning:0.6965
original:0.69275
action packed:0.684
visual:0.684
stupid:0.67525
dialogue:0.67375
silly:0.6575
unrealistic:0.64275
story:0.63925
alien invasion:0.6345
visually appealing:0.63375
futuristic:0.62325
bad script:0.6185
visuals:0.61075
idiotic:0.6085
bad ending:0.6065
cheesy:0.587
ridiculous:0.58675
conspiracy theory:0.57325
better than expected:0.572
family:0.56225
great ending:0.54975
post apocalyptic:0.542
silly fun:0.5375
absurd:0.534
dumb:0.53275
alone in the world:0.52975
pointless:0.52825
post-apocalyptic:0.52375
dinosaurs:0.52325
superheroes:0.522
happy ending:0.52175
chase:0.51725
destiny:0.5045
lame:0.501
stupidity:0.5
adventure:0.49225
god:0.48025
humanity:0.471
entertaining:0.47
crude humor:0.4625
computer game:0.4485
franchise:0.446
so bad it's good:0.43675
suspense:0.4365
space:0.43425
conspiracy:0.429
fantasy:0.4265
intense:0.4255
single father:0.42475
fantasy world:0.424
lone hero:0.42225
scenic:0.415
redemption:0.4125
computer animation:0.411
good:0.41
awful:0.41
mars:0.40575
mentor:0.40375
life philosophy:0.4
death:0.39875
internet:0.3955
culture clash:0.38975
fight scenes:0.38875
sacrifice:0.3875
president:0.384
