spelling bee:0.9975
dance:0.97225
children:0.94925
competition:0.91975
dancing:0.9
kids:0.88475
heartwarming:0.88125
documentary:0.87
mentor:0.865
new york city:0.85475
childhood:0.82325
school:0.76975
teacher:0.7545
original:0.70175
runaway:0.69
inspiring:0.6885
gangs:0.6715
feel-good:0.66925
educational:0.637
good:0.6365
fun movie:0.635
life philosophy:0.63125
good soundtrack:0.631
new york:0.61625
unlikely friendships:0.61375
earnest:0.60525
inspirational:0.60475
friendship:0.57825
poverty:0.577
feel good movie:0.56475
fun:0.55975
great:0.5595
pg-13:0.54925
drama:0.54475
great ending:0.54425
oscar (best directing):0.524
great cinematography:0.52325
great acting:0.52225
social commentary:0.519
loneliness:0.5025
cute:0.4995
golden palm:0.49875
pornography:0.494
talky:0.48725
art:0.48625
harsh:0.48475
kids and family:0.47775
adolescence:0.4705
foreign:0.46325
oscar (best actress):0.44875
corruption:0.4485
catastrophe:0.446
movielens top pick:0.4435
suprisingly clever:0.437
coming of age:0.43375
touching:0.43
alternate endings:0.428
clever:0.426
destiny:0.42475
unusual plot structure:0.4245
storytelling:0.42425
realistic:0.421
honest:0.4205
melancholy:0.40875
criterion:0.407
intimate:0.40125
melancholic:0.4005
segregation:0.4005
culture clash:0.397
best of 2005:0.3965
imdb top 250:0.39575
very interesting:0.39525
sentimental:0.3925
gangsters:0.39125
sweet:0.38775
redemption:0.3865
interesting:0.3855
narrated:0.3845
england:0.3845
weird:0.3835
poignant:0.3835
light:0.374
based on a play:0.3725
very good:0.37225
affectionate:0.37025
excellent script:0.36475
new jersey:0.3645
good acting:0.36325
cute!:0.3605
fantasy world:0.36
story:0.35925
not funny:0.354
hip hop:0.3505
crime gone awry:0.3435
colourful:0.34325
justice:0.34225
factual:0.34
excellent:0.33975
life:0.33675
dialogue:0.3345
