psychology:0.967
humanity:0.94125
narrated:0.92575
documentary:0.91125
original:0.896
animals:0.871
life & death:0.844
corruption:0.8265
sad:0.81575
sad but good:0.80275
survival:0.79575
very interesting:0.7905
psychological:0.7695
tragedy:0.7625
touching:0.75675
1970s:0.742
interesting:0.7385
intense:0.736
heartbreaking:0.7345
violent:0.7295
insanity:0.723
emotional:0.7195
complex:0.7125
tense:0.71125
character study:0.708
honest:0.7075
harsh:0.70625
cerebral:0.70575
oscar (best directing):0.701
disturbing:0.69925
environment:0.69775
violence:0.6875
reflective:0.68375
brutality:0.683
life:0.6805
suspense:0.67275
heartwarming:0.6715
chase:0.67125
compassionate:0.668
oscar (best actress):0.6595
science:0.6555
suspenseful:0.6525
animal movie:0.65175
death:0.6485
dark hero:0.648
excellent script:0.64725
mentor:0.64425
talky:0.643
creepy:0.63825
intimate:0.62725
story:0.6215
great acting:0.621
justice:0.6175
guilt:0.609
melancholy:0.601
bittersweet:0.60075
dramatic:0.5995
intellectual:0.5985
great ending:0.598
storytelling:0.594
identity:0.594
poignant:0.58925
biographical:0.58825
amazing photography:0.58675
good acting:0.58325
oscar (best foreign language film):0.582
feel-good:0.5785
social commentary:0.56925
wilderness:0.56775
sexualized violence:0.55575
greed:0.554
adapted from:book:0.554
criterion:0.55275
original plot:0.5525
true story:0.552
genocide:0.54675
biting:0.5465
realistic:0.546
oscar (best writing - screenplay written directly for the screen):0.544
investigation:0.54275
great:0.53725
adaptation:0.5365
mental illness:0.535
powerful ending:0.53025
paranoid:0.52875
clever:0.52775
ethnic conflict:0.5205
depression:0.5155
hospital:0.51425
intelligent:0.506
cinematography:0.504
police investigation:0.5025
art:0.5015
ironic:0.49925
bleak:0.4925
runaway:0.487
good:0.48625
moral ambiguity:0.48325
isolation:0.4825
allegory:0.47975
