documentary:0.959
women:0.9115
pornography:0.907
runaway:0.80225
internet:0.7755
capitalism:0.76025
original:0.685
girlie movie:0.68225
childhood:0.6765
small town:0.67575
sexualized violence:0.65675
stereotypes:0.65275
police investigation:0.6485
moral ambiguity:0.6355
prostitution:0.63025
california:0.62275
betrayal:0.60575
teen:0.5825
teen movie:0.5805
sexy:0.57975
spelling bee:0.57025
melancholic:0.56
harsh:0.55575
teenager:0.55375
great ending:0.54775
very interesting:0.54325
dumb but funny:0.54225
corruption:0.541
teens:0.52375
manipulation:0.5175
lone hero:0.51325
so bad it's funny:0.5125
male nudity:0.51
death:0.5075
brutality:0.5045
violence:0.50325
nudity (topless):0.4995
fantasy world:0.492
greed:0.49175
sex:0.48975
vengeance:0.4825
good soundtrack:0.48225
mentor:0.47775
sexual:0.47075
revenge:0.47075
chase:0.4705
visually appealing:0.4605
money:0.45925
catastrophe:0.454
depression:0.45025
predictable:0.45
gunfight:0.44975
propaganda:0.446
murder:0.44375
weird:0.43825
life philosophy:0.43825
stupidity:0.437
shopping:0.432
kids:0.42525
nudity (full frontal - brief):0.42325
grindhouse:0.423
intimate:0.42175
dialogue:0.4215
workplace:0.421
vigilante:0.41475
alter ego:0.41025
adapted from:comic:0.4075
morality:0.4065
kick-butt women:0.4035
ninja:0.40125
books:0.3925
culture clash:0.391
technology:0.388
nocturnal:0.38775
crude humor:0.3855
classic car:0.3745
nudity (topless - brief):0.3705
business:0.3645
intense:0.363
school:0.36175
stylized:0.36025
great:0.359
based on book:0.35575
sexual abuse:0.3545
light:0.35175
not funny:0.3515
violent:0.3475
drama:0.34675
animals:0.3465
passionate:0.3465
nudity (topless - notable):0.3465
adaptation:0.34625
adapted from:book:0.346
suspense:0.3415
storytelling:0.341
destiny:0.33875
stylish:0.33425
buddy movie:0.334
interesting:0.33375
suprisingly clever:0.3315
