sequels:0.97375
sequel:0.8215
original:0.766
comedy:0.75725
action:0.6475
chase:0.6095
crappy sequel:0.54
good sequel:0.53925
destiny:0.51475
predictable:0.5135
island:0.5015
mentor:0.48775
funny:0.47975
pg-13:0.45975
franchise:0.44475
great:0.441
catastrophe:0.43875
action packed:0.4345
fun movie:0.43425
good action:0.42425
family:0.42
good:0.41975
entertaining:0.41225
very funny:0.40925
great ending:0.408
humorous:0.40675
happy ending:0.395
storytelling:0.39125
runaway:0.38625
science fiction:0.382
unfunny:0.37475
life philosophy:0.37175
buddy movie:0.3665
mafia:0.36
first contact:0.3565
fun:0.355
story:0.354
dynamic cgi action:0.349
romance:0.3375
goofy:0.337
nudity (full frontal - brief):0.33625
so bad it's funny:0.33475
violence:0.3295
bad plot:0.3265
dialogue:0.32425
vengeance:0.32225
silly:0.31775
suspense:0.30575
lone hero:0.30425
bad:0.29975
bad sequel:0.2965
drama:0.29575
slapstick:0.29175
overrated:0.29
light:0.28675
suprisingly clever:0.28125
betrayal:0.27925
culture clash:0.27875
adaptation:0.27725
lame:0.27675
brutality:0.27275
fight scenes:0.27225
melancholic:0.2705
weapons:0.26825
not funny:0.26625
internet:0.26225
adventure:0.26075
quirky:0.258
great acting:0.25675
fantasy world:0.256
police investigation:0.25525
silly fun:0.2525
big budget:0.25075
good soundtrack:0.24125
hilarious:0.2405
unusual plot structure:0.2405
entirely dialogue:0.22775
great movie:0.226
unlikely friendships:0.225
oscar (best directing):0.225
natural disaster:0.22125
immortality:0.2175
biographical:0.21725
justice:0.21475
feel-good:0.21475
childhood:0.21325
redemption:0.208
adapted from:book:0.2075
solitude:0.2065
dramatic:0.20525
divorce:0.20525
horrible:0.20525
crude humor:0.20175
transformation:0.201
humor:0.19925
nudity (topless - notable):0.1955
excellent script:0.195
revenge:0.19475
death:0.1945
cult film:0.19425
