police:0.9825
police corruption:0.88625
police investigation:0.8085
chase:0.79175
new york:0.78225
new york city:0.774
runaway:0.7425
mentor:0.7365
murder:0.71975
san francisco:0.7155
corruption:0.7095
original:0.70325
buddy movie:0.6785
violence:0.6585
undercover cop:0.655
good soundtrack:0.64475
nocturnal:0.6285
gunfight:0.61875
violent:0.5875
dialogue:0.5775
great ending:0.5615
pornography:0.559
action:0.54875
oscar (best directing):0.53525
criterion:0.52425
texas:0.523
justice:0.519
sexy:0.5105
california:0.49375
obsession:0.489
anti-hero:0.4765
cinematography:0.469
brutality:0.462
race issues:0.45825
gangsters:0.45675
talky:0.45225
oscar (best supporting actress):0.447
nudity (full frontal - notable):0.4405
nudity (full frontal - brief):0.43825
harsh:0.43775
series:0.43675
culture clash:0.431
great:0.4305
nudity (topless - notable):0.42875
storytelling:0.4175
1970s:0.41375
good action:0.41275
catastrophe:0.412
adapted from:book:0.41175
nudity (topless):0.4015
western:0.40075
fun movie:0.40025
alter ego:0.39975
drugs:0.3985
fashion:0.3985
lone hero:0.39725
revenge:0.39725
suspense:0.396
adaptation:0.39125
stylized:0.38775
artistic:0.38725
tense:0.3835
gritty:0.38225
story:0.38075
indians:0.38025
forceful:0.37975
oscar (best supporting actor):0.37925
vengeance:0.3765
investigation:0.3705
melancholic:0.3705
enigmatic:0.369
new jersey:0.36675
motorcycle:0.36625
crime:0.36525
social commentary:0.364
great movie:0.36275
drama:0.36275
dark hero:0.3605
highly quotable:0.3555
redemption:0.35425
male nudity:0.35375
sexualized violence:0.35075
small town:0.34875
imdb top 250:0.347
oscar (best actress):0.345
cult classic:0.3435
good:0.34275
gangs:0.34075
not funny:0.33525
predictable:0.3305
cool:0.32825
unusual plot structure:0.32775
los angeles:0.326
light:0.32525
based on a play:0.322
assassination:0.32175
life philosophy:0.31875
vigilante:0.31625
detective:0.3155
greed:0.31475
