detective:0.98
police investigation:0.96975
lawyer:0.955
murder:0.94675
police:0.9415
lawyers:0.9375
obsession:0.92025
twist ending:0.9155
murder mystery:0.90925
great ending:0.90625
guilt:0.90575
psychological:0.89275
investigation:0.88675
secrets:0.8775
surprise ending:0.87475
pornography:0.86625
complex:0.84875
suspense:0.846
crime:0.841
oscar (best supporting actor):0.83525
corruption:0.832
twists & turns:0.82725
mystery:0.826
complicated:0.82
original:0.81425
bad ending:0.80825
psychology:0.80675
great acting:0.80275
justice:0.80125
police corruption:0.795
intense:0.77775
plot:0.76575
twist:0.7465
plot twist:0.7305
interesting:0.71475
remake:0.69375
drama:0.6935
alternate endings:0.671
dialogue:0.6445
flashbacks:0.643
stylish:0.6395
very interesting:0.6335
clever:0.63175
brainwashing:0.631
manipulation:0.62325
enigmatic:0.6205
thriller:0.61175
death penalty:0.61125
story:0.59525
alternate reality:0.58875
dark:0.58425
betrayal:0.582
cinematography:0.5775
confusing:0.57525
runaway:0.56925
moral ambiguity:0.5565
nudity (full frontal - brief):0.554
tense:0.55375
courtroom:0.544
mentor:0.54275
brutality:0.5375
good:0.53375
thought-provoking:0.5325
greed:0.5285
storytelling:0.527
nudity (topless - notable):0.52175
visually appealing:0.51975
identity:0.50575
good acting:0.49025
pointless:0.4805
complicated plot:0.468
revenge:0.46675
weird:0.46575
death:0.465
rape:0.462
suspenseful:0.4495
chase:0.4465
adaptation:0.4465
talky:0.4455
writers:0.44275
mindfuck:0.43475
serial killer:0.4325
sexy:0.432
great:0.4315
noir thriller:0.431
claustrophobic:0.424
exceptional acting:0.422
first contact:0.4215
catastrophe:0.41775
adultery:0.4175
narrated:0.4165
entirely dialogue:0.41425
intelligent:0.41275
happy ending:0.411
internet:0.41025
underrated:0.41025
powerful ending:0.41
memory:0.40975
predictable:0.40925
good soundtrack:0.40325
