assassin:0.98725
action:0.982
conspiracy:0.967
espionage:0.96675
based on a comic:0.95275
assassination:0.94725
good action:0.9385
adapted from:comic:0.92775
comedy:0.925
spying:0.92275
action packed:0.916
spy:0.9025
secret service:0.8955
fast paced:0.8935
fun movie:0.865
chase:0.85425
pg-13:0.82725
assassins:0.825
fight scenes:0.80875
cia:0.804
entertaining:0.801
mentor:0.78875
hit men:0.7845
spies:0.75875
guns:0.7535
plot:0.748
weapons:0.7465
arms dealer:0.737
gunfight:0.7355
cool:0.72975
hitman:0.72775
vengeance:0.7265
explosions:0.71075
original:0.69975
murder:0.6965
tom clancy:0.6915
fun:0.68875
good:0.68625
big budget:0.658
realistic action:0.64325
ensemble cast:0.6275
revenge:0.61575
dialogue:0.61325
great:0.60675
funny:0.60325
betrayal:0.5995
car chase:0.59225
silly:0.58675
good soundtrack:0.5615
comic book:0.5615
violence:0.55075
story:0.54925
violent:0.54525
adventure:0.53925
based on comic:0.53425
exciting:0.52275
silly fun:0.521
thriller:0.51975
humor:0.5105
superheroes:0.5065
lone hero:0.50325
runaway:0.4885
surveillance:0.47075
hilarious:0.47075
secrets:0.46825
corruption:0.46775
destiny:0.46475
great ending:0.45925
caper:0.45875
sexy:0.45675
gratuitous violence:0.454
very funny:0.45025
bad plot:0.44625
brutality:0.4455
predictable:0.44475
conspiracy theory:0.44425
life philosophy:0.4295
buddy movie:0.42875
twists & turns:0.42825
franchise:0.42025
culture clash:0.4195
better than expected:0.4195
catastrophe:0.41925
clever:0.418
storytelling:0.4155
classic car:0.40925
comic:0.40925
adaptation:0.4085
aging:0.403
special effects:0.4025
great movie:0.4005
oscar (best directing):0.40025
stylish:0.39975
intense:0.3985
plot twist:0.398
suspense:0.3965
goofy:0.39625
humorous:0.39525
crude humor:0.392
kidnapping:0.392
