criterion:0.92325
revolution:0.90375
based on a true story:0.9
cuba:0.8915
biopic:0.82925
intimate:0.742
fake documentary:0.72825
jungle:0.71075
sacrifice:0.70825
original:0.70325
idealism:0.68125
downbeat:0.68075
intellectual:0.66625
reflective:0.6565
greed:0.62475
dramatic:0.62325
cinematography:0.61975
meditative:0.617
latin america:0.609
storytelling:0.6065
rebellion:0.5985
life & death:0.57975
betrayal:0.57475
epic:0.569
death:0.56675
visually appealing:0.564
brainwashing:0.55775
true story:0.55175
complex:0.539
based on true story:0.52375
social commentary:0.52175
cerebral:0.51225
great ending:0.511
beautifully filmed:0.509
inspirational:0.49225
historical:0.4885
factual:0.48575
spanish:0.4805
golden palm:0.48
good soundtrack:0.47825
catastrophe:0.472
harsh:0.47
foreign:0.46375
melancholic:0.45875
existentialism:0.45725
survival:0.45625
dialogue:0.45225
drama:0.447
runaway:0.4455
weapons:0.4445
politics:0.4395
bleak:0.439
forceful:0.436
tragedy:0.43575
enigmatic:0.43325
culture clash:0.432
courage:0.42925
suprisingly clever:0.42725
mentor:0.4235
breathtaking:0.41375
narrated:0.4055
controversial:0.405
life philosophy:0.40275
visual:0.4025
corruption:0.4015
doctors:0.39725
political:0.39675
brutality:0.39525
unusual plot structure:0.392
interesting:0.39025
long:0.38975
pornography:0.3885
scenic:0.384
solitude:0.38375
visceral:0.381
suspense:0.3705
thought-provoking:0.36775
oscar (best directing):0.35125
character study:0.3505
propaganda:0.34775
multiple storylines:0.34725
allegory:0.3465
talky:0.34425
us history:0.34275
beautiful scenery:0.334
story:0.3335
not funny:0.32875
redemption:0.328
photography:0.327
art:0.32575
visually stunning:0.3255
history:0.32425
exceptional acting:0.3225
biography:0.32175
violence:0.3205
imdb top 250:0.319
childhood:0.317
too long:0.31475
sexualized violence:0.31275
nudity (full frontal - brief):0.3105
