highly quotable:0.99175
modern fantasy:0.98975
sword fight:0.98825
quotable:0.98275
sword fighting:0.98125
fairy tale:0.97875
love:0.972
imdb top 250:0.96975
adventure:0.95625
fairy tales:0.95125
adapted from:book:0.93875
swashbuckler:0.9355
based on book:0.935
cult classic:0.93475
fantasy:0.93125
fantasy world:0.9245
original:0.92
good versus evil:0.9195
romantic:0.913
classic:0.913
romance:0.90075
love story:0.89325
comedy:0.8895
medieval:0.8875
witty:0.88575
based on a book:0.86275
sweet:0.855
feel-good:0.85175
happy ending:0.8495
storytelling:0.849
great movie:0.8475
whimsical:0.8355
humorous:0.83125
action:0.81825
cult:0.8125
affectionate:0.81225
fun:0.8115
high fantasy:0.80875
excellent script:0.797
imagination:0.79075
great:0.7845
beautiful scenery:0.779
pirates:0.76925
humor:0.7645
clever:0.7615
good:0.75775
dialogue:0.7575
story:0.7565
fighting:0.75325
childhood:0.75025
great ending:0.7425
funny:0.7355
wizards:0.73475
fun movie:0.72825
feel good movie:0.722
chase:0.7185
mentor:0.71375
masterpiece:0.70325
original plot:0.69975
fight scenes:0.698
good action:0.69525
narrated:0.68925
good soundtrack:0.68775
destiny:0.67875
beautifully filmed:0.6745
mythology:0.67275
light:0.67225
magic:0.66775
cult film:0.6585
hilarious:0.65775
great acting:0.655
revenge:0.64625
visually appealing:0.636
fast paced:0.627
vengeance:0.6225
quirky:0.61875
action packed:0.61125
heartwarming:0.6105
oscar winner:0.60575
books:0.60475
special effects:0.599
suprisingly clever:0.598
literature:0.5955
adaptation:0.59475
good acting:0.594
torture:0.59225
nostalgic:0.58725
excellent:0.58525
awesome soundtrack:0.581
oscar (best effects - visual effects):0.578
earnest:0.575
visual:0.5745
pg-13:0.5715
idealism:0.5625
entertaining:0.56
runaway:0.55625
girlie movie:0.55525
absurd:0.55225
very funny:0.5455
interesting:0.54125
