action:0.92625
nudity (topless - notable):0.92075
twists & turns:0.87525
heist:0.84425
good action:0.838
fast paced:0.81625
plot twist:0.813
twist ending:0.78875
thriller:0.736
action packed:0.715
suspense:0.71025
predictable:0.69475
chase:0.69
original:0.68475
big budget:0.6585
sexy:0.6555
christmas:0.6155
great ending:0.6075
plot:0.599
bad ending:0.591
silly:0.587
plot holes:0.576
nudity (topless):0.568
fun movie:0.5595
prison:0.55175
suspenseful:0.542
dialogue:0.54175
pulp:0.536
entertaining:0.535
catastrophe:0.535
so bad it's funny:0.528
robbery:0.5065
violence:0.504
car chase:0.501
twist:0.49825
happy ending:0.49425
mentor:0.494
bad:0.4895
betrayal:0.47325
cool:0.469
first contact:0.46775
good:0.44575
dumb:0.4435
caper:0.44325
casino:0.43625
bad plot:0.43425
pornography:0.42
story:0.4195
gratuitous violence:0.419
corruption:0.41525
ridiculous:0.40975
destiny:0.409
identity:0.40775
lone hero:0.39925
crime:0.39925
nudity (full frontal - brief):0.39675
revenge:0.3935
kidnapping:0.3935
vengeance:0.39325
pg-13:0.3895
death:0.38525
natural disaster:0.3835
writers:0.38275
life philosophy:0.381
script:0.37475
runaway:0.374
weapons:0.3685
exciting:0.3675
brutality:0.3645
violent:0.3645
storytelling:0.36375
clever:0.363
explosions:0.3595
mistaken identity:0.35675
redemption:0.35475
las vegas:0.351
stupid:0.343
erotic:0.3335
lame:0.33175
passionate:0.3295
police investigation:0.329
unfunny:0.32425
horrible:0.32
fight scenes:0.3185
entirely dialogue:0.31825
bad acting:0.318
great:0.318
family:0.318
unrealistic:0.31775
guns:0.314
not funny:0.31125
overrated:0.3105
guilty pleasure:0.3025
good soundtrack:0.3005
good dialogue:0.2985
absurd:0.29575
holiday:0.2955
fun:0.29525
idiotic:0.2935
gangsters:0.2885
