hit men:0.98975
action:0.976
comedy:0.92625
good action:0.922
action packed:0.9095
realistic action:0.8725
hitman:0.83525
fight scenes:0.83425
fun movie:0.76475
fast paced:0.7165
kidnapping:0.7105
silly fun:0.6985
cool:0.6695
original:0.6595
vengeance:0.65925
violence:0.6315
parody:0.61975
gunfight:0.60425
silly:0.58975
crime:0.579
humorous:0.5685
funny:0.55175
dialogue:0.53
great:0.5165
hilarious:0.5155
stylized:0.508
revenge:0.5045
car chase:0.50225
lone hero:0.5015
runaway:0.4995
hong kong:0.486
jews:0.48475
mentor:0.47675
entertaining:0.47525
very funny:0.47375
fun:0.46775
cult film:0.467
guns:0.46625
gangsters:0.465
kung fu:0.46125
stylish:0.455
stereotypes:0.44675
predictable:0.44675
explosions:0.435
anti-hero:0.43225
chase:0.4315
unfunny:0.42125
great ending:0.421
sexy:0.4205
good soundtrack:0.41775
catastrophe:0.412
nudity (topless - notable):0.4025
gangs:0.401
so bad it's funny:0.39475
absurd:0.39
brutality:0.37875
good:0.3745
nudity (full frontal - brief):0.37425
pg-13:0.374
pornography:0.3725
goofy:0.37125
humor:0.3645
storytelling:0.35925
quirky:0.3545
destiny:0.349
stupid:0.3435
better than expected:0.34275
big budget:0.34225
organized crime:0.33975
mob:0.337
arms dealer:0.332
underrated:0.32875
cheating:0.32625
entirely dialogue:0.32125
classic car:0.32075
fighting:0.32
martial arts:0.32
hostage:0.3175
story:0.31275
grindhouse:0.312
gratuitous violence:0.3035
clever:0.30275
justice:0.30225
buddy movie:0.301
weird:0.30075
romance:0.30025
adaptation:0.3
fantasy world:0.29975
redemption:0.29625
assassin:0.29525
whimsical:0.293
china:0.28975
first contact:0.2875
cult classic:0.2825
crude humor:0.282
dark hero:0.28125
great movie:0.27625
culture clash:0.2745
teen movie:0.26775
betrayal:0.265
