based on a tv show:0.9155
kids and family:0.8345
original:0.8315
special effects:0.773
predictable:0.77
franchise:0.75025
series:0.7465
family:0.686
big budget:0.68175
space:0.65725
silly:0.64675
disney:0.64675
remake:0.6455
pointless:0.59275
children:0.58225
mars:0.569
lame:0.5395
cartoon:0.538
mentor:0.5365
silly fun:0.5275
fun movie:0.5135
good sequel:0.513
pg-13:0.485
horrible:0.4715
bad plot:0.46575
kids:0.4635
catastrophe:0.4615
first contact:0.4605
fun:0.4595
bad cgi:0.458
slapstick:0.4565
life philosophy:0.452
action packed:0.4485
natural disaster:0.448
good:0.44775
goofy:0.44
alien:0.437
great ending:0.434
justice:0.43
crappy sequel:0.4245
destiny:0.41925
redemption:0.41725
dialogue:0.395
action:0.38975
so bad it's funny:0.379
feel-good:0.3695
fight scenes:0.3695
sci fi:0.36175
television:0.35475
comedy:0.35125
writers:0.351
disaster:0.3395
adaptation:0.338
feel good movie:0.33675
future:0.33525
overrated:0.33275
idiotic:0.33125
reality tv:0.32625
sequel:0.32475
nostalgic:0.3245
shallow:0.322
aliens:0.32125
sequels:0.31975
jungle:0.3175
crude humor:0.31575
entertaining:0.31175
brutality:0.3115
unfunny:0.30575
very funny:0.29875
story:0.2965
technology:0.2955
humorous:0.29375
doctors:0.29375
chase:0.2915
bad acting:0.28825
nudity (full frontal - brief):0.2865
death:0.2835
unusual plot structure:0.281
boring:0.2785
fantasy world:0.27225
stupid as hell:0.27175
animals:0.2705
entirely dialogue:0.26925
science fiction:0.268
good soundtrack:0.268
romantic:0.265
clever:0.265
teen movie:0.26475
lone hero:0.26475
pornography:0.26325
gangsters:0.263
storytelling:0.26025
vengeance:0.26025
culture clash:0.255
creativity:0.2545
dynamic cgi action:0.2545
script:0.25175
sci-fi:0.25175
nostalgia:0.251
romance:0.2485
