western:0.98975
gunfight:0.96975
justice:0.88675
oscar (best actor):0.84875
oscar:0.80325
revenge:0.7625
scenic:0.75325
murder:0.7505
original:0.7485
chase:0.74425
texas:0.7405
quotable:0.73675
civil war:0.7325
oscar (best directing):0.726
adventure:0.726
drinking:0.70175
classic:0.695
great movie:0.689
mentor:0.6755
based on a book:0.6625
good:0.66225
dialogue:0.6595
vengeance:0.65825
beautiful scenery:0.653
great:0.65275
oscar (best supporting actor):0.6525
runaway:0.65075
violent:0.6475
earnest:0.645
imdb top 250:0.63375
drama:0.611
great ending:0.60475
highly quotable:0.60325
foul language:0.60025
good soundtrack:0.5935
gritty:0.5875
harsh:0.58675
indians:0.58375
oscar (best cinematography):0.5825
sentimental:0.578
moral ambiguity:0.5755
fun movie:0.57175
hunting:0.557
courage:0.5565
betrayal:0.55375
story:0.552
tense:0.54975
lawyer:0.54825
california:0.5365
hitman:0.5335
intense:0.53075
redemption:0.5235
nostalgic:0.523
culture clash:0.51975
suprisingly clever:0.4965
violence:0.49425
clever:0.492
interesting:0.49025
honest:0.48675
great acting:0.48675
suspense:0.48575
corruption:0.48325
unlikely friendships:0.4825
gangs:0.48075
excellent script:0.47825
great dialogue:0.474
forceful:0.47025
storytelling:0.46875
catastrophe:0.468
cinematography:0.464
adapted from:book:0.454
talky:0.45325
twists & turns:0.44975
greed:0.44475
brutality:0.44425
oscar winner:0.43825
friendship:0.43
horses:0.428
destiny:0.42475
childhood:0.42175
oscar (best supporting actress):0.41975
classic car:0.4175
entertaining:0.417
not funny:0.4135
stylized:0.413
1970s:0.41125
good acting:0.4005
police investigation:0.4
spaghetti western:0.39875
original plot:0.3945
based on book:0.38275
adaptation:0.37625
complex characters:0.37325
excellent:0.37275
guns:0.3695
witty:0.36775
idealism:0.3665
anti-hero:0.36375
underrated:0.3615
nudity (full frontal - brief):0.35975
