horror:0.922
franchise:0.8685
original:0.84625
slasher:0.833
mother-son relationship:0.78125
sequels:0.7465
good sequel:0.6795
series:0.679
great ending:0.6555
dreams:0.62475
sequel:0.6235
scary:0.59375
crappy sequel:0.58375
remake:0.57275
transformation:0.5445
death:0.5245
great:0.50925
demons:0.4895
fantasy world:0.46
mentor:0.45975
catastrophe:0.43775
teens:0.436
fun movie:0.4315
gory:0.42025
storytelling:0.4175
chase:0.40675
dialogue:0.40225
special effects:0.4015
predictable:0.391
vengeance:0.3865
good:0.374
creativity:0.3695
clever:0.3685
bad ending:0.366
creepy:0.36525
hospital:0.3645
not funny:0.36225
monster:0.36075
suspense:0.35125
brutality:0.35025
goofy:0.34675
great movie:0.34475
first contact:0.337
alter ego:0.335
adaptation:0.33075
weird:0.32875
fun:0.3265
fight scenes:0.323
zombie:0.32175
splatter:0.317
pornography:0.317
silly fun:0.31675
interesting:0.31675
good soundtrack:0.302
fantasy:0.299
cool:0.298
revenge:0.295
doctors:0.2935
overrated:0.28625
bad plot:0.286
grindhouse:0.2815
dreamlike:0.2765
runaway:0.2755
story:0.2735
greed:0.27075
life philosophy:0.268
writers:0.26775
existentialism:0.2675
slapstick:0.26475
entirely dialogue:0.264
cult film:0.2625
teen movie:0.26225
nudity (topless - notable):0.262
destiny:0.261
immortality:0.26075
lone hero:0.257
life & death:0.254
violence:0.25275
good dialogue:0.252
mythology:0.2515
dynamic cgi action:0.2505
halloween:0.24875
murder:0.24825
so bad it's funny:0.248
great acting:0.24725
cult classic:0.2395
supernatural:0.23825
justice:0.23775
unfunny:0.23725
bloody:0.2365
nostalgic:0.235
gangsters:0.2345
visually appealing:0.2315
censorship:0.231
very funny:0.22675
stylized:0.22575
action packed:0.2255
psychology:0.21975
shallow:0.218
suprisingly clever:0.218
