time loop:1.0
time travel:0.9845
twists & turns:0.9515
complicated:0.943
complex:0.93575
great ending:0.9185
cerebral:0.914
future:0.911
scifi:0.90025
science fiction:0.89675
sci fi:0.88025
futuristic:0.87625
tense:0.874
original:0.87325
spanish:0.861
enigmatic:0.85625
plot holes:0.839
time:0.8385
mindfuck:0.8305
complicated plot:0.82325
clever:0.82275
visually stunning:0.82
storytelling:0.81725
weird:0.81675
twist:0.81275
chase:0.8095
suspense:0.806
story:0.8055
interesting:0.79725
murder:0.797
imdb top 250:0.786
spying:0.779
intelligent sci-fi:0.7675
fast paced:0.765
visually appealing:0.75575
psychological:0.75425
police investigation:0.7395
tricky:0.732
talky:0.7195
investigation:0.718
suspenseful:0.717
identity:0.7065
allegory:0.70325
plot:0.6895
nonlinear:0.688
good acting:0.685
suprisingly clever:0.6845
crime:0.682
twist ending:0.676
moral ambiguity:0.6755
technology:0.67275
very interesting:0.67225
special effects:0.6705
sci-fi:0.67
confusing:0.6645
psychology:0.66325
thought-provoking:0.66275
first contact:0.6595
imagination:0.658
thriller:0.655
original plot:0.63625
unusual plot structure:0.63125
intelligent:0.6285
dialogue:0.6255
philosophical:0.625
mystery:0.6235
cinematography:0.61175
plot twist:0.60525
violence:0.601
dystopic future:0.5995
existentialism:0.59325
atmospheric:0.59075
science:0.59025
grim:0.58875
bad ending:0.5845
intellectual:0.5835
visual:0.582
secrets:0.579
beautiful scenery:0.577
greed:0.577
criterion:0.57675
life & death:0.57675
beautifully filmed:0.5755
creativity:0.5745
distopia:0.567
good:0.55625
great acting:0.55425
travel:0.55
insanity:0.549
low budget:0.5485
affectionate:0.5475
melancholic:0.54525
memory:0.54325
good soundtrack:0.53725
intense:0.5345
powerful ending:0.531
absurd:0.53025
amazing photography:0.529
narrated:0.52825
alternate reality:0.51975
