pornography:0.9965
censorship:0.9925
politics:0.98375
free speech:0.9265
very interesting:0.92075
controversial:0.919
sexual:0.9155
political:0.90125
documentary:0.86675
corruption:0.864
narrated:0.84425
original:0.8385
obsession:0.8205
sex:0.814
sexuality:0.78275
interesting:0.7765
organized crime:0.7665
revolution:0.7445
greed:0.733
1970s:0.7315
sexy:0.72775
history:0.72025
vengeance:0.69825
business:0.6825
nudity (topless - notable):0.64775
violence:0.6335
talky:0.62475
sexualized violence:0.61375
artistic:0.60775
runaway:0.6075
brutality:0.5965
drinking:0.5755
entertaining:0.57475
propaganda:0.565
movielens top pick:0.552
eccentricity:0.5515
internet:0.549
life philosophy:0.54175
freedom:0.5325
mob:0.532
good:0.521
distopia:0.50775
adapted from:book:0.5075
sexual abuse:0.5045
story:0.50375
mentor:0.5015
great ending:0.501
independent film:0.50025
justice:0.499
best of 2005:0.49325
male nudity:0.4925
nudity (full frontal - notable):0.4925
honest:0.49175
nudity (full frontal - brief):0.48775
social commentary:0.4875
capitalism:0.486
dialogue:0.48125
manipulation:0.47775
gangsters:0.4735
good soundtrack:0.471
mafia:0.4705
assassination:0.467
nostalgic:0.46125
suspense:0.46025
brainwashing:0.45975
nudity (rear):0.4595
melancholic:0.4465
murder:0.44475
ironic:0.441
relationships:0.4395
family:0.43775
idealism:0.435
storytelling:0.43375
clever:0.43375
graphic design:0.431
secrets:0.43025
art:0.4295
new jersey:0.4285
criterion:0.42825
based on a book:0.42175
unlikely friendships:0.42025
catastrophe:0.41875
light:0.41725
complex:0.41425
california:0.412
witty:0.4115
grindhouse:0.40925
nudity (topless):0.40775
intellectual:0.405
adaptation:0.4025
us history:0.40225
enigmatic:0.39925
passionate:0.397
period piece:0.396
visually appealing:0.3935
gay character:0.39175
chase:0.39175
thought-provoking:0.39125
movie business:0.3895
world politics:0.38825
