suprisingly clever:1.0
fairy tale:0.9845
animation:0.98125
sequels:0.97875
fairy tales:0.9735
computer animation:0.9705
good sequel:0.964
talking animals:0.96125
sequel:0.9355
comedy:0.93275
franchise:0.92225
funny:0.919
cartoon:0.91725
crude humor:0.8665
original:0.84475
animated:0.8445
disney:0.83875
good:0.82625
clever:0.8125
hilarious:0.809
family:0.80625
very funny:0.79925
watch the credits:0.79775
humorous:0.79075
parody:0.7745
humor:0.7595
original plot:0.75925
witty:0.758
kids:0.74675
destiny:0.7335
fun:0.721
pg-13:0.72075
story:0.7195
redemption:0.71925
adventure:0.68525
great:0.66275
happy ending:0.65525
dreamworks:0.6485
children:0.6455
very good:0.641
entertaining:0.638
great movie:0.6255
fantasy world:0.6235
oscar winner:0.61975
stereotypes:0.6185
oscar (best animated feature):0.6125
product placement:0.61
animals:0.6045
goofy:0.60425
pixar animation:0.604
cute:0.60125
dialogue:0.59825
good soundtrack:0.596
not as good as the first:0.59025
satire:0.589
great ending:0.5635
based on book:0.559
fun movie:0.55425
storytelling:0.554
greed:0.5455
spoof:0.53725
dynamic cgi action:0.5265
based on a book:0.52475
creativity:0.52425
lame:0.5045
culture clash:0.49275
catastrophe:0.4925
cgi:0.4865
big budget:0.48375
visually stunning:0.48175
kids and family:0.474
friendship:0.47325
excellent script:0.46475
pixar:0.45975
transformation:0.447
imdb top 250:0.44675
magic:0.4445
crappy sequel:0.44225
predictable:0.43725
light:0.437
romance:0.43425
plot:0.424
excellent:0.42175
stylized:0.40375
better than expected:0.3985
superheroes:0.3965
vengeance:0.396
mentor:0.39575
alter ego:0.39
nudity (full frontal - brief):0.37025
runaway:0.36875
fantasy:0.368
satirical:0.36425
romantic:0.36
shallow:0.3595
betrayal:0.35925
life philosophy:0.35525
good dialogue:0.35475
good versus evil:0.34825
fast paced:0.34675
