oscar (best supporting actor):0.984
independent film:0.96025
storytelling:0.9335
ensemble cast:0.88775
new york city:0.8675
father son relationship:0.858
intellectual:0.858
original:0.8355
unlikely friendships:0.814
relationships:0.8125
dialogue:0.81175
new york:0.80925
complex:0.805
good soundtrack:0.802
melancholic:0.79525
great ending:0.791
great acting:0.779
multiple storylines:0.77125
loneliness:0.76125
cerebral:0.76075
imdb top 250:0.76025
friendship:0.75025
beautifully filmed:0.74025
social commentary:0.7285
great movie:0.724
complex characters:0.71075
life philosophy:0.70975
great:0.7065
writers:0.69825
narrated:0.6965
suprisingly clever:0.69275
reflective:0.69225
masterpiece:0.67275
story:0.666
character study:0.6605
visually appealing:0.65825
philosophy:0.655
interesting:0.6545
thought-provoking:0.65275
talky:0.6495
solitude:0.64275
good story:0.635
drama:0.635
mentor:0.63075
existentialism:0.62425
dreams:0.61975
enigmatic:0.61625
indie:0.6125
excellent:0.61175
excellent script:0.61025
entirely dialogue:0.6095
cult classic:0.604
dialogue driven:0.586
melancholy:0.58225
good acting:0.5815
life & death:0.58125
gangsters:0.57925
golden palm:0.57875
humanity:0.57575
nonlinear:0.5735
very interesting:0.5645
dramatic:0.562
life:0.5615
criterion:0.5575
harsh:0.5575
underrated:0.55575
redemption:0.551
non-linear:0.54775
honest:0.53775
crime gone awry:0.53775
special:0.52925
slow paced:0.52625
intelligent:0.5255
good:0.5225
quotable:0.521
clever:0.52025
great dialogue:0.517
stylized:0.51025
pretentious:0.509
new jersey:0.50675
secrets:0.505
drinking:0.503
good dialogue:0.4965
transformation:0.4935
sentimental:0.492
unusual plot structure:0.49125
art:0.4865
weird:0.485
dark humor:0.4845
simple:0.48275
catastrophe:0.47825
visually stunning:0.47275
highly quotable:0.4725
destiny:0.46825
witty:0.46425
greed:0.46075
touching:0.45475
shallow:0.45375
exceptional acting:0.4495
cool:0.44775
