apocalypse:0.8875
murder:0.7995
chase:0.79
murder mystery:0.76475
original:0.7465
thriller:0.72225
end of the world:0.687
action:0.66975
secrets:0.6525
visual:0.64
detective:0.631
mystery:0.6305
good action:0.62375
suspense:0.58275
first contact:0.57975
police investigation:0.5745
fast paced:0.55675
religion:0.53775
so bad it's funny:0.53325
french:0.51425
great ending:0.50525
dialogue:0.49775
story:0.49625
france:0.49075
intense:0.4815
supernatural:0.47875
betrayal:0.472
catastrophe:0.466
adaptation:0.4645
mentor:0.45875
bad ending:0.4505
stylish:0.44875
visually appealing:0.4475
weird:0.44075
exciting:0.43875
sequels:0.43875
very interesting:0.4315
greed:0.4265
great:0.42575
biblical:0.42575
conspiracy:0.4155
storytelling:0.40475
jesus:0.3965
predictable:0.39625
sequel:0.396
not funny:0.394
plot:0.3905
vengeance:0.389
god:0.38675
bad plot:0.37825
investigation:0.37525
visuals:0.3685
atmospheric:0.3625
suspenseful:0.35725
melancholic:0.357
cinematography:0.35
immortality:0.3495
interesting:0.33625
twists & turns:0.3355
unfunny:0.328
good soundtrack:0.32275
stylized:0.317
criterion:0.3145
good:0.3115
adapted from:book:0.3105
runaway:0.30775
books:0.3075
bad script:0.303
suprisingly clever:0.303
action packed:0.30075
plot holes:0.29925
better than expected:0.29925
nudity (full frontal - brief):0.2975
nocturnal:0.29525
entirely dialogue:0.2945
distopia:0.294
meditative:0.2935
brutality:0.29125
fantasy world:0.29075
lone hero:0.28925
life philosophy:0.28675
sexualized violence:0.28375
visually stunning:0.28325
assassination:0.27975
pornography:0.27375
exceptional acting:0.2735
absurd:0.27325
original plot:0.27
silly:0.2655
sexy:0.2645
talky:0.26225
destiny:0.26175
harsh:0.26075
fight scenes:0.25725
unusual plot structure:0.25325
crude humor:0.252
visceral:0.25175
amazing photography:0.24975
video game:0.249
shallow:0.2485
