prison escape:0.9785
tense:0.959
crime:0.90575
suspense:0.9025
police investigation:0.86625
twists & turns:0.866
murder:0.86125
chase:0.85475
thriller:0.85475
suspenseful:0.8515
great ending:0.83225
single father:0.82575
intense:0.78475
happy ending:0.75675
good:0.744
remake:0.73775
original:0.7335
fast paced:0.72075
great acting:0.72
good acting:0.70575
prison:0.70575
justice:0.6895
catastrophe:0.6845
excellent script:0.68325
plot:0.6825
mentor:0.68175
action:0.68075
corruption:0.6635
drama:0.64025
conspiracy:0.61325
lawyer:0.61025
runaway:0.60925
assassination:0.607
pg-13:0.60675
interesting:0.597
betrayal:0.57475
action packed:0.534
survival:0.532
excellent:0.5265
vengeance:0.5235
lawyers:0.52075
secrets:0.5205
clever:0.5205
beautiful scenery:0.512
exciting:0.494
car chase:0.493
heist:0.4925
revenge:0.4905
family drama:0.4895
greed:0.48225
storytelling:0.478
investigation:0.47625
hitman:0.4755
plot twist:0.472
gunfight:0.47075
story:0.46675
adultery:0.4665
twist ending:0.46525
culture clash:0.445
dialogue:0.44225
destiny:0.44175
guilt:0.4405
enigmatic:0.44025
twist:0.43625
nudity (full frontal - brief):0.433
pornography:0.43175
manipulation:0.427
plot holes:0.42525
hospital:0.4215
unusual plot structure:0.41975
cinematography:0.415
suprisingly clever:0.41275
oscar (best directing):0.409
emotional:0.401
better than expected:0.4
predictable:0.399
earnest:0.39525
underrated:0.3895
life philosophy:0.389
love story:0.3865
complicated plot:0.386
complicated:0.37975
psychological:0.375
caper:0.37375
natural disaster:0.373
complex:0.37275
cheating:0.3725
good action:0.369
surveillance:0.368
dramatic:0.3665
bad ending:0.36425
internet:0.36275
great:0.3625
first contact:0.36225
not funny:0.357
death:0.3565
sentimental:0.3545
love:0.353
detective:0.35275
good soundtrack:0.34925
