pornography:0.9825
male nudity:0.98175
sexual:0.98125
sex:0.9485
nudity (full frontal - notable):0.94425
erotic:0.93
intimate:0.91125
sexy:0.909
relationships:0.8955
nudity (full frontal):0.89375
loneliness:0.893
sexualized violence:0.8645
strippers:0.8275
sexuality:0.7915
las vegas:0.77025
independent film:0.76525
nudity:0.7385
original:0.72125
dialogue:0.695
internet:0.68075
obsession:0.68
pointless:0.63375
prostitution:0.63225
good soundtrack:0.607
very interesting:0.59175
melancholic:0.57675
weird:0.5755
betrayal:0.563
art:0.56275
nudity (topless - notable):0.549
interesting:0.5295
shallow:0.52425
notable nudity:0.5125
brutality:0.50975
art house:0.50725
cinematography:0.50525
enigmatic:0.49675
bleak:0.48725
entirely dialogue:0.482
social commentary:0.4805
drama:0.468
complex:0.4635
passionate:0.4625
visually appealing:0.45925
alternate endings:0.4565
drinking:0.45525
nudity (topless):0.44075
great ending:0.435
first contact:0.43425
bad ending:0.43125
mentor:0.42325
redemption:0.41875
happy ending:0.41675
story:0.41625
intellectual:0.41475
sex comedy:0.41175
criterion:0.4075
fantasy world:0.40525
secrets:0.403
nudity (full frontal - brief):0.40275
technology:0.40275
absurd:0.39825
life philosophy:0.39725
women:0.391
catastrophe:0.3855
storytelling:0.385
culture clash:0.38475
not funny:0.3845
thought-provoking:0.38225
intense:0.38025
horrible:0.3785
greed:0.3765
cerebral:0.376
love:0.3745
money:0.3725
indie:0.3705
fantasy:0.3675
geek:0.36625
golden palm:0.36475
70mm:0.362
boring!:0.35725
existentialism:0.357
depression:0.355
hotel:0.35425
stylized:0.35225
predictable:0.3475
controversial:0.346
manipulation:0.34425
emotional:0.34375
writers:0.34375
plot:0.3435
destiny:0.3435
realistic:0.3395
nudity (rear):0.339
honest:0.334
sexual abuse:0.33025
violence:0.32025
corruption:0.3185
multiple storylines:0.3185
tokyo:0.318
