world war ii:0.9915
wartime:0.9755
wwii:0.961
war:0.95675
nazis:0.8855
finnish:0.86775
best war films:0.86375
foreign:0.81825
sacrifice:0.81
fascism:0.79675
based on true story:0.7895
courage:0.77
german:0.767
nazi:0.75125
history:0.74325
historical:0.74175
us history:0.72625
true story:0.72325
dramatic:0.70475
mentor:0.6825
original:0.65375
jews:0.63175
unusual plot structure:0.61825
war movie:0.59975
world war i:0.591
based on a true story:0.57975
great:0.575
africa:0.55975
germany:0.55175
beautiful scenery:0.536
brutality:0.518
unlikely friendships:0.51525
tense:0.51425
intense:0.51175
good soundtrack:0.5035
romance:0.484
ethnic conflict:0.48275
adventure:0.48275
assassination:0.47875
good:0.475
enigmatic:0.47475
catastrophe:0.47325
love story:0.4715
drama:0.46825
transformation:0.455
suprisingly clever:0.4535
culture clash:0.4495
runaway:0.4475
story:0.4475
suspense:0.44575
great ending:0.43925
idealism:0.43325
cinematography:0.42675
great acting:0.42175
scotland:0.40925
weapons:0.4055
world politics:0.3995
friendship:0.38925
harsh:0.38775
prejudice:0.38075
complex:0.37875
betrayal:0.37875
not funny:0.37225
criterion:0.37
beautifully filmed:0.36775
egypt:0.36575
breathtaking:0.3645
great movie:0.349
british:0.34075
dialogue:0.33775
factual:0.335
light:0.33225
doctors:0.326
russia:0.32125
fun movie:0.321
romantic:0.3195
melancholic:0.3175
notable nudity:0.30475
better than expected:0.30075
islam:0.3005
demons:0.29825
life philosophy:0.2965
action:0.294
very funny:0.28525
good acting:0.277
destiny:0.277
hospital:0.2765
emotional:0.27375
vengeance:0.27125
drinking:0.27125
genocide:0.2675
silly fun:0.2645
storytelling:0.264
poland:0.26275
politics:0.26225
nudity (rear):0.26025
fantasy world:0.258
japan:0.25625
classic car:0.25525
nudity (full frontal - brief):0.255
