stop motion:0.98275
adventure:0.96525
island:0.9565
prison escape:0.92
stranded:0.9135
stop-motion:0.89525
desert:0.87225
survival:0.84875
submarine:0.83975
sci-fi:0.8305
special effects:0.80525
computer animation:0.78175
great movie:0.7805
sci fi:0.775
scifi:0.76975
childhood:0.75775
nostalgic:0.691
science fiction:0.69025
original:0.672
great:0.65675
animals:0.65275
story:0.6315
monster:0.63125
animal movie:0.6235
fun movie:0.58675
based on a book:0.584
fantasy:0.574
natural disaster:0.56275
mentor:0.5605
weapons:0.555
imagination:0.54825
dinosaurs:0.54775
underwater:0.5435
catastrophe:0.54275
oscar (best directing):0.529
dialogue:0.5255
civil war:0.5235
camp:0.51625
classic:0.512
exciting:0.5075
transformation:0.505
adaptation:0.49375
beautiful scenery:0.49275
solitude:0.4905
prison:0.48225
sacrifice:0.48125
creativity:0.47975
claustrophobic:0.467
ocean:0.46275
based on true story:0.4495
light:0.4405
effects:0.43925
great ending:0.439
oscar (best supporting actor):0.43425
not funny:0.424
monsters:0.41175
end of the world:0.41025
19th century:0.40825
american civil war:0.403
forceful:0.40175
giant robots:0.40075
criterion:0.39525
fun:0.395
culture clash:0.3945
good versus evil:0.3935
science:0.393
1950s:0.392
fantasy world:0.392
mythology:0.38725
entertaining:0.37975
wizards:0.37825
runaway:0.37725
boat:0.3765
good acting:0.3745
excellent:0.3715
redemption:0.3675
intense:0.363
good:0.363
family:0.36025
british:0.36
first contact:0.35725
complex characters:0.356
very interesting:0.356
colourful:0.354
oscar (best supporting actress):0.34975
technology:0.34475
good action:0.34375
melancholic:0.3425
harsh:0.33725
spiders:0.337
suprisingly clever:0.331
costume drama:0.327
oscar:0.324
entirely dialogue:0.32225
pirates:0.32175
heartwarming:0.32175
dramatic:0.3185
atmospheric:0.31775
visually appealing:0.3175
big budget:0.31675
