assassin:0.99375
action:0.98525
good action:0.952
revenge:0.948
assassination:0.94575
vengeance:0.9255
action packed:0.90425
vigilante:0.8915
chase:0.87675
fight scenes:0.876
fast paced:0.84875
mentor:0.84525
assassins:0.8385
pg-13:0.83325
plot:0.82225
murder:0.81575
hitman:0.7655
original:0.65075
guns:0.6475
predictable:0.638
car chase:0.63725
lone hero:0.6045
betrayal:0.59425
entertaining:0.5825
torture:0.57225
teen movie:0.5695
pornography:0.565
silly:0.562
plot holes:0.5575
better than expected:0.55575
weapons:0.5525
dialogue:0.53525
violent:0.533
visually appealing:0.531
brutality:0.52775
explosions:0.5275
cia:0.51725
sexy:0.51025
bad acting:0.50475
so bad it's funny:0.5025
violence:0.501
espionage:0.494
women:0.48875
franchise:0.48725
cool:0.48425
unrealistic:0.46275
corruption:0.46175
story:0.45975
stylish:0.459
ninja:0.455
shallow:0.452
police investigation:0.44325
innocence lost:0.43425
classic car:0.418
good soundtrack:0.41675
catastrophe:0.412
gangsters:0.40675
exciting:0.403
hit men:0.39875
death:0.394
latin america:0.38875
vigilantism:0.38725
crude humor:0.3865
great ending:0.385
culture clash:0.38
girlie movie:0.37425
storytelling:0.37375
gratuitous violence:0.373
arms dealer:0.36975
secret service:0.3685
bad ending:0.36575
not funny:0.36575
tricky:0.365
teen:0.364
good:0.35925
silly fun:0.35825
new jersey:0.351
justice:0.349
bad cgi:0.344
grindhouse:0.34075
unfunny:0.334
ridiculous:0.332
fbi:0.3285
nudity (full frontal - brief):0.32725
gunfight:0.32675
spelling bee:0.32675
surveillance:0.322
thriller:0.32025
runaway:0.31675
happy ending:0.31575
teens:0.31525
bad plot:0.3105
spy:0.30675
enormously long battle scene:0.304
redemption:0.30075
hunting:0.29625
new orleans:0.294
excellent script:0.29375
absurd:0.29275
realistic action:0.29225
