criterion:0.825
character study:0.77975
enigmatic:0.77575
crime:0.77575
relationships:0.7645
gangsters:0.744
intimate:0.73625
life philosophy:0.733
golden palm:0.71475
melancholic:0.7145
male nudity:0.6675
pornography:0.65175
cynical:0.62325
talky:0.60025
french:0.5915
original:0.5835
reflective:0.57275
unusual plot structure:0.5715
good soundtrack:0.5595
stylish:0.55875
gangster:0.5485
obsession:0.54
dysfunctional family:0.53975
love triangles:0.52675
nudity (full frontal - notable):0.5245
grindhouse:0.522
love:0.515
cars:0.509
complex:0.50525
loneliness:0.4975
sexy:0.491
runaway:0.48475
melancholy:0.47625
art house:0.46975
indie:0.46925
entirely dialogue:0.46675
stylized:0.4665
unlikeable characters:0.46325
bleak:0.46075
harsh:0.45975
crime gone awry:0.45675
beautifully filmed:0.44675
nudity (topless - notable):0.44375
very interesting:0.44275
passionate:0.43725
france:0.434
catastrophe:0.424
downbeat:0.4185
heist:0.41775
culture clash:0.40475
brutality:0.4
women:0.39775
guilt:0.39475
identity:0.39325
meditative:0.39175
mentor:0.3915
disturbing:0.38775
glbt:0.38725
weird:0.3805
cinematography:0.3765
social commentary:0.3745
bloody:0.37225
affectionate:0.368
great ending:0.3665
dialogue:0.365
hit men:0.36125
secrets:0.36025
police investigation:0.355
suprisingly clever:0.35275
drama:0.34875
twists & turns:0.3475
bittersweet:0.34425
solitude:0.34425
erotic:0.343
narrated:0.34075
writers:0.33975
philosophical:0.33975
hotel:0.33825
classic car:0.33775
adapted from:book:0.33725
oscar (best foreign language film):0.3365
not funny:0.335
existentialism:0.333
absurd:0.331
multiple storylines:0.32925
quirky:0.32725
adultery:0.3235
movielens top pick:0.32
tragedy:0.32
sexualized violence:0.3185
bollywood:0.31475
storytelling:0.3135
macabre:0.31125
queer:0.30525
betrayal:0.30425
nudity (full frontal - brief):0.30225
grim:0.30075
childhood:0.2955
visually appealing:0.29475
brothers:0.29425
