comedy:0.97725
buddy movie:0.922
funny:0.86125
hilarious:0.853
foul language:0.82975
boston:0.821
women:0.69175
police:0.68875
crude humor:0.6395
very funny:0.61775
funny as hell:0.60475
original:0.60175
predictable:0.58225
saturday night live:0.56925
stereotypes:0.5665
stupid as hell:0.564
workplace:0.534
police investigation:0.5165
action:0.51125
sarcasm:0.49225
brutality:0.48775
mentor:0.48775
slapstick:0.4835
dialogue:0.4785
detective:0.47425
great ending:0.47225
pg-13:0.4535
better than expected:0.44625
silly:0.44075
fbi:0.42975
catastrophe:0.42325
absurd:0.42075
silly fun:0.4195
male nudity:0.419
humorous:0.398
beauty pageant:0.39
suprisingly clever:0.374
drinking:0.37125
funniest movies:0.36675
chase:0.364
great:0.35725
idiotic:0.35575
chick flick:0.3555
dysfunctional family:0.3505
weapons:0.35025
good soundtrack:0.34875
police corruption:0.34475
life philosophy:0.3355
parody:0.3325
dumb but funny:0.33075
corruption:0.329
friendship:0.3265
plot:0.3245
storytelling:0.324
so bad it's funny:0.32275
justice:0.319
culture clash:0.31
unfunny:0.3085
unlikely friendships:0.30275
runaway:0.302
fun movie:0.29775
good:0.296
adaptation:0.2915
loneliness:0.28975
identity:0.28675
stupidity:0.282
irish accent:0.2805
drugs:0.27925
investigation:0.27825
writers:0.278
criterion:0.27675
farce:0.27225
weed:0.26525
redemption:0.2635
relationships:0.26025
clever:0.26025
story:0.25975
stand-up comedy:0.2585
dumb:0.25825
twists & turns:0.2545
pornography:0.254
weird:0.25325
entirely dialogue:0.253
crime:0.25275
social commentary:0.25175
violent:0.248
sexy:0.24375
awful:0.24325
entertaining:0.24175
violence:0.24175
secret service:0.2395
drama:0.23875
humor:0.23625
fun:0.2355
prejudice:0.23175
lone hero:0.23025
bad plot:0.2285
fantasy world:0.226
vengeance:0.224
bad ending:0.223
