doctors:0.97975
based on a true story:0.96875
based on true story:0.96775
true story:0.94825
parenthood:0.93775
inspiring:0.86
courage:0.8295
touching:0.82
hospital:0.79475
original:0.725
drama:0.716
sentimental:0.71075
childhood:0.70375
children:0.70175
family:0.697
happy ending:0.69625
story:0.68725
good:0.67275
genetics:0.6515
heartwarming:0.64925
road movie:0.641
dramatic:0.62125
mentor:0.6115
heartbreaking:0.6115
science:0.60275
inspirational:0.60125
tear jerker:0.6005
emotional:0.588
catastrophe:0.57475
sacrifice:0.57325
survival:0.57325
cancer:0.56675
death:0.565
runaway:0.55525
destiny:0.525
adoption:0.51875
oil:0.51325
great:0.507
blindness:0.50575
chase:0.5005
oscar (best actress):0.49825
culture clash:0.4975
disability:0.4955
moving:0.48475
storytelling:0.48125
sad:0.48075
pg-13:0.479
great ending:0.4655
oscar (best directing):0.46525
tragedy:0.46425
transformation:0.463
intense:0.45
natural disaster:0.45
depression:0.447
kids and family:0.43975
poverty:0.4365
great acting:0.43225
suspense:0.42675
oscar:0.4235
factual:0.42075
family drama:0.4205
first contact:0.41925
terminal illness:0.416
life:0.41275
redemption:0.41
suprisingly clever:0.4085
single father:0.4085
exceptional acting:0.408
great movie:0.4055
entertaining:0.4005
good soundtrack:0.39675
oscar winner:0.396
divorce:0.38075
oscar (best supporting actress):0.379
beautiful scenery:0.37775
passionate:0.3775
nudity (full frontal - brief):0.374
brutality:0.37325
dialogue:0.3705
obsession:0.37025
fun movie:0.37
mad scientist:0.36425
bittersweet:0.3625
educational:0.356
melancholic:0.35575
suspenseful:0.35275
fast paced:0.34675
pornography:0.339
predictable:0.33825
corruption:0.33725
adapted from:book:0.334
excellent script:0.32675
not funny:0.3255
secrets:0.3245
adventure:0.3215
suburbia:0.31925
creativity:0.31675
lone hero:0.31625
excellent:0.31625
harsh:0.3155
