hitchcock:0.99975
murder:0.9535
police investigation:0.9425
suspenseful:0.93075
suspense:0.926
serial killer:0.90675
murder mystery:0.8775
sexualized violence:0.843
violent:0.836
great ending:0.832
macabre:0.81925
censorship:0.817
violence:0.809
moral ambiguity:0.80375
brutality:0.78025
tense:0.76475
psychological:0.76125
enigmatic:0.76025
interesting:0.7565
disturbing:0.75325
original:0.75075
runaway:0.74425
crime:0.73825
thriller:0.7375
investigation:0.73225
obsession:0.72775
london:0.699
guilt:0.69825
talky:0.6815
psychology:0.67475
clever:0.673
intense:0.671
pornography:0.66975
chase:0.665
detective:0.66275
insanity:0.653
twists & turns:0.65175
greed:0.65
corruption:0.64575
frightening:0.64075
dark:0.64025
revenge:0.6355
secrets:0.63425
identity:0.63125
stylish:0.62575
dialogue:0.619
mistaken identity:0.61525
mystery:0.603
brutal:0.60125
twist:0.59525
rape:0.5785
justice:0.5705
criterion:0.56975
atmospheric:0.56425
classic:0.55975
masterpiece:0.5595
paranoid:0.55525
manipulation:0.55325
vengeance:0.54625
stylized:0.543
voyeurism:0.5415
dark humor:0.54075
visceral:0.53975
cinematography:0.5385
gunfight:0.538
plot:0.5375
complicated:0.5345
imdb top 250:0.5255
courtroom:0.5205
weird:0.52025
grim:0.51875
culture clash:0.514
complex:0.513
harsh:0.509
great:0.50825
black comedy:0.4975
assassination:0.49575
unusual plot structure:0.4825
paranoia:0.48225
very interesting:0.48125
creepy:0.4745
sexy:0.4695
mentor:0.46875
story:0.46225
nudity:0.45525
adaptation:0.45375
claustrophobic:0.4505
adapted from:book:0.4495
1970s:0.44525
betrayal:0.44175
death:0.4415
storytelling:0.43975
oscar (best actress):0.4355
catastrophe:0.434
loneliness:0.42125
humorous:0.42075
visual:0.418
visually appealing:0.41625
amazing photography:0.41425
absurd:0.414
