monsters:0.94925
monster:0.94875
horror:0.9465
gore:0.9445
gory:0.93925
splatter:0.91725
rape:0.905
nudity:0.82675
fish:0.82625
bloody:0.82425
grindhouse:0.8205
cult classic:0.801
nudity (topless):0.79725
teens:0.74475
campy:0.735
violence:0.72925
original:0.729
goretastic:0.7145
brutality:0.7145
blood:0.71175
silly:0.706
gruesome:0.70325
mutants:0.69125
so bad it's funny:0.68875
serial killer:0.67575
low budget:0.66075
cult film:0.6575
graphic novel:0.6485
goofy:0.632
weird:0.63175
mad scientist:0.6235
creepy:0.623
supernatural:0.6225
unusual plot structure:0.608
zombie:0.59525
dumb but funny:0.57425
demons:0.54825
survival:0.5445
scary:0.537
visceral:0.537
slasher:0.515
werewolves:0.51175
bad acting:0.4685
wilderness:0.468
harsh:0.4655
unintentionally funny:0.464
80s:0.458
vengeance:0.45375
stylish:0.45
murder:0.4485
silly fun:0.43325
nudity (full frontal - notable):0.431
camp:0.4275
mentor:0.4245
weapons:0.4225
transformation:0.415
predictable:0.40725
cheesy:0.398
good soundtrack:0.39525
small town:0.39325
effects:0.3865
violent:0.385
revenge:0.3845
dark humor:0.384
bad plot:0.37675
special effects:0.363
catastrophe:0.35875
spiders:0.35475
great ending:0.35175
macabre:0.34975
native americans:0.3495
franchise:0.3435
not funny:0.3425
torture:0.34225
chase:0.341
pornography:0.32925
sexualized violence:0.3275
adaptation:0.32725
lone hero:0.3255
pointless:0.323
classic car:0.3225
genetics:0.3215
dialogue:0.32125
overrated:0.321
cannibalism:0.3205
bowling:0.3205
fun:0.31625
disturbing:0.3035
intense:0.2985
fun movie:0.29325
great:0.29175
twist ending:0.291
sci fi:0.29075
stupid as hell:0.2875
first contact:0.27825
women:0.277
allegory:0.27625
nudity (full frontal - brief):0.27375
fantasy world:0.27275
absurd:0.26775
