visually appealing:0.99175
visual:0.9505
visually stunning:0.91325
criterion:0.90075
stunning:0.892
technology:0.8895
reflective:0.86725
humanity:0.86025
trilogy:0.8375
artistic:0.78325
visuals:0.761
meditative:0.761
breathtaking:0.73675
cinematography:0.729
alone in the world:0.71225
original:0.7115
environment:0.6955
beautifully filmed:0.69075
allegory:0.67725
no dialogue:0.649
art:0.6275
cerebral:0.608
brutality:0.60275
storytelling:0.6015
social commentary:0.601
music:0.597
thought-provoking:0.58925
life philosophy:0.5855
nature:0.5725
so bad it's funny:0.557
colourful:0.55175
computer animation:0.55175
stylized:0.55025
good soundtrack:0.54125
imagination:0.537
existentialism:0.531
melancholic:0.51925
destiny:0.51325
very interesting:0.509
beautiful:0.50525
greed:0.49875
violence:0.4975
lyrical:0.48975
weird:0.477
masterpiece:0.46825
religion:0.4665
enigmatic:0.4645
fantasy world:0.461
great ending:0.45275
intellectual:0.4525
dreams:0.452
life:0.447
catastrophe:0.4455
classic car:0.442
photography:0.438
weapons:0.43425
parallel universe:0.4315
environmental:0.425
shallow:0.42
solitude:0.4075
poetry:0.40425
bleak:0.398
visceral:0.39275
not funny:0.39125
documentary:0.385
slow:0.3825
mentor:0.38225
author:neil gaiman:0.38175
first contact:0.38125
multiple storylines:0.3765
life & death:0.3765
dreamlike:0.37375
god:0.3735
unusual plot structure:0.37325
violent:0.37275
suprisingly clever:0.37225
clones:0.37025
surreal:0.3675
disturbing:0.36425
off-beat comedy:0.3515
absurd:0.35
talky:0.3485
dialogue:0.3475
great cinematography:0.3445
intense:0.3425
creativity:0.34175
complex:0.3385
imdb top 250:0.3315
cloning:0.3295
scenic:0.32775
macabre:0.323
light:0.32075
stop motion:0.30875
narrated:0.30775
childhood:0.306
jesus:0.30375
culture clash:0.303
alternate reality:0.301
pulp:0.29925
alternate history:0.297
