gunfight:0.993
downbeat:0.99025
bleak:0.98925
western:0.9825
spaghetti western:0.9605
cynical:0.95375
harsh:0.945
criterion:0.90575
interracial romance:0.90425
ennio morricone:0.86875
cinematography:0.86675
grim:0.85175
dark humor:0.851
enigmatic:0.8465
allegory:0.819
melancholic:0.81875
golden palm:0.81625
imdb top 250:0.81275
brutality:0.802
talky:0.8005
tense:0.791
stylish:0.78075
melancholy:0.77475
masterpiece:0.7725
violent:0.76875
vengeance:0.76825
atmospheric:0.72725
original:0.7225
weird:0.7195
macabre:0.7115
gritty:0.70725
cult film:0.70275
cult classic:0.702
violence:0.7015
stylized:0.699
greed:0.68025
depressing:0.67025
dark:0.669
intimate:0.6655
visceral:0.65275
social commentary:0.65025
surreal:0.63875
oscar (best foreign language film):0.633
black and white:0.621
powerful ending:0.6185
foreign:0.608
good soundtrack:0.601
beautifully filmed:0.5995
brutal:0.59775
breathtaking:0.587
bloody:0.58425
classic:0.5795
dialogue:0.57725
visually appealing:0.57725
visual:0.575
movielens top pick:0.5705
great acting:0.56625
eerie:0.5655
moody:0.55525
disturbing:0.55225
culture clash:0.5505
biting:0.5495
poignant:0.54525
dreamlike:0.54475
pornography:0.5375
runaway:0.53275
entirely dialogue:0.52725
reflective:0.5255
eccentricity:0.522
affectionate:0.51875
loneliness:0.5185
meditative:0.50725
nocturnal:0.5055
great:0.50075
crime gone awry:0.496
hotel:0.492
photography:0.49175
stunning:0.48675
ominous:0.47725
suprisingly clever:0.477
nudity (full frontal - notable):0.473
italy:0.471
moral ambiguity:0.46475
wilderness:0.4555
complex characters:0.45525
oscar (best cinematography):0.45525
forceful:0.4455
death:0.43775
revenge:0.43775
great ending:0.43025
nudity (topless - brief):0.429
unusual plot structure:0.42875
oscar (best directing):0.42675
mob:0.4225
bad ending:0.42225
italian:0.4155
depression:0.415
twists & turns:0.412
insanity:0.41025
hitman:0.41025
