history:0.9925
historical:0.9875
france:0.98075
18th century:0.972
criterion:0.96625
poland:0.96025
revolution:0.93175
french:0.92675
us history:0.9245
talky:0.915
forceful:0.90275
dramatic:0.89675
politics:0.87025
foreign:0.838
oscar (best directing):0.834
greed:0.83275
great:0.83075
imdb top 250:0.821
oscar (best actress):0.80525
paris:0.796
allegory:0.78625
great movie:0.78075
political:0.77025
queer:0.76775
passionate:0.76375
golden palm:0.7625
original:0.76025
cinematography:0.75975
drinking:0.7445
tense:0.7425
mentor:0.73875
powerful ending:0.7325
freedom:0.72325
breathtaking:0.717
ethnic conflict:0.70775
compassionate:0.70225
paranoia:0.70175
runaway:0.698
spain:0.694
murder:0.68425
downbeat:0.683
great acting:0.68175
social commentary:0.6765
cerebral:0.6685
1930s:0.66425
enigmatic:0.65925
masterpiece:0.65475
colonialism:0.6535
bleak:0.648
reflective:0.638
dialogue:0.637
affectionate:0.63475
narrated:0.63375
epic:0.629
betrayal:0.6275
oscar (best cinematography):0.619
earnest:0.6135
oscar (best foreign language film):0.61075
australia:0.6085
visual:0.603
drama:0.602
courage:0.6015
women:0.5985
brutality:0.5835
complex:0.58
period piece:0.58
interesting:0.57925
oscar winner:0.5725
sacrifice:0.5645
sexual:0.56325
unlikely friendships:0.562
pornography:0.55975
oscar:0.5585
friendship:0.558
very interesting:0.556
tragedy:0.5535
suprisingly clever:0.5505
biography:0.55
excellent:0.54825
good soundtrack:0.54775
harsh:0.54575
manipulation:0.543
culture clash:0.5425
atmospheric:0.54225
exceptional acting:0.5385
catastrophe:0.5375
nudity (full frontal - notable):0.5345
poignant:0.53325
police investigation:0.532
corruption:0.53175
biographical:0.529
intimate:0.52375
crime gone awry:0.52275
melancholy:0.52225
oscar (best supporting actress):0.516
transformation:0.5145
surveillance:0.513
idealism:0.5125
good:0.50575
moral ambiguity:0.50325
