russian:0.963
visual:0.92875
surreal:0.923
visually stunning:0.8915
destiny:0.88325
weird:0.878
russia:0.86375
good versus evil:0.846
original:0.8395
fantasy world:0.82425
visually appealing:0.81125
imagination:0.80975
apocalypse:0.8065
mythology:0.796
sci-fi:0.79125
fantasy:0.78225
dark:0.7785
storytelling:0.77625
light:0.76425
adapted from:book:0.7485
dreamlike:0.74175
special effects:0.73475
trilogy:0.728
cerebral:0.7135
good sequel:0.69225
dark fantasy:0.68825
sci fi:0.677
confusing:0.6655
visuals:0.66125
scifi:0.657
complex:0.64975
story:0.64925
so bad it's funny:0.62925
dynamic cgi action:0.61875
creativity:0.6155
stunning:0.61025
dialogue:0.60375
cinematography:0.59175
action:0.58375
stylized:0.575
adaptation:0.57125
books:0.569
allegory:0.54575
absurd:0.54525
plot:0.544
alternate reality:0.53875
based on a book:0.538
cool:0.537
distopia:0.537
supernatural:0.53425
end of the world:0.52375
existentialism:0.51725
metaphysics:0.513
magic:0.5105
medieval:0.50525
harsh:0.4995
mindfuck:0.49925
good soundtrack:0.49425
catastrophe:0.49225
transformation:0.492
breathtaking:0.49075
fight scenes:0.49
first contact:0.4875
great ending:0.48575
high fantasy:0.484
cgi:0.4715
immortality:0.46975
nudity (rear):0.46875
parallel universe:0.4685
mentor:0.46225
philosophical:0.4615
big budget:0.4485
brutality:0.44375
good:0.43325
based on book:0.43175
nocturnal:0.43125
enigmatic:0.4265
multiple storylines:0.42475
science fiction:0.4195
intellectual:0.4155
technology:0.4145
melancholic:0.40925
great cinematography:0.4085
insanity:0.408
philosophy:0.4055
entirely dialogue:0.40475
revolution:0.39825
atmospheric:0.39675
chase:0.39625
modern fantasy:0.395
complicated:0.395
talky:0.394
product placement:0.3935
better than expected:0.3915
intense:0.38825
sequel:0.38625
dystopia:0.3855
betrayal:0.38425
twists & turns:0.3815
cult film:0.3805
