mars:0.9945
sci-fi:0.9885
scifi:0.85025
sci fi:0.8495
science fiction:0.798
so bad it's funny:0.77025
original:0.76275
bad plot:0.76175
bad acting:0.75675
action:0.74725
ghosts:0.7425
predictable:0.71675
splatter:0.691
pulp:0.64375
cult film:0.642
first contact:0.626
bad cgi:0.62125
zombie:0.61275
horror:0.612
alien:0.60675
dialogue:0.597
special effects:0.5955
futuristic:0.59325
weapons:0.58175
space opera:0.57475
good action:0.572
fight scenes:0.567
horrible:0.56575
pointless:0.55325
zombies:0.5385
future:0.53375
good soundtrack:0.516
idiotic:0.4955
action packed:0.49225
bad:0.48675
brutality:0.48675
catastrophe:0.481
gunfight:0.4755
violence:0.47025
aliens:0.462
supernatural:0.46175
virus:0.4585
destiny:0.4585
post apocalyptic:0.45475
lone hero:0.44975
big budget:0.44075
mentor:0.44075
plot holes:0.43975
great ending:0.4355
video game adaptation:0.43075
apocalypse:0.42325
overrated:0.4185
snakes:0.4155
not funny:0.413
technology:0.41225
suspense:0.40825
story:0.40225
post-apocalyptic:0.402
entirely dialogue:0.3905
survival:0.37875
mutants:0.3785
80s:0.37475
low budget:0.37225
cheesy:0.3715
good:0.37125
disaster:0.363
gangsters:0.36275
campy:0.36025
stupid:0.35975
cult classic:0.35975
fun movie:0.35625
existentialism:0.35425
death:0.3525
end of the world:0.3475
monster:0.34375
storytelling:0.342
monsters:0.33925
chase:0.33375
fun:0.3335
fantasy:0.33275
space:0.3325
adaptation:0.33225
silly:0.332
scary:0.32925
crappy sequel:0.32125
cool:0.32125
life & death:0.31225
weird:0.308
family:0.307
queer:0.3065
natural disaster:0.3065
life philosophy:0.30275
lame:0.3025
stylized:0.2945
redemption:0.2925
halloween:0.28975
runaway:0.28975
fantasy world:0.289
violent:0.28575
quirky:0.28275
