quotable:0.9225
goofy:0.91975
weird:0.8925
adventure:0.86925
quirky:0.867
silly fun:0.84925
whimsical:0.84375
original:0.84225
fun movie:0.83775
stop motion:0.83575
funny as hell:0.822
surreal:0.74275
irreverent:0.73525
road trip:0.732
cult classic:0.72475
hilarious:0.6905
comedy:0.67425
absurd:0.66625
childhood:0.653
creativity:0.64825
visually appealing:0.644
stop-motion:0.633
imagination:0.6305
silly:0.62675
funniest movies:0.62625
saturday night live:0.6095
eccentricity:0.606
entertaining:0.59425
road movie:0.577
great ending:0.57475
fantasy world:0.57225
off-beat comedy:0.57225
enigmatic:0.56775
cult film:0.56725
fun:0.566
dialogue:0.55325
classic:0.54975
obsession:0.53425
parody:0.52325
great:0.5225
stupidity:0.52125
humorous:0.51975
colourful:0.517
good soundtrack:0.517
very funny:0.50725
crazy:0.496
directorial debut:0.491
dark humor:0.4795
dumb but funny:0.4745
bizarre:0.47425
creepy:0.47275
humor:0.46875
talky:0.46675
affectionate:0.46625
storytelling:0.45625
dreams:0.4525
satirical:0.45175
visual:0.449
criterion:0.44825
screwball:0.431
insanity:0.4175
great movie:0.41275
bullying:0.412
fantasy:0.409
witty:0.4035
suprisingly clever:0.40325
clever:0.40225
slapstick:0.39925
chase:0.3935
snakes:0.3895
runaway:0.38825
catastrophe:0.3875
existentialism:0.386
cult:0.38275
clowns:0.38225
masterpiece:0.382
imdb top 250:0.37975
melancholic:0.37725
funny:0.37575
highly quotable:0.3745
motorcycle:0.3735
story:0.364
mentor:0.3625
entirely dialogue:0.35825
sarcasm:0.35625
light:0.3525
adaptation:0.3515
strange:0.35025
golden palm:0.349
crime gone awry:0.337
loneliness:0.336
grindhouse:0.33525
pornography:0.33125
unique:0.32875
scary:0.32025
cerebral:0.3135
coen bros:0.3085
allegory:0.305
children:0.30475
family:0.3045
