sports:0.99825
oscar (best supporting actor):0.987
small town:0.937
mentor:0.9365
basketball:0.93475
inspirational:0.9065
feel-good:0.9045
classic:0.89625
great movie:0.8905
underdog:0.87175
redemption:0.868
based on true story:0.8615
oscar (best picture):0.85675
feel good movie:0.85375
lone hero:0.85275
inspiring:0.8255
great:0.8235
good:0.79075
high school:0.781
drama:0.77775
oscar (best directing):0.774
oscar winner:0.7615
original:0.7415
true story:0.732
foul language:0.723
dramatic:0.71475
oscar (best actress):0.69925
oscar:0.69575
drinking:0.67875
intense:0.675
golf:0.673
nostalgic:0.6695
good soundtrack:0.667
interesting:0.66275
great acting:0.6615
destiny:0.66125
fun movie:0.6595
story:0.65675
period piece:0.655
based on a true story:0.65325
realistic:0.6515
honest:0.636
excellent script:0.63225
imdb top 250:0.62675
happy ending:0.62675
heartwarming:0.622
childhood:0.6215
great ending:0.621
courage:0.6075
oscar (best supporting actress):0.6
college:0.5945
pg-13:0.5935
storytelling:0.5795
runaway:0.57875
court:0.57825
goofy:0.56425
good acting:0.559
excellent:0.5555
friendship:0.55425
earnest:0.551
dialogue:0.54175
quotable:0.53925
1950s:0.5355
passionate:0.533
teacher:0.5315
very good:0.5305
unlikely friendships:0.52925
touching:0.5175
highly quotable:0.50925
buddy movie:0.50675
forceful:0.49775
awesome soundtrack:0.49625
great soundtrack:0.4915
suspense:0.4915
romance:0.49075
corruption:0.48975
sentimental:0.48925
exciting:0.48775
oscar (best effects - visual effects):0.48575
clever:0.4855
sacrifice:0.47725
entertaining:0.46625
compassionate:0.464
fast paced:0.4635
multiple storylines:0.463
afi 100 (movie quotes):0.4615
adaptation:0.4605
oscar (best actor):0.45775
tense:0.45625
transformation:0.455
fun:0.45175
idealism:0.4505
love story:0.44675
cult classic:0.44275
life philosophy:0.4415
texas:0.44075
catastrophe:0.44
romantic:0.437
fighting:0.436
dark hero:0.431
