chick flick:0.9835
based on a book:0.9625
girlie movie:0.9355
romantic:0.90225
romance:0.90225
divorce:0.8885
romantic comedy:0.88075
scenic:0.87725
beautiful scenery:0.8655
relationships:0.829
feel-good:0.82025
love story:0.817
based on book:0.798
beautifully filmed:0.78375
feel good movie:0.77225
happy ending:0.77125
destiny:0.726
stereotypes:0.71425
women:0.71325
adapted from:book:0.6935
pg-13:0.66875
life philosophy:0.66575
mentor:0.655
sexy:0.635
italy:0.6275
friendship:0.62375
sweet:0.622
books:0.62075
original:0.61875
san francisco:0.61475
life:0.5825
great:0.5805
literature:0.5745
rome:0.56525
predictable:0.54825
great ending:0.5435
shallow:0.5385
sentimental:0.53775
heartwarming:0.52625
story:0.524
loneliness:0.52225
great acting:0.52075
catastrophe:0.51875
love:0.51725
touching:0.5115
comedy:0.51025
bittersweet:0.50575
transformation:0.503
adaptation:0.502
good:0.49475
unlikely friendships:0.4915
shopping:0.49125
entertaining:0.491
beautiful:0.49
writers:0.485
oscar (best actress):0.48225
gay:0.4775
oscar:0.46375
sappy:0.45775
book was better:0.44375
passionate:0.44125
inspirational:0.439
family:0.43325
culture clash:0.4285
fairy tale:0.42575
fantasy:0.425
good romantic comedies:0.42075
better than expected:0.42
good soundtrack:0.41325
dialogue:0.40975
funny:0.40575
stunning:0.3935
quirky:0.3785
inspiring:0.37075
cinematography:0.37025
whimsical:0.3595
based on true story:0.35775
very funny:0.356
gay character:0.35575
wedding:0.3495
aging:0.34525
marriage:0.341
internet:0.339
storytelling:0.33275
melancholic:0.33
first contact:0.329
light:0.325
drama:0.32
fun movie:0.3165
not funny:0.316
wine:0.31075
breathtaking:0.3075
great movie:0.30325
redemption:0.30325
so bad it's funny:0.301
visually appealing:0.2985
life & death:0.297
very interesting:0.29325
suprisingly clever:0.28275
oscar (best supporting actress):0.28225
