history:0.992
historical:0.97625
cinematography:0.93475
biographical:0.92375
us history:0.9115
amazing cinematography:0.90675
slavery:0.90425
dramatic:0.9035
visually stunning:0.88175
biopic:0.858
beautifully filmed:0.85725
epic:0.835
biography:0.83375
childhood:0.8295
betrayal:0.8245
mentor:0.82075
brutality:0.81475
vengeance:0.814
storytelling:0.8085
visual:0.804
stunning:0.79875
destiny:0.78625
china:0.78475
original:0.783
story:0.777
gunfight:0.77125
great:0.76425
beautiful scenery:0.75825
great movie:0.75
sacrifice:0.74025
factual:0.74
bloody:0.733
survival:0.7305
visually appealing:0.72875
great cinematography:0.71025
drama:0.70925
foreign:0.70675
breathtaking:0.70375
revenge:0.70325
violence:0.6915
violent:0.68725
sword fight:0.6855
imdb top 250:0.6835
love story:0.67925
fight scenes:0.67325
forceful:0.67125
chase:0.64325
transformation:0.63725
courage:0.633
intense:0.63075
russian:0.62975
revolution:0.61975
action:0.61825
oscar (best directing):0.613
pg-13:0.6085
islam:0.6035
life:0.60225
friendship:0.5995
scenic:0.591
harsh:0.59075
weapons:0.5905
culture clash:0.58775
fighting:0.57525
genocide:0.575
allegory:0.56625
based on true story:0.56475
amazing photography:0.56375
costume drama:0.55775
good soundtrack:0.554
rags to riches:0.55375
visceral:0.5525
interesting:0.54675
redemption:0.5455
complex:0.53975
exceptional acting:0.5395
great ending:0.538
suprisingly clever:0.5335
philosophy:0.5325
death:0.5325
dialogue:0.52825
prejudice:0.526
action packed:0.5235
big budget:0.5225
brutal:0.52075
medieval:0.52
tragedy:0.51825
life & death:0.516
idealism:0.51325
splatter:0.51125
excellent:0.50725
oscar:0.50125
realistic:0.497
social commentary:0.4965
stylized:0.49325
war:0.49175
blood:0.491
reflective:0.49075
runaway:0.489
trilogy:0.4845
good:0.484
