70mm:0.99775
irish accent:0.99625
irish:0.98475
love story:0.94225
ireland:0.94125
romantic:0.923
romance:0.905
boston:0.834
destiny:0.83025
happy ending:0.81725
beautiful scenery:0.76
romantic comedy:0.7325
good:0.72725
epic:0.702
sentimental:0.6975
catastrophe:0.68975
chick flick:0.6755
original:0.672
big budget:0.6685
survival:0.6675
storytelling:0.66675
historical:0.6665
girlie movie:0.65125
adventure:0.6485
great:0.6415
immigrants:0.636
love:0.621
fun movie:0.6045
chase:0.59975
beautifully filmed:0.5815
indians:0.5785
mentor:0.57725
pg-13:0.568
passionate:0.564
underrated:0.55825
natural disaster:0.55675
dialogue:0.55325
plot:0.5455
underdog:0.54075
race:0.53725
predictable:0.53525
great movie:0.5285
scenic:0.52425
us history:0.5205
island:0.493
drama:0.493
entertaining:0.48975
dynamic cgi action:0.481
story:0.4765
great ending:0.47575
action:0.4745
period piece:0.461
feel-good:0.461
fight scenes:0.45725
good action:0.4465
sacrifice:0.444
culture clash:0.44225
nostalgic:0.43925
history:0.4355
intense:0.43375
life philosophy:0.43175
transformation:0.416
good romantic comedies:0.415
cinematography:0.4135
fun:0.413
revenge:0.408
betrayal:0.40625
special effects:0.406
brutality:0.404
bad ending:0.40225
first contact:0.39925
family:0.395
good soundtrack:0.3925
death:0.38875
tear jerker:0.3875
science fiction:0.3865
fairy tale:0.383
multiple storylines:0.382
feel good movie:0.3815
racing:0.37525
justice:0.374
lone hero:0.366
shallow:0.3645
runaway:0.35975
medieval:0.35525
beautiful:0.3545
marriage:0.3505
action packed:0.3475
doctors:0.34325
not funny:0.33875
oscar winner:0.3345
long:0.33375
sci fi:0.332
touching:0.32875
fighting:0.32525
alternate history:0.325
dramatic:0.3245
vengeance:0.324
suprisingly clever:0.3225
afterlife:0.31575
