teen movie:0.87775
teen:0.738
original:0.69325
teens:0.65675
ninja:0.6325
silly:0.62225
vampire human love:0.5805
motorcycle:0.57675
good soundtrack:0.57375
predictable:0.54625
great ending:0.5235
slapstick:0.50825
chase:0.5065
romance:0.5065
series:0.50525
awesome soundtrack:0.49975
fun movie:0.49275
family:0.47425
silly fun:0.463
gangs:0.45725
mentor:0.4365
idiotic:0.428
overrated:0.42
franchise:0.41875
great:0.4175
catastrophe:0.4155
fun:0.41
rats:0.40225
bad plot:0.40025
camp:0.3955
dialogue:0.3915
justice:0.38825
storytelling:0.386
alter ego:0.37925
campy:0.376
surfing:0.37275
sexy:0.3625
adaptation:0.35925
bittersweet:0.35825
fashion:0.3575
light:0.35275
runaway:0.352
story:0.3515
shallow:0.3455
nostalgia:0.3435
stylized:0.3405
unusual plot structure:0.33575
musical:0.335
superheroes:0.33375
quirky:0.33275
fantasy world:0.32975
grindhouse:0.3225
dumb but funny:0.3215
childhood:0.32025
disaster:0.3195
good dialogue:0.319
high school:0.31575
visually appealing:0.31325
adventure:0.312
surreal:0.30125
pg-13:0.3
fight scenes:0.29925
classic:0.29575
not funny:0.29425
brutality:0.29075
first contact:0.2885
bullying:0.28375
cinematography:0.28275
dancing:0.2795
80s:0.279
adapted from:book:0.279
adapted from:comic:0.277
cult film:0.275
destiny:0.27425
comics:0.27375
surrealism:0.273
very funny:0.27225
unfunny:0.2705
natural disaster:0.2705
cool:0.26975
criterion:0.2695
mythology:0.2675
allegory:0.267
redemption:0.2665
girlie movie:0.26525
pointless:0.26325
farce:0.26325
stereotypes:0.26175
melancholic:0.26075
drinking:0.25925
clever:0.259
unlikely friendships:0.25875
entirely dialogue:0.25775
nostalgic:0.2555
writers:0.252
happy ending:0.252
culture clash:0.25175
comedy:0.25125
great movie:0.25075
kidnapping:0.24775
