slavery:0.993
18th century:0.983
history:0.9625
england:0.95725
mentor:0.95675
historical:0.9265
politics:0.9165
true story:0.8745
period piece:0.8645
based on a true story:0.81975
story:0.80425
biographical:0.79325
oscar (best supporting actor):0.77275
drama:0.766
british:0.74925
based on true story:0.7475
dramatic:0.714
great:0.69575
inspiring:0.69025
childhood:0.67425
revolution:0.66625
idealism:0.6605
biopic:0.65975
destiny:0.646
london:0.64175
friendship:0.63625
political:0.6335
unlikely friendships:0.63125
inspirational:0.62975
compassionate:0.62925
courage:0.62125
feel-good:0.6155
biography:0.602
pg:0.59775
original:0.592
good:0.582
blindness:0.57775
betrayal:0.562
transformation:0.56
civil war:0.55825
great ending:0.558
us history:0.553
africa:0.54425
storytelling:0.53975
great movie:0.5395
sacrifice:0.539
feel good movie:0.5325
beautiful scenery:0.5295
catastrophe:0.52925
19th century:0.525
pg-13:0.52175
factual:0.5195
beautifully filmed:0.51725
powerful ending:0.50475
passionate:0.503
excellent:0.48325
redemption:0.47875
touching:0.465
christian:0.4615
costume drama:0.4595
dialogue:0.44375
segregation:0.43725
prejudice:0.43275
reflective:0.42975
wartime:0.42875
genocide:0.4285
better than expected:0.4195
drinking:0.41325
runaway:0.4125
freedom:0.4115
1930s:0.3975
suprisingly clever:0.391
oscar:0.38
brutality:0.37875
life philosophy:0.37675
culture clash:0.37575
humanity:0.35425
earnest:0.3535
not funny:0.3445
survival:0.34375
corruption:0.33825
rebellion:0.33275
good acting:0.32975
sentimental:0.327
unusual plot structure:0.3265
life & death:0.3225
clever:0.31925
god:0.31575
doctors:0.30925
witty:0.309
melancholic:0.302
underrated:0.29925
moving:0.29725
chase:0.297
light:0.295
talky:0.29425
cinematography:0.28975
complex:0.28875
greed:0.284
pornography:0.283
