dark humor:0.937
violence:0.89925
violent:0.89125
goofy:0.8695
original:0.8675
cult classic:0.866
mentor:0.8485
dark comedy:0.84325
clever:0.84125
mob:0.8375
black comedy:0.834
quirky:0.8295
crime:0.82175
dark:0.81975
gangsters:0.81575
brutality:0.798
psychological:0.762
weird:0.759
whimsical:0.7445
greed:0.73975
dialogue:0.737
stylish:0.72825
brutal:0.727
twists & turns:0.72075
great ending:0.72025
great acting:0.70875
gangster:0.70125
deadpan:0.693
good soundtrack:0.68175
dark hero:0.68
tricky:0.67925
crime gone awry:0.676
sexualized violence:0.65575
very interesting:0.635
absurd:0.6265
narrated:0.61025
comedy:0.60925
splatter:0.60875
off-beat comedy:0.605
blood:0.598
stylized:0.59425
anti-hero:0.59225
corruption:0.592
macabre:0.5865
relationships:0.5845
hit men:0.58425
creepy:0.582
hilarious:0.58175
grindhouse:0.581
farce:0.57825
great movie:0.577
complicated:0.567
humorous:0.56575
hitman:0.56425
mafia:0.56125
interesting:0.55875
very funny:0.551
bloody:0.54725
saturday night live:0.5425
storytelling:0.53575
underrated:0.53375
visceral:0.53
cult:0.5225
cult film:0.513
good:0.51075
twist:0.51025
pulp:0.50225
highly quotable:0.50075
justice:0.49625
transformation:0.49275
demons:0.48425
chase:0.47775
adaptation:0.4725
plot twist:0.468
intense:0.45825
entirely dialogue:0.457
twist ending:0.44675
revenge:0.43875
original plot:0.43625
quotable:0.43525
fantasy world:0.43375
moral ambiguity:0.4295
witty:0.4275
humor:0.426
murder:0.42425
obsession:0.4215
entertaining:0.41775
sci fi:0.4145
very good:0.41175
torture:0.41125
great:0.40375
funny:0.403
social commentary:0.401
eccentricity:0.401
life philosophy:0.39775
catastrophe:0.396
manipulation:0.396
doctors:0.3935
police investigation:0.38975
excellent:0.3885
