mob:0.909
neo-noir:0.9055
noir:0.89475
greed:0.88725
private detective:0.82275
film noir:0.77575
pulp:0.75825
unusual plot structure:0.7485
crime:0.73475
vengeance:0.68575
violence:0.67275
original:0.67
manipulation:0.664
twist:0.65975
sexy:0.658
pornography:0.65525
death:0.65425
mafia:0.65
good:0.63075
cheating:0.623
corruption:0.61625
gunfight:0.6155
betrayal:0.60775
dialogue:0.6075
murder:0.5885
twist ending:0.57525
plot twist:0.57525
las vegas:0.5695
police investigation:0.56375
revenge:0.56175
brutality:0.55875
organized crime:0.55725
guilt:0.55525
storytelling:0.55
stylish:0.548
adultery:0.543
crime gone awry:0.509
chase:0.50225
light:0.498
censorship:0.49525
classic:0.491
twists & turns:0.4905
money:0.48825
suspense:0.48525
mentor:0.4785
bank robbery:0.473
great ending:0.4665
suprisingly clever:0.46575
moral ambiguity:0.46125
good soundtrack:0.4535
1930s:0.45
story:0.44775
runaway:0.44375
cool:0.4435
goofy:0.43975
suspenseful:0.43675
creativity:0.433
sexualized violence:0.4315
complex:0.4275
culture clash:0.426
heist:0.425
nudity (full frontal - brief):0.42175
interesting:0.41825
catastrophe:0.4165
stylized:0.412
investigation:0.41175
pg-13:0.4105
hunting:0.40975
desert:0.40875
hotel:0.40375
underrated:0.4035
casino:0.40025
fast paced:0.39225
police corruption:0.3855
enigmatic:0.38475
very interesting:0.3835
parallel universe:0.3815
paranoid:0.3795
criterion:0.37575
simple:0.3745
surprise ending:0.37425
great:0.3725
nocturnal:0.36925
destiny:0.36875
secrets:0.36625
not funny:0.36575
complicated:0.365
very good:0.362
predictable:0.357
potential oscar nom:0.35675
entirely dialogue:0.35425
gritty:0.353
detective:0.351
lone hero:0.34925
great acting:0.3485
drinking:0.3485
imdb top 250:0.34525
clever:0.3395
hitman:0.339
drama:0.336
