love:0.9705
relationships:0.8805
love story:0.8365
talky:0.834
passionate:0.799
bittersweet:0.79725
beautifully filmed:0.789
reflective:0.76825
loneliness:0.74875
aging:0.747
beautiful scenery:0.72575
romance:0.70175
memory:0.697
criterion:0.69675
original:0.684
cinematography:0.6735
infidelity:0.67225
intimate:0.67225
wistful:0.6705
melancholic:0.66825
affectionate:0.6625
marriage:0.645
stylized:0.63275
australia:0.6285
nudity (topless - notable):0.6095
stunning:0.60625
death:0.5975
life & death:0.5825
obsession:0.57425
very interesting:0.57125
nudity (full frontal - notable):0.56775
betrayal:0.5645
mentor:0.5595
oscar (best writing - screenplay written directly for the screen):0.549
nocturnal:0.54625
adultery:0.533
good soundtrack:0.53025
life philosophy:0.51175
oscar (best supporting actress):0.499
intelligent:0.49525
enigmatic:0.48175
amazing photography:0.4795
quirky:0.4725
great ending:0.47125
poignant:0.4655
erotic:0.465
great:0.46275
drama:0.45925
oscar (best directing):0.459
first contact:0.44525
beautiful:0.4365
photography:0.43425
runaway:0.4255
romantic:0.42175
oscar (best actress):0.42175
dialogue:0.41775
paranoia:0.41775
colourful:0.41675
australian:0.41525
visually appealing:0.41525
pretentious:0.41475
weird:0.414
social commentary:0.40225
nostalgic:0.40175
complex:0.39975
cynical:0.3995
unlikely friendships:0.39775
visually stunning:0.39725
not funny:0.397
multiple storylines:0.3965
idealism:0.39375
satirical:0.38975
catastrophe:0.38775
cooking:0.385
melancholy:0.38425
narrated:0.38175
1970s:0.3765
cult film:0.3755
ironic:0.37325
visual:0.369
existentialism:0.3685
guilt:0.3655
art:0.365
story:0.36375
interesting:0.35975
entirely dialogue:0.35675
dramatic:0.355
redemption:0.35375
hotel:0.3535
transformation:0.352
harsh:0.35
storytelling:0.34675
culture clash:0.34675
imdb top 250:0.34575
segregation:0.34025
fight scenes:0.33675
destiny:0.33675
greed:0.3355
suprisingly clever:0.33475
allegory:0.332
