reality tv:0.99825
television:0.95975
satire:0.9595
satirical:0.8955
violence:0.88375
parody:0.8585
dark humor:0.856
violent:0.8455
brutality:0.83975
original:0.804
social commentary:0.798
pornography:0.7535
brutal:0.7415
bloody:0.7315
great ending:0.71725
clever:0.64575
weird:0.6405
very interesting:0.63725
obsession:0.63525
black comedy:0.632
manipulation:0.62075
narrated:0.61675
good soundtrack:0.61375
vengeance:0.607
interesting:0.599
hard to watch:0.59075
absurd:0.59025
sexualized violence:0.58675
controversial:0.56375
weapons:0.56125
serial killer:0.5585
surveillance:0.55825
life & death:0.52225
voyeurism:0.5145
death:0.504
dialogue:0.49525
drama:0.4905
stylized:0.47375
mental illness:0.468
grim:0.46575
dark comedy:0.4615
gory:0.46
ironic:0.4485
thought-provoking:0.43675
dark:0.4355
disturbing:0.432
exceptional acting:0.43
dysfunctional family:0.4195
life philosophy:0.4155
catastrophe:0.41525
cult classic:0.41275
series:0.41225
suburbia:0.4115
justice:0.411
mentor:0.41025
psychological:0.4095
relationships:0.40325
spoof:0.402
indie:0.402
revenge:0.40125
storytelling:0.401
fantasy world:0.3885
visceral:0.38425
addiction:0.38325
dark hero:0.38275
race issues:0.37875
hospital:0.377
sarcasm:0.3745
goth:0.373
movielens top pick:0.37275
adaptation:0.37275
male nudity:0.37175
golden palm:0.36825
great:0.3675
censorship:0.3635
paranoid:0.363
talky:0.3625
cult film:0.3625
murder:0.361
torture:0.36075
mockumentary:0.35875
loneliness:0.35575
very funny:0.35375
writers:0.3525
harsh:0.35225
highly quotable:0.352
entirely dialogue:0.3505
criterion:0.35
witty:0.34825
culture clash:0.348
insanity:0.34375
secrets:0.343
brainwashing:0.3425
stylish:0.34125
corruption:0.33975
gratuitous violence:0.33975
grindhouse:0.33775
bleak:0.33775
nudity (full frontal - brief):0.3365
drinking:0.33575
