futuristic:0.96775
action:0.96225
prison escape:0.94475
prison:0.93925
good action:0.8925
sci-fi:0.832
island:0.81575
survival:0.79525
future:0.7925
sci fi:0.788
big budget:0.76375
action packed:0.742
scifi:0.7305
weapons:0.71225
original:0.68475
alcatraz:0.631
lone hero:0.62725
good versus evil:0.6215
jungle:0.6195
corruption:0.61925
brutality:0.619
pulp:0.61175
violent:0.59525
so bad it's funny:0.588
adventure:0.58725
fight scenes:0.566
camp:0.5575
surveillance:0.5555
redemption:0.49975
destiny:0.49875
great ending:0.49175
mentor:0.48625
predictable:0.48375
catastrophe:0.47775
chase:0.4735
first contact:0.47225
good:0.46925
video game:0.45925
special effects:0.4555
dialogue:0.45025
transformation:0.4385
natural disaster:0.417
life philosophy:0.3985
cool:0.391
vengeance:0.38825
not funny:0.374
great:0.373
entertaining:0.3685
technology:0.362
fighting:0.36
runaway:0.355
story:0.34875
pg-13:0.348
fun movie:0.34275
plot:0.34125
fun:0.33825
bad plot:0.33075
exciting:0.32175
hunting:0.31925
silly fun:0.318
snakes:0.31425
underrated:0.3095
arms dealer:0.308
cerebral:0.3055
storytelling:0.3015
adaptation:0.30125
weird:0.3
violence:0.29875
better than expected:0.29375
overrated:0.29225
visually appealing:0.29075
dark hero:0.29025
guilty pleasure:0.29
harsh:0.28975
fantasy world:0.2875
corny:0.2845
anti-hero:0.2835
grindhouse:0.282
very interesting:0.2785
fast paced:0.27675
great acting:0.27075
irish accent:0.2685
entirely dialogue:0.26825
police investigation:0.26775
suspense:0.2665
bad cgi:0.258
culture clash:0.25475
death:0.25475
good soundtrack:0.2535
nocturnal:0.2535
compassionate:0.25275
revenge:0.24925
complex:0.24825
unfunny:0.2465
beautiful scenery:0.24475
cinematography:0.24375
childhood:0.24375
science fiction:0.2405
dynamic cgi action:0.2405
allegory:0.239
