loneliness:0.994
melancholic:0.99025
bittersweet:0.98275
intimate:0.96575
japan:0.94275
anime:0.93925
visually appealing:0.92475
love:0.92275
animation:0.91975
touching:0.882
visually stunning:0.87475
beautiful:0.86575
coming of age:0.8605
tokyo:0.855
stunning:0.83975
childhood:0.8395
japanese:0.8385
complex:0.8355
original:0.804
visual:0.7945
emotional:0.7925
drama:0.7855
adolescence:0.77925
story:0.774
storytelling:0.76625
breathtaking:0.747
tragedy:0.7245
allegory:0.7175
reflective:0.71025
love story:0.70625
art:0.70575
beautifully filmed:0.69575
great ending:0.6925
masterpiece:0.68575
imdb top 250:0.68375
relationships:0.6815
artistic:0.673
beautiful scenery:0.658
life & death:0.64025
friendship:0.63325
mentor:0.6305
melancholy:0.625
suprisingly clever:0.61825
transformation:0.61725
life:0.61375
happy ending:0.60375
runaway:0.595
weird:0.58775
unlikely friendships:0.58325
interesting:0.58325
meditative:0.583
good soundtrack:0.58
slow paced:0.57125
solitude:0.566
downbeat:0.566
artsy:0.5655
golden palm:0.564
narrated:0.55925
cinematography:0.554
depression:0.54675
criterion:0.54575
atmospheric:0.54225
romance:0.5395
cerebral:0.5335
enigmatic:0.532
memory:0.5155
fast paced:0.5125
fantasy world:0.50875
philosophy:0.49825
passionate:0.49825
sad:0.49775
poignant:0.4965
dramatic:0.49525
dialogue:0.4915
catastrophe:0.4895
technology:0.48925
stylized:0.487
existentialism:0.48625
talky:0.4845
honest:0.477
unusual plot structure:0.474
heartbreaking:0.4675
bad ending:0.46075
fight scenes:0.45575
sweet:0.453
dreamlike:0.45025
great acting:0.45025
amazing photography:0.44225
imagination:0.44075
scenic:0.439
colourful:0.438
life philosophy:0.43725
character study:0.43525
courage:0.43225
intense:0.43025
oscar (best directing):0.4295
first contact:0.42925
betrayal:0.42025
multiple storylines:0.41975
simple:0.41925
