fun movie:0.973
teen:0.95
adventure:0.95
80s:0.93675
silly fun:0.92425
teen movie:0.9235
1980s:0.907
chase:0.82025
kids:0.791
fun:0.7615
teens:0.75975
comedy:0.74325
childhood:0.70975
chicago:0.70575
good:0.69775
teenager:0.67975
pg-13:0.67825
high school:0.66725
original:0.65675
girlie movie:0.6435
nostalgic:0.62725
runaway:0.627
guilty pleasure:0.621
great:0.599
family:0.59875
entertaining:0.592
unlikely friendships:0.5765
goofy:0.573
good soundtrack:0.549
kids and family:0.54325
cool:0.54075
quotable:0.53275
awesome soundtrack:0.51825
cute!:0.50575
adolescence:0.49725
stranded:0.4905
catastrophe:0.4865
silly:0.4835
storytelling:0.48025
friendship:0.479
children:0.4725
mentor:0.47
great ending:0.465
gangs:0.45475
dialogue:0.44675
great soundtrack:0.43675
happy ending:0.43475
funny:0.433
cute:0.431
directorial debut:0.42375
bullying:0.4155
cult classic:0.406
great movie:0.40375
teenagers:0.40325
light:0.397
predictable:0.396
destiny:0.38625
not funny:0.385
underrated:0.379
shallow:0.374
very funny:0.37325
nerds:0.36725
cheesy:0.367
obsession:0.3665
story:0.36275
exciting:0.35825
gangsters:0.35125
fast paced:0.3505
foul language:0.3455
culture clash:0.34125
cult film:0.33975
hilarious:0.3315
natural disaster:0.3305
classic car:0.32375
good music:0.3235
lone hero:0.31925
feel-good:0.3165
revenge:0.31325
vengeance:0.31125
brutality:0.311
sweet:0.309
fantasy world:0.30825
unusual plot structure:0.30825
life philosophy:0.308
fashion:0.30425
good action:0.304
suspense:0.299
adaptation:0.29875
weird:0.2985
twists & turns:0.294
future:0.2885
oscar (best effects - visual effects):0.28275
cars:0.279
melancholic:0.27875
coming-of-age:0.27625
classic:0.2735
underdog:0.27175
treasure hunt:0.2655
plot:0.264
first contact:0.26275
