noir thriller:0.996
police investigation:0.98575
criterion:0.978
imdb top 250:0.97775
noir:0.96925
black and white:0.958
bleak:0.955
masterpiece:0.95375
ominous:0.949
tense:0.93925
enigmatic:0.93125
police corruption:0.92975
stylized:0.9195
corruption:0.91875
cinematography:0.914
film noir:0.9
visual:0.88875
investigation:0.8765
talky:0.87325
atmospheric:0.867
visually appealing:0.86675
classic:0.86675
police:0.86475
downbeat:0.8615
murder:0.8555
complex:0.8405
moral ambiguity:0.84
detective:0.8315
dark:0.82775
storytelling:0.8185
crime:0.8175
grim:0.81325
interesting:0.79975
cerebral:0.798
murder mystery:0.798
obsession:0.78825
visually stunning:0.783
original:0.783
oscar (best directing):0.78275
great acting:0.7825
character study:0.77775
stylish:0.77525
suspense:0.77075
forceful:0.76975
narrated:0.76275
greed:0.76225
melancholy:0.75525
dialogue:0.7515
golden palm:0.742
oscar (best actress):0.74125
complicated:0.74075
great ending:0.73125
weird:0.72925
dramatic:0.72675
runaway:0.7155
light:0.715
mystery:0.71275
betrayal:0.708
crime gone awry:0.70775
social commentary:0.7075
cynical:0.70525
great:0.70375
great cinematography:0.70225
photography:0.699
assassination:0.69
thriller:0.6885
nocturnal:0.68525
great movie:0.67175
stunning:0.67
breathtaking:0.66525
hotel:0.66475
visceral:0.6615
claustrophobic:0.64725
moody:0.6425
eccentricity:0.64075
harsh:0.6335
sexy:0.6305
good acting:0.6285
suspenseful:0.626
paranoid:0.62525
surreal:0.62375
movielens top pick:0.61925
guilt:0.6145
violent:0.61175
macabre:0.60125
story:0.5995
idealism:0.59525
intense:0.591
redemption:0.5835
gangsters:0.58325
clever:0.57825
suprisingly clever:0.574
california:0.5725
morality:0.56875
amazing photography:0.568
kidnapping:0.5665
complicated plot:0.566
artistic:0.5645
gangster:0.564
eerie:0.56375
