afterlife:0.9955
life & death:0.95975
life:0.8945
death:0.8585
original:0.85025
feel-good:0.84875
comedy:0.808
feel good movie:0.78325
storytelling:0.74975
utopia:0.727
philosophy:0.72
life philosophy:0.7015
humorous:0.701
cerebral:0.6885
funny:0.6865
poignant:0.67175
creativity:0.67075
very funny:0.6585
reflective:0.65375
destiny:0.65325
existentialism:0.644
mentor:0.64375
loneliness:0.64
touching:0.63225
great:0.63025
social commentary:0.63
good soundtrack:0.6225
melancholic:0.622
great ending:0.608
philosophical:0.60125
redemption:0.598
great movie:0.586
original plot:0.58525
goofy:0.57675
happy ending:0.57575
depression:0.575
visually appealing:0.5725
solitude:0.5715
story:0.56875
childhood:0.56725
honest:0.5655
transformation:0.56025
clever:0.556
cult classic:0.553
fun movie:0.55
humor:0.54775
sarcasm:0.53675
suprisingly clever:0.53675
bittersweet:0.5325
heartwarming:0.52825
alternate reality:0.51675
unusual plot structure:0.516
visually stunning:0.5095
quotable:0.506
friendship:0.5005
pornography:0.49625
witty:0.4955
romantic:0.4945
courage:0.494
highly quotable:0.4905
great acting:0.48575
dialogue:0.4765
unlikely friendships:0.47225
romance:0.47025
catastrophe:0.46275
intellectual:0.4535
funniest movies:0.4525
harsh:0.451
superheroes:0.45075
good:0.44875
nocturnal:0.44875
interesting:0.447
relationships:0.44625
love story:0.4455
underrated:0.4455
melancholy:0.44475
drinking:0.435
pg-13:0.432
dramatic:0.4275
light:0.4255
oscar (best directing):0.42225
sentimental:0.422
narrated:0.42
excellent script:0.41775
writers:0.41725
fantasy:0.41525
talky:0.41475
imdb top 250:0.4115
thought-provoking:0.40775
hilarious:0.407
dark hero:0.40475
fantasy world:0.3965
oscar (best effects - visual effects):0.39625
quirky:0.39275
good acting:0.392
biography:0.39125
survival:0.39075
first contact:0.389
cult film:0.3855
humanity:0.38525
