lesbian:0.91675
sexy:0.89525
girlie movie:0.852
spying:0.8435
silly fun:0.83225
teen movie:0.826
spies:0.79575
queer:0.78525
teen:0.763
so bad it's funny:0.73975
romance:0.71925
spoof:0.70975
original:0.708
love story:0.639
fun movie:0.63575
parody:0.61425
women:0.614
stereotypes:0.5935
spy:0.57225
teens:0.56775
fun:0.52125
relationships:0.51925
visually appealing:0.5145
camp:0.50575
good soundtrack:0.4965
cheerleading:0.49475
pornography:0.488
catastrophe:0.48425
silly:0.463
surveillance:0.451
sexual:0.4295
pg-13:0.42625
satirical:0.403
campy:0.39775
nudity (topless - notable):0.396
happy ending:0.39425
weapons:0.393
mentor:0.39
action:0.379
dialogue:0.3765
writers:0.3685
great ending:0.36825
predictable:0.364
pointless:0.36125
secrets:0.3605
gay character:0.36025
bad plot:0.35
erotic:0.3465
gay:0.34
romantic comedy:0.33825
ridiculous:0.3375
strippers:0.329
bdsm:0.32775
teenager:0.3225
storytelling:0.32025
high school:0.3165
entirely dialogue:0.31525
adolescence:0.31375
melancholic:0.30175
shallow:0.3005
superheroes:0.30025
espionage:0.299
betrayal:0.292
clever:0.29125
overrated:0.2845
teenagers:0.28425
stylized:0.283
romantic:0.28225
chick flick:0.2745
cool:0.2695
sci fi:0.2665
good action:0.26075
comedy:0.26025
slapstick:0.26025
cult classic:0.25975
stupid:0.2595
first contact:0.25775
suprisingly clever:0.25775
not funny:0.25775
sex:0.25525
brutality:0.255
very funny:0.2535
action packed:0.25325
adaptation:0.253
destiny:0.249
fight scenes:0.24675
good:0.246
fast paced:0.24525
nudity (topless):0.24125
great acting:0.24025
chase:0.24
school:0.239
life philosophy:0.23825
horrible:0.23475
better than expected:0.23225
light:0.22825
runaway:0.2265
quirky:0.224
bad acting:0.22375
reflective:0.22375
