christmas:0.997
holiday:0.984
special:0.91375
original:0.883
melancholic:0.83175
pointless:0.7425
new york city:0.696
musical:0.6745
brutality:0.6135
dialogue:0.61175
life & death:0.60275
predictable:0.57525
mentor:0.5615
ensemble cast:0.55725
great ending:0.5515
music:0.53925
family:0.52825
sexualized violence:0.52475
weird:0.5235
cinematography:0.52175
hotel:0.52025
absurd:0.51525
death:0.5125
satirical:0.5035
fantasy:0.5015
silly:0.495
intense:0.49025
satire:0.48825
good soundtrack:0.486
visually appealing:0.47625
fun movie:0.4695
fantasy world:0.45625
multiple storylines:0.45375
story:0.45325
writers:0.45275
nudity (topless - notable):0.44625
dysfunctional family:0.44525
suspense:0.44225
storytelling:0.442
stylized:0.44025
road movie:0.43725
catastrophe:0.435
talky:0.4305
runaway:0.428
light:0.42775
comedy:0.4215
parody:0.417
pretentious:0.417
cult film:0.412
goofy:0.41125
violence:0.409
sophia coppola:0.4065
complex:0.4015
slapstick:0.3995
melancholy:0.39475
brothers:0.39275
musicians:0.39125
interesting:0.3895
pg-13:0.3895
pornography:0.38825
sarcasm:0.38575
chase:0.38575
dreamlike:0.38225
destiny:0.38225
entirely dialogue:0.382
redemption:0.382
childhood:0.38025
first contact:0.3795
new york:0.3775
loneliness:0.374
whimsical:0.37175
camp:0.37125
imdb top 250:0.36525
intimate:0.36525
great acting:0.365
humorous:0.36275
adaptation:0.36275
lone hero:0.36125
nocturnal:0.3605
based on a tv show:0.36025
criterion:0.3575
so bad it's funny:0.35575
justice:0.355
cerebral:0.3545
disaster:0.35025
dreams:0.34925
fight scenes:0.348
vengeance:0.34775
nudity (full frontal - brief):0.3415
nudity (full frontal - notable):0.34125
drinking:0.3405
crime gone awry:0.33925
great:0.339
natural disaster:0.3365
bad plot:0.33575
based on a play:0.33325
feel-good:0.33225
off-beat comedy:0.33125
overrated:0.32775
surreal:0.32675
