romantic comedy:0.99425
romantic:0.9925
sports:0.98725
girlie movie:0.96025
romance:0.9525
love story:0.9415
chick flick:0.9415
feel-good:0.8735
sweet:0.8405
happy ending:0.83475
cute!:0.79875
cute:0.74775
predictable:0.7345
feel good movie:0.7165
relationships:0.71125
good romantic comedies:0.7015
golf:0.68875
original:0.68075
pg-13:0.66775
fun movie:0.65725
underdog:0.6335
love:0.60575
good:0.59225
sappy:0.574
women:0.56475
light:0.56225
england:0.554
good soundtrack:0.54575
sexy:0.53475
destiny:0.523
fun:0.5185
british:0.513
mentor:0.50725
entertaining:0.4895
great:0.48625
amazing cinematography:0.48225
stereotypes:0.47475
london:0.449
catastrophe:0.44325
dialogue:0.43275
court:0.40675
football:0.40675
silly fun:0.4055
great ending:0.40325
wedding:0.39675
fantasy world:0.389
not funny:0.38075
family:0.3785
witty:0.37775
comedy:0.37325
inspirational:0.36275
life philosophy:0.3605
very interesting:0.34525
better than expected:0.34475
fantasy:0.34275
competition:0.34175
divorce:0.3305
shallow:0.32725
storytelling:0.32675
story:0.32675
runaway:0.32575
culture clash:0.32325
marriage:0.31825
adaptation:0.315
interesting:0.3145
drama:0.311
oscar (best supporting actress):0.309
quirky:0.303
action:0.3015
brutality:0.29925
cheerleading:0.29825
very funny:0.291
based on a play:0.288
interracial romance:0.28675
unfunny:0.2855
unrealistic:0.28025
very good:0.27775
first contact:0.27625
lone hero:0.27425
factual:0.273
clever:0.273
passionate:0.27075
fight scenes:0.27075
teen movie:0.2655
beautiful scenery:0.26525
life & death:0.26175
gay character:0.25875
poker:0.2565
multiple storylines:0.253
transformation:0.2525
basketball:0.2525
entirely dialogue:0.252
betrayal:0.2515
swashbuckler:0.25075
vengeance:0.247
chase:0.2445
soccer:0.2445
overrated:0.24375
silly:0.2405
special effects:0.24
