dance:0.9465
life & death:0.909
musical:0.90325
dancing:0.8475
death:0.847
artistic:0.80525
good music:0.8005
art:0.79275
creativity:0.786
storytelling:0.781
criterion:0.7765
jazz:0.752
original:0.7415
golden palm:0.7405
biography:0.7265
biopic:0.722
drinking:0.722
broadway:0.71925
good soundtrack:0.70775
music:0.706
surreal:0.67125
melancholic:0.6645
biographical:0.658
reflective:0.642
loneliness:0.63075
oscar (best actress):0.6155
obsession:0.60925
affectionate:0.6005
passionate:0.59275
masterpiece:0.58375
artist:0.57775
life:0.56725
weird:0.566
drugs:0.55725
cult classic:0.55225
rock and roll:0.5495
depression:0.545
oscar (best directing):0.54
ironic:0.51425
insanity:0.51375
suprisingly clever:0.5065
great music:0.50475
social commentary:0.5005
great:0.48875
runaway:0.48
solitude:0.47675
hospital:0.47075
great ending:0.4705
intimate:0.47025
dramatic:0.46375
redemption:0.463
addiction:0.46
enigmatic:0.4565
stylized:0.45575
unusual plot structure:0.453
melancholy:0.448
brutality:0.44625
culture clash:0.445
visually stunning:0.44
mentor:0.44
doctors:0.43575
great acting:0.43175
childhood:0.4285
drama:0.428
cerebral:0.42075
dialogue:0.4205
talky:0.4155
existentialism:0.41525
transformation:0.414
catastrophe:0.41375
story:0.40875
twists & turns:0.407
drug abuse:0.40575
imdb top 250:0.403
cult film:0.39075
exceptional acting:0.3905
breathtaking:0.39
dreams:0.38475
bittersweet:0.3845
alter ego:0.38375
honest:0.37475
oscar (best supporting actress):0.37325
relationships:0.3705
awesome soundtrack:0.3665
downbeat:0.36575
character study:0.365
great movie:0.3635
beautifully filmed:0.36325
depressing:0.35975
1970s:0.35575
musicians:0.3545
not funny:0.35275
visually appealing:0.3495
genius:0.348
cinematography:0.34425
gay character:0.33925
adaptation:0.339
good acting:0.3385
oscar winner:0.334
life philosophy:0.33375
