future:0.9845
post-apocalyptic:0.9835
science fiction:0.95875
mutants:0.9525
scifi:0.93075
series:0.9155
franchise:0.866
sci-fi:0.85475
original:0.853
allegory:0.84925
humanity:0.83
rebellion:0.8205
slavery:0.78575
sci fi:0.78325
nuclear war:0.77225
post apocalyptic:0.75125
revolution:0.71175
end of the world:0.691
1970s:0.688
bad plot:0.6785
technology:0.633
apocalypse:0.6205
dystopia:0.61225
destiny:0.6065
dialogue:0.6005
good sequel:0.55025
bad ending:0.537
great ending:0.52975
survival:0.512
sequel:0.50925
predictable:0.50025
sequels:0.4955
alternate reality:0.481
complex:0.475
surveillance:0.4705
animals:0.46475
catastrophe:0.45925
vengeance:0.45675
mentor:0.455
plot holes:0.4535
dystopic future:0.453
lone hero:0.45225
brutality:0.4455
special effects:0.4305
redemption:0.422
social commentary:0.4135
reflective:0.408
immortality:0.40475
storytelling:0.39725
weapons:0.3965
violence:0.395
action:0.39425
first contact:0.393
fight scenes:0.38675
torture:0.38075
writers:0.37575
philosophical:0.37375
story:0.37175
not funny:0.3695
pointless:0.36475
fighting:0.36425
adaptation:0.3615
android(s)/cyborg(s):0.35325
futuristic:0.34625
crappy sequel:0.3455
disaster:0.34525
happy ending:0.3375
natural disaster:0.3335
dynamic cgi action:0.329
slapstick:0.32425
entirely dialogue:0.324
adventure:0.3235
trilogy:0.31425
life philosophy:0.3135
cult film:0.3125
good soundtrack:0.30575
visually stunning:0.3035
distopia:0.302
existentialism:0.29975
transformation:0.2955
memory:0.294
death:0.2925
grindhouse:0.29175
alternate universe:0.29125
visual:0.2895
unfunny:0.28925
original plot:0.2875
suspense:0.28475
revenge:0.279
good:0.27875
family:0.27825
great:0.2745
space:0.27425
visually appealing:0.27375
harsh:0.2735
multiple storylines:0.2695
adapted from:book:0.26725
nocturnal:0.267
unusual plot structure:0.2665
narrated:0.26625
