anime:0.961
animation:0.888
original:0.7855
predictable:0.731
bad plot:0.73
fight scenes:0.5845
overrated:0.58225
japan:0.58175
awesome soundtrack:0.56275
action:0.56025
virus:0.5565
good soundtrack:0.54925
great:0.53775
violence:0.53425
disaster:0.5295
dialogue:0.521
mentor:0.49125
family:0.48725
pointless:0.4725
fantasy world:0.47125
childhood:0.43925
adaptation:0.438
greed:0.42675
great ending:0.422
giant robots:0.409
good dialogue:0.4
catastrophe:0.398
action packed:0.395
story:0.39475
first contact:0.3935
brutality:0.392
internet:0.386
superheroes:0.37725
melancholic:0.376
franchise:0.37525
fantasy:0.36925
fun:0.36425
adventure:0.36125
animals:0.359
violent:0.359
dreamlike:0.34675
entirely dialogue:0.3455
monsters:0.3445
series:0.343
storytelling:0.3415
unlikely friendships:0.338
road movie:0.32925
slapstick:0.3285
tokyo:0.32675
romance:0.32025
animated:0.31925
sci fi:0.317
weapons:0.31475
not funny:0.314
cult film:0.306
splatter:0.30425
life & death:0.304
cool:0.30175
multiple storylines:0.3
no plot:0.2965
kids:0.2955
so bad it's funny:0.2915
quirky:0.2905
exceptional acting:0.28775
pulp:0.28275
bloody:0.28175
friendship:0.2815
boring:0.28125
unusual plot structure:0.28075
too long:0.27675
lone hero:0.27675
death:0.27625
camp:0.27275
cute:0.2715
life philosophy:0.271
better than the american version:0.27025
very funny:0.266
sexualized violence:0.265
sci-fi:0.26475
twists & turns:0.2645
weird:0.263
scary:0.256
silly fun:0.256
imdb top 250:0.255
destiny:0.255
runaway:0.25275
ninja:0.25225
dragons:0.25175
police investigation:0.2505
bittersweet:0.24925
culture clash:0.24775
intense:0.2475
justice:0.2475
criterion:0.2465
comedy:0.24575
passionate:0.2445
gangsters:0.24425
great movie:0.24375
natural disaster:0.24375
good:0.24225
