criterion:0.99525
bleak:0.95225
masterpiece:0.93325
downbeat:0.902
black and white:0.87375
enigmatic:0.8715
witch:0.848
melancholic:0.84725
golden palm:0.847
beautifully filmed:0.81775
reflective:0.799
oscar (best foreign language film):0.7955
allegory:0.79525
tragedy:0.78575
grim:0.78525
imdb top 250:0.76475
melancholy:0.7495
intimate:0.7465
breathtaking:0.73175
runaway:0.731
relationships:0.71525
loneliness:0.71425
cinematography:0.713
talky:0.704
movielens top pick:0.69975
obsession:0.6975
atmospheric:0.69375
visceral:0.6815
passionate:0.68075
light:0.6395
guilt:0.6365
powerful ending:0.621
meditative:0.61625
harsh:0.61125
weird:0.601
silent:0.59975
life & death:0.58225
death:0.579
adultery:0.566
complex:0.565
affectionate:0.561
confrontational:0.55875
suprisingly clever:0.55625
character study:0.555
witches:0.54975
poignant:0.548
original:0.5475
stunning:0.5305
forceful:0.52075
cerebral:0.51025
cynical:0.50925
marriage:0.5
rebellion:0.49975
childhood:0.499
eerie:0.49775
stylized:0.49675
dreamlike:0.47525
ironic:0.47325
culture clash:0.4645
greed:0.4575
oscar (best directing):0.45125
art house:0.447
japan:0.43875
drinking:0.4375
visual:0.43225
fantasy world:0.429
existentialism:0.427
oscar (best actress):0.427
vengeance:0.42675
sexual:0.425
grindhouse:0.4245
moody:0.42325
art:0.421
unusual plot structure:0.4195
entirely dialogue:0.41275
catastrophe:0.41
foreign:0.40775
emotional:0.4015
bittersweet:0.4
mentor:0.39525
solitude:0.3935
tokyo:0.39325
gunfight:0.39275
betrayal:0.392
beautiful:0.3815
poetry:0.3765
dialogue:0.3735
life philosophy:0.3725
nonlinear:0.36525
sexual abuse:0.36525
morality:0.36025
drama:0.35925
biting:0.35675
sexy:0.35525
great ending:0.35425
macabre:0.351
storytelling:0.3495
innocence lost:0.3425
witty:0.32975
nocturnal:0.3295
