spoof:0.99975
parody:0.99925
silly fun:0.98975
comedy:0.93525
funniest movies:0.8485
silly:0.8475
hilarious:0.835
goofy:0.7945
slapstick:0.765
funny:0.76
so bad it's funny:0.7145
mafia:0.69975
stupidity:0.697
original:0.68775
funny as hell:0.66575
very funny:0.65675
stupid:0.654
satire:0.6155
absurd:0.60825
lame:0.60525
stupid as hell:0.597
dumb but funny:0.5835
satirical:0.579
chase:0.513
farce:0.5045
catastrophe:0.45575
mentor:0.449
fantasy world:0.446
great ending:0.41775
ridiculous:0.4095
crude humor:0.39125
unfunny:0.39025
predictable:0.38675
fun movie:0.3835
murder:0.37225
screwball:0.36625
clever:0.36175
airplane:0.36075
dialogue:0.355
fun:0.3445
bad ending:0.33
first contact:0.32375
destiny:0.32375
brutality:0.32225
weird:0.322
good dialogue:0.322
bad plot:0.319
humor:0.3155
great:0.31425
death:0.31325
lone hero:0.313
weapons:0.3125
spying:0.3095
life philosophy:0.3095
storytelling:0.297
saturday night live:0.29625
good:0.29
suprisingly clever:0.28675
fight scenes:0.27975
idiotic:0.2795
spy:0.278
comic:0.27775
natural disaster:0.27775
entirely dialogue:0.2725
pornography:0.264
product placement:0.25825
unusual plot structure:0.254
affectionate:0.25275
redemption:0.2525
overrated:0.252
humorous:0.251
adaptation:0.248
pg-13:0.2475
bad:0.24525
good soundtrack:0.24175
gangsters:0.2415
art:0.23925
melancholic:0.239
story:0.23875
police investigation:0.238
disaster:0.23725
quirky:0.237
bad cgi:0.2355
underrated:0.23425
romance:0.23225
justice:0.226
runaway:0.22575
culture clash:0.22425
mad scientist:0.2235
dumb:0.22225
bad acting:0.2185
nudity (full frontal - brief):0.21525
awful:0.21525
family:0.215
sarcasm:0.213
cult film:0.2105
existentialism:0.2095
pointless:0.201
guns:0.1995
solitude:0.19775
