sequels:0.957
good sequel:0.9265
comedy:0.81825
gangsters:0.80525
original:0.79275
sequel:0.77275
mob:0.7285
funny:0.70675
idiotic:0.65725
pg-13:0.62025
crappy sequel:0.619
so bad it's funny:0.604
predictable:0.60375
lame:0.574
suprisingly clever:0.55
very funny:0.52875
silly:0.52825
stupid as hell:0.50925
horrible:0.5055
hit men:0.5025
catastrophe:0.46525
stupid:0.4585
twists & turns:0.45625
unfunny:0.4515
bad plot:0.4355
mentor:0.431
mafia:0.425
franchise:0.424
happy ending:0.42275
great:0.4185
organized crime:0.407
great ending:0.404
fun:0.36125
dialogue:0.361
transformation:0.356
slapstick:0.35325
vengeance:0.35275
bad:0.3525
revenge:0.3525
crude humor:0.3495
lone hero:0.347
bad sequel:0.34525
pointless:0.34
brutality:0.33425
chase:0.33225
girlie movie:0.32975
entertaining:0.32975
hitman:0.3285
assassin:0.32825
betrayal:0.328
storytelling:0.324
gangster:0.321
kidnapping:0.32
stupidity:0.31
destiny:0.309
first contact:0.30875
good soundtrack:0.30875
disaster:0.30775
life philosophy:0.30725
overrated:0.3055
boring:0.3015
good action:0.29925
fun movie:0.29875
action:0.2975
twist ending:0.29725
story:0.2955
redemption:0.295
fantasy world:0.2895
good:0.28775
better than expected:0.2875
natural disaster:0.287
hilarious:0.27875
prequel:0.27575
clever:0.27225
fight scenes:0.27225
god:0.2685
sexy:0.2645
money:0.2605
runaway:0.257
immortality:0.2545
entirely dialogue:0.25325
plot twist:0.25275
writers:0.25225
gangs:0.24875
absurd:0.24775
action packed:0.24775
bad script:0.24725
silly fun:0.24725
great acting:0.24525
boring!:0.244
goofy:0.243
weapons:0.2345
adaptation:0.2315
big budget:0.228
script:0.22775
great movie:0.2265
complex:0.22575
culture clash:0.22525
dumb:0.225
ridiculous:0.221
