fantasy:0.99725
dark fantasy:0.9935
witch:0.99325
magic:0.9915
fantasy world:0.98875
witches:0.977
high fantasy:0.966
fairy tale:0.9575
dragons:0.95675
based on a book:0.95475
medieval:0.9445
mythology:0.94425
wizards:0.935
special effects:0.92925
adventure:0.9145
action:0.8625
big budget:0.843
based on book:0.82775
destiny:0.8265
pg-13:0.81225
cgi:0.80425
mentor:0.802
bad acting:0.796
supernatural:0.78925
books:0.764
fight scenes:0.755
adapted from:book:0.75275
predictable:0.7495
book was better:0.73525
bad cgi:0.70125
sword fight:0.6755
original:0.6735
goth:0.66325
dialogue:0.662
horrible:0.637
dragon:0.63675
plot:0.61725
bad plot:0.6155
visually stunning:0.60625
so bad it's funny:0.60075
adaptation:0.59825
franchise:0.5955
good versus evil:0.595
visual:0.58375
visuals:0.578
story:0.552
epic:0.5515
effects:0.55075
demons:0.54575
great ending:0.54075
visually appealing:0.515
shallow:0.50725
betrayal:0.505
good action:0.501
revenge:0.487
parallel universe:0.48125
devil:0.48
catastrophe:0.4725
bad:0.46825
steampunk:0.46375
literature:0.4595
entertaining:0.45125
disaster:0.43675
cheesy:0.43325
storytelling:0.42725
better than expected:0.42675
awful:0.42425
modern fantasy:0.42075
beautiful scenery:0.41975
superheroes:0.41875
3d:0.4155
fairy tales:0.41525
silly fun:0.40575
plot holes:0.401
romance:0.399
natural disaster:0.396
chase:0.38875
culture clash:0.384
good:0.37975
brutality:0.379
maze:0.37575
sci fi:0.365
british:0.364
fighting:0.36275
weapons:0.3515
trilogy:0.3495
first contact:0.34875
not funny:0.348
crude humor:0.3425
god:0.34175
action packed:0.3395
adapted from:comic:0.339
love story:0.33625
monsters:0.336
bullshit history:0.33575
fun:0.3315
book:0.3305
scenic:0.3275
campy:0.32075
life philosophy:0.32025
