football:0.99675
sports:0.95475
screwball comedy:0.90575
period piece:0.809
1930s:0.78475
comedy:0.76
original:0.75275
dialogue:0.62525
1920s:0.622
romance:0.62075
story:0.61675
great ending:0.61525
fun movie:0.60575
pg-13:0.5785
fun:0.56575
predictable:0.52375
soccer:0.52375
radio:0.52225
adaptation:0.51575
screwball:0.50425
destiny:0.504
historical:0.502
good:0.49675
wartime:0.47575
feel-good:0.4675
shallow:0.46675
slapstick:0.4655
whimsical:0.45825
storytelling:0.4565
witty:0.4515
twists & turns:0.43125
romantic:0.42975
light:0.42925
great:0.42525
life philosophy:0.4245
mentor:0.42225
catastrophe:0.40225
betrayal:0.3935
entertaining:0.386
underdog:0.3815
talky:0.37725
greed:0.3765
family:0.36825
unfunny:0.365
first contact:0.35125
entirely dialogue:0.34825
feel good movie:0.34725
brutality:0.3465
clever:0.345
melancholic:0.34375
not funny:0.34375
culture clash:0.34325
nostalgic:0.34175
good soundtrack:0.33975
redemption:0.33825
fight scenes:0.338
stylized:0.3375
fantasy world:0.33725
writers:0.335
big budget:0.3315
cinematography:0.32025
passionate:0.316
visually appealing:0.31475
happy ending:0.3135
transformation:0.31025
classic car:0.3075
harsh:0.306
bad plot:0.30125
sarcasm:0.3
life & death:0.29425
inspirational:0.29425
corruption:0.2845
runaway:0.284
great movie:0.2785
very good:0.275
overrated:0.274
oscar:0.27125
quirky:0.27125
very funny:0.27
police investigation:0.26875
pornography:0.2665
college:0.2645
affectionate:0.264
grindhouse:0.25875
oscar (best directing):0.25675
history:0.2555
unlikely friendships:0.254
alternate history:0.254
camp:0.25375
justice:0.25375
very interesting:0.24975
robert downey jr:0.249
childhood:0.244
oscar (best supporting actress):0.2435
prohibition:0.24125
vengeance:0.24075
script:0.2405
computer animation:0.23725
imdb top 250:0.2365
intense:0.23575
