classical music:0.98275
drama:0.97025
relationships:0.9695
musicians:0.9605
dramatic:0.893
intense:0.88325
great acting:0.87725
good soundtrack:0.84325
music:0.84275
mentor:0.80575
original:0.78525
tragedy:0.76975
good music:0.7605
drinking:0.7535
betrayal:0.75175
obsession:0.75
good acting:0.74225
ensemble cast:0.7415
oscar (best actress):0.7395
sacrifice:0.73225
great movie:0.70925
tense:0.69975
suspense:0.69525
light:0.682
great dialogue:0.66075
cerebral:0.65925
talky:0.64725
complex:0.64475
oscar (best directing):0.64425
dialogue:0.63125
unusual plot structure:0.62875
imdb top 250:0.62475
musical:0.61275
criterion:0.6105
poignant:0.606
aging:0.60375
cinematography:0.60275
wine:0.59575
oscar (best supporting actress):0.59425
destiny:0.59
interesting:0.58875
intimate:0.58475
oscar:0.581
gangsters:0.5715
great:0.5665
corruption:0.5635
runaway:0.559
adultery:0.55775
storytelling:0.5565
emotional:0.5555
gunfight:0.554
crime gone awry:0.54525
independent film:0.539
bittersweet:0.532
based on a play:0.527
doctors:0.52525
very interesting:0.52325
realistic:0.523
honest:0.523
catastrophe:0.522
exceptional acting:0.52025
dark hero:0.51875
dysfunctional family:0.51775
psychological:0.51675
good:0.514
brutality:0.51175
great soundtrack:0.50775
california:0.5075
social commentary:0.49825
passionate:0.49375
great ending:0.49175
life philosophy:0.4875
story:0.486
earnest:0.469
death:0.465
british:0.4625
marriage:0.45725
multiple storylines:0.45675
visually appealing:0.456
greed:0.44825
fun movie:0.44675
entirely dialogue:0.44525
depression:0.4445
affectionate:0.444
witty:0.438
artistic:0.42975
redemption:0.428
nudity (topless - notable):0.4275
school:0.42475
art:0.4215
loneliness:0.4205
adaptation:0.42025
feel-good:0.41875
excellent script:0.41775
gangster:0.41675
character study:0.41125
clever:0.4105
family:0.408
twist ending:0.40175
oscar (best supporting actor):0.39875
