adventure:0.9755
science fiction:0.9745
special effects:0.9485
based on a book:0.93975
fantasy:0.9195
sci fi:0.88075
scifi:0.86825
adapted from:book:0.85725
imagination:0.85475
based on book:0.83425
fun movie:0.8115
futuristic:0.801
science:0.774
silly fun:0.77325
visual:0.7675
original:0.76425
fantasy world:0.76175
sci-fi:0.759
dinosaurs:0.717
whimsical:0.7085
entertaining:0.699
great:0.697
magic:0.68275
space:0.6725
adaptation:0.65575
classic:0.65175
fairy tale:0.64775
visually stunning:0.629
first contact:0.62875
effects:0.62575
high fantasy:0.622
story:0.6175
great movie:0.59575
exciting:0.59375
technology:0.59375
mythology:0.5905
childhood:0.5815
transformation:0.578
scenic:0.56725
dialogue:0.5665
greed:0.54825
stunning:0.54125
fun:0.5395
big budget:0.53475
talky:0.5335
great ending:0.5295
storytelling:0.523
mentor:0.52175
wizards:0.51875
allegory:0.50475
light:0.50325
1950s:0.4945
modern fantasy:0.49375
good:0.49175
beautiful scenery:0.4915
visually appealing:0.486
breathtaking:0.48525
stop motion:0.47325
unusual plot structure:0.46575
chase:0.46525
natural disaster:0.462
cinematography:0.46175
original plot:0.45925
excellent:0.456
good acting:0.4485
creativity:0.44525
19th century:0.43875
mars:0.437
catastrophe:0.43625
good versus evil:0.42875
life & death:0.427
dramatic:0.42425
space travel:0.421
epic:0.417
great acting:0.4145
parallel universe:0.405
scifi cult:0.402
dynamic cgi action:0.40125
suprisingly clever:0.39525
cgi:0.3945
cult classic:0.39225
earnest:0.39
alone in the world:0.385
nostalgic:0.385
romance:0.38475
sacrifice:0.38425
monster:0.38375
cerebral:0.3795
criterion:0.3745
ominous:0.37325
pulp:0.36975
books:0.3695
travel:0.3655
silly:0.364
redemption:0.36125
children:0.35675
witches:0.353
existentialism:0.35275
family:0.35125
runaway:0.34525
