hit men:0.84175
quirky:0.80425
fun movie:0.80375
great ending:0.765
cult classic:0.76425
caper:0.7335
chase:0.7025
original:0.69225
los angeles:0.6435
fast paced:0.63425
adventure:0.5795
nudity (topless - brief):0.54425
great:0.53525
murder:0.53425
weird:0.526
violence:0.475
80s:0.46675
life philosophy:0.45475
quotable:0.45475
comedy:0.4525
cheating:0.452
runaway:0.44425
mentor:0.43575
surreal:0.4235
twists & turns:0.42175
suprisingly clever:0.42025
beautiful scenery:0.41875
humorous:0.4165
deadpan:0.41625
alternate endings:0.41
unusual plot structure:0.40975
catastrophe:0.409
mystery:0.402
thriller:0.3945
storytelling:0.39225
cult:0.39175
adultery:0.3885
cult film:0.378
light:0.377
good soundtrack:0.376
absurd:0.37075
goofy:0.37075
sexy:0.3705
nudity (full frontal - brief):0.36975
action:0.36575
suburbia:0.36475
farce:0.35925
so bad it's funny:0.35875
enigmatic:0.35875
off-beat comedy:0.35775
good:0.35375
road movie:0.35175
hitman:0.35025
cool:0.34975
nudity (rear):0.34975
gangsters:0.346
las vegas:0.34525
police investigation:0.33875
witty:0.33625
life & death:0.3335
intense:0.33125
hotel:0.331
fun:0.3295
pulp:0.31625
dialogue:0.31575
talky:0.3155
suspenseful:0.3155
california:0.3125
interesting:0.3115
great movie:0.31075
clever:0.3075
culture clash:0.30525
pornography:0.305
not funny:0.301
gunfight:0.3
very funny:0.2995
betrayal:0.29875
transformation:0.2985
twist:0.29
hunting:0.28625
stylized:0.285
movielens top pick:0.28325
story:0.276
suspense:0.27575
surrealism:0.27475
melancholic:0.27475
destiny:0.2725
entirely dialogue:0.27
kidnapping:0.26525
drama:0.261
dark comedy:0.25925
silly fun:0.2585
exciting:0.25775
writers:0.25675
humor:0.25575
entertaining:0.25275
corruption:0.25225
classic car:0.25225
revenge:0.252
first contact:0.2515
