world war ii:0.86625
visually appealing:0.85125
jews:0.78325
cinematography:0.71525
amazing cinematography:0.70175
original:0.6955
wartime:0.6475
visually stunning:0.64575
wwii:0.64225
russia:0.62875
dialogue:0.57325
period piece:0.5635
lyrical:0.56225
beautifully filmed:0.562
loneliness:0.561
music:0.54375
very interesting:0.54025
storytelling:0.53425
writers:0.53075
destiny:0.53075
runaway:0.51725
good soundtrack:0.5125
russian:0.51
enigmatic:0.50975
nazis:0.49975
good music:0.49225
catastrophe:0.48975
stylized:0.487
great acting:0.481
culture clash:0.464
melancholic:0.46175
pornography:0.45925
jewish:0.45025
mentor:0.44975
mozart:0.42325
story:0.41825
visual:0.417
pointless:0.416
harsh:0.41375
great ending:0.40775
predictable:0.40475
sexualized violence:0.402
entirely dialogue:0.399
1930s:0.399
unlikely friendships:0.3985
intimate:0.3975
quirky:0.39325
colourful:0.39075
off-beat comedy:0.3905
nocturnal:0.38775
family:0.3845
fantasy world:0.3765
anti-semitism:0.376
musical:0.3755
england:0.37
childhood:0.369
dysfunctional family:0.366
brutality:0.3655
ensemble cast:0.363
dancing:0.36225
bittersweet:0.35925
redemption:0.35875
beautiful:0.3585
not funny:0.35775
light:0.35725
opera:0.352
stereotypes:0.35175
adapted from:book:0.35075
weird:0.3505
dreamlike:0.346
criterion:0.3445
paris:0.34275
boring!:0.34125
drama:0.33775
good:0.33725
poland:0.337
independent film:0.3325
betrayal:0.3305
melancholy:0.3305
stunning:0.32625
holocaust:0.3245
sexy:0.318
dramatic:0.31375
nudity (topless - notable):0.3125
secrets:0.30725
romance:0.30625
passionate:0.30475
suprisingly clever:0.30375
unusual plot structure:0.3025
multiple storylines:0.29925
existentialism:0.29925
beautiful scenery:0.29775
adaptation:0.29725
emotional:0.2935
life philosophy:0.293
absurd:0.2875
oscar (best supporting actress):0.2855
intense:0.28525
art:0.2845
romantic:0.2825
