tokyo:0.9655
documentary:0.95325
obsession:0.89775
food:0.8765
imdb top 250:0.8705
biographical:0.84775
interesting:0.8295
cooking:0.82575
original:0.8095
fish:0.808
narrated:0.80325
oscar (best actress):0.7895
mentor:0.78175
japan:0.77475
excellent script:0.7635
oscar (best directing):0.7585
art:0.75725
talky:0.74175
life:0.737
philosophy:0.727
dreams:0.7135
beautifully filmed:0.71225
greed:0.71225
inspirational:0.708
great ending:0.70275
very interesting:0.70225
criterion:0.69125
corruption:0.68725
reflective:0.68675
social commentary:0.68475
existentialism:0.68
visually appealing:0.6775
great acting:0.66875
business:0.66875
good soundtrack:0.663
complex:0.66225
passionate:0.6615
good:0.66
feel-good:0.65825
great movie:0.656
highly quotable:0.65275
cinematography:0.6525
heartwarming:0.6505
movielens top pick:0.64825
childhood:0.64675
suspense:0.646
vengeance:0.63675
storytelling:0.6305
atmospheric:0.6285
bittersweet:0.627
tense:0.6185
oscar:0.6155
great:0.61525
justice:0.61125
artistic:0.611
runaway:0.60475
secrets:0.602
drinking:0.59775
life philosophy:0.59
amazing photography:0.58975
poignant:0.58975
chase:0.589
unusual plot structure:0.5885
suprisingly clever:0.58575
meditative:0.5855
good acting:0.583
cerebral:0.57875
creativity:0.578
dark hero:0.57675
clever:0.57375
violent:0.57225
life & death:0.571
feel good movie:0.57025
oscar winner:0.56925
violence:0.5685
harsh:0.566
idealism:0.565
enigmatic:0.5645
masterpiece:0.56425
very good:0.564
oscar (best supporting actress):0.5595
affectionate:0.55925
light:0.556
intimate:0.55575
character study:0.55475
honest:0.55475
stylized:0.55475
breathtaking:0.54825
utopia:0.54675
inspiring:0.5435
artist:0.54225
cult classic:0.541
destiny:0.5405
original plot:0.53075
earnest:0.53
story:0.5265
catastrophe:0.52625
assassination:0.5195
hitman:0.518
brutality:0.51675
