world war ii:0.99925
wwii:0.99325
wartime:0.98325
island:0.8595
propaganda:0.8345
best war films:0.83175
chase:0.822
japanese:0.755
fighting:0.73075
action:0.72475
war:0.72375
sacrifice:0.71475
forceful:0.707
story:0.6925
gunfight:0.68325
original:0.6775
love triangles:0.67725
idealism:0.6295
destiny:0.62575
vengeance:0.624
weapons:0.609
runaway:0.60375
dialogue:0.59075
mentor:0.58925
drinking:0.58925
military:0.58875
great movie:0.5765
great ending:0.57425
historical:0.5615
stereotypes:0.554
oscar (best supporting actor):0.5455
good action:0.54125
betrayal:0.54075
harsh:0.5305
fight scenes:0.521
great:0.5195
special effects:0.5145
dramatic:0.49725
fun movie:0.48875
beautiful scenery:0.488
ethnic conflict:0.4775
california:0.47525
brutality:0.473
romance:0.4675
catastrophe:0.44725
us history:0.4445
gangs:0.43425
good soundtrack:0.434
suspense:0.4185
allegory:0.4145
survival:0.40425
revenge:0.402
good versus evil:0.40175
redemption:0.39675
culture clash:0.39575
friendship:0.39475
anti-hero:0.39375
not funny:0.38825
courage:0.3805
lone hero:0.37975
war movie:0.37475
family:0.373
pornography:0.36725
justice:0.3645
books:0.357
predictable:0.35525
adapted from:book:0.34675
submarine:0.34425
drama:0.3435
nazis:0.343
unlikely friendships:0.33625
suprisingly clever:0.33625
intense:0.336
love story:0.33425
love:0.3335
irish accent:0.331
quotable:0.33
death:0.323
history:0.3215
police investigation:0.321
guns:0.319
storytelling:0.31875
awesome soundtrack:0.31775
clever:0.31375
oscar (best cinematography):0.31325
good:0.31075
family drama:0.31075
exciting:0.30925
nudity (full frontal - brief):0.30875
underrated:0.30425
interracial romance:0.3035
politics:0.29975
jungle:0.29925
greed:0.29575
fantasy world:0.2955
imdb top 250:0.2955
melancholic:0.2945
simple:0.294
pg-13:0.293
childhood:0.291
