stop motion:0.9265
horror:0.9215
prequel:0.84625
franchise:0.82475
original:0.82225
splatter:0.81475
nudity (topless):0.7435
puppets:0.7225
revenge:0.71325
nazis:0.7125
bloody:0.69975
sequel:0.67975
monster:0.64325
predictable:0.62975
series:0.5885
life & death:0.579
sequels:0.5635
demons:0.54475
nazi:0.539
great ending:0.539
brutality:0.53275
weird:0.511
cult film:0.49675
mentor:0.48825
overrated:0.482
secrets:0.47725
parody:0.46575
bad plot:0.46075
crappy sequel:0.45825
great:0.4555
murder:0.45325
dialogue:0.44425
teens:0.4335
fantasy world:0.42525
violent:0.41575
comedy:0.41275
adaptation:0.41175
violence:0.40425
slasher:0.4025
pointless:0.40225
goofy:0.39325
vampire human love:0.38875
grindhouse:0.38625
so bad it's funny:0.3795
catastrophe:0.37725
quirky:0.37425
too long:0.37175
not funny:0.369
fun movie:0.36875
imdb top 250:0.36525
gory:0.364
slapstick:0.3625
lone hero:0.3605
zombie:0.35575
fight scenes:0.35475
vengeance:0.354
redemption:0.347
good soundtrack:0.34475
surreal:0.34425
dreamlike:0.34375
low budget:0.3435
pornography:0.34
story:0.339
sexualized violence:0.33825
family:0.3315
silly fun:0.3305
entirely dialogue:0.3295
death:0.3295
storytelling:0.329
unusual plot structure:0.329
first contact:0.3255
campy:0.325
police investigation:0.324
twists & turns:0.3235
lynch:0.32175
melancholic:0.319
reality tv:0.31775
transformation:0.31725
stylized:0.31
visually appealing:0.30925
fantasy:0.30725
cult classic:0.30675
crude humor:0.301
suspense:0.29925
greed:0.299
camp:0.298
world war ii:0.29475
nudity (full frontal - brief):0.291
adapted from:book:0.29025
sci fi:0.28975
gangsters:0.28725
berlin:0.2855
stupid as hell:0.284
cinematography:0.2835
destiny:0.2835
weapons:0.283
writers:0.2795
fun:0.27925
mad scientist:0.272
animation:0.26975
