saturday night live:0.9905
comedy:0.97675
quotable:0.971
funniest movies:0.9705
rock and roll:0.96825
hilarious:0.929
dumb but funny:0.91575
funny:0.9135
goofy:0.9055
teen:0.86925
original:0.831
parody:0.81675
very funny:0.808
stupidity:0.7735
good soundtrack:0.76675
based on a tv show:0.76225
fun movie:0.75775
highly quotable:0.755
spoof:0.73775
great movie:0.726
silly fun:0.7195
silly:0.71725
humorous:0.689
teen movie:0.68325
excellent:0.679
product placement:0.67125
dumb:0.666
clever:0.66475
nerds:0.65425
crude humor:0.65325
great:0.64925
humor:0.6315
cult classic:0.6315
classic:0.6155
weird:0.6125
funny as hell:0.60875
alone in the world:0.60575
slackers:0.59575
stoner movie:0.5945
awesome soundtrack:0.58675
music:0.57775
great ending:0.57325
fun:0.56825
jay and silent bob:0.56475
dialogue:0.56175
stupid:0.555
suprisingly clever:0.54475
hillarious:0.5355
chase:0.53225
mentor:0.517
satire:0.508
pg-13:0.50425
whimsical:0.5035
imdb top 250:0.499
storytelling:0.49375
cult film:0.48425
cool:0.47175
buddy movie:0.46925
farce:0.46575
teens:0.46525
time:0.46375
great soundtrack:0.46175
geeks:0.44775
absurd:0.446
great music:0.445
nostalgic:0.44375
off-beat comedy:0.44225
adventure:0.4365
sarcasm:0.43625
1980s:0.43625
witty:0.42025
fantasy world:0.42
rags to riches:0.413
catastrophe:0.41225
social commentary:0.40525
story:0.40475
unlikely friendships:0.40425
screwball:0.401
good:0.398
talky:0.3965
runaway:0.396
light:0.3935
awesome:0.386
80s:0.3845
slapstick:0.378
brutality:0.37675
franchise:0.37675
irreverent:0.37625
pornography:0.3745
adaptation:0.37325
teenager:0.37175
creativity:0.37125
television:0.36825
beer:0.36725
cult:0.36725
series:0.363
original plot:0.3615
interesting:0.35825
entertaining:0.35475
dark hero:0.353
