racing:0.9985
sports:0.97225
oscar (best editing):0.95875
true story:0.95325
oscar (best supporting actor):0.9495
based on a true story:0.944
intense:0.924
based on true story:0.92075
biographical:0.90525
great acting:0.90325
amazing photography:0.90175
drama:0.8945
biopic:0.889
race:0.886
dramatic:0.88
1970s:0.8705
inspiring:0.86
great movie:0.8315
storytelling:0.82525
original:0.82175
great ending:0.814
imdb top 250:0.8095
mentor:0.802
cinematography:0.8005
good:0.796
fast paced:0.78375
oscar (best directing):0.7805
oscar (best cinematography):0.778
good soundtrack:0.76975
amazing cinematography:0.76825
life philosophy:0.76175
interesting:0.75225
story:0.752
exciting:0.749
cars:0.7475
good acting:0.73875
great:0.7285
pg-13:0.728
scenic:0.72225
suspense:0.72225
tense:0.7215
great soundtrack:0.718
oscar:0.71175
realistic:0.70925
life & death:0.70225
oscar winner:0.68875
dialogue:0.682
excellent script:0.6795
redemption:0.67025
oscar (best picture):0.66675
inspirational:0.66625
excellent:0.66375
action:0.658
hunting:0.65775
visually appealing:0.65425
courage:0.651
feel-good:0.648
corruption:0.6465
visual:0.646
friendship:0.6435
competition:0.63325
fun movie:0.63275
biography:0.63025
social commentary:0.6225
greed:0.616
underdog:0.6155
oscar (best actress):0.6085
plot:0.60825
oscar (best supporting actress):0.59975
exceptional acting:0.59025
very interesting:0.59025
justice:0.58875
entertaining:0.5885
feel good movie:0.58725
unlikely friendships:0.58625
honest:0.58625
dark hero:0.5845
destiny:0.5845
drinking:0.58425
chase:0.58175
clever:0.58175
historical:0.57625
passionate:0.5725
long:0.5635
earnest:0.56225
sacrifice:0.5585
narrated:0.55775
talky:0.552
twists & turns:0.5515
visually stunning:0.549
transformation:0.54875
technology:0.54275
idealism:0.54075
cerebral:0.5375
big budget:0.53325
catastrophe:0.53
tragedy:0.52825
cool:0.52775
original plot:0.5275
very good:0.52525
