comedy:0.96525
racing:0.96025
funny:0.92225
hilarious:0.91675
product placement:0.90575
goofy:0.871
pg-13:0.83975
very funny:0.8215
funny as hell:0.813
saturday night live:0.8095
parody:0.80125
humorous:0.7825
dumb but funny:0.766
quotable:0.737
satire:0.73075
highly quotable:0.72875
original:0.71625
funniest movies:0.7095
stupidity:0.7005
dumb:0.6995
crude humor:0.69525
stupid:0.6945
humor:0.666
stereotypes:0.66375
idiotic:0.64525
good soundtrack:0.61875
life philosophy:0.61575
irreverent:0.6025
cars:0.5905
silly:0.58775
spoof:0.58225
absurd:0.56325
drinking:0.55925
sarcasm:0.52825
off-beat comedy:0.52775
great ending:0.51225
dialogue:0.507
buddy movie:0.498
foul language:0.485
storytelling:0.4815
satirical:0.47025
unfunny:0.46575
predictable:0.46475
slapstick:0.4545
mentor:0.45325
sports:0.4525
silly fun:0.44775
redemption:0.443
awesome soundtrack:0.44175
gay:0.43625
dysfunctional family:0.428
brutality:0.41725
race:0.41375
catastrophe:0.4115
queer:0.4045
suprisingly clever:0.39625
beer:0.39225
farce:0.3895
social commentary:0.3885
gay character:0.3845
great:0.3835
pornography:0.383
cult classic:0.38225
weird:0.382
clever:0.37925
stoner movie:0.3765
moral ambiguity:0.3605
good:0.35075
vengeance:0.34875
male nudity:0.3435
harsh:0.343
fun movie:0.34
story:0.3385
hillarious:0.33125
feel-good:0.32575
fantasy world:0.32525
chase:0.32375
so bad it's funny:0.32325
twists & turns:0.32075
culture clash:0.31625
fun:0.3145
shallow:0.30325
creativity:0.3
stand-up comedy:0.2975
inspirational:0.29525
competition:0.29475
childhood:0.2945
lame:0.2925
stupid as hell:0.2925
great movie:0.2925
entirely dialogue:0.286
better than expected:0.28575
destiny:0.2825
adaptation:0.28125
betrayal:0.28025
quirky:0.27975
nerds:0.276
writers:0.2755
runaway:0.27425
greed:0.2735
