serial killer:0.99675
violence:0.989
brutality:0.98575
brutal:0.985
vengeance:0.98425
violent:0.98075
revenge:0.9805
bloody:0.96875
visceral:0.9675
vigilante:0.95725
intense:0.93525
gory:0.93375
torture:0.93375
vigilantism:0.929
suspense:0.92825
disturbing:0.92525
murder:0.905
moral ambiguity:0.90075
splatter:0.898
tense:0.894
gore:0.887
gruesome:0.88275
good soundtrack:0.87175
sexualized violence:0.85425
storytelling:0.84925
cannibalism:0.84775
pornography:0.847
cinematography:0.84625
original:0.8455
blood:0.83775
thriller:0.83525
powerful ending:0.832
weird:0.82925
gratuitous violence:0.82125
psychology:0.81175
psychological:0.80225
visually appealing:0.801
insanity:0.792
great acting:0.79125
suspenseful:0.789
great ending:0.78275
dark:0.78275
chase:0.7805
twists & turns:0.77625
rape:0.77125
interesting:0.76325
stylized:0.763
masterpiece:0.762
hunting:0.761
visual:0.75425
grim:0.75025
stylish:0.74925
graphic novel:0.74875
police investigation:0.7485
justice:0.74725
complex:0.733
obsession:0.72575
dark humor:0.721
hard to watch:0.71925
secrets:0.71725
original plot:0.7115
twist:0.70975
kidnapping:0.7085
cult classic:0.70775
good:0.689
slasher:0.689
good acting:0.683
plot:0.67875
gritty:0.67475
enigmatic:0.66875
clever:0.65825
mentor:0.653
investigation:0.652
crime:0.65125
grindhouse:0.6505
harsh:0.6485
corruption:0.645
censorship:0.6435
unusual plot structure:0.639
creepy:0.63875
fast paced:0.635
drama:0.62925
macabre:0.627
twist ending:0.623
horror:0.6
undercover cop:0.59975
absurd:0.59075
bleak:0.586
atmospheric:0.5805
highly quotable:0.57975
imdb top 250:0.577
oscar (best directing):0.57675
realistic:0.57575
mindfuck:0.57275
long:0.5715
devil:0.5655
dialogue:0.5655
social commentary:0.56425
cerebral:0.56225
exceptional acting:0.56075
