mentor:0.92825
bleak:0.9065
homeless:0.897
violent:0.89475
redemption:0.873
drinking:0.86425
great acting:0.86125
alcoholism:0.85075
drama:0.84025
gritty:0.8235
violence:0.8165
original:0.77475
brutality:0.76425
downbeat:0.74225
demons:0.738
child abuse:0.732
depressing:0.72675
good soundtrack:0.7235
dark:0.71475
dramatic:0.70175
runaway:0.698
character study:0.6695
creepy:0.663
intense:0.6605
grim:0.64525
depression:0.6325
harsh:0.62875
greed:0.626
coming-of-age:0.6185
crime gone awry:0.616
father son relationship:0.609
social commentary:0.59575
visceral:0.59325
dysfunctional family:0.5845
vengeance:0.5685
coming of age:0.5575
addiction:0.55675
texas:0.55625
corruption:0.556
great ending:0.5535
life philosophy:0.55225
melancholic:0.54675
revenge:0.5465
loneliness:0.5445
small town:0.54375
gangsters:0.53125
good acting:0.524
exceptional acting:0.51975
life:0.514
criterion:0.5135
oscar:0.5095
cinematography:0.50225
disturbing:0.5
story:0.49275
dialogue:0.4865
realistic:0.4855
bullying:0.4835
complex:0.483
fantasy world:0.483
sexualized violence:0.4735
atmospheric:0.4715
tense:0.46325
dark hero:0.463
oscar (best actress):0.4615
hard to watch:0.45975
new jersey:0.45775
workplace:0.4555
good:0.45525
tragedy:0.45425
interesting:0.4525
forceful:0.4495
catastrophe:0.4305
adaptation:0.4295
mental illness:0.4285
dark humor:0.427
quirky:0.42025
oscar (best supporting actress):0.41975
doctors:0.41475
intimate:0.41425
death:0.413
road movie:0.41
paranoid:0.40875
relationships:0.40725
indie:0.404
drugs:0.40175
friendship:0.3995
underrated:0.39875
meditative:0.39775
adapted from:book:0.3965
sexual abuse:0.39475
stylized:0.3915
gratuitous violence:0.39075
psychological:0.3905
unlikely friendships:0.38675
life & death:0.38575
storytelling:0.37775
golden palm:0.377
suspense:0.37625
oscar (best directing):0.373
enigmatic:0.372
