psychological:0.967
suspenseful:0.96025
obsession:0.958
hitchcock:0.901
psychology:0.892
tense:0.86975
weird:0.8325
thriller:0.8225
twists & turns:0.81325
original:0.7955
paranoia:0.7805
cerebral:0.77725
enigmatic:0.7315
very interesting:0.725
twist:0.725
disturbing:0.7005
serial killer:0.6745
dark:0.66725
claustrophobic:0.6665
secrets:0.6545
alternate endings:0.651
guilt:0.647
suspense:0.64
manipulation:0.63175
great ending:0.62625
surreal:0.624
dark humor:0.61175
paranoid:0.61175
pornography:0.6095
murder:0.6045
criterion:0.59525
complex:0.58975
suprisingly clever:0.58025
complicated:0.57625
identity:0.571
police investigation:0.56425
brutality:0.56225
nonlinear:0.5615
insanity:0.54375
storytelling:0.537
bad ending:0.53675
talky:0.53
melancholic:0.52875
independent film:0.52525
unusual plot structure:0.52425
powerful ending:0.514
erotic:0.51025
spying:0.51
macabre:0.503
creativity:0.50125
interesting:0.50025
dysfunctional family:0.496
complicated plot:0.49125
loneliness:0.49125
plot twist:0.48925
clever:0.48775
catastrophe:0.48075
black comedy:0.4785
non-linear:0.47775
great acting:0.47425
intimate:0.47425
golden palm:0.47125
sexualized violence:0.46775
social commentary:0.46275
dialogue:0.45675
absurd:0.454
parenthood:0.4525
relationships:0.45225
atmospheric:0.452
harsh:0.44675
french:0.44375
mystery:0.44375
intellectual:0.442
entirely dialogue:0.435
stylized:0.4295
affectionate:0.429
sexy:0.42875
assassination:0.41925
crime gone awry:0.41875
creepy:0.41375
investigation:0.41325
bleak:0.411
ironic:0.4105
marriage:0.40275
exceptional acting:0.3995
off-beat comedy:0.398
greed:0.39425
imagination:0.39325
moral ambiguity:0.3925
good:0.39175
mentor:0.39075
dark comedy:0.388
hotel:0.38775
foreign:0.387
good soundtrack:0.3865
cinematography:0.38475
nudity (full frontal - brief):0.3835
writers:0.38
cars:0.38
road movie:0.37975
