undercover cop:0.9965
gunfight:0.99175
action:0.98525
criterion:0.9695
good action:0.96925
guns:0.9555
stylish:0.955
violent:0.9425
hong kong:0.941
violence:0.9375
action packed:0.91925
explosions:0.90075
original:0.844
imdb top 250:0.84375
masterpiece:0.843
stylized:0.82975
intense:0.8155
fight scenes:0.81275
martial arts:0.799
vengeance:0.78675
mentor:0.7705
talky:0.769
tense:0.76725
organized crime:0.75775
great movie:0.757
good soundtrack:0.7505
cult classic:0.7505
chase:0.74825
weapons:0.748
gangsters:0.7385
assassination:0.729
fast paced:0.7125
forceful:0.70775
dialogue:0.707
brutality:0.70675
hospital:0.70075
bloody:0.7
gratuitous violence:0.69575
revenge:0.69575
great:0.6915
cool:0.683
dark hero:0.6545
grindhouse:0.6545
suspense:0.65025
visually appealing:0.647
runaway:0.64325
highly quotable:0.634
gangs:0.63
cinematography:0.6295
hitman:0.62525
breathtaking:0.62475
beautifully filmed:0.6235
fighting:0.62325
gangster:0.62325
great acting:0.61775
visceral:0.617
social commentary:0.61625
great ending:0.61475
story:0.61175
splatter:0.611
corruption:0.6095
lone hero:0.60525
oscar (best directing):0.5935
drama:0.593
insanity:0.5905
assassin:0.58725
complex:0.587
blood:0.581
culture clash:0.5765
mob:0.572
narrated:0.56475
storytelling:0.56425
interesting:0.56375
brutal:0.563
harsh:0.56075
adapted from:book:0.5605
beautiful scenery:0.56025
amazing photography:0.556
gory:0.55525
betrayal:0.55
moral ambiguity:0.54575
friendship:0.545
thriller:0.54425
realistic:0.541
good:0.54
murder:0.53975
arms dealer:0.53625
clever:0.536
suprisingly clever:0.531
anti-hero:0.5295
classic:0.52825
distopia:0.51675
artistic:0.508
quotable:0.50625
movielens top pick:0.50625
redemption:0.50525
golden palm:0.50475
ominous:0.504
very good:0.5035
excellent script:0.50325
