criterion:0.982
original:0.857
cars:0.83325
technology:0.733
complex:0.732
insanity:0.6945
intellectual:0.6885
cerebral:0.672
melancholy:0.66925
pornography:0.62475
talky:0.614
alter ego:0.60425
distopia:0.59025
hotel:0.57875
holiday:0.57325
visual:0.5705
comedy:0.55925
sexualized violence:0.55925
social commentary:0.5555
unusual plot structure:0.549
suprisingly clever:0.54
artistic:0.5385
betrayal:0.534
great ending:0.5335
art:0.5295
satirical:0.52875
forceful:0.52125
so bad it's funny:0.52
drinking:0.5105
storytelling:0.5075
french:0.49525
great:0.4905
road movie:0.4875
enigmatic:0.48275
mentor:0.47925
twists & turns:0.4755
grim:0.47425
eccentricity:0.4685
interesting:0.465
new jersey:0.4605
dark hero:0.45475
stylized:0.44175
melancholic:0.4395
runaway:0.43475
existentialism:0.43425
bleak:0.43125
blindness:0.4195
absurd:0.41225
obsession:0.41225
police investigation:0.411
brutality:0.40375
catastrophe:0.4025
golden palm:0.39725
dialogue:0.39675
very interesting:0.39475
scifi cult:0.388
mission from god:0.3815
light:0.38025
visually appealing:0.37375
nocturnal:0.3725
visually stunning:0.372
bombs:0.371
drama:0.36725
greed:0.3595
clever:0.35925
paris:0.35875
redemption:0.34925
sexy:0.34675
harsh:0.346
dystopic future:0.344
assassination:0.342
humanity:0.34075
camp:0.33925
adaptation:0.33925
oscar (best supporting actress):0.33575
creativity:0.33475
great movie:0.33175
memory:0.33
weapons:0.32975
atmospheric:0.328
unfunny:0.32575
downbeat:0.32525
philosophy:0.32175
life philosophy:0.32175
surreal:0.31925
life & death:0.31575
entirely dialogue:0.3145
lone hero:0.3125
weird:0.31125
macabre:0.309
irish accent:0.3075
dreams:0.3045
narrated:0.3015
ethnic conflict:0.30075
good soundtrack:0.3005
wine:0.30025
cult film:0.298
affectionate:0.2975
intense:0.29725
dialogue driven:0.2955
