teen movie:0.9945
girlie movie:0.9845
teen:0.98075
geeks:0.97
college:0.95
chick flick:0.924
high school:0.8975
teens:0.8825
pg-13:0.84475
cute:0.79575
romantic comedy:0.77425
revenge:0.70875
stereotypes:0.68275
predictable:0.68075
fairy tale:0.6535
cute!:0.64525
original:0.63275
cheerleading:0.59875
comedy:0.5925
nerds:0.57675
teenagers:0.57575
fun movie:0.5665
funny:0.552
sweet:0.54775
teenager:0.51
so bad it's funny:0.5035
fairy tales:0.50175
geek:0.4985
school:0.49125
better than expected:0.47525
good soundtrack:0.451
fun:0.44675
catastrophe:0.44025
fantasy world:0.43875
amy smart:0.434
feel-good:0.42175
fashion:0.41725
women:0.414
romantic:0.40375
shallow:0.398
silly:0.39525
witch:0.3915
mentor:0.38375
remake:0.3835
stupid as hell:0.37775
happy ending:0.37325
great ending:0.37275
good:0.35525
storytelling:0.349
dialogue:0.34475
romance:0.3415
transformation:0.331
feel good movie:0.33025
dumb but funny:0.32575
family:0.325
lone hero:0.317
very funny:0.31275
cheesy:0.3085
runaway:0.30625
melancholic:0.30275
switching places:0.2965
segregation:0.29
overrated:0.28675
horrible:0.282
clever:0.2765
adaptation:0.275
crude humor:0.2735
werewolf:0.27225
life philosophy:0.2705
great:0.263
dumb:0.263
bad plot:0.2625
story:0.2595
unfunny:0.25925
bad:0.25875
fight scenes:0.25675
bad cgi:0.2555
not funny:0.2525
drinking:0.25175
good romantic comedies:0.24875
first contact:0.248
bad acting:0.248
new jersey:0.24725
destiny:0.246
suprisingly clever:0.24475
too long:0.24425
teacher:0.23975
entertaining:0.238
brutality:0.2375
vampire human love:0.23525
harsh:0.22975
slapstick:0.22975
virginity:0.2235
adapted from:book:0.2225
coming of age:0.21875
guilty pleasure:0.21825
lame:0.21725
light:0.213
parallel universe:0.2125
pornography:0.209
