animation:0.99125
too short:0.96525
animated:0.92225
short:0.91275
computer animation:0.90725
pixar:0.8935
pixar animation:0.8845
survival:0.8625
storytelling:0.857
adventure:0.85625
mentor:0.83175
good:0.80025
suspense:0.7985
great acting:0.79325
beautiful scenery:0.7845
visually appealing:0.78275
love:0.77975
secrets:0.77825
touching:0.766
excellent script:0.766
amazing photography:0.76175
imdb top 250:0.76175
realistic:0.75675
technology:0.75475
oscar (best directing):0.752
good soundtrack:0.74475
melancholic:0.741
depression:0.7405
narrated:0.73975
life philosophy:0.73975
cute:0.739
birds:0.733
original:0.73125
fun movie:0.7205
visually stunning:0.72
social commentary:0.71825
interesting:0.71625
powerful ending:0.71375
good acting:0.71025
very funny:0.70625
literature:0.70525
inspiring:0.7045
story:0.70375
murder mystery:0.7
oscar (best actress):0.69925
suspenseful:0.69375
stunning:0.69325
loneliness:0.68875
harsh:0.685
suprisingly clever:0.68475
transformation:0.68375
beautifully filmed:0.67975
alternate endings:0.676
funny:0.6745
great:0.6725
pg-13:0.66825
childhood:0.66775
plot:0.66575
sweet:0.6615
unusual plot structure:0.65175
culture clash:0.65
intense:0.64975
great ending:0.6495
emotional:0.648
life & death:0.64775
hospital:0.6455
drama:0.645
great movie:0.63875
oscar (best supporting actress):0.63225
life:0.631
animals:0.62775
clever:0.62175
very interesting:0.6195
oscar winner:0.614
cartoon:0.6035
redemption:0.6025
friendship:0.5965
manipulation:0.592
cinematography:0.58975
plot twist:0.5855
vengeance:0.58175
cute!:0.58025
oscar:0.5795
prejudice:0.57925
breathtaking:0.5785
heartwarming:0.57475
catastrophe:0.57375
thriller:0.5695
thought-provoking:0.56825
honest:0.567
runaway:0.566
unlikely friendships:0.56575
cerebral:0.56175
affectionate:0.55675
police investigation:0.555
bittersweet:0.5515
chase:0.54825
complex:0.54725
heartbreaking:0.54475
courage:0.54375
