noir thriller:0.95275
twists & turns:0.909
robert downey jr:0.8805
lawyer:0.8595
suspenseful:0.8505
lawyers:0.844
suspense:0.84325
thriller:0.81875
greed:0.7855
neo-noir:0.76275
original:0.7355
conspiracy:0.71675
nudity (full frontal):0.7025
mystery:0.6985
tense:0.6945
twist:0.6865
nudity (full frontal - notable):0.6855
weird:0.68
dialogue:0.66675
bad plot:0.65225
murder:0.6435
twist ending:0.62625
enigmatic:0.62275
predictable:0.62075
plot twist:0.61775
chase:0.61325
police investigation:0.6015
kidnapping:0.587
pointless:0.55975
adaptation:0.5575
sexy:0.55625
private detective:0.53975
plot holes:0.538
cinematography:0.531
corruption:0.52775
story:0.5175
film noir:0.517
storytelling:0.5015
great ending:0.499
catastrophe:0.49675
plot:0.494
complex:0.47525
bad script:0.47475
maze:0.47075
runaway:0.45875
detective:0.45025
unlikeable characters:0.448
stupidity:0.44175
good soundtrack:0.4405
light:0.44025
bad acting:0.438
secrets:0.43775
noir:0.436
atmospheric:0.43425
no plot:0.43275
great acting:0.432
dark:0.42225
bad ending:0.41575
good:0.4135
mentor:0.4135
mindfuck:0.4135
very interesting:0.4115
absurd:0.40775
ensemble cast:0.4075
first contact:0.4065
identity:0.40625
interesting:0.40475
great:0.402
crime:0.399
betrayal:0.3985
guilt:0.397
entirely dialogue:0.3955
claustrophobic:0.39425
pornography:0.39375
horrible:0.392
surveillance:0.38925
visually appealing:0.38775
so bad it's funny:0.386
not funny:0.3785
cars:0.36925
crime gone awry:0.3665
writers:0.36625
sexualized violence:0.362
manipulation:0.35575
investigation:0.3525
nudity (topless - notable):0.35225
boring!:0.348
road movie:0.348
disaster:0.34625
idiotic:0.34625
pulp:0.3415
imdb top 250:0.33725
paranoid:0.33725
mental illness:0.335
nudity (full frontal - brief):0.33175
brutality:0.32975
gangsters:0.32675
melancholic:0.32425
violence:0.31875
destiny:0.318
