comedy:0.842
original:0.75225
drugs:0.732
funny:0.723
predictable:0.70625
foul language:0.70125
unfunny:0.6395
teen movie:0.61375
stereotypes:0.61175
kids:0.60775
runaway:0.6025
pg-13:0.59625
pointless:0.57025
very funny:0.559
unlikeable characters:0.54775
goofy:0.5385
great ending:0.5315
bullying:0.5105
gay:0.50825
idiotic:0.507
crude humor:0.4895
stoner movie:0.488
hilarious:0.48375
catastrophe:0.477
dialogue:0.47125
bad plot:0.46175
teens:0.4615
fun movie:0.461
horrible:0.45375
humor:0.45
mentor:0.44975
good soundtrack:0.437
kids and family:0.4325
melancholic:0.42625
spelling bee:0.424
teen:0.4235
absurd:0.41575
storytelling:0.41525
twists & turns:0.41375
brutality:0.4105
so bad it's funny:0.40875
pornography:0.40825
gangsters:0.40625
first contact:0.404
silly:0.40025
children:0.395
violence:0.3925
nerds:0.3925
sex comedy:0.3915
harsh:0.383
weed:0.383
destiny:0.3665
slackers:0.36475
adventure:0.364
redemption:0.36325
fun:0.35675
drinking:0.35675
suspense:0.35575
gay character:0.3485
hip hop:0.34675
buddy movie:0.34475
good dialogue:0.344
quirky:0.3435
criterion:0.33525
humorous:0.33475
happy ending:0.33375
not funny:0.33225
story:0.33075
nudity (topless - notable):0.32575
road trip:0.323
adoption:0.316
writers:0.3145
overrated:0.313
multiple storylines:0.31275
weird:0.311
visually appealing:0.30425
bombs:0.304
chase:0.3035
adaptation:0.30025
entirely dialogue:0.299
shallow:0.29575
fantasy world:0.2925
plot holes:0.292
plot:0.28225
school:0.28
weapons:0.2795
justice:0.279
unusual plot structure:0.27875
life philosophy:0.27625
allegory:0.276
slapstick:0.275
violent:0.2735
greed:0.26325
stupidity:0.261
life & death:0.26075
corruption:0.2575
family:0.257
unlikely friendships:0.25675
sci fi:0.254
nudity (full frontal - brief):0.2495
