girlie movie:0.99825
chick flick:0.984
comedy:0.97225
dumb:0.93025
cute:0.91575
stupid as hell:0.907
fun movie:0.9045
teen movie:0.90275
silly fun:0.889
cute!:0.88125
fun:0.8755
romantic comedy:0.85625
stereotypes:0.8555
funny:0.844
feel-good:0.825
fashion:0.821
teen:0.793
lawyers:0.77125
guilty pleasure:0.77025
dumb but funny:0.76625
women:0.7485
feel good movie:0.7465
shallow:0.742
sweet:0.736
silly:0.73075
pg-13:0.728
happy ending:0.71875
better than expected:0.70925
light:0.70675
predictable:0.66875
school:0.65375
shopping:0.64675
mentor:0.64075
original:0.64025
teens:0.639
good:0.6315
destiny:0.62675
funny as hell:0.6185
sexy:0.599
friendship:0.59775
very funny:0.59225
entertaining:0.591
romantic:0.58125
lawyer:0.57575
family:0.5585
great:0.555
idiotic:0.55275
runaway:0.549
high school:0.53675
college:0.53375
chase:0.51625
absurd:0.48875
hilarious:0.47
catastrophe:0.46375
courtroom:0.4585
crude humor:0.44975
great ending:0.439
clever:0.43625
teenager:0.43275
nerds:0.43
culture clash:0.422
goofy:0.41775
good romantic comedies:0.4105
police investigation:0.4105
so bad it's funny:0.39075
geeks:0.3815
childhood:0.381
unlikely friendships:0.3775
great acting:0.37725
stupid:0.37375
romance:0.37025
good soundtrack:0.368
overrated:0.36075
pornography:0.3595
based on book:0.353
story:0.3515
twists & turns:0.35
manipulation:0.3435
cheerleading:0.342
based on true story:0.33725
witty:0.33425
suprisingly clever:0.33275
stupidity:0.332
dialogue:0.33175
life philosophy:0.32975
storytelling:0.32725
great movie:0.32525
coming of age:0.31725
teenagers:0.316
love story:0.31575
inspirational:0.312
murder:0.31075
teacher:0.3075
brutality:0.30375
ridiculous:0.29525
very good:0.2945
adaptation:0.291
california:0.288
humorous:0.2825
lame:0.2805
