surveillance:0.9805
serial killer:0.98
police investigation:0.9265
lynch:0.89
brutality:0.88625
psychological:0.87775
twist:0.86525
disturbing:0.8535
weird:0.80625
suspenseful:0.801
brutal:0.76625
twists & turns:0.746
murder mystery:0.70075
original:0.69625
pornography:0.6915
twist ending:0.67
fbi:0.649
pointless:0.6465
gratuitous violence:0.6405
tense:0.63125
murder:0.629
torture:0.61925
violence:0.6135
kidnapping:0.5985
enigmatic:0.59625
investigation:0.59225
insanity:0.5645
surreal:0.56375
sexualized violence:0.55975
bloody:0.55325
visceral:0.5455
splatter:0.541
mystery:0.528
idiotic:0.519
violent:0.51675
storytelling:0.48375
gory:0.48275
art house:0.44275
bizarre:0.43525
secrets:0.43175
bad acting:0.431
gore:0.42825
catastrophe:0.42525
dialogue:0.424
quirky:0.42025
identity:0.418
road movie:0.41725
psychology:0.41325
police corruption:0.4075
writers:0.40675
corruption:0.404
suspense:0.39975
police:0.39875
great ending:0.397
mentor:0.39675
psychiatry:0.37875
unlikeable characters:0.37175
bad ending:0.371
revenge:0.36575
thriller:0.363
stylish:0.36025
predictable:0.3465
blood:0.34625
mindfuck:0.3455
obsession:0.34475
runaway:0.3405
crime:0.339
underrated:0.33125
controversial:0.32975
clever:0.32875
stupidity:0.32775
guilt:0.327
crazy:0.3265
crime gone awry:0.3255
so bad it's funny:0.3195
ridiculous:0.319
assassination:0.3175
grindhouse:0.31425
cerebral:0.308
absurd:0.3075
bad plot:0.30275
entirely dialogue:0.30025
melancholic:0.29875
plot twist:0.29425
small town:0.28825
intense:0.288
nudity (topless):0.28725
overrated:0.28375
hard to watch:0.27875
nudity (full frontal - notable):0.27225
criterion:0.26775
creepy:0.26575
cult classic:0.2635
unusual plot structure:0.26125
dreamlike:0.26
not funny:0.25
suprisingly clever:0.24975
scary:0.24825
very interesting:0.2475
creativity:0.2465
