nazis:0.98325
nazi:0.9805
holocaust:0.96075
based on a book:0.953
psychological:0.937
jews:0.91425
psychology:0.88675
mentor:0.834
disturbing:0.8115
intense:0.8055
original:0.78575
violence:0.76175
adaptation:0.75975
moral ambiguity:0.752
story:0.7395
storytelling:0.73775
fascism:0.714
brutality:0.70675
manipulation:0.70575
thriller:0.69825
based on book:0.6915
books:0.687
camp:0.66425
good:0.643
obsession:0.62725
secrets:0.62575
murder:0.623
great acting:0.61875
corruption:0.60675
dark:0.59825
sexualized violence:0.5975
adapted from:book:0.5965
twists & turns:0.5955
suspense:0.5855
wartime:0.55675
exceptional acting:0.554
complex:0.5485
supernatural:0.54575
guilt:0.5455
runaway:0.541
justice:0.5365
great ending:0.53625
identity:0.5355
thought-provoking:0.52725
dramatic:0.52625
world war ii:0.52475
good soundtrack:0.52375
greed:0.52275
redemption:0.51825
graphic novel:0.5095
plot twist:0.4995
great:0.49925
pg-13:0.493
fantasy world:0.477
torture:0.474
interesting:0.4705
betrayal:0.4695
twist:0.468
excellent:0.46575
vengeance:0.465
book:0.4645
death:0.45625
predictable:0.45325
harsh:0.4495
dialogue:0.44775
cult film:0.444
tense:0.44375
powerful ending:0.44025
catastrophe:0.43425
twist ending:0.418
high school:0.4145
transformation:0.414
macabre:0.4115
police investigation:0.41025
destiny:0.407
plot:0.40575
unlikely friendships:0.40475
very interesting:0.40275
bad ending:0.39575
insanity:0.3925
gory:0.39075
revenge:0.39025
good acting:0.3865
suspenseful:0.38175
nudity (topless - notable):0.38175
cinematography:0.38
scary:0.37475
very good:0.37075
teen movie:0.368
genocide:0.36675
horrible:0.36525
not funny:0.36525
survival:0.35825
drama:0.3545
germany:0.354
serial killer:0.35375
brainwashing:0.3505
book was better:0.34975
violent:0.347
friendship:0.346
