coming of age:0.9735
adolescence:0.95175
innocence lost:0.94575
wartime:0.919
coming-of-age:0.91025
beautifully filmed:0.90475
fascism:0.8955
obsession:0.8915
melancholic:0.86325
nudity (full frontal - notable):0.848
nudity (topless - notable):0.82425
cinematography:0.81625
childhood:0.81175
social commentary:0.8055
women:0.799
nostalgic:0.79825
storytelling:0.798
bittersweet:0.79575
beautiful:0.78375
spying:0.7735
sexy:0.7635
vengeance:0.758
original:0.74625
stunning:0.7445
brutality:0.74275
pornography:0.7425
voyeurism:0.7385
italy:0.73725
sexual:0.72925
beautiful scenery:0.71525
drama:0.699
small town:0.69825
destiny:0.69325
erotic:0.6905
italian:0.665
good soundtrack:0.66375
narrated:0.6575
allegory:0.6575
sentimental:0.64325
foreign:0.6385
reflective:0.63525
sexuality:0.63325
mentor:0.63025
story:0.624
nudity (full frontal):0.61875
betrayal:0.615
culture clash:0.61375
enigmatic:0.6115
courage:0.61075
idealism:0.605
great ending:0.60325
world war ii:0.5935
love story:0.59125
teenager:0.58875
loneliness:0.58675
plot:0.5855
powerful ending:0.57975
male nudity:0.5725
poignant:0.57175
friendship:0.5705
excellent script:0.5695
prostitution:0.556
breathtaking:0.55325
touching:0.54825
visual:0.54725
adultery:0.545
oscar (best foreign language film):0.53675
visually appealing:0.53075
wwii:0.52975
great acting:0.52725
runaway:0.52425
life & death:0.5225
visually stunning:0.52
relationships:0.51775
unlikely friendships:0.5145
sacrifice:0.50775
love:0.50425
dramatic:0.50125
suprisingly clever:0.4965
prejudice:0.49575
morality:0.49475
tragedy:0.49425
harsh:0.494
complex:0.491
masterpiece:0.488
romantic:0.4875
emotional:0.486
imagination:0.483
affectionate:0.48125
great cinematography:0.47775
stylish:0.473
amazing photography:0.464
great:0.45825
realistic:0.45225
revenge:0.452
unusual plot structure:0.4495
whimsical:0.4345
romance:0.42775
passionate:0.42675
catastrophe:0.4235
