visually appealing:0.99325
stop motion:0.987
storytelling:0.9865
story:0.968
imagination:0.9275
visually stunning:0.91725
stop-motion:0.89925
melancholic:0.89525
original:0.8935
visual:0.8845
artistic:0.8835
imdb top 250:0.8815
family:0.86275
stunning:0.86125
mythology:0.8505
magic:0.8315
mentor:0.8305
adventure:0.82975
beautiful:0.8215
children:0.81875
animation:0.817
beautifully filmed:0.81
computer animation:0.80875
masterpiece:0.80425
great ending:0.79975
death:0.799
sacrifice:0.78825
secrets:0.78725
interesting:0.78625
scary:0.7815
dark:0.7805
suspense:0.771
intense:0.7705
visuals:0.76475
pg-13:0.76475
clever:0.76125
destiny:0.75975
weird:0.75825
complicated:0.75675
narrated:0.75425
social commentary:0.753
creepy:0.75275
art:0.7485
dialogue:0.74775
fairy tale:0.74775
childhood:0.74775
complex:0.74275
oscar winner:0.74125
action:0.739
sisters:0.73875
plot twist:0.73775
runaway:0.734
movielens top pick:0.7315
heartwarming:0.73025
talky:0.73
breathtaking:0.72475
dramatic:0.718
melancholy:0.71125
allegory:0.71075
good versus evil:0.71
fantasy world:0.709
good soundtrack:0.7055
emotional:0.696
good:0.6865
stylized:0.67975
fast paced:0.67975
violent:0.6785
action packed:0.6775
colourful:0.67675
philosophy:0.673
revenge:0.673
cinematography:0.672
animated:0.66825
reflective:0.66575
cerebral:0.662
oscar (best directing):0.662
harsh:0.66175
good acting:0.66075
violence:0.65575
powerful ending:0.65475
light:0.65375
fantasy:0.65275
tokyo:0.648
courage:0.6475
fun movie:0.6435
creativity:0.64025
visceral:0.63975
technology:0.63625
fight scenes:0.6335
japan:0.6325
life & death:0.62975
talking animals:0.627
animal movie:0.623
touching:0.623
memory:0.6225
redemption:0.622
great movie:0.618
culture clash:0.6175
friendship:0.61625
entertaining:0.6155
