documentary:0.9475
military:0.897
best war films:0.83325
intense:0.8155
war:0.812
war movie:0.81175
weapons:0.7815
sacrifice:0.7785
courage:0.77625
politics:0.74875
journalism:0.7325
oil:0.72975
original:0.71975
survival:0.69325
brutality:0.6665
intimate:0.64775
islam:0.6325
gunfight:0.609
political:0.605
life & death:0.59725
visceral:0.58925
tragedy:0.58775
honest:0.5795
tense:0.5755
violence:0.5695
grim:0.5695
bombs:0.56875
realistic:0.56725
vengeance:0.56575
greed:0.56425
social commentary:0.55975
corruption:0.5575
forceful:0.5485
iraq:0.54725
dramatic:0.5415
poignant:0.53925
death:0.5345
runaway:0.5175
oscar (best directing):0.5145
hard to watch:0.51
mentor:0.5085
narrated:0.50075
ethnic conflict:0.49825
pornography:0.49575
criterion:0.489
excellent script:0.48875
movielens top pick:0.48825
interesting:0.48375
genocide:0.483
storytelling:0.478
talky:0.47725
israel:0.477
insanity:0.4765
good soundtrack:0.47
california:0.46375
culture clash:0.46325
justice:0.4625
drinking:0.45725
road movie:0.455
suprisingly clever:0.45425
idealism:0.44525
foreign:0.442
middle east:0.44
great ending:0.438
melancholic:0.436
anti-war:0.43525
catastrophe:0.434
oscar (best actress):0.432
us history:0.4245
gritty:0.41775
propaganda:0.41725
prejudice:0.4165
revenge:0.4145
great acting:0.41375
cinematography:0.41125
friendship:0.4105
suspense:0.4035
emotional:0.39925
unlikely friendships:0.3985
fighting:0.397
not funny:0.3895
pg-13:0.389
oscar:0.38875
moral ambiguity:0.38425
absurd:0.382
beautiful scenery:0.3785
betrayal:0.37425
harsh:0.37375
wilderness:0.37275
nudity (full frontal - brief):0.37225
reflective:0.36275
multiple storylines:0.36225
dialogue:0.3605
complex:0.3565
unusual plot structure:0.35475
drama:0.354
good acting:0.34425
oscar (best supporting actress):0.34175
very funny:0.34025
bleak:0.33325
