cooking:0.95275
heartwarming:0.908
beautifully filmed:0.8955
art:0.88675
bittersweet:0.86675
criterion:0.8635
storytelling:0.86325
reflective:0.862
sacrifice:0.857
artistic:0.84225
oscar (best foreign language film):0.8325
intimate:0.8155
passionate:0.80975
wine:0.79675
sisters:0.7905
life & death:0.7895
visually appealing:0.7885
single father:0.7845
allegory:0.78125
melancholy:0.76925
beautiful:0.76175
food:0.752
18th century:0.75175
adapted from:book:0.744
imdb top 250:0.74325
destiny:0.7425
religion:0.74175
touching:0.74175
artist:0.73975
foreign:0.7395
story:0.72775
masterpiece:0.72625
original:0.72525
france:0.7245
bleak:0.72425
meditative:0.72325
great ending:0.703
idealism:0.696
love:0.69575
childhood:0.6935
god:0.68625
loneliness:0.68375
oscar (best actress):0.66325
melancholic:0.66225
visually stunning:0.661
unlikely friendships:0.661
simple:0.65375
beautiful scenery:0.64975
affectionate:0.64425
paris:0.636
poignant:0.62475
earnest:0.62275
life philosophy:0.61725
stunning:0.61275
friendship:0.60925
cinematography:0.6075
great acting:0.6045
emotional:0.603
talky:0.58325
culture clash:0.57975
mozart:0.5735
enigmatic:0.573
feel-good:0.56025
french:0.558
mentor:0.55325
suprisingly clever:0.552
sentimental:0.54875
tragedy:0.54575
solitude:0.53125
oscar (best directing):0.531
transformation:0.5295
redemption:0.52625
humanity:0.52475
pornography:0.52325
life:0.52175
breathtaking:0.50925
unusual plot structure:0.50425
creativity:0.50425
19th century:0.50425
light:0.5015
amazing photography:0.495
harsh:0.48925
cerebral:0.47875
feel good movie:0.47825
imagination:0.47575
catastrophe:0.47525
existentialism:0.4725
atmospheric:0.47125
visual:0.47125
dialogue:0.471
colourful:0.46925
good acting:0.4685
oscar (best supporting actress):0.46825
compassionate:0.4585
aging:0.4575
sweet:0.45575
photography:0.454
twists & turns:0.45125
secrets:0.44575
narrated:0.44425
