prison escape:0.9975
train:0.92125
trains:0.914
golden palm:0.9055
runaway:0.85275
prison:0.7765
original:0.764
action:0.75725
alaska:0.753
allegory:0.75
existentialism:0.73225
life & death:0.716
redemption:0.7135
great ending:0.7065
good action:0.6885
brutality:0.67625
character study:0.6535
wilderness:0.64625
vengeance:0.6285
good soundtrack:0.62675
chase:0.60725
mentor:0.60225
dialogue:0.59325
harsh:0.5815
cinematography:0.5715
dramatic:0.56425
corruption:0.5575
intense:0.5525
visceral:0.55125
fast paced:0.54875
gunfight:0.548
lone hero:0.545
excellent script:0.5445
tense:0.542
quotable:0.51675
storytelling:0.51475
revenge:0.5125
bleak:0.51225
violent:0.51225
great cinematography:0.50875
action packed:0.5085
great acting:0.50275
talky:0.49925
good acting:0.49525
story:0.494
sacrifice:0.4905
suspenseful:0.46125
narrated:0.4595
death:0.45875
great:0.45625
violence:0.455
imdb top 250:0.453
greed:0.45
suspense:0.44975
catastrophe:0.4405
not funny:0.43975
culture clash:0.439
social commentary:0.4385
cerebral:0.4275
drama:0.42725
loneliness:0.425
life philosophy:0.4195
stylized:0.418
complex:0.4135
melancholic:0.41325
freedom:0.41275
excellent:0.40925
good:0.408
survival:0.4075
solitude:0.395
hitman:0.38725
entirely dialogue:0.38625
suprisingly clever:0.385
gangsters:0.38375
forceful:0.37525
obsession:0.372
criterion:0.3695
moral ambiguity:0.36575
thriller:0.35675
atmospheric:0.35375
grim:0.35275
unlikely friendships:0.352
friendship:0.3515
honest:0.35025
weapons:0.34975
melancholy:0.34875
thought-provoking:0.34775
brutal:0.3465
transformation:0.346
gritty:0.3445
great dialogue:0.34175
crime gone awry:0.33975
oscar:0.337
road movie:0.335
underrated:0.3315
dark hero:0.3295
interesting:0.32825
masterpiece:0.325
80s:0.3195
claustrophobic:0.3195
