oscar (best supporting actress):0.976
friendship:0.94325
fascism:0.943
unlikely friendships:0.94075
world war ii:0.92875
oscar (best actress):0.91975
nazis:0.90175
mentor:0.8965
idealism:0.8905
politics:0.8735
oscar:0.86725
dramatic:0.8325
1930s:0.8075
corruption:0.79375
germany:0.7895
women:0.777
factual:0.7695
jews:0.766
oscar (best directing):0.7605
oscar (best supporting actor):0.7545
nazi:0.74875
childhood:0.7455
drama:0.74
relationships:0.70675
drinking:0.69225
runaway:0.68825
great acting:0.686
biographical:0.6675
girlie movie:0.65725
wwii:0.64775
world politics:0.6455
biopic:0.62325
oscar winner:0.6165
greed:0.60675
talky:0.6055
political:0.605
pg-13:0.60325
adaptation:0.59975
based on true story:0.594
cinematography:0.58175
prejudice:0.5765
original:0.572
jewish:0.5595
adapted from:book:0.555
good:0.5415
betrayal:0.53725
story:0.5285
forceful:0.52425
character study:0.5205
enigmatic:0.51825
oscar (best foreign language film):0.5155
bittersweet:0.514
oscar (best actor):0.513
great:0.5085
culture clash:0.5035
intimate:0.49225
nudity (full frontal - brief):0.4845
criterion:0.48
based on a play:0.48
exceptional acting:0.4715
courage:0.47075
fighting the system:0.47025
wartime:0.46725
imdb top 250:0.46275
literature:0.4565
england:0.452
poignant:0.44925
oscar (best picture):0.44725
affectionate:0.44025
oscar (best cinematography):0.44
witty:0.434
catastrophe:0.43375
segregation:0.43125
great ending:0.4245
secrets:0.41425
complex:0.412
depression:0.41075
breathtaking:0.4085
based on a true story:0.40825
train:0.40525
melancholic:0.39675
writers:0.39525
nocturnal:0.39275
social commentary:0.39225
excellent:0.38575
alter ego:0.38325
transformation:0.378
small town:0.37225
melancholy:0.372
potential oscar nom:0.368
earnest:0.36525
not funny:0.36475
male nudity:0.36375
redemption:0.36225
storytelling:0.3565
journalism:0.3535
1920s:0.3525
dialogue:0.3495
unusual plot structure:0.34925
suprisingly clever:0.3445
