heist:0.90475
australian:0.88525
brothers:0.849
noir thriller:0.83725
original:0.78175
australia:0.7795
crime:0.70425
gangsters:0.67025
caper:0.664
gunfight:0.6015
lawyer:0.6005
sexy:0.60025
quirky:0.58725
dialogue:0.5745
prison:0.54575
twists & turns:0.5445
gangster:0.478
corruption:0.47425
entirely dialogue:0.474
nocturnal:0.4705
lawyers:0.46625
destiny:0.45325
mentor:0.448
runaway:0.4475
goofy:0.4165
screwball:0.4165
brutality:0.41625
crime gone awry:0.40975
fight scenes:0.4095
great ending:0.38875
catastrophe:0.387
violent:0.3865
pornography:0.37925
clever:0.379
silly:0.3765
intimate:0.3755
good:0.37425
gypsy accent:0.3605
nudity (topless):0.348
not funny:0.3455
bloody:0.343
good soundtrack:0.34275
gritty:0.3415
great:0.33875
storytelling:0.33725
cult classic:0.3365
entertaining:0.336
cool:0.3305
predictable:0.3285
nudity (full frontal - brief):0.32375
melancholic:0.32125
humorous:0.31
shallow:0.3085
mob:0.30775
dark hero:0.30275
fantasy world:0.30125
great acting:0.29725
weird:0.29675
humor:0.29625
criterion:0.296
distopia:0.2955
surreal:0.29125
suprisingly clever:0.28975
indie:0.2885
film noir:0.288
identity:0.287
stylized:0.28375
imdb top 250:0.2835
visually appealing:0.283
anti-hero:0.2825
fun:0.281
death:0.281
story:0.28025
existentialism:0.27575
very interesting:0.2755
alter ego:0.27475
script:0.27
harsh:0.26525
comic:0.26475
beautifully filmed:0.26375
drama:0.262
chase:0.2605
very good:0.25925
stereotypes:0.2565
adaptation:0.25375
based on a play:0.2535
farce:0.25275
independent film:0.251
plot twist:0.25025
very funny:0.247
revenge:0.2465
lone hero:0.24425
sexual:0.24125
unusual plot structure:0.24
greed:0.23975
suspense:0.23925
gay character:0.23775
dreamlike:0.235
crude humor:0.2335
talky:0.23325
