alien:0.999
aliens:0.98675
scifi:0.954
sci-fi:0.93975
allegory:0.931
science fiction:0.928
sci fi:0.92775
first contact:0.82125
alien invasion:0.799
humanity:0.786
future:0.74575
original:0.73625
technology:0.65425
special effects:0.63675
story:0.62075
genetics:0.61725
great ending:0.60975
scifi cult:0.59275
buddy movie:0.5875
space:0.58325
catastrophe:0.5685
predictable:0.54475
cerebral:0.54425
product placement:0.5395
nudity (topless - brief):0.52825
destiny:0.5275
survival:0.527
chase:0.5265
mentor:0.52
mutants:0.51625
existentialism:0.51025
weird:0.50175
monster:0.50025
70mm:0.49925
los angeles:0.49875
good:0.496
futuristic:0.49375
life philosophy:0.49175
good action:0.4895
dialogue:0.48775
visually stunning:0.48275
great:0.4795
effects:0.473
big budget:0.47175
transformation:0.46925
so bad it's funny:0.46575
detective:0.46225
storytelling:0.45975
franchise:0.4595
race:0.4575
conspiracy:0.45375
silly:0.45225
visual:0.45125
natural disaster:0.451
action:0.44175
adventure:0.432
android(s)/cyborg(s):0.42975
revenge:0.421
unusual plot structure:0.4205
weapons:0.418
fantasy world:0.4125
series:0.40575
redemption:0.40025
san francisco:0.39625
greed:0.39575
imagination:0.392
light:0.3905
fun movie:0.38075
androids:0.374
drama:0.3705
desert:0.37025
fantasy:0.36825
visually appealing:0.3665
police investigation:0.36375
memory:0.361
social commentary:0.35925
harsh:0.34975
prejudice:0.34975
oscar winner:0.34975
suspense:0.3495
dystopia:0.3475
brutality:0.34625
not funny:0.346
dystopic future:0.34475
creativity:0.34325
lone hero:0.34325
clever:0.34325
80s:0.343
solitude:0.34025
culture clash:0.34
nudity (rear):0.33775
suprisingly clever:0.3365
life & death:0.33575
pg-13:0.3325
whimsical:0.332
original plot:0.33175
runaway:0.33125
corruption:0.33075
bad acting:0.33
plot:0.32925
