dance:0.99775
dancing:0.9865
hip hop:0.96225
girlie movie:0.88125
franchise:0.86575
musical:0.768
teen movie:0.75575
creativity:0.7475
music:0.70225
original:0.572
so bad it's funny:0.5535
romance:0.55
relationships:0.5415
predictable:0.538
bollywood:0.5255
romantic comedy:0.50725
better than expected:0.48725
runaway:0.48575
dialogue:0.483
mentor:0.45825
good soundtrack:0.4495
catastrophe:0.4415
guilty pleasure:0.43275
revolution:0.42775
silly:0.42175
sequels:0.41525
melancholic:0.38175
musicians:0.3755
not funny:0.37475
chick flick:0.36225
erotic:0.35925
betrayal:0.3525
life philosophy:0.34325
awesome soundtrack:0.33925
fun movie:0.33875
culture clash:0.335
teen:0.3335
story:0.3225
sequel:0.32025
ballet:0.31625
bad plot:0.31075
plot:0.3105
good music:0.3095
family:0.3085
women:0.30825
storytelling:0.30625
ridiculous:0.30375
romantic:0.29775
great ending:0.29375
crude humor:0.29325
happy ending:0.2875
teens:0.285
fun:0.284
unfunny:0.2795
love story:0.279
art:0.27875
mozart:0.2765
adapted from:book:0.268
suprisingly clever:0.267
bad acting:0.2645
transformation:0.26425
adaptation:0.2625
pg-13:0.25975
first contact:0.254
fantasy world:0.25375
mob:0.25025
light:0.24875
3d:0.2485
great:0.248
wine:0.247
secret service:0.24625
police investigation:0.24625
sexy:0.24225
natural disaster:0.2385
classic car:0.2375
series:0.237
feel-good:0.234
destiny:0.23025
lone hero:0.22975
entertaining:0.2215
oscar (best actress):0.21975
passionate:0.21775
love:0.21625
entirely dialogue:0.21425
silly fun:0.21325
loneliness:0.2125
horrible:0.21125
non-hollywood ending:0.20825
slapstick:0.20725
wedding:0.2055
canada:0.204
visually appealing:0.203
beautiful scenery:0.20275
cheesy:0.197
drama:0.1955
high school:0.19425
interracial romance:0.19125
grindhouse:0.19025
intimate:0.18875
cool:0.18825
