supernatural:0.949
horror:0.9325
haunted house:0.884
ghosts:0.863
horrible:0.83875
demons:0.7735
original:0.75125
pointless:0.7225
weird:0.71925
scary:0.69725
bad plot:0.69525
dark:0.693
predictable:0.6715
creepy:0.649
great ending:0.638
stupid as hell:0.62825
ominous:0.6195
first contact:0.61375
so bad it's funny:0.57825
bad ending:0.576
pg-13:0.56925
bad acting:0.564
twists & turns:0.56375
psychological:0.55725
nocturnal:0.5525
bad cgi:0.547
splatter:0.5315
good soundtrack:0.51775
twist:0.512
storytelling:0.5085
catastrophe:0.5015
stupid:0.49475
twist ending:0.492
lame:0.47775
eerie:0.47625
plot holes:0.475
idiotic:0.4695
cinematography:0.44
devil:0.43075
fantasy world:0.42575
dialogue:0.42575
visual:0.42225
stupidity:0.422
brutality:0.40975
plot:0.4055
suspense:0.401
family:0.399
end of the world:0.39875
stylized:0.3985
visually stunning:0.3945
mentor:0.39
special effects:0.38175
silly fun:0.379
cult film:0.3725
sacrifice:0.36575
disturbing:0.36125
gangsters:0.36125
frightening:0.35075
story:0.3505
natural disaster:0.3485
shallow:0.33975
better than expected:0.3385
violence:0.3365
family drama:0.332
overrated:0.3295
good:0.3235
death:0.31625
intense:0.3155
redemption:0.3135
adaptation:0.313
spain:0.311
betrayal:0.308
entirely dialogue:0.30775
bad:0.301
awful:0.29425
nudity (full frontal - brief):0.29375
bad script:0.2905
atmospheric:0.28575
strange:0.28475
effects:0.2845
sexualized violence:0.284
insanity:0.28275
pulp:0.28175
bizarre:0.2815
mystery:0.27625
disaster:0.27525
life philosophy:0.275
fight scenes:0.2745
no plot:0.274
psychology:0.273
destiny:0.2645
dysfunctional family:0.2645
apocalypse:0.26425
blood:0.263
crude humor:0.25875
boring:0.2585
quirky:0.258
cult:0.2575
slapstick:0.25675
original plot:0.25425
