remake:0.99025
alien:0.97825
aliens:0.96
big budget:0.95975
special effects:0.938
first contact:0.9255
sci fi:0.92225
sci-fi:0.91525
dynamic cgi action:0.91125
alien invasion:0.88875
humanity:0.85025
end of the world:0.8385
science fiction:0.8385
space:0.83625
original:0.8295
scifi:0.8285
technology:0.81425
catastrophe:0.76475
bad acting:0.7295
plot holes:0.72
product placement:0.687
natural disaster:0.67925
predictable:0.66425
cgi:0.6615
so bad it's funny:0.6495
social commentary:0.62
pg-13:0.5995
bad cgi:0.5975
horrible:0.5765
shallow:0.57425
survival:0.57325
story:0.57
disaster:0.56825
pointless:0.56575
global warming:0.56
bad ending:0.55625
effects:0.5555
visually appealing:0.5545
transformation:0.5455
utopia:0.54025
mars:0.538
weapons:0.5275
bad plot:0.52325
bad script:0.51975
idiotic:0.516
environmental:0.503
science:0.50075
dialogue:0.49975
original plot:0.46625
great ending:0.46225
ecology:0.459
race:0.453
mentor:0.452
bad science:0.45175
visually stunning:0.4425
action:0.4355
cloning:0.43375
silly:0.428
better than expected:0.422
sequel:0.4095
robot:0.40875
not funny:0.408
visuals:0.4045
fight scenes:0.403
good:0.40225
giant robots:0.4015
unlikeable characters:0.39725
egypt:0.39475
storytelling:0.38825
corny:0.3865
destiny:0.385
apocalypse:0.37875
crappy sequel:0.37825
dinosaurs:0.378
plot:0.37675
jesus:0.3725
greed:0.37075
franchise:0.36875
genetics:0.3645
life philosophy:0.359
happy ending:0.355
adaptation:0.34775
stupid:0.34725
immortality:0.34525
script:0.343
antarctica:0.33675
betrayal:0.33625
clones:0.33175
mythology:0.329
visual:0.32675
android(s)/cyborg(s):0.32675
allegory:0.3255
robots:0.321
futuristic:0.31975
lame:0.31675
teleportation:0.31475
fantasy world:0.3135
redemption:0.31175
future:0.3015
superheroes:0.2965
