cannibalism:0.99675
jungle:0.98875
splatter:0.96375
horror:0.94975
gory:0.919
brutality:0.877
survival:0.87025
bdsm:0.84925
idiotic:0.843
torture:0.84075
marijuana:0.8285
bad acting:0.80475
sexualized violence:0.79025
gruesome:0.7775
gore:0.73925
stoner movie:0.7355
bloody:0.72625
twist:0.72475
bad cgi:0.71925
original:0.71225
bad plot:0.70575
predictable:0.70025
stereotypes:0.69675
horrible:0.68425
violence:0.66625
dialogue:0.6505
brutal:0.64525
suspense:0.63225
plot holes:0.61575
goretastic:0.61275
gratuitous violence:0.60525
animals:0.603
special effects:0.59225
pointless:0.579
mad scientist:0.57175
weed:0.571
family:0.56925
natural disaster:0.551
scary:0.541
ridiculous:0.5215
transformation:0.5185
slasher:0.5165
suspenseful:0.51425
silly:0.509
so bad it's funny:0.509
lame:0.4855
apocalypse:0.484
supernatural:0.47875
graphic novel:0.46825
camp:0.4665
franchise:0.4595
not funny:0.4575
reality tv:0.44925
catastrophe:0.447
family drama:0.44575
great ending:0.4405
college:0.437
weird:0.42875
fun movie:0.422
stupid as hell:0.41775
unlikeable characters:0.41775
road movie:0.41175
stupid:0.41
dinosaurs:0.409
vampire human love:0.40825
effects:0.406
cult:0.406
serial killer:0.405
blood:0.4
south america:0.39425
unrealistic:0.394
twists & turns:0.39225
internet:0.39125
awful:0.38475
awesome soundtrack:0.37925
women:0.37725
big budget:0.377
doctors:0.37475
violent:0.36225
disturbing:0.35525
erotic:0.35325
watch the credits:0.35175
weapons:0.348
redemption:0.3475
propaganda:0.3445
mutants:0.33975
pg-13:0.338
latin america:0.3375
shallow:0.33625
unfunny:0.3345
sci fi:0.333
disappointing:0.32975
storytelling:0.32825
first contact:0.327
sexy:0.32375
intense:0.32
80s:0.3195
hard to watch:0.31675
story:0.31625
vengeance:0.31
