criterion:0.9945
prison escape:0.97125
french:0.9585
silent:0.93925
talky:0.92075
paris:0.88825
satirical:0.884
golden palm:0.87575
masterpiece:0.866
finnish:0.86125
fascism:0.85025
1930s:0.817
oscar (best foreign language film):0.79775
imdb top 250:0.76775
bleak:0.7655
downbeat:0.749
satire:0.745
reflective:0.718
melancholy:0.71275
runaway:0.6875
music:0.68125
enigmatic:0.6705
france:0.66125
intimate:0.655
original:0.65325
cynical:0.643
biting:0.6405
affectionate:0.63275
allegory:0.63125
melancholic:0.62625
social commentary:0.605
black and white:0.59925
19th century:0.598
greed:0.59
passionate:0.57275
cinematography:0.56825
art:0.56425
suprisingly clever:0.55125
beautifully filmed:0.54525
musical:0.54125
harsh:0.537
spanish:0.53
ironic:0.528
prison:0.52575
solitude:0.51825
perfect:0.518
creativity:0.51625
irreverent:0.509
surreal:0.4985
classic:0.497
good soundtrack:0.489
nudity (full frontal - brief):0.4875
free to download:0.4855
stylized:0.485
great:0.471
absurd:0.468
entirely dialogue:0.46025
utopia:0.45625
visual:0.45425
loneliness:0.4525
meditative:0.4485
working class:0.43975
betrayal:0.43975
amazing photography:0.43275
culture clash:0.4295
life philosophy:0.42575
foreign:0.417
catastrophe:0.41675
breathtaking:0.415
slapstick:0.412
humorous:0.409
atmospheric:0.4045
1920s:0.3905
dialogue:0.3885
poignant:0.3885
male nudity:0.3875
oscar (best directing):0.3825
dreams:0.3765
capitalism:0.37375
unusual plot structure:0.3715
grim:0.371
oscar (best supporting actress):0.36275
mentor:0.36175
pornography:0.36125
unlikely friendships:0.3605
great ending:0.352
existentialism:0.34725
witty:0.3465
good music:0.3415
classic car:0.34025
artistic:0.34
childhood:0.34
transformation:0.339
storytelling:0.338
political:0.3295
futuristic:0.329
moody:0.329
off-beat comedy:0.32325
friendship:0.3225
gunfight:0.322
