camp:0.98275
violence:0.956
pornography:0.94375
brutality:0.93175
nazis:0.92675
controversial:0.904
disturbing:0.8895
bloody:0.877
gratuitous violence:0.87575
cult film:0.84725
cult classic:0.828
nudity:0.828
violent:0.816
torture:0.80525
brutal:0.79475
gory:0.79175
splatter:0.77375
sexualized violence:0.76325
campy:0.76275
grindhouse:0.75
visceral:0.7315
sexual:0.72275
blood:0.7215
original:0.71025
gruesome:0.69525
sexy:0.6925
nazi:0.67975
hard to watch:0.67775
fascism:0.63625
nudity (full frontal - notable):0.636
sex:0.62375
rape:0.623
stylish:0.6015
graphic novel:0.599
wartime:0.598
harsh:0.57675
bad acting:0.553
prison:0.5395
gore:0.52125
murder:0.492
great ending:0.49075
revenge:0.484
vengeance:0.47625
women:0.47325
erotic:0.46275
good soundtrack:0.4605
so bad it's funny:0.46
over the top:0.456
nudity (full frontal):0.4485
cannibalism:0.441
dialogue:0.4405
serial killer:0.4355
overrated:0.435
adaptation:0.428
vampire human love:0.4245
horror:0.4225
stylized:0.41275
bdsm:0.40825
grim:0.4005
pointless:0.39675
holocaust:0.39625
suspense:0.395
horrible:0.39075
catastrophe:0.39025
demons:0.37825
gunfight:0.373
germany:0.369
mentor:0.3665
weapons:0.36475
weird:0.3565
sexual abuse:0.356
fantasy world:0.35125
insanity:0.35075
visually appealing:0.3485
predictable:0.3445
world war ii:0.344
low budget:0.3425
nudity (full frontal - brief):0.3405
nudity (topless):0.339
twists & turns:0.339
unusual plot structure:0.334
downbeat:0.329
wwii:0.3275
teens:0.32275
kidnapping:0.32125
lone hero:0.32025
male nudity:0.3185
not funny:0.317
imdb top 250:0.31325
entirely dialogue:0.31325
pulp:0.30625
franchise:0.30475
police investigation:0.3025
absurd:0.301
storytelling:0.30075
culture clash:0.2995
dark hero:0.29625
quirky:0.29525
criterion:0.28825
first contact:0.28775
