space:0.99925
scifi:0.99125
space travel:0.9885
sci-fi:0.9865
sci fi:0.98325
science fiction:0.976
futuristic:0.97
post apocalyptic:0.963
post-apocalyptic:0.89
adventure:0.88725
special effects:0.88325
androids:0.8795
campy:0.82575
mutants:0.823
silly fun:0.81475
first contact:0.801
franchise:0.7745
so bad it's funny:0.7655
original:0.76225
mars:0.7555
fun movie:0.71825
space opera:0.71625
80s:0.70825
science:0.692
desert:0.6855
cheesy:0.6615
predictable:0.60275
3d:0.60125
cool:0.58675
bad science:0.57025
effects:0.55825
nudity (topless - notable):0.55025
transformation:0.54825
camp:0.54125
silly:0.53875
maze:0.53775
survival:0.52425
astronauts:0.5225
monster:0.51825
dialogue:0.5115
low budget:0.50725
high fantasy:0.503
spoof:0.49425
cult classic:0.49275
robot:0.48125
great ending:0.47525
technology:0.47475
mad scientist:0.47375
fantasy world:0.4715
cult film:0.46975
action:0.46975
fun:0.4565
mentor:0.4565
android(s)/cyborg(s):0.45525
story:0.455
goofy:0.44625
bad plot:0.443
dystopia:0.4345
quirky:0.4325
fantasy:0.43175
catastrophe:0.43125
big budget:0.4305
bad acting:0.42675
weird:0.41725
scifi cult:0.41125
aliens:0.41125
grindhouse:0.40975
future:0.40925
unusual plot structure:0.40825
alien:0.407
destiny:0.4065
good action:0.4055
memory:0.40225
natural disaster:0.3995
brutality:0.38525
alien invasion:0.38125
pulp:0.3805
sexy:0.37825
parallel universe:0.37175
adapted from:comic:0.37125
weapons:0.35925
cyborgs:0.3575
nostalgic:0.35675
utopia:0.3515
cerebral:0.34875
fast paced:0.34725
redemption:0.347
alternate reality:0.347
light:0.342
fight scenes:0.3415
crappy sequel:0.34
melancholic:0.337
overrated:0.33525
not funny:0.33475
intense:0.331
moon:0.328
nocturnal:0.32775
monsters:0.32725
adaptation:0.32575
entirely dialogue:0.3255
