segregation:0.96275
documentary:0.94825
intimate:0.944
tragedy:0.926
criterion:0.84325
guilt:0.8285
oscar (best actress):0.82325
social commentary:0.805
death:0.7985
friendship:0.78525
heartbreaking:0.74725
talky:0.7355
childhood:0.726
history:0.71475
disturbing:0.70925
unlikely friendships:0.7075
enigmatic:0.69475
us history:0.6925
obsession:0.689
runaway:0.68025
politics:0.67825
original:0.66525
dramatic:0.664
holocaust:0.66075
pornography:0.6555
sacrifice:0.645
storytelling:0.6445
bittersweet:0.633
oscar (best foreign language film):0.632
story:0.63025
brutality:0.6295
justice:0.62175
movielens top pick:0.61425
corruption:0.604
life & death:0.6035
forceful:0.60125
factual:0.597
reflective:0.59
prejudice:0.585
narrated:0.58125
suprisingly clever:0.57775
culture clash:0.57275
race issues:0.566
racism:0.563
oscar (best supporting actress):0.563
destiny:0.56225
political:0.555
good soundtrack:0.55
secrets:0.54975
police investigation:0.54975
very interesting:0.549
interesting:0.54875
downbeat:0.53025
relationships:0.5275
powerful ending:0.52225
golden palm:0.51625
depressing:0.5115
bloody:0.509
poignant:0.505
melancholic:0.50125
mentor:0.49825
assassination:0.488
honest:0.486
affectionate:0.48375
harsh:0.47675
passionate:0.4765
women:0.4755
great:0.4755
hospital:0.47525
intense:0.46825
sexy:0.46425
nudity (full frontal - brief):0.46275
oscar (best directing):0.46175
crime:0.4555
investigation:0.45375
based on book:0.45025
great ending:0.4495
ethnic conflict:0.44125
murder:0.43675
black and white:0.43225
catastrophe:0.42875
greed:0.4285
tokyo:0.428
courage:0.42775
indie:0.42675
coming of age:0.42575
drinking:0.42475
excellent:0.42225
cinematography:0.42175
idealism:0.42075
islam:0.42025
macabre:0.42
sad:0.4185
depression:0.41825
world politics:0.41675
finnish:0.41675
books:0.41475
breathtaking:0.414
violent:0.4125
oscar:0.41175
