rock and roll:0.997
criterion:0.81025
original:0.76375
pornography:0.727
grindhouse:0.7215
life philosophy:0.6815
obsession:0.65625
runaway:0.63875
cult classic:0.6255
talky:0.6005
interesting:0.59325
very interesting:0.59225
crime gone awry:0.58375
social commentary:0.58225
sexualized violence:0.57025
hip hop:0.56175
brutality:0.54125
great ending:0.5385
enigmatic:0.537
dialogue:0.52775
documentary:0.524
violent:0.52325
indie:0.514
gunfight:0.5025
culture clash:0.49925
loneliness:0.496
fashion:0.49525
mentor:0.491
weird:0.485
drinking:0.4775
1970s:0.474
golden palm:0.467
suprisingly clever:0.46425
dreams:0.4565
passionate:0.45275
unusual plot structure:0.4415
affectionate:0.4345
good soundtrack:0.4255
music business:0.421
twists & turns:0.4165
catastrophe:0.41425
melancholic:0.4035
nudity (full frontal - brief):0.3945
entirely dialogue:0.39325
male nudity:0.389
highly quotable:0.387
allegory:0.3855
spelling bee:0.38325
not funny:0.38225
ironic:0.38175
original plot:0.3775
narrated:0.37425
censorship:0.3675
greed:0.366
quirky:0.36575
prejudice:0.3625
satirical:0.35875
nudity (topless - notable):0.3575
nudity (full frontal - notable):0.35575
bullying:0.353
perfect:0.34775
adaptation:0.3465
nudity (topless):0.34275
sexy:0.3415
biting:0.33825
cult film:0.33775
serial killer:0.3365
intimate:0.3365
fun movie:0.33525
movielens top pick:0.33225
dysfunctional family:0.3295
california:0.32925
gangsters:0.32925
witty:0.329
violence:0.32825
weapons:0.32525
stylized:0.3245
love:0.32425
bleak:0.32325
melancholy:0.323
eccentricity:0.32225
small town:0.32075
internet:0.32075
cinematography:0.31975
manipulation:0.3195
police investigation:0.3195
goofy:0.3185
nerds:0.31575
relationships:0.31525
hotel:0.31375
great:0.31325
great soundtrack:0.31075
disturbing:0.3085
queer:0.30725
writers:0.30675
clever:0.306
awesome soundtrack:0.30525
harsh:0.305
cool:0.305
insanity:0.30425
