pointless:0.856
dialogue:0.8115
drugs:0.80525
greed:0.77925
coen bros:0.76525
original:0.7265
complex:0.7135
confusing:0.703
violence:0.6705
brutality:0.66625
violent:0.642
writers:0.617
existentialism:0.60975
gangsters:0.60875
entirely dialogue:0.5905
storytelling:0.58125
ensemble cast:0.57025
scary:0.531
multiple storylines:0.52025
good soundtrack:0.51975
pretentious:0.514
dialogue driven:0.5105
great ending:0.48725
neo-noir:0.484
absurd:0.46575
stylized:0.46525
twists & turns:0.462
mexico:0.46175
overrated:0.46
predictable:0.45475
crime gone awry:0.45375
adaptation:0.44425
pulp:0.43925
catastrophe:0.43875
death:0.4375
road movie:0.436
philosophical:0.43575
good dialogue:0.4335
life philosophy:0.43125
gratuitous violence:0.42975
erotic:0.41625
sex:0.40925
betrayal:0.406
weird:0.404
mentor:0.393
melancholic:0.38775
moral ambiguity:0.3845
awesome soundtrack:0.384
talky:0.3825
not funny:0.37075
cinematography:0.37
enigmatic:0.3695
cerebral:0.366
stylish:0.366
exceptional acting:0.36425
bad plot:0.3605
life & death:0.3565
bad ending:0.355
imdb top 250:0.353
relationships:0.35275
redemption:0.35275
brutal:0.3505
sexy:0.349
pornography:0.3485
fantasy world:0.34025
quirky:0.33625
great acting:0.3355
dysfunctional family:0.333
destiny:0.33125
nudity (full frontal - notable):0.32575
bleak:0.32575
gunfight:0.325
first contact:0.3225
bloody:0.32075
visceral:0.31625
adapted from:book:0.31425
boring!:0.30925
shallow:0.30875
crime:0.30325
vengeance:0.30225
depression:0.29675
great:0.29575
clever:0.2915
corruption:0.28875
intense:0.28525
drug addiction:0.284
story:0.28075
drug abuse:0.28
sexualized violence:0.278
satire:0.27325
lawyer:0.27225
suspense:0.272
cult film:0.27
gritty:0.265
boring:0.265
runaway:0.26475
interesting:0.263
slow paced:0.26275
action:0.25775
bad acting:0.2565
