golden palm:0.99325
mafia:0.97325
enigmatic:0.95975
stylized:0.94125
politics:0.92375
political:0.91225
italy:0.904
corruption:0.88075
political corruption:0.875
italian:0.8665
criterion:0.865
intimate:0.84175
cerebral:0.84125
visually appealing:0.82725
cinematography:0.79025
complex:0.77975
talky:0.77875
foreign:0.76725
assassination:0.7595
social commentary:0.75625
dramatic:0.73525
biopic:0.719
oscar (best foreign language film):0.71775
surreal:0.71075
fascism:0.7095
brutality:0.704
melancholy:0.701
breathtaking:0.665
original:0.66475
controversial:0.65475
dreamlike:0.6435
runaway:0.63675
reflective:0.63275
melancholic:0.63225
tragedy:0.63025
stylish:0.626
violence:0.6205
guilt:0.6155
meditative:0.5915
destiny:0.59125
biographical:0.588
mentor:0.5855
artistic:0.57825
forceful:0.55975
harsh:0.559
nocturnal:0.55875
greed:0.551
narrated:0.54925
god:0.54225
masterpiece:0.5395
weird:0.535
pornography:0.5325
storytelling:0.53025
cynical:0.5235
thought-provoking:0.51725
beautifully filmed:0.51625
betrayal:0.5095
nudity (full frontal - notable):0.5085
satirical:0.50475
queer:0.49475
intellectual:0.4935
obsession:0.493
visceral:0.493
allegory:0.49275
idealism:0.49225
visual:0.48825
1970s:0.48625
catastrophe:0.48575
gangsters:0.48375
satire:0.48325
life & death:0.479
character study:0.479
ironic:0.4755
paranoid:0.46475
adaptation:0.44975
unusual plot structure:0.4455
dark:0.4445
stunning:0.436
dialogue:0.4355
great ending:0.433
suprisingly clever:0.4325
dark hero:0.432
story:0.427
biography:0.4255
mindfuck:0.4245
censorship:0.42175
sexualized violence:0.421
grim:0.4195
insanity:0.41575
nudity (full frontal):0.41075
culture clash:0.4105
visually stunning:0.40875
stoner movie:0.40775
disturbing:0.40675
light:0.40475
loneliness:0.40325
colourful:0.4025
mental illness:0.39425
sarcasm:0.394
alter ego:0.3925
