slasher:0.9975
horror:0.941
teen movie:0.88
teens:0.8345
original:0.834
predictable:0.80925
serial killer:0.79
sequels:0.77975
horrible:0.777
good sequel:0.743
crappy sequel:0.73475
bad plot:0.73225
lame:0.7075
so bad it's funny:0.65675
murder:0.65075
sequel:0.64925
pointless:0.6485
scary:0.642
franchise:0.63875
teen:0.566
male nudity:0.56225
hitchcock:0.562
fun movie:0.533
suspense:0.52625
bad acting:0.4995
stupid as hell:0.498
stupid:0.49525
mentor:0.47025
girlie movie:0.468
death:0.46675
idiotic:0.46625
stereotypes:0.4535
great ending:0.44475
writers:0.44325
halloween:0.443
twist ending:0.43625
overrated:0.434
bad:0.43375
catastrophe:0.41625
bloody:0.416
shallow:0.4155
dialogue:0.4115
fight scenes:0.40975
weapons:0.405
boring:0.39825
clever:0.387
not funny:0.3865
police investigation:0.38275
brutality:0.37925
fantasy world:0.37575
plot holes:0.37375
first contact:0.3735
destiny:0.37325
multiple storylines:0.37275
ridiculous:0.37225
creativity:0.36825
adaptation:0.361
violence:0.35425
surprise ending:0.349
suspenseful:0.347
fun:0.34125
bad cgi:0.3365
sexy:0.32375
family:0.32025
pornography:0.3175
school:0.3095
quirky:0.30725
entirely dialogue:0.30425
disaster:0.3015
absurd:0.29725
sci fi:0.29675
splatter:0.296
slapstick:0.29275
big budget:0.29175
unfunny:0.29025
chase:0.28875
nudity (full frontal - brief):0.2885
special effects:0.287
action:0.2865
runaway:0.286
sexualized violence:0.28375
bad script:0.28325
gory:0.28275
existentialism:0.28225
awful:0.28075
good soundtrack:0.279
unusual plot structure:0.278
natural disaster:0.27675
storytelling:0.27625
good:0.27475
boring!:0.269
satirical:0.269
pg-13:0.266
vengeance:0.26575
silly fun:0.26575
inspirational:0.2645
lone hero:0.2645
greed:0.2635
camp:0.25925
remake:0.258
