dog:0.99225
dogs:0.98875
antarctica:0.923
beautiful scenery:0.85575
survival:0.812
natural disaster:0.80675
based on true story:0.78975
adventure:0.7705
animals:0.75875
happy ending:0.755
kids and family:0.723
family:0.7135
catastrophe:0.67275
feel-good:0.67025
animal movie:0.6425
heartwarming:0.6325
good:0.62675
original:0.624
love story:0.58
stranded:0.57775
fun movie:0.55875
cute!:0.5505
feel good movie:0.54925
tear jerker:0.547
great:0.5375
great ending:0.5325
romantic:0.52175
true story:0.508
wilderness:0.50725
cute:0.486
disney:0.4855
computer animation:0.47875
destiny:0.47075
chase:0.4695
romance:0.4675
touching:0.46575
courage:0.4645
not funny:0.464
life philosophy:0.46125
story:0.4605
family drama:0.458
end of the world:0.45525
life & death:0.452
sappy:0.431
betrayal:0.4165
mentor:0.41325
children:0.413
love:0.40725
emotional:0.4055
predictable:0.3995
kids:0.396
culture clash:0.3945
entertaining:0.39425
fantasy world:0.3935
greed:0.378
romantic comedy:0.37175
big budget:0.3695
secrets:0.35525
brutality:0.35125
pg-13:0.3445
excellent:0.344
dialogue:0.3385
storytelling:0.3355
hunting:0.333
fun:0.3315
better than expected:0.32825
humanity:0.32625
light:0.32275
great movie:0.3195
transformation:0.31825
manipulation:0.31625
runaway:0.31525
passionate:0.3045
bittersweet:0.30325
chick flick:0.2995
unfunny:0.29825
silly:0.2945
interesting:0.2945
action:0.2905
based on a true story:0.289
action packed:0.289
earnest:0.2835
drama:0.281
so bad it's funny:0.27975
cinematography:0.27925
island:0.279
melancholic:0.27675
very interesting:0.2755
exciting:0.27375
girlie movie:0.273
inspirational:0.272
beautiful:0.26975
stereotypes:0.26925
police investigation:0.26925
irish accent:0.268
good acting:0.2655
guilt:0.265
good action:0.2635
underdog:0.26325
death:0.26175
