slasher:0.988
splatter:0.98775
nudity:0.95175
murder:0.94725
horror:0.9345
serial killer:0.90275
sexy:0.8745
original:0.8275
brutality:0.81675
campy:0.81675
bloody:0.8115
so bad it's funny:0.80325
blood:0.79875
camp:0.77275
dumb but funny:0.7695
sexualized violence:0.76
nudity (topless):0.75825
nudity (full frontal - notable):0.7455
demons:0.73275
predictable:0.7215
nudity (topless - notable):0.71175
fun movie:0.6965
pointless:0.695
teens:0.6895
creepy:0.66975
scary:0.6395
stupid as hell:0.6385
suspense:0.63725
franchise:0.6355
halloween:0.613
goretastic:0.6125
violence:0.595
gore:0.5845
suspenseful:0.58
twist ending:0.56375
bad plot:0.5495
bad acting:0.5465
first contact:0.53925
dialogue:0.53225
grindhouse:0.53175
disaster:0.53
vampire human love:0.5295
cheerleading:0.515
nudity (full frontal):0.51075
cheesy:0.50525
police investigation:0.5025
overrated:0.497
pornography:0.48875
great ending:0.46925
notable nudity:0.46775
cult film:0.46125
fun:0.4605
entirely dialogue:0.4555
adaptation:0.43925
humorous:0.437
erotic:0.43375
family:0.4325
parody:0.43225
death:0.429
teen movie:0.41425
80s:0.41325
silly fun:0.41175
weapons:0.407
bad cgi:0.4015
fantasy:0.40025
mentor:0.3855
supernatural:0.37875
slapstick:0.378
catastrophe:0.37725
good soundtrack:0.37275
multiple storylines:0.3575
satirical:0.3575
boring:0.3565
quirky:0.3555
great acting:0.35425
gruesome:0.349
twists & turns:0.34275
based on a book:0.341
special effects:0.33925
stupid:0.3345
nocturnal:0.3325
remake:0.332
road movie:0.329
fantasy world:0.3255
classic car:0.31875
redemption:0.31775
melancholic:0.31725
sci fi:0.3165
stereotypes:0.31325
gory:0.31175
spoof:0.3105
detective:0.309
gangsters:0.309
women:0.308
intense:0.30775
pulp:0.30725
low budget:0.3065
lone hero:0.302
not funny:0.3005
strippers:0.29975
