documentary:0.92825
original:0.8445
obsession:0.80375
amazing photography:0.766
biographical:0.7545
comedy:0.74825
honest:0.74225
narrated:0.72025
very interesting:0.6855
heartbreaking:0.683
male nudity:0.67875
very funny:0.6775
intimate:0.67675
good soundtrack:0.67575
irreverent:0.6615
life & death:0.65725
light:0.65425
talky:0.65
storytelling:0.64375
business:0.64275
mentor:0.6325
depression:0.6255
criterion:0.615
goofy:0.59875
interesting:0.5985
humor:0.578
passionate:0.57175
oscar (best actress):0.56875
poignant:0.56375
sexualized violence:0.558
emotional:0.55525
workplace:0.54825
highly quotable:0.53775
adaptation:0.5365
stand-up comedy:0.53375
hilarious:0.53175
great:0.50825
fun movie:0.5065
new york:0.5
crude humor:0.495
oscar (best directing):0.4935
death:0.492
movie business:0.48975
foul language:0.489
social commentary:0.47975
great ending:0.47925
sad:0.46975
corruption:0.46775
free to download:0.4665
brutality:0.463
stylized:0.4515
oscar:0.45
weird:0.44925
alter ego:0.444
fashion:0.43975
betrayal:0.43275
family:0.43175
dialogue:0.4285
pornography:0.4255
loneliness:0.424
queer:0.4225
bittersweet:0.42025
catastrophe:0.41925
melancholic:0.41575
justice:0.41425
biography:0.41275
redemption:0.40775
dramatic:0.40625
mental illness:0.406
imdb top 250:0.404
kick-butt women:0.39825
dark hero:0.39575
relationships:0.39575
stylish:0.38975
life philosophy:0.3895
vengeance:0.387
childhood:0.38325
fun:0.38025
aging:0.37525
harsh:0.37525
small town:0.37425
life:0.37325
tragedy:0.3705
drama:0.36575
earnest:0.36175
psychology:0.356
allegory:0.35325
suicide:0.352
destiny:0.3475
excellent script:0.34475
entertaining:0.33575
affectionate:0.33525
great movie:0.33225
intellectual:0.332
comic:0.3245
funny:0.32325
funny as hell:0.3225
complex:0.3215
based on book:0.319
nudity (full frontal - brief):0.318
