black and white:0.94725
silent:0.94675
stop motion:0.919
stop-motion:0.9155
weird:0.90925
1920s:0.897
adaptation:0.8595
storytelling:0.85875
low budget:0.858
story:0.82275
visual:0.812
original:0.79675
splatter:0.78525
talky:0.7845
visually appealing:0.77225
macabre:0.7685
cult film:0.761
atmospheric:0.74825
1930s:0.72975
criterion:0.72775
enigmatic:0.714
affectionate:0.7105
mythology:0.708
classic:0.7075
imagination:0.705
cerebral:0.676
based on a book:0.67025
cult classic:0.6575
ominous:0.6535
surreal:0.62825
dark:0.61875
goofy:0.61025
cinematography:0.6025
narrated:0.5835
great:0.57625
light:0.5695
horror:0.566
stylized:0.555
dreamlike:0.55425
great ending:0.5495
brutality:0.548
first contact:0.544
masterpiece:0.544
investigation:0.54175
eerie:0.54075
scary:0.53925
dialogue:0.53175
cult:0.5305
creepy:0.52925
moody:0.518
based on book:0.51475
obsession:0.51425
maze:0.50375
paranoia:0.5015
nocturnal:0.497
adapted from:book:0.4925
literature:0.49125
mystery:0.47575
island:0.473
witches:0.47075
harsh:0.47025
distopia:0.47025
strange:0.46
dark hero:0.45
creativity:0.44825
unusual plot structure:0.448
entirely dialogue:0.44025
transformation:0.43925
dreams:0.43775
suprisingly clever:0.435
monster:0.4345
imdb top 250:0.43425
beautifully filmed:0.42425
pornography:0.41575
technology:0.4155
bizarre:0.406
runaway:0.405
fairy tale:0.39975
fun:0.3935
nudity (full frontal - notable):0.38825
absurd:0.3875
catastrophe:0.3875
good:0.3855
allegory:0.38475
whimsical:0.382
alter ego:0.38
british:0.3765
very funny:0.3755
secrets:0.3745
costume drama:0.37425
demons:0.3685
special effects:0.368
not funny:0.36675
existentialism:0.366
quotable:0.365
anti-hero:0.36325
tense:0.36225
gothic:0.36225
witty:0.36225
art:0.35725
