mentor:0.94375
military:0.94025
courage:0.90725
original:0.83575
fighting:0.82475
teen movie:0.8235
weapons:0.813
dramatic:0.79075
great movie:0.7765
good:0.7725
entertaining:0.75925
rebellion:0.75775
wartime:0.75625
childhood:0.74625
excellent:0.73375
good soundtrack:0.714
original plot:0.7015
school:0.69475
teen:0.68
dialogue:0.67775
cool:0.6715
sacrifice:0.6625
earnest:0.661
redemption:0.6555
runaway:0.63275
war:0.632
intense:0.623
forceful:0.6185
inspiring:0.6095
pg-13:0.60475
friendship:0.60325
talky:0.60275
80s:0.5995
story:0.597
justice:0.59575
fight scenes:0.59175
coming of age:0.58175
teens:0.58175
great:0.58125
oscar (best effects - visual effects):0.5765
drama:0.5765
fighting the system:0.57625
idealism:0.5635
kids:0.559
unlikely friendships:0.55575
oscar (best directing):0.5535
feel-good:0.54725
great ending:0.54425
adolescence:0.53175
feel good movie:0.52775
girlie movie:0.52675
harsh:0.5175
adventure:0.51675
excellent script:0.514
great acting:0.50275
destiny:0.5025
underdog:0.49875
good action:0.48925
highly quotable:0.48675
catastrophe:0.48675
prejudice:0.4825
realistic:0.481
oscar winner:0.47875
powerful ending:0.47575
oscar:0.47
brutality:0.46675
honest:0.45725
awesome soundtrack:0.45625
suprisingly clever:0.45075
freedom:0.45075
corruption:0.445
oscar (best editing):0.44325
high school:0.4395
oscar (best supporting actor):0.4325
fun movie:0.424
morality:0.42
good acting:0.41525
greed:0.41425
predictable:0.40925
foul language:0.409
character study:0.40875
technology:0.40725
inspirational:0.40375
vengeance:0.403
exceptional acting:0.40275
culture clash:0.40275
politics:0.4025
based on true story:0.401
quotable:0.40075
action:0.39575
very good:0.39275
fun:0.3925
downbeat:0.38425
sentimental:0.38075
not funny:0.3805
aging:0.37925
children:0.377
violent:0.37625
storytelling:0.37525
us history:0.37425
