loneliness:0.9095
nudity (full frontal - notable):0.907
art house:0.90075
stunning:0.8855
relationships:0.88425
beautiful scenery:0.87925
melancholic:0.85625
gunfight:0.85525
cinematography:0.8485
pornography:0.8185
meditative:0.81275
lyrical:0.811
beautiful:0.808
reflective:0.80675
life philosophy:0.80275
male nudity:0.797
enigmatic:0.778
dialogue:0.7645
breathtaking:0.763
visually stunning:0.74475
very interesting:0.7425
scenic:0.73775
existentialism:0.73775
amazing photography:0.73075
culture clash:0.7245
storytelling:0.71975
beautifully filmed:0.71475
pretentious:0.71375
criterion:0.70875
poetry:0.7085
multiple storylines:0.7035
love story:0.69625
destiny:0.6925
romantic:0.689
good soundtrack:0.684
art:0.68125
original:0.67725
off-beat comedy:0.671
slow paced:0.67025
goofy:0.66975
touching:0.64625
talky:0.645
masterpiece:0.63775
narrated:0.6245
adaptation:0.6185
visuals:0.608
great acting:0.5975
emotional:0.59325
obsession:0.5885
nudity (full frontal):0.58725
mentor:0.5855
pointless:0.576
literature:0.576
visual:0.57225
oscar (best foreign language film):0.5665
erotic:0.56325
hotel:0.56325
absurd:0.53375
solitude:0.524
bittersweet:0.52
sexy:0.517
berlin:0.51275
movielens top pick:0.51125
story:0.5095
photography:0.50875
bdsm:0.507
oscar (best directing):0.50525
complex:0.50175
italy:0.50125
whimsical:0.49875
great ending:0.49675
death:0.495
great movie:0.4945
passionate:0.494
crude humor:0.493
life & death:0.49125
unusual plot structure:0.488
creativity:0.48425
artistic:0.48175
golden palm:0.47725
colourful:0.472
philosophical:0.469
slow:0.46725
imagination:0.467
love:0.467
women:0.4665
censorship:0.4665
nudity:0.4625
very funny:0.46075
romance:0.4585
hitman:0.45
imdb top 250:0.4495
transformation:0.44875
intellectual:0.44875
dreamlike:0.431
allegory:0.42875
suprisingly clever:0.42775
entirely dialogue:0.4275
catastrophe:0.426
adultery:0.42275
