horror:0.969
pointless:0.9305
supernatural:0.91425
bad cgi:0.83825
creepy:0.83225
predictable:0.81225
original:0.7905
scary:0.7765
ghosts:0.762
so bad it's funny:0.7415
great ending:0.723
horrible:0.7205
bad plot:0.7035
bad ending:0.68375
weird:0.671
pg-13:0.66325
psychological:0.662
demons:0.6605
bad acting:0.6305
monster:0.60975
idiotic:0.59075
lame:0.58075
monsters:0.5715
haunted house:0.57125
computer animation:0.549
plot holes:0.52375
teleportation:0.50575
stupid as hell:0.50175
special effects:0.4925
suspense:0.47325
twists & turns:0.47125
childhood:0.47125
stupid:0.44825
psychology:0.4475
family:0.446
overrated:0.43775
fantasy:0.43525
no plot:0.42975
life philosophy:0.42725
catastrophe:0.42475
death:0.42075
alternate endings:0.41525
first contact:0.4135
mentor:0.4015
good:0.39725
story:0.3925
boring:0.3855
fight scenes:0.383
not funny:0.38225
fantasy world:0.37875
brutality:0.378
silly fun:0.377
frightening:0.37625
effects:0.37225
dialogue:0.37075
bad:0.363
shallow:0.36275
dark:0.35675
adaptation:0.35475
storytelling:0.345
awful:0.342
bad script:0.34175
franchise:0.34
splatter:0.336
devil:0.3275
happy ending:0.32125
silly:0.31625
big budget:0.315
memory:0.3145
paranoia:0.312
slapstick:0.3115
boring!:0.30825
cult film:0.308
natural disaster:0.30775
stylized:0.30275
disaster:0.3005
nudity (topless - notable):0.29625
redemption:0.292
spiders:0.2915
twist ending:0.2905
existentialism:0.28925
writers:0.289
transformation:0.289
entirely dialogue:0.28825
destiny:0.28775
good soundtrack:0.2875
surreal:0.2875
action:0.2835
plot twist:0.278
eerie:0.277
cinematography:0.27575
better than expected:0.2745
cheesy:0.27375
quirky:0.264
violence:0.263
police investigation:0.2625
ghosts/afterlife:0.262
fun:0.25975
sci fi:0.25925
atmospheric:0.25875
