college:0.97725
stereotypes:0.946
segregation:0.94575
racism:0.91075
neo-nazis:0.8425
skinhead:0.8395
mentor:0.80675
social commentary:0.8
prejudice:0.759
good soundtrack:0.75
race issues:0.73925
rape:0.726
good:0.67225
vengeance:0.659
weed:0.658
original:0.65725
life philosophy:0.64275
shallow:0.63275
destiny:0.61925
great ending:0.60925
drinking:0.60925
violence:0.60275
gangs:0.602
brutality:0.58025
redemption:0.58025
hip hop:0.5785
pornography:0.56675
friendship:0.554
justice:0.551
pg-13:0.54975
goofy:0.54075
women:0.52875
dialogue:0.4905
interesting:0.48825
race:0.4875
predictable:0.4835
corruption:0.48025
brainwashing:0.47875
unlikely friendships:0.47225
unrealistic:0.46975
revenge:0.467
great acting:0.458
violent:0.457
awesome soundtrack:0.45575
catastrophe:0.452
teen movie:0.45175
bad ending:0.44975
realistic:0.442
intense:0.43525
harsh:0.433
gratuitous violence:0.43075
politics:0.43
school:0.42675
honest:0.4215
gangsters:0.4215
underrated:0.41775
ensemble cast:0.4105
chase:0.4055
political:0.403
independent film:0.3985
very interesting:0.39775
crude humor:0.3975
small town:0.396
great:0.394
educational:0.3905
nudity (topless - notable):0.3835
nazis:0.38225
teen:0.38075
runaway:0.3805
storytelling:0.38025
multiple storylines:0.37825
road trip:0.37825
gay:0.378
sexualized violence:0.3755
dramatic:0.37125
great soundtrack:0.37075
thought-provoking:0.3675
culture clash:0.367
nudity (full frontal - brief):0.362
slackers:0.3575
beer:0.356
fantasy world:0.35475
idiotic:0.351
controversial:0.3485
story:0.3385
pointless:0.33725
male nudity:0.337
very good:0.33625
high school:0.33525
nazi:0.33325
cult film:0.329
stupid:0.3285
new jersey:0.31875
california:0.31725
plot:0.31625
fight scenes:0.31275
transformation:0.3105
loneliness:0.31025
teens:0.30975
indians:0.30875
