christian:0.983
biblical:0.98275
christianity:0.96325
god:0.95175
based on a book:0.949
religion:0.9175
bad plot:0.9095
horrible:0.8525
predictable:0.84375
jesus:0.843
bad acting:0.8395
conspiracy theory:0.838
big budget:0.82525
special effects:0.82175
so bad it's funny:0.8055
lame:0.788
end of the world:0.76375
original:0.735
apocalypse:0.70975
destiny:0.703
awful:0.695
natural disaster:0.67525
action:0.67025
first contact:0.6665
dialogue:0.659
disaster:0.64675
bad:0.636
sci fi:0.623
family:0.61325
catastrophe:0.6115
great ending:0.60475
mythology:0.60375
devil:0.602
silly:0.5825
plot holes:0.57375
bad script:0.57175
plot:0.55225
bad cgi:0.549
stupid as hell:0.5485
books:0.546
mentor:0.544
bad science:0.54025
violence:0.537
internet:0.536
story:0.51375
shallow:0.508
life philosophy:0.50275
chase:0.50225
science:0.49525
ridiculous:0.485
pg-13:0.48175
script:0.48075
stupid:0.48025
twists & turns:0.47975
writers:0.4785
science fiction:0.4425
pointless:0.434
adventure:0.42725
israel:0.4255
fantasy world:0.4245
surveillance:0.423
fantasy:0.42025
new york:0.4185
overrated:0.414
fight scenes:0.4035
action packed:0.3985
thought-provoking:0.393
cheesy:0.392
sci-fi:0.39125
unfunny:0.387
futuristic:0.3855
suspense:0.38175
lone hero:0.37925
alternate reality:0.37625
idiotic:0.37575
bad ending:0.375
future:0.37025
adaptation:0.3675
scifi:0.36625
atheism:0.36575
entirely dialogue:0.36175
pulp:0.36125
redemption:0.36
entertaining:0.35525
not funny:0.35325
vengeance:0.3495
franchise:0.34925
silly fun:0.344
betrayal:0.33975
great acting:0.33975
boring:0.338
justice:0.33
brutality:0.3285
supernatural:0.3255
good:0.32225
good action:0.31675
better than expected:0.314
intense:0.31125
police investigation:0.31075
happy ending:0.30975
