gangsters:0.998
gangster:0.99425
prohibition:0.99375
organized crime:0.99325
narrated:0.95225
1930s:0.931
crime:0.92575
mob:0.917
classic:0.915
mafia:0.89625
crime gone awry:0.87975
world war i:0.86975
great movie:0.85875
drinking:0.85275
criterion:0.85125
war:0.84325
original:0.843
corruption:0.835
relationships:0.83025
wartime:0.82825
1920s:0.82775
talky:0.82325
great:0.8175
friendship:0.81275
imdb top 250:0.8065
oscar (best directing):0.8035
anti-hero:0.79875
oscar (best actress):0.798
gunfight:0.79525
runaway:0.7905
betrayal:0.78525
censorship:0.769
great acting:0.7605
movielens top pick:0.7585
drama:0.75825
powerful ending:0.7545
great ending:0.75275
love triangles:0.74925
unlikely friendships:0.742
violent:0.7325
dramatic:0.723
forceful:0.722
downbeat:0.7165
new york city:0.7085
violence:0.70625
new jersey:0.7045
melancholic:0.6955
story:0.6885
history:0.68325
very interesting:0.683
intimate:0.6805
nostalgic:0.678
gangs:0.67475
ethnic conflict:0.66525
black and white:0.6635
stylized:0.6595
love story:0.646
us history:0.64
rags to riches:0.63925
historical:0.635
ominous:0.63
new york:0.62375
culture clash:0.6195
masterpiece:0.61575
oscar (best supporting actress):0.61125
tense:0.606
good:0.5915
light:0.591
grim:0.58625
mentor:0.58575
quotable:0.58325
texas:0.58325
tragedy:0.582
murder:0.579
excellent:0.578
fast paced:0.576
war movie:0.57475
sacrifice:0.57325
brutality:0.56275
good soundtrack:0.56225
depression:0.56225
dialogue:0.5605
love:0.56
awesome soundtrack:0.55725
atmospheric:0.554
gritty:0.54425
noir:0.54025
afi 100 (movie quotes):0.536
witty:0.53475
brothers:0.533
realistic:0.52925
stylish:0.528
greed:0.52125
very good:0.51125
harsh:0.5105
honest:0.50625
nocturnal:0.50225
cinematography:0.50175
assassination:0.5015
fun movie:0.50025
