natural disaster:0.9905
big budget:0.956
special effects:0.939
disaster:0.877
drama:0.86725
based on true story:0.866
survival:0.827
based on a book:0.8155
catastrophe:0.80725
true story:0.8005
multiple storylines:0.7895
based on book:0.78225
intense:0.75025
action:0.74625
dialogue:0.726
boat:0.69075
original:0.67425
good:0.6405
ocean:0.63425
story:0.6325
fish:0.6315
bad cgi:0.6265
destiny:0.6195
based on a true story:0.61825
shallow:0.6045
greed:0.5975
happy ending:0.5875
great ending:0.582
visual:0.57575
suspense:0.57325
dramatic:0.573
first contact:0.55825
plot:0.55375
predictable:0.5535
courage:0.54575
exciting:0.542
adapted from:book:0.536
visually stunning:0.53325
good acting:0.5305
pg-13:0.52375
shark:0.50975
chase:0.50675
better than expected:0.49125
action packed:0.48525
good soundtrack:0.48425
culture clash:0.48125
life philosophy:0.4805
realistic:0.46775
sacrifice:0.46325
mentor:0.46275
bad acting:0.45925
horrible:0.45925
pointless:0.458
runaway:0.45375
great:0.4525
effects:0.45175
family:0.448
bad ending:0.44675
adventure:0.44525
computer animation:0.4445
adaptation:0.44225
stranded:0.4335
enormously long battle scene:0.42875
storytelling:0.42725
great movie:0.4255
interesting:0.421
so bad it's funny:0.42075
realistic action:0.41775
entirely dialogue:0.4165
very good:0.4115
books:0.40975
love story:0.407
great acting:0.40375
not funny:0.4005
writers:0.39925
honest:0.38525
suspenseful:0.3835
lame:0.3825
cgi:0.381
sad but good:0.3785
factual:0.37675
stereotypes:0.37575
betrayal:0.36975
ensemble cast:0.36925
visually appealing:0.36525
good action:0.3565
redemption:0.35475
absurd:0.35325
sentimental:0.351
emotional:0.34425
apocalypse:0.34275
fantasy world:0.34025
oscar winner:0.33775
awful:0.32825
brutality:0.326
lone hero:0.32525
entertaining:0.3225
overrated:0.322
death:0.321
justice:0.3205
