dark fantasy:0.97775
depp & burton:0.97675
touching:0.96425
fairy tale:0.959
beautifully filmed:0.94075
original:0.94025
weird:0.93775
loneliness:0.936
fairy tales:0.93525
imagination:0.931
love story:0.92175
bittersweet:0.9095
visually stunning:0.9075
poignant:0.90675
surreal:0.90225
melancholic:0.895
emotional:0.8935
goth:0.89
dark:0.88625
fantasy:0.87625
beautiful:0.876
storytelling:0.87225
whimsical:0.8685
suburbia:0.862
colourful:0.847
visual:0.82175
masterpiece:0.807
quirky:0.80525
sad:0.803
eccentricity:0.80025
cult film:0.79425
beautiful scenery:0.79425
heartbreaking:0.79425
gothic:0.78475
unique:0.767
dreamlike:0.76275
great acting:0.7575
imdb top 250:0.75575
visually appealing:0.74575
creepy:0.744
great ending:0.74375
sweet:0.72825
wistful:0.72075
melancholy:0.7155
solitude:0.7135
fantasy world:0.71125
stunning:0.70525
story:0.7025
artistic:0.69825
good acting:0.697
heartwarming:0.69575
compassionate:0.6955
sentimental:0.69375
cinematography:0.688
macabre:0.67675
love:0.6765
modern fantasy:0.67375
visuals:0.662
strange:0.65525
creativity:0.65425
cult classic:0.64275
feel-good:0.626
great:0.62325
interesting:0.6185
good soundtrack:0.61625
romance:0.611
breathtaking:0.6095
romantic:0.6075
destiny:0.60725
atmospheric:0.607
magic:0.60225
happy ending:0.59525
life & death:0.593
tragedy:0.5785
classic:0.578
cerebral:0.57175
great movie:0.5715
affectionate:0.571
alone in the world:0.569
tear jerker:0.56475
enigmatic:0.56375
dark comedy:0.552
transformation:0.5465
childhood:0.5435
passionate:0.54275
art:0.54125
allegory:0.5405
absurd:0.53175
dialogue:0.53175
very good:0.5295
death:0.527
social commentary:0.526
narrated:0.52475
surrealism:0.524
relationships:0.5215
special:0.5195
life philosophy:0.51325
dark humor:0.51225
drama:0.51
sad but good:0.506
