biopic:0.92925
documentary:0.9205
biographical:0.87825
workplace:0.873
technology:0.862
biography:0.84575
drinking:0.843
internet:0.8245
passionate:0.79775
original:0.7535
greed:0.7515
factual:0.7235
obsession:0.6905
business:0.675
unusual plot structure:0.667
culture clash:0.63925
fun movie:0.63925
complex:0.63775
costume drama:0.629
alone in the world:0.613
visually appealing:0.61275
catastrophe:0.5965
assassination:0.594
art:0.59075
very interesting:0.57625
betrayal:0.576
love story:0.57025
hacking:0.55525
rock and roll:0.54975
based on true story:0.54825
mentor:0.54425
hitman:0.528
romantic:0.527
controversial:0.52275
talky:0.5205
loneliness:0.51425
good:0.5135
eccentricity:0.5065
corruption:0.498
historical:0.49275
alter ego:0.48775
unlikely friendships:0.487
compassionate:0.4845
excellent script:0.483
creativity:0.47975
great ending:0.46025
manipulation:0.46025
childhood:0.46025
nudity (topless - notable):0.45875
life philosophy:0.452
pornography:0.452
tragedy:0.44975
graphic design:0.448
pg-13:0.4405
suprisingly clever:0.43675
glbt:0.4355
feel-good:0.435
story:0.4345
death:0.43375
absurd:0.4295
harsh:0.4245
alternate reality:0.416
politics:0.414
destiny:0.4085
censorship:0.40825
adaptation:0.4055
comic book adaption:0.404
animals:0.4025
propaganda:0.3885
light:0.38425
entertaining:0.38375
dialogue:0.38025
nerds:0.3755
bad plot:0.37525
cheating:0.37375
intellectual:0.37325
superheroes:0.37225
intense:0.37175
highly quotable:0.37
california:0.3695
silly fun:0.36725
fast paced:0.36725
natural disaster:0.36175
oscar (best writing - screenplay written directly for the screen):0.36175
life:0.35975
kids and family:0.359
oscar (best directing):0.35725
love:0.35625
witty:0.356
sexy:0.354
notable nudity:0.35375
interesting:0.35375
reflective:0.3535
not funny:0.351
educational:0.34825
existentialism:0.34825
torture:0.34775
better than expected:0.344
secrets:0.34325
melancholic:0.342
