obsession:0.9845
love:0.9345
bittersweet:0.92125
passionate:0.9045
relationships:0.87525
dreams:0.85125
foreign:0.82875
beautifully filmed:0.82875
loneliness:0.8125
wistful:0.803
love story:0.791
melancholic:0.7865
affectionate:0.76775
marriage:0.76375
cinematography:0.76
melancholy:0.7495
visually appealing:0.7305
criterion:0.7235
mentor:0.721
weird:0.7185
french:0.71175
oscar (best foreign language film):0.711
enigmatic:0.7055
romantic:0.69675
france:0.696
imagination:0.6895
intimate:0.68625
breathtaking:0.6835
unusual plot structure:0.67
childhood:0.66225
visual:0.6615
philosophy:0.65325
cerebral:0.6455
fantasy:0.64375
beautiful scenery:0.643
original:0.643
great ending:0.642
drama:0.6415
story:0.6335
sexuality:0.60525
erotic:0.60275
colourful:0.5955
life & death:0.5925
secrets:0.592
quirky:0.58975
light:0.57525
sacrifice:0.5735
first contact:0.56075
dialogue:0.56075
great acting:0.55625
visually stunning:0.552
dreamlike:0.54625
beautiful:0.54475
stylized:0.54275
atmospheric:0.54225
life:0.53775
idealism:0.528
poignant:0.52025
sexual:0.517
aging:0.51325
storytelling:0.51075
male nudity:0.51075
death:0.505
artistic:0.50025
existentialism:0.49675
social commentary:0.494
art:0.47975
imdb top 250:0.47875
meditative:0.4755
cynical:0.475
adultery:0.4735
harsh:0.473
absurd:0.47275
character study:0.47275
life philosophy:0.4695
pornography:0.4595
emotional:0.459
destiny:0.4585
strange:0.45525
violent:0.4545
catastrophe:0.454
reflective:0.453
sentimental:0.452
philosophical:0.4505
sexy:0.45025
touching:0.45
solitude:0.44175
culture clash:0.43675
eccentricity:0.43625
talky:0.43525
surreal:0.43425
suprisingly clever:0.43325
satirical:0.42925
hospital:0.4265
classic car:0.42475
nudity (topless - notable):0.42475
interesting:0.42225
oscar (best directing):0.4175
movielens top pick:0.41675
disturbing:0.41275
