jews:0.966
france:0.94425
nazis:0.93825
wartime:0.8865
genocide:0.86825
nazi:0.866
anti-semitism:0.85
justice:0.846
tense:0.84425
crime:0.84425
conspiracy:0.8405
war:0.8365
political corruption:0.8245
corruption:0.82375
violence:0.81575
suspenseful:0.8105
dark:0.81
suspense:0.79625
original:0.79525
based on a book:0.789
brutality:0.784
ensemble cast:0.7765
poland:0.77575
violent:0.764
world war ii:0.7615
guilt:0.7425
complex:0.72675
politics:0.7225
dramatic:0.71325
war movie:0.711
sexualized violence:0.7045
psychological:0.6995
anti-hero:0.6965
forceful:0.69525
greed:0.68475
manipulation:0.671
thriller:0.669
french:0.6665
catholicism:0.66625
wwii:0.66575
twists & turns:0.66275
murder:0.6605
twist:0.65975
dialogue:0.651
political:0.646
complicated:0.64275
great ending:0.64125
jewish:0.62125
crime gone awry:0.61525
investigation:0.596
intense:0.596
torture:0.5895
absurd:0.58825
twist ending:0.585
death:0.57725
historical:0.576
excellent script:0.575
cinematography:0.56975
psychology:0.5695
brutal:0.569
social commentary:0.5585
plot twist:0.5555
kidnapping:0.54575
betrayal:0.5455
good soundtrack:0.541
assassination:0.53725
great acting:0.52725
mentor:0.52225
espionage:0.52
holocaust:0.5185
harsh:0.51725
powerful ending:0.5135
gratuitous violence:0.51225
revenge:0.5105
interesting:0.51
police corruption:0.50875
chase:0.4995
culture clash:0.498
stereotypes:0.49675
pornography:0.4955
tricky:0.49475
survival:0.49075
great movie:0.471
creepy:0.4675
paranoia:0.467
police:0.46575
criterion:0.4655
moral ambiguity:0.46425
police investigation:0.45675
exceptional acting:0.449
excellent:0.44475
assassin:0.4415
morality:0.43725
very interesting:0.4345
nudity (topless):0.4315
predictable:0.43
not funny:0.4275
blood:0.42575
claustrophobic:0.4225
fbi:0.4215
