criterion:0.988
world war ii:0.98575
wartime:0.9855
wwii:0.9575
war:0.9425
best war films:0.9235
england:0.88475
germany:0.87475
affectionate:0.86825
german:0.844
british:0.8365
imdb top 250:0.83025
military:0.81925
world war i:0.80575
original:0.78825
war movie:0.78675
friendship:0.7825
nazis:0.7765
reflective:0.75225
idealism:0.748
runaway:0.7435
witty:0.74025
talky:0.73525
poignant:0.735
forceful:0.73475
long:0.72025
golden palm:0.72
masterpiece:0.714
unlikely friendships:0.70075
oscar (best directing):0.70025
political:0.69975
grim:0.68575
satire:0.6855
satirical:0.68
sentimental:0.67525
breathtaking:0.675
dramatic:0.67
melancholy:0.66225
courage:0.66
nocturnal:0.6525
cinematography:0.65225
bittersweet:0.64775
complex characters:0.6425
oscar (best actress):0.6415
black and white:0.64125
bleak:0.6395
politics:0.6365
nostalgic:0.63575
oscar (best foreign language film):0.6345
unusual plot structure:0.5965
berlin:0.5945
anti-war:0.58325
realistic:0.5755
betrayal:0.57425
oscar (best supporting actress):0.5705
culture clash:0.569
nazi:0.56425
humorous:0.564
propaganda:0.56025
light:0.55825
colourful:0.557
narrated:0.55425
british comedy:0.54975
morality:0.54925
tense:0.5455
great ending:0.54525
intimate:0.53975
beautifully filmed:0.5375
complex:0.52975
atmospheric:0.52625
downbeat:0.525
harsh:0.521
oscar (best cinematography):0.51575
cynical:0.51325
enigmatic:0.51075
absurd:0.5075
beautiful scenery:0.50725
classic:0.50725
sacrifice:0.5045
irreverent:0.49825
suprisingly clever:0.49825
social commentary:0.49225
childhood:0.492
storytelling:0.48975
stylized:0.48925
ethnic conflict:0.47725
tragedy:0.473
clever:0.47275
vengeance:0.46975
censorship:0.46525
catastrophe:0.45825
gunfight:0.456
epic:0.456
good soundtrack:0.4525
earnest:0.4485
historical:0.44725
story:0.445
end of the world:0.44225
dialogue:0.442
stunning:0.438
