guilt:0.9685
crime:0.93975
justice:0.93525
death:0.93375
police investigation:0.92625
dramatic:0.9125
vengeance:0.90825
intense:0.90425
revenge:0.903
vigilantism:0.8745
drama:0.8745
tragedy:0.838
emotional:0.8355
storytelling:0.825
lawyer:0.825
road movie:0.80575
heartbreaking:0.8025
lawyers:0.7995
family drama:0.78475
vigilante:0.758
corruption:0.75225
murder:0.7505
nudity (full frontal - brief):0.74925
great ending:0.743
original:0.733
psychology:0.7015
destiny:0.7015
suspense:0.6995
firefly:0.696
psychological:0.68325
great acting:0.67475
exceptional acting:0.67075
brutality:0.656
social commentary:0.65575
catastrophe:0.6545
forceful:0.65225
depression:0.64775
complicated:0.64075
sad:0.62475
mentor:0.62275
bad ending:0.61525
life philosophy:0.6145
torture:0.6025
chase:0.60225
harsh:0.59525
nudity (topless - notable):0.59
obsession:0.581
violent:0.581
boston:0.576
family:0.576
life & death:0.57575
touching:0.571
survival:0.56625
character study:0.56575
violence:0.56175
thought-provoking:0.557
good:0.556
runaway:0.55125
twists & turns:0.54075
good soundtrack:0.5405
betrayal:0.53825
male nudity:0.5325
multiple storylines:0.529
dysfunctional family:0.52475
ensemble cast:0.5195
predictable:0.5175
story:0.51075
parenthood:0.5065
visceral:0.504
divorce:0.4975
hitman:0.4965
powerful ending:0.4965
twist:0.4965
redemption:0.4955
investigation:0.49425
off-beat comedy:0.49425
insanity:0.49175
mental illness:0.49175
adultery:0.49175
nudity (topless):0.48825
talky:0.488
grim:0.4875
cinematography:0.4855
culture clash:0.48225
excellent script:0.473
surprise ending:0.468
sad but good:0.4665
sacrifice:0.46625
poignant:0.46525
kidnapping:0.46475
dialogue:0.464
gangsters:0.46325
pg-13:0.4575
dark:0.45275
adaptation:0.45125
gunfight:0.44825
oscar (best directing):0.44725
moral ambiguity:0.446
homeless:0.4435
thriller:0.443
