criterion:0.99525
ominous:0.96875
creepy:0.951
black and white:0.94075
eerie:0.9385
stylized:0.92925
japan:0.9275
cinematography:0.918
allegory:0.89225
enigmatic:0.88825
atmospheric:0.88775
masterpiece:0.87725
bleak:0.87025
nocturnal:0.863
samurai:0.8605
visceral:0.857
golden palm:0.832
dark:0.82925
macabre:0.81825
breathtaking:0.81125
sexual:0.79975
brutality:0.79775
harsh:0.787
intimate:0.7795
art house:0.7765
melancholy:0.77375
grim:0.772
melancholic:0.76925
wartime:0.746
tense:0.737
disturbing:0.7365
oscar (best foreign language film):0.72975
cult classic:0.71675
psychological:0.7155
civil war:0.715
photography:0.7055
great cinematography:0.69975
downbeat:0.678
demons:0.67575
runaway:0.6615
original:0.65525
imdb top 250:0.65325
reflective:0.65075
surreal:0.6465
moody:0.628
weird:0.6195
obsession:0.614
women:0.60075
loneliness:0.58875
erotic:0.58675
stunning:0.585
vengeance:0.58175
culture clash:0.58125
talky:0.5805
suprisingly clever:0.56825
pornography:0.56625
stylish:0.5625
weapons:0.56225
passionate:0.55875
meditative:0.55825
insanity:0.5495
visual:0.53575
tragedy:0.5315
affectionate:0.5215
psychology:0.5205
moral ambiguity:0.51475
dramatic:0.50975
bloody:0.50875
beautifully filmed:0.504
drama:0.503
cynical:0.50275
forceful:0.50275
sexuality:0.49425
dreamlike:0.49375
nudity:0.4925
strange:0.48975
japanese:0.47725
poignant:0.474
silent:0.4725
storytelling:0.46825
classic:0.468
murder:0.46475
oscar (best actress):0.45775
police investigation:0.45625
sexy:0.44675
war movie:0.42425
tokyo:0.424
foreign:0.42375
dark humor:0.42325
secrets:0.42225
twists & turns:0.42075
great ending:0.41925
sacrifice:0.41825
guilt:0.418
brutal:0.41775
grindhouse:0.417
violent:0.4145
crime gone awry:0.41175
artistic:0.4105
voyeurism:0.39975
