mars:0.97725
comedy:0.92525
astronauts:0.8395
funny:0.80925
goofy:0.761
humorous:0.7505
original:0.73225
very funny:0.7205
hilarious:0.6925
stupid:0.676
nasa:0.675
funniest movies:0.6335
silly:0.62575
so bad it's funny:0.613
silly fun:0.595
space travel:0.566
stupidity:0.5525
slapstick:0.55175
family:0.5375
disney:0.5305
space:0.521
great ending:0.51475
predictable:0.51475
mentor:0.49775
unfunny:0.48875
fun:0.48775
life philosophy:0.48625
absurd:0.48
fun movie:0.47925
humor:0.4775
dumb but funny:0.4585
sci fi:0.4585
good:0.432
oscar (best directing):0.42775
catastrophe:0.4245
great:0.4195
dumb:0.414
idiotic:0.4135
redemption:0.40575
adventure:0.405
quotable:0.39625
crude humor:0.39375
special effects:0.38475
storytelling:0.3815
quirky:0.3685
dialogue:0.3655
violence:0.35825
children:0.34425
lone hero:0.34
brutality:0.339
lame:0.33475
first contact:0.33475
story:0.33325
good soundtrack:0.3325
weird:0.33
destiny:0.328
bad plot:0.323
suprisingly clever:0.31625
culture clash:0.31325
adaptation:0.313
writers:0.31125
justice:0.306
natural disaster:0.30475
clever:0.302
chase:0.3
fantasy world:0.28975
fight scenes:0.28775
big budget:0.28575
unusual plot structure:0.28
runaway:0.27625
multiple storylines:0.27375
farce:0.27325
inspirational:0.272
overrated:0.271
vengeance:0.27025
imdb top 250:0.269
light:0.26875
weapons:0.2665
stereotypes:0.26575
visually stunning:0.2635
creativity:0.26125
great movie:0.2605
pg-13:0.2595
stupid as hell:0.2545
amy smart:0.25425
saturday night live:0.253
great acting:0.249
classic car:0.24875
entirely dialogue:0.24825
kids:0.24675
whimsical:0.2425
entertaining:0.2405
simple:0.24
childhood:0.23975
dysfunctional family:0.23925
police investigation:0.239
funny as hell:0.23775
gangsters:0.23725
melancholic:0.23025
not funny:0.23025
