prison escape:0.99925
prison:0.97875
redemption:0.8045
tense:0.79125
cinematography:0.78625
original:0.76475
bleak:0.7605
betrayal:0.754
runaway:0.70225
existentialism:0.683
mentor:0.67225
plot twist:0.64775
complex:0.6445
great ending:0.62675
sacrifice:0.62575
story:0.6255
downbeat:0.6145
london:0.609
dramatic:0.60275
twists & turns:0.60025
brutality:0.573
atmospheric:0.57075
intense:0.56875
irish accent:0.54225
cerebral:0.525
dialogue:0.52225
claustrophobic:0.51125
enigmatic:0.51075
british:0.50975
grim:0.50675
drama:0.4985
insanity:0.4925
allegory:0.4915
gritty:0.48875
corruption:0.4845
suspense:0.4845
survival:0.47575
greed:0.4665
storytelling:0.46175
visually appealing:0.4595
dark:0.454
life & death:0.45375
melancholic:0.4535
not funny:0.45175
alter ego:0.45125
death:0.4505
murder:0.4455
technology:0.43825
good soundtrack:0.43575
maze:0.4295
bullying:0.428
visual:0.42625
imdb top 250:0.414
bad ending:0.4105
nocturnal:0.40875
realistic:0.4065
surreal:0.398
visually stunning:0.393
great acting:0.3925
great:0.391
catastrophe:0.3905
violence:0.38475
harsh:0.3835
plot:0.38275
clever:0.38125
crime:0.37925
period piece:0.37825
psychological:0.375
criterion:0.36825
social commentary:0.36725
stylized:0.36575
predictable:0.3595
loneliness:0.35825
first contact:0.3565
ethnic conflict:0.35425
unusual plot structure:0.3455
oscar (best directing):0.341
adaptation:0.34025
weird:0.3385
psychology:0.3265
adapted from:book:0.3265
twist ending:0.32225
oscar:0.3195
life philosophy:0.3135
good:0.3115
complex characters:0.31025
stereotypes:0.30725
pg-13:0.3065
forceful:0.30275
complicated:0.30225
police investigation:0.29925
nudity (topless - notable):0.298
entirely dialogue:0.29675
vengeance:0.2955
suprisingly clever:0.2955
oscar (best actress):0.2945
excellent script:0.29225
natural disaster:0.29125
distopia:0.28875
transformation:0.288
