christmas:0.9985
holiday:0.994
childhood:0.97125
classic:0.9605
narrated:0.952
imdb top 250:0.94925
nostalgic:0.94225
original:0.8145
storytelling:0.80875
coming of age:0.79925
quotable:0.7875
great ending:0.766
oscar (best directing):0.751
family:0.749
adapted from:book:0.74
great movie:0.7355
sentimental:0.7285
affectionate:0.72825
heartwarming:0.71375
bullying:0.70825
children:0.708
great acting:0.698
school:0.6975
kids:0.68775
great:0.66675
story:0.6655
funniest movies:0.66025
brothers:0.65525
runaway:0.63475
reflective:0.6345
masterpiece:0.63125
good:0.6205
fun movie:0.60725
hilarious:0.606
good acting:0.60525
mentor:0.605
highly quotable:0.60225
clever:0.60225
excellent script:0.601
parenthood:0.60075
imagination:0.59575
very funny:0.59525
foul language:0.58875
period piece:0.586
funny:0.58525
cult classic:0.5735
dysfunctional family:0.572
secrets:0.5645
humorous:0.56075
visual:0.55825
earnest:0.551
suprisingly clever:0.54075
beautifully filmed:0.53675
chase:0.53625
idealism:0.53275
good soundtrack:0.531
culture clash:0.523
beautiful scenery:0.52275
touching:0.52025
feel-good:0.51375
oscar winner:0.5075
special:0.498
humor:0.49725
talky:0.49425
criterion:0.49425
based on a book:0.49225
based on book:0.4865
destiny:0.48
suspense:0.4785
poignant:0.4765
fun:0.47475
adolescence:0.4725
dialogue:0.4695
nostalgia:0.46875
kids and family:0.46825
catastrophe:0.467
cerebral:0.46675
oscar (best actress):0.4615
weird:0.45875
intense:0.45375
witty:0.453
sweet:0.45225
cult film:0.451
cinematography:0.45
honest:0.45
atmospheric:0.43975
light:0.43925
pg-13:0.439
unusual plot structure:0.43825
exceptional acting:0.43775
visually stunning:0.4365
toys:0.43275
stylized:0.43175
afi 100 (movie quotes):0.427
enigmatic:0.426
feel good movie:0.41975
redemption:0.41975
interesting:0.41875
happy ending:0.413
memory:0.4125
