creepy:0.98625
horror:0.98475
supernatural:0.982
ghosts:0.96625
small town:0.95925
halloween:0.92525
eerie:0.86775
frightening:0.8585
ominous:0.8565
atmospheric:0.8445
scary:0.79675
cult classic:0.793
cult film:0.75475
revenge:0.75
suspenseful:0.74075
suspense:0.7365
low budget:0.7335
splatter:0.73175
original:0.7235
zombie:0.7125
tense:0.71125
slasher:0.63275
gory:0.6225
story:0.6225
effects:0.6185
classic:0.61275
great ending:0.612
california:0.61075
1980s:0.60525
murder:0.5955
haunted house:0.59525
demons:0.588
so bad it's funny:0.58725
cinematography:0.57775
80s:0.5745
claustrophobic:0.56825
zombies:0.55975
violence:0.5565
vengeance:0.548
great:0.53625
dark:0.525
special effects:0.522
isolation:0.52025
death:0.51975
storytelling:0.50875
monster:0.50525
nocturnal:0.4885
gunfight:0.48575
radio:0.48425
violent:0.471
weird:0.46975
underrated:0.468
life & death:0.467
cult:0.466
dialogue:0.46475
hospital:0.4545
transformation:0.44925
grindhouse:0.437
mentor:0.43525
intense:0.4265
light:0.42625
blood:0.4205
great movie:0.42025
good soundtrack:0.41675
brutality:0.41525
good:0.41425
stylish:0.41025
classic car:0.41
chase:0.40875
visceral:0.4085
first contact:0.40575
predictable:0.40425
runaway:0.4005
camp:0.38925
catastrophe:0.387
gruesome:0.385
solitude:0.37725
ensemble cast:0.37375
fun movie:0.3725
gothic:0.36875
campy:0.366
macabre:0.35925
bad plot:0.353
not funny:0.3485
teens:0.34775
quotable:0.33825
nudity (full frontal - notable):0.3345
monsters:0.3335
betrayal:0.3315
doctors:0.326
greed:0.3235
weapons:0.3205
criterion:0.3175
sci fi:0.31625
survival:0.3155
talky:0.31175
harsh:0.30975
adaptation:0.307
melancholic:0.30625
bad ending:0.29825
