scifi cult:1.0
alien:0.9815
aliens:0.96975
cult classic:0.964
sci-fi:0.93525
allegory:0.92775
sci fi:0.92175
social commentary:0.8885
alien invasion:0.884
dystopia:0.873
scifi:0.85775
cult film:0.788
satirical:0.7715
gunfight:0.769
paranoia:0.75875
science fiction:0.7545
homeless:0.74125
original:0.73
greed:0.7195
weird:0.69325
action:0.676
paranoid:0.668
conspiracy:0.66175
goofy:0.6485
cerebral:0.6415
los angeles:0.639
great ending:0.62975
so bad it's funny:0.62775
first contact:0.62425
low budget:0.61225
brainwashing:0.6105
alone in the world:0.61025
weapons:0.5945
alternate reality:0.5775
life philosophy:0.57425
quotable:0.5725
teleportation:0.56425
underrated:0.5555
existentialism:0.55375
humanity:0.5485
downbeat:0.54325
great:0.54075
chase:0.5305
absurd:0.5285
satire:0.5275
intelligent sci-fi:0.52475
transformation:0.50225
mentor:0.49975
storytelling:0.484
solitude:0.47925
catastrophe:0.477
quirky:0.4675
80s:0.4625
lone hero:0.4565
survival:0.456
good soundtrack:0.4515
harsh:0.4465
enigmatic:0.438
dialogue:0.43725
life & death:0.437
monster:0.43125
suprisingly clever:0.42925
good action:0.42375
brutality:0.4235
tense:0.4225
fight scenes:0.42125
clever:0.40975
surveillance:0.409
mars:0.40875
beautiful scenery:0.40575
criterion:0.396
clones:0.39475
distopia:0.393
not funny:0.391
apocalypse:0.39
imdb top 250:0.38725
gratuitous violence:0.3865
campy:0.3835
1980s:0.38275
unusual plot structure:0.382
technology:0.37975
visually appealing:0.37975
bad ending:0.376
very interesting:0.37525
special effects:0.37325
political:0.37175
story:0.36925
good:0.369
fun movie:0.3665
corruption:0.3655
grindhouse:0.365
good dialogue:0.365
dystopic future:0.364
redemption:0.361
rebellion:0.35475
talky:0.351
violence:0.3495
capitalism:0.347
cool:0.34425
futuristic:0.342
