dark fantasy:0.902
supernatural:0.84075
creepy:0.80425
original:0.747
classic car:0.672
alternate endings:0.63975
children:0.61375
eerie:0.608
silly fun:0.59575
horror:0.59025
disney:0.585
bad ending:0.5815
pg:0.57725
scary:0.56675
ghosts:0.54675
suspense:0.532
haunted house:0.50075
good:0.4975
macabre:0.46825
chase:0.44775
great ending:0.44125
witches:0.42975
good soundtrack:0.4285
family:0.4285
brutality:0.422
mentor:0.41675
weird:0.404
not funny:0.40075
catastrophe:0.39325
special effects:0.38975
dialogue:0.389
so bad it's funny:0.385
culture clash:0.3695
adaptation:0.3665
mystery:0.3655
cinematography:0.35175
switching places:0.3465
childhood:0.34375
unusual plot structure:0.33725
suspenseful:0.33125
reflective:0.32975
kids:0.32925
police investigation:0.32725
first contact:0.32375
mad scientist:0.3235
teen movie:0.31775
atmospheric:0.3165
grindhouse:0.31425
horrible:0.31425
predictable:0.31375
sci fi:0.31275
80s:0.31175
story:0.30475
twist ending:0.30275
life philosophy:0.30175
fun:0.29925
great:0.29775
sci-fi:0.29325
suprisingly clever:0.29275
storytelling:0.2905
cult classic:0.28875
entirely dialogue:0.287
lone hero:0.284
kids and family:0.281
campy:0.2795
demons:0.2765
vengeance:0.27625
thriller:0.27425
bad acting:0.2735
redemption:0.2685
sexualized violence:0.268
criterion:0.26625
witch:0.26575
splatter:0.26175
light:0.26
transformation:0.25525
pornography:0.24925
revenge:0.248
twists & turns:0.2465
devil:0.24575
alien:0.244
sisters:0.244
greed:0.243
stylish:0.2425
complex:0.2415
small town:0.24075
violence:0.23725
justice:0.2365
visually appealing:0.23575
runaway:0.231
fun movie:0.22125
stylized:0.2205
bad:0.21875
gangsters:0.215
frightening:0.2145
unfunny:0.21375
nostalgic:0.213
disturbing:0.21225
bullying:0.21175
intense:0.2115
