spanish:0.96525
spain:0.95
greed:0.93125
dark humor:0.889
unusual plot structure:0.8455
money:0.826
weird:0.77775
black comedy:0.76375
gory:0.744
vengeance:0.67875
macabre:0.672
brutality:0.65425
stylish:0.64675
tense:0.6115
original:0.609
thriller:0.5945
criterion:0.594
pornography:0.5895
harsh:0.56525
bloody:0.54225
great:0.5405
stylized:0.52775
goretastic:0.526
downbeat:0.51925
nocturnal:0.51625
claustrophobic:0.5155
mentor:0.512
atmospheric:0.509
childhood:0.48875
affectionate:0.488
dark comedy:0.486
grindhouse:0.484
good soundtrack:0.482
author:neil gaiman:0.47725
very interesting:0.466
splatter:0.46075
secrets:0.457
suprisingly clever:0.45475
life philosophy:0.452
humorous:0.448
low budget:0.42075
catastrophe:0.417
obsession:0.41275
culture clash:0.39875
disturbing:0.38875
kidnapping:0.3875
creativity:0.38075
gangsters:0.3785
visually appealing:0.3775
gratuitous violence:0.37675
great ending:0.3765
almodovar:0.37325
solitude:0.3685
allegory:0.36725
twists & turns:0.36675
dark:0.36
social commentary:0.357
art:0.3525
storytelling:0.35
crime gone awry:0.3495
suspenseful:0.34425
police investigation:0.3425
giant robots:0.34
runaway:0.3375
melancholic:0.32925
absurd:0.329
witty:0.3285
nudity (full frontal - notable):0.32275
male nudity:0.31375
ninja:0.30325
enigmatic:0.3025
fantasy world:0.30125
bleak:0.2995
sexy:0.29525
betrayal:0.29475
hotel:0.2935
classic car:0.2905
light:0.29
foreign:0.289
scenic:0.28875
surreal:0.28625
unfunny:0.279
paranoid:0.27875
tokyo:0.27775
dreamlike:0.27325
corruption:0.27125
demons:0.27025
life & death:0.27025
sacrifice:0.26925
comedy:0.269
cult film:0.26875
ironic:0.26725
notable nudity:0.2615
movielens top pick:0.26125
bollywood:0.261
not funny:0.2595
anti-hero:0.25925
guilt:0.257
ensemble cast:0.25575
golden palm:0.25375
