brutality:0.97625
horror:0.95875
visceral:0.95875
witches:0.9555
macabre:0.9545
cult classic:0.95175
bloody:0.94925
violent:0.94775
brutal:0.941
violence:0.937
bleak:0.9345
gruesome:0.934
disturbing:0.9305
witch:0.93
creepy:0.92525
harsh:0.90875
tense:0.89925
vengeance:0.894
torture:0.886
civil war:0.883
grim:0.88125
based on a book:0.86175
psychological:0.86125
suspense:0.859
dark:0.853
supernatural:0.8465
splatter:0.84225
revenge:0.83725
gory:0.83575
good soundtrack:0.83075
cinematography:0.824
controversial:0.81875
powerful ending:0.80075
forceful:0.80075
atmospheric:0.7985
psychology:0.7855
murder:0.78525
original:0.782
downbeat:0.76925
stylish:0.76525
cult:0.765
grindhouse:0.76325
sexualized violence:0.748
serial killer:0.747
dark humor:0.7455
ominous:0.742
eerie:0.729
criterion:0.7225
claustrophobic:0.71875
rape:0.71825
devil:0.71025
weird:0.70925
demons:0.69925
cult film:0.699
social commentary:0.69725
low budget:0.69225
frightening:0.6875
enigmatic:0.685
blood:0.684
england:0.66275
masterpiece:0.6605
graphic novel:0.657
british:0.6465
cynical:0.6445
gritty:0.6345
goretastic:0.63125
insanity:0.6195
paranoid:0.6155
historical:0.61325
weapons:0.5995
intense:0.594
great ending:0.59
oscar (best effects - visual effects):0.58325
runaway:0.5825
highly quotable:0.58225
stylized:0.5685
hunting:0.56275
suspenseful:0.56275
greed:0.5515
camp:0.54775
small town:0.54225
death:0.54225
narrated:0.52825
nocturnal:0.52425
gunfight:0.5235
1960s:0.522
allegory:0.5195
nudity (topless - notable):0.51075
transformation:0.50925
reflective:0.505
sexual:0.5
dark fantasy:0.49625
latin america:0.4925
mental illness:0.48975
goth:0.489
gratuitous violence:0.4835
mad scientist:0.48125
pornography:0.479
quotable:0.476
biting:0.4665
