surfing:0.99775
hawaii:0.997
awesome soundtrack:0.93875
amazing cinematography:0.89925
sports:0.86925
documentary:0.86125
california:0.854
good soundtrack:0.83325
narrated:0.7825
history:0.7385
life philosophy:0.6885
great:0.66725
us history:0.612
childhood:0.609
original:0.60675
mentor:0.60225
photography:0.54875
love story:0.5485
feel-good:0.54725
destiny:0.5445
earnest:0.541
very interesting:0.5355
culture clash:0.533
fun movie:0.52425
pg-13:0.521
good:0.501
artistic:0.49975
great movie:0.4995
suprisingly clever:0.4935
intense:0.49025
factual:0.4875
interesting:0.47825
inspirational:0.476
greed:0.4705
fun:0.47025
internet:0.469
honest:0.46475
stunning:0.46075
harsh:0.46
art:0.458
catastrophe:0.45375
1970s:0.441
passionate:0.44075
drama:0.4405
story:0.4385
prejudice:0.43425
touching:0.416
feel good movie:0.412
race issues:0.4115
competition:0.409
life & death:0.40775
amazing photography:0.40725
heartbreaking:0.4005
entertaining:0.39825
great ending:0.38475
transformation:0.3845
idealism:0.384
runaway:0.38275
beautiful scenery:0.37475
astronauts:0.37175
friendship:0.368
death:0.362
obsession:0.35125
emotional:0.34725
light:0.34625
movielens top pick:0.3435
segregation:0.339
intimate:0.337
social commentary:0.33275
great dialogue:0.33
not funny:0.32925
sacrifice:0.32875
fighting the system:0.3265
storytelling:0.32475
nudity (full frontal - brief):0.32475
dialogue:0.32475
unusual plot structure:0.31975
melancholic:0.31725
oscar:0.31325
brutality:0.31075
pornography:0.31025
biographical:0.30925
redemption:0.30925
self discovery:0.30925
breathtaking:0.308
life:0.302
based on book:0.302
dramatic:0.3005
cinematography:0.3
love:0.29625
oscar (best directing):0.29325
great acting:0.2925
awesome:0.2915
excellent:0.28975
very good:0.2835
oscar (best actress):0.28225
unlikely friendships:0.282
beautifully filmed:0.28125
talky:0.28075
philosophy:0.27825
