18th century:0.8895
russia:0.8785
enigmatic:0.862
cinematography:0.85275
art:0.837
russian:0.79025
talky:0.789
visually appealing:0.789
history:0.783
melancholic:0.78025
breathtaking:0.733
criterion:0.71975
visual:0.7185
meditative:0.71425
original:0.704
surreal:0.69975
artistic:0.69
narrated:0.6855
dreamlike:0.67025
art house:0.66275
very interesting:0.647
weird:0.6385
visually stunning:0.63125
reflective:0.63025
pretentious:0.6215
cerebral:0.6205
obsession:0.61925
stunning:0.611
intimate:0.6075
metaphysics:0.602
historical:0.594
imagination:0.58025
us history:0.578
beautifully filmed:0.57675
surveillance:0.569
stylized:0.56625
harsh:0.56075
golden palm:0.554
masterpiece:0.553
dialogue:0.51125
19th century:0.5045
non-linear:0.503
artist:0.49275
melancholy:0.492
pointless:0.48775
intellectual:0.486
foreign:0.4795
complex:0.4755
catastrophe:0.46725
absurd:0.46225
storytelling:0.4565
unusual plot structure:0.45425
existentialism:0.451
philosophical:0.45
great ending:0.4425
photography:0.441
beautiful scenery:0.43975
boring!:0.43525
colourful:0.42475
revolution:0.4195
great:0.4145
nudity (full frontal - notable):0.41
brutality:0.40875
creativity:0.4085
runaway:0.3925
suprisingly clever:0.39225
affectionate:0.38975
scenic:0.382
entirely dialogue:0.381
pornography:0.379
atmospheric:0.37675
confusing:0.3725
loneliness:0.36375
dreams:0.3615
mentor:0.35925
paranoid:0.35475
allegory:0.35325
maze:0.35175
light:0.35025
ironic:0.34775
memory:0.347
slow paced:0.347
tokyo:0.34125
long:0.34075
destiny:0.34075
not funny:0.337
passionate:0.33625
good soundtrack:0.31975
visceral:0.31925
lyrical:0.3185
surrealism:0.31725
costume drama:0.31175
downbeat:0.31175
visuals:0.311
nonlinear:0.3045
nocturnal:0.30175
so bad it's funny:0.29275
slow:0.2925
amazing cinematography:0.29175
adaptation:0.2875
