indians:0.871
meditative:0.83775
enigmatic:0.8335
native americans:0.78475
weird:0.72425
intimate:0.70475
art house:0.6845
loneliness:0.66775
cinematography:0.631
original:0.6305
desert:0.5985
life & death:0.59175
pointless:0.58675
criterion:0.576
paranoia:0.55075
allegory:0.53825
dialogue:0.538
western:0.512
melancholic:0.50675
off-beat comedy:0.5045
golden palm:0.486
existentialism:0.479
slow paced:0.4725
entirely dialogue:0.47025
life philosophy:0.43425
bleak:0.431
talky:0.42025
greed:0.41325
catastrophe:0.40875
slow:0.40525
claustrophobic:0.391
wilderness:0.36225
pornography:0.3585
great ending:0.35425
suprisingly clever:0.35075
not funny:0.34575
road movie:0.3385
harsh:0.3345
runaway:0.32925
breathtaking:0.3205
women:0.3125
grindhouse:0.30775
absurd:0.30675
ironic:0.3015
beautiful scenery:0.292
death:0.291
mentor:0.2885
dreamlike:0.281
dysfunctional family:0.281
nudity (full frontal - notable):0.28075
bad ending:0.2805
obsession:0.27675
unfunny:0.2765
cerebral:0.27625
storytelling:0.26825
whimsical:0.26525
scenic:0.26425
solitude:0.259
boring!:0.24825
quirky:0.248
surreal:0.2455
character study:0.243
reflective:0.243
paranoid:0.2425
first contact:0.24225
bad plot:0.2405
too long:0.235
destiny:0.23475
great cinematography:0.23325
writers:0.23275
good soundtrack:0.22975
survival:0.22875
surveillance:0.228
very interesting:0.2195
art:0.2185
strange:0.217
unusual plot structure:0.2165
great acting:0.2155
downbeat:0.21425
stylized:0.21275
atmospheric:0.207
brutality:0.205
lone hero:0.20225
crime gone awry:0.19925
drama:0.1975
gunfight:0.19675
lynch:0.194
multiple storylines:0.1875
melancholy:0.187
disaster:0.1855
twists & turns:0.18425
social commentary:0.18325
photography:0.18325
boring:0.1815
coen bros:0.17725
hotel:0.177
adaptation:0.175
ethnic conflict:0.17475
road trip:0.1695
slapstick:0.169
