robots:0.9985
futuristic:0.996
androids:0.99525
sci-fi:0.99525
robot:0.99375
future:0.98075
dystopia:0.97625
scifi:0.974
science fiction:0.971
sci fi:0.9625
technology:0.9585
cyberpunk:0.946
gunfight:0.89975
cyborgs:0.89625
artificial intelligence:0.896
suspense:0.88025
chase:0.852
alone in the world:0.847
original:0.8445
great ending:0.82575
suspenseful:0.81825
virtual reality:0.81575
tense:0.812
dystopic future:0.80525
special effects:0.77475
plot holes:0.7645
giant robots:0.757
android(s)/cyborg(s):0.75425
utopia:0.741
complex:0.72575
clones:0.71375
visual:0.71175
runaway:0.7115
story:0.68975
visually appealing:0.684
fantasy:0.675
greed:0.6665
first contact:0.666
storytelling:0.66175
catastrophe:0.6475
dialogue:0.64625
end of the world:0.64225
computers:0.633
cult classic:0.631
visually stunning:0.6075
allegory:0.60125
fun movie:0.601
philosophical:0.59775
cerebral:0.59725
weapons:0.596
computer game:0.59425
violent:0.58975
life philosophy:0.5885
ominous:0.5875
fantasy world:0.583
paranoid:0.577
interesting:0.57025
apocalypse:0.564
adventure:0.563
mentor:0.5625
intense:0.55875
existentialism:0.5585
thriller:0.5545
original plot:0.54675
distopia:0.545
good soundtrack:0.53375
clever:0.52925
great movie:0.52325
humanity:0.5185
downbeat:0.514
great:0.51325
creativity:0.51175
cloning:0.50825
entertaining:0.5065
post-apocalyptic:0.5065
good:0.50575
solitude:0.503
imagination:0.5
alternate reality:0.499
astronauts:0.49875
paranoia:0.4935
imdb top 250:0.48875
unusual plot structure:0.48125
exciting:0.4795
very interesting:0.47125
lone hero:0.46725
dynamic cgi action:0.46675
life & death:0.466
transformation:0.46225
survival:0.45675
big budget:0.45475
cinematography:0.453
action:0.4485
effects:0.448
grim:0.44325
suprisingly clever:0.443
enigmatic:0.44225
good acting:0.44025
dinosaurs:0.4395
desert:0.435
