off-beat comedy:0.9935
criterion:0.948
deadpan:0.93175
sarcasm:0.918
quirky:0.9145
loneliness:0.8955
original:0.88
affectionate:0.86075
coming of age:0.85425
unlikely friendships:0.8515
love triangles:0.85025
eccentricity:0.84375
love:0.82925
bittersweet:0.82425
weird:0.797
witty:0.79425
dark humor:0.78175
cult classic:0.778
obsession:0.77225
indie:0.76675
comedy:0.7595
melancholic:0.74325
good soundtrack:0.74275
stylized:0.74225
friendship:0.73575
irreverent:0.73425
awesome soundtrack:0.72475
teacher:0.72075
melancholy:0.71525
dialogue:0.7035
mentor:0.7005
unlikeable characters:0.69575
quotable:0.692
imdb top 250:0.68375
social commentary:0.67925
humorous:0.66775
talky:0.6535
relationships:0.647
independent film:0.638
great acting:0.63375
crime gone awry:0.633
character study:0.6075
writer's life:0.6025
very funny:0.596
adolescence:0.59425
great soundtrack:0.59325
high school:0.592
great:0.59125
depression:0.571
coming-of-age:0.5705
golden palm:0.56425
clever:0.56
funny:0.554
great dialogue:0.55225
whimsical:0.546
dark comedy:0.54375
absurd:0.54075
cult film:0.534
goofy:0.533
drama:0.5325
cynical:0.5315
redemption:0.5295
feel-good:0.5285
cerebral:0.52675
narrated:0.5245
great ending:0.521
life philosophy:0.5165
honest:0.509
storytelling:0.50625
intimate:0.50375
existentialism:0.5
great movie:0.49525
entirely dialogue:0.494
complex characters:0.4865
complex:0.48575
visually appealing:0.484
original plot:0.48075
bleak:0.479
interesting:0.472
nocturnal:0.46925
surreal:0.4635
drinking:0.46025
runaway:0.45775
dysfunctional family:0.4545
writers:0.454
good acting:0.4435
enigmatic:0.4435
catastrophe:0.443
school:0.43925
allegory:0.43575
anti-hero:0.4325
very interesting:0.4275
twists & turns:0.427
excellent script:0.426
feel good movie:0.42225
pornography:0.4195
cinematography:0.412
masterpiece:0.411
harsh:0.40825
poignant:0.40675
