original:0.89525
religion:0.894
alternate reality:0.82525
god:0.79675
comedy:0.7965
alone in the world:0.76675
atheism:0.7525
funny:0.74175
visually appealing:0.7135
product placement:0.67025
afterlife:0.65
very funny:0.6485
absurd:0.628
so bad it's funny:0.6225
creativity:0.61575
thought-provoking:0.596
very interesting:0.5955
destiny:0.58475
natural disaster:0.5735
satire:0.57075
clever:0.56625
greed:0.566
alternate universe:0.5565
pg-13:0.556
shallow:0.555
jesus:0.54475
catastrophe:0.53875
sarcasm:0.52775
life philosophy:0.52775
allegory:0.52475
alternate history:0.5175
islam:0.51425
predictable:0.50875
writers:0.5085
parallel universe:0.503
storytelling:0.50225
genetics:0.4995
bad plot:0.492
great ending:0.487
life & death:0.48175
philosophical:0.47875
first contact:0.4705
unfunny:0.4705
story:0.46175
fantasy world:0.4615
technology:0.4515
dialogue:0.44825
internet:0.448
mentor:0.43675
witty:0.4365
humorous:0.43275
pointless:0.4285
interesting:0.4255
idiotic:0.42425
satirical:0.423
tricky:0.4225
social commentary:0.41725
cerebral:0.41625
pornography:0.4105
happy ending:0.409
love story:0.4025
philosophy:0.40075
honest:0.40075
corruption:0.39825
hilarious:0.39675
good:0.39525
nudity (topless - notable):0.39525
culture clash:0.394
brutality:0.39325
existentialism:0.39225
christianity:0.392
crude humor:0.38875
intellectual:0.38825
good soundtrack:0.3845
great:0.384
off-beat comedy:0.378
not funny:0.377
runaway:0.37475
twists & turns:0.37025
bad ending:0.367
plot holes:0.3615
plot:0.35875
stupidity:0.357
sacrifice:0.3535
romantic comedy:0.351
end of the world:0.3505
suprisingly clever:0.34975
silly fun:0.3465
biblical:0.3465
weird:0.3435
christian:0.3345
quirky:0.33225
melancholic:0.32925
utopia:0.3285
whimsical:0.32575
silly:0.32425
death:0.322
romantic:0.3195
justice:0.318
feel-good:0.31725
