oscar (best foreign language film):0.99125
relationships:0.96925
iran:0.93125
social commentary:0.9285
intimate:0.918
reflective:0.91275
french:0.90075
foreign:0.89175
loneliness:0.88425
dialogue driven:0.87875
drama:0.85625
criterion:0.85575
family drama:0.832
divorce:0.8305
complex:0.8265
melancholic:0.82
secrets:0.8025
oscar:0.78425
emotional:0.7815
oscar (best actress):0.78025
guilt:0.7775
great acting:0.77325
cinematography:0.77275
enigmatic:0.7415
tragedy:0.72775
dramatic:0.70575
france:0.70425
paris:0.6895
murder mystery:0.66875
golden palm:0.66375
art house:0.663
cerebral:0.6615
storytelling:0.656
heartbreaking:0.6405
oscar (best supporting actress):0.6385
melancholy:0.637
bleak:0.63425
beautifully filmed:0.62575
original:0.616
oscar (best directing):0.61275
masterpiece:0.6115
greed:0.601
meditative:0.593
unusual plot structure:0.5915
non-linear:0.591
life & death:0.56725
good acting:0.567
suicide attempt:0.5665
adultery:0.5595
exceptional acting:0.5425
realistic:0.5405
obsession:0.5405
weird:0.53825
solitude:0.536
childhood:0.53275
artistic:0.5285
dysfunctional family:0.51875
character study:0.51825
complex characters:0.49975
imdb top 250:0.49525
black and white:0.48975
hospital:0.4825
suicide:0.47975
depression:0.478
depressing:0.47225
bollywood:0.471
dialogue:0.47075
runaway:0.46925
downbeat:0.4545
marriage:0.451
artist:0.44425
humanity:0.44275
honest:0.44225
excellent script:0.436
ethnic conflict:0.43325
bittersweet:0.43275
art:0.432
redemption:0.429
drinking:0.42575
parenthood:0.42475
catastrophe:0.4225
talky:0.4195
great:0.41875
movielens top pick:0.417
life philosophy:0.41525
infidelity:0.4125
affectionate:0.41
entirely dialogue:0.40375
life:0.4035
sad:0.4
writers:0.39875
complicated:0.39725
suprisingly clever:0.3965
sexual abuse:0.39625
nostalgic:0.39475
cheating:0.39275
story:0.39175
photography:0.388
gunfight:0.38275
stylized:0.38025
