plot holes:0.96075
time loop:0.8485
bad ending:0.8065
death:0.80525
alternate endings:0.784
time travel:0.7805
great ending:0.72125
original:0.69725
catastrophe:0.66975
future:0.66575
time:0.6255
cheating:0.6
horrible:0.5825
predictable:0.5765
alternate reality:0.56675
betrayal:0.56475
happy ending:0.564
twists & turns:0.56075
natural disaster:0.54325
life & death:0.5305
memory loss:0.53
destiny:0.526
first contact:0.48475
so bad it's funny:0.47275
pointless:0.472
supernatural:0.45875
idiotic:0.45425
twist ending:0.4515
suspense:0.44625
twist:0.43825
better than expected:0.431
bad plot:0.43075
life philosophy:0.41525
lame:0.40725
plot:0.406
pg-13:0.401
surprise ending:0.40025
thriller:0.38825
writers:0.37475
infidelity:0.36725
internet:0.36175
mentor:0.358
bad acting:0.3485
stupid:0.3445
dialogue:0.34275
confusing:0.339
tricky:0.335
story:0.3345
awful:0.3345
memory:0.3335
not funny:0.33075
plot twist:0.33025
adultery:0.328
bad cgi:0.32375
absurd:0.3215
good:0.32075
dreams:0.31925
runaway:0.3175
love story:0.31625
tear jerker:0.3085
apocalypse:0.3045
fight scenes:0.30225
storytelling:0.3015
very interesting:0.2965
nudity (full frontal - brief):0.29425
end of the world:0.29025
suspenseful:0.283
clever:0.28275
unfunny:0.2815
marriage:0.27975
psychological:0.278
good soundtrack:0.27525
emotional:0.274
manipulation:0.272
nonlinear:0.27175
dreamlike:0.27025
nudity (topless - notable):0.27
disaster:0.26975
philip k. dick:0.26975
overrated:0.266
enigmatic:0.2575
creativity:0.25725
sci fi:0.257
weird:0.256
touching:0.255
great:0.254
romantic:0.24875
complex:0.24475
non-linear:0.244
slapstick:0.244
stupidity:0.243
family drama:0.243
unrealistic:0.242
doctors:0.2405
technology:0.23725
loneliness:0.2345
guilt:0.233
cerebral:0.23175
redemption:0.23175
entirely dialogue:0.23075
