love:0.973
bollywood:0.963
love story:0.92375
oscar (best foreign language film):0.92375
cinematography:0.889
destiny:0.867
sweet:0.85075
stunning:0.84125
feel-good:0.8365
beautifully filmed:0.825
beautiful scenery:0.81075
touching:0.8095
story:0.8025
amazing cinematography:0.8015
excellent script:0.78675
original:0.78175
disability:0.77775
imdb top 250:0.7735
heartwarming:0.756
prejudice:0.753
emotional:0.75075
visually appealing:0.75075
movielens top pick:0.743
loneliness:0.72275
sacrifice:0.70875
bittersweet:0.657
oscar (best directing):0.65375
foreign:0.648
great acting:0.645
beautiful:0.64475
non-linear:0.64425
light:0.64275
fantasy world:0.62875
feel good movie:0.62775
oscar:0.615
sentimental:0.61475
storytelling:0.6135
romance:0.60225
indians:0.595
compassionate:0.58
great cinematography:0.5705
idealism:0.56975
colourful:0.56675
narrated:0.5645
mentor:0.56175
india:0.56075
good acting:0.56075
whimsical:0.55975
memory:0.55625
good soundtrack:0.5485
drama:0.54275
heartbreaking:0.53625
oscar (best actress):0.5285
visually stunning:0.5275
firefly:0.52725
weird:0.52225
good:0.52225
oscar (best supporting actress):0.52175
creativity:0.5215
imagination:0.52025
witty:0.51925
passionate:0.519
masterpiece:0.517
poignant:0.5145
inspirational:0.50375
breathtaking:0.50275
obsession:0.5025
dialogue:0.4985
finnish:0.49675
oscar winner:0.49325
spanish:0.476
transformation:0.4695
friendship:0.4695
social commentary:0.468
visual:0.454
love triangles:0.4535
culture clash:0.45075
dramatic:0.45025
childhood:0.44875
great ending:0.44475
catastrophe:0.4355
oscar (best cinematography):0.4345
clever:0.4335
hospital:0.42725
amazing photography:0.421
betrayal:0.41825
dreams:0.41325
sad:0.41025
fairy tale:0.41025
good music:0.409
life & death:0.40875
photography:0.4025
biography:0.4
life:0.3945
happy ending:0.39075
justice:0.389
honest:0.387
visuals:0.38575
brutality:0.3835
melancholy:0.3835
