depression:0.9525
mental illness:0.93225
adolescence:0.906
mentor:0.869
independent film:0.85875
violent:0.85175
good soundtrack:0.84625
compassionate:0.825
sexual abuse:0.8145
original:0.7925
indie:0.7865
bullying:0.78325
teenagers:0.7795
realistic:0.75925
teens:0.73125
mental hospital:0.7255
violence:0.6855
drama:0.684
pornography:0.68125
cathartic:0.681
teenager:0.67625
loneliness:0.667
social commentary:0.665
teen:0.66425
intense:0.6585
harsh:0.65
depressing:0.64025
brutality:0.63425
psychology:0.631
hard to watch:0.61825
hospital:0.618
life philosophy:0.615
drug addiction:0.60875
grim:0.60275
honest:0.60125
vengeance:0.5865
disturbing:0.58525
forceful:0.584
guilt:0.5825
dramatic:0.57375
unlikely friendships:0.5675
melancholic:0.56275
redemption:0.55825
justice:0.554
good acting:0.552
gangsters:0.54425
teen movie:0.537
corruption:0.533
dreams:0.53075
male nudity:0.52875
emotional:0.526
crime gone awry:0.526
interesting:0.5255
psychological:0.522
gritty:0.5195
narrated:0.5095
visceral:0.50475
dialogue:0.503
rape:0.5005
great acting:0.494
exceptional acting:0.49125
storytelling:0.488
insanity:0.4865
feel-good:0.47775
talky:0.46525
heartbreaking:0.46375
cinematography:0.4625
greed:0.46
excellent script:0.4545
runaway:0.45075
great ending:0.448
thought-provoking:0.4465
drugs:0.44625
coming of age:0.44575
solitude:0.4415
criterion:0.44075
bleak:0.43625
drinking:0.43475
california:0.4315
brutal:0.426
downbeat:0.42525
happy ending:0.41875
enigmatic:0.4185
addiction:0.418
shallow:0.41725
good:0.41425
brothers:0.41325
relationships:0.411
underrated:0.40825
golden palm:0.408
oscar (best directing):0.4075
great:0.4
sexualized violence:0.398
cerebral:0.39475
stereotypes:0.3915
psychiatry:0.38225
friendship:0.38175
new jersey:0.381
gangster:0.37825
blindness:0.378
