dreams:0.9585
teen movie:0.89975
80s:0.821
teen:0.755
nostalgic:0.69525
original:0.687
teens:0.681
surreal:0.67925
1980s:0.6085
surrealism:0.58375
fun movie:0.5525
mentor:0.5415
drama:0.53125
predictable:0.50975
comedy:0.478
teenagers:0.45275
story:0.429
quirky:0.4235
destiny:0.4235
catastrophe:0.42125
good soundtrack:0.42
original plot:0.40875
fantasy world:0.3965
high school:0.39175
great ending:0.386
great:0.3805
weird:0.379
great acting:0.377
childhood:0.3755
bullying:0.356
dreamlike:0.341
cool:0.341
so bad it's funny:0.3395
feel-good:0.3375
romance:0.336
dialogue:0.3325
bad plot:0.331
coming of age:0.3245
fun:0.3225
transformation:0.3185
family:0.31825
great soundtrack:0.317
sci fi:0.3165
brutality:0.31625
first contact:0.316
teenager:0.31575
good:0.31125
storytelling:0.30275
touching:0.2985
not funny:0.2965
complex:0.29625
time:0.29525
doctors:0.2925
camp:0.29225
coming-of-age:0.2915
silly fun:0.29025
life philosophy:0.287
fantasy:0.2845
writers:0.2835
overrated:0.28325
fight scenes:0.2815
vengeance:0.279
end of the world:0.2745
pg-13:0.274
cult film:0.2725
slapstick:0.27225
school:0.27125
love story:0.26875
very funny:0.26625
pornography:0.26175
creativity:0.26075
happy ending:0.2605
inspirational:0.25775
nocturnal:0.25525
girlie movie:0.25425
lone hero:0.25425
adaptation:0.25375
unfunny:0.246
existentialism:0.24575
nudity (full frontal - brief):0.24475
shopping:0.24475
feel good movie:0.242
awesome soundtrack:0.23725
underrated:0.23375
stylized:0.22925
entirely dialogue:0.22875
redemption:0.2275
amy smart:0.22725
affectionate:0.22575
drug addiction:0.22475
chase:0.22425
culture clash:0.22375
beautifully filmed:0.22225
violence:0.22225
new jersey:0.222
natural disaster:0.222
great movie:0.22175
justice:0.22125
crude humor:0.22025
runaway:0.21825
