iran:0.93725
foreign:0.8865
love story:0.879
beautifully filmed:0.847
love:0.832
cinematography:0.826
melancholic:0.8195
enigmatic:0.80925
oscar (best foreign language film):0.7725
loneliness:0.7065
relationships:0.70025
passionate:0.6875
intimate:0.687
beautiful:0.669
stunning:0.66325
original:0.6575
criterion:0.6535
childhood:0.637
breathtaking:0.6265
poignant:0.6235
beautiful scenery:0.6025
visually stunning:0.59375
spanish:0.5875
reflective:0.5855
male nudity:0.574
poetry:0.55775
bittersweet:0.55625
romantic:0.54675
allegory:0.5415
wistful:0.541
destiny:0.537
melancholy:0.533
social commentary:0.5205
amazing photography:0.5015
golden palm:0.49675
colourful:0.49425
runaway:0.494
art:0.493
meditative:0.49175
sacrifice:0.48125
life & death:0.47175
visually appealing:0.47075
romance:0.4705
sexy:0.4555
mentor:0.45525
very interesting:0.4505
unusual plot structure:0.44975
adolescence:0.44425
bollywood:0.432
glbt:0.42875
affectionate:0.4265
secrets:0.4255
japan:0.417
catastrophe:0.41525
realistic:0.41325
scenic:0.41325
touching:0.41125
visual:0.4055
fight scenes:0.399
tragedy:0.397
harsh:0.3905
nudity (full frontal - notable):0.38625
suprisingly clever:0.383
tokyo:0.381
humanity:0.3795
race issues:0.3735
self discovery:0.36875
great ending:0.36225
friendship:0.35575
unlikely friendships:0.35325
women:0.34875
finnish:0.3465
life philosophy:0.34225
pornography:0.34
workplace:0.3315
poverty:0.32925
not funny:0.32425
culture clash:0.32375
complex:0.3205
drama:0.317
photography:0.31425
feel-good:0.31375
cooking:0.31175
story:0.30875
emotional:0.30425
nudity (topless - notable):0.302
solitude:0.301
simple:0.301
dialogue:0.297
thought-provoking:0.2965
life:0.2935
compassionate:0.2935
documentary:0.293
storytelling:0.29075
lyrical:0.28875
hotel:0.2865
stylized:0.28225
shallow:0.2815
imdb top 250:0.27925
erotic:0.27825
