anime:0.97725
animation:0.96825
visually stunning:0.95325
robots:0.94775
visually appealing:0.94525
visual:0.906
japan:0.902
original:0.8665
futuristic:0.848
robot:0.84275
future:0.842
based on a comic:0.8225
androids:0.816
weird:0.80175
animated:0.79875
tokyo:0.79625
stunning:0.77575
stylized:0.74275
giant robots:0.7395
complex:0.73075
alternate reality:0.72975
rebellion:0.691
storytelling:0.66575
animal movie:0.665
visuals:0.65825
story:0.657
pg-13:0.654
graphic design:0.649
masterpiece:0.64875
colourful:0.6365
great:0.63375
allegory:0.63375
social commentary:0.62525
stylish:0.625
good soundtrack:0.62375
fantasy world:0.60475
interesting:0.5985
great ending:0.59825
melancholic:0.58325
1930s:0.57625
technology:0.57425
steampunk:0.568
japanese:0.5665
science fiction:0.56175
original plot:0.56
dialogue:0.553
catastrophe:0.54825
enigmatic:0.54775
based on comic:0.54675
bleak:0.54325
great movie:0.5365
violence:0.536
graphic novel:0.534
runaway:0.53225
imdb top 250:0.5215
sci fi:0.518
talky:0.51
destiny:0.508
dark:0.50525
nocturnal:0.50425
criterion:0.49925
plot:0.49475
corruption:0.49125
dark hero:0.48725
cinematography:0.48225
animals:0.4755
very interesting:0.47475
art:0.47
atmospheric:0.46975
loneliness:0.45975
mad scientist:0.455
alter ego:0.45025
thought-provoking:0.44725
obsession:0.4445
suprisingly clever:0.44375
imagination:0.442
music:0.437
clever:0.43575
mentor:0.42775
adaptation:0.42375
dreams:0.42125
brutality:0.41675
artistic:0.41675
greed:0.415
classic:0.41475
sexualized violence:0.41125
utopia:0.40725
complex characters:0.406
surreal:0.405
weapons:0.40225
violent:0.40075
twists & turns:0.4005
harsh:0.4005
beautiful:0.4
grim:0.3995
humanity:0.397
shallow:0.396
comic book:0.39525
transformation:0.39425
sci-fi:0.39075
