women:0.80475
wine:0.769
pg-13:0.63125
original:0.61625
girlie movie:0.61175
dialogue:0.60775
predictable:0.555
mentor:0.50025
80s:0.4945
great ending:0.49425
runaway:0.489
bad:0.4815
fun movie:0.47925
so bad it's funny:0.473
culture clash:0.47275
friendship:0.459
classic car:0.442
franchise:0.4335
comedy:0.42575
romance:0.42175
catastrophe:0.415
teen:0.4065
fantasy world:0.398
good:0.39375
light:0.39225
unusual plot structure:0.38525
story:0.3725
great:0.36975
romantic comedy:0.36825
happy ending:0.36
family:0.3575
romantic:0.35575
relationships:0.35025
script:0.349
very funny:0.34825
desert:0.34425
first contact:0.33725
drinking:0.335
unfunny:0.334
lone hero:0.3335
switching places:0.3205
unlikely friendships:0.315
pornography:0.3145
pointless:0.31325
series:0.31125
bad plot:0.3105
redemption:0.3055
british comedy:0.3045
prejudice:0.30425
school:0.30375
shallow:0.30325
grindhouse:0.302
silly fun:0.2955
destiny:0.295
entirely dialogue:0.29425
nudity (topless):0.28825
alter ego:0.2875
san francisco:0.286
sexy:0.282
teens:0.2805
london:0.2795
chase:0.2795
idealism:0.27225
awesome soundtrack:0.27225
childhood:0.27225
silly:0.271
shopping:0.269
gay character:0.26725
life philosophy:0.265
not funny:0.2615
greed:0.26025
erotic:0.254
brutality:0.24775
overrated:0.24625
underdog:0.246
storytelling:0.243
bullying:0.24125
teen movie:0.24025
oscar (best actress):0.24
crappy sequel:0.2385
adaptation:0.23825
police investigation:0.238
no dialogue:0.23675
feel-good:0.23525
rags to riches:0.23325
sci fi:0.2325
great movie:0.22925
satirical:0.22925
chick flick:0.22675
weapons:0.226
animals:0.22175
crude humor:0.21975
suspense:0.21575
nostalgic:0.215
computer animation:0.21475
alternate history:0.2145
enigmatic:0.21175
science fiction:0.21
marijuana:0.20975
melancholic:0.209
