musical:0.96725
broadway:0.90325
original:0.8245
lyrical:0.80875
music:0.79925
dancing:0.734
adaptation:0.72725
based on a play:0.67875
coming of age:0.6295
teen movie:0.56725
nostalgic:0.555
bollywood:0.55025
good:0.5435
magic:0.4995
bittersweet:0.4835
creativity:0.48225
dialogue:0.481
musicians:0.474
imagination:0.47375
light:0.46275
melancholic:0.461
romantic:0.45525
fantasy world:0.45125
cute:0.44675
family:0.4455
visually appealing:0.42875
surreal:0.421
childhood:0.41825
feel-good:0.40975
nudity (full frontal - brief):0.409
mentor:0.40175
great music:0.4
criterion:0.39925
stylized:0.3935
fairy tale:0.3895
culture clash:0.3885
life & death:0.38625
intimate:0.38625
catastrophe:0.38275
clever:0.3735
dysfunctional family:0.37225
rock and roll:0.367
great ending:0.35975
not funny:0.35975
good music:0.357
hip hop:0.356
destiny:0.354
adolescence:0.3455
redemption:0.34075
corruption:0.33825
story:0.33775
alternate endings:0.3375
enigmatic:0.324
storytelling:0.3175
feel good movie:0.31125
visuals:0.31025
brutality:0.31
spelling bee:0.30675
very interesting:0.3055
talky:0.30525
predictable:0.3035
justice:0.29875
sweet:0.2955
classic car:0.28975
judaism:0.2845
great:0.28275
lone hero:0.2825
visually stunning:0.2815
runaway:0.27975
family drama:0.2795
heartwarming:0.277
entirely dialogue:0.2765
quirky:0.27525
bad plot:0.27525
fantasy:0.27525
segregation:0.27475
poetry:0.273
adapted from:book:0.27275
oscar (best directing):0.27175
sexy:0.2705
unlikely friendships:0.26975
teens:0.26825
idealism:0.26475
dance:0.264
parallel universe:0.2615
first contact:0.26125
fun movie:0.26125
costume drama:0.2595
whimsical:0.2595
passionate:0.25725
harsh:0.25475
greed:0.25225
rape:0.2515
cult film:0.25025
visual:0.245
road movie:0.24475
life philosophy:0.24325
70mm:0.243
cinematography:0.241
so bad it's funny:0.239
