splatter:0.994
dark humor:0.98775
dark hero:0.97125
zombies:0.965
zombie:0.96025
cult classic:0.93175
macabre:0.93
weird:0.91925
life & death:0.9075
horror:0.89025
gory:0.82
stylish:0.817
cult film:0.79925
grindhouse:0.78675
original:0.7815
black comedy:0.774
awesome soundtrack:0.76225
stylized:0.74275
nudity (topless - notable):0.7285
dark comedy:0.7145
satirical:0.71075
surreal:0.6685
atmospheric:0.66575
creepy:0.6555
demons:0.6495
humorous:0.63725
bizarre:0.63475
visceral:0.63375
death:0.63075
great ending:0.618
loneliness:0.61775
enigmatic:0.615
goth:0.61375
insanity:0.61075
dreamlike:0.59725
cult:0.58525
narrated:0.5845
existentialism:0.5815
brutality:0.56
life philosophy:0.55925
social commentary:0.557
nocturnal:0.544
good soundtrack:0.53775
visually stunning:0.5305
mentor:0.523
obsession:0.521
bloody:0.515
transformation:0.509
quotable:0.49575
art house:0.49425
hallucinatory:0.489
gore:0.48
drinking:0.4745
criterion:0.4735
adaptation:0.473
anti-hero:0.469
violence:0.468
based on a comic:0.467
downbeat:0.46475
melancholic:0.4645
sexy:0.46375
goretastic:0.462
harsh:0.45975
low budget:0.45875
sexualized violence:0.44975
supernatural:0.4495
eerie:0.44725
dark:0.44275
biting:0.441
surrealism:0.43925
absurd:0.43875
sarcasm:0.43525
wilderness:0.43125
catastrophe:0.42875
visual:0.42425
goofy:0.4215
blood:0.41525
violent:0.414
virus:0.4125
nudity (full frontal - notable):0.40575
strange:0.405
melancholy:0.404
pornography:0.39225
campy:0.392
gruesome:0.39075
apocalypse:0.38775
artsy:0.38675
grim:0.38475
hospital:0.38375
mad scientist:0.383
dark fantasy:0.379
disturbing:0.375
dialogue:0.375
erotic:0.368
graphic novel:0.36025
thought-provoking:0.35875
cerebral:0.35825
so bad it's funny:0.354
romance:0.35275
cannibalism:0.351
