immortality:0.9315
dark fantasy:0.873
comedy:0.851
special effects:0.82625
original:0.73725
visual:0.7315
nudity (rear):0.71175
black comedy:0.6925
fantasy:0.6605
satirical:0.65575
great ending:0.6425
visuals:0.62525
dark comedy:0.6175
great:0.60325
life & death:0.599
death:0.5815
macabre:0.57275
supernatural:0.5575
magic:0.55325
effects:0.54975
obsession:0.54425
storytelling:0.54375
women:0.54325
sexy:0.52525
stunning:0.5175
hilarious:0.5075
doctors:0.5
fantasy world:0.4945
weird:0.48725
gothic:0.48475
transformation:0.48375
farce:0.48025
very funny:0.47825
mentor:0.47175
funny:0.47125
first contact:0.46975
story:0.469
future:0.46775
fun movie:0.46325
light:0.46325
dialogue:0.4625
cult classic:0.462
whimsical:0.459
good:0.44175
great acting:0.44075
visually stunning:0.438
satire:0.43075
slapstick:0.41775
great movie:0.417
predictable:0.417
writers:0.41625
los angeles:0.4025
silly:0.401
scary:0.39625
silly fun:0.38725
catastrophe:0.3855
fountain of youth:0.38475
destiny:0.37975
creativity:0.378
overrated:0.377
fight scenes:0.36325
goofy:0.363
suprisingly clever:0.3595
sci fi:0.35925
mad scientist:0.35425
life philosophy:0.3525
adaptation:0.352
humorous:0.34325
cinematography:0.34175
alternate reality:0.34175
unfunny:0.341
demons:0.33475
greed:0.3305
revenge:0.32975
absurd:0.3295
manipulation:0.325
nudity (topless - notable):0.31925
melancholic:0.3185
family:0.318
surreal:0.31725
erotic:0.31625
secrets:0.31425
visually appealing:0.31375
fun:0.311
oscar winner:0.3105
stylized:0.31025
chase:0.30975
nudity (full frontal - notable):0.30575
nudity (topless - brief):0.3025
violence:0.301
pg-13:0.3
sexualized violence:0.3
clever:0.2995
childhood:0.2995
weapons:0.29925
murder:0.29925
vengeance:0.298
twists & turns:0.29725
beautiful:0.29625
underrated:0.294
