camp:0.93775
wwii:0.93475
family:0.9055
world war ii:0.891
love story:0.85175
powerful ending:0.77075
original:0.76525
holocaust:0.7465
love:0.724
japanese:0.72175
irish:0.716
japan:0.7025
jews:0.70025
history:0.69925
romantic:0.686
children:0.68375
politics:0.68125
emotional:0.6765
historical:0.67425
women:0.6675
dramatic:0.66325
destiny:0.65375
unlikely friendships:0.64925
california:0.645
culture clash:0.62675
good:0.62225
beautiful scenery:0.62125
prejudice:0.61625
great movie:0.597
storytelling:0.57875
us history:0.57525
family drama:0.57325
beautifully filmed:0.56725
race issues:0.561
cinematography:0.55675
romantic comedy:0.55575
stereotypes:0.554
war:0.53675
dialogue:0.536
story:0.5325
based on a play:0.53
adoption:0.52675
nazi:0.51175
sacrifice:0.50775
catastrophe:0.5075
romance:0.50375
pg-13:0.5035
bombs:0.5025
adapted from:book:0.502
heartwarming:0.4935
great:0.49175
based on book:0.48825
forceful:0.48575
male nudity:0.47975
happy ending:0.473
military:0.47075
nudity (topless - brief):0.46625
narrated:0.466
interracial romance:0.4645
mentor:0.46325
tragedy:0.45975
feel-good:0.45525
very good:0.448
intimate:0.44775
great ending:0.44375
dysfunctional family:0.43475
social commentary:0.43125
wartime:0.431
nazis:0.429
corruption:0.42725
nostalgic:0.42275
unusual plot structure:0.42075
sad:0.4175
heartbreaking:0.415
hospital:0.41125
life philosophy:0.4105
friendship:0.40975
affectionate:0.409
death:0.4055
grindhouse:0.40025
gay:0.3985
alternate history:0.39675
fantasy world:0.39525
islam:0.39525
plot:0.3925
race:0.391
justice:0.3905
tokyo:0.386
glbt:0.3855
queer:0.38525
german:0.38275
betrayal:0.379
bittersweet:0.3785
clever:0.37675
relationships:0.37225
absurd:0.3715
courage:0.36975
marriage:0.36875
idealism:0.361
ireland:0.36
