action:0.99
arnold:0.98825
good action:0.902
parody:0.87925
fantasy:0.83275
fun movie:0.8245
action packed:0.8205
fun:0.80625
original:0.7385
spoof:0.7295
comedy:0.69675
fight scenes:0.68275
chase:0.6755
awesome soundtrack:0.62325
fantasy world:0.576
violence:0.57375
explosions:0.57125
lone hero:0.56025
ridiculous:0.54975
goofy:0.54975
magic:0.5385
satirical:0.53375
silly:0.52925
ninja:0.51875
mentor:0.5165
predictable:0.51475
quirky:0.50425
car chase:0.4985
silly fun:0.4685
great:0.46375
weapons:0.44275
great ending:0.4405
stylized:0.4395
dialogue:0.43475
super hero:0.41075
cheesy:0.41
big budget:0.4095
good:0.40925
catastrophe:0.40625
adventure:0.4025
clever:0.40175
pg-13:0.4015
80s:0.394
so bad it's funny:0.394
entertaining:0.38825
cult film:0.3855
underrated:0.38075
transformation:0.37975
fighting:0.37725
destiny:0.37675
gunfight:0.3745
cool:0.37275
pulp:0.372
death:0.371
satire:0.36775
story:0.3665
family:0.36425
buddy movie:0.35975
good soundtrack:0.35925
gangsters:0.3565
life philosophy:0.3475
special effects:0.345
runaway:0.3445
whimsical:0.34375
super-hero:0.3425
alone in the world:0.33425
brutality:0.3325
superheroes:0.326
vengeance:0.3255
first contact:0.3175
grindhouse:0.3145
arms dealer:0.313
campy:0.3125
pornography:0.31175
alter ego:0.3105
storytelling:0.30875
slapstick:0.29925
bad:0.29425
very funny:0.29075
dark hero:0.28925
adaptation:0.28825
entirely dialogue:0.28425
bad plot:0.28425
stereotypes:0.28275
superhero:0.281
absurd:0.279
overrated:0.27825
childhood:0.2755
redemption:0.275
life & death:0.27375
bad cgi:0.267
melancholic:0.26225
culture clash:0.262
good dialogue:0.2595
mafia:0.2565
existentialism:0.256
clones:0.256
magic realism:0.25575
classic car:0.25275
reflective:0.251
