notable soundtrack:0.99975
coming-of-age:0.93275
coming of age:0.91975
weird:0.87725
twists & turns:0.87075
surprise ending:0.8705
pornography:0.85075
very interesting:0.83575
adolescence:0.8195
twist ending:0.80425
twist:0.804
mystery:0.77275
storytelling:0.769
good soundtrack:0.76475
psychological:0.751
original:0.74425
plot twist:0.7415
great ending:0.7405
sexual:0.72775
dark:0.69975
teenager:0.6985
family drama:0.69475
drama:0.67175
identity:0.6525
virginity:0.65225
based on book:0.64875
creepy:0.62225
nudity (topless):0.609
police investigation:0.59325
complicated:0.593
guilt:0.5925
narrated:0.58825
interesting:0.587
detective:0.58325
tense:0.58075
dysfunctional family:0.57225
obsession:0.57175
story:0.56875
indie:0.56275
runaway:0.55725
exceptional acting:0.55225
secrets:0.5505
flashbacks:0.54325
investigation:0.53825
nudity (topless - notable):0.5355
dialogue:0.53525
thriller:0.53175
teenagers:0.522
betrayal:0.511
serial killer:0.509
stylized:0.50725
nudity (full frontal - brief):0.49575
based on a book:0.495
disturbing:0.49475
brutality:0.49
nudity (full frontal - notable):0.48225
dreams:0.4735
psychiatrist:0.46925
psychedelic:0.4655
underrated:0.46175
dreamlike:0.45925
stupid as hell:0.45425
adaptation:0.451
unusual plot structure:0.44725
great acting:0.4435
hospital:0.442
death:0.43125
independent film:0.42925
nonlinear:0.42225
fun movie:0.41925
not funny:0.41625
life:0.4125
teen:0.40975
catastrophe:0.40475
sexualized violence:0.4
tricky:0.39975
cinematography:0.39925
melancholic:0.39525
very funny:0.395
suspenseful:0.3935
california:0.3905
visually appealing:0.39
art house:0.3895
good acting:0.383
reflective:0.38125
violent:0.36975
cerebral:0.36925
manipulation:0.36725
sexuality:0.3665
erotic:0.365
great:0.36475
bullying:0.36475
drugs:0.36175
mentor:0.36175
sexual abuse:0.35975
teen movie:0.35875
light:0.35525
goth:0.35325
teens:0.3465
childhood:0.34425
