silly fun:0.97275
sci fi:0.94275
parody:0.93475
goofy:0.90175
science fiction:0.8855
silly:0.875
space:0.8725
saturday night live:0.86425
scifi:0.85425
absurd:0.844
comedy:0.8395
original:0.8305
so bad it's funny:0.829
sci-fi:0.826
idiotic:0.76675
spoof:0.76075
light:0.75925
humorous:0.7485
stupidity:0.703
good action:0.6825
fantasy:0.676
adventure:0.66375
special effects:0.66175
fun movie:0.6585
chase:0.6315
dialogue:0.6285
humor:0.62675
brutality:0.62675
cult film:0.61975
sexualized violence:0.6135
quotable:0.581
nudity (full frontal - notable):0.57675
kidnapping:0.56275
very funny:0.553
surreal:0.548
scifi cult:0.53825
weird:0.53675
science:0.53
great:0.52425
road movie:0.52325
fight scenes:0.513
splatter:0.50525
android(s)/cyborg(s):0.505
cult classic:0.50325
great movie:0.499
dystopic future:0.488
technology:0.4835
unfunny:0.48275
alien:0.48075
predictable:0.47875
lone hero:0.475
hilarious:0.472
adaptation:0.46625
visually stunning:0.4615
80s:0.4585
mentor:0.456
pulp:0.452
stupid as hell:0.451
supernatural:0.44725
bad science:0.44525
stupid:0.43975
great ending:0.4365
clever:0.433
ridiculous:0.4295
campy:0.4265
futuristic:0.425
surrealism:0.4235
catastrophe:0.42125
creativity:0.4195
natural disaster:0.41475
first contact:0.41175
plot holes:0.411
pornography:0.4105
vengeance:0.4045
slapstick:0.40425
violence:0.40225
fantasy world:0.39675
quirky:0.391
fun:0.38925
good soundtrack:0.38375
computer game:0.38225
screwball:0.38025
buddy movie:0.3795
fish:0.37725
corruption:0.3755
doctors:0.37175
storytelling:0.369
adapted from:book:0.369
art:0.368
alone in the world:0.3665
mars:0.3615
underrated:0.3605
good:0.36025
entirely dialogue:0.357
suprisingly clever:0.35275
weapons:0.35025
visual:0.35025
funny as hell:0.34875
conspiracy:0.34875
dumb:0.3485
