enigmatic:0.9605
criterion:0.91425
childhood:0.883
mentor:0.83075
unlikely friendships:0.82975
meditative:0.8275
golden palm:0.8245
allegory:0.82275
gunfight:0.78225
iran:0.78075
downbeat:0.77875
loneliness:0.76625
friendship:0.76325
bleak:0.7605
masterpiece:0.74925
melancholic:0.7435
movielens top pick:0.74
maze:0.73225
crime gone awry:0.73225
runaway:0.72275
art:0.72175
psychological:0.7125
imdb top 250:0.706
melancholy:0.701
talky:0.697
cerebral:0.694
grindhouse:0.69375
storytelling:0.68725
breathtaking:0.68725
reflective:0.68375
original:0.662
visually appealing:0.6575
complex:0.6565
cult classic:0.5995
nudity (full frontal - notable):0.5965
tense:0.5855
simple:0.582
good soundtrack:0.57475
suprisingly clever:0.573
claustrophobic:0.568
foreign:0.56425
weird:0.5555
goretastic:0.55475
mindfuck:0.5535
dreams:0.5435
gory:0.543
fantasy world:0.5425
nostalgic:0.5405
atmospheric:0.51575
intimate:0.51275
insanity:0.5095
teacher:0.508
visual:0.508
life & death:0.4985
biting:0.4945
grim:0.4875
unusual plot structure:0.485
adaptation:0.477
cinematography:0.47075
narrated:0.4635
ironic:0.462
imagination:0.46
harsh:0.45825
morality:0.45675
visually stunning:0.44725
innocence lost:0.447
oscar (best foreign language film):0.44675
disturbing:0.44425
bollywood:0.44225
nocturnal:0.43975
adapted from:book:0.43825
classic car:0.435
great acting:0.433
paranoid:0.43175
oscar (best directing):0.42475
very interesting:0.42425
catastrophe:0.4195
dreamlike:0.418
visceral:0.40775
weapons:0.407
beautifully filmed:0.404
dialogue:0.40225
based on book:0.401
non-linear:0.39975
strange:0.39425
surveillance:0.3935
brainwashing:0.39125
entirely dialogue:0.38725
art house:0.3865
identity:0.3845
books:0.381
character study:0.378
surreal:0.37675
stylized:0.372
poverty:0.36725
adolescence:0.3665
slow paced:0.36475
silent:0.36275
black and white:0.3565
story:0.35475
