batman:0.96
gunfight:0.902
based on a comic:0.89575
animation:0.882
violent:0.8755
based on a video game:0.85775
violence:0.8545
pg-13:0.854
original:0.8435
vigilante:0.83675
dc comics:0.82925
vengeance:0.827
superheroes:0.82175
suicide:0.816
justice:0.7935
dialogue:0.79275
action:0.78925
dark humor:0.78525
super hero:0.7715
corruption:0.73675
fight scenes:0.72675
good soundtrack:0.714
superhero:0.71325
franchise:0.70525
series:0.693
vigilantism:0.6895
moral ambiguity:0.689
dark hero:0.6865
good:0.6825
animated:0.67175
goofy:0.65975
highly quotable:0.64975
video game:0.6455
intense:0.64475
humor:0.644
great movie:0.63925
adaptation:0.63525
firefly:0.635
honest:0.63275
comic book:0.62775
fun movie:0.627
oscar (best actress):0.62475
story:0.6125
good action:0.61025
great:0.60775
fun:0.6055
comic:0.589
comics:0.57875
dark:0.577
life philosophy:0.576
animal movie:0.5625
super-hero:0.55975
videogame:0.5555
gritty:0.5455
based on comic:0.543
action packed:0.5405
alter ego:0.53625
shallow:0.53575
nocturnal:0.53375
mentor:0.53375
runaway:0.5335
awesome soundtrack:0.53175
kids and family:0.5285
very funny:0.5175
classic car:0.517
social commentary:0.5095
graphic novel:0.50925
revenge:0.49975
melancholic:0.49425
satire:0.493
anti-hero:0.47825
storytelling:0.4715
cool:0.4715
very good:0.468
fighting:0.465
humorous:0.46425
nudity (full frontal - brief):0.45925
very interesting:0.45575
harsh:0.45275
video games:0.45025
teen:0.44975
entertaining:0.449
alternate history:0.44775
great ending:0.44725
oscar (best supporting actress):0.4455
drugs:0.445
cult classic:0.444
quotable:0.443
gory:0.442
big budget:0.439
so bad it's funny:0.4385
awesome:0.438
redemption:0.436
dystopia:0.43475
catastrophe:0.4345
unusual plot structure:0.4335
weapons:0.432
grindhouse:0.43
entirely dialogue:0.43
witty:0.43
