visually appealing:0.81775
original:0.64575
surreal:0.5635
good soundtrack:0.55625
destiny:0.5535
enigmatic:0.548
teen movie:0.5355
runaway:0.53
great ending:0.517
teenager:0.508
road trip:0.4935
adolescence:0.48375
weird:0.47775
romantic:0.47075
dialogue:0.46825
pointless:0.468
nudity (full frontal - brief):0.44625
memory:0.44225
so bad it's funny:0.42875
catastrophe:0.4285
boarding school:0.418
mentor:0.41425
boring:0.3985
very interesting:0.393
teen:0.37725
predictable:0.37625
cinematography:0.376
classic car:0.37425
school:0.3725
boring!:0.37025
romance:0.36225
story:0.35725
nudity (rear):0.35575
great:0.35425
storytelling:0.35175
unlikely friendships:0.3445
bad ending:0.3435
death:0.34275
bullying:0.34
male nudity:0.3345
fantasy world:0.33175
not funny:0.32575
entirely dialogue:0.32075
hospital:0.317
first contact:0.31325
good:0.31275
high school:0.31275
quirky:0.30975
life & death:0.30925
writers:0.30825
hitman:0.30525
complex:0.30325
melancholic:0.2985
suprisingly clever:0.298
intense:0.29575
relationships:0.29
brutality:0.28975
lone hero:0.28925
underrated:0.287
nudity (topless - notable):0.2785
mystery:0.27675
teens:0.2765
police investigation:0.272
adaptation:0.2715
overrated:0.27025
teenagers:0.2665
light:0.26625
silly fun:0.2645
redemption:0.25975
life philosophy:0.25825
existentialism:0.25775
childhood:0.25425
cult film:0.254
harsh:0.2535
culture clash:0.2485
very funny:0.2475
vampire human love:0.2435
nocturnal:0.24125
bad plot:0.241
surrealism:0.239
transformation:0.23725
slapstick:0.2345
pg-13:0.2335
gangsters:0.2335
justice:0.233
vengeance:0.22525
criterion:0.2235
action packed:0.22275
allegory:0.2215
unfunny:0.22075
dreamlike:0.22075
adventure:0.21775
kids and family:0.21725
obsession:0.21725
twist ending:0.217
love story:0.217
pornography:0.21625
chase:0.21625
friendship:0.215
reflective:0.2125
