violence:0.99275
violent:0.9925
brutality:0.98525
brutal:0.97925
australia:0.9565
gratuitous violence:0.9405
gangs:0.93325
skinhead:0.9275
visceral:0.91975
neo-nazis:0.9
disturbing:0.876
good soundtrack:0.864
social commentary:0.83775
harsh:0.8235
original:0.8105
racism:0.81025
controversial:0.802
fascism:0.778
sexualized violence:0.7615
intense:0.7585
redemption:0.751
gangsters:0.75
bleak:0.72775
runaway:0.7275
cult classic:0.717
pornography:0.69975
independent film:0.69575
censorship:0.68625
bloody:0.6835
graphic novel:0.66625
realistic:0.6605
great acting:0.64225
gritty:0.63975
interesting:0.63775
australian:0.6325
dialogue:0.6225
stylized:0.6185
weird:0.61125
forceful:0.61025
drinking:0.59575
hit men:0.5875
stereotypes:0.58725
gory:0.583
very interesting:0.57625
friendship:0.5755
psychology:0.57175
powerful ending:0.5695
nazis:0.56075
betrayal:0.55025
anti-hero:0.546
dysfunctional family:0.5405
vengeance:0.53125
prejudice:0.5305
obsession:0.52925
dark humor:0.52725
insanity:0.524
nazi:0.5225
revenge:0.52125
hard to watch:0.51625
grim:0.51625
enigmatic:0.51525
immigrants:0.51275
corruption:0.51075
cult film:0.50475
fight scenes:0.5015
criterion:0.49725
dark:0.4965
highly quotable:0.49525
dark hero:0.4925
great ending:0.48575
great:0.4855
male nudity:0.4825
narrated:0.4805
intimate:0.47425
gunfight:0.474
gangster:0.474
unlikely friendships:0.472
pointless:0.468
psychological:0.45875
race issues:0.458
golden palm:0.45275
crime gone awry:0.44775
talky:0.4445
morality:0.44325
confrontational:0.4425
moral ambiguity:0.44
vigilantism:0.4395
melancholic:0.4395
justice:0.439
complex:0.4345
mentor:0.43175
grindhouse:0.43
loneliness:0.42975
visually appealing:0.42825
ironic:0.42475
adapted from:book:0.4245
good acting:0.42125
culture clash:0.41775
cinematography:0.41525
exceptional acting:0.41475
