mentor:0.87625
documentary:0.82625
character study:0.723
original:0.718
childhood:0.6855
brutality:0.68175
life philosophy:0.655
islam:0.64625
biographical:0.626
honest:0.62525
very interesting:0.60025
corruption:0.59925
life & death:0.597
reflective:0.5545
boxing:0.546
death:0.53975
greed:0.537
bullying:0.52475
artistic:0.52375
sports:0.51125
redemption:0.5035
intimate:0.5035
life:0.49025
narrated:0.47325
factual:0.46525
movielens top pick:0.462
great:0.44025
criterion:0.439
unusual plot structure:0.4325
biography:0.43175
interesting:0.4275
social commentary:0.413
story:0.4085
runaway:0.4065
brutal:0.401
betrayal:0.3975
culture clash:0.395
catastrophe:0.39225
alone in the world:0.38875
unlikely friendships:0.3825
prison:0.381
good soundtrack:0.3795
inspirational:0.37625
manipulation:0.373
fighting:0.3685
light:0.36575
great ending:0.36225
not funny:0.362
idealism:0.35675
true story:0.356
melancholic:0.3545
dreams:0.353
storytelling:0.35
demons:0.34675
california:0.3465
drug addiction:0.34225
brainwashing:0.34225
tragedy:0.34225
highly quotable:0.342
visually appealing:0.342
suprisingly clever:0.341
complex:0.33825
enigmatic:0.3375
talky:0.3305
nostalgic:0.32825
biopic:0.32825
biting:0.32725
transformation:0.32525
dialogue:0.32225
weird:0.32075
sad:0.3185
fight scenes:0.30525
classic car:0.303
weapons:0.30175
adaptation:0.299
las vegas:0.29475
pornography:0.28925
obsession:0.2875
harsh:0.287
internet:0.28525
drug abuse:0.28525
motorcycle:0.28425
good:0.28225
imdb top 250:0.28225
cerebral:0.282
depression:0.28125
clever:0.277
stylized:0.275
great movie:0.2745
cinematography:0.27375
pg-13:0.272
loneliness:0.27075
thought-provoking:0.2705
rape:0.27
underdog:0.26775
gunfight:0.26625
complex characters:0.266
unfunny:0.263
poignant:0.26225
violent:0.26225
