noir thriller:0.926
narrated:0.9085
noir:0.9085
film noir:0.87975
unusual plot structure:0.83525
mob:0.7865
pornography:0.78375
crime:0.76275
cinematography:0.7515
moody:0.72825
gangsters:0.7265
harsh:0.7225
grim:0.6935
assassination:0.6575
san francisco:0.64675
gangster:0.64475
greed:0.63875
criterion:0.63825
original:0.622
photography:0.6175
black and white:0.61725
enigmatic:0.5965
police investigation:0.5665
great:0.56475
crime gone awry:0.5585
identity:0.54225
tense:0.5405
talky:0.53475
gunfight:0.52025
stylized:0.502
ominous:0.471
pulp:0.46775
corruption:0.46425
los angeles:0.4625
great ending:0.46225
downbeat:0.45725
runaway:0.4565
obsession:0.45475
investigation:0.45425
light:0.447
sexy:0.4465
stylish:0.44575
good soundtrack:0.443
betrayal:0.4425
photographer:0.43375
dialogue:0.41775
catastrophe:0.41425
classic:0.412
drinking:0.4065
paranoid:0.40425
imdb top 250:0.4025
suspenseful:0.40025
story:0.3945
nudity (full frontal - brief):0.39125
california:0.39025
melancholic:0.38075
oscar (best directing):0.378
atmospheric:0.374
gritty:0.3695
suprisingly clever:0.369
entirely dialogue:0.3675
paranoia:0.363
great movie:0.3585
suspense:0.35225
creepy:0.34575
grindhouse:0.3385
serial killer:0.3385
complex:0.33825
violence:0.33825
murder:0.336
golden palm:0.3295
relationships:0.329
very interesting:0.3285
classic car:0.32775
satirical:0.3265
adapted from:book:0.3255
not funny:0.32425
mentor:0.32175
clever:0.32175
documentary:0.31575
spiders:0.31275
adaptation:0.303
macabre:0.3025
surreal:0.30225
intimate:0.30025
drama:0.29675
british:0.29625
loneliness:0.29375
culture clash:0.2935
affectionate:0.293
storytelling:0.2905
psychological:0.2835
visual:0.2805
moral ambiguity:0.27925
secret service:0.27825
oscar (best supporting actress):0.27625
bank robbery:0.27575
art:0.2735
switching places:0.27125
based on a book:0.271
