oscar (best foreign language film):0.97975
reflective:0.94525
meditative:0.94225
social commentary:0.93575
dialogue driven:0.92575
loneliness:0.91025
intimate:0.899
intellectual:0.896
melancholic:0.885
amazing cinematography:0.867
long:0.8535
enigmatic:0.85075
criterion:0.84625
complex:0.84425
art house:0.81475
character study:0.81425
islam:0.81375
hotel:0.8095
existentialism:0.79425
cerebral:0.7875
masterpiece:0.7855
allegory:0.78175
philosophical:0.78025
breathtaking:0.77225
beautifully filmed:0.751
talky:0.747
golden palm:0.71875
visceral:0.7155
lyrical:0.708
cinematography:0.70025
visually stunning:0.6885
life philosophy:0.6715
dialogue:0.67075
weird:0.66125
storytelling:0.6575
foreign:0.653
original:0.6505
guilt:0.64975
bleak:0.63825
pornography:0.63525
depression:0.62875
melancholy:0.61875
relationships:0.6065
greed:0.6055
entirely dialogue:0.594
solitude:0.5795
dysfunctional family:0.56925
cathartic:0.56875
russian:0.56625
obsession:0.5525
culture clash:0.54875
harsh:0.5455
thought-provoking:0.545
drinking:0.5445
great acting:0.53825
humanity:0.52575
mentor:0.52375
good soundtrack:0.51875
affectionate:0.51475
downbeat:0.51475
catastrophe:0.50825
visual:0.50725
grim:0.5035
adultery:0.5025
visually appealing:0.5015
poetry:0.49975
exceptional acting:0.495
boring!:0.49125
isolation:0.4825
beautiful scenery:0.479
drama:0.4755
psychology:0.47475
stoner movie:0.4725
artsy:0.4655
philosophy:0.45175
life & death:0.45
off-beat comedy:0.44875
dreamlike:0.445
grindhouse:0.43975
runaway:0.4395
suprisingly clever:0.43225
stylized:0.42675
atmospheric:0.425
marriage:0.42225
cynical:0.4195
redemption:0.41825
independent film:0.41275
identity:0.40825
narrated:0.3985
dramatic:0.39375
too long:0.38975
small town:0.3875
art:0.3875
betrayal:0.3855
slow:0.3835
complex characters:0.38325
idealism:0.3795
honest:0.3775
crime gone awry:0.37675
dreams:0.3765
