vampire:0.9955
vampires:0.9875
gothic:0.98
horror:0.97725
nocturnal:0.9695
immortality:0.9565
creepy:0.9455
supernatural:0.914
dark:0.883
eerie:0.86825
monster:0.8385
macabre:0.82375
spiders:0.81675
goth:0.807
original:0.78825
atmospheric:0.7625
special effects:0.74475
mad scientist:0.73725
mummy:0.696
cult classic:0.69075
transformation:0.685
vampire human love:0.65675
cult film:0.642
hospital:0.6295
blood:0.625
monsters:0.617
suspense:0.61625
ghosts/afterlife:0.6135
melancholic:0.6105
effects:0.597
splatter:0.57975
frightening:0.57225
dark fantasy:0.57225
story:0.569
werewolves:0.5635
insanity:0.559
moody:0.5495
adaptation:0.53975
death:0.53825
scary:0.53775
zombie:0.527
demons:0.507
sequels:0.50175
weird:0.5005
visual:0.49375
so bad it's funny:0.4925
dark hero:0.48775
werewolf:0.4835
tragedy:0.46975
violence:0.46925
goretastic:0.4655
low budget:0.45975
film noir:0.4585
predictable:0.4585
great:0.457
small town:0.4555
criterion:0.44875
dialogue:0.448
author:neil gaiman:0.44425
depp & burton:0.44225
classic:0.44075
good sequel:0.44025
stop motion:0.4335
stylized:0.431
wilderness:0.43025
talky:0.42975
destiny:0.42575
great ending:0.4205
franchise:0.41725
suspenseful:0.413
camp:0.40425
psychological:0.40275
grindhouse:0.401
1930s:0.40025
gory:0.39975
stylish:0.3955
doctors:0.39225
solitude:0.38375
cinematography:0.383
great acting:0.38275
mentor:0.3825
voodoo:0.3815
intense:0.38125
not funny:0.37725
family:0.372
catastrophe:0.37
visceral:0.36725
lone hero:0.36425
adapted from:book:0.36275
overrated:0.362
ghosts:0.36
murder:0.3585
great movie:0.356
sci fi:0.3545
visually appealing:0.35225
campy:0.352
violent:0.3475
blindness:0.34725
bad plot:0.3465
disturbing:0.34575
