boxing:0.9385
sports:0.9115
mentor:0.9055
corruption:0.8725
black and white:0.87075
dramatic:0.85825
criterion:0.83775
original:0.79025
great acting:0.781
oscar (best actress):0.773
bleak:0.75625
great:0.75025
talky:0.72525
grim:0.72375
childhood:0.7155
imdb top 250:0.69875
compassionate:0.6915
great movie:0.6875
oscar (best directing):0.68425
drama:0.68325
unusual plot structure:0.66375
movielens top pick:0.658
depression:0.6455
crime gone awry:0.638
character study:0.63225
oscar (best supporting actress):0.6315
runaway:0.621
heartbreaking:0.6205
drinking:0.61875
friendship:0.61225
classic:0.60925
adaptation:0.60625
downbeat:0.60125
good:0.5995
gritty:0.59525
tense:0.58375
forceful:0.5815
affectionate:0.5795
redemption:0.57925
light:0.576
greed:0.575
unlikely friendships:0.57
story:0.5595
poverty:0.55775
depressing:0.54025
suspense:0.52325
based on a play:0.52025
harsh:0.513
honest:0.509
cynical:0.5085
great ending:0.50625
narrated:0.5025
gangsters:0.49875
future:0.4965
doctors:0.49625
aging:0.487
biography:0.48375
transformation:0.4815
oscar (best supporting actor):0.47725
cerebral:0.47475
tragedy:0.47375
blindness:0.46925
culture clash:0.46925
inspirational:0.4685
idealism:0.46675
reflective:0.46275
good acting:0.46175
betrayal:0.461
islam:0.4605
excellent:0.46025
interesting:0.45625
suprisingly clever:0.45475
fighting the system:0.45375
death:0.45125
allegory:0.448
masterpiece:0.4475
good soundtrack:0.433
happy ending:0.42975
melancholic:0.42825
british:0.426
social commentary:0.42275
artistic:0.4225
atmospheric:0.4225
murder:0.42175
dark hero:0.418
melancholy:0.41725
gunfight:0.416
fun movie:0.415
life philosophy:0.41325
gangster:0.41325
enigmatic:0.41325
television:0.411
earnest:0.4085
loneliness:0.4075
dialogue:0.407
very interesting:0.40625
mob:0.40575
gambling:0.404
storytelling:0.40325
oscar winner:0.391
