motorcycle:0.99775
racing:0.94875
obsession:0.77975
road movie:0.731
narrated:0.7275
original:0.681
race:0.66925
canada:0.6655
california:0.6255
unusual plot structure:0.61475
very interesting:0.57625
finnish:0.575
fun movie:0.55375
documentary:0.551
good soundtrack:0.541
mentor:0.53825
justice:0.52375
movielens top pick:0.50325
feel-good:0.5025
chase:0.4985
solitude:0.49225
talky:0.49025
melancholic:0.48725
so bad it's funny:0.48625
surfing:0.4795
fun:0.456
transformation:0.43775
internet:0.4355
catastrophe:0.4335
prejudice:0.433
harsh:0.4305
cult film:0.42875
80s:0.42775
suprisingly clever:0.42025
feel good movie:0.41975
time:0.41775
entertaining:0.4125
sports:0.41025
cool:0.40875
male nudity:0.4055
culture clash:0.404
cult classic:0.38425
memory:0.3795
brutality:0.379
criterion:0.37625
storytelling:0.3705
corruption:0.37
runaway:0.36475
silly fun:0.3645
gangs:0.35875
intimate:0.3535
lone hero:0.3505
life & death:0.3485
great:0.348
technology:0.34775
dialogue:0.34525
good:0.34475
race issues:0.34425
spying:0.34175
mad scientist:0.34025
indie:0.34025
end of the world:0.33775
loneliness:0.33775
sexy:0.333
passionate:0.32775
grindhouse:0.327
nudity (full frontal - brief):0.32625
free to download:0.3225
very funny:0.316
childhood:0.31375
art:0.31225
desert:0.3035
not funny:0.30075
betrayal:0.3005
sexualized violence:0.297
hunting:0.29225
intense:0.28875
great ending:0.2875
brainwashing:0.285
classic car:0.28275
competition:0.27875
light:0.2775
dark hero:0.27575
vengeance:0.2755
enigmatic:0.2745
quirky:0.27125
weapons:0.27125
adaptation:0.26575
beautiful scenery:0.2645
weird:0.26125
beer:0.26
interesting:0.2575
unfunny:0.25675
insanity:0.25425
goofy:0.253
love:0.25175
self discovery:0.25025
1970s:0.24925
australia:0.2485
witty:0.24825
