pornography:0.93725
sexual:0.881
criterion:0.86875
surreal:0.839
erotic:0.83125
women:0.7915
male nudity:0.73825
oscar (best foreign language film):0.732
enigmatic:0.7215
intimate:0.7075
life & death:0.7045
culture clash:0.69975
reflective:0.69025
cerebral:0.68425
original:0.6775
art house:0.667
dreams:0.659
sexy:0.6445
disturbing:0.64425
life philosophy:0.641
stylized:0.63775
obsession:0.607
dreamlike:0.60225
harsh:0.599
melancholic:0.59475
sex:0.5905
satirical:0.587
good soundtrack:0.5755
sexualized violence:0.56575
bleak:0.5655
very interesting:0.55675
loneliness:0.54825
weird:0.546
fantasy:0.54225
masterpiece:0.528
cinematography:0.5185
talky:0.51275
art:0.475
intellectual:0.47475
brutality:0.467
nudity (full frontal - notable):0.46675
golden palm:0.4655
existentialism:0.46175
surrealism:0.4575
mentor:0.45
beautifully filmed:0.44325
absurd:0.443
ironic:0.439
sexual abuse:0.434
runaway:0.43325
weapons:0.42975
visual:0.41125
catastrophe:0.3955
futuristic:0.3935
pointless:0.3925
allegory:0.38625
social commentary:0.386
crazy:0.3845
so bad it's funny:0.37675
dialogue:0.3765
passionate:0.367
visually appealing:0.36525
melancholy:0.361
fantasy world:0.36075
cheating:0.35875
relationships:0.3565
stereotypes:0.352
drugs:0.35025
great ending:0.34475
spanish:0.342
beautiful:0.3305
satire:0.32725
italy:0.32725
meditative:0.326
unusual plot structure:0.32225
storytelling:0.31975
not funny:0.318
bizarre:0.31225
censorship:0.31225
controversial:0.312
sexuality:0.3085
confusing:0.3065
suprisingly clever:0.304
atmospheric:0.3035
stylish:0.3025
fascism:0.3005
entirely dialogue:0.3
nudity (full frontal):0.2995
multiple storylines:0.29775
colourful:0.29475
gay character:0.292
destiny:0.29025
queer:0.28725
imdb top 250:0.28575
violent:0.28125
visually stunning:0.28
narrated:0.28
foreign:0.27175
betrayal:0.271
1930s:0.27025
