weird:0.9745
surreal:0.95375
loneliness:0.95075
love:0.93925
original:0.9095
quirky:0.9085
relationships:0.85975
visually appealing:0.843
interesting:0.83975
cerebral:0.834
complex:0.83125
bittersweet:0.8285
love story:0.819
eccentricity:0.80825
intimate:0.80675
enigmatic:0.8035
obsession:0.79325
melancholic:0.77375
stylized:0.7635
romance:0.7415
dark humor:0.7305
dialogue:0.7305
pornography:0.71575
violent:0.71575
off-beat comedy:0.71475
good soundtrack:0.712
cinematography:0.70875
surrealism:0.70825
unique:0.68525
storytelling:0.6775
dreamlike:0.67625
existentialism:0.67475
very interesting:0.67475
tense:0.67
nonlinear:0.66525
psychological:0.66275
art house:0.66225
whimsical:0.662
psychology:0.661
character study:0.658
cult film:0.65775
amazing cinematography:0.65675
artsy:0.655
strange:0.652
intellectual:0.64975
oscar (best directing):0.64625
social commentary:0.64425
mindfuck:0.63325
romantic:0.63125
talky:0.62975
criterion:0.62925
life philosophy:0.62375
violence:0.618
absurd:0.61325
visceral:0.602
melancholy:0.6015
complicated:0.598
depression:0.5935
great acting:0.576
insanity:0.57475
pointless:0.5735
artistic:0.5705
visually stunning:0.5655
bleak:0.565
crazy:0.56275
sisters:0.5605
great ending:0.5545
intense:0.55325
clever:0.55325
emotional:0.55075
dysfunctional family:0.5495
bizarre:0.54325
pretentious:0.541
dark:0.5355
mental illness:0.535
redemption:0.53375
visual:0.5295
golden palm:0.52875
entirely dialogue:0.528
indie:0.52575
claustrophobic:0.5225
cult classic:0.51775
independent film:0.5155
imdb top 250:0.5145
honest:0.4995
twists & turns:0.49875
disturbing:0.49675
dark comedy:0.48875
harsh:0.484
paranoid:0.484
grindhouse:0.46575
confusing:0.4615
brutality:0.4605
stylish:0.459
oscar (best cinematography):0.455
catastrophe:0.453
wistful:0.45025
ironic:0.44925
depressing:0.4485
great:0.44825
