family:0.903
fantasy:0.89925
childhood:0.78325
touching:0.7765
children:0.7605
original:0.6995
heartwarming:0.69325
family bonds:0.693
fantasy world:0.653
happy ending:0.65125
sappy:0.636
80s:0.62925
love:0.60175
feel-good:0.57825
death:0.5655
kids:0.5135
mentor:0.5115
fun movie:0.506
nostalgic:0.49875
dysfunctional family:0.4985
emotional:0.49625
storytelling:0.49325
great:0.48725
family drama:0.48575
cancer:0.481
drama:0.474
sweet:0.457
catastrophe:0.457
sentimental:0.4555
destiny:0.4505
great ending:0.44625
poignant:0.44125
dreams:0.44075
unlikely friendships:0.4245
feel good movie:0.4155
story:0.415
culture clash:0.40975
inspirational:0.4065
nostalgia:0.40475
parenthood:0.404
great movie:0.40325
good soundtrack:0.40025
courage:0.3985
melancholic:0.396
life philosophy:0.39525
relationships:0.395
adoption:0.393
1980s:0.3875
dialogue:0.38725
friendship:0.382
good:0.36975
kids and family:0.36725
romantic:0.36475
predictable:0.3555
ensemble cast:0.35025
hospital:0.346
cheesy:0.34375
memory:0.342
bullying:0.3415
vengeance:0.341
coming of age:0.33775
fun:0.336
teen movie:0.332
underrated:0.33
runaway:0.32725
pg-13:0.3265
not funny:0.319
natural disaster:0.317
beautiful scenery:0.31475
redemption:0.31075
oscar winner:0.30975
light:0.30675
love story:0.305
coming-of-age:0.305
australia:0.30425
police investigation:0.30375
transformation:0.30025
awesome soundtrack:0.299
first contact:0.29725
tear jerker:0.29575
brothers:0.29425
bittersweet:0.29375
teen:0.2795
dramatic:0.27575
lone hero:0.274
brutality:0.269
complex:0.26525
excellent:0.261
chase:0.25775
exceptional acting:0.25725
adaptation:0.25625
quirky:0.254
weird:0.2525
silly fun:0.25075
too long:0.24875
oscar (best directing):0.2485
romance:0.24775
overrated:0.24725
pornography:0.24575
magic:0.2455
