classical music:0.979
mozart:0.97725
music:0.976
biographical:0.9755
biopic:0.963
biography:0.91075
musicians:0.9105
drama:0.88675
great acting:0.87475
mentor:0.8635
18th century:0.8355
storytelling:0.81925
beautifully filmed:0.805
dramatic:0.79975
historical:0.779
original:0.75275
destiny:0.751
good soundtrack:0.74025
passionate:0.738
great movie:0.72475
intense:0.71975
great ending:0.71475
reflective:0.70775
visual:0.69825
story:0.6945
creativity:0.6865
great:0.6835
great music:0.67575
redemption:0.67475
life:0.6745
enigmatic:0.65125
factual:0.6445
oscar (best directing):0.6185
cinematography:0.617
underrated:0.617
imdb top 250:0.606
good:0.6035
visually appealing:0.601
oscar:0.60075
dialogue:0.5935
costume drama:0.58425
melancholic:0.583
complex:0.5725
period piece:0.57125
masterpiece:0.55775
artistic:0.5515
genius:0.54925
excellent:0.54825
betrayal:0.54775
exceptional acting:0.54625
good music:0.53925
stunning:0.53625
mental illness:0.532
good acting:0.53
breathtaking:0.52325
artist:0.5205
earnest:0.50625
great soundtrack:0.5055
visually stunning:0.5005
emotional:0.4975
childhood:0.4945
art:0.49275
pg-13:0.48425
poignant:0.47425
justice:0.47375
life & death:0.47175
interesting:0.471
highly quotable:0.47
based on book:0.47
transformation:0.46375
culture clash:0.46175
tragedy:0.45725
plot twist:0.45425
suprisingly clever:0.4535
adaptation:0.44725
catastrophe:0.44675
plot:0.44625
musical:0.4415
clever:0.4415
unusual plot structure:0.44125
cult classic:0.439
harsh:0.43775
love story:0.4335
touching:0.43325
revolution:0.43
insanity:0.42675
atmospheric:0.4235
runaway:0.42275
very interesting:0.42275
beautiful:0.42
inspirational:0.4185
beautiful scenery:0.41625
excellent script:0.416
nudity (full frontal - notable):0.4135
life philosophy:0.40625
oscar (best actress):0.40525
rebellion:0.39675
adapted from:book:0.39525
awesome soundtrack:0.3875
heartbreaking:0.38725
