animation:0.96625
weird:0.96375
anime:0.946
violence:0.916
brutality:0.90275
stylized:0.89525
enigmatic:0.88675
japan:0.852
criterion:0.802
insanity:0.78575
original:0.77675
surreal:0.77475
irreverent:0.75375
tokyo:0.7535
animated:0.7475
very interesting:0.74375
vengeance:0.74275
visual:0.73525
bittersweet:0.71525
humorous:0.71375
absurd:0.7135
good soundtrack:0.7105
visceral:0.70725
art:0.702
creativity:0.6985
social commentary:0.68575
classic car:0.672
sexualized violence:0.66875
strange:0.66125
prison:0.65525
artistic:0.6485
life & death:0.6415
futuristic:0.63775
clones:0.626
narrated:0.6245
violent:0.60475
talky:0.59725
cult classic:0.59725
harsh:0.582
obsession:0.5775
imagination:0.577
japanese:0.57575
spanish:0.5745
psychedelic:0.567
male nudity:0.565
storytelling:0.5645
dark humor:0.56325
culture clash:0.563
macabre:0.5625
bloody:0.5615
gunfight:0.55875
visually appealing:0.55825
intimate:0.55275
crazy:0.549
colourful:0.531
stylish:0.5265
dreamlike:0.5255
breathtaking:0.52475
hit men:0.52375
brutal:0.51775
loneliness:0.51725
assassination:0.509
cinematography:0.503
disturbing:0.497
golden palm:0.4955
quirky:0.4865
great:0.48325
organized crime:0.48075
free to download:0.47825
dark:0.47675
light:0.4755
life:0.474
mentor:0.46425
surrealism:0.464
whimsical:0.46375
affectionate:0.4545
gangsters:0.453
action:0.45175
nudity (topless - notable):0.45175
relationships:0.44975
atmospheric:0.44825
mob:0.44675
ironic:0.44375
artist:0.44175
melancholy:0.44075
pointless:0.44025
sexual:0.44
forceful:0.4395
chase:0.4375
art house:0.437
distopia:0.43425
suprisingly clever:0.43375
character study:0.43375
bizarre:0.43
nudity (full frontal - notable):0.42625
hitman:0.42425
giant robots:0.42025
interesting:0.41975
stop motion:0.41925
crime:0.41825
