noir:0.9345
organized crime:0.9335
film noir:0.89425
mob:0.878
bleak:0.856
gangsters:0.851
betrayal:0.82825
greed:0.82625
corruption:0.8205
dialogue:0.8195
crime:0.8005
lawyer:0.80025
black and white:0.787
gangster:0.77525
crime gone awry:0.76375
talky:0.756
gritty:0.751
downbeat:0.717
criterion:0.6925
stylized:0.68725
lawyers:0.686
cynical:0.68
guilt:0.67425
unusual plot structure:0.673
entirely dialogue:0.67125
moody:0.669
capitalism:0.65075
police investigation:0.647
great ending:0.64375
cinematography:0.63625
twists & turns:0.63175
classic:0.631
harsh:0.62775
new york:0.62675
photography:0.61375
original:0.61225
atmospheric:0.609
suprisingly clever:0.60125
ominous:0.58825
gunfight:0.587
enigmatic:0.58625
imdb top 250:0.58425
investigation:0.57025
kidnapping:0.54075
narrated:0.539
great acting:0.52875
redemption:0.5285
tense:0.525
murder:0.525
noir thriller:0.5205
political:0.51625
runaway:0.50925
golden palm:0.49675
interesting:0.49225
morality:0.47925
complex:0.476
vengeance:0.476
catastrophe:0.473
hitman:0.46575
cult film:0.454
hotel:0.45125
politics:0.446
melancholic:0.44275
business:0.441
off-beat comedy:0.44025
obsession:0.43825
masterpiece:0.43825
manipulation:0.435
intimate:0.42425
complicated:0.41625
grim:0.41425
story:0.4135
weird:0.4095
revenge:0.4015
new york city:0.4005
assassination:0.3995
moral ambiguity:0.3965
pornography:0.39475
storytelling:0.3935
very interesting:0.38925
great:0.38775
suspense:0.3825
neo-noir:0.37925
brothers:0.37875
highly quotable:0.372
loneliness:0.371
complex characters:0.3695
death:0.36175
script:0.35975
brutality:0.359
anti-hero:0.35725
exceptional acting:0.35675
reflective:0.35275
california:0.348
oscar (best directing):0.34725
artistic:0.345
dark:0.3435
good soundtrack:0.3395
police corruption:0.3355
drinking:0.332
