girlie movie:0.99475
chick flick:0.95625
romantic comedy:0.94375
teen movie:0.88925
fashion:0.843
feel-good:0.82575
cute:0.807
cute!:0.7955
childhood:0.78275
sweet:0.76775
pg-13:0.7305
teen:0.7265
fun movie:0.72125
romantic:0.70825
comedy:0.69675
destiny:0.69225
original:0.677
friendship:0.67375
predictable:0.669
good romantic comedies:0.66625
happy ending:0.657
feel good movie:0.646
nostalgic:0.64025
romance:0.63275
teens:0.6295
80s:0.6165
unlikely friendships:0.58275
fun:0.576
women:0.575
good soundtrack:0.5735
new jersey:0.5595
teenager:0.547
runaway:0.54525
high school:0.541
great ending:0.51675
great:0.51125
family:0.49375
love story:0.48875
mentor:0.47475
light:0.471
workplace:0.454
sexy:0.42875
coming of age:0.428
memory loss:0.42025
catastrophe:0.41475
aging:0.40775
adolescence:0.40775
teenagers:0.40175
fantasy:0.399
funny:0.3985
good:0.3975
silly:0.39325
guilty pleasure:0.38975
switching places:0.38625
not funny:0.37775
story:0.3725
transformation:0.37125
better than expected:0.367
stereotypes:0.366
redemption:0.353
geeks:0.3485
kids:0.34275
dialogue:0.34075
culture clash:0.338
fantasy world:0.337
school:0.3325
very funny:0.32475
shopping:0.31225
betrayal:0.3095
police investigation:0.30875
first contact:0.30225
nerds:0.29825
fairy tale:0.29825
brutality:0.2915
adaptation:0.29125
unfunny:0.29075
touching:0.2905
dumb but funny:0.2885
shallow:0.28625
geek:0.28375
good versus evil:0.28325
cool:0.2795
crude humor:0.2775
thriller:0.275
life philosophy:0.26425
great movie:0.264
bullying:0.26375
pornography:0.2615
great acting:0.26125
dreams:0.261
clever:0.261
alter ego:0.2555
sentimental:0.25375
melancholic:0.25175
bad plot:0.2515
silly fun:0.25075
storytelling:0.247
quirky:0.2465
coming-of-age:0.246
entertaining:0.2455
