gay:0.9945
coming of age:0.992
gay character:0.983
homosexuality:0.97925
glbt:0.976
queer:0.9555
coming-of-age:0.942
bittersweet:0.93975
love:0.928
melancholic:0.913
germany:0.89475
homophobia:0.888
friendship:0.87475
adolescence:0.8635
affectionate:0.8585
unlikely friendships:0.8145
loneliness:0.81325
sexual:0.78825
camp:0.7775
drinking:0.772
original:0.7545
relationships:0.7515
teenager:0.74325
german:0.73
touching:0.72675
drama:0.724
cinematography:0.72225
feel-good:0.70375
nostalgic:0.7025
depression:0.68625
sexuality:0.68625
fantasy world:0.6825
women:0.6735
pornography:0.66025
good soundtrack:0.65
teen:0.6425
teenagers:0.6395
good:0.6335
berlin:0.633
love story:0.618
beautifully filmed:0.61475
foreign:0.61375
stereotypes:0.61275
obsession:0.6115
teens:0.60875
feel good movie:0.59775
honest:0.5975
male nudity:0.5945
teen movie:0.5935
mentor:0.59025
secrets:0.5825
runaway:0.57775
childhood:0.5765
art house:0.56825
sexy:0.568
light:0.56525
romance:0.5585
emotional:0.54875
indie:0.5425
fairy tale:0.5385
prejudice:0.53825
manipulation:0.5325
grindhouse:0.529
sweet:0.527
realistic:0.522
intimate:0.52025
happy ending:0.5135
social commentary:0.51325
awesome soundtrack:0.512
cool:0.50925
beautiful:0.49775
idealism:0.49775
sacrifice:0.49425
lesbian:0.4895
self discovery:0.48575
school:0.48425
classic car:0.4745
virginity:0.46525
golden palm:0.461
great ending:0.45675
bullying:0.45525
girlie movie:0.45475
criterion:0.4435
oscar (best foreign language film):0.44275
oscar (best actress):0.4425
independent film:0.43175
addiction:0.43075
romantic:0.42075
harsh:0.419
dialogue:0.41725
catastrophe:0.41625
identity:0.41175
dysfunctional family:0.4095
visually appealing:0.4075
family drama:0.40125
passionate:0.39225
beautiful scenery:0.38675
life & death:0.38525
story:0.3815
tragedy:0.377
