radio:0.947
free speech:0.89475
censorship:0.84275
original:0.841
pornography:0.8255
character study:0.80575
very interesting:0.75425
interesting:0.7465
excellent script:0.7335
dialogue:0.731
talky:0.7215
claustrophobic:0.71925
biographical:0.712
great dialogue:0.70775
cerebral:0.70575
obsession:0.70375
social commentary:0.695
life philosophy:0.69125
corruption:0.691
greed:0.6895
intense:0.68775
good soundtrack:0.68775
great ending:0.6775
controversial:0.651
reality tv:0.6505
underrated:0.64425
sarcasm:0.6355
murder:0.634
texas:0.6325
paranoia:0.629
based on a play:0.62775
unusual plot structure:0.62075
great movie:0.6035
narrated:0.59625
mentor:0.594
great:0.59025
crime gone awry:0.58975
complex:0.5895
death:0.58725
masterpiece:0.58475
anti-hero:0.5745
paranoid:0.5675
storytelling:0.55375
brutality:0.5525
capitalism:0.54975
intellectual:0.545
dark:0.54075
psychological:0.53875
relationships:0.53725
oscar (best supporting actress):0.533
adaptation:0.531
dark hero:0.526
drinking:0.52225
moral ambiguity:0.52025
existentialism:0.5195
clever:0.51775
drug abuse:0.51275
violence:0.51225
passionate:0.5065
twists & turns:0.501
drama:0.499
hitman:0.498
disturbing:0.4935
enigmatic:0.4855
violent:0.48425
justice:0.48325
highly quotable:0.48175
internet:0.481
suspense:0.474
intimate:0.46675
criterion:0.4665
nocturnal:0.46625
good:0.465
stylized:0.45825
business:0.45675
cult film:0.455
honest:0.453
imdb top 250:0.449
loneliness:0.4445
tense:0.443
entirely dialogue:0.44075
weird:0.43875
oscar (best directing):0.433
drugs:0.432
gangsters:0.42825
politics:0.4245
dark humor:0.4235
police investigation:0.42325
creativity:0.423
assassination:0.42025
quirky:0.4195
nudity (full frontal - notable):0.41675
mental illness:0.41525
melancholic:0.41525
movielens top pick:0.4115
catastrophe:0.411
stylish:0.41
cult classic:0.40925
redemption:0.40725
quotable:0.40625
