based on a book:0.9965
cancer:0.98275
based on book:0.947
adapted from:book:0.8845
tear jerker:0.8605
relationships:0.84725
family drama:0.844
girlie movie:0.83975
manipulation:0.83125
mother daughter relationship:0.828
teen:0.80125
lawyer:0.799
books:0.797
sisters:0.76975
death:0.75725
life philosophy:0.734
sad but good:0.733
sacrifice:0.7295
heartbreaking:0.7265
emotional:0.72275
touching:0.72225
courtroom:0.71725
chick flick:0.7145
book:0.7055
book was better:0.70225
dysfunctional family:0.69875
drama:0.6945
lawyers:0.6715
original:0.6675
adaptation:0.65625
depression:0.64075
pg-13:0.63975
family:0.63375
dramatic:0.6245
catastrophe:0.62025
destiny:0.6195
family bonds:0.61175
life & death:0.60125
poignant:0.57275
pornography:0.567
great ending:0.56625
melancholic:0.56325
bittersweet:0.56275
intense:0.556
oscar (best actress):0.55525
runaway:0.55525
sad:0.54225
tragedy:0.53775
amazing cinematography:0.52675
justice:0.51925
story:0.5155
great:0.51325
better than expected:0.509
hospital:0.49925
chase:0.49875
doctors:0.48675
mentor:0.48525
good soundtrack:0.48375
survival:0.47625
good:0.47225
sentimental:0.4695
secrets:0.4695
life:0.4535
women:0.44075
literature:0.43975
narrated:0.43825
loneliness:0.4315
happy ending:0.43025
bad ending:0.42925
parenthood:0.42825
predictable:0.426
beautiful scenery:0.4245
transformation:0.402
dialogue:0.4015
thought-provoking:0.397
exceptional acting:0.3965
childhood:0.3955
nudity (full frontal - brief):0.38925
good acting:0.38875
culture clash:0.3875
betrayal:0.3875
pregnancy:0.387
vengeance:0.38375
suspense:0.38225
heartwarming:0.374
romantic:0.37175
love:0.3655
romantic comedy:0.3605
love story:0.36
not funny:0.36
courage:0.358
honest:0.35775
afterlife:0.3555
interesting:0.3545
guilt:0.3365
shallow:0.33325
excellent script:0.33275
very interesting:0.32875
natural disaster:0.328
compassionate:0.32575
