special effects:0.9375
good action:0.9145
chase:0.89475
action:0.86175
fun movie:0.852
suspense:0.82525
cool:0.788
fast paced:0.78325
mentor:0.77775
original:0.7645
thriller:0.744
corruption:0.73925
good:0.7375
murder:0.727
great ending:0.726
entertaining:0.71675
secret service:0.692
twists & turns:0.6885
suspenseful:0.6865
assassination:0.683
story:0.6755
80s:0.65425
great:0.63375
runaway:0.58975
police investigation:0.55825
exciting:0.558
clever:0.55175
fun:0.548
technology:0.5475
revenge:0.54725
effects:0.544
great movie:0.53775
detective:0.533
1980s:0.5225
car chase:0.51175
transformation:0.50775
justice:0.48775
plot twist:0.47575
plot:0.46725
excellent:0.4665
lone hero:0.46475
adventure:0.46325
oscar winner:0.46025
drama:0.459
catastrophe:0.45575
pg-13:0.4505
good acting:0.44925
light:0.444
investigation:0.439
betrayal:0.437
big budget:0.4335
tricky:0.43275
death:0.4295
conspiracy:0.422
mob:0.41775
beautiful scenery:0.4175
destiny:0.41625
culture clash:0.4145
action packed:0.412
dialogue:0.4115
sci fi:0.41025
predictable:0.40275
assassin:0.40025
fight scenes:0.39875
very good:0.393
very interesting:0.39175
vengeance:0.389
good story:0.3885
paranoid:0.388
tense:0.37475
weapons:0.37275
dynamic cgi action:0.3725
classic car:0.369
childhood:0.364
not funny:0.3625
oscar (best supporting actress):0.356
sexy:0.35525
secrets:0.3545
natural disaster:0.354
silly fun:0.3535
original plot:0.3505
new york city:0.3495
storytelling:0.343
suprisingly clever:0.342
greed:0.3405
excellent script:0.338
creativity:0.3315
gangsters:0.3305
adaptation:0.33025
first contact:0.3295
underrated:0.32175
redemption:0.321
fantasy world:0.31625
interesting:0.3155
brutality:0.3145
identity:0.31425
nostalgic:0.30925
great acting:0.3045
good soundtrack:0.30225
silly:0.3015
