mad scientist:0.90275
fun movie:0.7795
campy:0.76825
horror:0.755
monster:0.7465
goofy:0.7385
original:0.716
death:0.67275
cult classic:0.65275
silly:0.63775
grindhouse:0.62125
camp:0.6095
monsters:0.60025
cult film:0.55425
vampire human love:0.52375
teens:0.511
transformation:0.507
weird:0.493
great:0.49275
so bad it's funny:0.4825
fun:0.47325
insanity:0.47225
great ending:0.46375
catastrophe:0.4455
life & death:0.4375
low budget:0.4375
creepy:0.43625
sexy:0.423
splatter:0.42125
great movie:0.419
suspense:0.409
criterion:0.40075
not funny:0.39575
dialogue:0.39075
mentor:0.386
entertaining:0.38125
pornography:0.38125
paranoid:0.3645
murder:0.3565
gory:0.35325
scary:0.352
melancholic:0.3515
nudity (full frontal - notable):0.3495
blood:0.3455
police investigation:0.344
visually appealing:0.341
tragedy:0.33675
runaway:0.33525
demons:0.332
zombie:0.33025
childhood:0.31725
brutality:0.3165
predictable:0.31175
cheesy:0.3085
life philosophy:0.30725
grim:0.30575
talky:0.297
bad acting:0.2965
atmospheric:0.29375
story:0.29375
cool:0.29175
light:0.2905
redemption:0.29
good soundtrack:0.28875
allegory:0.28425
harsh:0.2835
macabre:0.282
enigmatic:0.2815
new jersey:0.2805
gunfight:0.279
adaptation:0.27825
stylized:0.27625
storytelling:0.2655
first contact:0.26425
nudity (full frontal - brief):0.263
male nudity:0.25975
nudity (topless - brief):0.259
culture clash:0.2545
revenge:0.25325
obsession:0.247
affectionate:0.2465
vengeance:0.2465
nudity (topless - notable):0.2465
spiders:0.246
entirely dialogue:0.245
very interesting:0.2435
twists & turns:0.24325
silly fun:0.24225
hunting:0.24175
betrayal:0.23975
wilderness:0.23725
good:0.236
bad plot:0.23575
unusual plot structure:0.23225
fantasy world:0.23125
80s:0.23075
very funny:0.23075
effects:0.23075
special effects:0.23
tense:0.22925
