monsters:0.98825
monster:0.95175
80s:0.92925
fun movie:0.8885
childhood:0.87875
kids:0.851
horror:0.83875
cult classic:0.81025
bullying:0.7815
nostalgic:0.768
mummy:0.74725
fun:0.72825
original:0.71225
nostalgia:0.6845
great:0.6715
adventure:0.61775
special effects:0.616
good:0.59875
scary:0.57625
great movie:0.564
teens:0.56325
cool:0.5545
affectionate:0.5525
mentor:0.55225
camp:0.52425
fantasy world:0.514
dialogue:0.511
silly fun:0.511
children:0.48725
werewolf:0.48475
coming of age:0.4825
teen movie:0.4685
cult film:0.4675
goofy:0.46
campy:0.44825
1980s:0.4425
transformation:0.432
great ending:0.43175
teen:0.4275
classic:0.39925
adolescence:0.3985
fantasy:0.39725
runaway:0.39175
bad plot:0.3905
mad scientist:0.387
small town:0.3855
catastrophe:0.3855
school:0.38525
cult:0.38025
storytelling:0.371
cheesy:0.37075
awesome soundtrack:0.367
destiny:0.358
entertaining:0.35675
bad acting:0.34975
good soundtrack:0.34875
story:0.34825
predictable:0.33725
not funny:0.3355
unusual plot structure:0.33325
great acting:0.33325
effects:0.33325
feel-good:0.3285
family:0.321
silly:0.31975
so bad it's funny:0.3185
melancholic:0.3185
zombie:0.309
pg-13:0.30425
entirely dialogue:0.30325
underrated:0.302
underdog:0.3015
life & death:0.29975
chase:0.29125
culture clash:0.287
oscar winner:0.28625
imdb top 250:0.2855
corny:0.28125
greed:0.2805
violence:0.27875
brutality:0.27825
lone hero:0.27475
vengeance:0.273
life philosophy:0.2705
quotable:0.2705
end of the world:0.268
kids and family:0.2675
first contact:0.26575
vampires:0.265
afterlife:0.2635
feel good movie:0.263
harsh:0.26025
grindhouse:0.25825
writers:0.25725
sci fi:0.2555
clever:0.25275
weapons:0.249
franchise:0.2485
very funny:0.24725
dreams:0.24625
