dog:0.98175
talking animals:0.98075
dogs:0.9755
sequel:0.948
kids and family:0.948
san francisco:0.9395
animals:0.93775
family:0.8835
good sequel:0.8775
sequels:0.85075
animal movie:0.836
wilderness:0.82
adventure:0.8005
original:0.74575
cute!:0.72475
not as good as the first:0.697
disney:0.66925
cute:0.61625
romance:0.5765
good:0.55125
crappy sequel:0.54275
animation:0.53925
snakes:0.5235
childhood:0.498
fun:0.48925
chase:0.45375
mentor:0.42825
catastrophe:0.4245
nostalgic:0.39225
animated:0.39
goofy:0.383
predictable:0.3825
dialogue:0.37575
natural disaster:0.36825
adoption:0.3635
overrated:0.3595
nudity (full frontal - brief):0.3535
cartoon:0.35175
franchise:0.34975
fun movie:0.34825
interracial romance:0.3355
not funny:0.32975
culture clash:0.3245
so bad it's funny:0.324
lone hero:0.321
story:0.3155
great ending:0.314
original plot:0.31175
destiny:0.30775
children:0.3065
good music:0.30525
romantic:0.30075
remake:0.29425
very good:0.291
bad plot:0.2855
computer animation:0.282
kids:0.27825
runaway:0.275
life philosophy:0.27175
stereotypes:0.269
light:0.26875
greed:0.264
very funny:0.2595
adaptation:0.259
clever:0.25525
heartwarming:0.25425
silly:0.2535
great:0.2515
storytelling:0.2435
brutality:0.24175
first contact:0.2415
beautiful scenery:0.24125
road movie:0.2395
redemption:0.23575
women:0.23475
suprisingly clever:0.23175
weird:0.22875
comedy:0.223
drama:0.22025
good soundtrack:0.22
jungle:0.218
slapstick:0.217
unfunny:0.2145
feel-good:0.21325
silly fun:0.2115
fight scenes:0.2095
crude humor:0.206
melancholic:0.2055
oscar (best directing):0.2035
unlikely friendships:0.20325
entirely dialogue:0.203
adapted from:book:0.2015
based on book:0.2
gangs:0.19975
entertaining:0.199
happy ending:0.198
writers:0.19125
divorce:0.191
bad cgi:0.188
talky:0.187
