surfing:0.97
undercover cop:0.96675
action:0.9635
good action:0.96175
chase:0.9535
bank robbery:0.95075
action packed:0.8835
hawaii:0.8515
cool:0.81325
california:0.762
entertaining:0.75
original:0.74575
fast paced:0.73875
good soundtrack:0.72825
fun:0.71725
mentor:0.71425
classic car:0.691
fun movie:0.68975
vengeance:0.68825
good:0.6805
fight scenes:0.67375
car chase:0.6555
dialogue:0.611
lone hero:0.6025
great ending:0.56575
exciting:0.56375
great:0.5505
quotable:0.54125
dark hero:0.52475
cult classic:0.52225
nudity (topless):0.52175
intense:0.506
hunting:0.48825
violence:0.48775
great movie:0.483
fighting:0.482
visually stunning:0.47525
revenge:0.4695
motorcycle:0.46575
cult film:0.46425
80s:0.457
sports:0.44525
underrated:0.44475
catastrophe:0.4435
runaway:0.44325
los angeles:0.43825
nostalgic:0.438
buddy movie:0.43325
thriller:0.431
gangs:0.426
guilty pleasure:0.42575
visually appealing:0.4215
violent:0.41875
brutality:0.41575
hitman:0.41325
grindhouse:0.4115
great acting:0.411
not funny:0.40875
gunfight:0.40675
adventure:0.4065
suspense:0.401
weapons:0.40075
story:0.39925
justice:0.3965
plot:0.39275
transformation:0.39275
pg-13:0.39275
guns:0.38925
life philosophy:0.387
bad acting:0.3815
predictable:0.3815
highly quotable:0.38125
redemption:0.38075
entirely dialogue:0.3765
surveillance:0.3705
culture clash:0.35875
stylish:0.35525
storytelling:0.35375
visceral:0.35225
destiny:0.34675
assassination:0.344
gangsters:0.3435
narrated:0.339
corruption:0.33775
so bad it's funny:0.332
unlikely friendships:0.32825
romance:0.3275
stylized:0.32675
special effects:0.3225
good acting:0.32075
adaptation:0.31575
big budget:0.31225
excellent:0.311
anti-hero:0.31
beautiful scenery:0.309
70mm:0.3075
betrayal:0.305
gratuitous violence:0.3045
sexy:0.30375
realistic action:0.3025
