18th century:0.995
kubrick:0.9765
masterpiece:0.97
narrated:0.9645
oscar (best cinematography):0.96175
cinematography:0.956
period piece:0.93425
visual:0.92925
amazing cinematography:0.9275
imdb top 250:0.899
beautifully filmed:0.881
melancholic:0.87425
photography:0.86825
long:0.852
great cinematography:0.85075
storytelling:0.833
breathtaking:0.832
visually appealing:0.8085
visually stunning:0.79625
costume drama:0.79425
meditative:0.78075
downbeat:0.77575
enigmatic:0.77
criterion:0.76725
scenic:0.76075
literary adaptation:0.76025
good soundtrack:0.75625
cynical:0.7535
cerebral:0.71425
complex:0.712
original:0.7115
stunning:0.70375
obsession:0.7035
atmospheric:0.7025
irish accent:0.7015
melancholy:0.6955
mozart:0.68825
oscar (best directing):0.675
classical music:0.673
golden palm:0.658
dialogue:0.6545
weird:0.653
greed:0.6445
slow paced:0.643
art:0.63925
harsh:0.6345
bleak:0.62625
social commentary:0.621
story:0.62075
visceral:0.62025
adaptation:0.61825
loneliness:0.6135
slow:0.60525
light:0.60275
talky:0.6005
beautiful scenery:0.59825
reflective:0.598
epic:0.59375
music:0.5915
stylized:0.5915
great acting:0.59125
solitude:0.5845
betrayal:0.5815
allegory:0.56175
historical:0.56025
nudity (topless - brief):0.559
life & death:0.55425
underrated:0.5425
based on a book:0.537
adapted from:book:0.53675
interesting:0.5345
based on book:0.53075
ironic:0.51325
nudity (full frontal - brief):0.51225
tense:0.512
artistic:0.51
unusual plot structure:0.5065
beautiful:0.50575
mentor:0.50225
insanity:0.5015
redemption:0.49675
existentialism:0.49275
drama:0.487
intimate:0.486
culture clash:0.48375
oscar (best picture):0.4835
violent:0.4825
great ending:0.482
dreamlike:0.47575
gunfight:0.47325
cult classic:0.47325
colourful:0.4685
absurd:0.4625
imagination:0.46
great:0.4575
character study:0.45275
cult film:0.45125
pornography:0.44825
ominous:0.4465
classic:0.4425
