transgender:0.97925
literary adaptation:0.936
18th century:0.90975
visually stunning:0.8975
surreal:0.88
adapted from:book:0.8445
immortality:0.83225
stylized:0.82825
enigmatic:0.827
original:0.7935
art house:0.783
cinematography:0.75225
whimsical:0.7435
artistic:0.7405
adaptation:0.7365
weird:0.734
visual:0.7285
queer:0.7265
visually appealing:0.7245
pornography:0.68875
beautifully filmed:0.6845
very interesting:0.67875
dreamlike:0.667
based on a book:0.65
stunning:0.634
nudity (full frontal - notable):0.624
male nudity:0.61675
satirical:0.6165
art:0.614
narrated:0.61075
good soundtrack:0.602
criterion:0.5895
melancholic:0.58775
literature:0.5815
sexual:0.57275
biographical:0.5715
cross dressing:0.55925
nudity (full frontal):0.5465
allegory:0.53975
beautiful:0.521
storytelling:0.5195
erotic:0.51125
colourful:0.50025
sexy:0.49625
cerebral:0.48225
obsession:0.4735
period piece:0.45625
artist:0.45625
photography:0.45625
dialogue:0.44875
sexualized violence:0.44675
england:0.44225
runaway:0.44225
quirky:0.44125
surrealism:0.43075
existentialism:0.4275
great ending:0.417
great:0.417
catastrophe:0.416
melancholy:0.4135
ironic:0.413
passionate:0.412
story:0.4115
adolescence:0.41075
talky:0.40875
poetry:0.408
intimate:0.40775
suprisingly clever:0.4005
mentor:0.398
distopia:0.3885
brutality:0.38725
social commentary:0.38425
intellectual:0.3825
pretentious:0.3815
visuals:0.37825
loneliness:0.3755
atmospheric:0.37025
women:0.36775
complex:0.364
not funny:0.36
life philosophy:0.3535
philosophical:0.352
satire:0.3485
imagination:0.34775
life:0.3455
magic realism:0.34275
interesting:0.34275
pointless:0.342
nocturnal:0.34025
clever:0.3385
meditative:0.33775
classic car:0.33725
unusual plot structure:0.3325
oscar (best actress):0.3325
strange:0.332
entirely dialogue:0.33125
witty:0.3305
transformation:0.32375
great acting:0.322
bizarre:0.316
