vengeance:0.99075
revenge:0.9575
sword fighting:0.94075
violent:0.93725
bloody:0.92275
splatter:0.9215
criterion:0.91575
stylish:0.896
violence:0.895
samurai:0.88575
stylized:0.87475
japan:0.874
assassination:0.84325
cinematography:0.843
kung fu:0.8285
assassin:0.82275
weird:0.81575
visceral:0.8115
brutality:0.7995
tokyo:0.798
action:0.7905
grindhouse:0.78425
sword fight:0.78325
gory:0.78175
original:0.77875
cult classic:0.773
murder:0.77175
good action:0.771
blood:0.77075
good soundtrack:0.76375
masterpiece:0.75125
story:0.75
visual:0.72075
intense:0.71325
rape:0.71125
highly quotable:0.70925
funny as hell:0.7075
death:0.70275
fight scenes:0.684
original plot:0.674
betrayal:0.67
imdb top 250:0.66275
corruption:0.6625
talky:0.66125
beautifully filmed:0.6575
unusual plot structure:0.655
chase:0.6445
mentor:0.63625
melancholic:0.633
atmospheric:0.63075
childhood:0.6235
stunning:0.6235
brutal:0.60875
pornography:0.60875
tense:0.6055
movielens top pick:0.60525
oscar (best foreign language film):0.60175
vigilante:0.59675
family:0.59575
excellent:0.5915
hitman:0.5905
great:0.5885
sexualized violence:0.5875
lone hero:0.58225
japanese:0.5805
heroine:0.57825
torture:0.57675
awesome soundtrack:0.57675
serial killer:0.5735
gunfight:0.57075
foreign:0.56875
prison:0.56425
narrated:0.562
gratuitous violence:0.56125
great ending:0.5605
classic:0.55675
breathtaking:0.553
suspenseful:0.5515
storytelling:0.549
fantasy world:0.54875
bleak:0.543
guilt:0.54275
fighting:0.53975
colourful:0.53675
justice:0.5355
goretastic:0.53475
redemption:0.53075
vigilantism:0.53025
golden palm:0.5275
good acting:0.52725
grim:0.52575
social commentary:0.5255
oscar (best actress):0.522
culture clash:0.51975
adapted from:book:0.51675
good music:0.51625
suspense:0.5135
harsh:0.51275
art:0.5125
dialogue:0.511
