animation:0.9925
disney animated feature:0.98475
oscar (best animated feature):0.9765
treasure hunt:0.96925
treasure:0.911
adventure:0.9
cartoon:0.883
disney:0.87775
animated:0.874
space:0.8705
computer animation:0.86775
pirates:0.84575
futuristic:0.8015
based on a book:0.79375
visually appealing:0.75625
good:0.7545
science fiction:0.75275
original:0.71675
redemption:0.71325
adapted from:book:0.6915
based on book:0.66825
island:0.6565
animals:0.6535
story:0.6525
space travel:0.629
great:0.62
steampunk:0.59925
mentor:0.587
sci fi:0.5855
visually stunning:0.5665
sci-fi:0.556
adaptation:0.54325
fun movie:0.53525
whimsical:0.51875
irish accent:0.5185
talking animals:0.51375
original plot:0.50825
dialogue:0.4945
transformation:0.49125
stereotypes:0.4815
classic:0.48075
storytelling:0.472
cute:0.4695
cyborgs:0.468
family:0.466
catastrophe:0.45925
too short:0.452
kids and family:0.44725
pixar animation:0.44475
underrated:0.4445
beautiful scenery:0.443
good soundtrack:0.443
greed:0.44225
creativity:0.43375
fun:0.43325
kids:0.433
70mm:0.428
scifi:0.4245
great ending:0.4155
clever:0.40775
fairy tale:0.40425
pg-13:0.402
swashbuckler:0.40125
animal movie:0.40075
18th century:0.40075
cute!:0.38325
betrayal:0.382
friendship:0.38025
visuals:0.379
children:0.3745
destiny:0.3605
predictable:0.35925
life philosophy:0.35275
happy ending:0.3525
suprisingly clever:0.348
entertaining:0.34225
stylized:0.33975
unlikely friendships:0.3395
chase:0.33875
visual:0.33575
alien:0.33225
witty:0.33175
culture clash:0.33125
mars:0.32725
runaway:0.3265
action:0.32625
fantasy world:0.325
fantasy:0.32425
first contact:0.31725
not funny:0.316
great movie:0.30925
parallel universe:0.30925
very good:0.308
romance:0.3065
books:0.30525
aliens:0.30475
very funny:0.29675
childhood:0.2905
good versus evil:0.2875
exciting:0.2775
