police investigation:0.8875
buddy movie:0.85025
comedy:0.836
police:0.81
detective:0.785
chase:0.7815
crime:0.77025
action:0.7675
so bad it's funny:0.765
car chase:0.7215
lame:0.6745
original:0.673
predictable:0.659
good action:0.62475
los angeles:0.59475
murder:0.57
dialogue:0.567
pointless:0.53925
investigation:0.521
police corruption:0.5175
silly:0.50125
fun movie:0.50025
bad plot:0.47975
hip hop:0.45375
action packed:0.453
justice:0.45175
great ending:0.4405
corruption:0.43725
catastrophe:0.4355
fantasy world:0.42725
very funny:0.42625
mentor:0.41925
funny:0.4175
unfunny:0.417
life philosophy:0.413
shallow:0.407
gangsters:0.39925
good:0.39775
stupid as hell:0.39525
plot:0.39425
entertaining:0.393
bad:0.388
satirical:0.37825
redemption:0.37375
big budget:0.36975
pornography:0.36525
crude humor:0.36375
slapstick:0.362
story:0.35725
fast paced:0.3535
good soundtrack:0.3465
family drama:0.34575
fun:0.343
disaster:0.3425
parody:0.33775
entirely dialogue:0.336
fight scenes:0.33575
brutality:0.33375
sexy:0.32675
drama:0.3255
great:0.32475
pg-13:0.32375
hollywood:0.3235
first contact:0.314
runaway:0.31275
heist:0.3095
horrible:0.307
bad ending:0.30675
family:0.2965
adaptation:0.29125
nudity (topless - notable):0.28825
destiny:0.2875
goofy:0.286
better than expected:0.2855
bank robbery:0.28425
writers:0.283
melancholic:0.2805
storytelling:0.27675
lone hero:0.2735
awful:0.273
revenge:0.27275
vengeance:0.272
script:0.2705
absurd:0.26975
murder mystery:0.26525
music business:0.26475
happy ending:0.2635
dumb:0.2625
kidnapping:0.262
culture clash:0.261
humorous:0.2595
fbi:0.2585
stupid:0.257
existentialism:0.25675
overrated:0.25575
ridiculous:0.25075
stereotypes:0.2505
nudity (full frontal - brief):0.2445
women:0.24325
light:0.243
