mathematics:0.994
mentor:0.967
biographical:0.964
math:0.95525
biopic:0.952
indians:0.9285
india:0.9255
mozart:0.872
drama:0.85
islam:0.838
storytelling:0.83475
very interesting:0.832
creativity:0.756
dramatic:0.75525
god:0.7535
biography:0.721
so bad it's funny:0.71325
life & death:0.70275
pg-13:0.69825
plot:0.6885
visually appealing:0.6805
england:0.67625
sacrifice:0.66725
genius:0.66275
story:0.6625
complex:0.66075
intellectual:0.6435
unlikely friendships:0.6415
technology:0.6295
based on true story:0.628
transformation:0.6275
unusual plot structure:0.62275
philosophy:0.61925
original:0.61275
fight scenes:0.612
good soundtrack:0.6065
enigmatic:0.604
culture clash:0.59775
cerebral:0.594
oscar (best supporting actress):0.5885
reflective:0.5885
oscar (best actress):0.586
first contact:0.5635
metaphysics:0.5585
nudity (topless - notable):0.55075
underrated:0.54725
great acting:0.54125
life:0.53675
catastrophe:0.535
science:0.533
visually stunning:0.53175
melancholic:0.52675
social commentary:0.50425
suprisingly clever:0.49475
enormously long battle scene:0.4915
internet:0.49025
philosophical:0.4845
twists & turns:0.483
cinematography:0.4825
period piece:0.479
great:0.4765
beautiful scenery:0.459
true story:0.456
pornography:0.45475
existentialism:0.45075
beautifully filmed:0.449
feel good movie:0.443
greed:0.4415
feel-good:0.434
colonialism:0.43275
great ending:0.428
atheism:0.423
religion:0.419
british:0.4185
inspirational:0.41425
prejudice:0.4075
death:0.406
george orwell:0.4045
excellent script:0.39825
inspiring:0.39675
absurd:0.38875
good sequel:0.3875
good:0.3855
sci fi:0.38025
destiny:0.37425
fast paced:0.369
oscar (best supporting actor):0.3675
not funny:0.3625
justice:0.36025
dystopia:0.355
self discovery:0.35075
very funny:0.34475
alone in the world:0.344
sentimental:0.34025
secrets:0.33875
computer game:0.337
friendship:0.33575
chase:0.335
judaism:0.3315
light:0.32975
