quirky:0.95075
homeless:0.93225
eccentricity:0.92925
independent film:0.873
indie:0.8095
adoption:0.784
melancholic:0.7245
dysfunctional family:0.6785
original:0.64575
mentor:0.57175
pornography:0.5555
greed:0.5275
writers:0.526
destiny:0.51675
brutality:0.49625
off-beat comedy:0.47
weird:0.454
dialogue:0.4535
great:0.44525
depression:0.43575
pointless:0.4255
ironic:0.4205
life philosophy:0.41475
unlikeable characters:0.413
relationships:0.41175
storytelling:0.40025
catastrophe:0.3975
feel-good:0.38825
great ending:0.3705
existentialism:0.36675
good soundtrack:0.3535
underrated:0.3425
predictable:0.34
hospital:0.331
alter ego:0.33
feel good movie:0.32925
gay character:0.32725
runaway:0.32475
entirely dialogue:0.32125
realistic:0.3115
classic car:0.31125
loneliness:0.309
potential oscar nom:0.305
romance:0.30225
stereotypes:0.2975
not funny:0.29675
weapons:0.293
redemption:0.28825
cinematography:0.28775
drugs:0.28125
unfunny:0.275
family:0.2725
romantic:0.27225
first contact:0.26625
crime gone awry:0.26475
culture clash:0.26325
visually appealing:0.26225
chick flick:0.2615
fantasy world:0.26125
drinking:0.2595
criterion:0.25625
allegory:0.2555
grindhouse:0.25325
social commentary:0.251
surreal:0.25025
nudity (full frontal - brief):0.2435
adaptation:0.24125
justice:0.24
slackers:0.23925
enigmatic:0.23625
male nudity:0.236
new jersey:0.23525
life & death:0.23425
alternate endings:0.23
texas:0.22825
good dialogue:0.227
bad plot:0.22575
nudity (topless):0.22525
twists & turns:0.22475
sacrifice:0.2225
story:0.2225
stylized:0.221
family drama:0.2205
brothers:0.218
complex:0.21775
violence:0.2175
drama:0.217
very funny:0.21175
overrated:0.20925
imdb top 250:0.20925
insanity:0.209
unusual plot structure:0.209
corruption:0.207
beautiful scenery:0.20675
pg-13:0.206
betrayal:0.20575
solitude:0.20525
good:0.20325
suprisingly clever:0.202
suicide attempt:0.202
