horror:0.968
cult film:0.958
cult classic:0.84875
awesome soundtrack:0.84825
reality tv:0.839
original:0.81525
satirical:0.76825
weird:0.67575
splatter:0.6665
satire:0.62125
pointless:0.6015
allegory:0.5145
brutality:0.494
maze:0.49075
cult:0.48
demons:0.4525
mentor:0.45125
boring:0.45125
campy:0.444
doctors:0.43225
bad plot:0.4295
surreal:0.415
fantasy world:0.41475
parody:0.4085
80s:0.40625
science fiction:0.39675
sequels:0.3825
silly fun:0.382
catastrophe:0.375
dialogue:0.373
disturbing:0.37225
wilderness:0.363
great ending:0.36225
camp:0.362
greed:0.36025
harsh:0.357
fun movie:0.34975
great:0.348
nudity (full frontal - brief):0.3335
low budget:0.3325
good soundtrack:0.33225
insanity:0.3245
first contact:0.3225
stylish:0.31375
not funny:0.31375
clever:0.311
predictable:0.31
zombie:0.30975
music:0.309
grindhouse:0.3085
gory:0.3065
obsession:0.305
gunfight:0.30125
overrated:0.296
so bad it's funny:0.29275
sci fi:0.291
criterion:0.2865
runaway:0.28425
quirky:0.28325
adaptation:0.28075
life philosophy:0.27675
whimsical:0.27575
musical:0.273
shallow:0.271
devil:0.2705
brainwashing:0.269
entirely dialogue:0.26675
existentialism:0.266
transformation:0.26375
spoof:0.26225
bad cgi:0.2615
good music:0.258
melancholic:0.25725
sexy:0.25375
blood:0.25225
great music:0.25
nudity (full frontal - notable):0.24975
scary:0.24925
lyrical:0.24925
bloody:0.247
sexualized violence:0.24575
good:0.24125
social commentary:0.241
cinematography:0.24025
black comedy:0.24
justice:0.2395
werewolf:0.23875
lone hero:0.2385
fun:0.23825
affectionate:0.23175
dreamlike:0.2305
gangsters:0.23
complex:0.22875
pornography:0.22875
writers:0.227
slapstick:0.227
redemption:0.227
cerebral:0.22675
television:0.22675
visually appealing:0.22575
