space opera:0.997
trilogy:0.98275
franchise:0.97925
prequel:0.9775
series:0.975
star wars:0.9715
space:0.9705
big budget:0.96225
action:0.957
special effects:0.94175
great ending:0.94025
clones:0.94025
dialogue:0.93325
good versus evil:0.929
dynamic cgi action:0.92825
robots:0.91625
visual:0.9045
war:0.9
epic:0.8975
intense:0.89225
revenge:0.8845
mythology:0.88425
dark:0.878
original plot:0.87725
fantasy world:0.876
fantasy:0.87325
sci fi:0.868
visually stunning:0.866
pg-13:0.86275
adventure:0.862
storytelling:0.8615
sci-fi:0.8585
science fiction:0.854
saturn award (best special effects):0.84475
original:0.83275
fighting:0.832
futuristic:0.82875
story:0.82625
plot:0.82425
betrayal:0.82375
fight scenes:0.80675
destiny:0.80575
visually appealing:0.80575
good:0.80425
sword fight:0.80025
cloning:0.79925
technology:0.7975
scifi:0.79
high fantasy:0.789
crappy sequel:0.77075
action packed:0.76075
script:0.7555
exciting:0.755
redemption:0.75225
aliens:0.75025
great movie:0.7445
cgi:0.72875
bad acting:0.71475
sequel:0.711
magic:0.7095
vengeance:0.70875
first contact:0.7035
fast paced:0.702
cool:0.6935
mentor:0.69175
space travel:0.683
secrets:0.67825
awesome soundtrack:0.66025
good action:0.65925
plot holes:0.64575
alien:0.64225
love story:0.63925
oscar (best effects - visual effects):0.636
great soundtrack:0.62225
catastrophe:0.62
great:0.61825
effects:0.61275
transformation:0.6025
interesting:0.6
imagination:0.58575
sacrifice:0.58
forceful:0.57675
light:0.56925
happy ending:0.55675
scenic:0.5555
stunning:0.54075
family drama:0.5355
computer animation:0.535
future:0.523
parallel universe:0.5185
romance:0.51
desert:0.50875
shallow:0.50775
good soundtrack:0.507
weapons:0.5065
imdb top 250:0.5045
visuals:0.5035
suspense:0.49925
dramatic:0.494
complex:0.494
