criterion:0.99425
caper:0.958
rome:0.89775
heist:0.8755
oscar (best foreign language film):0.87525
italy:0.863
poland:0.84175
masterpiece:0.83525
imdb top 250:0.81175
bittersweet:0.78875
italian:0.78725
golden palm:0.7735
original:0.76425
farce:0.758
talky:0.74425
unusual plot structure:0.73625
gunfight:0.73425
bleak:0.71625
satirical:0.70325
humorous:0.69125
affectionate:0.684
enigmatic:0.68325
breathtaking:0.6445
absurd:0.63175
atmospheric:0.631
dramatic:0.62675
witty:0.6265
black and white:0.62425
reflective:0.61425
downbeat:0.60575
very funny:0.589
life philosophy:0.58425
world war ii:0.58375
stylized:0.58125
suprisingly clever:0.575
fighting the system:0.562
cinematography:0.553
complicated:0.54875
movielens top pick:0.54675
gangs:0.545
intimate:0.5425
prison:0.54075
cynical:0.53975
comedy:0.53675
childhood:0.53675
storytelling:0.529
beautifully filmed:0.525
crime:0.51875
melancholic:0.51725
wwii:0.51475
harsh:0.5145
allegory:0.51425
goofy:0.50925
life & death:0.50775
transformation:0.47925
1960s:0.47325
culture clash:0.47275
forceful:0.471
catastrophe:0.467
photography:0.46025
compassionate:0.46
runaway:0.45175
irreverent:0.45125
mentor:0.44975
amazing photography:0.448
melancholy:0.44425
ennio morricone:0.44225
dialogue:0.44125
visually appealing:0.4265
realistic:0.42625
light:0.42275
foreign:0.4225
oscar (best directing):0.42075
funny:0.4195
satire:0.417
good soundtrack:0.41275
grim:0.411
cerebral:0.41
great:0.407
classic:0.407
quotable:0.40425
great ending:0.40275
gangsters:0.40225
story:0.402
highly quotable:0.4
mob:0.39825
murder mystery:0.3965
poverty:0.39025
entirely dialogue:0.39025
meditative:0.38975
drama:0.382
screwball:0.3795
beautiful scenery:0.378
nostalgic:0.374
gritty:0.37325
fascism:0.3685
corruption:0.35975
brutality:0.3545
gangster:0.352
immortality:0.349
