free to download:0.964
pretentious:0.903
pointless:0.855
weird:0.83875
existentialism:0.83275
pornography:0.78625
dialogue driven:0.75175
cerebral:0.7325
nudity (full frontal):0.73175
art house:0.7145
original:0.70075
nudity (full frontal - notable):0.6965
dialogue:0.67075
capitalism:0.654
strange:0.65225
philosophical:0.648
boring!:0.64125
surreal:0.62525
greed:0.61075
complex:0.60475
entirely dialogue:0.584
intellectual:0.5655
based on a book:0.5595
character study:0.55925
enigmatic:0.55625
absurd:0.53075
writers:0.526
mentor:0.5245
stylized:0.5135
melancholic:0.49275
erotic:0.488
allegory:0.488
intimate:0.48575
catastrophe:0.4855
boring:0.48425
literary adaptation:0.482
talky:0.47975
reflective:0.47
futuristic:0.4555
sexual:0.4555
cyberpunk:0.4415
dreamlike:0.43625
overrated:0.429
adaptation:0.42875
great ending:0.422
new york city:0.42175
confusing:0.415
male nudity:0.4135
storytelling:0.41075
so bad it's funny:0.40575
relationships:0.40375
sex:0.395
neo-noir:0.38575
death:0.3835
violence:0.37825
satire:0.377
brutality:0.3695
loneliness:0.363
art:0.3605
solitude:0.3535
thought-provoking:0.35175
gangsters:0.349
artsy:0.34675
first contact:0.34425
multiple storylines:0.338
not funny:0.332
off-beat comedy:0.33075
depression:0.3305
dysfunctional family:0.3305
satirical:0.3285
fantasy world:0.3265
good soundtrack:0.3195
criterion:0.3185
life philosophy:0.317
cinematography:0.31175
life & death:0.309
cult film:0.303
bad plot:0.299
harsh:0.29775
nudity (topless - notable):0.294
crime gone awry:0.287
obsession:0.285
masterpiece:0.28475
quirky:0.2835
controversial:0.2815
very interesting:0.2805
road movie:0.28025
social commentary:0.28
visual:0.28
shallow:0.27975
meditative:0.27975
complicated:0.27425
disturbing:0.27375
golden palm:0.27325
whimsical:0.27
ironic:0.26925
predictable:0.2675
bleak:0.266
imdb top 250:0.26475
lynch:0.263
