halloween:0.99725
slasher:0.99675
horror:0.991
suspenseful:0.97925
serial killer:0.96875
classic:0.9525
creepy:0.9315
suspense:0.92575
franchise:0.9225
tense:0.91025
murder:0.8995
teens:0.87925
original:0.85825
scary:0.82475
frightening:0.814
ominous:0.8055
low budget:0.7885
great ending:0.788
violence:0.77325
cult classic:0.77225
atmospheric:0.767
splatter:0.74525
intense:0.74425
dark:0.7355
gory:0.735
grindhouse:0.73475
great movie:0.71675
brutality:0.71425
violent:0.7005
supernatural:0.69825
blood:0.69725
eerie:0.68575
good soundtrack:0.658
fun movie:0.65175
visceral:0.6495
claustrophobic:0.63775
great:0.6205
masterpiece:0.60025
oscar (best effects - visual effects):0.5945
dialogue:0.58375
quotable:0.5795
monster:0.57475
nocturnal:0.57275
cult film:0.55675
gruesome:0.5495
cult:0.545
chase:0.5425
vengeance:0.53925
effects:0.53875
hospital:0.53675
good:0.5345
weird:0.5305
goofy:0.528
witches:0.5205
brutal:0.5185
gunfight:0.515
runaway:0.514
macabre:0.51
revenge:0.509
bloody:0.50575
original plot:0.504
drinking:0.503
stylish:0.502
transformation:0.50025
psychological:0.4995
grim:0.49875
social commentary:0.498
paranoid:0.49775
psychiatrist:0.49375
light:0.49125
criterion:0.4895
story:0.48375
80s:0.482
insanity:0.4805
imdb top 250:0.477
highly quotable:0.47475
great acting:0.473
doctors:0.4635
small town:0.459
torture:0.45375
death:0.45125
gore:0.4485
good acting:0.4455
pornography:0.442
suburbia:0.4385
harsh:0.43775
teen:0.43625
creativity:0.43375
cinematography:0.43
interesting:0.42975
nudity:0.429
simple:0.4265
mental hospital:0.426
childhood:0.4245
mentor:0.42175
talky:0.4195
california:0.41475
camp:0.41125
demons:0.4085
catastrophe:0.407
