distopia:0.996
train:0.986
allegory:0.986
dystopia:0.97825
post-apocalyptic:0.965
social commentary:0.9495
futuristic:0.94825
plot holes:0.94325
sci-fi:0.94125
scifi:0.939
post apocalyptic:0.939
visually appealing:0.916
surreal:0.90675
science fiction:0.90575
original:0.89525
story:0.89475
visually stunning:0.87725
violence:0.8725
utopia:0.86575
storytelling:0.86
trains:0.8555
dark:0.853
visual:0.8505
sci fi:0.8505
apocalypse:0.85025
absurd:0.85
future:0.84025
revolution:0.80675
intense:0.796
rebellion:0.7945
weird:0.78575
great ending:0.77925
violent:0.7755
suspense:0.766
alone in the world:0.74475
gunfight:0.74375
imagination:0.742
complex:0.7365
sacrifice:0.73575
cerebral:0.73425
survival:0.72825
plot twist:0.72525
cinematography:0.72175
tense:0.71825
plot:0.7095
action:0.70125
end of the world:0.69375
parallel universe:0.6915
technology:0.6895
humanity:0.68675
interesting:0.68225
mentor:0.68175
brutality:0.6805
thought-provoking:0.67475
dialogue:0.672
powerful ending:0.67
stylized:0.66325
philosophy:0.656
good acting:0.6525
existentialism:0.649
dystopic future:0.6455
greed:0.64125
weapons:0.6325
bleak:0.63225
chase:0.6295
imdb top 250:0.62875
first contact:0.62675
catastrophe:0.62625
political:0.6245
destiny:0.60875
fantasy world:0.608
harsh:0.6065
fantasy:0.59975
amazing cinematography:0.594
good soundtrack:0.59375
twist ending:0.58225
twists & turns:0.58225
great acting:0.58075
segregation:0.57775
alternate reality:0.5775
claustrophobic:0.57425
runaway:0.567
mindfuck:0.55325
very interesting:0.55275
suspenseful:0.55125
philosophical:0.54975
redemption:0.544
grim:0.54175
fight scenes:0.541
visceral:0.5395
clever:0.539
stylish:0.53475
melancholic:0.53175
brutal:0.5315
special effects:0.531
gritty:0.52925
good:0.52925
brainwashing:0.52525
complicated:0.52
based on a comic:0.51875
