music:0.98375
rock and roll:0.9775
musicians:0.97225
music business:0.9285
drugs:0.89125
british:0.8305
good soundtrack:0.8095
good music:0.8
irreverent:0.78725
original:0.786
england:0.76075
narrated:0.72025
great music:0.7185
biopic:0.7095
artistic:0.6985
british comedy:0.66325
punk:0.66325
weird:0.64275
creativity:0.64075
affectionate:0.6215
true story:0.617
cult classic:0.60725
runaway:0.5945
drug addiction:0.58
very interesting:0.5785
dialogue:0.57775
biographical:0.5735
pornography:0.5645
criterion:0.56
talky:0.552
visually appealing:0.548
absurd:0.54275
exceptional acting:0.54275
dancing:0.53625
hip hop:0.534
off-beat comedy:0.531
stylized:0.531
london:0.52925
1980s:0.525
social commentary:0.51575
enigmatic:0.5145
surreal:0.51375
1970s:0.50875
musical:0.50775
story:0.504
interesting:0.50175
harsh:0.50075
great:0.4925
storytelling:0.48975
highly quotable:0.48625
great ending:0.47975
nostalgic:0.4755
quirky:0.47475
melancholic:0.46525
brutality:0.46475
cult film:0.4645
insanity:0.46175
suicide:0.45825
intimate:0.45575
great soundtrack:0.45425
awesome soundtrack:0.4505
reflective:0.4495
melancholy:0.43875
independent film:0.4365
great movie:0.4365
clever:0.42975
mentor:0.4275
atmospheric:0.42725
death:0.42725
witty:0.42425
jazz:0.42325
gangsters:0.422
artist:0.419
nudity (full frontal - notable):0.4185
drama:0.4145
satirical:0.40975
very funny:0.40175
adaptation:0.40125
factual:0.40125
grim:0.40125
bleak:0.401
violence:0.39925
golden palm:0.3965
dark humor:0.396
dance:0.391
catastrophe:0.38925
suprisingly clever:0.38875
stylish:0.387
satire:0.386
greed:0.3855
nudity (full frontal - brief):0.381
cinematography:0.38075
mockumentary:0.378
based on a true story:0.37625
male nudity:0.37475
corruption:0.3735
entirely dialogue:0.37325
life & death:0.3705
passionate:0.361
drinking:0.35775
