biopic:0.9895
france:0.97475
imaginary friend:0.9585
surreal:0.958
biographical:0.89475
french:0.87625
biography:0.85575
artistic:0.852
paris:0.8095
childhood:0.8045
runaway:0.8035
original:0.78625
mentor:0.769
music:0.74975
surrealism:0.74825
storytelling:0.7425
art:0.71975
life & death:0.717
identity:0.71
visually stunning:0.6895
criterion:0.68825
life:0.685
artist:0.6785
dreams:0.6605
vengeance:0.6475
talky:0.6355
enigmatic:0.63325
oscar (best supporting actress):0.62625
creativity:0.61525
anti-semitism:0.606
revenge:0.591
non-linear:0.5885
intellectual:0.58725
melancholic:0.58525
jewish:0.58475
harsh:0.57725
justice:0.5685
story:0.55575
sexual:0.5555
good soundtrack:0.549
demons:0.5405
imagination:0.538
lyrical:0.5335
1960s:0.527
ironic:0.52525
gunfight:0.521
melancholy:0.51175
cinematography:0.509
oscar (best directing):0.50625
women:0.486
colourful:0.48075
dark hero:0.479
reflective:0.46775
destiny:0.4595
complex:0.45725
tokyo:0.452
1930s:0.445
nazi:0.444
nudity (topless):0.443
visually appealing:0.443
great ending:0.4395
suprisingly clever:0.439
grim:0.43275
weird:0.43225
dreamlike:0.43225
jews:0.43125
interesting:0.43025
life philosophy:0.427
atmospheric:0.4235
clever:0.42325
obsession:0.41625
imdb top 250:0.415
catastrophe:0.41225
amazing photography:0.41125
brutality:0.40325
drinking:0.398
islam:0.39775
male nudity:0.39525
stylish:0.38675
beautifully filmed:0.38525
complicated:0.384
suicide:0.38375
oscar (best foreign language film):0.382
redemption:0.38
writers:0.379
hospital:0.37875
nocturnal:0.3765
excellent script:0.37625
very interesting:0.37325
musicians:0.37
long:0.369
cerebral:0.36775
philosophy:0.36525
existentialism:0.36475
revolution:0.364
memory:0.36375
wistful:0.363
intimate:0.36125
relationships:0.3575
disturbing:0.35725
