arnold:0.9895
comedy:0.93625
kids:0.88475
action:0.85075
children:0.8235
fun movie:0.823
family:0.81775
chase:0.76925
undercover cop:0.75875
teacher:0.74525
bullying:0.6845
funny:0.67575
original:0.675
kids and family:0.66875
predictable:0.64525
childhood:0.637
fun:0.6145
cute!:0.5935
good:0.59
mentor:0.585
80s:0.57625
good action:0.5585
great:0.55825
silly fun:0.54875
girlie movie:0.53775
quotable:0.53675
school:0.5365
runaway:0.5205
pg-13:0.5135
detective:0.501
violence:0.483
teen movie:0.4825
story:0.4765
adventure:0.4625
very funny:0.46225
silly:0.46175
catastrophe:0.44625
dumb but funny:0.44225
great ending:0.42775
dialogue:0.4265
lone hero:0.412
parenthood:0.41175
guilty pleasure:0.40475
slapstick:0.3925
destiny:0.391
fantasy:0.3905
culture clash:0.39025
hilarious:0.39
violent:0.38425
police investigation:0.38325
feel-good:0.37875
fight scenes:0.371
brutality:0.36625
california:0.3635
teen:0.35725
big budget:0.35625
suspense:0.35425
nostalgic:0.35
buddy movie:0.349
action packed:0.3475
light:0.34675
goofy:0.34625
romance:0.34475
bad plot:0.344
special effects:0.3395
great movie:0.336
science fiction:0.32975
romantic:0.3265
happy ending:0.3225
not funny:0.32
cute:0.31475
crude humor:0.3135
humorous:0.31175
life philosophy:0.31025
first contact:0.31
feel good movie:0.3075
fantasy world:0.307
sci fi:0.3
intense:0.29825
vigilante:0.2965
so bad it's funny:0.2925
suspenseful:0.29075
pornography:0.29025
cheesy:0.289
redemption:0.288
unfunny:0.2875
unlikely friendships:0.28575
storytelling:0.28525
scenic:0.28
overrated:0.27975
multiple storylines:0.2765
murder:0.2765
nudity (full frontal - brief):0.2735
stereotypes:0.2715
small town:0.269
quirky:0.267
adaptation:0.26225
pulp:0.26125
good soundtrack:0.2585
vengeance:0.258
