british:0.96225
british comedy:0.9265
england:0.90975
music:0.8925
london:0.88575
political:0.83975
musicians:0.83375
drama:0.81575
feel-good:0.79775
working class:0.793
mining:0.78275
politics:0.74875
feel good movie:0.67475
original:0.65075
dramatic:0.6155
happy ending:0.6115
good soundtrack:0.5975
good:0.58475
small town:0.5685
mentor:0.55375
good music:0.54225
heartwarming:0.5415
18th century:0.53775
great music:0.53525
sentimental:0.51525
touching:0.5145
scotland:0.5105
runaway:0.4985
story:0.4955
good acting:0.48575
prejudice:0.4815
culture clash:0.48075
corruption:0.475
great ending:0.474
emotional:0.4725
light:0.44825
great acting:0.4455
rock and roll:0.44225
dialogue:0.43575
catastrophe:0.43225
greed:0.42525
harsh:0.41925
unlikely friendships:0.41
true story:0.41
storytelling:0.4065
competition:0.4005
very good:0.39975
exceptional acting:0.3945
allegory:0.38925
witty:0.3865
betrayal:0.381
social commentary:0.38075
musical:0.37875
entertaining:0.3785
romance:0.37775
gritty:0.37625
great:0.3755
depression:0.37125
melancholic:0.365
passionate:0.35875
honest:0.35075
ensemble cast:0.345
movielens top pick:0.34175
very funny:0.336
relationships:0.33575
world politics:0.32525
stereotypes:0.3245
hospital:0.32375
destiny:0.32375
secrets:0.32325
not funny:0.32175
poignant:0.31975
pg-13:0.3195
absurd:0.31875
adaptation:0.31475
life philosophy:0.31225
comedy:0.311
interesting:0.30925
forceful:0.30725
drinking:0.30625
poverty:0.306
nudity (full frontal - brief):0.3055
multiple storylines:0.3045
revolution:0.304
unfunny:0.302
better than expected:0.3015
love story:0.30025
powerful ending:0.2995
predictable:0.29625
criterion:0.29525
heartbreaking:0.29175
romantic:0.291
inspirational:0.291
awesome soundtrack:0.288
reflective:0.287
bollywood:0.28675
idealism:0.285
suprisingly clever:0.28425
visually appealing:0.2805
intense:0.27825
