childhood:0.9185
imagination:0.889
original:0.876
children:0.7915
whimsical:0.78775
great ending:0.7865
suspense:0.78375
fantasy world:0.7725
kids:0.76425
weird:0.763
dialogue:0.75425
nostalgic:0.7405
creepy:0.69075
frightening:0.678
kidnapping:0.67725
first contact:0.674
magic:0.6645
runaway:0.6315
scary:0.62875
scifi:0.624
memory:0.6105
ghosts:0.6065
paranoid:0.601
story:0.60075
fun movie:0.5995
great:0.59275
80s:0.588
funniest movies:0.5865
storytelling:0.57725
light:0.57275
horrible:0.5725
dreams:0.572
quotable:0.57075
interesting:0.56225
kids and family:0.56175
dark:0.553
family:0.54875
good soundtrack:0.5465
brutality:0.53325
classic car:0.527
clever:0.5225
science fiction:0.52175
horror:0.5185
bullying:0.515
classic:0.513
sexualized violence:0.5125
awesome soundtrack:0.50975
highly quotable:0.50825
fun:0.50825
adapted from:book:0.5
social commentary:0.499
cult film:0.49575
golden palm:0.4935
allegory:0.49275
1980s:0.49225
good versus evil:0.4905
surreal:0.48525
cult classic:0.48175
mentor:0.4815
afi 100 (movie quotes):0.4795
sci fi:0.47875
enigmatic:0.47775
tense:0.4775
existentialism:0.47675
finnish:0.4755
imdb top 250:0.475
adventure:0.466
adolescence:0.46475
disturbing:0.4625
pornography:0.45875
suspenseful:0.45725
scenic:0.45625
fairy tale:0.45425
dreamlike:0.4415
great movie:0.441
sacrifice:0.4345
british:0.43325
vampire human love:0.43175
absurd:0.426
catastrophe:0.4225
oscar (best actress):0.42225
special effects:0.42225
goofy:0.42225
teacher:0.422
cult:0.42075
high fantasy:0.419
criterion:0.41575
happy ending:0.415
dystopic future:0.41375
good:0.4115
spelling bee:0.40825
distopia:0.4035
mindfuck:0.40325
original plot:0.39875
puppets:0.3925
off-beat comedy:0.39225
melancholic:0.39175
haunted house:0.38925
alternate endings:0.38575
feel-good:0.38575
