christmas:0.997
holiday:0.97075
dysfunctional family:0.90375
comedy:0.8825
family:0.8295
romantic comedy:0.7545
marriage:0.72
divorce:0.711
parenthood:0.6975
funny:0.68
predictable:0.65525
original:0.647
relationships:0.6465
pg-13:0.57425
hilarious:0.56475
awesome soundtrack:0.55275
brothers:0.539
catastrophe:0.5205
unfunny:0.486
slapstick:0.485
san francisco:0.46825
absurd:0.46525
silly:0.4635
natural disaster:0.46275
so bad it's funny:0.459
happy ending:0.44925
dialogue:0.426
disaster:0.40325
very funny:0.401
humorous:0.39775
storytelling:0.38425
crude humor:0.3795
better than expected:0.3775
mentor:0.373
writers:0.36925
pregnancy:0.36825
great ending:0.3655
adoption:0.3595
runaway:0.356
sexualized violence:0.356
family drama:0.354
culture clash:0.35175
cult film:0.34475
wedding:0.31575
oscar winner:0.31125
brutality:0.3085
fun movie:0.30625
chase:0.30525
feel-good:0.30325
love:0.3015
destiny:0.29675
first contact:0.29525
bad cgi:0.2835
multiple storylines:0.2825
bad acting:0.28175
romantic:0.27975
good soundtrack:0.2755
police investigation:0.273
pointless:0.271
bad plot:0.266
family bonds:0.2655
adaptation:0.26525
plot:0.2615
life philosophy:0.2575
idiotic:0.2575
good:0.2565
entirely dialogue:0.253
fantasy world:0.249
overrated:0.24825
harsh:0.248
doctors:0.24725
nudity (full frontal - brief):0.246
melancholic:0.244
feel good movie:0.24125
not funny:0.23725
lame:0.237
bad ending:0.235
lone hero:0.234
interracial romance:0.23375
cute:0.22975
betrayal:0.2295
male nudity:0.22925
fight scenes:0.229
pornography:0.2285
loneliness:0.228
vengeance:0.22575
childhood:0.22275
stereotypes:0.222
unusual plot structure:0.2215
ridiculous:0.221
great:0.218
quirky:0.2175
clever:0.2175
entertaining:0.21375
suprisingly clever:0.21225
horrible:0.212
suburbia:0.211
redemption:0.211
story:0.20875
visually appealing:0.20275
