london:0.95675
storytelling:0.9145
great ending:0.90425
series:0.856
twists & turns:0.8545
complicated:0.8465
clever:0.84575
england:0.8325
complex:0.82475
original:0.818
period piece:0.797
story:0.785
mystery:0.77925
british:0.76725
investigation:0.76125
tricky:0.75225
good:0.74825
secrets:0.74825
dialogue:0.742
murder mystery:0.733
imagination:0.732
pg-13:0.731
19th century:0.725
detective:0.72375
plot:0.71625
complicated plot:0.7085
interesting:0.70525
mentor:0.704
suspense:0.69175
special:0.68975
witty:0.68
murder:0.67925
reflective:0.66575
good acting:0.6645
imdb top 250:0.65875
destiny:0.6515
excellent script:0.65125
writers:0.64525
doctors:0.6335
betrayal:0.63225
police investigation:0.6205
cinematography:0.61925
nostalgic:0.60775
visually appealing:0.60575
plot twist:0.605
intense:0.60375
idealism:0.5935
franchise:0.5885
good soundtrack:0.58775
technology:0.581
ghosts:0.57575
great:0.5685
vengeance:0.5605
enigmatic:0.557
unusual plot structure:0.5545
fast paced:0.54675
chase:0.54225
oscar (best directing):0.5415
cerebral:0.53925
justice:0.538
catastrophe:0.53675
absurd:0.53375
fantasy world:0.53325
entertaining:0.53125
first contact:0.53025
weird:0.526
great acting:0.50775
twist:0.50175
costume drama:0.50025
runaway:0.50025
intellectual:0.49675
twist ending:0.49525
bad ending:0.49375
conspiracy:0.493
oscar winner:0.4825
obsession:0.48225
cool:0.47825
maze:0.4765
suprisingly clever:0.47625
fun movie:0.47125
revenge:0.4705
fight scenes:0.4675
creativity:0.46575
manipulation:0.463
entirely dialogue:0.46225
affectionate:0.46025
light:0.4585
adaptation:0.458
adventure:0.45625
awesome soundtrack:0.454
very interesting:0.454
oscar:0.45075
british comedy:0.448
movielens top pick:0.44575
visually stunning:0.4455
historical:0.4455
dramatic:0.445
confusing:0.445
beautifully filmed:0.44475
original plot:0.4445
