science fiction:0.97975
scifi:0.9765
sci fi:0.976
alien:0.91825
sci-fi:0.9155
low budget:0.90025
robot:0.8585
mars:0.829
original:0.80775
special effects:0.788
grindhouse:0.74375
alien invasion:0.73875
storytelling:0.7355
bombs:0.69375
science:0.67125
so bad it's funny:0.6545
giant robots:0.6485
aliens:0.636
graphic novel:0.62125
mad scientist:0.6095
1950s:0.60775
weird:0.60225
nuclear:0.60225
goofy:0.5975
finnish:0.59225
technology:0.577
visual:0.57075
first contact:0.5655
cerebral:0.5545
mexico:0.554
weapons:0.54875
great movie:0.54675
clones:0.52625
memory:0.5135
great ending:0.51125
allegory:0.49875
imagination:0.4965
dialogue:0.49475
cold war:0.49375
greed:0.489
light:0.4825
fantasy world:0.47875
visually stunning:0.45875
scifi cult:0.4495
monsters:0.44575
monster:0.4445
solitude:0.439
dreams:0.4375
gypsy accent:0.4355
alone in the world:0.424
visuals:0.42375
parallel universe:0.4225
catastrophe:0.41675
space:0.41425
life philosophy:0.412
stop motion:0.408
melancholic:0.40275
plot holes:0.4015
complex:0.39875
special:0.397
very interesting:0.397
enigmatic:0.396
campy:0.393
mentor:0.38975
hospital:0.38525
immortality:0.38325
tokyo:0.3795
transformation:0.36875
not funny:0.36675
story:0.3635
cult film:0.36325
bad science:0.352
paranoid:0.34825
silly fun:0.34775
absurd:0.3455
screwball:0.3375
entirely dialogue:0.33625
beautifully filmed:0.33475
social commentary:0.327
bad ending:0.3265
great:0.32525
spiders:0.32525
splatter:0.322
end of the world:0.3205
pulp:0.31825
beautiful scenery:0.317
no dialogue:0.31625
talky:0.315
criterion:0.3145
silly:0.3135
quirky:0.3115
whimsical:0.3085
lone hero:0.30775
overrated:0.30575
wizards:0.3045
fight scenes:0.302
cult classic:0.30125
predictable:0.30025
dystopic future:0.29925
natural disaster:0.29825
