noir thriller:0.99725
adultery:0.98075
murder:0.97475
noir:0.97175
film noir:0.962
murder mystery:0.945
talky:0.941
classic:0.91575
betrayal:0.905
enigmatic:0.89925
twists & turns:0.8935
sexy:0.8535
black and white:0.84525
obsession:0.82125
oscar (best actress):0.81925
suspense:0.81725
greed:0.813
imdb top 250:0.81025
great ending:0.8005
police investigation:0.80025
crime:0.79475
criterion:0.7885
marriage:0.7865
censorship:0.7765
california:0.77125
original:0.767
adapted from:book:0.75725
manipulation:0.74525
corruption:0.742
runaway:0.72975
light:0.71075
oscar (best directing):0.71025
cinematography:0.71025
guilt:0.70925
complicated:0.7075
atmospheric:0.69825
interesting:0.68425
passionate:0.681
mystery:0.67975
gunfight:0.6765
cynical:0.6745
lawyers:0.67325
stylish:0.66925
lawyer:0.66775
story:0.65925
very interesting:0.6585
complex:0.6565
narrated:0.65125
infidelity:0.6415
courtroom:0.63725
ominous:0.63
pornography:0.62425
investigation:0.618
masterpiece:0.6155
secrets:0.61025
unusual plot structure:0.60575
dialogue:0.6055
breathtaking:0.6025
downbeat:0.59825
oscar (best supporting actress):0.59775
suspenseful:0.5885
suprisingly clever:0.588
chase:0.57325
tense:0.57275
detective:0.5715
beautiful scenery:0.5605
great acting:0.55925
death penalty:0.55425
stunning:0.55275
clever:0.54875
oscar (best cinematography):0.54475
sexual:0.5445
neo-noir:0.5435
crime gone awry:0.5435
conspiracy:0.542
drama:0.538
hitchcock:0.53575
intimate:0.5345
assassination:0.53325
visually appealing:0.53025
witty:0.527
cheating:0.5235
affectionate:0.52275
dark:0.5205
adaptation:0.52025
great:0.5185
forceful:0.518
weird:0.5155
twist ending:0.51525
culture clash:0.51475
stylized:0.5125
gangsters:0.51125
melancholic:0.5045
thriller:0.4995
redemption:0.48525
harsh:0.48325
plot twist:0.47575
paranoid:0.4735
afi 100 (movie quotes):0.47225
melancholy:0.47025
