horror:0.95425
macabre:0.92325
doctors:0.88925
creepy:0.8725
murder:0.81075
atmospheric:0.795
supernatural:0.7755
mad scientist:0.75475
psychological:0.7375
original:0.73225
dark:0.732
eerie:0.72975
moral ambiguity:0.72075
ominous:0.68725
good soundtrack:0.6835
classic:0.654
grim:0.65375
gothic:0.64425
suspense:0.6175
moody:0.6135
psychology:0.6065
cult classic:0.6055
masterpiece:0.60525
harsh:0.58475
tense:0.57525
mentor:0.56575
great movie:0.562
life & death:0.5605
violence:0.5575
great:0.55725
suspenseful:0.55025
stylish:0.54525
nocturnal:0.53425
adaptation:0.53225
gruesome:0.5315
transformation:0.52475
visceral:0.523
story:0.5215
great ending:0.51975
talky:0.5195
monster:0.519
storytelling:0.51875
brutality:0.51875
stylized:0.51775
criterion:0.51625
scary:0.5115
frightening:0.5075
cult film:0.50675
hospital:0.504
dialogue:0.498
weird:0.47925
insanity:0.4785
cinematography:0.472
imdb top 250:0.46375
oscar (best actress):0.4635
serial killer:0.4565
drinking:0.451
downbeat:0.44825
catastrophe:0.444
cynical:0.44375
great dialogue:0.44125
dark humor:0.43125
complex characters:0.42675
black and white:0.42675
paranoid:0.42575
allegory:0.422
excellent:0.418
unusual plot structure:0.41325
social commentary:0.40925
film noir:0.4015
crime gone awry:0.39925
oscar (best directing):0.39025
19th century:0.38675
enigmatic:0.3855
runaway:0.381
grindhouse:0.37725
strange:0.3735
greed:0.37225
melancholy:0.369
classic car:0.36575
exceptional acting:0.36175
interesting:0.3615
afi 100 (movie quotes):0.35975
paranoia:0.3575
suprisingly clever:0.357
blood:0.354
melancholic:0.35325
quotable:0.35225
police investigation:0.34925
visually appealing:0.3475
secrets:0.34725
adapted from:book:0.34425
disturbing:0.33875
dramatic:0.33775
cult:0.336
goretastic:0.334
ironic:0.3335
splatter:0.33225
not funny:0.33175
sexualized violence:0.32875
