oscar (best music - original song):1.0
politics:0.91875
political:0.90125
criterion:0.88925
music:0.87675
ensemble cast:0.84025
original:0.774
golden palm:0.76875
dialogue:0.73825
satirical:0.73525
talky:0.71825
good soundtrack:0.6925
satire:0.68475
enigmatic:0.68425
social commentary:0.68125
character study:0.678
gay character:0.66625
weird:0.66275
imdb top 250:0.64025
multiple storylines:0.62875
bleak:0.62675
complex:0.62075
cynical:0.614
storytelling:0.61275
musicians:0.61125
culture clash:0.60225
masterpiece:0.5965
lyrical:0.5855
crime gone awry:0.57025
intimate:0.5695
reflective:0.5645
entirely dialogue:0.56275
loneliness:0.5585
musical:0.5565
1970s:0.53275
suprisingly clever:0.5265
melancholic:0.52025
oscar (best directing):0.50825
melancholy:0.508
affectionate:0.5065
oscar (best supporting actress):0.4925
good music:0.48975
exceptional acting:0.484
witty:0.4825
california:0.479
stylized:0.4725
afi 100:0.4685
runaway:0.464
awesome soundtrack:0.4635
highly quotable:0.4605
compassionate:0.4605
obsession:0.45925
visually appealing:0.45625
dark humor:0.45275
intellectual:0.451
allegory:0.4505
absurd:0.45025
atmospheric:0.4495
cult classic:0.44875
irreverent:0.4455
wistful:0.4445
greed:0.4445
independent film:0.43875
visceral:0.43825
quirky:0.4365
off-beat comedy:0.4345
harsh:0.4325
drinking:0.43125
poignant:0.431
catastrophe:0.4285
downbeat:0.425
interesting:0.42475
biting:0.414
surreal:0.40475
corruption:0.40425
bittersweet:0.40275
cerebral:0.40275
great music:0.4005
honest:0.39975
cinematography:0.39575
very funny:0.3915
assassination:0.3915
sarcasm:0.38625
brutality:0.3825
pointless:0.37925
clever:0.37775
great ending:0.376
artistic:0.37525
cult film:0.37325
good acting:0.3715
alternate universe:0.3705
great:0.36775
relationships:0.36425
idealism:0.364
life philosophy:0.361
oscar (best actress):0.36025
ironic:0.3505
unlikeable characters:0.34475
ethnic conflict:0.34325
humorous:0.34125
