comedy:0.96325
funny:0.92
las vegas:0.896
fun movie:0.85225
very funny:0.8165
goofy:0.80625
romantic comedy:0.74575
original:0.7235
great:0.703
hilarious:0.66925
great movie:0.59325
gangsters:0.58925
fun:0.586
happy ending:0.5475
chase:0.52425
silly fun:0.52325
dialogue:0.5105
death:0.50625
humorous:0.50375
catastrophe:0.49325
hawaii:0.491
light:0.49075
mentor:0.486
good:0.4845
romantic:0.4765
great ending:0.46525
predictable:0.4505
romance:0.43025
melancholic:0.4285
marriage:0.4265
story:0.42225
quotable:0.4035
clever:0.4035
gangster:0.39125
destiny:0.38575
storytelling:0.38125
pg-13:0.38075
love:0.3795
good soundtrack:0.37525
love story:0.37075
runaway:0.36825
nudity (topless - notable):0.3625
drama:0.36125
sexy:0.36075
suprisingly clever:0.34975
culture clash:0.3455
cheating:0.3455
entertaining:0.34
family:0.3385
brutality:0.3375
greed:0.33675
suspense:0.33575
relationships:0.323
dumb but funny:0.32275
dysfunctional family:0.3225
poker:0.31975
complex:0.31825
lone hero:0.317
crude humor:0.31675
unfunny:0.3165
quirky:0.3155
adaptation:0.31525
nudity (full frontal - brief):0.3125
guilt:0.3125
vengeance:0.30975
intense:0.305
oscar (best directing):0.302
transformation:0.299
good action:0.29825
entirely dialogue:0.28575
police investigation:0.28575
twists & turns:0.28475
bad plot:0.28175
first contact:0.27925
sweet:0.27575
adapted from:book:0.2735
writers:0.27325
life philosophy:0.27275
pornography:0.27175
very good:0.271
so bad it's funny:0.26925
paranoid:0.268
hotel:0.26775
slapstick:0.26375
natural disaster:0.26375
silly:0.263
cool:0.263
cinematography:0.262
criterion:0.2615
weapons:0.2605
big budget:0.26
crazy:0.2595
fantasy world:0.258
farce:0.257
exceptional acting:0.25625
girlie movie:0.25625
absurd:0.2515
loneliness:0.25125
original plot:0.24925
buddy movie:0.2485
