ninja:0.994
franchise:0.98875
vigilante:0.97125
animation:0.96975
superheroes:0.9275
based on a comic:0.9135
cartoon:0.90975
super hero:0.90825
view askew:0.90675
talking animals:0.906
action:0.905
fight scenes:0.89825
comic book:0.8765
mutants:0.87125
comics:0.8655
immortality:0.8645
superhero:0.85625
computer animation:0.83375
based on a tv show:0.803
original:0.78925
alter ego:0.78525
vigilantism:0.73425
cgi:0.72175
fighting:0.71925
super-hero:0.70175
visually appealing:0.69225
nostalgic:0.6915
action packed:0.68725
pg-13:0.672
cool:0.6435
based on comic:0.6165
bad plot:0.61625
adapted from:comic:0.60725
dialogue:0.601
good action:0.596
story:0.58925
dynamic cgi action:0.57875
nostalgia:0.5755
marvel:0.55625
mentor:0.5485
animated:0.54125
family:0.53675
series:0.5335
weapons:0.53175
dark hero:0.53075
animals:0.53075
childhood:0.52925
big budget:0.52125
jungle:0.514
stylized:0.51075
goofy:0.49825
predictable:0.4935
transformation:0.48475
mythology:0.4845
silly fun:0.471
great:0.467
nocturnal:0.4665
violence:0.463
monsters:0.45925
comic book adaption:0.4575
good:0.44625
great ending:0.442
graphic novel:0.4355
fun:0.43425
sequels:0.4275
creativity:0.42375
catastrophe:0.41625
giant robots:0.41575
adventure:0.41475
comic:0.41225
sequel:0.40625
video game:0.39825
monster:0.3935
redemption:0.38875
storytelling:0.38825
fun movie:0.379
adaptation:0.37625
better than expected:0.376
special effects:0.3735
martial arts:0.3675
life philosophy:0.36375
first contact:0.36325
new york city:0.359
dark fantasy:0.35525
visually stunning:0.347
vengeance:0.342
latin america:0.33825
visuals:0.332
not funny:0.3275
fantasy world:0.32475
awesome soundtrack:0.3245
intense:0.31825
brutality:0.3175
destiny:0.3165
slapstick:0.31325
muppets:0.31075
complex:0.309
humor:0.308
bad cgi:0.3045
betrayal:0.30375
