true story:0.97975
drama:0.946
suspense:0.9265
based on true story:0.8885
dramatic:0.8485
based on a book:0.846
journalism:0.8445
murder:0.838
twists & turns:0.837
based on book:0.8355
corruption:0.82325
surprise ending:0.8065
intense:0.804
mystery:0.793
great ending:0.756
plot twist:0.7535
police investigation:0.7445
investigation:0.73825
suspenseful:0.73225
courtroom:0.7315
first contact:0.7285
story:0.7125
manipulation:0.7105
justice:0.705
twist:0.698
redemption:0.689
greed:0.6855
catastrophe:0.66625
chase:0.651
based on a true story:0.645
moral ambiguity:0.63675
identity:0.6335
original:0.63025
cinematography:0.6295
writers:0.62125
secrets:0.62075
adaptation:0.61875
sacrifice:0.61825
murder mystery:0.613
unusual plot structure:0.606
serial killer:0.6025
good:0.5935
psychological:0.587
survival:0.5865
psychology:0.56925
crime:0.56825
nudity (topless - notable):0.556
guilt:0.547
twist ending:0.53825
tricky:0.53225
bad ending:0.5255
new york:0.5195
underrated:0.51775
doctors:0.51125
dialogue:0.50775
women:0.50475
death:0.5045
crude humor:0.5015
good story:0.49325
talky:0.4885
very interesting:0.488
prison:0.484
writing:0.477
passionate:0.47575
excellent script:0.47525
happy ending:0.47075
torture:0.4645
clever:0.4605
thought-provoking:0.46025
enigmatic:0.45875
lawyer:0.4565
predictable:0.45475
courtroom drama:0.44175
visually appealing:0.441
macabre:0.4395
court:0.43625
adapted from:book:0.43625
brutality:0.4325
good acting:0.4305
mentor:0.423
nudity (full frontal - brief):0.42175
assassination:0.41925
pointless:0.41625
weird:0.402
great acting:0.402
life philosophy:0.39775
revenge:0.393
cerebral:0.39125
thriller:0.38825
obsession:0.386
mars:0.384
great movie:0.375
paranoid:0.37325
storytelling:0.37075
relationships:0.37075
not funny:0.362
surveillance:0.35575
melancholic:0.3555
factual:0.3535
religion:0.35175
