heist:0.98475
caper:0.969
mentor:0.87875
prison escape:0.8655
entertaining:0.8235
money:0.805
original:0.7545
con artists:0.74325
sexy:0.68775
pg-13:0.68375
fun movie:0.68275
very interesting:0.677
robbery:0.665
nudity (topless - notable):0.6605
greed:0.65325
story:0.62725
comedy:0.6255
dialogue:0.61975
good:0.6165
small town:0.594
plot:0.5895
destiny:0.54625
chase:0.543
crime:0.54
clever:0.5345
fast paced:0.50475
great:0.503
corruption:0.49225
feel-good:0.48475
interesting:0.4835
great movie:0.4785
prison:0.47175
catastrophe:0.46125
cool:0.46075
predictable:0.4575
poker:0.4545
big budget:0.453
great ending:0.4465
adaptation:0.44625
crime gone awry:0.4455
justice:0.44425
twists & turns:0.43725
plot twist:0.43375
whimsical:0.4285
bank robbery:0.428
good dialogue:0.42725
betrayal:0.4255
good soundtrack:0.423
underdog:0.41925
great acting:0.41525
oscar:0.41425
storytelling:0.40625
feel good movie:0.40375
fun:0.4015
life philosophy:0.39675
first contact:0.39275
fantasy world:0.38975
screwball:0.38675
passionate:0.384
good acting:0.373
violence:0.373
very funny:0.37075
moral ambiguity:0.3685
vengeance:0.36775
adventure:0.36775
redemption:0.3675
light:0.366
drama:0.3645
suspense:0.36325
shallow:0.35175
unlikely friendships:0.34625
based on true story:0.344
original plot:0.34225
unfunny:0.34025
culture clash:0.33975
con men:0.3305
gangsters:0.32825
pornography:0.3255
entirely dialogue:0.3245
better than expected:0.31875
quirky:0.315
unusual plot structure:0.3145
dynamic cgi action:0.31375
not funny:0.31375
hospital:0.31275
action:0.31075
notable nudity:0.3095
witty:0.30325
bad plot:0.302
good action:0.30175
transformation:0.3015
fight scenes:0.30125
technology:0.299
excellent:0.298
casino:0.29775
lone hero:0.29775
intense:0.29075
funny:0.28875
male nudity:0.2865
existentialism:0.2865
