dark fantasy:0.98925
visual:0.96025
mythology:0.93775
russian:0.92975
good versus evil:0.91825
supernatural:0.91075
dark:0.90275
visually stunning:0.89325
vampire:0.882
alternate reality:0.879
russia:0.867
fantasy world:0.86
light:0.86
special effects:0.85725
storytelling:0.8505
fantasy:0.85
original:0.839
vampires:0.838
based on a book:0.83425
surreal:0.83075
imagination:0.818
nocturnal:0.81025
visually appealing:0.79975
goth:0.7915
based on book:0.78525
weird:0.7685
trilogy:0.7625
sci fi:0.754
allegory:0.73575
scifi:0.72075
cyberpunk:0.7195
story:0.71425
amazing cinematography:0.7135
fight scenes:0.707
visuals:0.698
witches:0.69325
great cinematography:0.687
handycam:0.67825
cinematography:0.64125
foreign:0.62875
wizards:0.621
distopia:0.62
parallel universe:0.61725
action:0.6135
so bad it's funny:0.611
apocalypse:0.60375
dynamic cgi action:0.5955
big budget:0.59125
destiny:0.58475
confusing:0.57875
creativity:0.57625
immortality:0.575
effects:0.56925
dreamlike:0.558
cool:0.55775
adapted from:book:0.55275
stylish:0.5515
complex:0.54825
witch:0.5475
cerebral:0.54425
stylized:0.53625
books:0.53625
cult classic:0.53125
great ending:0.53
harsh:0.52675
adaptation:0.52675
high fantasy:0.52575
product placement:0.51925
fast paced:0.51675
absurd:0.512
dialogue:0.5105
catastrophe:0.50275
plot:0.50225
good:0.49975
cult film:0.4965
atmospheric:0.4955
good soundtrack:0.494
science fiction:0.4855
brutality:0.481
mentor:0.4795
cgi:0.47575
bad cgi:0.4755
first contact:0.46825
transformation:0.463
existentialism:0.46125
stunning:0.45675
bleak:0.45275
dystopia:0.45175
pg-13:0.4485
sci-fi:0.44675
technology:0.44375
great:0.4335
demons:0.433
dark hero:0.432
gothic:0.426
weapons:0.42275
forceful:0.41975
dystopic future:0.419
end of the world:0.40875
moral ambiguity:0.40825
