farce:0.80875
original:0.799
small town:0.683
comedy:0.653
adultery:0.60375
wilderness:0.54525
las vegas:0.534
underrated:0.5305
oscar (best picture):0.523
criterion:0.50975
great ending:0.48525
catastrophe:0.48525
light:0.4805
adaptation:0.476
dialogue:0.47275
happy ending:0.46525
mad scientist:0.4645
satirical:0.46175
transformation:0.4535
cynical:0.4445
runaway:0.43425
suspenseful:0.4165
twists & turns:0.41625
girlie movie:0.41625
downbeat:0.4045
narrated:0.39925
paranoid:0.397
grim:0.3915
gunfight:0.387
musical:0.38225
great:0.3805
gangsters:0.37675
redemption:0.37525
violent:0.3745
brutality:0.36775
mentor:0.35275
fun movie:0.352
crime gone awry:0.35075
sci fi:0.348
original plot:0.3435
ironic:0.343
sexy:0.34225
harsh:0.3295
not funny:0.32925
silly fun:0.32575
alter ego:0.324
obsession:0.32025
good soundtrack:0.32025
melancholic:0.319
biting:0.31875
screwball:0.3185
sexual:0.3175
storytelling:0.3135
satire:0.30825
greed:0.30725
marriage:0.30675
san francisco:0.3055
sex comedy:0.29825
predictable:0.29425
very interesting:0.29425
suprisingly clever:0.29325
clever:0.29275
breathtaking:0.29175
enigmatic:0.29175
masterpiece:0.29125
cult classic:0.2905
witty:0.28825
complicated plot:0.28475
surveillance:0.2845
unfunny:0.28425
entirely dialogue:0.28425
grindhouse:0.28325
story:0.28325
quirky:0.2825
talky:0.28225
good:0.28225
1930s:0.282
classic car:0.2805
so bad it's funny:0.2805
great movie:0.28
desert:0.277
fight scenes:0.277
nocturnal:0.27475
drama:0.273
romance:0.27175
lone hero:0.271
insanity:0.2665
parody:0.26625
irreverent:0.26625
pg-13:0.26625
censorship:0.26575
comic:0.2655
complex:0.265
stupid:0.26475
chase:0.26475
destiny:0.26325
oscar (best directing):0.2615
dark hero:0.261
culture clash:0.26025
life philosophy:0.26025
