surreal:0.9925
weird:0.99075
anime:0.9395
strange:0.9265
imagination:0.91825
surrealism:0.90675
disturbing:0.892
life & death:0.86525
dark:0.8515
visual:0.834
japan:0.832
criterion:0.82925
original:0.82175
bizarre:0.81925
animation:0.813
enigmatic:0.8015
artistic:0.79025
dreamlike:0.7745
melancholic:0.7645
runaway:0.75025
visually appealing:0.7475
art:0.73975
masterpiece:0.7345
based on a comic:0.69925
creativity:0.6945
cerebral:0.69025
fantasy world:0.68125
animated:0.67175
hallucinatory:0.665
art house:0.66475
psychedelic:0.664
short:0.66175
pigs:0.66125
breathtaking:0.657
obsession:0.64875
melancholy:0.647
afterlife:0.63325
existentialism:0.63175
death:0.63175
artist:0.63025
insanity:0.62725
talky:0.626
visually stunning:0.61325
complex:0.588
based on comic:0.58525
brutality:0.57375
japanese:0.5725
bleak:0.57
atmospheric:0.56775
gory:0.56625
dialogue:0.5635
golden palm:0.55625
tokyo:0.5535
psychological:0.544
crime gone awry:0.544
grim:0.52675
good soundtrack:0.51625
alter ego:0.511
childhood:0.509
cinematography:0.50175
cult classic:0.49525
nocturnal:0.495
loneliness:0.4925
lynch:0.49125
male nudity:0.48225
dreams:0.48125
gratuitous violence:0.48075
stylized:0.47925
suprisingly clever:0.47425
confusing:0.47375
storytelling:0.47275
unusual plot structure:0.472
eccentricity:0.47175
cult film:0.468
macabre:0.46525
cannibalism:0.45625
desert:0.45375
moody:0.45325
nonlinear:0.4465
absurd:0.4455
stunning:0.4425
cartoon:0.4395
intimate:0.4345
very interesting:0.4325
paranoid:0.43075
hotel:0.42525
police investigation:0.42275
interesting:0.4205
visceral:0.419
sisters:0.4175
grindhouse:0.41375
distopia:0.40975
mental illness:0.4085
solitude:0.404
philosophical:0.4025
perfect:0.4
nudity (topless - notable):0.3995
story:0.39875
imdb top 250:0.39625
dark hero:0.394
