snakes:0.99575
jungle:0.979
predictable:0.88725
special effects:0.88025
so bad it's funny:0.85975
bad cgi:0.852
bad acting:0.84975
monster:0.82325
sequels:0.81475
original:0.81375
silly fun:0.8115
action:0.80125
natural disaster:0.79575
adventure:0.79175
idiotic:0.77875
horrible:0.77175
silly:0.753
stranded:0.75075
big budget:0.71725
survival:0.711
sequel:0.70425
stupid:0.704
bad plot:0.69575
pg-13:0.69075
lame:0.67275
cheesy:0.656
disaster:0.654
pointless:0.6475
spiders:0.64425
stupid as hell:0.6395
fountain of youth:0.62775
family:0.59175
sci-fi:0.58925
franchise:0.57675
horror:0.568
crappy sequel:0.564
immortality:0.5495
bad script:0.54475
campy:0.54275
catastrophe:0.541
suspense:0.53425
stereotypes:0.534
animals:0.53275
bad:0.53025
monsters:0.52275
dinosaurs:0.51925
bad science:0.517
cult film:0.5045
first contact:0.49175
good sequel:0.49175
violence:0.49175
sci fi:0.487
ridiculous:0.48425
dialogue:0.48425
remake:0.4815
weapons:0.477
mutants:0.47
overrated:0.465
action packed:0.46175
scary:0.45975
good action:0.457
hunting:0.45675
death:0.45575
mentor:0.44625
goofy:0.4455
lone hero:0.44525
fantasy world:0.44325
transformation:0.43725
genetics:0.437
awful:0.4355
shallow:0.435
dynamic cgi action:0.42625
great ending:0.41975
based on a video game:0.417
fight scenes:0.41525
camp:0.41425
intense:0.41375
fun:0.413
mad scientist:0.412
adaptation:0.41125
destiny:0.40925
fun movie:0.40525
guilty pleasure:0.399
computer animation:0.3935
not funny:0.39125
not as good as the first:0.38925
writers:0.378
better than expected:0.376
chase:0.37525
cgi:0.37475
teen movie:0.37275
nudity (full frontal - brief):0.36825
plot holes:0.3655
ensemble cast:0.363
brutality:0.359
adapted from:comic:0.35625
suspenseful:0.3515
entertaining:0.34775
quirky:0.34675
dumb:0.34675
