criterion:0.9885
surreal:0.9495
dreamlike:0.93825
weird:0.923
visual:0.90925
stylized:0.90425
artistic:0.89775
dreams:0.89575
enigmatic:0.89525
surrealism:0.8935
loneliness:0.8785
imagination:0.868
meditative:0.8665
visually stunning:0.86525
reflective:0.82675
cerebral:0.826
storytelling:0.81775
visually appealing:0.8165
masterpiece:0.797
melancholy:0.78875
sexy:0.75325
golden palm:0.7395
cinematography:0.73925
art:0.7325
original:0.70575
psychedelic:0.69025
nocturnal:0.68925
existentialism:0.68925
intimate:0.68375
obsession:0.66675
non-linear:0.66375
melancholic:0.65825
talky:0.64725
childhood:0.64675
oscar (best foreign language film):0.64125
life philosophy:0.63375
breathtaking:0.6245
memory:0.617
hallucinatory:0.61625
relationships:0.60875
affectionate:0.60575
dialogue:0.6055
imdb top 250:0.605
colourful:0.6045
good soundtrack:0.6035
harsh:0.59925
social commentary:0.599
artsy:0.595
whimsical:0.59375
bleak:0.577
atmospheric:0.565
light:0.55725
nonlinear:0.55425
unusual plot structure:0.55
infidelity:0.54875
poignant:0.541
narrated:0.53325
fantasy:0.533
great ending:0.531
biographical:0.522
insanity:0.516
creativity:0.5085
suprisingly clever:0.508
erotic:0.50475
beautifully filmed:0.502
artist:0.48875
very interesting:0.48775
story:0.487
sexual:0.48425
strange:0.48325
italian:0.48125
sexualized violence:0.481
life & death:0.478
bittersweet:0.47725
passionate:0.47425
sexual abuse:0.47375
allegory:0.46725
psychological:0.45575
photography:0.452
poetry:0.45175
fantasy world:0.44925
eerie:0.4475
beautiful:0.44725
life:0.446
love:0.442
adaptation:0.442
disturbing:0.4295
art house:0.4295
visuals:0.42725
catastrophe:0.42725
great:0.42325
psychology:0.42175
downbeat:0.421
self discovery:0.419
classic car:0.41875
culture clash:0.41375
stunning:0.413
bizarre:0.40875
betrayal:0.39775
mental illness:0.397
