horror:0.9905
original:0.881
predictable:0.87225
splatter:0.8445
death:0.8385
cult film:0.764
so bad it's funny:0.762
family:0.7155
bad plot:0.678
goofy:0.67425
brutality:0.611
franchise:0.59575
overrated:0.59425
great ending:0.59075
mentor:0.572
pointless:0.57125
violence:0.56625
adaptation:0.56425
dialogue:0.55075
fantasy world:0.54875
fantasy:0.54875
80s:0.546
fight scenes:0.5395
first contact:0.515
silly fun:0.51475
stupid as hell:0.51125
destiny:0.50975
demons:0.509
unusual plot structure:0.497
disaster:0.49325
shallow:0.48725
sci fi:0.48725
quirky:0.47975
weapons:0.47325
slasher:0.466
scary:0.463
cult:0.463
intense:0.4615
science fiction:0.46075
police investigation:0.4595
entirely dialogue:0.4575
gangsters:0.4535
justice:0.4455
pornography:0.44375
dreamlike:0.443
redemption:0.4405
humorous:0.43675
multiple storylines:0.43375
twists & turns:0.43275
nudity (full frontal - brief):0.4325
runaway:0.43025
based on a book:0.4235
camp:0.42125
disturbing:0.41875
writers:0.4105
satirical:0.40825
romance:0.4075
grindhouse:0.40575
action:0.403
life philosophy:0.4025
slapstick:0.3995
story:0.39875
lone hero:0.39325
catastrophe:0.39075
alternate reality:0.388
greed:0.382
boring:0.381
sci-fi:0.38025
adventure:0.38
pulp:0.378
male nudity:0.375
adapted from:comic:0.3745
fun:0.374
supernatural:0.3725
whimsical:0.3715
special effects:0.37
action packed:0.36925
reality tv:0.36825
twist ending:0.36775
storytelling:0.3675
culture clash:0.366
mad scientist:0.3645
life & death:0.359
good soundtrack:0.35875
talky:0.3585
surreal:0.35725
road movie:0.353
bloody:0.35275
existentialism:0.34975
nudity (topless):0.34575
cult classic:0.34575
imdb top 250:0.34375
adapted from:book:0.34325
monster:0.34275
violent:0.342
not funny:0.341
narrated:0.34075
suspense:0.3405
chase:0.3365
good dialogue:0.3365
