martial arts:0.99575
kung fu:0.97975
fight scenes:0.965
police:0.9585
hong kong:0.95125
action:0.94575
fighting:0.92375
good action:0.904
action packed:0.86
fast paced:0.78375
explosions:0.74
original:0.72325
story:0.6965
great:0.66325
china:0.6615
buddy movie:0.6335
chase:0.61275
police corruption:0.60425
motorcycle:0.59025
vengeance:0.574
comedy:0.54925
cool:0.54425
violence:0.5435
dragons:0.541
great movie:0.53875
kidnapping:0.52625
police investigation:0.519
mentor:0.506
fun movie:0.50575
catastrophe:0.499
dark hero:0.4965
trilogy:0.4845
lone hero:0.4725
great ending:0.46625
brutality:0.4505
car chase:0.441
entertaining:0.43425
fun:0.4295
exciting:0.42825
dialogue:0.4255
transformation:0.4225
kick-butt women:0.4155
runaway:0.41425
humorous:0.40625
special effects:0.396
breathtaking:0.39225
wuxia:0.391
guns:0.3835
slapstick:0.3825
undercover cop:0.37725
awesome soundtrack:0.377
visually stunning:0.37275
good:0.36675
storytelling:0.366
good soundtrack:0.36075
chris tucker:0.35825
realistic action:0.35775
corruption:0.35675
redemption:0.355
weapons:0.3495
gangsters:0.349
franchise:0.33825
goofy:0.3355
grindhouse:0.3315
prison:0.32475
very funny:0.32475
ninja:0.32475
culture clash:0.324
life philosophy:0.32225
intense:0.31825
suprisingly clever:0.315
better than expected:0.306
revenge:0.30075
stylized:0.3
series:0.299
fantasy world:0.29775
criterion:0.29625
detective:0.29575
classic car:0.2945
highly quotable:0.2915
adaptation:0.29125
art:0.29
superheroes:0.289
sacrifice:0.2875
weird:0.2865
nostalgic:0.2865
cult classic:0.2865
not funny:0.286
distopia:0.28525
family drama:0.283
adventure:0.2795
awesome:0.27775
assassination:0.2765
tokyo:0.276
predictable:0.27475
cult film:0.2745
so bad it's funny:0.27275
sexualized violence:0.2675
first contact:0.259
dynamic cgi action:0.25875
