wuxia:0.98875
visually stunning:0.98225
martial arts:0.979
visual:0.96975
stunning:0.9675
china:0.96375
stylized:0.94975
cinematography:0.947
colourful:0.937
sword fight:0.93
secrets:0.92825
visually appealing:0.9165
kung fu:0.8725
beautifully filmed:0.865
betrayal:0.86425
storytelling:0.85225
family drama:0.8485
fight scenes:0.8355
drama:0.805
visuals:0.784
vengeance:0.773
allegory:0.76475
scenic:0.74725
breathtaking:0.738
rebellion:0.737
dramatic:0.72125
story:0.71325
original:0.71225
sexualized violence:0.68075
exceptional acting:0.66225
sword fighting:0.6595
brutality:0.65925
action:0.6545
ninja:0.65275
amazing photography:0.649
dysfunctional family:0.64675
complex:0.631
adultery:0.6095
visceral:0.596
tragedy:0.585
intimate:0.58075
assassination:0.57075
good soundtrack:0.56575
great cinematography:0.562
incest:0.561
sacrifice:0.56075
revenge:0.55825
beautiful:0.55725
twists & turns:0.555
enigmatic:0.5465
weapons:0.52675
intense:0.526
culture clash:0.518
destiny:0.516
art:0.51475
insanity:0.5125
great ending:0.512
dialogue:0.51175
bloody:0.50825
catastrophe:0.508
mentor:0.50025
costume drama:0.49725
melancholic:0.49375
beautiful scenery:0.49275
masterpiece:0.49075
violence:0.49075
fantasy world:0.48375
fighting:0.477
harsh:0.47075
reflective:0.46975
cerebral:0.46425
good acting:0.462
absurd:0.4545
gratuitous violence:0.45225
family:0.44725
transformation:0.445
kick-butt women:0.443
redemption:0.43675
assassins:0.43525
great:0.42475
solitude:0.4175
adaptation:0.4155
stylish:0.412
talky:0.41
dark hero:0.40925
classic car:0.408
unusual plot structure:0.4075
murder:0.40675
life & death:0.40125
emotional:0.3985
obsession:0.396
passionate:0.39425
good action:0.3935
first contact:0.392
big budget:0.388
amazing cinematography:0.3845
sexy:0.3845
foreign:0.38375
oscar (best actress):0.3805
light:0.3795
