police investigation:0.9835
pornography:0.9805
guilt:0.94675
documentary:0.946
child abuse:0.94475
sexual abuse:0.918
manipulation:0.87075
secrets:0.869
intimate:0.86675
dysfunctional family:0.853
investigation:0.846
obsession:0.82625
disturbing:0.8185
complex:0.80875
crime:0.8
tragedy:0.793
original:0.79
brainwashing:0.7885
controversial:0.772
psychological:0.76425
psychology:0.74525
lawyers:0.743
oscar (best actress):0.739
lawyer:0.7385
corruption:0.73725
criterion:0.7345
interesting:0.72925
twists & turns:0.7225
heartbreaking:0.71725
family:0.69625
sexual:0.69575
social commentary:0.6955
journalism:0.68975
very interesting:0.68925
children:0.68425
reality tv:0.68275
justice:0.67375
talky:0.6725
suspense:0.67125
affectionate:0.66975
grim:0.66725
oscar (best directing):0.6645
weird:0.66275
runaway:0.65
thought-provoking:0.63875
family drama:0.63425
harsh:0.6305
arnold:0.628
greed:0.6195
suburbia:0.61275
enigmatic:0.61125
complicated:0.6075
california:0.603
great ending:0.60125
reflective:0.5815
tense:0.581
parenthood:0.57975
culture clash:0.578
visceral:0.57625
relationships:0.57275
police corruption:0.571
sexuality:0.56775
depressing:0.5675
character study:0.559
cerebral:0.557
imdb top 250:0.55675
creepy:0.5535
violent:0.54625
honest:0.545
storytelling:0.54475
serial killer:0.544
suprisingly clever:0.54125
brutality:0.54
adapted from:book:0.53975
emotional:0.53875
narrated:0.535
mental illness:0.5335
based on book:0.5315
dark:0.526
catastrophe:0.52475
sexualized violence:0.5235
natural disaster:0.523
betrayal:0.518
incest:0.517
dramatic:0.515
courtroom:0.51475
hard to watch:0.5135
movielens top pick:0.50825
childhood:0.505
intense:0.503
identity:0.50225
golden palm:0.5015
great:0.50125
amazing photography:0.49875
oscar (best supporting actress):0.498
good acting:0.49275
idealism:0.49225
voyeurism:0.491
clever:0.48775
intelligent:0.48225
