obsession:0.9735
sexy:0.89625
teen movie:0.7745
suspenseful:0.76775
thriller:0.7425
predictable:0.6935
original:0.67875
suspense:0.66525
manipulation:0.6455
twists & turns:0.6105
pornography:0.61025
teen:0.5765
erotic:0.54825
teens:0.53475
sexual abuse:0.5255
nudity (topless - notable):0.5245
guilty pleasure:0.5085
great ending:0.5015
mentor:0.484
girlie movie:0.4725
writers:0.472
shallow:0.46375
sexual:0.4475
catastrophe:0.4405
good:0.41375
not funny:0.4025
sexualized violence:0.3935
cult film:0.39075
so bad it's funny:0.38925
police investigation:0.3845
doctors:0.373
fun movie:0.3715
revenge:0.3675
camp:0.361
nudity (topless):0.36025
runaway:0.36025
intense:0.35925
violent:0.3545
sex:0.35425
adaptation:0.34675
silly:0.34125
bad plot:0.34075
dialogue:0.33475
brutality:0.33075
first contact:0.32425
murder:0.32375
family:0.32
psychology:0.3165
very interesting:0.3165
notable nudity:0.312
good soundtrack:0.3105
great acting:0.3075
women:0.30725
overrated:0.3055
nudity (full frontal - brief):0.304
scary:0.30075
plot holes:0.2985
vengeance:0.2965
unusual plot structure:0.295
stereotypes:0.2905
bad:0.29025
natural disaster:0.287
fantasy world:0.284
stupid:0.28275
life philosophy:0.27525
idiotic:0.275
storytelling:0.27375
unfunny:0.2715
destiny:0.27
action:0.26875
story:0.26425
twist:0.26225
tricky:0.2615
tense:0.2605
psychological:0.259
great:0.258
pg-13:0.25775
campy:0.25675
bad ending:0.25625
fight scenes:0.25625
teenagers:0.256
teenager:0.252
betrayal:0.251
liv tyler:0.2495
goofy:0.248
plot twist:0.243
culture clash:0.24075
quirky:0.23975
nudity (full frontal - notable):0.23825
crude humor:0.23775
high school:0.23475
lone hero:0.23225
entirely dialogue:0.2315
big budget:0.2305
adapted from:book:0.22975
clever:0.22925
slapstick:0.2285
male nudity:0.228
creepy:0.2255
passionate:0.2245
