nudity (topless - notable):0.98875
relationships:0.9655
love:0.92025
original:0.88575
very interesting:0.8765
complex:0.86375
loneliness:0.85575
good soundtrack:0.85525
love story:0.8525
science:0.84325
interesting:0.82075
romantic:0.81975
plot twist:0.81075
indie:0.804
thought-provoking:0.801
romantic comedy:0.797
storytelling:0.79
pg-13:0.7895
technology:0.7875
san francisco:0.77925
great ending:0.7785
cerebral:0.7725
sex:0.766
complicated:0.765
intense:0.751
romance:0.748
independent film:0.744
male nudity:0.743
sexualized violence:0.74275
secrets:0.7425
intellectual:0.731
drama:0.73025
nudity (full frontal - notable):0.7255
good:0.72025
nudity (full frontal - brief):0.70975
visually stunning:0.70725
writers:0.706
suspense:0.7015
destiny:0.7015
amazing photography:0.7
emotional:0.69725
visual:0.6955
dark:0.69525
visually appealing:0.69525
good acting:0.689
betrayal:0.68275
honest:0.68225
melancholic:0.67775
plot:0.674
dialogue:0.66825
moral ambiguity:0.66725
philosophy:0.66675
psychological:0.66
first contact:0.6585
sexy:0.6565
cinematography:0.655
humanity:0.6525
notable nudity:0.6515
future:0.65075
stereotypes:0.6445
psychology:0.644
drinking:0.6405
clever:0.63575
mindfuck:0.63175
mentor:0.62525
chick flick:0.61525
artsy:0.613
stylish:0.602
fight scenes:0.60025
computer animation:0.5975
sweet:0.5945
cult film:0.59425
happy ending:0.59375
sad but good:0.59275
predictable:0.589
nudity (topless):0.588
big budget:0.5865
great movie:0.58225
cute!:0.5775
narrated:0.577
underrated:0.57525
very good:0.57075
multiple storylines:0.56925
buddy movie:0.568
story:0.56575
weird:0.56475
confusing:0.56375
social commentary:0.552
bittersweet:0.55175
sexuality:0.5515
manipulation:0.5515
death:0.54975
awesome soundtrack:0.538
tragedy:0.53725
beautiful scenery:0.533
courage:0.52375
nudity (rear):0.52175
passionate:0.52
doctors:0.518
life:0.51675
