sword fight:0.98525
adventure:0.97575
swashbuckler:0.9715
oscar (best directing):0.95525
england:0.911
spanish:0.90025
classic:0.8515
jungle:0.84425
sword fighting:0.8305
great movie:0.81825
noir thriller:0.80125
spain:0.79375
wartime:0.7875
slavery:0.72175
betrayal:0.71525
great:0.70425
pirates:0.70125
africa:0.6855
romance:0.68075
beautiful scenery:0.67375
criterion:0.66525
fun movie:0.66325
original:0.66225
entertaining:0.6615
forceful:0.65975
historical:0.655
british:0.65275
passionate:0.634
exciting:0.6235
breathtaking:0.618
oscar (best actress):0.6095
greed:0.60225
based on book:0.596
original plot:0.59125
oscar (best supporting actress):0.567
scenic:0.556
excellent:0.55525
story:0.55475
courage:0.55275
good:0.5465
runaway:0.545
witty:0.539
silly fun:0.5375
gangsters:0.5375
brothers:0.537
black and white:0.536
adapted from:book:0.52525
oscar (best effects - visual effects):0.52425
1930s:0.51675
colourful:0.515
good action:0.50625
fun:0.5035
earnest:0.49675
dramatic:0.49375
talky:0.491
mentor:0.48925
oscar winner:0.488
poland:0.48525
enigmatic:0.477
suprisingly clever:0.476
dialogue:0.4745
clever:0.47375
suspense:0.46975
light:0.46375
adaptation:0.46125
treasure:0.4585
oscar (best cinematography):0.4565
island:0.4525
family:0.45075
action:0.448
melancholic:0.4465
tense:0.44625
based on a play:0.44175
great acting:0.44
gunfight:0.439
drinking:0.43625
corruption:0.43575
beautifully filmed:0.43375
based on a book:0.42825
war:0.427
excellent script:0.426
catastrophe:0.424
allegory:0.42225
transformation:0.41725
scotland:0.41175
vengeance:0.40525
idealism:0.4025
brutality:0.40025
us history:0.3955
good soundtrack:0.385
gangs:0.38375
moral ambiguity:0.383
great ending:0.3825
unusual plot structure:0.382
nostalgic:0.38075
silent:0.3805
harsh:0.378
imdb top 250:0.37775
entirely dialogue:0.37675
pornography:0.37675
