alien:0.99825
mars:0.9875
aliens:0.98175
sci-fi:0.9345
first contact:0.89925
astronauts:0.89475
scifi:0.87325
splatter:0.8655
special effects:0.852
bad acting:0.85075
sci fi:0.83925
alien invasion:0.81975
original:0.812
bad plot:0.803
so bad it's funny:0.8025
crappy sequel:0.8005
space:0.799
sequels:0.7855
horrible:0.7855
pointless:0.774
sexualized violence:0.75
predictable:0.7315
sequel:0.71975
big budget:0.704
science fiction:0.68625
franchise:0.678
awful:0.64725
cloning:0.64225
bad:0.632
bad script:0.6205
pregnancy:0.61625
nudity (topless - notable):0.6105
lame:0.60875
silly fun:0.59575
dialogue:0.592
space travel:0.589
natural disaster:0.5835
stupid:0.5825
catastrophe:0.56875
nudity (full frontal - notable):0.5425
weapons:0.5425
clones:0.538
disaster:0.53625
sexy:0.5205
violence:0.5185
silly:0.517
bad science:0.51225
nudity (rear):0.50875
dynamic cgi action:0.50775
erotic:0.49175
nudity:0.4865
brutality:0.47225
destiny:0.4685
monster:0.465
bad cgi:0.46475
idiotic:0.46425
good sequel:0.461
great ending:0.458
mentor:0.45775
sexual:0.4575
stupid as hell:0.45675
pornography:0.45175
action:0.449
nudity (full frontal):0.44175
story:0.43425
ridiculous:0.434
bad ending:0.431
effects:0.43
science:0.41325
god:0.412
intelligent sci-fi:0.40575
notable nudity:0.403
suspense:0.39725
mad scientist:0.3925
overrated:0.388
entirely dialogue:0.38725
transformation:0.38575
horror:0.376
women:0.376
virus:0.3745
not funny:0.372
fun:0.36325
fun movie:0.35875
dinosaurs:0.3575
dumb:0.35
family:0.34475
fantasy world:0.3435
adaptation:0.3435
redemption:0.338
nasa:0.3375
pg-13:0.333
fight scenes:0.333
plot holes:0.332
nudity (full frontal - brief):0.33075
gory:0.32825
good:0.31825
remake:0.316
runaway:0.31575
fantasy:0.31025
male nudity:0.3085
