sword fight:0.99
japan:0.97875
amazing photography:0.973
samurai:0.95575
epic:0.94675
action:0.932
rebellion:0.92425
oscar (best supporting actor):0.91525
historical:0.914
war:0.91075
sword fighting:0.895
history:0.89025
fight scenes:0.88975
dramatic:0.88625
intense:0.886
japanese:0.87325
fighting:0.866
mentor:0.865
destiny:0.862
big budget:0.8595
good:0.8525
civil war:0.8505
visually stunning:0.83575
awesome soundtrack:0.829
beautiful scenery:0.827
great movie:0.807
courage:0.80675
politics:0.8055
cinematography:0.804
powerful ending:0.80025
great acting:0.79375
martial arts:0.79025
redemption:0.7895
pg-13:0.78575
story:0.77975
great ending:0.775
culture clash:0.774
sacrifice:0.765
vengeance:0.7625
good acting:0.7615
visual:0.7605
us history:0.75675
original:0.75675
ninja:0.75625
storytelling:0.75125
stunning:0.7435
weapons:0.74225
beautifully filmed:0.74175
technology:0.7385
great:0.7315
love story:0.72375
plot:0.71875
oscar:0.71825
forceful:0.71225
imdb top 250:0.7095
revolution:0.7085
good soundtrack:0.70675
oscar (best directing):0.70225
violence:0.702
good action:0.698
tokyo:0.68725
oscar winner:0.68475
dialogue:0.68325
breathtaking:0.67925
best war films:0.6735
indians:0.67125
realistic:0.669
drama:0.66525
dynamic cgi action:0.65525
betrayal:0.6525
reflective:0.64325
catastrophe:0.63825
earnest:0.638
action packed:0.63775
unrealistic:0.6345
fast paced:0.634
excellent:0.62225
excellent script:0.61725
friendship:0.615
adventure:0.61225
suspense:0.61175
revenge:0.608
visceral:0.6055
stereotypes:0.59875
interesting:0.5985
idealism:0.59575
life & death:0.58775
oscar (best actor):0.583
transformation:0.5825
genocide:0.57375
corruption:0.57225
scenic:0.56925
emotional:0.5645
brutality:0.563
very good:0.553
period piece:0.54925
happy ending:0.5455
guns:0.54425
unlikely friendships:0.54075
entertaining:0.53825
