franchise:0.9305
kids and family:0.85725
special effects:0.841
adventure:0.82875
family:0.81
pg-13:0.7995
magic:0.78525
comedy:0.77075
funny:0.758
fun movie:0.7565
egypt:0.7385
big budget:0.70075
original:0.7005
silly fun:0.6855
fantasy:0.6815
predictable:0.6675
silly:0.6635
dialogue:0.65275
trilogy:0.63725
fun:0.63
slapstick:0.60625
watch the credits:0.605
london:0.597
catastrophe:0.59575
kids:0.582
story:0.5705
entertaining:0.567
natural disaster:0.5645
superheroes:0.54275
series:0.53975
sequel:0.53425
great ending:0.525
fantasy world:0.5055
action:0.50525
sequels:0.49475
very funny:0.4865
nocturnal:0.48175
crude humor:0.47975
monkey:0.477
plot:0.46625
nostalgic:0.46275
humor:0.4625
dinosaurs:0.45775
better than expected:0.453
secrets:0.45275
children:0.45025
super hero:0.4445
creativity:0.441
disaster:0.434
goofy:0.43325
so bad it's funny:0.42825
good:0.4245
cgi:0.42025
bad cgi:0.413
mentor:0.40075
fashion:0.39775
destiny:0.39775
single father:0.39275
light:0.392
life philosophy:0.3905
action packed:0.38375
superhero:0.3795
storytelling:0.378
hilarious:0.37725
brutality:0.3735
bad plot:0.3725
plot holes:0.3715
chase:0.37075
great:0.36775
transformation:0.36675
parallel universe:0.35775
happy ending:0.355
childhood:0.353
enormously long battle scene:0.35
holiday:0.3455
dysfunctional family:0.345
computer animation:0.34275
twists & turns:0.3415
history:0.32975
first contact:0.32825
bittersweet:0.3275
visuals:0.32425
new york city:0.32275
alter ego:0.3225
england:0.31625
whimsical:0.31525
campy:0.30725
fight scenes:0.30525
good soundtrack:0.304
unfunny:0.30325
humorous:0.30175
teen:0.3015
disappointing:0.301
runaway:0.29525
super-hero:0.2945
historical:0.29075
teen movie:0.2895
unlikely friendships:0.28925
betrayal:0.2885
melancholic:0.288
