immigrants:0.9025
family:0.85125
family bonds:0.84525
relationships:0.84325
nostalgic:0.843
parenthood:0.83075
storytelling:0.809
family drama:0.79625
based on a book:0.78275
bittersweet:0.75575
original:0.74725
heartbreaking:0.74475
ensemble cast:0.7155
great acting:0.703
holiday:0.69325
period piece:0.66275
sentimental:0.6615
great:0.6495
guilt:0.64825
beautifully filmed:0.64725
dysfunctional family:0.6455
secrets:0.628
oscar (best directing):0.62575
culture clash:0.6225
touching:0.614
suburbia:0.6125
dramatic:0.61075
emotional:0.6095
oscar (best actress):0.60725
jewish:0.6015
feel-good:0.60075
tragedy:0.59675
story:0.58575
great movie:0.5805
dialogue:0.5805
idealism:0.57175
complex:0.5645
cinematography:0.56425
television:0.558
oscar (best supporting actress):0.55775
love:0.5525
classic:0.552
excellent:0.54925
talky:0.546
depression:0.537
drama:0.537
catastrophe:0.5315
great ending:0.53025
unusual plot structure:0.519
mentor:0.518
beautiful scenery:0.516
affectionate:0.51425
reflective:0.506
exceptional acting:0.5045
oscar:0.5015
childhood:0.49525
good acting:0.4905
movielens top pick:0.48925
good:0.48825
intense:0.48625
poland:0.48225
heartwarming:0.4755
greed:0.47275
children:0.4675
social commentary:0.4665
excellent script:0.46325
adapted from:book:0.45275
narrated:0.45225
writers:0.4505
hospital:0.448
life philosophy:0.447
nudity (full frontal - brief):0.4455
destiny:0.445
poignant:0.443
feel good movie:0.43225
brothers:0.43075
based on a play:0.429
melancholic:0.42475
clever:0.423
runaway:0.4205
adaptation:0.42
kids and family:0.4195
earnest:0.4155
multiple storylines:0.40575
very good:0.40325
suprisingly clever:0.39825
realistic:0.39725
criterion:0.39725
good soundtrack:0.39725
fun movie:0.38
loneliness:0.37875
oscar winner:0.37875
assassination:0.37475
police investigation:0.37175
oscar (best writing - screenplay written directly for the screen):0.371
british:0.36925
character study:0.36625
pg-13:0.366
powerful ending:0.3635
chase:0.36075
