coming of age:0.987
coming-of-age:0.9605
college:0.94375
racing:0.93025
adolescence:0.90575
small town:0.8565
childhood:0.85425
bittersweet:0.84575
father son relationship:0.83725
inspiring:0.83125
imdb top 250:0.825
oscar (best directing):0.82475
unlikely friendships:0.8175
friendship:0.81525
mentor:0.8125
original:0.8075
great acting:0.80025
good soundtrack:0.7375
runaway:0.71375
nostalgic:0.71025
oscar (best actress):0.70775
good acting:0.707
feel-good:0.70475
working class:0.695
sports:0.692
great movie:0.67
golden palm:0.6645
social commentary:0.66375
heartwarming:0.65975
criterion:0.6535
realistic:0.65275
sweet:0.6515
great:0.65075
california:0.6395
oscar (best supporting actress):0.63675
fantasy world:0.61975
race:0.61875
affectionate:0.615
life philosophy:0.61375
honest:0.61275
feel good movie:0.60675
inspirational:0.60525
culture clash:0.605
dreams:0.6005
storytelling:0.597
dialogue:0.59625
melancholic:0.59475
goofy:0.59275
fun movie:0.58525
loneliness:0.5835
teen:0.57475
oscar winner:0.56775
melancholy:0.56475
drama:0.56075
classic:0.56075
suprisingly clever:0.559
bleak:0.559
teenager:0.55775
reflective:0.55725
oscar:0.55575
story:0.5505
great ending:0.54525
depression:0.543
idealism:0.53125
oscar (best supporting actor):0.53075
cult classic:0.52825
drinking:0.526
new jersey:0.51825
segregation:0.5125
highly quotable:0.5095
redemption:0.5065
awesome soundtrack:0.50325
talky:0.502
sentimental:0.5005
masterpiece:0.5005
quotable:0.49825
high school:0.49625
underdog:0.49425
dramatic:0.494
transformation:0.49325
good:0.4915
exceptional acting:0.48675
character study:0.4855
life:0.485
foreign:0.4845
life & death:0.47675
teen movie:0.46775
unusual plot structure:0.46775
touching:0.4675
witty:0.46325
parenthood:0.46025
father-son relationship:0.45875
destiny:0.45775
excellent script:0.455
oscar (best foreign language film):0.45325
italian:0.44775
fighting the system:0.444
adapted from:book:0.44125
1970s:0.43875
wistful:0.4335
