islam:0.993
historical:0.97725
history:0.97675
medieval:0.94975
christian:0.93425
christianity:0.9215
war:0.89475
action:0.86875
us history:0.86825
politics:0.867
epic:0.862
big budget:0.8335
religion:0.82775
dramatic:0.7825
cinematography:0.77375
visually stunning:0.769
sacrifice:0.75875
courage:0.75575
oscar (best directing):0.75175
good:0.73175
visual:0.71775
mentor:0.716
factual:0.7105
israel:0.6865
original:0.68325
betrayal:0.67575
dialogue:0.663
catastrophe:0.66225
pg-13:0.65425
great:0.6485
brutality:0.64625
best of 2005:0.64075
story:0.63525
period piece:0.6335
beautiful scenery:0.6325
redemption:0.622
intense:0.619
destiny:0.61775
sword fight:0.6005
forceful:0.597
good acting:0.5915
fight scenes:0.5825
revolution:0.5765
great movie:0.571
amazing cinematography:0.5625
world politics:0.55725
great ending:0.55675
middle east:0.555
action packed:0.54525
weapons:0.54075
good soundtrack:0.53525
plot:0.5325
slavery:0.52775
survival:0.527
complex:0.526
greed:0.524
better than expected:0.51975
god:0.51775
corruption:0.51675
storytelling:0.51225
political:0.50325
realistic action:0.5025
great cinematography:0.502
special effects:0.49575
alternate history:0.49275
fighting:0.488
culture clash:0.486
very good:0.48575
jews:0.47925
interesting:0.47725
excellent:0.4755
drama:0.475
violence:0.46975
prejudice:0.46775
best war films:0.46475
apocalypse:0.4585
desert:0.456
dynamic cgi action:0.4465
scenic:0.445
transformation:0.4425
genocide:0.44225
harsh:0.4375
civil war:0.43325
stunning:0.43325
vengeance:0.4305
shallow:0.42875
visually appealing:0.4285
idealism:0.42825
realistic:0.4225
adventure:0.4005
visceral:0.39875
revenge:0.3985
war movie:0.395
king arthur:0.393
entertaining:0.3885
england:0.38775
entirely dialogue:0.38675
great acting:0.38625
morality:0.38625
violent:0.38375
