fighting the system:0.92
intense:0.86475
terrorism:0.8645
tense:0.863
spying:0.84625
corruption:0.82825
corporate america:0.8165
thriller:0.81375
suspense:0.81075
moral ambiguity:0.805
espionage:0.79875
original:0.79275
plot:0.77975
manipulation:0.76275
greed:0.76275
secrets:0.741
very interesting:0.73625
pg-13:0.7335
psychological:0.72675
suspenseful:0.71875
psychology:0.67275
sacrifice:0.6605
twists & turns:0.64525
relationships:0.639
good acting:0.63825
conspiracy:0.63375
interesting:0.63125
social commentary:0.6115
good:0.60675
twist:0.6
drama:0.59925
revenge:0.59675
plot holes:0.594
mentor:0.58925
bad ending:0.588
thought-provoking:0.57875
great ending:0.5775
emotional:0.577
politics:0.57425
political:0.5735
tricky:0.5575
justice:0.54525
morality:0.53925
internet:0.5345
predictable:0.53275
technology:0.532
runaway:0.52925
enigmatic:0.525
twist ending:0.5225
surveillance:0.5215
investigation:0.517
drinking:0.50775
police investigation:0.50175
spy:0.4985
writers:0.49725
good soundtrack:0.49575
watch the credits:0.49375
kidnapping:0.4865
life philosophy:0.4855
paranoia:0.48075
survival:0.48025
complex:0.47875
storytelling:0.4755
catastrophe:0.46575
dialogue:0.46375
clever:0.4635
paranoid:0.459
fbi:0.4485
story:0.44625
brainwashing:0.4445
plot twist:0.44025
great acting:0.43575
dramatic:0.43325
world politics:0.43125
loneliness:0.42875
obsession:0.4225
complicated:0.42025
shallow:0.41925
pornography:0.41725
intelligent:0.41425
violence:0.40325
vengeance:0.4
visually appealing:0.396
betrayal:0.3945
character study:0.37825
redemption:0.374
business:0.36625
entertaining:0.3635
nudity (full frontal - brief):0.35925
not funny:0.35775
vigilante:0.34975
brutality:0.3475
cerebral:0.3465
capitalism:0.3435
cinematography:0.3395
happy ending:0.336
sexy:0.33525
weapons:0.33375
stereotypes:0.327
weird:0.32475
