loneliness:0.969
reflective:0.9545
meditative:0.92625
poignant:0.91625
beautiful:0.9015
poetry:0.90125
intimate:0.872
criterion:0.86375
character study:0.86275
sexual abuse:0.85325
beautifully filmed:0.80175
artistic:0.79625
life & death:0.7925
melancholic:0.79125
cinematography:0.781
enigmatic:0.7485
oscar (best foreign language film):0.7475
suicide:0.747
foreign:0.74175
adolescence:0.733
drama:0.7225
idealism:0.7215
bittersweet:0.71925
obsession:0.7175
tragedy:0.711
oscar (best actress):0.7045
emotional:0.70375
hospital:0.6925
sad:0.64975
social commentary:0.6395
melancholy:0.635
golden palm:0.623
dramatic:0.61675
nudity (topless - notable):0.61425
mentor:0.61225
art house:0.61025
existentialism:0.6085
lyrical:0.60275
solitude:0.58425
childhood:0.57375
masterpiece:0.57125
oscar (best supporting actress):0.5675
aging:0.5665
downbeat:0.56475
art:0.5625
slow paced:0.55975
talky:0.55425
original:0.54975
self discovery:0.53175
indie:0.5225
coming of age:0.52
mental illness:0.51925
dreams:0.5185
nudity (full frontal - brief):0.51325
beautiful scenery:0.51075
compassionate:0.49875
police investigation:0.498
oscar (best directing):0.49725
disturbing:0.49525
touching:0.491
great acting:0.487
grim:0.486
runaway:0.48275
affectionate:0.472
good acting:0.47075
artist:0.46675
photography:0.464
identity:0.46325
depression:0.45925
relationships:0.458
life philosophy:0.454
slow:0.4535
spanish:0.4495
cerebral:0.44625
weird:0.43575
suprisingly clever:0.435
bullying:0.43475
stunning:0.4345
understated:0.426
culture clash:0.41675
coming-of-age:0.41075
1970s:0.40825
road movie:0.407
bleak:0.40575
breathtaking:0.40375
teenagers:0.4035
fantasy world:0.4005
honest:0.3985
friendship:0.39575
dreamlike:0.39275
japan:0.39225
good soundtrack:0.392
teacher:0.39175
silent:0.39125
not funny:0.391
catastrophe:0.38975
earnest:0.3875
greed:0.3875
poverty:0.381
heartbreaking:0.381
