coming of age:0.97975
touching:0.973
childhood:0.943
tear jerker:0.934
girlie movie:0.91
nostalgic:0.86125
sweet:0.85175
drama:0.84825
coming-of-age:0.848
sentimental:0.83525
chick flick:0.8345
friendship:0.82575
unlikely friendships:0.8175
adolescence:0.78625
bittersweet:0.77725
death:0.77275
children:0.7355
family:0.6735
original:0.659
feel-good:0.65425
romance:0.624
good:0.6205
destiny:0.61475
mentor:0.5975
teen movie:0.58375
cute:0.576
life & death:0.562
good soundtrack:0.548
kids:0.54775
happy ending:0.546
women:0.53375
runaway:0.53325
teacher:0.528
feel good movie:0.5135
great:0.5045
great acting:0.50425
heartbreaking:0.50075
cute!:0.50025
love story:0.49325
school:0.49225
teen:0.48925
sappy:0.48825
story:0.48825
tragedy:0.47425
love:0.47275
catastrophe:0.472
romantic:0.47075
heartwarming:0.4425
fun movie:0.43925
beautiful scenery:0.4345
great ending:0.432
culture clash:0.4175
sad:0.415
predictable:0.408
bullying:0.4035
family drama:0.396
storytelling:0.395
emotional:0.3945
pg-13:0.37175
fantasy world:0.36775
cancer:0.365
poignant:0.36225
dialogue:0.347
honest:0.34325
life philosophy:0.334
transformation:0.3305
period piece:0.33025
twists & turns:0.32725
teens:0.3205
suprisingly clever:0.31775
fun:0.31675
lone hero:0.30925
natural disaster:0.309
romantic comedy:0.30475
great movie:0.30475
comedy:0.302
loneliness:0.302
very funny:0.29125
excellent:0.289
melancholic:0.28575
not funny:0.2835
kids and family:0.2815
poetry:0.28075
good acting:0.27675
excellent script:0.271
adaptation:0.26975
pornography:0.2665
weird:0.26275
affectionate:0.259
inspirational:0.258
unfunny:0.25525
sexy:0.2545
80s:0.252
first contact:0.25175
classic car:0.24875
light:0.24775
simple:0.24725
literature:0.24625
brutality:0.24475
beautiful:0.2445
