based on a book:0.99425
adapted from:book:0.98775
mythology:0.9555
based on book:0.929
monsters:0.9085
books:0.9055
fantasy:0.8855
book was better:0.8375
magic:0.83575
teen movie:0.801
book:0.7835
camp:0.77975
fantasy world:0.77775
cgi:0.73275
bad cgi:0.71225
special effects:0.70775
adaptation:0.68325
adventure:0.66525
franchise:0.645
original:0.629
dialogue:0.62875
teen:0.6095
witches:0.589
big budget:0.562
predictable:0.5485
action:0.54025
vampire human love:0.5365
visually appealing:0.52175
bad acting:0.52075
destiny:0.52075
pg-13:0.507
superheroes:0.50475
silly:0.49475
silly fun:0.4825
so bad it's funny:0.4705
horrible:0.46
bad plot:0.4485
story:0.44175
campy:0.4395
teens:0.43175
catastrophe:0.4315
crude humor:0.407
mentor:0.40675
storytelling:0.39925
fight scenes:0.3955
action packed:0.38275
parallel universe:0.37525
dark fantasy:0.36425
witch:0.363
visuals:0.35275
not funny:0.3335
high fantasy:0.332
3d:0.3265
god:0.32475
better than expected:0.324
life philosophy:0.3225
family:0.3215
girlie movie:0.32125
maze:0.32125
transformation:0.315
alter ego:0.311
disaster:0.31025
literature:0.30775
lone hero:0.30775
dragons:0.30375
runaway:0.3005
writers:0.30025
ridiculous:0.2995
wizards:0.29825
first contact:0.294
plot holes:0.29325
immortality:0.29225
fun:0.28975
corny:0.289
great ending:0.2805
grindhouse:0.28
bdsm:0.27925
firefly:0.27825
adapted from:comic:0.27775
monster:0.2725
entirely dialogue:0.27025
natural disaster:0.26625
betrayal:0.26375
slapstick:0.2575
idiotic:0.256
cheesy:0.253
series:0.25
fairy tale:0.24875
brutality:0.2485
disappointing:0.2445
harry potter:0.244
overrated:0.2435
visually stunning:0.24325
visual:0.243
mad scientist:0.238
werewolves:0.23525
creativity:0.2295
unfunny:0.22925
sci fi:0.22625
no plot:0.225
