camp:0.98975
franchise:0.8505
original:0.8215
predictable:0.774
goofy:0.767
teen movie:0.7665
silly:0.75425
silly fun:0.7355
shallow:0.66125
dumb:0.6595
stupid as hell:0.63425
bad plot:0.62925
idiotic:0.62575
so bad it's funny:0.6155
teens:0.60575
pointless:0.59775
nudity (topless):0.59425
romance:0.5865
dumb but funny:0.58025
comedy:0.57525
mentor:0.55425
stupid:0.5255
twist ending:0.50775
overrated:0.489
brutality:0.4885
sports:0.483
dialogue:0.46875
multiple storylines:0.464
crappy sequel:0.463
revenge:0.463
great ending:0.45225
slapstick:0.45175
family:0.438
destiny:0.435
sequel:0.43375
golf:0.4305
fantasy world:0.4185
lame:0.4175
unfunny:0.41375
cult film:0.41175
unusual plot structure:0.4085
fun:0.40475
teen:0.39425
boring:0.3915
entirely dialogue:0.38825
catastrophe:0.38725
first contact:0.38
storytelling:0.37375
disaster:0.3705
redemption:0.37025
bad:0.3695
light:0.3675
lone hero:0.36325
80s:0.36025
writers:0.3575
pornography:0.35575
runaway:0.35475
nocturnal:0.3535
fight scenes:0.35225
pulp:0.3505
nerds:0.35
fun movie:0.34625
stereotypes:0.346
stupidity:0.343
crude humor:0.341
plot holes:0.33725
adolescence:0.336
nudity (topless - notable):0.33375
gangsters:0.3335
quirky:0.3295
weapons:0.32825
adaptation:0.3265
not funny:0.32325
fantasy:0.3225
parody:0.315
happy ending:0.312
vengeance:0.3075
splatter:0.306
life philosophy:0.30175
sexy:0.3015
sci fi:0.29975
surreal:0.29725
ridiculous:0.2965
justice:0.294
good soundtrack:0.2935
guilty pleasure:0.2935
male nudity:0.29275
dreams:0.291
dreamlike:0.2895
melancholic:0.28825
adapted from:comic:0.2875
cheesy:0.28325
doctors:0.28325
women:0.2825
natural disaster:0.278
feel good movie:0.27625
very funny:0.2725
violence:0.26925
campy:0.26875
high school:0.26775
