robots:0.99125
remake:0.987
action:0.969
sci-fi:0.94175
cyborgs:0.935
futuristic:0.91325
future:0.88425
pg-13:0.8785
special effects:0.87775
science fiction:0.8705
story:0.8695
original:0.86825
sci fi:0.8315
technology:0.82475
big budget:0.82425
dynamic cgi action:0.79
franchise:0.77075
man versus machine:0.76725
robot:0.76425
cyberpunk:0.72475
dialogue:0.71625
corruption:0.70525
scifi:0.68375
original plot:0.6635
police corruption:0.65325
good action:0.64725
plot holes:0.64575
predictable:0.6285
weapons:0.6115
crime:0.61025
police:0.59875
android(s)/cyborg(s):0.597
satirical:0.5835
action packed:0.58275
violence:0.58275
superhero:0.57475
dystopia:0.5715
cgi:0.55725
transformation:0.55075
catastrophe:0.5435
bad cgi:0.5415
greed:0.5405
superheroes:0.52275
revenge:0.52075
so bad it's funny:0.50125
super hero:0.49975
sequel:0.4915
fight scenes:0.48625
plot:0.48575
pointless:0.4795
fighting:0.47375
mentor:0.47
visually stunning:0.46975
humanity:0.46725
murder:0.465
better than expected:0.462
androids:0.4575
giant robots:0.45575
brutality:0.454
super-hero:0.45325
shallow:0.45175
great ending:0.4515
bad plot:0.44525
violent:0.4415
visually appealing:0.44
immortality:0.43425
good:0.43375
justice:0.4315
betrayal:0.427
surveillance:0.42475
storytelling:0.41425
family drama:0.414
silly:0.406
first contact:0.39925
runaway:0.39925
bad acting:0.3885
script:0.38475
remade:0.38
family:0.37175
gunfight:0.36275
police investigation:0.3605
not funny:0.36025
effects:0.357
cool:0.35375
good sequel:0.3525
entertaining:0.348
natural disaster:0.34725
fantasy world:0.3405
chase:0.34
capitalism:0.33875
satire:0.33825
vengeance:0.334
intense:0.32975
crude humor:0.32825
adaptation:0.328
product placement:0.325
visual:0.32475
culture clash:0.31825
great:0.31375
sequels:0.31125
