criterion:0.97625
wartime:0.9475
eccentricity:0.76175
lyrical:0.75775
bleak:0.73675
cinematography:0.723
black and white:0.72225
enigmatic:0.709
harsh:0.68325
golden palm:0.63075
poignant:0.6215
nostalgic:0.60375
intimate:0.59925
original:0.569
weapons:0.56175
forceful:0.551
earnest:0.53975
small town:0.5395
passionate:0.52425
breathtaking:0.52175
life & death:0.52125
wistful:0.50825
affectionate:0.50725
stylized:0.50725
women:0.5015
satirical:0.49725
downbeat:0.489
war movie:0.48675
beautiful scenery:0.47675
nudity (full frontal - notable):0.46375
england:0.4615
dreamlike:0.46025
unusual plot structure:0.4495
allegory:0.447
reflective:0.44575
atmospheric:0.44225
catastrophe:0.43675
runaway:0.43525
glbt:0.43425
road movie:0.42425
oscar (best cinematography):0.423
suprisingly clever:0.422
sacrifice:0.4195
coen bros:0.4175
crime gone awry:0.409
visceral:0.4045
marijuana:0.399
weird:0.398
grindhouse:0.398
drinking:0.39525
period piece:0.395
deadpan:0.39425
melancholy:0.38675
world war ii:0.38625
male nudity:0.37925
meditative:0.37775
life philosophy:0.376
oscar (best directing):0.3745
world war i:0.374
storytelling:0.37325
hotel:0.3675
grim:0.36225
photography:0.34925
gunfight:0.34825
us history:0.34775
classic car:0.34225
movielens top pick:0.33475
canada:0.3315
quirky:0.33
stunning:0.3285
existentialism:0.31275
best war films:0.309
not funny:0.3075
culture clash:0.30675
propaganda:0.30525
great ending:0.30075
innocence lost:0.3
obsession:0.2955
australia:0.29025
war:0.28925
entirely dialogue:0.289
british:0.2885
foreign:0.287
lone hero:0.28325
mentor:0.2795
dialogue:0.27675
russian:0.2755
talky:0.271
visual:0.27
brutality:0.2675
wwii:0.2675
great:0.25925
light:0.255
finnish:0.25275
friendship:0.2525
romance:0.24775
underrated:0.241
history:0.24025
masterpiece:0.24
oscar (best actress):0.239
