witches:0.9835
witch:0.98
action:0.9605
dark fantasy:0.95975
fairy tale:0.92425
fight scenes:0.84925
splatter:0.81225
special effects:0.81125
fantasy:0.79525
steampunk:0.7945
magic:0.785
weapons:0.773
fantasy world:0.74975
silly:0.7435
silly fun:0.72825
action packed:0.66825
pg-13:0.667
fairy tales:0.65775
big budget:0.64575
violence:0.645
good action:0.64
good versus evil:0.6355
predictable:0.63125
original:0.62775
bloody:0.601
story:0.58725
bad cgi:0.58075
fast paced:0.58025
cgi:0.5635
so bad it's funny:0.5625
entertaining:0.542
dialogue:0.541
gory:0.53325
immortality:0.53125
fun movie:0.52475
mythology:0.52425
brutality:0.52125
plot:0.51175
supernatural:0.50575
fun:0.50425
bad plot:0.49775
cool:0.4645
absurd:0.4615
better than expected:0.45775
lone hero:0.45575
plot holes:0.4445
superheroes:0.44
ridiculous:0.43325
blood:0.42625
mentor:0.41625
bad acting:0.4135
storytelling:0.41
good soundtrack:0.4065
stylized:0.40275
catastrophe:0.402
demons:0.39825
high fantasy:0.38975
great ending:0.38575
adventure:0.382
violent:0.37875
cheesy:0.37575
chase:0.3715
revenge:0.3715
campy:0.371
3d:0.37
ninja:0.3645
medieval:0.361
transformation:0.3605
kidnapping:0.3545
adaptation:0.35175
visually appealing:0.351
great:0.334
effects:0.329
not funny:0.326
visuals:0.32225
creativity:0.321
franchise:0.31975
graphic novel:0.31925
vengeance:0.319
crude humor:0.31275
visually stunning:0.30625
betrayal:0.30575
first contact:0.2975
allegory:0.29375
pulp:0.29175
sexy:0.29175
alternate reality:0.29075
werewolves:0.2895
runaway:0.289
quirky:0.28725
sacrifice:0.27875
hunting:0.27775
bad ending:0.2775
good:0.277
destiny:0.273
entirely dialogue:0.27125
childhood:0.27075
car chase:0.26875
werewolf:0.26775
torture:0.26725
