animation:0.98075
animated:0.828
fairy tales:0.8185
original:0.75175
computer animation:0.72875
predictable:0.72775
so bad it's funny:0.72275
happy ending:0.681
cartoon:0.66275
dialogue:0.63075
talking animals:0.568
story:0.5645
bad plot:0.5255
fairy tale:0.49825
fantasy world:0.483
horrible:0.483
great ending:0.48275
catastrophe:0.46025
family:0.455
animals:0.4495
stupid as hell:0.438
lame:0.42775
unfunny:0.42525
bad acting:0.41275
mentor:0.4015
overrated:0.40125
shallow:0.39525
crude humor:0.3945
creativity:0.39275
silly:0.39025
sarcasm:0.3885
wizards:0.38575
betrayal:0.38325
stupid:0.38225
bad:0.382
awful:0.37325
storytelling:0.3725
watch the credits:0.37075
entirely dialogue:0.363
clever:0.35575
franchise:0.3535
very funny:0.35225
good soundtrack:0.35025
bad cgi:0.3495
narrated:0.34425
first contact:0.33525
life philosophy:0.32725
adaptation:0.32725
nudity (full frontal - brief):0.327
redemption:0.327
good:0.3265
unusual plot structure:0.3245
harsh:0.32
enormously long battle scene:0.3195
idiotic:0.3195
brutality:0.31175
fight scenes:0.31075
vengeance:0.307
bad ending:0.30375
entertaining:0.30275
cgi:0.29825
weapons:0.2975
cerebral:0.2935
fun movie:0.292
multiple storylines:0.2915
fun:0.29075
melancholic:0.2905
destiny:0.2865
boring:0.28225
pulp:0.2815
natural disaster:0.2805
not funny:0.27875
imdb top 250:0.276
transformation:0.2755
fantasy:0.27175
stylized:0.27025
silly fun:0.2665
erotic:0.26225
funny:0.256
cute:0.25325
lone hero:0.253
dumb:0.25125
twist ending:0.25
twists & turns:0.24975
culture clash:0.24825
adapted from:comic:0.24825
nocturnal:0.248
sexy:0.237
mars:0.23625
teen movie:0.23275
humorous:0.232
adventure:0.2305
scary:0.22925
quirky:0.22925
dreamworks:0.22825
lions:0.228
goofy:0.228
action:0.22725
sci fi:0.22675
grindhouse:0.2265
