romantic comedy:0.974
romantic:0.95175
comedy:0.92575
fun movie:0.89575
feel-good:0.86275
chick flick:0.818
amnesia:0.80325
girlie movie:0.79525
feel good movie:0.78425
cute!:0.764
family:0.73575
happy ending:0.71175
romance:0.698
funny:0.65675
good:0.63875
sweet:0.62625
cute:0.62525
fun:0.596
predictable:0.596
destiny:0.59575
original:0.59275
love story:0.56975
silly:0.55675
catastrophe:0.5515
great:0.5505
love:0.55
silly fun:0.52
good romantic comedies:0.49125
natural disaster:0.48825
very funny:0.485
memory:0.47875
mentor:0.4695
boat:0.43425
culture clash:0.41925
chase:0.409
beautiful scenery:0.40325
great ending:0.39925
sappy:0.3835
80s:0.378
transformation:0.37525
life philosophy:0.375
guilty pleasure:0.37275
story:0.36875
revenge:0.36375
entertaining:0.359
doctors:0.358
greed:0.35325
childhood:0.3475
sentimental:0.3435
light:0.343
wedding:0.33775
so bad it's funny:0.334
divorce:0.32275
storytelling:0.31475
suprisingly clever:0.31375
great movie:0.309
pg:0.309
unfunny:0.30625
marriage:0.30375
first contact:0.301
creativity:0.29975
time:0.2975
brutality:0.286
lone hero:0.28575
dialogue:0.28275
unusual plot structure:0.28075
children:0.276
hilarious:0.27525
original plot:0.274
dog:0.2715
runaway:0.27025
classic car:0.26475
switching places:0.26475
good action:0.2645
kids:0.262
pg-13:0.25875
touching:0.2535
disaster:0.25025
hospital:0.24875
not funny:0.243
fantasy world:0.24125
vengeance:0.24025
good soundtrack:0.24025
crude humor:0.23975
teen movie:0.23925
good music:0.234
single father:0.2335
stereotypes:0.2325
clever:0.2305
fight scenes:0.23025
adoption:0.224
shallow:0.22
underdog:0.22
great acting:0.21975
slapstick:0.219
parenthood:0.21875
dysfunctional family:0.2175
overrated:0.2135
heartwarming:0.21125
adaptation:0.21
