noir thriller:0.97575
tense:0.975
noir:0.92475
serial killer:0.91725
corruption:0.9
thriller:0.85475
california:0.8515
suspenseful:0.851
film noir:0.8465
murder:0.83825
claustrophobic:0.817
psychological:0.79725
police investigation:0.751
great ending:0.7465
creepy:0.74625
greed:0.7435
suspense:0.742
crime:0.7275
original:0.71675
unusual plot structure:0.704
runaway:0.69275
very interesting:0.66225
twists & turns:0.63375
pornography:0.63325
crime gone awry:0.63175
manipulation:0.625
enigmatic:0.61725
road movie:0.617
paranoid:0.6125
kidnapping:0.60625
based on true story:0.5985
cinematography:0.5915
harsh:0.58825
desert:0.58825
complex:0.5675
police:0.56375
complicated:0.56025
nocturnal:0.55775
psychology:0.5555
obsession:0.55125
dark:0.53675
secrets:0.53375
torture:0.53025
criterion:0.53
atmospheric:0.52925
assassination:0.52375
conspiracy:0.51225
narrated:0.511
tricky:0.50925
survival:0.497
neo-noir:0.49575
betrayal:0.49275
hostage:0.48575
unlikely friendships:0.48525
absurd:0.4815
talky:0.48025
police corruption:0.478
clever:0.47325
paranoia:0.46725
grim:0.4665
allegory:0.45925
suprisingly clever:0.45825
downbeat:0.4535
forceful:0.4525
surveillance:0.4465
not funny:0.44025
politics:0.43575
interesting:0.4345
twist ending:0.42725
catastrophe:0.4265
chase:0.423
dialogue:0.42075
excellent:0.419
moody:0.41525
murder mystery:0.4115
melancholic:0.41075
investigation:0.4095
exceptional acting:0.40525
fast paced:0.3995
ominous:0.39825
imdb top 250:0.39825
oscar (best supporting actress):0.398
complicated plot:0.39575
oscar (best actress):0.393
redemption:0.38825
eerie:0.38525
storytelling:0.38225
disturbing:0.375
weapons:0.37325
black and white:0.36975
bad ending:0.366
drama:0.366
relationships:0.3645
los angeles:0.36375
golden palm:0.3635
story:0.36
twist:0.35975
dramatic:0.35625
brutality:0.352
violent:0.34775
