comedy:0.90825
humorous:0.84675
humor:0.84275
original:0.842
hilarious:0.836
detective:0.821
clever:0.7765
spoof:0.759
twists & turns:0.755
mystery:0.7525
witty:0.75225
chase:0.731
parody:0.71675
crime:0.69675
plot twist:0.67825
adventure:0.67625
good:0.665
great ending:0.65925
redemption:0.62975
farce:0.6255
murder mystery:0.622
quotable:0.615
fun movie:0.613
great movie:0.61
alter ego:0.60975
great:0.608
period piece:0.60375
underrated:0.599
dialogue:0.59775
mad scientist:0.596
adaptation:0.59525
irreverent:0.59375
excellent:0.59075
doctors:0.58525
affectionate:0.5845
secrets:0.58375
conspiracy:0.58375
funny:0.58125
investigation:0.57825
classic:0.57675
unusual plot structure:0.5675
very funny:0.55975
london:0.5585
suprisingly clever:0.55625
fun:0.55275
dramatic:0.5525
suspense:0.5445
spying:0.54375
entertaining:0.52925
queer:0.5205
literature:0.518
goofy:0.51725
story:0.51625
murder:0.51025
corruption:0.507
police investigation:0.4835
highly quotable:0.48175
oscar winner:0.47825
catastrophe:0.4755
cult classic:0.473
nocturnal:0.471
justice:0.47
pg-13:0.46875
comic:0.465
absurd:0.45575
mentor:0.45025
fantasy world:0.4495
storytelling:0.4435
fast paced:0.44275
good soundtrack:0.433
light:0.4325
slapstick:0.432
psychiatry:0.4305
moral ambiguity:0.43
england:0.42825
british:0.42675
atmospheric:0.4235
time:0.42275
talky:0.41775
greed:0.41025
great acting:0.40425
excellent script:0.40425
cerebral:0.401
identity:0.39975
tense:0.39525
transformation:0.39275
criterion:0.39175
memory:0.381
caper:0.3785
satirical:0.3725
very good:0.37175
costume drama:0.367
buddy movie:0.366
twist ending:0.36475
oscar:0.3645
classic car:0.36
death:0.357
sexualized violence:0.354
adapted from:book:0.35275
intellectual:0.34625
