alien:0.97625
aliens:0.9575
sci-fi:0.899
humanity:0.88325
mars:0.879
first contact:0.8315
allegory:0.82325
space:0.7975
alien invasion:0.75675
space opera:0.67575
space travel:0.64825
sci fi:0.63
computer animation:0.61675
mentor:0.587
original:0.57075
cgi:0.54375
weapons:0.532
animation:0.527
science fiction:0.52625
catastrophe:0.5215
cloning:0.52075
clones:0.51875
visuals:0.49975
natural disaster:0.48275
visually stunning:0.4815
survival:0.47875
futuristic:0.4605
android(s)/cyborg(s):0.4425
culture clash:0.4405
sacrifice:0.43925
predictable:0.434
transformation:0.43225
so bad it's funny:0.4295
scifi:0.4225
story:0.39975
classic car:0.39775
animal movie:0.3935
robot:0.39025
simple:0.38825
destiny:0.38575
ecology:0.38075
not funny:0.37475
life philosophy:0.37075
giant robots:0.37025
environmental:0.3695
dialogue:0.36725
better than expected:0.36725
storytelling:0.365
technology:0.364
unusual plot structure:0.35975
visual:0.3565
great ending:0.34925
beautiful scenery:0.31725
good:0.2995
religion:0.2995
melancholic:0.2985
plot holes:0.2975
creativity:0.29475
utopia:0.29375
redemption:0.29225
brutality:0.29075
action:0.2885
bad plot:0.287
dinosaurs:0.28625
underrated:0.281
unfunny:0.28
intelligent sci-fi:0.27925
3d:0.2735
atmospheric:0.27125
greed:0.26975
bollywood:0.26925
life & death:0.26675
criterion:0.26175
small town:0.26125
slow paced:0.2585
finnish:0.257
unlikely friendships:0.2555
animated:0.25375
fantasy:0.25275
great:0.2495
suprisingly clever:0.2495
race:0.24925
immortality:0.2485
solitude:0.24525
writers:0.2425
runaway:0.241
childhood:0.2405
alternate history:0.24
dramatic:0.233
entirely dialogue:0.2325
good story:0.22875
environment:0.22825
morality:0.22725
wine:0.2255
good soundtrack:0.2235
secrets:0.22175
very interesting:0.22125
betrayal:0.221
animals:0.22
grindhouse:0.21125
