spying:0.944
comedy:0.94
espionage:0.913
pg-13:0.869
buddy movie:0.85775
good action:0.85425
bullying:0.84675
fight scenes:0.7955
silly fun:0.76875
original:0.7665
action:0.75675
story:0.731
goofy:0.715
funny:0.7035
spies:0.6775
action packed:0.6745
dialogue:0.6715
very funny:0.66175
fun movie:0.65875
betrayal:0.62
storytelling:0.61925
silly:0.6025
predictable:0.60125
slapstick:0.5985
entertaining:0.59725
funniest movies:0.59575
hilarious:0.59375
mentor:0.58125
unlikely friendships:0.5605
fun:0.55825
spy:0.52825
crude humor:0.525
friendship:0.51825
great:0.51525
twists & turns:0.4845
chase:0.4815
bad plot:0.481
dumb:0.469
high school:0.46825
classic car:0.46375
dumb but funny:0.4575
underrated:0.433
original plot:0.4305
light:0.4265
family:0.424
catastrophe:0.41925
geek:0.419
redemption:0.4085
stereotypes:0.407
teen movie:0.406
franchise:0.4035
exciting:0.40275
culture clash:0.40175
good:0.401
cia:0.398
great movie:0.39725
secrets:0.39725
fast paced:0.39725
vengeance:0.39375
gangsters:0.39375
complex:0.39025
humorous:0.3885
new jersey:0.38625
great ending:0.3845
highly quotable:0.38125
plot holes:0.38
workplace:0.3765
script:0.37175
suprisingly clever:0.36775
weird:0.362
assassin:0.3485
lone hero:0.34775
happy ending:0.34725
runaway:0.34125
unfunny:0.33875
good soundtrack:0.338
life philosophy:0.33325
violence:0.331
transformation:0.3295
excellent:0.325
bad ending:0.32425
funny as hell:0.32
jesus:0.31475
brainwashing:0.312
mob:0.3095
pornography:0.30925
foul language:0.308
plot:0.30625
first contact:0.30425
life & death:0.2995
good acting:0.29825
visually appealing:0.292
demons:0.28775
excellent script:0.28625
superheroes:0.28225
greed:0.27925
corruption:0.27875
loneliness:0.27875
brutality:0.2765
very good:0.27425
