mythology:0.998
special effects:0.98075
action:0.97725
remake:0.976
cgi:0.968
big budget:0.963
god:0.94325
dynamic cgi action:0.93875
story:0.9295
bad cgi:0.92275
fantasy:0.88925
adventure:0.86575
dialogue:0.8555
3d:0.85025
original:0.8195
script:0.78025
pg-13:0.777
effects:0.77575
predictable:0.76525
fight scenes:0.7565
immortality:0.74475
modern fantasy:0.7435
plot holes:0.718
franchise:0.7035
shallow:0.68675
visuals:0.68525
monsters:0.67975
natural disaster:0.67675
action packed:0.66225
epic:0.6605
catastrophe:0.651
bad acting:0.65
bad plot:0.64325
silly:0.63625
visually appealing:0.63275
fantasy world:0.63025
visual:0.6255
destiny:0.6235
better than expected:0.62
superheroes:0.6185
plot:0.60675
horrible:0.6065
fast paced:0.5995
high fantasy:0.59225
so bad it's funny:0.585
mentor:0.58
technology:0.57475
swashbuckler:0.56975
original plot:0.567
visually stunning:0.5385
transformation:0.5365
betrayal:0.53525
super hero:0.53
bad script:0.529
exciting:0.52475
fighting:0.5205
magic:0.50125
cheesy:0.496
good action:0.4935
disaster:0.48525
storytelling:0.483
pointless:0.4665
video game:0.4655
revenge:0.46475
adapted from:comic:0.46125
dark fantasy:0.46075
cool:0.42975
great ending:0.42575
lame:0.4235
superhero:0.4095
sacrifice:0.4075
computer game:0.40575
sci fi:0.40275
silly fun:0.402
sequel:0.398
sword fight:0.392
enormously long battle scene:0.38925
jungle:0.3845
bad science:0.3775
entertaining:0.37325
marvel:0.3695
weapons:0.36425
redemption:0.3605
not funny:0.3585
good:0.356
vengeance:0.35575
first contact:0.3555
mutants:0.353
ridiculous:0.35175
crude humor:0.3485
beautiful scenery:0.34625
adaptation:0.34475
survival:0.34125
giant robots:0.34075
humanity:0.34025
stop motion:0.33925
monster:0.3375
family:0.333
fun:0.33175
desert:0.329
