high school:0.9975
musical:0.98225
teen movie:0.97475
dancing:0.94
music:0.911
disney:0.899
teens:0.87875
teen:0.869
dance:0.8605
girlie movie:0.84075
hip hop:0.8305
original:0.683
predictable:0.666
family:0.61725
teenagers:0.59625
cheesy:0.5865
horrible:0.57675
bad plot:0.55875
stupid as hell:0.55525
cheerleading:0.5385
fantasy:0.5375
dialogue:0.53625
good soundtrack:0.534
awesome soundtrack:0.53175
so bad it's funny:0.527
fantasy world:0.52525
innocence lost:0.51425
broadway:0.4875
mentor:0.48
franchise:0.479
sequel:0.46825
idiotic:0.4585
pg-13:0.45425
school:0.43225
fun:0.43
pointless:0.42625
great ending:0.4185
stereotypes:0.41625
catastrophe:0.408
kids:0.40325
overrated:0.4
fun movie:0.397
not funny:0.371
lame:0.3555
feel-good:0.34825
good music:0.3455
teenager:0.3385
romantic:0.338
better than expected:0.338
destiny:0.33675
feel good movie:0.3295
storytelling:0.32075
big budget:0.32025
first contact:0.3155
children:0.3125
good:0.31125
crude humor:0.3105
redemption:0.30825
happy ending:0.3065
brutality:0.305
silly fun:0.30125
geeks:0.30075
multiple storylines:0.29275
shallow:0.29025
life philosophy:0.28725
entirely dialogue:0.287
relationships:0.2825
fight scenes:0.28175
natural disaster:0.27775
great:0.27525
disaster:0.27475
guilty pleasure:0.27475
runaway:0.274
melancholic:0.26875
based on a play:0.26725
adaptation:0.267
special effects:0.2655
bad acting:0.2635
crappy sequel:0.26325
story:0.26175
romance:0.25775
creativity:0.256
slapstick:0.251
magic:0.2465
culture clash:0.24425
dysfunctional family:0.24275
cute:0.2425
unlikely friendships:0.24075
adapted from:book:0.2405
justice:0.23875
entertaining:0.23475
writers:0.2345
very funny:0.233
vengeance:0.23275
lone hero:0.232
dumb but funny:0.23075
police investigation:0.23025
drama:0.22775
silly:0.224
childhood:0.2235
