vampire:0.9935
vampires:0.9925
original:0.897
nocturnal:0.8425
creepy:0.7935
good soundtrack:0.782
obsession:0.76475
horror:0.76275
dark:0.75075
cult classic:0.725
cult film:0.724
weird:0.72125
great acting:0.672
great ending:0.6615
blood:0.65425
adaptation:0.6485
dark humor:0.64725
immortality:0.6455
insanity:0.62675
stylized:0.617
atmospheric:0.6135
dialogue:0.61025
great:0.598
based on a true story:0.59125
macabre:0.569
eccentricity:0.56275
interesting:0.55975
talky:0.55775
great movie:0.55025
goth:0.549
drinking:0.53975
adapted from:book:0.5395
social commentary:0.518
very interesting:0.51725
biting:0.51375
quirky:0.5095
dark hero:0.50575
loneliness:0.50575
black comedy:0.50375
gory:0.49875
eerie:0.495
enigmatic:0.4935
scary:0.489
cinematography:0.489
drama:0.48425
1920s:0.48375
dark comedy:0.479
clever:0.47825
crime gone awry:0.47625
brutality:0.47475
satire:0.473
good:0.473
goofy:0.47275
monster:0.47
true story:0.46775
biopic:0.4625
criterion:0.462
classic:0.46125
addiction:0.45725
witty:0.45725
violent:0.4545
period piece:0.45025
based on true story:0.44925
alternate history:0.4485
intense:0.44825
satirical:0.445
violence:0.44325
disturbing:0.441
highly quotable:0.44
storytelling:0.439
grindhouse:0.4325
supernatural:0.43025
greed:0.429
cult:0.42725
mad scientist:0.4265
catastrophe:0.42525
quotable:0.42475
transformation:0.4235
visually appealing:0.42225
sexualized violence:0.41625
based on a book:0.41475
melancholic:0.41425
mentor:0.4105
oscar:0.405
splatter:0.4045
suspense:0.404
very good:0.39775
based on book:0.39675
artistic:0.3935
writers:0.39325
underrated:0.393
gothic:0.39175
psychological:0.38825
psychology:0.38825
demons:0.388
costume drama:0.38425
pornography:0.384
stylish:0.38325
nudity (topless - notable):0.3785
narrated:0.37625
