adapted from:book:0.98525
based on a book:0.97125
fantasy:0.96975
c.s. lewis:0.96425
fantasy world:0.9595
big budget:0.938
based on book:0.93375
witch:0.9245
magic:0.901
talking animals:0.893
adventure:0.886
mythology:0.883
action:0.879
high fantasy:0.86625
witches:0.84825
book was better:0.848
books:0.8435
pg-13:0.8285
dialogue:0.772
special effects:0.75775
story:0.7475
adaptation:0.739
franchise:0.719
children:0.6955
original:0.682
book:0.67975
fairy tale:0.67375
christian:0.67075
cgi:0.669
family:0.653
parallel universe:0.65075
lions:0.64425
visually appealing:0.6305
better than expected:0.616
good versus evil:0.6125
destiny:0.578
scenic:0.56875
kids:0.56775
fight scenes:0.561
swashbuckler:0.55875
script:0.55275
catastrophe:0.54625
romance:0.54325
bad plot:0.53125
great:0.51775
predictable:0.51125
good:0.508
bad cgi:0.507
visually stunning:0.50525
shallow:0.4975
great ending:0.4905
wizards:0.48775
trilogy:0.48425
mentor:0.47925
literature:0.4775
alternate universe:0.47625
allegory:0.47275
plot:0.46625
medieval:0.46575
betrayal:0.46125
beautiful scenery:0.4585
storytelling:0.4495
adapted from:comic:0.44875
silly:0.4485
animals:0.4475
transformation:0.44225
visuals:0.44075
superheroes:0.44
good soundtrack:0.416
bad acting:0.4135
dynamic cgi action:0.4105
long:0.40925
good action:0.4045
dark fantasy:0.39975
childhood:0.39
sword fight:0.3865
fighting:0.38425
computer animation:0.38375
alter ego:0.38225
ridiculous:0.38
vampire human love:0.37775
good sequel:0.36775
action packed:0.3645
so bad it's funny:0.36375
idiotic:0.35825
teen:0.35825
imagination:0.35775
culture clash:0.344
creativity:0.344
great movie:0.3435
epic:0.34275
visual:0.33925
series:0.33775
crude humor:0.33275
not funny:0.33025
girlie movie:0.329
sequels:0.32625
redemption:0.32425
unfunny:0.323
entertaining:0.32225
