germany:0.99175
golden palm:0.99075
narrated:0.978
criterion:0.9715
visual:0.9365
stylized:0.93375
world war ii:0.92
masterpiece:0.905
wwii:0.90225
hallucinatory:0.8975
dreamlike:0.886
black and white:0.87225
bleak:0.8605
cinematography:0.8545
idealism:0.8295
allegory:0.821
trains:0.816
visually stunning:0.81475
visceral:0.80575
enigmatic:0.8055
nocturnal:0.80125
german:0.79875
jews:0.78925
surreal:0.78075
train:0.78025
atmospheric:0.77625
meditative:0.76925
love:0.76875
claustrophobic:0.768
assassination:0.76025
fascism:0.75525
nazis:0.7525
beautifully filmed:0.75225
original:0.739
poland:0.72525
foreign:0.71425
grim:0.6985
weird:0.6925
talky:0.692
paranoid:0.68375
great ending:0.67875
insanity:0.67
film noir:0.66125
reflective:0.6605
pornography:0.65925
noir:0.65325
absurd:0.653
psychological:0.64
visually appealing:0.63625
photography:0.6345
melancholy:0.63175
colourful:0.62575
cerebral:0.61525
unusual plot structure:0.614
great cinematography:0.61375
dark:0.61275
ominous:0.609
storytelling:0.60725
melancholic:0.6065
forceful:0.5985
stylish:0.5975
dark humor:0.594
oscar (best foreign language film):0.59375
artistic:0.589
social commentary:0.587
werewolves:0.58125
art house:0.57875
breathtaking:0.5785
betrayal:0.5775
twists & turns:0.57125
psychology:0.56725
wartime:0.5605
metaphysics:0.55025
harsh:0.54875
dialogue:0.54125
catastrophe:0.5385
crime:0.53625
complex:0.534
runaway:0.5325
drama:0.5305
disturbing:0.52925
imagination:0.527
powerful ending:0.5235
stunning:0.522
nazi:0.5205
visuals:0.51275
culture clash:0.512
suprisingly clever:0.50725
imdb top 250:0.50625
beautiful scenery:0.50475
good soundtrack:0.49675
satirical:0.49225
strange:0.48625
hotel:0.48325
war:0.47825
eerie:0.47725
sacrifice:0.47525
obsession:0.46925
downbeat:0.468
surrealism:0.4615
