police:0.90475
horror:0.89325
supernatural:0.88225
voodoo:0.8745
undercover cop:0.8615
creepy:0.838
police investigation:0.80725
tense:0.79175
cult:0.78325
suspense:0.76125
original:0.755
spiders:0.755
psychiatrist:0.746
detective:0.719
great ending:0.7065
sacrifice:0.7035
based on book:0.70075
good:0.68025
death:0.675
disturbing:0.66575
gory:0.66575
police corruption:0.6585
violence:0.64375
murder:0.643
ominous:0.63525
storytelling:0.63475
based on a book:0.6255
scary:0.61825
dark:0.61775
chase:0.611
brutality:0.60875
blood:0.59775
magic:0.58025
psychological:0.57425
suspenseful:0.57
thriller:0.56275
eerie:0.54675
investigation:0.5465
new york city:0.51825
weird:0.51325
80s:0.50325
special effects:0.4985
fantasy world:0.4975
runaway:0.49025
twist ending:0.4895
frightening:0.486
intense:0.4855
violent:0.48025
predictable:0.477
life philosophy:0.4715
sexualized violence:0.463
mentor:0.459
story:0.45525
cinematography:0.45
cult film:0.4475
good soundtrack:0.4445
very good:0.44025
children:0.43875
stylish:0.43575
visceral:0.4355
first contact:0.435
adaptation:0.434
corruption:0.4335
demons:0.43275
atmospheric:0.431
family drama:0.43
oscar (best effects - visual effects):0.42325
pornography:0.42175
vengeance:0.42125
gruesome:0.418
bloody:0.41475
unusual plot structure:0.41375
so bad it's funny:0.40675
great:0.4055
family:0.40225
splatter:0.39975
maze:0.39725
interesting:0.3945
underrated:0.394
dialogue:0.39375
catastrophe:0.3925
justice:0.38825
religion:0.3865
cult classic:0.38275
secrets:0.37925
bad ending:0.37725
harsh:0.37525
torture:0.374
visual:0.36725
melancholic:0.3655
paranoid:0.35825
great movie:0.3555
twist:0.35025
hospital:0.34975
complex:0.34825
revenge:0.34825
silly fun:0.3475
twists & turns:0.34475
effects:0.34275
transformation:0.342
