australia:0.82975
comedy:0.7935
funny:0.74825
hilarious:0.74675
original:0.688
crude humor:0.67125
holiday:0.6595
based on a tv show:0.6255
great ending:0.62325
series:0.6035
franchise:0.59725
buddy movie:0.5865
unfunny:0.53925
predictable:0.527
sarcasm:0.485
silly:0.47625
very funny:0.47575
drinking:0.4665
happy ending:0.462
dumb but funny:0.456
notable nudity:0.4465
male nudity:0.43575
catastrophe:0.424
parody:0.421
mentor:0.4175
drugs:0.40425
good soundtrack:0.39225
camp:0.38925
absurd:0.388
adolescence:0.38425
adaptation:0.38325
british comedy:0.38075
pornography:0.37625
life philosophy:0.37475
slapstick:0.37475
weed:0.3645
humorous:0.35625
television:0.346
bullying:0.33325
writers:0.33075
dialogue:0.32675
fun movie:0.3215
chase:0.32075
mission from god:0.3195
british:0.31925
funny as hell:0.31775
quotable:0.3075
music business:0.30525
stereotypes:0.30025
not funny:0.29625
good:0.293
spoof:0.29275
first contact:0.291
suprisingly clever:0.2845
teen:0.28325
corruption:0.27875
vengeance:0.27575
time:0.2725
greed:0.2725
weapons:0.2675
pointless:0.26675
better than expected:0.26425
pg-13:0.25825
brutality:0.25525
narrated:0.2515
so bad it's funny:0.24975
love:0.2495
sequel:0.24875
story:0.24825
transgender:0.24725
justice:0.2445
betrayal:0.2435
cult classic:0.24175
adventure:0.24
unlikeable characters:0.23075
teens:0.2275
clever:0.22625
sexual:0.22525
natural disaster:0.22375
revenge:0.22325
allegory:0.2225
gangs:0.2215
unusual plot structure:0.21925
nostalgic:0.216
entirely dialogue:0.21475
weird:0.21175
silly fun:0.20775
social commentary:0.20675
superheroes:0.20675
new jersey:0.20625
loneliness:0.20525
runaway:0.20275
plot:0.202
redemption:0.202
suspense:0.2015
gross-out:0.20125
lone hero:0.20075
bad plot:0.2
travel:0.1995
sexy:0.19875
