romantic comedy:0.99675
chick flick:0.982
girlie movie:0.97575
romantic:0.965
good romantic comedies:0.944
wedding:0.884
romance:0.8535
happy ending:0.814
scotland:0.74975
predictable:0.74475
shallow:0.7445
marriage:0.71875
love:0.71175
love story:0.701
cute:0.691
women:0.687
original:0.67425
cute!:0.657
sweet:0.638
relationships:0.611
so bad it's funny:0.55
pg-13:0.54175
catastrophe:0.5055
ridiculous:0.5035
funny:0.50025
teen movie:0.494
dialogue:0.47475
shopping:0.46
better than expected:0.434
internet:0.4285
comedy:0.41825
silly:0.40575
feel-good:0.40075
great ending:0.39775
bad plot:0.39225
sexy:0.389
entertaining:0.3875
interracial romance:0.387
destiny:0.38325
crude humor:0.36675
cheating:0.3555
life philosophy:0.3545
mentor:0.3525
fun movie:0.34675
san francisco:0.345
unlikely friendships:0.344
feel good movie:0.343
very funny:0.33825
unfunny:0.3265
natural disaster:0.3255
horrible:0.31925
good:0.31225
not funny:0.3115
werewolf:0.30625
good soundtrack:0.30175
friendship:0.30175
lone hero:0.30075
beautiful scenery:0.3005
stereotypes:0.29225
sappy:0.2905
transformation:0.2895
absurd:0.28775
divorce:0.2855
overrated:0.2815
fantasy world:0.2765
runaway:0.272
brutality:0.2715
plot:0.27
first contact:0.26775
culture clash:0.26325
betrayal:0.26125
teen:0.258
story:0.2575
corny:0.257
writers:0.255
unrealistic:0.251
guilty pleasure:0.247
family:0.23525
great:0.232
fight scenes:0.231
entirely dialogue:0.23075
fashion:0.22825
chase:0.2275
bad acting:0.2265
new york city:0.2265
honest:0.22475
idiotic:0.22125
storytelling:0.2195
adaptation:0.21825
new jersey:0.21
suprisingly clever:0.20575
police investigation:0.2045
nudity (full frontal - brief):0.20275
pornography:0.202
bad cgi:0.199
disaster:0.199
passionate:0.19825
fun:0.197
male nudity:0.197
vengeance:0.1965
