world war ii:0.94
wwii:0.93175
best war films:0.88425
germany:0.88275
nazis:0.877
german:0.86625
anti-semitism:0.86625
nazi:0.83725
war:0.80625
oscar (best directing):0.79575
jews:0.77775
dramatic:0.77475
great acting:0.7715
original:0.76325
stereotypes:0.75625
oscar (best actress):0.748
fascism:0.74125
idealism:0.71825
drinking:0.7005
war movie:0.69025
criterion:0.689
oscar (best supporting actress):0.6795
christian:0.67625
courage:0.66775
culture clash:0.66675
adapted from:book:0.663
character study:0.66075
dialogue:0.658
genocide:0.65725
cinematography:0.6415
imdb top 250:0.628
compassionate:0.62425
forceful:0.61775
historical:0.617
black and white:0.61675
talky:0.6085
exceptional acting:0.60775
wartime:0.60425
harsh:0.59375
jewish:0.5905
good soundtrack:0.59
excellent:0.587
runaway:0.5855
camp:0.57475
social commentary:0.557
1930s:0.5505
anti-war:0.54875
affectionate:0.5465
good:0.5465
ethnic conflict:0.5465
destiny:0.54525
story:0.5405
prejudice:0.53975
based on a book:0.53925
adaptation:0.53575
honest:0.52625
tragedy:0.5225
enigmatic:0.5175
realistic:0.5145
oscar (best cinematography):0.504
oscar (best supporting actor):0.50275
complex:0.495
corruption:0.49275
drama:0.491
allegory:0.48925
brutality:0.4775
based on a play:0.4735
entirely dialogue:0.46
catastrophe:0.453
unusual plot structure:0.452
books:0.4505
survival:0.45
light:0.4495
happy ending:0.449
murder:0.447
visceral:0.44525
interesting:0.44425
friendship:0.4415
intense:0.44125
redemption:0.43925
unlikely friendships:0.438
storytelling:0.43775
tense:0.435
us history:0.43375
witty:0.43275
epic:0.43075
downbeat:0.4305
intimate:0.4275
powerful ending:0.42675
melancholic:0.426
bleak:0.4245
police investigation:0.42325
sacrifice:0.42175
afi 100 (movie quotes):0.42025
fight scenes:0.411
classic:0.411
great:0.41025
suprisingly clever:0.407
irish accent:0.40575
golden palm:0.40125
