dog:0.99525
dogs:0.99075
children:0.9865
kids and family:0.97625
kids:0.9545
cute!:0.91625
family:0.868
cute:0.86275
hotel:0.718
original:0.70325
adoption:0.68475
secret service:0.657
predictable:0.6545
fun:0.65425
animals:0.59525
whimsical:0.5805
homeless:0.541
dialogue:0.50975
orphans:0.497
animal movie:0.47175
fantasy:0.46325
mentor:0.463
happy ending:0.43
great ending:0.4275
death:0.4145
disney:0.41125
silly:0.41025
stereotypes:0.40075
destiny:0.39625
silly fun:0.38925
fun movie:0.385
catastrophe:0.38275
entertaining:0.38225
bad plot:0.36925
not funny:0.36325
talking animals:0.35625
storytelling:0.34725
spelling bee:0.34675
story:0.341
camp:0.339
good:0.3355
overrated:0.332
natural disaster:0.3225
greed:0.31825
fantasy world:0.30725
quirky:0.30575
con artists:0.302
entirely dialogue:0.2945
fairy tale:0.2935
lone hero:0.2885
antarctica:0.2875
so bad it's funny:0.28725
fight scenes:0.287
first contact:0.28575
life philosophy:0.28475
culture clash:0.28325
bollywood:0.28275
adapted from:book:0.282
childhood:0.28175
runaway:0.2805
race:0.278
police investigation:0.27675
adaptation:0.27375
absurd:0.273
brutality:0.27175
simple:0.27025
idiotic:0.26875
melancholic:0.266
unfunny:0.2645
crude humor:0.264
romance:0.263
farce:0.2565
feel good movie:0.25625
single father:0.2555
pornography:0.254
mad scientist:0.25375
teen movie:0.25125
slapstick:0.25125
books:0.25025
very funny:0.24925
computer animation:0.2435
surreal:0.24325
horrible:0.24225
feel-good:0.24175
bad ending:0.24
twists & turns:0.2355
redemption:0.23325
grindhouse:0.23275
island:0.23075
life & death:0.22825
light:0.227
spy:0.2265
good soundtrack:0.22625
clever:0.22325
secrets:0.21875
boring:0.21675
great:0.21625
bad cgi:0.20975
disaster:0.20975
cartoon:0.20775
