supernatural:0.99175
horror:0.985
ghosts:0.985
frightening:0.9825
spielberg:0.9575
haunted house:0.95275
creepy:0.95225
suspense:0.94575
special effects:0.94175
suspenseful:0.92375
tense:0.874
scary:0.8685
classic:0.867
70mm:0.86125
effects:0.856
original:0.85375
80s:0.83975
intense:0.82275
ghosts/afterlife:0.81625
family:0.792
ominous:0.78675
afi 100 (movie quotes):0.76725
family drama:0.7645
clowns:0.7615
good:0.757
pg:0.74775
story:0.731
violent:0.72625
cult classic:0.7205
great ending:0.71775
violence:0.7175
chase:0.71525
excellent script:0.708
light:0.7045
great acting:0.7025
visceral:0.69875
childhood:0.69725
fun movie:0.68375
atmospheric:0.66675
great movie:0.666
eerie:0.65975
1980s:0.65675
oscar (best effects - visual effects):0.645
monster:0.64475
good acting:0.637
spiders:0.63425
gory:0.6265
based on book:0.6265
weird:0.61475
great:0.59625
dialogue:0.5845
original plot:0.58425
death:0.584
excellent:0.57675
demons:0.5745
dark:0.573
suburbia:0.57075
good soundtrack:0.569
pg-13:0.5505
weapons:0.5335
revenge:0.5285
psychological:0.52575
forceful:0.5245
imdb top 250:0.52325
highly quotable:0.52
children:0.5175
storytelling:0.51325
visually stunning:0.511
apocalypse:0.50975
splatter:0.50775
nostalgic:0.50775
oscar winner:0.504
good action:0.50325
oscar (best directing):0.5005
television:0.49725
saturn award (best special effects):0.49675
parenthood:0.496
transformation:0.496
macabre:0.495
secrets:0.4925
blood:0.4915
culture clash:0.4915
touching:0.48875
very good:0.48725
adapted from:book:0.48575
affectionate:0.48475
runaway:0.484
entertaining:0.47875
franchise:0.47825
interesting:0.47775
catastrophe:0.47625
murder:0.47575
mentor:0.47075
social commentary:0.46825
based on a book:0.4635
first contact:0.45975
adaptation:0.4595
california:0.4585
survival:0.458
cult film:0.45675
