drama:0.93575
based on a book:0.91375
detective:0.9065
memory loss:0.87375
cinematography:0.86825
melancholic:0.8635
mentor:0.8505
england:0.83925
story:0.83575
original:0.8235
mystery:0.8125
loneliness:0.80525
memory:0.7985
great acting:0.79475
great:0.76975
cerebral:0.76
visually appealing:0.74225
storytelling:0.74
life & death:0.7355
great movie:0.71775
robert downey jr:0.7175
dramatic:0.70725
great ending:0.7055
fantasy world:0.6945
aging:0.69025
murder mystery:0.68775
complex:0.6875
london:0.68575
imagination:0.67725
allegory:0.67525
adventure:0.67525
oscar:0.67075
gunfight:0.6575
dialogue:0.656
british:0.65375
exceptional acting:0.64025
redemption:0.63475
childhood:0.62825
beautifully filmed:0.62625
clever:0.62375
adapted from:book:0.62175
enigmatic:0.61925
friendship:0.61
interesting:0.60075
unlikely friendships:0.59675
destiny:0.575
excellent script:0.56325
adaptation:0.56075
photography:0.555
good:0.5535
eccentricity:0.5445
imdb top 250:0.542
drinking:0.535
parallel universe:0.534
intense:0.529
based on book:0.51675
very interesting:0.5125
biographical:0.512
meditative:0.50675
good acting:0.50125
oscar (best directing):0.498
chase:0.49375
guilt:0.4925
emotional:0.48925
reflective:0.48875
superheroes:0.48825
witty:0.47975
irish accent:0.475
family:0.47425
light:0.472
runaway:0.4715
affectionate:0.4695
character study:0.4645
alternate universe:0.4635
police investigation:0.4615
pg-13:0.46125
alter ego:0.46025
literature:0.45975
transformation:0.457
doctors:0.4555
secrets:0.45
scenic:0.4495
flashbacks:0.4395
beautiful scenery:0.4385
plot:0.43675
brutality:0.436
good soundtrack:0.432
death:0.431
excellent:0.4295
solitude:0.42725
costume drama:0.42475
investigation:0.423
obsession:0.418
oscar (best supporting actress):0.418
mythology:0.41575
original plot:0.415
science fiction:0.41425
life:0.41175
sci fi:0.40825
slow paced:0.40725
