action:0.93125
chase:0.927
justice:0.91375
original:0.907
scotland:0.869
london:0.866
surveillance:0.839
caper:0.823
fast paced:0.82175
gunfight:0.82125
vengeance:0.818
crime:0.81375
plot:0.8065
police:0.80625
violent:0.78225
good:0.77925
suspense:0.77575
plot twist:0.76425
detective:0.76225
violence:0.76125
great ending:0.7405
dialogue:0.73025
pornography:0.72725
western:0.708
murder:0.7015
gangsters:0.69975
corruption:0.692
revenge:0.68325
san francisco:0.6825
runaway:0.6805
good soundtrack:0.68025
life & death:0.665
pg-13:0.66275
destiny:0.6575
classic car:0.653
nudity (topless - notable):0.64575
clever:0.642
predictable:0.637
adapted from:book:0.63675
guns:0.63475
action packed:0.63325
intense:0.63075
great movie:0.6265
adventure:0.61525
hitman:0.609
story:0.60525
redemption:0.60025
england:0.59925
culture clash:0.5975
entertaining:0.59175
reflective:0.591
police investigation:0.5865
mentor:0.5855
mob:0.581
excellent script:0.58
kidnapping:0.57525
assassin:0.575
storytelling:0.56675
brutality:0.555
interesting:0.55275
police corruption:0.54975
gangster:0.549
bad ending:0.5455
adaptation:0.5355
1970s:0.53125
moral ambiguity:0.52625
highly quotable:0.52475
cancer:0.52175
sexualized violence:0.51775
good action:0.516
foul language:0.492
quotable:0.48425
doctors:0.4805
identity:0.47775
thriller:0.47725
chicago:0.474
lone hero:0.4725
car chase:0.4715
drama:0.4715
good dialogue:0.4685
based on a book:0.4655
humor:0.465
original plot:0.458
dystopic future:0.45325
cool:0.4495
motorcycle:0.44375
gritty:0.4435
science fiction:0.4405
nudity (full frontal - brief):0.43825
underrated:0.43825
forceful:0.43325
harsh:0.433
exciting:0.4325
plot holes:0.4315
twist:0.4305
dark hero:0.42325
lawyer:0.422
imdb top 250:0.42125
fight scenes:0.42125
catastrophe:0.419
