based on a video game:0.99925
video game adaptation:0.99875
adapted from:game:0.9975
video game:0.99375
videogame:0.99275
virus:0.9815
computer game:0.97575
apocalypse:0.968
zombies:0.9595
horror:0.959
action:0.959
zombie:0.9585
splatter:0.953
video games:0.87325
special effects:0.8155
gory:0.81175
cool:0.80925
big budget:0.792
fight scenes:0.76375
better than expected:0.76175
action packed:0.74575
good action:0.7415
survival:0.715
original:0.714
bad cgi:0.71275
monster:0.70825
mutants:0.688
scary:0.664
pg-13:0.6635
franchise:0.63075
good:0.62225
fast paced:0.61975
stupid as hell:0.6155
monsters:0.6005
blood:0.59475
dialogue:0.59225
good soundtrack:0.5835
bad acting:0.58225
weapons:0.58
awesome soundtrack:0.57025
great ending:0.56925
based on a comic:0.567
post-apocalyptic:0.54575
transformation:0.53675
fun movie:0.53575
sci-fi:0.535
great:0.526
predictable:0.51525
catastrophe:0.51175
sci fi:0.51175
fun:0.5075
remake:0.5025
suspense:0.499
futuristic:0.49525
effects:0.495
entertaining:0.46925
so bad it's funny:0.469
post apocalyptic:0.45575
gore:0.44025
adaptation:0.43225
mentor:0.4315
life philosophy:0.431
bad plot:0.41625
demons:0.41575
not funny:0.415
cult classic:0.41375
fighting:0.40875
superheroes:0.4015
genetics:0.4005
dynamic cgi action:0.3965
violence:0.3905
grindhouse:0.38825
supernatural:0.3865
gothic:0.3865
lone hero:0.383
goth:0.37825
story:0.37625
great movie:0.37425
chase:0.37275
horrible:0.37175
scifi:0.37
dark hero:0.36975
bloody:0.364
memory loss:0.35775
technology:0.348
brutality:0.3445
creepy:0.34125
aliens:0.339
first contact:0.33875
cult film:0.33675
graphic novel:0.332
exciting:0.33
plot:0.32975
sexy:0.32775
disaster:0.32425
atmospheric:0.3235
destiny:0.31975
goofy:0.315
natural disaster:0.31275
silly fun:0.3125
