comedy:0.95425
hilarious:0.8155
funny:0.75225
original:0.7425
gangsters:0.70925
predictable:0.68975
mafia:0.6685
very funny:0.65675
silly:0.656
chase:0.6205
surreal:0.6095
good:0.5865
goofy:0.58225
slapstick:0.57725
so bad it's funny:0.556
idiotic:0.55175
ridiculous:0.544
lame:0.53875
dumb:0.53875
farce:0.536
weird:0.52375
humorous:0.52
original plot:0.517
gangster:0.51275
mentor:0.5075
dark comedy:0.50175
great ending:0.5
sarcasm:0.496
dysfunctional family:0.492
mexico:0.47525
off-beat comedy:0.4735
unfunny:0.4685
dialogue:0.4675
stupid:0.4645
new jersey:0.44875
absurd:0.44075
catastrophe:0.431
1930s:0.4305
brutality:0.42525
story:0.4155
crude humor:0.41525
suprisingly clever:0.409
stupidity:0.40775
creativity:0.39675
storytelling:0.3965
destiny:0.39375
crazy:0.39175
good soundtrack:0.386
black comedy:0.386
mob:0.385
insanity:0.37525
first contact:0.37475
dreams:0.36725
sexualized violence:0.3645
bad plot:0.35775
violence:0.356
humor:0.355
clever:0.35175
life philosophy:0.35125
dumb but funny:0.347
surrealism:0.3455
adaptation:0.345
feel-good:0.344
horrible:0.34375
redemption:0.3425
cult film:0.342
stylized:0.33575
pornography:0.33425
funny as hell:0.33425
talky:0.3325
stupid as hell:0.33225
pg-13:0.332
fantasy world:0.331
nudity (full frontal - brief):0.3295
funniest movies:0.3245
silly fun:0.32275
dreamlike:0.32175
feel good movie:0.32175
nudity (topless - notable):0.32
lone hero:0.31925
natural disaster:0.31925
vengeance:0.312
death:0.311
bad ending:0.309
murder:0.30875
quirky:0.30825
runaway:0.30675
overrated:0.3065
very good:0.302
entirely dialogue:0.301
harsh:0.29775
fight scenes:0.29575
cult classic:0.2955
culture clash:0.29475
saturday night live:0.29475
melancholic:0.294
sci fi:0.2925
technology:0.28975
crime gone awry:0.28875
visually appealing:0.2885
