spanish:0.94875
spain:0.92225
18th century:0.776
islam:0.74375
drama:0.73925
nudity (topless - brief):0.71125
ghosts:0.70725
dramatic:0.70575
artist:0.7005
oscar (best directing):0.69675
nudity (topless):0.68775
complex:0.679
biopic:0.67825
original:0.6665
reflective:0.64375
brutality:0.6275
great ending:0.60925
art:0.59475
amazing cinematography:0.591
historical:0.57925
nudity (full frontal - notable):0.56175
betrayal:0.55275
good soundtrack:0.55025
pornography:0.547
life philosophy:0.54525
biographical:0.5205
melancholic:0.5095
greed:0.50325
mozart:0.4985
very interesting:0.47875
nudity (topless - notable):0.46725
social commentary:0.46475
period piece:0.46225
prison:0.4605
artistic:0.4535
humanity:0.45225
judaism:0.4495
cinematography:0.44225
tragedy:0.44025
compassionate:0.438
vengeance:0.4345
mentor:0.4345
runaway:0.43275
life & death:0.426
history:0.423
story:0.4225
visually appealing:0.42075
storytelling:0.4165
loneliness:0.416
criterion:0.413
insanity:0.4125
enigmatic:0.41025
bad ending:0.40775
corruption:0.407
factual:0.40275
solitude:0.39925
masterpiece:0.39475
religion:0.392
nudity (full frontal - brief):0.38675
bleak:0.38425
psychological:0.381
catastrophe:0.37525
costume drama:0.37125
justice:0.37025
not funny:0.36925
life:0.369
transformation:0.369
grim:0.367
thought-provoking:0.366
golden palm:0.3655
great:0.3615
us history:0.356
absurd:0.35575
adaptation:0.35575
ironic:0.3535
culture clash:0.348
death:0.345
unusual plot structure:0.3415
gangsters:0.33775
finnish:0.33425
cerebral:0.33225
destiny:0.33075
guilt:0.32725
dialogue:0.327
suprisingly clever:0.32575
nudity (rear):0.32525
great acting:0.32075
rape:0.31775
sexual abuse:0.31525
jewish:0.31075
relationships:0.30875
psychology:0.3035
multiple storylines:0.303
twists & turns:0.301
allegory:0.30025
revolution:0.299
sacrifice:0.29825
french:0.29825
existentialism:0.2965
exceptional acting:0.294
