superheroes:0.991
super hero:0.989
superhero:0.98825
adapted from:comic:0.954
marvel:0.9475
dark hero:0.9345
animation:0.9205
comics:0.917
action:0.9065
comic book:0.89625
cartoon:0.89425
chase:0.88225
pg-13:0.87175
franchise:0.867
mad scientist:0.85975
big budget:0.8565
story:0.83675
aliens:0.78875
alter ego:0.78175
comic:0.7795
goofy:0.77675
original:0.7745
computer animation:0.77125
super-hero:0.764
plot:0.761
fight scenes:0.75275
giant robots:0.744
animals:0.70875
dynamic cgi action:0.687
mutants:0.6815
cgi:0.67975
dialogue:0.678
animated:0.66575
weapons:0.647
based on a comic:0.6385
silly:0.6375
bad plot:0.62175
mentor:0.6135
alien invasion:0.602
good action:0.59825
apocalypse:0.58625
anti-hero:0.578
transformation:0.5755
mythology:0.56525
alien:0.561
good:0.5605
demons:0.5595
ninja:0.55875
catastrophe:0.54375
better than expected:0.5425
effects:0.5345
storytelling:0.53225
adaptation:0.5275
fighting:0.52275
action packed:0.52275
ridiculous:0.5205
special effects:0.51775
lone hero:0.50725
justice:0.50675
predictable:0.49775
shallow:0.48675
nudity (full frontal - brief):0.48225
camp:0.482
firefly:0.4715
enormously long battle scene:0.46825
humor:0.46775
suspenseful:0.46575
fast paced:0.46425
too short:0.45825
monster:0.4575
conspiracy:0.4575
cool:0.45325
fun:0.444
underrated:0.44225
fun movie:0.44075
great:0.439
teen movie:0.4385
teen:0.436
plot holes:0.43575
fantasy world:0.433
campy:0.431
animal movie:0.42875
end of the world:0.42325
space:0.42275
murder:0.42
assassin:0.418
80s:0.41675
violence:0.41525
great ending:0.4115
nerds:0.40975
adventure:0.40875
anime:0.408
life & death:0.405
awesome soundtrack:0.4015
stylized:0.39825
first contact:0.39775
adapted from:book:0.39775
family:0.39725
vigilante:0.39325
bad cgi:0.39275
