relationships:0.96975
mother-son relationship:0.876
pornography:0.74025
sex:0.68375
sexual:0.677
erotic:0.6735
intimate:0.671
nudity (topless - notable):0.64925
original:0.619
complex:0.60525
male nudity:0.60175
nudity (topless):0.592
stylish:0.57825
so bad it's funny:0.566
brutality:0.54825
life & death:0.5425
catastrophe:0.516
survival:0.5115
lesbian:0.5115
cinematography:0.504
guilt:0.5005
revenge:0.49125
life philosophy:0.488
mentor:0.483
dialogue:0.482
tragedy:0.4675
weird:0.45775
goretastic:0.453
writers:0.446
loneliness:0.44475
beautiful scenery:0.4405
australia:0.43825
classic car:0.42575
unlikely friendships:0.42075
betrayal:0.41225
nudity (full frontal - notable):0.40575
island:0.40425
cheating:0.394
nonlinear:0.3845
death:0.37775
drama:0.37775
stereotypes:0.37425
hospital:0.368
sexuality:0.366
women:0.3625
infidelity:0.359
entirely dialogue:0.35525
depression:0.34175
grindhouse:0.33875
destiny:0.33625
nudity (topless - brief):0.33375
melancholic:0.333
melancholy:0.33
beautiful:0.329
hitman:0.32425
romantic:0.324
bad ending:0.3235
exceptional acting:0.32075
obsession:0.31675
adultery:0.3165
better than expected:0.31625
storytelling:0.313
beautifully filmed:0.313
art house:0.31275
good soundtrack:0.3125
horrible:0.31125
romance:0.30775
chick flick:0.307
childhood:0.30625
pointless:0.3055
disturbing:0.301
sexy:0.3
emotional:0.29875
nudity (full frontal):0.29775
silly fun:0.29675
psychological:0.2955
vengeance:0.29475
gory:0.29175
adaptation:0.2875
passionate:0.2835
interracial romance:0.283
friendship:0.2725
dysfunctional family:0.27225
suprisingly clever:0.271
first contact:0.265
dreamlike:0.261
ethnic conflict:0.26
allegory:0.257
dark comedy:0.257
mission from god:0.25675
gay character:0.2555
adolescence:0.2555
solitude:0.251
reflective:0.25075
harsh:0.24925
not funny:0.2465
boring!:0.24625
love triangles:0.24275
bittersweet:0.241
meditative:0.239
