shark:0.999
franchise:0.99225
sequel:0.9275
crappy sequel:0.90075
bad plot:0.8535
horrible:0.84925
revenge:0.847
sequels:0.83275
so bad it's funny:0.82225
original:0.8045
ridiculous:0.802
predictable:0.7805
boat:0.773
family:0.74525
lame:0.712
pointless:0.69275
good sequel:0.69075
fish:0.655
stupid:0.65425
bad cgi:0.6535
natural disaster:0.5835
special effects:0.583
disaster:0.5615
vengeance:0.55875
mentor:0.55725
death:0.554
big budget:0.54975
catastrophe:0.54675
bad ending:0.545
underwater:0.534
silly:0.51875
great ending:0.5185
awful:0.5185
bad:0.5145
bad acting:0.48775
so bad it's good:0.487
idiotic:0.463
shallow:0.46275
first contact:0.458
overrated:0.44575
dialogue:0.4435
survival:0.435
brutality:0.43025
series:0.427
fight scenes:0.42675
stupid as hell:0.42125
suspense:0.41725
good soundtrack:0.4145
silly fun:0.407
destiny:0.4045
action:0.399
family drama:0.3975
nudity (topless - notable):0.3965
chase:0.38925
fantasy world:0.389
stupidity:0.3735
island:0.37275
not funny:0.371
pg-13:0.37
redemption:0.3695
sci fi:0.35975
absurd:0.35225
slapstick:0.351
adaptation:0.35025
great:0.34025
factual:0.336
happy ending:0.3355
entirely dialogue:0.33225
quirky:0.3315
unfunny:0.3205
intense:0.3205
violence:0.31775
cult film:0.31625
justice:0.30775
writers:0.3045
scary:0.303
remake:0.3025
runaway:0.30025
pornography:0.294
boring:0.293
life philosophy:0.29225
dysfunctional family:0.289
fun movie:0.288
crude humor:0.28775
bad science:0.2875
camp:0.28275
story:0.27775
multiple storylines:0.2775
action packed:0.27475
unusual plot structure:0.2715
bad sequel:0.271
romance:0.271
good:0.2695
dumb:0.2685
lone hero:0.2655
passionate:0.25925
gangsters:0.25825
plot holes:0.2565
god:0.25575
fantasy:0.25575
