ghosts/afterlife:1.0
surprise ending:0.9975
plot twist:0.9885
twist ending:0.98675
great ending:0.983
excellent script:0.9755
supernatural:0.9735
imdb top 250:0.965
oscar (best supporting actor):0.96425
great acting:0.95375
ghosts:0.95375
suspense:0.95375
creepy:0.952
twist:0.95125
psychological:0.94725
excellent:0.939
frightening:0.924
scary:0.919
eerie:0.918
psychology:0.918
twists & turns:0.9175
drama:0.91475
interesting:0.90575
pg-13:0.902
storytelling:0.90025
thriller:0.90025
good acting:0.892
original:0.87975
cerebral:0.878
great movie:0.87375
good:0.872
suspenseful:0.86475
secrets:0.863
touching:0.83175
oscar (best directing):0.8295
clever:0.82275
atmospheric:0.8215
intense:0.818
tense:0.81725
mentor:0.8165
dramatic:0.79875
plot:0.7985
story:0.797
great:0.79025
exceptional acting:0.78875
horror:0.7815
thought-provoking:0.77525
ominous:0.77
oscar winner:0.77
oscar:0.76675
mystery:0.7655
oscar (best picture):0.7575
afterlife:0.757
powerful ending:0.756
oscar (best actor):0.7535
enigmatic:0.74825
masterpiece:0.74575
alternate endings:0.73525
complex:0.729
tricky:0.72375
original plot:0.72275
good soundtrack:0.71725
mindfuck:0.71675
complicated plot:0.716
very good:0.7135
stylized:0.709
oscar (best actress):0.704
bad ending:0.703
life & death:0.697
childhood:0.69675
visual:0.69375
psychiatrist:0.69275
cinematography:0.6865
dialogue:0.686
manipulation:0.6805
afi 100 (movie quotes):0.679
weird:0.67875
police investigation:0.6765
complicated:0.6735
redemption:0.6695
death:0.668
social commentary:0.66625
catastrophe:0.664
plot holes:0.6515
chase:0.64825
runaway:0.64025
sentimental:0.63175
visually stunning:0.63025
special effects:0.629
sad but good:0.62825
feel-good:0.6275
fast paced:0.6245
intelligent:0.62125
destiny:0.6105
big budget:0.607
better than expected:0.605
dark:0.595
entertaining:0.591
first contact:0.5885
emotional:0.585
