pornography:0.98975
free speech:0.98625
censorship:0.98575
biographical:0.98175
biopic:0.9765
biography:0.92675
factual:0.92325
very interesting:0.9115
love:0.8825
social commentary:0.8795
controversial:0.86925
drama:0.861
fighting the system:0.83675
original:0.82075
freedom:0.8155
nudity (full frontal - notable):0.79
interesting:0.761
very good:0.72975
great movie:0.72525
lawyer:0.712
drug addiction:0.70625
lawyers:0.70225
good:0.6895
good soundtrack:0.6825
based on a true story:0.68175
true story:0.67175
corruption:0.667
greed:0.6625
rebellion:0.66125
oscar (best actress):0.658
adultery:0.65725
great acting:0.64825
great:0.647
oscar:0.625
eccentricity:0.6235
politics:0.61975
dramatic:0.61725
fun movie:0.602
justice:0.60125
court:0.59175
drinking:0.58325
entertaining:0.5825
oscar (best supporting actress):0.57825
intense:0.5765
mentor:0.568
nudity (full frontal):0.5575
violence:0.5315
honest:0.52625
love story:0.52575
history:0.52175
oscar (best directing):0.518
passionate:0.51625
aids:0.51425
brutality:0.51325
obsession:0.512
courtroom:0.50575
great ending:0.50275
political:0.50175
talky:0.499
narrated:0.4985
relationships:0.4975
sexy:0.491
drug abuse:0.48875
excellent script:0.485
dialogue:0.48025
sexual:0.48
based on true story:0.47275
intelligent:0.47225
violent:0.47225
story:0.4695
satire:0.468
transformation:0.465
sexualized violence:0.4645
paranoid:0.46075
capitalism:0.45925
adaptation:0.458
life philosophy:0.457
life:0.45675
satirical:0.4495
idealism:0.4485
runaway:0.445
oscar (best writing - screenplay written directly for the screen):0.43625
goofy:0.4345
manipulation:0.431
male nudity:0.43075
catastrophe:0.43
moral ambiguity:0.4295
good acting:0.4275
clever:0.42425
twists & turns:0.42325
assassination:0.41725
thought-provoking:0.41675
ironic:0.41475
excellent:0.41475
journalism:0.4055
tragedy:0.40525
girlie movie:0.402
culture clash:0.397
underrated:0.39325
dark hero:0.39
