teen:0.9925
teen movie:0.987
high school:0.96725
1980s:0.93925
teens:0.9365
geeks:0.93625
cult classic:0.9305
comedy:0.92125
teenager:0.92025
quotable:0.893
surreal:0.89225
cult film:0.88775
nostalgic:0.886
hilarious:0.868
80s:0.86125
goofy:0.8575
funny:0.84625
adolescence:0.8365
good soundtrack:0.83525
weird:0.83025
original:0.814
teenagers:0.7725
funniest movies:0.762
revenge:0.76125
chase:0.75825
mentor:0.7545
suicide:0.744
quirky:0.74025
drinking:0.737
awesome soundtrack:0.72
funny as hell:0.718
classic:0.71025
very funny:0.70975
absurd:0.708
silly fun:0.7045
love:0.702
off-beat comedy:0.70125
nerds:0.69875
depression:0.691
light:0.6845
great ending:0.684
vengeance:0.66475
great movie:0.66375
fun movie:0.662
great:0.662
silly:0.6565
humorous:0.6565
imdb top 250:0.64775
highly quotable:0.6465
suicide attempt:0.6465
great soundtrack:0.646
childhood:0.644
coming-of-age:0.6435
runaway:0.64275
cool:0.63675
stoner movie:0.63625
dark humor:0.63075
pg-13:0.63
sweet:0.6265
coming of age:0.62
insanity:0.62
good:0.5915
humor:0.5815
gunfight:0.579
teacher:0.57675
dialogue:0.57625
imagination:0.57125
geek:0.5685
clever:0.567
storytelling:0.5615
school:0.55375
directorial debut:0.54575
suprisingly clever:0.54475
friendship:0.544
suburbia:0.53825
foreign:0.52975
bullying:0.52875
cult:0.52875
fun:0.52525
loneliness:0.52525
harsh:0.52175
life philosophy:0.51575
social commentary:0.5125
california:0.5085
unlikely friendships:0.5065
obsession:0.502
small town:0.496
story:0.496
underrated:0.49075
culture clash:0.487
feel-good:0.4835
stereotypes:0.4675
based on book:0.466
black comedy:0.46375
good acting:0.462
nocturnal:0.46175
twists & turns:0.46025
excellent script:0.45525
happy ending:0.45475
parody:0.4545
