based on a tv show:0.97775
original:0.84425
predictable:0.76625
family:0.738
franchise:0.64025
chase:0.612
disaster:0.58825
shallow:0.58525
silly fun:0.5765
series:0.5495
mentor:0.53
pointless:0.524
destiny:0.50525
adaptation:0.49325
overrated:0.492
fun movie:0.461
first contact:0.44525
spying:0.43925
fantasy world:0.43425
bad plot:0.43225
catastrophe:0.43175
slapstick:0.42325
great ending:0.4105
teen movie:0.40075
fight scenes:0.38275
satirical:0.37875
pornography:0.36175
life philosophy:0.35875
culture clash:0.357
quirky:0.35475
redemption:0.35475
romantic:0.35275
writers:0.35275
teens:0.34775
bullying:0.34575
natural disaster:0.342
dialogue:0.3405
brutality:0.33
storytelling:0.3245
crude humor:0.316
reality tv:0.31075
death:0.31025
cult film:0.30675
spies:0.306
nudity (full frontal - brief):0.3025
pg-13:0.298
fun:0.29725
stupid as hell:0.29525
teacher:0.29275
satire:0.292
action:0.29175
sci fi:0.285
adapted from:book:0.28475
school:0.28425
entirely dialogue:0.283
happy ending:0.28225
big budget:0.27875
very funny:0.27525
cool:0.27475
unusual plot structure:0.2715
science fiction:0.267
good soundtrack:0.2665
runaway:0.26025
ninja:0.2585
surreal:0.255
story:0.25125
special effects:0.25025
dysfunctional family:0.25
lone hero:0.24925
cute:0.24475
gangsters:0.241
fantasy:0.24075
nudity (topless - notable):0.24
vengeance:0.23925
dreamlike:0.239
great:0.237
visually appealing:0.23575
classic:0.23525
justice:0.2345
melancholic:0.2345
childhood:0.2345
suspense:0.2325
twists & turns:0.23125
police investigation:0.22925
queer:0.22875
passionate:0.22875
alternate history:0.22875
football:0.22725
good:0.2265
life & death:0.226
technology:0.22125
remake:0.22025
unlikely friendships:0.22
teen:0.219
weird:0.218
horrible:0.21675
pulp:0.21625
oscar (best directing):0.21575
greed:0.21575
so bad it's funny:0.21375
