splatter:0.98775
horror:0.965
gore:0.93025
gory:0.91
monsters:0.8985
cult classic:0.8985
monster:0.89525
bloody:0.8695
original:0.8365
so bad it's funny:0.7995
blood:0.78375
survival:0.756
violence:0.75525
low budget:0.70475
visceral:0.633
grindhouse:0.63
weird:0.6255
brutality:0.61125
parody:0.61125
gratuitous violence:0.602
gruesome:0.593
social commentary:0.5905
cult film:0.574
violent:0.56025
macabre:0.55225
life philosophy:0.54425
dialogue:0.542
mad scientist:0.536
death:0.5335
fast paced:0.52575
great ending:0.52275
scary:0.51075
fun movie:0.50775
action:0.505
claustrophobic:0.50225
suspense:0.50225
goofy:0.502
dark humor:0.4965
action packed:0.4845
stylized:0.4795
mutants:0.47825
demons:0.46925
good soundtrack:0.4645
chase:0.459
creativity:0.458
quotable:0.4565
bad acting:0.454
transformation:0.452
storytelling:0.449
surreal:0.44825
satire:0.44775
fun:0.4475
goretastic:0.43925
creepy:0.4365
torture:0.4315
catastrophe:0.42875
atmospheric:0.4265
brutal:0.41325
cool:0.41325
apocalypse:0.41275
good:0.4115
pornography:0.41125
stereotypes:0.40875
cult:0.40775
small town:0.40675
drinking:0.402
snakes:0.40175
intense:0.39975
absurd:0.39925
gunfight:0.39825
predictable:0.397
male nudity:0.39525
reality tv:0.39225
weapons:0.3915
mentor:0.391
clever:0.38225
beer:0.37925
stoner movie:0.37875
great movie:0.3765
cinematography:0.3765
campy:0.37425
great:0.37025
destiny:0.36375
insanity:0.361
twists & turns:0.358
vengeance:0.35075
adaptation:0.35075
humorous:0.34875
writers:0.347
story:0.34475
justice:0.3385
funny as hell:0.3385
entertaining:0.335
slasher:0.329
road movie:0.3265
pointless:0.324
imdb top 250:0.32175
runaway:0.321
unlikeable characters:0.321
sexualized violence:0.319
