parenthood:0.952
spelling bee:0.928
divorce:0.896
heartbreaking:0.88375
childhood:0.87625
adoption:0.84425
drama:0.82775
original:0.77375
relationships:0.76075
depression:0.74875
emotional:0.74825
cinematography:0.7415
runaway:0.7245
mentor:0.7205
complex:0.64725
touching:0.63775
child abuse:0.63225
oscar (best actress):0.631
great acting:0.62725
love:0.6265
depressing:0.61725
realistic:0.6125
intimate:0.566
melancholic:0.5585
story:0.553
culture clash:0.52725
honest:0.527
poignant:0.52125
good soundtrack:0.51425
vengeance:0.5075
sweet:0.506
doctors:0.5055
dramatic:0.50475
unlikely friendships:0.4995
oscar (best supporting actress):0.49875
adolescence:0.49575
good acting:0.48475
loneliness:0.48475
visually appealing:0.468
sad:0.46425
great ending:0.46025
betrayal:0.46
pornography:0.45475
life & death:0.4535
death:0.44675
good:0.4445
interesting:0.44275
criterion:0.44175
obsession:0.44125
manipulation:0.44025
adaptation:0.43875
race issues:0.43775
psychology:0.4375
happy ending:0.4355
talky:0.43525
adapted from:book:0.4335
very interesting:0.431
bittersweet:0.42875
secrets:0.42775
catastrophe:0.42425
coming of age:0.42275
tragedy:0.4225
breathtaking:0.421
intense:0.41525
beautiful scenery:0.4115
stunning:0.40925
suprisingly clever:0.4085
friendship:0.40425
storytelling:0.40325
redemption:0.40025
affectionate:0.3985
life:0.3965
disturbing:0.3915
beautiful:0.38575
pg-13:0.384
sexual abuse:0.38175
dialogue:0.3815
children:0.38125
corruption:0.37725
movielens top pick:0.3765
bleak:0.37575
social commentary:0.37025
coming-of-age:0.37025
visually stunning:0.36525
psychological:0.365
unusual plot structure:0.36325
golden palm:0.36325
crime gone awry:0.35975
transformation:0.3545
narrated:0.35325
classic car:0.3485
melancholy:0.346
bullying:0.34575
1970s:0.34125
bad ending:0.3365
oscar:0.33625
morality:0.334
underrated:0.3325
books:0.331
nudity (full frontal - brief):0.32475
