good action:0.9165
action:0.91125
comedy:0.8845
action packed:0.77375
original:0.75
bad plot:0.71975
fight scenes:0.68925
buddy movie:0.68325
predictable:0.68
storytelling:0.63425
chase:0.6225
entertaining:0.61775
goofy:0.60275
heist:0.5995
so bad it's funny:0.58
great ending:0.5665
nudity (topless - notable):0.55825
very funny:0.55575
dialogue:0.555
mentor:0.54625
funny:0.5315
surveillance:0.53125
silly fun:0.513
robert downey jr:0.486
stoner movie:0.48175
stereotypes:0.479
teen movie:0.47375
lone hero:0.4695
nudity (topless):0.4615
light:0.456
pg-13:0.45525
sexy:0.44575
humorous:0.43475
lame:0.43175
good:0.43125
shallow:0.4305
catastrophe:0.4195
notable nudity:0.4185
fun movie:0.418
redemption:0.4145
slapstick:0.412
adaptation:0.40675
story:0.4065
life philosophy:0.391
unfunny:0.38975
intense:0.38875
family:0.38675
first contact:0.38425
plot holes:0.38175
great:0.3815
torture:0.37925
pornography:0.378
corruption:0.37775
fun:0.377
transformation:0.37625
vengeance:0.37425
melancholic:0.37225
good soundtrack:0.3705
script:0.36525
silly:0.3635
finnish:0.363
stylized:0.3605
hilarious:0.3585
caper:0.358
fast paced:0.358
quirky:0.3555
family drama:0.35325
fantasy world:0.3495
violence:0.345
writers:0.33875
bad ending:0.3385
bad:0.33475
entirely dialogue:0.3345
destiny:0.3285
bad acting:0.3265
dumb but funny:0.324
comic:0.324
brutality:0.323
complex:0.32125
parody:0.3185
murder:0.31725
original plot:0.3155
not funny:0.31175
hitman:0.308
suspense:0.30725
classic car:0.306
gangsters:0.30325
car chase:0.30225
future:0.2985
twists & turns:0.2975
runaway:0.29725
private detective:0.29525
big budget:0.295
revenge:0.2945
mars:0.2935
violent:0.29325
cinematography:0.293
guns:0.292
culture clash:0.2915
male nudity:0.2905
