space:0.881
kids and family:0.8575
goofy:0.835
superhero:0.8235
sci fi:0.8
silly fun:0.787
predictable:0.7545
so bad it's funny:0.75375
scifi:0.742
fun movie:0.738
silly:0.719
original:0.71775
super-hero:0.69375
family:0.68725
comedy:0.68325
sci-fi:0.6735
superheroes:0.66775
cheesy:0.65275
super hero:0.6355
stupid:0.627
fun:0.6255
special effects:0.61275
weapons:0.5875
alien:0.5695
bad plot:0.558
adventure:0.551
natural disaster:0.54775
mentor:0.53525
fight scenes:0.53125
first contact:0.52325
great ending:0.51375
dialogue:0.51
corny:0.48425
action:0.47125
campy:0.4685
good action:0.4675
bad science:0.45875
good:0.44725
very funny:0.44725
disaster:0.42275
catastrophe:0.42025
franchise:0.417
overrated:0.4105
action packed:0.40925
brutality:0.4075
intense:0.4015
science fiction:0.40125
bad:0.39825
idiotic:0.3975
fantasy world:0.39225
kids:0.38825
funny:0.3765
humorous:0.37275
destiny:0.3615
redemption:0.35875
stupidity:0.35475
entertaining:0.35325
entirely dialogue:0.353
pulp:0.34425
lone hero:0.34375
unfunny:0.33875
memory:0.3385
adaptation:0.33725
nudity (full frontal - brief):0.337
stupid as hell:0.335
life philosophy:0.33475
lame:0.3265
cult film:0.323
nostalgic:0.32
adapted from:comic:0.31825
big budget:0.31675
childhood:0.31575
dinosaurs:0.31425
crude humor:0.312
sexy:0.30875
runaway:0.3085
slapstick:0.308
video game:0.30675
spying:0.305
aliens:0.3025
mad scientist:0.302
storytelling:0.30175
fantasy:0.30125
stranded:0.298
based on a video game:0.2965
ninja:0.2945
culture clash:0.29425
satirical:0.294
horrible:0.2925
spies:0.292
writers:0.29
dysfunctional family:0.289
80s:0.28675
not funny:0.286
crappy sequel:0.2825
camp:0.27675
alternate reality:0.27675
light:0.275
great:0.274
story:0.273
