comedy:0.98175
drugs:0.95025
funny:0.949
hilarious:0.9275
mindfuck:0.903
music business:0.84975
drinking:0.8295
humor:0.81975
quotable:0.81
very funny:0.8015
rock and roll:0.7475
weed:0.6995
original:0.6985
good soundtrack:0.69775
pornography:0.6905
funny as hell:0.6785
crude humor:0.6365
drug addiction:0.6105
absurd:0.609
pg-13:0.5905
humorous:0.55775
drug abuse:0.55525
los angeles:0.552
road trip:0.54925
foul language:0.54775
funniest movies:0.54625
silly:0.54475
dialogue:0.54125
great ending:0.53675
stereotypes:0.521
stoner movie:0.51375
las vegas:0.513
music:0.512
nudity (topless):0.50825
satire:0.494
unfunny:0.486
catastrophe:0.47475
predictable:0.47125
musicians:0.471
male nudity:0.465
buddy movie:0.46275
parody:0.4595
goofy:0.45575
strippers:0.44425
mentor:0.42925
addiction:0.42675
nerds:0.42375
marijuana:0.41875
plot:0.41825
london:0.4175
shallow:0.41175
weird:0.3815
better than expected:0.3815
story:0.3735
social commentary:0.36475
loneliness:0.35925
great:0.3585
brutality:0.356
chase:0.35575
pointless:0.354
vengeance:0.35375
crazy:0.35225
life philosophy:0.352
suprisingly clever:0.352
sarcasm:0.35075
cult film:0.35
redemption:0.34425
teen movie:0.343
clever:0.3415
great soundtrack:0.3405
teen:0.34
destiny:0.3385
stupidity:0.3325
harsh:0.32925
storytelling:0.32775
good:0.32775
geeks:0.32675
highly quotable:0.326
farce:0.322
culture clash:0.3215
overrated:0.31875
idiotic:0.31825
dumb:0.31675
stupid:0.31625
midlife crisis:0.3155
queer:0.31475
visually appealing:0.311
sex comedy:0.309
off-beat comedy:0.307
creativity:0.3065
comic:0.3035
watch the credits:0.30325
fun:0.30275
runaway:0.29875
hotel:0.29875
adaptation:0.29725
fun movie:0.29675
feel-good:0.2935
dumb but funny:0.29325
road movie:0.28975
