documentary:0.97225
very interesting:0.8725
internet:0.84775
intellectual:0.823
computers:0.7905
original:0.7725
pornography:0.76975
interesting:0.7255
business:0.72425
greed:0.70925
social commentary:0.6835
us history:0.66825
life philosophy:0.66275
revolution:0.61625
geeks:0.60825
obsession:0.59925
history:0.589
good:0.57925
philosophy:0.5565
creativity:0.54925
clever:0.5415
books:0.53625
corruption:0.5355
talky:0.53375
weird:0.53275
secrets:0.52625
mentor:0.5205
affectionate:0.483
good soundtrack:0.48
prejudice:0.47875
based on book:0.47775
nudity (full frontal - brief):0.47575
censorship:0.474
race issues:0.469
free to download:0.46625
amazing photography:0.46575
intimate:0.4575
distopia:0.4575
underrated:0.45675
catastrophe:0.45275
rebellion:0.43725
great ending:0.43275
suprisingly clever:0.429
cerebral:0.426
politics:0.4245
stereotypes:0.4205
technology:0.418
communism:0.4105
story:0.40775
corporate america:0.4045
fighting the system:0.39875
spelling bee:0.39775
runaway:0.3975
humor:0.397
identity:0.39475
male nudity:0.394
product placement:0.39075
betrayal:0.38825
justice:0.3865
culture clash:0.38575
complex:0.38225
dialogue:0.38075
intelligent:0.3775
based on a book:0.37275
narrated:0.372
visually appealing:0.36825
drama:0.368
quirky:0.36425
great:0.36125
honest:0.36125
storytelling:0.361
capitalism:0.3575
very good:0.355
historical:0.353
enigmatic:0.351
graphic design:0.349
not funny:0.345
oscar (best actress):0.34425
adaptation:0.3405
melancholic:0.33825
entertaining:0.3365
relationships:0.33425
factual:0.333
workplace:0.332
pg-13:0.32875
very funny:0.32775
gunfight:0.3275
crude humor:0.3275
movie business:0.32725
childhood:0.319
vengeance:0.3175
stylized:0.30975
california:0.306
artistic:0.30575
movielens top pick:0.30575
ethnic conflict:0.3045
interracial romance:0.30125
educational:0.29775
philosophical:0.295
surveillance:0.29475
