murder mystery:0.96925
thriller:0.941
serial killer:0.92775
murder:0.91125
mars:0.89
detective:0.88175
police investigation:0.82525
suspense:0.82425
stylish:0.822
suspenseful:0.8165
violence:0.79
tense:0.774
twist ending:0.771
fashion:0.7695
mystery:0.758
twists & turns:0.7305
great ending:0.72625
supernatural:0.7245
surprise ending:0.72025
original:0.68875
chase:0.66425
identity:0.65425
pornography:0.647
brutality:0.62475
investigation:0.6135
sexy:0.606
photographer:0.597
obsession:0.578
cinematography:0.57125
macabre:0.56875
corruption:0.56375
twist:0.54775
death:0.54725
very interesting:0.54525
conspiracy:0.54475
violent:0.5345
runaway:0.5325
clever:0.529
psychological:0.52325
predictable:0.52175
interesting:0.50175
not funny:0.48275
story:0.46225
dialogue:0.446
mentor:0.446
enigmatic:0.445
erotic:0.43875
crime:0.43675
disturbing:0.434
storytelling:0.4335
weird:0.427
plot twist:0.4175
catastrophe:0.41
nudity (topless - brief):0.4075
first contact:0.3975
paranoid:0.39225
gory:0.38925
secrets:0.3815
nudity (full frontal - brief):0.38
psychology:0.37925
new york city:0.374
fantasy world:0.37
good:0.3685
culture clash:0.362
adaptation:0.36
guilt:0.358
good soundtrack:0.35175
vengeance:0.3475
manipulation:0.34625
justice:0.34625
atmospheric:0.33825
great:0.33675
lawyer:0.33425
drama:0.3315
eerie:0.3245
ominous:0.32175
intense:0.3215
1970s:0.31925
weapons:0.3165
romance:0.31275
controversial:0.3125
bad ending:0.3125
greed:0.31125
scary:0.31025
women:0.30875
intimate:0.30875
art:0.3075
melancholic:0.306
anti-hero:0.2995
brutal:0.298
period piece:0.29725
blindness:0.29575
so bad it's funny:0.294
stylized:0.29375
police:0.2925
unfunny:0.28975
california:0.28875
sexualized violence:0.28875
photography:0.28575
transformation:0.28525
