action:0.971
violence:0.934
vengeance:0.909
stylish:0.86075
revenge:0.842
gangsters:0.8115
multiple storylines:0.80025
gunfight:0.798
fight scenes:0.7855
good soundtrack:0.78475
violent:0.775
fast paced:0.76975
mexico:0.769
cool:0.7625
gratuitous violence:0.76225
good action:0.7555
original:0.75375
entertaining:0.7375
weapons:0.72725
action packed:0.72425
bloody:0.71175
brutality:0.70875
stylized:0.68075
plot:0.67025
dialogue:0.66775
storytelling:0.64675
guns:0.6265
assassin:0.6025
complex:0.601
hitman:0.5925
betrayal:0.579
plot twist:0.576
great ending:0.574
realistic action:0.5705
twists & turns:0.568
blood:0.557
assassination:0.54225
pulp:0.54125
pointless:0.5375
chase:0.536
anti-hero:0.53575
fun movie:0.526
corruption:0.52575
story:0.51975
sexualized violence:0.51425
bad plot:0.50025
dark hero:0.49575
big budget:0.49525
complicated plot:0.4835
mentor:0.48075
trilogy:0.47825
absurd:0.467
confusing:0.4665
great:0.4605
entirely dialogue:0.45775
visually appealing:0.45775
gory:0.45625
torture:0.453
lone hero:0.44225
no plot:0.43725
visual:0.43675
cinematography:0.4255
good:0.42275
car chase:0.42225
life philosophy:0.41975
quirky:0.4185
catastrophe:0.418
sexy:0.41225
explosions:0.41
weird:0.3985
drama:0.3935
splatter:0.3905
hit men:0.3865
predictable:0.37975
assassins:0.372
silly:0.3715
redemption:0.37
clever:0.368
pg-13:0.365
mob:0.36125
visceral:0.36025
not funny:0.357
great movie:0.356
murder:0.355
brutal:0.35375
grindhouse:0.3535
fun:0.35275
cult classic:0.35225
cult film:0.3515
better than expected:0.35125
interesting:0.35025
harsh:0.34725
dark humor:0.3455
visually stunning:0.3415
bad acting:0.34
enigmatic:0.33775
runaway:0.33725
latin america:0.33525
nudity (full frontal - brief):0.33425
adaptation:0.3325
