good soundtrack:0.94825
mentor:0.87325
based on true story:0.825
california:0.81925
friendship:0.77075
teen movie:0.75725
great:0.7425
unlikely friendships:0.733
original:0.7255
adolescence:0.7105
true story:0.7085
surfing:0.68275
sports:0.681
documentary:0.67225
nostalgic:0.65975
los angeles:0.64475
drinking:0.618
teen:0.61675
coming of age:0.61475
pg-13:0.611
great soundtrack:0.6105
life philosophy:0.60425
great movie:0.59
cool:0.58275
childhood:0.57575
great acting:0.57375
good:0.57175
cult classic:0.543
great ending:0.5405
story:0.538
factual:0.5175
corruption:0.492
coming-of-age:0.49125
pornography:0.482
teenager:0.47775
fun movie:0.47475
teens:0.47425
interesting:0.47225
gangs:0.471
greed:0.471
awesome soundtrack:0.466
runaway:0.46375
sexualized violence:0.463
catastrophe:0.46225
honest:0.45975
biographical:0.45475
storytelling:0.4525
rebellion:0.45125
biopic:0.4365
creativity:0.43025
drama:0.41975
1970s:0.41775
very interesting:0.4115
dialogue:0.409
nudity (topless - notable):0.40375
rock and roll:0.39975
teenagers:0.398
competition:0.394
harsh:0.38975
oscar:0.389
drugs:0.38775
narrated:0.382
justice:0.37375
visually stunning:0.3715
intense:0.37125
male nudity:0.36975
not funny:0.36975
social commentary:0.36925
entertaining:0.36825
good acting:0.36825
good music:0.36775
cinematography:0.3675
period piece:0.3655
stoner movie:0.36525
oscar (best directing):0.364
stylized:0.359
new jersey:0.354
dramatic:0.34475
foul language:0.344
inspirational:0.34375
adaptation:0.338
historical:0.33425
feel-good:0.33125
brutality:0.3245
based on a true story:0.323
fun:0.32275
excellent:0.32225
shallow:0.31625
affectionate:0.31275
addiction:0.31275
hip hop:0.312
biography:0.3075
gangsters:0.3055
culture clash:0.3045
best of 2005:0.3025
feel good movie:0.301
weed:0.30075
twists & turns:0.30025
drug abuse:0.299
classic car:0.29475
