horror:0.998
splatter:0.97775
gory:0.8995
scary:0.8315
demons:0.795
original:0.76525
gruesome:0.7375
fun movie:0.71625
special effects:0.70325
slasher:0.679
bloody:0.67675
monster:0.639
supernatural:0.63625
franchise:0.615
mythology:0.58825
great:0.571
predictable:0.54475
homeless:0.54325
great ending:0.52
gore:0.4985
so bad it's funny:0.47075
death:0.4635
islam:0.45475
brutality:0.4455
creepy:0.43575
transformation:0.42875
cool:0.42625
campy:0.4255
monsters:0.4245
horrible:0.42425
cult classic:0.42225
goretastic:0.417
life philosophy:0.41675
mentor:0.406
devil:0.3985
violence:0.3945
cult film:0.39325
fun:0.392
zombie:0.39125
great movie:0.3855
dialogue:0.37975
catastrophe:0.3715
blood:0.3655
overrated:0.362
fantasy world:0.359
effects:0.35675
first contact:0.35625
creativity:0.351
cheesy:0.34625
good:0.3385
mad scientist:0.3325
suspense:0.3285
bad plot:0.328
cancer:0.32675
adaptation:0.3235
entertaining:0.32325
not funny:0.322
sexualized violence:0.3105
clever:0.30475
graphic novel:0.304
cult:0.30125
silly fun:0.2955
entirely dialogue:0.293
shallow:0.29025
halloween:0.28825
bad cgi:0.28425
storytelling:0.282
unusual plot structure:0.2805
destiny:0.2805
teens:0.27475
science fiction:0.2705
violent:0.26875
fight scenes:0.26075
fantasy:0.25875
story:0.2515
vengeance:0.251
writers:0.25025
disaster:0.248
very funny:0.2475
grindhouse:0.24525
stupid as hell:0.245
pulp:0.244
camp:0.242
culture clash:0.2415
pornography:0.24075
bad:0.24
big budget:0.23975
silly:0.2385
imdb top 250:0.23775
police investigation:0.23575
macabre:0.2355
melancholic:0.23475
good soundtrack:0.2315
time loop:0.23075
natural disaster:0.22825
multiple storylines:0.228
sequels:0.2275
family:0.226
based on a video game:0.225
life & death:0.22425
