fast paced:0.88325
violence:0.87775
assassin:0.84475
action:0.82625
action packed:0.82075
hit men:0.7985
spying:0.796
assassination:0.78925
good action:0.77625
absurd:0.775
gratuitous violence:0.75675
chase:0.7465
violent:0.739
brutality:0.7285
spy:0.72025
original:0.71175
assassins:0.689
bloody:0.6855
hitman:0.6715
cia:0.65825
stoner movie:0.656
entertaining:0.65475
marijuana:0.64925
weed:0.6405
brutal:0.618
fight scenes:0.60125
weapons:0.59375
based on a comic:0.59025
dialogue:0.5645
fun movie:0.559
spies:0.55875
vengeance:0.5395
cool:0.5245
catastrophe:0.514
comedy:0.512
goofy:0.5095
quirky:0.5055
gunfight:0.49925
weird:0.49675
dark comedy:0.47225
brainwashing:0.467
amazing cinematography:0.465
grindhouse:0.4625
mentor:0.457
romance:0.4555
good soundtrack:0.4525
small town:0.448
stylish:0.446
predictable:0.4365
car chase:0.433
crazy:0.4195
life philosophy:0.414
death:0.4105
secrets:0.40475
pg-13:0.401
great ending:0.39425
stylized:0.39275
drugs:0.38975
destiny:0.38625
silly:0.386
silly fun:0.385
black comedy:0.3825
explosions:0.37975
superheroes:0.37675
bad plot:0.3745
runaway:0.37075
super hero:0.36525
sexualized violence:0.36125
nudity (full frontal - brief):0.3585
entirely dialogue:0.35475
unlikeable characters:0.354
fun:0.3525
anti-hero:0.3505
storytelling:0.3475
suprisingly clever:0.34375
espionage:0.34025
scenic:0.33875
happy ending:0.334
creativity:0.33325
pornography:0.32425
superhero:0.31975
classic car:0.31375
guns:0.3125
conspiracy:0.312
unusual plot structure:0.31
visually appealing:0.30375
cult classic:0.30225
satirical:0.3005
story:0.29975
insanity:0.2985
stereotypes:0.2975
fantasy world:0.29525
pulp:0.295
dark humor:0.29325
suspense:0.29125
love story:0.2905
slapstick:0.29
revenge:0.2895
twists & turns:0.2885
buddy movie:0.288
