hitchcock:0.998
mother-son relationship:0.982
birds:0.96975
suspense:0.96075
suspenseful:0.944
obsession:0.87725
enigmatic:0.864
tense:0.8635
story:0.82975
frightening:0.82875
ominous:0.82275
horror:0.82025
great ending:0.81125
visually appealing:0.8105
dialogue:0.80775
san francisco:0.807
macabre:0.79575
classic:0.787
eerie:0.7865
original:0.78525
psychological:0.7805
allegory:0.7795
creepy:0.779
masterpiece:0.7765
weird:0.76275
amazing photography:0.752
thriller:0.741
scary:0.736
imdb top 250:0.73
visceral:0.729
cinematography:0.7265
talky:0.69175
psychology:0.6775
interesting:0.67475
cerebral:0.674
paranoid:0.65075
clever:0.64425
intense:0.64025
noir thriller:0.6385
criterion:0.6325
atmospheric:0.6325
visual:0.631
police investigation:0.62675
claustrophobic:0.6215
complicated:0.62075
spiders:0.617
runaway:0.60725
mystery:0.60625
secrets:0.60225
effects:0.59925
powerful ending:0.5935
complex:0.58825
chase:0.58425
disturbing:0.58025
strange:0.58025
violent:0.57975
twists & turns:0.5735
pornography:0.56675
oscar (best actress):0.5565
breathtaking:0.55325
dark:0.55175
animals:0.54925
unusual plot structure:0.545
investigation:0.5415
serial killer:0.534
scenic:0.53375
murder:0.53325
twist:0.52925
storytelling:0.52725
cult film:0.51375
sexualized violence:0.51325
good acting:0.51275
murder mystery:0.5125
great acting:0.51125
surreal:0.505
affectionate:0.49975
california:0.49175
colourful:0.49175
lawyer:0.4905
vengeance:0.488
script:0.4875
catastrophe:0.47775
special effects:0.4765
downbeat:0.474
guilt:0.46725
very interesting:0.46
absurd:0.4585
manipulation:0.45825
twist ending:0.456
adultery:0.45325
imagination:0.45225
greed:0.452
paranoia:0.4505
social commentary:0.44975
violence:0.447
stylish:0.44625
brutality:0.44125
insanity:0.4395
oscar (best directing):0.436
nocturnal:0.43325
