sexy:0.85175
original:0.84375
comedy:0.83225
silly fun:0.7975
black comedy:0.70525
death:0.69075
farce:0.668
fun movie:0.64725
absurd:0.63175
mystery:0.6305
great:0.62125
macabre:0.62
dialogue:0.609
dark comedy:0.596
great movie:0.591
murder:0.58225
plot twist:0.566
paranoia:0.551
runaway:0.525
story:0.524
nudity (topless - notable):0.50625
light:0.5025
very funny:0.49625
complex:0.49525
great ending:0.495
island:0.48925
funny:0.451
clever:0.451
mentor:0.447
so bad it's funny:0.44625
destiny:0.4385
catastrophe:0.438
plot:0.426
suspenseful:0.4205
predictable:0.416
fun:0.413
bad ending:0.408
family:0.40425
weird:0.4035
pornography:0.40275
humorous:0.402
violence:0.40175
secrets:0.401
storytelling:0.395
slapstick:0.39075
first contact:0.38425
adaptation:0.379
twist:0.3785
nudity (rear):0.378
entertaining:0.374
culture clash:0.3715
bad plot:0.36875
good soundtrack:0.36675
unusual plot structure:0.3665
dynamic cgi action:0.3635
visual:0.362
sexualized violence:0.3595
good:0.35775
pg-13:0.3575
talky:0.356
life & death:0.34925
nudity (topless):0.34375
screwball:0.3435
visually appealing:0.34225
weapons:0.34025
original plot:0.33975
twists & turns:0.339
no plot:0.33875
doctors:0.33825
entirely dialogue:0.3375
sci fi:0.33525
suspense:0.33325
transformation:0.32425
quirky:0.3195
brutality:0.31525
disaster:0.315
fight scenes:0.3135
unfunny:0.31325
existentialism:0.313
crime gone awry:0.31075
life philosophy:0.30975
remake:0.306
stunning:0.30525
cult film:0.30425
suprisingly clever:0.304
very interesting:0.304
crude humor:0.30325
time:0.298
redemption:0.298
silly:0.2975
complicated:0.2975
fantasy world:0.29725
narrated:0.29725
visually stunning:0.29575
chase:0.29525
love triangles:0.2945
greed:0.29375
gangsters:0.29175
workplace:0.287
beautiful scenery:0.285
