mummy:0.999
egypt:0.9985
horror:0.91175
classic:0.90025
archaeology:0.88875
love story:0.84125
special effects:0.7805
original:0.7795
1930s:0.76725
monster:0.75475
life & death:0.7325
creepy:0.73225
mythology:0.726
atmospheric:0.69775
supernatural:0.69325
immortality:0.667
sacrifice:0.65675
visually appealing:0.61775
mentor:0.59875
great:0.5945
eerie:0.593
story:0.57425
cult classic:0.567
macabre:0.54925
effects:0.54725
transformation:0.54225
scary:0.53
suspense:0.526
destiny:0.5005
death:0.494
monsters:0.4845
romantic:0.4705
frightening:0.4675
catastrophe:0.46575
not funny:0.46475
dialogue:0.46225
nocturnal:0.448
great ending:0.443
storytelling:0.44125
visceral:0.43875
great movie:0.436
oscar (best effects - visual effects):0.428
cult film:0.4225
cult:0.42025
dreamlike:0.416
fun movie:0.4115
original plot:0.41
alter ego:0.4085
light:0.40825
loneliness:0.4075
talky:0.4
runaway:0.39125
adaptation:0.38175
overrated:0.37775
british:0.36375
good:0.361
science fiction:0.35875
fun:0.35725
gothic:0.35575
1920s:0.35125
culture clash:0.351
action packed:0.35025
big budget:0.34875
action:0.34575
obsession:0.343
grindhouse:0.33675
sci fi:0.33475
dark hero:0.33375
doctors:0.33125
vengeance:0.33025
afi 100 (movie quotes):0.32925
moody:0.324
gory:0.3235
melancholic:0.323
island:0.32125
first contact:0.319
criterion:0.3185
violence:0.316
afterlife:0.316
adventure:0.31475
oscar (best supporting actress):0.3145
passionate:0.31275
suspenseful:0.30875
romance:0.30875
chase:0.307
quotable:0.3065
happy ending:0.30425
good action:0.30125
good soundtrack:0.30075
predictable:0.30025
mad scientist:0.29925
cinematography:0.29875
zombie:0.29875
honest:0.2965
lone hero:0.29325
scifi:0.292
cool:0.2915
love:0.29125
touching:0.2895
campy:0.285
