franchise:0.8875
gangsters:0.88675
hip hop:0.844
fun movie:0.82525
teen movie:0.7895
original:0.788
cross dressing:0.77725
silly fun:0.77525
so bad it's funny:0.762
horrible:0.756
idiotic:0.74575
las vegas:0.741
irish accent:0.73225
pointless:0.72675
campy:0.69625
bad acting:0.692
parody:0.68775
predictable:0.68125
humorous:0.6635
goofy:0.6605
family:0.65025
magic:0.63825
off-beat comedy:0.63775
camp:0.63475
brutality:0.62675
silly:0.61325
bad plot:0.61025
horror:0.599
good soundtrack:0.59825
space:0.59125
death:0.59075
fun:0.56325
stupid:0.54675
cult classic:0.546
series:0.54575
cult film:0.53925
great ending:0.5205
first contact:0.51475
stupid as hell:0.51325
zombie:0.51125
violence:0.511
lame:0.50875
pornography:0.48325
teens:0.48225
greed:0.48175
entertaining:0.48125
bad:0.4805
80s:0.47675
mentor:0.47125
quirky:0.46975
stereotypes:0.46875
dialogue:0.46625
comedy:0.45625
melancholic:0.4445
special effects:0.44425
fantasy world:0.44025
demons:0.4315
bloody:0.43075
chase:0.41975
redemption:0.4175
unlikely friendships:0.416
overrated:0.4115
fight scenes:0.411
light:0.40075
gangster:0.3995
unlikeable characters:0.399
runaway:0.39725
suspense:0.391
action:0.38725
entirely dialogue:0.38625
weed:0.386
supernatural:0.3825
awful:0.382
very funny:0.38025
monster:0.37825
splatter:0.377
road movie:0.37675
catastrophe:0.37575
weapons:0.3745
life & death:0.37275
storytelling:0.363
scary:0.36125
revenge:0.36125
story:0.3595
clever:0.3585
justice:0.35675
unfunny:0.35275
high school:0.34925
not funny:0.344
homeless:0.3435
adaptation:0.343
existentialism:0.34175
boring:0.34025
nudity (topless - notable):0.3355
cheesy:0.33475
lone hero:0.33025
good action:0.3295
intense:0.3275
destiny:0.324
crime:0.32125
