male nudity:0.765
complex:0.701
talky:0.6895
loneliness:0.68875
original:0.66025
wine:0.62525
cerebral:0.597
dialogue:0.58325
greed:0.5775
intimate:0.57075
obsession:0.55725
weird:0.54725
entirely dialogue:0.53975
screwball:0.52
pornography:0.51625
underrated:0.49525
independent film:0.48475
great ending:0.4615
criterion:0.444
nocturnal:0.4375
vengeance:0.4335
brutality:0.423
bollywood:0.4205
allegory:0.40825
writers:0.40275
mentor:0.40025
catastrophe:0.39825
storytelling:0.3925
complicated:0.366
distopia:0.366
queer:0.3505
predictable:0.35025
not funny:0.34775
corruption:0.34575
dysfunctional family:0.3455
unlikeable characters:0.3435
crime gone awry:0.34125
drinking:0.33875
justice:0.33625
gay:0.33075
enigmatic:0.32275
sexual:0.3175
cheating:0.31525
ethnic conflict:0.3085
art house:0.30825
betrayal:0.30575
grim:0.30125
multiple storylines:0.291
hospital:0.2895
reflective:0.28675
race issues:0.2845
visual:0.28225
heist:0.278
suprisingly clever:0.278
existentialism:0.278
life & death:0.27625
melancholic:0.27625
divorce:0.27575
gangsters:0.2755
complicated plot:0.275
movielens top pick:0.27125
good soundtrack:0.27025
golden palm:0.269
interracial romance:0.26825
runaway:0.2675
adaptation:0.265
twists & turns:0.2645
imdb top 250:0.262
pointless:0.26175
wilderness:0.26
good:0.2585
overrated:0.25675
nudity (full frontal - brief):0.25625
redemption:0.25175
harsh:0.24975
fight scenes:0.2485
women:0.245
first contact:0.24325
california:0.24275
clever:0.242
culture clash:0.23925
fantasy world:0.239
hong kong:0.23725
very good:0.23725
quirky:0.23675
lone hero:0.234
parallel universe:0.232
hotel:0.23075
grindhouse:0.22875
spanish:0.2285
guilt:0.2245
great:0.223
gay character:0.22125
splatter:0.219
unfunny:0.218
indie:0.217
satirical:0.21675
mafia:0.21675
visually appealing:0.21675
nudity (topless):0.216
