tense:0.92075
small town:0.894
assassination:0.88525
secret service:0.88425
president:0.8815
hit men:0.8665
assassin:0.83825
gunfight:0.8375
assassins:0.77225
gangsters:0.764
talky:0.7345
drama:0.73025
corruption:0.7245
mentor:0.70425
runaway:0.69225
guns:0.68725
original:0.68075
thriller:0.6545
violence:0.64725
greed:0.6405
suspense:0.62225
dramatic:0.6195
gangster:0.61675
interesting:0.60275
culture clash:0.5965
criterion:0.5755
suspenseful:0.56775
world politics:0.56475
politics:0.55825
conspiracy:0.54025
murder:0.53825
film noir:0.53525
new jersey:0.5345
crime gone awry:0.5335
unusual plot structure:0.5215
death:0.5185
women:0.507
1950s:0.48525
great movie:0.476
oscar (best supporting actress):0.47225
intimate:0.47225
very interesting:0.46925
period piece:0.46325
excellent:0.46225
mob:0.45925
crime:0.459
childhood:0.454
weapons:0.4535
good:0.45325
hostage:0.452
enigmatic:0.4485
good acting:0.44325
cinematography:0.4295
intense:0.4285
obsession:0.428
moral ambiguity:0.42625
catastrophe:0.41975
paranoia:0.415
great ending:0.413
morality:0.41225
wartime:0.41175
family:0.4115
classic car:0.39075
political:0.3895
social commentary:0.38875
oscar winner:0.38825
oscar (best supporting actor):0.38775
witty:0.387
oscar (best actress):0.38675
depression:0.38575
storytelling:0.384
violent:0.3835
race issues:0.38325
oscar (best directing):0.38225
dialogue:0.38225
secrets:0.38175
ominous:0.38
good soundtrack:0.377
life & death:0.37425
lone hero:0.37175
stylized:0.36425
forceful:0.3635
not funny:0.3615
oscar (best cinematography):0.35925
absurd:0.3585
great acting:0.35725
grindhouse:0.35675
life philosophy:0.3565
beautiful scenery:0.35625
great:0.35425
brutality:0.351
movielens top pick:0.3505
adapted from:book:0.35
melancholic:0.34925
exceptional acting:0.34625
noir:0.344
cold war:0.34175
irish accent:0.341
train:0.338
entirely dialogue:0.3375
