ninja:0.996
action:0.95325
lone hero:0.931
stylized:0.92875
fight scenes:0.916
assassin:0.87875
stylish:0.83975
vengeance:0.8365
good action:0.8365
sword fight:0.8345
sword fighting:0.77575
martial arts:0.764
assassination:0.747
visually stunning:0.7395
kung fu:0.7385
cinematography:0.6755
original:0.675
bloody:0.65575
culture clash:0.64575
western:0.64025
silly fun:0.63725
assassins:0.632
bad acting:0.612
grindhouse:0.5875
dialogue:0.58175
cool:0.56675
bad cgi:0.5645
brutality:0.5575
story:0.54075
bittersweet:0.52975
weapons:0.5275
video game:0.525
adapted from:comic:0.52125
pulp:0.506
redemption:0.5
revenge:0.4935
storytelling:0.4875
violence:0.4875
good soundtrack:0.48525
pornography:0.47975
splatter:0.47925
mentor:0.47775
over the top:0.454
fantasy:0.44325
predictable:0.43925
great ending:0.4325
catastrophe:0.42025
runaway:0.4185
fast paced:0.4095
violent:0.40025
great:0.39725
visual:0.39725
visually appealing:0.39475
spaghetti western:0.39325
gunfight:0.3925
loneliness:0.3905
action packed:0.38425
so bad it's funny:0.381
not funny:0.37825
fun movie:0.37725
transformation:0.37275
adaptation:0.3725
absurd:0.3675
blood:0.367
melancholic:0.352
goofy:0.3485
life philosophy:0.3455
samurai:0.34325
good:0.34125
betrayal:0.33975
plot:0.3395
small town:0.33075
fantasy world:0.3305
destiny:0.33
weird:0.326
cgi:0.32275
overrated:0.322
entirely dialogue:0.3195
light:0.317
allegory:0.31525
classic car:0.315
silly:0.31325
better than expected:0.31275
awesome soundtrack:0.31175
murder:0.307
solitude:0.3035
comic book:0.30325
bad plot:0.30025
pg-13:0.3
great cinematography:0.29975
gratuitous violence:0.29925
dreamlike:0.297
fighting:0.29675
car chase:0.2965
post apocalyptic:0.296
emotional:0.29525
death:0.29475
quirky:0.2935
visuals:0.2935
fashion:0.29275
