japan:0.99775
bombs:0.9365
kurosawa:0.92725
criterion:0.92525
tokyo:0.915
samurai:0.90325
wartime:0.843
japanese:0.79075
reflective:0.78525
cinematography:0.70175
lyrical:0.667
oscar (best foreign language film):0.64775
guilt:0.62425
culture clash:0.62025
memory:0.60375
childhood:0.59875
golden palm:0.586
stunning:0.58075
fascism:0.579
beautifully filmed:0.57575
poignant:0.57425
breathtaking:0.56675
original:0.56375
talky:0.556
brutality:0.55525
civil war:0.548
bleak:0.5355
anti-war:0.53375
grim:0.53325
beautiful scenery:0.53125
intimate:0.52475
brothers:0.5235
courage:0.52075
foreign:0.51025
visual:0.5095
sword fighting:0.4905
masterpiece:0.489
visceral:0.4705
death:0.46775
jews:0.4655
weapons:0.46025
wwii:0.44475
melancholic:0.43525
aging:0.433
imdb top 250:0.43225
powerful ending:0.43025
suprisingly clever:0.423
mentor:0.4205
melancholy:0.418
humanity:0.415
harsh:0.414
good soundtrack:0.41275
forceful:0.41075
torture:0.40875
tragedy:0.4085
pornography:0.4015
storytelling:0.399
enigmatic:0.3965
catastrophe:0.39525
children:0.39175
depression:0.39125
dialogue:0.39
stylized:0.3895
nudity (full frontal - notable):0.389
hawaii:0.3845
unusual plot structure:0.38125
vengeance:0.381
police investigation:0.37825
greed:0.37525
family drama:0.3725
social commentary:0.36825
betrayal:0.36775
great cinematography:0.36725
loneliness:0.36225
visually stunning:0.35925
allegory:0.35875
oscar (best actress):0.354
runaway:0.35325
downbeat:0.35275
nocturnal:0.3525
great ending:0.34075
war:0.34075
finnish:0.3405
war movie:0.338
art:0.33725
dramatic:0.33575
politics:0.3335
islam:0.32425
entirely dialogue:0.322
bittersweet:0.32025
adapted from:book:0.3185
visually appealing:0.318
emotional:0.31575
weird:0.315
dreams:0.3105
compassionate:0.3055
not funny:0.30325
exceptional acting:0.29675
russian:0.2965
life philosophy:0.29575
