christian:0.9985
god:0.998
jesus:0.997
based on a book:0.99375
biblical:0.99325
christianity:0.99225
religion:0.9725
apocalypse:0.9555
propaganda:0.93175
big budget:0.90875
books:0.9045
script:0.86925
story:0.8435
predictable:0.83125
franchise:0.8275
vampire human love:0.74475
original:0.7385
dialogue:0.7195
book was better:0.70375
islam:0.676
jews:0.65075
catastrophe:0.645
natural disaster:0.64125
family:0.63125
so bad it's funny:0.6185
love story:0.5825
based on book:0.57975
book:0.571
action:0.56825
united nations:0.5585
pulp:0.553
sci fi:0.54675
mentor:0.5405
bad plot:0.5365
special effects:0.536
girlie movie:0.5245
adapted from:book:0.5035
series:0.49875
destiny:0.4845
israel:0.4755
unintentionally funny:0.47475
end of the world:0.4685
great ending:0.45075
horrible:0.448
sci-fi:0.445
good:0.43825
bad acting:0.4355
adaptation:0.41375
betrayal:0.40325
intense:0.3945
shallow:0.3915
bad cgi:0.38775
storytelling:0.387
fun movie:0.38275
pg-13:0.38225
science fiction:0.38125
fantasy world:0.3765
post apocalyptic:0.37625
romantic comedy:0.365
crappy sequel:0.3645
bad:0.36175
great:0.36025
sequel:0.359
adventure:0.3575
brutality:0.34975
disaster:0.3455
lone hero:0.345
good sequel:0.34425
culture clash:0.3395
overrated:0.33425
first contact:0.33025
boring:0.32325
not funny:0.314
literature:0.313
entertaining:0.313
campy:0.309
redemption:0.3045
fast paced:0.30225
scifi:0.30075
writers:0.295
action packed:0.294
chase:0.292
cheesy:0.29
silly:0.28775
alone in the world:0.2845
good action:0.28175
science:0.281
passionate:0.28075
pointless:0.27975
entirely dialogue:0.273
happy ending:0.271
fight scenes:0.271
violence:0.27025
tom clancy:0.26975
unfunny:0.265
jewish:0.26275
silly fun:0.262
bullshit history:0.2615
camp:0.26075
slapstick:0.26
