espionage:0.983
surprise ending:0.967
suspense:0.96025
tom clancy:0.96
tense:0.957
secrets:0.957
oscar (best supporting actor):0.9565
conspiracy:0.95475
twist ending:0.95325
suspenseful:0.9445
chase:0.9405
thriller:0.94
spying:0.93725
cold war:0.93325
plot twist:0.9305
murder:0.92575
spy:0.90825
corruption:0.8995
twists & turns:0.89625
investigation:0.88675
great ending:0.866
intense:0.8435
moral ambiguity:0.7975
twist:0.789
spies:0.787
paranoia:0.78675
good acting:0.78625
great acting:0.77025
fast paced:0.77025
police investigation:0.76575
mentor:0.76375
clever:0.76175
good:0.755
complicated:0.74475
plot:0.7375
assassination:0.73275
interesting:0.72025
runaway:0.70925
original:0.7025
storytelling:0.699
hit men:0.69175
military:0.689
1980s:0.68825
identity:0.68775
sexy:0.68375
murder mystery:0.672
excellent:0.6715
excellent script:0.66775
complex:0.66625
mystery:0.665
greed:0.66125
story:0.65825
psychological:0.652
claustrophobic:0.62975
bad ending:0.62425
surveillance:0.61625
suprisingly clever:0.602
great:0.602
great movie:0.59325
assassins:0.58775
exciting:0.5875
death:0.587
manipulation:0.58625
guilt:0.58425
ominous:0.582
unusual plot structure:0.578
assassin:0.5755
complicated plot:0.5755
crime:0.56925
dramatic:0.56225
betrayal:0.559
80s:0.55825
obsession:0.5575
political:0.55575
intelligent:0.5555
girlie movie:0.55375
political corruption:0.551
catastrophe:0.549
underrated:0.549
pg-13:0.54775
oscar winner:0.547
drama:0.545
oscar (best actress):0.54475
plot holes:0.54175
idealism:0.531
lawyer:0.5275
pornography:0.5185
cia:0.513
first contact:0.512
romance:0.5115
politics:0.51075
culture clash:0.51
action:0.48325
tricky:0.48175
enigmatic:0.47825
beautifully filmed:0.478
light:0.473
oscar (best directing):0.47025
revenge:0.467
psychology:0.46675
