saturday night live:0.75075
original:0.7195
hip hop:0.719
funny:0.66775
funny as hell:0.6405
comedy:0.6385
parody:0.638
cult film:0.5895
satire:0.54125
absurd:0.53475
so bad it's funny:0.5265
corporate america:0.52575
spoof:0.5245
hilarious:0.5195
superhero:0.50875
stupidity:0.508
cult classic:0.4985
very funny:0.4965
stupid:0.45975
sarcasm:0.457
humorous:0.42
fight scenes:0.41375
mentor:0.40975
stand-up comedy:0.40175
great ending:0.3965
satirical:0.39325
weird:0.39125
pointless:0.39075
allegory:0.38725
predictable:0.38025
dialogue:0.3785
super hero:0.3755
catastrophe:0.362
unfunny:0.3615
overrated:0.3605
pg-13:0.35825
brutality:0.3555
super-hero:0.334
superheroes:0.3325
storytelling:0.322
blaxploitation:0.30975
off-beat comedy:0.3085
runaway:0.30825
adaptation:0.30725
silly:0.30625
idiotic:0.2955
entirely dialogue:0.29
bad plot:0.289
dumb but funny:0.2885
solitude:0.28775
first contact:0.285
goofy:0.28425
cerebral:0.283
quirky:0.2825
good soundtrack:0.281
fantasy world:0.27825
writers:0.2745
alternate universe:0.271
lone hero:0.2705
great:0.26925
funniest movies:0.268
weapons:0.26725
not funny:0.26125
imdb top 250:0.2535
melancholic:0.251
creativity:0.2485
surreal:0.244
grindhouse:0.24275
crude humor:0.24275
clever:0.238
criterion:0.23225
gangsters:0.2305
black comedy:0.23025
culture clash:0.22975
horrible:0.229
sci fi:0.22575
life philosophy:0.224
destiny:0.22
slapstick:0.2175
bizarre:0.217
complex:0.215
redemption:0.215
dreamlike:0.21475
vengeance:0.214
stereotypes:0.2085
crazy:0.208
pulp:0.20775
justice:0.207
special effects:0.20675
harsh:0.20575
enigmatic:0.20525
multiple storylines:0.205
surrealism:0.20275
unusual plot structure:0.20275
visually appealing:0.20275
greed:0.202
adapted from:book:0.2005
stylized:0.19925
good music:0.19825
stupid as hell:0.198
