action:0.92225
good action:0.9035
comedy:0.79625
fight scenes:0.777
action packed:0.73475
original:0.70225
stereotypes:0.65825
sexy:0.6135
predictable:0.58925
blaxploitation:0.584
lone hero:0.52375
violence:0.48825
very funny:0.47975
funny:0.4665
weapons:0.4625
funny as hell:0.44575
so bad it's funny:0.4455
mentor:0.44525
gangsters:0.4355
catastrophe:0.43
nudity (full frontal - brief):0.4225
great ending:0.4195
chase:0.418
destiny:0.41725
brutality:0.4125
fun movie:0.40225
story:0.3955
unfunny:0.3935
entertaining:0.38675
dialogue:0.371
adaptation:0.3665
humorous:0.36475
justice:0.36425
overrated:0.3625
life philosophy:0.3615
arms dealer:0.346
good soundtrack:0.33125
spoof:0.33125
bad plot:0.3305
romantic:0.32725
runaway:0.32225
culture clash:0.32125
explosions:0.3205
absurd:0.316
realistic action:0.316
vengeance:0.313
first contact:0.31125
lame:0.31
good:0.30675
storytelling:0.3065
visually appealing:0.30425
nudity (topless):0.3015
brothers:0.29175
car chase:0.29125
stupid as hell:0.29075
corruption:0.2905
fun:0.28875
silly:0.28775
egypt:0.2775
fantasy world:0.2765
pornography:0.275
pg-13:0.274
redemption:0.27225
shallow:0.27125
big budget:0.2705
not funny:0.27
revenge:0.267
fighting:0.26625
affectionate:0.261
family:0.26025
light:0.2595
melancholic:0.25825
nudity (topless - notable):0.255
entirely dialogue:0.254
police investigation:0.25275
natural disaster:0.248
guilty pleasure:0.24625
goofy:0.24475
adapted from:book:0.24175
dramatic:0.23975
comic:0.239
women:0.23625
crude humor:0.235
silly fun:0.2345
detective:0.23375
hong kong:0.23375
identity:0.2335
criterion:0.23325
gay:0.233
happy ending:0.2325
violent:0.23225
talky:0.23175
cult film:0.231
sci fi:0.2305
hilarious:0.23025
fast paced:0.23025
imdb top 250:0.23
books:0.23
gunfight:0.2285
suspense:0.2265
