cross dressing:0.96175
teen movie:0.918
stupidity:0.91125
stupid:0.911
funny as hell:0.9095
comedy:0.893
stereotypes:0.88275
teen:0.82825
silly fun:0.816
women:0.779
idiotic:0.767
goofy:0.74075
teens:0.7265
pornography:0.725
lame:0.72225
predictable:0.7205
dumb but funny:0.719
hilarious:0.7155
college:0.69575
stupid as hell:0.6905
silly:0.69
dumb:0.67975
shallow:0.67875
original:0.6785
road trip:0.65475
sexy:0.64
so bad it's funny:0.63525
geeks:0.62925
fun movie:0.613
crude humor:0.58275
funny:0.5805
humorous:0.578
girlie movie:0.57225
sex comedy:0.5705
amy smart:0.55125
pg-13:0.52825
gross-out:0.5185
great ending:0.4895
nudity (full frontal - brief):0.485
virginity:0.4765
humor:0.4715
very funny:0.467
slapstick:0.4625
fantasy world:0.46225
high school:0.454
chase:0.43975
catastrophe:0.428
male nudity:0.42575
mentor:0.41475
bad plot:0.40975
vengeance:0.4085
beer:0.40525
good:0.403
parody:0.39975
overrated:0.39275
twists & turns:0.389
horrible:0.388
fight scenes:0.38525
nudity:0.3835
internet:0.3815
bad:0.37975
surveillance:0.378
dialogue:0.37325
fun:0.37075
storytelling:0.367
farce:0.367
pointless:0.352
ridiculous:0.34925
lone hero:0.34925
cheerleading:0.34825
nudity (topless):0.347
first contact:0.34175
criterion:0.3405
police investigation:0.33575
absurd:0.32375
multiple storylines:0.323
runaway:0.32175
notable nudity:0.321
revenge:0.3205
brutality:0.319
sci fi:0.313
sexual:0.31225
sex:0.3105
good soundtrack:0.309
sexualized violence:0.30725
foul language:0.30625
satirical:0.30575
suprisingly clever:0.3025
shopping:0.3005
writers:0.299
adolescence:0.298
buddy movie:0.29775
family:0.28975
saturday night live:0.28325
natural disaster:0.283
great acting:0.28025
drinking:0.2795
redemption:0.278
sarcasm:0.2775
destiny:0.2765
