melancholic:0.96025
animation:0.9525
anime:0.9445
japan:0.9275
friendship:0.90425
unlikely friendships:0.84775
fantasy world:0.847
loneliness:0.84175
relationships:0.8285
studio ghibli:0.8175
coming of age:0.81175
story:0.80175
visually stunning:0.79925
original:0.796
beautiful:0.788
secrets:0.78125
beautifully filmed:0.76225
complex:0.76025
love story:0.7405
nostalgic:0.72625
childhood:0.72525
coming-of-age:0.7205
imagination:0.69925
storytelling:0.6835
intimate:0.66325
bittersweet:0.65625
heartbreaking:0.64725
scenic:0.64375
adolescence:0.641
runaway:0.63975
enigmatic:0.638
weird:0.634
animated:0.63125
chase:0.61875
visual:0.608
beautiful scenery:0.59475
japanese:0.59275
tokyo:0.59275
suprisingly clever:0.58275
self discovery:0.57225
sweet:0.56075
fight scenes:0.54825
vengeance:0.5445
visually appealing:0.54325
light:0.541
miyazaki:0.5395
golden palm:0.53925
dreamlike:0.53875
transformation:0.53375
good soundtrack:0.53275
colourful:0.522
emotional:0.51575
movielens top pick:0.515
breathtaking:0.50975
imdb top 250:0.50625
art:0.506
magic realism:0.50175
great:0.50075
creativity:0.48825
poignant:0.488
police investigation:0.48275
mentor:0.477
tragedy:0.477
obsession:0.474
dialogue:0.47075
idealism:0.46525
very interesting:0.45875
mystery:0.45675
atmospheric:0.4505
stunning:0.444
prejudice:0.4435
unusual plot structure:0.439
artistic:0.43525
england:0.43175
firefly:0.43175
oscar (best actress):0.43125
touching:0.4295
catastrophe:0.4285
sentimental:0.4265
awesome soundtrack:0.4265
melancholy:0.4235
stoner movie:0.41775
supernatural:0.41575
surreal:0.41025
twists & turns:0.40975
distopia:0.40625
alter ego:0.40475
based on a book:0.40375
masterpiece:0.39775
pornography:0.3955
great ending:0.39475
drama:0.39425
clever:0.39225
dramatic:0.38775
sexualized violence:0.38475
british:0.37875
complex characters:0.377
downbeat:0.374
imaginary friend:0.3735
dreams:0.37175
