dog:0.9845
disturbing:0.96825
dogs:0.86025
tense:0.85525
macabre:0.82075
original:0.76975
narrated:0.72675
criterion:0.7185
cinematography:0.71575
harsh:0.69625
bleak:0.6895
obsession:0.689
dark:0.659
existentialism:0.65275
runaway:0.63725
nudity (full frontal - notable):0.6325
french:0.6275
atmospheric:0.605
eerie:0.60175
pornography:0.59075
grim:0.59075
psychology:0.587
black comedy:0.58575
social commentary:0.54175
violence:0.53275
brutality:0.527
enigmatic:0.52475
weird:0.51975
creepy:0.5055
cynical:0.50425
amazing photography:0.502
sexualized violence:0.4965
blindness:0.48575
mentor:0.485
downbeat:0.48025
catastrophe:0.47675
cerebral:0.4755
claustrophobic:0.4715
stylized:0.47
idealism:0.46475
strange:0.463
psychological:0.46225
serial killer:0.459
movielens top pick:0.457
great ending:0.44825
transformation:0.44025
good soundtrack:0.436
greed:0.434
psychiatry:0.43375
surveillance:0.428
allegory:0.4255
silent:0.41625
bizarre:0.4025
melancholic:0.39675
intimate:0.39575
finnish:0.39
thought-provoking:0.3835
foreign:0.3805
great:0.379
police investigation:0.37575
ominous:0.37475
imdb top 250:0.37375
dialogue:0.36775
spanish:0.3625
not funny:0.35675
suspense:0.35225
masterpiece:0.3495
based on a play:0.34725
dreams:0.34475
depressing:0.3395
interesting:0.33725
happy ending:0.33475
melancholy:0.3345
biting:0.33425
black and white:0.33075
talky:0.32725
humorous:0.32725
culture clash:0.32575
nudity (full frontal):0.32525
oscar (best directing):0.325
natural disaster:0.32475
insanity:0.3235
fantasy world:0.32075
affectionate:0.31925
mental illness:0.31825
life philosophy:0.31425
suspenseful:0.308
visceral:0.307
storytelling:0.306
great acting:0.30275
excellent script:0.302
betrayal:0.297
manipulation:0.29375
loneliness:0.2935
dark comedy:0.29225
guilt:0.292
cult film:0.28775
passionate:0.28725
nocturnal:0.286
tragedy:0.28475
