nudity (topless):1.0
nudity (topless - brief):0.99775
horror:0.95275
splatter:0.88375
latin america:0.8125
violence:0.764
male nudity:0.76
brazil:0.751
gory:0.73525
brutality:0.716
torture:0.688
original:0.6835
jungle:0.682
predictable:0.61175
so bad it's funny:0.605
bloody:0.601
nudity:0.57675
nudity (topless - notable):0.57075
gore:0.5585
horrible:0.55375
scary:0.55225
bad acting:0.5295
nudity (rear):0.517
slasher:0.4855
chase:0.48275
intense:0.47775
nudity (full frontal - notable):0.4775
pointless:0.4735
claustrophobic:0.473
brutal:0.47275
suspense:0.47175
disturbing:0.46275
violent:0.45625
pornography:0.43975
silly fun:0.43925
serial killer:0.4365
sexy:0.42225
road movie:0.422
not funny:0.41175
foreign:0.408
idiotic:0.402
catastrophe:0.397
first contact:0.39425
stupid:0.39
great ending:0.389
mentor:0.3835
grindhouse:0.381
gruesome:0.37225
dumb:0.3715
overrated:0.36575
suspenseful:0.36225
goretastic:0.361
cinematography:0.35475
blood:0.347
bad plot:0.3425
action:0.338
notable nudity:0.33325
survival:0.33325
runaway:0.3275
adventure:0.32325
storytelling:0.3225
stranded:0.31925
twists & turns:0.31625
franchise:0.31025
unfunny:0.3085
death:0.30675
stupidity:0.30575
twist ending:0.30525
unlikeable characters:0.305
melancholic:0.3015
cannibalism:0.30125
kidnapping:0.30125
bad:0.3005
bad ending:0.30025
dialogue:0.29025
beautiful scenery:0.28675
great acting:0.285
revenge:0.2825
cult film:0.2805
bad script:0.2785
nudity (full frontal - brief):0.27825
teen movie:0.27825
adaptation:0.277
teens:0.27475
tense:0.27325
stereotypes:0.27325
harsh:0.26975
corruption:0.268
argentina:0.268
slapstick:0.2655
good soundtrack:0.26475
political corruption:0.26375
natural disaster:0.263
lone hero:0.262
visually stunning:0.2615
doctors:0.257
murder:0.25375
drinking:0.25375
good:0.25225
fun movie:0.249
