gunfight:0.98225
western:0.9605
vengeance:0.726
original:0.6885
mentor:0.5725
life & death:0.52925
alter ego:0.52825
death:0.5165
justice:0.48775
kids and family:0.4785
revenge:0.46175
murder mystery:0.4465
great ending:0.44575
life philosophy:0.44
catastrophe:0.43375
cheating:0.4295
runaway:0.417
family:0.41575
unusual plot structure:0.40825
childhood:0.39825
irish accent:0.3865
fun movie:0.38525
poker:0.3845
predictable:0.37675
dialogue:0.37425
twist ending:0.36475
culture clash:0.3565
murder:0.352
good:0.3465
lynch:0.34625
atheism:0.34475
moral ambiguity:0.33925
texas:0.336
guns:0.33525
greed:0.33325
bad cgi:0.3325
not funny:0.331
bad plot:0.33075
police investigation:0.33075
violence:0.33
story:0.32925
so bad it's funny:0.3205
silly fun:0.3185
fantasy world:0.31325
ennio morricone:0.31325
mob:0.31075
great:0.302
corruption:0.29125
lone hero:0.29
violent:0.29
pornography:0.28925
guilt:0.2885
action:0.279
drama:0.27875
very interesting:0.2755
no plot:0.2645
nudity (rear):0.26375
brutality:0.2565
doctors:0.25475
computer animation:0.2545
redemption:0.25025
melancholic:0.249
animal movie:0.24725
natural disaster:0.24725
good soundtrack:0.246
quirky:0.23775
cool:0.235
light:0.234
unlikely friendships:0.2325
drinking:0.2325
feel-good:0.232
mystery:0.2305
storytelling:0.23
adaptation:0.229
overrated:0.22875
twists & turns:0.228
clever:0.2275
action packed:0.22725
first contact:0.22425
too long:0.224
entirely dialogue:0.2235
suspense:0.221
race issues:0.221
sci fi:0.21975
chase:0.217
indians:0.21675
family drama:0.21675
transformation:0.21575
bad:0.2155
gangsters:0.21475
weapons:0.21375
destiny:0.21175
gangs:0.2115
small town:0.208
slapstick:0.20375
enigmatic:0.20125
vigilante:0.2
cult film:0.19925
pg-13:0.198
excellent:0.19675
