corruption:0.99175
rio de janeiro:0.98875
world politics:0.98375
political corruption:0.9785
police corruption:0.97525
violence:0.97125
brazil:0.97125
political:0.962
organized crime:0.96125
social commentary:0.95575
politics:0.95425
police:0.93875
imdb top 250:0.93075
idealism:0.9305
drugs:0.91275
drama:0.89125
forceful:0.8895
tense:0.88575
narrated:0.88375
violent:0.88375
crime:0.883
mentor:0.88275
fighting the system:0.86475
realistic:0.8645
poverty:0.8645
brutality:0.86
original:0.84875
good sequel:0.8375
complex:0.83175
fascism:0.8255
justice:0.82375
weapons:0.8145
gunfight:0.803
gangs:0.77875
action:0.7645
dark hero:0.76075
greed:0.7595
war:0.75725
oscar (best directing):0.75675
dramatic:0.75525
harsh:0.75
powerful ending:0.7495
excellent script:0.74875
anti-hero:0.74525
good soundtrack:0.74475
guns:0.7385
visceral:0.73475
interesting:0.733
brutal:0.72725
courage:0.72475
vengeance:0.723
foreign:0.721
storytelling:0.71825
intense:0.71425
gritty:0.7105
sequels:0.697
good acting:0.687
latin america:0.67575
story:0.6745
good:0.671
great acting:0.66475
life philosophy:0.65775
movielens top pick:0.65725
honest:0.65425
tragedy:0.6505
criterion:0.64
true story:0.63725
bloody:0.634
oscar (best foreign language film):0.62225
gangsters:0.6215
thought-provoking:0.6165
morality:0.6105
rebellion:0.607
independent film:0.60525
talky:0.603
destiny:0.6025
runaway:0.59825
great ending:0.597
oscar:0.595
based on a true story:0.58825
complex characters:0.5845
betrayal:0.58175
unusual plot structure:0.58075
cinematography:0.579
police investigation:0.57725
cerebral:0.572
twists & turns:0.5715
culture clash:0.568
masterpiece:0.55825
torture:0.55575
redemption:0.55475
plot:0.55375
drinking:0.5525
philosophy:0.541
suprisingly clever:0.53725
reflective:0.53675
revenge:0.53475
ethnic conflict:0.53
revolution:0.529
pornography:0.52625
