imdb top 250:0.9735
criterion:0.96675
poignant:0.96325
bittersweet:0.95
intimate:0.93175
bleak:0.93025
oscar (best foreign language film):0.9245
loneliness:0.90725
rome:0.89925
talky:0.8885
masterpiece:0.88625
oscar (best actress):0.87125
compassionate:0.86275
wistful:0.85825
affectionate:0.85225
prostitution:0.851
reflective:0.8415
melancholy:0.833
golden palm:0.8105
foreign:0.80125
enigmatic:0.77225
downbeat:0.766
artistic:0.7605
nocturnal:0.75925
oscar (best directing):0.75625
melancholic:0.753
character study:0.75075
black and white:0.7135
breathtaking:0.69525
existentialism:0.68725
dreams:0.68475
earnest:0.67775
emotional:0.66975
childhood:0.66675
life:0.666
social commentary:0.66375
beautifully filmed:0.65075
grim:0.649
great acting:0.64075
original:0.635
life philosophy:0.6305
love:0.606
redemption:0.5995
cinematography:0.59775
whimsical:0.58375
heartbreaking:0.5825
meditative:0.57825
transformation:0.57575
passionate:0.5755
touching:0.57075
cerebral:0.56875
movielens top pick:0.55675
art:0.552
cynical:0.5495
drinking:0.54875
harsh:0.54525
runaway:0.54375
culture clash:0.53825
allegory:0.5285
oscar (best supporting actress):0.52525
non-linear:0.5185
atmospheric:0.51225
road movie:0.5065
unusual plot structure:0.50375
humanity:0.50225
italy:0.49925
suprisingly clever:0.49775
life & death:0.47825
poverty:0.46725
great:0.46025
fascism:0.45175
ironic:0.44575
intellectual:0.44075
sweet:0.43975
artist:0.43675
destiny:0.43
honest:0.4285
grindhouse:0.424
catastrophe:0.419
mentor:0.41725
relationships:0.412
complex characters:0.408
great ending:0.40525
visually appealing:0.40525
sentimental:0.39925
realistic:0.394
entirely dialogue:0.39375
stunning:0.39325
betrayal:0.39175
surreal:0.391
italian:0.389
oscar (best writing - screenplay written directly for the screen):0.388
feel good movie:0.3825
storytelling:0.381
sad:0.37875
beautiful scenery:0.3775
not funny:0.37675
good soundtrack:0.37175
stylized:0.37025
dialogue:0.36875
