military:0.951
franchise:0.8715
predictable:0.866
weapons:0.85425
action:0.8175
original:0.79075
cold war:0.78575
nostalgia:0.77775
sequels:0.706
aviation:0.684
vengeance:0.683
bad plot:0.67175
mentor:0.634
sequel:0.63
death:0.61925
crappy sequel:0.60675
russia:0.59875
airplane:0.5935
special effects:0.58375
overrated:0.58175
so bad it's funny:0.57325
great ending:0.5665
big budget:0.56525
family:0.54375
dialogue:0.5295
first contact:0.51275
idiotic:0.5125
feel-good:0.50975
israel:0.5015
pointless:0.497
russian:0.4875
lame:0.48025
feel good movie:0.48
love story:0.4735
shallow:0.4725
good action:0.468
disaster:0.4665
action packed:0.46525
teen movie:0.4645
adapted from:comic:0.4605
80s:0.4595
series:0.4565
stereotypes:0.4485
fun movie:0.441
not funny:0.43975
brutality:0.4365
bad:0.436
fight scenes:0.43425
runaway:0.43225
destiny:0.4315
story:0.42725
natural disaster:0.424
fighting:0.4235
catastrophe:0.4185
plot holes:0.4175
iraq:0.4145
cool:0.4095
bad cgi:0.4085
camp:0.40675
life philosophy:0.39325
sarcasm:0.38925
good:0.387
silly fun:0.3845
super-hero:0.37725
fun:0.3765
technology:0.376
teen:0.372
fantasy:0.37175
storytelling:0.3705
cult film:0.3705
fantasy world:0.36575
romance:0.36425
ridiculous:0.363
childhood:0.36125
lone hero:0.35875
redemption:0.35825
sci fi:0.356
happy ending:0.35575
1980s:0.35525
stupid as hell:0.35425
based on a video game:0.35325
unusual plot structure:0.3525
entirely dialogue:0.35225
adventure:0.3495
adaptation:0.347
entertaining:0.3395
bad acting:0.3395
quirky:0.332
explosions:0.3295
plot:0.328
nuclear:0.3255
nudity (full frontal - brief):0.32525
pg-13:0.324
violence:0.32325
slapstick:0.31775
unfunny:0.31325
culture clash:0.31225
boring:0.30625
teens:0.30425
drama:0.29925
