bombs:0.95325
tense:0.94575
suspenseful:0.741
forceful:0.68725
thriller:0.6675
unusual plot structure:0.66575
disaster:0.66475
interesting:0.65325
original:0.64125
greed:0.5995
runaway:0.56725
criterion:0.547
exciting:0.5455
good:0.54525
catastrophe:0.533
fun movie:0.5125
mentor:0.5065
england:0.4985
corruption:0.4935
crime gone awry:0.4885
1970s:0.488
dialogue:0.4675
very interesting:0.459
twists & turns:0.45025
screwball:0.44975
police investigation:0.44175
chase:0.43575
suspense:0.4315
kidnapping:0.42325
end of the world:0.41575
spy:0.396
series:0.38975
entertaining:0.3875
lone hero:0.3875
clever:0.38275
surveillance:0.3715
assassination:0.37025
scotland:0.3675
entirely dialogue:0.36625
conspiracy:0.36275
police corruption:0.35975
con artists:0.35925
paranoia:0.35075
talky:0.34675
spying:0.3405
not funny:0.333
adventure:0.33025
revenge:0.3295
murder mystery:0.327
very good:0.319
racing:0.30925
great:0.30625
gangsters:0.3035
suprisingly clever:0.302
vengeance:0.301
great ending:0.29975
british:0.2995
enormously long battle scene:0.29375
excellent:0.2915
identity:0.28925
storytelling:0.2885
visceral:0.2875
paranoid:0.2855
mob:0.28425
noir thriller:0.2795
good soundtrack:0.279
dramatic:0.27725
kids:0.27525
explosions:0.27025
heist:0.2695
claustrophobic:0.266
natural disaster:0.26
obsession:0.25925
oil:0.256
divorce:0.254
london:0.252
childhood:0.2495
camp:0.24925
investigation:0.24825
light:0.2475
atmospheric:0.24575
witty:0.24525
brutality:0.244
humorous:0.2415
unfunny:0.24075
first contact:0.2405
gangster:0.23975
redemption:0.23925
absurd:0.239
compassionate:0.2385
007:0.23825
great movie:0.23825
no dialogue:0.238
oscar (best supporting actor):0.2355
moral ambiguity:0.23075
predictable:0.23
stereotypes:0.22725
kids and family:0.2265
classic car:0.22575
boat:0.2245
