science fiction:0.99125
sci-fi:0.98425
scifi:0.97675
imdb top 250:0.9735
sci fi:0.967
alien:0.96425
aliens:0.95925
mars:0.9585
classic:0.95025
space:0.94775
space travel:0.947
allegory:0.9255
first contact:0.91075
weapons:0.898
intelligent sci-fi:0.8845
paranoid:0.84125
black and white:0.833
alien invasion:0.83175
robot:0.82875
1950s:0.82525
paranoia:0.81175
storytelling:0.80825
original:0.788
great ending:0.78625
special effects:0.77775
technology:0.77275
futuristic:0.76575
cerebral:0.7495
story:0.749
oscar (best directing):0.74875
giant robots:0.7455
utopia:0.74475
thought-provoking:0.74325
talky:0.73225
cold war:0.71825
dramatic:0.715
eerie:0.7115
humanity:0.705
masterpiece:0.70225
enigmatic:0.7015
visually appealing:0.6975
robots:0.697
greed:0.69425
idealism:0.694
space program:0.68325
visual:0.66725
great acting:0.66275
science:0.65625
suspense:0.65475
nuclear war:0.65175
catastrophe:0.64975
good acting:0.64925
forceful:0.64925
life & death:0.64875
effects:0.64775
earnest:0.62975
suspenseful:0.61725
social commentary:0.6155
poignant:0.61375
great movie:0.60675
great:0.60625
powerful ending:0.5945
oscar winner:0.5925
world politics:0.59075
affectionate:0.5885
end of the world:0.586
dialogue:0.586
compassionate:0.58375
redemption:0.5835
good:0.58025
mentor:0.57775
criterion:0.576
light:0.574
alone in the world:0.5675
transformation:0.566
narrated:0.56125
childhood:0.5545
ominous:0.55375
interesting:0.552
tense:0.549
violence:0.547
philosophy:0.54425
suprisingly clever:0.54425
chase:0.53925
clever:0.53825
cinematography:0.53625
breathtaking:0.5305
beautifully filmed:0.5305
philosophical:0.5295
atmospheric:0.52525
amazing photography:0.517
sacrifice:0.516
existentialism:0.512
runaway:0.512
beautiful scenery:0.51025
reflective:0.50325
afi 100 (movie quotes):0.50075
destiny:0.5005
visually stunning:0.50025
excellent:0.50025
