relationships:0.94875
talky:0.93525
women:0.91875
cynical:0.9175
dialogue:0.8745
independent film:0.87275
original:0.8525
intimate:0.85125
new york city:0.82575
adolescence:0.82225
sexuality:0.79675
visually appealing:0.79325
complicated:0.78625
workplace:0.7835
sexual:0.7595
sex:0.75625
good soundtrack:0.7495
witty:0.7485
quirky:0.74775
virginity:0.7455
pornography:0.74525
interesting:0.74175
character study:0.72925
drinking:0.725
psychological:0.7175
dark:0.71625
stylized:0.70675
great ending:0.703
cinematography:0.70025
mentor:0.70025
sexy:0.69825
secrets:0.69625
clever:0.694
stylish:0.69125
coming of age:0.6875
honest:0.68525
new york:0.68425
great acting:0.67825
enigmatic:0.67775
very interesting:0.66675
writers:0.65075
corruption:0.645
complex:0.642
storytelling:0.63
light:0.62725
intellectual:0.625
narrated:0.623
indie:0.61925
runaway:0.618
manipulation:0.6165
entirely dialogue:0.6115
realistic:0.60625
melancholic:0.6055
social commentary:0.5965
violent:0.59275
criterion:0.59
sarcasm:0.589
loneliness:0.579
harsh:0.573
coming-of-age:0.56825
great:0.5295
psychology:0.52775
police investigation:0.522
intense:0.50825
biting:0.50275
violence:0.49675
plot:0.4905
nudity (topless):0.48925
obsession:0.488
crime gone awry:0.483
reflective:0.48275
redemption:0.48175
brutality:0.48125
tense:0.47925
nudity (full frontal - notable):0.477
voyeurism:0.47575
intelligent:0.47075
golden palm:0.4665
gangsters:0.4655
revenge:0.46275
oscar (best directing):0.46175
twists & turns:0.45875
whimsical:0.45775
weird:0.4565
black comedy:0.4525
story:0.4525
culture clash:0.4515
cerebral:0.44025
very funny:0.44025
good acting:0.4395
drama:0.4395
poignant:0.4325
gritty:0.4275
complex characters:0.427
sexualized violence:0.4265
catastrophe:0.4235
atmospheric:0.421
morality:0.41825
oscar (best actress):0.41675
dysfunctional family:0.41575
