based on a book:0.97025
medieval:0.96825
islam:0.95825
swedish:0.89525
books:0.776
so bad it's funny:0.71
adapted from:book:0.69075
drama:0.68575
based on book:0.66675
original:0.65725
desert:0.6425
big budget:0.612
betrayal:0.60475
action:0.58425
adaptation:0.57575
book was better:0.53625
mentor:0.53625
good:0.535
dialogue:0.529
catastrophe:0.5
bad acting:0.493
love story:0.491
culture clash:0.48475
beautiful scenery:0.4815
religion:0.4725
adventure:0.463
brutality:0.4625
fight scenes:0.46125
story:0.46
sword fight:0.45875
storytelling:0.4425
great ending:0.4265
christian:0.42375
good music:0.4165
predictable:0.4015
very good:0.39125
vampire human love:0.38825
book:0.38775
weapons:0.38375
dramatic:0.378
survival:0.3675
fantasy world:0.3645
childhood:0.3635
historical:0.363
life philosophy:0.36175
better than expected:0.3455
runaway:0.3395
greed:0.3395
not funny:0.337
war:0.33525
shallow:0.33075
police investigation:0.329
unfunny:0.32675
cinematography:0.3255
complex:0.31875
censorship:0.31675
pointless:0.31525
suprisingly clever:0.3075
epic:0.30225
finnish:0.30175
unlikely friendships:0.2945
good acting:0.29375
natural disaster:0.28875
nudity (full frontal - brief):0.28675
criterion:0.28525
suspense:0.28425
bdsm:0.2835
original plot:0.28325
great:0.2825
good soundtrack:0.28125
corruption:0.28
fighting:0.2725
music:0.272
revenge:0.27075
entirely dialogue:0.2665
intense:0.26475
special effects:0.264
visually appealing:0.2635
grindhouse:0.26275
series:0.26225
pg-13:0.26
idiotic:0.25875
violence:0.25525
irish accent:0.253
vengeance:0.25225
fast paced:0.245
redemption:0.24475
bad plot:0.2445
solitude:0.24375
unusual plot structure:0.239
first contact:0.23875
good action:0.23875
friendship:0.23725
sacrifice:0.23575
destiny:0.2355
sad but good:0.23325
christianity:0.232
overrated:0.2315
mythology:0.2305
life & death:0.2305
