serial killer:0.9595
suspenseful:0.95225
pg-13:0.9135
spying:0.90675
teen movie:0.889
suspense:0.87575
teen:0.853
thriller:0.8475
teens:0.81175
murder:0.81175
surveillance:0.8105
scary:0.80025
original:0.752
voyeurism:0.7255
good:0.72275
tense:0.721
plot:0.7115
intense:0.70475
predictable:0.701
plot holes:0.6705
secrets:0.667
great ending:0.647
spy:0.644
chase:0.6065
catastrophe:0.60575
twists & turns:0.59775
big budget:0.5925
hitchcock:0.59125
internet:0.58425
girlie movie:0.577
police investigation:0.5675
teenagers:0.56675
better than expected:0.5605
spies:0.5415
good acting:0.54125
pornography:0.53875
entertaining:0.53175
story:0.5315
action:0.52
teenager:0.51225
clever:0.5005
twist:0.499
runaway:0.493
revenge:0.49275
dialogue:0.48825
horror:0.485
plot twist:0.47975
great:0.4725
torture:0.46
enormously long battle scene:0.46
classic car:0.45875
mentor:0.4565
exciting:0.454
carrie-anne moss:0.4515
sexy:0.45025
destiny:0.45
twist ending:0.4495
product placement:0.446
good soundtrack:0.44075
natural disaster:0.43575
murder mystery:0.432
happy ending:0.43175
shallow:0.4195
romance:0.41275
stereotypes:0.4105
assassin:0.4075
action packed:0.40075
unrealistic:0.3985
very interesting:0.39525
vengeance:0.39325
fast paced:0.38675
teacher:0.3825
suburbia:0.38125
technology:0.38075
crude humor:0.3805
creativity:0.37225
remake:0.372
brutality:0.36975
survival:0.36825
romantic comedy:0.36575
first contact:0.362
not funny:0.35775
family:0.35525
interesting:0.355
kidnapping:0.35125
silly:0.34875
corruption:0.34125
transformation:0.33725
betrayal:0.3285
psychological:0.3265
so bad it's funny:0.32525
very good:0.325
conspiracy:0.3235
storytelling:0.32025
fun movie:0.31675
culture clash:0.316
moral ambiguity:0.31425
alter ego:0.3135
paranoia:0.3115
very funny:0.30875
