slasher:0.9985
horror:0.97625
serial killer:0.92375
splatter:0.9185
halloween:0.90675
murder:0.88575
nudity:0.8855
nudity (topless):0.8825
campy:0.864
so bad it's funny:0.84775
80s:0.81925
bloody:0.814
camp:0.81125
teens:0.8065
original:0.80375
brutality:0.772
sexy:0.7545
blood:0.74525
creepy:0.7405
sexualized violence:0.71775
predictable:0.68925
dreams:0.682
erotic:0.679
franchise:0.67825
suspenseful:0.6695
goretastic:0.659
scary:0.658
nudity (topless - notable):0.65575
cult film:0.65125
demons:0.624
bad acting:0.61425
violence:0.5955
nudity (full frontal - notable):0.59475
teen movie:0.564
boring:0.5565
grindhouse:0.55
weapons:0.52
low budget:0.51925
bad plot:0.50425
ridiculous:0.49675
gory:0.489
stereotypes:0.48775
virginity:0.4855
cheesy:0.48225
gore:0.477
good soundtrack:0.47475
suspense:0.47475
not funny:0.47125
overrated:0.4665
teen:0.466
goofy:0.463
boring!:0.45725
dialogue:0.451
harsh:0.4505
fun:0.4495
fun movie:0.448
great ending:0.44625
pornography:0.4345
graphic novel:0.4275
unusual plot structure:0.42425
mentor:0.42075
zombie:0.41475
cult classic:0.4135
nocturnal:0.4055
kick-butt women:0.4015
catastrophe:0.39925
pointless:0.39875
gruesome:0.3985
family:0.39325
supernatural:0.39225
first contact:0.39075
entirely dialogue:0.38925
stupid as hell:0.3815
heroine:0.37925
fight scenes:0.37775
silly:0.37425
adaptation:0.37425
lone hero:0.3735
stupid:0.359
melancholic:0.359
good:0.35525
slapstick:0.35325
childhood:0.348
nudity (full frontal):0.3445
sci fi:0.34425
solitude:0.34175
happy ending:0.3395
classic car:0.339
multiple storylines:0.3265
life philosophy:0.3225
dreamlike:0.31875
redemption:0.31825
police investigation:0.317
disaster:0.314
lame:0.312
death:0.3115
plot holes:0.30775
vengeance:0.3075
cinematography:0.305
action:0.29875
