jazz:0.99725
musicians:0.99
biopic:0.9175
music:0.9135
biographical:0.8925
eccentricity:0.8795
fake documentary:0.83275
character study:0.82925
obsession:0.81875
1930s:0.81875
artistic:0.8145
original:0.80175
biography:0.79875
great movie:0.789
narrated:0.77425
great:0.7715
great acting:0.7685
mentor:0.733
dialogue:0.7285
drinking:0.701
melancholic:0.69725
artist:0.69175
oscar (best actress):0.69
bittersweet:0.68325
talky:0.67825
good soundtrack:0.6735
great dialogue:0.6715
creativity:0.65925
great music:0.65775
interesting:0.65625
witty:0.65275
very interesting:0.649
gangsters:0.637
storytelling:0.62275
relationships:0.60775
enigmatic:0.6025
sarcasm:0.602
great ending:0.59875
whimsical:0.59375
crime gone awry:0.5875
clever:0.58725
good:0.58025
stylized:0.57375
greed:0.56325
oscar (best supporting actress):0.56
passionate:0.558
story:0.5415
good music:0.538
criterion:0.522
nocturnal:0.51575
imdb top 250:0.51375
oscar:0.5115
love:0.50475
honest:0.499
drama:0.49725
downbeat:0.49275
runaway:0.4905
redemption:0.48875
intimate:0.487
hip hop:0.48625
independent film:0.4855
alter ego:0.4795
very good:0.47875
oscar (best directing):0.4775
loneliness:0.47625
corruption:0.476
social commentary:0.4735
new jersey:0.473
sweet:0.471
entirely dialogue:0.46375
quirky:0.4615
gangster:0.4615
atmospheric:0.461
dark hero:0.4565
art:0.45475
harsh:0.453
dramatic:0.45275
addiction:0.45025
light:0.4495
highly quotable:0.44875
writers:0.44675
adaptation:0.44525
awesome soundtrack:0.4445
good acting:0.44225
dark humor:0.44025
genius:0.44
underrated:0.43975
melancholy:0.4335
entertaining:0.432
stylish:0.426
affectionate:0.424
brutality:0.424
cult classic:0.424
rats:0.4235
cerebral:0.4225
movielens top pick:0.4225
excellent:0.40775
fun movie:0.401
period piece:0.40075
depression:0.3995
