coming of age:0.99525
adolescence:0.97425
mentor:0.96475
coming-of-age:0.9635
drama:0.96025
feel-good:0.914
heartwarming:0.90625
teenager:0.88475
indie:0.88275
good soundtrack:0.83925
original:0.82925
friendship:0.8255
feel good movie:0.8245
unlikely friendships:0.82175
teen movie:0.81
childhood:0.807
bittersweet:0.7945
runaway:0.787
great acting:0.772
independent film:0.7675
loneliness:0.76075
dysfunctional family:0.76075
teen:0.7605
pg-13:0.76
teenagers:0.75775
depression:0.75325
nostalgic:0.74775
family drama:0.71875
dramatic:0.71725
touching:0.70925
drinking:0.7025
realistic:0.6915
relationships:0.6915
social commentary:0.672
comedy:0.67025
divorce:0.668
destiny:0.65825
quirky:0.657
sweet:0.653
great:0.651
good:0.64475
honest:0.6355
bullying:0.63425
teens:0.632
story:0.62575
great ending:0.62175
parenthood:0.615
classic car:0.61125
good acting:0.60875
fun movie:0.60375
underdog:0.599
great movie:0.59025
california:0.5835
dialogue:0.5775
small town:0.57125
excellent script:0.565
storytelling:0.564
oscar:0.563
great soundtrack:0.563
funny:0.5585
directorial debut:0.55575
transformation:0.5555
depressing:0.549
emotional:0.5485
pornography:0.54325
amazing cinematography:0.5365
writers:0.52825
reflective:0.525
clever:0.5185
sentimental:0.51425
poignant:0.50725
life:0.48875
school:0.4875
life philosophy:0.487
kids:0.486
oscar (best supporting actress):0.47825
very funny:0.47275
family:0.471
exceptional acting:0.47075
redemption:0.47025
oscar (best actress):0.46825
cool:0.459
melancholic:0.45775
plot:0.4555
affectionate:0.451
weird:0.44475
dark humor:0.4425
earnest:0.442
justice:0.4405
narrated:0.43725
witty:0.436
ensemble cast:0.4255
harsh:0.4245
melancholy:0.4245
imdb top 250:0.42275
fun:0.416
movielens top pick:0.415
catastrophe:0.409
interesting:0.408
character study:0.405
