irish:0.99725
irish accent:0.977
ireland:0.97425
romantic comedy:0.9715
romantic:0.93875
love story:0.918
sweet:0.86825
boston:0.866
good romantic comedies:0.81975
beautiful scenery:0.81775
whimsical:0.81475
chick flick:0.80775
stereotypes:0.7875
feel-good:0.73
romance:0.72625
original:0.674
happy ending:0.6725
cute!:0.66
relationships:0.65725
light:0.64725
love:0.59325
quirky:0.59125
feel good movie:0.57475
destiny:0.56525
family:0.55925
cute:0.5565
dialogue:0.55325
predictable:0.521
great:0.508
mentor:0.505
catastrophe:0.4665
multiple storylines:0.4635
fun:0.463
small town:0.45675
fun movie:0.45475
unusual plot structure:0.437
great ending:0.42925
culture clash:0.428
chase:0.42775
comedy:0.42625
heartwarming:0.42225
funny:0.41575
plot:0.41425
first contact:0.41125
marriage:0.4065
life philosophy:0.405
storytelling:0.401
magic:0.395
atheism:0.3935
good:0.39
pg-13:0.37625
big budget:0.3665
island:0.36625
sarcasm:0.35425
fantasy world:0.34975
women:0.3465
story:0.33325
very funny:0.33075
entirely dialogue:0.32625
drinking:0.3255
adaptation:0.3245
original plot:0.321
touching:0.31525
hotel:0.31175
corruption:0.30975
silly fun:0.309
dog:0.30875
great movie:0.3085
fight scenes:0.306
police investigation:0.303
witty:0.30125
brutality:0.29975
entertaining:0.2935
mythology:0.29325
girlie movie:0.292
grindhouse:0.29125
better than expected:0.289
interracial romance:0.28375
good soundtrack:0.2835
vengeance:0.283
death:0.28
runaway:0.27775
eccentricity:0.27775
humorous:0.277
betrayal:0.27575
underrated:0.274
books:0.27375
clever:0.267
beautifully filmed:0.264
twists & turns:0.26375
interesting:0.25775
politics:0.256
adapted from:book:0.2545
unfunny:0.25125
passionate:0.25125
lone hero:0.25125
weird:0.25025
so bad it's funny:0.24725
melancholic:0.24425
criterion:0.24375
