teen movie:0.91825
teens:0.82925
high school:0.82825
fighting the system:0.81525
original:0.7955
teen:0.7955
school:0.74975
good soundtrack:0.713
gangsters:0.7
mentor:0.69
destiny:0.68975
great ending:0.6375
good:0.61925
teacher:0.61625
pornography:0.59875
based on true story:0.59375
stereotypes:0.59275
educational:0.58075
predictable:0.58075
adolescence:0.57575
very interesting:0.56925
feel-good:0.569
dramatic:0.56
teenagers:0.556
weapons:0.55125
corruption:0.54525
drama:0.53775
survival:0.53475
bullying:0.51325
shallow:0.51025
unrealistic:0.5095
runaway:0.5075
vengeance:0.4905
brutality:0.49025
catastrophe:0.48875
sexualized violence:0.48825
bad acting:0.478
justice:0.469
police investigation:0.468
so bad it's funny:0.46325
books:0.46
redemption:0.454
internet:0.45225
gangs:0.45125
idiotic:0.44875
underrated:0.4475
very good:0.44725
great:0.44175
new york city:0.4335
fantasy world:0.4295
teenager:0.4245
adaptation:0.4185
feel good movie:0.41625
storytelling:0.411
true story:0.40525
violence:0.4025
big budget:0.4
nudity (full frontal - brief):0.39875
bad:0.3965
not funny:0.39425
bad plot:0.39025
plot:0.389
male nudity:0.38275
child abuse:0.3825
culture clash:0.37975
thought-provoking:0.379
dialogue:0.3765
weird:0.37025
women:0.36675
pointless:0.364
prejudice:0.3615
natural disaster:0.35875
queer:0.3585
new jersey:0.358
story:0.35375
unlikely friendships:0.353
suspense:0.351
stylized:0.3495
life philosophy:0.348
allegory:0.3425
girlie movie:0.342
inspirational:0.34125
happy ending:0.33975
nocturnal:0.338
first contact:0.33725
spelling bee:0.33675
police corruption:0.336
no plot:0.33525
stoner movie:0.32775
sexual abuse:0.32675
segregation:0.32275
courage:0.3175
hostage:0.317
fantasy:0.31375
manipulation:0.31175
intense:0.31075
unfunny:0.3095
overrated:0.30925
action:0.3065
classic car:0.3055
