ireland:0.85075
guilt:0.811
pornography:0.76525
psychological:0.7215
based on a true story:0.67825
redemption:0.644
original:0.64325
irish:0.5955
mentor:0.57425
brutality:0.5615
great ending:0.495
murder:0.458
vengeance:0.4475
oscar (best supporting actress):0.44325
justice:0.4265
disturbing:0.4205
tragedy:0.41875
police investigation:0.403
criterion:0.3945
revenge:0.39425
catastrophe:0.39125
multiple storylines:0.37825
storytelling:0.375
exceptional acting:0.3745
good soundtrack:0.3685
corruption:0.344
civil war:0.334
suprisingly clever:0.32375
dialogue:0.3235
torture:0.317
drinking:0.30875
nudity (full frontal - brief):0.3085
dramatic:0.3075
brainwashing:0.30525
assassination:0.302
drama:0.301
violence:0.2975
london:0.2955
adaptation:0.2935
british:0.29225
not funny:0.291
harsh:0.2815
demons:0.27775
psychology:0.27675
prison:0.273
writers:0.27125
destiny:0.26875
entirely dialogue:0.26625
irish accent:0.2615
life philosophy:0.258
factual:0.2555
powerful ending:0.251
very interesting:0.25025
island:0.2495
based on true story:0.248
aardman studios:0.24125
great:0.2405
women:0.24
melancholic:0.23825
based on a play:0.2365
unusual plot structure:0.23575
obsession:0.23525
hitman:0.23475
depression:0.2255
interracial romance:0.22525
weapons:0.223
excellent script:0.22225
gangsters:0.2215
oscar (best actress):0.22125
talky:0.219
good acting:0.2185
emotional:0.2175
manipulation:0.21675
loneliness:0.2165
queer:0.2155
transformation:0.2155
road movie:0.21275
runaway:0.21275
feel-good:0.2125
macabre:0.2115
enigmatic:0.21025
feel good movie:0.20875
oscar (best directing):0.208
father daughter relationship:0.208
greed:0.2065
prejudice:0.206
controversial:0.20475
twists & turns:0.20325
heartbreaking:0.202
pointless:0.2005
great acting:0.2005
unfunny:0.2
good:0.19925
secrets:0.19825
alternate endings:0.197
life & death:0.19475
doctors:0.1935
complicated plot:0.1915
male nudity:0.19125
hotel:0.19025
