silent:0.93325
classic:0.871
criterion:0.86575
talky:0.84425
masterpiece:0.84425
breathtaking:0.75725
original:0.7505
imdb top 250:0.72375
cinematography:0.69125
great:0.6735
bittersweet:0.641
tragedy:0.63125
runaway:0.617
screwball comedy:0.61125
suprisingly clever:0.59925
social commentary:0.591
san francisco:0.58825
poignant:0.58525
civil war:0.57325
assassination:0.56475
scenic:0.56375
catastrophe:0.5625
humorous:0.56225
oscar (best foreign language film):0.5505
oscar (best directing):0.54425
forceful:0.54
idealism:0.53975
chase:0.53525
downbeat:0.535
culture clash:0.5235
affectionate:0.52025
melancholic:0.51975
black and white:0.51025
passionate:0.50725
enigmatic:0.505
intimate:0.50275
pornography:0.50025
oscar (best supporting actress):0.49825
gunfight:0.498
stylized:0.49575
monkey:0.49325
sacrifice:0.49225
movielens top pick:0.48925
censorship:0.48
art:0.47975
unusual plot structure:0.4765
drinking:0.464
1930s:0.46225
photography:0.4615
melancholy:0.4555
golden palm:0.45525
childhood:0.455
beautiful scenery:0.451
allegory:0.44875
dialogue:0.44775
hotel:0.447
comedy:0.44575
surveillance:0.4435
photographer:0.437
highly quotable:0.43225
workplace:0.43225
clever:0.43225
beautifully filmed:0.431
creativity:0.43075
light:0.43
great ending:0.42625
atmospheric:0.42525
fun movie:0.42325
fantasy world:0.42125
amazing cinematography:0.421
nostalgic:0.41925
romance:0.41725
perfect:0.4135
brutality:0.41325
afi 100 (movie quotes):0.41175
harsh:0.40125
visual:0.40025
dreamlike:0.39375
great movie:0.39375
macabre:0.3915
weird:0.3885
courage:0.387
heartbreaking:0.386
narrated:0.3835
good soundtrack:0.37775
greed:0.377
hilarious:0.37175
ethnic conflict:0.37125
transformation:0.3665
war:0.3645
farce:0.35925
suspense:0.3585
island:0.358
adapted from:book:0.35625
death:0.3545
stunning:0.35225
1920s:0.3515
witty:0.34475
oscar (best actress):0.3445
spying:0.3435
