toys:0.998
computer animation:0.9955
kids and family:0.99375
pixar animation:0.98875
animation:0.982
original:0.95625
cartoon:0.9535
sequels:0.9375
good sequel:0.9345
sequel:0.92925
pixar:0.9285
story:0.928
imdb top 250:0.91525
great movie:0.912
friendship:0.91
kids:0.89675
disney:0.869
animated:0.8655
children:0.8615
light:0.858
unlikely friendships:0.83525
childhood:0.82475
great:0.8235
fun movie:0.8185
clever:0.81575
good:0.8095
cute:0.793
family:0.79275
fun:0.79075
adventure:0.788
cgi:0.78625
original plot:0.781
humorous:0.77575
witty:0.744
funny:0.73175
nostalgic:0.724
comedy:0.693
feel-good:0.68725
oscar winner:0.68725
entertaining:0.677
heartwarming:0.67375
great ending:0.6735
touching:0.66275
good versus evil:0.6515
destiny:0.64825
dialogue:0.645
whimsical:0.644
redemption:0.6365
humor:0.62725
very good:0.623
excellent script:0.6035
animals:0.59975
oscar (best directing):0.59675
storytelling:0.59375
oscar (best animated feature):0.5675
runaway:0.56475
mentor:0.56075
pg-13:0.55725
monsters:0.555
chase:0.55075
buddy movie:0.549
excellent:0.5435
very funny:0.54
happy ending:0.535
betrayal:0.522
interesting:0.5205
talking animals:0.51975
sweet:0.519
suprisingly clever:0.519
feel good movie:0.50925
dynamic cgi action:0.50575
sacrifice:0.50525
sentimental:0.50025
poignant:0.497
technology:0.4945
transformation:0.4935
movielens top pick:0.4915
culture clash:0.48225
visually stunning:0.4785
immortality:0.47625
creativity:0.465
goofy:0.46325
oscar:0.46225
space opera:0.46075
action:0.46025
franchise:0.46
twists & turns:0.45975
greed:0.457
visual:0.445
catastrophe:0.44475
emotional:0.44275
classic:0.43875
fast paced:0.43675
fairy tale:0.424
animal movie:0.409
life philosophy:0.4085
exciting:0.40125
earnest:0.40125
superheroes:0.3955
stop motion:0.39525
