secret service:0.97425
kidnapping:0.962
based on a book:0.95925
plot twist:0.898
twists & turns:0.8855
suspenseful:0.88425
detective:0.88275
thriller:0.856
twist ending:0.84275
surprise ending:0.824
suspense:0.79925
good:0.7875
police investigation:0.758
surveillance:0.756
serial killer:0.74625
chase:0.701
spiders:0.701
plot holes:0.69875
adapted from:book:0.681
original:0.67725
twist:0.6575
plot:0.65
books:0.64925
based on book:0.6395
conspiracy:0.617
adaptation:0.61175
secrets:0.6
mentor:0.5985
predictable:0.596
runaway:0.577
great ending:0.56625
pg-13:0.5655
mystery:0.56225
catastrophe:0.56075
investigation:0.55275
intense:0.53175
corruption:0.52
internet:0.51575
crime:0.5135
exciting:0.4965
action:0.49475
good soundtrack:0.49125
entertaining:0.48975
tom clancy:0.48125
murder mystery:0.47875
identity:0.47725
murder:0.4615
psychology:0.45975
girlie movie:0.44725
fast paced:0.44325
book:0.44275
big budget:0.43925
sexy:0.43225
vengeance:0.43175
better than expected:0.4305
good acting:0.43025
story:0.429
dialogue:0.426
so bad it's funny:0.426
great:0.42575
hacking:0.41825
clever:0.41775
fbi:0.4155
conspiracy theory:0.4125
revenge:0.4125
bad plot:0.406
interesting:0.40575
silly:0.40475
excellent:0.399
very interesting:0.394
psychological:0.39225
horrible:0.39
spying:0.385
book was better:0.38275
pornography:0.37775
manipulation:0.3705
natural disaster:0.365
justice:0.3605
spy:0.35875
great acting:0.3585
storytelling:0.348
nudity (full frontal - brief):0.34725
not funny:0.34175
computer animation:0.33675
unfunny:0.32875
tense:0.32525
unrealistic:0.325
life philosophy:0.32225
destiny:0.32225
good action:0.32025
bad:0.31975
first contact:0.31375
greed:0.31175
very good:0.30875
lawyer:0.3085
car chase:0.307
bad ending:0.3045
torture:0.29875
bad acting:0.29275
original plot:0.28575
