mother daughter relationship:0.96375
coming of age:0.95275
based on a book:0.9365
based on book:0.932
adapted from:book:0.88025
adolescence:0.846
drama:0.8365
prison:0.82725
books:0.79825
original:0.79425
runaway:0.794
good soundtrack:0.785
pg-13:0.75425
adaptation:0.7465
complex:0.71
women:0.70775
teenager:0.7065
dysfunctional family:0.70425
murder:0.697
mentor:0.6845
book:0.68375
depression:0.6825
good:0.6785
powerful ending:0.67125
storytelling:0.6525
book was better:0.6455
pornography:0.63525
literature:0.63475
rebellion:0.61925
dramatic:0.61175
excellent:0.59425
coming-of-age:0.59175
bittersweet:0.59075
narrated:0.58575
great acting:0.58
story:0.56575
intense:0.5645
brutality:0.5605
justice:0.55475
great ending:0.554
artistic:0.5505
childhood:0.5435
visually appealing:0.5315
interesting:0.51975
life:0.5175
psychology:0.51075
adoption:0.507
harsh:0.5065
secrets:0.50475
loneliness:0.49975
teenagers:0.48275
vengeance:0.479
psychological:0.4745
revenge:0.47425
depressing:0.47
corruption:0.469
chick flick:0.4685
identity:0.46725
melancholic:0.4655
destiny:0.46475
cinematography:0.4645
emotional:0.4615
manipulation:0.4545
great:0.45375
redemption:0.453
heartbreaking:0.45275
mental illness:0.45125
distopia:0.4425
unlikely friendships:0.43675
culture clash:0.43025
plot:0.4275
betrayal:0.42675
teen:0.42075
school:0.418
california:0.41775
parenthood:0.41425
fantasy world:0.412
honest:0.41075
nudity (topless - notable):0.4105
moral ambiguity:0.40775
tragedy:0.40675
idealism:0.40625
friendship:0.405
suprisingly clever:0.40375
artist:0.40225
child abuse:0.4005
good acting:0.3975
intimate:0.39625
nudity (full frontal - brief):0.39575
catastrophe:0.39575
guilt:0.39325
violence:0.3895
dark:0.38825
sexualized violence:0.384
relationships:0.3815
life philosophy:0.381
social commentary:0.37975
very interesting:0.3775
very good:0.376
girlie movie:0.3735
