god:0.985
bleak:0.979
intimate:0.966
criterion:0.9595
meditative:0.95825
enigmatic:0.95275
insanity:0.91275
reflective:0.91075
mental illness:0.893
isolation:0.892
relationships:0.87675
loneliness:0.84175
melancholy:0.84125
masterpiece:0.8225
swedish:0.81825
oscar (best foreign language film):0.81725
talky:0.8135
poignant:0.8085
cinematography:0.797
golden palm:0.7685
solitude:0.76825
love:0.76675
cerebral:0.76525
melancholic:0.74375
downbeat:0.742
psychology:0.74025
beautifully filmed:0.7235
depression:0.71175
passionate:0.70625
character study:0.70275
atmospheric:0.69475
breathtaking:0.6845
black and white:0.67325
cathartic:0.6705
original:0.6665
philosophical:0.662
psychological:0.6585
existentialism:0.6565
beautiful scenery:0.64875
claustrophobic:0.6445
dysfunctional family:0.6435
weird:0.63525
trilogy:0.63425
suicide attempt:0.63075
stylized:0.61475
guilt:0.5945
depressing:0.59075
grim:0.5775
social commentary:0.5725
tense:0.568
drama:0.561
culture clash:0.5555
oscar (best actress):0.5545
moody:0.55075
imdb top 250:0.54575
unusual plot structure:0.54425
crime gone awry:0.54125
death:0.54075
oscar (best directing):0.5355
art house:0.53075
affectionate:0.524
tragedy:0.524
surreal:0.52025
art:0.5155
marriage:0.515
foreign:0.5115
religion:0.511
dialogue:0.5055
forceful:0.50175
oscar (best supporting actress):0.50075
storytelling:0.5
life philosophy:0.497
schizophrenia:0.49175
bittersweet:0.48775
greed:0.48375
dreamlike:0.48225
very interesting:0.4815
movielens top pick:0.4755
secrets:0.46975
intellectual:0.46625
obsession:0.465
biting:0.46175
allegory:0.45575
compassionate:0.45475
visually appealing:0.45175
hospital:0.4515
emotional:0.44875
entirely dialogue:0.4375
divorce:0.435
complex:0.4325
visual:0.42925
earnest:0.42275
catastrophe:0.41925
good soundtrack:0.41575
disturbing:0.41425
light:0.413
mental hospital:0.41125
suprisingly clever:0.41025
sacrifice:0.409
nocturnal:0.40625
