punk:0.98325
adolescence:0.94425
unlikely friendships:0.90875
friendship:0.89325
original:0.87925
coming of age:0.84175
mentor:0.83725
coming-of-age:0.83175
childhood:0.812
rock and roll:0.805
good soundtrack:0.794
runaway:0.76875
criterion:0.729
goofy:0.69625
bittersweet:0.6935
nostalgic:0.68075
golden palm:0.66275
music:0.6595
teenager:0.6585
rebellion:0.64325
feel-good:0.6415
weird:0.63925
1970s:0.623
loneliness:0.6225
brutality:0.62
drama:0.619
talky:0.61675
cult classic:0.606
teen movie:0.5995
honest:0.5905
pornography:0.5875
identity:0.575
lyrical:0.56525
bullying:0.56325
social commentary:0.55425
harsh:0.54975
school:0.54725
storytelling:0.54525
allegory:0.5245
classic car:0.5165
stylish:0.51425
good music:0.51075
cynical:0.50775
ironic:0.505
tokyo:0.50425
bleak:0.496
1980s:0.4935
stylized:0.49175
narrated:0.4845
teenagers:0.4835
oscar (best foreign language film):0.48025
teens:0.47725
teen:0.46675
drinking:0.46425
nudity (full frontal - brief):0.46025
culture clash:0.45925
adaptation:0.45225
creativity:0.452
hip hop:0.45025
poignant:0.45025
suprisingly clever:0.44825
mental illness:0.4385
dialogue:0.42475
enigmatic:0.42475
excellent script:0.42025
highly quotable:0.41675
california:0.414
sexy:0.412
cheerleading:0.40925
foreign:0.40775
goretastic:0.4055
quirky:0.4055
great dialogue:0.398
melancholic:0.395
cinematography:0.39425
death:0.39275
sexual abuse:0.39175
great soundtrack:0.38675
entirely dialogue:0.3855
passionate:0.383
nudity (full frontal - notable):0.38
cult film:0.37575
grindhouse:0.375
indie:0.37475
relationships:0.37425
catastrophe:0.373
swedish:0.37075
vengeance:0.3685
teacher:0.36825
stereotypes:0.368
dancing:0.364
moral ambiguity:0.36325
notable soundtrack:0.36225
affectionate:0.36075
heartbreaking:0.3605
brainwashing:0.35625
dreams:0.35575
gay character:0.3505
not funny:0.3445
80s:0.344
