fairy tale:0.883
fairy tales:0.85425
romantic:0.84025
musical:0.8295
life philosophy:0.80025
love:0.79
beautiful scenery:0.7535
dancing:0.72925
whimsical:0.67775
original:0.676
period piece:0.6365
family:0.634
love story:0.626
dance:0.61475
happy ending:0.59825
rags to riches:0.598
good music:0.59225
great music:0.58925
good:0.58675
music:0.58525
catastrophe:0.5785
romance:0.572
story:0.56825
destiny:0.5405
adaptation:0.53575
childhood:0.5275
magic:0.525
fantasy world:0.51
beautifully filmed:0.5065
18th century:0.5025
big budget:0.50075
sweet:0.495
great ending:0.469
transformation:0.46375
mentor:0.4575
dialogue:0.45225
dynamic cgi action:0.43925
light:0.433
parallel universe:0.42725
great:0.41175
fun movie:0.41125
brothers:0.40975
high fantasy:0.40725
pg-13:0.402
fun:0.3935
feel-good:0.3865
good soundtrack:0.3855
clever:0.385
special effects:0.37025
betrayal:0.369
fight scenes:0.36575
scenic:0.35375
plot:0.348
beautiful:0.346
storytelling:0.34425
chase:0.344
feel good movie:0.333
great movie:0.3295
shallow:0.3205
suprisingly clever:0.30875
not funny:0.308
girlie movie:0.30775
internet:0.30475
unfunny:0.30125
classic:0.29975
excellent:0.29725
entirely dialogue:0.29175
redemption:0.29175
predictable:0.28675
lone hero:0.283
passionate:0.282
ensemble cast:0.27675
guilty pleasure:0.276
adventure:0.2755
too short:0.274
british:0.2705
police investigation:0.27
oscar (best music - original song):0.2695
cool:0.2685
artistic:0.265
vengeance:0.26425
adapted from:book:0.26275
script:0.2625
runaway:0.2625
disney:0.2615
natural disaster:0.25975
affectionate:0.259
sacrifice:0.2585
blindness:0.25825
touching:0.25675
cute:0.25175
good versus evil:0.25125
memory:0.2505
costume drama:0.24975
fantasy:0.2495
silly fun:0.24875
loneliness:0.24875
kids:0.24775
cinematography:0.24675
first contact:0.24125
