hitchcock:0.99875
criterion:0.98025
train:0.96525
conspiracy:0.9635
espionage:0.9605
imdb top 250:0.95925
suspenseful:0.95425
spy:0.934
spying:0.91825
classic:0.90225
mystery:0.89775
suspense:0.89425
obsession:0.8795
enigmatic:0.87375
witty:0.871
tense:0.8685
secrets:0.86
thriller:0.857
politics:0.8315
talky:0.825
british:0.7865
runaway:0.77425
twists & turns:0.7735
original:0.7705
oscar (best actress):0.769
england:0.7635
screwball:0.751
masterpiece:0.7475
clever:0.7435
great ending:0.7405
idealism:0.73625
complex:0.72325
oscar (best directing):0.70625
political:0.69025
farce:0.69
allegory:0.679
foreign:0.6775
trains:0.6725
murder:0.6725
great acting:0.67175
romance:0.66925
dialogue:0.66775
absurd:0.66675
complicated:0.662
hotel:0.6615
cerebral:0.6565
mistaken identity:0.65025
interesting:0.648
1930s:0.6475
murder mystery:0.6445
police investigation:0.64075
investigation:0.63875
corruption:0.63075
chase:0.62825
comedy:0.626
betrayal:0.6075
assassination:0.6075
spies:0.60175
atmospheric:0.6005
paranoia:0.59325
claustrophobic:0.587
gunfight:0.58475
paranoid:0.5795
identity:0.5745
earnest:0.573
black and white:0.57175
fast paced:0.566
exceptional acting:0.56575
cinematography:0.56575
greed:0.5575
pornography:0.555
great:0.55475
whimsical:0.55375
light:0.55225
culture clash:0.546
storytelling:0.54575
suprisingly clever:0.54575
golden palm:0.5425
adultery:0.539
plot:0.53875
very interesting:0.53875
ominous:0.536
sexy:0.533
affectionate:0.53275
humorous:0.519
british comedy:0.5145
forceful:0.50975
unusual plot structure:0.50925
beautiful scenery:0.508
good acting:0.5015
twist:0.498
story:0.49475
visually appealing:0.48725
colourful:0.48575
romantic:0.484
imagination:0.483
breathtaking:0.48075
fascism:0.47925
adapted from:book:0.47575
good:0.474
