remake:0.94375
drama:0.8995
comedy:0.88075
parenthood:0.8755
original:0.79725
children:0.7875
pg-13:0.77775
feel-good:0.75925
heartwarming:0.75675
lawyer:0.67625
feel good movie:0.64675
story:0.6095
sentimental:0.605
family:0.6045
predictable:0.598
identity:0.5925
great ending:0.5325
mentor:0.51875
funny:0.51075
happy ending:0.4895
unfunny:0.4855
so bad it's funny:0.469
catastrophe:0.46475
transformation:0.4495
touching:0.447
silly:0.4445
family drama:0.43375
plot:0.43
emotional:0.4275
dramatic:0.4225
dialogue:0.42225
culture clash:0.4135
runaway:0.40825
fantasy world:0.4055
slapstick:0.3995
crude humor:0.38775
childhood:0.38475
light:0.37975
very funny:0.37725
first contact:0.371
existentialism:0.36125
race:0.35325
bad plot:0.351
midlife crisis:0.33725
fight scenes:0.3355
blindness:0.333
shallow:0.3315
creativity:0.3315
redemption:0.3315
dumb but funny:0.33
entertaining:0.31775
big budget:0.31725
adaptation:0.31525
survival:0.31425
gangsters:0.31425
better than expected:0.311
teens:0.30675
fun movie:0.3065
chase:0.29825
new york city:0.295
special effects:0.2935
quirky:0.28875
visually appealing:0.28675
teen movie:0.28625
not funny:0.284
fun:0.28275
adoption:0.2795
sci fi:0.27675
storytelling:0.27575
good:0.27075
natural disaster:0.27025
silly fun:0.26675
good soundtrack:0.2655
plot holes:0.2635
foul language:0.26325
ridiculous:0.26275
farce:0.2625
suprisingly clever:0.25875
fantasy:0.25675
life philosophy:0.255
spelling bee:0.253
weird:0.252
overrated:0.24675
great:0.2465
thought-provoking:0.24575
lawyers:0.2455
complex:0.242
grindhouse:0.23975
lone hero:0.23675
melancholic:0.23675
criterion:0.23575
kids:0.23425
police investigation:0.234
based on a book:0.23325
destiny:0.233
unusual plot structure:0.23225
pornography:0.23125
relationships:0.2295
brutality:0.229
action:0.22675
