gay character:0.9835
gay:0.9695
off-beat comedy:0.958
small town:0.93575
beauty pageant:0.93025
comedy:0.87675
original:0.801
funny:0.78475
texas:0.76725
stereotypes:0.75625
homosexuality:0.71675
very funny:0.666
feel-good:0.65225
dialogue:0.647
quirky:0.6405
good soundtrack:0.59375
humorous:0.57125
foul language:0.55325
great ending:0.54875
hilarious:0.54575
redemption:0.545
absurd:0.54225
watch the credits:0.53575
happy ending:0.53275
ensemble cast:0.52975
feel good movie:0.52825
mistaken identity:0.5245
queer:0.52175
melancholic:0.52175
homophobia:0.51975
independent film:0.49225
bank robbery:0.484
teen:0.484
plot twist:0.481
goofy:0.4745
predictable:0.4735
mentor:0.47075
relationships:0.46425
witty:0.46375
pornography:0.45475
touching:0.45425
silly:0.43775
fantasy world:0.43725
runaway:0.43425
social commentary:0.43275
catastrophe:0.429
suprisingly clever:0.42875
clever:0.4285
pg-13:0.4275
great:0.427
culture clash:0.41875
writers:0.41625
fun movie:0.416
entirely dialogue:0.41575
light:0.41575
weird:0.415
narrated:0.40875
black comedy:0.408
interesting:0.40375
whimsical:0.402
good:0.3995
storytelling:0.3975
unlikely friendships:0.39725
destiny:0.39725
teen movie:0.39275
drama:0.39275
better than expected:0.388
farce:0.3855
sarcasm:0.384
dark humor:0.38225
honest:0.38225
shopping:0.3765
unfunny:0.37375
crime gone awry:0.37225
drinking:0.36725
women:0.36675
sweet:0.36525
harsh:0.3615
friendship:0.36075
identity:0.355
violence:0.353
loneliness:0.352
satire:0.35075
crude humor:0.347
good acting:0.34275
adaptation:0.3415
entertaining:0.339
story:0.3355
greed:0.33075
exceptional acting:0.32925
imdb top 250:0.328
very good:0.326
period piece:0.3215
corruption:0.3195
irreverent:0.3155
stupidity:0.31475
chase:0.313
nudity (full frontal - brief):0.31225
workplace:0.3115
talky:0.31125
