japan:0.97525
action:0.9535
future:0.952
futuristic:0.92325
japanese:0.92325
alien invasion:0.90975
alien:0.901
sci-fi:0.888
aliens:0.8845
father daughter relationship:0.85925
sci fi:0.853
cool:0.81675
scifi:0.813
action packed:0.79675
fight scenes:0.7925
assassin:0.7895
original:0.78575
tokyo:0.77975
good action:0.7735
kung fu:0.75825
fun:0.724
special effects:0.724
fun movie:0.70275
good soundtrack:0.67375
allegory:0.6485
mentor:0.6455
time travel:0.639
visually appealing:0.6325
weapons:0.6315
stylish:0.61725
gangsters:0.609
science fiction:0.59525
brutality:0.59075
vengeance:0.584
revenge:0.577
visually stunning:0.56875
great ending:0.5495
cyborgs:0.545
fast paced:0.53625
destiny:0.52175
visual:0.51375
cult film:0.506
gunfight:0.4975
big budget:0.49725
life philosophy:0.4885
suprisingly clever:0.4875
cinematography:0.48025
storytelling:0.47925
story:0.47875
chase:0.4765
entertaining:0.4735
transformation:0.47025
redemption:0.467
stunning:0.46475
foreign:0.45825
plot holes:0.446
great:0.4415
memory:0.437
betrayal:0.43625
hitman:0.4345
clones:0.429
better than expected:0.42475
dark hero:0.42225
plot:0.4215
motorcycle:0.41825
technology:0.4155
sacrifice:0.4075
talky:0.40275
good:0.39975
catastrophe:0.39975
breathtaking:0.39625
lone hero:0.39625
splatter:0.396
life & death:0.384
stylized:0.38025
first contact:0.3765
runaway:0.376
kick-butt women:0.376
childhood:0.37475
assassins:0.37375
love story:0.3725
dialogue:0.37225
criterion:0.3695
weird:0.368
fantasy world:0.3635
beautiful scenery:0.36025
cgi:0.35975
melancholic:0.357
light:0.35475
harsh:0.352
not funny:0.351
car chase:0.3495
bloody:0.34775
explosions:0.34675
bollywood:0.34325
cerebral:0.343
alter ego:0.34
so bad it's funny:0.3385
assassination:0.3375
plot twist:0.3345
