jews:0.98875
anti-semitism:0.96275
genocide:0.95775
nazis:0.94875
nazi:0.89175
1930s:0.876
world war ii:0.86725
dramatic:0.85225
jewish:0.8415
true story:0.83
based on true story:0.8295
germany:0.80475
oscar (best actress):0.796
technology:0.7665
oscar (best supporting actress):0.75425
adaptation:0.73175
corruption:0.71225
political:0.69825
politics:0.69625
ensemble cast:0.69075
sexualized violence:0.6865
cuba:0.68525
compassionate:0.65475
brainwashing:0.6535
spelling bee:0.649
camp:0.646
nudity (topless - brief):0.64425
based on a true story:0.63525
movielens top pick:0.61225
dialogue:0.612
cinematography:0.6115
drama:0.60875
doctors:0.60225
fighting the system:0.60175
psychiatry:0.6005
stunning:0.59975
betrayal:0.59725
wwii:0.595
lawyers:0.59075
powerful ending:0.58525
original:0.5795
guilt:0.575
melancholic:0.574
brutal:0.56375
historical:0.56125
great acting:0.56075
violence:0.55575
political corruption:0.5545
crime:0.552
adapted from:book:0.5505
good soundtrack:0.54675
oscar (best directing):0.54525
moral ambiguity:0.5445
harsh:0.54325
complex:0.53175
atmospheric:0.529
talky:0.5235
great movie:0.52275
enigmatic:0.5165
runaway:0.50475
intelligent:0.50275
history:0.499
ironic:0.49875
mob:0.4985
twists & turns:0.49475
great ending:0.49
culture clash:0.48575
california:0.477
oscar (best writing - screenplay written directly for the screen):0.476
complicated:0.47075
stylized:0.46475
manipulation:0.463
story:0.4625
visceral:0.46175
francis ford copolla:0.46075
mentor:0.457
german:0.45325
absurd:0.43625
author:neil gaiman:0.42475
police investigation:0.4245
nudity (full frontal - brief):0.422
slow paced:0.42175
freedom:0.421
wartime:0.41975
insanity:0.4195
psychological:0.417
journalism:0.4155
perfect:0.40725
tricky:0.40425
catastrophe:0.4015
race issues:0.39925
distopia:0.3985
not funny:0.39325
imdb top 250:0.391
world politics:0.388
slow:0.38675
farce:0.38625
quirky:0.38625
male nudity:0.384
criterion:0.383
