kids and family:0.86825
family:0.83725
afterlife:0.8235
ghosts:0.81575
predictable:0.74625
supernatural:0.743
original:0.731
children:0.67325
family drama:0.6335
fantasy:0.62675
silly:0.624
mentor:0.55625
pointless:0.549
great ending:0.5445
happy ending:0.5215
natural disaster:0.51925
silly fun:0.512
bad plot:0.50825
fun movie:0.502
fantasy world:0.499
franchise:0.493
comedy:0.4775
special effects:0.476
feel-good:0.469
overrated:0.462
goofy:0.43875
catastrophe:0.4375
magic:0.4325
corny:0.4315
so bad it's funny:0.43075
scary:0.42075
disaster:0.405
entertaining:0.40375
feel good movie:0.39725
cheesy:0.39425
horrible:0.39375
first contact:0.3895
adventure:0.38625
ghosts/afterlife:0.385
fun:0.38175
destiny:0.378
dialogue:0.377
life philosophy:0.37625
fight scenes:0.35275
good:0.351
storytelling:0.342
redemption:0.3265
big budget:0.31975
very funny:0.31875
pornography:0.3175
dysfunctional family:0.30925
light:0.3065
death:0.306
unusual plot structure:0.305
adaptation:0.302
weird:0.29825
stupid as hell:0.2945
quirky:0.28975
crappy sequel:0.287
crude humor:0.28625
not funny:0.27625
stupid:0.27075
cult film:0.27025
nudity (full frontal - brief):0.27025
stereotypes:0.26975
unfunny:0.2675
cute!:0.267
entirely dialogue:0.266
multiple storylines:0.26175
bad cgi:0.261
brutality:0.26075
girlie movie:0.2595
vengeance:0.2575
sci fi:0.25725
culture clash:0.25675
nudity (rear):0.25625
pulp:0.25425
nocturnal:0.25225
classic car:0.252
touching:0.251
hospital:0.25025
melancholic:0.24675
justice:0.243
parenthood:0.2405
pg-13:0.23875
kids:0.2365
runaway:0.2355
single father:0.234
shallow:0.23225
story:0.23225
dreamlike:0.2315
writers:0.231
london:0.231
alternate reality:0.23075
whimsical:0.229
unlikely friendships:0.227
boring:0.22525
childhood:0.223
imdb top 250:0.22125
action:0.22025
