1930s:0.95175
rags to riches:0.894
whimsical:0.8305
destiny:0.81375
feel-good:0.7935
period piece:0.79025
screwball comedy:0.77725
england:0.77225
london:0.74825
amy smart:0.746
romantic:0.717
fairy tale:0.71225
feel good movie:0.70375
happy ending:0.691
light:0.68375
witty:0.68225
nudity (rear):0.67375
original:0.66575
romantic comedy:0.6395
screwball:0.6335
british:0.62175
wartime:0.61925
farce:0.58675
mentor:0.58175
pg-13:0.577
romance:0.5575
oscar (best actress):0.5535
story:0.54875
culture clash:0.545
comedy:0.539
catastrophe:0.5285
dialogue:0.52825
great acting:0.51025
oscar:0.4835
fantasy world:0.48
transformation:0.47675
love triangles:0.46625
runaway:0.44875
life philosophy:0.4435
fairy tales:0.44175
great:0.4405
unlikely friendships:0.43
homeless:0.42775
costume drama:0.4275
affectionate:0.42575
great ending:0.4165
good:0.41225
beautiful scenery:0.411
friendship:0.408
sweet:0.4055
drama:0.4055
quirky:0.404
adaptation:0.396
family:0.39575
oscar (best supporting actress):0.39225
loneliness:0.39125
betrayal:0.3865
love story:0.38475
fashion:0.3845
entirely dialogue:0.38075
adultery:0.37625
fun:0.3685
based on a play:0.36525
heartwarming:0.3635
love:0.361
fight scenes:0.3565
magic:0.355
clever:0.3485
girlie movie:0.3475
good acting:0.34675
world war ii:0.3455
idealism:0.34525
sexy:0.34075
music:0.33725
good romantic comedies:0.3355
pornography:0.33525
sacrifice:0.3235
musical:0.3195
passionate:0.31475
depression:0.311
predictable:0.3105
cute:0.31
fun movie:0.30575
art:0.30525
excellent:0.30475
better than expected:0.304
cinematography:0.30375
stereotypes:0.3035
redemption:0.30225
storytelling:0.30175
touching:0.3005
adventure:0.30025
nostalgic:0.3
fast paced:0.295
dramatic:0.2945
visually appealing:0.294
bittersweet:0.28925
hotel:0.287
childhood:0.283
segregation:0.282
