sports:0.96525
kids:0.93025
football:0.89175
underdog:0.8405
soccer:0.77925
children:0.75725
kids and family:0.71925
original:0.69875
disney:0.6835
feel-good:0.66725
family:0.667
childhood:0.63625
teacher:0.62625
cute!:0.58175
bullying:0.55325
fun:0.54675
mentor:0.54125
feel good movie:0.52325
predictable:0.47725
small town:0.46825
cute:0.46125
inspirational:0.4585
good:0.45425
texas:0.44175
fun movie:0.41775
catastrophe:0.40525
so bad it's funny:0.37125
destiny:0.35575
great:0.35325
great ending:0.34225
not funny:0.33575
adventure:0.31975
life philosophy:0.31825
dialogue:0.31725
adaptation:0.3145
lone hero:0.3085
overrated:0.28475
bad plot:0.2835
redemption:0.282
story:0.2815
first contact:0.281
culture clash:0.2805
not as good as the first:0.28
runaway:0.279
storytelling:0.27375
happy ending:0.272
creativity:0.26925
very funny:0.2655
silly fun:0.26175
natural disaster:0.26025
romance:0.25275
quirky:0.24725
fantasy world:0.24525
unfunny:0.2445
brutality:0.24325
life & death:0.24175
basketball:0.24175
clever:0.24025
immigrants:0.23875
unusual plot structure:0.23825
nostalgic:0.234
fight scenes:0.22725
bad cgi:0.2265
competition:0.2255
good soundtrack:0.222
greed:0.217
oscar (best directing):0.21625
spelling bee:0.21075
stereotypes:0.20775
entirely dialogue:0.2055
multiple storylines:0.20525
vengeance:0.2035
adapted from:book:0.203
justice:0.2015
drama:0.20025
nudity (full frontal - brief):0.19875
slapstick:0.19625
unlikely friendships:0.19425
sci fi:0.1925
sentimental:0.191
pg:0.18875
disaster:0.18825
horrible:0.18575
gangsters:0.1855
school:0.18525
pg-13:0.183
cult film:0.1825
classic car:0.1825
betrayal:0.1825
weapons:0.18225
transformation:0.181
visually stunning:0.1795
dreamlike:0.178
cinematography:0.17775
crude humor:0.177
queer:0.17525
light:0.174
police investigation:0.17225
bad:0.172
women:0.17125
