romantic comedy:0.909
idiotic:0.8185
original:0.76075
stupid as hell:0.75125
natural disaster:0.688
quirky:0.672
silly:0.671
destiny:0.66475
pointless:0.6605
predictable:0.65625
goofy:0.6415
comedy:0.633
great ending:0.6135
happy ending:0.60925
eccentricity:0.60125
absurd:0.58125
bad:0.56875
chick flick:0.5655
romantic:0.55825
shallow:0.55625
dumb:0.55175
horrible:0.545
coen bros:0.524
stupid:0.51
crude humor:0.4985
life philosophy:0.48175
dialogue:0.47875
obsession:0.465
feel-good:0.46325
ridiculous:0.45725
screwball comedy:0.45575
stupidity:0.447
stereotypes:0.44675
fun:0.442
catastrophe:0.44125
weird:0.441
overrated:0.4405
very funny:0.42925
good soundtrack:0.4275
crazy:0.427
bad plot:0.42325
redemption:0.40925
mentor:0.409
family:0.40225
satire:0.3995
off-beat comedy:0.39725
satirical:0.3925
feel good movie:0.3925
sci fi:0.38825
romance:0.38125
chase:0.378
corny:0.37425
lame:0.37075
fun movie:0.36975
bad acting:0.368
cute:0.367
product placement:0.36125
fight scenes:0.35975
gangsters:0.35925
entertaining:0.35775
fantasy world:0.3545
pornography:0.35375
slapstick:0.3455
twists & turns:0.3435
first contact:0.3415
dumb but funny:0.3415
bad ending:0.3375
culture clash:0.33675
so bad it's funny:0.332
light:0.3245
runaway:0.322
surreal:0.31475
screwball:0.31175
brutality:0.31
sweet:0.305
inspirational:0.2925
storytelling:0.2915
imdb top 250:0.29125
cult film:0.291
unfunny:0.291
silly fun:0.28925
notable nudity:0.28875
entirely dialogue:0.28875
great:0.28825
pg-13:0.282
funny:0.28075
good:0.2805
women:0.28
road movie:0.27725
awful:0.27675
internet:0.27025
life & death:0.27
farce:0.2695
adaptation:0.26875
unlikeable characters:0.265
mars:0.2645
big budget:0.26125
suprisingly clever:0.2585
disaster:0.257
story:0.25
