cartoon:0.98575
too short:0.9685
short:0.95225
cult classic:0.9355
classic:0.92875
animation:0.89575
revenge:0.8875
storytelling:0.843
original:0.8425
animated:0.8375
visually appealing:0.8125
funny:0.809
goofy:0.788
very funny:0.782
vigilante:0.7805
visually stunning:0.77975
greed:0.76525
life & death:0.76275
brutality:0.757
cult:0.7565
destiny:0.748
vengeance:0.74625
tokyo:0.739
animals:0.7375
simple:0.73725
cult film:0.7335
weird:0.717
surreal:0.7155
culture clash:0.7075
hilarious:0.70625
death:0.702
social commentary:0.69625
dialogue:0.6955
stunning:0.69225
fantasy world:0.691
violent:0.68725
visual:0.68225
sweet:0.68
chase:0.67925
story:0.67675
gunfight:0.664
visceral:0.6605
family:0.659
creativity:0.656
dark:0.6465
plot:0.64525
harsh:0.63875
disturbing:0.63275
pg-13:0.632
survival:0.6295
silly:0.62375
scenic:0.615
stylized:0.60875
allegory:0.60775
suspense:0.60225
superheroes:0.6015
humor:0.591
dark hero:0.58975
imdb top 250:0.58275
suprisingly clever:0.5815
adapted from:book:0.5815
clever:0.57975
absurd:0.57625
intense:0.57475
whimsical:0.5745
good versus evil:0.57225
entertaining:0.571
comedy:0.56925
oscar (best actress):0.56425
atmospheric:0.55925
criterion:0.558
bleak:0.55525
great:0.54925
alter ego:0.54825
doctors:0.547
art:0.5455
corruption:0.536
fairy tale:0.53
colourful:0.52925
beautifully filmed:0.527
cinematography:0.526
bizarre:0.521
moral ambiguity:0.52075
computer animation:0.51975
giant robots:0.51725
nocturnal:0.51525
spoof:0.5055
imagination:0.5025
fun:0.49975
dramatic:0.48875
based on book:0.48875
animal movie:0.4875
nudity (full frontal - brief):0.48675
torture:0.4855
violence:0.482
dynamic cgi action:0.48025
sacrifice:0.48
dumb but funny:0.479
effects:0.479
humorous:0.47875
