oscar (best foreign language film):0.993
women:0.90175
relationships:0.87775
intellectual:0.871
life & death:0.86125
reflective:0.85425
beautifully filmed:0.8125
parenthood:0.79275
foreign:0.787
beautiful scenery:0.76275
bittersweet:0.747
original:0.7435
social commentary:0.70125
family drama:0.69425
life:0.68825
nudity (full frontal - notable):0.684
magic realism:0.664
melancholic:0.6575
life philosophy:0.65275
independent film:0.6485
good soundtrack:0.644
touching:0.6355
loneliness:0.635
mentor:0.612
death:0.596
disability:0.585
love:0.58225
philosophy:0.5815
storytelling:0.5785
affectionate:0.57775
quirky:0.57425
complex:0.5735
sacrifice:0.5665
prejudice:0.56025
suprisingly clever:0.55225
heartwarming:0.552
visually stunning:0.549
mental illness:0.549
idealism:0.54375
lesbian:0.53975
sad but good:0.537
adoption:0.53525
weird:0.53275
afterlife:0.528
drinking:0.52075
good:0.51675
pornography:0.51675
male nudity:0.51575
culture clash:0.512
intimate:0.51125
tragedy:0.507
friendship:0.5065
feel-good:0.5035
whimsical:0.49275
great ending:0.49125
emotional:0.49075
depression:0.49025
movielens top pick:0.4795
honest:0.47625
unlikely friendships:0.4725
oscar (best actress):0.46825
alternate universe:0.46825
narrated:0.4635
genocide:0.46175
oscar (best directing):0.4605
thought-provoking:0.459
great:0.458
great acting:0.4565
destiny:0.45325
literature:0.452
feel good movie:0.45
excellent script:0.44875
redemption:0.44525
interesting:0.44175
nudity (full frontal):0.43925
biographical:0.436
melancholy:0.43375
dialogue:0.4335
stereotypes:0.4325
runaway:0.43225
small town:0.4315
talky:0.4245
oscar (best supporting actress):0.42375
criterion:0.42225
writers:0.4215
catastrophe:0.421
brutality:0.42025
fantasy world:0.4195
pg-13:0.4185
very interesting:0.415
oscar:0.4135
eccentricity:0.40275
justice:0.39925
harsh:0.389
bleak:0.388
beautiful:0.3835
visually appealing:0.38075
love story:0.38025
ethnic conflict:0.378
entirely dialogue:0.37175
