teen movie:0.9905
high school:0.98475
teen:0.98225
robert downey jr:0.9635
teens:0.96175
adolescence:0.9595
teenager:0.957
rebellion:0.947
depression:0.93625
teenagers:0.93475
coming of age:0.92
school:0.90425
virginity:0.88575
comedy:0.879
original:0.877
drugs:0.86575
good soundtrack:0.8345
indie:0.8315
drug abuse:0.81025
mentor:0.8085
stereotypes:0.80225
cheerleading:0.80175
bullying:0.8015
pg-13:0.74125
drinking:0.7325
road trip:0.71225
feel-good:0.698
runaway:0.68875
great acting:0.68
redemption:0.65
loneliness:0.64975
fun movie:0.64925
funny:0.64675
boarding school:0.64225
pornography:0.64025
drama:0.63625
underdog:0.62925
happy ending:0.6255
life philosophy:0.615
feel good movie:0.6095
destiny:0.60025
crude humor:0.59025
independent film:0.5855
girlie movie:0.58025
nostalgic:0.5785
weed:0.57275
coming-of-age:0.561
kids:0.55
good:0.5365
clever:0.5355
childhood:0.53425
friendship:0.53375
geeks:0.5305
cute:0.51625
quirky:0.504
awesome soundtrack:0.5035
humor:0.49475
crime gone awry:0.49475
romantic:0.49375
great ending:0.489
great:0.48425
life:0.48075
honest:0.48
harsh:0.47975
dialogue:0.47625
gay character:0.4745
unlikely friendships:0.468
very funny:0.458
sweet:0.45675
catastrophe:0.4545
storytelling:0.4525
social commentary:0.442
california:0.43825
quotable:0.43475
fun:0.43325
predictable:0.419
adaptation:0.404
great soundtrack:0.403
story:0.403
small town:0.40075
good acting:0.397
humorous:0.39675
geek:0.395
stoner movie:0.395
hilarious:0.39425
death:0.39
entertaining:0.38575
nudity (full frontal - brief):0.38375
classic car:0.3835
culture clash:0.37975
suburbia:0.379
narrated:0.37725
alternate endings:0.366
amy smart:0.36525
teacher:0.36325
cool:0.363
parenthood:0.362
bittersweet:0.359
plot:0.35875
alter ego:0.35725
