historical:0.95225
france:0.9245
history:0.92375
god:0.90625
religion:0.8375
epic:0.78825
medieval:0.75025
us history:0.74125
insanity:0.73625
original:0.72225
story:0.72075
visually stunning:0.70675
dramatic:0.69725
brutality:0.68575
betrayal:0.65575
revolution:0.649
christianity:0.64125
politics:0.63625
destiny:0.636
factual:0.62975
courage:0.6215
revenge:0.615
mission from god:0.61275
biographical:0.6085
intense:0.5925
islam:0.5845
good:0.57625
storytelling:0.5715
jesus:0.5675
great:0.54175
dialogue:0.5395
catholicism:0.52975
catastrophe:0.5155
rape:0.5145
violence:0.5145
cinematography:0.5125
great ending:0.5105
biblical:0.51025
good soundtrack:0.5075
great acting:0.50725
beautiful scenery:0.505
christian:0.49375
mentor:0.485
plot:0.47575
vengeance:0.464
sacrifice:0.455
shallow:0.45225
period piece:0.44925
french:0.4485
adaptation:0.447
fight scenes:0.44675
bloody:0.445
redemption:0.44
dynamic cgi action:0.4385
visual:0.43825
war:0.43775
passionate:0.4355
very interesting:0.43225
corruption:0.4265
first contact:0.4245
big budget:0.42275
predictable:0.417
violent:0.40975
mental illness:0.40825
murder:0.40675
weapons:0.405
true story:0.4045
psychiatry:0.4035
runaway:0.40225
pg-13:0.398
harsh:0.39525
idealism:0.395
psychological:0.394
justice:0.388
drama:0.3865
horrible:0.383
splatter:0.38125
culture clash:0.37675
stunning:0.376
new orleans:0.3755
special:0.37525
based on true story:0.37125
brutal:0.36625
action:0.365
psychology:0.365
england:0.364
visually appealing:0.362
oscar:0.3505
not funny:0.3505
complex:0.3495
great movie:0.3465
greed:0.3415
freedom:0.3405
life philosophy:0.33925
mythology:0.33675
nudity (full frontal - brief):0.3345
chase:0.33275
devil:0.3315
sexualized violence:0.32675
death:0.326
