dark hero:0.9975
batman:0.9905
super hero:0.96325
super-hero:0.954
superheroes:0.948
animation:0.9465
superhero:0.9405
comic book adaption:0.91225
computer animation:0.907
alter ego:0.90225
cartoon:0.88675
action:0.87725
original:0.87325
action packed:0.86075
comic book:0.838
animated:0.8225
vigilante:0.817
fight scenes:0.81275
series:0.8105
vengeance:0.803
good action:0.77625
comics:0.757
story:0.738
corruption:0.71875
family:0.7095
graphic novel:0.6955
complex:0.69125
chase:0.6725
dynamic cgi action:0.662
betrayal:0.6555
light:0.63825
good:0.638
great:0.6355
kidnapping:0.632
dialogue:0.62775
fast paced:0.62725
bad plot:0.6165
dark:0.61075
violence:0.60325
animal movie:0.60075
violent:0.583
happy ending:0.58225
pg-13:0.57825
adventure:0.55525
goretastic:0.53925
storytelling:0.53775
animals:0.53525
big budget:0.53275
franchise:0.5175
fighting:0.5165
android(s)/cyborg(s):0.51
survival:0.50775
anti-hero:0.5045
destiny:0.48925
revenge:0.4885
murder:0.4825
nocturnal:0.482
crude humor:0.47525
childhood:0.45925
better than expected:0.44425
predictable:0.443
enormously long battle scene:0.4405
fun:0.43875
clever:0.4375
humor:0.433
brutality:0.41925
suspense:0.417
3d:0.41375
catastrophe:0.4065
unusual plot structure:0.405
great ending:0.3985
motorcycle:0.398
watch the credits:0.3975
transformation:0.3975
not funny:0.3965
weapons:0.39575
exciting:0.395
torture:0.389
sacrifice:0.38725
mentor:0.3805
witty:0.38025
police investigation:0.37975
giant robots:0.37775
kids:0.375
cgi:0.37475
feel-good:0.37025
children:0.3685
adaptation:0.36825
redemption:0.36375
pornography:0.36175
cool:0.361
based on a comic:0.36
blood:0.3595
good soundtrack:0.35725
death:0.355
adapted from:book:0.3495
police corruption:0.348
funny as hell:0.3465
gay character:0.3455
buddy movie:0.34475
