war:0.883
vietnam war:0.85525
drama:0.853
unlikely friendships:0.84025
friendship:0.8375
war movie:0.83175
dramatic:0.7465
original:0.69175
loneliness:0.67825
ethnic conflict:0.623
vietnam:0.6025
drinking:0.60025
romance:0.59525
oscar (best supporting actress):0.588
great:0.5695
idealism:0.56875
good soundtrack:0.53925
poignant:0.533
dialogue:0.52375
great acting:0.51875
tragedy:0.51375
destiny:0.50925
realistic:0.502
runaway:0.49525
wartime:0.48275
sacrifice:0.4795
catastrophe:0.4795
gay character:0.47375
best war films:0.47125
guilt:0.47075
small town:0.4675
emotional:0.4665
innocence lost:0.46525
good:0.465
mentor:0.463
based on a play:0.45925
death:0.45525
family:0.449
exceptional acting:0.44675
relationships:0.443
melancholic:0.4395
criterion:0.43725
story:0.431
nudity (topless - notable):0.42975
bollywood:0.42775
oscar (best supporting actor):0.42625
gangsters:0.42625
great ending:0.4235
fun movie:0.42125
awesome soundtrack:0.4205
oscar (best directing):0.4195
fantasy world:0.4185
culture clash:0.412
redemption:0.407
interracial romance:0.4035
betrayal:0.39875
love story:0.389
bittersweet:0.38725
honest:0.38625
social commentary:0.38
excellent:0.37875
adaptation:0.37375
transformation:0.36975
predictable:0.36775
not funny:0.364
romantic:0.3575
childhood:0.3555
talky:0.354
effects:0.35275
vengeance:0.34775
corruption:0.347
great movie:0.34675
visually appealing:0.34675
politics:0.34525
harsh:0.3425
depression:0.34225
british:0.334
witty:0.333
nostalgic:0.33175
buddy movie:0.3315
stereotypes:0.32925
heartbreaking:0.32825
period piece:0.3275
oscar (best actress):0.32375
stylized:0.32125
race issues:0.312
nudity (full frontal - notable):0.3095
greed:0.309
nudity (rear):0.305
civil war:0.305
fashion:0.30425
hospital:0.303
powerful ending:0.3015
weird:0.30125
adapted from:book:0.29825
very interesting:0.29575
brutality:0.29475
satire:0.29375
feel-good:0.2875
courage:0.28725
