girlie movie:0.926
single father:0.88075
high school:0.86875
boxing:0.867
coming-of-age:0.865
teen movie:0.84475
teen:0.8095
teens:0.8055
drama:0.7935
relationships:0.77925
good soundtrack:0.762
coming of age:0.74875
mentor:0.738
adolescence:0.73375
brutality:0.72375
women:0.72025
original:0.69875
realistic:0.68175
sports:0.6645
unlikely friendships:0.6505
inspirational:0.65
runaway:0.6455
pg-13:0.629
intense:0.62725
story:0.60825
gritty:0.5925
friendship:0.59
fighting:0.56125
redemption:0.5595
pornography:0.554
childhood:0.55325
honest:0.5455
great:0.5425
dialogue:0.542
culture clash:0.541
sexy:0.53025
violence:0.5295
independent film:0.51725
stereotypes:0.51175
intimate:0.506
good:0.49775
feel-good:0.4955
melancholic:0.493
interesting:0.489
oscar (best actress):0.484
great ending:0.47425
school:0.46875
storytelling:0.466
teenager:0.45475
dreams:0.447
predictable:0.4465
gangs:0.44575
harsh:0.43775
very interesting:0.429
affectionate:0.4275
bullying:0.427
suburbia:0.4245
drinking:0.42425
great acting:0.4235
catastrophe:0.4225
destiny:0.41125
sexualized violence:0.40875
rebellion:0.39875
dysfunctional family:0.398
teacher:0.39675
secrets:0.39275
fight scenes:0.39225
visually appealing:0.391
love story:0.38725
chick flick:0.387
complex:0.385
good acting:0.3805
happy ending:0.3805
fantasy world:0.3755
dramatic:0.37375
vengeance:0.36975
pulp:0.36975
cheerleading:0.3635
feel good movie:0.361
not funny:0.3595
emotional:0.35925
indie:0.3565
touching:0.35475
betrayal:0.35375
character study:0.3535
suprisingly clever:0.3495
social commentary:0.34525
very good:0.34375
oscar (best directing):0.34275
beautifully filmed:0.3405
new jersey:0.3395
family drama:0.3315
hospital:0.33025
father daughter relationship:0.32675
love:0.32525
weird:0.32475
small town:0.324
adaptation:0.3225
police investigation:0.32225
great soundtrack:0.3215
