martial arts:0.9975
kung fu:0.98925
fight scenes:0.9885
action:0.977
comedy:0.97175
buddy movie:0.95675
good action:0.93675
fun movie:0.91625
fighting:0.893
action packed:0.852
hong kong:0.8505
great movie:0.83025
china:0.792
funny:0.7795
entertaining:0.77725
humorous:0.768
fun:0.7655
great:0.757
original:0.73375
fast paced:0.7225
goofy:0.7215
pg-13:0.70825
indians:0.6985
chase:0.69475
race issues:0.6905
western:0.6835
cool:0.67825
culture clash:0.6725
very funny:0.65825
hilarious:0.65075
good:0.63175
story:0.6185
mentor:0.6155
dialogue:0.61275
silly fun:0.60975
chris tucker:0.6095
big budget:0.609
swashbuckler:0.603
adventure:0.60075
silly:0.6005
stereotypes:0.598
humor:0.579
kidnapping:0.574
vengeance:0.54425
ninja:0.5395
superheroes:0.522
lone hero:0.51925
bad plot:0.5125
revenge:0.5005
family:0.485
catastrophe:0.48425
comic:0.47675
better than expected:0.47575
dynamic cgi action:0.4735
predictable:0.47275
weapons:0.4725
light:0.47075
great ending:0.4705
gunfight:0.46675
exciting:0.45975
whimsical:0.45925
slapstick:0.45575
destiny:0.45475
beautiful scenery:0.451
parody:0.442
runaway:0.43725
creativity:0.433
transformation:0.4095
native americans:0.4
dragons:0.39925
storytelling:0.397
original plot:0.39075
clever:0.39025
kick-butt women:0.39025
visually stunning:0.38725
crude humor:0.38725
redemption:0.3855
drinking:0.38425
good soundtrack:0.3785
slavery:0.3725
car chase:0.365
violence:0.3595
brutality:0.358
plot:0.35525
super hero:0.3515
sword fight:0.35075
not funny:0.34825
very good:0.3475
franchise:0.34725
life philosophy:0.347
alter ego:0.346
unlikely friendships:0.33325
childhood:0.324
unfunny:0.32175
police investigation:0.32175
awesome soundtrack:0.316
sexy:0.316
breathtaking:0.31575
quotable:0.31525
adaptation:0.3145
