sword fighting:0.9885
ninja:0.985
splatter:0.9725
vengeance:0.96675
bloody:0.965
violent:0.9435
samurai:0.93775
violence:0.9265
sword fight:0.91675
weapons:0.88425
cult classic:0.88075
brutality:0.879
japan:0.871
fight scenes:0.86425
assassin:0.856
blood:0.85525
stylish:0.85225
revenge:0.852
gory:0.8465
stylized:0.83725
assassins:0.8355
weird:0.761
brutal:0.7585
grindhouse:0.75475
kung fu:0.74475
narrated:0.7425
action:0.74225
criterion:0.73925
father son relationship:0.738
original:0.7365
cool:0.72975
graphic novel:0.7205
death:0.7105
cinematography:0.68725
life & death:0.68125
visceral:0.6775
social commentary:0.67275
cult film:0.67125
masterpiece:0.671
goretastic:0.6455
martial arts:0.641
transformation:0.64075
mentor:0.63175
visually stunning:0.62925
gunfight:0.62075
assassination:0.61575
good soundtrack:0.61425
intimate:0.60925
dark hero:0.60525
storytelling:0.59975
sexualized violence:0.59825
pornography:0.575
golden palm:0.56925
breathtaking:0.5625
harsh:0.56225
disturbing:0.55525
enigmatic:0.5415
tokyo:0.5345
dialogue:0.51275
gratuitous violence:0.5075
highly quotable:0.5065
childhood:0.50625
melancholic:0.505
visually appealing:0.503
japanese:0.50225
insanity:0.49075
atmospheric:0.48875
dark humor:0.48575
hitman:0.48025
betrayal:0.47975
suprisingly clever:0.471
fast paced:0.46875
talky:0.46725
surreal:0.46525
murder:0.46175
fighting:0.46125
gore:0.461
dark:0.461
tense:0.457
great ending:0.4525
great:0.4505
visual:0.44425
movielens top pick:0.4385
road movie:0.438
cult:0.42975
father-son relationship:0.4285
catastrophe:0.4235
hit men:0.4225
allegory:0.417
low budget:0.411
imdb top 250:0.40575
classic car:0.3995
macabre:0.399
silent:0.3985
beautifully filmed:0.397
adaptation:0.3885
demons:0.38775
apocalypse:0.386
grim:0.374
runaway:0.371
