serial killer:0.998
disturbing:0.9585
brutality:0.942
violence:0.92225
murder:0.9085
violent:0.905
brutal:0.90325
police investigation:0.879
visceral:0.865
psychology:0.864
character study:0.86125
splatter:0.84375
psychological:0.8205
creepy:0.80575
gruesome:0.792
grim:0.792
original:0.76575
insanity:0.76475
pornography:0.7595
cult film:0.7515
grindhouse:0.74775
weird:0.74575
horror:0.74425
gory:0.744
dark:0.73
downbeat:0.686
psychiatry:0.6835
bloody:0.68225
sexual abuse:0.6785
good soundtrack:0.67525
sexualized violence:0.666
controversial:0.664
cult classic:0.65025
hard to watch:0.64875
intense:0.64425
social commentary:0.6405
low budget:0.62875
dark humor:0.61575
voyeurism:0.61
stylish:0.60825
nudity (topless - brief):0.6055
vengeance:0.604
melancholic:0.59775
harsh:0.58825
tense:0.58275
moral ambiguity:0.57425
obsession:0.57075
macabre:0.56425
atmospheric:0.556
stylized:0.55125
slasher:0.546
interesting:0.5445
torture:0.53075
bleak:0.5295
blood:0.526
graphic novel:0.52525
loneliness:0.5025
gritty:0.50025
suspense:0.495
cult:0.4905
very interesting:0.47575
revenge:0.47525
great ending:0.4725
incest:0.4705
rape:0.46775
nudity (full frontal - notable):0.46725
black comedy:0.46
scary:0.45775
guilt:0.453
dialogue:0.445
paranoid:0.4445
frightening:0.44375
independent film:0.42275
dysfunctional family:0.41975
pointless:0.419
mentor:0.416
suspenseful:0.41575
catastrophe:0.397
crime:0.39625
criterion:0.39525
goretastic:0.39275
not funny:0.38925
narrated:0.388
justice:0.381
cerebral:0.37425
runaway:0.368
addiction:0.364
intimate:0.364
adaptation:0.35725
gratuitous violence:0.3565
male nudity:0.353
fantasy world:0.35225
culture clash:0.351
redemption:0.34825
supernatural:0.34175
nocturnal:0.3415
visually appealing:0.34125
dark comedy:0.341
manipulation:0.33975
talky:0.33625
