marx brothers:0.97675
classic:0.96625
comedy:0.963
opera:0.912
imdb top 250:0.8775
witty:0.83
hilarious:0.79725
criterion:0.79325
brothers:0.777
afi 100 (laughs):0.775
original:0.77025
oscar (best actress):0.7605
funny:0.75975
quotable:0.75725
hotel:0.74725
satire:0.74175
talky:0.74075
musical:0.727
absurd:0.726
music:0.72475
farce:0.712
screwball:0.71125
runaway:0.71075
masterpiece:0.70075
social commentary:0.69275
oscar (best directing):0.689
humorous:0.6855
unusual plot structure:0.68075
culture clash:0.6775
1930s:0.66175
irreverent:0.651
dramatic:0.65025
very funny:0.6405
clever:0.63325
affectionate:0.62825
chase:0.62525
adapted from:book:0.61175
surreal:0.61175
visually appealing:0.60925
oscar (best supporting actress):0.60875
golden palm:0.59775
suprisingly clever:0.59375
satirical:0.58825
movielens top pick:0.58725
good music:0.58575
insanity:0.582
romantic:0.5795
funniest movies:0.57625
drinking:0.5625
great:0.55825
highly quotable:0.55775
enigmatic:0.557
mozart:0.5495
humor:0.539
stylized:0.538
dialogue:0.536
cult classic:0.53425
gunfight:0.52625
artistic:0.518
based on a book:0.518
weird:0.516
perfect:0.51175
mentor:0.5115
melancholy:0.50975
childhood:0.50825
based on book:0.49775
light:0.49175
story:0.48625
suspense:0.485
parody:0.48325
slapstick:0.483
secrets:0.4785
atmospheric:0.478
great ending:0.47725
storytelling:0.4745
afi 100 (movie quotes):0.47425
cinematography:0.47175
breathtaking:0.471
black and white:0.4705
obsession:0.46925
police investigation:0.467
forceful:0.46575
pornography:0.4645
tense:0.46175
adaptation:0.4615
silent:0.46025
vengeance:0.4595
good soundtrack:0.45775
fun movie:0.455
visual:0.4465
good:0.4405
murder mystery:0.43825
off-beat comedy:0.43425
sexy:0.43225
romance:0.43075
funny as hell:0.43
nocturnal:0.42975
fighting the system:0.42925
great movie:0.42825
rebellion:0.4255
