vengeance:0.9755
revenge:0.96925
violent:0.95225
violence:0.94875
oscar (best editing):0.9355
vigilante:0.93075
brutality:0.9145
cult classic:0.8925
obsession:0.86225
disturbing:0.85825
tense:0.858
vigilantism:0.84775
criterion:0.8075
harsh:0.7995
brutal:0.799
visceral:0.79825
murder:0.7875
bloody:0.78275
character study:0.761
1970s:0.75975
grindhouse:0.75375
grim:0.75125
weapons:0.74325
gritty:0.7385
bleak:0.732
moral ambiguity:0.72675
hitman:0.72075
culture clash:0.717
gunfight:0.71375
enigmatic:0.70825
complex characters:0.69425
drinking:0.69125
original:0.6625
psychological:0.66075
hunting:0.657
corruption:0.6555
guilt:0.65225
intense:0.6495
pornography:0.63925
talky:0.639
tragedy:0.6325
movielens top pick:0.61975
neo-noir:0.619
dark humor:0.61775
texas:0.61525
cinematography:0.61325
sacrifice:0.61225
classic car:0.61175
highly quotable:0.6115
drama:0.604
stylish:0.59625
small town:0.5865
hospital:0.58575
mentor:0.5815
gangs:0.58
forceful:0.57925
downbeat:0.5745
good action:0.56125
cult film:0.55925
affectionate:0.55575
stylized:0.55075
crime gone awry:0.5475
sexualized violence:0.545
1980s:0.54475
nudity (topless - notable):0.54425
dialogue:0.54025
atmospheric:0.533
lone hero:0.52675
intimate:0.52625
unusual plot structure:0.52525
melancholic:0.52525
gratuitous violence:0.52225
assassination:0.5205
bullying:0.51575
social commentary:0.51275
great:0.5105
golden palm:0.50925
secrets:0.506
nudity (topless):0.505
crime:0.5045
melancholy:0.4985
torture:0.4965
narrated:0.4945
realistic:0.4885
macabre:0.48325
underrated:0.48275
chase:0.47975
breathtaking:0.47925
insanity:0.47575
runaway:0.47425
camp:0.47125
exceptional acting:0.4625
adolescence:0.461
dark:0.46025
storytelling:0.456
redemption:0.455
sexual abuse:0.4535
sexy:0.44475
justice:0.438
betrayal:0.433
