parody:0.965
television:0.895
spoof:0.88025
horror:0.8
original:0.76825
fantasy:0.63975
devil:0.616
satirical:0.578
comedy:0.5745
80s:0.56225
saturday night live:0.5435
mentor:0.5265
scary:0.501
silly:0.49775
cult film:0.474
predictable:0.47225
silly fun:0.4665
fun movie:0.4635
campy:0.44975
camp:0.447
demons:0.44675
life & death:0.44625
family:0.43325
destiny:0.4295
goofy:0.4215
special effects:0.41975
satire:0.417
chase:0.411
nudity (full frontal - brief):0.4075
catastrophe:0.40675
twists & turns:0.40075
clever:0.3975
so bad it's funny:0.39575
immortality:0.39325
fantasy world:0.39025
very funny:0.38525
dialogue:0.38225
road movie:0.379
great ending:0.37825
writers:0.377
obsession:0.37575
cartoon:0.37525
good:0.3735
adultery:0.371
adventure:0.35925
brutality:0.35825
weird:0.35575
death:0.35525
pointless:0.354
overrated:0.35325
cult classic:0.35025
fun:0.34575
cool:0.33875
life philosophy:0.33575
drama:0.3325
vengeance:0.33125
great:0.3305
first contact:0.329
humorous:0.3285
classic car:0.32275
unusual plot structure:0.31875
bad plot:0.31625
lone hero:0.31575
nostalgic:0.31575
slapstick:0.314
fight scenes:0.314
adaptation:0.313
storytelling:0.30775
pornography:0.30675
too long:0.306
quirky:0.30575
franchise:0.3005
grindhouse:0.29975
family drama:0.299
pulp:0.29825
mad scientist:0.29675
girlie movie:0.295
redemption:0.29475
funny:0.29225
reality tv:0.29175
entirely dialogue:0.28925
bizarre:0.28325
melancholic:0.27825
not funny:0.278
weapons:0.27475
beautiful scenery:0.2675
runaway:0.2665
cult:0.26375
sci fi:0.26375
shallow:0.2625
good music:0.26175
good soundtrack:0.2605
clowns:0.2585
zombie:0.256
culture clash:0.25475
bowling:0.2545
light:0.253
justice:0.25275
unfunny:0.251
funniest movies:0.25075
