spoof:0.95675
spy:0.9165
spying:0.9045
parody:0.9045
silly:0.88275
brainwashing:0.875
women:0.8275
sexy:0.82375
good sequel:0.821
original:0.79425
spies:0.7395
007:0.7215
chase:0.71825
fun movie:0.7155
sequel:0.669
satire:0.66575
franchise:0.647
satirical:0.644
silly fun:0.63275
sequels:0.6255
astronauts:0.58775
action:0.577
secrets:0.5735
camp:0.561
comedy:0.56075
goofy:0.555
clones:0.552
cold war:0.5395
great ending:0.508
original plot:0.50175
island:0.48875
series:0.48525
pornography:0.478
runaway:0.47025
suprisingly clever:0.466
space:0.4555
catastrophe:0.44575
fun:0.4405
adventure:0.43675
fantasy world:0.43125
mentor:0.424
nudity (topless - brief):0.4225
story:0.421
dialogue:0.4175
campy:0.41025
lame:0.408
light:0.408
great:0.39925
1960s:0.3935
slapstick:0.3915
cool:0.3885
1970s:0.38475
murder:0.38
criterion:0.37575
conspiracy:0.375
fight scenes:0.36075
shallow:0.3595
visually appealing:0.3585
good soundtrack:0.35525
transformation:0.3515
good:0.351
cult classic:0.3505
witty:0.34725
storytelling:0.345
absurd:0.34375
nudity (full frontal - brief):0.3385
melancholic:0.33375
farce:0.33275
culture clash:0.3295
ridiculous:0.329
pg-13:0.329
mad scientist:0.32575
bond:0.32225
harsh:0.32125
distopia:0.321
good action:0.318
stylized:0.3175
action packed:0.3165
clever:0.313
adaptation:0.31075
funny as hell:0.30825
brutality:0.30575
humorous:0.30525
revenge:0.30525
lone hero:0.305
redemption:0.3045
world politics:0.3035
weird:0.30325
car chase:0.30025
sci fi:0.299
dolphins:0.295
tokyo:0.29425
gunfight:0.292
weapons:0.29175
highly quotable:0.291
exciting:0.29
unusual plot structure:0.28825
very funny:0.28775
corruption:0.28575
cinematography:0.2845
