family:0.8745
kids:0.838
predictable:0.81925
original:0.801
kids and family:0.7925
horrible:0.7815
not as good as the first:0.6965
crappy sequel:0.69175
so bad it's funny:0.678
franchise:0.67275
pointless:0.6235
bad plot:0.6185
slapstick:0.61075
idiotic:0.60725
comedy:0.5925
surveillance:0.5915
disaster:0.5875
silly fun:0.5785
stupid:0.57675
overrated:0.57375
children:0.54625
bad:0.5435
spies:0.54075
sequels:0.531
cute!:0.531
fun movie:0.5305
natural disaster:0.49025
humorous:0.48675
sequel:0.4685
spying:0.466
fun:0.462
catastrophe:0.457
silly:0.45175
mentor:0.44375
destiny:0.44025
justice:0.43775
fantasy world:0.4345
cars:0.42875
first contact:0.42775
action:0.42675
great ending:0.42275
creativity:0.41975
good:0.4075
dialogue:0.4025
dinosaurs:0.38575
holiday:0.38425
science fiction:0.3825
fight scenes:0.37975
fantasy:0.379
unfunny:0.37825
very funny:0.37625
adaptation:0.371
criterion:0.3655
life philosophy:0.365
great acting:0.3645
brutality:0.36225
series:0.35825
stupidity:0.357
imdb top 250:0.35275
runaway:0.3415
technology:0.33525
lone hero:0.3345
adventure:0.32825
boring:0.328
quirky:0.32775
teen movie:0.31875
violence:0.31825
story:0.31825
not funny:0.315
shallow:0.31475
storytelling:0.31425
melancholic:0.31375
sci fi:0.30925
clever:0.30825
big budget:0.305
lame:0.30375
multiple storylines:0.30025
happy ending:0.29575
suspense:0.295
christmas:0.29325
culture clash:0.29325
dreamlike:0.29325
funny as hell:0.289
chase:0.2885
toys:0.288
entirely dialogue:0.28775
entertaining:0.2865
complex:0.2845
redemption:0.28425
writers:0.284
bullying:0.27875
feel-good:0.27825
vengeance:0.27425
childhood:0.27125
cult film:0.2695
spy:0.26875
pulp:0.2685
nudity (topless - notable):0.26725
pornography:0.266
intense:0.26525
