gypsy accent:1.0
werewolves:0.98875
big budget:0.9765
vampires:0.97425
monsters:0.96325
vampire:0.959
special effects:0.95775
action:0.95725
werewolf:0.9365
monster:0.877
action packed:0.87675
mummy:0.87275
mythology:0.86475
bad cgi:0.85375
fight scenes:0.8515
pg-13:0.83725
goth:0.82375
supernatural:0.82325
cgi:0.8195
franchise:0.80125
dark hero:0.79275
silly fun:0.77275
gothic:0.76875
silly:0.75875
horror:0.751
adventure:0.7505
good action:0.7395
cool:0.73775
dynamic cgi action:0.7345
superheroes:0.731
super hero:0.72375
bad plot:0.7225
original:0.70825
so bad it's funny:0.70725
video game:0.7
steampunk:0.69025
computer game:0.6825
predictable:0.6735
mad scientist:0.67325
horrible:0.667
better than expected:0.66625
dialogue:0.66425
bad acting:0.651
fantasy:0.65
fantasy world:0.62875
fast paced:0.6155
fun movie:0.61475
transformation:0.60925
catastrophe:0.608
heroine in tight suit:0.6
superhero:0.5965
super-hero:0.593
good versus evil:0.587
lone hero:0.58325
story:0.57675
weapons:0.57625
fun:0.56125
fighting:0.56
high fantasy:0.55775
scary:0.55375
effects:0.5535
good:0.548
entertaining:0.53425
based on a comic:0.53375
shallow:0.5335
cheesy:0.5255
technology:0.52225
natural disaster:0.52075
immortality:0.5195
computer animation:0.51725
great ending:0.515
plot holes:0.50725
campy:0.501
visually stunning:0.4815
bad script:0.48025
mentor:0.479
comic book:0.47125
destiny:0.47075
lame:0.46975
life philosophy:0.4575
swashbuckler:0.457
great:0.4525
plot:0.44675
first contact:0.44625
apocalypse:0.4455
exciting:0.443
demons:0.42075
adapted from:comic:0.41425
stupid:0.4115
zombie:0.4105
sci fi:0.406
based on a video game:0.39925
magic:0.39725
ridiculous:0.3925
creativity:0.38725
visual:0.3745
stupid as hell:0.37225
ghosts/afterlife:0.37025
egypt:0.36925
script:0.36875
