spying:0.99875
spies:0.9985
spy:0.997
espionage:0.99525
cold war:0.9845
brainwashing:0.96375
secret service:0.963
complicated plot:0.943
007:0.92175
complex:0.91325
secrets:0.913
cerebral:0.902
berlin:0.89625
russian:0.88525
thriller:0.86925
tense:0.86225
complicated:0.85725
bond:0.85425
bleak:0.84975
chase:0.845
assassin:0.84275
cinematography:0.80875
twists & turns:0.80025
east germany:0.77125
runaway:0.767
original:0.7625
harsh:0.7595
brutality:0.75825
suspense:0.75625
conspiracy:0.756
culture clash:0.74775
intellectual:0.74425
surveillance:0.73825
violence:0.7335
germany:0.7325
british:0.72775
interesting:0.727
visually appealing:0.7215
great acting:0.71775
criterion:0.715
unusual plot structure:0.71125
drama:0.711
adapted from:book:0.69925
intelligent:0.698
assassination:0.69375
plot:0.6895
social commentary:0.683
adaptation:0.675
storytelling:0.6745
german:0.669
great ending:0.66325
excellent script:0.65725
betrayal:0.65125
clever:0.6505
murder:0.63925
hotel:0.63875
based on book:0.636
parody:0.635
twist:0.633
good acting:0.62975
enigmatic:0.62375
excellent:0.62325
greed:0.622
russia:0.619
good:0.617
great movie:0.613
dialogue:0.6095
golden palm:0.59725
paranoid:0.59475
exciting:0.5925
imdb top 250:0.59125
mystery:0.588
paranoia:0.585
suprisingly clever:0.5845
atmospheric:0.584
sacrifice:0.58275
technology:0.58225
story:0.58225
good soundtrack:0.575
stylized:0.56875
james bond:0.56575
identity:0.56525
psychological:0.557
ironic:0.5525
sexy:0.5525
weird:0.55075
exceptional acting:0.55075
suspenseful:0.548
revenge:0.54125
talky:0.5385
manipulation:0.538
catastrophe:0.53275
brutal:0.5295
humorous:0.52375
alter ego:0.51675
moral ambiguity:0.51625
melancholic:0.516
mentor:0.5155
sexualized violence:0.515
oscar (best directing):0.514
