superhero:0.98825
super hero:0.969
super-hero:0.96125
superheroes:0.94775
dc comics:0.941
fantasy:0.87325
special effects:0.845
mentor:0.8175
franchise:0.80525
original:0.758
comics:0.7425
adapted from:comic:0.72
alter ego:0.7145
witch:0.69875
predictable:0.68125
magic:0.664
camp:0.66075
70mm:0.65425
comic book:0.6495
disaster:0.6345
bad script:0.6245
bad plot:0.62425
plot holes:0.60875
adventure:0.6035
horrible:0.60275
big budget:0.60125
so bad it's funny:0.598
campy:0.59725
mythology:0.5875
weapons:0.5845
space:0.573
fun movie:0.569
silly:0.55575
sci fi:0.54875
fantasy world:0.53775
justice:0.53325
destiny:0.5315
sequels:0.5265
bad science:0.50275
silly fun:0.48525
first contact:0.47625
great ending:0.4735
action:0.47175
dialogue:0.46675
natural disaster:0.464
bad cgi:0.454
80s:0.4475
pulp:0.445
scifi:0.443
crappy sequel:0.442
adaptation:0.4395
fun:0.436
fight scenes:0.42725
awful:0.42
overrated:0.41875
science fiction:0.4145
witches:0.4145
family:0.412
sexy:0.4
ridiculous:0.39725
brutality:0.39525
sci-fi:0.3945
idiotic:0.392
technology:0.39025
storytelling:0.38725
great:0.386
catastrophe:0.3845
cheesy:0.38225
not funny:0.366
nocturnal:0.36575
runaway:0.36175
utopia:0.3595
bad:0.357
transformation:0.35625
childhood:0.3555
alternate reality:0.354
story:0.35175
high fantasy:0.348
slapstick:0.3465
corny:0.344
good:0.34325
immortality:0.3375
quirky:0.33275
goofy:0.33225
stupid as hell:0.33175
cult film:0.33125
dynamic cgi action:0.33075
mutants:0.32975
entirely dialogue:0.321
visual:0.32025
life & death:0.31875
good action:0.31875
dreamlike:0.31425
life philosophy:0.30975
chase:0.3095
lame:0.304
vengeance:0.304
nudity (topless - notable):0.30275
demons:0.2985
cult classic:0.29675
