loneliness:0.97425
enigmatic:0.92425
melancholic:0.8845
criterion:0.88325
meditative:0.86
intimate:0.8495
reflective:0.823
art house:0.818
golden palm:0.80975
nocturnal:0.77825
melancholy:0.77075
existentialism:0.723
bleak:0.69075
paris:0.633
original:0.63025
obsession:0.623
pointless:0.61175
strange:0.60625
weird:0.597
voyeurism:0.5945
pornography:0.57675
visually appealing:0.53625
cerebral:0.535
downbeat:0.5345
breathtaking:0.52925
stylized:0.5195
harsh:0.51775
nudity (full frontal - notable):0.51375
isolation:0.49575
talky:0.4835
disturbing:0.475
life & death:0.462
hotel:0.44875
dreamlike:0.446
silent:0.44525
absurd:0.445
boring!:0.444
surreal:0.43975
beautifully filmed:0.41625
slow:0.415
dreams:0.4125
solitude:0.40725
catastrophe:0.39875
suprisingly clever:0.396
runaway:0.39125
dialogue:0.389
french:0.38675
entirely dialogue:0.38575
visually stunning:0.3795
cinematography:0.36925
workplace:0.36525
great ending:0.361
lynch:0.358
visual:0.3555
gunfight:0.34975
unusual plot structure:0.349
art:0.346
allegory:0.339
relationships:0.3345
death:0.33175
complex:0.328
tokyo:0.32575
crime gone awry:0.31875
grindhouse:0.31825
non-linear:0.3175
cynical:0.31325
boring:0.31075
not funny:0.3025
mentor:0.30175
first contact:0.30125
erotic:0.301
prostitution:0.29575
brutality:0.29125
japan:0.28325
too long:0.283
masterpiece:0.2825
ironic:0.2815
poetry:0.27725
life philosophy:0.27625
environment:0.2755
hallucinatory:0.27525
affectionate:0.27225
storytelling:0.271
transformation:0.27025
philosophical:0.26575
irreverent:0.26525
atmospheric:0.26425
male nudity:0.26275
slow paced:0.25125
photography:0.25
stunning:0.24
surrealism:0.239
very interesting:0.2385
culture clash:0.23525
guilt:0.231
nudity (full frontal - brief):0.224
humanity:0.22375
sexual:0.22325
quirky:0.22175
imdb top 250:0.22025
