martial arts:0.965
fight scenes:0.92025
action:0.88
original:0.8445
predictable:0.77675
animals:0.746
fighting:0.728
post apocalyptic:0.70825
visually appealing:0.7005
so bad it's funny:0.669
ninja:0.6655
brutality:0.664
special effects:0.63325
teens:0.62275
super hero:0.6205
bad plot:0.619
super-hero:0.6145
disaster:0.60575
sci fi:0.59
violence:0.58725
adaptation:0.57675
goofy:0.57425
justice:0.5695
finnish:0.557
cartoon:0.55475
destiny:0.55425
story:0.55075
violent:0.54775
post-apocalyptic:0.53475
family:0.51425
sci-fi:0.51325
transformation:0.50125
low budget:0.4955
shallow:0.49125
so bad it's good:0.484
lame:0.4825
science fiction:0.48025
campy:0.46725
melancholic:0.46675
cult film:0.4645
dialogue:0.46025
anime:0.4585
superheroes:0.4565
comics:0.45625
big budget:0.44425
catastrophe:0.4435
great ending:0.43275
mentor:0.4325
not funny:0.43125
death:0.428
horrible:0.42625
overrated:0.425
good action:0.42325
scifi:0.42
internet:0.418
good dialogue:0.41775
adapted from:comic:0.41275
cheesy:0.41225
fantasy:0.40675
cool:0.40025
great:0.39125
stupid as hell:0.38975
teen movie:0.3845
happy ending:0.384
natural disaster:0.38375
slapstick:0.3765
good:0.37325
nudity (topless - notable):0.371
first contact:0.37025
comic book:0.3605
sexualized violence:0.35775
murder:0.35575
superhero:0.35425
bad:0.3495
bad acting:0.34875
good soundtrack:0.34675
revenge:0.3455
fantasy world:0.344
animal movie:0.344
multiple storylines:0.34175
based on a video game:0.3415
camp:0.34075
fun:0.3375
nudity (full frontal - brief):0.33675
zombie:0.33575
pornography:0.33175
80s:0.32975
splatter:0.3225
remake:0.32
cult classic:0.31875
lone hero:0.3175
entirely dialogue:0.31325
animation:0.31
weapons:0.304
pg-13:0.30225
pointless:0.29975
life philosophy:0.29975
franchise:0.29975
kidnapping:0.297
teen:0.2905
