spying:0.99975
espionage:0.99975
spies:0.997
spy:0.9965
secrets:0.974
tom clancy:0.95875
mentor:0.94725
assassin:0.94475
conspiracy:0.94225
fast paced:0.9395
cia:0.90725
secret service:0.9
surveillance:0.873
action:0.86875
thriller:0.86325
twists & turns:0.85
betrayal:0.8355
complex:0.809
assassination:0.7985
good:0.789
great acting:0.78075
action packed:0.77325
suspense:0.76825
assassins:0.76525
chase:0.761
plot twist:0.75725
cold war:0.74525
caper:0.737
intense:0.73625
entertaining:0.735
great ending:0.72875
cool:0.72625
original:0.726
tense:0.71475
storytelling:0.71325
complicated plot:0.70575
moral ambiguity:0.704
plot:0.703
good acting:0.70075
vengeance:0.6815
corruption:0.68
exciting:0.6795
intelligent:0.6635
pg-13:0.66325
dialogue:0.655
good action:0.65125
clever:0.6325
interesting:0.63175
great:0.625
story:0.62225
china:0.61975
complicated:0.61775
cerebral:0.61375
cinematography:0.609
prison:0.5925
dramatic:0.5745
very good:0.559
fighting the system:0.558
suspenseful:0.555
car chase:0.55425
conspiracy theory:0.54725
great movie:0.5415
catastrophe:0.5295
robert ludlum:0.52625
good soundtrack:0.52575
technology:0.52525
excellent:0.519
stylish:0.51425
hitman:0.50825
flashbacks:0.5055
very interesting:0.4975
weapons:0.4955
drama:0.4955
first contact:0.49275
redemption:0.479
terrorism:0.47625
plot holes:0.4695
runaway:0.45775
twist:0.45725
confusing:0.45175
visual:0.45125
tricky:0.45075
revenge:0.4455
fight scenes:0.443
entirely dialogue:0.43625
stylized:0.433
visually stunning:0.4305
politics:0.4265
explosions:0.4255
talky:0.4245
suprisingly clever:0.42375
twist ending:0.42075
love story:0.4185
violence:0.416
great cinematography:0.40925
destiny:0.40675
london:0.40275
narrated:0.39625
sacrifice:0.393
fun movie:0.3915
