china:0.98775
poignant:0.88725
criterion:0.816
affectionate:0.78475
beautifully filmed:0.7645
justice:0.75775
adapted from:book:0.739
movielens top pick:0.7365
reflective:0.73225
talky:0.724
tragedy:0.713
forceful:0.70575
dramatic:0.7025
unusual plot structure:0.70225
oscar (best foreign language film):0.701
golden palm:0.69575
breathtaking:0.69425
culture clash:0.679
road movie:0.65975
downbeat:0.6595
original:0.65575
humanity:0.64825
social commentary:0.648
cinematography:0.63975
life philosophy:0.633
enigmatic:0.6145
visually stunning:0.60625
poverty:0.6055
intimate:0.5945
suprisingly clever:0.59325
oscar (best directing):0.59025
loneliness:0.586
free speech:0.58125
amazing photography:0.575
bleak:0.57275
pregnancy:0.57075
slow paced:0.565
political:0.561
stylized:0.55375
marriage:0.54575
meditative:0.544
oscar (best actress):0.5435
earnest:0.541
stunning:0.5375
satire:0.53325
imdb top 250:0.5245
politics:0.52375
visually appealing:0.514
islam:0.5125
harsh:0.512
light:0.50925
tense:0.508
brutality:0.49925
compassionate:0.49625
story:0.4895
censorship:0.484
ironic:0.48
cerebral:0.47775
thought-provoking:0.4775
greed:0.46725
revolution:0.464
bittersweet:0.45075
adultery:0.4505
simple:0.44975
visual:0.4475
based on a book:0.447
runaway:0.4465
art:0.4375
beautiful scenery:0.43725
parenthood:0.4345
hotel:0.42875
male nudity:0.42475
beautiful:0.4235
catastrophe:0.42325
good acting:0.41775
realistic:0.4145
obsession:0.4125
insanity:0.409
foreign:0.40725
life & death:0.40525
allegory:0.4035
melancholic:0.4005
based on book:0.4
great ending:0.395
masterpiece:0.395
twists & turns:0.39375
biting:0.39375
corruption:0.39275
grim:0.39075
solitude:0.38275
visceral:0.37725
dialogue:0.376
prison:0.37425
emotional:0.374
disability:0.37175
atmospheric:0.37075
california:0.3685
storytelling:0.36775
good soundtrack:0.3665
death:0.3655
