criterion:0.99575
talky:0.952
masterpiece:0.93075
enigmatic:0.89875
imdb top 250:0.8985
melancholy:0.888
reflective:0.8715
golden palm:0.83775
satire:0.82975
literary adaptation:0.82775
cinematography:0.8205
witty:0.813
satirical:0.798
love triangles:0.794
affectionate:0.7905
social commentary:0.76575
black and white:0.76025
intimate:0.74575
bleak:0.74575
cynical:0.737
farce:0.71925
allegory:0.7165
breathtaking:0.71525
fascism:0.715
oscar (best directing):0.712
bittersweet:0.70575
original:0.7055
oscar (best foreign language film):0.7035
downbeat:0.70225
compassionate:0.69275
classic:0.6885
loneliness:0.6875
french:0.68725
france:0.6835
melancholic:0.6825
macabre:0.6795
obsession:0.678
cerebral:0.67525
adultery:0.66775
1930s:0.667
meditative:0.65025
dialogue:0.6495
political:0.6485
poignant:0.645
stylized:0.64375
culture clash:0.642
art house:0.63875
complex:0.6365
relationships:0.633
character study:0.62625
tragedy:0.626
great:0.625
intellectual:0.61775
visually appealing:0.617
whimsical:0.596
runaway:0.59125
narrated:0.58625
love:0.57975
great dialogue:0.578
visual:0.5725
morality:0.5615
ironic:0.55975
forceful:0.5525
perfect:0.54675
betrayal:0.54425
unusual plot structure:0.5395
light:0.53875
great cinematography:0.536
oscar (best actress):0.53575
harsh:0.5345
foreign:0.53275
tense:0.52425
pornography:0.523
politics:0.522
silent:0.521
storytelling:0.51625
catastrophe:0.516
biting:0.515
movielens top pick:0.51125
atmospheric:0.5105
oscar (best supporting actress):0.5085
crime gone awry:0.508
existentialism:0.5035
entirely dialogue:0.50025
absurd:0.49775
grim:0.4975
complex characters:0.485
infidelity:0.475
gunfight:0.47125
passionate:0.469
suprisingly clever:0.46225
oscar (best cinematography):0.45925
clever:0.458
life philosophy:0.45625
cult film:0.45
greed:0.44925
paris:0.448
idealism:0.4445
photography:0.44075
nocturnal:0.44
