wartime:0.94375
war:0.94025
islam:0.887
moral ambiguity:0.886
war movie:0.88575
original:0.847
sacrifice:0.8195
fascism:0.819
anti-war:0.81525
courage:0.8005
romantic:0.79975
brutality:0.78475
satire:0.774
drama:0.7665
oscar (best directing):0.7655
great acting:0.762
oscar (best actress):0.75825
satirical:0.74975
wwii:0.74825
dialogue:0.7405
dramatic:0.7245
women:0.71775
pornography:0.71325
best war films:0.7095
idealism:0.684
narrated:0.6825
interesting:0.68125
forceful:0.679
affectionate:0.6745
powerful ending:0.67
british:0.66975
romance:0.657
period piece:0.65575
unusual plot structure:0.65375
runaway:0.652
very interesting:0.651
talky:0.6375
survival:0.63675
love story:0.6355
oscar (best supporting actress):0.634
absurd:0.629
gunfight:0.62675
good soundtrack:0.6195
politics:0.61775
beautiful scenery:0.61425
great:0.61275
harsh:0.61225
sexy:0.61075
london:0.609
morality:0.605
oscar:0.604
black comedy:0.60375
realistic:0.60325
oscar (best cinematography):0.598
prejudice:0.59775
great movie:0.58925
secrets:0.58825
witty:0.582
good acting:0.5695
military:0.551
criterion:0.55
great ending:0.54975
good:0.54325
catastrophe:0.541
excellent script:0.531
reflective:0.529
light:0.52175
imdb top 250:0.515
passionate:0.515
historical:0.514
political:0.51325
enigmatic:0.50875
complex:0.5075
ensemble cast:0.5055
culture clash:0.49975
weapons:0.4975
death:0.4945
england:0.49325
vietnam war:0.4905
desert:0.4855
exceptional acting:0.48475
original plot:0.4845
story:0.4845
us history:0.47875
sentimental:0.47825
suprisingly clever:0.477
world politics:0.47675
fighting:0.47525
cynical:0.4745
movielens top pick:0.4745
middle east:0.47425
murder:0.47325
earnest:0.47225
clever:0.47225
destiny:0.47075
love:0.46425
relationships:0.463
visceral:0.46275
drinking:0.46175
greed:0.4615
