based on a tv show:0.98225
silly fun:0.9385
cartoon:0.91825
jungle:0.862
silly:0.841
original:0.82575
goofy:0.7925
predictable:0.77575
slapstick:0.7615
bad plot:0.71725
parody:0.71525
lame:0.69625
family:0.68575
mentor:0.64425
bad:0.602
so bad it's funny:0.59375
overrated:0.5935
franchise:0.587
action:0.58375
stupid:0.5745
humorous:0.56875
crude humor:0.566
big budget:0.56175
shallow:0.5495
horrible:0.54025
satirical:0.53975
catastrophe:0.53775
stupid as hell:0.522
pointless:0.51975
fantasy world:0.51675
adapted from:comic:0.514
dialogue:0.51075
adaptation:0.50575
spoof:0.49175
quirky:0.4895
idiotic:0.48475
gangsters:0.48375
narrated:0.4825
great ending:0.4795
nudity (full frontal - brief):0.46825
fun movie:0.46825
first contact:0.45925
destiny:0.4565
indians:0.44775
stupidity:0.439
redemption:0.438
comedy:0.42775
series:0.41275
screwball:0.41075
remake:0.408
absurd:0.40775
awful:0.40575
fight scenes:0.4045
chase:0.39875
ridiculous:0.39175
satire:0.38925
violence:0.389
bad cgi:0.383
multiple storylines:0.37875
writers:0.37525
pornography:0.37375
clever:0.37275
stereotypes:0.37225
fun:0.3665
brutality:0.36325
very funny:0.36325
camp:0.348
pg-13:0.34025
pulp:0.33675
runaway:0.336
horses:0.33575
story:0.33125
native americans:0.32625
entirely dialogue:0.32475
plot holes:0.32325
dreamlike:0.32275
superheroes:0.3225
death:0.321
childhood:0.321
life philosophy:0.32025
romantic:0.316
adventure:0.315
light:0.31475
sci fi:0.3105
cult film:0.30825
intense:0.3065
irreverent:0.30575
fairy tales:0.3025
fairy tale:0.29775
special effects:0.2965
great:0.292
mad scientist:0.292
storytelling:0.29175
unusual plot structure:0.29125
good soundtrack:0.28625
sexy:0.28525
vigilante:0.28475
nostalgia:0.2845
melancholic:0.284
vengeance:0.2815
