romantic:0.959
love story:0.957
romance:0.92775
love:0.89075
destiny:0.8885
adultery:0.86075
relationships:0.842
romantic comedy:0.83425
marriage:0.7855
original:0.697
divorce:0.61325
life & death:0.6
great ending:0.58125
sappy:0.55975
girlie movie:0.54375
beautiful scenery:0.53475
predictable:0.531
catastrophe:0.51125
story:0.48825
feel-good:0.48575
infidelity:0.485
happy ending:0.4805
sentimental:0.47375
women:0.469
natural disaster:0.46825
fun movie:0.46725
dialogue:0.461
good romantic comedies:0.45425
cheating:0.45025
bittersweet:0.44575
mentor:0.43975
shopping:0.422
guilt:0.40975
great:0.409
redemption:0.40675
passionate:0.406
sweet:0.40525
intense:0.38425
not funny:0.37525
pornography:0.37
runaway:0.361
drama:0.35075
entirely dialogue:0.34425
good:0.33675
melancholic:0.33575
alternate endings:0.32925
chick flick:0.32675
life philosophy:0.32525
costume drama:0.32225
homeless:0.317
internet:0.313
silly:0.29825
good soundtrack:0.29775
honest:0.29725
boring:0.29675
simple:0.2965
special effects:0.2945
loneliness:0.29325
emotional:0.28725
obsession:0.2835
underdog:0.278
family:0.27575
sacrifice:0.2755
dramatic:0.27125
unlikely friendships:0.27
storytelling:0.266
culture clash:0.26275
silly fun:0.25975
boring!:0.258
whimsical:0.25575
death:0.25425
transformation:0.25275
first contact:0.2525
disaster:0.25225
idealism:0.24875
interracial romance:0.24875
fantasy world:0.24125
underrated:0.2395
complex:0.23775
chase:0.23725
single father:0.2355
overrated:0.23475
feel good movie:0.233
adaptation:0.233
fight scenes:0.233
unfunny:0.2325
solitude:0.23
pg-13:0.22625
sci fi:0.22575
suprisingly clever:0.22525
lone hero:0.2195
interesting:0.218
friendship:0.2175
too long:0.21675
nudity (topless - notable):0.2155
brutality:0.215
vengeance:0.212
absurd:0.21175
very funny:0.21125
intimate:0.2085
