glbt:0.97725
pornography:0.8555
unusual plot structure:0.84925
obsession:0.84525
grindhouse:0.766
art house:0.7325
weird:0.72825
original:0.72775
sexual:0.71325
sex:0.712
dystopic future:0.672
prostitution:0.64275
sexy:0.62275
runaway:0.6065
erotic:0.60025
satirical:0.5965
women:0.57875
ironic:0.5675
gay:0.56225
dialogue:0.54875
campy:0.51325
distopia:0.508
nudity (topless - notable):0.50725
police investigation:0.5045
visually appealing:0.50325
narrated:0.49825
queer:0.491
nudity (topless - brief):0.487
great ending:0.4815
ridiculous:0.4415
catastrophe:0.43275
visual:0.4295
unfunny:0.42425
mad scientist:0.41725
mentor:0.41175
melancholic:0.40975
plot:0.4095
memory:0.407
good soundtrack:0.40675
absurd:0.402
satire:0.39975
male nudity:0.398
new orleans:0.398
stylized:0.3895
spanish:0.37475
cinematography:0.36825
criterion:0.36775
silly:0.36675
crime gone awry:0.3655
nudity (full frontal - brief):0.35825
enigmatic:0.3535
violent:0.35225
writers:0.352
brutality:0.35125
sci fi:0.34925
sisters:0.34775
great:0.347
gay character:0.343
pg-13:0.34025
skinhead:0.33825
complex:0.33525
good:0.332
life philosophy:0.3295
first contact:0.32675
entirely dialogue:0.3265
adaptation:0.3255
cult:0.3235
loneliness:0.32225
culture clash:0.32
not funny:0.31775
story:0.316
dreamlike:0.315
fantasy world:0.31325
teen movie:0.312
horrible:0.309
eccentricity:0.30825
dystopia:0.3065
dysfunctional family:0.30375
dark hero:0.29675
light:0.296
unlikeable characters:0.296
free to download:0.293
kick-butt women:0.29275
love story:0.291
bad ending:0.288
cult classic:0.287
cute!:0.2845
surreal:0.28375
art:0.281
insanity:0.2805
hard to watch:0.2795
brainwashing:0.27925
clever:0.279
paranoid:0.2785
talky:0.278
allegory:0.2775
wartime:0.27325
quirky:0.27075
original plot:0.27025
doctors:0.26475
