disability:0.94175
great acting:0.89575
dark humor:0.8775
redemption:0.8625
quirky:0.84925
mentor:0.84625
original:0.82175
storytelling:0.8145
humorous:0.81425
imdb top 250:0.8105
good:0.783
god:0.78125
destiny:0.78075
black comedy:0.78025
cynical:0.7775
excellent script:0.76375
magic realism:0.7565
comedy:0.7565
social commentary:0.75625
suprisingly clever:0.7505
weird:0.74975
twists & turns:0.747
story:0.74575
cinematography:0.73225
harsh:0.72675
small town:0.7235
good soundtrack:0.72275
thought-provoking:0.717
bleak:0.712
off-beat comedy:0.711
drama:0.7085
feel-good:0.703
allegory:0.702
clever:0.693
oscar (best directing):0.69175
heartwarming:0.6905
touching:0.68575
cerebral:0.679
humor:0.6705
good acting:0.664
life philosophy:0.66175
complex:0.6605
great:0.65975
visually appealing:0.65475
insanity:0.653
great movie:0.64825
very good:0.6405
reflective:0.639
corruption:0.6385
realistic:0.63775
talky:0.6365
dramatic:0.6365
islam:0.636
cancer:0.63575
visual:0.6245
dark:0.6235
interesting:0.61975
dark comedy:0.618
independent film:0.611
psychological:0.6085
philosophy:0.60725
feel good movie:0.60025
movielens top pick:0.59775
visually stunning:0.5975
oscar (best actress):0.59075
adapted from:book:0.589
powerful ending:0.5875
greed:0.5875
exceptional acting:0.5845
psychology:0.58075
tragedy:0.5795
life & death:0.573
oscar (best foreign language film):0.57125
based on book:0.57025
great cinematography:0.56925
very funny:0.55925
cult classic:0.55875
depression:0.55575
original plot:0.55
culture clash:0.5475
transformation:0.53925
ironic:0.538
existentialism:0.53675
morality:0.53625
narrated:0.534
oscar:0.5335
witty:0.52875
foreign:0.5285
based on a book:0.52675
very interesting:0.5265
great ending:0.526
adaptation:0.526
inspiring:0.5255
hilarious:0.52475
books:0.52225
solitude:0.522
oscar (best supporting actress):0.519
creativity:0.51825
loneliness:0.51375
oscar winner:0.5135
