original:0.76025
western:0.71525
feel-good:0.6705
feel good movie:0.58175
new jersey:0.57325
destiny:0.553
runaway:0.5415
catastrophe:0.5075
quirky:0.478
screwball comedy:0.4715
dialogue:0.4715
great ending:0.466
mentor:0.4625
whimsical:0.4615
redemption:0.4585
predictable:0.44875
life philosophy:0.4355
road movie:0.43225
light:0.431
pointless:0.421
existentialism:0.4165
story:0.4145
good soundtrack:0.39975
storytelling:0.399
violent:0.39825
fantasy world:0.3855
brutality:0.3815
gunfight:0.38
gangsters:0.37675
fun movie:0.374
stylized:0.36825
drama:0.363
pornography:0.353
dreams:0.352
suburbia:0.35025
culture clash:0.34925
good:0.34875
melancholic:0.34625
small town:0.34425
nostalgic:0.34175
touching:0.34075
imdb top 250:0.336
underrated:0.33525
corruption:0.326
not funny:0.32475
overrated:0.32175
bad plot:0.3185
crime gone awry:0.318
1930s:0.31525
indians:0.3135
first contact:0.3095
family:0.30775
romantic:0.3035
harsh:0.30075
new york city:0.30025
adaptation:0.3
comedy:0.29675
entirely dialogue:0.29475
romance:0.288
criterion:0.285
talky:0.2845
nocturnal:0.28375
bank robbery:0.27075
greed:0.27075
fantasy:0.2695
alter ego:0.26425
great:0.26075
visually appealing:0.26025
oscar (best supporting actress):0.25825
cult film:0.2565
police investigation:0.2565
lone hero:0.25375
transformation:0.2525
loneliness:0.252
oscar (best directing):0.25075
underdog:0.25075
twists & turns:0.2485
fun:0.245
gay character:0.24425
life & death:0.2435
boring:0.24175
fight scenes:0.24075
unlikely friendships:0.2395
slapstick:0.2395
happy ending:0.23475
sci fi:0.23425
dreamlike:0.234
adapted from:book:0.23225
satirical:0.23125
cerebral:0.231
nudity (full frontal - brief):0.23
moral ambiguity:0.229
stranded:0.228
stereotypes:0.22675
weird:0.2255
sentimental:0.22525
1980s:0.22475
multiple storylines:0.22425
murder:0.22425
nudity (full frontal - notable):0.22175
