horror:0.99075
splatter:0.98275
small town:0.96075
cult classic:0.9385
gory:0.89975
alien:0.885
firefly:0.8695
aliens:0.85475
cult film:0.85025
weird:0.84925
monster:0.8485
alien invasion:0.839
original:0.79925
zombies:0.79475
fun movie:0.784
comedy:0.77875
gore:0.77475
fun:0.77425
sci-fi:0.75025
zombie:0.749
goofy:0.7405
creepy:0.7245
parody:0.67475
dark humor:0.6745
violence:0.67125
bloody:0.67
gruesome:0.638
low budget:0.6285
scary:0.60825
transformation:0.6065
monsters:0.60475
grindhouse:0.597
blood:0.59025
so bad it's funny:0.5845
great:0.57325
campy:0.5685
quotable:0.55525
cult:0.55025
funny as hell:0.5185
brutality:0.5175
sci fi:0.517
social commentary:0.511
humorous:0.505
humor:0.50125
light:0.4935
special effects:0.48225
mentor:0.469
good soundtrack:0.457
catastrophe:0.44725
great ending:0.44675
mad scientist:0.445
scifi:0.44
snakes:0.4395
macabre:0.43
dialogue:0.425
atmospheric:0.418
violent:0.41125
clever:0.4075
first contact:0.4005
story:0.39725
goretastic:0.39575
sexualized violence:0.39575
demons:0.3955
good:0.3955
visceral:0.3955
silly:0.39275
affectionate:0.39225
hunting:0.39025
great movie:0.389
apocalypse:0.37975
disturbing:0.37875
cgi:0.37775
effects:0.3765
mutants:0.37525
entertaining:0.37225
excellent script:0.37125
allegory:0.3705
life philosophy:0.3675
stylized:0.36175
adaptation:0.361
black comedy:0.35925
pg-13:0.3585
suspense:0.3555
80s:0.3515
storytelling:0.3485
creativity:0.3385
funny:0.3355
satire:0.33325
good acting:0.33325
torture:0.33025
melancholic:0.32875
very funny:0.3245
good dialogue:0.32275
weapons:0.32
chase:0.319
imdb top 250:0.3175
spoof:0.3125
gay character:0.31
vengeance:0.306
not funny:0.304
