espionage:0.92575
spying:0.898
nudity (topless):0.8775
complex:0.8525
surveillance:0.851
spies:0.81775
spy:0.8145
conspiracy:0.81075
betrayal:0.743
mentor:0.735
cold war:0.72225
brutality:0.70975
gunfight:0.708
original:0.702
robert ludlum:0.696
murder:0.68
based on a book:0.67775
vengeance:0.6705
action:0.63075
sexualized violence:0.63025
paranoia:0.60525
chase:0.60325
nudity (topless - notable):0.59325
unusual plot structure:0.57
unlikely friendships:0.5695
pulp:0.569
television:0.56575
cult film:0.55675
assassination:0.55425
bloody:0.536
pornography:0.5305
nudity (full frontal - brief):0.5255
revenge:0.525
nudity (full frontal - notable):0.513
hitman:0.50875
thriller:0.5045
runaway:0.48125
storytelling:0.47925
violent:0.4785
enigmatic:0.47075
franchise:0.4685
tense:0.467
weapons:0.467
books:0.467
based on book:0.4625
drugs:0.4605
sexy:0.45225
life & death:0.43925
san francisco:0.43225
nudity (rear):0.42725
very interesting:0.42025
notable nudity:0.4185
paranoid:0.41525
predictable:0.4085
silly:0.40525
hit men:0.40375
secret service:0.39175
catastrophe:0.39025
grindhouse:0.3895
complicated plot:0.3875
adaptation:0.3845
stylish:0.383
camp:0.376
light:0.37425
not funny:0.373
grim:0.37225
weird:0.3715
corruption:0.36925
stylized:0.36325
guns:0.36075
fantasy world:0.35725
twists & turns:0.35275
cult classic:0.35125
multiple storylines:0.35025
great:0.34825
plot holes:0.34475
great ending:0.3425
greed:0.33975
kidnapping:0.33975
good action:0.33925
life philosophy:0.33825
so bad it's funny:0.3325
violence:0.33225
suspenseful:0.32975
twist ending:0.329
good soundtrack:0.329
melancholic:0.3275
assassins:0.32725
disturbing:0.32075
death:0.319
male nudity:0.31775
surreal:0.31675
visually stunning:0.31625
mob:0.3155
culture clash:0.3145
first contact:0.314
kick-butt women:0.3115
fight scenes:0.30875
erotic:0.3085
lone hero:0.30775
