obsession:0.97225
sexual:0.942
relationships:0.89625
erotic:0.8255
intimate:0.8175
nudity (full frontal - notable):0.7805
pornography:0.76575
melancholic:0.724
sex:0.70975
nudity (full frontal):0.69925
original:0.66
bdsm:0.565
male nudity:0.551
surreal:0.52175
loneliness:0.5135
mentor:0.481
drinking:0.47675
rape:0.428
sexuality:0.426
art house:0.4255
adaptation:0.42375
philosophical:0.403
disturbing:0.39925
storytelling:0.39525
multiple storylines:0.39325
catastrophe:0.38825
criterion:0.38725
censorship:0.372
crude humor:0.3715
teenagers:0.36275
grindhouse:0.35775
emotional:0.35375
whimsical:0.35025
existentialism:0.34125
voyeurism:0.34025
enigmatic:0.3385
dialogue:0.3345
weird:0.3275
not funny:0.3265
passionate:0.3255
happy ending:0.32175
death:0.3185
sexy:0.31625
vampire human love:0.3105
romance:0.306
french:0.301
greed:0.30025
view askew:0.2925
psychological:0.29075
light:0.2895
nudity (full frontal - brief):0.289
predictable:0.28525
independent film:0.285
farce:0.28425
too long:0.282
intense:0.27875
humanity:0.2655
addiction:0.26475
thought-provoking:0.2645
intellectual:0.263
violence:0.26225
macabre:0.262
teacher:0.2575
overrated:0.25675
boring:0.25675
golden palm:0.2555
philosophy:0.25475
cerebral:0.25375
natural disaster:0.2475
character study:0.24425
betrayal:0.244
teen movie:0.2425
entirely dialogue:0.2425
psychology:0.23925
first contact:0.23825
writers:0.23825
fantasy world:0.23675
social commentary:0.23575
drama:0.23375
talky:0.2325
reflective:0.232
workplace:0.23125
brutality:0.23075
cancer:0.23075
so bad it's funny:0.23025
quirky:0.22475
cinematography:0.223
redemption:0.22175
crazy:0.21525
complex:0.215
dreamlike:0.20975
visually appealing:0.20575
dreams:0.203
sexualized violence:0.20275
lone hero:0.19975
divorce:0.1995
unfunny:0.19925
great ending:0.19875
finnish:0.19775
depression:0.19725
