true story:0.95225
based on a true story:0.94475
coen bros:0.94325
greed:0.92525
corruption:0.91375
adapted from:book:0.912
corporate america:0.90275
based on true story:0.88725
business:0.81725
twists & turns:0.78725
original:0.7625
narrated:0.7465
off-beat comedy:0.7395
fbi:0.726
paranoia:0.72125
dark humor:0.71775
satire:0.67425
enigmatic:0.66775
very interesting:0.657
investigation:0.64
weird:0.61575
character study:0.614
cerebral:0.59975
eccentricity:0.5965
quirky:0.596
storytelling:0.59175
story:0.57925
mental illness:0.57575
adaptation:0.571
drama:0.5675
spying:0.5615
runaway:0.54725
black comedy:0.545
moral ambiguity:0.5375
satirical:0.53575
dark comedy:0.53125
lawyers:0.53
absurd:0.52625
dramatic:0.52225
complex:0.522
clever:0.522
dialogue:0.51675
conspiracy:0.51075
obsession:0.51025
talky:0.5085
social commentary:0.5055
secrets:0.5025
great ending:0.491
crime:0.48125
caper:0.481
crime gone awry:0.46775
cinematography:0.4665
paranoid:0.45675
stupidity:0.456
stylized:0.456
mentor:0.45575
excellent script:0.452
insanity:0.45025
based on book:0.4375
pornography:0.43675
good soundtrack:0.4335
melancholic:0.431
comedy:0.4305
based on a book:0.4295
visually appealing:0.42775
betrayal:0.4275
guilt:0.4275
tense:0.42625
criterion:0.41325
light:0.41125
psychological:0.40675
boring!:0.4
interesting:0.3995
depression:0.39625
ironic:0.3955
lawyer:0.394
catastrophe:0.391
anti-hero:0.38325
unusual plot structure:0.37475
fantasy world:0.373
very funny:0.36825
witty:0.36425
espionage:0.36375
psychology:0.36025
suprisingly clever:0.357
deadpan:0.3545
farce:0.35375
psychiatry:0.35275
existentialism:0.35225
genius:0.35075
journalism:0.34825
bad ending:0.346
oil:0.3435
suspense:0.34175
intelligent:0.339
police investigation:0.3295
humorous:0.3245
police corruption:0.32175
imdb top 250:0.32
complicated:0.3195
