world war ii:0.99925
wwii:0.99625
wartime:0.98575
germany:0.97075
best war films:0.96575
nazis:0.9485
german:0.944
sacrifice:0.88925
africa:0.87875
desert:0.874
nazi:0.85675
british:0.79775
dramatic:0.78725
war:0.747
stereotypes:0.7405
original:0.73575
courage:0.72875
tense:0.72425
bleak:0.71225
survival:0.71175
idealism:0.7015
forceful:0.69925
oscar (best directing):0.69325
good versus evil:0.67125
imdb top 250:0.66975
oscar (best actress):0.66825
propaganda:0.65925
criterion:0.65725
powerful ending:0.624
realistic:0.61275
allegory:0.56875
good:0.5645
greed:0.558
drama:0.54675
talky:0.5265
black and white:0.52375
oscar (best supporting actress):0.52175
adapted from:book:0.519
classic:0.51025
great movie:0.506
culture clash:0.506
islam:0.50125
fighting:0.501
historical:0.4925
suspense:0.49125
1930s:0.49125
england:0.487
story:0.48675
gunfight:0.483
ethnic conflict:0.483
gritty:0.48175
great:0.4815
adventure:0.48075
excellent:0.4805
adaptation:0.47925
light:0.47875
unlikely friendships:0.478
dialogue:0.4745
great ending:0.47425
runaway:0.472
loneliness:0.468
war movie:0.45825
morality:0.45175
friendship:0.4515
brutality:0.44975
movielens top pick:0.44525
italian:0.442
social commentary:0.4405
feel-good:0.434
grim:0.42975
catastrophe:0.42575
great acting:0.422
finnish:0.41275
downbeat:0.412
intense:0.41175
bollywood:0.40825
us history:0.40375
nudity (full frontal - brief):0.396
corruption:0.39575
harsh:0.39525
action:0.39075
feel good movie:0.38625
unusual plot structure:0.381
melancholic:0.38
not funny:0.3795
beautiful scenery:0.36775
based on book:0.36675
good soundtrack:0.36525
oscar (best supporting actor):0.36425
absurd:0.36375
drinking:0.3635
betrayal:0.3615
police investigation:0.3605
politics:0.36025
cinematography:0.3595
mentor:0.35925
poland:0.35875
very good:0.358
suprisingly clever:0.3555
island:0.34925
