splatter:0.998
horror:0.99575
cult classic:0.99325
demons:0.984
dark humor:0.97725
low budget:0.97325
gory:0.971
cult film:0.9505
zombie:0.94225
gruesome:0.928
violence:0.8865
wilderness:0.8805
creepy:0.86175
original:0.853
violent:0.8525
cult:0.83075
atmospheric:0.8295
masterpiece:0.8295
gore:0.82625
bloody:0.81225
visceral:0.8105
supernatural:0.79675
zombies:0.7965
weird:0.7905
grindhouse:0.7865
stylish:0.785
blood:0.77575
brutality:0.76175
great movie:0.752
effects:0.75175
rape:0.73775
good soundtrack:0.72775
classic:0.7185
stop motion:0.718
tense:0.716
claustrophobic:0.716
macabre:0.7145
great:0.7085
goofy:0.70425
isolation:0.7035
great ending:0.703
highly quotable:0.70125
disturbing:0.6895
nudity (topless - brief):0.689
dark:0.6845
campy:0.6805
special effects:0.67525
social commentary:0.674
intense:0.67175
suspense:0.67025
gratuitous violence:0.66
fun movie:0.6575
ominous:0.63475
nocturnal:0.6335
scary:0.6315
black comedy:0.63125
comedy:0.623
narrated:0.61675
80s:0.61025
good:0.60975
insanity:0.6015
great acting:0.58525
talky:0.58075
sexualized violence:0.5785
humorous:0.575
adapted from:book:0.571
dialogue:0.56125
transformation:0.552
vengeance:0.5455
cool:0.545
grim:0.54375
quotable:0.54175
dark hero:0.5405
monster:0.5395
awesome soundtrack:0.5355
imdb top 250:0.53425
frightening:0.5305
bad acting:0.526
cinematography:0.524
directorial debut:0.52325
fun:0.51725
criterion:0.517
adaptation:0.517
mentor:0.51525
eerie:0.504
stylized:0.49625
good acting:0.49575
harsh:0.49025
drinking:0.48625
so bad it's funny:0.4805
censorship:0.47775
controversial:0.473
oscar (best effects - visual effects):0.473
original plot:0.47075
apocalypse:0.46525
brutal:0.465
psychological:0.462
camp:0.46175
based on a book:0.45925
honest:0.45875
