rebellion:0.826
rock and roll:0.824
lyrical:0.77025
original:0.7385
nudity (topless - brief):0.68425
musical:0.667
nostalgic:0.58475
social commentary:0.5465
downbeat:0.538
runaway:0.53675
reflective:0.53475
bittersweet:0.5305
culture clash:0.526
freedom:0.5185
road movie:0.50875
awesome soundtrack:0.508
fighting the system:0.5
whimsical:0.49575
drug abuse:0.489
nudity (rear):0.48575
idealism:0.47475
narrated:0.473
golden palm:0.47075
male nudity:0.4705
mentor:0.46025
music:0.459
great ending:0.4385
dialogue:0.43425
irreverent:0.431
criterion:0.42975
cult film:0.4295
catastrophe:0.42925
transformation:0.4215
nudity (topless - notable):0.421
life philosophy:0.4195
addiction:0.414
good soundtrack:0.41225
drug addiction:0.4095
weed:0.40625
revolution:0.405
based on true story:0.402
stoner movie:0.39925
life:0.39425
death:0.39425
drugs:0.393
satirical:0.37775
weird:0.37475
fantasy world:0.37475
fun movie:0.37225
blindness:0.368
oscar (best foreign language film):0.368
humorous:0.3675
musicians:0.367
unlikely friendships:0.3535
vampire human love:0.35025
existentialism:0.35025
visually appealing:0.34675
distopia:0.346
dreams:0.343
not funny:0.34
hospital:0.33975
art:0.331
1960s:0.3285
quirky:0.3285
adapted from:book:0.3255
passionate:0.3245
absurd:0.322
poignant:0.3215
special:0.3185
nudity (topless):0.314
dramatic:0.31375
segregation:0.31375
science fiction:0.31225
psychedelic:0.30975
brothers:0.3085
childhood:0.30775
adaptation:0.30525
brutality:0.30375
cinematography:0.3005
great soundtrack:0.3005
wartime:0.29825
drama:0.297
fight scenes:0.29425
tricky:0.28925
long:0.289
complex:0.288
breathtaking:0.283
sexualized violence:0.28275
first contact:0.2825
story:0.2825
nudity (full frontal - notable):0.28225
storytelling:0.282
enigmatic:0.282
period piece:0.281
good:0.2765
lone hero:0.27475
predictable:0.27275
very good:0.27175
surreal:0.2715
destiny:0.27125
