based on book:0.96175
dark humor:0.95275
based on a book:0.946
quirky:0.88425
dark comedy:0.87975
original:0.8625
off-beat comedy:0.84825
weird:0.843
storytelling:0.84
swedish:0.8165
narrated:0.81225
adventure:0.7915
good soundtrack:0.787
sarcasm:0.7855
fun movie:0.7785
black comedy:0.77725
absurd:0.777
violent:0.7725
greed:0.7645
humor:0.7635
adapted from:book:0.75725
very funny:0.74575
visually appealing:0.74125
drinking:0.72625
colourful:0.7245
whimsical:0.72
story:0.7145
books:0.71425
funny:0.70775
destiny:0.70375
book:0.6915
adaptation:0.685
visually stunning:0.67575
life:0.66575
deadpan:0.65825
comedy:0.6575
clever:0.64175
humorous:0.641
historical:0.63775
runaway:0.6375
great:0.61275
existentialism:0.6125
death:0.6065
depression:0.60425
childhood:0.5995
fast paced:0.5985
distopia:0.59825
social commentary:0.59275
life philosophy:0.58825
road trip:0.57475
imagination:0.565
philosophy:0.564
corruption:0.56025
macabre:0.55475
mentor:0.5525
suprisingly clever:0.54
dark hero:0.537
melancholic:0.53425
talky:0.525
road movie:0.51225
cinematography:0.50925
satire:0.50875
silly:0.50575
very interesting:0.50325
fantasy world:0.502
unusual plot structure:0.5
entertaining:0.49925
excellent script:0.49625
unlikely friendships:0.49275
oscar:0.49
interesting:0.48375
independent film:0.481
aging:0.47925
movielens top pick:0.4785
breathtaking:0.4775
fight scenes:0.47575
original plot:0.47075
hospital:0.46475
history:0.459
sexualized violence:0.45825
pornography:0.457
catastrophe:0.4565
great ending:0.4545
coen bros:0.451
great movie:0.44925
light:0.44925
dark fantasy:0.4435
eccentricity:0.44325
caper:0.443
stupidity:0.4395
intelligent:0.43875
happy ending:0.4385
stylized:0.43825
good acting:0.4345
great acting:0.43425
biographical:0.43025
highly quotable:0.4285
moral ambiguity:0.42725
loneliness:0.4255
book was better:0.42325
