camp:0.9935
male nudity:0.94775
alien:0.8775
sequels:0.85925
original:0.8345
sequel:0.80125
franchise:0.79275
predictable:0.792
80s:0.73675
goofy:0.734
silly:0.71575
pointless:0.69725
teen movie:0.629
mentor:0.624
destiny:0.62025
so bad it's funny:0.6145
crappy sequel:0.608
1980s:0.60375
bad plot:0.58625
silly fun:0.5815
great ending:0.54675
sci fi:0.536
humorous:0.52675
teens:0.51925
stupid as hell:0.50175
overrated:0.5
fantasy world:0.49525
brutality:0.48075
cult film:0.478
family:0.4675
sci-fi:0.46675
scifi:0.4555
road movie:0.44
dialogue:0.43875
romance:0.43775
pornography:0.4325
teen:0.4325
lame:0.432
revenge:0.42825
dumb:0.4235
catastrophe:0.4225
first contact:0.417
campy:0.4165
shallow:0.4115
nostalgia:0.40275
fight scenes:0.40275
idiotic:0.40275
weed:0.40075
comedy:0.39275
storytelling:0.38625
nudity (rear):0.384
slapstick:0.37825
redemption:0.36925
sex comedy:0.3675
multiple storylines:0.3675
doctors:0.3625
special effects:0.35975
parody:0.35825
adaptation:0.35775
vengeance:0.3555
nocturnal:0.355
boring:0.354
aliens:0.3535
story:0.35125
fantasy:0.35025
quirky:0.34725
entirely dialogue:0.3435
violence:0.3425
feel-good:0.34175
lone hero:0.341
unfunny:0.3405
splatter:0.33575
dumb but funny:0.3335
runaway:0.33175
disaster:0.33
jewish:0.33
nudity (topless):0.32975
nudity (topless - notable):0.32925
good:0.328
fun:0.32725
feel good movie:0.32675
crude humor:0.3225
happy ending:0.321
great:0.319
natural disaster:0.31775
gangsters:0.314
fun movie:0.3135
pulp:0.3125
series:0.31175
culture clash:0.3105
melancholic:0.3075
not funny:0.307
nudity (full frontal - brief):0.30325
dreamlike:0.303
very funny:0.3025
nudity (full frontal - notable):0.299
justice:0.29825
stupid:0.298
writers:0.2965
life philosophy:0.29525
