teleportation:0.9995
horror:0.99175
mad scientist:0.9595
science fiction:0.94875
creepy:0.94475
sci-fi:0.93675
effects:0.92925
gruesome:0.91
gory:0.889
original:0.8725
cult classic:0.86425
visceral:0.8605
special effects:0.85325
sci fi:0.847
splatter:0.8445
scifi:0.80975
transformation:0.7975
genetics:0.794
tense:0.79225
remake:0.777
monster:0.738
humanity:0.7355
classic:0.71625
suspense:0.71575
tragedy:0.71575
great ending:0.7125
macabre:0.70625
scary:0.6965
allegory:0.6805
intense:0.6555
frightening:0.65325
weird:0.65275
suspenseful:0.65025
nudity (topless - brief):0.646
great acting:0.644
story:0.6385
great movie:0.61025
atmospheric:0.60575
disturbing:0.605
violence:0.5925
violent:0.58775
science:0.579
mutants:0.579
technology:0.57725
psychological:0.57175
love story:0.5655
original plot:0.563
great:0.56025
goofy:0.557
romance:0.5545
paranoid:0.5515
dialogue:0.54475
storytelling:0.53825
brutality:0.537
masterpiece:0.531
social commentary:0.53025
80s:0.53025
cult film:0.52525
1980s:0.52375
fun movie:0.51925
cerebral:0.518
gore:0.51675
blood:0.51475
complex:0.5105
first contact:0.50925
obsession:0.50825
bloody:0.495
monsters:0.49325
loneliness:0.48375
grindhouse:0.482
greed:0.47925
grim:0.4755
ominous:0.475
survival:0.47425
mythology:0.47075
insanity:0.4685
good soundtrack:0.4685
mental illness:0.468
drama:0.46625
catastrophe:0.46575
mentor:0.46325
good:0.452
imdb top 250:0.4515
psychology:0.451
claustrophobic:0.4365
demons:0.43475
adaptation:0.43375
interesting:0.4315
apocalypse:0.42925
sacrifice:0.4275
excellent:0.42625
dark:0.42575
cult:0.423
creativity:0.4145
low budget:0.4105
dark hero:0.408
life & death:0.406
forceful:0.4055
silly fun:0.4045
quotable:0.4035
