romantic comedy:0.9945
romantic:0.9805
love story:0.95825
chick flick:0.95625
romance:0.9555
good romantic comedies:0.934
las vegas:0.88475
happy ending:0.86875
sweet:0.83675
cute!:0.82525
marriage:0.7985
cute:0.7455
culture clash:0.745
destiny:0.71825
predictable:0.715
girlie movie:0.69925
great:0.6795
love:0.67875
fun movie:0.6665
original:0.65325
relationships:0.64725
wedding:0.63075
divorce:0.62775
comedy:0.621
good soundtrack:0.61375
feel-good:0.61375
stereotypes:0.60975
catastrophe:0.606
sexy:0.58175
family:0.58075
beautiful scenery:0.54375
good:0.5175
light:0.50625
feel good movie:0.473
mentor:0.472
big budget:0.4665
natural disaster:0.46625
chase:0.45875
great ending:0.453
pg-13:0.4525
great movie:0.45225
interracial romance:0.4315
dialogue:0.42575
first contact:0.423
betrayal:0.415
plot:0.40625
story:0.39825
bad acting:0.37825
passionate:0.37275
heartwarming:0.37225
fun:0.372
very funny:0.36975
sappy:0.369
unfunny:0.349
pregnancy:0.348
great acting:0.32875
sentimental:0.3225
sacrifice:0.31575
silly:0.3155
life philosophy:0.312
not funny:0.3005
entertaining:0.29725
original plot:0.297
underrated:0.29475
lone hero:0.29275
pulp:0.29275
brutality:0.29
justice:0.28975
better than expected:0.2885
vengeance:0.28675
storytelling:0.28575
drama:0.281
good action:0.276
so bad it's funny:0.2745
transformation:0.27375
guilty pleasure:0.27375
fantasy world:0.273
fight scenes:0.268
adaptation:0.264
runaway:0.26
internet:0.25925
overrated:0.256
identity:0.255
survival:0.24975
quirky:0.24675
nudity (full frontal - brief):0.2465
entirely dialogue:0.245
shallow:0.242
bad plot:0.23875
clever:0.2355
touching:0.23375
nudity (topless - notable):0.2325
good acting:0.229
childhood:0.227
unrealistic:0.224
women:0.22375
humorous:0.2235
island:0.2195
funny:0.219
dog:0.218
