video game:0.9895
video games:0.94625
based on a video game:0.94625
kids:0.92075
childhood:0.91375
nostalgic:0.89075
videogame:0.88
ninja:0.8235
children:0.801
nostalgia:0.79175
single father:0.78
fun movie:0.77025
80s:0.74025
original:0.6925
fun:0.6755
mentor:0.6395
destiny:0.62225
good soundtrack:0.60525
runaway:0.602
family:0.56025
life philosophy:0.55925
silly fun:0.559
cute!:0.556
cool:0.54725
bullying:0.542
storytelling:0.5055
teen movie:0.50125
great ending:0.497
california:0.486
wizards:0.4765
brothers:0.467
adventure:0.45825
dialogue:0.44925
so bad it's funny:0.44525
road movie:0.4375
competition:0.43525
kids and family:0.42925
product placement:0.415
geeks:0.415
not funny:0.409
1980s:0.4085
good:0.4045
great:0.404
predictable:0.403
internet:0.39225
catastrophe:0.38975
teen:0.38775
underdog:0.385
geek:0.37525
cult classic:0.359
chase:0.3515
las vegas:0.3475
memory:0.34225
school:0.33125
pornography:0.33075
goofy:0.32775
dreamlike:0.32325
unfunny:0.32225
enigmatic:0.3215
entertaining:0.31775
feel-good:0.3175
story:0.31525
lone hero:0.31475
camp:0.3125
bad plot:0.31175
brutality:0.30825
teens:0.308
disability:0.3065
greed:0.30175
cheesy:0.2995
entirely dialogue:0.29775
culture clash:0.292
los angeles:0.28975
silly:0.28625
very funny:0.28625
adaptation:0.281
computer game:0.27975
fight scenes:0.2795
weird:0.27875
drama:0.27725
sentimental:0.27675
feel good movie:0.27675
franchise:0.2765
cute:0.27325
fantasy world:0.2675
vengeance:0.26625
heartwarming:0.2655
bad acting:0.26425
touching:0.25875
adolescence:0.256
time:0.25375
spelling bee:0.25375
clever:0.248
first contact:0.24625
pg-13:0.246
slapstick:0.2455
race:0.2455
dragons:0.2445
classic car:0.244
death:0.24375
