family drama:0.91475
sacrifice:0.771
original:0.65425
family:0.642
grindhouse:0.6085
harsh:0.569
cinematography:0.55425
pornography:0.52925
mentor:0.5045
finnish:0.4715
catastrophe:0.46175
transformation:0.45825
beautifully filmed:0.4565
fight scenes:0.4565
drinking:0.44
very interesting:0.43825
children:0.42825
dysfunctional family:0.4215
brutal:0.4205
road movie:0.42025
dialogue:0.41525
great:0.4145
culture clash:0.41075
religion:0.40175
romance:0.39925
great ending:0.39725
enormously long battle scene:0.395
adaptation:0.3775
nocturnal:0.377
distopia:0.374
parenthood:0.37325
vengeance:0.37325
talky:0.36725
criterion:0.36625
family bonds:0.366
betrayal:0.35625
melancholic:0.35625
great movie:0.34825
passionate:0.34675
series:0.3395
natural disaster:0.33675
beautiful scenery:0.322
revenge:0.319
corruption:0.31825
story:0.3165
brutality:0.3155
dark hero:0.31025
made for tv:0.30925
drama:0.304
visually appealing:0.3
so bad it's funny:0.29825
storytelling:0.2895
plot:0.289
mining:0.2885
runaway:0.28775
not funny:0.28575
survival:0.28275
dramatic:0.2825
potential oscar nom:0.2825
propaganda:0.28175
vampire human love:0.27925
breathtaking:0.2775
police investigation:0.26925
coming of age:0.26775
destiny:0.2675
unusual plot structure:0.267
segregation:0.26675
literature:0.265
lone hero:0.264
tragedy:0.2635
crime gone awry:0.26275
immortality:0.261
emotional:0.26025
allegory:0.25825
sexualized violence:0.258
undercover cop:0.257
absurd:0.252
visually stunning:0.25
affectionate:0.24975
oscar (best directing):0.249
predictable:0.249
depression:0.24875
jesus:0.2485
tokyo:0.2435
bad ending:0.243
best of 2005:0.242
atmospheric:0.242
chase:0.24125
imdb top 250:0.23775
classic:0.2375
heartwarming:0.237
hawaii:0.2335
complex:0.23275
costume drama:0.23175
nudity (topless - brief):0.2305
special:0.23
cerebral:0.22825
action packed:0.22625
author:neil gaiman:0.226
gory:0.2255
