teen movie:0.99575
high school:0.986
teen:0.97925
virginity:0.9745
comedy:0.9595
teens:0.948
teenager:0.9195
teenagers:0.8855
girlie movie:0.88525
adolescence:0.87925
gay character:0.86325
good soundtrack:0.84725
pg-13:0.84675
geeks:0.832
california:0.7835
stereotypes:0.77325
dialogue:0.76875
witty:0.76525
funny:0.76075
pornography:0.74825
story:0.7235
school:0.7205
chick flick:0.71375
cheerleading:0.711
coming of age:0.702
bullying:0.673
original:0.67075
quotable:0.657
hilarious:0.62625
coming-of-age:0.62625
teacher:0.6085
runaway:0.59125
drinking:0.5865
clever:0.582
unrealistic:0.56475
friendship:0.557
80s:0.54325
foul language:0.53
sexy:0.52425
fun movie:0.51625
catastrophe:0.5005
very funny:0.497
silly fun:0.49675
mentor:0.485
unlikely friendships:0.46975
nerds:0.46675
fun:0.4625
geek:0.4575
humor:0.45275
women:0.4495
social commentary:0.448
great:0.44425
crude humor:0.4385
great ending:0.437
good:0.43575
manipulation:0.43475
storytelling:0.42275
sexuality:0.41775
indie:0.41175
small town:0.4115
gay:0.4085
based on a book:0.4075
suprisingly clever:0.407
stoner movie:0.406
destiny:0.40375
culture clash:0.4005
better than expected:0.4
sex:0.39925
cool:0.399
honest:0.3965
sex comedy:0.3945
adultery:0.39175
nudity (topless - notable):0.3885
predictable:0.3815
romantic comedy:0.38125
light:0.37825
sexual:0.37775
narrated:0.377
feel-good:0.37525
awesome soundtrack:0.373
drama:0.36575
great soundtrack:0.358
absurd:0.35575
christianity:0.3555
sarcasm:0.35325
romantic:0.35275
humorous:0.35275
script:0.3525
adapted from:book:0.35175
relationships:0.34825
prejudice:0.3455
sweet:0.34325
fantasy world:0.34175
cute:0.34175
adaptation:0.3395
childhood:0.3395
feel good movie:0.33825
great acting:0.335
original plot:0.33475
entertaining:0.3335
