action:0.988
action packed:0.98325
pg-13:0.97475
good action:0.97375
vengeance:0.92
explosions:0.91625
fast paced:0.89525
chase:0.86775
big budget:0.86525
franchise:0.8645
original:0.8615
fight scenes:0.849
terrorism:0.84725
superheroes:0.799
good:0.79175
technology:0.78275
realistic action:0.78075
super hero:0.76325
unrealistic:0.75925
plot:0.75625
cool:0.7555
hackers:0.7325
car chase:0.712
superhero:0.67275
special effects:0.67225
revenge:0.66125
father daughter relationship:0.65975
dynamic cgi action:0.654
computers:0.6485
dialogue:0.64275
good sequel:0.63975
great ending:0.639
assassination:0.633
intense:0.63125
gunfight:0.62875
exciting:0.625
murder:0.6185
entertaining:0.609
mentor:0.608
lone hero:0.59925
hacking:0.597
better than expected:0.587
violence:0.58375
classic car:0.56075
fighting:0.5585
catastrophe:0.54375
great:0.53075
conspiracy:0.52875
sequel:0.52125
betrayal:0.5185
trilogy:0.5185
sequels:0.513
weapons:0.51175
fun:0.511
adventure:0.5065
good soundtrack:0.503
thriller:0.501
story:0.499
plot holes:0.4935
life philosophy:0.48825
survival:0.47825
buddy movie:0.47675
destiny:0.4705
assassin:0.469
alter ego:0.46725
predictable:0.465
guns:0.46025
transformation:0.45425
tom clancy:0.4515
geeks:0.451
good versus evil:0.45
super-hero:0.4495
series:0.44475
fun movie:0.442
anti-hero:0.44
internet:0.42425
enormously long battle scene:0.4235
cgi:0.42275
runaway:0.4225
visually appealing:0.42225
suspense:0.42175
foul language:0.42025
assassins:0.41725
dark hero:0.41525
surveillance:0.4145
hit men:0.41
cars:0.408
storytelling:0.407
view askew:0.40625
culture clash:0.40475
crude humor:0.4025
justice:0.3975
brutality:0.396
based on a comic:0.39225
violent:0.3875
silly:0.386
original plot:0.3825
redemption:0.38225
natural disaster:0.37875
bad cgi:0.378
