murder mystery:0.9325
journalism:0.855
magic:0.8525
visually appealing:0.754
london:0.74825
mentor:0.72
original:0.6825
stage magic:0.66225
comedy:0.64175
mystery:0.6335
dialogue:0.627
afterlife:0.61475
ghosts:0.602
clever:0.6005
murder:0.597
storytelling:0.58725
whimsical:0.57825
pornography:0.5715
excellent script:0.57025
fantasy world:0.56675
twist ending:0.5615
talky:0.56075
twists & turns:0.558
oscar (best directing):0.552
great ending:0.5445
non-hollywood ending:0.5325
death:0.5285
relationships:0.516
witty:0.5055
investigation:0.49675
farce:0.4895
england:0.4785
complex:0.471
interesting:0.46425
light:0.46275
drama:0.46025
secrets:0.46
life & death:0.454
good soundtrack:0.449
social commentary:0.444
great acting:0.4395
entirely dialogue:0.4365
plot:0.425
adaptation:0.4175
destiny:0.416
pg-13:0.41425
good:0.411
cinematography:0.40975
enigmatic:0.4095
life philosophy:0.40925
catastrophe:0.40725
writers:0.39675
quirky:0.39625
sexy:0.39225
plot twist:0.3825
very funny:0.38075
identity:0.37825
bad ending:0.3775
entertaining:0.37375
runaway:0.37375
british:0.366
romance:0.36175
feel-good:0.36
good acting:0.35925
romantic:0.35425
corruption:0.3525
humorous:0.351
predictable:0.349
nudity (full frontal - notable):0.34875
nudity (full frontal - brief):0.347
great:0.346
stylized:0.3435
criterion:0.34325
suspense:0.343
culture clash:0.342
brutality:0.3355
melancholic:0.3355
classic car:0.331
screwball:0.33025
twist:0.3295
writing:0.32775
justice:0.32625
serial killer:0.32575
unusual plot structure:0.3255
greed:0.3235
sexualized violence:0.32275
police investigation:0.319
narrated:0.3185
funny:0.3185
story:0.316
wine:0.3095
multiple storylines:0.30875
quotable:0.30375
drinking:0.303
satire:0.29825
suprisingly clever:0.29825
dysfunctional family:0.298
cerebral:0.29575
feel good movie:0.29525
black comedy:0.29475
