vampires:0.99375
vampire:0.99025
immortality:0.95675
melancholic:0.92275
existentialism:0.9085
visually appealing:0.89
depression:0.86375
mentor:0.8205
literature:0.798
good soundtrack:0.792
love:0.78925
loneliness:0.78375
dark humor:0.77475
original:0.77475
solitude:0.774
cinematography:0.7705
death:0.74925
blood:0.73275
atmospheric:0.73
music:0.72725
cult film:0.69
melancholy:0.6875
art:0.68425
cult classic:0.68375
weird:0.66175
drinking:0.6545
dialogue:0.6515
goth:0.651
artistic:0.6365
drama:0.63
relationships:0.61975
indie:0.60925
stylish:0.60875
cool:0.6055
grindhouse:0.59225
love story:0.57825
pretentious:0.572
enigmatic:0.57025
reflective:0.5655
life philosophy:0.56275
stylized:0.56075
meditative:0.5585
philosophical:0.552
romantic:0.5515
life & death:0.54875
criterion:0.54575
nocturnal:0.5315
slow paced:0.52325
story:0.52075
talky:0.50075
bleak:0.48875
entirely dialogue:0.47725
surreal:0.466
romance:0.4635
highly quotable:0.45875
biting:0.451
runaway:0.43975
great soundtrack:0.439
character study:0.43325
honest:0.42125
breathtaking:0.4195
catastrophe:0.41575
hospital:0.41225
bittersweet:0.411
zombies:0.41025
addiction:0.409
quotable:0.407
intimate:0.40625
isolation:0.40325
social commentary:0.40075
good dialogue:0.40025
splatter:0.39575
suicide:0.3955
great:0.39525
artsy:0.39475
stoner movie:0.3935
slow:0.3905
zombie:0.39025
beautiful scenery:0.389
apocalypse:0.38475
quirky:0.382
passionate:0.38
visually stunning:0.37725
good acting:0.376
independent film:0.3745
depressing:0.374
cult:0.3735
ironic:0.3725
art house:0.369
nostalgic:0.3655
artist:0.3625
wistful:0.361
fight scenes:0.36075
rock and roll:0.3595
affectionate:0.35875
great ending:0.349
sweet:0.34875
life:0.347
musicians:0.34625
road movie:0.3445
