ninja:0.9995
martial arts:0.98925
action:0.9775
fight scenes:0.9745
assassin:0.95
blood:0.94
violence:0.9385
vengeance:0.927
weapons:0.9135
bloody:0.90525
good action:0.9045
revenge:0.89825
splatter:0.8955
kung fu:0.86175
sword fight:0.8595
action packed:0.85175
assassination:0.8495
fast paced:0.84225
violent:0.84225
sword fighting:0.8375
assassins:0.83625
brutality:0.8125
betrayal:0.8105
plot:0.81
gory:0.767
fighting:0.75475
cool:0.75275
gore:0.73475
story:0.7115
original:0.7045
stylish:0.7005
brutal:0.69925
stylized:0.698
mentor:0.6905
visually appealing:0.688
good soundtrack:0.6445
fun:0.6405
super hero:0.638
dialogue:0.6365
superheroes:0.6355
gratuitous violence:0.63075
big budget:0.62
pg-13:0.61875
graphic novel:0.60825
bad plot:0.6005
amazing cinematography:0.59375
predictable:0.5935
storytelling:0.5925
teleportation:0.5855
cgi:0.56575
dark hero:0.557
grindhouse:0.55325
chase:0.54325
silly:0.53325
good:0.5325
great ending:0.524
lone hero:0.51975
cheesy:0.509
runaway:0.5055
redemption:0.50175
transformation:0.4985
visceral:0.49475
comic book:0.4895
superhero:0.48475
visually stunning:0.48075
anti-hero:0.47975
intense:0.477
bad cgi:0.47475
special effects:0.47225
kidnapping:0.468
secrets:0.4645
car chase:0.46375
dynamic cgi action:0.45375
sexualized violence:0.4525
light:0.45
vigilante:0.447
visual:0.4415
hunting:0.44
franchise:0.437
plot holes:0.43475
bad acting:0.43325
entertaining:0.433
cinematography:0.427
ridiculous:0.4255
video game:0.42025
murder:0.42
absurd:0.41975
kick-butt women:0.4145
effects:0.4075
fun movie:0.405
silly fun:0.402
childhood:0.40125
life philosophy:0.399
dark:0.399
brothers:0.398
survival:0.394
guns:0.3885
goretastic:0.38575
better than expected:0.38275
80s:0.37875
