small town:0.92325
adventure:0.8615
family:0.77275
unlikely friendships:0.76925
fun movie:0.682
friendship:0.61125
children:0.56975
original:0.55075
good:0.539
heartwarming:0.53825
not as good as the first:0.5245
girlie movie:0.493
childhood:0.464
great:0.44275
predictable:0.43825
mentor:0.437
so bad it's funny:0.436
secrets:0.426
catastrophe:0.423
greed:0.4135
destiny:0.387
beautiful scenery:0.379
boat:0.37625
life philosophy:0.3715
cheesy:0.3505
story:0.33975
dialogue:0.3265
runaway:0.325
love story:0.32125
women:0.32075
natural disaster:0.31975
fun:0.31675
lawyer:0.311
switching places:0.30175
not funny:0.298
culture clash:0.29425
silly fun:0.288
bad plot:0.28725
storytelling:0.287
fantasy world:0.28425
sweet:0.27625
romance:0.274
bad cgi:0.27375
first contact:0.271
treasure:0.268
adaptation:0.26475
interracial romance:0.26375
adoption:0.263
chase:0.26175
kids and family:0.259
quirky:0.2575
great ending:0.25675
feel-good:0.2505
lone hero:0.2495
time:0.24875
nostalgic:0.24825
based on a book:0.247
police investigation:0.2445
overrated:0.2435
dog:0.24325
cute!:0.241
wilderness:0.2365
romantic:0.23325
too long:0.2315
inspirational:0.229
nudity (full frontal - brief):0.22725
classic car:0.22725
brutality:0.22475
pg-13:0.2245
light:0.22375
stereotypes:0.2235
touching:0.2225
unusual plot structure:0.22125
excellent:0.218
happy ending:0.21725
vengeance:0.2155
cult film:0.215
good soundtrack:0.2145
love:0.214
teen:0.21325
redemption:0.21275
divorce:0.2095
transformation:0.206
entirely dialogue:0.2055
sentimental:0.20325
very good:0.203
teen movie:0.201
swashbuckler:0.1995
weapons:0.19725
feel good movie:0.19625
adapted from:book:0.19625
justice:0.19075
pulp:0.19
chick flick:0.18925
cute:0.187
bollywood:0.18475
slapstick:0.184
writers:0.18125
ethnic conflict:0.18
fight scenes:0.1795
