sequels:0.948
gunfight:0.91925
western:0.85175
original:0.8505
sequel:0.7645
dialogue:0.6205
brutality:0.54775
finnish:0.5385
so bad it's funny:0.48925
idiotic:0.484
melancholic:0.465
unusual plot structure:0.433
great ending:0.42925
catastrophe:0.42525
life & death:0.4235
mentor:0.4165
desert:0.415
good sequel:0.4085
fantasy world:0.395
indians:0.3925
entirely dialogue:0.38925
weird:0.38025
story:0.37175
corruption:0.36575
suprisingly clever:0.357
pointless:0.35675
remake:0.34675
harsh:0.34575
grindhouse:0.3455
not funny:0.3455
life philosophy:0.34325
predictable:0.33925
mexico:0.32725
cinematography:0.324
culture clash:0.32
nudity (full frontal - brief):0.31125
good action:0.3105
transformation:0.3025
multiple storylines:0.30025
action:0.297
classic:0.294
betrayal:0.29375
bad ending:0.29275
hospital:0.28825
overrated:0.288
storytelling:0.2855
first contact:0.2835
visually appealing:0.2815
gangsters:0.27975
crappy sequel:0.27675
lone hero:0.2765
destiny:0.2755
good soundtrack:0.27425
stupid as hell:0.27175
fight scenes:0.26925
goofy:0.26825
solitude:0.268
runaway:0.268
loneliness:0.2665
kidnapping:0.26625
great:0.265
vengeance:0.26475
fun movie:0.26275
teen movie:0.26225
greed:0.2575
quirky:0.25625
franchise:0.2535
reflective:0.252
talky:0.2495
imdb top 250:0.2485
criterion:0.24275
good:0.2415
horses:0.24
sci fi:0.238
script:0.23575
adaptation:0.23575
childhood:0.2325
bad plot:0.23225
very funny:0.229
pornography:0.2275
violent:0.227
justice:0.22625
oscar:0.2235
teleportation:0.22125
race:0.221
redemption:0.22
natural disaster:0.21975
memory:0.21875
oscar (best directing):0.2185
spain:0.2145
cult film:0.209
fun:0.20675
social commentary:0.20225
shallow:0.20175
silly fun:0.2
stereotypes:0.1995
dreamlike:0.199
enigmatic:0.1975
weapons:0.19625
family:0.19525
