animation:0.98925
love:0.9595
animated:0.947
animals:0.85075
talking animals:0.81825
cartoon:0.807
disney:0.774
love story:0.7675
fairy tale:0.761
cute:0.68325
original:0.6695
sweet:0.6505
romantic:0.6485
animal movie:0.6325
romance:0.5975
fun movie:0.5775
cute!:0.54725
kids:0.5315
dialogue:0.52425
story:0.50925
kids and family:0.50625
whimsical:0.50375
family:0.49725
childhood:0.4895
good:0.4655
catastrophe:0.46075
mentor:0.448
disney animated feature:0.4465
silly:0.42625
shallow:0.424
fun:0.4175
predictable:0.396
great:0.38925
storytelling:0.3835
beautiful scenery:0.3785
nostalgic:0.37825
stereotypes:0.3595
musical:0.35525
great ending:0.35225
interracial romance:0.35025
bad plot:0.3245
very funny:0.324
runaway:0.32125
plot holes:0.31925
happy ending:0.3165
fairy tales:0.304
vengeance:0.3035
unusual plot structure:0.303
oscar (best music - original song):0.301
greed:0.29325
lone hero:0.29075
brutality:0.2905
not funny:0.2905
adaptation:0.29025
funny:0.29
destiny:0.28975
good soundtrack:0.28825
magic:0.28575
humorous:0.2825
revenge:0.28175
entirely dialogue:0.2805
first contact:0.27625
betrayal:0.27175
culture clash:0.271
adapted from:book:0.27025
classic:0.2685
computer animation:0.26775
idiotic:0.2655
natural disaster:0.26225
fantasy world:0.26
children:0.259
fantasy:0.25875
women:0.2575
dragons:0.2575
heroine:0.2565
redemption:0.25475
clever:0.25
gangsters:0.2485
life philosophy:0.247
goofy:0.2405
corny:0.23975
relationships:0.2395
melancholic:0.2395
sequels:0.23525
sci fi:0.234
good versus evil:0.232
light:0.23175
unfunny:0.22975
nudity (full frontal - brief):0.22775
police investigation:0.22525
silly fun:0.221
based on a book:0.22
pornography:0.2185
marriage:0.218
fight scenes:0.2175
crude humor:0.217
visually stunning:0.2155
suprisingly clever:0.21325
loneliness:0.2095
pg-13:0.2085
