kids:0.84975
disney:0.822
original:0.813
children:0.805
special effects:0.78625
remake:0.7855
family:0.75825
predictable:0.71125
kids and family:0.692
fun:0.61375
comedy:0.612
fun movie:0.60125
silly:0.573
mad scientist:0.56725
computer animation:0.55275
mentor:0.534
robot:0.53
story:0.5215
bad cgi:0.5195
silly fun:0.51425
slapstick:0.51375
bad plot:0.508
catastrophe:0.492
so bad it's funny:0.49125
good:0.45825
goofy:0.45675
happy ending:0.448
cute!:0.43175
entertaining:0.43125
destiny:0.43075
natural disaster:0.42975
magic:0.4295
great ending:0.424
dynamic cgi action:0.423
big budget:0.41875
fantasy:0.41775
pg:0.4165
technology:0.4115
horrible:0.40925
pg-13:0.40725
great:0.405
bad:0.40425
storytelling:0.38825
gay:0.3855
robots:0.378
cute:0.37275
dialogue:0.372
very funny:0.369
childhood:0.36625
first contact:0.36225
animals:0.3575
cgi:0.356
redemption:0.35575
multiple storylines:0.354
fight scenes:0.353
bad script:0.352
funny:0.34775
overrated:0.34125
talking animals:0.3375
unfunny:0.33575
life philosophy:0.3355
brutality:0.334
script:0.3255
fantasy world:0.3185
not funny:0.31575
adventure:0.315
stranded:0.307
lone hero:0.298
culture clash:0.297
adaptation:0.2965
lame:0.29525
runaway:0.295
cars:0.29475
visual:0.2935
violence:0.2935
dinosaurs:0.29125
stereotypes:0.29
vengeance:0.287
justice:0.287
pointless:0.28525
humorous:0.2755
basketball:0.27525
feel-good:0.271
jungle:0.267
weird:0.26625
action:0.263
gangsters:0.263
girlie movie:0.261
disaster:0.26075
idiotic:0.2605
crappy sequel:0.259
good soundtrack:0.25825
college:0.25775
visually appealing:0.2565
golf:0.25625
crude humor:0.255
romance:0.252
better than expected:0.24525
nudity (full frontal - brief):0.24475
underrated:0.2435
