time loop:0.99575
sci-fi:0.98175
future:0.97925
time travel:0.9775
scifi:0.97675
science fiction:0.97375
sci fi:0.96375
british comedy:0.94375
original:0.85225
clever:0.81975
weird:0.81625
cult film:0.79475
imagination:0.7905
comedy:0.788
low budget:0.78575
nerds:0.78175
apocalypse:0.77775
surreal:0.77175
mindfuck:0.76925
cult classic:0.7665
british:0.753
funny:0.749
witty:0.743
original plot:0.7425
dystopic future:0.7385
special effects:0.727
absurd:0.726
imdb top 250:0.7215
visually appealing:0.719
distopia:0.714
cerebral:0.6985
very funny:0.688
light:0.675
affectionate:0.668
drinking:0.668
life philosophy:0.65625
plot holes:0.6545
visual:0.649
great ending:0.64625
technology:0.6415
plot:0.639
storytelling:0.63575
dialogue:0.627
good:0.626
destiny:0.61725
story:0.612
parody:0.60875
quotable:0.60775
fun movie:0.607
thought-provoking:0.606
great:0.60475
interesting:0.60425
futuristic:0.6015
chase:0.59675
irreverent:0.596
great dialogue:0.58875
suspense:0.5885
visually stunning:0.58275
bad ending:0.57075
good soundtrack:0.5645
social commentary:0.5605
science:0.558
unusual plot structure:0.5415
underrated:0.54
dystopia:0.53875
alternate reality:0.53775
silly:0.53125
tricky:0.53125
love story:0.531
complex:0.5265
creativity:0.52125
suprisingly clever:0.519
catastrophe:0.51475
great movie:0.512
underdog:0.51125
good acting:0.505
humor:0.5045
existentialism:0.502
hilarious:0.5015
complicated:0.49575
pg-13:0.49575
humorous:0.49175
drama:0.48875
android(s)/cyborg(s):0.48675
very interesting:0.48325
off-beat comedy:0.4815
sexualized violence:0.48
romantic:0.47825
space:0.4705
movielens top pick:0.466
allegory:0.46525
england:0.46025
alternate endings:0.4595
entertaining:0.4585
first contact:0.45625
fun:0.4545
mentor:0.45025
justice:0.4475
beautiful scenery:0.4465
entirely dialogue:0.43725
