based on a tv show:0.97425
stupid as hell:0.864
kids and family:0.862
product placement:0.8265
cartoon:0.8225
computer animation:0.772
talking animals:0.7645
3d:0.74775
original:0.741
silly:0.7285
predictable:0.713
franchise:0.70925
crude humor:0.6415
horrible:0.62525
slapstick:0.595
children:0.5555
goofy:0.555
family:0.55275
silly fun:0.5475
animation:0.52825
bad plot:0.52775
bad cgi:0.52625
fantasy world:0.50875
kids:0.49825
new york city:0.4945
so bad it's funny:0.48875
catastrophe:0.46575
overrated:0.46525
natural disaster:0.46325
great ending:0.4555
cgi:0.4495
magic:0.44225
series:0.43975
disaster:0.43025
dialogue:0.428
mentor:0.42725
creativity:0.42625
pg-13:0.422
action:0.4155
adventure:0.415
stereotypes:0.4125
parallel universe:0.4125
special effects:0.4085
cute:0.406
idiotic:0.402
first contact:0.3875
nostalgic:0.375
bad:0.3715
big budget:0.3675
chase:0.36575
adaptation:0.36325
cute!:0.35525
story:0.34975
unfunny:0.33925
superheroes:0.33775
life philosophy:0.3365
childhood:0.33375
redemption:0.3205
very funny:0.315
fun:0.3145
dumb but funny:0.3125
stupid:0.31125
brutality:0.3105
teen movie:0.3065
wizards:0.306
lame:0.304
dinosaurs:0.30225
shallow:0.30175
fight scenes:0.299
camp:0.29225
adapted from:comic:0.28625
animals:0.28475
ridiculous:0.2845
action packed:0.281
plot:0.27975
fun movie:0.2755
destiny:0.27275
fantasy:0.27175
humorous:0.26825
pornography:0.26275
happy ending:0.26075
cheesy:0.25825
entertaining:0.25375
comics:0.25
vengeance:0.24775
bad acting:0.24575
multiple storylines:0.24275
good soundtrack:0.24175
entirely dialogue:0.24175
runaway:0.24125
clever:0.241
great:0.23975
original plot:0.2375
stupidity:0.23675
pointless:0.2345
funny:0.234
storytelling:0.2295
nudity (full frontal - brief):0.22925
boring:0.22375
comedy:0.2185
