treasure hunt:0.99575
adventure:0.93125
nudity (topless - brief):0.86975
treasure:0.86925
cinematography:0.806
underwater:0.803
18th century:0.796
beautiful scenery:0.77975
chase:0.7655
scenic:0.763
mad scientist:0.7115
spanish:0.70475
mentor:0.70175
justice:0.695
original:0.68975
silly fun:0.67075
vengeance:0.65125
fish:0.6505
silly:0.6485
plot:0.64175
action:0.64
unusual plot structure:0.618
exciting:0.6105
stunning:0.606
story:0.6045
adaptation:0.5875
tense:0.565
suspenseful:0.55
monster:0.538
boat:0.5345
photography:0.52425
action packed:0.504
suspense:0.49225
goofy:0.476
original plot:0.47575
great ending:0.471
stylish:0.46475
bad cgi:0.4595
torture:0.45825
adapted from:book:0.457
great acting:0.45475
talky:0.4535
kidnapping:0.44925
lone hero:0.44775
transformation:0.44675
intense:0.4465
nudity (rear):0.4465
shark:0.44575
mystery:0.4425
enormously long battle scene:0.44025
voodoo:0.43575
murder:0.4345
fast paced:0.433
sci fi:0.43275
island:0.42925
sexy:0.4285
visually appealing:0.42775
catastrophe:0.4245
first contact:0.423
good:0.4195
visually stunning:0.41775
good action:0.41625
shallow:0.4145
beautifully filmed:0.41325
classic car:0.41225
special effects:0.411
brutality:0.4105
so bad it's funny:0.4075
oscar (best sound):0.406
dialogue:0.406
racing:0.4035
predictable:0.39525
not funny:0.3945
violent:0.38775
violence:0.38375
storytelling:0.382
harsh:0.38125
great:0.3725
nudity (full frontal - brief):0.3715
psychological:0.366
light:0.36575
futuristic:0.3635
complex:0.36025
revenge:0.35975
car chase:0.3585
technology:0.3585
natural disaster:0.354
explosions:0.3495
fight scenes:0.34925
pg-13:0.34225
beautiful:0.34025
survival:0.33725
bloody:0.33475
big budget:0.33225
police investigation:0.32775
snakes:0.3275
very interesting:0.3255
thriller:0.322
solitude:0.318
allegory:0.3125
