sarcasm:0.94025
sci-fi:0.91575
hilarious:0.85825
sci fi:0.8345
spoof:0.827
original:0.8045
scifi:0.78025
series:0.7705
great ending:0.76525
funny as hell:0.756
based on a tv show:0.7395
funny:0.738
science fiction:0.71975
comedy:0.69025
funniest movies:0.66225
robots:0.651
cerebral:0.64975
island:0.63875
quotable:0.63375
clever:0.605
dialogue:0.6035
very funny:0.60225
weird:0.5985
robot:0.595
parody:0.5925
goofy:0.59025
great:0.5875
fun movie:0.56875
space:0.56075
classic:0.5585
silly fun:0.55075
great movie:0.53575
creativity:0.53125
suprisingly clever:0.523
humor:0.51825
stupidity:0.5175
humorous:0.49975
silly:0.496
affectionate:0.48975
storytelling:0.48225
watch the credits:0.48
hillarious:0.47325
mad scientist:0.46025
absurd:0.45475
television:0.45125
irreverent:0.44875
giant robots:0.44825
catastrophe:0.44675
unusual plot structure:0.4395
adaptation:0.438
alternate endings:0.4355
doctors:0.435
good:0.43275
talky:0.43
mentor:0.42975
highly quotable:0.4285
witty:0.4275
fun:0.42475
pg-13:0.42325
crude humor:0.4215
cult:0.4175
interesting:0.41
cult classic:0.41
entirely dialogue:0.4085
criterion:0.401
enigmatic:0.401
pornography:0.39675
complex:0.39525
life philosophy:0.3935
good soundtrack:0.38425
brutality:0.3835
franchise:0.379
insanity:0.36525
dark hero:0.36125
first contact:0.3545
technology:0.35325
fight scenes:0.35275
obsession:0.34875
dumb but funny:0.3445
melancholic:0.33975
time:0.33875
satire:0.3385
imdb top 250:0.33725
reality tv:0.336
life & death:0.332
movielens top pick:0.331
plot:0.33075
cool:0.329
art:0.322
light:0.3185
social commentary:0.31775
runaway:0.313
chase:0.31175
twists & turns:0.31
parallel universe:0.30875
forceful:0.30775
satirical:0.30675
puppets:0.3035
visually appealing:0.30275
secrets:0.3015
