downbeat:0.93225
talky:0.907
bleak:0.8905
based on a play:0.88425
tragedy:0.85675
character study:0.84675
greed:0.82425
criterion:0.775
oscar (best actress):0.70525
depression:0.6915
family:0.6765
original:0.665
allegory:0.6645
culture clash:0.66025
poignant:0.64625
drinking:0.636
cinematography:0.63525
great:0.6115
england:0.60775
drama:0.6015
golden palm:0.59875
fight scenes:0.59475
depressing:0.58875
runaway:0.588
pornography:0.58475
forceful:0.5805
oscar (best supporting actress):0.57425
oscar (best foreign language film):0.57225
oscar (best directing):0.568
reflective:0.55875
grim:0.55575
harsh:0.55375
midlife crisis:0.54625
secrets:0.54225
gunfight:0.53325
melancholy:0.531
family drama:0.5305
dramatic:0.517
great movie:0.5085
enigmatic:0.5085
relationships:0.5015
death:0.4985
dysfunctional family:0.4985
stunning:0.4945
murder:0.48325
movielens top pick:0.48275
stylized:0.48075
great ending:0.478
amazing photography:0.4705
hotel:0.46825
atmospheric:0.465
visually appealing:0.46375
black and white:0.45525
corruption:0.451
mentor:0.44875
dialogue:0.44825
social commentary:0.44675
tense:0.44475
brutality:0.44425
affectionate:0.443
nocturnal:0.44275
great acting:0.44275
intimate:0.4415
melancholic:0.4405
sexy:0.43975
nudity (full frontal - brief):0.43025
cynical:0.42625
highly quotable:0.42175
exceptional acting:0.41875
catastrophe:0.4165
crime gone awry:0.416
parenthood:0.41275
nostalgic:0.4085
good soundtrack:0.40775
brothers:0.40625
suprisingly clever:0.40575
police investigation:0.405
chase:0.40425
adaptation:0.40225
story:0.396
transformation:0.3945
realistic:0.3935
good:0.38875
cerebral:0.384
visceral:0.38275
male nudity:0.37775
vengeance:0.377
breathtaking:0.37675
complex:0.37675
guilt:0.37425
imdb top 250:0.37375
good acting:0.3735
road movie:0.373
1970s:0.36825
visual:0.36725
family bonds:0.36575
adapted from:book:0.363
beautiful scenery:0.36075
emotional:0.36025
british:0.359
