teen:0.97575
comedy:0.97275
teen movie:0.9695
good sequel:0.96725
sequels:0.9665
sequel:0.95775
virginity:0.9255
teens:0.92425
hilarious:0.90475
funny:0.8995
college:0.894
goofy:0.8855
stereotypes:0.8435
high school:0.83775
funny as hell:0.81275
gross-out:0.799
original:0.7985
franchise:0.79675
very funny:0.7955
crude humor:0.78975
nudity (topless - notable):0.78975
sexuality:0.78275
pornography:0.77925
sex comedy:0.779
humor:0.7695
camp:0.766
adolescence:0.76425
teenager:0.73025
road trip:0.72275
beer:0.722
funniest movies:0.71675
notable nudity:0.7115
crappy sequel:0.7095
geeks:0.70125
good:0.68425
dumb but funny:0.684
humorous:0.68175
predictable:0.66025
pg-13:0.6555
nudity (topless):0.641
dynamic cgi action:0.6205
dumb:0.6185
sexual:0.61525
stupidity:0.6125
silly fun:0.6075
amy smart:0.607
stupid:0.59925
lame:0.5975
sex:0.59475
stupid as hell:0.5835
fun movie:0.5675
mentor:0.54875
sexy:0.53425
great ending:0.53325
silly:0.53025
idiotic:0.5155
amazing cinematography:0.49675
girlie movie:0.495
dialogue:0.49475
pointless:0.4945
catastrophe:0.4885
unfunny:0.47825
nudity:0.4755
drinking:0.4705
original plot:0.47
big budget:0.4675
coming of age:0.46425
nerds:0.4615
so bad it's funny:0.457
story:0.44475
good soundtrack:0.4385
better than expected:0.43525
slapstick:0.428
chase:0.413
nudity (full frontal - brief):0.4075
hillarious:0.40425
geek:0.4025
ridiculous:0.39925
male nudity:0.397
destiny:0.3965
culture clash:0.39425
great:0.3915
not funny:0.3895
twists & turns:0.38525
suprisingly clever:0.379
vengeance:0.3755
redemption:0.3695
fight scenes:0.3685
great acting:0.36825
teenagers:0.36725
great movie:0.36625
not as good as the first:0.36625
fun:0.36475
writers:0.3585
family:0.357
brutality:0.3565
betrayal:0.3505
cheerleading:0.34675
shallow:0.3465
good action:0.34525
