insanity:0.9685
irish accent:0.95225
mental illness:0.87225
irish:0.85575
childhood:0.84725
disturbing:0.82975
bleak:0.81375
weird:0.79525
violent:0.79275
adapted from:book:0.7895
original:0.77825
coming of age:0.7505
coming-of-age:0.7345
based on a book:0.734
narrated:0.72775
good soundtrack:0.7175
bullying:0.71525
adolescence:0.71
unlikely friendships:0.70025
quirky:0.682
black comedy:0.6785
magic realism:0.673
cult film:0.671
surreal:0.66275
fantasy world:0.65725
harsh:0.65125
friendship:0.64125
sexual abuse:0.6195
dark:0.61525
whimsical:0.61525
based on book:0.6085
ireland:0.60075
reflective:0.5935
brutality:0.593
criterion:0.5815
mentor:0.57375
imagination:0.566
cult classic:0.5635
allegory:0.56225
working class:0.55725
schizophrenia:0.554
talky:0.55375
violence:0.55375
drinking:0.553
runaway:0.5525
adaptation:0.54925
dark comedy:0.54925
macabre:0.5485
dysfunctional family:0.54225
social commentary:0.536
child abuse:0.53575
drama:0.5335
grim:0.53325
character study:0.52175
great:0.512
bloody:0.48925
golden palm:0.48425
storytelling:0.47275
small town:0.47075
dialogue:0.466
books:0.458
depression:0.453
great ending:0.4495
humorous:0.449
great acting:0.43725
stylized:0.42875
movielens top pick:0.4275
very funny:0.4255
demons:0.42225
dark humor:0.41275
crime gone awry:0.41125
paranoia:0.41
downbeat:0.40625
suicide:0.40475
hospital:0.40475
catastrophe:0.40125
pornography:0.3995
ironic:0.3965
redemption:0.39625
loneliness:0.394
surrealism:0.391
visually appealing:0.384
cynical:0.3835
melancholic:0.37975
eccentricity:0.376
creepy:0.3755
cerebral:0.3735
poignant:0.3705
culture clash:0.3675
satirical:0.36325
enigmatic:0.3625
clones:0.36125
psychology:0.36
dreams:0.35975
good:0.35775
dramatic:0.355
very good:0.3535
gritty:0.35125
transformation:0.35075
betrayal:0.3445
