vigilantism:0.96325
violence:0.9525
vigilante:0.93825
violent:0.922
anti-hero:0.8105
brutality:0.79375
original:0.79075
los angeles:0.78725
midlife crisis:0.78275
dark humor:0.78075
social commentary:0.77775
corruption:0.77275
powerful ending:0.76775
weapons:0.76625
golden palm:0.75775
gangsters:0.75625
vengeance:0.748
gratuitous violence:0.7455
intense:0.7265
greed:0.713
interesting:0.712
good soundtrack:0.706
dark comedy:0.69675
great acting:0.694
revenge:0.69275
obsession:0.6915
great ending:0.69125
crazy:0.69125
insanity:0.6775
justice:0.66825
guns:0.65375
gangs:0.63925
life philosophy:0.63825
psychological:0.625
visceral:0.625
redemption:0.62375
mental illness:0.62
mentor:0.619
complex:0.6145
fighting the system:0.612
gunfight:0.60675
brutal:0.60425
reflective:0.6
depression:0.598
drinking:0.59325
bad ending:0.59025
loneliness:0.58375
drama:0.58125
honest:0.58025
harsh:0.5735
dramatic:0.5705
storytelling:0.5655
black comedy:0.56175
cathartic:0.56125
single father:0.5575
good:0.54675
dark hero:0.5465
homeless:0.542
hitman:0.54075
disturbing:0.53525
thought-provoking:0.5325
character study:0.5295
suburbia:0.52625
dialogue:0.52625
sexualized violence:0.52275
crime:0.52125
psychology:0.51825
chase:0.51525
cult classic:0.51225
cerebral:0.512
allegory:0.50875
pornography:0.508
narrated:0.50725
gangster:0.50025
great:0.49775
story:0.49475
road movie:0.48725
good acting:0.48175
corporate america:0.48
great movie:0.47975
underrated:0.4795
bleak:0.47925
life & death:0.479
absurd:0.47575
paranoid:0.47125
destiny:0.471
very interesting:0.46575
cult film:0.4635
philosophy:0.463
suspense:0.4565
action:0.45475
unusual plot structure:0.4505
stereotypes:0.44325
catastrophe:0.43925
stylized:0.43725
sarcasm:0.43575
tense:0.43475
classic car:0.4315
culture clash:0.431
manipulation:0.42725
