alien:0.9945
spielberg:0.97625
children:0.96225
aliens:0.95825
childhood:0.948
touching:0.93225
sentimental:0.90025
heartwarming:0.889
oscar (best picture):0.87875
classic:0.8745
stranded:0.872
emotional:0.86475
imdb top 250:0.86125
space:0.858
nostalgic:0.8575
friendship:0.84525
kids:0.844
kids and family:0.8405
family:0.84025
unlikely friendships:0.839
fantasy:0.8275
oscar (best effects - visual effects):0.819
masterpiece:0.8175
good:0.80525
original:0.80175
special effects:0.79875
storytelling:0.79325
oscar (best sound):0.78475
oscar (best directing):0.7805
sci-fi:0.776
feel-good:0.76925
sad but good:0.7685
fairy tale:0.75975
great ending:0.74175
adventure:0.74125
excellent script:0.73925
first contact:0.7385
scifi:0.7365
story:0.735
chase:0.73
drama:0.72975
coming of age:0.725
saturn award (best special effects):0.72475
science fiction:0.711
afi 100 (movie quotes):0.7095
great acting:0.706
girlie movie:0.69925
sweet:0.69225
happy ending:0.691
space travel:0.6905
imagination:0.68525
alien invasion:0.6825
great movie:0.67775
great:0.6755
fun movie:0.66525
good acting:0.6645
destiny:0.664
sacrifice:0.661
magic:0.66075
beautifully filmed:0.65325
cute:0.651
sci fi:0.6485
oscar winner:0.64675
mentor:0.64275
whimsical:0.6415
effects:0.64
love story:0.63
catastrophe:0.628
feel good movie:0.628
intense:0.62425
bittersweet:0.62
allegory:0.6145
runaway:0.60425
computer animation:0.60375
beautiful scenery:0.60075
tear jerker:0.599
sappy:0.5905
visual:0.58825
sad:0.58125
suspense:0.5735
toys:0.5665
big budget:0.56525
visually stunning:0.5645
good soundtrack:0.5645
courage:0.564
fantasy world:0.56375
family drama:0.5575
cute!:0.55725
light:0.551
dialogue:0.548
poignant:0.524
nasa:0.52375
futuristic:0.5155
pg-13:0.51225
entertaining:0.5065
earnest:0.5045
clever:0.50325
loneliness:0.50325
exciting:0.50075
pg:0.49475
