male nudity:0.996
almodovar:0.9945
spanish:0.96775
queer:0.96275
gay:0.96125
glbt:0.949
obsession:0.9265
homosexuality:0.9065
loneliness:0.90025
spain:0.888
relationships:0.88675
sexual:0.87975
love:0.8685
erotic:0.8475
enigmatic:0.81975
criterion:0.81675
women:0.815
gay character:0.7855
sexy:0.78525
pornography:0.77875
sex:0.76975
love triangles:0.71675
weird:0.71175
dysfunctional family:0.6925
writers:0.689
quirky:0.658
murder mystery:0.65325
camp:0.60925
stylish:0.604
visually appealing:0.59125
golden palm:0.587
sexuality:0.56
original:0.56
cinematography:0.55875
intimate:0.52275
independent film:0.52075
life philosophy:0.5195
affectionate:0.50325
social commentary:0.49825
passionate:0.4965
melancholy:0.489
breathtaking:0.47825
police investigation:0.4685
great cinematography:0.468
very interesting:0.458
surreal:0.4565
talky:0.4475
censorship:0.44625
secrets:0.443
eccentricity:0.44225
dialogue:0.436
sexualized violence:0.4345
sisters:0.43425
entirely dialogue:0.42525
catastrophe:0.425
tragedy:0.42375
good soundtrack:0.42025
grindhouse:0.4135
murder:0.413
mentor:0.41075
nudity (topless - notable):0.40325
oscar (best supporting actress):0.39925
not funny:0.39525
nudity (full frontal - notable):0.3935
stylized:0.38675
drama:0.3865
culture clash:0.386
nocturnal:0.38425
atmospheric:0.378
movie business:0.37225
oscar (best actress):0.37225
runaway:0.37025
unusual plot structure:0.365
cross dressing:0.3575
masterpiece:0.35675
melancholic:0.35625
vengeance:0.3545
dreamlike:0.35325
adultery:0.34925
sexual abuse:0.349
perfect:0.345
suicide attempt:0.3415
nudity (rear):0.33925
fun movie:0.3375
interracial romance:0.33425
artistic:0.33325
great ending:0.3305
art house:0.32225
macabre:0.321
foreign:0.317
cynical:0.31675
hotel:0.3165
incest:0.316
adaptation:0.3135
small town:0.31225
meditative:0.30975
bittersweet:0.3085
allegory:0.307
art:0.306
lesbian:0.30575
