teen movie:0.994
teen:0.9935
high school:0.9895
teens:0.98
teenagers:0.944
cheerleading:0.88125
horror:0.83175
teenager:0.79425
horrible:0.78425
geeks:0.77525
predictable:0.7335
original:0.72675
stereotypes:0.70175
lame:0.6825
school:0.668
goth:0.65625
suspense:0.6465
so bad it's funny:0.637
pg-13:0.619
cult film:0.61025
small town:0.602
great ending:0.59275
brainwashing:0.592
fun movie:0.5805
slasher:0.576
supernatural:0.57075
dialogue:0.55775
weird:0.5555
plot holes:0.55525
bad:0.55475
good soundtrack:0.55475
bullying:0.54275
scary:0.5295
adolescence:0.517
good:0.5065
sci-fi:0.503
bad ending:0.502
sexy:0.4825
disturbing:0.4775
thriller:0.47325
bad acting:0.473
shallow:0.47125
nudity (topless - notable):0.47
stupidity:0.46725
sci fi:0.4605
violence:0.459
pointless:0.45875
catastrophe:0.45825
pornography:0.4545
runaway:0.4415
stupid:0.43625
mad scientist:0.43275
murder:0.425
storytelling:0.417
sexualized violence:0.41625
death:0.40525
awesome soundtrack:0.4045
dumb:0.3975
mentor:0.39725
first contact:0.3935
twist:0.3885
better than expected:0.38775
very interesting:0.38525
nerds:0.384
paranoid:0.3805
rebellion:0.3705
teacher:0.362
paranoia:0.361
plot twist:0.36025
adaptation:0.35925
story:0.35725
twists & turns:0.353
cool:0.3525
stupid as hell:0.3505
silly:0.34875
great:0.3455
overrated:0.3435
twist ending:0.34325
80s:0.3425
police investigation:0.34075
bad plot:0.33975
internet:0.339
bad cgi:0.33475
idiotic:0.33275
violent:0.331
not funny:0.32925
ridiculous:0.3255
life philosophy:0.3225
entirely dialogue:0.3215
fun:0.31825
geek:0.31775
conspiracy theory:0.31575
writers:0.31425
family:0.31425
enigmatic:0.31325
brutality:0.31075
suspenseful:0.3095
fantasy world:0.30825
unrealistic:0.3075
stoner movie:0.29925
