world war ii:0.9965
wwii:0.97325
war:0.83375
wartime:0.83225
unusual plot structure:0.7795
jungle:0.71675
original:0.64625
japan:0.635
weapons:0.634
adventure:0.62075
redemption:0.60025
melancholic:0.561
genocide:0.5575
bloody:0.54075
brutality:0.5005
cannibalism:0.488
war movie:0.488
adaptation:0.476
survival:0.4745
goretastic:0.469
best war films:0.45975
drama:0.43825
mentor:0.41775
catastrophe:0.4095
dialogue:0.40875
life philosophy:0.4055
action:0.40025
entirely dialogue:0.3755
betrayal:0.37525
island:0.37525
history:0.372
japanese:0.3715
harsh:0.371
violent:0.36825
cinematography:0.3575
romance:0.34975
nazis:0.344
camp:0.34325
violence:0.337
unlikely friendships:0.3365
us history:0.33325
not funny:0.326
fight scenes:0.321
great ending:0.3185
first contact:0.31775
irish accent:0.3165
grindhouse:0.303
fantasy world:0.3005
indians:0.2985
sex comedy:0.29675
overrated:0.29625
ethnic conflict:0.2955
spelling bee:0.2945
jews:0.29275
brutal:0.2925
gangsters:0.292
imdb top 250:0.29
storytelling:0.28875
enigmatic:0.285
good soundtrack:0.283
alternate history:0.283
narrated:0.2825
world war i:0.27725
dramatic:0.2765
predictable:0.27375
great:0.27025
solitude:0.27
germany:0.2675
quirky:0.26275
bad plot:0.26125
downbeat:0.25525
oscar (best directing):0.255
beautiful scenery:0.2545
suprisingly clever:0.251
nudity (full frontal - brief):0.24925
desert:0.24875
twists & turns:0.2475
revenge:0.247
story:0.246
vengeance:0.24525
courage:0.24225
social commentary:0.242
islam:0.241
good:0.24075
british:0.23725
epic:0.2355
justice:0.23425
writers:0.2325
thought-provoking:0.23225
culture clash:0.231
lone hero:0.228
gritty:0.22775
disaster:0.22625
gunfight:0.226
wine:0.2245
foreign:0.223
pornography:0.2225
tokyo:0.21875
nudity (topless - brief):0.21775
relationships:0.214
