serial killer:0.98725
horror:0.96175
murder:0.92275
brutality:0.9185
violence:0.887
disturbing:0.8745
creepy:0.85825
original:0.84025
police investigation:0.81825
slasher:0.81625
macabre:0.8035
psychological:0.792
cult classic:0.79025
brutal:0.78275
splatter:0.78275
low budget:0.779
dark:0.749
violent:0.7325
weird:0.73075
twist:0.72675
suspense:0.72475
great ending:0.72175
gruesome:0.71425
dark humor:0.71025
torture:0.6945
sexualized violence:0.68025
reality tv:0.67825
cult film:0.675
gory:0.657
blood:0.64625
black comedy:0.62575
stylized:0.6155
goretastic:0.57325
bloody:0.57225
scary:0.5715
twist ending:0.5565
clever:0.54825
teens:0.54575
dialogue:0.541
frightening:0.5395
dark comedy:0.53725
mentor:0.5335
nocturnal:0.53325
stylish:0.527
suspenseful:0.5135
fantasy world:0.507
very interesting:0.5045
graphic novel:0.49975
blindness:0.499
visceral:0.499
death:0.49225
bad ending:0.483
manipulation:0.47
parody:0.464
cannibalism:0.463
dark fantasy:0.45525
voyeurism:0.4465
supernatural:0.44175
twists & turns:0.44075
pornography:0.43675
eerie:0.433
family:0.4325
sexy:0.4225
creativity:0.419
psychology:0.41775
london:0.41625
insanity:0.415
moral ambiguity:0.413
revenge:0.41275
notable nudity:0.40875
catastrophe:0.407
narrated:0.40525
chase:0.40375
tense:0.40325
horrible:0.40025
good:0.39975
obsession:0.3955
fake documentary:0.39475
adaptation:0.3945
atmospheric:0.393
witches:0.3925
great:0.392
unlikeable characters:0.392
predictable:0.388
witch:0.3865
nudity (full frontal - notable):0.38625
ghosts:0.37575
demons:0.375
grindhouse:0.373
based on book:0.3725
interesting:0.367
camp:0.3655
harsh:0.36525
cerebral:0.36325
light:0.3555
satire:0.355
good soundtrack:0.35425
cult:0.35325
werewolf:0.352
melancholic:0.35175
