dog:0.93275
post-apocalyptic:0.89775
dystopia:0.873
post apocalyptic:0.872
future:0.8585
original:0.727
dogs:0.72075
science fiction:0.7095
distopia:0.69075
sexualized violence:0.67575
quirky:0.673
futuristic:0.6475
rebellion:0.6395
women:0.63075
pornography:0.61525
cult classic:0.60475
rape:0.5855
brutality:0.5735
blood:0.55475
weird:0.54475
dystopic future:0.51125
surreal:0.50225
disturbing:0.48225
weapons:0.48075
technology:0.47625
violent:0.4755
culture clash:0.46575
mentor:0.464
sci fi:0.456
very interesting:0.456
bad ending:0.4445
apocalypse:0.4425
lone hero:0.43825
internet:0.43775
insanity:0.437
good soundtrack:0.436
catastrophe:0.434
psychological:0.431
low budget:0.42625
criterion:0.4115
intimate:0.41125
runaway:0.403
brainwashing:0.40125
story:0.396
absurd:0.3955
harsh:0.39525
secrets:0.39075
desert:0.3805
video game:0.37875
adaptation:0.37075
fight scenes:0.366
melancholic:0.36525
great ending:0.36225
police investigation:0.362
small town:0.359
bombs:0.3575
visually appealing:0.35725
chase:0.35425
complex:0.35375
nudity (full frontal - notable):0.35175
suprisingly clever:0.3495
not funny:0.34925
cult film:0.34625
sexual:0.3415
stylized:0.3385
interesting:0.337
talky:0.33425
atmospheric:0.332
dialogue:0.32825
survival:0.325
sexy:0.32325
creepy:0.32225
nudity (topless):0.322
psychology:0.3175
beautiful scenery:0.3135
bleak:0.3135
storytelling:0.313
writers:0.31175
life & death:0.30925
nudity (full frontal - brief):0.3085
obsession:0.30775
suspenseful:0.30375
sci-fi:0.30275
adventure:0.30275
social commentary:0.298
enigmatic:0.298
genetics:0.29525
surveillance:0.29475
greed:0.29375
good:0.293
freedom:0.29075
grim:0.28875
splatter:0.28725
vengeance:0.287
identity:0.286
narrated:0.28475
tense:0.2835
life philosophy:0.27925
transformation:0.27875
intellectual:0.277
