small town:0.998
innocence lost:0.9825
oscar (best supporting actor):0.96675
coming of age:0.9595
texas:0.955
criterion:0.9495
bittersweet:0.949
loneliness:0.9375
1950s:0.92825
poignant:0.9225
black and white:0.919
nostalgic:0.916
adolescence:0.90825
reflective:0.894
character study:0.891
oscar (best directing):0.87875
downbeat:0.87725
mentor:0.87375
bleak:0.864
imdb top 250:0.8585
melancholic:0.85
sexuality:0.84575
melancholy:0.831
coming-of-age:0.8055
oscar (best supporting actress):0.79175
oscar (best actress):0.79025
classic:0.78375
high school:0.78325
intimate:0.7795
nudity (topless - notable):0.7475
adapted from:book:0.745
oscar (best picture):0.74275
golden palm:0.742
drinking:0.73525
runaway:0.73025
cinematography:0.72925
sexual:0.72125
affectionate:0.71425
original:0.7085
talky:0.707
good soundtrack:0.7015
depression:0.7005
social commentary:0.6995
masterpiece:0.69875
friendship:0.6885
childhood:0.68375
great acting:0.68
relationships:0.6755
unlikely friendships:0.67475
dramatic:0.66125
1970s:0.648
wistful:0.645
honest:0.6445
good acting:0.618
enigmatic:0.61275
exceptional acting:0.605
realistic:0.60075
teenager:0.599
earnest:0.5955
gunfight:0.573
culture clash:0.56375
atmospheric:0.5635
oscar:0.56075
teen:0.55975
depressing:0.5535
virginity:0.55125
grim:0.54825
cult classic:0.5465
rebellion:0.54125
cynical:0.54025
great:0.5355
period piece:0.53425
meditative:0.52425
teenagers:0.523
indie:0.522
great ending:0.52025
harsh:0.51475
crime gone awry:0.50975
pornography:0.50825
death:0.50625
ensemble cast:0.5055
storytelling:0.50325
stylized:0.501
lyrical:0.49525
california:0.4895
drama:0.4895
tragedy:0.48775
great movie:0.48475
narrated:0.4825
violent:0.478
suprisingly clever:0.47275
oscar (best cinematography):0.4695
morality:0.46875
forceful:0.461
redemption:0.46075
radio:0.45375
life philosophy:0.45375
unusual plot structure:0.45225
dialogue:0.4505
interesting:0.44775
