dialogue driven:0.981
oscar (best supporting actor):0.9595
greed:0.954
ensemble cast:0.951
based on a play:0.948
great acting:0.94575
drama:0.94575
dialogue:0.9355
talky:0.8865
great dialogue:0.87425
foul language:0.83475
business:0.824
workplace:0.82275
original:0.80775
dramatic:0.79225
claustrophobic:0.78675
interesting:0.7725
intense:0.772
excellent script:0.7695
imdb top 250:0.766
character study:0.7635
good acting:0.76175
great movie:0.761
quotable:0.75375
good soundtrack:0.7475
crime gone awry:0.74325
corruption:0.73575
exceptional acting:0.73375
tense:0.73175
social commentary:0.6985
realistic:0.6935
police investigation:0.6895
entirely dialogue:0.674
great:0.66525
twists & turns:0.65925
oscar (best directing):0.656
great ending:0.6435
oscar (best actress):0.64225
honest:0.63125
violence:0.62625
con men:0.622
cerebral:0.6205
clever:0.62
moral ambiguity:0.61975
adaptation:0.6165
office:0.61525
visceral:0.60575
drinking:0.6005
criterion:0.596
dark humor:0.5925
excellent:0.5905
mentor:0.58975
unusual plot structure:0.588
witty:0.58175
bleak:0.574
con artists:0.565
complex:0.559
brutality:0.55425
narrated:0.5505
oscar (best supporting actress):0.54825
downbeat:0.5435
redemption:0.54325
harsh:0.5385
atmospheric:0.531
forceful:0.5255
gangsters:0.52275
good dialogue:0.51875
dark:0.51775
gritty:0.5085
manipulation:0.50375
violent:0.50375
golden palm:0.503
highly quotable:0.50025
stylized:0.49825
enigmatic:0.498
underrated:0.49625
pornography:0.4925
very interesting:0.484
life philosophy:0.48225
loneliness:0.4765
intelligent:0.4765
suspense:0.4715
oscar:0.468
satire:0.46025
heist:0.455
cult classic:0.45375
suprisingly clever:0.4535
cynical:0.45
fighting the system:0.44825
gangster:0.44625
multiple storylines:0.446
very good:0.43875
movielens top pick:0.4385
complicated:0.43625
depressing:0.4355
ironic:0.433
good:0.431
masterpiece:0.43075
story:0.4295
grim:0.429
