silent:0.98025
fantasy:0.9515
adventure:0.937
special effects:0.9365
magic:0.93175
visual:0.93125
fantasy world:0.92675
swashbuckler:0.896
epic:0.85325
criterion:0.828
visually stunning:0.8265
breathtaking:0.82275
imdb top 250:0.81075
original:0.791
great movie:0.78575
fairy tale:0.785
cinematography:0.767
1920s:0.752
talky:0.74675
imagination:0.74225
masterpiece:0.7405
stylized:0.73125
oscar (best directing):0.728
visually appealing:0.72275
greed:0.6985
dragons:0.69675
high fantasy:0.69175
tense:0.687
fun:0.68075
computer animation:0.67975
oscar (best actress):0.673
tragedy:0.668
great:0.653
sacrifice:0.65125
transformation:0.6485
storytelling:0.6435
life philosophy:0.64325
runaway:0.64075
childhood:0.63575
oscar (best effects - visual effects):0.63
allegory:0.624
atmospheric:0.6155
futuristic:0.615
sword fight:0.608
reflective:0.604
passionate:0.6035
story:0.60275
mythology:0.602
dialogue:0.59
black and white:0.588
beautiful scenery:0.58725
long:0.58475
fun movie:0.58425
art:0.584
forceful:0.58375
afi 100 (movie quotes):0.57975
fight scenes:0.57475
great ending:0.5715
chase:0.55675
love story:0.5565
adapted from:book:0.555
oscar (best supporting actress):0.54925
classic:0.5485
modern fantasy:0.54775
scenic:0.5435
light:0.51975
big budget:0.51575
romantic:0.5145
oscar (best cinematography):0.51375
good versus evil:0.5135
good:0.5095
dreams:0.50925
action packed:0.50725
cult classic:0.505
suprisingly clever:0.50475
kung fu:0.5045
stunning:0.5045
action:0.49975
beautiful:0.49925
social commentary:0.495
grim:0.493
adaptation:0.49175
costume drama:0.4915
dark hero:0.48575
great acting:0.4805
melancholy:0.48
fairy tales:0.47725
mentor:0.47675
witches:0.474
cgi:0.47275
exciting:0.4705
catastrophe:0.4685
dreamlike:0.46675
amazing photography:0.46425
medieval:0.46425
photography:0.45575
fast paced:0.45275
betrayal:0.45025
original plot:0.444
visuals:0.43975
