jungle:0.94925
vietnam war:0.9345
storytelling:0.92
reflective:0.89825
survival:0.89475
dramatic:0.87875
criterion:0.87725
intimate:0.809
surreal:0.80725
original:0.8065
documentary:0.80575
story:0.8025
childhood:0.79625
talky:0.7605
visually appealing:0.7605
military:0.749
harsh:0.74675
imdb top 250:0.74375
poignant:0.743
mentor:0.73975
dreams:0.72775
brutality:0.71275
california:0.71175
cinematography:0.7075
war movie:0.70575
life & death:0.7045
life:0.70275
unusual plot structure:0.6965
redemption:0.693
german:0.68775
earnest:0.6825
character study:0.673
enigmatic:0.673
stylized:0.67125
bombs:0.6705
death:0.667
social commentary:0.666
melancholic:0.6625
visual:0.661
suprisingly clever:0.65275
culture clash:0.6515
absurd:0.64725
cerebral:0.645
germany:0.63625
breathtaking:0.62525
affectionate:0.61425
vietnam:0.60525
movielens top pick:0.6035
melancholy:0.60225
drinking:0.598
oscar (best directing):0.5975
greed:0.59575
humanity:0.59525
narrated:0.59475
compassionate:0.5905
philosophy:0.59
honest:0.59
interesting:0.5885
highly quotable:0.58675
ethnic conflict:0.586
desert:0.58575
golden palm:0.5755
corruption:0.57425
downbeat:0.57275
political:0.57075
meditative:0.57
nocturnal:0.5675
tragedy:0.5665
war:0.56625
complex:0.562
memory:0.5555
bleak:0.54875
politics:0.54775
oscar (best foreign language film):0.54725
imagination:0.547
touching:0.53425
masterpiece:0.534
atmospheric:0.52975
loneliness:0.52825
visually stunning:0.52725
gunfight:0.5235
san francisco:0.5225
spanish:0.5215
bittersweet:0.521
beautiful scenery:0.51775
artistic:0.51075
forceful:0.5105
prison:0.508
surrealism:0.5025
great ending:0.4995
fighting the system:0.49425
tense:0.492
weird:0.49125
classic car:0.49075
distopia:0.49075
justice:0.4905
life philosophy:0.49025
sacrifice:0.48975
obsession:0.489
humorous:0.485
