dark fantasy:0.99525
fantasy world:0.99425
modern fantasy:0.99275
fantasy:0.99025
imagination:0.97075
high fantasy:0.959
good versus evil:0.95825
alone in the world:0.95575
wizards:0.95275
fairy tale:0.93375
visually appealing:0.9315
visually stunning:0.93025
visual:0.92975
magic:0.92825
puppets:0.899
storytelling:0.8965
muppets:0.8825
fairy tales:0.8685
mythology:0.8655
original:0.8365
innocence lost:0.82075
weird:0.80025
immortality:0.7985
alternate universe:0.79575
whimsical:0.78575
childhood:0.77675
destiny:0.77225
allegory:0.762
dark:0.7595
story:0.73725
adventure:0.7335
special effects:0.73075
creativity:0.7205
great ending:0.69825
medieval:0.68025
good:0.67975
children:0.67925
sci fi:0.67125
melancholic:0.66575
dragons:0.664
visuals:0.66175
technology:0.65475
computer animation:0.65225
beautifully filmed:0.62925
first contact:0.6275
cult classic:0.6275
mentor:0.6185
solitude:0.61775
science fiction:0.61025
stop motion:0.6005
masterpiece:0.59575
sacrifice:0.5925
dialogue:0.58825
transformation:0.5875
great:0.58175
imdb top 250:0.58
alien:0.5705
nostalgic:0.567
clones:0.55725
surreal:0.552
parallel universe:0.54925
underrated:0.54825
existentialism:0.545
graphic design:0.54425
loneliness:0.542
cerebral:0.53975
cgi:0.52525
scifi:0.52125
greed:0.51
breathtaking:0.50925
classic:0.5055
life philosophy:0.50075
light:0.5
beautiful scenery:0.4995
70mm:0.489
great movie:0.48725
dreamlike:0.4855
author:neil gaiman:0.4825
thought-provoking:0.47925
effects:0.476
alternate reality:0.47025
based on book:0.46975
brainwashing:0.46475
original plot:0.46225
catastrophe:0.4555
cult film:0.451
cinematography:0.44825
trilogy:0.448
very good:0.44775
life & death:0.44525
scifi cult:0.44175
enigmatic:0.43825
race:0.43725
stunning:0.43725
philosophy:0.435
complex:0.42825
strange:0.42825
nocturnal:0.4275
ghosts/afterlife:0.4265
good soundtrack:0.426
