nazis:0.99075
jews:0.97875
holocaust:0.97325
world war ii:0.9635
germany:0.9565
nazi:0.94975
lawyer:0.9405
genocide:0.9215
israel:0.90775
conspiracy:0.8965
guilt:0.8655
dramatic:0.857
courtroom:0.84925
intense:0.842
drama:0.83325
lawyers:0.83225
courtroom drama:0.819
wartime:0.8075
crime:0.8045
war:0.79675
suspense:0.794
assassination:0.77275
anti-semitism:0.76725
corruption:0.76
murder:0.74325
secrets:0.7395
politics:0.7295
wwii:0.715
jewish:0.689
mentor:0.68375
vengeance:0.66175
ethnic conflict:0.65475
oscar (best actress):0.64875
thriller:0.647
original:0.6425
police investigation:0.63675
tense:0.63375
historical:0.629
brutality:0.62825
good:0.627
oscar (best directing):0.62225
suspenseful:0.6215
runaway:0.62
prejudice:0.612
complex:0.607
justice:0.603
political:0.593
russian:0.58875
betrayal:0.58425
war movie:0.56075
moral ambiguity:0.55475
powerful ending:0.54575
manipulation:0.5415
emotional:0.54
drinking:0.539
forceful:0.53675
oscar (best supporting actress):0.533
exceptional acting:0.5305
cinematography:0.5305
great ending:0.53025
idealism:0.53
culture clash:0.52375
great acting:0.5235
islam:0.52275
true story:0.52025
unusual plot structure:0.51825
poland:0.51575
dialogue:0.49225
oscar winner:0.48975
spying:0.48875
world politics:0.482
catastrophe:0.4805
sacrifice:0.4775
light:0.469
intelligent:0.469
court:0.46425
argentina:0.45825
history:0.4545
oscar (best foreign language film):0.453
heartbreaking:0.45225
childhood:0.4515
thought-provoking:0.44775
investigation:0.4475
story:0.444
good acting:0.442
tragedy:0.44175
chase:0.44125
sexualized violence:0.44075
adapted from:book:0.43625
kidnapping:0.43625
assassins:0.43475
talky:0.43425
sentimental:0.43425
visceral:0.4295
us history:0.4295
communism:0.42375
nudity (full frontal - brief):0.423
suprisingly clever:0.423
weapons:0.42025
propaganda:0.4195
