love:0.97025
romantic:0.95225
love story:0.92575
relationships:0.9005
nocturnal:0.88675
romance:0.843
destiny:0.8185
original:0.8175
dialogue:0.803
loneliness:0.80075
directorial debut:0.79075
harsh:0.786
hotel:0.76275
great ending:0.69875
good:0.6975
story:0.67925
happy ending:0.679
mentor:0.6785
beautiful scenery:0.6615
honest:0.65875
romantic comedy:0.658
good soundtrack:0.65425
alter ego:0.64775
good acting:0.64525
cinematography:0.63525
melancholic:0.635
transformation:0.63225
unusual plot structure:0.62075
good action:0.6205
touching:0.618
reflective:0.61225
sweet:0.6025
dark hero:0.6
great movie:0.59725
indie:0.59575
clever:0.5955
runaway:0.58575
adventure:0.58325
life philosophy:0.5815
visually appealing:0.5735
bittersweet:0.571
light:0.5705
plot:0.56925
witty:0.55625
cult classic:0.555
very good:0.55225
new york:0.54675
talky:0.5405
lone hero:0.53
entirely dialogue:0.527
great acting:0.52575
feel good movie:0.5135
passionate:0.51175
cute:0.50075
drama:0.49975
interesting:0.49825
idealism:0.48825
superheroes:0.485
culture clash:0.48475
movielens top pick:0.4835
storytelling:0.48275
feel-good:0.481
very interesting:0.47675
creativity:0.472
imdb top 250:0.472
catastrophe:0.471
original plot:0.4645
chase:0.464
simple:0.46175
marriage:0.46125
free to download:0.461
new york city:0.4605
great:0.45625
vigilantism:0.44775
writers:0.4475
suprisingly clever:0.44575
enigmatic:0.44575
beautiful:0.44325
nudity (full frontal - brief):0.4415
super hero:0.43325
vigilante:0.4275
weapons:0.425
sexualized violence:0.421
comic book adaption:0.421
criterion:0.41975
quotable:0.417
absurd:0.41475
good sequel:0.4125
boston:0.4085
moody:0.40775
stylized:0.40375
beautifully filmed:0.40225
intelligent:0.40075
forceful:0.4
better than expected:0.3985
unlikely friendships:0.39775
poignant:0.39575
whimsical:0.394
oscar (best writing - screenplay written directly for the screen):0.38925
tense:0.389
