violence:0.896
tense:0.895
suspense:0.89375
violent:0.87175
disturbing:0.8505
claustrophobic:0.83625
brutality:0.8335
suspenseful:0.833
allegory:0.7965
murder:0.7895
pornography:0.75975
psychological:0.7475
sexualized violence:0.74225
brutal:0.735
intense:0.734
greed:0.714
ominous:0.703
thriller:0.697
homeless:0.6885
original:0.67775
social commentary:0.629
frightening:0.622
camp:0.62
grindhouse:0.60075
psychology:0.59725
great ending:0.5795
loneliness:0.5705
graphic novel:0.558
creepy:0.55
runaway:0.5465
nudity (full frontal - notable):0.52725
censorship:0.52275
manipulation:0.518
visceral:0.5145
doctors:0.51225
prostitution:0.491
criterion:0.49075
tragedy:0.48425
scary:0.48075
police investigation:0.47775
secrets:0.47175
macabre:0.46875
pulp:0.46375
shallow:0.46025
oscar (best actress):0.45725
great acting:0.454
insanity:0.45375
hospital:0.44325
australia:0.439
moral ambiguity:0.434
idiotic:0.434
paranoid:0.43325
race issues:0.43225
mad scientist:0.41925
alternate endings:0.41825
los angeles:0.41525
mentor:0.41175
catastrophe:0.41075
time:0.40025
sacrifice:0.40025
dialogue:0.379
incest:0.3695
teen:0.3695
downbeat:0.36925
weapons:0.369
vigilante:0.3685
story:0.367
great:0.36675
nudity (topless - notable):0.364
hard to watch:0.36375
women:0.3635
isolation:0.3635
corruption:0.36275
golden palm:0.35825
lone hero:0.35775
tokyo:0.35475
not funny:0.35475
justice:0.35375
survival:0.35225
poetry:0.352
adapted from:book:0.35
atmospheric:0.33975
twists & turns:0.33575
bleak:0.334
torture:0.3315
cinematography:0.331
rape:0.3295
very funny:0.32875
crime:0.32875
investigation:0.32725
excellent:0.32725
nudity (full frontal - brief):0.32625
silly fun:0.32625
destiny:0.319
road movie:0.31875
weird:0.31675
nocturnal:0.3165
mental illness:0.315
whimsical:0.313
storytelling:0.31275
