robots:0.9855
robot:0.9615
sequel:0.9415
sequels:0.8985
crappy sequel:0.895
original:0.78975
kids and family:0.7105
artificial intelligence:0.616
culture clash:0.6105
80s:0.59475
fun movie:0.59
science fiction:0.554
mentor:0.53375
predictable:0.499
weapons:0.4965
good sequel:0.492
android(s)/cyborg(s):0.49
family:0.47575
adventure:0.47075
so bad it's funny:0.4625
overrated:0.4595
destiny:0.45225
franchise:0.4495
good:0.44825
catastrophe:0.447
silly fun:0.4385
touching:0.432
runaway:0.416
great:0.409
toys:0.39725
life philosophy:0.3945
bad plot:0.3915
great ending:0.39
fun:0.389
dialogue:0.3855
scifi:0.38075
good action:0.3735
homeless:0.3645
loneliness:0.36225
new york city:0.355
memory:0.351
lone hero:0.34175
humorous:0.34125
feel-good:0.339
1980s:0.334
not funny:0.33125
first contact:0.3295
goofy:0.329
oscar:0.323
complex:0.3195
fantasy:0.319
very funny:0.313
brutality:0.3115
childhood:0.3045
fight scenes:0.3025
technology:0.3005
romance:0.3
natural disaster:0.2995
sci fi:0.29725
feel good movie:0.2945
original plot:0.29325
emma watson:0.289
romantic:0.28175
indians:0.27625
revenge:0.2755
dinosaurs:0.27325
lame:0.27125
chase:0.271
slapstick:0.267
fantasy world:0.2665
special effects:0.26625
entirely dialogue:0.26425
death:0.26425
quirky:0.2605
pointless:0.26025
humanity:0.259
cute!:0.2585
action:0.25625
clever:0.25475
big budget:0.254
story:0.253
storytelling:0.25225
bad:0.249
creativity:0.2485
good soundtrack:0.24675
redemption:0.2465
nudity (full frontal - brief):0.24425
entertaining:0.243
existentialism:0.2425
adaptation:0.24175
imdb top 250:0.2415
silly:0.2385
melancholic:0.23775
writers:0.234
unusual plot structure:0.22875
nostalgia:0.22825
vengeance:0.2275
underrated:0.2255
pg-13:0.22525
happy ending:0.222
