death:0.97825
fighting the system:0.95675
workplace:0.924
dramatic:0.91025
mentor:0.88725
oscar (best actress):0.87875
drama:0.87475
conspiracy:0.8515
terminal illness:0.845
life & death:0.84475
corruption:0.8415
character study:0.82625
true story:0.78025
environment:0.75875
working class:0.7555
nuclear:0.7475
courage:0.73975
depression:0.739
tragedy:0.73075
good acting:0.728
oscar (best directing):0.726
great ending:0.72575
original:0.723
based on true story:0.715
oscar (best supporting actress):0.71125
heartbreaking:0.70725
interesting:0.68925
story:0.68375
cancer:0.67775
intense:0.6755
politics:0.67425
good:0.66325
based on a true story:0.66
biographical:0.65725
very interesting:0.65275
touching:0.648
secrets:0.646
emotional:0.64275
oscar:0.64075
suspense:0.63825
greed:0.63825
social commentary:0.63725
great acting:0.636
small town:0.63575
cerebral:0.63425
loneliness:0.6245
runaway:0.6195
women:0.6165
sad:0.6035
lawyer:0.59275
lawyers:0.576
guilt:0.5705
life philosophy:0.57
excellent:0.56125
honest:0.5485
great:0.5465
dialogue driven:0.545
paranoia:0.544
political:0.54375
biography:0.543
environmental:0.54
great movie:0.52775
oscar winner:0.51875
realistic:0.5135
life:0.51075
earnest:0.50475
powerful ending:0.503
sentimental:0.4965
downbeat:0.4965
road movie:0.4865
enigmatic:0.4755
catastrophe:0.47475
poignant:0.4735
unlikely friendships:0.47175
tense:0.4665
girlie movie:0.46625
exceptional acting:0.4645
claustrophobic:0.4595
survival:0.45825
redemption:0.45725
talky:0.45275
storytelling:0.4525
transformation:0.452
sad but good:0.45175
aids:0.45
happy ending:0.447
good soundtrack:0.44275
destiny:0.43675
investigation:0.435
internet:0.43375
relationships:0.4325
1970s:0.42975
slow paced:0.42725
oscar (best supporting actor):0.425
friendship:0.42425
aging:0.42075
murder:0.42025
hospital:0.4175
compassionate:0.4175
dialogue:0.41575
