san francisco:0.995
chase:0.9905
comedy:0.94325
assassination:0.84725
car chase:0.80275
espionage:0.7755
murder mystery:0.77225
conspiracy:0.76925
saturday night live:0.74125
suspenseful:0.73275
thriller:0.72675
fun movie:0.72325
murder:0.71375
assassin:0.6955
screwball comedy:0.6935
funny:0.65675
original:0.65575
suspense:0.64625
detective:0.6385
hitchcock:0.638
fast paced:0.63225
secrets:0.63175
hilarious:0.63125
police investigation:0.6225
quotable:0.62225
nostalgic:0.603
hit men:0.57325
twists & turns:0.57
clever:0.568
runaway:0.5545
spying:0.53725
light:0.528
assassins:0.52
spy:0.519
kidnapping:0.51825
fun:0.517
slapstick:0.50525
mentor:0.50225
silly fun:0.4985
very funny:0.48925
romance:0.48375
romantic:0.4795
pornography:0.4755
plot:0.475
girlie movie:0.47375
cute:0.4615
surveillance:0.45775
great ending:0.45275
catastrophe:0.44125
divorce:0.44
great:0.439
dialogue:0.439
farce:0.4385
sexy:0.4325
unfunny:0.432
affectionate:0.42675
mystery:0.42075
pg-13:0.4205
screwball:0.41575
investigation:0.4095
vengeance:0.3975
identity:0.3935
good:0.39075
entertaining:0.3775
predictable:0.37575
suprisingly clever:0.375
cute!:0.37425
witty:0.37175
storytelling:0.366
tense:0.36575
spies:0.36525
silly:0.3635
humorous:0.362
nocturnal:0.36175
no plot:0.36
nudity (full frontal - brief):0.3515
underrated:0.34375
obsession:0.34175
classic:0.33925
parody:0.33775
culture clash:0.332
switching places:0.3295
crime:0.32525
corruption:0.32175
life philosophy:0.321
story:0.32025
revenge:0.31875
unusual plot structure:0.318
destiny:0.31725
secret service:0.31625
sweet:0.31225
adaptation:0.31125
classic car:0.31075
fight scenes:0.30775
action:0.30375
alter ego:0.3025
dramatic:0.30175
crude humor:0.2985
police:0.29825
lone hero:0.29375
