paris:0.97225
russia:0.962
cold war:0.95275
satire:0.88875
comedy:0.86925
talky:0.86825
screwball:0.855
romantic:0.8495
witty:0.84
classic:0.82025
farce:0.81475
romantic comedy:0.81025
imdb top 250:0.80675
idealism:0.791
romance:0.789
oscar (best actress):0.78475
communism:0.7655
1930s:0.75975
culture clash:0.754
satirical:0.74475
criterion:0.72675
original:0.71525
russian:0.71325
great:0.6815
great acting:0.67025
love story:0.66875
whimsical:0.65825
afi 100 (laughs):0.64825
enigmatic:0.646
humorous:0.635
capitalism:0.63325
suprisingly clever:0.62575
light:0.6225
unusual plot structure:0.621
political:0.61275
period piece:0.6115
sweet:0.604
dialogue:0.5955
oscar (best directing):0.59425
affectionate:0.58825
oscar (best supporting actress):0.581
great movie:0.5795
absurd:0.5725
black and white:0.5705
hilarious:0.5645
clever:0.56325
funny:0.56175
mistaken identity:0.558
politics:0.551
foreign:0.5435
great dialogue:0.54225
hotel:0.53675
revolution:0.53575
dramatic:0.53225
fun movie:0.53125
love:0.529
cynical:0.5285
runaway:0.527
beautiful scenery:0.52575
betrayal:0.51875
melancholy:0.51675
relationships:0.5135
lawyer:0.507
spying:0.506
perfect:0.50475
propaganda:0.4955
very funny:0.49425
humor:0.487
great ending:0.484
silly:0.48125
passionate:0.48075
interesting:0.47725
secrets:0.47575
quotable:0.46475
sacrifice:0.45925
oscar:0.4565
corruption:0.45375
suspense:0.447
chase:0.445
france:0.4445
sarcasm:0.43625
good:0.43625
social commentary:0.435
assassination:0.43025
murder mystery:0.42975
movielens top pick:0.42675
utopia:0.4165
stylized:0.41475
catastrophe:0.41325
good acting:0.41225
drama:0.41175
story:0.41075
harsh:0.40975
atmospheric:0.409
forceful:0.4085
reflective:0.40775
spy:0.40625
transformation:0.398
entirely dialogue:0.38975
fun:0.3845
