drug addiction:0.99025
addiction:0.98825
drugs:0.98075
drug abuse:0.97775
based on a book:0.915
drama:0.8925
heroin:0.82775
biopic:0.79925
writers:0.798
biography:0.7775
very interesting:0.77575
original:0.77275
storytelling:0.77125
good soundtrack:0.771
redemption:0.75825
stylized:0.75825
drinking:0.742
true story:0.7265
adapted from:book:0.70825
dramatic:0.70725
dark humor:0.682
mentor:0.64725
story:0.64425
weird:0.63775
good:0.62625
crime gone awry:0.6235
social commentary:0.61525
dialogue:0.60075
adaptation:0.578
interesting:0.57025
quirky:0.56375
biographical:0.5565
intense:0.5495
stylish:0.54725
brutality:0.5445
life:0.54275
narrated:0.5415
underrated:0.53875
plot:0.5325
directorial debut:0.53225
harsh:0.5115
weed:0.49925
writing:0.49775
gritty:0.497
gangsters:0.493
visually appealing:0.4865
melancholic:0.4835
black comedy:0.48125
very good:0.475
pornography:0.474
depression:0.47075
cerebral:0.46875
dark comedy:0.4675
great ending:0.461
dark:0.4515
graphic novel:0.44675
corruption:0.43925
greed:0.4365
based on book:0.429
nudity (full frontal - notable):0.4285
paranoid:0.41925
based on true story:0.4175
complex:0.412
dysfunctional family:0.409
tricky:0.40775
catastrophe:0.407
great acting:0.4025
factual:0.40175
enigmatic:0.40025
oscar (best supporting actress):0.39925
criterion:0.39375
bleak:0.3895
life philosophy:0.38775
independent film:0.3875
fantasy world:0.37225
talky:0.371
los angeles:0.3705
existentialism:0.3695
mental illness:0.3695
exceptional acting:0.3665
dark hero:0.36575
cinematography:0.361
disturbing:0.36075
male nudity:0.3605
nudity (topless):0.36
entirely dialogue:0.359
depressing:0.35875
nudity (full frontal - brief):0.35825
character study:0.357
sexualized violence:0.3565
unlikely friendships:0.3555
great movie:0.35275
shallow:0.35175
grim:0.35
violence:0.34925
great:0.3475
loneliness:0.347
friendship:0.34425
robert downey jr:0.34375
runaway:0.3425
