war:0.985
christmas:0.9715
oscar (best foreign language film):0.96875
france:0.96175
world war i:0.9575
german:0.9495
based on a true story:0.9475
french:0.93975
best war films:0.931
true story:0.924
foreign:0.91425
dramatic:0.88425
war movie:0.86125
germany:0.84
paris:0.83575
based on true story:0.83425
sacrifice:0.8055
humanity:0.799
historical:0.79725
pg-13:0.7935
idealism:0.7805
mentor:0.77325
factual:0.771
original:0.756
anti-war:0.74675
history:0.745
politics:0.74475
world war ii:0.7365
courage:0.7105
cinematography:0.694
friendship:0.69275
touching:0.691
beautiful scenery:0.685
feel-good:0.677
brutality:0.67675
unlikely friendships:0.67125
ethnic conflict:0.66475
drama:0.66425
us history:0.66225
tragedy:0.66175
realistic:0.659
survival:0.655
thought-provoking:0.6525
great acting:0.65075
powerful ending:0.64725
catastrophe:0.64375
holiday:0.64325
imdb top 250:0.64275
forceful:0.62575
absurd:0.62375
storytelling:0.6195
social commentary:0.6185
story:0.6165
violence:0.61375
beautifully filmed:0.61225
emotional:0.605
oscar (best directing):0.59775
drinking:0.59475
great cinematography:0.59375
culture clash:0.593
good:0.59275
political:0.59175
wartime:0.5835
harsh:0.58325
excellent:0.581
wwii:0.581
destiny:0.581
movielens top pick:0.575
fascism:0.56825
great ending:0.56775
sentimental:0.56625
feel good movie:0.56375
betrayal:0.56325
intense:0.55425
heartwarming:0.5535
british:0.551
bleak:0.5445
weapons:0.5435
civil war:0.54325
heartbreaking:0.534
amazing photography:0.53275
justice:0.53025
visually stunning:0.52675
best of 2005:0.52425
excellent script:0.52225
interesting:0.50875
plot:0.507
breathtaking:0.5055
moving:0.50325
prejudice:0.50275
oscar:0.501
great:0.501
poignant:0.50025
love story:0.5
good soundtrack:0.4825
runaway:0.48
berlin:0.4765
good acting:0.47475
corruption:0.47275
propaganda:0.472
