argentina:0.97175
gay:0.97075
spanish:0.95225
love:0.925
homosexuality:0.85975
pornography:0.8235
gay character:0.781
love story:0.76175
sexual:0.7255
relationships:0.71575
spain:0.675
erotic:0.67375
unusual plot structure:0.659
sexy:0.65275
intimate:0.65
male nudity:0.6315
glbt:0.609
queer:0.6
cheating:0.59725
brutality:0.597
vampire human love:0.59375
original:0.59375
betrayal:0.5845
enigmatic:0.5745
passionate:0.55075
life & death:0.5185
sex:0.50375
good dialogue:0.501
complex:0.49225
women:0.48875
loneliness:0.474
criterion:0.46375
foreign:0.4635
fantasy world:0.46
romance:0.45875
vengeance:0.44725
entirely dialogue:0.44575
bdsm:0.4405
artistic:0.432
dialogue:0.4285
stylish:0.42475
catastrophe:0.404
heist:0.395
ironic:0.3925
stylized:0.38925
nocturnal:0.384
heartbreaking:0.3815
good soundtrack:0.3735
parallel universe:0.37
based on true story:0.369
storytelling:0.36
not funny:0.35675
intense:0.34675
weird:0.34575
true story:0.33975
high fantasy:0.3305
great ending:0.32975
robert downey jr:0.328
beautifully filmed:0.32775
mentor:0.32625
transformation:0.326
judaism:0.3215
honest:0.31725
reflective:0.313
character study:0.307
social commentary:0.3055
crime:0.30325
happy ending:0.30075
violence:0.29975
greed:0.29775
culture clash:0.2975
violent:0.2965
dramatic:0.296
grindhouse:0.2955
obsession:0.29475
allegory:0.29325
1970s:0.2915
exceptional acting:0.29
off-beat comedy:0.285
idealism:0.28425
runaway:0.28325
suprisingly clever:0.2825
shallow:0.28225
hotel:0.27925
interracial romance:0.27875
writers:0.2775
homophobia:0.275
life philosophy:0.27075
great acting:0.2695
nudity (full frontal - brief):0.26525
twists & turns:0.26075
beautiful scenery:0.2605
ninja:0.25975
ethnic conflict:0.2595
affectionate:0.25725
police investigation:0.25725
assassination:0.25675
existentialism:0.253
good acting:0.252
light:0.25125
