coming of age:0.983
life & death:0.95475
childhood:0.88925
mentor:0.871
coming-of-age:0.86075
afterlife:0.81
death:0.79825
drama:0.78225
friendship:0.7725
original:0.76325
runaway:0.75875
parenthood:0.741
dysfunctional family:0.73925
feel-good:0.732
unlikely friendships:0.7245
poignant:0.7235
adolescence:0.708
england:0.68975
depression:0.67775
british:0.66675
social commentary:0.64725
aging:0.6065
gunfight:0.6055
grim:0.6015
bittersweet:0.59675
school:0.58425
bleak:0.58325
pornography:0.57125
good soundtrack:0.56425
affectionate:0.559
fight scenes:0.55475
suicide:0.55175
sentimental:0.53125
family drama:0.51575
cinematography:0.51225
pg-13:0.506
memory:0.50325
dramatic:0.50325
great ending:0.5015
melancholic:0.4905
life:0.489
golden palm:0.48175
depressing:0.48125
oscar (best foreign language film):0.479
story:0.47875
sacrifice:0.467
women:0.463
surreal:0.45475
bullying:0.452
special:0.445
talky:0.443
indie:0.4415
storytelling:0.4325
touching:0.4295
good acting:0.4285
visually appealing:0.4265
oscar (best actress):0.425
redemption:0.4235
feel good movie:0.418
parallel universe:0.413
allegory:0.4095
quotable:0.407
complex:0.405
fantasy world:0.4025
character study:0.399
understated:0.39525
beautifully filmed:0.3925
great:0.391
california:0.39
independent film:0.3885
reflective:0.38775
nostalgic:0.3875
transformation:0.3865
suprisingly clever:0.38525
catastrophe:0.378
corruption:0.372
light:0.37025
ireland:0.36475
hospital:0.3645
mental illness:0.36375
destiny:0.363
idealism:0.3595
violence:0.353
dark:0.351
obsession:0.349
rebellion:0.3455
existentialism:0.345
literature:0.34025
murder:0.3385
justice:0.338
simple:0.338
culture clash:0.33775
small town:0.33675
visually stunning:0.33175
nudity (full frontal - brief):0.3245
nudity (full frontal - notable):0.322
atheism:0.31925
not funny:0.31325
immortality:0.313
criterion:0.3115
