splatter:0.99825
horror:0.987
gory:0.975
demons:0.968
cult classic:0.954
dark humor:0.951
gore:0.9415
weird:0.89775
bloody:0.87375
blood:0.87175
brutality:0.84675
gruesome:0.84075
fun movie:0.84
insanity:0.82725
good soundtrack:0.81525
original:0.784
weapons:0.77225
brutal:0.76325
graphic novel:0.76325
low budget:0.763
new zealand:0.7625
cult:0.751
weed:0.74175
music:0.7415
death:0.736
awesome soundtrack:0.7325
vengeance:0.719
visually appealing:0.719
irreverent:0.71
violent:0.7075
cult film:0.69975
humor:0.69175
atmospheric:0.66975
off-beat comedy:0.6575
geeks:0.65275
humorous:0.64725
dialogue:0.638
apocalypse:0.63725
visual:0.63575
black comedy:0.6235
violence:0.623
high school:0.62175
transformation:0.6165
stylized:0.6125
zombie:0.606
spiders:0.603
stylish:0.599
fight scenes:0.599
pg-13:0.596
special effects:0.5865
fun:0.5855
visceral:0.58025
bullying:0.5755
grindhouse:0.57375
dark:0.56575
dark hero:0.56525
quotable:0.56025
highly quotable:0.5545
effects:0.54875
directorial debut:0.546
cool:0.54575
sexy:0.543
cinematography:0.5395
gratuitous violence:0.5335
fast paced:0.53025
adaptation:0.5185
storytelling:0.51475
comedy:0.50925
great ending:0.50375
mad scientist:0.50325
nocturnal:0.49775
multiple storylines:0.4925
scary:0.4895
life philosophy:0.46725
story:0.46725
absurd:0.46125
revenge:0.4565
teen:0.45525
geek:0.452
crime gone awry:0.45175
fantasy world:0.45025
sexualized violence:0.4405
macabre:0.438
plot twist:0.4365
destiny:0.4355
allegory:0.4345
adapted from:book:0.4335
crazy:0.43
narrated:0.42875
visually stunning:0.4285
torture:0.42475
enigmatic:0.42325
musicians:0.42225
talky:0.41925
mentor:0.414
great dialogue:0.41325
family drama:0.41175
dark fantasy:0.41
great soundtrack:0.40125
lyrical:0.39825
