politics:0.9795
single father:0.9795
father daughter relationship:0.9705
political:0.9375
world politics:0.87775
president:0.872
original:0.7305
corruption:0.728
satirical:0.6775
dramatic:0.65125
family drama:0.6165
secret service:0.6105
story:0.58225
satire:0.57125
feel-good:0.5665
comedy:0.56625
runaway:0.5605
predictable:0.5605
mentor:0.55225
drama:0.54725
great ending:0.525
mexico:0.49525
good:0.4935
family:0.49025
feel good movie:0.48775
bad plot:0.4715
pg-13:0.458
catastrophe:0.452
great movie:0.4505
redemption:0.4355
conspiracy:0.42675
great:0.42
culture clash:0.40675
clever:0.4005
absurd:0.40025
sexualized violence:0.39525
nudity (full frontal - brief):0.392
drinking:0.391
small town:0.3875
fantasy:0.3765
dialogue:0.37575
melancholic:0.37375
greed:0.3715
good soundtrack:0.362
inspiring:0.36
storytelling:0.35775
funny:0.35675
stereotypes:0.3555
life philosophy:0.3555
based on true story:0.35525
shallow:0.35475
computer animation:0.35325
light:0.3465
unfunny:0.34625
underrated:0.3415
visually appealing:0.34075
emotional:0.338
touching:0.33675
product placement:0.336
immigrants:0.33475
silly:0.33175
first contact:0.32675
very funny:0.32475
fantasy world:0.32325
crude humor:0.32175
idealism:0.3205
interesting:0.313
not funny:0.31025
compassionate:0.30575
brainwashing:0.3035
freedom:0.30175
transformation:0.299
political corruption:0.29825
passionate:0.29525
thought-provoking:0.29525
future:0.29525
humorous:0.295
cerebral:0.2945
harsh:0.29425
vengeance:0.2925
california:0.29225
allegory:0.29225
tear jerker:0.29125
finnish:0.29075
murder:0.2905
justice:0.28925
inspirational:0.28825
propaganda:0.287
lone hero:0.287
brutality:0.28175
revolution:0.281
islam:0.27975
unlikely friendships:0.27775
natural disaster:0.27725
life & death:0.27675
morality:0.2755
twists & turns:0.27525
talky:0.274
pornography:0.272
adaptation:0.27175
