dancing:0.98425
musical:0.968
segregation:0.94225
broadway:0.911
dance:0.89875
great music:0.86025
good music:0.8495
music:0.844
teen movie:0.81125
high school:0.78825
based on a play:0.77675
original:0.73625
rock and roll:0.7045
fun movie:0.68825
race issues:0.66175
teen:0.66
good soundtrack:0.6525
great:0.636
feel-good:0.60575
hip hop:0.58225
girlie movie:0.55225
feel good movie:0.5385
remake:0.521
corny:0.50575
1960s:0.49925
family:0.48375
great ending:0.4785
cross dressing:0.474
culture clash:0.469
fun:0.456
good:0.442
great acting:0.441
racism:0.429
catastrophe:0.42025
stereotypes:0.4135
musicians:0.40375
comedy:0.39925
pg-13:0.38475
adaptation:0.37525
better than expected:0.35925
awesome soundtrack:0.3575
mentor:0.35425
dialogue:0.35075
nostalgic:0.34825
lyrical:0.34525
runaway:0.344
not funny:0.34375
light:0.34325
funny:0.3415
camp:0.328
destiny:0.32275
weird:0.32225
great movie:0.31775
quirky:0.3175
great soundtrack:0.31675
predictable:0.31175
passionate:0.31025
prejudice:0.30675
cute:0.299
very funny:0.29775
small town:0.29275
teens:0.291
colourful:0.2885
brutality:0.2875
entertaining:0.287
pornography:0.28525
suprisingly clever:0.28475
chicago:0.28225
storytelling:0.27825
life philosophy:0.2765
redemption:0.2765
affectionate:0.2675
indians:0.2665
ensemble cast:0.26225
transformation:0.262
betrayal:0.26
crude humor:0.2575
unfunny:0.25525
story:0.25525
oscar (best directing):0.253
childhood:0.25225
bollywood:0.252
period piece:0.25175
interracial romance:0.247
visually stunning:0.24575
sweet:0.24475
honest:0.2445
unlikely friendships:0.244
fantasy world:0.24375
adapted from:book:0.24225
melancholic:0.2415
sexy:0.2415
fashion:0.23975
stylized:0.23775
bad plot:0.237
visually appealing:0.236
teenager:0.2355
original plot:0.23475
creativity:0.2335
clever:0.23325
