boxing:0.9625
criterion:0.92
corruption:0.89425
imdb top 250:0.88825
gritty:0.88775
movielens top pick:0.88475
bleak:0.88375
realistic:0.87475
original:0.873
tense:0.86825
noir thriller:0.8665
noir:0.86525
cinematography:0.86
oscar (best directing):0.8515
character study:0.833
black and white:0.8325
masterpiece:0.82975
violent:0.82925
grim:0.8275
stylized:0.812
storytelling:0.81
brutality:0.80825
compassionate:0.79475
oscar (best actress):0.78875
film noir:0.78725
melancholy:0.78225
drinking:0.78025
talky:0.776
gunfight:0.77375
gangsters:0.769
intimate:0.766
atmospheric:0.7655
poignant:0.75725
reflective:0.757
sports:0.756
downbeat:0.7535
gangster:0.7475
affectionate:0.7455
melancholic:0.74525
golden palm:0.74525
cerebral:0.7435
anti-hero:0.74225
mentor:0.74225
bittersweet:0.73825
drama:0.7365
visual:0.73475
dreams:0.73225
childhood:0.72275
runaway:0.71425
light:0.71025
earnest:0.709
great movie:0.7085
harsh:0.70275
oscar (best supporting actress):0.70275
dark:0.702
dark hero:0.70075
moody:0.7
visceral:0.69625
betrayal:0.69475
fight scenes:0.6925
classic:0.689
visually appealing:0.6805
biographical:0.6765
depressing:0.67575
enigmatic:0.675
social commentary:0.6745
tragedy:0.66575
idealism:0.66475
greed:0.66475
good soundtrack:0.66125
mob:0.66
forceful:0.6595
allegory:0.65925
oscar (best foreign language film):0.64925
unusual plot structure:0.64475
new jersey:0.63425
loneliness:0.6255
breathtaking:0.6245
great:0.6205
dramatic:0.61675
oscar (best cinematography):0.61075
crime gone awry:0.60625
ironic:0.6025
nocturnal:0.602
photography:0.589
california:0.58725
police corruption:0.58325
meditative:0.5745
sacrifice:0.5715
oscar (best supporting actor):0.57025
great acting:0.56625
transformation:0.56575
vengeance:0.56125
paranoid:0.5545
highly quotable:0.5535
fighting the system:0.55275
biting:0.55175
courage:0.549
fighting:0.537
surreal:0.53075
