gambling:0.9875
addiction:0.9695
obsession:0.9545
greed:0.915
casino:0.8845
very interesting:0.8845
based on true story:0.87525
original:0.8345
money:0.8165
character study:0.77075
interesting:0.76625
melancholic:0.76375
depression:0.76175
true story:0.74125
good soundtrack:0.73925
las vegas:0.719
mentor:0.7015
storytelling:0.6965
based on a true story:0.69025
drugs:0.687
great acting:0.687
corruption:0.68475
redemption:0.6745
loneliness:0.66375
enigmatic:0.65725
life philosophy:0.6525
dialogue:0.64825
good:0.643
independent film:0.63525
drinking:0.629
relationships:0.625
intense:0.6225
crime gone awry:0.6155
adaptation:0.61225
great ending:0.59875
manipulation:0.5975
suspense:0.596
intimate:0.58725
dark:0.585
cerebral:0.58325
underrated:0.5815
poker:0.5715
clever:0.55525
visually appealing:0.55375
life:0.54325
pornography:0.54
story:0.51775
twists & turns:0.51725
crime:0.51375
social commentary:0.51
gangsters:0.506
business:0.50375
talky:0.5035
adapted from:book:0.49925
honest:0.49875
earnest:0.49775
complex:0.48875
good acting:0.488
stylized:0.4875
drama:0.48725
drug addiction:0.481
paranoid:0.481
hitman:0.478
hotel:0.47325
male nudity:0.47275
psychological:0.46475
betrayal:0.46325
1980s:0.463
destiny:0.45775
tense:0.4565
criterion:0.456
secrets:0.4515
police investigation:0.44975
oscar:0.445
oscar (best directing):0.43375
claustrophobic:0.43375
excellent:0.42975
based on a book:0.4295
narrated:0.42675
catastrophe:0.4265
transformation:0.425
gunfight:0.42475
drug abuse:0.42125
violence:0.421
con artists:0.42075
mental illness:0.4145
passionate:0.41375
slow paced:0.41075
serial killer:0.4105
cinematography:0.40675
nudity (topless - notable):0.40525
runaway:0.40375
great:0.3995
harsh:0.3985
nudity (full frontal - notable):0.39475
love:0.3945
pg-13:0.3925
dark humor:0.392
oscar (best actress):0.38975
eccentricity:0.38875
