tense:0.991
violence:0.98325
suspenseful:0.981
suspense:0.97175
violent:0.95775
thriller:0.95575
dark:0.9475
spanish:0.93825
psychology:0.928
obsession:0.915
psychological:0.89675
twists & turns:0.888
macabre:0.88575
pornography:0.876
mystery:0.8565
disturbing:0.852
creepy:0.84925
original:0.84925
murder:0.84875
brutality:0.8435
stylish:0.841
great ending:0.83575
twist:0.822
claustrophobic:0.8175
cult film:0.80175
spain:0.791
weird:0.77325
social commentary:0.7605
gruesome:0.7585
plot twist:0.758
visceral:0.75775
serial killer:0.7525
voyeurism:0.7485
clever:0.74775
sexualized violence:0.741
interesting:0.73775
great acting:0.7325
paranoia:0.72875
investigation:0.715
atmospheric:0.71125
police investigation:0.70875
intense:0.70825
good soundtrack:0.70475
gory:0.70275
grim:0.69475
secrets:0.69375
mentor:0.6875
greed:0.683
splatter:0.677
stylized:0.67525
twist ending:0.6725
death:0.66825
very interesting:0.66475
torture:0.6635
runaway:0.6585
complex:0.65475
frightening:0.647
conspiracy:0.64475
dialogue:0.643
enigmatic:0.63875
ominous:0.6385
imdb top 250:0.634
vengeance:0.62675
plot:0.62075
scary:0.619
complicated:0.61725
dark humor:0.6025
criterion:0.6005
visually appealing:0.59825
powerful ending:0.5945
paranoid:0.5895
identity:0.587
cerebral:0.581
brutal:0.56875
mindfuck:0.5655
hitchcock:0.56025
storytelling:0.56
cinematography:0.554
murder mystery:0.55375
good:0.54525
harsh:0.545
excellent script:0.545
surprise ending:0.54375
revenge:0.54025
foreign:0.532
manipulation:0.5315
bloody:0.527
pulp:0.52225
blood:0.5205
complicated plot:0.5185
chase:0.5175
great:0.5095
golden palm:0.50875
unusual plot structure:0.50825
cult classic:0.5075
allegory:0.5025
assassination:0.50225
good acting:0.49925
talky:0.49725
hospital:0.4945
