satire:0.89575
hollywood:0.86975
weird:0.82975
satirical:0.8265
pornography:0.74225
dark comedy:0.70275
depression:0.70225
original:0.696
drinking:0.692
brutality:0.6445
relationships:0.63075
dark humor:0.63075
disturbing:0.6165
dysfunctional family:0.6065
drama:0.60375
los angeles:0.60275
bleak:0.598
unlikeable characters:0.59575
drugs:0.5895
secrets:0.58025
violent:0.574
obsession:0.565
great ending:0.5505
pointless:0.54125
indie:0.5365
runaway:0.53375
good soundtrack:0.52175
black comedy:0.5205
great acting:0.513
greed:0.494
sex:0.482
death:0.478
drug addiction:0.47675
character study:0.46525
absurd:0.45125
addiction:0.44
violence:0.43975
culture clash:0.438
mentor:0.43225
ironic:0.42575
hospital:0.424
gay character:0.42175
independent film:0.41375
psychology:0.41325
storytelling:0.412
chase:0.41175
catastrophe:0.41125
crime gone awry:0.41075
gangsters:0.40775
tragedy:0.40525
demons:0.3995
dialogue:0.39825
sexual abuse:0.3975
surreal:0.395
psychological:0.394
nudity (topless):0.3935
writers:0.388
betrayal:0.38375
enigmatic:0.3805
redemption:0.3745
mental illness:0.3725
stylized:0.3705
male nudity:0.36475
macabre:0.3595
splatter:0.35775
incest:0.355
criterion:0.3505
wilderness:0.3505
ghosts:0.34825
neo-noir:0.34775
nudity (topless - notable):0.341
foul language:0.3405
destiny:0.33875
nudity (full frontal - notable):0.33825
california:0.332
tricky:0.3315
emotional:0.3235
unusual plot structure:0.32025
life philosophy:0.31675
unfunny:0.3165
loneliness:0.31225
entirely dialogue:0.30925
road movie:0.30275
stereotypes:0.3015
life & death:0.2975
bad ending:0.2965
not funny:0.29625
childhood:0.296
cerebral:0.29575
family:0.2945
parenthood:0.293
dark:0.29275
predictable:0.2905
very interesting:0.28725
suburbia:0.28675
vengeance:0.2865
narrated:0.28325
talky:0.28225
twists & turns:0.279
ridiculous:0.2765
