surveillance:0.99875
spying:0.99575
espionage:0.9605
social commentary:0.92425
political:0.9235
complex:0.89575
documentary:0.89225
paranoia:0.88175
conspiracy:0.87075
interesting:0.8655
secrets:0.8625
oscar:0.8345
spies:0.812
internet:0.80675
censorship:0.793
tense:0.78525
politics:0.78225
freedom:0.77825
original:0.77175
intimate:0.7675
hotel:0.7625
intelligent:0.75925
mentor:0.75
corruption:0.74925
brainwashing:0.73725
thriller:0.7315
thought-provoking:0.72825
journalism:0.72725
history:0.72325
terrorism:0.72075
world politics:0.7065
spy:0.70225
suspense:0.699
visually appealing:0.69425
pornography:0.68675
dramatic:0.66525
very interesting:0.66025
free speech:0.656
narrated:0.65175
greed:0.6455
idealism:0.64025
technology:0.616
oscar (best supporting actress):0.5945
propaganda:0.58975
excellent script:0.586
intense:0.58225
assassination:0.5815
identity:0.5655
controversial:0.5645
computers:0.56225
good:0.56225
intellectual:0.56175
courage:0.55775
obsession:0.55675
factual:0.553
tragedy:0.54725
transgender:0.53975
true story:0.53975
runaway:0.538
twists & turns:0.5315
life philosophy:0.52575
talky:0.52375
paranoid:0.52325
foreign:0.51875
clever:0.51575
earnest:0.513
suprisingly clever:0.51125
cerebral:0.5095
great acting:0.509
prejudice:0.50825
sacrifice:0.50675
good soundtrack:0.501
pg-13:0.4905
great ending:0.49025
good acting:0.488
drama:0.48625
catastrophe:0.4775
culture clash:0.4735
oscar winner:0.47225
adaptation:0.46975
justice:0.46825
oscar (best directing):0.46325
honest:0.45975
criterion:0.4595
oscar (best writing - screenplay written directly for the screen):0.45775
betrayal:0.45675
manipulation:0.454
us history:0.44875
storytelling:0.4485
movielens top pick:0.4455
chase:0.443
oscar (best actress):0.44025
alone in the world:0.43725
9/11:0.43125
investigation:0.43
story:0.42425
educational:0.4225
harsh:0.42175
adapted from:book:0.41725
boston:0.415
