biographical:0.9855
biography:0.96325
organized crime:0.93875
corruption:0.93725
factual:0.8945
great movie:0.8795
mafia:0.84725
history:0.8445
original:0.84225
good:0.84125
based on true story:0.831
historical:0.82825
us history:0.82725
dramatic:0.796
great acting:0.7875
based on a true story:0.774
interesting:0.767
gangsters:0.7445
new jersey:0.74025
great:0.73725
very interesting:0.73575
mob:0.71925
complex:0.714
mentor:0.7125
underrated:0.70525
drama:0.70375
1930s:0.69375
story:0.69025
greed:0.687
great ending:0.6865
70mm:0.65825
biopic:0.6535
justice:0.6525
censorship:0.6365
violence:0.628
oscar (best directing):0.62775
redemption:0.626
vengeance:0.6185
good soundtrack:0.61025
suspense:0.594
dialogue:0.578
president:0.5765
true story:0.56275
controversial:0.5595
oscar (best supporting actor):0.5555
storytelling:0.54475
brutality:0.5405
cinematography:0.539
intense:0.53725
enigmatic:0.5365
destiny:0.535
oscar:0.53025
life:0.5295
very good:0.52075
murder:0.503
depression:0.49375
clever:0.49325
betrayal:0.486
prison:0.48475
bad ending:0.48
oscar (best supporting actress):0.47825
life & death:0.47725
paranoid:0.4755
politics:0.47525
harsh:0.472
conspiracy:0.47125
passionate:0.46975
cerebral:0.4665
narrated:0.46525
road movie:0.463
violent:0.46125
mental illness:0.45525
excellent:0.44825
social commentary:0.445
catastrophe:0.44325
writers:0.443
adaptation:0.443
good acting:0.4415
revenge:0.43975
assassination:0.43975
oscar (best actor):0.4365
talky:0.436
transformation:0.436
oscar winner:0.428
business:0.422
death:0.42075
tragedy:0.416
inspiring:0.41575
gangster:0.4125
oscar (best actress):0.40925
runaway:0.40875
chase:0.4075
life philosophy:0.40625
powerful ending:0.40575
hunting:0.40025
exceptional acting:0.39825
excellent script:0.39825
crime gone awry:0.3965
eccentricity:0.39425
sentimental:0.38575
