ghosts:0.96075
supernatural:0.94425
virus:0.9135
internet:0.8815
horror:0.8565
remake:0.8425
original:0.839
pg-13:0.82975
horrible:0.7725
loneliness:0.7665
technology:0.75375
predictable:0.7365
death:0.7285
so bad it's funny:0.7125
pointless:0.68525
bad plot:0.68075
bad acting:0.66675
special effects:0.6635
teen movie:0.6625
end of the world:0.6505
bad ending:0.64375
scary:0.64225
apocalypse:0.61775
bad cgi:0.61625
great ending:0.61575
idiotic:0.60525
goth:0.53825
graphic design:0.5235
suspense:0.51975
teens:0.50475
splatter:0.504
suicide:0.503
stereotypes:0.5
demons:0.49375
awful:0.49125
mentor:0.47625
dialogue:0.4675
creepy:0.4665
teen:0.4655
first contact:0.46225
plot holes:0.461
catastrophe:0.44975
depression:0.44775
geeks:0.43325
shallow:0.42725
stupid:0.42025
weird:0.41875
bad:0.41175
story:0.4105
lame:0.41
pornography:0.4095
natural disaster:0.40875
adaptation:0.40725
good:0.407
zombie:0.406
silly:0.38075
visually appealing:0.365
transformation:0.3635
fantasy world:0.35825
alternate reality:0.35825
melancholic:0.3545
mars:0.35275
multiple storylines:0.35275
life philosophy:0.3525
better than the american version:0.35125
life & death:0.3505
existentialism:0.34975
surprise ending:0.34875
overrated:0.3485
good soundtrack:0.34725
nocturnal:0.34625
not funny:0.346
high school:0.34325
fight scenes:0.33975
ghosts/afterlife:0.336
better than expected:0.33425
mutants:0.33175
writers:0.329
effects:0.32775
family:0.3225
crappy sequel:0.31975
destiny:0.31475
monster:0.31425
chase:0.31175
visual:0.30575
brutality:0.30225
cinematography:0.3
disaster:0.299
stylized:0.2965
creativity:0.29425
unfunny:0.2915
dysfunctional family:0.2915
franchise:0.29025
violence:0.28225
storytelling:0.28025
ridiculous:0.27825
betrayal:0.27825
science fiction:0.27575
entirely dialogue:0.275
sci fi:0.275
