obsession:0.8595
sexy:0.80475
predictable:0.78125
race issues:0.77975
original:0.6845
bad acting:0.67175
infidelity:0.64025
so bad it's funny:0.6375
first contact:0.5655
fight scenes:0.54825
ridiculous:0.54
pointless:0.516
kidnapping:0.51125
pg-13:0.50175
betrayal:0.50075
horrible:0.48175
gay character:0.47925
suspenseful:0.47
great ending:0.46675
twists & turns:0.4605
murder:0.44175
women:0.441
finnish:0.44075
catastrophe:0.43775
intense:0.437
dialogue:0.4355
internet:0.4295
bad plot:0.42825
thriller:0.42625
adultery:0.424
brutality:0.41825
bad script:0.407
bad:0.39725
suspense:0.391
life philosophy:0.388
enormously long battle scene:0.37775
awful:0.3775
mentor:0.37375
overrated:0.36625
stupid:0.36575
not funny:0.3645
natural disaster:0.354
better than expected:0.34375
chase:0.33975
silly fun:0.33675
erotic:0.33425
cheating:0.33025
fun movie:0.32875
revenge:0.3245
plot holes:0.32
action:0.31625
police investigation:0.31175
shallow:0.31025
manipulation:0.30475
girlie movie:0.3045
hip hop:0.30425
entertaining:0.303
entirely dialogue:0.302
bad ending:0.2975
nudity (topless - notable):0.29725
unlikeable characters:0.29025
camp:0.28575
absurd:0.2835
conspiracy:0.28125
dumb:0.278
good:0.27625
stereotypes:0.2745
justice:0.273
life & death:0.271
boring:0.26775
crude humor:0.2645
big budget:0.26425
car chase:0.255
remake:0.2525
destiny:0.2525
great:0.25075
workplace:0.25025
detective:0.24925
family:0.249
franchise:0.24675
fantasy:0.24675
crazy:0.245
fantasy world:0.24225
death:0.24125
runaway:0.23975
sexual:0.23525
writers:0.2345
plot twist:0.2335
police corruption:0.232
fashion:0.23025
melancholic:0.23025
unfunny:0.22925
corruption:0.22875
redemption:0.22625
disaster:0.22475
teen movie:0.22325
lone hero:0.22175
unusual plot structure:0.2205
adaptation:0.2205
fbi:0.22
