neo-noir:0.93725
heist:0.883
film noir:0.82525
twists & turns:0.79775
stylish:0.79175
betrayal:0.76525
enigmatic:0.7265
original:0.72
great ending:0.67075
complex:0.67
crime:0.6485
very interesting:0.632
unusual plot structure:0.59125
obsession:0.58975
dialogue:0.56025
suspense:0.55675
storytelling:0.54625
weird:0.53425
sexy:0.53025
relationships:0.527
corruption:0.5205
stylized:0.5075
twist ending:0.507
greed:0.5045
complicated:0.5035
cinematography:0.4985
flashbacks:0.4945
plot:0.49125
life philosophy:0.48925
catastrophe:0.48025
twist:0.48
cerebral:0.47775
redemption:0.477
pointless:0.473
voyeurism:0.46425
complicated plot:0.4585
drama:0.458
crime gone awry:0.4525
clever:0.45175
mentor:0.451
interesting:0.44875
gangsters:0.4485
paranoia:0.44125
suprisingly clever:0.44075
story:0.437
gangster:0.436
character study:0.4325
secrets:0.4155
quirky:0.41
melancholic:0.40325
entirely dialogue:0.40275
good:0.39775
good soundtrack:0.3955
surreal:0.39425
runaway:0.39225
happy ending:0.39175
love triangles:0.39075
dysfunctional family:0.38675
anti-hero:0.38475
visually appealing:0.38075
nudity (topless - notable):0.37825
hospital:0.377
criterion:0.365
conspiracy:0.3635
erotic:0.36025
predictable:0.35225
guilt:0.35
noir:0.349
pulp:0.3395
loneliness:0.337
complex characters:0.336
parenthood:0.33575
cars:0.33525
police investigation:0.33525
pornography:0.3325
intense:0.331
atmospheric:0.326
not funny:0.32375
suspenseful:0.322
adaptation:0.32175
brutality:0.3215
harsh:0.32125
art:0.321
tricky:0.318
light:0.31675
underrated:0.312
artsy:0.30925
writers:0.30875
destiny:0.30375
parallel universe:0.30175
intelligent:0.30125
great:0.3005
confusing:0.3
gunfight:0.2965
adultery:0.289
sci fi:0.28725
vengeance:0.287
talky:0.28425
dramatic:0.2835
intimate:0.28275
