abortion:0.97075
pregnancy:0.88075
satirical:0.86625
homeless:0.84875
satire:0.82675
social commentary:0.7685
redemption:0.7615
loneliness:0.71825
original:0.7035
manipulation:0.66725
drinking:0.65175
good soundtrack:0.6215
brainwashing:0.56575
controversial:0.55875
life philosophy:0.558
depression:0.558
great acting:0.55175
dramatic:0.546
drug abuse:0.537
great ending:0.50975
dark humor:0.50825
small town:0.503
greed:0.49975
black comedy:0.4935
suprisingly clever:0.48825
indie:0.47925
reflective:0.4775
harsh:0.4715
directorial debut:0.46025
stereotypes:0.45475
criterion:0.44925
mentor:0.44525
morality:0.44075
life & death:0.4365
drug addiction:0.43025
life:0.429
existentialism:0.42725
dialogue:0.423
thought-provoking:0.41575
independent film:0.4125
insanity:0.40725
adoption:0.40725
race issues:0.406
crime gone awry:0.40525
talky:0.40375
honest:0.40125
brutality:0.3975
oscar (best actress):0.39525
parallel universe:0.38925
downbeat:0.3865
eccentricity:0.3825
very interesting:0.3805
fun movie:0.38025
storytelling:0.37725
golden palm:0.37325
catastrophe:0.3725
very funny:0.36825
destiny:0.36525
absurd:0.3605
biting:0.3595
grim:0.3595
bleak:0.35775
corruption:0.35275
stylized:0.35125
story:0.3505
light:0.34975
sexy:0.34875
poignant:0.34725
pornography:0.347
quirky:0.3415
melancholic:0.3415
humanity:0.34025
runaway:0.339
entirely dialogue:0.3365
cynical:0.336
transformation:0.333
enigmatic:0.333
unusual plot structure:0.33125
addiction:0.3295
working class:0.32375
allegory:0.32225
clever:0.32025
witty:0.3185
culture clash:0.318
character study:0.318
male nudity:0.3165
drama:0.31625
teen:0.316
not funny:0.31525
adaptation:0.30925
dysfunctional family:0.30925
camp:0.30675
teen movie:0.30575
oscar (best supporting actress):0.30375
cult classic:0.3025
obsession:0.30125
guilt:0.3
interesting:0.2995
cult film:0.29875
good:0.29775
