loneliness:0.96075
melancholic:0.9605
anime:0.9305
space:0.92875
bittersweet:0.928
storytelling:0.90625
graphic design:0.88975
love:0.87325
space travel:0.83125
animation:0.821
great ending:0.80325
visual:0.79675
giant robots:0.79125
computer animation:0.78525
life & death:0.783
love story:0.76975
japan:0.76325
touching:0.763
science fiction:0.7595
oscar (best directing):0.74075
art:0.73925
sci fi:0.72225
breathtaking:0.7185
great movie:0.718
original:0.708
tragedy:0.7055
sci-fi:0.69625
animated:0.69
story:0.68425
good soundtrack:0.6835
emotional:0.683
drama:0.68275
brutality:0.6735
stunning:0.66375
visually stunning:0.66175
mentor:0.6575
melancholy:0.65075
short:0.64775
romantic:0.63775
allegory:0.6345
excellent script:0.631
powerful ending:0.628
artistic:0.627
visually appealing:0.6255
aliens:0.61575
runaway:0.6155
poignant:0.613
beautiful:0.609
oscar (best actress):0.60575
criterion:0.60025
reflective:0.59825
great:0.59625
humanity:0.589
futuristic:0.586
culture clash:0.5855
intense:0.5845
stylized:0.58125
police investigation:0.57825
transformation:0.5715
interesting:0.57075
imagination:0.54775
good:0.54
atmospheric:0.5385
masterpiece:0.53375
corruption:0.526
cinematography:0.5225
suprisingly clever:0.51025
creativity:0.51
suspense:0.50825
dramatic:0.50625
too short:0.504
scifi:0.503
japanese:0.50075
twists & turns:0.5005
nudity (topless - notable):0.49875
childhood:0.49825
friendship:0.498
nudity (full frontal - brief):0.4975
thought-provoking:0.49375
complex:0.4925
enigmatic:0.49225
animal movie:0.49125
intimate:0.48875
downbeat:0.4875
talky:0.484
beautiful scenery:0.4835
movielens top pick:0.483
artist:0.48175
psychological:0.47825
catastrophe:0.476
sweet:0.4725
depression:0.468
sacrifice:0.4625
visuals:0.4575
dialogue:0.45575
redemption:0.455
unusual plot structure:0.4545
war:0.45375
great acting:0.44925
destiny:0.44725
