downbeat:0.9535
character study:0.945
loneliness:0.9415
intimate:0.912
bleak:0.905
criterion:0.84675
relationships:0.843
melancholic:0.84075
greed:0.8315
california:0.8175
forceful:0.817
talky:0.815
grim:0.81375
drinking:0.80775
dialogue:0.805
poignant:0.7895
small town:0.77475
existentialism:0.75225
depression:0.75225
great movie:0.74275
golden palm:0.734
gritty:0.73375
bittersweet:0.72575
reflective:0.71575
depressing:0.7115
mentor:0.709
enigmatic:0.7075
original:0.70625
tragedy:0.686
realistic:0.67125
1970s:0.671
melancholy:0.67075
atmospheric:0.66625
harsh:0.6645
movielens top pick:0.651
unlikely friendships:0.642
boxing:0.62625
crime gone awry:0.62225
honest:0.61625
imdb top 250:0.60875
great:0.60575
gunfight:0.5995
transformation:0.59675
redemption:0.593
friendship:0.59075
meditative:0.58175
low budget:0.58075
life philosophy:0.57725
culture clash:0.571
indie:0.56625
dreams:0.55425
highly quotable:0.55375
good soundtrack:0.55375
story:0.5505
drama:0.53775
oscar (best supporting actress):0.53625
cinematography:0.535
weird:0.531
independent film:0.528
tense:0.5265
social commentary:0.5245
understated:0.5245
eccentricity:0.52325
affectionate:0.5025
disturbing:0.49725
road movie:0.49325
nudity (full frontal - notable):0.493
dialogue driven:0.493
allegory:0.48175
stylized:0.477
fighting the system:0.47275
visceral:0.4715
underrated:0.471
suprisingly clever:0.4705
cult classic:0.47
working class:0.4665
runaway:0.4655
dysfunctional family:0.459
oscar (best directing):0.45275
fight scenes:0.45125
complex characters:0.448
male nudity:0.445
biting:0.444
adapted from:book:0.44
great acting:0.43875
interesting:0.4375
spiders:0.435
dramatic:0.43425
masterpiece:0.428
entirely dialogue:0.42775
gangsters:0.4275
nudity (topless - notable):0.42525
quirky:0.419
cynical:0.4175
brutality:0.412
oscar (best supporting actor):0.41
corruption:0.39925
storytelling:0.3915
alcoholism:0.39075
grindhouse:0.39075
