criterion:0.992
biographical:0.892
civil war:0.86525
history:0.858
oscar (best directing):0.81975
classic:0.799
biopic:0.79375
original:0.79325
imdb top 250:0.79225
murder:0.78275
runaway:0.7415
us history:0.73225
great movie:0.72575
historical:0.71775
lawyer:0.717
1930s:0.71575
tense:0.71075
gunfight:0.71025
great:0.71025
childhood:0.70525
storytelling:0.69175
oscar (best actress):0.68875
idealism:0.66925
talky:0.664
complex:0.66375
earnest:0.66225
forceful:0.65675
justice:0.65125
original plot:0.65075
great ending:0.64875
chase:0.6455
movielens top pick:0.63775
courtroom:0.637
drinking:0.63175
humorous:0.63125
masterpiece:0.62125
oscar (best cinematography):0.62075
nostalgic:0.61975
downbeat:0.615
assassination:0.61075
oscar (best supporting actress):0.604
suprisingly clever:0.60125
breathtaking:0.5995
highly quotable:0.583
biography:0.58025
mentor:0.5755
wilderness:0.56975
culture clash:0.5675
adaptation:0.5565
fighting the system:0.55375
lawyers:0.536
black and white:0.53275
story:0.5325
drama:0.53075
small town:0.52775
grim:0.5235
oscar (best supporting actor):0.52175
indians:0.51975
scenic:0.5125
atmospheric:0.5055
golden palm:0.50425
destiny:0.504
reflective:0.5035
bleak:0.5015
melancholy:0.49325
greed:0.4925
dramatic:0.4915
quotable:0.48775
police investigation:0.48725
suspense:0.4855
good:0.48175
road movie:0.47425
enigmatic:0.4735
harsh:0.47325
oscar winner:0.4725
violent:0.46875
afi 100 (movie quotes):0.4685
affectionate:0.4615
race issues:0.45075
courage:0.4485
unusual plot structure:0.448
social commentary:0.44225
unlikely friendships:0.437
corruption:0.43275
politics:0.43225
alter ego:0.42875
beautiful scenery:0.42775
catastrophe:0.427
silent:0.42425
realistic:0.424
friendship:0.424
great acting:0.42225
coming of age:0.421
dialogue:0.42
mob:0.419
courtroom drama:0.41725
clever:0.4115
brothers:0.405
adapted from:book:0.4005
bullying:0.39875
