relationships:0.92475
gangsters:0.89875
new york city:0.882
new york:0.88175
mob:0.851
mafia:0.8185
new jersey:0.8075
independent film:0.7655
original:0.763
great ending:0.7425
cooking:0.741
talky:0.72725
intimate:0.72
mentor:0.675
ensemble cast:0.6645
gangster:0.65225
great:0.64325
indie:0.6245
great dialogue:0.62375
weird:0.62325
loneliness:0.6005
writers:0.60025
greed:0.593
very interesting:0.5925
claustrophobic:0.5845
character study:0.58125
great acting:0.5795
stylish:0.54
sarcasm:0.53025
good soundtrack:0.5225
twist ending:0.50725
good dialogue:0.503
nocturnal:0.49575
criterion:0.487
crime gone awry:0.47975
eccentricity:0.47925
wine:0.47375
enigmatic:0.4735
entirely dialogue:0.4715
revenge:0.4695
food:0.469
obsession:0.46575
gambling:0.445
catastrophe:0.4405
interesting:0.43925
italian:0.43275
dialogue:0.432
stylized:0.42675
drinking:0.42525
witty:0.42075
art:0.4165
multiple storylines:0.413
atmospheric:0.41225
melancholic:0.40975
gritty:0.40275
complex characters:0.4025
life philosophy:0.39825
addiction:0.3935
great movie:0.39175
off-beat comedy:0.379
nonlinear:0.3725
irish accent:0.36925
downbeat:0.3655
bad ending:0.3515
alternate endings:0.34925
beautifully filmed:0.347
unusual plot structure:0.346
storytelling:0.34175
golden palm:0.3405
dialogue driven:0.33925
low budget:0.33925
culture clash:0.339
cinematography:0.33825
hitman:0.337
existentialism:0.336
cerebral:0.33575
honest:0.33275
not funny:0.32725
classic car:0.3265
suprisingly clever:0.32525
harsh:0.3225
lone hero:0.32025
clever:0.31775
passionate:0.3165
visually appealing:0.31325
affectionate:0.311
depression:0.30925
california:0.309
complex:0.30875
adaptation:0.30875
exceptional acting:0.30675
murder:0.3065
runaway:0.30625
surprise ending:0.306
hit men:0.30425
unlikely friendships:0.304
drama:0.30275
excellent:0.30225
quirky:0.301
pretentious:0.29825
