world war ii:0.98875
nazis:0.97325
bleak:0.9695
wwii:0.94675
visceral:0.94075
best war films:0.9285
russian:0.9225
imdb top 250:0.90425
brutality:0.89675
forceful:0.89425
disturbing:0.8885
criterion:0.88
harsh:0.87825
wartime:0.87375
masterpiece:0.86825
nazi:0.85475
fascism:0.8535
war movie:0.84625
cinematography:0.83225
intimate:0.8295
grim:0.824
golden palm:0.82075
germany:0.81425
poignant:0.81425
downbeat:0.81325
hallucinatory:0.802
war:0.796
brutal:0.784
german:0.78275
reflective:0.77475
oscar (best foreign language film):0.76375
realistic:0.75475
poland:0.75175
jews:0.74275
talky:0.73475
oscar (best directing):0.716
atmospheric:0.7005
russia:0.67425
holocaust:0.6735
breathtaking:0.66475
runaway:0.664
dramatic:0.663
social commentary:0.65775
original:0.6535
melancholic:0.64825
enigmatic:0.647
cathartic:0.63325
melancholy:0.63175
insanity:0.6295
death:0.6205
anti-war:0.61825
bombs:0.5905
genocide:0.584
lyrical:0.58
hard to watch:0.57925
oscar (best actress):0.57625
loneliness:0.5685
culture clash:0.56725
childhood:0.56125
great acting:0.557
historical:0.557
propaganda:0.551
grindhouse:0.5505
psychological:0.54975
idealism:0.54925
foreign:0.546
ethnic conflict:0.54175
gritty:0.54
sacrifice:0.5385
good soundtrack:0.53625
art house:0.53
tragedy:0.5295
powerful ending:0.521
emotional:0.511
affectionate:0.505
meditative:0.5035
surreal:0.49925
tense:0.499
courage:0.4955
unusual plot structure:0.4945
intense:0.493
beautifully filmed:0.49075
suprisingly clever:0.4825
catastrophe:0.4795
movielens top pick:0.474
guilt:0.469
political:0.4675
world war i:0.4675
black and white:0.4665
stylized:0.46575
honest:0.46475
storytelling:0.46075
innocence lost:0.45375
surrealism:0.45275
oscar (best cinematography):0.445
character study:0.43925
mentor:0.43275
life & death:0.4295
oscar (best supporting actress):0.42775
compassionate:0.4255
