comedy:0.98975
funniest movies:0.98
beer:0.96475
goofy:0.959
funny as hell:0.95325
funny:0.9505
hilarious:0.94775
college:0.93825
road trip:0.93625
very funny:0.919
silly fun:0.9095
saturday night live:0.85375
stupidity:0.83575
drinking:0.83375
off-beat comedy:0.81925
good soundtrack:0.7915
quotable:0.79125
dumb:0.7865
humorous:0.76925
stupid:0.7325
midlife crisis:0.719
slackers:0.711
humor:0.71075
crude humor:0.708
highly quotable:0.706
original:0.7035
pg-13:0.6865
pornography:0.67975
good:0.6465
teen movie:0.62825
great movie:0.628
suprisingly clever:0.61575
storytelling:0.60925
nudity (topless):0.60925
great:0.6025
idiotic:0.5885
dumb but funny:0.5775
stereotypes:0.5755
revenge:0.57
teen:0.5695
sex comedy:0.543
gross-out:0.529
buddy movie:0.528
amy smart:0.52525
cult classic:0.5245
mentor:0.52225
hillarious:0.52
irreverent:0.5185
chase:0.5165
great ending:0.51025
nerds:0.497
crazy:0.49225
vengeance:0.4875
silly:0.48375
better than expected:0.47675
weed:0.4725
stupid as hell:0.472
stoner movie:0.468
fun movie:0.46375
story:0.457
slapstick:0.45625
catastrophe:0.4495
dialogue:0.44675
parody:0.44125
teens:0.4385
clever:0.437
culture clash:0.43525
quirky:0.42675
brutality:0.4245
social commentary:0.41875
absurd:0.41825
nudity (rear):0.415
male nudity:0.41275
nudity:0.4055
lame:0.38825
very good:0.38775
creativity:0.37675
gunfight:0.37425
nudity (topless - notable):0.3725
plot:0.372
harsh:0.37
justice:0.365
friendship:0.36175
fun:0.3615
weird:0.36
underrated:0.3545
foul language:0.35025
geeks:0.34725
good acting:0.347
nudity (full frontal - brief):0.3445
corruption:0.33875
stand-up comedy:0.3375
sarcasm:0.334
unfunny:0.334
redemption:0.328
adaptation:0.3265
farce:0.323
virginity:0.322
runaway:0.32025
talky:0.31675
