drugs:0.99525
marijuana:0.98275
hallucinatory:0.97725
psychedelic:0.95275
weird:0.9475
melancholic:0.92225
weed:0.92025
very interesting:0.9095
life & death:0.88375
rock and roll:0.874
original:0.86925
surreal:0.8635
drug abuse:0.84875
cult classic:0.84475
pornography:0.84375
criterion:0.82875
drug addiction:0.82625
loneliness:0.82475
visually appealing:0.82425
unusual plot structure:0.8205
runaway:0.817
social commentary:0.80775
off-beat comedy:0.79875
enigmatic:0.79325
cinematography:0.77875
strange:0.76975
violent:0.7685
talky:0.768
good soundtrack:0.756
stylized:0.743
obsession:0.74175
1970s:0.73925
tense:0.73575
nudity (topless - notable):0.73575
dark humor:0.72925
brutality:0.727
crime gone awry:0.719
surrealism:0.71725
nostalgic:0.71725
drinking:0.70425
gunfight:0.7035
allegory:0.70175
non-linear:0.6925
mentor:0.67925
gangsters:0.669
absurd:0.667
revenge:0.667
road trip:0.66575
creepy:0.66275
forceful:0.66225
paranoid:0.65125
melancholy:0.64475
pointless:0.642
cult film:0.64
depression:0.63925
goofy:0.63925
dreamlike:0.639
music:0.63675
dialogue:0.62825
violence:0.625
paranoia:0.6225
gangs:0.62175
golden palm:0.62175
1960s:0.61675
visceral:0.615
british:0.61175
movielens top pick:0.61175
quirky:0.60675
visual:0.601
grindhouse:0.59825
reflective:0.582
greed:0.5735
insanity:0.572
psychology:0.57175
adapted from:book:0.566
atmospheric:0.56425
art house:0.5635
writers:0.5575
narrated:0.55325
stylish:0.5515
cult:0.549
coming-of-age:0.5445
existentialism:0.5445
road movie:0.54425
harsh:0.544
dark comedy:0.534
male nudity:0.52775
hitman:0.5225
clowns:0.5165
affectionate:0.516
multiple storylines:0.5145
hotel:0.51375
complex:0.51225
splatter:0.51225
oscar (best supporting actress):0.512
life:0.51125
so bad it's funny:0.5085
solitude:0.50625
whimsical:0.50625
death:0.504
