parody:0.9625
spoof:0.94375
film noir:0.9425
comedy:0.916
private detective:0.9035
goofy:0.88475
silly fun:0.85375
noir:0.83425
detective:0.82575
original:0.80425
hilarious:0.7945
clever:0.79175
classic:0.79175
affectionate:0.78375
black and white:0.7645
silly:0.7535
mystery:0.6985
dialogue:0.696
deadpan:0.66275
storytelling:0.65825
investigation:0.6565
great:0.649
absurd:0.6305
talky:0.62925
stylish:0.62675
satire:0.62475
cinematography:0.61225
slapstick:0.59675
fun movie:0.59275
great ending:0.5875
twists & turns:0.57725
tricky:0.5765
murder mystery:0.57625
unusual plot structure:0.56975
funny as hell:0.56125
light:0.55925
great movie:0.5575
witty:0.55425
very funny:0.55125
humor:0.5435
dumb but funny:0.54325
pulp:0.542
narrated:0.52275
imdb top 250:0.52275
story:0.5215
satirical:0.50575
quotable:0.50125
humorous:0.4995
visual:0.49525
obsession:0.49225
cult classic:0.49225
stylized:0.48825
funny:0.48725
murder:0.4865
suprisingly clever:0.4805
sexy:0.4805
criterion:0.47925
complicated:0.479
visually appealing:0.479
police investigation:0.462
weird:0.45425
enigmatic:0.45375
complex:0.452
fun:0.44675
sarcasm:0.439
cerebral:0.42925
entirely dialogue:0.4245
farce:0.4205
chase:0.417
adaptation:0.41625
creativity:0.41475
melancholic:0.4145
nocturnal:0.408
secrets:0.408
cult film:0.40425
surreal:0.4
mentor:0.3925
1930s:0.38975
catastrophe:0.38075
atmospheric:0.37975
dreamlike:0.3795
noir thriller:0.37175
photography:0.36875
comic:0.36675
funniest movies:0.361
complicated plot:0.3595
whimsical:0.352
fantasy world:0.349
death:0.34675
pornography:0.34625
twist:0.345
screwball:0.34175
gangsters:0.33625
so bad it's funny:0.3305
moody:0.32625
runaway:0.32425
irreverent:0.32225
visually stunning:0.322
masterpiece:0.32175
good:0.319
