oscar (best supporting actor):0.998
interracial romance:0.998
oscar (best actress):0.9345
women:0.92375
love story:0.9095
japan:0.90025
relationships:0.8735
oscar (best directing):0.8705
oscar (best supporting actress):0.853
world war ii:0.834
based on a play:0.81875
dramatic:0.8105
oscar:0.7525
culture clash:0.72275
oscar (best picture):0.7215
oscar (best cinematography):0.71475
spanish:0.71175
criterion:0.7025
love:0.69625
talky:0.68525
prejudice:0.6835
romance:0.6825
idealism:0.68075
pornography:0.66975
stereotypes:0.66375
unlikely friendships:0.6605
original:0.65975
oscar (best foreign language film):0.646
mentor:0.63825
destiny:0.63725
passionate:0.63625
friendship:0.62875
affectionate:0.62575
obsession:0.62575
tragedy:0.6225
wistful:0.62125
sacrifice:0.618
runaway:0.613
us history:0.6125
melancholic:0.61225
berlin:0.5845
politics:0.581
girlie movie:0.58075
beautifully filmed:0.5805
drama:0.5755
poignant:0.553
allegory:0.5435
movielens top pick:0.539
wwii:0.5375
great acting:0.5365
brutality:0.53425
unusual plot structure:0.53025
great ending:0.52775
world politics:0.5265
fun movie:0.52625
beautiful scenery:0.526
romantic:0.5215
costume drama:0.52075
historical:0.517
foreign:0.51275
nudity (full frontal - brief):0.51125
islam:0.503
stunning:0.49975
great:0.496
compassionate:0.4945
catastrophe:0.49275
marriage:0.4915
based on book:0.4905
indians:0.488
courage:0.4865
adaptation:0.4825
intimate:0.48225
war:0.4815
ethnic conflict:0.47775
powerful ending:0.47125
very interesting:0.47075
drinking:0.47025
war movie:0.46975
emotional:0.469
educational:0.46625
racism:0.4655
excellent script:0.46525
race issues:0.4645
political:0.463
adapted from:book:0.459
wartime:0.4495
imdb top 250:0.44575
sentimental:0.44075
sequels:0.43975
loneliness:0.43925
love triangles:0.43825
broadway:0.43325
light:0.4325
good:0.42975
sexy:0.42775
glbt:0.425
based on a book:0.424
police investigation:0.4205
oscar winner:0.4155
witty:0.41425
