runaway:0.6565
criterion:0.62475
original:0.62325
mentor:0.5975
drinking:0.596
great ending:0.5935
chase:0.551
enigmatic:0.53525
kids:0.5125
downbeat:0.5025
redemption:0.49325
murder:0.4845
obsession:0.47975
author:neil gaiman:0.469
allegory:0.452
identity:0.444
talky:0.43925
film noir:0.4335
police investigation:0.431
catastrophe:0.42675
lawyer:0.423
gunfight:0.41025
harsh:0.401
gangs:0.40075
greed:0.394
1930s:0.389
golden palm:0.3865
detective:0.38075
cars:0.376
new york:0.3735
paranoid:0.37075
male nudity:0.36375
childhood:0.36075
suprisingly clever:0.356
cynical:0.35125
transformation:0.349
dialogue:0.347
prejudice:0.34525
brothers:0.345
nudity (full frontal - brief):0.33925
not funny:0.33425
new jersey:0.32675
drama:0.32625
intimate:0.32275
story:0.31725
solitude:0.31175
imdb top 250:0.30675
bad ending:0.306
stylized:0.3045
bleak:0.3045
entirely dialogue:0.29975
brutality:0.29775
oscar (best directing):0.29125
murder mystery:0.29025
free to download:0.27425
california:0.27225
classic:0.27225
great:0.27175
adapted from:book:0.27075
gangsters:0.2695
good:0.26375
gritty:0.26275
good sequel:0.26175
atmospheric:0.2615
lone hero:0.26125
dumb but funny:0.26
adaptation:0.25975
beautiful scenery:0.2585
unusual plot structure:0.257
bullying:0.256
clowns:0.25425
fun movie:0.254
culture clash:0.2505
betrayal:0.24975
passionate:0.249
ethnic conflict:0.24475
depression:0.24475
homeless:0.243
father daughter relationship:0.24175
irish accent:0.24125
storytelling:0.24075
noir:0.23975
destiny:0.23375
wilderness:0.219
visually appealing:0.21875
photography:0.21575
hotel:0.21525
teens:0.21425
first contact:0.21225
road movie:0.209
oscar (best supporting actress):0.2065
corruption:0.206
afi 100 (laughs):0.20575
fight scenes:0.2055
biting:0.20375
friendship:0.2035
children:0.202
adventure:0.202
science fiction:0.2005
manipulation:0.20025
