adapted from:book:0.98025
based on book:0.96675
talking animals:0.956
animated:0.95375
based on a book:0.94275
animation:0.91925
rats:0.9105
cartoon:0.8465
original:0.832
animals:0.8245
good versus evil:0.81775
disney animated feature:0.81075
fantasy world:0.8055
fantasy:0.796
fairy tale:0.77525
children:0.7475
animal movie:0.72925
magic:0.724
adaptation:0.713
computer animation:0.701
good:0.6845
dark:0.68225
great:0.675
story:0.67075
childhood:0.6645
great movie:0.66075
books:0.65
good soundtrack:0.64375
whimsical:0.63225
disney:0.63075
storytelling:0.62225
secrets:0.62175
greed:0.60325
book was better:0.5965
intense:0.5845
heroine:0.57225
book:0.565
complex:0.56275
mentor:0.55475
friendship:0.5305
classic:0.5285
courage:0.52625
great ending:0.5225
runaway:0.51475
interesting:0.5115
witches:0.50675
dragons:0.50475
visually appealing:0.492
drama:0.48975
excellent:0.48525
atmospheric:0.48425
violence:0.48225
dialogue:0.476
family:0.47425
stylized:0.473
catastrophe:0.4725
unlikely friendships:0.47225
weird:0.47025
visually stunning:0.46775
imagination:0.45975
clever:0.4595
high fantasy:0.45675
dark fantasy:0.454
adventure:0.45075
betrayal:0.44775
chase:0.445
suprisingly clever:0.44325
fairy tales:0.438
quotable:0.4325
redemption:0.4285
culture clash:0.42175
dark hero:0.41875
dramatic:0.41725
pg:0.413
light:0.41275
criterion:0.41075
distopia:0.4105
very interesting:0.41025
transformation:0.40875
fun movie:0.40675
narrated:0.405
sweet:0.4025
social commentary:0.3995
highly quotable:0.399
excellent script:0.39725
original plot:0.3945
witch:0.38975
vengeance:0.3855
underrated:0.38375
spiders:0.383
talky:0.3795
visual:0.3775
death:0.37125
witty:0.36725
violent:0.366
melancholic:0.365
fight scenes:0.365
police investigation:0.36325
sacrifice:0.36225
masterpiece:0.361
