criterion:0.886
cerebral:0.87575
meditative:0.8625
intimate:0.84675
existentialism:0.84575
talky:0.84175
claustrophobic:0.79825
life philosophy:0.797
enigmatic:0.79675
golden palm:0.79675
melancholic:0.77175
masterpiece:0.74925
art:0.7205
breathtaking:0.715
life & death:0.7115
great acting:0.702
social commentary:0.70125
foreign:0.6855
pornography:0.6855
original:0.64975
allegory:0.6485
nonlinear:0.6375
cinematography:0.61775
harsh:0.6075
twist ending:0.591
intellectual:0.58825
off-beat comedy:0.58375
murder mystery:0.5805
afterlife:0.57725
weird:0.5745
drinking:0.57325
twists & turns:0.55375
suprisingly clever:0.5495
great ending:0.547
depression:0.54125
oscar (best foreign language film):0.541
entirely dialogue:0.5355
obsession:0.5325
artistic:0.53075
movielens top pick:0.52425
artist:0.52125
mentor:0.521
nudity (full frontal - notable):0.514
life:0.5065
art house:0.50625
dialogue:0.5055
downbeat:0.4955
clever:0.488
good soundtrack:0.4865
surreal:0.477
greed:0.468
creativity:0.46575
corruption:0.46225
affectionate:0.45725
crime gone awry:0.45625
surprise ending:0.456
unusual plot structure:0.45525
psychiatry:0.451
suicide:0.44975
solitude:0.4495
culture clash:0.4485
french:0.44825
poetry:0.44325
narrated:0.43975
male nudity:0.43825
free to download:0.4375
complicated:0.43675
voyeurism:0.4345
secrets:0.43125
atmospheric:0.42775
storytelling:0.425
finnish:0.419
reflective:0.419
irreverent:0.406
classic car:0.40375
melancholy:0.3995
very interesting:0.397
cynical:0.3925
paranoia:0.38925
indie:0.38825
character study:0.38775
identity:0.38725
catastrophe:0.38175
excellent script:0.37775
stand-up comedy:0.37625
independent film:0.3755
censorship:0.3695
complex:0.369
cheating:0.3665
ironic:0.36475
not funny:0.3625
great cinematography:0.3615
grindhouse:0.36
loneliness:0.359
psychological:0.35725
dreamlike:0.357
gunfight:0.35625
biting:0.35225
dark humor:0.351
brutality:0.34575
