nudity (rear):1.0
twists & turns:0.9445
thriller:0.88875
murder mystery:0.87625
complex:0.86925
conspiracy:0.8535
suspense:0.84825
nudity (topless - brief):0.833
secrets:0.80375
greed:0.78125
doctors:0.75425
suspenseful:0.7225
twist:0.7155
good:0.70725
plot twist:0.707
murder:0.7015
manipulation:0.69975
lawyers:0.69825
mystery:0.6855
lawyer:0.67825
surprise ending:0.673
cerebral:0.64175
original:0.639
great ending:0.62425
police investigation:0.624
psychological:0.62375
serial killer:0.623
cheating:0.61875
plot:0.60375
mentor:0.598
hospital:0.58775
betrayal:0.57825
story:0.5465
great acting:0.54525
tense:0.54325
dialogue:0.5405
corruption:0.5365
excellent script:0.5245
good acting:0.5215
exceptional acting:0.51625
interesting:0.51
great:0.508
ominous:0.50775
chase:0.505
no plot:0.5025
very interesting:0.49825
storytelling:0.48675
sexy:0.4855
god:0.47575
clever:0.475
first contact:0.47025
runaway:0.461
catastrophe:0.45425
predictable:0.454
detective:0.448
conspiracy theory:0.43525
psychology:0.42525
blindness:0.4225
plot holes:0.42175
unusual plot structure:0.41175
twist ending:0.4065
life philosophy:0.405
surveillance:0.40075
complicated:0.39825
identity:0.398
underrated:0.39475
wine:0.394
fantasy world:0.3895
light:0.38875
boston:0.38525
mad scientist:0.384
destiny:0.38375
life & death:0.38125
maze:0.378
weird:0.373
intense:0.37275
nudity (full frontal - brief):0.36825
very good:0.366
revenge:0.365
cinematography:0.35775
not funny:0.35375
culture clash:0.3455
bad ending:0.34225
hitchcock:0.34075
crime gone awry:0.34075
shallow:0.33325
pg-13:0.3325
dramatic:0.33225
alternate endings:0.3215
entirely dialogue:0.3205
investigation:0.3135
divorce:0.31175
vengeance:0.31175
oscar:0.31125
lone hero:0.31
pregnancy:0.30975
crime:0.3035
adaptation:0.302
small town:0.29775
good story:0.29775
