horror:0.99125
scary:0.9835
supernatural:0.97975
creepy:0.9585
ghosts:0.94425
frightening:0.93325
franchise:0.92275
demons:0.91275
haunted house:0.85875
original:0.80725
prequel:0.79125
suspenseful:0.7865
great ending:0.7755
weird:0.75175
afterlife:0.743
pg-13:0.741
family drama:0.73
tense:0.70075
pointless:0.65275
single father:0.6445
death:0.64375
good:0.62
suspense:0.60425
predictable:0.604
mythology:0.60325
family:0.599
cancer:0.58325
devil:0.58275
better than expected:0.578
trilogy:0.57275
good versus evil:0.5695
ghosts/afterlife:0.56575
eerie:0.56475
atmospheric:0.55425
teen:0.54375
plot twist:0.53475
writers:0.52175
sexualized violence:0.507
intense:0.50575
story:0.497
awesome soundtrack:0.49675
storytelling:0.495
transgender:0.4945
goretastic:0.493
catastrophe:0.47825
survival:0.473
dialogue:0.469
vengeance:0.4685
teens:0.45375
pornography:0.45325
dark:0.45
monster:0.4405
bad cgi:0.44
splatter:0.43775
bad ending:0.43525
doctors:0.43425
nocturnal:0.43325
solitude:0.41875
series:0.41325
1970s:0.413
special effects:0.40925
mentor:0.40775
first contact:0.39875
silly fun:0.398
stereotypes:0.39625
lame:0.394
nudity (full frontal - notable):0.39025
parenthood:0.3855
witches:0.384
destiny:0.38125
fantasy world:0.37825
apocalypse:0.3665
directorial debut:0.3635
original plot:0.36175
serial killer:0.3595
underrated:0.3585
cult:0.35825
bad plot:0.35625
monsters:0.356
plot holes:0.34275
enigmatic:0.337
cult film:0.3335
good soundtrack:0.33075
life philosophy:0.3305
betrayal:0.32875
torture:0.32575
twist:0.3255
cult classic:0.3235
80s:0.32075
transformation:0.31925
camp:0.319
runaway:0.31875
werewolf:0.31525
happy ending:0.31175
shallow:0.31
allegory:0.30825
social commentary:0.30625
twist ending:0.3045
sacrifice:0.30225
gory:0.3015
