kids and family:0.9915
family:0.9755
kids:0.9675
animal movie:0.9235
children:0.92
animals:0.916
childhood:0.907
adventure:0.82875
cute!:0.7625
predictable:0.69675
original:0.69225
mentor:0.6875
heartwarming:0.6795
friendship:0.67925
feel-good:0.6625
unlikely friendships:0.661
natural disaster:0.631
family drama:0.61925
touching:0.61875
cute:0.614
nostalgic:0.60225
sentimental:0.5925
good:0.5825
destiny:0.5505
parenthood:0.5405
catastrophe:0.54
feel good movie:0.5335
story:0.5215
adoption:0.4995
girlie movie:0.488
family bonds:0.48475
fun movie:0.4745
fun:0.46175
disaster:0.45675
fantasy world:0.4415
happy ending:0.434
entertaining:0.43225
runaway:0.4275
special effects:0.41875
indians:0.40525
not funny:0.40225
chase:0.3995
pg:0.392
great ending:0.39125
culture clash:0.38975
sweet:0.38675
island:0.3865
dysfunctional family:0.3835
stereotypes:0.38225
storytelling:0.373
great:0.3675
disney:0.3675
magic:0.367
death:0.3575
dog:0.35375
so bad it's funny:0.34925
bad plot:0.34575
light:0.33975
dialogue:0.3365
justice:0.33575
lone hero:0.334
talking animals:0.33375
overrated:0.33075
life philosophy:0.328
pg-13:0.32725
freedom:0.32375
cartoon:0.32225
good action:0.317
adaptation:0.3125
big budget:0.31225
violence:0.31175
first contact:0.311
ocean:0.3035
dinosaurs:0.302
love story:0.2985
single father:0.29825
environmental:0.29625
cinematography:0.296
unfunny:0.2895
shallow:0.2865
fantasy:0.2855
melancholic:0.27525
police investigation:0.2745
oscar (best directing):0.26875
sappy:0.26775
brutality:0.26675
exciting:0.26225
orphans:0.25825
silly:0.25725
romantic:0.25625
adapted from:book:0.25525
good soundtrack:0.252
surreal:0.251
bad cgi:0.25075
redemption:0.2465
bullying:0.24625
slapstick:0.246
intense:0.2425
greed:0.241
end of the world:0.23925
