fantasy:0.87175
based on a tv show:0.7935
80s:0.789
franchise:0.78575
original:0.78075
sci fi:0.7395
action:0.73875
scifi:0.72825
based on a comic:0.72725
campy:0.72325
special effects:0.7135
goofy:0.707
based on a video game:0.69725
good versus evil:0.694
fun movie:0.68825
cartoon:0.688
sci-fi:0.676
superhero:0.67575
cool:0.666
super hero:0.66225
adventure:0.66175
predictable:0.634
superheroes:0.626
nostalgic:0.594
cheesy:0.5905
destiny:0.58025
super-hero:0.579
fight scenes:0.55525
mentor:0.55025
mutants:0.54475
fantasy world:0.54275
pulp:0.53975
mythology:0.53575
camp:0.5265
good:0.5145
great:0.50525
nostalgia:0.50525
so bad it's funny:0.48875
fun:0.48375
science fiction:0.48225
cult film:0.48075
chase:0.464
ninja:0.4615
big budget:0.456
monster:0.45525
immortality:0.45025
silly fun:0.44875
transformation:0.448
loneliness:0.448
first contact:0.4465
dialogue:0.4465
adapted from:comic:0.445
cult classic:0.4445
childhood:0.44275
cyborgs:0.44175
justice:0.42675
bad plot:0.4225
action packed:0.4215
catastrophe:0.421
series:0.403
high fantasy:0.403
family:0.402
video game:0.40125
adaptation:0.39925
great ending:0.39725
good action:0.3915
alter ego:0.3905
storytelling:0.38975
life philosophy:0.3895
redemption:0.38475
mad scientist:0.375
snakes:0.3725
technology:0.36125
not funny:0.3555
overrated:0.35375
story:0.3515
slapstick:0.35025
bad acting:0.3495
1980s:0.3485
weapons:0.341
magic:0.33025
monsters:0.33
lone hero:0.3285
teen movie:0.32425
brutality:0.3215
so bad it's good:0.31825
death:0.317
disaster:0.3165
entirely dialogue:0.31425
wizards:0.3005
silly:0.2995
great movie:0.2995
happy ending:0.29925
doctors:0.2985
solitude:0.2955
bad:0.29375
futuristic:0.29275
teen:0.2905
vengeance:0.2895
unusual plot structure:0.2885
