special effects:0.91025
monster:0.89925
monsters:0.8775
sci fi:0.809
so bad it's funny:0.77425
adventure:0.75475
scifi:0.75375
based on a book:0.74
fantasy:0.726
silly:0.716
pulp:0.715
sci-fi:0.702
natural disaster:0.69275
science fiction:0.68575
original:0.66925
campy:0.66375
dinosaurs:0.66025
space:0.57325
stop motion:0.556
mars:0.53325
first contact:0.52175
bad science:0.5195
bad acting:0.50475
mad scientist:0.4975
transformation:0.49225
alone in the world:0.474
unusual plot structure:0.4575
good action:0.45625
catastrophe:0.43475
bad plot:0.42375
immortality:0.4205
giant robots:0.41475
cheesy:0.414
medieval:0.4055
dialogue:0.40075
big budget:0.396
fantasy world:0.3885
futuristic:0.367
camp:0.36625
grindhouse:0.36475
predictable:0.354
mentor:0.35075
unintentionally funny:0.33925
silly fun:0.33825
alien invasion:0.33125
weapons:0.33
adaptation:0.3285
ridiculous:0.32125
fun:0.31975
low budget:0.31275
high fantasy:0.31225
mythology:0.305
not funny:0.29425
space travel:0.29175
irish accent:0.29075
bad:0.29075
action:0.285
disaster:0.28425
franchise:0.28425
story:0.282
end of the world:0.2725
weird:0.27175
romance:0.271
good versus evil:0.2705
bad cgi:0.27025
computer game:0.2595
cgi:0.25625
android(s)/cyborg(s):0.2555
video game:0.25475
vengeance:0.2525
spiders:0.252
mutants:0.25025
brutality:0.2495
lone hero:0.2485
fight scenes:0.24775
dystopia:0.245
future:0.24225
storytelling:0.2415
cult film:0.2395
great:0.23725
entirely dialogue:0.235
submarine:0.235
overrated:0.2345
parallel universe:0.23
demons:0.22925
great ending:0.22775
snakes:0.227
visual:0.22675
fun movie:0.226
technology:0.22475
idiotic:0.22325
zombie:0.21975
nocturnal:0.21725
jungle:0.217
imagination:0.21075
corny:0.20925
utopia:0.20925
racing:0.20875
splatter:0.20375
very funny:0.19775
