adapted from:book:0.99075
based on a book:0.97425
fantasy world:0.95
based on book:0.9495
adaptation:0.88225
book:0.87675
books:0.87025
colourful:0.852
vengeance:0.84075
alternate universe:0.82175
good soundtrack:0.806
book was better:0.79675
original:0.77525
dialogue:0.75275
fantasy:0.72325
literature:0.71
so bad it's funny:0.6985
good:0.6975
magic:0.693
mentor:0.69
great movie:0.68725
series:0.686
weird:0.68375
greed:0.6805
life philosophy:0.6765
storytelling:0.6685
culture clash:0.66425
social commentary:0.6635
great acting:0.65075
whimsical:0.65
oscar (best directing):0.64825
pg-13:0.60925
destiny:0.6085
great:0.59525
distopia:0.5935
interesting:0.592
imdb top 250:0.59075
criterion:0.58625
story:0.57225
chase:0.57075
visual:0.57025
witty:0.5615
great ending:0.55825
spying:0.558
drama:0.55775
writers:0.5515
artistic:0.549
light:0.549
satire:0.54675
imagination:0.544
silly fun:0.541
entirely dialogue:0.53875
costume drama:0.53425
witches:0.526
honest:0.52375
very interesting:0.523
very funny:0.517
unusual plot structure:0.516
excellent:0.5155
oscar (best supporting actress):0.51425
british:0.514
catastrophe:0.50825
indie:0.507
dramatic:0.50325
wizards:0.4995
highly quotable:0.497
underrated:0.494
literary adaptation:0.494
plot:0.4935
movielens top pick:0.492
visually appealing:0.48775
oscar (best actress):0.48725
humorous:0.4815
violent:0.475
stylized:0.4735
affectionate:0.473
classic car:0.472
earnest:0.471
pornography:0.4695
clever:0.469
runaway:0.4675
con artists:0.4655
technology:0.46525
good acting:0.46025
prejudice:0.46
amazing photography:0.45725
secrets:0.4565
first contact:0.4535
atmospheric:0.45325
dark humor:0.45275
allegory:0.451
fun movie:0.4505
sexualized violence:0.44575
insanity:0.44
intense:0.43675
trilogy:0.43275
visually stunning:0.42925
irish accent:0.42625
original plot:0.42525
alter ego:0.423
