emma watson:0.9955
adapted from:book:0.99125
wizards:0.99
based on a book:0.9845
harry potter:0.97775
magic:0.97625
franchise:0.975
based on book:0.97075
fantasy world:0.95875
parallel universe:0.954
good versus evil:0.9505
books:0.94825
coming of age:0.92825
big budget:0.92625
book was better:0.9085
boarding school:0.8975
book:0.884
dark fantasy:0.88075
pg-13:0.87575
series:0.874
fantasy:0.84625
imagination:0.84575
dark:0.8395
adventure:0.8235
mythology:0.79425
teen:0.78525
destiny:0.7825
school:0.75875
kids:0.743
teenagers:0.713
adaptation:0.7055
romance:0.6975
visually stunning:0.697
mentor:0.659
high fantasy:0.651
great:0.64925
visually appealing:0.643
action:0.64275
witch:0.62025
secrets:0.61925
original:0.6025
prejudice:0.60225
literary adaptation:0.59725
dialogue:0.59
maze:0.586
betrayal:0.578
catastrophe:0.577
great ending:0.57525
sequel:0.55475
story:0.5545
werewolf:0.545
genocide:0.54325
original plot:0.53975
runaway:0.53
dark hero:0.52775
better than expected:0.5255
special effects:0.52075
great cinematography:0.51825
teleportation:0.51275
fight scenes:0.51125
disappointing:0.50675
literature:0.502
beautiful scenery:0.49125
trilogy:0.49025
storytelling:0.47625
good soundtrack:0.4685
children:0.46825
awesome soundtrack:0.461
england:0.45725
too short:0.4555
scenic:0.4425
werewolves:0.4305
death:0.43025
teen movie:0.42925
plot:0.424
good:0.424
nerds:0.4175
dragons:0.41125
childhood:0.4075
culture clash:0.407
weird:0.399
witches:0.3965
family:0.3935
vengeance:0.38775
exciting:0.38425
visual:0.37725
creativity:0.377
ghosts/afterlife:0.377
fast paced:0.37325
cinematography:0.37275
snakes:0.37275
visuals:0.3685
confusing:0.3635
alter ego:0.35
girlie movie:0.3485
interesting:0.347
british:0.345
entertaining:0.3435
fairy tale:0.34325
transformation:0.3425
