notable nudity:1.0
halloween:0.98975
slasher:0.98525
remake:0.9835
horror:0.96075
serial killer:0.955
sexualized violence:0.94875
original:0.87575
teens:0.86125
bloody:0.8315
brutal:0.76225
zombie:0.741
brutality:0.738
franchise:0.73425
gory:0.707
blood:0.7025
splatter:0.69175
scary:0.68
murder:0.66125
gore:0.64375
torture:0.61125
nudity (full frontal):0.58975
good soundtrack:0.5665
violent:0.5605
devil:0.54875
pointless:0.538
pornography:0.532
violence:0.528
suspense:0.4975
dialogue:0.483
crappy sequel:0.47075
great ending:0.47025
mentor:0.4615
sequel:0.45175
transformation:0.45
predictable:0.434
catastrophe:0.429
not funny:0.41175
adaptation:0.4105
revenge:0.40925
suspenseful:0.3995
vengeance:0.395
bad acting:0.39375
graphic novel:0.38975
nudity (full frontal - brief):0.3895
unlikeable characters:0.388
shallow:0.3865
betrayal:0.3835
childhood:0.37675
storytelling:0.3685
visually appealing:0.3655
story:0.36125
plot holes:0.34725
stereotypes:0.34475
nudity (full frontal - notable):0.34125
male nudity:0.34125
hospital:0.3405
bullying:0.3355
justice:0.335
good:0.33375
good sequel:0.33225
sequels:0.3295
harsh:0.324
insanity:0.32375
original plot:0.32175
weapons:0.31925
monster:0.3175
destiny:0.3135
classic:0.30825
stylized:0.30625
prequel:0.3045
zombies:0.30375
dysfunctional family:0.3005
fantasy world:0.3
teen movie:0.29725
chase:0.297
nudity:0.2955
entirely dialogue:0.29325
unfunny:0.2905
overrated:0.2885
horrible:0.2875
first contact:0.2865
creativity:0.2865
crude humor:0.2845
runaway:0.2845
creepy:0.283
intense:0.28225
strippers:0.28125
family:0.28
grindhouse:0.27875
very funny:0.2745
mother-son relationship:0.27325
police investigation:0.273
disturbing:0.2715
immortality:0.27025
great:0.26875
fight scenes:0.2675
pg-13:0.26625
cult classic:0.264
demons:0.2635
