sports:0.994
violence:0.9155
foul language:0.88925
bloody:0.87375
violent:0.8735
comedy:0.86125
fighting:0.86
splatter:0.8445
original:0.836
brutality:0.81
mentor:0.786
dark hero:0.77775
fight scenes:0.755
fun movie:0.75075
feel-good:0.731
blood:0.72125
goofy:0.72125
based on true story:0.71
quotable:0.71
fun:0.703
entertaining:0.67425
dialogue:0.67325
underdog:0.6715
cult classic:0.663
brutal:0.65025
good soundtrack:0.63775
pulp:0.6245
buddy movie:0.62025
inspirational:0.61875
story:0.613
humorous:0.61075
based on a book:0.6105
intense:0.61
very funny:0.5935
football:0.592
based on book:0.5915
boston:0.58275
good:0.579
highly quotable:0.576
action:0.57575
light:0.57375
great movie:0.571
fast paced:0.563
visceral:0.55925
humor:0.55225
stereotypes:0.54075
great:0.5365
feel good movie:0.53375
predictable:0.52075
unlikely friendships:0.52025
realistic:0.51325
funny:0.50875
sweet:0.4915
gratuitous violence:0.491
quirky:0.487
adaptation:0.4855
pg-13:0.4835
witty:0.4745
storytelling:0.471
redemption:0.46975
cool:0.468
clever:0.466
gangsters:0.46525
great ending:0.46125
good action:0.45725
cult film:0.44675
multiple storylines:0.44175
drama:0.43825
drinking:0.431
gritty:0.4305
earnest:0.4255
hilarious:0.424
weapons:0.42375
interesting:0.42125
runaway:0.4145
justice:0.40975
based on a true story:0.409
family:0.40775
friendship:0.407
honest:0.40625
suspense:0.40625
very good:0.40075
gory:0.40025
great acting:0.39975
vengeance:0.3995
oscar:0.39925
stylized:0.39925
silly:0.39775
inspiring:0.3965
beer:0.3945
superheroes:0.39375
life philosophy:0.39125
transformation:0.3905
catastrophe:0.3895
love story:0.38925
sexualized violence:0.38825
true story:0.387
destiny:0.38625
new jersey:0.37875
grindhouse:0.37575
