vampires:0.9985
vampire:0.998
sequel:0.96675
good sequel:0.9645
horror:0.9415
sequels:0.91975
splatter:0.852
original:0.8495
goofy:0.80975
crappy sequel:0.78875
werewolf:0.785
werewolves:0.77975
supernatural:0.71675
franchise:0.6955
monster:0.682
special effects:0.6745
revenge:0.665
demons:0.65375
gory:0.6485
silly fun:0.62575
teens:0.624
fun movie:0.5975
zombie:0.597
sexy:0.56925
death:0.56275
predictable:0.5595
immortality:0.55825
good soundtrack:0.54525
80s:0.53975
camp:0.53075
goretastic:0.51425
blood:0.506
mentor:0.5055
stylish:0.50125
great ending:0.4925
goth:0.47775
transformation:0.4635
fun:0.45675
scary:0.4525
excellent script:0.4525
so bad it's funny:0.45
weapons:0.44875
brutality:0.44425
visually stunning:0.4415
stupid as hell:0.4345
monsters:0.424
cool:0.4225
bad plot:0.42075
campy:0.4205
great:0.41025
destiny:0.408
cult classic:0.40725
cheesy:0.405
grindhouse:0.394
cult film:0.39275
nocturnal:0.39175
adaptation:0.38825
not as good as the first:0.38
catastrophe:0.3795
overrated:0.379
slasher:0.3735
not funny:0.37225
nudity (topless):0.36475
good:0.356
lone hero:0.355
fight scenes:0.353
life & death:0.3525
psychiatry:0.3515
humorous:0.349
dark hero:0.347
bad cgi:0.3445
loneliness:0.3445
fantasy world:0.33775
dialogue:0.33575
creepy:0.335
unusual plot structure:0.33425
great acting:0.332
melancholic:0.327
pointless:0.31175
sexualized violence:0.30725
storytelling:0.30225
life philosophy:0.29875
teen movie:0.2985
halloween:0.296
suspense:0.29575
first contact:0.2945
erotic:0.2945
mad scientist:0.29325
vengeance:0.29275
violence:0.29275
gruesome:0.292
slapstick:0.29075
dreamlike:0.2895
cinematography:0.289
superheroes:0.28775
comedy:0.283
multiple storylines:0.27975
imdb top 250:0.27925
big budget:0.2775
entirely dialogue:0.2755
