distopia:0.99975
dystopic future:0.9995
future:0.99825
futuristic:0.998
science fiction:0.9955
genetics:0.995
space travel:0.9885
scifi:0.987
sci-fi:0.9805
technology:0.97775
sci fi:0.97775
dystopia:0.97275
visually stunning:0.9285
space program:0.927
visually appealing:0.9235
intelligent sci-fi:0.91875
science:0.91525
visual:0.91375
thought-provoking:0.909
astronauts:0.89725
cerebral:0.89675
social commentary:0.8925
utopia:0.87575
original:0.862
complex:0.85925
interesting:0.858
space:0.8445
dreams:0.844
destiny:0.839
drama:0.83825
cloning:0.833
identity:0.82225
excellent script:0.8175
great ending:0.812
clones:0.81175
fighting the system:0.80375
humanity:0.792
mindfuck:0.7895
philosophy:0.777
imdb top 250:0.77575
storytelling:0.77275
philosophical:0.7635
intelligent:0.7625
inspirational:0.7605
amazing cinematography:0.7545
very interesting:0.7535
inspiring:0.75225
reflective:0.74775
intellectual:0.7445
stunning:0.744
allegory:0.7355
great acting:0.735
original plot:0.73325
plot:0.722
story:0.722
beautifully filmed:0.71575
mentor:0.715
twists & turns:0.708
existentialism:0.7035
dramatic:0.70225
plot holes:0.70025
first contact:0.69725
special effects:0.69225
rebellion:0.687
cinematography:0.68275
good acting:0.682
clever:0.68075
atmospheric:0.67425
segregation:0.65925
life philosophy:0.65125
imagination:0.64925
great:0.647
complicated:0.6435
pg-13:0.6405
weird:0.64
police investigation:0.63925
environment:0.63875
good:0.62875
narrated:0.628
powerful ending:0.627
virtual reality:0.62575
greed:0.6215
idealism:0.61875
enigmatic:0.616
excellent:0.614
suspense:0.60925
oscar (best directing):0.60675
catastrophe:0.60525
manipulation:0.6005
secrets:0.59775
space opera:0.59525
loneliness:0.5905
underrated:0.59025
melancholic:0.5895
disability:0.58275
redemption:0.5805
alone in the world:0.578
great movie:0.57575
good soundtrack:0.57375
beautiful:0.57175
