based on a book:0.95725
spy:0.957
adapted from:book:0.914
books:0.89925
spying:0.89125
espionage:0.833
children:0.8195
spies:0.7675
assassin:0.738
secret service:0.718
predictable:0.7065
based on book:0.692
original:0.68675
action:0.68325
book was better:0.679
book:0.65475
silly:0.63175
adaptation:0.61775
action packed:0.61625
fun:0.58225
dialogue:0.579
family drama:0.5725
mentor:0.56075
franchise:0.54425
london:0.54025
fight scenes:0.532
007:0.5305
family:0.52925
good action:0.52
british:0.4855
camp:0.483
fun movie:0.47125
girlie movie:0.45975
hip hop:0.4595
fantasy world:0.453
catastrophe:0.44275
good soundtrack:0.4395
story:0.43325
teen movie:0.43275
so bad it's funny:0.4265
geek:0.426
sexy:0.418
bad acting:0.4155
bad plot:0.4125
great ending:0.40875
runaway:0.4025
destiny:0.396
bond:0.39125
chase:0.39075
teen:0.38525
good:0.3835
great:0.3785
script:0.36725
adventure:0.36625
first contact:0.358
life & death:0.358
computer game:0.3535
plot holes:0.353
series:0.34975
stereotypes:0.3495
secrets:0.34675
slapstick:0.3435
single father:0.338
death:0.33425
kids:0.33275
fantasy:0.3215
big budget:0.32
awful:0.31575
spelling bee:0.3155
life philosophy:0.31225
bad cgi:0.312
fast paced:0.31025
tom clancy:0.304
unfunny:0.3035
twists & turns:0.302
better than expected:0.3
murder:0.298
vampire human love:0.2975
transformation:0.29525
disaster:0.288
exceptional acting:0.28475
england:0.28475
feel-good:0.28125
cool:0.28075
culture clash:0.27875
not funny:0.2775
plot:0.27375
exciting:0.2725
special effects:0.27225
witches:0.27175
cheesy:0.2715
lone hero:0.27125
pointless:0.2665
redemption:0.26575
feel good movie:0.26525
pornography:0.2645
ridiculous:0.2635
pulp:0.26075
magic:0.26075
virus:0.259
