action:0.99125
arnold:0.9745
good action:0.93325
small town:0.90125
fast paced:0.87
chase:0.8585
action packed:0.8565
weapons:0.85225
gunfight:0.813
violent:0.78875
car chase:0.78425
fight scenes:0.753
violence:0.73225
bloody:0.7185
explosions:0.71325
hostage:0.7
dialogue:0.696
realistic action:0.694
fun movie:0.67325
silly:0.654
vengeance:0.63775
guns:0.6335
original:0.62925
fbi:0.62575
mentor:0.602
plot:0.6015
cars:0.56525
predictable:0.55825
fun:0.55325
lone hero:0.5405
revenge:0.51025
brutality:0.50925
las vegas:0.5055
entertaining:0.503
stylish:0.497
hitman:0.4945
plot holes:0.46075
story:0.459
fighting:0.45325
so bad it's funny:0.45125
pg-13:0.44625
bad acting:0.44
cool:0.424
arms dealer:0.42175
exciting:0.4205
assassination:0.4125
catastrophe:0.39425
script:0.394
gratuitous violence:0.38925
runaway:0.38425
better than expected:0.38325
good soundtrack:0.383
blood:0.3785
gangsters:0.3735
great ending:0.37275
humor:0.36675
pornography:0.36375
classic car:0.361
grindhouse:0.356
buddy movie:0.34875
road movie:0.348
nostalgic:0.34375
corruption:0.3405
80s:0.33925
california:0.33925
franchise:0.33675
redemption:0.33625
racing:0.33325
murder:0.33325
silly fun:0.33225
bad plot:0.32775
good:0.32725
guilty pleasure:0.327
underrated:0.31775
not funny:0.31625
absurd:0.314
drugs:0.31325
pulp:0.311
ridiculous:0.30775
dark hero:0.30675
great:0.301
big budget:0.30025
cheesy:0.29675
stylized:0.28875
sci fi:0.28475
life philosophy:0.28425
comic:0.2825
storytelling:0.281
ensemble cast:0.27875
mexico:0.2775
first contact:0.2775
devil:0.2775
bad cgi:0.27625
entirely dialogue:0.27125
unfunny:0.2705
kidnapping:0.269
goofy:0.2685
splatter:0.2655
video game:0.26475
superheroes:0.262
