kids and family:0.99
computer animation:0.9495
family:0.93625
talking animals:0.905
cute!:0.8965
cute:0.88625
kids:0.86025
animation:0.85325
cartoon:0.85075
children:0.81925
animals:0.772
original:0.75175
adapted from:book:0.722
fun movie:0.72
adventure:0.70325
predictable:0.6285
adoption:0.61
fun:0.597
based on book:0.547
fantasy:0.54325
redemption:0.51725
birds:0.50525
unlikely friendships:0.4835
good sequel:0.477
story:0.47525
dialogue:0.47475
great ending:0.45775
action packed:0.457
good:0.44425
visually appealing:0.444
friendship:0.4425
disney:0.431
entertaining:0.42825
great:0.419
betrayal:0.4185
catastrophe:0.41775
animal movie:0.41025
mentor:0.409
crappy sequel:0.4085
rats:0.40175
special effects:0.39975
destiny:0.38725
action:0.384
sequels:0.37575
chase:0.37425
childhood:0.37375
heartwarming:0.37025
fantasy world:0.36625
bad plot:0.36575
spiders:0.3645
franchise:0.364
overrated:0.3635
crude humor:0.35875
sweet:0.35625
silly:0.344
clever:0.32975
lone hero:0.32575
first contact:0.325
adaptation:0.3235
very funny:0.3195
natural disaster:0.31275
pg:0.31025
toys:0.3085
happy ending:0.30825
silly fun:0.30775
culture clash:0.30275
not funny:0.302
slapstick:0.297
runaway:0.2925
brutality:0.29
storytelling:0.2895
penguins:0.28775
based on a book:0.2875
narrated:0.28475
quirky:0.28325
bad:0.27825
so bad it's funny:0.276
stylized:0.276
fight scenes:0.27475
light:0.274
entirely dialogue:0.2725
new york city:0.27175
life philosophy:0.27075
sentimental:0.27025
dysfunctional family:0.2675
stereotypes:0.2545
animated:0.2495
technology:0.24825
good soundtrack:0.24475
girlie movie:0.2405
feel-good:0.23925
great movie:0.233
good action:0.232
family drama:0.229
teen movie:0.22875
books:0.22875
revenge:0.2285
pigs:0.2275
funny:0.22575
unfunny:0.225
