tense:0.96325
alien:0.9515
remake:0.9435
sci-fi:0.93525
creepy:0.9335
aliens:0.93325
paranoia:0.9275
horror:0.92575
allegory:0.905
original:0.89625
claustrophobic:0.88725
alien invasion:0.86025
sci fi:0.84875
paranoid:0.843
science fiction:0.83725
suspenseful:0.80925
san francisco:0.802
suspense:0.80025
downbeat:0.78925
visceral:0.7885
clones:0.78675
scifi:0.78125
classic:0.7775
ominous:0.7725
original plot:0.72475
scary:0.721
special effects:0.70025
dark fantasy:0.6855
great ending:0.67975
cult classic:0.67375
transformation:0.6585
atmospheric:0.65325
effects:0.65125
frightening:0.649
forceful:0.61625
cinematography:0.615
cloning:0.61375
cult film:0.60475
good acting:0.59725
greed:0.58575
suprisingly clever:0.582
grim:0.578
good:0.5765
eerie:0.5685
violence:0.544
great acting:0.53625
weird:0.53025
small town:0.52775
great movie:0.52775
humanity:0.52725
storytelling:0.52575
visually appealing:0.52025
interesting:0.51875
great:0.518
brainwashing:0.518
criterion:0.51725
psychology:0.51625
gory:0.5115
story:0.511
talky:0.51075
social commentary:0.50575
harsh:0.50475
intense:0.50325
utopia:0.503
1970s:0.49375
oscar (best directing):0.4915
brutality:0.49075
1950s:0.48475
thriller:0.48475
dialogue:0.48
masterpiece:0.47325
imdb top 250:0.47
excellent:0.46625
first contact:0.465
monster:0.464
psychological:0.46325
betrayal:0.46225
california:0.45775
visually stunning:0.4565
gruesome:0.453
disturbing:0.4505
remade:0.45025
macabre:0.45
adaptation:0.4405
catastrophe:0.438
dystopia:0.43575
space travel:0.42975
mentor:0.42125
runaway:0.4205
violent:0.4205
survival:0.419
visual:0.419
oscar (best actress):0.41875
nudity (full frontal - notable):0.4175
very good:0.409
conspiracy:0.40825
excellent script:0.40625
stylized:0.40525
psychiatrist:0.40475
chase:0.40425
