gunfight:0.9985
western:0.992
runaway:0.941
redemption:0.91975
amazing photography:0.91275
brothers:0.88325
moral ambiguity:0.8635
california:0.863
nostalgic:0.84175
downbeat:0.83625
cinematography:0.819
original:0.81325
meditative:0.8125
classic:0.80425
oscar (best directing):0.792
mining:0.78025
imdb top 250:0.78
friendship:0.77975
forceful:0.7695
greed:0.766
reflective:0.761
harsh:0.754
tense:0.7375
poignant:0.7245
affectionate:0.686
golden palm:0.68375
great movie:0.68175
childhood:0.6815
courage:0.681
violent:0.67375
complex characters:0.665
bleak:0.65975
bittersweet:0.6555
masterpiece:0.65275
talky:0.65175
morality:0.63875
betrayal:0.63625
drinking:0.63275
oscar (best cinematography):0.6315
melancholy:0.629
loneliness:0.62875
unlikely friendships:0.616
sacrifice:0.61225
criterion:0.60875
story:0.60825
great:0.60075
breathtaking:0.598
compassionate:0.592
atmospheric:0.5855
enigmatic:0.5745
culture clash:0.5735
intimate:0.5715
good soundtrack:0.5645
oscar (best supporting actor):0.5635
1970s:0.56125
character study:0.55425
chase:0.554
beautifully filmed:0.54875
honest:0.54475
mentor:0.5415
photography:0.54
suprisingly clever:0.53
grim:0.52625
storytelling:0.5255
gritty:0.5255
oscar (best supporting actress):0.516
brutality:0.51225
foreign:0.50975
scenic:0.509
oscar (best actress):0.509
melancholic:0.5065
sentimental:0.506
death:0.506
dialogue:0.50575
texas:0.50225
gangsters:0.499
guns:0.49725
aging:0.49225
corruption:0.4795
great ending:0.479
realistic:0.4775
spaghetti western:0.472
beautiful scenery:0.47125
black and white:0.464
cynical:0.457
obsession:0.45175
witty:0.45075
violence:0.44175
visceral:0.4385
idealism:0.43525
coming of age:0.4335
indians:0.4335
drama:0.4335
camp:0.432
humorous:0.431
catastrophe:0.4285
crime gone awry:0.42
lyrical:0.4155
dramatic:0.41475
earnest:0.4145
