teen movie:0.96375
teen:0.939
high school:0.914
80s:0.8855
1980s:0.86925
teens:0.868
goofy:0.80975
dumb but funny:0.797
silly:0.7665
silly fun:0.7555
nudity (topless):0.74
original:0.73725
nerds:0.71425
marijuana:0.709
geek:0.704
nudity (topless - notable):0.6975
fantasy:0.69675
nudity:0.69075
special effects:0.687
geeks:0.6845
comedy:0.63725
sexy:0.63425
predictable:0.634
cheesy:0.63375
bullying:0.62125
cheerleading:0.62
computer animation:0.60475
so bad it's funny:0.5995
campy:0.5925
adolescence:0.5805
fun movie:0.55075
sex comedy:0.55025
mentor:0.5485
guilty pleasure:0.5355
sci-fi:0.53375
stupid as hell:0.53025
mad scientist:0.52875
sci fi:0.5245
cult film:0.51075
nudity (full frontal - notable):0.50575
good versus evil:0.498
chase:0.49525
bad plot:0.4905
fantasy world:0.47125
camp:0.45325
brutality:0.4485
pg-13:0.44725
pornography:0.44225
bad acting:0.43825
fight scenes:0.41475
feel-good:0.41375
fun:0.4125
first contact:0.406
adapted from:comic:0.405
feel good movie:0.4025
overrated:0.402
catastrophe:0.4015
school:0.39925
weed:0.39875
notable nudity:0.3965
science:0.38625
nostalgia:0.3835
great ending:0.3815
dialogue:0.37925
spoof:0.37675
lame:0.369
stupid:0.3655
family:0.364
satirical:0.361
revenge:0.361
very funny:0.35825
violence:0.357
scifi:0.3555
good soundtrack:0.35175
story:0.3515
storytelling:0.346
coming of age:0.3405
lone hero:0.3405
college:0.3405
franchise:0.3385
unusual plot structure:0.33775
vengeance:0.32575
life philosophy:0.3225
dumb:0.32125
adaptation:0.316
weapons:0.31275
destiny:0.31075
beer:0.31
pointless:0.30925
immortality:0.309
disaster:0.30725
shallow:0.307
natural disaster:0.3055
stereotypes:0.30125
so bad it's good:0.30075
sexualized violence:0.29725
quirky:0.297
romance:0.2965
light:0.29475
parody:0.294
