rock and roll:0.98975
musicians:0.905
fantasy:0.77975
good soundtrack:0.72625
musical:0.72075
1970s:0.7195
original:0.71325
great movie:0.709
runaway:0.70225
gangsters:0.70175
music:0.67725
good music:0.643
cult classic:0.6395
pornography:0.638
great music:0.625
great:0.6175
corruption:0.5865
brutality:0.586
good:0.58425
psychedelic:0.57825
harsh:0.5645
mentor:0.5545
lyrical:0.54475
cult film:0.54025
visually appealing:0.525
corporate america:0.518
greed:0.51775
unusual plot structure:0.50575
very interesting:0.504
weird:0.49925
great ending:0.49275
destiny:0.48775
criterion:0.47475
talky:0.47125
fantasy world:0.47075
vengeance:0.45825
justice:0.4545
violence:0.45425
love:0.4535
gunfight:0.4515
classic car:0.4425
artistic:0.4385
culture clash:0.43825
dialogue:0.432
catastrophe:0.4315
social commentary:0.43075
pg-13:0.4305
gangster:0.41725
intense:0.409
violent:0.4025
life philosophy:0.39875
storytelling:0.394
breathtaking:0.39325
great acting:0.3925
obsession:0.39175
long:0.3905
multiple storylines:0.39025
adapted from:book:0.3895
reflective:0.3885
enigmatic:0.38625
history:0.38625
narrated:0.386
creativity:0.385
documentary:0.38475
nostalgic:0.3835
us history:0.37875
melancholic:0.3755
drama:0.375
adaptation:0.37425
serial killer:0.372
nudity (full frontal - brief):0.37025
oscar (best directing):0.367
whimsical:0.366
police investigation:0.365
grindhouse:0.364
realistic:0.36325
road movie:0.363
death:0.36125
stoner movie:0.35975
stylized:0.35875
punk:0.35675
revenge:0.35625
chase:0.3545
great soundtrack:0.35175
cinematography:0.3455
stylish:0.3455
suprisingly clever:0.3445
drugs:0.3415
too long:0.341
sexualized violence:0.33975
bloody:0.33825
highly quotable:0.338
surreal:0.337
interesting:0.336
redemption:0.33425
not funny:0.33275
nudity (topless - notable):0.3325
prejudice:0.33175
nudity (full frontal - notable):0.3305
underrated:0.32975
