sequels:0.94375
sequel:0.94
violence:0.907
original:0.88625
good sequel:0.88125
war:0.81125
death:0.80425
survival:0.792
action:0.782
pointless:0.77275
crappy sequel:0.7705
brutality:0.7565
islam:0.754
mentor:0.73525
weapons:0.714
fighting:0.71325
teens:0.71075
franchise:0.708
island:0.70325
revenge:0.698
pornography:0.67475
predictable:0.6495
nudity (topless - notable):0.6475
forceful:0.63375
innocence lost:0.6325
bombs:0.63175
gunfight:0.63125
life & death:0.62475
so bad it's funny:0.6205
dialogue:0.6195
teen:0.60425
violent:0.602
male nudity:0.57875
dynamic cgi action:0.5725
israel:0.55925
stereotypes:0.546
cult film:0.52975
teacher:0.528
suspense:0.52725
horrible:0.5265
plot holes:0.52125
brutal:0.51175
politics:0.50925
teen movie:0.50875
lame:0.50025
nudity (topless):0.495
splatter:0.49275
family:0.49075
original plot:0.4905
bloody:0.48875
nudity (topless - brief):0.482
culture clash:0.48075
absurd:0.47775
silly:0.47775
runaway:0.47375
good:0.47325
bad acting:0.47125
melancholic:0.47025
catastrophe:0.46925
betrayal:0.46825
great ending:0.46575
controversial:0.464
fight scenes:0.46225
school:0.45875
satirical:0.457
immortality:0.4545
good soundtrack:0.4435
social commentary:0.437
goofy:0.4355
story:0.4335
life philosophy:0.43175
quirky:0.4315
vengeance:0.4285
nudity (full frontal - notable):0.42775
reflective:0.42725
fantasy:0.4235
fantasy world:0.42175
not funny:0.421
cult classic:0.42075
very good:0.41925
talky:0.4175
powerful ending:0.4145
family drama:0.4135
destiny:0.411
disaster:0.4095
bad plot:0.39875
stupid as hell:0.392
women:0.39025
freedom:0.39
revolution:0.38975
idiotic:0.388
japan:0.3805
bullying:0.37825
nudity (full frontal - brief):0.37325
writers:0.3725
good action:0.37225
bad:0.37175
kids:0.3715
overrated:0.37
bad ending:0.3695
