alaska:0.97875
western:0.956
gunfight:0.88
comedy:0.82275
chase:0.795
runaway:0.77875
indians:0.7355
funny:0.70325
childhood:0.70125
california:0.69475
vengeance:0.67525
original:0.66375
fun movie:0.657
brothers:0.6335
animals:0.57125
romance:0.56425
great:0.5445
light:0.5415
greed:0.54075
wilderness:0.5365
mining:0.5335
romantic:0.52675
culture clash:0.52225
good:0.51375
family:0.511
mentor:0.501
adventure:0.50075
action:0.49825
life & death:0.48975
unlikely friendships:0.48925
story:0.48775
great movie:0.4705
catastrophe:0.47
very interesting:0.4695
redemption:0.4635
police investigation:0.45575
friendship:0.45375
humorous:0.45075
fight scenes:0.44175
revenge:0.435
dialogue:0.42975
heartwarming:0.411
action packed:0.4085
destiny:0.408
lone hero:0.40525
harsh:0.39825
nostalgic:0.3935
fun:0.39125
happy ending:0.38525
slapstick:0.38475
transformation:0.384
affectionate:0.38225
beautiful scenery:0.3805
great ending:0.379
alter ego:0.37725
hunting:0.37675
moral ambiguity:0.37325
farce:0.36525
hitman:0.36325
pornography:0.36325
good soundtrack:0.361
life philosophy:0.359
ireland:0.35825
civil war:0.35775
70mm:0.354
suprisingly clever:0.34875
betrayal:0.3485
silly:0.34325
predictable:0.3415
not funny:0.3405
nudity (full frontal - brief):0.33975
mad scientist:0.33875
gangs:0.33825
goofy:0.3315
good action:0.33025
adapted from:book:0.32925
stereotypes:0.328
imdb top 250:0.32725
adaptation:0.32625
visually appealing:0.32375
very funny:0.31275
kids and family:0.3125
time:0.31225
treasure hunt:0.31
brutality:0.30875
teen movie:0.3025
computer animation:0.3
80s:0.29975
texas:0.29975
fantasy:0.29725
historical:0.29675
drinking:0.295
underrated:0.293
coming of age:0.292
male nudity:0.2885
criterion:0.28825
torture:0.28525
romantic comedy:0.28475
19th century:0.284
paranoia:0.2785
