vampire:0.9525
silent:0.911
ballet:0.90775
vampires:0.815
original:0.772
dance:0.76725
gothic:0.76175
cinematography:0.76025
stylized:0.7585
macabre:0.739
weird:0.734
1920s:0.7155
stylish:0.71075
grindhouse:0.69325
horror:0.682
art:0.6815
creepy:0.675
black and white:0.65875
cult film:0.64075
criterion:0.60775
surreal:0.58325
talky:0.571
dreamlike:0.559
blood:0.53575
enigmatic:0.535
disturbing:0.532
erotic:0.51525
dreams:0.506
stop motion:0.4995
runaway:0.49875
eerie:0.48225
ironic:0.45975
great ending:0.45725
transformation:0.45075
monster:0.43925
adapted from:book:0.43625
crime gone awry:0.422
visceral:0.41725
adaptation:0.4135
dialogue:0.409
visual:0.408
colourful:0.40425
dancing:0.40275
allegory:0.40275
not funny:0.401
cult classic:0.4
golden palm:0.39375
atmospheric:0.3935
greed:0.3925
tense:0.38775
splatter:0.3865
melancholy:0.381
goth:0.3795
good soundtrack:0.3745
dark:0.368
melancholic:0.36775
catastrophe:0.36725
mentor:0.365
classic car:0.355
nocturnal:0.355
storytelling:0.35475
loneliness:0.34775
lone hero:0.3445
story:0.344
entirely dialogue:0.331
nudity (full frontal - notable):0.33075
goofy:0.32025
gore:0.31225
suprisingly clever:0.30975
suspense:0.30875
so bad it's funny:0.3075
based on a play:0.3045
suspenseful:0.3035
brutality:0.29825
claustrophobic:0.29275
oscar (best directing):0.2825
wilderness:0.2775
imdb top 250:0.2755
distopia:0.275
art house:0.26725
masterpiece:0.26625
gangsters:0.266
sexualized violence:0.266
overrated:0.26575
clever:0.26425
dark hero:0.2635
vengeance:0.2635
low budget:0.26275
fantasy world:0.26
visually appealing:0.2585
humorous:0.25425
harsh:0.25375
absurd:0.25075
light:0.24625
mad scientist:0.2455
surrealism:0.245
author:neil gaiman:0.24475
artsy:0.2445
hospital:0.2425
twists & turns:0.24125
