dancing:0.97725
teen:0.96375
good music:0.961
teen movie:0.96075
girlie movie:0.95925
musical:0.95425
high school:0.95075
rock and roll:0.9415
awesome soundtrack:0.9015
dance:0.87825
fun movie:0.859
great music:0.855
music:0.842
nostalgic:0.82375
family:0.715
broadway:0.71
original:0.70625
good soundtrack:0.70575
teenager:0.69725
teens:0.66625
happy ending:0.66325
teenagers:0.6235
romantic:0.619
love story:0.6175
fun:0.6105
great soundtrack:0.601
innocence lost:0.59875
cool:0.59125
great ending:0.58675
good:0.58675
destiny:0.57525
1950s:0.57
cheerleading:0.55525
great:0.54775
school:0.54
stereotypes:0.53375
feel-good:0.532
chick flick:0.52125
colourful:0.51125
catastrophe:0.5045
classic:0.49825
dialogue:0.49675
cars:0.496
period piece:0.495
feel good movie:0.47325
romance:0.47325
runaway:0.47125
childhood:0.454
light:0.449
segregation:0.44875
hit men:0.4375
shopping:0.4295
80s:0.42425
shallow:0.41925
unlikely friendships:0.41325
pg-13:0.41325
love:0.4115
chase:0.4085
honest:0.40375
predictable:0.40375
suprisingly clever:0.40125
guilty pleasure:0.401
great acting:0.399
great movie:0.3965
culture clash:0.39625
sentimental:0.396
sweet:0.39575
kids:0.39275
mentor:0.391
not funny:0.385
based on a play:0.3795
sexy:0.37575
nostalgia:0.3725
adaptation:0.3685
story:0.36725
idiotic:0.36375
romantic comedy:0.3635
cult classic:0.349
friendship:0.344
adolescence:0.33975
gangs:0.339
australia:0.3255
entertaining:0.325
coming of age:0.32425
storytelling:0.321
vengeance:0.3205
camp:0.318
oscar (best directing):0.31525
rebellion:0.31425
california:0.31125
children:0.30225
cult film:0.30075
indians:0.2985
cheesy:0.29325
drinking:0.29175
teacher:0.2905
oscar winner:0.28975
very funny:0.2895
life philosophy:0.2865
stylized:0.2865
