basketball:0.9605
cross dressing:0.93275
sports:0.92875
predictable:0.89175
so bad it's funny:0.87
bad plot:0.85625
comedy:0.82075
original:0.76975
stupid:0.7175
goofy:0.68275
fun movie:0.658
horrible:0.6575
silly fun:0.631
stupid as hell:0.62225
disaster:0.59675
bad acting:0.592
silly:0.5845
remake:0.581
lame:0.5805
stereotypes:0.56175
multiple storylines:0.554
bad:0.551
family:0.5325
unfunny:0.5315
fun:0.5205
fantasy:0.5045
fantasy world:0.50375
mentor:0.501
crude humor:0.4935
dumb:0.49125
dumb but funny:0.476
very funny:0.47025
pointless:0.465
idiotic:0.46025
shallow:0.45225
girlie movie:0.4435
women:0.442
queer:0.43725
overrated:0.42875
first contact:0.42825
bad cgi:0.4265
great ending:0.4195
redemption:0.4155
inspirational:0.4135
catastrophe:0.40125
brutality:0.394
vampire human love:0.388
slapstick:0.3835
funny:0.37975
teen movie:0.377
dialogue:0.37625
fight scenes:0.37125
plot holes:0.367
lone hero:0.3655
great:0.36375
destiny:0.36175
unusual plot structure:0.3605
camp:0.3545
good:0.3495
sexy:0.34725
stupidity:0.345
melancholic:0.345
natural disaster:0.338
crappy sequel:0.337
happy ending:0.3325
weapons:0.33025
adaptation:0.32025
action:0.3185
nocturnal:0.31625
franchise:0.31475
based on a book:0.3135
entirely dialogue:0.30825
feel-good:0.30325
culture clash:0.301
cult film:0.29925
storytelling:0.29325
love story:0.2925
runaway:0.29125
story:0.29025
big budget:0.28975
nudity (rear):0.2895
life philosophy:0.289
special effects:0.285
good soundtrack:0.28475
farce:0.28275
death:0.2805
nudity (topless - notable):0.279
justice:0.27425
intense:0.2715
cheerleading:0.26875
pg-13:0.26825
great acting:0.26775
absurd:0.267
vengeance:0.267
gangsters:0.26525
sci fi:0.2615
hilarious:0.26025
splatter:0.26
pornography:0.259
feel good movie:0.2495
