18th century:0.97825
adapted from:book:0.97075
costume drama:0.96675
period piece:0.96425
romantic:0.95175
jane austen:0.9325
19th century:0.92325
literature:0.918
based on a book:0.883
england:0.875
british:0.8685
beautiful scenery:0.86325
adaptation:0.843
romance:0.83675
passionate:0.83
beautifully filmed:0.818
sisters:0.8105
chick flick:0.79875
london:0.7895
based on book:0.78525
oscar (best actress):0.779
affectionate:0.76525
excellent:0.76275
heartwarming:0.7485
love story:0.6965
love:0.686
witty:0.6785
classic:0.67825
oscar (best supporting actress):0.65675
emotional:0.64725
original:0.64725
relationships:0.63825
secrets:0.63675
happy ending:0.62925
cinematography:0.60975
sweet:0.60375
heartbreaking:0.5935
idealism:0.576
oscar (best directing):0.56675
great:0.54525
good:0.54475
great acting:0.544
oscar:0.542
girlie movie:0.54
touching:0.5385
prejudice:0.538
drama:0.538
women:0.5355
intimate:0.532
historical:0.531
exceptional acting:0.519
books:0.51275
melancholy:0.4955
betrayal:0.4935
obsession:0.49175
great ending:0.49075
beautiful:0.49025
runaway:0.4885
breathtaking:0.4865
scenic:0.48
culture clash:0.47825
catastrophe:0.46275
book was better:0.4615
dialogue:0.4495
earnest:0.43775
great movie:0.43625
dramatic:0.433
oscar (best cinematography):0.4295
literary adaptation:0.42625
talky:0.42425
good acting:0.40275
interesting:0.4015
based on a play:0.393
light:0.39275
sappy:0.39275
mentor:0.39075
perfect:0.38675
good soundtrack:0.38575
visually stunning:0.3855
clever:0.38475
story:0.38125
sentimental:0.3805
shakespeare:0.378
marriage:0.3765
suprisingly clever:0.376
not funny:0.37275
excellent script:0.36675
justice:0.3635
sacrifice:0.36175
greed:0.35925
entirely dialogue:0.3475
feel-good:0.3475
romantic comedy:0.3435
book:0.3425
life philosophy:0.34
feel good movie:0.3395
nostalgic:0.33525
melancholic:0.335
atmospheric:0.33375
storytelling:0.32525
