robots:0.99775
robot:0.991
future:0.98775
futuristic:0.98175
scifi:0.909
sci fi:0.89725
runaway:0.8925
science fiction:0.872
sci-fi:0.86975
spiders:0.84725
androids:0.83625
chase:0.8185
action:0.78975
technology:0.7745
original:0.739
fun movie:0.6805
bad plot:0.66975
special effects:0.66925
weapons:0.662
android(s)/cyborg(s):0.66075
good action:0.62475
predictable:0.6125
so bad it's funny:0.60175
catastrophe:0.5835
plot holes:0.57925
dialogue:0.578
big budget:0.5755
giant robots:0.55775
fun:0.547
lone hero:0.51725
thriller:0.51725
police:0.51425
cool:0.5125
good:0.5115
entertaining:0.50875
silly:0.50775
silly fun:0.50575
mentor:0.488
bad acting:0.477
plot:0.468
80s:0.46425
first contact:0.459
clones:0.4575
great ending:0.44675
computers:0.444
adventure:0.43425
natural disaster:0.43025
dystopia:0.42175
cheesy:0.42075
light:0.4175
story:0.408
exciting:0.38875
destiny:0.38225
life philosophy:0.38125
pg-13:0.37775
family:0.3705
suspense:0.3655
police investigation:0.36075
artificial intelligence:0.3595
corruption:0.355
not funny:0.35425
pulp:0.3495
dinosaurs:0.34575
police corruption:0.33625
computer game:0.33475
disaster:0.3305
cult classic:0.33
violence:0.32275
intense:0.3225
brutality:0.31975
very interesting:0.31825
cars:0.31675
great:0.31475
kidnapping:0.31475
fantasy world:0.3145
car chase:0.31325
bad science:0.31175
entirely dialogue:0.31125
clever:0.30875
culture clash:0.3045
gangsters:0.30425
bad:0.30375
crime:0.29975
good soundtrack:0.29125
ridiculous:0.2865
redemption:0.28225
dystopic future:0.28125
betrayal:0.28125
creativity:0.27925
greed:0.27925
mad scientist:0.2755
quirky:0.2745
cloning:0.26925
fight scenes:0.2685
interesting:0.268
overrated:0.26575
dynamic cgi action:0.26275
suspenseful:0.2625
visual:0.26225
race:0.25525
