serial killer:0.8685
sexy:0.85425
murder:0.82225
police investigation:0.794
detective:0.77675
investigation:0.7705
pornography:0.741
vigilante:0.68875
sexual:0.678
teen movie:0.67475
runaway:0.64425
corruption:0.637
original:0.636
crime:0.62325
erotic:0.61025
brutality:0.60625
mystery:0.59675
women:0.585
obsession:0.585
fantasy:0.58
virginity:0.5495
very interesting:0.54775
great ending:0.547
suspense:0.5
plot:0.48625
good soundtrack:0.48625
mentor:0.4855
nudity (full frontal - brief):0.48075
thriller:0.458
loneliness:0.45675
teen:0.45525
murder mystery:0.448
good:0.44325
catastrophe:0.436
predictable:0.435
teenager:0.425
spying:0.42175
teens:0.42175
sex:0.41975
police corruption:0.40575
guilt:0.3925
pg-13:0.3885
police:0.3865
drama:0.377
earnest:0.374
destiny:0.367
revenge:0.366
story:0.3645
interesting:0.35975
dialogue:0.359
light:0.3545
fantasy world:0.353
twist:0.34575
vigilantism:0.34475
storytelling:0.34125
not funny:0.34075
melancholic:0.3385
death:0.33525
nudity:0.33475
girlie movie:0.334
big budget:0.33325
violence:0.32675
sexualized violence:0.32375
suspenseful:0.3235
male nudity:0.3225
psychological:0.322
secrets:0.31725
bad ending:0.31675
adaptation:0.31
brutal:0.3095
manipulation:0.30925
classic car:0.30875
vengeance:0.30525
camp:0.30475
adventure:0.30475
lawyer:0.301
justice:0.30025
moral ambiguity:0.29725
assassination:0.29425
twists & turns:0.29225
torture:0.2905
adolescence:0.28975
teenagers:0.28875
talky:0.28425
first contact:0.28225
creativity:0.27925
criterion:0.2775
suprisingly clever:0.273
nudity (topless - notable):0.26725
california:0.2625
cars:0.26225
culture clash:0.25725
honest:0.257
great:0.2565
visually appealing:0.25525
high school:0.25325
oscar (best actress):0.2525
lone hero:0.25225
redemption:0.252
unusual plot structure:0.2505
