swashbuckler:0.89975
original:0.747
book was better:0.72725
based on a book:0.69675
books:0.68625
magic:0.589
adaptation:0.58875
mentor:0.47975
fantasy world:0.475
revenge:0.45675
catastrophe:0.44625
based on book:0.44125
great ending:0.43825
predictable:0.435
slapstick:0.43
adventure:0.426
not funny:0.41875
adapted from:book:0.4185
medieval:0.404
romance:0.37875
runaway:0.37775
period piece:0.376
unfunny:0.3725
disaster:0.3725
immortality:0.37125
vengeance:0.3685
romantic:0.366
unusual plot structure:0.36075
satirical:0.3555
destiny:0.34925
justice:0.34875
life philosophy:0.34675
book:0.329
fun movie:0.32875
dialogue:0.31975
good:0.31925
underdog:0.31525
alter ego:0.3135
true story:0.311
lone hero:0.30825
nudity (full frontal - brief):0.307
sequels:0.29825
clever:0.295
witches:0.28775
action:0.2845
fight scenes:0.28325
natural disaster:0.2825
culture clash:0.2805
solitude:0.2805
story:0.2755
new york:0.267
life & death:0.25725
first contact:0.2555
sexy:0.254
series:0.249
sequel:0.24825
brutality:0.2405
horses:0.23875
civil war:0.23875
england:0.238
fun:0.2375
comedy:0.23675
comic:0.23475
very funny:0.2345
betrayal:0.23375
family:0.2335
dragons:0.23175
made for tv:0.2295
scary:0.22675
trilogy:0.2255
drama:0.22275
high fantasy:0.2215
greed:0.22125
police investigation:0.2205
dumb but funny:0.21725
too short:0.214
quirky:0.212
good soundtrack:0.2085
great acting:0.208
whimsical:0.20575
shallow:0.2055
pornography:0.20125
overrated:0.201
storytelling:0.20025
bad plot:0.1995
entirely dialogue:0.19825
idealism:0.19675
so bad it's funny:0.19325
visually appealing:0.19275
happy ending:0.1925
weapons:0.192
fantasy:0.1915
bullshit history:0.1905
great:0.19
witch:0.18975
writers:0.18725
transformation:0.18575
family drama:0.182
maze:0.17725
parody:0.17725
