god:0.99525
alien:0.96175
religion:0.94925
bollywood:0.93025
indians:0.89
social commentary:0.87875
islam:0.80925
love story:0.7745
natural disaster:0.73175
india:0.713
great ending:0.71275
good:0.70475
first contact:0.70425
comedy:0.703
catastrophe:0.69275
feel-good:0.67825
story:0.671
thought-provoking:0.658
storytelling:0.656
creativity:0.6515
greed:0.65125
good acting:0.6455
aliens:0.643
beautiful scenery:0.64175
christian:0.63975
original:0.632
childhood:0.62775
destiny:0.6265
allegory:0.6195
great acting:0.60025
prejudice:0.57025
atheism:0.5545
transformation:0.551
visually stunning:0.54725
touching:0.541
breathtaking:0.5265
sacrifice:0.52
dialogue:0.517
beautifully filmed:0.51625
kids and family:0.5135
emotional:0.5125
great:0.51175
visually appealing:0.49625
better than expected:0.48775
humanity:0.4875
satirical:0.48725
very funny:0.4795
feel good movie:0.47375
unusual plot structure:0.4705
intellectual:0.468
stunning:0.45725
giant robots:0.43725
crude humor:0.437
clever:0.43475
simple:0.4325
mythology:0.43225
inspirational:0.42825
romantic:0.4225
good music:0.42175
christianity:0.42125
amazing photography:0.421
watch the credits:0.421
desert:0.4195
absurd:0.40725
heartwarming:0.40525
funny:0.40225
culture clash:0.4
stereotypes:0.39825
entertaining:0.394
mentor:0.39325
courage:0.393
cerebral:0.39175
life philosophy:0.39
redemption:0.38775
humorous:0.38675
sentimental:0.38475
happy ending:0.38225
biblical:0.381
reflective:0.381
imagination:0.3805
weird:0.37925
suprisingly clever:0.3775
surprise ending:0.37575
narrated:0.3755
runaway:0.37125
romance:0.37075
visual:0.36725
astronauts:0.36275
alien invasion:0.36275
too short:0.361
cinematography:0.3595
brainwashing:0.35875
imdb top 250:0.35725
scifi:0.35675
interesting:0.355
life & death:0.35475
light:0.35475
chase:0.3535
morality:0.3445
plot:0.34325
