surprise ending:0.9935
lawyer:0.985
courtroom:0.9745
lawyers:0.9615
murder mystery:0.96075
political corruption:0.9505
twist ending:0.94925
courtroom drama:0.94925
police investigation:0.944
twists & turns:0.93675
twist:0.91475
drama:0.904
suspense:0.89875
great ending:0.89825
murder:0.89825
psychological:0.8945
plot twist:0.89025
crime:0.89025
thriller:0.881
great acting:0.84925
justice:0.84275
mentor:0.81475
corruption:0.81225
complicated plot:0.81175
secrets:0.81
court:0.806
manipulation:0.80375
investigation:0.79625
complex:0.7825
good:0.76625
intense:0.75375
psychology:0.7435
clever:0.73325
greed:0.732
excellent script:0.729
original:0.724
good acting:0.71975
guilt:0.719
complicated:0.71725
mystery:0.712
plot:0.70175
conspiracy:0.697
suspenseful:0.69375
great:0.6935
excellent:0.688
interesting:0.68625
very interesting:0.68425
death penalty:0.658
serial killer:0.65475
dramatic:0.652
talky:0.64475
sexual abuse:0.644
tricky:0.63875
psychiatrist:0.6345
powerful ending:0.6285
based on a book:0.62775
chase:0.61975
cerebral:0.6035
great movie:0.5995
oscar (best actor):0.5885
runaway:0.58175
tense:0.57975
exceptional acting:0.57325
oscar:0.56975
complex characters:0.5515
pg-13:0.54925
scary:0.54875
vengeance:0.5465
politics:0.53675
stunning:0.5365
insanity:0.535
underrated:0.53375
brutality:0.53175
very good:0.522
oscar (best actress):0.5185
revenge:0.51575
thought-provoking:0.51225
unusual plot structure:0.5055
based on book:0.5045
alternate endings:0.504
oscar (best supporting actress):0.504
nudity (topless - brief):0.50025
intelligent:0.49975
moral ambiguity:0.49875
destiny:0.49775
story:0.495
good soundtrack:0.47975
dialogue:0.4775
mental illness:0.476
adaptation:0.47525
storytelling:0.4745
catastrophe:0.473
atmospheric:0.46775
bad ending:0.465
original plot:0.46425
identity:0.462
pornography:0.45375
entertaining:0.449
gangsters:0.443
enigmatic:0.439
