based on a tv show:0.9905
macabre:0.93225
dysfunctional family:0.87875
goth:0.85625
gothic:0.85525
series:0.842
family:0.838
original:0.83475
quirky:0.79875
based on a comic:0.77075
surreal:0.76875
weird:0.75525
dark humor:0.752
great:0.714
adapted from:comic:0.6985
franchise:0.671
black comedy:0.66525
doctors:0.659
television:0.644
comedy:0.624
fun movie:0.62225
dark comedy:0.60925
adaptation:0.60125
melancholic:0.59125
great movie:0.58675
cartoon:0.5815
directorial debut:0.57325
halloween:0.56725
eccentricity:0.55975
lawyers:0.54775
humorous:0.547
camp:0.52675
funny:0.52
death:0.49675
light:0.48625
dialogue:0.48575
creepy:0.4745
very funny:0.465
family drama:0.46475
fun:0.4575
childhood:0.4495
dark:0.4485
good:0.444
great ending:0.4425
clever:0.44
comic:0.429
witty:0.42825
chase:0.42025
dark hero:0.41275
ensemble cast:0.41275
silly:0.40725
hilarious:0.403
moral ambiguity:0.403
alter ego:0.40175
absurd:0.4
alternate universe:0.399
children:0.3975
catastrophe:0.395
mentor:0.39175
twists & turns:0.3845
affectionate:0.38325
scary:0.377
runaway:0.37675
goofy:0.37375
excellent:0.3715
bittersweet:0.3705
parenthood:0.37025
slapstick:0.36925
fantasy world:0.36425
pg-13:0.3565
secrets:0.35075
special effects:0.35025
sequels:0.34925
supernatural:0.349
predictable:0.3465
stylized:0.34575
good soundtrack:0.3455
silly fun:0.3445
visual:0.344
enigmatic:0.34325
dreamlike:0.33875
sexy:0.33675
culture clash:0.33375
vengeance:0.33
kids:0.3245
fantasy:0.3215
torture:0.31625
sweet:0.3155
cult classic:0.31525
underrated:0.31275
surrealism:0.31025
cult film:0.31025
greed:0.3085
life philosophy:0.30825
crime gone awry:0.307
nudity (full frontal - brief):0.3055
pornography:0.30275
story:0.302
very good:0.3005
campy:0.29775
