hip hop:0.99925
biopic:0.96875
biography:0.92725
musicians:0.88875
life & death:0.87925
true story:0.86225
biographical:0.85375
good soundtrack:0.82
rags to riches:0.81725
mentor:0.817
drugs:0.70575
weed:0.69825
original:0.6785
gangsters:0.64325
death:0.61375
life:0.59525
music:0.58025
transformation:0.5655
factual:0.5605
drug abuse:0.5515
nudity (topless):0.54675
drinking:0.5445
rock and roll:0.536
life philosophy:0.52575
awesome soundtrack:0.52525
great ending:0.518
runaway:0.501
gangs:0.49725
violence:0.4955
cool:0.49275
storytelling:0.486
music business:0.481
story:0.48075
franchise:0.468
great movie:0.46725
culture clash:0.458
good:0.4515
great:0.4515
dialogue:0.43875
los angeles:0.42675
underrated:0.42475
redemption:0.41375
friendship:0.40825
corruption:0.40575
dramatic:0.40375
catastrophe:0.4015
crude humor:0.3965
male nudity:0.389
artist:0.38825
weapons:0.38725
gangster:0.3865
creativity:0.383
not funny:0.379
based on true story:0.377
great soundtrack:0.37625
brutality:0.375
artistic:0.36525
unlikely friendships:0.3605
pornography:0.35875
good music:0.357
alter ego:0.355
chase:0.3545
predictable:0.35375
childhood:0.35325
fight scenes:0.3515
writers:0.351
new jersey:0.3485
pg-13:0.3455
adaptation:0.3435
honest:0.34175
unfunny:0.34025
violent:0.3365
drama:0.335
cancer:0.32975
idiotic:0.326
feel-good:0.3255
fantasy world:0.32175
so bad it's funny:0.31975
greed:0.31975
adapted from:book:0.3165
social commentary:0.3085
based on a true story:0.3085
teens:0.3085
stereotypes:0.30225
teen movie:0.30175
bad ending:0.30175
murder:0.2955
good action:0.2935
camp:0.29125
reflective:0.28925
shallow:0.28775
crime gone awry:0.28675
controversial:0.28375
entirely dialogue:0.28125
depression:0.28025
very interesting:0.2785
solitude:0.27625
grindhouse:0.2755
bad acting:0.2755
better than expected:0.275
