greed:0.9225
powerful ending:0.9125
noir:0.88475
con artists:0.877
manipulation:0.873
forceful:0.8725
downbeat:0.862
betrayal:0.85
film noir:0.844
drinking:0.84
tense:0.8285
corruption:0.81225
classic:0.809
magic:0.803
criterion:0.778
creepy:0.77375
mentor:0.77275
dark:0.7695
allegory:0.7695
sacrifice:0.7655
18th century:0.76175
based on book:0.75475
complex:0.7505
crime gone awry:0.74975
original:0.74225
runaway:0.74175
1930s:0.7355
unusual plot structure:0.73375
geeks:0.73275
grim:0.706
ominous:0.698
light:0.6935
based on a book:0.69325
fantasy world:0.68425
secrets:0.68175
oscar (best actress):0.66875
paranoid:0.6615
idealism:0.6565
atmospheric:0.65375
tragedy:0.64325
original plot:0.63875
dramatic:0.63775
cynical:0.6325
great acting:0.631
movielens top pick:0.629
parallel universe:0.62775
very interesting:0.6225
psychiatrist:0.622
costume drama:0.61975
underrated:0.61725
great:0.61325
cinematography:0.61125
black and white:0.609
vengeance:0.5965
enigmatic:0.59275
drama:0.5925
murder:0.583
oscar (best supporting actress):0.582
interesting:0.579
biting:0.575
obsession:0.57325
cult film:0.5655
censorship:0.56325
rags to riches:0.55975
imdb top 250:0.5475
disturbing:0.545
brutality:0.53675
storytelling:0.53325
pulp:0.525
visceral:0.524
morality:0.52325
childhood:0.50825
good:0.50425
moody:0.50325
psychology:0.5
guilt:0.4955
based on a comic:0.48875
oscar (best effects - visual effects):0.486
destiny:0.4855
story:0.4845
psychological:0.4835
gritty:0.48325
fairy tale:0.47575
adaptation:0.47525
life philosophy:0.46525
geek:0.4645
police investigation:0.46375
weird:0.45325
twists & turns:0.453
redemption:0.449
bleak:0.448
moral ambiguity:0.44475
swashbuckler:0.444
effects:0.44225
dark fantasy:0.44
foreign:0.438
suspenseful:0.4375
masterpiece:0.435
cerebral:0.43325
macabre:0.433
