coming of age:0.9735
london:0.89625
1960s:0.895
england:0.889
adapted from:book:0.8865
school:0.87775
oscar:0.8755
drama:0.8725
mentor:0.86225
british:0.85825
bittersweet:0.854
biographical:0.851
coming-of-age:0.842
oscar (best actress):0.83075
great acting:0.818
adolescence:0.806
excellent script:0.7815
literature:0.74025
good soundtrack:0.73275
relationships:0.713
virginity:0.70825
original:0.707
runaway:0.701
rebellion:0.691
life:0.69075
educational:0.69025
destiny:0.6865
childhood:0.6825
visually appealing:0.68225
paris:0.67975
period piece:0.6765
art:0.671
pg-13:0.66075
melancholic:0.65675
oscar (best supporting actress):0.648
classic car:0.63825
teacher:0.61725
parenthood:0.6145
women:0.611
betrayal:0.597
oscar (best directing):0.594
story:0.58875
idealism:0.58425
honest:0.58125
based on true story:0.57575
witty:0.57475
friendship:0.572
moral ambiguity:0.571
drinking:0.5645
anti-semitism:0.56175
dreams:0.56125
complex characters:0.56075
pornography:0.55975
cinematography:0.559
feel-good:0.55825
teenager:0.5575
good:0.54625
social commentary:0.546
good acting:0.533
unlikely friendships:0.5175
girlie movie:0.517
narrated:0.5165
depression:0.514
storytelling:0.50825
dramatic:0.5075
reflective:0.5065
secrets:0.503
teenagers:0.5015
interesting:0.4915
romance:0.4915
romantic:0.49125
manipulation:0.49
talky:0.48775
amazing cinematography:0.48475
adaptation:0.48475
affectionate:0.47575
character study:0.46575
enigmatic:0.462
great ending:0.46175
teen:0.46075
redemption:0.4585
corruption:0.4545
aging:0.4545
passionate:0.45425
loneliness:0.44725
very good:0.4455
earnest:0.44
clever:0.43725
bad ending:0.43475
transformation:0.43
realistic:0.42925
catastrophe:0.428
small town:0.42675
queer:0.424
very interesting:0.423
dialogue:0.41925
prejudice:0.4175
indie:0.41725
independent film:0.41375
suprisingly clever:0.41
