genocide:0.97625
china:0.92825
political:0.91875
israel:0.91475
life philosophy:0.8365
politics:0.83575
documentary:0.73325
history:0.7285
jews:0.71375
world politics:0.70325
betrayal:0.6765
original:0.66775
middle east:0.6465
beautiful scenery:0.62975
brutality:0.621
ethnic conflict:0.619
canada:0.61475
survival:0.60225
freedom:0.5975
courage:0.59025
propaganda:0.58575
capitalism:0.56975
adapted from:book:0.569
sacrifice:0.56775
violence:0.563
vampire human love:0.559
holocaust:0.5585
story:0.55425
prejudice:0.55175
oscar (best directing):0.551
greed:0.54475
culture clash:0.54175
british:0.53975
humanity:0.53275
narrated:0.53025
criterion:0.51925
good soundtrack:0.514
us history:0.514
idealism:0.513
based on a book:0.505
great ending:0.4975
great movie:0.49625
graphic design:0.49225
historical:0.487
suprisingly clever:0.4775
grindhouse:0.47075
interesting:0.4625
earnest:0.45825
transformation:0.4525
catastrophe:0.451
foreign:0.44925
mentor:0.44
corruption:0.4385
intimate:0.431
poignant:0.429
revolution:0.42275
book was better:0.42175
segregation:0.42025
medieval:0.41975
dialogue:0.41875
cinematography:0.4125
oscar (best cinematography):0.40925
adaptation:0.40525
silly:0.39825
tragedy:0.396
great:0.3945
underrated:0.3945
scenic:0.388
oscar (best music - original song):0.38225
original plot:0.3715
honest:0.36825
blood:0.36725
violent:0.36225
storytelling:0.36025
finnish:0.35925
glbt:0.35675
censorship:0.35675
islam:0.35425
ironic:0.353
not funny:0.35
artistic:0.34975
philosophy:0.34575
unfunny:0.3445
complex:0.343
oscar (best foreign language film):0.33675
based on book:0.33675
destiny:0.33425
breathtaking:0.333
fantasy world:0.3315
love story:0.3275
melancholic:0.32275
harsh:0.32175
dramatic:0.31825
new jersey:0.3175
made for tv:0.317
western:0.31475
beautifully filmed:0.31175
gunfight:0.3115
good:0.311
suspense:0.307
