teen movie:0.9915
teen:0.9905
high school:0.963
love story:0.95925
romance:0.89575
teenagers:0.88275
teenager:0.87275
romantic:0.8445
relationships:0.83375
teens:0.82325
bittersweet:0.8185
good soundtrack:0.809
cheerleading:0.804
cancer:0.797
girlie movie:0.7875
love:0.77875
chick flick:0.76225
adolescence:0.75875
death:0.72425
great acting:0.723
terminal illness:0.718
rebellion:0.71625
life & death:0.71325
depression:0.707
destiny:0.6895
touching:0.6855
good acting:0.6665
amazing cinematography:0.66575
coming of age:0.64575
loneliness:0.63875
melancholic:0.628
honest:0.62775
plot twist:0.62625
happy ending:0.6185
romantic comedy:0.61675
fun movie:0.6135
indie:0.60175
sentimental:0.59325
small town:0.59
original:0.58125
coming-of-age:0.57925
runaway:0.577
great ending:0.5745
justice:0.566
bullying:0.56575
independent film:0.5635
talky:0.56175
drama:0.5575
bad ending:0.552
school:0.549
pornography:0.54275
geeks:0.531
excellent script:0.52725
better than expected:0.52225
unusual plot structure:0.517
sappy:0.517
awesome soundtrack:0.5115
quotable:0.50825
dialogue:0.50425
catastrophe:0.49875
teacher:0.496
life:0.49525
emotional:0.48225
manipulation:0.47875
feel-good:0.47175
heartbreaking:0.47025
beautiful scenery:0.4695
story:0.463
geek:0.4615
twists & turns:0.46
existentialism:0.45475
time loop:0.4515
good:0.451
feel good movie:0.45
sweet:0.44025
passionate:0.43875
friendship:0.43825
stereotypes:0.437
transformation:0.43625
fight scenes:0.43625
sad:0.427
sacrifice:0.426
suprisingly clever:0.42575
storytelling:0.4225
virginity:0.41925
adapted from:book:0.41325
stupid as hell:0.40775
predictable:0.40025
life philosophy:0.3965
redemption:0.39025
weird:0.3875
unlikely friendships:0.3835
quirky:0.3785
nerds:0.375
simple:0.369
narrated:0.36725
mentor:0.366
vampire human love:0.36175
clever:0.35725
gay character:0.357
