amy smart:1.0
road trip:0.99825
comedy:0.98525
teen movie:0.98375
teen:0.97875
college:0.96625
goofy:0.953
funny:0.948
beer:0.93375
dumb but funny:0.93125
hilarious:0.92175
teens:0.893
nudity (topless - notable):0.8855
very funny:0.85075
humor:0.85
virginity:0.82675
funniest movies:0.82325
funny as hell:0.814
gross-out:0.7835
dumb:0.78125
humorous:0.78075
sex comedy:0.77375
weed:0.77075
nudity:0.75875
stereotypes:0.7585
pornography:0.73525
fun movie:0.72375
teenager:0.72175
adolescence:0.71275
crude humor:0.712
lame:0.707
stoner movie:0.707
stupidity:0.694
pg-13:0.68375
original:0.67125
silly fun:0.664
interracial romance:0.65825
geeks:0.64775
nudity (topless):0.62975
sex:0.62125
silly:0.61575
good:0.614
idiotic:0.593
high school:0.5855
drinking:0.58125
good soundtrack:0.58
stupid:0.5765
sexy:0.5765
nerds:0.56975
so bad it's funny:0.56275
unfunny:0.55775
marijuana:0.55525
mtv:0.5515
notable nudity:0.5395
road movie:0.539
predictable:0.5345
story:0.5345
slackers:0.52
buddy movie:0.5135
better than expected:0.5085
light:0.50825
sexual:0.50775
chase:0.4895
catastrophe:0.488
great ending:0.484
saturday night live:0.48
irreverent:0.47775
mentor:0.4755
dialogue:0.4735
fun:0.4725
geek:0.4655
plot:0.459
great:0.458
revenge:0.45275
80s:0.451
coming of age:0.44825
absurd:0.43475
vengeance:0.4345
nudity (full frontal - brief):0.4305
crazy:0.4305
storytelling:0.42975
bad ending:0.4235
great movie:0.42025
male nudity:0.41925
pointless:0.4155
runaway:0.4145
parody:0.41275
school:0.40875
cult classic:0.40875
cheating:0.398
stupid as hell:0.3935
teenagers:0.39325
quotable:0.39275
texas:0.3885
coming-of-age:0.386
shallow:0.38475
sexuality:0.384
nudity (full frontal - notable):0.37725
hillarious:0.3715
sexualized violence:0.36575
