alien:0.98025
sci-fi:0.96075
aliens:0.951
story:0.92525
small town:0.92425
science fiction:0.9115
nostalgic:0.89625
scifi:0.86675
original:0.862
sci fi:0.858
kids and family:0.84875
alien invasion:0.828
special effects:0.82475
kids:0.81925
plot:0.8085
storytelling:0.79525
effects:0.79075
suspense:0.78475
pg-13:0.784
great ending:0.78275
adventure:0.778
spielberg:0.765
childhood:0.763
cinematography:0.75675
runaway:0.7325
big budget:0.71925
children:0.71675
technology:0.7115
dialogue:0.703
visually appealing:0.70025
bad ending:0.69475
mentor:0.688
plot holes:0.684
monster:0.6795
80s:0.661
suspenseful:0.65475
intense:0.65425
catastrophe:0.64575
fun movie:0.6405
clever:0.62625
first contact:0.62325
good acting:0.62125
good:0.62
allegory:0.62
unlikely friendships:0.619
train:0.604
visually stunning:0.599
weird:0.59725
great:0.591
cgi:0.5875
coming of age:0.586
exciting:0.58575
good soundtrack:0.585
action:0.58475
visual:0.58325
space:0.57875
imdb top 250:0.57125
trains:0.5675
imagination:0.56325
space travel:0.561
fantasy world:0.55025
friendship:0.54975
predictable:0.54925
fun:0.548
monsters:0.5455
mystery:0.5455
destiny:0.541
feel-good:0.54
tense:0.538
original plot:0.53575
chase:0.5345
entertaining:0.52425
bad science:0.52175
secrets:0.51625
drama:0.5145
weapons:0.5125
conspiracy:0.5115
love story:0.49925
interesting:0.4965
twists & turns:0.4955
redemption:0.48625
great acting:0.47325
watch the credits:0.47225
futuristic:0.46375
sacrifice:0.4575
cerebral:0.4515
happy ending:0.449
family:0.44475
future:0.44325
dystopia:0.443
nostalgia:0.44275
unusual plot structure:0.44125
family drama:0.43875
thriller:0.43825
alternate reality:0.43775
plot twist:0.43525
whimsical:0.43375
bullying:0.43025
fast paced:0.427
great cinematography:0.42325
