spying:0.94725
sequels:0.91725
crappy sequel:0.89
camp:0.8655
spies:0.85175
teen movie:0.846
london:0.8335
original:0.80575
silly:0.8015
predictable:0.77725
espionage:0.7595
so bad it's funny:0.7435
sequel:0.73
spy:0.69325
kids:0.68975
franchise:0.67925
horrible:0.6775
family:0.6715
lame:0.65975
action:0.63225
pointless:0.612
bad plot:0.57975
mentor:0.54575
bad:0.545
fight scenes:0.54425
children:0.54175
girlie movie:0.53
racing:0.5155
fun:0.51325
cool:0.5105
idiotic:0.5095
fantasy world:0.4905
secrets:0.48175
cia:0.47725
scotland:0.45925
good action:0.4525
chase:0.45175
fantasy:0.45075
overrated:0.43825
adventure:0.43575
stereotypes:0.43125
slapstick:0.429
storytelling:0.4265
catastrophe:0.4205
high school:0.42025
crude humor:0.4155
dialogue:0.40075
special effects:0.39675
story:0.39475
teen:0.3885
first contact:0.375
natural disaster:0.3685
life philosophy:0.36825
action packed:0.368
awful:0.35925
dinosaurs:0.35775
stupid as hell:0.35125
fun movie:0.3485
melancholic:0.34625
spelling bee:0.345
great ending:0.3445
boring:0.334
redemption:0.33325
silly fun:0.327
destiny:0.3175
comedy:0.31425
teens:0.314
england:0.31125
school:0.3095
unfunny:0.3085
script:0.30725
sci fi:0.306
pg-13:0.30425
mad scientist:0.30375
happy ending:0.301
very funny:0.294
betrayal:0.29325
childhood:0.2915
assassin:0.2905
lone hero:0.288
ridiculous:0.28375
runaway:0.28125
adaptation:0.2785
disaster:0.27775
brutality:0.27625
culture clash:0.2725
secret service:0.27075
complex:0.26825
death:0.26675
entirely dialogue:0.26525
music:0.25825
good:0.2535
good soundtrack:0.25325
nocturnal:0.25225
gangsters:0.24825
single father:0.24675
great:0.24575
multiple storylines:0.242
exciting:0.241
cute!:0.23975
