tense:0.987
vengeance:0.98225
violence:0.96725
revenge:0.9615
brutal:0.91875
brutality:0.9065
violent:0.89025
visceral:0.88975
dark humor:0.88725
bloody:0.878
cinematography:0.864
intense:0.853
neo-noir:0.85
enigmatic:0.849
crime:0.83375
twists & turns:0.8315
original:0.82825
moral ambiguity:0.82325
murder:0.8075
thriller:0.798
hitman:0.79775
suspenseful:0.7975
weird:0.79025
stylish:0.78775
stylized:0.7745
storytelling:0.7715
assassination:0.76675
bleak:0.75425
homeless:0.75175
prison:0.75025
runaway:0.747
indie:0.747
character study:0.73525
disturbing:0.7335
realistic:0.73075
gunfight:0.72975
melancholic:0.7175
claustrophobic:0.71575
dark:0.70875
criterion:0.7055
complex:0.70275
gratuitous violence:0.693
dialogue:0.69275
assassin:0.6925
chase:0.689
grim:0.6875
suspense:0.68475
intimate:0.661
redemption:0.654
forceful:0.654
paranoid:0.65125
psychological:0.6455
slow paced:0.63875
death:0.6355
low budget:0.63525
atmospheric:0.63475
vigilante:0.63475
weapons:0.632
gritty:0.60875
story:0.604
depression:0.59575
great acting:0.5955
harsh:0.5945
secrets:0.57
crime gone awry:0.5665
plot twist:0.56475
sexualized violence:0.56375
obsession:0.5595
good soundtrack:0.55675
social commentary:0.55625
visually appealing:0.55475
dialogue driven:0.55175
interesting:0.549
anti-hero:0.54475
betrayal:0.5415
narrated:0.5405
twist:0.53925
mentor:0.53475
corruption:0.531
independent film:0.53
great ending:0.5225
downbeat:0.518
cerebral:0.5145
good action:0.51125
unusual plot structure:0.5105
clever:0.5105
talky:0.50825
cult classic:0.50825
golden palm:0.508
guns:0.5065
absurd:0.50425
splatter:0.50275
off-beat comedy:0.498
affectionate:0.497
allegory:0.496
tragedy:0.496
movielens top pick:0.49575
drama:0.49475
good acting:0.49175
hit men:0.4915
