vampire:0.99825
vampires:0.9975
comedy:0.93575
horror:0.92775
goofy:0.72125
original:0.7025
predictable:0.611
supernatural:0.60875
funny:0.5975
nocturnal:0.55125
goth:0.544
mentor:0.5065
zombie:0.4965
romance:0.48875
very funny:0.4875
scary:0.48425
bad plot:0.482
splatter:0.4595
so bad it's funny:0.45575
gangsters:0.45475
love story:0.4495
silly fun:0.441
camp:0.4405
lone hero:0.42925
stereotypes:0.4185
humorous:0.4155
dialogue:0.414
alter ego:0.396
great ending:0.38425
catastrophe:0.3835
campy:0.38225
death:0.37875
silly:0.3765
fight scenes:0.371
cult film:0.36875
adaptation:0.36375
happy ending:0.35425
werewolves:0.35175
mad scientist:0.3515
overrated:0.35025
brutality:0.345
stupid as hell:0.344
destiny:0.3315
big budget:0.31975
runaway:0.318
first contact:0.3175
road movie:0.31725
monster:0.315
unfunny:0.31325
melancholic:0.31275
good soundtrack:0.3115
life philosophy:0.309
franchise:0.3085
family:0.30175
spoof:0.30125
vengeance:0.3005
justice:0.28925
nudity (full frontal - brief):0.285
entirely dialogue:0.285
transformation:0.27925
funny as hell:0.2785
demons:0.27675
story:0.27425
not funny:0.27375
chase:0.2705
redemption:0.26875
teen movie:0.26825
fantasy world:0.267
good:0.2665
good action:0.265
gothic:0.26325
based on a video game:0.26275
adapted from:book:0.2535
storytelling:0.251
bad script:0.2505
shallow:0.25
nudity (topless - notable):0.249
egypt:0.248
hilarious:0.24525
writers:0.2445
quirky:0.2395
natural disaster:0.2385
imdb top 250:0.2365
slapstick:0.235
teen:0.23475
police investigation:0.23425
lame:0.2325
loneliness:0.23225
werewolf:0.2315
bad:0.22875
unusual plot structure:0.22825
fun movie:0.228
oscar (best directing):0.2275
adapted from:comic:0.2265
parody:0.224
action:0.22375
culture clash:0.22275
crappy sequel:0.22225
dreamlike:0.22225
existentialism:0.22225
