adapted from:book:0.92275
london:0.874
destiny:0.8635
adaptation:0.85175
british:0.847
great movie:0.8085
conspiracy theory:0.79725
prostitution:0.7925
original:0.766
good:0.755
story:0.7395
romantic:0.70825
nudity (topless):0.70675
erotic:0.70625
books:0.698
dialogue:0.6955
mentor:0.69375
conspiracy:0.68775
romance:0.67875
sexy:0.67525
nudity (full frontal - notable):0.64725
justice:0.64725
male nudity:0.634
narrated:0.62975
twists & turns:0.62425
thriller:0.61975
pg-13:0.6185
foreign:0.6165
chase:0.616
pornography:0.604
based on book:0.6035
great ending:0.6025
dolphins:0.59275
sexualized violence:0.5685
political:0.5635
secrets:0.5625
psychological:0.557
bullshit history:0.5555
predictable:0.553
happy ending:0.54875
great:0.5485
amazing photography:0.54825
costume drama:0.54725
nudity (full frontal - brief):0.5455
middle east:0.545
nudity (topless - brief):0.54275
vengeance:0.535
passionate:0.5245
spy:0.52225
feel-good:0.51725
runaway:0.5155
england:0.51225
visual:0.4915
interesting:0.49125
beautiful scenery:0.49075
notable nudity:0.4895
love story:0.48275
book was better:0.482
literature:0.47625
fantasy world:0.47525
plot:0.46475
storytelling:0.46425
world politics:0.46075
espionage:0.45925
nudity (topless - notable):0.45875
nudity:0.4585
violence:0.45475
finnish:0.45275
police investigation:0.445
light:0.4435
doctors:0.4405
entertaining:0.43875
spies:0.4375
surprise ending:0.4365
shallow:0.436
family:0.4305
nudity (rear):0.4285
gay character:0.427
brutality:0.42225
alternate history:0.42175
good action:0.421
psychology:0.42075
brutal:0.4205
bad ending:0.41675
catastrophe:0.416
whimsical:0.4155
drama:0.41375
revolution:0.41125
period piece:0.4105
fight scenes:0.40975
revenge:0.40925
culture clash:0.4075
good soundtrack:0.406
politics:0.402
18th century:0.40075
talky:0.39925
assassins:0.39775
guilty pleasure:0.3945
very interesting:0.3925
mystery:0.3925
