friendship:0.8815
good soundtrack:0.86225
teen movie:0.822
unlikely friendships:0.81725
prison escape:0.80825
girlie movie:0.80025
prison:0.788
teen:0.764
women:0.7625
powerful ending:0.729
high school:0.71225
shallow:0.669
happy ending:0.66875
pg-13:0.6645
original:0.6635
sacrifice:0.6105
chick flick:0.609
based on true story:0.6035
betrayal:0.6035
lawyer:0.603
destiny:0.597
justice:0.5775
runaway:0.57725
teens:0.56525
twists & turns:0.55725
great ending:0.55325
predictable:0.54425
drama:0.518
hawaii:0.50725
mentor:0.4805
good:0.474
shopping:0.474
pornography:0.47125
intense:0.469
catastrophe:0.463
corruption:0.4605
great acting:0.4545
drinking:0.452
story:0.44975
realistic action:0.44475
brutality:0.43325
prejudice:0.43225
adolescence:0.43175
teenager:0.423
very interesting:0.421
teenagers:0.4145
guilty pleasure:0.405
stereotypes:0.4025
not funny:0.39925
internet:0.374
dramatic:0.3735
fantasy world:0.371
dialogue:0.36625
feel-good:0.35725
nudity (full frontal - brief):0.355
redemption:0.352
true story:0.3455
vengeance:0.34425
adaptation:0.3425
culture clash:0.339
life philosophy:0.339
plot:0.33875
lawyers:0.33825
suspense:0.33675
australian:0.332
better than expected:0.3265
sexy:0.32475
childhood:0.321
first contact:0.3205
manipulation:0.31925
very good:0.31725
revenge:0.31525
interesting:0.313
islam:0.312
hard to watch:0.31125
school:0.30775
storytelling:0.307
coming of age:0.30175
secrets:0.3015
overrated:0.30025
melancholic:0.29875
greed:0.29575
feel good movie:0.294
police investigation:0.292
family:0.28975
bad ending:0.289
foreign:0.2855
bad plot:0.284
harsh:0.28225
great:0.282
chase:0.282
horrible:0.28125
drugs:0.28075
loneliness:0.27825
london:0.27525
suprisingly clever:0.27425
bullying:0.2735
fight scenes:0.2715
unfunny:0.2705
lone hero:0.26775
