biopic:0.96475
artist:0.9555
art:0.93825
dark:0.9355
artistic:0.9265
biography:0.90275
melancholic:0.89225
reflective:0.889
enigmatic:0.8845
drinking:0.883
bleak:0.882
complex:0.85725
intimate:0.845
good soundtrack:0.8405
cerebral:0.835
depression:0.83375
surreal:0.83225
relationships:0.83025
psychological:0.82675
talky:0.80825
visual:0.806
criterion:0.803
weird:0.80275
insanity:0.79775
violence:0.79225
drug abuse:0.78375
pretentious:0.7805
art house:0.776
life:0.772
loneliness:0.76275
visually appealing:0.75675
obsession:0.75425
disturbing:0.74525
hitman:0.7425
pornography:0.73625
artsy:0.72825
cult classic:0.7275
violent:0.727
original:0.72325
brutality:0.7215
visceral:0.716
social commentary:0.7145
meditative:0.7115
bloody:0.7085
gunfight:0.70725
storytelling:0.69925
creativity:0.69925
very interesting:0.69225
drugs:0.69
stylish:0.68875
non-linear:0.68725
existentialism:0.686
nocturnal:0.68325
dark humor:0.6825
male nudity:0.678
gangsters:0.6735
intellectual:0.672
melancholy:0.67075
biographical:0.65475
nudity (full frontal - notable):0.65225
stylized:0.651
character study:0.64525
strange:0.642
downbeat:0.64075
sexualized violence:0.63975
eccentricity:0.6365
cinematography:0.63125
interesting:0.6305
harsh:0.62475
philosophical:0.622
great movie:0.6175
life philosophy:0.61175
twists & turns:0.60775
creepy:0.59975
narrated:0.59525
psychology:0.595
great ending:0.59175
author:neil gaiman:0.589
mentor:0.58575
greed:0.58525
indie:0.5825
off-beat comedy:0.58175
suprisingly clever:0.58075
claustrophobic:0.5705
cult film:0.563
confusing:0.56225
photography:0.56075
atmospheric:0.559
mental illness:0.5585
life & death:0.55525
depressing:0.54525
dark hero:0.54425
london:0.53875
golden palm:0.53475
unlikely friendships:0.52925
multiple storylines:0.52675
dreams:0.52675
mindfuck:0.5255
sexual:0.52225
oscar (best writing - screenplay written directly for the screen):0.51675
