remake:0.95375
greed:0.86975
original:0.84975
gambling:0.76775
police investigation:0.6945
money:0.67725
bad ending:0.667
pointless:0.66175
bad script:0.59525
nudity (full frontal - brief):0.5935
betrayal:0.593
predictable:0.5735
best of 2005:0.5675
dialogue:0.5655
death:0.563
plot:0.553
pornography:0.55
mentor:0.5425
intense:0.5245
first contact:0.504
unusual plot structure:0.50175
catastrophe:0.499
story:0.49775
visually appealing:0.48975
good soundtrack:0.48025
light:0.47125
interesting:0.469
great ending:0.4665
idiotic:0.4605
brutality:0.455
talky:0.4495
shallow:0.4405
horrible:0.438
original plot:0.43725
life & death:0.4325
absurd:0.427
pg-13:0.42375
survival:0.41975
downbeat:0.4175
twists & turns:0.41575
alternate endings:0.4075
storytelling:0.39475
identity:0.38975
suprisingly clever:0.38875
corruption:0.38475
twist ending:0.37775
con artists:0.37675
destiny:0.376
happy ending:0.374
gangsters:0.373
dynamic cgi action:0.37275
good:0.36675
so bad it's funny:0.3645
plot holes:0.36275
entertaining:0.3625
stereotypes:0.35875
very interesting:0.3565
tense:0.35575
natural disaster:0.352
technology:0.34925
very good:0.34825
not funny:0.3445
entirely dialogue:0.34375
action:0.34075
vengeance:0.33925
sexualized violence:0.33925
adaptation:0.33525
bad acting:0.33275
heist:0.32875
plot twist:0.3195
unfunny:0.31525
psychological:0.313
life philosophy:0.3095
psychology:0.30625
fight scenes:0.3055
writers:0.305
hitman:0.301
sci fi:0.2995
feel-good:0.29675
multiple storylines:0.295
suspense:0.292
nudity (topless):0.29125
dark comedy:0.29075
culture clash:0.29025
nonlinear:0.29
bad cgi:0.28725
cinematography:0.28675
enigmatic:0.286
stylized:0.28525
internet:0.285
weird:0.28475
imdb top 250:0.28475
melancholic:0.282
redemption:0.27775
cheating:0.27725
tricky:0.2765
criterion:0.275
feel good movie:0.27275
family:0.272
better than expected:0.27125
