war:0.968
documentary:0.92925
war movie:0.9015
best war films:0.86825
weapons:0.84
islam:0.78075
brutality:0.707
military:0.70025
camp:0.69125
journalism:0.68075
oil:0.67475
visceral:0.665
controversial:0.6505
iraq:0.64975
ethnic conflict:0.6445
genocide:0.63225
brutal:0.63
original:0.60725
vietnam war:0.59975
wartime:0.595
violence:0.58725
corruption:0.57825
hip hop:0.5505
talky:0.54125
intimate:0.5405
harsh:0.537
foreign:0.49925
criterion:0.49775
propaganda:0.48125
finnish:0.46325
life philosophy:0.458
anti-war:0.434
bombs:0.43075
torture:0.429
realistic:0.42525
mentor:0.4115
dramatic:0.40975
catastrophe:0.408
prejudice:0.4055
grindhouse:0.39875
russian:0.38925
great ending:0.384
british:0.378
us history:0.37575
censorship:0.3725
runaway:0.367
politics:0.36175
unusual plot structure:0.3565
life & death:0.3515
world politics:0.35125
guilt:0.34725
insanity:0.3445
social commentary:0.344
idealism:0.34225
betrayal:0.3395
disturbing:0.3365
male nudity:0.33625
greed:0.3345
cinematography:0.33225
storytelling:0.33
justice:0.329
middle east:0.32875
classic car:0.3285
texas:0.32525
morality:0.3245
not funny:0.3215
tense:0.319
fighting:0.31475
crime gone awry:0.313
gangs:0.3075
suprisingly clever:0.30475
melancholic:0.30425
honest:0.2955
photography:0.292
strippers:0.29175
internet:0.29075
dialogue:0.28825
gunfight:0.287
beautifully filmed:0.286
queer:0.284
culture clash:0.28
assassination:0.2795
vietnam:0.27925
obsession:0.27775
crime:0.275
civil war:0.26875
silent:0.26625
golden palm:0.2655
dark hero:0.265
weird:0.26425
good soundtrack:0.26275
beautiful scenery:0.2615
pornography:0.25875
gritty:0.25625
courage:0.256
interracial romance:0.255
fantasy world:0.251
complex:0.2505
segregation:0.24825
judaism:0.24775
