series:0.95075
criterion:0.85075
original:0.85075
talky:0.796
oscar (best actress):0.76875
loneliness:0.7655
very interesting:0.75575
interesting:0.74775
cerebral:0.728
social commentary:0.72775
reflective:0.70725
golden palm:0.696
great ending:0.69
homeless:0.685
oscar (best directing):0.6745
childhood:0.674
vengeance:0.667
unusual plot structure:0.66275
runaway:0.662
imdb top 250:0.6595
enigmatic:0.6585
melancholic:0.6535
bleak:0.6475
great:0.62825
secrets:0.61725
great movie:0.60475
life philosophy:0.60325
melancholy:0.60175
weird:0.60125
character study:0.5995
relationships:0.59725
affectionate:0.5765
downbeat:0.57275
drama:0.5595
drinking:0.5545
crime gone awry:0.5495
intimate:0.549
thought-provoking:0.54425
dreams:0.53875
complex characters:0.518
children:0.51425
great acting:0.51175
suprisingly clever:0.50425
good soundtrack:0.5025
unlikely friendships:0.50125
mentor:0.50025
complex:0.5
storytelling:0.49975
male nudity:0.49475
witty:0.494
depression:0.4935
assassination:0.492
highly quotable:0.4915
redemption:0.48975
documentary:0.48775
tragedy:0.48625
movielens top pick:0.48575
oscar (best supporting actress):0.4775
obsession:0.47675
life & death:0.47275
adapted from:book:0.47275
dialogue:0.471
psychology:0.4705
poignant:0.4705
grim:0.46225
bittersweet:0.4565
pornography:0.45525
psychological:0.45425
excellent script:0.45425
earnest:0.45275
catastrophe:0.45025
masterpiece:0.43475
parenthood:0.43425
clever:0.43325
exceptional acting:0.43275
classic car:0.42675
stylized:0.4255
nostalgic:0.42525
greed:0.42275
very good:0.4225
corruption:0.414
disturbing:0.414
realistic:0.4075
dark hero:0.4065
oscar winner:0.4025
transformation:0.40225
awesome soundtrack:0.402
1970s:0.4015
based on a play:0.40125
culture clash:0.399
adaptation:0.39825
afi 100 (movie quotes):0.39625
tense:0.3955
death:0.39525
narrated:0.39425
atmospheric:0.39325
friendship:0.39275
cinematography:0.392
insanity:0.38675
forceful:0.385
