vampires:0.99925
vampire:0.9945
splatter:0.9075
horror:0.9005
blood:0.85875
nudity (topless - notable):0.84825
supernatural:0.83025
virus:0.78875
bloody:0.77375
original:0.7525
gratuitous violence:0.7275
nudity (topless):0.68775
cool:0.6795
teens:0.655
nocturnal:0.64425
teen movie:0.6435
gory:0.63325
scary:0.62275
brutality:0.6165
good soundtrack:0.6135
goth:0.58925
predictable:0.58425
classic car:0.58025
demons:0.5705
fun movie:0.5475
violence:0.54325
goretastic:0.5395
life philosophy:0.52825
spiders:0.52675
dark hero:0.526
sexy:0.51975
apocalypse:0.5195
grindhouse:0.5165
great ending:0.50925
teen:0.5055
so bad it's funny:0.50025
nudity:0.49425
bad cgi:0.4845
fight scenes:0.4835
monster:0.483
cult classic:0.477
sexualized violence:0.47425
action:0.47325
zombie:0.463
graphic novel:0.461
creepy:0.45725
mentor:0.457
catastrophe:0.456
cult film:0.45525
dialogue:0.4485
road movie:0.445
transformation:0.424
redemption:0.404
first contact:0.4015
weapons:0.39375
gore:0.39325
adaptation:0.38525
pointless:0.379
vampire human love:0.377
snakes:0.377
pornography:0.3765
good action:0.37475
beer:0.372
bad plot:0.36975
revenge:0.36475
superheroes:0.36325
death:0.36325
weird:0.36075
mythology:0.35825
great acting:0.35775
action packed:0.35525
chase:0.355
vengeance:0.34975
werewolves:0.34125
entirely dialogue:0.33725
overrated:0.33475
harsh:0.3345
suspense:0.33375
not funny:0.3315
drinking:0.331
based on a video game:0.32975
storytelling:0.32675
nudity (full frontal - brief):0.32125
special effects:0.311
low budget:0.3085
monsters:0.308
hunting:0.30525
greed:0.30475
bad ending:0.30425
fun:0.3015
writers:0.30025
destiny:0.2985
lone hero:0.29825
entertaining:0.2965
unusual plot structure:0.29575
camp:0.294
justice:0.29175
plot holes:0.29125
desert:0.2905
good:0.28825
