oscar (best foreign language film):0.9905
south africa:0.93
redemption:0.90225
drama:0.9005
violent:0.89125
violence:0.87525
foreign:0.86475
bleak:0.849
childhood:0.8405
africa:0.831
mentor:0.80675
brutality:0.80575
poverty:0.789
harsh:0.78125
destiny:0.765
original:0.7555
good soundtrack:0.754
best of 2005:0.74525
heartbreaking:0.74225
storytelling:0.698
imdb top 250:0.68575
emotional:0.683
gangs:0.67975
social commentary:0.67225
allegory:0.672
artistic:0.663
visually appealing:0.659
independent film:0.6575
life philosophy:0.65725
life:0.637
tragedy:0.63575
melancholic:0.63325
oscar winner:0.631
brutal:0.629
runaway:0.62575
reflective:0.6175
downbeat:0.60775
cinematography:0.6025
vengeance:0.6005
gangsters:0.5975
compassionate:0.58425
golden palm:0.58425
dramatic:0.58225
stylized:0.58175
culture clash:0.5785
friendship:0.57475
disability:0.5665
boston:0.56475
unlikely friendships:0.55825
loneliness:0.55625
oscar (best directing):0.5535
homeless:0.55175
exceptional acting:0.54975
solitude:0.54525
feel-good:0.53975
good:0.53675
dialogue:0.5345
prejudice:0.5345
touching:0.5335
unusual plot structure:0.52925
greed:0.52875
art house:0.52575
humanity:0.52525
story:0.5205
existentialism:0.5195
feel good movie:0.5195
crime:0.51725
parenthood:0.514
happy ending:0.513
suprisingly clever:0.51275
great acting:0.512
very interesting:0.5105
poignant:0.50975
complex:0.508
grim:0.5075
very good:0.507
depression:0.50575
based on a book:0.5035
movielens top pick:0.5015
nocturnal:0.496
realistic:0.4905
powerful ending:0.48675
honest:0.48675
great ending:0.48575
revenge:0.482
gritty:0.4815
morality:0.47825
oscar (best actress):0.4755
indie:0.475
intense:0.4745
betrayal:0.47
amazing photography:0.4695
pg-13:0.4695
interesting:0.4685
beautifully filmed:0.468
road movie:0.46725
cerebral:0.466
transformation:0.462
criterion:0.461
drinking:0.459
