post-apocalyptic:0.99175
post apocalyptic:0.9865
apocalypse:0.9545
action:0.9345
religion:0.9175
books:0.909
lone hero:0.9065
dystopia:0.90425
christianity:0.90225
fight scenes:0.88825
survival:0.87675
god:0.86975
islam:0.866
visually appealing:0.845
end of the world:0.8365
christian:0.83075
distopia:0.80175
future:0.79775
plot holes:0.79525
alone in the world:0.79075
futuristic:0.77425
beautiful scenery:0.756
original:0.74875
based on a book:0.744
bad ending:0.7235
adapted from:book:0.72225
biblical:0.72
pg-13:0.71
catastrophe:0.70675
based on book:0.67475
jesus:0.66325
violence:0.65925
plot:0.6565
road movie:0.65225
mentor:0.6455
book:0.64475
dystopic future:0.64125
visually stunning:0.63775
big budget:0.63425
natural disaster:0.61725
book was better:0.60975
story:0.5965
destiny:0.59575
good:0.594
adaptation:0.58775
twist ending:0.5865
weapons:0.573
propaganda:0.569
chase:0.56725
good action:0.56575
great ending:0.5485
cinematography:0.54325
amazing cinematography:0.5415
dialogue:0.53225
technology:0.521
visual:0.5195
action packed:0.519
sacrifice:0.51625
betrayal:0.5065
desert:0.5045
gunfight:0.49825
great:0.4965
plot twist:0.49625
good soundtrack:0.48875
blindness:0.48825
violent:0.485
brainwashing:0.48425
storytelling:0.47775
intense:0.475
powerful ending:0.46875
utopia:0.468
good acting:0.46675
mission from god:0.4655
predictable:0.46275
brutality:0.46075
sci fi:0.46075
literature:0.45525
fast paced:0.45125
solitude:0.43925
not funny:0.439
secrets:0.43725
allegory:0.4365
science fiction:0.43575
life philosophy:0.434
vengeance:0.4335
absurd:0.43325
revolution:0.433
greed:0.429
culture clash:0.4245
good versus evil:0.42175
nuclear war:0.42
runaway:0.414
corruption:0.411
better than expected:0.40725
bad plot:0.40575
great cinematography:0.39975
interesting:0.39775
sexualized violence:0.39525
murder:0.38925
stylized:0.38875
