action:0.9755
good action:0.93
fight scenes:0.9055
hit men:0.887
based on a comic:0.8705
new orleans:0.8085
action packed:0.80775
father daughter relationship:0.7695
explosions:0.75775
hitman:0.752
assassin:0.74875
revenge:0.7425
vengeance:0.7405
corruption:0.735
weapons:0.708
brutality:0.70425
violence:0.69875
predictable:0.6965
original:0.6955
big budget:0.67675
assassination:0.6355
fast paced:0.6295
violent:0.61975
chase:0.60975
car chase:0.60775
plot:0.60625
police investigation:0.58775
kidnapping:0.572
mentor:0.5705
dialogue:0.5625
murder:0.55425
great ending:0.55275
assassins:0.5485
life philosophy:0.54425
bad acting:0.537
franchise:0.523
buddy movie:0.51325
gratuitous violence:0.5075
cool:0.50575
betrayal:0.5
death:0.49975
anti-hero:0.484
bloody:0.47975
guns:0.46225
storytelling:0.454
fighting:0.44725
gangsters:0.43325
so bad it's funny:0.4235
brutal:0.42175
police corruption:0.4185
stylish:0.41425
good soundtrack:0.414
organized crime:0.40975
unlikeable characters:0.406
bad cgi:0.40175
80s:0.398
super hero:0.39675
lone hero:0.3965
pg-13:0.39425
bad plot:0.39325
shallow:0.392
superheroes:0.39175
video game:0.38725
catastrophe:0.387
arms dealer:0.38475
transformation:0.38475
story:0.37925
runaway:0.37425
justice:0.369
conspiracy:0.3685
cheesy:0.36625
nostalgic:0.365
good:0.3615
plot holes:0.35125
dark hero:0.35075
hostage:0.34775
first contact:0.3455
life & death:0.3455
not funny:0.3455
adaptation:0.33725
gunfight:0.33375
fbi:0.316
splatter:0.31225
remake:0.31225
melancholic:0.31075
pulp:0.30825
mob:0.30625
entirely dialogue:0.30125
realistic action:0.30075
sexy:0.3005
detective:0.29875
special effects:0.298
silly:0.29675
fun movie:0.29225
fun:0.29075
disaster:0.2875
based on a video game:0.28675
nocturnal:0.28175
entertaining:0.2755
hunting:0.27125
