hitchcock:0.99975
tense:0.96775
serial killer:0.95975
suspense:0.95775
imdb top 250:0.95425
suspenseful:0.951
noir thriller:0.92225
murder:0.918
small town:0.912
police investigation:0.89575
murder mystery:0.8805
classic:0.8625
talky:0.84975
ominous:0.84725
creepy:0.841
oscar (best supporting actress):0.8395
macabre:0.8275
thriller:0.8175
criterion:0.81725
cynical:0.81275
secrets:0.78425
enigmatic:0.76025
california:0.75225
great ending:0.75075
character study:0.749
oscar (best actress):0.74625
masterpiece:0.73975
runaway:0.7375
obsession:0.73225
great acting:0.71875
grim:0.71225
oscar (best directing):0.68175
forceful:0.6765
complex:0.67275
original:0.66725
atmospheric:0.667
detective:0.663
interesting:0.6625
psychological:0.6525
corruption:0.6515
paranoid:0.64975
intimate:0.64825
dialogue:0.64775
mystery:0.64725
greed:0.644
investigation:0.6435
manipulation:0.6345
chase:0.63425
complicated:0.63325
identity:0.63225
pornography:0.62275
assassination:0.61975
cerebral:0.6045
wartime:0.6025
clever:0.5895
frightening:0.5895
film noir:0.58925
black and white:0.58725
complex characters:0.575
idealism:0.57175
noir:0.56625
unusual plot structure:0.566
surveillance:0.559
culture clash:0.556
movielens top pick:0.55575
cinematography:0.554
dark:0.54975
affectionate:0.5485
witty:0.54675
crime:0.5465
downbeat:0.54625
disturbing:0.5445
psychology:0.53925
crime gone awry:0.533
adapted from:book:0.5325
good acting:0.53175
golden palm:0.5255
exceptional acting:0.51875
great:0.51675
family:0.5135
weird:0.50925
catastrophe:0.502
very interesting:0.497
betrayal:0.4945
stylized:0.49175
intense:0.4835
mistaken identity:0.48125
twists & turns:0.47425
good:0.46825
light:0.466
bleak:0.466
paranoia:0.46175
story:0.4595
trains:0.459
relationships:0.45675
storytelling:0.454
dramatic:0.44725
oscar (best cinematography):0.44225
harsh:0.44075
mentor:0.44
