mythology:0.91075
mentor:0.8225
witch:0.7895
greed:0.7625
betrayal:0.70875
survival:0.708
original:0.6785
idealism:0.6585
oscar (best supporting actress):0.65225
drinking:0.62925
beautiful scenery:0.61475
oscar:0.60175
distopia:0.595
adventure:0.57775
courage:0.577
irish accent:0.5745
obsession:0.571
cinematography:0.54425
breathtaking:0.531
spelling bee:0.5275
fantasy world:0.515
adaptation:0.51175
epic:0.508
memory:0.498
good action:0.49625
special effects:0.48925
oscar (best directing):0.4835
culture clash:0.4825
catastrophe:0.47575
sacrifice:0.461
ethnic conflict:0.4565
insanity:0.45525
light:0.45225
transformation:0.451
fight scenes:0.44725
good versus evil:0.44225
love story:0.44175
dialogue:0.42925
sentimental:0.42825
british:0.42475
great:0.412
period piece:0.41
talky:0.40875
based on true story:0.40175
story:0.396
destiny:0.3945
vigilantism:0.39125
assassination:0.39025
suprisingly clever:0.38925
criterion:0.3885
us history:0.3765
memory loss:0.36775
fascism:0.3625
underdog:0.35275
fantasy:0.352
clever:0.3495
wine:0.34725
queer:0.347
italian:0.3465
anti-hero:0.34625
adoption:0.34475
big budget:0.343
runaway:0.34225
passionate:0.338
fun movie:0.3375
forceful:0.3375
monster:0.336
historical:0.331
nudity (topless - brief):0.3245
screwball:0.3225
action:0.318
corruption:0.31625
beautiful:0.3155
nostalgic:0.315
photography:0.3145
touching:0.31375
prejudice:0.31375
not funny:0.3125
stunning:0.30875
visually stunning:0.30675
gory:0.3055
ironic:0.30525
childhood:0.304
classic:0.30275
visual:0.3015
weird:0.301
mission from god:0.3
natural disaster:0.299
cult classic:0.29475
swashbuckler:0.29375
imagination:0.2935
world politics:0.2935
graphic novel:0.2925
island:0.29
justice:0.289
great ending:0.288
great movie:0.2875
tragedy:0.28325
predictable:0.2825
bad cgi:0.28125
