cinematography:0.9555
amazing cinematography:0.9545
beautifully filmed:0.92375
meditative:0.921
visual:0.917
life & death:0.90275
biography:0.9025
reflective:0.87975
storytelling:0.87875
biographical:0.848
visually stunning:0.845
complex:0.83375
cerebral:0.8185
stunning:0.788
visually appealing:0.775
biopic:0.747
great:0.73975
china:0.7285
story:0.72
breathtaking:0.7195
original:0.705
allegory:0.70475
mentor:0.684
enigmatic:0.6675
art:0.6535
philosophy:0.646
great movie:0.641
eccentricity:0.63025
existentialism:0.62425
artistic:0.616
childhood:0.61325
melancholic:0.61225
masterpiece:0.61125
redemption:0.61025
photography:0.59475
genocide:0.59225
dramatic:0.58725
visuals:0.5865
unusual plot structure:0.583
great cinematography:0.5705
loneliness:0.57025
social commentary:0.558
imdb top 250:0.55175
artist:0.53025
good soundtrack:0.52925
life philosophy:0.52775
beautiful scenery:0.527
greed:0.51875
first contact:0.517
criterion:0.5115
humanity:0.50925
destiny:0.50775
beautiful:0.50725
philosophical:0.50575
weird:0.50475
dialogue:0.50025
colourful:0.4905
compassionate:0.48925
interesting:0.48875
true story:0.4885
intellectual:0.48125
drama:0.47875
scenic:0.4755
transformation:0.46375
very interesting:0.462
life:0.456
great ending:0.45425
violence:0.44875
stylized:0.4485
melancholy:0.448
poignant:0.44725
catastrophe:0.44525
adapted from:book:0.44525
slow:0.44475
talky:0.442
underrated:0.442
hallucinatory:0.43625
religion:0.4345
based on a book:0.433
corruption:0.42875
suprisingly clever:0.42725
culture clash:0.426
oscar (best directing):0.42225
obsession:0.422
alone in the world:0.42175
imagination:0.415
non-linear:0.41325
adaptation:0.40925
good:0.4065
passionate:0.40325
fantasy world:0.40225
memory:0.39875
catholicism:0.3985
jesus:0.398
solitude:0.3975
creativity:0.39675
golden palm:0.3955
narrated:0.39425
harsh:0.394
betrayal:0.393
