action:0.936
good action:0.91375
chase:0.87375
tokyo:0.8645
japan:0.81425
good soundtrack:0.76125
stylish:0.752
gangsters:0.7445
fast paced:0.73975
original:0.6935
good:0.692
violent:0.68875
thriller:0.685
corruption:0.67475
cool:0.66525
intense:0.65675
prison escape:0.65425
mentor:0.647
detective:0.6375
vengeance:0.63425
underrated:0.62775
lone hero:0.62575
futuristic:0.62075
culture clash:0.6185
visual:0.6185
80s:0.6145
police:0.6145
revenge:0.61175
violence:0.60475
crime:0.58625
mafia:0.57125
dialogue:0.56075
mob:0.556
san francisco:0.556
organized crime:0.55325
moral ambiguity:0.55225
murder:0.54625
fight scenes:0.54275
brutality:0.53825
motorcycle:0.53425
70mm:0.525
great:0.52
great ending:0.511
predictable:0.50075
gangster:0.499
buddy movie:0.492
plot:0.48575
story:0.484
visceral:0.4835
dark hero:0.47775
action packed:0.475
drama:0.455
stereotypes:0.4535
fun movie:0.4525
1980s:0.45025
weapons:0.44775
entertaining:0.445
gangs:0.445
catastrophe:0.445
cinematography:0.43675
police corruption:0.43525
stylized:0.43525
vigilante:0.43275
suspense:0.42225
great movie:0.416
japanese:0.415
tense:0.41175
life philosophy:0.4115
justice:0.405
nudity (full frontal - brief):0.40125
car chase:0.401
nostalgic:0.391
gunfight:0.3885
alien:0.3865
investigation:0.38425
police investigation:0.38425
redemption:0.3825
nudity (topless - brief):0.378
storytelling:0.37725
melancholic:0.3765
fighting:0.37375
unlikely friendships:0.3725
suspenseful:0.3685
very good:0.36625
not funny:0.36625
light:0.364
los angeles:0.3585
gritty:0.353
sexualized violence:0.35175
big budget:0.34975
runaway:0.3465
bloody:0.3435
cerebral:0.3415
excellent:0.34075
exciting:0.3405
nocturnal:0.3385
interesting:0.3335
entirely dialogue:0.33075
assassination:0.33075
visually appealing:0.3295
