ghosts:0.98975
horror:0.98625
haunted house:0.97075
supernatural:0.96125
creepy:0.95525
scary:0.955
frightening:0.8485
eerie:0.83325
atmospheric:0.8125
ghosts/afterlife:0.80325
great ending:0.78225
suspenseful:0.7595
suspense:0.75425
ominous:0.737
original:0.73425
single father:0.6535
weird:0.6365
story:0.61825
tense:0.617
death:0.6125
gothic:0.6025
dark:0.5865
predictable:0.5815
adaptation:0.54775
good:0.53525
pg-13:0.5335
splatter:0.5325
demons:0.529
better than expected:0.52575
surprise ending:0.51775
life & death:0.51525
vengeance:0.51225
macabre:0.51075
secrets:0.5085
bad ending:0.4915
goth:0.4865
mentor:0.48325
visually appealing:0.483
amazing photography:0.46625
melancholic:0.463
cinematography:0.44575
based on a book:0.441
dialogue:0.4335
based on book:0.43275
gory:0.4315
revenge:0.4275
good acting:0.4255
intense:0.4195
twist ending:0.41925
psychological:0.4165
special effects:0.414
original plot:0.4105
catastrophe:0.39425
great:0.39225
mystery:0.37325
lawyer:0.36575
spiders:0.36525
london:0.36425
family:0.35125
happy ending:0.34825
witches:0.3415
good soundtrack:0.34025
disturbing:0.33475
not funny:0.3345
storytelling:0.32925
brutality:0.3185
loneliness:0.3155
fantasy world:0.31325
irish accent:0.30925
twist:0.30775
culture clash:0.30675
period piece:0.30625
life philosophy:0.305
afterlife:0.29975
blood:0.299
cult film:0.2975
england:0.2975
redemption:0.29225
isolation:0.29075
nocturnal:0.289
first contact:0.2885
sacrifice:0.288
monster:0.28725
enigmatic:0.28725
doctors:0.2865
police investigation:0.2855
powerful ending:0.28475
devil:0.28175
justice:0.28125
thriller:0.27975
survival:0.278
exceptional acting:0.27225
chase:0.27075
runaway:0.27025
adapted from:book:0.27
pointless:0.268
twists & turns:0.26775
small town:0.266
visual:0.2645
creativity:0.26325
