gay:0.98775
original:0.8475
death:0.8395
independent film:0.826
violence:0.81775
nudity (topless):0.78925
shallow:0.752
relationships:0.72125
pornography:0.70875
fantasy:0.703
good soundtrack:0.70175
love:0.6995
dialogue:0.68025
predictable:0.67725
brutality:0.66875
graphic novel:0.6675
aids:0.651
queer:0.64625
gay character:0.64575
stereotypes:0.6415
sexual:0.63825
pointless:0.63425
homosexuality:0.6285
great ending:0.618
passionate:0.61675
sexy:0.61225
good:0.6035
very interesting:0.60325
sexualized violence:0.597
nudity (topless - notable):0.589
new york city:0.58375
plot holes:0.58025
awesome soundtrack:0.5455
happy ending:0.539
love story:0.5355
storytelling:0.53375
fantasy world:0.532
multiple storylines:0.53175
pg-13:0.5285
cancer:0.5275
sex:0.5215
visually appealing:0.52075
solitude:0.51125
nudity (full frontal - brief):0.50975
violent:0.5085
writers:0.5065
loneliness:0.5015
dark humor:0.50125
family:0.499
intense:0.4985
drug abuse:0.497
idiotic:0.48075
pretentious:0.46975
story:0.468
brutal:0.465
life & death:0.4605
adaptation:0.45425
cult film:0.45125
great:0.439
first contact:0.4345
nudity (rear):0.43275
big budget:0.432
shopping:0.432
plot:0.43175
quirky:0.42975
potential oscar nom:0.42825
whimsical:0.424
justice:0.42275
natural disaster:0.4185
bad plot:0.416
dysfunctional family:0.416
suspense:0.41375
bad:0.412
mentor:0.4115
male nudity:0.4095
splatter:0.409
betrayal:0.40775
nudity (full frontal - notable):0.4055
bloody:0.404
catastrophe:0.401
dark hero:0.40075
satire:0.395
talky:0.3945
author:neil gaiman:0.39375
destiny:0.39325
redemption:0.39175
interesting:0.3835
runaway:0.38225
stylized:0.3705
entirely dialogue:0.36975
great soundtrack:0.36975
social commentary:0.3695
love triangles:0.36875
adventure:0.3665
grindhouse:0.36625
feel-good:0.363
very good:0.362
not funny:0.36025
existentialism:0.3575
sci fi:0.35475
