sequels:0.83625
original:0.7865
immortality:0.75
devil:0.6865
good sequel:0.67375
sequel:0.6515
so bad it's funny:0.62925
destiny:0.62075
splatter:0.6175
special effects:0.58925
fantasy:0.5735
lame:0.55725
supernatural:0.55675
dialogue:0.54775
predictable:0.49675
mentor:0.4855
bad plot:0.48175
violent:0.47175
horror:0.4595
god:0.4535
fantasy world:0.45325
brutality:0.44525
good:0.43775
magic:0.43775
crappy sequel:0.42625
catastrophe:0.408
pointless:0.40525
pulp:0.3985
end of the world:0.3965
mythology:0.377
disaster:0.37025
surreal:0.37
cool:0.36875
graphic novel:0.367
entirely dialogue:0.36575
gory:0.35775
violence:0.34925
overrated:0.342
bad cgi:0.33475
horrible:0.32925
entertaining:0.32825
stop motion:0.3275
campy:0.3265
vampire human love:0.322
first contact:0.32025
fight scenes:0.31925
great ending:0.31725
bad:0.31475
cheesy:0.31475
story:0.313
macabre:0.3095
quirky:0.3055
writers:0.30225
adventure:0.301
not funny:0.3
nudity (full frontal - brief):0.2995
demons:0.29825
camp:0.29425
humorous:0.28975
fast paced:0.287
storytelling:0.2845
natural disaster:0.28225
fun movie:0.281
great:0.281
clever:0.27925
teens:0.278
fun:0.273
vengeance:0.271
adaptation:0.271
teen movie:0.26975
very funny:0.2685
transformation:0.268
grindhouse:0.2675
lone hero:0.2665
weapons:0.265
chase:0.26475
unusual plot structure:0.2645
great acting:0.26125
redemption:0.253
passionate:0.24725
cult film:0.2465
death:0.245
sci fi:0.24475
bad acting:0.24375
franchise:0.2405
multiple storylines:0.2385
suspense:0.2375
boring:0.23425
creativity:0.234
action:0.23375
teen:0.23375
silly fun:0.22925
witches:0.22625
script:0.226
good soundtrack:0.22525
melancholic:0.22425
bloody:0.222
runaway:0.21975
scary:0.21925
torture:0.2185
