tom clancy:1.0
conspiracy:0.98925
tense:0.98125
action:0.9755
mentor:0.9695
based on a book:0.968
good action:0.93975
thriller:0.907
based on book:0.89475
secret service:0.89425
president:0.89325
political:0.877
world politics:0.8465
adapted from:book:0.84575
spying:0.8215
chase:0.804
cia:0.80025
corruption:0.79025
espionage:0.768
runaway:0.75575
good:0.75475
vengeance:0.75325
secrets:0.7385
betrayal:0.72075
revenge:0.712
books:0.709
plot:0.706
adaptation:0.70275
suspense:0.69825
action packed:0.69675
lone hero:0.68725
assassination:0.66375
original:0.63425
adventure:0.62075
fight scenes:0.60825
jungle:0.60575
spy:0.57675
complex:0.56825
book was better:0.56675
politics:0.56425
hit men:0.56125
intense:0.55075
great:0.53425
murder:0.53175
weapons:0.52375
pg-13:0.508
forceful:0.5075
exciting:0.5065
catastrophe:0.5045
series:0.503
book:0.497
suspenseful:0.49675
drama:0.49575
culture clash:0.48525
death:0.4835
violence:0.475
assassin:0.473
earnest:0.47025
entertaining:0.464
storytelling:0.4605
great ending:0.448
twists & turns:0.43525
oscar winner:0.43525
excellent:0.4305
very interesting:0.42825
beautiful scenery:0.4255
fast paced:0.42475
story:0.42225
interesting:0.416
gunfight:0.41175
justice:0.40875
cancer:0.40675
car chase:0.40475
dialogue:0.40225
big budget:0.4
assassins:0.39925
oscar (best directing):0.39625
not funny:0.3945
spies:0.394
classic car:0.387
confrontational:0.38075
surveillance:0.37825
fun movie:0.371
terrorism:0.367
better than expected:0.3635
nudity (full frontal - brief):0.36075
police investigation:0.35725
family:0.3555
manipulation:0.3425
complicated plot:0.33725
distopia:0.33675
good soundtrack:0.335
life philosophy:0.328
great acting:0.324
terminal illness:0.32325
cerebral:0.32025
predictable:0.31825
military:0.31725
great movie:0.31675
good acting:0.3165
