christmas:0.945
doctors:0.943
storytelling:0.92575
adventure:0.9065
silly:0.87075
fun movie:0.8655
scifi:0.84675
story:0.817
special:0.789
bittersweet:0.7885
series:0.78775
love story:0.78
pg-13:0.772
original:0.7655
big budget:0.76375
special effects:0.75
nostalgic:0.7405
fantasy world:0.73975
great ending:0.733
scenic:0.723
dialogue:0.70375
clever:0.68225
sci fi:0.673
sci-fi:0.67175
destiny:0.6685
vengeance:0.66825
light:0.6675
catastrophe:0.665
original plot:0.65875
visually stunning:0.65425
mentor:0.65225
dynamic cgi action:0.651
melancholic:0.65
plot:0.64925
stunning:0.63875
great:0.63725
unusual plot structure:0.62925
oscar:0.616
genocide:0.6105
emotional:0.609
complex:0.60375
imagination:0.5995
twists & turns:0.59475
awesome soundtrack:0.58375
very funny:0.5815
great movie:0.58075
high fantasy:0.5805
mad scientist:0.57975
robot:0.5795
movielens top pick:0.578
affectionate:0.57125
suprisingly clever:0.57125
exciting:0.57025
humor:0.5655
parallel universe:0.55775
police investigation:0.5565
oscar (best foreign language film):0.55125
interesting:0.55
beautifully filmed:0.54325
family:0.53975
kids:0.53425
visual:0.53425
franchise:0.533
fun:0.52975
alter ego:0.527
investigation:0.5235
good acting:0.51575
allegory:0.511
science fiction:0.5065
hospital:0.50625
epic:0.50425
brutality:0.50275
childhood:0.50125
good:0.5005
sarcasm:0.49925
silly fun:0.49875
imdb top 250:0.49675
runaway:0.496
computer animation:0.4905
macabre:0.48575
beautiful scenery:0.48475
comedy:0.47525
teen:0.474
entirely dialogue:0.46825
gory:0.4655
happy ending:0.4655
betrayal:0.46525
colourful:0.46025
redemption:0.4595
technology:0.45825
writers:0.4545
nudity (full frontal - brief):0.45175
good music:0.451
fantasy:0.4475
culture clash:0.4465
depression:0.43575
giant robots:0.4345
weird:0.4295
moral ambiguity:0.42475
transformation:0.4235
