original:0.71025
drama:0.675
unlikely friendships:0.624
dialogue:0.61175
good soundtrack:0.5855
friendship:0.5315
quirky:0.53
small town:0.519
great ending:0.5005
pornography:0.491
life & death:0.47275
gay:0.47125
predictable:0.46725
storytelling:0.4655
entirely dialogue:0.46
shakespeare:0.458
mentor:0.449
stylized:0.444
tragedy:0.44025
graphic novel:0.43525
happy ending:0.4325
catastrophe:0.41925
comedy:0.41075
action:0.398
great:0.39675
writers:0.38075
gangsters:0.38
adaptation:0.3745
romantic comedy:0.37025
pg-13:0.3675
chase:0.36625
so bad it's funny:0.354
indie:0.3515
shallow:0.33425
destiny:0.33
bank robbery:0.32325
light:0.323
slapstick:0.31375
story:0.3125
good:0.3095
lone hero:0.3005
brutality:0.3
stereotypes:0.298
very interesting:0.29675
sentimental:0.293
life philosophy:0.2925
heist:0.28925
bdsm:0.28525
disaster:0.28225
family:0.2815
good action:0.28025
better than expected:0.28
black comedy:0.27975
first contact:0.279
not funny:0.27575
melancholic:0.2735
classic car:0.26875
runaway:0.2685
romantic:0.26025
hip hop:0.25925
complex:0.259
bad plot:0.25525
revenge:0.25375
clever:0.253
unfunny:0.2505
twists & turns:0.24925
homeless:0.2485
intense:0.2485
overrated:0.24825
transformation:0.248
sacrifice:0.24725
dysfunctional family:0.24375
justice:0.242
natural disaster:0.242
hospital:0.24175
very funny:0.2415
gay character:0.239
reality tv:0.239
identity:0.2355
feel-good:0.23525
crude humor:0.233
childhood:0.233
adventure:0.2315
vampire human love:0.22975
independent film:0.227
great acting:0.22625
girlie movie:0.2255
weird:0.22475
women:0.22275
dark comedy:0.2225
fight scenes:0.222
relationships:0.2215
violent:0.21975
nudity (topless - notable):0.21925
oscar (best supporting actress):0.219
inspirational:0.21825
corruption:0.218
hostage:0.21725
beautiful scenery:0.213
fantasy world:0.2125
