vampires:0.9995
vampire:0.9985
nocturnal:0.98125
highly quotable:0.97525
stylish:0.95875
dark:0.91725
cult classic:0.8905
goth:0.88975
stylized:0.88375
cult film:0.8525
original:0.8475
violent:0.84
eerie:0.83575
blood:0.826
creepy:0.805
violence:0.796
atmospheric:0.79175
brutality:0.77775
immortality:0.7545
gory:0.75225
good soundtrack:0.751
grindhouse:0.718
horror:0.7175
drinking:0.71675
cool:0.71225
vengeance:0.6995
gunfight:0.69275
bloody:0.69075
splatter:0.6875
dark hero:0.67575
dark humor:0.671
biting:0.66975
quotable:0.66075
tense:0.6465
gore:0.62375
fight scenes:0.61675
visceral:0.60575
grim:0.6045
weird:0.604
great ending:0.60175
great movie:0.59925
visually appealing:0.5945
transformation:0.58325
great:0.58325
adaptation:0.57725
brutal:0.576
spiders:0.558
dialogue:0.55775
gothic:0.55525
lone hero:0.5505
action:0.55025
fun movie:0.548
goofy:0.5395
good action:0.5375
scary:0.535
road movie:0.53125
revenge:0.531
mythology:0.53075
cult:0.53
supernatural:0.5285
macabre:0.5175
adapted from:book:0.517
monster:0.51625
werewolves:0.513
family bonds:0.5085
low budget:0.506
loneliness:0.5015
mentor:0.49875
social commentary:0.47925
suspense:0.479
chase:0.47775
affectionate:0.47375
harsh:0.472
based on book:0.46825
sexy:0.4605
western:0.4595
wilderness:0.459
ensemble cast:0.45825
moody:0.457
80s:0.4555
gangs:0.45
forceful:0.44575
visual:0.4455
unlikeable characters:0.4405
anti-hero:0.44025
underrated:0.4365
action packed:0.43625
graphic novel:0.436
murder:0.43575
great soundtrack:0.43075
1980s:0.4295
enigmatic:0.42925
runaway:0.429
gratuitous violence:0.428
dark fantasy:0.42725
awesome soundtrack:0.42475
weapons:0.4245
classic:0.4235
great acting:0.42175
fun:0.417
