gangsters:0.87675
gangster:0.85325
irish:0.74675
original:0.68925
talky:0.65875
road movie:0.647
good soundtrack:0.603
great ending:0.581
life & death:0.57875
intimate:0.56975
greed:0.56125
crime gone awry:0.528
great:0.506
relationships:0.49225
melancholic:0.48525
mentor:0.483
nudity (full frontal - brief):0.48125
gunfight:0.47875
space:0.4645
brutality:0.45875
sexualized violence:0.45575
dialogue:0.44975
storytelling:0.4495
hotel:0.44275
enigmatic:0.438
crime:0.437
disturbing:0.42925
catastrophe:0.42925
corruption:0.427
great movie:0.425
pornography:0.42425
suprisingly clever:0.422
loneliness:0.4175
cool:0.41425
twists & turns:0.41275
criterion:0.40975
redemption:0.3945
underrated:0.39175
entirely dialogue:0.38825
organized crime:0.38575
nocturnal:0.38475
stylish:0.37225
anti-hero:0.371
obsession:0.369
noir:0.3645
cars:0.36425
golden palm:0.36275
quirky:0.356
multiple storylines:0.355
unlikely friendships:0.35475
solitude:0.3535
adaptation:0.35225
movielens top pick:0.35125
great soundtrack:0.35075
british:0.348
sexy:0.341
clever:0.338
cult classic:0.336
not funny:0.33425
prison:0.3295
buddy movie:0.32825
oscar (best writing - screenplay written directly for the screen):0.327
mafia:0.326
culture clash:0.3245
atmospheric:0.32425
classic car:0.324
mob:0.3175
existentialism:0.31725
life philosophy:0.31575
unlikeable characters:0.3145
weird:0.3135
bdsm:0.3135
hit men:0.31225
excellent:0.312
friendship:0.311
very interesting:0.31
beautiful scenery:0.3045
off-beat comedy:0.3
pulp:0.29675
male nudity:0.293
affectionate:0.292
betrayal:0.28975
light:0.28875
dark hero:0.288
allegory:0.28775
psychological:0.2875
drama:0.287
downbeat:0.2865
unusual plot structure:0.2855
irish accent:0.2845
harsh:0.28225
passionate:0.28125
romance:0.28075
cerebral:0.2805
excellent script:0.2805
oscar (best supporting actress):0.28025
very good:0.2775
death:0.2745
love story:0.27425
fantasy world:0.26775
