space:0.9965
space travel:0.995
science fiction:0.988
scifi:0.98775
sci fi:0.97975
teleportation:0.95
sci-fi:0.9445
visually stunning:0.93325
visual:0.92275
original:0.885
technology:0.85375
plot holes:0.84375
low budget:0.82775
complex:0.826
astronauts:0.82275
science:0.82275
virtual reality:0.82175
suspense:0.8165
visually appealing:0.8045
special effects:0.7905
mindfuck:0.7895
slow paced:0.78175
conspiracy:0.779
tense:0.76475
first contact:0.75975
suspenseful:0.7385
story:0.73275
philosophical:0.72425
cerebral:0.72375
plot:0.7235
alien:0.71225
cinematography:0.707
good acting:0.70575
great ending:0.7055
isolation:0.6805
solitude:0.6655
visuals:0.659
existentialism:0.65
drama:0.645
twists & turns:0.639
plot twist:0.63625
futuristic:0.63325
future:0.63225
catastrophe:0.62375
very interesting:0.61975
dialogue:0.618
dystopic future:0.611
interesting:0.60975
allegory:0.607
humanity:0.60675
slow:0.606
good:0.604
thought-provoking:0.59975
breathtaking:0.59875
storytelling:0.5975
intense:0.594
greed:0.59225
survival:0.58525
space opera:0.58
effects:0.57925
original plot:0.5745
scary:0.56825
ominous:0.5575
death:0.5555
twist:0.55525
genetics:0.55
mars:0.54925
unusual plot structure:0.53825
post-apocalyptic:0.53175
bad science:0.52625
aliens:0.521
scenic:0.51425
thriller:0.5095
beautiful scenery:0.5085
redemption:0.4985
enigmatic:0.49825
atmospheric:0.49675
alternate reality:0.4955
distopia:0.4935
complicated:0.48975
good soundtrack:0.488
dystopia:0.48675
betrayal:0.482
destiny:0.47825
end of the world:0.47575
suprisingly clever:0.475
natural disaster:0.4745
predictable:0.47325
clever:0.46975
clones:0.46875
imagination:0.4665
horror:0.463
android(s)/cyborg(s):0.4615
claustrophobic:0.4545
doctors:0.445
self discovery:0.44025
transformation:0.436
creativity:0.43175
pointless:0.42575
psychological:0.425
