dramatic:0.84425
rebellion:0.768
story:0.76775
adoption:0.765
touching:0.73375
storytelling:0.72425
emotional:0.72125
family:0.69875
true story:0.69175
original:0.6855
pg-13:0.66575
mentor:0.6605
childhood:0.64875
parenthood:0.63
oscar (best actress):0.6205
culture clash:0.59875
great ending:0.59475
oscar (best foreign language film):0.588
poignant:0.5875
adolescence:0.58325
good soundtrack:0.5815
beautifully filmed:0.57425
heartbreaking:0.55575
vengeance:0.551
sentimental:0.54175
immigrants:0.54
women:0.536
girlie movie:0.53275
suprisingly clever:0.51175
drama:0.508
exceptional acting:0.4985
brutality:0.4865
stunning:0.48475
complex:0.45675
catastrophe:0.4545
happy ending:0.45325
visually stunning:0.44875
beautiful scenery:0.443
coming of age:0.43675
heartwarming:0.43425
destiny:0.43175
runaway:0.429
foreign:0.42475
feel-good:0.42475
oscar (best directing):0.41875
great:0.4175
oscar (best supporting actress):0.4145
amazing photography:0.40975
sacrifice:0.4095
betrayal:0.40925
california:0.4
transformation:0.39975
hospital:0.3885
prejudice:0.38375
teen:0.38325
goretastic:0.38075
good:0.38075
family drama:0.37325
dialogue:0.3715
visually appealing:0.37
jewish:0.36275
suburbia:0.359
identity:0.35525
guilt:0.35425
family bonds:0.3515
divorce:0.3505
cinematography:0.34825
adaptation:0.34725
original plot:0.3425
fantasy world:0.342
teen movie:0.342
feel good movie:0.341
1950s:0.33875
moving:0.33875
life:0.337
great acting:0.333
tokyo:0.33125
alter ego:0.32925
solitude:0.3275
nudity (full frontal - brief):0.32575
harsh:0.32325
colourful:0.3215
tragedy:0.321
bullying:0.32075
assassination:0.3205
justice:0.32025
fight scenes:0.31825
unlikely friendships:0.3175
life & death:0.317
talky:0.31625
life philosophy:0.31125
weapons:0.31125
not funny:0.31125
police investigation:0.311
sexualized violence:0.309
based on book:0.30075
good story:0.3005
self discovery:0.29775
reflective:0.29675
prison:0.292
