holocaust:0.99825
world war ii:0.99125
nazis:0.9875
jews:0.983
nazi:0.98025
powerful ending:0.97625
childhood:0.95325
oscar (best foreign language film):0.93875
camp:0.92925
genocide:0.92925
germany:0.9265
wwii:0.9265
innocence lost:0.92225
friendship:0.9195
children:0.91075
touching:0.90875
tragedy:0.90525
based on a book:0.89225
heartbreaking:0.89125
wartime:0.88175
dramatic:0.879
good acting:0.86875
unlikely friendships:0.84675
jewish:0.84
historical:0.8155
emotional:0.8
storytelling:0.79975
history:0.79025
survival:0.7895
sad:0.77025
anti-semitism:0.7625
based on book:0.7605
poignant:0.758
intense:0.7435
mentor:0.7315
great ending:0.7245
brainwashing:0.716
original:0.70625
sacrifice:0.68925
poland:0.682
sentimental:0.6745
adapted from:book:0.67125
good:0.668
kids:0.6665
oscar (best directing):0.6665
catastrophe:0.66525
drama:0.65925
story:0.651
pg-13:0.64375
betrayal:0.64
german:0.63825
compassionate:0.635
great acting:0.63025
social commentary:0.6245
imdb top 250:0.62325
cinematography:0.62075
reflective:0.61325
justice:0.61225
runaway:0.61125
brutality:0.60425
death:0.6035
heartwarming:0.60125
bleak:0.60025
culture clash:0.5885
redemption:0.588
idealism:0.58425
prejudice:0.575
excellent script:0.575
family:0.56825
morality:0.5675
oscar winner:0.56675
suspense:0.563
realistic:0.562
guilt:0.5615
harsh:0.56
tear jerker:0.5565
thought-provoking:0.55
courage:0.548
beautifully filmed:0.54025
manipulation:0.52975
us history:0.5245
adaptation:0.5245
earnest:0.512
destiny:0.50575
sad but good:0.5055
good soundtrack:0.50325
secrets:0.50175
nudity (full frontal - brief):0.50025
propaganda:0.4845
movielens top pick:0.481
literature:0.4765
books:0.476
amazing photography:0.47525
unusual plot structure:0.47225
imaginary friend:0.46975
bittersweet:0.46825
moral ambiguity:0.46575
moving:0.46325
interesting:0.4575
oscar:0.4535
