surreal:0.996
oscar (best foreign language film):0.9885
surrealism:0.98525
dreams:0.98225
criterion:0.9615
weird:0.946
satire:0.93425
satirical:0.9325
dreamlike:0.91975
absurd:0.90825
masterpiece:0.89275
enigmatic:0.8585
affectionate:0.85225
cerebral:0.84425
social commentary:0.823
reflective:0.8005
golden palm:0.79925
existentialism:0.7895
intimate:0.77125
art house:0.766
melancholic:0.748
hallucinatory:0.7465
sarcasm:0.742
talky:0.73975
intellectual:0.73775
irreverent:0.725
imdb top 250:0.718
artistic:0.7035
witty:0.6995
obsession:0.69625
storytelling:0.67525
foreign:0.66575
original:0.66375
unusual plot structure:0.6615
strange:0.65525
drinking:0.654
loneliness:0.63625
complex:0.62725
life philosophy:0.623
dark humor:0.62225
art:0.61975
downbeat:0.615
bizarre:0.60625
meditative:0.6035
melancholy:0.6005
cynical:0.59975
biting:0.5905
bleak:0.587
spanish:0.586
harsh:0.5745
crime gone awry:0.573
clever:0.57025
very interesting:0.56375
philosophical:0.55925
grim:0.55625
pornography:0.551
stylized:0.54775
sexual:0.54575
twists & turns:0.53875
road movie:0.53075
suprisingly clever:0.5275
visually appealing:0.51625
dialogue:0.513
runaway:0.50975
gangsters:0.5095
good soundtrack:0.505
ironic:0.5015
insanity:0.4995
culture clash:0.4925
lynch:0.49
cinematography:0.48925
allegory:0.48475
atmospheric:0.473
spain:0.47025
visceral:0.4675
relationships:0.4665
breathtaking:0.4645
creativity:0.46075
deadpan:0.45725
farce:0.457
greed:0.45025
hotel:0.447
pointless:0.44675
women:0.4445
paranoid:0.442
disturbing:0.4405
interesting:0.439
life & death:0.4385
very funny:0.4345
childhood:0.4345
nocturnal:0.42175
mentor:0.419
catastrophe:0.41675
pretentious:0.416
tense:0.41575
narrated:0.41375
entirely dialogue:0.413
brutality:0.408
visual:0.4065
guilt:0.40225
