romantic:0.9295
romantic comedy:0.9035
love story:0.84625
romance:0.8235
hotel:0.797
fun movie:0.75925
dreams:0.70375
good romantic comedies:0.67525
feel-good:0.6525
happy ending:0.6495
original:0.60425
life philosophy:0.589
feel good movie:0.55275
new jersey:0.54725
entertaining:0.53475
comedy:0.525
catastrophe:0.51275
cute!:0.508
mentor:0.502
good:0.48825
love:0.4595
sexy:0.4545
great:0.44125
predictable:0.43775
great ending:0.43675
family:0.4315
unusual plot structure:0.395
chase:0.388
light:0.38025
time:0.376
destiny:0.37475
silly fun:0.35375
not funny:0.35375
island:0.3485
cute:0.3475
dialogue:0.345
fun:0.3255
culture clash:0.325
chick flick:0.32125
very funny:0.32125
corruption:0.31975
shopping:0.31725
unfunny:0.31275
passionate:0.3035
natural disaster:0.3
relationships:0.28775
lone hero:0.28725
fantasy world:0.28625
adaptation:0.283
marriage:0.28
brutality:0.2795
storytelling:0.27625
pornography:0.2755
pg-13:0.27
vengeance:0.26725
80s:0.2665
dreamlike:0.2635
complicated:0.2625
police investigation:0.261
grindhouse:0.25925
beautiful scenery:0.2585
transformation:0.258
justice:0.2565
runaway:0.25525
nudity (topless - notable):0.2525
first contact:0.25125
story:0.251
overrated:0.24975
betrayal:0.24325
greed:0.23975
criterion:0.23875
fight scenes:0.238
nudity (full frontal - brief):0.23725
so bad it's funny:0.23575
narrated:0.235
quirky:0.233
clever:0.2275
entirely dialogue:0.227
australia:0.22475
stereotypes:0.2235
teen movie:0.22275
shallow:0.22175
talky:0.2215
oscar (best directing):0.221
future:0.22075
con artists:0.2205
good soundtrack:0.21825
underdog:0.21825
secrets:0.21775
goofy:0.21625
great movie:0.216
interracial romance:0.215
unlikeable characters:0.21225
teen:0.21
death:0.20925
crude humor:0.20775
very interesting:0.20675
end of the world:0.2065
underrated:0.206
excellent script:0.20525
