relationships:0.954
mentor:0.83175
women:0.74325
obsession:0.69675
original:0.69125
photography:0.68525
romance:0.65175
independent film:0.6465
pornography:0.64125
artistic:0.62775
bittersweet:0.622
artist:0.60725
dialogue:0.6055
photographer:0.60175
story:0.5965
coming of age:0.5935
girlie movie:0.57125
runaway:0.55875
romantic:0.5585
melancholic:0.5575
nudity (full frontal - notable):0.54475
complex:0.52425
male nudity:0.5225
exceptional acting:0.5165
great ending:0.50675
loneliness:0.5065
very interesting:0.50575
intimate:0.50525
erotic:0.50025
sexy:0.497
good soundtrack:0.49
passionate:0.4825
betrayal:0.47775
interesting:0.4695
secrets:0.469
social commentary:0.45775
art:0.45675
coming-of-age:0.4535
disturbing:0.45275
oscar (best actress):0.443
talky:0.43825
beautiful:0.43075
drama:0.43
police investigation:0.424
culture clash:0.423
dysfunctional family:0.422
weird:0.42175
character study:0.4205
nocturnal:0.415
visually appealing:0.4115
enigmatic:0.41075
quirky:0.4065
catastrophe:0.4045
reflective:0.39775
marriage:0.39475
entirely dialogue:0.393
criterion:0.392
good:0.38925
directorial debut:0.38925
brutality:0.3875
sexualized violence:0.387
great acting:0.38525
life & death:0.3835
writers:0.3785
vengeance:0.37025
multiple storylines:0.36
artsy:0.35825
idealism:0.35625
oscar (best directing):0.3555
family:0.354
storytelling:0.352
witty:0.351
guilt:0.34825
beautiful scenery:0.34775
san francisco:0.34475
shallow:0.341
not funny:0.33875
light:0.33825
nudity (topless - notable):0.338
road movie:0.33725
fantasy world:0.33525
intellectual:0.3315
cinematography:0.33075
predictable:0.33075
suprisingly clever:0.32975
adaptation:0.32975
beautifully filmed:0.3245
suspense:0.323
complex characters:0.322
notable nudity:0.319
imdb top 250:0.3125
aging:0.312
creativity:0.3115
plot:0.31075
nudity (full frontal - brief):0.3055
hospital:0.30475
unlikely friendships:0.302
nudity (topless):0.30025
excellent script:0.29525
parenthood:0.2915
