splatter:0.98925
dark humor:0.93075
horror:0.907
insanity:0.89975
cult classic:0.8685
cult film:0.85875
weird:0.856
violence:0.8465
bloody:0.84475
original:0.8425
post-apocalyptic:0.82475
crazy:0.76725
black comedy:0.76475
gory:0.744
violent:0.71675
low budget:0.7145
creativity:0.6865
post apocalyptic:0.6795
paranoia:0.6775
grindhouse:0.67625
brutal:0.6585
blood:0.65325
visceral:0.6505
independent film:0.648
storytelling:0.637
brutality:0.6145
zombie:0.61175
apocalypse:0.6025
sexualized violence:0.595
absurd:0.594
cerebral:0.5875
dark comedy:0.577
gore:0.56725
gruesome:0.56325
disturbing:0.5605
surreal:0.549
claustrophobic:0.5485
good soundtrack:0.542
great ending:0.52375
catastrophe:0.513
bad ending:0.50925
loneliness:0.50775
social commentary:0.501
dialogue:0.499
runaway:0.4955
cult:0.48825
dark:0.48
so bad it's funny:0.4775
bleak:0.4665
death:0.46525
ironic:0.4405
intense:0.44
story:0.43775
bizarre:0.436
psychological:0.432
stylized:0.4305
torture:0.42225
atmospheric:0.418
graphic novel:0.41425
complex:0.40975
sci fi:0.39725
bad plot:0.395
vengeance:0.393
satirical:0.3915
pointless:0.389
gratuitous violence:0.38775
cinematography:0.3815
mentor:0.378
pornography:0.3745
slasher:0.37
science fiction:0.36925
multiple storylines:0.364
strange:0.36275
visually appealing:0.361
grim:0.36025
macabre:0.36
demons:0.35825
quotable:0.35675
clever:0.355
writers:0.35275
life philosophy:0.3495
hospital:0.34675
psychology:0.34625
fight scenes:0.34425
nocturnal:0.344
adaptation:0.343
harsh:0.34175
technology:0.3365
chase:0.33625
melancholic:0.3345
entirely dialogue:0.33375
monster:0.3335
plot twist:0.33325
twist:0.33075
creepy:0.3295
pulp:0.3285
not funny:0.32775
crime gone awry:0.3275
satire:0.32475
love story:0.321
