farce:0.9075
comedy:0.80225
silly fun:0.75475
original:0.694
predictable:0.5675
mistaken identity:0.53075
bad plot:0.472
very funny:0.43225
silly:0.41825
mentor:0.41475
beautiful scenery:0.4125
catastrophe:0.41075
first contact:0.4005
funny:0.3955
unfunny:0.39225
great:0.39175
fun movie:0.39025
overrated:0.38575
british comedy:0.3785
great ending:0.376
slapstick:0.36375
violence:0.36175
so bad it's funny:0.3585
unusual plot structure:0.3495
dialogue:0.34825
fantasy world:0.347
ridiculous:0.3445
family:0.34175
brutality:0.33775
weapons:0.332
melancholic:0.32375
fun:0.318
comic:0.31275
hilarious:0.3115
stereotypes:0.30825
destiny:0.30625
multiple storylines:0.3035
fight scenes:0.29925
storytelling:0.297
adaptation:0.292
disaster:0.29125
redemption:0.29
foreign:0.2855
parallel universe:0.28175
chase:0.28025
cult film:0.2795
stupid as hell:0.2775
entirely dialogue:0.27625
quirky:0.274
graphic design:0.27175
justice:0.27125
humorous:0.2705
runaway:0.2695
life philosophy:0.26825
stupid:0.266
lone hero:0.26575
british:0.26425
mob:0.263
natural disaster:0.26125
good:0.25875
oscar:0.25675
hotel:0.25425
sci fi:0.24875
made for tv:0.23875
bad cgi:0.23625
boring:0.236
idiotic:0.23225
life & death:0.2315
complex:0.2295
splatter:0.229
existentialism:0.229
culture clash:0.22875
plot holes:0.22825
surreal:0.227
good soundtrack:0.2265
pulp:0.22525
pointless:0.223
classic car:0.22125
clever:0.22125
absurd:0.22075
torture:0.2195
franchise:0.218
fast paced:0.21775
writers:0.21675
not funny:0.21325
gangsters:0.2125
death:0.20975
off-beat comedy:0.20875
crude humor:0.20775
shallow:0.20725
finnish:0.20675
pornography:0.206
vengeance:0.20525
story:0.20175
visually appealing:0.20125
romance:0.20025
happy ending:0.1995
childhood:0.19775
great movie:0.1965
suprisingly clever:0.195
