serial killer:0.99675
slasher:0.99375
splatter:0.9905
gory:0.9625
horror:0.9595
gore:0.948
gruesome:0.94725
disturbing:0.91375
bloody:0.91225
visceral:0.90575
brutality:0.9055
insanity:0.8915
brutal:0.88175
grindhouse:0.86225
creepy:0.86075
violent:0.8205
cannibalism:0.80775
cult classic:0.776
blood:0.76125
violence:0.75375
suspenseful:0.746
demons:0.722
low budget:0.71825
macabre:0.699
original:0.69225
murder:0.6785
harsh:0.675
grim:0.66875
weird:0.66175
tense:0.64825
cult film:0.62775
revenge:0.6205
stylish:0.61625
nudity (topless):0.5615
vigilante:0.55375
psychological:0.55125
claustrophobic:0.528
mental illness:0.5115
scary:0.47
teens:0.45
monster:0.449
campy:0.4405
atmospheric:0.43825
adaptation:0.422
effects:0.4215
goretastic:0.421
mad scientist:0.42
special effects:0.4185
mentor:0.41325
camp:0.411
pornography:0.4095
so bad it's funny:0.40775
torture:0.406
good soundtrack:0.37525
80s:0.37175
overrated:0.3705
catastrophe:0.365
hunting:0.36
suspense:0.35975
ominous:0.35725
nudity:0.35175
weapons:0.3505
controversial:0.349
great ending:0.3455
vengeance:0.344
women:0.34275
death:0.3415
nudity (full frontal - notable):0.3405
sexualized violence:0.34
bizarre:0.33775
not funny:0.3375
frightening:0.335
graphic novel:0.3335
psychology:0.32175
halloween:0.3185
gritty:0.313
lone hero:0.31125
hallucinatory:0.306
police investigation:0.306
hard to watch:0.30525
classic car:0.2995
melancholic:0.29925
zombie:0.297
unusual plot structure:0.29675
first contact:0.2895
new york city:0.2895
dialogue:0.28425
nudity (full frontal):0.2835
stylized:0.2835
storytelling:0.28325
obsession:0.282
vigilantism:0.2815
new jersey:0.269
chase:0.26775
fantasy world:0.267
psychiatry:0.261
pointless:0.25625
character study:0.251
intense:0.2505
supernatural:0.24875
