crime:0.9125
murder:0.88075
new orleans:0.87325
based on a book:0.80675
investigation:0.80175
murder mystery:0.773
mystery:0.73375
gangsters:0.65975
justice:0.656
adaptation:0.64725
corruption:0.64525
original:0.64525
police investigation:0.64025
good soundtrack:0.63475
adapted from:book:0.6295
detective:0.62675
books:0.61325
twists & turns:0.60325
awesome soundtrack:0.5975
based on book:0.59475
dialogue:0.5755
guilt:0.56375
secrets:0.55425
great ending:0.551
melancholic:0.55
cinematography:0.5225
weird:0.52025
complicated plot:0.49475
story:0.494
life philosophy:0.4885
pornography:0.47025
storytelling:0.452
civil war:0.443
conspiracy:0.443
betrayal:0.441
runaway:0.412
violent:0.40925
life & death:0.404
good:0.399
neo-noir:0.39775
plot twist:0.39375
catastrophe:0.391
suspense:0.38275
book:0.3815
death:0.37875
surreal:0.377
mentor:0.37375
sexy:0.3715
brutality:0.3695
culture clash:0.36625
pg-13:0.361
bad ending:0.354
atmospheric:0.35325
absurd:0.35
assassination:0.34975
predictable:0.343
not funny:0.34075
enigmatic:0.33575
narrated:0.33525
shallow:0.32975
criterion:0.3285
redemption:0.326
greed:0.3245
plot:0.31625
entirely dialogue:0.3155
pointless:0.315
noir:0.31425
destiny:0.3125
strange:0.30975
drama:0.30675
god:0.30225
great:0.2995
slow:0.29875
demons:0.298
visually appealing:0.297
multiple storylines:0.29625
nudity (full frontal - brief):0.29275
complicated:0.291
bad plot:0.29075
unfunny:0.28975
courtroom:0.287
small town:0.2855
gangster:0.28225
fantasy world:0.281
moody:0.2805
slow paced:0.28
mob:0.2795
bizarre:0.2785
prostitution:0.27725
unusual plot structure:0.27675
loneliness:0.2725
dreamlike:0.272
violence:0.27025
first contact:0.26975
relationships:0.26925
family:0.2685
very good:0.2675
chase:0.267
scenic:0.2655
family drama:0.26425
