mad scientist:0.98525
science fiction:0.95325
sci fi:0.94175
cult film:0.911
doctors:0.88
sci-fi:0.86
original:0.837
scifi:0.8255
allegory:0.8015
mars:0.80025
monster:0.79775
visually appealing:0.7895
cerebral:0.7805
future:0.777
greed:0.774
hospital:0.7705
murder:0.7275
technology:0.69675
goofy:0.6925
silly:0.68925
cinematography:0.675
android(s)/cyborg(s):0.67225
god:0.66375
mutants:0.653
paranoid:0.65225
visual:0.64875
ironic:0.6335
imagination:0.63125
story:0.63125
silly fun:0.63025
so bad it's funny:0.6265
dystopic future:0.62575
low budget:0.619
visually stunning:0.6115
transformation:0.598
criterion:0.5855
light:0.57975
screwball:0.5715
weird:0.57025
cult classic:0.55475
non-hollywood ending:0.54775
good sequel:0.546
monsters:0.5455
dialogue:0.5435
dystopia:0.539
good:0.53775
enigmatic:0.535
talky:0.5305
ominous:0.52925
creepy:0.529
grindhouse:0.526
campy:0.515
redemption:0.514
special effects:0.5075
splatter:0.507
forceful:0.5065
dark:0.50325
mentor:0.503
teleportation:0.49875
tense:0.4965
cyberpunk:0.495
cult:0.48825
adaptation:0.488
monkey:0.48675
first contact:0.4755
science:0.47425
plot:0.4725
stylized:0.46425
brutality:0.4605
life & death:0.46
classic:0.45475
natural disaster:0.45325
nudity (topless - brief):0.4455
existentialism:0.44475
fish:0.44375
violence:0.44325
macabre:0.44075
good soundtrack:0.436
original plot:0.43325
giant robots:0.431
catastrophe:0.42125
free speech:0.4155
horrible:0.413
not as good as the first:0.41025
dreams:0.4095
atmospheric:0.4085
gory:0.40775
melancholic:0.399
bad ending:0.3945
clones:0.39225
independent film:0.38775
disturbing:0.387
creativity:0.386
humanity:0.38575
alternate reality:0.38525
dark fantasy:0.3845
sarcasm:0.381
very interesting:0.379
overrated:0.37725
dreamlike:0.37575
