end of the world:0.99775
natural disaster:0.997
space:0.9915
big budget:0.99025
astronauts:0.981
special effects:0.98075
disaster:0.97425
sci-fi:0.97275
scifi:0.95775
apocalypse:0.94375
science fiction:0.942
first contact:0.93775
science:0.9355
catastrophe:0.901
sci fi:0.89825
nasa:0.885
survival:0.83075
action:0.81325
mars:0.808
sacrifice:0.78525
futuristic:0.73775
dynamic cgi action:0.73725
bad science:0.73625
effects:0.72425
technology:0.72425
good:0.7065
original:0.69975
pg-13:0.6995
predictable:0.6945
shallow:0.689
action packed:0.675
plot holes:0.67125
president:0.66675
humanity:0.65925
happy ending:0.63975
drama:0.6365
plot:0.6235
destiny:0.6095
story:0.606
sentimental:0.6045
exciting:0.60025
great ending:0.59325
life philosophy:0.592
emotional:0.591
space program:0.58875
dialogue:0.5735
redemption:0.56925
family:0.56725
global warming:0.56725
visually stunning:0.566
cloning:0.55425
good acting:0.5485
unrealistic:0.546
dinosaurs:0.542
good action:0.5325
stupid:0.53125
bad cgi:0.52725
ensemble cast:0.52675
bad acting:0.519
future:0.51625
suspense:0.50775
space travel:0.50025
weapons:0.4965
so bad it's funny:0.49625
cerebral:0.489
thought-provoking:0.47425
franchise:0.47425
lame:0.47175
realistic:0.46775
stranded:0.46375
nudity (topless - notable):0.46125
good story:0.461
life & death:0.45725
cheesy:0.4555
alone in the world:0.45475
mentor:0.4505
visual:0.449
dramatic:0.4475
touching:0.4475
awful:0.4475
better than expected:0.44725
space opera:0.446
lone hero:0.444
clones:0.44325
entertaining:0.4385
chase:0.43225
pointless:0.426
existentialism:0.423
stereotypes:0.4215
great:0.41825
cgi:0.41725
alien:0.4135
god:0.412
silly:0.40625
bad ending:0.404
superheroes:0.4005
death:0.399
alternate reality:0.3965
horrible:0.3935
solitude:0.392
