dreams:0.99075
franchise:0.99025
horror:0.98625
teens:0.98475
slasher:0.9825
serial killer:0.96575
good sequel:0.88525
murder:0.872
series:0.84575
original:0.84425
fantasy:0.808
scary:0.798
special effects:0.7685
sequels:0.76075
teen movie:0.76
sequel:0.7315
great ending:0.6945
goofy:0.6735
death:0.6295
revenge:0.61
creepy:0.60925
splatter:0.60075
doctors:0.583
demons:0.5765
mentor:0.57225
80s:0.563
hospital:0.55975
brutality:0.5595
teen:0.55125
supernatural:0.542
fantasy world:0.5405
nudity (topless):0.533
effects:0.529
fun movie:0.52675
creativity:0.52375
gruesome:0.517
gory:0.509
surreal:0.504
monster:0.50075
predictable:0.49525
teenagers:0.484
halloween:0.47075
great:0.4695
transformation:0.45475
redemption:0.4485
bloody:0.4395
psychiatry:0.43775
violence:0.42525
weapons:0.42375
overrated:0.42
dialogue:0.41775
vengeance:0.41625
mythology:0.41525
suspense:0.41475
dreamlike:0.411
good:0.40975
camp:0.40825
bad plot:0.4055
storytelling:0.396
crappy sequel:0.393
catastrophe:0.37375
psychiatrist:0.37075
story:0.3705
cool:0.369
great movie:0.3655
sci fi:0.36375
fight scenes:0.36375
suspenseful:0.35825
mental hospital:0.34175
first contact:0.3385
not funny:0.336
adaptation:0.33225
nudity:0.33075
cult film:0.33025
bullying:0.32975
superheroes:0.329
monsters:0.327
writers:0.3265
unusual plot structure:0.3265
campy:0.322
clever:0.32025
pornography:0.32
grindhouse:0.319
alternate reality:0.3145
alter ego:0.3115
nudity (full frontal - notable):0.3105
good soundtrack:0.31
silly fun:0.29875
weird:0.298
puppets:0.28575
surrealism:0.28475
intense:0.28225
psychology:0.2815
violent:0.2815
twists & turns:0.2805
melancholic:0.28025
life & death:0.27975
adolescence:0.276
imdb top 250:0.27525
fun:0.27425
