politics:0.99075
journalism:0.98575
propaganda:0.9735
documentary:0.96975
political:0.95875
race issues:0.9515
censorship:0.93275
corruption:0.90025
manipulation:0.896
business:0.89425
brainwashing:0.8695
greed:0.864
interesting:0.80725
social commentary:0.77
iraq war:0.76575
world politics:0.75225
very interesting:0.74375
secrets:0.7415
original:0.7235
iraq:0.7155
idealism:0.71525
narrated:0.7005
intellectual:0.6725
internet:0.6715
pornography:0.6435
investigation:0.63775
intelligent:0.62875
conspiracy:0.62825
criterion:0.62575
terrorism:0.61925
assassination:0.61825
great ending:0.6125
complex:0.60175
obsession:0.6
9/11:0.6
factual:0.58825
talky:0.58575
powerful ending:0.5755
good:0.575
radio:0.573
capitalism:0.56075
honest:0.5565
clever:0.552
excellent script:0.55075
paranoia:0.548
compassionate:0.5475
israel:0.5425
twists & turns:0.54025
storytelling:0.54
justice:0.52675
surveillance:0.512
good soundtrack:0.51175
culture clash:0.51
violence:0.50625
adapted from:book:0.50025
pg-13:0.499
movielens top pick:0.49625
adaptation:0.49325
weapons:0.486
intense:0.484
mentor:0.483
philosophy:0.482
oil:0.48175
based on a book:0.48
prejudice:0.4785
brutality:0.478
oscar (best directing):0.4775
cerebral:0.47725
dialogue:0.46975
entertaining:0.46625
president:0.465
sexualized violence:0.46475
betrayal:0.46175
moral ambiguity:0.46175
free to download:0.45325
absurd:0.45175
suprisingly clever:0.4495
imdb top 250:0.4495
revolution:0.4485
complicated:0.4435
runaway:0.44
catastrophe:0.43925
life philosophy:0.435
corporate america:0.43375
forceful:0.42725
based on book:0.42625
enigmatic:0.4235
twist:0.423
television:0.4225
controversial:0.42125
biting:0.415
visually appealing:0.4145
police investigation:0.41425
islam:0.414
distopia:0.4125
light:0.41175
murder:0.41175
suspense:0.404
torture:0.40175
witty:0.39975
