criterion:0.947
bleak:0.9265
weird:0.8845
imdb top 250:0.85825
psychological:0.8485
original:0.8435
sci-fi:0.84225
suburbia:0.83925
paranoia:0.8225
enigmatic:0.8125
science fiction:0.81075
cerebral:0.8075
golden palm:0.80575
psychology:0.7885
ominous:0.78675
visceral:0.77725
paranoid:0.77375
spying:0.77325
visually appealing:0.768
talky:0.76675
loneliness:0.766
disturbing:0.7525
cult classic:0.75
downbeat:0.73575
cinematography:0.727
melancholic:0.71725
great ending:0.715
atmospheric:0.7145
existentialism:0.7125
gunfight:0.709
grim:0.701
allegory:0.6995
storytelling:0.68875
dreams:0.68525
masterpiece:0.67275
scifi:0.665
reflective:0.6625
sci fi:0.6555
social commentary:0.65325
suprisingly clever:0.65225
greed:0.6435
mindfuck:0.637
oscar (best directing):0.633
good soundtrack:0.6315
harsh:0.626
depressing:0.6245
strange:0.62375
great acting:0.61625
tense:0.615
movielens top pick:0.61425
visually stunning:0.612
based on a book:0.59575
narrated:0.5865
affectionate:0.57825
melancholy:0.57775
great:0.5705
unusual plot structure:0.56825
creepy:0.56575
beautifully filmed:0.549
complex:0.548
transformation:0.54725
cult film:0.54675
visual:0.54675
hitchcock:0.544
cold war:0.5435
dark humor:0.5315
black and white:0.5185
life & death:0.51725
cult:0.5165
story:0.516
depression:0.50675
stylized:0.504
childhood:0.5025
character study:0.5015
surreal:0.501
quotable:0.4965
mentor:0.4935
highly quotable:0.49225
dark:0.49125
doctors:0.49075
dialogue:0.48825
oscar (best cinematography):0.48225
metaphysics:0.48125
life philosophy:0.47725
classic:0.47675
breathtaking:0.47575
redemption:0.46625
fighting the system:0.4645
drinking:0.4605
mental illness:0.458
nocturnal:0.45725
catastrophe:0.45425
very good:0.45425
meditative:0.454
brutality:0.45125
excellent:0.45025
imagination:0.4475
macabre:0.44475
life:0.4445
great cinematography:0.44225
