stand-up comedy:0.99325
comedy:0.94525
criterion:0.86475
funny:0.8365
talky:0.83625
imdb top 250:0.82375
original:0.82275
documentary:0.81275
suspense:0.793
tense:0.79175
hilarious:0.77275
drugs:0.77075
storytelling:0.73625
social commentary:0.729
dramatic:0.7265
very funny:0.72525
suprisingly clever:0.70475
great acting:0.702
reflective:0.687
mentor:0.67875
bleak:0.67275
visceral:0.665
grim:0.65525
oscar (best directing):0.64825
forceful:0.642
masterpiece:0.6375
harsh:0.62675
art:0.624
corruption:0.6205
tragedy:0.6145
culture clash:0.6015
complex:0.59875
golden palm:0.59775
serial killer:0.5925
amazing photography:0.59025
movielens top pick:0.58875
greed:0.58125
childhood:0.58075
stylized:0.5795
runaway:0.5775
artist:0.5735
artistic:0.571
black and white:0.562
brutality:0.56175
violent:0.56
melancholy:0.5595
interesting:0.552
classic:0.54775
powerful ending:0.545
weapons:0.543
life & death:0.54
oscar (best supporting actor):0.539
highly quotable:0.538
oscar (best actress):0.53675
honest:0.5355
gunfight:0.529
unusual plot structure:0.5285
cerebral:0.528
great ending:0.5245
character study:0.5245
good soundtrack:0.51975
affectionate:0.51675
california:0.5155
intimate:0.5115
rebellion:0.51025
oscar (best supporting actress):0.509
creativity:0.50875
realistic:0.508
great movie:0.50525
cinematography:0.50475
dark humor:0.49525
drinking:0.495
gory:0.49025
boxing:0.48825
atmospheric:0.48625
death:0.48425
paranoid:0.4755
oscar (best foreign language film):0.475
entertaining:0.47425
great:0.4735
gangsters:0.47325
comic:0.47125
drama:0.46875
prejudice:0.46775
meditative:0.46525
transformation:0.46325
chase:0.46225
catastrophe:0.46125
1970s:0.46075
mental illness:0.4605
narrated:0.45925
foul language:0.4545
nudity (full frontal - brief):0.45025
twists & turns:0.45025
male nudity:0.45
good acting:0.4495
insanity:0.44925
dysfunctional family:0.4465
violence:0.44625
pornography:0.446
