spelling bee:1.0
judaism:0.96725
based on a book:0.96525
dysfunctional family:0.9375
family drama:0.932
religion:0.91125
god:0.911
family:0.895
secrets:0.86425
mental illness:0.74225
jewish:0.739
original:0.7295
family bonds:0.71475
based on book:0.6635
relationships:0.59925
enigmatic:0.596
depression:0.554
visually appealing:0.545
excellent script:0.543
emotional:0.52275
police investigation:0.52225
adapted from:book:0.51775
cinematography:0.51
intimate:0.50975
pornography:0.5055
story:0.50425
mentor:0.5
drama:0.4965
culture clash:0.49525
guilt:0.48475
storytelling:0.48225
reflective:0.48175
plot:0.476
parenthood:0.4685
beautiful scenery:0.46
nudity (full frontal - notable):0.45775
visual:0.44975
intense:0.4495
life philosophy:0.44625
intellectual:0.44125
good soundtrack:0.44025
catastrophe:0.43325
nudity (topless - notable):0.4315
quirky:0.4295
redemption:0.42925
independent film:0.429
jews:0.42875
nudity (full frontal - brief):0.4255
dialogue:0.425
bad plot:0.423
weird:0.42125
earnest:0.412
book:0.40525
pg-13:0.40475
interracial romance:0.4035
exceptional acting:0.401
runaway:0.398
visually stunning:0.3965
complex:0.39375
surreal:0.391
obsession:0.39
divorce:0.38675
adaptation:0.3855
feel-good:0.38475
psychological:0.37425
pointless:0.374
talky:0.37275
predictable:0.36975
great acting:0.36725
oscar (best directing):0.365
stylized:0.3635
criterion:0.36225
cerebral:0.36075
islam:0.36
books:0.35525
death:0.352
writers:0.349
adoption:0.347
insanity:0.3465
parallel universe:0.3465
narrated:0.346
marriage:0.3455
meditative:0.3405
melancholic:0.3405
childhood:0.3355
great ending:0.3315
vengeance:0.32925
imdb top 250:0.32825
catholicism:0.32575
shallow:0.32125
multiple storylines:0.3205
dramatic:0.319
not funny:0.31875
good:0.31825
sacrifice:0.31725
philosophical:0.31625
brothers:0.31575
brutality:0.3155
psychology:0.31425
identity:0.31425
