christmas:0.9995
holiday:0.997
classic:0.9725
cartoon:0.94575
special:0.934
childhood:0.86425
animation:0.81
animated:0.80725
original:0.7415
nostalgic:0.72325
children:0.674
great:0.63
imdb top 250:0.62625
made for tv:0.60875
short:0.607
great ending:0.604
touching:0.5955
family:0.59475
greed:0.591
powerful ending:0.57225
story:0.56625
oscar (best actress):0.56375
earnest:0.54725
unusual plot structure:0.5455
melancholy:0.54225
scenic:0.53025
mentor:0.51525
beautifully filmed:0.51375
dialogue:0.51325
sentimental:0.508
kids:0.507
fun movie:0.498
oscar (best directing):0.49475
great movie:0.49325
heartwarming:0.4895
storytelling:0.4865
sweet:0.48475
runaway:0.4775
criterion:0.472
affectionate:0.46975
imagination:0.468
redemption:0.45625
catastrophe:0.456
beautiful scenery:0.45025
free speech:0.443
kids and family:0.4425
creativity:0.44075
light:0.43825
series:0.4365
stop motion:0.4355
good:0.4345
animals:0.43375
adapted from:book:0.433
suprisingly clever:0.4305
enigmatic:0.422
oscar (best supporting actress):0.42075
toys:0.42025
fantasy world:0.41725
transformation:0.41525
clever:0.41475
first contact:0.4015
masterpiece:0.39875
excellent:0.3985
happy ending:0.3955
bittersweet:0.395
simple:0.39425
talky:0.39325
idealism:0.3915
destiny:0.3805
jazz:0.377
police investigation:0.3755
good versus evil:0.364
breathtaking:0.36175
afi 100 (movie quotes):0.36125
atmospheric:0.35725
television:0.356
poignant:0.355
narrated:0.35475
melancholic:0.3515
very funny:0.35075
adaptation:0.348
cerebral:0.34425
amazing photography:0.34175
spiders:0.34025
weird:0.33775
oscar winner:0.3345
witty:0.33375
life & death:0.33225
music:0.332
sacrifice:0.32775
sappy:0.32575
solitude:0.3205
rebellion:0.31775
culture clash:0.317
animal movie:0.3145
allegory:0.311
quotable:0.31075
perfect:0.31
fun:0.30875
whimsical:0.30725
