criterion:0.98975
paris:0.96325
french:0.93725
talky:0.9345
stylized:0.88675
enigmatic:0.87975
neo-noir:0.8645
cynical:0.85175
hotel:0.8415
masterpiece:0.83225
affectionate:0.8265
intimate:0.82575
existentialism:0.8235
melancholic:0.823
obsession:0.80275
golden palm:0.7915
black and white:0.77925
runaway:0.77725
imdb top 250:0.7685
dialogue:0.765
intellectual:0.75725
france:0.756
crime:0.75175
art house:0.747
stylish:0.7465
classic:0.7435
original:0.73025
satirical:0.7165
artistic:0.69875
melancholy:0.69775
film noir:0.6935
reflective:0.68975
visually appealing:0.6885
narrated:0.68675
witty:0.68525
weird:0.67525
relationships:0.6595
cerebral:0.6555
loneliness:0.65025
social commentary:0.64975
noir:0.64675
storytelling:0.6435
cinematography:0.635
sexy:0.6345
very interesting:0.6295
ironic:0.617
pornography:0.60775
quirky:0.60625
perfect:0.6
philosophical:0.596
entirely dialogue:0.593
breathtaking:0.59275
pretentious:0.5825
art:0.58025
atmospheric:0.57125
good soundtrack:0.571
twists & turns:0.562
visual:0.55775
gangster:0.55575
meditative:0.555
cool:0.55375
whimsical:0.5465
literary adaptation:0.54575
crime gone awry:0.5455
downbeat:0.5415
interesting:0.53975
culture clash:0.53775
gangsters:0.53625
bleak:0.53125
love:0.52425
nocturnal:0.518
oscar (best directing):0.50275
great dialogue:0.495
suprisingly clever:0.492
mentor:0.49
great cinematography:0.4895
non-linear:0.48625
unusual plot structure:0.47225
oscar (best actress):0.46975
moody:0.46875
beautifully filmed:0.46
grindhouse:0.45925
1950s:0.4585
anti-hero:0.45675
complex:0.449
passionate:0.445
1960s:0.4445
oscar (best foreign language film):0.44
deadpan:0.4375
idealism:0.4315
oscar (best writing - screenplay written directly for the screen):0.42825
light:0.42275
harsh:0.41775
life philosophy:0.41675
catastrophe:0.415
absurd:0.4135
surreal:0.41
photography:0.40975
great ending:0.408
poignant:0.40575
