gangsters:0.8795
crime:0.85675
original:0.69625
mob:0.557
gangster:0.55675
great ending:0.55575
drinking:0.54
death:0.5385
unlikely friendships:0.5275
hit men:0.521
dialogue:0.515
stylized:0.505
excellent script:0.4985
redemption:0.491
great acting:0.48375
friendship:0.483
justice:0.47525
drugs:0.46775
gunfight:0.4585
runaway:0.44525
predictable:0.4415
comedy:0.43725
vengeance:0.43475
melancholic:0.434
corruption:0.4295
fun movie:0.42875
great:0.427
mentor:0.41275
storytelling:0.40525
catastrophe:0.40425
story:0.4035
revenge:0.401
destiny:0.401
prison:0.36975
culture clash:0.358
feel-good:0.35675
life philosophy:0.34975
betrayal:0.34925
unfunny:0.346
drama:0.3375
pornography:0.33675
crude humor:0.3325
first contact:0.31725
existentialism:0.317
feel good movie:0.3155
entirely dialogue:0.30925
good soundtrack:0.30825
buddy movie:0.3035
brutality:0.30175
solitude:0.29475
not funny:0.28875
melancholy:0.28425
lone hero:0.28375
violence:0.281
too long:0.2755
classic car:0.27275
multiple storylines:0.2705
silly:0.26975
heist:0.26875
action:0.26875
relationships:0.2645
entertaining:0.26175
humorous:0.254
chase:0.2505
narrated:0.249
vigilante:0.2485
bittersweet:0.247
very funny:0.24675
nostalgic:0.24575
fun:0.24275
quirky:0.241
good:0.239
happy ending:0.23875
transformation:0.238
silly fun:0.237
tricky:0.235
overrated:0.235
exceptional acting:0.23375
suprisingly clever:0.2305
grindhouse:0.2285
dreamlike:0.22625
light:0.22275
plot:0.2225
great dialogue:0.22175
aging:0.22075
stoner movie:0.219
hitman:0.21875
oscar:0.215
fight scenes:0.21425
twists & turns:0.213
original plot:0.2105
clever:0.20925
cult classic:0.20725
powerful ending:0.20625
fantasy world:0.20525
life & death:0.20525
oscar (best supporting actress):0.204
ensemble cast:0.203
bad plot:0.20225
emotional:0.20175
