destiny:0.8645
women:0.85725
workplace:0.85575
chick flick:0.83025
romantic comedy:0.78625
family:0.769
comedy:0.7355
cute:0.68
business:0.67225
doctors:0.6515
girlie movie:0.64975
romantic:0.629
original:0.62875
sweet:0.61475
corporate america:0.60425
good:0.59025
classic:0.5865
lawyers:0.5835
mentor:0.583
feel-good:0.5675
80s:0.5585
adoption:0.539
new york city:0.537
shopping:0.53375
cute!:0.507
life:0.48625
lawyer:0.48575
sentimental:0.48125
romance:0.4785
story:0.467
pg-13:0.44775
dialogue:0.4465
catastrophe:0.43925
heartwarming:0.43575
happy ending:0.4355
screwball:0.4285
predictable:0.4205
great ending:0.40925
childhood:0.40775
feel good movie:0.407
fun movie:0.4065
stereotypes:0.406
runaway:0.375
touching:0.36975
culture clash:0.36925
great:0.36825
life philosophy:0.36675
oscar winner:0.358
marriage:0.3485
very funny:0.34625
sappy:0.335
chase:0.33075
relationships:0.3275
fun:0.3265
animals:0.32075
new york:0.317
transformation:0.3165
unlikely friendships:0.3095
love story:0.30475
oscar (best actress):0.30225
divorce:0.30175
brutality:0.3015
fish:0.3005
death:0.30025
funny:0.29875
fantasy world:0.298
simple:0.29575
first contact:0.29475
greed:0.2945
creativity:0.283
1980s:0.28175
natural disaster:0.28
good soundtrack:0.2795
life & death:0.27425
lone hero:0.273
absurd:0.27275
entirely dialogue:0.27075
intense:0.2705
good romantic comedies:0.26625
1930s:0.266
not funny:0.264
hospital:0.263
oscar:0.262
internet:0.261
unfunny:0.25875
guilty pleasure:0.2585
light:0.25775
storytelling:0.257
small town:0.257
love:0.256
fantasy:0.25525
suprisingly clever:0.255
vengeance:0.25475
adaptation:0.2525
unusual plot structure:0.24975
alter ego:0.2495
inspirational:0.249
slapstick:0.2445
suspense:0.24125
drama:0.239
