coen bros:0.99975
remake:0.96275
heist:0.93175
coen brothers:0.89775
original:0.8925
comedy:0.82975
dialogue:0.82175
view askew:0.797
foul language:0.77625
caper:0.768
greed:0.725
stereotypes:0.6525
quirky:0.63
dark humor:0.6285
crime:0.62225
funny:0.57925
very funny:0.5755
clever:0.5615
good soundtrack:0.557
eccentricity:0.55025
gangsters:0.54775
black comedy:0.52575
pointless:0.51625
cinematography:0.51
dark comedy:0.51
humorous:0.50325
original plot:0.495
unfunny:0.49075
stylized:0.4905
great ending:0.488
absurd:0.48775
adaptation:0.477
entirely dialogue:0.4725
satire:0.46025
goofy:0.45475
harsh:0.453
idiotic:0.44725
storytelling:0.4445
predictable:0.43275
catastrophe:0.43
mentor:0.429
weird:0.42175
talky:0.419
whimsical:0.411
visually appealing:0.403
story:0.39575
great:0.3915
interesting:0.388
british comedy:0.38475
sexualized violence:0.38425
brutality:0.38075
twists & turns:0.376
death:0.3735
redemption:0.36675
social commentary:0.36225
corruption:0.36025
humor:0.3575
good:0.35475
melancholic:0.35375
irreverent:0.35325
slapstick:0.35125
writers:0.3445
obsession:0.34325
brothers:0.34125
robbery:0.341
justice:0.34025
pornography:0.33975
entertaining:0.3395
creativity:0.3385
funny as hell:0.33225
con artists:0.3315
classic:0.33
crude humor:0.32975
british:0.328
crime gone awry:0.3255
great movie:0.32525
loneliness:0.32475
imdb top 250:0.324
culture clash:0.32325
casino:0.32275
screwball:0.32275
complex:0.32225
bad ending:0.3205
witty:0.3205
farce:0.31975
hilarious:0.316
so bad it's funny:0.31425
new orleans:0.312
violence:0.312
con men:0.31025
off-beat comedy:0.3065
suspense:0.30475
good dialogue:0.304
cerebral:0.30225
pg-13:0.30225
nudity (full frontal - brief):0.3015
life philosophy:0.30125
destiny:0.29675
money:0.29625
life & death:0.29575
