vampires:0.99925
vampire:0.998
immortality:0.9645
adapted from:book:0.95675
goth:0.8315
book was better:0.827
based on a book:0.82675
original:0.8085
new orleans:0.7875
blood:0.77925
book:0.775
books:0.77425
cult classic:0.7735
based on book:0.7685
mentor:0.76725
horror:0.75875
adaptation:0.74225
good soundtrack:0.73225
nocturnal:0.718
gothic:0.71725
literature:0.7155
drama:0.71225
gory:0.70375
atmospheric:0.6715
drinking:0.66825
mythology:0.66375
dark:0.66225
good:0.642
great:0.6355
dark hero:0.632
transformation:0.632
fight scenes:0.62125
great movie:0.6185
brutality:0.585
story:0.58425
life & death:0.57975
great acting:0.57025
dialogue:0.5675
fantasy world:0.567
splatter:0.55925
intense:0.55525
stylish:0.5505
violence:0.54825
revenge:0.548
bloody:0.546
18th century:0.545
storytelling:0.54425
supernatural:0.5335
awesome soundtrack:0.529
death:0.52375
vengeance:0.52325
great ending:0.523
creepy:0.50975
violent:0.5085
demons:0.5015
scary:0.5005
cool:0.49625
highly quotable:0.491
destiny:0.48475
excellent:0.48075
fun movie:0.4725
loneliness:0.4705
melancholic:0.46975
catastrophe:0.46825
san francisco:0.4575
moral ambiguity:0.4535
weird:0.44675
cult film:0.443
visually appealing:0.43475
narrated:0.4335
distopia:0.4325
underrated:0.43225
existentialism:0.432
life philosophy:0.43
witches:0.4185
very good:0.417
macabre:0.4145
pg-13:0.414
dark humor:0.41325
life:0.4065
justice:0.40475
interesting:0.4
stylized:0.3975
quotable:0.39275
alter ego:0.38525
sexualized violence:0.38325
good acting:0.38075
dark fantasy:0.37775
devil:0.377
betrayal:0.37675
harsh:0.3765
fantasy:0.372
grindhouse:0.3715
cinematography:0.37075
biting:0.36875
friendship:0.3635
passionate:0.3615
redemption:0.359
cult:0.3555
graphic novel:0.3485
