teen movie:0.99175
teen:0.99025
high school:0.98625
teens:0.96225
werewolf:0.94925
1980s:0.935
80s:0.92625
werewolves:0.916
sports:0.903
teenager:0.89925
adolescence:0.85725
fun movie:0.8445
nostalgic:0.822
goofy:0.77775
bullying:0.769
geeks:0.76375
teenagers:0.7635
underdog:0.75725
basketball:0.7455
great ending:0.69025
pg:0.68825
feel-good:0.686
cool:0.68425
pg-13:0.669
original:0.667
school:0.65875
mentor:0.6565
future:0.6555
comedy:0.655
good:0.65475
cheesy:0.6395
silly:0.612
good soundtrack:0.6025
fun:0.602
stereotypes:0.5945
predictable:0.58725
unlikely friendships:0.58225
geek:0.55325
awesome soundtrack:0.55275
beer:0.5465
silly fun:0.546
childhood:0.54275
cheerleading:0.5425
feel good movie:0.53625
nerds:0.52975
rebellion:0.51625
buddy movie:0.5105
allegory:0.51025
nostalgia:0.50475
guilty pleasure:0.48425
california:0.48125
family:0.481
happy ending:0.47275
runaway:0.4695
girlie movie:0.463
small town:0.45875
great:0.4565
dialogue:0.441
coming-of-age:0.435
cult classic:0.4345
drinking:0.4305
catastrophe:0.42675
computer animation:0.42325
kids:0.41475
underrated:0.4135
fantasy:0.412
so bad it's funny:0.3805
camp:0.38025
lame:0.37975
cute!:0.3785
friendship:0.377
brutality:0.3765
entertaining:0.3705
teacher:0.36925
fantasy world:0.35475
nudity (topless - notable):0.3495
storytelling:0.3445
coming of age:0.3445
corny:0.343
chase:0.341
not funny:0.334
transformation:0.33075
cult film:0.32675
multiple storylines:0.32075
shallow:0.31675
story:0.316
culture clash:0.31525
classic:0.3145
first contact:0.314
life philosophy:0.31225
very funny:0.3115
overrated:0.31075
adaptation:0.30825
lone hero:0.30625
dumb but funny:0.306
honest:0.30525
alter ego:0.303
inspirational:0.303
new jersey:0.2985
great movie:0.29675
