80s:0.86275
fun movie:0.8425
original:0.7575
sexy:0.69825
comedy:0.69
predictable:0.67875
screwball comedy:0.6765
so bad it's funny:0.638
1980s:0.6055
fun:0.587
silly fun:0.56125
silly:0.54475
dialogue:0.522
mentor:0.51725
great ending:0.514
cheesy:0.494
idiotic:0.49275
bad plot:0.48825
bad acting:0.4845
bad:0.4735
goofy:0.47325
teen movie:0.46775
horrible:0.45225
campy:0.4475
guilty pleasure:0.4415
family:0.43925
very funny:0.43875
funny:0.43725
happy ending:0.437
overrated:0.4325
catastrophe:0.419
brutality:0.4155
great:0.40925
quirky:0.40575
nudity (topless - notable):0.4015
pornography:0.3965
hit men:0.38375
nostalgic:0.38275
girlie movie:0.38
existentialism:0.38
cute!:0.37675
women:0.3765
murder:0.37225
chase:0.37125
new york city:0.37125
cult film:0.369
teens:0.36775
fight scenes:0.36425
destiny:0.359
lone hero:0.3585
entirely dialogue:0.35775
good soundtrack:0.35525
slapstick:0.3545
animals:0.35425
melancholic:0.35275
life philosophy:0.35175
disaster:0.3445
first contact:0.34025
fantasy world:0.338
adaptation:0.3345
cute:0.32325
light:0.31975
stupid:0.3175
runaway:0.316
cinematography:0.30925
romantic comedy:0.30225
dreamlike:0.30175
redemption:0.3015
twist ending:0.30125
storytelling:0.2985
boring:0.298
prison:0.29775
future:0.296
not funny:0.29575
love story:0.294
culture clash:0.2935
weapons:0.2905
70mm:0.29025
justice:0.289
love:0.28525
imdb top 250:0.27875
twists & turns:0.278
romance:0.27725
story:0.275
romantic:0.27325
vengeance:0.27125
police investigation:0.27025
crazy:0.267
suspense:0.265
underrated:0.265
screwball:0.26475
pointless:0.26325
teen:0.26325
stupidity:0.263
nudity (topless):0.262
childhood:0.26
memory:0.25925
humorous:0.258
lame:0.257
oscar (best directing):0.25675
