surreal:0.8395
criterion:0.81775
enigmatic:0.77475
macabre:0.767
visual:0.7405
adaptation:0.73325
art house:0.72475
cinematography:0.71925
allegory:0.70575
eerie:0.69575
original:0.689
weird:0.68625
devil:0.66425
dreamlike:0.646
melancholic:0.64025
insanity:0.63325
cerebral:0.62
dreams:0.602
nudity (full frontal - notable):0.59275
transformation:0.5925
storytelling:0.579
nudity (topless - notable):0.56825
rome:0.5565
gothic:0.526
erotic:0.52
nocturnal:0.513
male nudity:0.51225
harsh:0.50275
dark fantasy:0.50175
literary adaptation:0.4965
narrated:0.49525
distopia:0.48825
surrealism:0.48375
mad scientist:0.46375
pornography:0.45725
story:0.4525
stylized:0.44675
obsession:0.4455
life & death:0.44275
creepy:0.43825
author:neil gaiman:0.42925
multiple storylines:0.42475
catastrophe:0.4225
visually stunning:0.4175
atmospheric:0.41525
hallucinatory:0.4115
sexualized violence:0.4035
god:0.39325
satirical:0.3905
existentialism:0.38475
so bad it's funny:0.38375
beautifully filmed:0.38275
technology:0.3675
dark:0.36575
overrated:0.365
meditative:0.36325
solitude:0.362
cult classic:0.3605
masterpiece:0.35425
sexual:0.3505
nudity (topless):0.34975
tokyo:0.34675
great ending:0.34575
sexy:0.343
disturbing:0.3415
art:0.34075
spanish:0.33525
redemption:0.33325
imagination:0.33125
demons:0.32725
grindhouse:0.32575
brutality:0.32275
bloody:0.32225
supernatural:0.32
scary:0.3185
first contact:0.31325
philip k. dick:0.313
classic car:0.312
stunning:0.3115
dialogue:0.305
stylish:0.304
bad ending:0.2895
not funny:0.28875
very interesting:0.28625
passionate:0.28525
writers:0.28275
strange:0.2805
breathtaking:0.2795
colourful:0.2755
mentor:0.27525
original plot:0.273
cult film:0.2715
psychedelic:0.271
bizarre:0.2695
oscar (best directing):0.26875
loneliness:0.2665
suprisingly clever:0.26425
visually appealing:0.26325
doctors:0.2625
boring:0.2615
