visually appealing:0.9395
visually stunning:0.88825
story:0.87125
life & death:0.863
beautifully filmed:0.84575
storytelling:0.80925
cinematography:0.79225
original:0.7235
very interesting:0.67525
indians:0.67425
visual:0.667
beautiful scenery:0.65125
first contact:0.60575
based on true story:0.599
destiny:0.5975
jesus:0.58975
death:0.553
mentor:0.54725
dramatic:0.53975
transformation:0.53975
childhood:0.53925
catastrophe:0.536
great cinematography:0.5195
fantasy world:0.5075
great:0.50725
sacrifice:0.50575
existentialism:0.48975
meditative:0.4755
alone in the world:0.47425
weird:0.4735
70mm:0.46725
solitude:0.455
melancholic:0.45375
so bad it's funny:0.44775
great ending:0.4465
redemption:0.44575
adventure:0.4435
suprisingly clever:0.438
good soundtrack:0.4225
beautiful:0.4125
breathtaking:0.40825
god:0.40575
light:0.4045
culture clash:0.4035
teacher:0.39625
gunfight:0.38475
narrated:0.383
good:0.37725
allegory:0.375
unusual plot structure:0.37025
natural disaster:0.358
philosophy:0.356
not funny:0.35475
life:0.35125
cerebral:0.34825
creativity:0.34725
reflective:0.34625
dialogue:0.34475
religion:0.344
great movie:0.34275
touching:0.3425
technology:0.3405
humanity:0.339
visuals:0.338
enigmatic:0.336
internet:0.33475
adaptation:0.33425
life philosophy:0.33325
imagination:0.32875
alternate reality:0.32225
runaway:0.3215
family:0.321
lone hero:0.31675
bad ending:0.3125
art:0.30875
corruption:0.30725
greed:0.3045
interesting:0.30325
islam:0.2985
complex:0.29525
compassionate:0.295
absurd:0.29425
predictable:0.29175
dreams:0.29125
plot twist:0.289
sci fi:0.28725
dreamlike:0.285
unfunny:0.2835
slow:0.2825
pornography:0.278
special:0.275
utopia:0.27225
sentimental:0.2705
criterion:0.26875
distopia:0.267
disaster:0.266
male nudity:0.26375
pg-13:0.263
stylized:0.26225
desert:0.26175
