futuristic:0.98075
giant robots:0.97775
robots:0.97375
visual:0.969
visually stunning:0.96825
visually appealing:0.95575
cgi:0.905
story:0.899
technology:0.88775
sci fi:0.88625
scifi:0.8855
visuals:0.884
special effects:0.8825
alternate reality:0.87125
big budget:0.85775
science fiction:0.83775
adventure:0.83225
robot:0.809
fantasy world:0.80825
sci-fi:0.80425
dynamic cgi action:0.803
imagination:0.80025
original:0.7985
1930s:0.7785
dialogue:0.75675
future:0.75525
alone in the world:0.74
pulp:0.734
fantasy:0.73225
alternate universe:0.72575
computer animation:0.72525
surreal:0.7225
steampunk:0.7085
mad scientist:0.697
storytelling:0.6925
stunning:0.68575
stylized:0.68425
superheroes:0.67625
dreamlike:0.66525
utopia:0.6585
first contact:0.62475
cerebral:0.61675
super hero:0.604
plot holes:0.59725
catastrophe:0.5905
action:0.589
graphic design:0.55475
weird:0.55
clones:0.5435
comic book:0.54025
lone hero:0.53675
existentialism:0.53475
parallel universe:0.53425
creativity:0.53025
mythology:0.52325
plot:0.51675
end of the world:0.5165
effects:0.5095
cinematography:0.49875
computer game:0.49125
great ending:0.48775
life philosophy:0.48675
natural disaster:0.4815
fun movie:0.471
colourful:0.46325
better than expected:0.46225
light:0.45875
pg-13:0.45625
dystopic future:0.45325
predictable:0.45225
bad cgi:0.45125
transformation:0.44925
bad acting:0.44325
destiny:0.4415
bad plot:0.434
fun:0.432
superhero:0.4285
so bad it's funny:0.428
absurd:0.427
cult film:0.425
weapons:0.4135
nostalgic:0.412
island:0.4115
great:0.409
apocalypse:0.40675
entirely dialogue:0.4035
dinosaurs:0.3985
runaway:0.396
fight scenes:0.38975
dystopia:0.38925
cool:0.38925
melancholic:0.38325
mentor:0.38175
alternate history:0.38125
silly:0.3765
enigmatic:0.375
script:0.374
high fantasy:0.37375
exciting:0.367
android(s)/cyborg(s):0.36425
