corruption:0.93275
police corruption:0.8765
mentor:0.8125
justice:0.81225
drama:0.8055
lawyer:0.78125
original:0.74775
very interesting:0.71725
courtroom:0.65525
politics:0.62875
lawyers:0.61775
adaptation:0.60025
interesting:0.585
based on a book:0.5835
good:0.581
dialogue:0.5515
new york city:0.54275
police investigation:0.54
runaway:0.5255
adapted from:book:0.499
story:0.4905
political:0.48975
great ending:0.48525
life philosophy:0.4735
predictable:0.4645
pg-13:0.462
love story:0.45675
murder:0.4565
catastrophe:0.45075
based on book:0.4505
distopia:0.44975
plot:0.4495
feel-good:0.442
secrets:0.4395
gritty:0.4325
good soundtrack:0.418
manipulation:0.41425
complex:0.414
greed:0.40975
destiny:0.40475
nudity (topless - notable):0.399
chase:0.3935
storytelling:0.39175
talky:0.39175
death:0.38475
pornography:0.381
unusual plot structure:0.3805
political corruption:0.38025
crime:0.3795
melancholic:0.3775
light:0.3765
great acting:0.374
culture clash:0.3695
clever:0.3675
very good:0.3675
feel good movie:0.36575
good acting:0.36525
books:0.3635
betrayal:0.3625
visually appealing:0.3625
fantasy world:0.36225
lone hero:0.35775
not funny:0.35425
prejudice:0.34
crime gone awry:0.33275
world politics:0.3285
transformation:0.3275
technology:0.32525
surveillance:0.32375
great:0.32125
entirely dialogue:0.321
life & death:0.32075
criterion:0.318
redemption:0.31775
social commentary:0.3145
police:0.31375
nudity (full frontal - brief):0.31325
nudity (topless):0.313
classic car:0.3105
vengeance:0.3105
original plot:0.308
dark hero:0.30625
weapons:0.30375
film noir:0.302
first contact:0.29925
island:0.29825
narrated:0.2955
conspiracy:0.294
suspense:0.291
nocturnal:0.29025
happy ending:0.28925
intense:0.28875
cerebral:0.28775
brutality:0.28675
family:0.27725
revenge:0.2765
harsh:0.276
book was better:0.276
addiction:0.27325
gangsters:0.273
