terminal illness:0.99575
death:0.98275
cancer:0.9805
touching:0.97725
loneliness:0.9525
life & death:0.94125
poignant:0.92125
canada:0.9155
intimate:0.90775
life:0.8805
emotional:0.8795
sad:0.8785
relationships:0.87675
heartbreaking:0.8505
tear jerker:0.8335
melancholic:0.83175
compassionate:0.81775
destiny:0.816
bittersweet:0.79625
great acting:0.7915
sentimental:0.7875
hospital:0.782
life philosophy:0.7775
depression:0.7715
original:0.76625
honest:0.73375
love:0.72825
melancholy:0.718
drinking:0.71475
independent film:0.70875
reflective:0.68475
narrated:0.67975
indie:0.67525
dramatic:0.67225
philosophy:0.67225
passionate:0.65425
good soundtrack:0.651
social commentary:0.64875
beautifully filmed:0.64725
downbeat:0.646
thought-provoking:0.64025
realistic:0.63475
tragedy:0.63325
love story:0.6115
dreams:0.6075
good acting:0.60425
spanish:0.5895
sad but good:0.58075
beautiful:0.57825
solitude:0.57275
oscar (best actress):0.57225
childhood:0.571
great ending:0.56625
heartwarming:0.5455
unlikely friendships:0.54
storytelling:0.5395
philosophical:0.5315
special:0.5255
talky:0.52325
romantic:0.522
existentialism:0.521
mentor:0.519
adultery:0.5155
intellectual:0.513
meditative:0.51275
feel-good:0.5085
nudity (topless - notable):0.5065
movielens top pick:0.50125
culture clash:0.49575
oscar (best foreign language film):0.49
complex:0.4815
friendship:0.4815
visually appealing:0.47725
marriage:0.47625
aging:0.47325
drama:0.468
doctors:0.4675
immortality:0.463
suprisingly clever:0.46275
nudity (topless - brief):0.45475
catastrophe:0.45325
eccentricity:0.44825
affectionate:0.44675
cinematography:0.44525
nudity (full frontal - notable):0.4425
excellent script:0.4405
feel good movie:0.4395
character study:0.4325
mental illness:0.431
runaway:0.429
moving:0.42825
aids:0.425
quirky:0.419
beautiful scenery:0.4185
secrets:0.417
depressing:0.41075
golden palm:0.40925
weird:0.40675
coming of age:0.40325
cheating:0.4025
