oscar (best cinematography):0.93175
family:0.803
70mm:0.72425
survival:0.681
original:0.66975
natural disaster:0.661
destiny:0.65575
catastrophe:0.63975
action:0.59825
culture clash:0.59275
lone hero:0.5925
great ending:0.583
predictable:0.5705
big budget:0.562
vengeance:0.55675
intense:0.55425
cinematography:0.55075
mentor:0.54625
underrated:0.539
revenge:0.5055
chase:0.50425
plot:0.50325
oil:0.50225
family drama:0.4995
good:0.49575
children:0.46475
death:0.46175
storytelling:0.45725
sacrifice:0.45625
courage:0.45475
beautiful scenery:0.4485
romantic:0.44525
parenthood:0.4435
great:0.442
dialogue:0.4415
corruption:0.438
good action:0.42525
police investigation:0.423
dramatic:0.41975
dysfunctional family:0.4185
story:0.41325
irish accent:0.39675
redemption:0.389
action packed:0.38675
1980s:0.38625
runaway:0.38025
love story:0.37675
pg-13:0.371
happy ending:0.371
emotional:0.3675
oscar (best directing):0.36625
suspense:0.3655
nudity (full frontal - brief):0.365
photography:0.356
visually appealing:0.35275
drama:0.35
unusual plot structure:0.34975
justice:0.34775
not funny:0.346
space:0.34575
betrayal:0.34475
brutality:0.343
first contact:0.34075
hospital:0.33825
melancholic:0.3365
fight scenes:0.32875
single father:0.326
too long:0.3225
greed:0.32
pornography:0.3185
family bonds:0.3125
alternate history:0.31
life philosophy:0.30475
great movie:0.29925
good soundtrack:0.297
criterion:0.29225
harsh:0.28875
guilt:0.28825
trilogy:0.28475
conspiracy:0.28225
inspirational:0.27975
suprisingly clever:0.279
interesting:0.2785
bad ending:0.2785
ghosts/afterlife:0.27825
bad plot:0.278
adaptation:0.27525
sentimental:0.275
time:0.2745
unfunny:0.27175
nudity (topless):0.2715
violence:0.271
girlie movie:0.26975
visual:0.2685
long:0.26825
feel-good:0.26775
lawyer:0.26725
entirely dialogue:0.265
nudity (topless - brief):0.26475
island:0.26425
