france:0.9845
visually appealing:0.9835
costume drama:0.95825
period piece:0.89925
french:0.888
destiny:0.844
wine:0.8115
historical:0.80825
original:0.757
paris:0.75525
visually stunning:0.74075
great acting:0.73525
unusual plot structure:0.733
visual:0.71825
drama:0.701
art:0.68375
great ending:0.6775
very interesting:0.6745
storytelling:0.654
good soundtrack:0.63725
story:0.63325
cinematography:0.6275
dialogue:0.627
secrets:0.62
history:0.62
clever:0.6175
shallow:0.6105
tricky:0.607
light:0.57975
beautifully filmed:0.57775
dramatic:0.574
great:0.56925
absurd:0.563
brutality:0.56125
beautiful scenery:0.5595
england:0.539
greed:0.5315
male nudity:0.5285
alternate endings:0.51975
melancholic:0.51925
great movie:0.51275
farce:0.511
talky:0.5095
very funny:0.503
masterpiece:0.49525
entirely dialogue:0.49475
nudity (topless - notable):0.489
plot twist:0.48525
interesting:0.484
twists & turns:0.48375
sacrifice:0.48175
social commentary:0.479
artistic:0.473
bad ending:0.46475
pornography:0.4585
mentor:0.45525
colourful:0.45025
crime gone awry:0.4445
catastrophe:0.441
witty:0.4395
creativity:0.43925
adaptation:0.43925
cerebral:0.439
suprisingly clever:0.437
whimsical:0.437
goofy:0.43375
foreign:0.433
powerful ending:0.42925
artist:0.427
enigmatic:0.42625
pointless:0.42475
special:0.4205
entertaining:0.42
technology:0.42
fantasy world:0.419
imagination:0.418
criterion:0.41525
life & death:0.40625
plot:0.406
oscar (best directing):0.403
based on true story:0.39875
underrated:0.39725
obsession:0.3955
imdb top 250:0.39325
true story:0.393
not funny:0.39175
exceptional acting:0.38975
oscar:0.38925
idealism:0.389
stylized:0.378
intelligent:0.376
ironic:0.37575
breathtaking:0.36975
vengeance:0.36825
scenic:0.36625
us history:0.36575
satire:0.36425
ensemble cast:0.3635
slavery:0.361
reflective:0.359
