criterion:0.99425
bleak:0.9865
poignant:0.98375
imdb top 250:0.98075
downbeat:0.97575
loneliness:0.975
poverty:0.927
intimate:0.9095
affectionate:0.902
masterpiece:0.896
bittersweet:0.87125
sentimental:0.862
oscar (best directing):0.85275
dog:0.8515
rome:0.84425
powerful ending:0.82725
golden palm:0.8245
oscar (best foreign language film):0.813
reflective:0.7995
runaway:0.78675
grim:0.776
talky:0.772
social commentary:0.76525
touching:0.7585
tragedy:0.74975
homeless:0.7475
melancholy:0.734
emotional:0.72625
forceful:0.72575
enigmatic:0.71975
depression:0.71825
compassionate:0.71125
melancholic:0.7095
movielens top pick:0.70925
fascism:0.70275
redemption:0.6975
meditative:0.68325
dogs:0.6795
friendship:0.67725
heartbreaking:0.673
oscar (best actress):0.67275
character study:0.672
aging:0.67025
harsh:0.67
tense:0.6675
foreign:0.65575
greed:0.64975
relationships:0.64875
cynical:0.6475
wistful:0.645
unlikely friendships:0.644
original:0.63825
great acting:0.624
solitude:0.621
breathtaking:0.62075
hospital:0.61575
sacrifice:0.61025
classic:0.6075
culture clash:0.60725
black and white:0.6035
childhood:0.59975
atmospheric:0.59775
beautifully filmed:0.59575
morality:0.58625
oscar (best supporting actress):0.58175
suicide attempt:0.576
humanity:0.57525
gunfight:0.569
death:0.559
beautiful scenery:0.55875
great ending:0.5565
life philosophy:0.55575
betrayal:0.54825
oscar (best cinematography):0.5475
dramatic:0.54725
italy:0.53875
idealism:0.53875
great:0.53625
manipulation:0.53325
italian:0.532
fighting the system:0.53125
passionate:0.52925
heartwarming:0.52825
unusual plot structure:0.52475
allegory:0.52425
light:0.51875
honest:0.517
earnest:0.51425
realistic:0.5065
suprisingly clever:0.50525
sad:0.50475
afi 100 (movie quotes):0.50275
life & death:0.5025
mentor:0.5025
transformation:0.49725
dialogue:0.487
story:0.4835
lyrical:0.48275
cinematography:0.4685
sweet:0.46825
