music:0.97325
mentor:0.87675
classical music:0.87625
musicians:0.837
foreign:0.79875
melancholic:0.7955
allegory:0.7535
culture clash:0.74075
china:0.73075
beautifully filmed:0.721
childhood:0.71675
teacher:0.68275
good music:0.6715
father son relationship:0.661
weird:0.6275
runaway:0.6155
feel-good:0.6125
friendship:0.60875
vengeance:0.6
life philosophy:0.58175
unlikely friendships:0.57925
bollywood:0.575
good soundtrack:0.5565
artist:0.54125
criterion:0.536
touching:0.5345
original:0.533
reflective:0.53125
relationships:0.52725
oscar (best foreign language film):0.4915
redemption:0.478
musical:0.47725
dramatic:0.47025
loneliness:0.46575
character study:0.4545
social commentary:0.45425
storytelling:0.448
sentimental:0.435
great:0.43375
artistic:0.432
poignant:0.42525
love:0.4235
classic car:0.419
exceptional acting:0.41875
visually appealing:0.41725
life & death:0.41675
heartwarming:0.415
depression:0.40975
islam:0.40925
coming of age:0.40825
catastrophe:0.408
movielens top pick:0.40725
fantasy world:0.40575
simple:0.40275
imdb top 250:0.40075
story:0.39575
world politics:0.39425
emotional:0.38975
bullying:0.372
harsh:0.37125
great ending:0.37025
compassionate:0.3635
golden palm:0.363
sacrifice:0.361
complex:0.35575
intimate:0.3555
suprisingly clever:0.3535
solitude:0.35075
whimsical:0.33925
destiny:0.33825
feel good movie:0.33575
corruption:0.33375
talky:0.3315
dialogue:0.331
fun movie:0.32725
unusual plot structure:0.327
earnest:0.31925
tricky:0.31875
downbeat:0.31625
nostalgic:0.3115
tokyo:0.311
father-son relationship:0.31
assassination:0.306
based on book:0.303
not funny:0.29775
powerful ending:0.29525
secrets:0.2935
father daughter relationship:0.29025
pg-13:0.28625
enigmatic:0.2855
drama:0.283
road movie:0.281
women:0.279
adapted from:book:0.278
greed:0.2775
masterpiece:0.27675
19th century:0.27625
self discovery:0.276
brutality:0.2755
competition:0.275
