talky:0.96925
claustrophobic:0.925
based on a play:0.92225
relationships:0.918
dialogue:0.8885
independent film:0.88
very interesting:0.87525
original:0.85025
hotel:0.77475
friendship:0.76575
intimate:0.765
good soundtrack:0.75675
drinking:0.7555
psychological:0.75225
dark humor:0.75125
suburbia:0.74875
interesting:0.73675
drugs:0.73475
indie:0.73475
weird:0.7345
great dialogue:0.73025
loneliness:0.73
unlikely friendships:0.72275
social commentary:0.71475
obsession:0.71425
drama:0.706
twists & turns:0.68425
life philosophy:0.67875
pornography:0.674
entirely dialogue:0.67275
tense:0.663
great acting:0.65375
good dialogue:0.64125
crime gone awry:0.6385
character study:0.629
intense:0.625
good acting:0.62475
great ending:0.62375
powerful ending:0.62325
pretentious:0.62025
voyeurism:0.617
complex:0.614
secrets:0.61175
honest:0.604
low budget:0.5995
clever:0.59675
enigmatic:0.5875
betrayal:0.58575
dialogue driven:0.58425
redemption:0.5715
mentor:0.562
existentialism:0.555
thought-provoking:0.5475
intellectual:0.541
depression:0.53475
manipulation:0.51475
witty:0.51175
philosophy:0.5095
narrated:0.506
intelligent:0.49125
brutality:0.48525
psychology:0.48225
cerebral:0.478
realistic:0.47525
stylized:0.46775
writers:0.466
criterion:0.4635
underrated:0.4605
multiple storylines:0.458
good:0.457
adaptation:0.4535
violent:0.45275
plot:0.451
corruption:0.442
greed:0.441
downbeat:0.44025
off-beat comedy:0.43325
nudity (topless - notable):0.43225
golden palm:0.431
bleak:0.42425
addiction:0.42125
catastrophe:0.42125
visually appealing:0.42075
guilt:0.419
moral ambiguity:0.41375
movielens top pick:0.4135
storytelling:0.4125
cult classic:0.408
very good:0.40725
runaway:0.40675
adolescence:0.4055
slackers:0.4045
cult film:0.40275
forceful:0.3995
paranoid:0.39875
quirky:0.39825
unlikeable characters:0.39725
justice:0.39625
rape:0.391
artsy:0.38575
