sexual:0.9725
splatter:0.9575
pornography:0.9195
social commentary:0.91875
horror:0.8945
weird:0.886
cult classic:0.87275
mad scientist:0.8375
obsession:0.79875
low budget:0.79325
sexualized violence:0.78775
disturbing:0.78625
gory:0.78425
cult film:0.771
creepy:0.754
visceral:0.748
grindhouse:0.729
original:0.71975
macabre:0.71425
doctors:0.6905
brutality:0.68625
sexy:0.668
complex:0.64225
erotic:0.6335
violence:0.61025
gruesome:0.606
bloody:0.6025
violent:0.5735
atmospheric:0.56725
dark humor:0.54675
allegory:0.5425
sexuality:0.5365
sex:0.5255
bizarre:0.5245
psychological:0.5205
paranoia:0.51675
suburbia:0.513
talky:0.512
nudity (topless):0.50375
criterion:0.494
nudity (full frontal - notable):0.48125
zombies:0.4775
nudity:0.4715
isolation:0.4495
apocalypse:0.4375
murder:0.42775
demons:0.4265
rape:0.40975
strange:0.4085
great ending:0.40425
harsh:0.404
catastrophe:0.40225
cannibalism:0.40175
scary:0.40125
downbeat:0.388
so bad it's funny:0.388
insanity:0.38775
zombie:0.387
claustrophobic:0.382
loneliness:0.3805
goretastic:0.371
dreamlike:0.35925
intimate:0.35625
melancholic:0.35075
runaway:0.35
enigmatic:0.332
grim:0.32975
not funny:0.32975
dialogue:0.3285
bleak:0.32825
adaptation:0.3245
special effects:0.32325
transformation:0.323
bdsm:0.31425
cult:0.31175
hospital:0.31125
mentor:0.31025
vengeance:0.30975
police investigation:0.3085
satirical:0.30625
ominous:0.29875
surreal:0.29675
suspense:0.2925
male nudity:0.29
island:0.2885
hotel:0.28825
life & death:0.28775
guilt:0.287
good soundtrack:0.286
crime gone awry:0.286
serial killer:0.28475
black comedy:0.28275
blood:0.28175
storytelling:0.27975
nudity (full frontal - brief):0.27975
psychology:0.27975
death:0.27975
biting:0.27625
tense:0.276
sexual abuse:0.2745
