psychological:0.974
creepy:0.974
horror:0.9735
suspense:0.945
disturbing:0.91575
suspenseful:0.9075
psychology:0.886
eerie:0.8805
ominous:0.8775
based on a book:0.87075
supernatural:0.87025
weird:0.86075
cult film:0.852
tense:0.84575
splatter:0.81825
dark:0.81525
atmospheric:0.79275
macabre:0.79025
frightening:0.77875
cult classic:0.7705
visceral:0.7615
twist ending:0.74525
based on book:0.7415
twist:0.736
violent:0.69875
original:0.697
grindhouse:0.6895
gothic:0.68475
blood:0.684
grim:0.67675
harsh:0.674
scary:0.6735
moody:0.66675
sexualized violence:0.66675
serial killer:0.6635
gory:0.66025
adaptation:0.63475
cinematography:0.6345
violence:0.629
nocturnal:0.62725
enigmatic:0.62725
mystery:0.6085
gruesome:0.59325
claustrophobic:0.5925
stylized:0.58925
bad ending:0.5725
great ending:0.5645
revenge:0.56425
mindfuck:0.55175
gore:0.54675
low budget:0.54625
visually appealing:0.54125
demons:0.53875
nudity (full frontal - notable):0.535
brutality:0.531
effects:0.52625
thriller:0.526
crime gone awry:0.5205
adapted from:book:0.51875
strange:0.51375
surprise ending:0.5125
new jersey:0.488
paranoid:0.48775
survival:0.48525
nudity (topless - notable):0.48425
cult:0.4705
dark fantasy:0.4635
transformation:0.4555
storytelling:0.448
great:0.442
1930s:0.4375
insanity:0.43275
intense:0.429
underrated:0.42875
surreal:0.4275
mental illness:0.42725
manipulation:0.4255
bleak:0.42375
death:0.4215
dialogue:0.418
criterion:0.4145
cerebral:0.41075
paranoia:0.40825
graphic novel:0.40775
lone hero:0.40775
catastrophe:0.402
monster:0.3995
allegory:0.39175
vengeance:0.3915
mad scientist:0.39
bloody:0.38575
dreamlike:0.385
murder:0.3735
tragedy:0.369
story:0.3685
ghosts:0.36825
bdsm:0.36825
so bad it's funny:0.3585
mentor:0.35825
exceptional acting:0.354
