twist ending:0.993
suspenseful:0.9865
plot twist:0.98175
surprise ending:0.9795
twists & turns:0.9765
twist:0.97475
psychology:0.9745
serial killer:0.9635
suspense:0.96225
psychological:0.959
great ending:0.957
identity:0.94525
thriller:0.934
mystery:0.90975
murder mystery:0.9065
creepy:0.88
clever:0.8555
dark:0.85525
tense:0.85125
original:0.851
alternate endings:0.821
murder:0.81375
plot:0.8005
interesting:0.79875
storytelling:0.787
good:0.7795
intense:0.77875
secrets:0.7725
weird:0.772
horror:0.768
good acting:0.759
bad ending:0.753
great acting:0.74725
pg-13:0.745
confusing:0.7375
police investigation:0.7105
supernatural:0.70825
mindfuck:0.70425
plot holes:0.6965
stranded:0.6935
greed:0.6885
claustrophobic:0.6795
insanity:0.678
thought-provoking:0.67625
survival:0.65625
complicated:0.655
psychiatrist:0.64075
scary:0.63975
chase:0.63375
ensemble cast:0.62825
catastrophe:0.6235
tricky:0.62175
great movie:0.609
complex:0.6085
revenge:0.6065
gory:0.60425
very interesting:0.602
great:0.6005
predictable:0.59825
indians:0.593
atmospheric:0.591
conspiracy:0.59075
good soundtrack:0.588
original plot:0.5855
story:0.58025
surreal:0.5785
manipulation:0.57775
psychiatry:0.574
hotel:0.5705
absurd:0.56725
excellent:0.56125
investigation:0.56075
destiny:0.55
complicated plot:0.549
enigmatic:0.5465
paranoia:0.545
fast paced:0.5425
excellent script:0.53275
violence:0.52925
ominous:0.52275
eerie:0.521
underrated:0.521
corruption:0.519
dialogue:0.51825
very good:0.51175
creativity:0.5085
vengeance:0.507
better than expected:0.498
death:0.494
cerebral:0.48425
stylish:0.4825
exceptional acting:0.477
first contact:0.47
torture:0.4615
intelligent:0.46
brutality:0.45875
justice:0.45325
powerful ending:0.45225
mentor:0.45
obsession:0.44975
