fairy tale:0.98975
criterion:0.9855
visual:0.9665
amazing cinematography:0.96625
fairy tales:0.9535
visually stunning:0.94075
imdb top 250:0.93975
beautifully filmed:0.927
masterpiece:0.91925
melancholic:0.91175
stunning:0.9055
stylized:0.886
imagination:0.874
cinematography:0.86
black and white:0.84725
breathtaking:0.83075
18th century:0.8225
lyrical:0.81775
classic:0.81175
childhood:0.80825
visually appealing:0.8045
fantasy:0.79125
loneliness:0.789
storytelling:0.788
intimate:0.783
atmospheric:0.781
enigmatic:0.7775
mythology:0.775
beautiful:0.77
melancholy:0.7685
original:0.76725
fantasy world:0.7655
eerie:0.75175
story:0.749
oscar (best actress):0.7295
magic:0.721
talky:0.71925
visuals:0.7185
romantic:0.711
beautiful scenery:0.704
greed:0.70225
artistic:0.7
reflective:0.69275
dreamlike:0.69075
affectionate:0.6695
oscar (best directing):0.66725
scenic:0.6595
surreal:0.65925
colourful:0.657
allegory:0.6535
dark fantasy:0.642
sweet:0.64175
photography:0.64175
poignant:0.63275
runaway:0.6235
transformation:0.62125
silent:0.62075
dialogue:0.6135
suprisingly clever:0.612
light:0.6115
meditative:0.5925
macabre:0.58275
nocturnal:0.57825
love story:0.575
obsession:0.5745
sacrifice:0.572
oscar (best foreign language film):0.5665
art:0.56325
adaptation:0.562
golden palm:0.55575
idealism:0.55325
culture clash:0.552
unusual plot structure:0.54875
great ending:0.53725
oscar (best cinematography):0.5355
passionate:0.52725
sexy:0.52325
bittersweet:0.51875
oscar (best supporting actress):0.509
humanity:0.501
adapted from:book:0.49625
foreign:0.489
destiny:0.486
witty:0.4765
afi 100 (movie quotes):0.47175
france:0.46875
cerebral:0.46775
perfect:0.46325
first contact:0.46
amazing photography:0.45975
gothic:0.4565
good acting:0.447
romance:0.44275
love:0.44225
narrated:0.44075
touching:0.43775
french:0.43775
surrealism:0.43675
secrets:0.4345
dark:0.433
