vampires:0.99
vampire:0.98775
remake:0.987
original:0.898
horror:0.824
blood:0.81825
las vegas:0.78175
pointless:0.673
special effects:0.6255
awesome soundtrack:0.6105
bad cgi:0.60375
amy smart:0.5925
fun movie:0.568
scary:0.56325
cult classic:0.5625
predictable:0.55125
police investigation:0.53725
splatter:0.53575
mentor:0.52075
goth:0.49875
transformation:0.4965
high school:0.49425
original plot:0.4815
dialogue:0.48075
immortality:0.48025
lone hero:0.47875
teen movie:0.47375
sexy:0.47275
fun:0.472
story:0.471
cult film:0.4685
gory:0.4505
storytelling:0.44
catastrophe:0.4325
great ending:0.43175
cgi:0.43175
suspense:0.4245
brutality:0.41975
adaptation:0.4115
teen:0.4065
comedy:0.404
good:0.39025
pg-13:0.38875
life philosophy:0.3875
werewolves:0.378
bloody:0.377
nerds:0.3745
great:0.371
remade:0.36925
gore:0.367
stereotypes:0.36525
redemption:0.362
shallow:0.359
betrayal:0.35875
geeks:0.35425
dynamic cgi action:0.34975
visually appealing:0.34775
campy:0.34525
good soundtrack:0.343
runaway:0.34275
revenge:0.34025
werewolf:0.33875
irish accent:0.337
vengeance:0.33675
bullying:0.33675
clever:0.32925
creepy:0.32675
twists & turns:0.32625
teens:0.326
dark hero:0.325
destiny:0.325
entertaining:0.32325
goofy:0.32325
doctors:0.3225
nudity (topless - notable):0.3225
silly:0.318
new jersey:0.31375
cool:0.31075
gothic:0.30925
3d:0.30675
weird:0.30425
life & death:0.3035
supernatural:0.301
sequel:0.3005
intense:0.30025
violence:0.299
stylized:0.2965
better than expected:0.29475
zombie:0.29275
demons:0.29125
not as good as the first:0.291
action:0.29
suspenseful:0.28975
sexualized violence:0.2895
alter ego:0.286
melancholic:0.28575
nocturnal:0.28175
prejudice:0.28075
culture clash:0.28025
justice:0.27975
