midlife crisis:0.87975
based on a play:0.86225
life philosophy:0.71
loneliness:0.6915
original:0.6025
harsh:0.57825
brutality:0.536
redemption:0.52875
existentialism:0.5125
disturbing:0.50225
destiny:0.4715
nocturnal:0.44825
insanity:0.443
reflective:0.44025
melancholic:0.4185
dialogue driven:0.411
dialogue:0.38575
nudity (full frontal - notable):0.38375
greed:0.3745
violence:0.374
adaptation:0.37025
pornography:0.367
great ending:0.36575
catastrophe:0.36
mentor:0.352
not funny:0.342
pointless:0.336
nudity (rear):0.33175
surreal:0.32875
fantasy world:0.3275
violent:0.3215
psychological:0.30625
nudity (full frontal - brief):0.306
overrated:0.30175
psychology:0.2975
great acting:0.294
entirely dialogue:0.28375
writers:0.28175
philosophical:0.28175
twists & turns:0.2805
dysfunctional family:0.28
good soundtrack:0.2785
quirky:0.27725
intimate:0.27625
storytelling:0.2695
bleak:0.26925
passionate:0.2685
justice:0.26125
sexualized violence:0.25925
relationships:0.25575
prostitution:0.2525
first contact:0.25025
gritty:0.24525
drinking:0.245
weird:0.24425
very interesting:0.2435
happy ending:0.24275
predictable:0.2425
prison:0.24225
sexy:0.23775
visceral:0.23475
cathartic:0.23025
great:0.2275
oscar (best directing):0.22
grindhouse:0.21925
lone hero:0.21675
shallow:0.21525
criterion:0.2135
character study:0.2135
unfunny:0.206
con artists:0.206
gangsters:0.206
police investigation:0.205
runaway:0.2045
enigmatic:0.2005
transformation:0.2
life:0.19825
demons:0.19575
stylized:0.19575
culture clash:0.19525
mental illness:0.1945
very funny:0.19375
nudity (topless - notable):0.192
suprisingly clever:0.1915
homeless:0.19125
dark humor:0.18825
sexual:0.1835
life & death:0.18175
new york city:0.18025
corruption:0.17975
complex:0.17825
best of 2005:0.17775
vengeance:0.17525
multiple storylines:0.17425
exceptional acting:0.173
atmospheric:0.1725
erotic:0.17175
downbeat:0.17125
nudity (topless):0.171
black comedy:0.17075
