airport:0.9955
disaster:0.9485
original:0.7665
natural disaster:0.73275
parody:0.6935
predictable:0.66275
silly:0.65075
aviation:0.649
so bad it's funny:0.63825
spoof:0.62925
silly fun:0.629
sequels:0.61525
franchise:0.60075
dialogue:0.5695
special effects:0.568
airplane:0.5675
unintentionally funny:0.5565
goofy:0.551
camp:0.54575
sequel:0.534
mentor:0.523
good sequel:0.50925
big budget:0.50575
destiny:0.49775
family:0.49375
catastrophe:0.4805
fun movie:0.468
great ending:0.4645
idiotic:0.4465
fantasy world:0.4335
fun:0.43225
1970s:0.4075
action:0.40425
lone hero:0.39025
chase:0.387
slapstick:0.3815
survival:0.37625
good:0.367
los angeles:0.36375
runaway:0.361
bad plot:0.35775
ridiculous:0.3545
bad:0.353
life philosophy:0.353
brutality:0.3525
cheesy:0.34875
alter ego:0.3485
suspense:0.34825
crappy sequel:0.3445
action packed:0.3385
adventure:0.3385
weapons:0.337
stereotypes:0.3345
sexy:0.3325
adaptation:0.331
bad acting:0.3295
entirely dialogue:0.325
criterion:0.3215
intense:0.319
suspenseful:0.31575
talky:0.31375
good action:0.31225
pg-13:0.3095
lame:0.30775
entertaining:0.30675
campy:0.30475
farce:0.302
light:0.30175
melancholic:0.2945
guilty pleasure:0.29325
childhood:0.2905
underdog:0.2835
pornography:0.2805
absurd:0.28
solitude:0.27975
death:0.2765
1980s:0.2745
shallow:0.27
overrated:0.27
grindhouse:0.26875
romantic:0.2685
tokyo:0.26625
so bad it's good:0.2655
first contact:0.26425
not funny:0.2635
hospital:0.26325
feel-good:0.26175
over the top:0.2615
story:0.26025
greed:0.26
sci fi:0.25875
cult classic:0.25825
teen movie:0.25675
culture clash:0.25675
storytelling:0.2565
crude humor:0.2555
comedy:0.2555
vengeance:0.25275
happy ending:0.2515
satirical:0.24975
