criterion:0.991
hitchcock:0.98725
suspenseful:0.97075
imdb top 250:0.9665
suspense:0.9595
tense:0.9535
murder mystery:0.9435
amazing cinematography:0.93475
thriller:0.93325
french:0.93275
classic:0.92475
masterpiece:0.90625
mystery:0.89275
murder:0.87825
france:0.8765
twist ending:0.86925
black and white:0.8655
ominous:0.85525
twists & turns:0.8545
psychological:0.84975
paranoia:0.8465
great acting:0.841
complicated:0.837
plot twist:0.83475
macabre:0.83075
paris:0.829
claustrophobic:0.8165
cinematography:0.79325
surprise ending:0.79
great ending:0.788
atmospheric:0.7835
talky:0.7765
secrets:0.7575
enigmatic:0.7575
original:0.75425
twist:0.75025
foreign:0.74375
psychology:0.73225
cerebral:0.72825
storytelling:0.7265
police investigation:0.7195
clever:0.71825
runaway:0.7095
oscar (best actress):0.70875
dark:0.70775
good acting:0.6945
eerie:0.69375
complex:0.68825
noir:0.68375
unusual plot structure:0.67825
paranoid:0.6775
golden palm:0.6755
breathtaking:0.67325
greed:0.671
tricky:0.67075
frightening:0.6665
oscar (best directing):0.662
obsession:0.651
visually appealing:0.64975
sexy:0.64975
conspiracy:0.6495
interesting:0.64175
pornography:0.6255
investigation:0.625
disturbing:0.624
creepy:0.61375
suprisingly clever:0.60975
stylish:0.5965
private detective:0.59625
guilt:0.59575
manipulation:0.593
intense:0.58875
assassination:0.58625
weird:0.586
complicated plot:0.581
visual:0.57575
boarding school:0.57175
light:0.57025
film noir:0.56925
perfect:0.567
melancholic:0.56525
affectionate:0.5635
dialogue:0.5595
story:0.5505
melancholy:0.54925
biting:0.5485
serial killer:0.54825
forceful:0.54725
social commentary:0.5315
noir thriller:0.5305
beautifully filmed:0.53
stunning:0.51175
chase:0.51075
oscar (best supporting actress):0.51
wine:0.5045
hotel:0.501
1950s:0.50075
crime:0.4975
crime gone awry:0.49675
movielens top pick:0.4965
