time loop:0.9975
time travel:0.99625
alternate reality:0.96525
scifi:0.9465
sci-fi:0.93175
sci fi:0.90875
future:0.90425
motorcycle:0.88475
futuristic:0.847
original:0.79625
racing:0.71475
plot holes:0.702
adventure:0.69775
science fiction:0.598
predictable:0.588
special effects:0.58
catastrophe:0.5765
desert:0.57025
first contact:0.56925
time:0.56225
silly fun:0.553
memory:0.54825
natural disaster:0.5215
chase:0.521
so bad it's funny:0.51975
bad science:0.5165
utopia:0.50975
great ending:0.5045
dialogue:0.503
dumb:0.473
fantasy:0.4715
science:0.46925
solitude:0.464
poetry:0.45775
mentor:0.4555
80s:0.44275
writers:0.42375
great:0.42125
bad plot:0.407
fun movie:0.4055
trilogy:0.4035
fight scenes:0.40275
gunfight:0.39925
god:0.396
bad ending:0.3955
action:0.3935
dystopia:0.39
cool:0.39
mars:0.38575
story:0.38575
beautiful scenery:0.38525
life philosophy:0.38425
existentialism:0.37875
fantasy world:0.3775
dystopic future:0.375
quirky:0.372
unusual plot structure:0.369
end of the world:0.3655
space:0.36275
nudity (topless - notable):0.36025
clones:0.35975
complex:0.34525
creativity:0.34475
life & death:0.34
good:0.3395
race:0.3385
visually stunning:0.338
clever:0.3335
devil:0.333
storytelling:0.3305
brutality:0.33
pulp:0.32975
computer game:0.329
crude humor:0.327
lone hero:0.32575
cerebral:0.325
immortality:0.323
enigmatic:0.32075
cult classic:0.32025
18th century:0.3195
allegory:0.3165
transformation:0.31425
good action:0.31425
giant robots:0.31125
visually appealing:0.311
slapstick:0.309
dreamlike:0.3075
runaway:0.30575
cloning:0.30275
space travel:0.3015
post apocalyptic:0.301
gangs:0.298
romantic:0.29775
post-apocalyptic:0.2955
alien:0.29525
overrated:0.29475
parallel universe:0.293
technology:0.29125
goofy:0.291
entirely dialogue:0.2885
