mentor:0.866
destiny:0.81825
pulp:0.81125
revenge:0.79875
original:0.79625
violent:0.76825
compassionate:0.7635
good soundtrack:0.731
great ending:0.73075
brutality:0.72925
crime:0.70475
dramatic:0.68525
hospital:0.67725
vengeance:0.66775
drama:0.656
betrayal:0.6315
redemption:0.6305
doctors:0.628
anti-hero:0.62725
bloody:0.61475
film noir:0.6025
dialogue:0.59775
good:0.595
great movie:0.584
harsh:0.566
story:0.563
transformation:0.561
greed:0.555
violence:0.54975
great:0.5475
life philosophy:0.54525
crime gone awry:0.54175
life:0.5315
intense:0.52875
noir:0.52875
runaway:0.522
bleak:0.51275
corruption:0.51
predictable:0.5085
excellent:0.5075
gritty:0.5025
gangsters:0.495
bad ending:0.49125
gunfight:0.48575
action:0.48575
character study:0.48575
pointless:0.484
storytelling:0.4835
underrated:0.4815
moral ambiguity:0.47825
police investigation:0.478
interesting:0.46025
melancholic:0.454
murder:0.45275
disturbing:0.451
stylish:0.4455
emotional:0.4395
fantasy world:0.43425
unusual plot structure:0.4335
sexualized violence:0.43075
new orleans:0.4285
catastrophe:0.4285
first contact:0.42775
ensemble cast:0.4265
nudity (full frontal - notable):0.42575
grim:0.41975
oscar (best directing):0.408
stylized:0.406
drinking:0.4
dark hero:0.399
great acting:0.39725
imdb top 250:0.39675
life & death:0.39625
heist:0.39025
texas:0.38375
family:0.383
culture clash:0.381
very good:0.3805
nocturnal:0.3795
prison:0.37875
entirely dialogue:0.3765
exceptional acting:0.37525
justice:0.3735
criterion:0.37325
guilt:0.37325
talky:0.37275
80s:0.36725
adaptation:0.36225
weird:0.361
downbeat:0.36025
cult film:0.3595
identity:0.35675
mob:0.34575
not funny:0.343
oscar (best supporting actress):0.34225
highly quotable:0.34075
mad scientist:0.3405
hitman:0.3395
nostalgic:0.3385
gangster:0.337
