camp:0.9935
kids:0.88
fun movie:0.82
childhood:0.72325
original:0.70425
nostalgic:0.67475
goofy:0.66825
children:0.64025
fun:0.57625
bullying:0.56225
great:0.53
underdog:0.4855
catastrophe:0.4795
mentor:0.47425
silly:0.47125
comedy:0.46725
hilarious:0.447
teen movie:0.43975
sports:0.41675
cute!:0.41125
feel-good:0.40575
good:0.39725
so bad it's funny:0.3955
very funny:0.387
family:0.37375
great ending:0.36375
unfunny:0.3625
silly fun:0.3605
kids and family:0.36
feel good movie:0.34775
school:0.347
funny:0.3385
quotable:0.33525
not funny:0.33225
slapstick:0.331
unlikely friendships:0.3165
predictable:0.31525
light:0.315
brutality:0.30475
life philosophy:0.304
greed:0.29675
pg-13:0.2925
storytelling:0.292
lone hero:0.28325
teens:0.28325
competition:0.2815
nostalgia:0.281
sentimental:0.28025
culture clash:0.27025
first contact:0.26525
teen:0.261
runaway:0.25975
pg:0.25825
dialogue:0.25825
destiny:0.25825
revenge:0.2575
inspirational:0.25525
obsession:0.24825
pornography:0.24725
survival:0.241
nudity (topless - notable):0.24
cult film:0.2395
quirky:0.23925
unusual plot structure:0.239
grindhouse:0.23825
campy:0.23675
bad plot:0.23675
foul language:0.23575
natural disaster:0.23375
saturday night live:0.23175
adaptation:0.23025
overrated:0.2275
harsh:0.2265
dreamlike:0.226
great movie:0.22375
idiotic:0.22275
sci fi:0.221
weird:0.2185
story:0.21775
clever:0.21625
franchise:0.2125
fantasy world:0.21125
cute:0.21125
entirely dialogue:0.21
nerds:0.20925
good soundtrack:0.2075
coming of age:0.20725
redemption:0.20275
coming-of-age:0.2025
honest:0.20125
happy ending:0.20075
insanity:0.1995
beautiful scenery:0.198
classic:0.198
vengeance:0.19775
life & death:0.1975
criterion:0.195
road movie:0.195
cult classic:0.194
fight scenes:0.19175
