based on a book:0.9885
fantasy:0.97725
adapted from:book:0.975
magic:0.97075
fantasy world:0.96575
based on book:0.96
c.s. lewis:0.9575
adventure:0.9555
dragons:0.92675
talking animals:0.915
high fantasy:0.89325
witch:0.8875
story:0.88375
books:0.85275
witches:0.849
mythology:0.84075
special effects:0.83625
franchise:0.82025
dialogue:0.819
big budget:0.79325
wizards:0.792
parallel universe:0.78675
visually appealing:0.75325
pg-13:0.7525
christian:0.74975
visually stunning:0.73125
imagination:0.73025
children:0.719
cgi:0.7075
book was better:0.707
3d:0.69975
adaptation:0.67975
visuals:0.675
original:0.65225
script:0.64625
action:0.6215
good versus evil:0.61675
fairy tale:0.5855
book:0.572
storytelling:0.569
dark fantasy:0.56625
destiny:0.54025
beautiful scenery:0.52275
bad cgi:0.5135
series:0.509
family:0.50725
better than expected:0.49725
island:0.4965
swashbuckler:0.4885
catastrophe:0.484
visual:0.4805
scenic:0.46125
predictable:0.45675
silly:0.4475
great ending:0.43925
allegory:0.43625
transformation:0.43475
kids:0.40575
literature:0.402
good:0.3955
trilogy:0.39525
computer animation:0.39075
mentor:0.3895
great:0.3655
plot:0.35325
dragon:0.35225
fight scenes:0.35
sword fighting:0.34775
harry potter:0.34275
exciting:0.3425
original plot:0.3405
dynamic cgi action:0.33775
bad acting:0.33675
childhood:0.33525
sacrifice:0.335
redemption:0.3235
vampire human love:0.3185
bad plot:0.31825
culture clash:0.30325
fun:0.2955
idiotic:0.29525
crude humor:0.28575
teen:0.28525
runaway:0.284
not funny:0.283
lions:0.2815
entertaining:0.27975
life philosophy:0.268
greed:0.26525
so bad it's funny:0.26275
creativity:0.26025
fast paced:0.25975
alter ego:0.2575
weird:0.25675
watch the credits:0.2565
unfunny:0.252
pg:0.25
effects:0.24975
fairy tales:0.2465
natural disaster:0.2465
