jungle:0.99825
animals:0.98425
adventure:0.9695
animal movie:0.90775
talking animals:0.88425
adapted from:book:0.84925
animated:0.8195
disney animated feature:0.78325
indians:0.7775
cartoon:0.77225
childhood:0.763
family:0.74175
original:0.74175
good:0.7325
snakes:0.72825
based on a book:0.71875
adaptation:0.68425
hunting:0.66375
animation:0.6585
treasure:0.65375
africa:0.6525
greed:0.625
fun movie:0.60475
disney:0.59275
story:0.58325
runaway:0.56625
action:0.4955
storytelling:0.49475
based on book:0.493
children:0.48875
catastrophe:0.4845
courage:0.45925
culture clash:0.45675
monkey:0.4565
great:0.45225
wilderness:0.4515
intense:0.4425
stereotypes:0.43025
kids and family:0.4265
nudity (full frontal - brief):0.41
not funny:0.40675
mentor:0.40575
beautiful scenery:0.404
fun:0.402
chase:0.4015
books:0.4
cute:0.39875
dialogue:0.3845
great ending:0.3785
classic:0.3615
good soundtrack:0.36
very good:0.3595
predictable:0.355
good versus evil:0.34
fantasy world:0.3395
unlikely friendships:0.33775
kids:0.33725
suprisingly clever:0.3295
melancholic:0.312
destiny:0.30925
weird:0.30825
lone hero:0.306
british:0.3035
friendship:0.30225
treasure hunt:0.30175
good action:0.30175
oscar (best effects - visual effects):0.296
excellent:0.29575
brutality:0.2915
light:0.29025
romance:0.2885
transformation:0.28825
pg-13:0.28575
life philosophy:0.27675
secrets:0.2765
underrated:0.276
survival:0.27425
unfunny:0.27375
entertaining:0.27125
oscar (best directing):0.27025
happy ending:0.26925
girlie movie:0.2685
redemption:0.2655
natural disaster:0.2655
police investigation:0.265
cute!:0.26275
original plot:0.26225
book:0.2605
great movie:0.26
very funny:0.25775
betrayal:0.2565
criterion:0.254
excellent script:0.251
exciting:0.25025
oscar (best actress):0.25025
romantic:0.2485
oscar (best music - original song):0.248
fairy tale:0.2465
sweet:0.24575
earnest:0.245
