surfing:0.99775
hawaii:0.99575
mentor:0.895
good soundtrack:0.81275
california:0.78175
grindhouse:0.7585
cult classic:0.7415
80s:0.738
teen:0.5785
original:0.571
drinking:0.56775
pornography:0.55575
quotable:0.50725
sports:0.5015
life philosophy:0.464
fun movie:0.449
dialogue:0.44075
teen movie:0.43625
nostalgic:0.42725
catastrophe:0.40875
cult film:0.388
great:0.38225
nudity (topless - brief):0.3755
goofy:0.37175
gunfight:0.3715
finnish:0.365
good:0.3615
feel-good:0.355
culture clash:0.34775
so bad it's funny:0.34575
competition:0.336
destiny:0.3315
crime gone awry:0.3115
great ending:0.3095
fun:0.3065
not funny:0.30575
silly:0.305
campy:0.29575
cinematography:0.29525
coming of age:0.29275
feel good movie:0.29025
australia:0.28825
demons:0.2865
childhood:0.28625
loneliness:0.2805
brutality:0.27525
classic car:0.2715
stereotypes:0.267
weird:0.2655
talky:0.2615
entirely dialogue:0.257
criterion:0.2555
nerds:0.254
inspirational:0.25375
visually appealing:0.25325
island:0.25025
fantasy world:0.2495
underrated:0.24875
transformation:0.246
very funny:0.245
runaway:0.24375
harsh:0.2435
nudity (topless):0.243
immortality:0.24175
storytelling:0.24125
cool:0.2395
teens:0.23775
coming-of-age:0.234
betrayal:0.2325
unlikely friendships:0.232
male nudity:0.23025
lone hero:0.22925
cult:0.22925
zombie:0.22725
brothers:0.22675
adaptation:0.22575
cheesy:0.22525
relationships:0.224
mad scientist:0.2235
fight scenes:0.2165
slapstick:0.21525
overrated:0.2135
suprisingly clever:0.213
dark hero:0.2125
romance:0.211
high school:0.211
chase:0.2095
quirky:0.2075
redemption:0.20675
anti-hero:0.20525
hospital:0.2045
predictable:0.20125
melancholic:0.201
vengeance:0.19675
unusual plot structure:0.19575
nudity (topless - notable):0.1955
wilderness:0.19525
cute!:0.1945
death:0.193
art:0.1925
