based on a play:0.9415
talky:0.86975
greed:0.8065
existentialism:0.7735
original:0.72525
intellectual:0.71725
very interesting:0.712
con artists:0.70975
great acting:0.699
dialogue:0.6755
excellent script:0.65625
life philosophy:0.65
relationships:0.64625
dramatic:0.63275
drama:0.6305
witty:0.62625
social commentary:0.61925
life & death:0.595
obsession:0.587
good soundtrack:0.58525
loneliness:0.57175
redemption:0.565
good acting:0.563
complex:0.56175
mentor:0.55425
reflective:0.547
con men:0.53975
interesting:0.5345
great ending:0.53375
storytelling:0.532
art:0.5315
writers:0.52675
underrated:0.52675
philosophy:0.52425
drinking:0.518
cerebral:0.51175
unlikely friendships:0.508
crime gone awry:0.49875
oscar (best supporting actress):0.49725
pretentious:0.4925
race issues:0.48075
oscar (best actress):0.47125
manipulation:0.46425
friendship:0.46425
satirical:0.46375
new york:0.4565
entirely dialogue:0.45575
clever:0.4555
independent film:0.45325
thought-provoking:0.45275
criterion:0.44
corruption:0.43775
melancholic:0.42975
suprisingly clever:0.4275
philosophical:0.426
adaptation:0.42275
california:0.42125
story:0.41975
catastrophe:0.41675
exceptional acting:0.41475
original plot:0.40425
good:0.39575
intelligent:0.3945
not funny:0.3915
aids:0.38775
race:0.383
homosexuality:0.37675
imdb top 250:0.3765
twists & turns:0.3755
very good:0.37525
based on true story:0.3695
character study:0.366
passionate:0.363
good dialogue:0.3625
gay character:0.36175
artistic:0.3595
enigmatic:0.356
glbt:0.35575
visually appealing:0.354
dialogue driven:0.35375
oscar (best directing):0.35325
mental illness:0.35075
great:0.3485
segregation:0.347
honest:0.3445
downbeat:0.34025
great movie:0.3385
weird:0.3375
excellent:0.33725
eccentricity:0.33575
fighting the system:0.33425
golden palm:0.33375
farce:0.33325
harsh:0.3325
cult classic:0.332
gay:0.3305
humanity:0.33
melancholy:0.32725
brutality:0.32675
male nudity:0.32475
