mindfuck:0.9995
weird:0.9635
surreal:0.95825
based on book:0.94375
based on a book:0.94075
cult classic:0.89875
cult film:0.88375
adapted from:book:0.883
parallel universe:0.8515
original:0.851
book was better:0.84025
absurd:0.78725
hallucinatory:0.783
drugs:0.7705
adaptation:0.75425
quotable:0.713
alternate universe:0.69375
books:0.6925
book:0.687
good soundtrack:0.68175
insanity:0.671
bizarre:0.661
chase:0.6585
comedy:0.65225
off-beat comedy:0.64375
gunfight:0.64075
spiders:0.62425
psychedelic:0.622
strange:0.61075
creativity:0.608
visually appealing:0.606
surrealism:0.59825
supernatural:0.59125
storytelling:0.586
visual:0.58075
cult:0.5685
humor:0.56725
parody:0.555
goofy:0.537
quirky:0.5355
dreamlike:0.53525
clever:0.53425
distopia:0.5005
fun movie:0.488
satire:0.4845
dialogue:0.48275
so bad it's funny:0.4825
stylized:0.48
sci fi:0.47425
underrated:0.47175
imagination:0.467
alternate reality:0.46575
confusing:0.4605
stoner movie:0.45675
dark humor:0.456
gory:0.45275
story:0.445
great:0.4445
very interesting:0.44375
low budget:0.44325
crazy:0.43875
end of the world:0.42675
great ending:0.4245
based on a comic:0.42425
destiny:0.4235
brutality:0.42275
interesting:0.4225
multiple storylines:0.421
catastrophe:0.421
scifi:0.418
good:0.4165
humorous:0.4155
fantasy world:0.412
silly:0.40525
atmospheric:0.399
irreverent:0.399
original plot:0.39625
existentialism:0.396
dark fantasy:0.3905
special effects:0.38825
talky:0.38725
cerebral:0.38225
twists & turns:0.3805
mentor:0.3805
stylish:0.38025
life philosophy:0.377
very funny:0.376
science fiction:0.372
violence:0.3695
cyberpunk:0.3695
dark comedy:0.369
highly quotable:0.3665
enigmatic:0.3635
campy:0.3625
gilliam:0.359
adventure:0.3585
plot twist:0.35725
runaway:0.3565
demons:0.3535
allegory:0.35125
