catholicism:0.9865
free to download:0.9585
sexual abuse:0.95425
corruption:0.94325
child abuse:0.90925
religion:0.9055
documentary:0.88325
politics:0.82375
guilt:0.81975
disturbing:0.803
manipulation:0.7895
children:0.78175
ireland:0.76975
original:0.7645
heartbreaking:0.759
compassionate:0.75275
oscar (best directing):0.7435
betrayal:0.73575
rape:0.728
intense:0.7265
interesting:0.72075
greed:0.71
complex:0.706
conspiracy:0.7055
psychological:0.6985
honest:0.695
tragedy:0.68875
social commentary:0.68775
pornography:0.68025
intimate:0.67875
secrets:0.678
california:0.671
political:0.64875
obsession:0.63325
controversial:0.63275
childhood:0.63225
psychology:0.62925
excellent script:0.6285
good:0.62275
runaway:0.622
oscar (best actress):0.62025
relationships:0.616
police investigation:0.616
true story:0.6145
sad:0.6125
1970s:0.609
brutality:0.60375
criterion:0.60275
islam:0.59325
crime:0.58725
thought-provoking:0.578
investigation:0.5745
family:0.57175
insanity:0.57025
talky:0.56425
god:0.56
hard to watch:0.558
lawyer:0.552
great ending:0.5495
emotional:0.54925
justice:0.53825
earnest:0.52425
kids and family:0.5225
morality:0.52125
golden palm:0.5195
catastrophe:0.514
brainwashing:0.51075
mentor:0.50775
movielens top pick:0.50525
good soundtrack:0.502
narrated:0.50175
courage:0.49425
melancholic:0.485
powerful ending:0.48425
culture clash:0.482
depressing:0.47475
intellectual:0.4715
boston:0.468
moral ambiguity:0.46575
great acting:0.465
police corruption:0.463
lawyers:0.46075
suprisingly clever:0.4605
suspense:0.459
highly quotable:0.456
forceful:0.45275
mental illness:0.4525
very good:0.45175
oscar:0.446
nudity (topless - notable):0.4435
philosophy:0.44275
great:0.44175
redemption:0.44025
good acting:0.439
drinking:0.43675
based on book:0.4365
storytelling:0.43625
imdb top 250:0.436
world politics:0.42975
sexualized violence:0.42925
