innocence lost:0.97425
music:0.96025
musical:0.90425
dance:0.886
1930s:0.883
complex:0.8335
good music:0.8335
dancing:0.79525
original:0.7615
lyrical:0.7355
visually appealing:0.68825
satire:0.66325
harsh:0.6155
fantasy:0.5995
creativity:0.58275
drama:0.58275
melancholic:0.5765
weird:0.56975
great music:0.565
good soundtrack:0.556
hip hop:0.55525
nudity (topless - notable):0.54875
fantasy world:0.54175
surreal:0.53675
runaway:0.53175
greed:0.52075
dreams:0.51575
criterion:0.51425
rock and roll:0.51325
prostitution:0.50675
affectionate:0.50575
british:0.499
breathtaking:0.4845
obsession:0.48075
dark:0.469
story:0.46675
satirical:0.4665
homeless:0.46625
adultery:0.4645
happy ending:0.46075
loneliness:0.4585
nostalgic:0.45675
depression:0.454
stunning:0.45175
catastrophe:0.4495
bleak:0.448
golden palm:0.4475
great ending:0.43825
bittersweet:0.43525
adaptation:0.42825
grim:0.42475
intimate:0.42375
oscar (best directing):0.4085
culture clash:0.4075
cinematography:0.39975
great:0.3985
cynical:0.39725
murder:0.39525
stylized:0.3935
musicians:0.3915
dramatic:0.38425
social commentary:0.38275
masterpiece:0.382
not funny:0.3795
colourful:0.37775
passionate:0.374
exceptional acting:0.36875
brutality:0.35825
unlikeable characters:0.35725
light:0.355
betrayal:0.35275
dialogue:0.3525
sexual:0.351
poignant:0.351
art:0.3495
visually stunning:0.34875
cult film:0.343
moral ambiguity:0.3405
storytelling:0.3325
melancholy:0.33075
based on a play:0.32925
irreverent:0.328
absurd:0.32725
adapted from:book:0.32325
unfunny:0.322
big budget:0.321
dreamlike:0.31925
mentor:0.31925
gunfight:0.316
england:0.3135
dysfunctional family:0.31275
very funny:0.31225
pornography:0.30825
disturbing:0.30075
allegory:0.30025
underrated:0.3
police investigation:0.29675
talky:0.2955
lone hero:0.29525
pointless:0.2945
