high school:0.995
teen:0.99
teen movie:0.989
small town:0.9735
geeks:0.973
teens:0.97
teenager:0.96675
teenagers:0.9665
awesome soundtrack:0.955
adolescence:0.95425
geek:0.89725
drinking:0.864
pg-13:0.85925
reality tv:0.832
school:0.8125
cheerleading:0.797
bullying:0.768
kids:0.76175
mentor:0.724
original:0.72375
girlie movie:0.72025
nerds:0.71425
stereotypes:0.70725
destiny:0.706
internet:0.692
honest:0.661
friendship:0.645
san francisco:0.63275
sports:0.626
good soundtrack:0.61725
unlikely friendships:0.60875
computer animation:0.6085
life philosophy:0.59175
teacher:0.5705
drama:0.566
women:0.56425
family:0.53625
california:0.53175
coming of age:0.5315
runaway:0.53125
indie:0.52975
coming-of-age:0.5235
loneliness:0.51
shallow:0.47425
childhood:0.46425
story:0.4605
great ending:0.4545
catastrophe:0.44225
depression:0.4405
mtv:0.44025
transgender:0.43875
vampire human love:0.43575
fun movie:0.426
predictable:0.4225
storytelling:0.4195
stylized:0.41825
dialogue:0.417
redemption:0.417
virginity:0.41375
chase:0.40625
culture clash:0.4015
documentary:0.39875
80s:0.39125
interesting:0.38925
series:0.375
segregation:0.373
fantasy world:0.369
pornography:0.36525
nudity (topless - notable):0.3645
los angeles:0.36425
feel-good:0.363
adapted from:book:0.3615
transformation:0.35925
nostalgic:0.354
cute:0.353
suicide:0.35075
grindhouse:0.3455
indians:0.3415
horrible:0.33775
life:0.3355
social commentary:0.33475
classic car:0.3345
touching:0.33375
realistic:0.333
underdog:0.3325
not funny:0.33225
based on book:0.32975
camp:0.3255
dramatic:0.32225
weird:0.32125
race issues:0.32125
justice:0.32
fun:0.3185
chick flick:0.318
college:0.3155
enormously long battle scene:0.3125
dysfunctional family:0.31025
independent film:0.31
fashion:0.305
male nudity:0.30375
