author:neil gaiman:1.0
stop motion:0.99625
oscar (best animated feature):0.995
dark fantasy:0.99175
visually stunning:0.9735
animation:0.9725
fantasy world:0.9685
storytelling:0.966
imagination:0.95875
stop-motion:0.95525
alternate reality:0.94025
visual:0.93825
dark:0.937
fairy tale:0.93275
alone in the world:0.9225
creepy:0.9195
weird:0.9165
animated:0.916
surreal:0.9135
alternate universe:0.91075
based on a book:0.90975
story:0.9095
whimsical:0.90475
adapted from:book:0.891
original:0.8855
neil gaiman:0.87825
fantasy:0.85775
based on book:0.854
scary:0.80475
childhood:0.80075
children:0.79975
visually appealing:0.796
visuals:0.78825
macabre:0.77075
creativity:0.739
spiders:0.68725
imdb top 250:0.68625
claymation:0.6845
3d:0.6785
parallel universe:0.66925
fairy tales:0.662
runaway:0.65875
computer animation:0.657
gothic:0.634
stunning:0.63325
nocturnal:0.633
melancholic:0.62525
dreamlike:0.6215
colourful:0.62125
adventure:0.61225
surrealism:0.60675
adaptation:0.60575
clever:0.603
dreams:0.593
atmospheric:0.593
beautifully filmed:0.58175
social commentary:0.5815
stylized:0.57825
disturbing:0.57425
allegory:0.569
artistic:0.56875
good soundtrack:0.5675
complex:0.5585
distopia:0.55075
dr. seuss:0.54875
breathtaking:0.544
criterion:0.53375
mentor:0.532
strange:0.52825
goth:0.52475
eerie:0.51825
affectionate:0.514
great ending:0.50725
bleak:0.506
books:0.50575
quirky:0.505
transformation:0.505
secrets:0.5025
great:0.5
talking animals:0.4975
hallucinatory:0.49725
masterpiece:0.49275
narrated:0.49225
destiny:0.488
interesting:0.4805
loneliness:0.47925
good:0.479
bizarre:0.4745
cerebral:0.47
pg:0.46525
grim:0.46425
dialogue:0.4615
original plot:0.46125
cartoon:0.461
utopia:0.458
cinematography:0.4545
witches:0.4525
coming of age:0.45125
unusual plot structure:0.4495
friendship:0.449
