enigmatic:0.882
loneliness:0.866
art house:0.8615
brutality:0.83825
disturbing:0.79725
obsession:0.78825
intimate:0.77075
visceral:0.75725
pornography:0.72575
melancholic:0.72425
surreal:0.7125
cinematography:0.70575
existentialism:0.70475
weird:0.70425
splatter:0.70075
original:0.6975
sexual:0.6755
prostitution:0.66975
meditative:0.63475
criterion:0.6205
beautifully filmed:0.6115
dialogue:0.60925
dreamlike:0.60725
visually stunning:0.6005
relationships:0.59975
fish:0.5845
vengeance:0.579
runaway:0.57625
solitude:0.554
storytelling:0.54875
suicide:0.5445
visual:0.52975
violence:0.52175
entirely dialogue:0.52075
dark humor:0.51275
beautiful scenery:0.49775
reflective:0.4955
bizarre:0.49475
isolation:0.49325
silent:0.4915
grindhouse:0.49075
psychological:0.489
artsy:0.488
erotic:0.48625
art:0.48625
sexy:0.481
twists & turns:0.46825
good soundtrack:0.468
sexualized violence:0.4645
talky:0.46425
very interesting:0.464
strange:0.46275
male nudity:0.4615
violent:0.4555
guilt:0.4535
cult classic:0.45225
golden palm:0.4515
brutal:0.4505
allegory:0.44375
stylish:0.43525
stylized:0.433
culture clash:0.4295
slow paced:0.4275
atmospheric:0.42725
mentor:0.42725
nocturnal:0.427
nudity (full frontal - notable):0.42625
catastrophe:0.41575
cerebral:0.4155
suprisingly clever:0.41275
harsh:0.41075
surrealism:0.404
bloody:0.4
downbeat:0.3885
foreign:0.383
artistic:0.376
breathtaking:0.37325
pointless:0.37225
absurd:0.37175
bleak:0.3665
complex:0.358
assassination:0.35375
not funny:0.34325
redemption:0.3385
great:0.3375
cult film:0.33675
nonlinear:0.332
life philosophy:0.3175
intellectual:0.317
great ending:0.31575
controversial:0.31525
boat:0.31075
artist:0.3075
police investigation:0.30575
bdsm:0.305
slow:0.30225
narrated:0.299
poetry:0.29775
classic car:0.2955
gory:0.2955
