greed:0.997
business:0.97425
corruption:0.967
mentor:0.95925
oscar (best actor):0.9505
social commentary:0.94175
capitalism:0.938
good:0.87425
morality:0.86925
money:0.8515
1980s:0.84
lawyers:0.833
corporate america:0.83
manipulation:0.8255
idealism:0.8095
lawyer:0.80775
oscar:0.80725
oscar (best directing):0.798
world politics:0.7735
great acting:0.75775
interesting:0.753
great movie:0.74625
oscar winner:0.734
original:0.72525
justice:0.7245
conspiracy:0.72275
betrayal:0.71325
intense:0.7035
very good:0.69675
excellent script:0.69675
dramatic:0.6945
complex:0.665
oscar (best actress):0.65575
secrets:0.6465
oscar (best supporting actress):0.6395
courtroom:0.6255
dialogue:0.62525
oscar (best supporting actor):0.61375
redemption:0.61075
twists & turns:0.60525
afi 100 (movie quotes):0.60375
story:0.60325
great:0.60175
suspense:0.599
storytelling:0.59875
good acting:0.598
good soundtrack:0.5965
drama:0.59025
very interesting:0.59
life philosophy:0.5865
great ending:0.581
honest:0.5785
technology:0.57725
narrated:0.56475
forceful:0.55725
runaway:0.557
entertaining:0.55475
harsh:0.55125
tense:0.551
philosophy:0.55
imdb top 250:0.54525
excellent:0.54475
happy ending:0.53425
fighting the system:0.53275
pg-13:0.53025
clever:0.52525
chase:0.51925
us history:0.5065
poker:0.4985
drinking:0.4975
revenge:0.48875
underrated:0.488
plot:0.48575
exceptional acting:0.48425
race issues:0.48125
nudity (rear):0.479
cerebral:0.47525
catastrophe:0.47025
realistic:0.464
political:0.462
crime gone awry:0.4615
transformation:0.46075
unlikely friendships:0.458
brutality:0.45525
talky:0.45425
feel-good:0.45025
earnest:0.44025
poverty:0.4365
intelligent:0.4365
cool:0.4355
sacrifice:0.43475
moral ambiguity:0.4335
original plot:0.43325
spying:0.433
thriller:0.43275
paranoid:0.42725
nudity (full frontal - brief):0.426
anti-hero:0.424
police corruption:0.42325
culture clash:0.42025
