hit men:0.81425
original:0.72975
fantasy:0.6305
twists & turns:0.62325
quirky:0.5715
unusual plot structure:0.53125
story:0.52375
adaptation:0.51525
visually appealing:0.48925
complex:0.484
dialogue:0.48225
stylized:0.4765
crime gone awry:0.47575
great ending:0.4585
black comedy:0.45
art:0.43625
so bad it's funny:0.432
mentor:0.42475
catastrophe:0.4225
melancholic:0.42175
claustrophobic:0.3995
storytelling:0.39475
fantasy world:0.37975
absurd:0.37775
overrated:0.36725
runaway:0.35275
transformation:0.352
greed:0.348
nudity (full frontal - brief):0.3475
destiny:0.34725
depression:0.3425
redemption:0.34175
cerebral:0.33575
entirely dialogue:0.3355
witty:0.33325
weapons:0.33
brutality:0.3265
sexy:0.32625
not funny:0.3255
oscar (best supporting actress):0.3245
good soundtrack:0.323
multiple storylines:0.322
based on a play:0.32175
imdb top 250:0.311
visual:0.30925
first contact:0.309
oscar (best actress):0.3065
predictable:0.3065
gangsters:0.3025
feel-good:0.30175
good:0.3005
dark comedy:0.29675
clever:0.29325
dreams:0.28625
secrets:0.28475
talky:0.28375
oscar (best directing):0.28
psychological:0.27725
surreal:0.27125
pulp:0.271
pornography:0.27025
cult film:0.27
writers:0.26475
adventure:0.263
feel good movie:0.2625
interesting:0.261
bizarre:0.2585
dreamlike:0.25625
unfunny:0.25575
bad plot:0.25
culture clash:0.2485
loneliness:0.248
lone hero:0.245
dysfunctional family:0.245
weird:0.244
pretentious:0.24375
very funny:0.243
creativity:0.242
suprisingly clever:0.241
criterion:0.24075
fight scenes:0.238
vengeance:0.23375
existentialism:0.23075
family drama:0.23025
enigmatic:0.23
dark hero:0.22975
computer animation:0.22925
nudity (full frontal - notable):0.2275
strange:0.22625
allegory:0.22475
alternate reality:0.2235
pointless:0.22275
paranoia:0.21925
atmospheric:0.217
cult classic:0.2135
macabre:0.213
technology:0.212
visually stunning:0.211
oscar:0.211
police investigation:0.2105
