dark fantasy:0.993
werewolves:0.98225
dreams:0.92025
dreamlike:0.89625
werewolf:0.89475
innocence lost:0.89075
fantasy world:0.8845
creepy:0.879
allegory:0.86625
surreal:0.864
horror:0.86275
fairy tales:0.8355
stylized:0.815
macabre:0.814
fairy tale:0.79675
imagination:0.78075
weird:0.76975
ominous:0.769
atmospheric:0.74275
fantasy:0.73525
pornography:0.726
cult classic:0.7225
original:0.71975
visually stunning:0.70625
transformation:0.678
childhood:0.66425
visual:0.664
sexual:0.65625
disturbing:0.6495
visually appealing:0.628
witches:0.6175
surrealism:0.61075
gory:0.60725
adolescence:0.603
nocturnal:0.5875
storytelling:0.58
enigmatic:0.556
visceral:0.55125
great ending:0.5465
sexuality:0.543
eerie:0.542
coming-of-age:0.53775
brutality:0.51325
adaptation:0.51
story:0.499
special effects:0.498
meditative:0.49475
bloody:0.48
catastrophe:0.44675
goth:0.445
frightening:0.444
stylish:0.43875
grim:0.433
erotic:0.4255
mythology:0.4215
demons:0.41975
mentor:0.41525
beautifully filmed:0.41475
cinematography:0.41425
harsh:0.40775
narrated:0.40025
visuals:0.39625
good soundtrack:0.3845
scary:0.38375
obsession:0.3825
strange:0.38125
runaway:0.38
suprisingly clever:0.379
graphic novel:0.3775
goretastic:0.373
underrated:0.372
life & death:0.37075
cult film:0.36825
devil:0.3675
18th century:0.36725
unusual plot structure:0.36375
not funny:0.36075
light:0.36
vengeance:0.35825
supernatural:0.35725
cerebral:0.354
coming of age:0.352
medieval:0.3515
criterion:0.3485
beautiful:0.345
bizarre:0.344
gruesome:0.3435
doctors:0.34025
revenge:0.33825
dialogue:0.338
gothic:0.338
magic:0.338
grindhouse:0.33275
life philosophy:0.32975
masterpiece:0.32925
sexy:0.3245
cult:0.32425
hallucinatory:0.3215
tense:0.3175
adapted from:book:0.3155
