life & death:0.937
storytelling:0.915
original:0.8955
emotional:0.83675
good soundtrack:0.8295
flashbacks:0.819
twists & turns:0.782
plot twist:0.7695
poignant:0.753
dreamlike:0.7445
intense:0.74025
confusing:0.725
non-linear:0.712
adolescence:0.6865
sexualized violence:0.686
surprise ending:0.684
high school:0.67775
stoner movie:0.6765
dreams:0.67625
twist ending:0.67575
life philosophy:0.674
women:0.6735
suspense:0.6725
great ending:0.65875
story:0.65075
childhood:0.64975
dramatic:0.645
creativity:0.6425
guilt:0.64025
redemption:0.63925
complex:0.62825
twist:0.6255
school:0.6245
cinematography:0.61725
existentialism:0.6155
visual:0.61275
unlikely friendships:0.61075
bittersweet:0.61
visually stunning:0.60925
death:0.608
mindfuck:0.60675
memory:0.6055
nudity (topless - notable):0.60125
art:0.5975
distopia:0.59175
breathtaking:0.58975
brutality:0.58275
friendship:0.58275
pg-13:0.574
justice:0.5525
cerebral:0.5485
predictable:0.54275
psychological:0.528
violence:0.5185
melancholic:0.51475
thought-provoking:0.50775
first contact:0.5055
forceful:0.504
drama:0.5005
artistic:0.497
alternate endings:0.48725
teacher:0.4815
courage:0.48075
literature:0.47975
artsy:0.47575
enigmatic:0.47225
philosophical:0.471
sexual abuse:0.469
life:0.467
catastrophe:0.465
dialogue:0.4625
touching:0.46025
teen movie:0.4535
mentor:0.453
stylized:0.45275
surreal:0.451
pointless:0.45075
tragedy:0.45
intellectual:0.446
sad:0.442
excellent script:0.441
future:0.44075
teenagers:0.43575
passionate:0.431
inspirational:0.42975
aging:0.42175
philosophy:0.4205
revenge:0.41925
meditative:0.418
thriller:0.41725
intimate:0.41725
depression:0.417
oscar (best directing):0.41625
beautifully filmed:0.415
classic car:0.413
dumb but funny:0.41125
harsh:0.41025
amy smart:0.40525
visually appealing:0.40425
vengeance:0.404
