kids:0.991
kids and family:0.9885
family:0.9575
spying:0.95275
children:0.94825
fun:0.9165
fun movie:0.88
action:0.7675
special effects:0.767
original:0.75025
childhood:0.747
spy:0.74475
spies:0.73875
cute!:0.733
adventure:0.69025
mad scientist:0.68225
silly:0.67175
cute:0.66025
espionage:0.651
entertaining:0.64375
pg:0.64325
fantasy:0.62375
fantasy world:0.621
storytelling:0.60275
dialogue:0.57475
story:0.54925
predictable:0.5485
great:0.53
action packed:0.514
whimsical:0.51325
fast paced:0.51125
cool:0.50875
bad plot:0.5045
silly fun:0.502
good action:0.477
light:0.46975
chase:0.466
secrets:0.4355
good:0.428
catastrophe:0.42675
mentor:0.4075
great ending:0.4055
fight scenes:0.39575
visual:0.38875
overrated:0.376
runaway:0.37425
pg-13:0.37025
witty:0.36875
superheroes:0.36625
slapstick:0.36125
so bad it's funny:0.3605
spelling bee:0.357
not funny:0.352
creativity:0.35175
lone hero:0.35075
violence:0.3475
redemption:0.3425
great movie:0.34125
clever:0.33625
corny:0.3325
bullying:0.33025
goofy:0.32825
weapons:0.3275
culture clash:0.32575
parenthood:0.32075
violent:0.31875
surreal:0.3185
product placement:0.318
natural disaster:0.31775
allegory:0.3175
weird:0.31525
first contact:0.31425
big budget:0.314
melancholic:0.31
animals:0.3075
adaptation:0.30325
robots:0.303
dreamlike:0.2975
brutality:0.29675
imdb top 250:0.29575
cheesy:0.292
stereotypes:0.2915
computer animation:0.29025
mutants:0.29
adoption:0.289
dysfunctional family:0.289
entirely dialogue:0.28775
family drama:0.2875
teen movie:0.28625
destiny:0.2855
talking animals:0.2805
sci fi:0.27225
visually stunning:0.2715
absurd:0.267
pulp:0.2665
very funny:0.26575
school:0.2625
sexy:0.26225
cartoon:0.2615
police investigation:0.25975
