disney animated feature:0.99375
animation:0.9935
jungle:0.98875
animals:0.975
animated:0.934
cartoon:0.91225
disney:0.90625
computer animation:0.9
good:0.84025
family:0.834
talking animals:0.815
story:0.80725
adapted from:book:0.78775
good soundtrack:0.7425
animal movie:0.731
original:0.7285
kids and family:0.72425
great:0.718
africa:0.70675
kids:0.7025
children:0.68475
oscar (best music - original song):0.65975
fun movie:0.64675
adventure:0.63275
fairy tale:0.62
stereotypes:0.6125
musical:0.60075
childhood:0.5965
great movie:0.55975
cute:0.5495
action:0.5365
adoption:0.5305
fun:0.52925
entertaining:0.51875
great ending:0.517
chase:0.5105
catastrophe:0.50325
happy ending:0.4955
storytelling:0.4905
classic:0.4865
friendship:0.478
dialogue:0.47375
excellent:0.465
clever:0.46125
girlie movie:0.461
mentor:0.45775
culture clash:0.45625
music:0.45575
predictable:0.454
fast paced:0.445
adaptation:0.43725
unlikely friendships:0.43625
humanity:0.433
redemption:0.43125
heartwarming:0.43125
pg-13:0.4295
very good:0.42775
good music:0.42425
light:0.421
based on book:0.41275
good action:0.41125
oscar winner:0.40925
action packed:0.40725
visually stunning:0.404
funny:0.404
sweet:0.39825
runaway:0.39825
goofy:0.39625
creativity:0.39475
visuals:0.39075
cute!:0.388
transformation:0.3855
lions:0.3855
beautiful scenery:0.3795
humorous:0.3785
original plot:0.378
sentimental:0.37425
better than expected:0.37125
good versus evil:0.36725
very funny:0.3665
pg:0.36425
greed:0.3615
destiny:0.3565
touching:0.35125
romantic:0.3475
witty:0.34225
suprisingly clever:0.333
true story:0.32725
3d:0.3235
betrayal:0.32325
books:0.322
mythology:0.321
lone hero:0.321
simple:0.30875
fairy tales:0.3085
oscar:0.3085
based on true story:0.308
dynamic cgi action:0.3055
too short:0.30325
not funny:0.30075
