road movie:0.9815
criterion:0.98025
cars:0.92025
existentialism:0.9115
enigmatic:0.91075
cult classic:0.8565
cult film:0.856
loneliness:0.83725
downbeat:0.8355
bleak:0.81625
awesome soundtrack:0.806
meditative:0.802
racing:0.76925
golden palm:0.76125
art house:0.70475
dialogue:0.6785
allegory:0.67475
harsh:0.67225
character study:0.66525
grindhouse:0.664
talky:0.64625
road trip:0.637
original:0.6135
reflective:0.61225
weird:0.6085
entirely dialogue:0.594
cinematography:0.593
intimate:0.58925
life philosophy:0.539
melancholic:0.53875
pointless:0.5245
crime gone awry:0.52325
obsession:0.51325
runaway:0.499
masterpiece:0.4955
visually appealing:0.49125
visceral:0.4855
nocturnal:0.48125
stylish:0.47575
suprisingly clever:0.467
dreamlike:0.458
desert:0.4555
melancholy:0.45425
surreal:0.4515
atmospheric:0.4465
moody:0.444
social commentary:0.4435
unusual plot structure:0.44075
gunfight:0.4305
grim:0.4295
good soundtrack:0.42525
catastrophe:0.4225
1970s:0.4195
breathtaking:0.41475
sexual:0.409
motorcycle:0.40125
scenic:0.3985
pretentious:0.396
cerebral:0.391
tense:0.387
redemption:0.386
hotel:0.38575
pornography:0.38425
classic car:0.38375
stylized:0.3805
insanity:0.3735
great ending:0.37275
brutality:0.36475
paranoid:0.36225
stoner movie:0.36075
art:0.3585
disturbing:0.35825
culture clash:0.35125
cynical:0.35
biting:0.348
mentor:0.344
sexy:0.3365
violent:0.3325
creepy:0.33125
lynch:0.32975
nudity (full frontal - notable):0.3245
love triangles:0.3245
oil:0.32125
ironic:0.316
cult:0.31525
rebellion:0.30925
very interesting:0.30925
bad ending:0.308
not funny:0.30575
poignant:0.30525
gangsters:0.30325
greed:0.29575
quirky:0.2945
great:0.29025
environment:0.28925
life & death:0.28425
mad scientist:0.28325
lone hero:0.282
strange:0.28125
wilderness:0.278
