unusual plot structure:0.989
visually stunning:0.98675
life & death:0.9845
cerebral:0.97925
immortality:0.97175
fountain of youth:0.96625
death:0.96625
visual:0.95025
visually appealing:0.9475
meditative:0.9415
storytelling:0.94
artistic:0.9345
philosophical:0.92625
nonlinear:0.92275
surreal:0.92175
complex:0.90875
existentialism:0.9015
dreamlike:0.8945
cancer:0.88825
non-linear:0.88675
visuals:0.88375
original:0.88225
mindfuck:0.876
emotional:0.8715
love story:0.86525
cinematography:0.85825
pretentious:0.85675
metaphysics:0.85525
weird:0.85175
enigmatic:0.85075
imagination:0.84975
melancholic:0.84975
space:0.84075
futuristic:0.84025
beautifully filmed:0.84
intellectual:0.8385
philosophy:0.82625
sacrifice:0.825
stunning:0.8225
hallucinatory:0.8205
love:0.8165
mythology:0.81075
beautiful:0.80375
thought-provoking:0.80375
dreams:0.80275
allegory:0.79825
science fiction:0.78825
future:0.77275
alternate reality:0.7695
spain:0.7685
afterlife:0.7605
loneliness:0.75525
confusing:0.7515
destiny:0.7455
sci fi:0.7415
space travel:0.72875
scifi:0.726
breathtaking:0.725
reflective:0.7195
life philosophy:0.71575
masterpiece:0.70575
story:0.691
surrealism:0.6875
life:0.68575
sci-fi:0.68375
artsy:0.678
art:0.67175
unique:0.663
terminal illness:0.66125
multiple storylines:0.65775
melancholy:0.6555
solitude:0.648
bittersweet:0.64675
atmospheric:0.64475
great ending:0.644
beautiful scenery:0.642
first contact:0.63575
memory:0.62625
creativity:0.61975
narrated:0.606
obsession:0.60575
social commentary:0.60175
intense:0.60025
art house:0.6
tragedy:0.59975
touching:0.59775
amazing cinematography:0.59625
complicated:0.59025
imdb top 250:0.58725
colourful:0.586
poignant:0.58475
heartbreaking:0.57625
stylized:0.5685
spanish:0.568
inspirational:0.5575
passionate:0.55725
absurd:0.557
twists & turns:0.552
science:0.545
time travel:0.54375
