world war ii:0.96775
wwii:0.958
egypt:0.953
wartime:0.952
africa:0.952
best war films:0.92975
german:0.9245
desert:0.88375
australian:0.8695
war:0.85075
factual:0.83025
historical:0.80825
forceful:0.8035
weapons:0.79125
british:0.78
fighting:0.768
australia:0.757
original:0.729
sacrifice:0.723
history:0.7065
courage:0.68125
light:0.681
action:0.67975
story:0.67675
fantasy world:0.66475
special effects:0.6565
war movie:0.64275
excellent:0.6215
gunfight:0.6085
ethnic conflict:0.59075
dialogue:0.584
brutality:0.57325
nazis:0.5715
good versus evil:0.56975
pg-13:0.56825
middle east:0.5665
great ending:0.5515
us history:0.55025
dramatic:0.52425
england:0.51625
original plot:0.5015
great:0.4875
cinematography:0.481
good soundtrack:0.46675
franchise:0.455
segregation:0.45425
mentor:0.4535
male nudity:0.45125
prejudice:0.44725
crude humor:0.446
spying:0.44125
silly:0.441
politics:0.43575
gritty:0.4325
sci fi:0.432
visually stunning:0.4315
too short:0.429
spy:0.4285
stylized:0.42575
culture clash:0.42475
highly quotable:0.42275
stereotypes:0.42225
world war i:0.42025
catastrophe:0.418
mythology:0.41525
allegory:0.415
great movie:0.412
nazi:0.40975
talky:0.40925
off-beat comedy:0.40875
narrated:0.40425
science fiction:0.4015
transformation:0.40075
fight scenes:0.393
rats:0.39225
clever:0.387
world politics:0.3855
brutal:0.384
plot twist:0.38
predictable:0.37925
alternate reality:0.37625
moral ambiguity:0.37325
goofy:0.372
not funny:0.37075
very funny:0.36925
visual:0.369
visually appealing:0.36825
betrayal:0.36425
obsession:0.3635
justice:0.36025
honest:0.3565
germany:0.355
beautiful scenery:0.35275
anti-hero:0.35175
stupidity:0.3465
social commentary:0.345
pornography:0.34425
future:0.3425
adventure:0.339
good:0.33875
