ghosts:0.98725
supernatural:0.97925
submarine:0.957
claustrophobic:0.9445
creepy:0.8825
wwii:0.88025
world war ii:0.8795
tense:0.87825
horror:0.85975
suspense:0.81825
original:0.815
suspenseful:0.809
great ending:0.772
story:0.761
wartime:0.7485
mystery:0.74075
eerie:0.72
paranoia:0.70975
twist ending:0.67525
special effects:0.67125
psychological:0.65925
scary:0.6475
thriller:0.64075
twists & turns:0.621
first contact:0.61625
frightening:0.61625
twist:0.61425
ominous:0.60925
effects:0.59525
atmospheric:0.5935
light:0.58925
intense:0.58425
cinematography:0.58175
haunted house:0.5815
pg-13:0.57875
surprise ending:0.57875
good:0.57675
survival:0.571
dialogue:0.56425
predictable:0.56325
big budget:0.546
so bad it's funny:0.54175
weird:0.52225
storytelling:0.507
catastrophe:0.5065
bad cgi:0.5065
computer animation:0.50625
allegory:0.50125
runaway:0.49925
visual:0.4975
ghosts/afterlife:0.49225
clever:0.483
germany:0.4805
nocturnal:0.46175
plot twist:0.45975
splatter:0.458
absurd:0.457
cerebral:0.45625
science fiction:0.45075
better than expected:0.437
boat:0.43675
sci fi:0.43025
german:0.42925
chase:0.429
technology:0.4225
transformation:0.422
shark:0.41925
vengeance:0.41725
great:0.416
visually stunning:0.41575
violence:0.41225
bad ending:0.4055
action:0.40425
plot holes:0.4025
psychology:0.4025
mentor:0.4015
not funny:0.4
lame:0.39775
dark:0.396
secrets:0.395
monster:0.39225
good soundtrack:0.38675
demons:0.38225
good acting:0.378
conspiracy:0.37425
silly fun:0.37325
creativity:0.3595
fantasy world:0.34925
stylized:0.349
revenge:0.34575
visceral:0.34325
slow paced:0.34225
brutality:0.33775
adaptation:0.33775
excellent:0.335
nazis:0.334
murder mystery:0.329
gory:0.32875
paranoid:0.3245
cult film:0.32375
