adventure:0.98025
jungle:0.96875
children:0.96425
kids:0.958
fantasy:0.93275
special effects:0.93
animals:0.91425
fun movie:0.87625
family:0.87175
childhood:0.868
lions:0.8495
video game:0.7985
good:0.786
big budget:0.77275
fun:0.744
original:0.72925
computer game:0.72675
fantasy world:0.712
entertaining:0.6975
spiders:0.6935
scary:0.68675
monkey:0.66775
nostalgic:0.66125
based on a book:0.65975
great:0.63875
action:0.6365
mentor:0.6245
effects:0.6135
chase:0.612
based on a video game:0.611
supernatural:0.60975
kids and family:0.60325
saturn award (best special effects):0.5995
adapted from:book:0.5965
story:0.5965
computer animation:0.59625
exciting:0.59225
magic:0.5905
based on book:0.57475
destiny:0.56025
pg-13:0.547
runaway:0.53375
animal movie:0.533
comedy:0.5285
great movie:0.51675
video games:0.5145
happy ending:0.51
dynamic cgi action:0.50025
good action:0.498
predictable:0.49625
catastrophe:0.4905
videogame:0.47675
pg:0.47025
adaptation:0.469
silly fun:0.4615
bad cgi:0.45825
transformation:0.45825
great ending:0.44375
time:0.4425
time travel:0.438
cgi:0.43675
bullying:0.43525
creativity:0.42725
goofy:0.42525
sentimental:0.4245
suspense:0.422
heartwarming:0.41725
action packed:0.415
oscar (best effects - visual effects):0.41025
natural disaster:0.40075
witches:0.39625
island:0.394
fast paced:0.39175
dialogue:0.3895
original plot:0.38575
clever:0.37975
oscar winner:0.37425
dinosaurs:0.37375
scifi:0.373
first contact:0.3685
feel-good:0.3665
cool:0.36525
oscar (best supporting actress):0.36475
underdog:0.35975
technology:0.35925
excellent:0.359
high fantasy:0.35375
alter ego:0.34925
not funny:0.3485
parallel universe:0.34725
death:0.344
cute!:0.34225
light:0.34225
toys:0.33825
fight scenes:0.33825
visually stunning:0.33225
life philosophy:0.328
redemption:0.32725
hunting:0.32475
intense:0.3225
