alien:0.99875
alien invasion:0.98725
aliens:0.98375
suspenseful:0.9695
suspense:0.9595
sci-fi:0.93775
story:0.93325
tense:0.9305
scary:0.91575
great ending:0.90775
plot holes:0.8805
storytelling:0.87475
surprise ending:0.87175
scifi:0.8635
space travel:0.8595
twist ending:0.83675
first contact:0.8215
original:0.8205
sci fi:0.81575
big budget:0.8155
science fiction:0.80175
dialogue:0.799
intense:0.797
end of the world:0.78975
ominous:0.7715
special effects:0.7645
supernatural:0.75475
pg-13:0.751
catastrophe:0.745
good:0.744
family:0.7415
destiny:0.737
plot:0.72475
god:0.724
thriller:0.72125
weapons:0.6955
good acting:0.69525
family bonds:0.687
eerie:0.67925
chase:0.67025
cerebral:0.6695
script:0.6675
single father:0.66675
interesting:0.66625
clever:0.65975
thought-provoking:0.659
claustrophobic:0.6555
frightening:0.649
better than expected:0.642
technology:0.64175
weird:0.62975
so bad it's funny:0.62525
twist:0.625
plot twist:0.623
space:0.6185
creepy:0.6155
survival:0.60875
visually appealing:0.606
visually stunning:0.6015
light:0.60125
silly:0.6
visual:0.59925
alternate endings:0.5955
cinematography:0.587
bad ending:0.58075
predictable:0.5805
great acting:0.57875
original plot:0.5725
apocalypse:0.57075
natural disaster:0.5685
redemption:0.567
twists & turns:0.56125
mystery:0.56
secrets:0.54675
children:0.543
dynamic cgi action:0.5425
death:0.541
atmospheric:0.5395
ridiculous:0.5385
great:0.53825
family drama:0.53775
psychological:0.533
imagination:0.5315
great movie:0.52525
existentialism:0.52225
absurd:0.51825
allegory:0.5175
creativity:0.5085
exciting:0.50775
solitude:0.501
enigmatic:0.49625
fantasy world:0.49075
happy ending:0.48625
effects:0.48225
action:0.481
idiotic:0.4795
conspiracy theory:0.478
shallow:0.4695
drama:0.469
life & death:0.4635
