biopic:0.97575
radio:0.946
biographical:0.90975
true story:0.882
biography:0.86225
based on true story:0.84
based on a true story:0.78775
original:0.71975
dramatic:0.71625
rags to riches:0.7035
great movie:0.68075
mentor:0.6615
unlikely friendships:0.624
great ending:0.596
corruption:0.5925
reflective:0.591
life philosophy:0.58975
great:0.58925
redemption:0.5885
storytelling:0.58575
friendship:0.57825
stand-up comedy:0.56425
underrated:0.56075
story:0.55425
pg-13:0.5485
hip hop:0.53175
cancer:0.53025
drama:0.5145
great acting:0.512
transformation:0.50875
very interesting:0.502
life & death:0.50175
dialogue:0.49675
segregation:0.49425
politics:0.49025
justice:0.4875
childhood:0.47525
good:0.47475
pornography:0.47375
catastrophe:0.45425
death:0.45025
inspiring:0.44675
oscar:0.44625
genocide:0.44325
light:0.443
relationships:0.43475
music business:0.434
prison:0.42575
good soundtrack:0.423
emotional:0.42
suprisingly clever:0.41125
entertaining:0.40675
social commentary:0.39975
interesting:0.3995
dreams:0.39925
first contact:0.3965
talky:0.3965
excellent:0.3955
los angeles:0.3935
alter ego:0.39275
indie:0.384
creativity:0.383
good acting:0.37575
comedy:0.375
greed:0.36675
prejudice:0.3615
destiny:0.36
culture clash:0.3525
earnest:0.351
fantasy world:0.3495
writers:0.34575
courage:0.34575
visually appealing:0.34325
inspirational:0.34275
underdog:0.342
clever:0.33925
blood:0.33375
life:0.3315
whimsical:0.33075
criterion:0.326
runaway:0.32525
sacrifice:0.325
family:0.3235
feel-good:0.3235
assassination:0.322
honest:0.32175
drinking:0.321
brutality:0.31975
melancholic:0.315
not funny:0.315
complex:0.312
existentialism:0.3095
entirely dialogue:0.2995
oscar (best directing):0.29925
gory:0.2985
doctors:0.297
imdb top 250:0.2955
touching:0.29125
exceptional acting:0.2885
betrayal:0.288
