documentary:0.98825
football:0.986
small town:0.984
obsession:0.9205
original:0.89
school:0.85925
sports:0.837
good soundtrack:0.8365
criterion:0.82225
drinking:0.80975
greed:0.78875
high school:0.788
narrated:0.779
social commentary:0.7685
life philosophy:0.7665
dark hero:0.75925
interesting:0.7385
mentor:0.73
honest:0.72725
great:0.72475
great soundtrack:0.72075
new jersey:0.7205
passionate:0.708
violent:0.6975
intense:0.69025
disturbing:0.67175
brutality:0.6675
great movie:0.665
corruption:0.66325
true story:0.653
harsh:0.64625
relationships:0.63375
politics:0.63275
movielens top pick:0.627
friendship:0.62125
awesome soundtrack:0.61725
childhood:0.617
based on book:0.612
cult classic:0.6055
drama:0.60175
life & death:0.601
great ending:0.6005
light:0.59825
finnish:0.59375
sexualized violence:0.592
crazy:0.59175
adapted from:book:0.58875
stylized:0.587
melancholic:0.5865
bleak:0.577
independent film:0.5695
indie:0.56875
destiny:0.56725
kids:0.563
death:0.563
cheerleading:0.55625
unlikely friendships:0.55425
violence:0.55
great acting:0.548
tense:0.54775
entertaining:0.54775
good:0.54575
very good:0.54475
based on a book:0.54175
talky:0.53475
fantasy world:0.53425
witty:0.5265
storytelling:0.5235
dark:0.52025
loneliness:0.5145
runaway:0.5135
segregation:0.5135
character study:0.508
highly quotable:0.50525
cult film:0.50025
realistic:0.496
downbeat:0.4955
humor:0.492
moral ambiguity:0.48575
sad:0.48475
love:0.4835
intimate:0.483
goofy:0.48275
cynical:0.4825
nudity (topless - brief):0.48225
affectionate:0.4815
free to download:0.4795
adaptation:0.478
crime gone awry:0.477
nocturnal:0.47625
revenge:0.474
oscar:0.4735
dialogue:0.47175
pornography:0.4705
grindhouse:0.46075
coming of age:0.45475
fun movie:0.45475
very interesting:0.45225
oscar (best directing):0.4455
cinematography:0.44325
