africa:0.99375
civil war:0.9665
violence:0.9595
corruption:0.94225
brutality:0.93075
politics:0.9145
forceful:0.9105
violent:0.90775
oscar (best picture):0.9055
action:0.90025
great acting:0.90025
intense:0.89775
dramatic:0.89625
greed:0.88175
war:0.86725
political:0.86625
sacrifice:0.86525
excellent script:0.8545
powerful ending:0.8525
emotional:0.84775
brainwashing:0.83375
genocide:0.8305
good:0.82775
oscar (best directing):0.82575
good acting:0.82575
drama:0.82025
south africa:0.8135
original:0.8055
slavery:0.8025
earnest:0.796
mentor:0.796
exceptional acting:0.7915
redemption:0.79025
justice:0.78975
oscar (best supporting actress):0.78575
oscar:0.78025
interesting:0.7705
survival:0.76975
realistic:0.76775
cinematography:0.76325
storytelling:0.76125
tragedy:0.7605
social commentary:0.7545
harsh:0.747
weapons:0.74675
oscar winner:0.74675
story:0.73925
imdb top 250:0.7375
brutal:0.73325
amazing cinematography:0.72725
courage:0.72425
visceral:0.72425
oscar (best editing):0.7225
business:0.7175
suspense:0.7165
oscar (best actor):0.714
beautiful scenery:0.7
great movie:0.69925
anti-hero:0.69425
fast paced:0.69375
complex:0.68975
mining:0.6855
great ending:0.67275
adventure:0.669
vengeance:0.66875
thriller:0.664
plot:0.66325
love story:0.66325
pg-13:0.66175
excellent:0.65225
revolution:0.65175
touching:0.64975
treasure hunt:0.64325
catastrophe:0.63725
compassionate:0.6355
action packed:0.6295
happy ending:0.62925
good soundtrack:0.62825
idealism:0.628
betrayal:0.62425
thought-provoking:0.6215
feel-good:0.61575
tense:0.6145
family bonds:0.6115
very good:0.602
arms dealer:0.60025
oscar (best actress):0.599
bloody:0.597
honest:0.59675
great:0.5885
destiny:0.586
chase:0.58375
secrets:0.583
dialogue:0.58075
torture:0.5775
culture clash:0.576
gratuitous violence:0.57475
entertaining:0.5715
sentimental:0.566
factual:0.5645
