male nudity:0.97525
wartime:0.972
london:0.95825
1930s:0.95175
england:0.946
girlie movie:0.941
world war ii:0.91825
historical:0.8425
oscar (best actress):0.8405
nostalgic:0.795
wwii:0.795
dramatic:0.794
true story:0.7895
british comedy:0.785
british:0.77475
oscar (best supporting actress):0.75
based on true story:0.74575
censorship:0.7395
women:0.73875
nudity (topless - notable):0.73625
period piece:0.73525
drama:0.7155
pg-13:0.7105
original:0.68225
nudity:0.67625
story:0.6745
oscar:0.671
strippers:0.632
mentor:0.62725
witty:0.618
excellent:0.61425
great acting:0.60275
good:0.5885
runaway:0.5855
bombs:0.58375
based on a true story:0.5835
oscar winner:0.5775
feel-good:0.577
light:0.574
very interesting:0.572
anti-semitism:0.55275
france:0.5485
great ending:0.54725
clever:0.53825
us history:0.536
dialogue:0.52875
great:0.52425
secrets:0.5215
feel good movie:0.5085
passionate:0.49875
sentimental:0.49425
betrayal:0.49375
good soundtrack:0.4925
gay character:0.49025
culture clash:0.48975
corruption:0.48725
entertaining:0.4805
best of 2005:0.47575
happy ending:0.47575
notable nudity:0.46175
courage:0.45975
war:0.45975
history:0.4545
intense:0.454
nudity (full frontal - notable):0.45375
storytelling:0.45325
emotional:0.44725
oscar (best directing):0.44225
idealism:0.4405
friendship:0.43875
adapted from:book:0.4365
unlikely friendships:0.435
whimsical:0.43475
prejudice:0.433
comedy:0.42725
catastrophe:0.4265
talky:0.424
great movie:0.4215
earnest:0.42075
police investigation:0.4205
nazis:0.4195
excellent script:0.4185
very funny:0.41625
costume drama:0.4135
relationships:0.41275
based on a play:0.41075
touching:0.41025
destiny:0.41025
adaptation:0.40775
nudity (full frontal - brief):0.4035
murder:0.4025
brutality:0.40025
exceptional acting:0.39525
poignant:0.39475
biographical:0.3875
tragedy:0.38575
interesting:0.3855
good acting:0.383
bittersweet:0.37675
life & death:0.37425
