series:0.7615
drama:0.75175
based on a tv show:0.7255
original:0.6875
great ending:0.68625
franchise:0.62725
reality tv:0.61475
pornography:0.59875
crude humor:0.59475
obsession:0.538
shallow:0.53275
chase:0.51075
nudity (topless - notable):0.50225
sex:0.49925
good soundtrack:0.4675
fun movie:0.46725
adaptation:0.461
sexualized violence:0.45425
mentor:0.443
dialogue:0.44225
comedy:0.442
enormously long battle scene:0.4325
directorial debut:0.428
greed:0.4275
brutality:0.4265
sexy:0.426
pointless:0.42375
relationships:0.42175
notable nudity:0.41925
drug abuse:0.41775
catastrophe:0.4165
storytelling:0.413
betrayal:0.40825
television:0.40525
fantasy world:0.4045
nudity:0.4045
very funny:0.40225
predictable:0.4015
first contact:0.39725
life philosophy:0.38925
plot:0.38825
alter ego:0.37125
vengeance:0.3705
destiny:0.36825
great:0.3615
police investigation:0.35875
satire:0.35675
women:0.35125
big budget:0.3475
redemption:0.32825
teens:0.32675
unlikely friendships:0.3245
corruption:0.317
oscar (best picture):0.3155
silly fun:0.31225
harsh:0.3095
twists & turns:0.30925
unfunny:0.308
entertaining:0.30725
sarcasm:0.3055
not funny:0.305
nudity (full frontal - brief):0.30275
awesome soundtrack:0.296
justice:0.29475
entirely dialogue:0.2945
doctors:0.2855
gangsters:0.28475
runaway:0.28375
oscar (best directing):0.283
secret service:0.28275
good:0.282
social commentary:0.28175
drinking:0.28025
passionate:0.2795
feel-good:0.27525
murder:0.2735
honest:0.27275
culture clash:0.27225
story:0.27025
family:0.264
nudity (topless):0.26275
hilarious:0.2625
revenge:0.2625
nostalgia:0.26125
clever:0.26025
queer:0.25775
suspense:0.25425
feel good movie:0.2535
unusual plot structure:0.251
better than expected:0.24825
overrated:0.2475
pg-13:0.247
friendship:0.24675
torture:0.24575
bad plot:0.24475
cheating:0.241
adapted from:book:0.23975
transformation:0.239
fantasy:0.23775
serial killer:0.23625
