screwball comedy:0.98275
holiday:0.85575
based on a play:0.83025
screwball:0.8125
classic:0.78275
oscar (best actress):0.78225
1930s:0.76775
witty:0.76725
criterion:0.7315
original:0.6885
romantic comedy:0.6635
oscar (best supporting actress):0.6565
oscar (best directing):0.64
bittersweet:0.6295
idealism:0.62775
talky:0.6255
great:0.6135
love:0.607
romance:0.5975
marriage:0.5915
runaway:0.5715
passionate:0.5705
comedy:0.56325
light:0.55975
dramatic:0.558
melancholy:0.5575
family:0.5535
heartwarming:0.54925
drinking:0.53675
culture clash:0.53475
great acting:0.52925
greed:0.52775
beautiful scenery:0.5275
fun movie:0.52525
catastrophe:0.5135
black and white:0.5055
affectionate:0.50325
romantic:0.49425
love story:0.4825
transformation:0.47975
feel-good:0.47475
relationships:0.47175
secrets:0.46675
sweet:0.46475
sentimental:0.45875
suprisingly clever:0.4575
imdb top 250:0.457
chase:0.4515
dysfunctional family:0.4475
good acting:0.44125
story:0.4385
mentor:0.438
california:0.437
intimate:0.42575
touching:0.4255
police investigation:0.42125
dialogue:0.419
obsession:0.4165
great ending:0.41325
sisters:0.413
family drama:0.40425
great movie:0.40275
sexy:0.39925
feel good movie:0.39125
childhood:0.39075
movielens top pick:0.38925
prejudice:0.38875
manipulation:0.38575
costume drama:0.38225
parenthood:0.3685
beautifully filmed:0.36675
clever:0.36675
earnest:0.36525
pornography:0.36425
adapted from:book:0.36425
atmospheric:0.3625
oscar:0.36025
whimsical:0.3595
melancholic:0.3545
excellent:0.35375
race issues:0.351
unusual plot structure:0.34725
adultery:0.34225
destiny:0.34175
pg-13:0.33225
poignant:0.33075
adaptation:0.3265
depression:0.323
dreams:0.31825
not funny:0.31675
assassination:0.31625
betrayal:0.3145
character study:0.31425
fast paced:0.309
life philosophy:0.3055
drama:0.3055
good soundtrack:0.305
happy ending:0.30475
perfect:0.30225
social commentary:0.30175
