nudity (topless):0.87525
dysfunctional family:0.84225
pornography:0.77925
indie:0.7585
depression:0.754
loneliness:0.744
existentialism:0.74025
original:0.718
weird:0.71275
dark humor:0.712
criterion:0.70925
suburbia:0.69125
bleak:0.66375
quirky:0.6195
independent film:0.5835
wartime:0.57625
social commentary:0.569
sisters:0.55675
grindhouse:0.5555
melancholic:0.553
nudity (topless - notable):0.55075
allegory:0.54925
suicide:0.54425
storytelling:0.54275
disturbing:0.539
nudity (full frontal - notable):0.5195
depressing:0.5125
black comedy:0.50475
good soundtrack:0.499
relationships:0.49475
great ending:0.4675
stoner movie:0.46325
israel:0.45725
dialogue:0.4445
reflective:0.4425
brutality:0.433
runaway:0.43225
thought-provoking:0.42925
demons:0.42425
harsh:0.42375
life philosophy:0.42075
catastrophe:0.4165
male nudity:0.40675
mentor:0.4065
corruption:0.40575
intimate:0.4055
melancholy:0.40275
dark:0.4
pointless:0.398
drugs:0.39775
multiple storylines:0.393
sexualized violence:0.38975
ironic:0.383
golden palm:0.382
dark comedy:0.36475
satirical:0.363
character study:0.36275
addiction:0.3615
so bad it's funny:0.3615
family drama:0.358
absurd:0.35625
entirely dialogue:0.35575
underrated:0.3525
sequels:0.35025
gory:0.34625
macabre:0.345
first contact:0.339
very interesting:0.335
vengeance:0.33275
bloody:0.3305
psychological:0.3295
erotic:0.328
enigmatic:0.31725
new jersey:0.31325
nudity (full frontal - brief):0.313
incest:0.31275
not funny:0.31275
drama:0.3115
humorous:0.3105
doctors:0.3065
nudity (full frontal):0.30625
obsession:0.304
gangsters:0.301
finnish:0.29825
nocturnal:0.29225
talky:0.289
death:0.2875
alternate universe:0.2865
suprisingly clever:0.2825
very funny:0.27975
twists & turns:0.2795
pretentious:0.27825
redemption:0.277
california:0.2765
small town:0.274
violence:0.27225
stylized:0.27175
culture clash:0.2715
bittersweet:0.27075
writers:0.269
