love story:0.9665
romantic:0.906
romance:0.8935
remake:0.7925
original:0.72025
love:0.709
destiny:0.698
beautiful scenery:0.6385
passionate:0.63825
tear jerker:0.5965
romantic comedy:0.532
island:0.5195
chick flick:0.51775
chase:0.51575
great ending:0.5155
story:0.5045
mentor:0.48575
women:0.47975
catastrophe:0.4575
great:0.4495
happy ending:0.417
bittersweet:0.413
touching:0.40825
immortality:0.40775
relationships:0.40575
dialogue:0.3915
storytelling:0.39125
sentimental:0.3885
cinematography:0.38375
predictable:0.378
sweet:0.36775
ennio morricone:0.361
natural disaster:0.3595
drama:0.34775
interracial romance:0.34125
oscar winner:0.34075
good:0.33975
pg-13:0.3375
adaptation:0.331
culture clash:0.32725
beautiful:0.3235
sappy:0.321
not funny:0.30925
breathtaking:0.30025
first contact:0.3
good romantic comedies:0.29625
lone hero:0.29525
justice:0.292
suprisingly clever:0.2905
good soundtrack:0.28875
visually appealing:0.28325
gangsters:0.282
runaway:0.27125
brutality:0.27075
beautifully filmed:0.27025
marriage:0.269
feel-good:0.26175
light:0.257
transformation:0.25625
thought-provoking:0.25425
fun movie:0.25275
melancholic:0.252
life philosophy:0.25075
fantasy world:0.25025
greed:0.249
emotional:0.24825
oscar (best directing):0.24775
police investigation:0.2465
shallow:0.24625
betrayal:0.24625
sci fi:0.24575
entirely dialogue:0.24425
nudity (rear):0.2425
dynamic cgi action:0.23975
bad plot:0.2385
vengeance:0.238
nudity (topless - brief):0.237
alternate history:0.23625
family:0.23475
clever:0.23425
sexy:0.232
classic:0.23175
weapons:0.231
girlie movie:0.23075
unfunny:0.22925
slapstick:0.22575
divorce:0.22525
remade:0.22375
whimsical:0.22375
nudity (full frontal - brief):0.22325
indians:0.219
so bad it's funny:0.2175
plot:0.2155
special effects:0.21475
childhood:0.21375
overrated:0.21225
grindhouse:0.212
life & death:0.20825
male nudity:0.20525
atheism:0.205
