hospital:0.93575
doctors:0.93425
based on true story:0.8885
dramatic:0.746
original:0.7385
sacrifice:0.666
drama:0.63
mad scientist:0.6095
capitalism:0.5995
mentor:0.55475
great:0.5445
catastrophe:0.527
feel-good:0.523
dialogue:0.509
camp:0.50875
talky:0.50425
great movie:0.504
great ending:0.489
survival:0.48575
courtroom:0.47875
corruption:0.46575
good:0.46075
suprisingly clever:0.4605
jungle:0.46025
good soundtrack:0.457
unfunny:0.4555
story:0.44225
gangsters:0.439
maze:0.43775
runaway:0.436
feel good movie:0.431
splatter:0.426
based on a true story:0.42525
destiny:0.42075
vigilante:0.41175
predictable:0.40825
underrated:0.4055
politics:0.40375
redemption:0.4025
ensemble cast:0.4
adaptation:0.3995
psychiatrist:0.398
girlie movie:0.39575
so bad it's funny:0.39025
absurd:0.387
first contact:0.37525
satirical:0.37325
life philosophy:0.36825
fantasy world:0.36225
oscar (best supporting actor):0.35725
lawyers:0.35475
not funny:0.35025
entirely dialogue:0.35
murder:0.34975
lone hero:0.3465
criterion:0.346
happy ending:0.34375
entertaining:0.34125
courage:0.3395
good versus evil:0.338
storytelling:0.33775
military:0.33375
weapons:0.33325
disability:0.331
based on a play:0.32925
animals:0.3285
psychiatry:0.32825
honest:0.32675
comedy:0.326
natural disaster:0.321
very good:0.31875
vengeance:0.31675
family:0.3165
based on a book:0.3165
saturday night live:0.31275
oscar (best supporting actress):0.31275
war:0.30825
iraq:0.306
excellent:0.306
brutality:0.30575
intense:0.30425
twists & turns:0.30325
quotable:0.29975
family drama:0.29975
special:0.2995
1970s:0.29825
macabre:0.2955
death:0.2915
sci fi:0.2885
adapted from:book:0.288
life & death:0.28575
allegory:0.28325
greed:0.283
islam:0.2815
childhood:0.2815
satire:0.28125
lawyer:0.28
women:0.2785
lions:0.27525
humorous:0.27325
