christmas:0.98425
holiday:0.94825
foul language:0.94025
funniest movies:0.91725
coen bros:0.86375
hilarious:0.85975
dark humor:0.84925
drinking:0.81775
original:0.80725
redemption:0.78975
funny as hell:0.7805
sarcasm:0.78
weird:0.776
comedy:0.77375
funny:0.75525
black comedy:0.745
absurd:0.70875
dark comedy:0.69925
irreverent:0.69775
off-beat comedy:0.68675
stupidity:0.68275
humor:0.6765
crude humor:0.67
very funny:0.669
quotable:0.657
good soundtrack:0.65575
gunfight:0.65425
humorous:0.63375
dialogue:0.62875
great ending:0.62225
greed:0.5895
goofy:0.581
harsh:0.57825
heist:0.576
cult film:0.56525
satire:0.56475
storytelling:0.563
crime gone awry:0.534
cult classic:0.51625
kids:0.5145
pornography:0.51325
clever:0.507
bleak:0.505
independent film:0.49825
bullying:0.49725
runaway:0.4935
violence:0.48525
hillarious:0.4815
loneliness:0.477
depression:0.47675
social commentary:0.47475
brutality:0.469
mentor:0.46875
dysfunctional family:0.467
cynical:0.46675
great movie:0.46625
downbeat:0.4525
suprisingly clever:0.4485
quirky:0.44325
melancholic:0.44175
narrated:0.44
imdb top 250:0.4365
feel-good:0.43325
twists & turns:0.43125
great:0.43125
parody:0.42775
interesting:0.42475
childhood:0.42225
great acting:0.42025
catastrophe:0.4115
unusual plot structure:0.4055
talky:0.40525
enigmatic:0.401
highly quotable:0.4005
so bad it's funny:0.397
allegory:0.397
sexualized violence:0.39675
crime:0.394
writers:0.3875
gangsters:0.3875
anti-hero:0.38475
character study:0.382
children:0.38125
unlikely friendships:0.38125
entirely dialogue:0.3805
satirical:0.3755
surreal:0.3755
corruption:0.37525
death:0.37525
complex:0.374
dark:0.373
happy ending:0.37275
macabre:0.369
slapstick:0.369
male nudity:0.36875
stylized:0.36675
stoner movie:0.365
life philosophy:0.363
violent:0.3615
silly fun:0.359
