nudity (topless):1.0
nudity (topless - brief):0.99675
strippers:0.97625
erotic:0.97125
sexual:0.95675
pornography:0.935
sexy:0.897
las vegas:0.8935
so bad it's funny:0.86475
camp:0.8585
sexualized violence:0.82975
horrible:0.82775
cult film:0.822
bad acting:0.81
nudity:0.807
satirical:0.78925
so bad it's good:0.78425
sex:0.757
nudity (full frontal - notable):0.75175
bad plot:0.74575
pointless:0.7415
original:0.719
nudity (topless - notable):0.71125
satire:0.711
bad:0.69175
awful:0.67825
predictable:0.653
dialogue:0.643
campy:0.64125
ridiculous:0.6205
dancing:0.611
nudity (full frontal):0.61075
controversial:0.58925
cult classic:0.558
idiotic:0.5575
violence:0.546
brutality:0.52125
great ending:0.50075
stupidity:0.486
overrated:0.48175
absurd:0.47075
mentor:0.468
censorship:0.46375
bad script:0.45725
shallow:0.45675
guilty pleasure:0.4565
cynical:0.4555
entirely dialogue:0.435
catastrophe:0.4265
fantasy world:0.40775
storytelling:0.3955
big budget:0.38775
internet:0.38075
bdsm:0.3805
lame:0.38025
boring:0.379
vengeance:0.377
stupid:0.37575
writers:0.3715
fight scenes:0.371
cheerleading:0.37025
women:0.36275
greed:0.3625
destiny:0.35275
first contact:0.35225
good soundtrack:0.34775
entertaining:0.3465
male nudity:0.34525
redemption:0.34375
disaster:0.343
runaway:0.341
bad ending:0.34075
quirky:0.33825
sci fi:0.33525
nudity (full frontal - brief):0.33325
unintentionally funny:0.3325
family:0.3305
fantasy:0.329
violent:0.32575
adaptation:0.32075
not funny:0.31925
harsh:0.318
stupid as hell:0.31325
teen movie:0.3125
splatter:0.3125
good action:0.3115
prostitution:0.31125
pulp:0.31025
fun movie:0.3085
good dialogue:0.3025
imdb top 250:0.29725
story:0.29675
gratuitous violence:0.2965
life philosophy:0.295
obsession:0.29475
lone hero:0.29425
betrayal:0.29375
slapstick:0.2935
over the top:0.28675
melancholic:0.286
