spanish:0.995
almodovar:0.99475
mother daughter relationship:0.98525
spain:0.9735
women:0.971
secrets:0.96575
visually appealing:0.9425
family bonds:0.91225
relationships:0.89
complex:0.83575
nudity (topless - brief):0.82925
incest:0.827
foreign:0.81725
exceptional acting:0.8095
family drama:0.80675
original:0.79675
great acting:0.79325
amazing cinematography:0.791
adultery:0.78475
dramatic:0.7815
tragedy:0.7795
pornography:0.776
twists & turns:0.7735
good soundtrack:0.77025
storytelling:0.76625
drama:0.74775
oscar (best actress):0.73325
oscar (best foreign language film):0.731
cinematography:0.72975
social commentary:0.72525
colourful:0.723
dysfunctional family:0.71325
sexual abuse:0.69425
reflective:0.69075
runaway:0.68725
death:0.67
complicated:0.66475
compassionate:0.6605
bittersweet:0.65775
father daughter relationship:0.65775
vengeance:0.65375
intimate:0.65175
sexy:0.649
ghosts:0.64675
emotional:0.64325
weird:0.642
criterion:0.63725
melancholic:0.63575
loneliness:0.6345
affectionate:0.63225
oscar (best directing):0.628
glbt:0.6265
stylized:0.6235
murder:0.61425
touching:0.61375
dark humor:0.61075
life & death:0.61025
sisters:0.604
interesting:0.59475
harsh:0.58575
oscar (best supporting actress):0.57875
beautifully filmed:0.5765
culture clash:0.576
narrated:0.57475
murder mystery:0.57325
golden palm:0.566
passionate:0.565
stunning:0.5625
breathtaking:0.55975
clever:0.558
enigmatic:0.55725
artistic:0.55525
excellent script:0.55425
obsession:0.55
stylish:0.55
male nudity:0.5495
talky:0.54875
dark:0.54225
forceful:0.54225
betrayal:0.5415
idealism:0.53725
great cinematography:0.53375
dialogue:0.52775
movielens top pick:0.52575
surreal:0.5205
story:0.5155
life philosophy:0.515
parenthood:0.51325
melancholy:0.5125
poignant:0.50425
realistic:0.504
witty:0.503
beautiful:0.50275
brutality:0.50025
great ending:0.4975
unlikely friendships:0.49675
sexuality:0.4935
childhood:0.49175
oscar:0.4895
terminal illness:0.4885
