social commentary:0.9585
monsters:0.9585
family drama:0.958
monster:0.9515
family bonds:0.90325
horror:0.89625
original:0.86
weird:0.85925
stylized:0.7365
allegory:0.72925
storytelling:0.70425
dysfunctional family:0.6975
tense:0.651
drama:0.644
cult classic:0.623
gory:0.62175
scary:0.618
satire:0.604
sacrifice:0.60325
family:0.5925
brutality:0.59225
tragedy:0.59075
cult film:0.58375
virus:0.5815
cinematography:0.56925
story:0.5685
visually appealing:0.568
foreign:0.5645
satirical:0.55925
great acting:0.547
life & death:0.54075
vengeance:0.538
comedy:0.5275
humorous:0.52575
dialogue:0.5195
great ending:0.51325
visceral:0.5115
weapons:0.49975
harsh:0.49725
good soundtrack:0.4895
clever:0.488
violence:0.488
atmospheric:0.48175
dark:0.47825
creepy:0.4755
violent:0.46375
catastrophe:0.46175
survival:0.45975
claustrophobic:0.45925
suspense:0.4585
great:0.45375
intimate:0.451
grindhouse:0.4425
mutants:0.442
dark humor:0.44025
hospital:0.44025
special effects:0.426
blood:0.42575
transformation:0.425
imdb top 250:0.42325
nocturnal:0.42225
melancholic:0.42225
redemption:0.42075
good:0.42025
dramatic:0.41725
splatter:0.41675
bittersweet:0.41225
life philosophy:0.4105
suspenseful:0.40825
light:0.40775
intense:0.405
mad scientist:0.40475
quirky:0.40225
good acting:0.40175
culture clash:0.40075
talky:0.4005
cerebral:0.3985
realistic:0.39775
visually stunning:0.3965
black comedy:0.3955
sci fi:0.3955
criterion:0.39525
loneliness:0.394
bloody:0.39
great cinematography:0.3875
paranoia:0.38675
effects:0.3865
chase:0.3795
bleak:0.379
stylish:0.37725
death:0.377
revenge:0.3755
creativity:0.37325
stereotypes:0.37275
happy ending:0.372
dark hero:0.36775
oscar (best directing):0.36675
first contact:0.36425
very good:0.36425
murder:0.364
