spying:0.99375
espionage:0.9145
melancholic:0.90875
intimate:0.9
spies:0.8875
criterion:0.87125
adapted from:book:0.86125
loneliness:0.8475
spy:0.8265
pornography:0.8035
mentor:0.781
complex:0.77875
reflective:0.7555
great acting:0.75475
storytelling:0.73725
enigmatic:0.73625
series:0.72625
character study:0.72225
poignant:0.71675
russian:0.71175
relationships:0.69825
drama:0.69475
meditative:0.68875
foreign:0.688
depression:0.687
cold war:0.686
runaway:0.6845
oscar (best supporting actress):0.684
eccentricity:0.67375
culture clash:0.672
oscar (best directing):0.66975
secrets:0.658
obsession:0.64375
indie:0.6435
compassionate:0.63875
dramatic:0.62975
weird:0.629
berlin:0.62675
cerebral:0.622
talky:0.6105
melancholy:0.602
books:0.60125
original:0.595
life & death:0.5945
oscar (best foreign language film):0.58775
excellent script:0.5815
great ending:0.54925
tragedy:0.54775
adultery:0.5455
identity:0.54225
investigation:0.541
affectionate:0.53875
based on a play:0.53425
nudity (topless - notable):0.53375
interesting:0.533
art:0.53025
adolescence:0.52875
golden palm:0.5255
bittersweet:0.51875
complicated:0.511
death:0.50475
narrated:0.4945
masterpiece:0.49125
earnest:0.49
marriage:0.48325
moral ambiguity:0.47975
catastrophe:0.4765
oscar (best actress):0.4725
stand-up comedy:0.4725
literature:0.471
transformation:0.4585
surveillance:0.45725
period piece:0.45625
adaptation:0.45575
complex characters:0.45475
excellent:0.45475
destiny:0.45425
documentary:0.4535
great:0.44925
wartime:0.445
exceptional acting:0.4445
infidelity:0.44425
road movie:0.4415
cinematography:0.43975
conspiracy:0.43925
downbeat:0.439
bollywood:0.43725
costume drama:0.429
intellectual:0.429
imdb top 250:0.426
passionate:0.417
suprisingly clever:0.41275
made for tv:0.40875
police investigation:0.3965
twists & turns:0.3925
artistic:0.39025
black and white:0.38975
censorship:0.38975
psychological:0.38825
brainwashing:0.38775
