scotland:0.954
sword fight:0.945
18th century:0.941
sword fighting:0.91625
historical:0.869
courage:0.82325
period piece:0.82125
beautiful scenery:0.818
passionate:0.81225
betrayal:0.802
irish accent:0.796
scenic:0.7345
love story:0.73325
original:0.711
rape:0.70625
good versus evil:0.70175
great acting:0.69925
tense:0.6675
great movie:0.66075
revenge:0.6545
great:0.6485
drama:0.648
dialogue:0.6315
mentor:0.62525
epic:0.607
good:0.5895
vengeance:0.58875
costume drama:0.5785
breathtaking:0.578
adventure:0.5735
brutality:0.5615
forceful:0.55625
oscar:0.5525
cinematography:0.552
weapons:0.55175
gunfight:0.5465
oscar (best directing):0.53575
violent:0.53225
greed:0.5315
good acting:0.5225
us history:0.5195
justice:0.51525
intense:0.51375
culture clash:0.50875
great ending:0.502
oscar winner:0.496
catastrophe:0.49425
action:0.493
romantic:0.4925
talky:0.4875
story:0.48375
sacrifice:0.4815
corruption:0.48075
good action:0.4785
complex:0.47675
history:0.47475
bloody:0.474
destiny:0.471
violence:0.4625
british:0.461
harsh:0.45675
visceral:0.45675
chase:0.454
romance:0.45325
realistic:0.44325
factual:0.44
good soundtrack:0.432
medieval:0.4305
dramatic:0.424
suprisingly clever:0.41875
excellent:0.416
interesting:0.40675
storytelling:0.4065
england:0.40325
brutal:0.40225
twists & turns:0.39925
oscar (best cinematography):0.399
fight scenes:0.39675
imdb top 250:0.392
runaway:0.39025
gratuitous violence:0.39
moral ambiguity:0.39
freedom:0.38825
swashbuckler:0.38725
beautifully filmed:0.387
entirely dialogue:0.38675
fantasy world:0.3855
allegory:0.38525
life philosophy:0.384
earnest:0.3835
hunting:0.3815
underrated:0.37925
quotable:0.3755
unusual plot structure:0.3675
adaptation:0.3615
redemption:0.35775
clever:0.35325
rebellion:0.348
pg-13:0.34425
plot:0.34375
