adapted from:book:0.9555
cartoon:0.95225
animation:0.922
animated:0.801
children:0.77575
original:0.763
computer animation:0.7605
story:0.754
animals:0.7275
classic:0.721
animal movie:0.71525
disney:0.714
based on a book:0.6885
1930s:0.624
fairy tale:0.607
adaptation:0.5925
goofy:0.57725
childhood:0.54175
storytelling:0.53675
visually appealing:0.53075
family:0.528
dialogue:0.52325
romantic:0.50225
simple:0.4925
based on book:0.489
runaway:0.469
culture clash:0.458
stylized:0.436
fun movie:0.424
musical:0.42225
melancholic:0.42175
great ending:0.42125
mentor:0.41725
colourful:0.417
suprisingly clever:0.413
fascism:0.413
spying:0.4125
great:0.4105
good:0.408
sweet:0.40675
visual:0.402
catastrophe:0.399
brothers:0.39875
transformation:0.39575
nostalgic:0.39525
greed:0.395
stereotypes:0.39425
nudity (full frontal - brief):0.3875
allegory:0.3855
visuals:0.3765
complex:0.37125
good versus evil:0.37025
satirical:0.36675
talking animals:0.35375
fun:0.34825
alternate reality:0.3415
life philosophy:0.3345
redemption:0.3255
clever:0.323
good soundtrack:0.322
oscar (best actress):0.32175
spies:0.32075
criterion:0.3175
slapstick:0.31725
disney animated feature:0.31625
not funny:0.316
breathtaking:0.31475
artistic:0.31225
talky:0.311
weapons:0.30925
prejudice:0.308
harsh:0.30775
island:0.30625
light:0.3005
alter ego:0.2995
art:0.299
interesting:0.298
parallel universe:0.29775
kids:0.29725
fantasy world:0.29625
fantasy:0.29575
spy:0.29475
lone hero:0.28775
entertaining:0.2845
very interesting:0.2835
romance:0.283
kids and family:0.2815
chase:0.279
imdb top 250:0.27725
made for tv:0.27625
police investigation:0.27525
twists & turns:0.27475
cute:0.27325
brutality:0.27225
weird:0.27075
unusual plot structure:0.26975
predictable:0.26975
comic:0.2695
mad scientist:0.268
movielens top pick:0.26775
