original:0.76175
adaptation:0.739
based on a book:0.723
so bad it's funny:0.71725
whimsical:0.61325
horrible:0.48825
imagination:0.44775
poetry:0.42375
great ending:0.42
story:0.4175
mentor:0.40625
catastrophe:0.39625
children:0.3945
predictable:0.3895
destiny:0.3815
dialogue:0.37875
bad plot:0.37575
transformation:0.36075
fantasy world:0.35675
surreal:0.353
bad:0.3485
awful:0.342
not funny:0.33925
great:0.33625
bad acting:0.32625
overrated:0.3195
books:0.3195
life philosophy:0.311
adapted from:book:0.30925
family:0.3035
finnish:0.298
based on book:0.2925
visually stunning:0.2895
special effects:0.28775
fantasy:0.28275
magic:0.2815
multiple storylines:0.2805
good:0.274
slapstick:0.26975
death:0.269
puppets:0.26725
disaster:0.265
pornography:0.265
italian:0.263
bad ending:0.26275
first contact:0.2625
storytelling:0.26
brutality:0.26
cinematography:0.25775
quirky:0.2565
beautiful scenery:0.2555
disney:0.2555
idiotic:0.24325
criterion:0.2415
entirely dialogue:0.2415
good soundtrack:0.2405
fight scenes:0.23825
bad cgi:0.2375
runaway:0.236
childhood:0.23475
creativity:0.23175
scary:0.23125
shallow:0.23
lone hero:0.22725
silly fun:0.226
island:0.22575
very funny:0.22425
goofy:0.2225
god:0.22225
crude humor:0.222
pg-13:0.2105
touching:0.21
vengeance:0.2095
crappy sequel:0.2075
dreamlike:0.2045
imdb top 250:0.2045
feel-good:0.2025
grindhouse:0.202
unfunny:0.20175
police investigation:0.20125
nudity (full frontal - brief):0.19925
weird:0.1985
stylized:0.1975
alter ego:0.197
happy ending:0.1955
visually appealing:0.1955
dark fantasy:0.19325
action packed:0.1925
passionate:0.19075
inspirational:0.18925
unlikely friendships:0.18775
gangsters:0.185
adventure:0.185
ridiculous:0.184
italy:0.183
revenge:0.18175
redemption:0.18075
computer animation:0.1785
sci fi:0.17825
clever:0.178
