doctors:0.981
true story:0.967
based on true story:0.961
based on a true story:0.95975
cancer:0.94275
feel-good:0.92125
sentimental:0.913
drama:0.91125
touching:0.91025
hospital:0.8615
feel good movie:0.85725
inspirational:0.84775
comedy:0.82875
mentor:0.813
good:0.8015
big budget:0.7935
sappy:0.73925
pg-13:0.728
destiny:0.728
catastrophe:0.69475
happy ending:0.69075
life philosophy:0.65475
original:0.64675
dramatic:0.641
unrealistic:0.64075
inspiring:0.62925
mental hospital:0.6175
tear jerker:0.61175
story:0.6085
sad but good:0.59425
heartwarming:0.59125
predictable:0.58575
humanity:0.56725
natural disaster:0.56125
first contact:0.5555
life:0.5535
girlie movie:0.548
humorous:0.54475
emotional:0.51275
unfunny:0.49725
internet:0.495
survival:0.49125
funny:0.49125
great:0.48925
shallow:0.48125
transformation:0.47925
great ending:0.4785
plot:0.4645
romantic comedy:0.45425
good soundtrack:0.452
very funny:0.44925
family:0.44325
mad scientist:0.439
so bad it's funny:0.4375
life & death:0.436
terminal illness:0.43575
love story:0.42925
better than expected:0.42875
humor:0.421
creativity:0.416
compassionate:0.4085
oscar:0.40275
special effects:0.39725
science:0.39525
underdog:0.39375
romantic:0.39225
manipulation:0.392
stereotypes:0.3895
dialogue:0.38625
great acting:0.38275
bad:0.38225
idiotic:0.37975
school:0.37425
excellent:0.3735
crude humor:0.37225
visually stunning:0.3705
storytelling:0.37
honest:0.36575
based on book:0.362
reflective:0.36
fantasy world:0.35675
great movie:0.355
sad:0.35475
justice:0.35275
philosophy:0.3515
redemption:0.34875
pornography:0.34825
based on a book:0.34775
adapted from:book:0.34675
good story:0.34
alternate history:0.3355
oscar winner:0.33225
culture clash:0.3295
homeless:0.3275
existentialism:0.3275
entertaining:0.318
cheesy:0.3155
silly:0.31225
mental illness:0.312
love:0.30875
