post-apocalyptic:0.9845
post apocalyptic:0.984
virus:0.96425
apocalypse:0.9595
action:0.908
splatter:0.88325
futuristic:0.881
sci-fi:0.87825
scotland:0.876
good action:0.8105
so bad it's funny:0.78525
fight scenes:0.7615
action packed:0.757
end of the world:0.74225
car chase:0.73875
cannibalism:0.73725
original:0.72975
chase:0.71475
sci fi:0.70675
lone hero:0.69425
scifi:0.68775
dystopic future:0.67675
plot holes:0.66175
computer game:0.6615
cult film:0.66075
fast paced:0.65175
catastrophe:0.63875
big budget:0.60525
bloody:0.60125
survival:0.59625
silly:0.59125
violence:0.589
future:0.57625
predictable:0.56475
gory:0.55325
mentor:0.541
cool:0.5355
cult classic:0.53375
gratuitous violence:0.53175
bad acting:0.5275
natural disaster:0.5205
dialogue:0.5185
gore:0.51625
brutality:0.51525
bad plot:0.502
pulp:0.49325
weapons:0.48875
ridiculous:0.48775
fun movie:0.48225
special effects:0.481
mutants:0.4765
violent:0.4765
unrealistic:0.4705
great ending:0.46725
zombie:0.45925
mad scientist:0.45875
grindhouse:0.44725
better than expected:0.43775
fun:0.4375
road movie:0.4345
absurd:0.42625
entertaining:0.425
bad cgi:0.4245
video game:0.4205
cheesy:0.4125
cyberpunk:0.41075
science fiction:0.40775
destiny:0.4065
motorcycle:0.4035
snakes:0.39575
creativity:0.39525
pg-13:0.39425
cars:0.38875
based on a comic:0.3775
good:0.37525
plot:0.37475
transformation:0.3735
not funny:0.372
silly fun:0.37175
80s:0.36125
life philosophy:0.35825
first contact:0.358
stylized:0.357
story:0.35575
heroine in tight suit:0.35325
london:0.351
sexy:0.3505
product placement:0.347
visceral:0.34025
visually stunning:0.334
horrible:0.33225
pointless:0.33025
technology:0.32225
surveillance:0.32125
vengeance:0.31225
disaster:0.31125
aliens:0.30875
runaway:0.307
medieval:0.3055
blood:0.2995
