sexual:0.891
sexy:0.86475
pornography:0.815
weird:0.79875
surveillance:0.78275
erotic:0.76575
prostitution:0.67575
sex:0.6495
original:0.63075
obsession:0.58775
enigmatic:0.5515
nudity (topless):0.54325
sexualized violence:0.5325
thriller:0.4965
cult classic:0.493
bizarre:0.49175
nudity (full frontal - notable):0.484
gunfight:0.4735
nudity (topless - notable):0.47325
camp:0.4725
loneliness:0.4655
intimate:0.45525
dialogue:0.44475
great ending:0.437
vengeance:0.43625
fantasy:0.42725
mentor:0.4265
brutality:0.413
suburbia:0.40775
murder:0.40775
surreal:0.406
great:0.404
catastrophe:0.404
lynch:0.40375
relationships:0.39275
good soundtrack:0.38825
sexuality:0.386
runaway:0.385
campy:0.38325
very interesting:0.365
nudity (topless - brief):0.36125
drama:0.3575
unusual plot structure:0.35575
male nudity:0.34675
plot:0.34475
oscar (best actress):0.33975
psychological:0.3395
thought-provoking:0.3345
melancholic:0.3345
controversial:0.33225
satirical:0.33225
so bad it's funny:0.33175
crazy:0.32925
great acting:0.328
hitman:0.32675
twists & turns:0.32175
marriage:0.3215
kidnapping:0.32025
entirely dialogue:0.31625
not funny:0.3145
storytelling:0.3095
china:0.3095
visually appealing:0.30775
grindhouse:0.307
police investigation:0.3055
serial killer:0.305
stylish:0.304
redemption:0.304
quirky:0.3035
strange:0.30275
disturbing:0.29825
suprisingly clever:0.298
predictable:0.298
fashion:0.29625
suspenseful:0.29225
art:0.292
insanity:0.29075
life & death:0.2905
cult film:0.2895
1980s:0.28925
stylized:0.28625
murder mystery:0.2805
fun movie:0.27975
underrated:0.2765
corruption:0.2725
complex:0.2725
criterion:0.2725
life philosophy:0.26975
nudity:0.2695
fantasy world:0.2675
satire:0.264
talky:0.2635
absurd:0.2635
interesting:0.25475
revenge:0.254
fight scenes:0.252
violence:0.25075
great movie:0.25025
cinematography:0.24925
nocturnal:0.24675
