animation:0.985
computer animation:0.9595
based on a book:0.9585
story:0.90375
food:0.867
animated:0.865
original:0.85625
pixar animation:0.8555
kids and family:0.85
visually appealing:0.78475
talking animals:0.76825
based on book:0.7595
creativity:0.75875
funny:0.75675
3d:0.7565
children:0.729
animals:0.72425
cartoon:0.72375
clever:0.7225
fun movie:0.71775
cute:0.69925
family:0.667
kids:0.6655
pixar:0.6625
childhood:0.65625
fun:0.6535
comedy:0.648
visually stunning:0.64425
storytelling:0.64225
witty:0.62625
quirky:0.62275
silly:0.61625
heartwarming:0.61225
adapted from:book:0.605
natural disaster:0.5995
visuals:0.597
whimsical:0.59425
goofy:0.586
dialogue:0.58075
humor:0.558
imagination:0.5555
catastrophe:0.55475
visual:0.554
humorous:0.5515
colourful:0.54225
crude humor:0.5165
animal movie:0.513
good:0.511
mad scientist:0.509
very funny:0.509
books:0.5075
oscar (best animated feature):0.506
great:0.50575
silly fun:0.492
hilarious:0.4865
light:0.482
cute!:0.48075
adaptation:0.4745
cgi:0.46175
weird:0.45975
stereotypes:0.4555
fantasy world:0.448
excellent script:0.44275
great ending:0.432
predictable:0.432
mentor:0.422
nerds:0.418
pg:0.4145
runaway:0.40625
transformation:0.3955
good soundtrack:0.395
technology:0.39175
destiny:0.39075
disney:0.38725
adventure:0.38625
sarcasm:0.38425
entertaining:0.37925
stylized:0.37775
stop motion:0.376
unlikely friendships:0.37425
greed:0.37375
chase:0.3705
original plot:0.3625
plot:0.3605
stunning:0.35275
not funny:0.346
friendship:0.343
monsters:0.334
small town:0.33125
absurd:0.32
pg-13:0.319
redemption:0.3175
distopia:0.317
father-son relationship:0.31
culture clash:0.30975
unfunny:0.3085
feel-good:0.303
superheroes:0.30125
rats:0.30025
imdb top 250:0.29975
