based on a book:0.95425
camp:0.94775
mentor:0.94225
prison escape:0.851
childhood:0.83
based on book:0.76375
story:0.7605
books:0.74625
touching:0.74575
storytelling:0.72725
adapted from:book:0.72725
visually stunning:0.70325
beautifully filmed:0.70325
redemption:0.69825
friendship:0.6835
original:0.66825
feel-good:0.662
unlikely friendships:0.6445
literature:0.64275
survival:0.63575
adaptation:0.62925
runaway:0.629
destiny:0.6105
visual:0.5855
drama:0.582
good:0.58
maze:0.57375
life philosophy:0.573
harsh:0.5675
courage:0.55425
transformation:0.5325
visually appealing:0.52775
beautiful scenery:0.519
original plot:0.5145
good action:0.5075
plot:0.50275
sacrifice:0.492
dialogue:0.48925
culture clash:0.48825
good acting:0.48525
inspirational:0.477
happy ending:0.46775
cinematography:0.46225
secrets:0.46125
fantasy world:0.4545
great ending:0.45325
family:0.4525
catastrophe:0.451
adventure:0.44725
unusual plot structure:0.4445
book:0.44025
great:0.44
distopia:0.43975
betrayal:0.4335
girlie movie:0.4315
foreign:0.428
family drama:0.422
brutality:0.4215
feel good movie:0.41475
book was better:0.41425
very interesting:0.4115
homeless:0.41
heartwarming:0.40725
great movie:0.40225
suprisingly clever:0.40075
prison:0.40075
breathtaking:0.399
kids:0.399
children:0.3985
mozart:0.3965
sentimental:0.39575
emotional:0.39125
life & death:0.391
criterion:0.39075
nostalgic:0.387
allegory:0.38525
classic car:0.3845
great cinematography:0.3835
loneliness:0.37625
wartime:0.37175
coming of age:0.371
solitude:0.371
quirky:0.36975
lone hero:0.36675
excellent:0.3665
interesting:0.3615
torture:0.361
independent film:0.36025
bullying:0.3565
pg-13:0.353
fight scenes:0.35175
very good:0.351
self discovery:0.3485
prejudice:0.345
pornography:0.344
bollywood:0.34175
crime gone awry:0.34
stunning:0.33975
freedom:0.339
jesus:0.339
