imaginary friend:0.9985
childhood:0.87575
fantasy:0.7795
cult film:0.728
original:0.69725
comedy:0.5795
mental illness:0.5595
fun movie:0.52375
goofy:0.52225
great ending:0.507
fun:0.49975
psychology:0.489
weird:0.475
psychological:0.45625
mentor:0.45025
brutality:0.4455
surreal:0.44275
pornography:0.423
predictable:0.4225
fantasy world:0.41625
teen movie:0.412
silly:0.4015
catastrophe:0.39425
slapstick:0.3885
life philosophy:0.3865
very funny:0.3765
unfunny:0.376
loneliness:0.37
overrated:0.36125
so bad it's funny:0.3595
quirky:0.35825
teen:0.34975
insanity:0.34575
not funny:0.34025
good soundtrack:0.3395
light:0.33925
crude humor:0.33575
first contact:0.33425
guilty pleasure:0.333
humorous:0.32675
absurd:0.32275
dark comedy:0.32275
unlikely friendships:0.32175
storytelling:0.32025
funny:0.3155
adaptation:0.31475
dialogue:0.3145
parenthood:0.3125
children:0.311
family:0.31075
bullying:0.3095
dreamlike:0.309
memory:0.3035
cult classic:0.29025
silly fun:0.287
feel-good:0.28275
high school:0.27775
runaway:0.27575
destiny:0.2715
bad plot:0.27125
twists & turns:0.27025
hilarious:0.27
80s:0.26925
shallow:0.269
melancholic:0.26625
violence:0.2635
friendship:0.2625
great:0.2565
british:0.25625
obsession:0.25275
unusual plot structure:0.25075
entirely dialogue:0.25025
teens:0.25
feel good movie:0.2495
vengeance:0.24575
clever:0.24275
special effects:0.2425
stylized:0.24125
teacher:0.23925
surrealism:0.23825
story:0.23625
dreams:0.23525
crazy:0.23425
good:0.2335
funny as hell:0.23275
betrayal:0.2325
justice:0.2315
dysfunctional family:0.23125
adventure:0.2255
weapons:0.22475
creativity:0.2215
suprisingly clever:0.219
fight scenes:0.21725
pg-13:0.21475
transformation:0.21325
cute!:0.21325
culture clash:0.21175
boring:0.211
sexualized violence:0.21025
writers:0.21
