comedy:0.918
fun movie:0.85375
pg-13:0.802
storytelling:0.801
action:0.769
goofy:0.75025
assassin:0.748
predictable:0.738
original:0.71275
bad plot:0.711
story:0.7105
funny:0.7095
ridiculous:0.703
violence:0.6925
crude humor:0.6905
suspense:0.682
parody:0.675
sexualized violence:0.673
entertaining:0.64925
humor:0.63875
buddy movie:0.63875
silly:0.6235
brutality:0.61975
very funny:0.6175
cancer:0.61725
silly fun:0.61375
catastrophe:0.61025
humorous:0.599
fun:0.595
weed:0.595
death:0.58975
amazing photography:0.5895
identity:0.58675
plot:0.5865
dialogue:0.58325
great ending:0.5745
mentor:0.563
life & death:0.551
plot holes:0.547
harsh:0.53575
great acting:0.5295
graphic novel:0.52575
justice:0.519
vengeance:0.515
assassination:0.50725
foul language:0.50375
plot twist:0.50325
stupid:0.49675
good soundtrack:0.49175
murder:0.49075
nudity (topless):0.486
conspiracy theory:0.4855
unfunny:0.48475
stereotypes:0.48225
male nudity:0.4795
nudity (topless - notable):0.47875
absurd:0.47675
revenge:0.4745
sexy:0.474
destiny:0.47275
good:0.4625
bad ending:0.46175
adapted from:book:0.46175
weapons:0.4575
twist:0.45725
adaptation:0.45525
pornography:0.45125
visually appealing:0.44775
redemption:0.43925
saturday night live:0.438
chase:0.43125
shallow:0.42725
first contact:0.4265
dumb:0.42525
fantasy world:0.41575
assassins:0.413
slapstick:0.41
drugs:0.4045
stupid as hell:0.404
moral ambiguity:0.403
twist ending:0.39925
gunfight:0.39925
spying:0.396
gangsters:0.396
spy:0.39025
violent:0.388
great:0.37175
fbi:0.3715
simple:0.37075
drinking:0.3705
so bad it's funny:0.36675
melancholic:0.36625
lone hero:0.36475
fight scenes:0.36175
corruption:0.361
existentialism:0.35275
world politics:0.35275
nudity (full frontal - brief):0.35175
complicated plot:0.351
screwball:0.35075
