silent:0.97725
downbeat:0.94375
criterion:0.86775
tragedy:0.854
talky:0.82625
intimate:0.81375
reflective:0.74125
dreams:0.741
bittersweet:0.73475
bleak:0.722
greed:0.701
black and white:0.69075
golden palm:0.6655
original:0.634
suprisingly clever:0.62575
breathtaking:0.618
masterpiece:0.61175
cinematography:0.6035
drinking:0.58975
culture clash:0.56675
imdb top 250:0.56225
enigmatic:0.55875
melancholic:0.54725
transformation:0.5435
harsh:0.54175
runaway:0.53475
drama:0.5325
existentialism:0.52925
gunfight:0.52575
life philosophy:0.5225
new york city:0.5195
classic:0.516
movielens top pick:0.512
grim:0.5095
stunning:0.50425
childhood:0.501
melancholy:0.48825
great ending:0.48275
brutality:0.47375
suicide attempt:0.46775
hospital:0.46675
affectionate:0.45975
storytelling:0.45925
poignant:0.45575
marriage:0.4535
oscar (best foreign language film):0.44925
loneliness:0.4395
life & death:0.43825
stylized:0.438
cult classic:0.437
beautifully filmed:0.43075
depression:0.42525
oscar (best supporting actress):0.42425
forceful:0.42375
story:0.4135
catastrophe:0.4075
character study:0.4055
dramatic:0.40425
oscar (best cinematography):0.40175
great:0.39575
oscar (best directing):0.38575
redemption:0.378
mentor:0.376
art:0.3755
solitude:0.37025
beautiful scenery:0.3675
whimsical:0.36225
dreamlike:0.3615
sacrifice:0.35975
happy ending:0.358
friendship:0.352
passionate:0.34875
entirely dialogue:0.3325
idealism:0.32025
scenic:0.32
dialogue:0.3195
not funny:0.31925
atmospheric:0.31775
brothers:0.31225
nudity (full frontal - notable):0.3095
mission from god:0.30925
small town:0.30375
unusual plot structure:0.3015
visually appealing:0.29825
life:0.29725
meditative:0.29475
allegory:0.2895
good soundtrack:0.28775
indians:0.28775
poetry:0.2825
low budget:0.2805
sentimental:0.27875
poverty:0.27875
emotional:0.2725
vengeance:0.27
compassionate:0.268
corporate america:0.2665
giant robots:0.2615
tokyo:0.26
weird:0.25525
