comedy:0.867
original:0.73325
funny:0.72175
chase:0.70425
saturday night live:0.662
brainwashing:0.649
predictable:0.62975
shallow:0.6065
mentor:0.59075
80s:0.56925
destiny:0.55475
very funny:0.5535
goofy:0.54675
psychiatry:0.53975
good:0.51875
great ending:0.5145
jungle:0.50975
catastrophe:0.503
dialogue:0.4935
spoof:0.49125
death:0.4525
quotable:0.44925
silly fun:0.4485
fun:0.4405
happy ending:0.43925
doctors:0.438
nudity (full frontal - brief):0.43425
passionate:0.42575
great:0.423
unfunny:0.42275
underrated:0.422
storytelling:0.421
nudity (topless - notable):0.42025
humorous:0.41775
overrated:0.41775
brutality:0.41275
feel-good:0.409
family:0.40775
jews:0.40675
time:0.4025
great acting:0.39725
life philosophy:0.397
romantic:0.39625
cult film:0.38975
culture clash:0.38275
feel good movie:0.3815
good soundtrack:0.3755
adapted from:book:0.37475
unusual plot structure:0.374
adaptation:0.37325
pornography:0.36825
so bad it's funny:0.368
funniest movies:0.36625
stereotypes:0.36475
story:0.36175
mob:0.3585
justice:0.35625
indians:0.35625
melancholic:0.3505
lone hero:0.35025
first contact:0.348
oscar:0.34525
fun movie:0.3435
chick flick:0.34275
light:0.3395
childhood:0.3395
oscar (best effects - visual effects):0.337
bad plot:0.337
vengeance:0.3355
classic:0.3315
love story:0.32775
clever:0.327
runaway:0.32675
intense:0.32575
fight scenes:0.32525
new york:0.32375
greed:0.31925
dumb:0.3185
redemption:0.31075
not funny:0.30975
absurd:0.30775
great movie:0.30775
unlikely friendships:0.30675
humor:0.30575
sci fi:0.30525
brothers:0.30375
gangsters:0.302
comic:0.29975
oscar (best directing):0.299
entirely dialogue:0.29425
pg-13:0.294
betrayal:0.29175
adventure:0.29125
fantasy world:0.29075
gambling:0.2895
criterion:0.28875
life & death:0.28775
cinematography:0.28675
new york city:0.28675
1980s:0.2865
