history:0.984
china:0.94925
political:0.934
tragedy:0.86325
us history:0.845
historical:0.84275
revolution:0.838
oscar (best foreign language film):0.82275
criterion:0.8105
courage:0.80525
poignant:0.80475
visually appealing:0.80425
talky:0.8
reflective:0.799
culture clash:0.7985
childhood:0.76725
runaway:0.76075
harsh:0.7525
tense:0.75175
intimate:0.74975
cinematography:0.746
ethnic conflict:0.74125
politics:0.726
dramatic:0.72275
affectionate:0.71875
bleak:0.714
forceful:0.71025
narrated:0.70375
grim:0.6975
sacrifice:0.69725
oscar (best directing):0.69425
oscar (best cinematography):0.692
marriage:0.68875
character study:0.68525
beautifully filmed:0.67825
great movie:0.67575
downbeat:0.67
original:0.66575
segregation:0.65
imdb top 250:0.64775
california:0.64175
movielens top pick:0.62975
great:0.6255
light:0.62475
based on a book:0.622
fighting the system:0.618
civil war:0.61225
breathtaking:0.6105
race issues:0.60425
adapted from:book:0.602
brutality:0.60175
story:0.5995
brutal:0.59825
amazing photography:0.5855
idealism:0.5825
scenic:0.57125
bittersweet:0.56925
genocide:0.5685
feel-good:0.5665
family:0.5635
great ending:0.56125
beautiful scenery:0.561
dysfunctional family:0.55525
melancholy:0.552
visceral:0.54475
oscar (best supporting actress):0.5445
drama:0.542
depressing:0.538
secrets:0.53775
golden palm:0.53575
islam:0.52575
realistic:0.5255
love:0.51875
mentor:0.513
foreign:0.508
suprisingly clever:0.5065
social commentary:0.50275
stylized:0.4985
sad:0.491
oscar (best actress):0.48725
depression:0.476
heartwarming:0.475
male nudity:0.46725
chase:0.46275
propaganda:0.461
interracial romance:0.4595
destiny:0.45775
world politics:0.45725
storytelling:0.455
allegory:0.449
catastrophe:0.44875
love story:0.4475
parenthood:0.44625
betrayal:0.44575
prejudice:0.4425
art:0.442
weapons:0.4405
japan:0.43825
obsession:0.437
earnest:0.4365
