romantic comedy:0.99375
love story:0.9685
romantic:0.959
relationships:0.9275
romance:0.907
happy ending:0.9035
pornography:0.87725
chick flick:0.8605
sexy:0.771
mentor:0.72325
sex:0.7225
good romantic comedies:0.70975
original:0.7075
good soundtrack:0.66825
drama:0.62675
sexual:0.6185
sweet:0.614
love:0.605
destiny:0.59175
drugs:0.57725
girlie movie:0.56625
shallow:0.55425
life philosophy:0.55325
feel-good:0.5515
pg-13:0.5485
addiction:0.53775
doctors:0.50925
dialogue:0.4935
predictable:0.493
nudity (topless):0.4875
comedy:0.4845
passionate:0.48225
women:0.47775
visually appealing:0.473
based on a book:0.4715
catastrophe:0.467
sex comedy:0.4655
nudity:0.4555
drinking:0.45
great ending:0.44575
feel good movie:0.43825
loneliness:0.433
sappy:0.43175
based on book:0.43025
adapted from:book:0.42925
complex:0.42475
divorce:0.4115
good:0.4105
culture clash:0.40375
honest:0.39575
erotic:0.39375
interesting:0.3875
stereotypes:0.38475
redemption:0.37475
dramatic:0.37225
sacrifice:0.372
better than expected:0.371
betrayal:0.364
unlikeable characters:0.3565
entirely dialogue:0.3445
emotional:0.3345
cute:0.332
beautiful scenery:0.33
greed:0.33
corruption:0.32925
not funny:0.3275
unfunny:0.325
storytelling:0.32325
internet:0.32
twists & turns:0.313
great:0.3105
justice:0.30475
manipulation:0.30325
plot:0.3
nudity (topless - notable):0.29825
funny:0.298
fun movie:0.29425
very funny:0.29275
brutality:0.29175
runaway:0.288
clever:0.28775
suprisingly clever:0.28725
new jersey:0.2845
adaptation:0.2825
shopping:0.2825
cheating:0.2825
marriage:0.278
first contact:0.27775
male nudity:0.276
gay character:0.2745
story:0.2745
original plot:0.272
light:0.271
teen:0.2695
social commentary:0.26675
bad ending:0.265
crude humor:0.2635
nudity (full frontal - brief):0.26275
obsession:0.2615
classic car:0.2605
