robots:0.99375
splatter:0.98025
horror:0.95625
silly fun:0.943
robot:0.9365
cult film:0.931
teens:0.90325
80s:0.903
slasher:0.82825
original:0.8185
cult classic:0.81025
teen movie:0.7815
cheesy:0.7755
bloody:0.75575
sci-fi:0.7445
predictable:0.741
sci fi:0.73475
nudity (topless):0.71875
so bad it's funny:0.71675
brutality:0.71275
bad acting:0.6965
low budget:0.664
violence:0.65925
grindhouse:0.65525
1980s:0.65325
campy:0.64375
fun movie:0.6385
goofy:0.61725
scifi:0.614
special effects:0.59625
silly:0.589
nudity:0.584
snakes:0.58075
fun:0.5795
great ending:0.56025
teen:0.5585
cult:0.55775
dialogue:0.554
graphic novel:0.553
death:0.54825
weapons:0.54275
camp:0.53825
demons:0.53225
gore:0.5265
pornography:0.52525
goretastic:0.51825
technology:0.51425
bad plot:0.5075
mad scientist:0.5065
spiders:0.5015
plot holes:0.49375
android(s)/cyborg(s):0.492
mentor:0.4905
pointless:0.49025
monster:0.48925
overrated:0.47625
shopping:0.47275
good soundtrack:0.47225
gory:0.46975
unusual plot structure:0.46325
runaway:0.45125
chase:0.43125
fantasy world:0.43075
franchise:0.42875
violent:0.42375
action:0.42225
first contact:0.4155
entertaining:0.40825
quirky:0.40675
entirely dialogue:0.40075
zombie:0.3955
satirical:0.3925
storytelling:0.38825
life philosophy:0.3875
giant robots:0.38225
lone hero:0.3785
suspense:0.3785
beer:0.37675
catastrophe:0.37525
murder:0.37375
not funny:0.37325
imdb top 250:0.372
corny:0.36875
scary:0.3655
fight scenes:0.3645
teenagers:0.36375
melancholic:0.36075
vengeance:0.35875
ridiculous:0.3555
cool:0.35175
boring:0.35175
crazy:0.34975
adaptation:0.3495
stylized:0.34625
idiotic:0.3385
slapstick:0.33825
weird:0.338
science fiction:0.3345
disaster:0.3295
multiple storylines:0.3275
