feel-good:0.88975
unlikely friendships:0.854
independent film:0.8535
friendship:0.84975
love:0.848
feel good movie:0.8445
good soundtrack:0.844
sweet:0.843
original:0.843
relationships:0.836
romantic comedy:0.83275
ensemble cast:0.82025
love story:0.81375
plot:0.808
romantic:0.79425
witty:0.78975
big budget:0.7755
great:0.7565
clever:0.744
dialogue:0.743
great ending:0.7375
quirky:0.73375
life philosophy:0.73175
comedy:0.73075
chick flick:0.7235
happy ending:0.69625
honest:0.69475
story:0.6935
loneliness:0.67925
stereotypes:0.6645
girlie movie:0.66375
family:0.66375
great dialogue:0.66325
fun movie:0.662
destiny:0.66175
awesome soundtrack:0.65475
pg-13:0.65225
chase:0.645
sarcasm:0.63725
touching:0.6325
short-term memory loss:0.63225
funny:0.62825
realistic:0.627
indie:0.62625
depression:0.61625
better than expected:0.61525
visually appealing:0.6105
good:0.605
nudity (topless):0.6005
superheroes:0.594
adoption:0.57575
fun:0.571
teen movie:0.571
irish accent:0.56075
based on book:0.55975
beautiful scenery:0.54925
supernatural:0.545
movielens top pick:0.54125
good acting:0.53875
quotable:0.53425
drinking:0.53025
catastrophe:0.52675
interesting:0.52575
predictable:0.52275
enigmatic:0.5225
nudity (topless - notable):0.52075
poignant:0.52025
sentimental:0.517
social commentary:0.5165
cult film:0.51225
small town:0.50925
script:0.5085
runaway:0.50825
heartwarming:0.50825
action:0.50275
adapted from:book:0.49975
shallow:0.49675
absurd:0.494
silly:0.4895
humor:0.4885
twists & turns:0.487
crude humor:0.48575
cute:0.48275
weird:0.4745
british:0.4735
great movie:0.472
very interesting:0.46925
idealism:0.469
hilarious:0.468
excellent script:0.468
special effects:0.46775
franchise:0.466
teen:0.464
grindhouse:0.4575
intense:0.45725
war:0.45025
visually stunning:0.44975
nostalgic:0.4495
harsh:0.44875
dark humor:0.44675
