latin america:0.993
cartoon:0.98275
disney animated feature:0.98025
animation:0.94175
disney:0.9215
animated:0.82675
animals:0.7985
original:0.76475
colourful:0.7345
surreal:0.65575
fairy tale:0.65575
fun movie:0.65425
fun:0.53
visually stunning:0.5285
cute:0.521
animal movie:0.51175
good:0.493
runaway:0.48075
stereotypes:0.4725
talking animals:0.472
mexico:0.47075
great ending:0.469
action:0.45325
goofy:0.451
mentor:0.45025
musical:0.449
hunting:0.4475
magic:0.447
weird:0.43925
greed:0.43925
kids and family:0.43575
south america:0.43175
story:0.42875
too short:0.42775
dialogue:0.4235
adapted from:book:0.41675
catastrophe:0.407
children:0.40675
good soundtrack:0.406
nudity (full frontal - brief):0.40175
visually appealing:0.4015
surrealism:0.39475
family:0.39275
wartime:0.3855
fountain of youth:0.37125
cute!:0.364
not funny:0.36175
culture clash:0.35825
adaptation:0.355
brutality:0.3525
good music:0.3445
visual:0.34025
antarctica:0.3355
redemption:0.33125
based on book:0.3235
storytelling:0.323
suprisingly clever:0.32
childhood:0.319
life philosophy:0.31825
lone hero:0.31525
simple:0.31375
predictable:0.3115
light:0.31075
rabbits:0.30825
melancholic:0.30725
computer animation:0.30725
clever:0.302
stylized:0.29825
fairy tales:0.29625
sexy:0.295
transformation:0.29475
silly fun:0.29375
chase:0.2905
sweet:0.29
grindhouse:0.28875
slapstick:0.2865
harsh:0.285
entertaining:0.28325
whimsical:0.2815
visuals:0.28075
unlikely friendships:0.27625
first contact:0.275
criterion:0.2735
very interesting:0.266
betrayal:0.26525
twists & turns:0.2575
romantic:0.257
drinking:0.25625
adventure:0.256
kids:0.25425
music:0.252
birds:0.25175
classic:0.25125
cult film:0.2505
dark hero:0.25
cinematography:0.249
entirely dialogue:0.248
destiny:0.2475
bad plot:0.247
based on a book:0.246
