christmas:0.99675
holiday:0.99625
stop motion:0.988
claymation:0.98225
original:0.898
stop-motion:0.8915
special:0.89025
animation:0.8665
great:0.77775
musical:0.769
great movie:0.7525
cartoon:0.7465
oscar (best directing):0.74225
childhood:0.723
lyrical:0.6575
fun movie:0.65625
great ending:0.6385
family:0.6375
funny:0.636
greed:0.62375
clever:0.60825
affectionate:0.59825
witty:0.5965
based on a play:0.59
redemption:0.58875
narrated:0.5755
storytelling:0.5715
story:0.56775
talky:0.56625
culture clash:0.5485
bittersweet:0.5455
halloween:0.53675
idealism:0.527
mentor:0.5245
oscar (best cinematography):0.52
dialogue:0.5185
california:0.51675
classic:0.512
animated:0.51125
imdb top 250:0.51025
visually appealing:0.5085
criterion:0.5015
light:0.49925
earnest:0.493
oscar (best supporting actress):0.4895
whimsical:0.489
humorous:0.482
comedy:0.47975
destiny:0.476
passionate:0.4725
heartwarming:0.47075
oscar (best actress):0.46825
nudity (full frontal - brief):0.467
based on a tv show:0.4595
good soundtrack:0.4585
weird:0.45275
catastrophe:0.4455
kids and family:0.4425
stylish:0.442
great soundtrack:0.4405
aardman studios:0.43975
feel-good:0.42975
short:0.4285
poignant:0.42525
beautifully filmed:0.42125
stunning:0.4195
fantasy world:0.41375
music:0.407
brutality:0.40625
oscar winner:0.4055
loneliness:0.39925
pigs:0.39775
wilderness:0.3975
vengeance:0.39625
honest:0.39375
melancholic:0.39375
penguins:0.3925
good:0.391
suprisingly clever:0.38375
nostalgic:0.3835
powerful ending:0.3815
complex:0.38075
emotional:0.3805
stylized:0.3795
drama:0.377
dinosaurs:0.3765
drinking:0.374
cute:0.3705
police investigation:0.36775
dramatic:0.3675
great acting:0.36675
cinematography:0.36575
computer animation:0.36575
tragedy:0.365
crude humor:0.36175
exceptional acting:0.358
harsh:0.35675
love story:0.356
gunfight:0.3545
creativity:0.3545
