world war ii:0.99725
nazis:0.99425
wartime:0.98075
jews:0.97775
wwii:0.975
nazi:0.96975
espionage:0.943
male nudity:0.942
germany:0.934
violence:0.91675
oscar (best foreign language film):0.91475
betrayal:0.91175
holocaust:0.909
israel:0.8905
nudity (topless - notable):0.8885
german:0.8535
twists & turns:0.852
nudity (full frontal - notable):0.83925
survival:0.83625
poland:0.8355
dramatic:0.83525
spying:0.83275
brutality:0.81075
true story:0.8015
tense:0.7805
gratuitous violence:0.77425
jewish:0.76775
great acting:0.762
sexualized violence:0.7565
tragedy:0.7545
anti-semitism:0.75075
drama:0.75025
complex:0.75
war:0.74325
sacrifice:0.73275
thriller:0.72875
suspense:0.71975
secrets:0.7175
nudity (rear):0.71575
cinematography:0.713
social commentary:0.7095
realistic:0.707
assassination:0.701
best war films:0.6995
revenge:0.6945
corruption:0.68425
original:0.68375
powerful ending:0.67475
storytelling:0.6695
good acting:0.66675
excellent script:0.6665
oscar (best directing):0.66375
fascism:0.66075
historical:0.65975
based on a true story:0.656
vengeance:0.65125
plot twist:0.6505
good:0.64775
beautiful scenery:0.64075
sexy:0.64075
factual:0.63875
nudity (topless):0.629
spy:0.62475
violent:0.61825
idealism:0.616
harsh:0.61525
torture:0.6145
interesting:0.61175
great ending:0.609
nudity (full frontal):0.6055
forceful:0.603
based on true story:0.5935
imdb top 250:0.579
runaway:0.57425
foreign:0.57325
culture clash:0.56625
moral ambiguity:0.566
erotic:0.56425
brutal:0.551
beautifully filmed:0.54825
plot:0.5465
love story:0.544
story:0.53925
unusual plot structure:0.53875
politics:0.5375
weapons:0.5365
catastrophe:0.536
nudity:0.52725
intense:0.52625
good soundtrack:0.526
dialogue:0.52275
compassionate:0.51975
pg-13:0.51825
greed:0.515
genocide:0.51225
courage:0.51125
emotional:0.50625
murder:0.50375
war movie:0.50275
guilt:0.50225
