vampire:0.96225
virginity:0.945
splatter:0.9345
criterion:0.92675
vampires:0.88425
sexual:0.866
male nudity:0.85925
bloody:0.83225
grindhouse:0.745
gory:0.719
horror:0.69
gothic:0.65675
original:0.647
sexualized violence:0.646
sexy:0.64175
blood:0.634
pornography:0.62075
goretastic:0.6165
sex:0.61625
satirical:0.607
nudity:0.601
nudity (full frontal - notable):0.59175
camp:0.58925
melancholic:0.58675
adaptation:0.57325
sexuality:0.56725
creepy:0.5645
campy:0.56325
cult classic:0.55875
demons:0.55625
violence:0.55575
brutality:0.53775
weird:0.5145
erotic:0.48425
graphic novel:0.47975
dialogue:0.4515
gruesome:0.448
talky:0.41475
catastrophe:0.39925
cult film:0.39375
macabre:0.392
dysfunctional family:0.38525
mentor:0.38425
goth:0.37725
nudity (topless - notable):0.372
rape:0.36875
great ending:0.36775
vengeance:0.366
scary:0.3485
atmospheric:0.34175
enigmatic:0.33975
cinematography:0.3375
mad scientist:0.33475
stylish:0.3335
violent:0.32825
passionate:0.32725
new jersey:0.327
entirely dialogue:0.326
so bad it's funny:0.3095
catholicism:0.307
great:0.304
satire:0.3015
stylized:0.301
predictable:0.29975
drinking:0.29575
nocturnal:0.29525
runaway:0.29525
zombie:0.2925
nudity (full frontal):0.29175
overrated:0.2905
greed:0.2905
not funny:0.28825
death:0.28475
quirky:0.2845
good soundtrack:0.282
absurd:0.27525
sisters:0.27525
family:0.273
storytelling:0.27125
first contact:0.27
biting:0.269
harsh:0.26825
very funny:0.26775
devil:0.261
bad plot:0.26025
pointless:0.26
classic car:0.25875
nudity (full frontal - brief):0.258
obsession:0.258
gratuitous violence:0.2565
visually appealing:0.2535
cult:0.2525
visceral:0.25025
dreamlike:0.247
disturbing:0.2405
farce:0.23925
cannibalism:0.2375
italy:0.2375
culture clash:0.23575
hospital:0.23475
