goofy:0.925
teen movie:0.922
comedy:0.892
dumb but funny:0.8785
teen:0.87425
1980s:0.853
quirky:0.793
teens:0.781
original:0.74275
funny:0.73075
80s:0.72925
revenge:0.67425
cult classic:0.67025
fun movie:0.64925
nerds:0.64925
humorous:0.6345
hilarious:0.631
silly fun:0.623
underrated:0.60075
funny as hell:0.5845
high school:0.58125
very funny:0.55875
good soundtrack:0.55775
great:0.55175
mentor:0.5445
crude humor:0.5305
adventure:0.52825
geeks:0.5275
good:0.51625
feel-good:0.516
great ending:0.51325
quotable:0.5065
gunfight:0.505
off-beat comedy:0.4795
weird:0.475
friendship:0.471
dialogue:0.46075
vengeance:0.4595
chase:0.456
awesome soundtrack:0.44725
fun:0.442
redemption:0.4375
silly:0.432
great movie:0.42625
pg-13:0.415
suprisingly clever:0.4145
catastrophe:0.40825
storytelling:0.398
unlikely friendships:0.394
cool:0.38825
cult film:0.3875
culture clash:0.387
drinking:0.385
predictable:0.3825
crazy:0.38175
brothers:0.38025
highly quotable:0.37875
underdog:0.378
bullying:0.3775
story:0.37275
destiny:0.3715
happy ending:0.37125
feel good movie:0.37
boat:0.36875
adolescence:0.36775
nostalgic:0.36525
romance:0.3635
surreal:0.3605
love:0.35325
classic:0.3515
stereotypes:0.3455
beautiful scenery:0.3435
clever:0.339
coming of age:0.33475
runaway:0.33
coming-of-age:0.32725
brutality:0.327
weapons:0.32575
motorcycle:0.316
slapstick:0.3145
family:0.3125
hillarious:0.31075
childhood:0.308
insanity:0.305
nudity (full frontal - brief):0.30375
whimsical:0.3035
fantasy world:0.29825
pornography:0.29575
college:0.29375
idiotic:0.29225
adaptation:0.292
visually appealing:0.28375
cinematography:0.2835
adapted from:book:0.28125
screwball:0.27375
classic car:0.26975
fight scenes:0.26925
grindhouse:0.268
unfunny:0.26775
writers:0.2655
