action:0.96525
vengeance:0.9545
violence:0.95275
drama:0.92575
revenge:0.923
father daughter relationship:0.9145
brutality:0.91125
violent:0.90625
kidnapping:0.9015
drugs:0.8905
good action:0.8765
fight scenes:0.86475
foreign:0.837
brutal:0.8125
original:0.79925
bittersweet:0.79675
friendship:0.77175
intense:0.76975
dark:0.74825
tense:0.747
good soundtrack:0.7465
mentor:0.7465
action packed:0.74475
chase:0.731
runaway:0.731
emotional:0.72675
thriller:0.68875
realistic:0.6825
unlikely friendships:0.67825
gangs:0.67625
criterion:0.6735
good acting:0.672
cinematography:0.6715
great acting:0.66925
dark hero:0.66025
stylish:0.65825
story:0.6445
social commentary:0.64375
bloody:0.63925
assassination:0.639
great:0.628
imdb top 250:0.62275
gunfight:0.61925
oscar (best directing):0.61775
touching:0.61525
gory:0.61425
exceptional acting:0.614
visually appealing:0.6125
gangsters:0.608
tragedy:0.6025
great ending:0.60175
harsh:0.5975
talky:0.5925
excellent script:0.58375
cool:0.58025
sexualized violence:0.57925
corruption:0.5735
murder:0.57125
storytelling:0.565
stylized:0.56125
lone hero:0.56
loneliness:0.559
justice:0.556
dialogue:0.554
hitman:0.54225
gritty:0.539
forceful:0.535
childhood:0.53325
visceral:0.52725
redemption:0.52325
fast paced:0.5225
weapons:0.52225
twists & turns:0.522
good:0.51725
movielens top pick:0.51275
oscar (best foreign language film):0.5105
fantasy world:0.506
happy ending:0.50475
blood:0.5045
honest:0.5045
spanish:0.50375
culture clash:0.503
fighting:0.5
cult classic:0.49825
destiny:0.49825
crime:0.49425
dramatic:0.49275
child abuse:0.49075
great movie:0.48775
suspense:0.48625
police investigation:0.47675
assassin:0.474
indie:0.473
amazing photography:0.46975
pornography:0.46925
catastrophe:0.465
nocturnal:0.46475
excellent:0.46325
disturbing:0.463
anti-hero:0.463
