afi 100 (laughs):0.9985
talking animals:0.9525
disney:0.8865
kids:0.88275
kids and family:0.868
fun movie:0.8675
silly fun:0.86275
children:0.83725
fun:0.76175
original:0.74775
alien:0.703
cute!:0.7005
family:0.69125
cute:0.675
science fiction:0.63825
childhood:0.62725
sci fi:0.61675
dog:0.5595
goofy:0.54875
sci-fi:0.5145
mentor:0.51225
special effects:0.51025
animals:0.50775
silly:0.50525
cartoon:0.50175
entertaining:0.47325
great ending:0.46675
dialogue:0.45775
space:0.4565
unusual plot structure:0.43975
catastrophe:0.42225
conspiracy theory:0.4095
magic:0.39875
story:0.39375
sacrifice:0.39275
predictable:0.3905
scifi:0.3815
light:0.3755
good:0.374
great:0.3735
action:0.36175
redemption:0.3595
fantasy:0.35075
first contact:0.3495
nostalgia:0.34725
not funny:0.3435
storytelling:0.343
bad plot:0.34075
chase:0.33075
natural disaster:0.317
greed:0.3155
computer animation:0.31
aliens:0.302
lone hero:0.301
action packed:0.29975
slapstick:0.2985
humorous:0.29575
fight scenes:0.29225
unlikely friendships:0.291
adaptation:0.28375
destiny:0.2815
runaway:0.281
brutality:0.27875
entirely dialogue:0.27675
nostalgic:0.27575
complex:0.26825
stereotypes:0.26775
memory:0.26725
whimsical:0.26525
transformation:0.26475
so bad it's funny:0.2645
clever:0.26325
culture clash:0.2575
underdog:0.25675
life philosophy:0.256
melancholic:0.25575
adventure:0.25325
good soundtrack:0.25175
1980s:0.25175
overrated:0.25025
fantasy world:0.24975
stranded:0.24925
multiple storylines:0.2425
grindhouse:0.24
disney animated feature:0.24
vengeance:0.23925
very funny:0.238
oscar:0.23675
adapted from:book:0.23675
gangsters:0.235
dogs:0.2345
spying:0.2325
happy ending:0.23175
criterion:0.231
talky:0.23075
weapons:0.23025
friendship:0.228
cult film:0.22675
mad scientist:0.225
irish accent:0.2225
