ireland:0.98525
irish:0.956
irish accent:0.8575
redemption:0.81525
bleak:0.784
original:0.7645
love story:0.74825
dramatic:0.73425
intense:0.70175
great acting:0.7005
gritty:0.68175
idealism:0.672
prison:0.66475
drama:0.65875
sports:0.65825
boxing:0.6465
storytelling:0.64425
courage:0.64425
honest:0.63975
grim:0.6265
political:0.62625
cathartic:0.6135
oscar (best directing):0.6115
weapons:0.60975
love:0.60475
drinking:0.60025
story:0.599
violent:0.5975
underdog:0.5945
great:0.59275
realistic:0.58275
earnest:0.581
feel-good:0.5805
prejudice:0.5705
touching:0.57025
war:0.56525
violence:0.557
depression:0.5565
romance:0.55475
oscar (best supporting actress):0.5525
brutality:0.5505
british:0.545
compassionate:0.5415
dialogue:0.54125
based on a play:0.537
politics:0.53325
emotional:0.51925
civil war:0.512
destiny:0.50925
friendship:0.50875
ethnic conflict:0.49625
forceful:0.4835
good:0.48325
great movie:0.46425
passionate:0.462
transformation:0.4605
homeless:0.456
oscar (best supporting actor):0.456
pg-13:0.4515
great ending:0.44775
heartwarming:0.4475
mentor:0.4445
complex:0.432
harsh:0.42425
feel good movie:0.4235
cerebral:0.417
good soundtrack:0.417
period piece:0.41525
oscar:0.413
sacrifice:0.41225
betrayal:0.4105
catastrophe:0.41
inspirational:0.409
us history:0.405
family:0.4035
interesting:0.39975
beautifully filmed:0.3915
downbeat:0.39125
greed:0.38725
heartbreaking:0.38475
movielens top pick:0.383
fighting:0.37925
costume drama:0.376
segregation:0.3745
beautiful scenery:0.372
multiple storylines:0.3705
sad:0.367
oscar (best cinematography):0.367
excellent:0.36675
culture clash:0.363
not funny:0.3555
imdb top 250:0.355
underrated:0.353
tragedy:0.3505
adapted from:book:0.34875
corruption:0.34175
unlikely friendships:0.33975
reflective:0.339
oscar (best actor):0.33825
oscar winner:0.3365
