erotic:0.92875
nudity (full frontal - notable):0.91775
sexual:0.91725
australia:0.88125
nudity (topless - notable):0.86525
pornography:0.85775
dysfunctional family:0.816
nudity (full frontal):0.78
quirky:0.74825
pointless:0.713
original:0.69
very interesting:0.6655
sex:0.66175
complex:0.6535
sexuality:0.64275
intimate:0.62575
brainwashing:0.6215
sexy:0.61625
psychology:0.5915
weird:0.57625
sexualized violence:0.55425
relationships:0.5355
australian:0.5255
writers:0.5225
unlikeable characters:0.50575
drama:0.49725
gay character:0.49475
confusing:0.4905
bad plot:0.4875
stereotypes:0.48225
intellectual:0.47475
dialogue:0.474
psychological:0.47275
good soundtrack:0.46375
enigmatic:0.46375
women:0.45125
absurd:0.43975
adultery:0.439
betrayal:0.43825
catastrophe:0.426
powerful ending:0.42025
mentor:0.42025
obsession:0.41975
great ending:0.41175
thought-provoking:0.4105
art house:0.40875
storytelling:0.406
cross dressing:0.406
manipulation:0.40375
cinematography:0.40025
existentialism:0.399
guilt:0.39775
shallow:0.39675
indians:0.396
culture clash:0.38775
notable nudity:0.38275
life philosophy:0.3815
police investigation:0.37725
brutality:0.376
satirical:0.37
melancholic:0.368
interesting:0.3625
first contact:0.361
bad ending:0.36025
horrible:0.3585
entirely dialogue:0.3505
adaptation:0.3505
passionate:0.35
redemption:0.3495
family:0.346
disturbing:0.345
male nudity:0.342
black comedy:0.331
predictable:0.32975
off-beat comedy:0.325
insanity:0.31375
great acting:0.31275
story:0.3115
cult:0.3085
stylized:0.30825
visually appealing:0.307
surreal:0.307
nudity (full frontal - brief):0.30675
religion:0.30475
unfunny:0.302
intense:0.29875
not funny:0.29625
idiotic:0.29325
nudity:0.28875
runaway:0.2875
harsh:0.287
silly:0.2855
bdsm:0.28325
loneliness:0.283
fight scenes:0.2815
nudity (topless):0.281
secrets:0.27975
criterion:0.27775
slapstick:0.27525
addiction:0.275
