science fiction:0.98975
sci-fi:0.98825
alien:0.97125
scifi:0.965
sci fi:0.95825
aliens:0.943
classic:0.923
tense:0.91525
claustrophobic:0.88475
dialogue:0.8685
space:0.86375
imdb top 250:0.858
horror:0.853
monster:0.83425
1950s:0.83175
special effects:0.7975
paranoia:0.79575
allegory:0.791
suspenseful:0.78025
original:0.7655
first contact:0.757
talky:0.754
alien invasion:0.75225
suspense:0.74475
mad scientist:0.73425
story:0.73025
mars:0.72575
antarctica:0.711
great ending:0.69225
effects:0.68925
black and white:0.67625
cult classic:0.673
intelligent sci-fi:0.66325
atmospheric:0.662
ominous:0.6545
paranoid:0.64625
scary:0.62575
creepy:0.61825
greed:0.6165
criterion:0.61025
science:0.607
transformation:0.6025
good acting:0.5945
cerebral:0.5925
futuristic:0.58875
isolation:0.58875
monsters:0.5845
great:0.5575
visual:0.5555
storytelling:0.55425
great movie:0.544
imagination:0.541
space travel:0.534
forceful:0.53025
low budget:0.52375
weapons:0.51625
oscar (best directing):0.51325
frightening:0.5125
suprisingly clever:0.51175
cold war:0.50325
entirely dialogue:0.49925
survival:0.4965
eerie:0.49225
based on a book:0.4875
gunfight:0.48325
technology:0.48175
good dialogue:0.47975
weird:0.47625
catastrophe:0.4695
downbeat:0.46375
enigmatic:0.4635
visually appealing:0.46225
unusual plot structure:0.45475
light:0.4445
masterpiece:0.44425
social commentary:0.43375
life & death:0.43325
good:0.43125
quotable:0.431
cinematography:0.428
grim:0.41825
great acting:0.411
remade:0.408
splatter:0.40775
cult film:0.3975
beautiful scenery:0.3955
intellectual:0.39475
existentialism:0.39375
runaway:0.387
sacrifice:0.385
oscar (best supporting actor):0.3845
camp:0.384
clever:0.384
philosophical:0.383
redemption:0.38
so bad it's funny:0.37975
fast paced:0.376
not funny:0.37425
end of the world:0.3715
witty:0.3715
