melancholic:0.9815
coming of age:0.96875
black and white:0.96075
loneliness:0.9605
original:0.88875
criterion:0.83225
talky:0.82925
depression:0.826
melancholy:0.8245
great acting:0.82325
dark humor:0.82175
cinematography:0.81325
berlin:0.8115
good soundtrack:0.8035
german:0.7915
bleak:0.78175
social commentary:0.78125
reflective:0.7745
intimate:0.74725
indie:0.74325
germany:0.74
runaway:0.73975
imdb top 250:0.73875
oscar (best supporting actress):0.7225
mentor:0.71375
coming-of-age:0.70825
grim:0.7065
black comedy:0.676
realistic:0.669
bittersweet:0.6685
character study:0.6635
bullying:0.65675
artistic:0.65525
adolescence:0.64725
school:0.63925
cerebral:0.6305
satirical:0.623
drugs:0.62275
independent film:0.62075
slackers:0.61225
downbeat:0.6085
male nudity:0.608
literature:0.60625
honest:0.60025
artsy:0.5995
pointless:0.597
oscar (best directing):0.595
drama:0.595
weird:0.59325
depressing:0.5885
dramatic:0.58825
doctors:0.58825
stylized:0.579
enigmatic:0.57875
meditative:0.5695
narrated:0.568
movielens top pick:0.567
quirky:0.5665
rebellion:0.5585
masterpiece:0.5585
atmospheric:0.55725
unusual plot structure:0.55225
unlikely friendships:0.5515
underdog:0.5475
art:0.544
humorous:0.539
california:0.5385
foreign:0.5345
feel-good:0.53125
art house:0.5245
intelligent:0.52225
story:0.52125
oscar (best actress):0.521
excellent script:0.521
idealism:0.5195
distopia:0.51425
clever:0.512
dark comedy:0.5105
breathtaking:0.5025
cult film:0.50175
classic car:0.498
photography:0.49725
suprisingly clever:0.48925
relationships:0.4865
redemption:0.48375
satire:0.48125
light:0.481
heartwarming:0.48
george orwell:0.47125
existentialism:0.46775
psychiatry:0.46725
absurd:0.46475
affectionate:0.46425
nocturnal:0.463
visually appealing:0.4605
friendship:0.459
very interesting:0.4505
simple:0.44425
visual:0.444
poignant:0.44375
