remake:0.98025
haunted house:0.96975
horror:0.96725
ghosts:0.963
supernatural:0.9525
original:0.86175
splatter:0.8385
bad cgi:0.82
special effects:0.818
creepy:0.81275
scary:0.80025
effects:0.70375
bad plot:0.7005
bad ending:0.692
goth:0.68975
mad scientist:0.68175
predictable:0.67125
horrible:0.66125
fun movie:0.6525
great ending:0.64175
so bad it's funny:0.63
doctors:0.6165
nudity (topless - brief):0.60325
demons:0.59425
cult film:0.5905
suspense:0.5775
lame:0.5625
gory:0.561
twists & turns:0.54
frightening:0.52475
dialogue:0.52225
insanity:0.50225
pointless:0.49975
mentor:0.49475
blood:0.4895
monster:0.47425
good:0.473
first contact:0.472
campy:0.471
brutality:0.4655
bloody:0.46275
great:0.46175
nudity (topless):0.4615
weird:0.45725
bad acting:0.456
computer animation:0.454
dynamic cgi action:0.44325
violence:0.43225
bad script:0.4295
shallow:0.426
eerie:0.42575
catastrophe:0.42475
slasher:0.42275
macabre:0.419
silly:0.4185
sexualized violence:0.417
murder:0.4145
transformation:0.41325
stylized:0.412
big budget:0.4095
death:0.399
overrated:0.39775
fantasy world:0.38925
adaptation:0.38275
disturbing:0.381
fun:0.37825
visual:0.37225
stupid:0.36975
hospital:0.36975
idiotic:0.368
dark:0.36325
pg-13:0.3625
not funny:0.361
cheesy:0.35875
psychological:0.3585
destiny:0.35625
camp:0.3555
fight scenes:0.35475
story:0.3535
visually stunning:0.34975
cool:0.349
silly fun:0.34825
atmospheric:0.347
cult classic:0.34625
pornography:0.34175
original plot:0.34175
survival:0.33875
good soundtrack:0.33825
life philosophy:0.33625
gothic:0.33625
great acting:0.333
monsters:0.332
light:0.33175
ridiculous:0.32575
plot holes:0.32525
apocalypse:0.325
entirely dialogue:0.322
great movie:0.32
zombie:0.31675
intense:0.316
