based on book:0.9805
based on a book:0.979
children:0.9695
adoption:0.92375
kids and family:0.91875
childhood:0.893
adapted from:book:0.86775
family:0.83875
school:0.82525
adaptation:0.8235
magic:0.821
fantasy world:0.818
books:0.7885
teacher:0.782
fantasy:0.76925
book:0.767
cute!:0.7585
witches:0.752
kids:0.74375
original:0.71925
roald dahl:0.70575
fairy tale:0.69525
great movie:0.66375
fun movie:0.64975
great:0.634
girlie movie:0.62175
book was better:0.61675
bullying:0.6005
child abuse:0.5965
good:0.59575
runaway:0.5905
chocolate:0.58775
fun:0.57925
witch:0.56775
cute:0.52775
storytelling:0.52075
story:0.5085
sweet:0.4865
narrated:0.467
eccentricity:0.4575
great ending:0.44925
literature:0.44775
mentor:0.44425
dysfunctional family:0.4245
macabre:0.4235
imagination:0.41075
catastrophe:0.409
comedy:0.407
great acting:0.38875
criterion:0.37575
dialogue:0.37375
happy ending:0.366
weird:0.35775
parenthood:0.343
drama:0.343
unlikely friendships:0.34225
feel-good:0.34025
friendship:0.339
heartwarming:0.3365
excellent:0.33475
clever:0.3315
good soundtrack:0.331
greed:0.33025
dark fantasy:0.32975
very good:0.323
culture clash:0.32025
secrets:0.31525
spelling bee:0.31225
pornography:0.309
original plot:0.30525
dark humor:0.305
vengeance:0.3045
entertaining:0.3005
light:0.2985
brutality:0.29725
suprisingly clever:0.2945
quirky:0.292
scary:0.29075
crude humor:0.28825
destiny:0.2845
pg:0.2825
very funny:0.2805
revenge:0.277
transformation:0.27575
melancholic:0.274
feel good movie:0.27325
chase:0.269
adventure:0.26575
fight scenes:0.264
death:0.26325
life philosophy:0.2625
boarding school:0.258
distopia:0.2555
silly fun:0.2535
not funny:0.25025
teen movie:0.2495
special effects:0.247
first contact:0.24625
british:0.24575
whimsical:0.24525
