adventure:0.821
comedy:0.79975
hilarious:0.73775
goofy:0.69425
silly fun:0.69275
original:0.6365
kids:0.625
family:0.60525
fun movie:0.59225
predictable:0.5845
children:0.51825
fun:0.5135
mentor:0.4755
good action:0.468
very funny:0.4665
catastrophe:0.432
wilderness:0.42225
funny:0.421
stupid:0.418
great ending:0.39775
bad plot:0.38625
quirky:0.3775
natural disaster:0.37675
fight scenes:0.37625
pg-13:0.368
murder:0.365
destiny:0.36475
runaway:0.3595
overrated:0.359
silly:0.3535
good:0.34925
nudity (topless - notable):0.34775
idiotic:0.34425
life philosophy:0.34275
romance:0.33575
fantasy world:0.334
first contact:0.32975
slapstick:0.32825
brutality:0.31875
dialogue:0.31775
funny as hell:0.31275
great acting:0.3095
lone hero:0.30075
dumb but funny:0.29925
adaptation:0.28775
great:0.28725
cult film:0.28475
stupidity:0.281
culture clash:0.277
disaster:0.272
childhood:0.268
storytelling:0.26425
not funny:0.26175
crude humor:0.2615
unfunny:0.25975
so bad it's funny:0.2565
dysfunctional family:0.25325
action:0.25275
underdog:0.2515
spying:0.248
entirely dialogue:0.248
death:0.24575
justice:0.24375
camp:0.2385
police investigation:0.238
franchise:0.23225
identity:0.23125
spy:0.22725
redemption:0.22525
complex:0.225
nocturnal:0.2235
vengeance:0.22175
dumb:0.22125
big budget:0.22
action packed:0.2185
bad ending:0.2155
dreamlike:0.211
sci fi:0.2105
chase:0.20925
good soundtrack:0.2075
gangsters:0.20675
pulp:0.2065
crime gone awry:0.206
special effects:0.20275
multiple storylines:0.20225
pornography:0.201
criterion:0.1995
clever:0.19875
surreal:0.19825
loneliness:0.198
stupid as hell:0.19675
saturday night live:0.19675
nudity (full frontal - brief):0.1965
scary:0.195
feel-good:0.1945
oscar (best directing):0.194
weapons:0.194
twists & turns:0.19225
teen movie:0.192
underrated:0.192
