scifi:0.99575
technology:0.99325
science fiction:0.981
sci fi:0.972
sci-fi:0.9675
artificial intelligence:0.9575
end of the world:0.95725
cold war:0.95
future:0.934
cerebral:0.92225
futuristic:0.921
surveillance:0.917
space travel:0.906
dystopia:0.8995
computers:0.899
original:0.88625
robots:0.88125
weapons:0.86525
dystopic future:0.85875
humanity:0.85525
science:0.85175
nuclear war:0.84575
visual:0.835
rebellion:0.8225
complex:0.8065
thought-provoking:0.7985
intelligent sci-fi:0.7935
special effects:0.7925
paranoid:0.775
nuclear:0.77175
allegory:0.7675
scifi cult:0.762
suspense:0.7575
internet:0.7575
robot:0.7495
first contact:0.742
enigmatic:0.73775
distopia:0.73475
utopia:0.72025
tense:0.71275
story:0.71075
alone in the world:0.6975
android(s)/cyborg(s):0.6945
visually stunning:0.68425
existentialism:0.683
clever:0.67825
suspenseful:0.66025
interesting:0.656
dynamic cgi action:0.6555
paranoia:0.65325
visually appealing:0.64425
original plot:0.644
forceful:0.6425
chase:0.642
man versus machine:0.638
intelligent:0.6365
cyberpunk:0.63575
great ending:0.63475
dialogue:0.6325
grim:0.6175
talky:0.61425
classic:0.596
space:0.58575
effects:0.5845
mentor:0.58075
virtual reality:0.57825
greed:0.5655
1970s:0.56125
memory:0.55125
alternate reality:0.55125
imdb top 250:0.55025
downbeat:0.54925
catastrophe:0.54575
philosophical:0.54425
storytelling:0.5375
intellectual:0.535
post-apocalyptic:0.53475
underrated:0.5295
sacrifice:0.52875
dramatic:0.52725
destiny:0.5235
good acting:0.521
espionage:0.5175
lone hero:0.517
period piece:0.516
imagination:0.51425
suprisingly clever:0.50875
gunfight:0.5065
video game:0.50475
russian:0.503
very interesting:0.49625
apocalypse:0.4955
hackers:0.49275
criterion:0.4875
oscar (best effects - visual effects):0.48675
cyborgs:0.48675
cult film:0.4855
exciting:0.48175
reflective:0.48125
based on book:0.47925
