social commentary:0.93325
death:0.9105
dark comedy:0.9075
dark humor:0.861
loneliness:0.83225
life & death:0.827
suicide:0.82125
satire:0.806
original:0.77725
absurd:0.76225
single father:0.74025
parenthood:0.71925
father son relationship:0.7025
black comedy:0.69275
depression:0.69075
character study:0.641
satirical:0.6395
pornography:0.63925
weird:0.63475
suburbia:0.629
teacher:0.6135
sarcasm:0.60275
storytelling:0.6015
goth:0.5995
melancholic:0.585
life philosophy:0.5795
mentor:0.579
alone in the world:0.57075
depressing:0.53575
reflective:0.5335
quotable:0.532
tragedy:0.5305
very funny:0.52225
great ending:0.51625
great acting:0.51175
drama:0.511
cult film:0.50775
redemption:0.50525
bleak:0.497
off-beat comedy:0.49025
life:0.47725
dialogue:0.466
writers:0.45525
father-son relationship:0.45425
childhood:0.45425
great:0.44675
comedy:0.44575
drinking:0.4335
dramatic:0.432
dark:0.4315
sad:0.43075
aging:0.42475
dysfunctional family:0.424
hospital:0.42075
crime gone awry:0.41925
catastrophe:0.41325
foul language:0.41075
bittersweet:0.40475
fantasy world:0.40375
friendship:0.40125
funny as hell:0.39825
touching:0.397
cult classic:0.39275
runaway:0.39175
allegory:0.38925
poignant:0.389
bizarre:0.383
unusual plot structure:0.377
independent film:0.375
story:0.3705
disturbing:0.37025
goofy:0.36875
journalism:0.36625
criterion:0.3655
harsh:0.36375
talky:0.36125
quirky:0.3595
school:0.35525
unlikely friendships:0.354
honest:0.35125
brutality:0.35025
family drama:0.3495
shallow:0.347
good soundtrack:0.34125
greed:0.34125
writing:0.3405
transformation:0.33825
cerebral:0.33525
culture clash:0.33275
justice:0.33175
funny:0.327
small town:0.32325
crude humor:0.32225
surreal:0.32125
farce:0.31925
movielens top pick:0.31725
relationships:0.315
adaptation:0.31375
melancholy:0.312
cancer:0.3105
