meditative:0.988
native americans:0.97825
cinematography:0.96975
indians:0.96825
breathtaking:0.96225
melancholic:0.93475
beautifully filmed:0.91425
amazing cinematography:0.90375
intimate:0.891
stunning:0.878
great cinematography:0.874
long:0.8685
beautiful scenery:0.86275
enigmatic:0.859
love story:0.83825
scenic:0.835
dreamlike:0.8265
visually appealing:0.81775
loneliness:0.77875
visually stunning:0.7755
beautiful:0.7495
slow paced:0.74775
lyrical:0.7395
slow:0.71625
boring!:0.7
original:0.69525
reflective:0.69475
visual:0.69
golden palm:0.64225
storytelling:0.6335
photography:0.63325
weird:0.625
culture clash:0.61925
dialogue:0.61225
melancholy:0.60975
life & death:0.607
poignant:0.5885
existentialism:0.58825
narrated:0.5805
wistful:0.5805
art:0.57875
greed:0.57725
oscar (best cinematography):0.5745
art house:0.5715
passionate:0.5655
criterion:0.5605
complex:0.552
masterpiece:0.54125
pointless:0.51775
historical:0.50775
relationships:0.50125
catastrophe:0.5
poetry:0.49975
irish accent:0.498
pretentious:0.49775
allegory:0.4965
artistic:0.49575
too long:0.49425
solitude:0.49175
talky:0.48275
stylized:0.48175
artsy:0.48025
harsh:0.47875
mozart:0.47525
life philosophy:0.46825
epic:0.46475
nudity (full frontal - notable):0.448
entirely dialogue:0.44175
betrayal:0.4415
visuals:0.43225
pornography:0.42675
romance:0.42575
story:0.42275
cerebral:0.4215
colourful:0.417
whimsical:0.4095
period piece:0.40775
atmospheric:0.39975
obsession:0.39625
powerful ending:0.39275
first contact:0.39025
philosophical:0.38475
colonialism:0.378
romantic:0.37725
wilderness:0.36725
surreal:0.36325
good soundtrack:0.36225
destiny:0.35525
boring:0.355
great ending:0.34725
oscar (best directing):0.347
self discovery:0.345
bittersweet:0.34325
brutality:0.34225
non-linear:0.3395
mentor:0.3375
runaway:0.335
emotional:0.331
suprisingly clever:0.32875
honest:0.32425
