sequel:0.92925
sequels:0.92775
music:0.89175
good sequel:0.881
comedy:0.80575
musical:0.80075
musicians:0.7995
college:0.7965
bdsm:0.78625
teen movie:0.78075
pg-13:0.7665
funny:0.76125
girlie movie:0.7575
original:0.73325
stereotypes:0.718
hip hop:0.67575
music business:0.67225
mentor:0.632
good soundtrack:0.6255
chick flick:0.58275
predictable:0.5715
teen:0.5585
good music:0.5495
hilarious:0.544
so bad it's funny:0.542
dialogue:0.54175
very funny:0.5385
franchise:0.53525
better than expected:0.5295
women:0.5195
crude humor:0.51625
fun movie:0.513
redemption:0.499
camp:0.48775
catastrophe:0.483
dancing:0.47975
crappy sequel:0.4725
high school:0.4635
unfunny:0.45975
silly:0.4515
culture clash:0.43725
suprisingly clever:0.4265
runaway:0.42125
great ending:0.415
feel-good:0.4085
product placement:0.407
great:0.394
good:0.39175
creativity:0.39
ensemble cast:0.38775
competition:0.38375
dance:0.362
absurd:0.3475
directorial debut:0.3445
plot:0.33575
segregation:0.3305
feel good movie:0.32475
writers:0.3245
fantasy world:0.32325
fun:0.323
melancholic:0.31325
romance:0.312
betrayal:0.31075
transformation:0.30425
romantic:0.30225
based on a book:0.3
weird:0.29975
original plot:0.29775
life philosophy:0.29475
story:0.29175
not funny:0.2875
family:0.284
goofy:0.284
bad plot:0.283
plot holes:0.2825
pointless:0.28125
saturday night live:0.28125
teens:0.28075
slapstick:0.278
adaptation:0.2775
quirky:0.273
nudity (full frontal - brief):0.2715
destiny:0.2715
revenge:0.26975
storytelling:0.2685
unlikely friendships:0.26825
first contact:0.26775
police investigation:0.26725
funny as hell:0.26675
humorous:0.2665
dumb but funny:0.265
guilty pleasure:0.26225
friendship:0.261
fashion:0.25825
love story:0.25475
brutality:0.2545
lone hero:0.25175
silly fun:0.2495
pornography:0.249
idiotic:0.24325
