fighting:0.9885
franchise:0.97775
boxing:0.96425
sports:0.95525
russia:0.92975
underdog:0.904
action:0.8905
mentor:0.84375
fight scenes:0.842
series:0.84075
awesome soundtrack:0.81025
good action:0.76875
80s:0.7465
original:0.70975
vengeance:0.6965
action packed:0.6715
revenge:0.67025
cold war:0.66475
brutality:0.658
predictable:0.634
silly:0.627
great ending:0.5835
weapons:0.577
good sequel:0.5665
death:0.559
fun movie:0.545
chase:0.54425
music:0.5405
space program:0.529
70mm:0.5265
cool:0.52575
culture clash:0.52175
1980s:0.5175
great:0.515
inspirational:0.51125
silly fun:0.5065
redemption:0.50075
rags to riches:0.49675
nostalgic:0.489
feel-good:0.48525
cheesy:0.48225
lone hero:0.47975
good:0.47775
destiny:0.47325
russian:0.46875
camp:0.45975
sequel:0.4505
dialogue:0.45
great movie:0.4455
intense:0.4375
story:0.43525
transformation:0.43475
catastrophe:0.429
big budget:0.42675
entertaining:0.40875
not funny:0.4035
feel good movie:0.39725
campy:0.389
pg-13:0.386
alter ego:0.38075
special effects:0.37525
goofy:0.371
betrayal:0.36925
pulp:0.3685
good soundtrack:0.3565
giant robots:0.35575
nostalgia:0.35525
survival:0.3525
robot:0.3515
robots:0.34675
fun:0.3415
inspiring:0.34075
runaway:0.33925
corny:0.336
bad plot:0.33075
ridiculous:0.328
drama:0.32275
first contact:0.3215
superheroes:0.3205
violence:0.317
dynamic cgi action:0.31675
guilty pleasure:0.3155
so bad it's funny:0.30775
justice:0.307
life philosophy:0.3055
childhood:0.30525
dark hero:0.305
life & death:0.30325
plot:0.30025
unlikely friendships:0.3
exciting:0.29975
overrated:0.29875
unfunny:0.2985
family:0.29825
honest:0.29775
bloody:0.2975
unintentionally funny:0.2945
storytelling:0.293
courage:0.293
great acting:0.29275
