biblical:0.9945
jesus:0.989
christian:0.94975
rome:0.925
christianity:0.9125
redemption:0.9075
destiny:0.898
dramatic:0.871
oscar (best directing):0.85225
mentor:0.85225
historical:0.8195
epic:0.813
chase:0.80275
70mm:0.7995
story:0.7865
life & death:0.77
gunfight:0.75325
good:0.70475
great movie:0.68625
first contact:0.68
drama:0.66225
god:0.658
downbeat:0.65725
intense:0.65125
original:0.6495
harsh:0.649
dialogue:0.64775
runaway:0.63975
us history:0.639
existentialism:0.63625
visual:0.629
slavery:0.62825
violence:0.6255
crime:0.6245
great acting:0.62275
catastrophe:0.59775
religion:0.59725
interesting:0.59225
death:0.58875
great ending:0.58175
drinking:0.5715
very interesting:0.568
good soundtrack:0.56775
breathtaking:0.5565
inspiring:0.556
cinematography:0.5525
forceful:0.55175
oscar (best supporting actress):0.54775
culture clash:0.545
jews:0.542
based on true story:0.54125
inspirational:0.5405
brutality:0.54025
afi 100 (movie quotes):0.5325
exceptional acting:0.5255
period piece:0.524
history:0.52375
unlikely friendships:0.51975
transformation:0.51925
enigmatic:0.518
adaptation:0.51625
earnest:0.514
good acting:0.51325
oscar winner:0.512
justice:0.5115
oscar (best actress):0.509
light:0.50375
talky:0.498
oscar (best actor):0.4955
reflective:0.49225
corruption:0.487
storytelling:0.4855
adapted from:book:0.484
lions:0.48375
murder:0.48275
life:0.48125
depression:0.48075
scifi:0.47925
prejudice:0.477
oscar (best supporting actor):0.47675
childhood:0.472
nudity (full frontal - brief):0.47175
oscar (best cinematography):0.469
male nudity:0.46725
police investigation:0.4665
bittersweet:0.465
powerful ending:0.4625
great:0.461
sentimental:0.45875
friendship:0.45875
touching:0.4565
very good:0.4565
courage:0.4555
excellent:0.45525
classic:0.45375
visually stunning:0.4475
freedom:0.43775
twists & turns:0.43525
thought-provoking:0.431
oscar (best effects - visual effects):0.4285
