bullying:0.93
arnold:0.79375
childhood:0.77475
original:0.652
predictable:0.6135
school:0.4845
life philosophy:0.45025
bad plot:0.44775
pulp:0.4425
slapstick:0.4405
teacher:0.4315
comedy:0.423
mentor:0.4215
chase:0.416
catastrophe:0.41575
kids:0.408
dialogue:0.40375
family:0.40275
destiny:0.39775
fight scenes:0.389
bad ending:0.38525
writers:0.377
great ending:0.36775
weapons:0.355
very funny:0.35225
revenge:0.34675
silly fun:0.333
workplace:0.325
children:0.32375
fantasy world:0.32375
feel-good:0.3235
multiple storylines:0.323
first contact:0.32175
overrated:0.3195
bad acting:0.31925
so bad it's funny:0.3185
unfunny:0.307
romantic:0.305
silly:0.304
stupid:0.2995
nudity (full frontal - brief):0.29625
unlikely friendships:0.2885
feel good movie:0.288
clones:0.28275
brutality:0.282
entirely dialogue:0.2805
satirical:0.27175
storytelling:0.271
not funny:0.269
happy ending:0.26675
horrible:0.26125
natural disaster:0.25975
story:0.2585
bad:0.25125
good:0.2505
adaptation:0.25
funny:0.24875
stupidity:0.24675
quirky:0.24525
vengeance:0.2415
friendship:0.23875
action:0.2345
culture clash:0.23375
fun:0.233
special effects:0.232
great:0.22975
sci fi:0.2295
redemption:0.22825
pornography:0.22775
based on true story:0.2255
lone hero:0.2245
light:0.22175
teen movie:0.22075
melancholic:0.21925
true story:0.21825
passionate:0.21775
disaster:0.217
crude humor:0.216
dreamlike:0.20975
cult film:0.20825
pg-13:0.20775
goofy:0.2065
runaway:0.2055
big budget:0.20475
high school:0.20275
scary:0.19875
fun movie:0.19725
good soundtrack:0.1965
dysfunctional family:0.19575
touching:0.19275
justice:0.19075
complex:0.18825
criterion:0.18525
transformation:0.18475
queer:0.18175
franchise:0.1815
memory:0.1795
boring:0.179
alternate reality:0.17775
shallow:0.17725
