vampires:0.9975
vampire:0.99625
horror:0.957
gothic:0.91925
nudity (topless):0.8655
creepy:0.83575
splatter:0.8315
grindhouse:0.81675
nocturnal:0.79275
mad scientist:0.78775
original:0.77625
brutality:0.734
blood:0.73
devil:0.72575
dark:0.71
tense:0.69975
sexualized violence:0.69025
harsh:0.6525
revenge:0.65
cult film:0.642
monster:0.634
goth:0.6195
adaptation:0.60375
nudity:0.59425
franchise:0.5845
visceral:0.58375
demons:0.56175
scary:0.534
stylish:0.52775
atmospheric:0.525
weird:0.52175
camp:0.51525
cult:0.50725
supernatural:0.50525
weapons:0.4975
zombie:0.49725
gory:0.49225
virus:0.48175
sexy:0.476
catastrophe:0.475
gruesome:0.4685
bloody:0.463
nudity (topless - notable):0.4615
dialogue:0.46025
vengeance:0.45125
cult classic:0.44975
silly fun:0.4365
criterion:0.43125
disturbing:0.42675
biting:0.4265
motorcycle:0.424
predictable:0.4225
lone hero:0.4205
macabre:0.4055
campy:0.399
great ending:0.38425
ominous:0.384
nudity (full frontal - notable):0.3825
dark hero:0.37875
transformation:0.376
pointless:0.37525
london:0.374
bad plot:0.36725
dreamlike:0.3645
bleak:0.36425
not funny:0.36425
hit men:0.3615
low budget:0.361
chase:0.35425
series:0.354
classic car:0.34775
so bad it's funny:0.3475
pulp:0.34075
gore:0.33925
suspense:0.335
entirely dialogue:0.33425
eerie:0.33175
enigmatic:0.3285
slasher:0.31925
serial killer:0.3155
mentor:0.314
boring:0.31175
first contact:0.31125
immortality:0.31025
melancholic:0.30475
bad ending:0.30425
sacrifice:0.3025
death:0.3015
apocalypse:0.301
spying:0.2995
fight scenes:0.2975
fantasy world:0.2905
kidnapping:0.2835
werewolf:0.27725
greed:0.27675
silly:0.27525
investigation:0.27125
redemption:0.26975
violent:0.26875
overrated:0.2685
