futuristic:0.99725
sci-fi:0.989
scifi:0.9865
visually stunning:0.986
visual:0.9805
visually appealing:0.98025
sci fi:0.97875
science fiction:0.97025
future:0.951
action:0.946
space opera:0.93875
special effects:0.911
aliens:0.88325
alien:0.8605
dystopia:0.853
stunning:0.85
dystopic future:0.84825
big budget:0.8465
good versus evil:0.8255
technology:0.813
colourful:0.811
cult classic:0.80975
cool:0.80825
imagination:0.806
action packed:0.8015
original:0.79725
fight scenes:0.79175
fun movie:0.789
stylized:0.78675
weapons:0.784
quotable:0.775
space:0.76925
weird:0.76575
visuals:0.75875
storytelling:0.75825
great:0.75125
good action:0.74175
great movie:0.735
surreal:0.723
effects:0.7205
first contact:0.71775
silly:0.71625
destiny:0.7145
cerebral:0.7125
cult:0.71175
fast paced:0.7115
adventure:0.70975
apocalypse:0.7085
silly fun:0.704
great ending:0.7035
cinematography:0.702
great acting:0.6995
imdb top 250:0.6925
egypt:0.6875
plot:0.68675
chase:0.6865
love:0.68525
humorous:0.67975
story:0.67675
clones:0.667
creativity:0.6615
absurd:0.66075
cloning:0.66
dialogue:0.65625
chris tucker:0.6485
great cinematography:0.644
light:0.63675
mythology:0.63475
treasure hunt:0.633
good:0.632
mentor:0.62725
end of the world:0.627
catastrophe:0.62675
romance:0.621
cult film:0.61775
entertaining:0.61575
original plot:0.608
existentialism:0.60775
tricky:0.607
fun:0.60375
life & death:0.59675
transformation:0.58875
complex:0.58675
comedy:0.58675
beautiful scenery:0.58475
fantasy world:0.58075
clever:0.5755
fantasy:0.57275
pg-13:0.56375
life philosophy:0.55925
love story:0.558
lone hero:0.55475
good acting:0.55175
breathtaking:0.55125
beautifully filmed:0.54825
post apocalyptic:0.54625
excellent:0.5405
scifi cult:0.53825
interesting:0.537
allegory:0.53575
