space:0.95675
fantasy:0.89475
so bad it's funny:0.886
alien:0.88325
scifi:0.88
sci-fi:0.87875
sci fi:0.87325
first contact:0.7835
original:0.774
predictable:0.766
adventure:0.75925
bad:0.7535
franchise:0.74775
campy:0.73825
futuristic:0.72675
teen movie:0.68575
science fiction:0.67825
bad plot:0.67825
vampire human love:0.6725
pointless:0.6705
bad science:0.66325
crappy sequel:0.65975
lame:0.62975
camp:0.61525
clones:0.6075
aliens:0.60725
future:0.5965
special effects:0.59225
dystopia:0.5735
fantasy world:0.57025
stupid as hell:0.5535
quirky:0.55075
natural disaster:0.54925
mentor:0.544
big budget:0.53975
cheesy:0.5295
stupid:0.5265
satirical:0.50075
silly fun:0.496
robots:0.495
nudity (topless - notable):0.4915
silly:0.48975
80s:0.48575
fun movie:0.4715
nudity (topless):0.46775
science:0.46575
catastrophe:0.4655
disaster:0.46025
overrated:0.45875
great ending:0.45625
dialogue:0.4495
weird:0.447
mars:0.44425
nocturnal:0.44225
ireland:0.442
horrible:0.4385
bad acting:0.43775
goth:0.4355
cyborgs:0.43525
awful:0.431
fight scenes:0.4305
alternate reality:0.4295
action packed:0.4265
cult film:0.42175
brutality:0.41675
sequel:0.4135
space opera:0.40725
idiotic:0.4055
irish accent:0.4045
space travel:0.39975
multiple storylines:0.39625
pulp:0.396
fun:0.38675
nudity (full frontal - brief):0.38575
so bad it's good:0.38525
death:0.385
violence:0.3825
parody:0.38175
cloning:0.37875
ridiculous:0.37375
light:0.37325
too long:0.37125
god:0.37075
unfunny:0.364
lone hero:0.36175
action:0.3555
crude humor:0.35175
robot:0.35175
weapons:0.343
nudity (rear):0.342
humorous:0.338
justice:0.33775
not funny:0.33725
dinosaurs:0.33625
based on a tv show:0.327
plot holes:0.32675
boring:0.325
destiny:0.3235
entirely dialogue:0.319
teen:0.31625
