friendship:0.85
small town:0.807
relationships:0.79725
loneliness:0.74325
unlikely friendships:0.719
redemption:0.7175
life philosophy:0.70925
original:0.70275
drinking:0.624
women:0.60025
melancholic:0.593
mentor:0.5925
good soundtrack:0.59025
intimate:0.58575
social commentary:0.578
drama:0.57225
disability:0.5515
storytelling:0.54975
oscar (best supporting actress):0.543
indie:0.52725
dialogue:0.525
golden palm:0.52125
very interesting:0.513
childhood:0.51175
slow paced:0.51
road movie:0.506
depression:0.49325
criterion:0.4895
gunfight:0.48325
writers:0.47375
existentialism:0.473
solitude:0.47025
great ending:0.46925
culture clash:0.462
talky:0.42625
tragedy:0.426
bittersweet:0.425
reflective:0.42175
oscar (best actress):0.4185
enigmatic:0.41675
suprisingly clever:0.412
catastrophe:0.40925
oscar:0.4045
good:0.402
chick flick:0.39675
interesting:0.394
nudity (full frontal - brief):0.3905
affectionate:0.38375
runaway:0.38225
thought-provoking:0.38225
entirely dialogue:0.382
great:0.38125
weird:0.376
quirky:0.3715
character study:0.37075
feel-good:0.36625
melancholy:0.365
story:0.364
adapted from:book:0.36325
downbeat:0.3615
oscar (best directing):0.361
harsh:0.3595
cinematography:0.35775
race issues:0.3545
clever:0.352
atmospheric:0.35125
pornography:0.35125
passionate:0.3455
unusual plot structure:0.33975
obsession:0.3385
movielens top pick:0.33775
good music:0.33625
bleak:0.33175
male nudity:0.33025
adaptation:0.32925
eccentricity:0.32475
suicide attempt:0.31975
visually appealing:0.319
great acting:0.31875
feel good movie:0.318
beautifully filmed:0.317
good acting:0.316
irish accent:0.31575
segregation:0.31375
stylized:0.3075
sentimental:0.304
imdb top 250:0.3035
witty:0.303
complex characters:0.302
not funny:0.302
justice:0.30175
crime gone awry:0.30125
beautiful scenery:0.3005
satirical:0.2975
sci fi:0.2975
brutality:0.29725
corruption:0.29475
exceptional acting:0.29375
california:0.29375
destiny:0.29175
