comedy:0.8895
funny:0.733
original:0.66625
happy ending:0.627
too long:0.5995
very funny:0.55675
mentor:0.5445
predictable:0.53075
family:0.47525
death:0.457
feel-good:0.4525
nudity (full frontal - brief):0.44375
slapstick:0.43675
stereotypes:0.43425
chase:0.42275
feel good movie:0.41525
pornography:0.41125
runaway:0.40975
life philosophy:0.40925
catastrophe:0.40875
humorous:0.3925
great ending:0.38925
first contact:0.38225
long:0.3745
culture clash:0.3725
good:0.3715
dramatic:0.35525
destiny:0.343
adaptation:0.34225
light:0.3415
story:0.33975
silly fun:0.333
bad plot:0.33025
unfunny:0.32875
pg-13:0.32875
fight scenes:0.32175
storytelling:0.32
redemption:0.3175
identity:0.31625
teen movie:0.314
overrated:0.3115
fantasy world:0.3035
dialogue:0.3025
brutality:0.30225
police investigation:0.2965
dysfunctional family:0.29325
good soundtrack:0.2925
romance:0.29075
funny as hell:0.28975
childhood:0.28525
lone hero:0.285
lame:0.282
pointless:0.2805
women:0.27575
crude humor:0.262
melancholic:0.25925
quirky:0.256
cars:0.2545
romantic comedy:0.25325
heartwarming:0.25175
vengeance:0.2515
natural disaster:0.251
justice:0.24975
adapted from:book:0.24725
clever:0.2455
nudity (topless - notable):0.24525
absurd:0.2425
transformation:0.24025
girlie movie:0.23775
life & death:0.237
weird:0.235
entirely dialogue:0.23475
stupidity:0.2345
cartoon:0.2335
criterion:0.2315
secrets:0.22725
suspense:0.22725
great:0.225
franchise:0.2245
very interesting:0.2235
greed:0.2225
dreamlike:0.2205
oscar (best directing):0.2175
oscar (best supporting actress):0.21725
based on book:0.21725
dumb but funny:0.215
shallow:0.21475
islam:0.21475
adoption:0.21475
gangsters:0.2145
drama:0.21375
teen:0.21325
horrible:0.212
sisters:0.2105
inspirational:0.208
silly:0.207
imdb top 250:0.207
bad ending:0.207
revenge:0.2035
spoof:0.2035
