tense:0.96525
obsession:0.94825
serial killer:0.9325
murder mystery:0.92625
creepy:0.92475
stylish:0.91475
murder:0.90725
enigmatic:0.90275
police investigation:0.89325
ominous:0.89125
cinematography:0.8545
suspenseful:0.84575
hitchcock:0.83875
eerie:0.836
atmospheric:0.82925
twist ending:0.81925
rome:0.8155
directorial debut:0.79925
criterion:0.79075
mystery:0.79025
stylized:0.78675
macabre:0.7715
surveillance:0.76825
visceral:0.76275
investigation:0.744
assassination:0.72925
ennio morricone:0.72875
brutality:0.70225
weird:0.699
twists & turns:0.68525
nocturnal:0.68425
original:0.6715
thriller:0.66975
harsh:0.6315
disturbing:0.621
sexualized violence:0.61725
cerebral:0.6125
paranoid:0.59975
runaway:0.574
death:0.57225
moody:0.5615
suspense:0.55925
identity:0.54525
psychological:0.5415
italian:0.539
great ending:0.52875
melancholic:0.52425
golden palm:0.523
splatter:0.5225
assassin:0.51925
art:0.515
dreamlike:0.50025
visual:0.49225
sexy:0.4865
gunfight:0.4835
nudity (topless - notable):0.47875
pornography:0.47475
violent:0.47075
oscar (best supporting actress):0.46375
vengeance:0.4525
noir thriller:0.452
writers:0.45175
paranoia:0.44525
1970s:0.44275
underrated:0.4415
great cinematography:0.4355
italy:0.43525
cult film:0.4275
dialogue:0.4235
chase:0.4225
noir:0.42225
allegory:0.4135
intimate:0.41
crime:0.40975
psychiatry:0.409
grindhouse:0.4025
great:0.3985
catastrophe:0.398
claustrophobic:0.393
mentor:0.39275
breathtaking:0.39225
twist:0.39125
masterpiece:0.38575
colourful:0.3855
guilt:0.38325
storytelling:0.381
talky:0.3795
erotic:0.3785
visually stunning:0.3775
gory:0.3735
visually appealing:0.3735
brutal:0.3665
meditative:0.366
hit men:0.365
mad scientist:0.363
eccentricity:0.35925
surreal:0.357
artist:0.35425
photography:0.35025
bleak:0.34825
