comedy:0.9655
pornography:0.918
sex:0.8715
funny:0.771
product placement:0.75325
predictable:0.75175
so bad it's funny:0.7385
crude humor:0.7365
sex comedy:0.7165
sexual:0.67375
stupid:0.666
original:0.63175
pg-13:0.61475
teen movie:0.61275
silly:0.58525
hilarious:0.58425
sexy:0.5675
catastrophe:0.56125
horrible:0.55825
pointless:0.54675
dumb but funny:0.53075
ridiculous:0.47775
bad plot:0.46275
absurd:0.4625
stupidity:0.45325
very funny:0.45125
teen:0.4435
unfunny:0.43775
stupid as hell:0.43675
silly fun:0.43175
weed:0.4195
dialogue:0.41675
midlife crisis:0.40775
better than expected:0.40475
buddy movie:0.3995
internet:0.3965
plot holes:0.395
slapstick:0.38975
disaster:0.3895
family:0.36425
great ending:0.36025
teens:0.359
natural disaster:0.35675
unlikeable characters:0.35
first contact:0.3485
mentor:0.34825
nudity (topless - notable):0.342
drugs:0.3355
writers:0.3345
humorous:0.32775
big budget:0.3265
fantasy world:0.3265
romantic comedy:0.32625
bad cgi:0.318
too long:0.314
awful:0.312
waste of time:0.308
unrealistic:0.30725
amy smart:0.30325
based on a book:0.29775
road trip:0.296
lame:0.2935
greed:0.28875
adaptation:0.28825
overrated:0.28625
adventure:0.28575
male nudity:0.2855
erotic:0.281
weapons:0.28075
stereotypes:0.27925
story:0.2775
great:0.27625
technology:0.27625
melancholic:0.276
bad acting:0.27475
dumb:0.274
fashion:0.274
bdsm:0.274
life philosophy:0.272
idiotic:0.271
parenthood:0.27075
brutality:0.26675
entirely dialogue:0.26675
chase:0.26475
dysfunctional family:0.2645
watch the credits:0.26375
plot:0.26075
shallow:0.25925
happy ending:0.256
runaway:0.2535
hard to watch:0.25325
police investigation:0.246
weird:0.24425
destiny:0.2425
fight scenes:0.238
girlie movie:0.23675
drinking:0.23575
lone hero:0.23275
tricky:0.232
boring:0.22825
