alien:0.98425
aliens:0.852
quirky:0.8235
allegory:0.79375
independent film:0.74675
new york city:0.6835
sci-fi:0.664
segregation:0.6605
homeless:0.6445
original:0.642
cult film:0.605
dialogue:0.55325
social commentary:0.542
science fiction:0.5305
weird:0.51625
loneliness:0.512
cult classic:0.512
character study:0.50775
indie:0.50175
writers:0.4945
great:0.48725
off-beat comedy:0.48325
good soundtrack:0.4785
surveillance:0.4775
suprisingly clever:0.47525
runaway:0.47
entirely dialogue:0.4625
enigmatic:0.4565
low budget:0.4525
good dialogue:0.4485
drug abuse:0.447
utopia:0.445
great ending:0.44125
greed:0.4405
crime gone awry:0.4395
storytelling:0.439
existentialism:0.438
catastrophe:0.43425
sci fi:0.43325
life philosophy:0.4145
mentor:0.413
melancholic:0.4
drinking:0.3915
black comedy:0.383
very interesting:0.382
criterion:0.37575
talky:0.372
race issues:0.37025
ironic:0.36125
humanity:0.36
ethnic conflict:0.3505
golden palm:0.3505
eccentricity:0.34575
first contact:0.34325
cinematography:0.3325
absurd:0.3315
solitude:0.3305
gangsters:0.3275
unusual plot structure:0.32725
immigrants:0.32125
not funny:0.31825
culture clash:0.312
clever:0.30775
gunfight:0.30625
alien invasion:0.3045
life & death:0.3005
satirical:0.2945
quotable:0.28475
drugs:0.283
downbeat:0.28225
thought-provoking:0.2815
good:0.2805
irish accent:0.273
cerebral:0.27025
oscar (best directing):0.26875
coen bros:0.2595
creativity:0.25425
1980s:0.2515
alternate endings:0.24825
redemption:0.244
witty:0.24025
stereotypes:0.23975
complex:0.23675
self discovery:0.23425
1970s:0.23325
destiny:0.23325
brutality:0.23275
affectionate:0.23175
beautiful scenery:0.231
adaptation:0.231
very funny:0.231
reflective:0.23075
humorous:0.23
lone hero:0.2275
grindhouse:0.2245
strange:0.2225
spying:0.2195
scifi:0.21875
light:0.2185
harsh:0.2165
