world war ii:0.9995
wwii:0.99075
wartime:0.9825
best war films:0.95375
island:0.84725
japan:0.776
war:0.76825
japanese:0.757
forceful:0.7405
propaganda:0.6905
historical:0.67825
ensemble cast:0.67475
sacrifice:0.6665
bombs:0.66
original:0.64575
weapons:0.626
great ending:0.625
fighting:0.62375
war movie:0.61725
idealism:0.617
dialogue:0.5985
unusual plot structure:0.59525
story:0.58
tricky:0.55675
ethnic conflict:0.55675
submarine:0.545
tense:0.5315
fight scenes:0.527
action:0.5045
family drama:0.49975
harsh:0.49575
drinking:0.491
survival:0.48325
runaway:0.47825
courage:0.468
dramatic:0.4675
brutal:0.4585
beautiful scenery:0.45425
betrayal:0.45125
action packed:0.4505
tragedy:0.4455
brutality:0.44
narrated:0.4385
bloody:0.43675
mentor:0.4335
catastrophe:0.42925
germany:0.42125
based on book:0.42125
based on a book:0.42025
atmospheric:0.419
german:0.41525
criterion:0.4135
oscar (best supporting actor):0.409
violent:0.3965
history:0.38775
politics:0.38725
transformation:0.38575
complex:0.37975
nazis:0.37875
imdb top 250:0.371
based on true story:0.3705
gunfight:0.3685
us history:0.368
jungle:0.36475
foreign:0.36225
author:neil gaiman:0.35925
vengeance:0.3535
bleak:0.34875
morality:0.34475
world war i:0.34425
visceral:0.34125
suspenseful:0.334
allegory:0.333
visual:0.331
redemption:0.33
police investigation:0.326
realistic:0.32325
crime gone awry:0.32175
manipulation:0.3205
anti-hero:0.3195
suprisingly clever:0.319
good dialogue:0.318
not funny:0.3165
black and white:0.31575
silent:0.315
brainwashing:0.3145
awesome soundtrack:0.31225
revenge:0.3095
stylized:0.3095
gritty:0.3085
camp:0.30725
original plot:0.3015
death:0.30125
irish:0.297
oscar (best supporting actress):0.29475
apocalypse:0.294
excellent:0.28975
chase:0.289
cinematography:0.28775
special effects:0.28625
