pornography:0.982
sexual:0.98
nudity (topless - notable):0.979
erotic:0.973
sexy:0.9705
sex:0.96075
nudity (topless):0.85325
murder:0.83025
predictable:0.7635
bad plot:0.759
lawyers:0.70375
notable nudity:0.7015
original:0.69275
nudity:0.68975
sexuality:0.65775
idiotic:0.65425
police investigation:0.61875
courtroom:0.615
nudity (full frontal - brief):0.61075
sexualized violence:0.61025
nudity (full frontal - notable):0.60975
so bad it's funny:0.595
nudity (rear):0.5945
pointless:0.59375
great ending:0.591
lawyer:0.587
controversial:0.586
overrated:0.568
horrible:0.54675
surprise ending:0.545
death:0.52175
camp:0.51325
girlie movie:0.513
bad acting:0.5075
bdsm:0.4945
dialogue:0.492
disaster:0.48825
mentor:0.48
lame:0.4715
catastrophe:0.47025
bad:0.466
internet:0.46075
suspense:0.4475
passionate:0.4295
first contact:0.40975
manipulation:0.403
destiny:0.402
betrayal:0.39975
brutality:0.39175
twist ending:0.39075
life philosophy:0.38075
fantasy world:0.379
intense:0.379
entirely dialogue:0.3755
weapons:0.375
fantasy:0.3725
silly:0.364
adaptation:0.3595
greed:0.35775
courtroom drama:0.357
stupid:0.3545
not funny:0.3545
boring:0.35175
corruption:0.35125
relationships:0.34875
unfunny:0.34675
unusual plot structure:0.32925
doctors:0.3285
twist:0.3245
violence:0.32375
family:0.3235
natural disaster:0.32025
awful:0.31925
censorship:0.31925
runaway:0.3175
books:0.3145
remake:0.314
ridiculous:0.31325
twists & turns:0.313
shallow:0.2995
nudity (full frontal):0.29825
cult film:0.2955
teen movie:0.29375
good:0.291
great acting:0.29025
police corruption:0.28675
justice:0.2835
very interesting:0.28025
writers:0.27875
good soundtrack:0.2775
franchise:0.27725
redemption:0.27675
thriller:0.27675
pg-13:0.276
vengeance:0.27575
dysfunctional family:0.2735
quirky:0.27075
storytelling:0.2705
chase:0.269
melancholic:0.26625
