beer:0.98075
funniest movies:0.98
comedy:0.93775
dumb:0.9235
saturday night live:0.90825
goofy:0.9025
hilarious:0.89725
quotable:0.886
cult classic:0.88
funny:0.879
drinking:0.87025
stupidity:0.85675
based on a tv show:0.84175
original:0.787
very funny:0.7745
weird:0.77375
great movie:0.7585
classic:0.74775
stupid:0.74625
dialogue:0.72225
silly:0.716
humorous:0.713
silly fun:0.7125
great:0.70975
canada:0.68675
sci fi:0.68475
suprisingly clever:0.67825
mad scientist:0.66725
chase:0.6525
brothers:0.65025
rebellion:0.644
satire:0.6415
great ending:0.63925
clever:0.63225
humor:0.6305
off-beat comedy:0.63
highly quotable:0.6255
storytelling:0.608
dumb but funny:0.6045
fun movie:0.601
stereotypes:0.5925
scifi:0.58775
parody:0.57275
funny as hell:0.5615
visually appealing:0.54325
adventure:0.53625
visual:0.5345
talky:0.5335
crude humor:0.528
cult:0.525
complex:0.52125
pg-13:0.51825
visually stunning:0.5175
buddy movie:0.51575
cult film:0.5145
original plot:0.5115
absurd:0.509
science fiction:0.50875
cerebral:0.4995
idiotic:0.495
story:0.49475
sarcasm:0.493
good soundtrack:0.491
light:0.4895
spoof:0.4885
fantasy world:0.4805
satirical:0.4765
social commentary:0.47275
slackers:0.46325
stoner movie:0.46275
catastrophe:0.45775
imdb top 250:0.45225
special effects:0.45125
technology:0.4445
redemption:0.44025
mentor:0.4385
culture clash:0.43125
unusual plot structure:0.43125
plot:0.42475
entirely dialogue:0.41975
brainwashing:0.419
awesome soundtrack:0.417
cool:0.4165
hillarious:0.41275
interesting:0.40875
so bad it's funny:0.4085
1980s:0.4055
mutants:0.405
adaptation:0.4015
road trip:0.40125
life philosophy:0.399
fun:0.39625
first contact:0.38875
slapstick:0.38425
conspiracy:0.38225
melancholic:0.37975
nerds:0.37925
enigmatic:0.37525
adapted from:book:0.37375
franchise:0.373
