surprise ending:0.99025
twist ending:0.98525
great ending:0.92175
plot twist:0.916
twist:0.9055
secrets:0.891
blindness:0.875
suspense:0.8705
idiotic:0.84725
storytelling:0.82925
original:0.81425
twists & turns:0.8045
psychological:0.77525
social commentary:0.76075
supernatural:0.72525
pg-13:0.72
plot holes:0.715
interesting:0.71175
good soundtrack:0.70575
suspenseful:0.70425
thought-provoking:0.68825
visually appealing:0.6785
alternate endings:0.677
utopia:0.66825
better than expected:0.66475
story:0.66275
dialogue:0.66225
weird:0.66125
catastrophe:0.661
plot:0.6585
love story:0.65225
bad ending:0.65175
small town:0.65
thriller:0.647
isolation:0.64375
first contact:0.6305
good:0.6295
good acting:0.624
mystery:0.61625
allegory:0.60275
predictable:0.5835
clever:0.58125
scary:0.58075
cinematography:0.5655
atmospheric:0.56025
great acting:0.5275
destiny:0.5265
mindfuck:0.5255
romantic:0.52325
visually stunning:0.517
big budget:0.51675
paranoia:0.50775
creativity:0.501
eerie:0.49825
special:0.49625
cult:0.49625
psychology:0.4915
so bad it's funny:0.4875
shallow:0.48225
ominous:0.47875
original plot:0.47425
creepy:0.468
cerebral:0.4655
fantasy world:0.46125
great:0.461
enigmatic:0.45875
life philosophy:0.4585
tense:0.45375
parallel universe:0.4525
greed:0.43925
stupidity:0.42725
intellectual:0.42575
mentor:0.421
happy ending:0.42075
complex:0.41775
horror:0.41575
alien:0.41125
very interesting:0.409
bad acting:0.40375
fairy tale:0.40025
good story:0.3995
intense:0.3955
horrible:0.3955
excellent script:0.3955
disappointing:0.39425
sad but good:0.394
claustrophobic:0.39125
boring!:0.38725
beautiful scenery:0.38175
survival:0.38075
pointless:0.38025
awful:0.37925
entirely dialogue:0.37725
stylized:0.3765
imagination:0.37475
confusing:0.3735
disability:0.36825
drama:0.365
exceptional acting:0.36475
reflective:0.36375
