epic:0.96725
cinematography:0.91625
historical:0.9105
fight scenes:0.8895
long:0.88675
martial arts:0.85375
scenic:0.8425
fighting:0.82275
china:0.82
kung fu:0.81175
breathtaking:0.802
beautifully filmed:0.79175
violence:0.77375
desert:0.765
action:0.75475
bloody:0.753
medieval:0.753
brutality:0.7455
original:0.722
stunning:0.71975
dramatic:0.71775
visually appealing:0.70675
courage:0.69975
good soundtrack:0.6945
weapons:0.69325
vengeance:0.692
history:0.68825
war:0.67375
great cinematography:0.65925
drama:0.65475
betrayal:0.639
oscar (best foreign language film):0.636
beautiful scenery:0.6335
sacrifice:0.625
sword fight:0.625
visual:0.6145
social commentary:0.61175
visually stunning:0.611
brutal:0.60075
violent:0.5995
love story:0.5915
good:0.589
us history:0.5815
dialogue:0.57475
great:0.57175
survival:0.569
sword fighting:0.56675
culture clash:0.548
light:0.54625
visceral:0.54325
best war films:0.533
period piece:0.53025
war movie:0.52825
realistic:0.522
catastrophe:0.52
passionate:0.51875
gory:0.51825
stylized:0.5165
japan:0.50875
transformation:0.5055
harsh:0.4965
exceptional acting:0.4955
oscar (best cinematography):0.492
civil war:0.4725
life philosophy:0.4705
good acting:0.4705
storytelling:0.464
sexualized violence:0.46375
great ending:0.4625
revolution:0.46125
entirely dialogue:0.4585
costume drama:0.4565
story:0.45425
allegory:0.44875
pg-13:0.44225
mentor:0.44075
talky:0.44
cool:0.434
stereotypes:0.43225
better than expected:0.43225
oscar (best directing):0.42925
narrated:0.428
redemption:0.42475
hong kong:0.42425
freedom:0.4205
samurai:0.42025
foreign:0.41525
blood:0.415
awesome soundtrack:0.412
shallow:0.41025
sentimental:0.407
poland:0.4065
criterion:0.403
wuxia:0.399
forceful:0.39675
fantasy world:0.39225
imdb top 250:0.39225
great movie:0.38925
honest:0.3885
prejudice:0.385
