horror:0.98625
slasher:0.98575
fake documentary:0.94675
dark humor:0.937
serial killer:0.937
mockumentary:0.92925
original:0.92025
splatter:0.88825
scary:0.866
halloween:0.83675
fun movie:0.815
satire:0.775
mentor:0.7295
cult classic:0.72375
parody:0.71725
gory:0.64725
great:0.636
low budget:0.6205
teens:0.61825
cult:0.59325
great ending:0.58775
stereotypes:0.55425
clever:0.52475
spoof:0.52175
social commentary:0.512
satirical:0.50575
witches:0.49175
weird:0.473
weapons:0.471
fun:0.4705
life philosophy:0.4705
movielens top pick:0.469
witty:0.4675
drinking:0.4665
good soundtrack:0.46425
humorous:0.46125
murder:0.4585
comedy:0.4555
dialogue:0.44075
monster:0.4345
transformation:0.434
macabre:0.4245
dark comedy:0.41975
creepy:0.41125
catastrophe:0.41
adaptation:0.3955
suspenseful:0.39025
small town:0.3865
cult film:0.385
nudity (topless - brief):0.385
creativity:0.38425
great movie:0.38325
black comedy:0.382
chase:0.38
brutality:0.374
humor:0.3705
nudity (full frontal - brief):0.369
funny:0.36825
segregation:0.36725
bloody:0.36375
twist ending:0.3565
police investigation:0.35575
criterion:0.35525
documentary:0.353
narrated:0.3515
very interesting:0.351
culture clash:0.34125
watch the credits:0.336
goofy:0.333
predictable:0.33275
atmospheric:0.3295
talky:0.32625
obsession:0.32325
censorship:0.3215
grindhouse:0.3155
quotable:0.312
monsters:0.307
storytelling:0.30625
runaway:0.30575
bad ending:0.304
reality tv:0.30325
finnish:0.302
honest:0.30075
twists & turns:0.3005
very funny:0.29975
depression:0.2885
absurd:0.28825
good:0.286
death:0.2845
doctors:0.27775
hilarious:0.27675
fantasy world:0.27525
quirky:0.275
plot twist:0.273
biting:0.27075
twist:0.27075
nocturnal:0.2705
gunfight:0.27
goretastic:0.26925
spiders:0.266
