space:0.9965
space travel:0.9885
alien:0.9875
aliens:0.98425
sci-fi:0.98125
adventure:0.9695
scifi:0.9615
sci fi:0.93125
dreams:0.92575
science fiction:0.9015
childhood:0.88625
imagination:0.872
first contact:0.8155
kids:0.802
fun movie:0.7855
weird:0.7775
great:0.7735
nostalgic:0.7445
80s:0.741
original:0.7065
fantasy:0.702
astronauts:0.68925
visually stunning:0.687
fantasy world:0.65325
special effects:0.65325
great movie:0.6495
alien invasion:0.646
storytelling:0.6405
feel-good:0.63725
good:0.62825
great ending:0.61625
excellent script:0.61525
mentor:0.609
unlikely friendships:0.5945
geek:0.591
catastrophe:0.57425
teen:0.56725
teen movie:0.5665
fun:0.56375
technology:0.55075
creativity:0.5425
adolescence:0.54125
friendship:0.53775
scifi cult:0.531
bullying:0.5305
science:0.522
mars:0.5155
existentialism:0.5125
destiny:0.5
great acting:0.49525
silly:0.494
good soundtrack:0.49275
70mm:0.4905
story:0.489
children:0.48075
cerebral:0.4755
talky:0.47375
1980s:0.473
cult film:0.469
enigmatic:0.4635
underrated:0.4565
dialogue:0.4555
unusual plot structure:0.4545
surreal:0.45425
transformation:0.4495
space opera:0.442
allegory:0.4395
computers:0.43725
feel good movie:0.426
parallel universe:0.42125
visually appealing:0.41825
light:0.4165
cool:0.41
very interesting:0.40875
whimsical:0.40475
plot:0.3955
period piece:0.39275
not funny:0.38875
so bad it's funny:0.3875
visual:0.3835
thought-provoking:0.381
interesting:0.38075
natural disaster:0.38025
colourful:0.37475
island:0.37325
geeks:0.36375
nerds:0.36075
clever:0.357
space program:0.35225
cinematography:0.3495
criterion:0.34875
special:0.347
loneliness:0.347
pg-13:0.34625
quirky:0.3445
complex:0.337
culture clash:0.33325
exciting:0.33325
family:0.32875
good acting:0.3275
