horror:0.9515
splatter:0.9355
creepy:0.902
cult classic:0.9005
low budget:0.88475
original:0.8735
doctors:0.85275
monster:0.81925
weird:0.79575
parenthood:0.78
monsters:0.7495
hospital:0.7315
gory:0.711
cult film:0.70475
cult:0.667
bloody:0.6585
scary:0.62925
blood:0.614
effects:0.6125
grindhouse:0.57625
goofy:0.5675
ominous:0.56
camp:0.55875
mad scientist:0.54725
great ending:0.5425
family:0.5295
tense:0.527
nudity (full frontal - notable):0.5215
visceral:0.51425
nudity (topless - notable):0.5075
silly:0.472
psychological:0.46925
suspense:0.46725
brutality:0.466
special effects:0.4595
stylized:0.4365
disturbing:0.436
overrated:0.42425
transformation:0.424
campy:0.42375
dark:0.42025
suspenseful:0.413
catastrophe:0.407
atmospheric:0.3985
eerie:0.39425
predictable:0.39425
quirky:0.38525
insanity:0.3725
hunting:0.369
gore:0.3675
demons:0.366
dialogue:0.3655
story:0.3605
police investigation:0.3585
mentor:0.35775
80s:0.35075
fantasy world:0.3505
paranoia:0.34225
chase:0.3415
criterion:0.341
dreamlike:0.33675
not funny:0.333
imdb top 250:0.33175
paranoid:0.33125
weapons:0.32775
greed:0.327
adaptation:0.324
so bad it's funny:0.32275
violence:0.32225
storytelling:0.31825
satirical:0.3155
zombie:0.314
drugs:0.3135
melancholic:0.302
enigmatic:0.29975
first contact:0.29475
strange:0.2935
loneliness:0.293
puppets:0.2925
multiple storylines:0.2915
sci fi:0.2905
dysfunctional family:0.29
clever:0.28925
gruesome:0.287
slasher:0.2865
serial killer:0.28575
visually appealing:0.27725
grim:0.275
adapted from:book:0.27475
lone hero:0.2745
social commentary:0.27375
good soundtrack:0.273
light:0.26975
frightening:0.26925
fun:0.26775
nudity (full frontal):0.26675
fight scenes:0.26675
runaway:0.26575
writers:0.26475
murder:0.258
