australia:0.98
australian:0.97175
social commentary:0.96275
comedy:0.93125
narrated:0.9265
feel-good:0.866
funny:0.847
humorous:0.80475
feel good movie:0.77475
very funny:0.74225
original:0.741
heartwarming:0.7345
quirky:0.71875
hilarious:0.718
family:0.718
quotable:0.6725
affectionate:0.6685
eccentricity:0.65925
humor:0.64625
greed:0.64
dysfunctional family:0.61025
off-beat comedy:0.60625
satire:0.59875
justice:0.59675
dialogue:0.59025
culture clash:0.57475
funniest movies:0.5735
storytelling:0.56875
clever:0.56225
pg-13:0.554
satirical:0.5515
life philosophy:0.535
talky:0.533
great:0.53075
destiny:0.51875
great acting:0.5155
goofy:0.511
sarcasm:0.5035
suprisingly clever:0.50325
cult film:0.503
beautiful scenery:0.5025
low budget:0.49075
family drama:0.48725
reflective:0.487
absurd:0.48625
excellent script:0.4845
witty:0.48275
independent film:0.478
good acting:0.47775
bittersweet:0.471
working class:0.465
touching:0.461
great ending:0.4595
gratuitous violence:0.4535
catastrophe:0.45275
stereotypes:0.44775
crude humor:0.4415
suburbia:0.436
good soundtrack:0.436
honest:0.43175
story:0.426
adaptation:0.424
mentor:0.4225
foreign:0.42
entirely dialogue:0.41475
light:0.41225
life:0.41125
great movie:0.40875
family bonds:0.4075
simple:0.39975
love:0.3985
weird:0.39825
brothers:0.39625
parenthood:0.39125
good:0.38975
solitude:0.38725
highly quotable:0.38275
sentimental:0.3825
dark humor:0.38025
cult classic:0.37825
based on book:0.377
imdb top 250:0.372
race issues:0.37025
criterion:0.36875
movielens top pick:0.36675
exceptional acting:0.36375
prejudice:0.358
idealism:0.3575
dramatic:0.3565
secrets:0.3545
redemption:0.3525
unfunny:0.34825
small town:0.337
ethnic conflict:0.337
courage:0.33575
life & death:0.3295
adapted from:book:0.32875
adoption:0.328
poignant:0.328
loneliness:0.32775
