oscar (best supporting actress):0.9305
criterion:0.9285
obsession:0.912
oil:0.884
dysfunctional family:0.79075
drinking:0.75125
cinematography:0.70775
sexual:0.67125
talky:0.6655
intimate:0.6525
grindhouse:0.64475
runaway:0.643
masterpiece:0.64275
original:0.63925
oscar (best actress):0.63025
tense:0.62675
forceful:0.61625
passionate:0.6145
enigmatic:0.61075
unusual plot structure:0.60475
stylized:0.59875
sexy:0.5955
manipulation:0.594
greed:0.58975
quirky:0.58475
tragedy:0.56475
loneliness:0.561
insanity:0.55225
secrets:0.538
nocturnal:0.537
visceral:0.53125
downbeat:0.52875
grim:0.5215
entirely dialogue:0.4985
dialogue:0.4965
betrayal:0.489
nudity (full frontal - notable):0.486
1950s:0.4835
reflective:0.47375
ironic:0.4705
affectionate:0.46225
oscar:0.45775
storytelling:0.4575
atmospheric:0.45675
melancholic:0.454
melancholy:0.45175
crime gone awry:0.4515
biting:0.44825
sisters:0.44275
adaptation:0.441
texas:0.43525
harsh:0.43475
love:0.4315
weird:0.419
satirical:0.418
drama:0.41525
assassination:0.4145
culture clash:0.4125
golden palm:0.4035
catastrophe:0.40075
cynical:0.3935
breathtaking:0.3805
cerebral:0.37925
black and white:0.37875
eccentricity:0.3655
relationships:0.36375
classic:0.362
stylish:0.3605
transformation:0.3595
social commentary:0.359
murder:0.35825
marriage:0.35425
dramatic:0.34975
incest:0.348
bleak:0.34725
imdb top 250:0.345
suprisingly clever:0.34275
hotel:0.34025
opera:0.336
visual:0.335
adapted from:book:0.335
not funny:0.332
brutality:0.32925
classic car:0.32675
visually appealing:0.32525
perfect:0.32225
oscar (best directing):0.32025
good soundtrack:0.31675
mentor:0.31625
character study:0.31075
great ending:0.30475
vengeance:0.30475
police investigation:0.30375
disturbing:0.3
adultery:0.29875
art house:0.29775
great:0.29675
long:0.29625
anti-hero:0.2925
bloody:0.29075
