treasure hunt:0.9995
adventure:0.99675
romance:0.98975
jungle:0.9775
treasure:0.97375
action:0.953
romantic:0.9495
good action:0.944
chase:0.928
chick flick:0.9125
fun movie:0.8935
swashbuckler:0.8925
indiana jones:0.89125
fun:0.87475
romantic comedy:0.867
love story:0.8635
comedy:0.86125
silly fun:0.854
fast paced:0.852
80s:0.828
1980s:0.80675
beautiful scenery:0.7925
action packed:0.791
good:0.78975
exciting:0.7765
original:0.762
great movie:0.76025
great:0.75825
entertaining:0.7305
girlie movie:0.73025
based on book:0.7065
destiny:0.6765
south america:0.67175
light:0.67125
mythology:0.6675
good romantic comedies:0.65975
oscar (best effects - visual effects):0.65825
big budget:0.6395
cool:0.639
classic:0.6345
silly:0.631
special effects:0.62875
humorous:0.625
mentor:0.61625
happy ending:0.61475
lone hero:0.5995
story:0.599
fantasy:0.58825
funny:0.58325
runaway:0.58075
sweet:0.58
family:0.576
sexy:0.5615
scenic:0.54675
humor:0.54525
transformation:0.5425
oscar winner:0.5425
suspense:0.537
oscar (best actress):0.53425
based on a book:0.53
feel-good:0.52975
catastrophe:0.5275
sword fight:0.52525
excellent:0.5175
pg-13:0.5145
dialogue:0.50775
great ending:0.499
fight scenes:0.4985
quotable:0.49825
culture clash:0.4905
nostalgic:0.48425
kids:0.4825
stranded:0.48225
original plot:0.47475
goofy:0.4665
saturn award (best special effects):0.45925
passionate:0.4565
intense:0.4555
wilderness:0.454
predictable:0.4505
good sequel:0.44725
childhood:0.4425
future:0.44225
good versus evil:0.44175
plot:0.4375
adaptation:0.43275
clever:0.4265
witty:0.42375
feel good movie:0.422
secrets:0.42125
books:0.41725
fantasy world:0.41525
very funny:0.4125
survival:0.4085
drama:0.40525
kidnapping:0.4005
oscar (best supporting actress):0.39125
vengeance:0.39025
breathtaking:0.38625
travel:0.38575
