loneliness:0.8455
intimate:0.8315
original:0.78625
romance:0.74875
foreign:0.748
bittersweet:0.74
italian:0.72025
feel-good:0.72
relationships:0.71475
family bonds:0.691
heartwarming:0.66725
life philosophy:0.663
weird:0.653
feel good movie:0.60775
melancholic:0.59475
italy:0.57
whimsical:0.5695
criterion:0.5645
romantic:0.557
social commentary:0.54675
storytelling:0.538
small town:0.53175
good soundtrack:0.50575
existentialism:0.5025
visually appealing:0.496
dialogue:0.48975
stereotypes:0.48175
life & death:0.481
terminal illness:0.46825
love story:0.4675
independent film:0.45225
bleak:0.45075
very interesting:0.449
light:0.44525
beautiful scenery:0.44325
quirky:0.4405
affectionate:0.439
golden palm:0.43775
friendship:0.435
honest:0.431
love:0.42275
entirely dialogue:0.41925
multiple storylines:0.41775
off-beat comedy:0.412
cathartic:0.406
reflective:0.40575
great ending:0.40425
talky:0.404
catastrophe:0.4035
mentor:0.39725
destiny:0.39325
grindhouse:0.38725
unusual plot structure:0.3845
redemption:0.38425
sweet:0.38275
happy ending:0.3755
clever:0.374
harsh:0.3695
unlikely friendships:0.36275
indie:0.362
eccentricity:0.361
melancholy:0.3535
death:0.3525
hotel:0.352
tragedy:0.3425
story:0.3335
stylized:0.3305
passionate:0.32975
not funny:0.32925
touching:0.3275
ensemble cast:0.326
cerebral:0.325
poignant:0.3225
romantic comedy:0.3215
imdb top 250:0.319
cult film:0.314
nudity (full frontal - notable):0.3135
complex characters:0.30975
drama:0.309
enigmatic:0.30825
original plot:0.3055
suprisingly clever:0.30375
great:0.30375
solitude:0.30325
allegory:0.303
complex:0.2995
great acting:0.2965
depression:0.29575
good:0.2955
very funny:0.29275
realistic:0.29175
nonlinear:0.29
witty:0.28975
emotional:0.28775
downbeat:0.2855
creativity:0.283
finnish:0.282
rebellion:0.28025
nocturnal:0.28
transformation:0.277
