marijuana:0.9695
drugs:0.96825
golden palm:0.9605
social commentary:0.9585
road movie:0.9545
road trip:0.94375
freedom:0.91825
awesome soundtrack:0.8805
stoner movie:0.8265
motorcycle:0.80475
good soundtrack:0.8015
criterion:0.79775
drug abuse:0.79725
reflective:0.76125
independent film:0.7565
loneliness:0.752
culture clash:0.7465
original:0.7465
rebellion:0.745
cult classic:0.74125
classic:0.7305
nudity (topless - brief):0.7085
weed:0.6965
enigmatic:0.692
talky:0.6825
powerful ending:0.67925
cinematography:0.66625
harsh:0.66525
california:0.66
drinking:0.6595
greed:0.6565
dialogue:0.65575
oscar (best directing):0.65325
addiction:0.65325
drug addiction:0.65225
interesting:0.6455
exceptional acting:0.63025
narrated:0.62875
imdb top 250:0.62775
great ending:0.61875
downbeat:0.6155
visceral:0.61175
existentialism:0.6115
great soundtrack:0.60875
psychedelic:0.60875
runaway:0.60825
violence:0.598
great acting:0.59775
weird:0.59325
idealism:0.5905
pornography:0.586
prejudice:0.585
violent:0.583
1960s:0.58125
rock and roll:0.575
stereotypes:0.55425
quirky:0.5485
new orleans:0.53775
gritty:0.53775
pointless:0.52875
small town:0.5245
good music:0.523
honest:0.522
brutality:0.515
paranoid:0.513
bleak:0.51025
very interesting:0.4895
highly quotable:0.4875
gangs:0.485
music:0.483
corruption:0.4815
character study:0.4805
suburbia:0.47775
surreal:0.4685
crime gone awry:0.46675
irreverent:0.46475
segregation:0.46325
masterpiece:0.4605
cult film:0.45625
camp:0.45625
atmospheric:0.455
melancholic:0.453
great:0.45175
gunfight:0.4515
life philosophy:0.4515
entirely dialogue:0.4505
depression:0.45
nudity (full frontal - notable):0.449
quotable:0.4455
storytelling:0.44475
intimate:0.438
nudity (full frontal - brief):0.436
notable soundtrack:0.43425
artistic:0.4335
destiny:0.43075
catastrophe:0.4295
mentor:0.429
disturbing:0.4285
pretentious:0.427
censorship:0.4235
