remake:0.91775
ghosts:0.88575
original:0.88
visually appealing:0.853
comedy:0.805
women:0.77575
stereotypes:0.7725
pg-13:0.70425
goofy:0.66725
modern fantasy:0.62875
original plot:0.61925
queer:0.60425
fun:0.60125
silly fun:0.595
mentor:0.5935
good:0.58975
dialogue:0.5845
franchise:0.576
product placement:0.574
funny:0.55875
fun movie:0.55225
special effects:0.53275
family:0.52775
predictable:0.52625
dumb but funny:0.52
girlie movie:0.515
catastrophe:0.5115
destiny:0.49075
teen movie:0.48775
prejudice:0.48525
great ending:0.482
good soundtrack:0.47475
action:0.46675
suspense:0.46075
feel-good:0.4595
internet:0.457
pointless:0.4415
absurd:0.43975
awful:0.43825
childhood:0.43575
visually stunning:0.4325
very funny:0.42825
unfunny:0.4255
light:0.4245
social commentary:0.4205
friendship:0.42
sequel:0.419
culture clash:0.41375
silly:0.41
shallow:0.4075
justice:0.404
horrible:0.39925
runaway:0.39825
weird:0.39575
nerds:0.3935
pornography:0.39275
entertaining:0.3875
adaptation:0.384
relationships:0.38325
bad plot:0.38175
plot:0.3785
quirky:0.37825
crude humor:0.36625
storytelling:0.3655
fight scenes:0.3655
fantasy world:0.365
stylized:0.36025
bad acting:0.35925
story:0.353
supernatural:0.349
weapons:0.3475
humor:0.3445
life philosophy:0.34325
feel good movie:0.3415
great:0.33975
redemption:0.33975
mad scientist:0.3375
bad ending:0.335
segregation:0.3325
imdb top 250:0.32975
propaganda:0.327
sad but good:0.3265
nostalgic:0.3255
humorous:0.32425
cgi:0.324
betrayal:0.324
melancholic:0.31575
excellent script:0.315
bad:0.3105
adapted from:book:0.30825
clever:0.30675
vengeance:0.30525
sequels:0.30425
survival:0.30375
life & death:0.30225
funny as hell:0.30125
greed:0.298
watch the credits:0.29175
hilarious:0.29125
slapstick:0.2895
