world war ii:0.9805
nazis:0.96975
wwii:0.963
treasure hunt:0.95925
art:0.90225
wartime:0.89375
true story:0.857
germany:0.8305
based on a true story:0.82975
military:0.80925
nazi:0.8065
story:0.789
pg-13:0.78875
dramatic:0.781
sacrifice:0.78
history:0.77375
jews:0.7645
based on true story:0.7545
war:0.75225
historical:0.7495
ensemble cast:0.739
based on a book:0.713
original:0.68875
us history:0.68775
survival:0.678
action:0.66675
catastrophe:0.664
dialogue:0.65875
best war films:0.655
plot:0.64225
artistic:0.605
courage:0.58675
predictable:0.577
propaganda:0.57575
adventure:0.549
big budget:0.5295
drama:0.52875
storytelling:0.512
poland:0.511
good soundtrack:0.506
genocide:0.50125
betrayal:0.49175
mentor:0.486
brutality:0.4755
adapted from:book:0.47525
politics:0.472
death:0.46525
great ending:0.46325
intense:0.45275
based on book:0.4475
entertaining:0.4385
absurd:0.437
war movie:0.43175
good:0.4275
great:0.4245
better than expected:0.424
sentimental:0.41275
culture clash:0.41
runaway:0.4085
melancholic:0.4055
destiny:0.405
bad plot:0.399
redemption:0.39525
sad but good:0.39225
stereotypes:0.3915
end of the world:0.389
so bad it's funny:0.3825
special effects:0.37925
greed:0.3705
camp:0.36925
not funny:0.368
adaptation:0.36725
suspense:0.3645
justice:0.3555
caper:0.3535
emotional:0.35325
crude humor:0.34425
oscar winner:0.34025
alternate history:0.335
bombs:0.33325
unfunny:0.3325
fantasy world:0.3305
whimsical:0.33
visually appealing:0.32925
weapons:0.3275
heist:0.32575
script:0.32575
enormously long battle scene:0.3255
happy ending:0.32375
fascism:0.32325
israel:0.322
german:0.32025
feel-good:0.31975
sad:0.3195
inspirational:0.319
torture:0.315
doctors:0.31425
artist:0.313
anti-semitism:0.31075
life & death:0.3095
