lynch:0.992
surreal:0.9875
weird:0.98325
surrealism:0.94025
dreamlike:0.92175
enigmatic:0.9145
hallucinatory:0.8865
art house:0.8815
non-linear:0.87725
confusing:0.86875
strange:0.8425
cerebral:0.811
meditative:0.802
existentialism:0.772
visually appealing:0.75825
dreams:0.7505
bizarre:0.71875
mindfuck:0.70625
cinematography:0.6915
pornography:0.6665
dark:0.66425
absurd:0.66275
pretentious:0.65375
insanity:0.6505
nonlinear:0.6485
golden palm:0.641
visceral:0.6375
criterion:0.62775
visual:0.6245
artistic:0.612
original:0.60975
disturbing:0.605
art:0.59975
obsession:0.5975
artsy:0.5785
atmospheric:0.558
storytelling:0.55175
psychological:0.5425
life philosophy:0.52925
masterpiece:0.525
nocturnal:0.513
loneliness:0.51025
melancholic:0.504
talky:0.49725
intellectual:0.495
pointless:0.49075
visually stunning:0.48525
redemption:0.48175
maze:0.47925
guilt:0.47475
cult film:0.471
breathtaking:0.47025
creativity:0.46375
dialogue:0.46
very interesting:0.45925
unique:0.45775
rabbits:0.4535
catastrophe:0.453
brutality:0.4525
metaphysics:0.44725
complex:0.44425
murder mystery:0.433
social commentary:0.41675
stylized:0.4155
crime gone awry:0.409
life & death:0.3965
nudity (full frontal - notable):0.38875
philosophical:0.387
entirely dialogue:0.38125
hotel:0.377
eccentricity:0.3735
paranoid:0.3735
psychedelic:0.37075
psychology:0.3555
intimate:0.3535
quirky:0.35175
oscar (best actress):0.3515
macabre:0.349
identity:0.3475
vengeance:0.343
voyeurism:0.34225
artist:0.33975
paranoia:0.3395
boring!:0.33575
cult classic:0.33575
harsh:0.3355
good soundtrack:0.3355
suprisingly clever:0.3325
slow paced:0.33225
runaway:0.32575
interesting:0.3245
not funny:0.324
unusual plot structure:0.32325
allegory:0.32125
bleak:0.31875
betrayal:0.3155
colourful:0.31475
brainwashing:0.31275
fantasy world:0.312
ominous:0.31175
