terminal illness:0.97925
coming of age:0.9775
cancer:0.96825
friendship:0.96375
teen:0.958
unlikely friendships:0.93475
high school:0.92525
coming-of-age:0.9115
teenager:0.9105
teen movie:0.90775
adolescence:0.9065
drama:0.89575
teens:0.89325
social commentary:0.8835
death:0.85625
melancholic:0.84
life & death:0.8375
independent film:0.83
mentor:0.81775
indie:0.81075
relationships:0.7995
childhood:0.7995
based on a book:0.79425
touching:0.792
bittersweet:0.7815
runaway:0.7665
teenagers:0.7585
depression:0.757
good soundtrack:0.73625
original:0.733
heartbreaking:0.721
pornography:0.70275
school:0.69225
storytelling:0.68
emotional:0.64475
quirky:0.64075
teacher:0.6345
segregation:0.6315
narrated:0.63025
bullying:0.62725
geeks:0.625
loneliness:0.6235
criterion:0.6075
nostalgic:0.5895
honest:0.58775
amazing cinematography:0.57775
allegory:0.56975
pg-13:0.55375
tragedy:0.552
dialogue:0.5425
poignant:0.53825
very funny:0.534
beautifully filmed:0.5315
feel-good:0.52425
girlie movie:0.523
stereotypes:0.5215
adapted from:book:0.51775
goth:0.5015
reflective:0.5
unusual plot structure:0.4985
story:0.49525
comedy:0.48625
awesome soundtrack:0.48125
destiny:0.48125
depressing:0.47925
clever:0.4765
cinematography:0.47575
based on book:0.4725
redemption:0.47125
sentimental:0.46275
brutality:0.46225
harsh:0.461
geek:0.4535
culture clash:0.45225
cult classic:0.45075
life philosophy:0.45
weird:0.4485
good acting:0.4445
heartwarming:0.43825
great:0.4315
classic car:0.43025
vengeance:0.4285
suprisingly clever:0.42675
sweet:0.425
movielens top pick:0.42425
goofy:0.41975
great ending:0.419
hospital:0.419
whimsical:0.40825
solitude:0.4075
nerds:0.4055
catastrophe:0.4045
feel good movie:0.40325
realistic:0.39925
life:0.399
fantasy world:0.3975
golden palm:0.389
funny:0.38825
suburbia:0.38375
humorous:0.382
