sci-fi:0.96875
animation:0.96
sci fi:0.85675
science fiction:0.84775
scifi:0.79575
animated:0.6925
original:0.6315
criterion:0.60925
anime:0.58825
enigmatic:0.57875
cartoon:0.57175
time travel:0.55725
imagination:0.51425
melancholic:0.513
allegory:0.50175
weird:0.4985
great ending:0.49775
classic car:0.4935
oscar (best foreign language film):0.455
pornography:0.43325
giant robots:0.4245
catastrophe:0.4205
talky:0.40175
intimate:0.381
dreamlike:0.373
independent film:0.36425
suprisingly clever:0.36075
animal movie:0.35975
creativity:0.35575
free to download:0.33175
quirky:0.33
spanish:0.3275
surreal:0.32575
downbeat:0.319
storytelling:0.3075
atmospheric:0.29725
twist ending:0.29125
life philosophy:0.28925
mentor:0.27925
childhood:0.27575
gangsters:0.27075
macabre:0.2705
entirely dialogue:0.27
artist:0.26675
happy ending:0.265
not funny:0.2645
runaway:0.26025
lone hero:0.253
nudity (full frontal - notable):0.245
existentialism:0.24475
perfect:0.24275
writers:0.242
stand-up comedy:0.24175
stylized:0.2405
french:0.23625
cerebral:0.232
good:0.23025
gunfight:0.23
meditative:0.2295
workplace:0.22725
golden palm:0.227
grindhouse:0.2235
first contact:0.2205
brutality:0.21675
lyrical:0.21325
loneliness:0.21325
no dialogue:0.21275
clever:0.21225
overrated:0.2105
satirical:0.2095
culture clash:0.209
japan:0.20775
breathtaking:0.207
bad ending:0.207
dialogue:0.20675
movielens top pick:0.20475
slapstick:0.202
obsession:0.20175
moody:0.20125
george orwell:0.199
adventure:0.19675
fantasy world:0.1905
adaptation:0.1885
reflective:0.18825
romance:0.18525
hallucinatory:0.1825
depression:0.1825
kick-butt women:0.1815
visually appealing:0.1815
ethnic conflict:0.18
harsh:0.17975
police investigation:0.177
cinematography:0.175
chase:0.174
mad scientist:0.1695
cult classic:0.16925
imdb top 250:0.16775
unfunny:0.16725
good soundtrack:0.16675
aging:0.165
