secrets:0.97675
dysfunctional family:0.969
sexual abuse:0.93625
intimate:0.898
great acting:0.874
visually appealing:0.863
storytelling:0.86275
masterpiece:0.859
psychological:0.842
family drama:0.84025
criterion:0.82475
dark humor:0.82025
incest:0.809
weird:0.8085
cinematography:0.80825
original:0.80475
excellent script:0.8015
enigmatic:0.7885
talky:0.781
bleak:0.78
surreal:0.77325
claustrophobic:0.7695
disturbing:0.753
downbeat:0.747
complex:0.73075
golden palm:0.72975
social commentary:0.718
stylized:0.70525
drama:0.70125
art house:0.6995
visceral:0.69275
reflective:0.684
complex characters:0.6795
cerebral:0.67775
tense:0.6755
independent film:0.675
good acting:0.671
imdb top 250:0.67025
brainwashing:0.66675
child abuse:0.666
depression:0.664
harsh:0.65975
cathartic:0.65675
intense:0.6495
tragedy:0.644
dark:0.64175
guilt:0.64
low budget:0.632
dramatic:0.626
exceptional acting:0.622
emotional:0.61775
psychology:0.60925
hotel:0.60875
pornography:0.6045
foreign:0.602
good soundtrack:0.60125
nudity (topless - brief):0.59725
nonlinear:0.5915
suicide:0.58725
atmospheric:0.5865
confrontational:0.586
narrated:0.58575
parenthood:0.5805
oscar (best foreign language film):0.57625
sisters:0.57325
insanity:0.57125
artistic:0.5705
movielens top pick:0.57025
family:0.568
adultery:0.567
interesting:0.563
male nudity:0.55525
culture clash:0.555
light:0.5495
grim:0.54625
suprisingly clever:0.546
melancholy:0.54375
unusual plot structure:0.535
violent:0.53475
twists & turns:0.534
powerful ending:0.533
visual:0.52675
relationships:0.5265
vengeance:0.52475
great ending:0.523
dialogue:0.5215
catastrophe:0.52075
manipulation:0.52075
plot twist:0.51875
stylish:0.51775
loneliness:0.51725
dark comedy:0.5135
art:0.51275
violence:0.51275
oscar (best directing):0.5125
character study:0.51025
brutality:0.507
black comedy:0.50325
clever:0.49825
dreamlike:0.49575
