minnesota:0.97875
documentary:0.851
criterion:0.815
greed:0.79025
capitalism:0.76725
original:0.7625
grindhouse:0.7485
bleak:0.74375
talky:0.71675
life philosophy:0.71275
dark humor:0.7115
working class:0.65975
oscar (best supporting actress):0.65525
oscar (best directing):0.64925
social commentary:0.6475
great:0.63275
pornography:0.631
runaway:0.61225
crime gone awry:0.60425
political:0.59825
intimate:0.5715
imdb top 250:0.57125
drinking:0.551
affectionate:0.54575
relationships:0.54475
oscar (best actress):0.54475
melancholic:0.53425
loneliness:0.5315
politics:0.531
mentor:0.52475
culture clash:0.5115
suprisingly clever:0.5075
unusual plot structure:0.507
dysfunctional family:0.50225
interesting:0.49675
great ending:0.4965
cynical:0.495
golden palm:0.493
obsession:0.4915
character study:0.48775
very interesting:0.48675
catastrophe:0.48375
great acting:0.48025
grim:0.47925
harsh:0.47275
narrated:0.4725
spelling bee:0.47225
tragedy:0.467
passionate:0.45425
corruption:0.45125
dialogue:0.4495
depression:0.444
manipulation:0.43225
california:0.4315
witty:0.43125
black comedy:0.431
assassination:0.4265
melancholy:0.42575
indie:0.42475
brutality:0.42175
good soundtrack:0.4215
cinematography:0.42125
ethnic conflict:0.42
death:0.41775
visually appealing:0.41475
adaptation:0.41275
twists & turns:0.40425
art:0.40425
story:0.4015
clever:0.3985
dark comedy:0.39825
oscar:0.397
weird:0.39525
sexy:0.39375
downbeat:0.3915
secrets:0.3915
great movie:0.39025
atmospheric:0.387
oscar (best foreign language film):0.385
enigmatic:0.3805
absurd:0.377
highly quotable:0.3765
entirely dialogue:0.37625
male nudity:0.37275
nudity (full frontal - notable):0.37
honest:0.36875
workplace:0.36775
storytelling:0.36575
nudity (topless - notable):0.363
wilderness:0.36025
movielens top pick:0.359
ironic:0.35825
drama:0.357
censorship:0.35625
visually stunning:0.355
queer:0.35375
finnish:0.352
small town:0.3495
business:0.34525
adapted from:book:0.3435
