surfing:0.99675
australia:0.98625
hawaii:0.983
good soundtrack:0.95425
narrated:0.951
california:0.90525
africa:0.8755
scenic:0.8395
cult classic:0.8025
documentary:0.797
south africa:0.79
original:0.7835
photography:0.772
sports:0.767
nostalgic:0.7125
goofy:0.69225
very interesting:0.68325
criterion:0.6655
beautifully filmed:0.6525
fun movie:0.64575
drinking:0.59875
talky:0.58825
mentor:0.581
unusual plot structure:0.57325
good:0.5725
runaway:0.5655
awesome soundtrack:0.56375
interesting:0.562
earnest:0.55925
suprisingly clever:0.55875
internet:0.556
golden palm:0.556
great movie:0.554
gunfight:0.5495
life philosophy:0.54575
great:0.5285
hotel:0.525
cinematography:0.52125
pornography:0.5135
visually appealing:0.5075
entertaining:0.50725
cult film:0.50575
adventure:0.50475
chase:0.498
dialogue:0.497
love:0.48475
humorous:0.484
adapted from:book:0.484
wistful:0.47725
beautiful scenery:0.472
catastrophe:0.47
violent:0.46825
life & death:0.46575
brutality:0.45725
very good:0.4565
original plot:0.4565
fun:0.45575
melancholic:0.45525
social commentary:0.452
loneliness:0.4495
cult:0.4455
culture clash:0.444
greed:0.43275
teen:0.43
breathtaking:0.428
journalism:0.426
movielens top pick:0.424
highly quotable:0.41975
grindhouse:0.41975
unlikely friendships:0.4195
prejudice:0.41875
nudity (full frontal - brief):0.417
nudity (full frontal - notable):0.41425
quotable:0.41375
great ending:0.4135
relationships:0.4115
weird:0.411
classic car:0.41
harsh:0.40925
imdb top 250:0.39775
so bad it's funny:0.39675
very funny:0.3925
male nudity:0.392
crime gone awry:0.3915
transformation:0.38575
intimate:0.38425
friendship:0.38275
obsession:0.382
great soundtrack:0.3795
perfect:0.37825
enigmatic:0.3775
passionate:0.37075
dreams:0.37
new zealand:0.37
educational:0.365
storytelling:0.35675
oscar (best directing):0.354
drama:0.353
feel good movie:0.35075
travel:0.3505
