high school:0.9925
teen movie:0.98125
fashion:0.95225
girlie movie:0.9455
teen:0.9445
adolescence:0.92275
horrible:0.91
stereotypes:0.90275
teens:0.8995
friendship:0.8675
predictable:0.82325
unlikely friendships:0.8185
family:0.818
shallow:0.8155
teenagers:0.812
so bad it's funny:0.8025
cheerleading:0.7965
school:0.783
teenager:0.77725
original:0.777
geeks:0.75775
overrated:0.693
stupid as hell:0.68
bad plot:0.6645
bad:0.653
fantasy world:0.646
dumb:0.6125
bullying:0.57625
kids:0.57225
computer animation:0.56475
pointless:0.554
satirical:0.5435
mentor:0.5325
idiotic:0.5275
80s:0.523
silly fun:0.51725
fight scenes:0.496
fantasy:0.49525
silly:0.49325
stupid:0.492
death:0.492
dialogue:0.49025
fun:0.4855
bad acting:0.477
lame:0.46875
shopping:0.46575
life philosophy:0.45925
first contact:0.459
geek:0.45725
boring:0.45575
sexy:0.454
awful:0.446
great ending:0.44
good soundtrack:0.4395
happy ending:0.4375
guilty pleasure:0.436
pulp:0.43
based on a book:0.4245
relationships:0.42175
adaptation:0.41975
disaster:0.41725
writers:0.41675
weapons:0.4125
runaway:0.41175
slapstick:0.4105
passionate:0.40975
cult film:0.40925
special effects:0.40825
stupidity:0.4035
destiny:0.4025
pornography:0.39625
nudity (topless - notable):0.39625
redemption:0.396
camp:0.395
bad ending:0.3935
brutality:0.3915
sci fi:0.3905
melancholic:0.38575
entirely dialogue:0.384
twists & turns:0.383
crappy sequel:0.38225
quirky:0.37675
ridiculous:0.3765
lone hero:0.37375
goofy:0.37075
catastrophe:0.3705
unusual plot structure:0.37025
plot holes:0.3695
magic:0.368
cute:0.36775
fun movie:0.36725
dreamlike:0.36525
animals:0.3615
coming of age:0.361
chick flick:0.35675
dumb but funny:0.355
splatter:0.352
mad scientist:0.34875
feel-good:0.346
crude humor:0.34525
