camp:0.93025
special effects:0.8925
goofy:0.87725
lame:0.877
fun movie:0.86775
cheesy:0.86375
guilty pleasure:0.8565
bad plot:0.85425
action:0.8455
80s:0.8445
so bad it's funny:0.84
cool:0.83275
horrible:0.81825
motorcycle:0.8175
so bad it's good:0.81375
original:0.8
silly:0.784
silly fun:0.773
bad acting:0.76225
bad:0.762
futuristic:0.7595
fun:0.75225
stupid:0.7495
super-hero:0.74075
campy:0.72125
predictable:0.7155
super hero:0.71375
great ending:0.71275
cult film:0.70775
teen movie:0.68775
1980s:0.6685
shallow:0.65775
ridiculous:0.65525
cult classic:0.64075
pointless:0.636
parody:0.63
awful:0.62325
idiotic:0.611
big budget:0.61
sci fi:0.5875
superheroes:0.57525
weapons:0.566
stupid as hell:0.56325
fight scenes:0.5395
mentor:0.53925
adapted from:comic:0.53925
dialogue:0.52925
entertaining:0.523
dumb but funny:0.509
first contact:0.507
immortality:0.50375
science fiction:0.49975
storytelling:0.49575
scifi:0.4925
superhero:0.487
lone hero:0.48575
high fantasy:0.48325
pulp:0.4825
destiny:0.48075
future:0.46975
death:0.46325
sci-fi:0.46075
action packed:0.4605
awesome soundtrack:0.45975
violent:0.4585
splatter:0.458
overrated:0.45775
fantasy world:0.45225
family:0.44975
technology:0.44975
grindhouse:0.44875
chase:0.44825
multiple storylines:0.43725
natural disaster:0.434
sexy:0.43175
franchise:0.43075
teens:0.429
computer game:0.424
good:0.4185
fantasy:0.418
catastrophe:0.41775
fighting:0.41375
nocturnal:0.4125
mad scientist:0.40975
nudity (topless):0.4075
brutality:0.39975
gay:0.39825
stupidity:0.394
comic book:0.3925
nudity (topless - notable):0.38625
good action:0.3815
not funny:0.37675
disaster:0.3735
love story:0.37025
bad cgi:0.36925
great:0.3675
adaptation:0.365
sarcasm:0.3635
slapstick:0.36075
clones:0.35875
