reflective:0.971
criterion:0.9705
french:0.95125
intimate:0.95075
bleak:0.95025
paris:0.9355
melancholy:0.91525
black and white:0.9095
enigmatic:0.896
prostitution:0.8845
existentialism:0.88
melancholic:0.878
talky:0.862
meditative:0.855
beautifully filmed:0.84525
golden palm:0.83975
imdb top 250:0.8165
bittersweet:0.79575
poignant:0.7925
cinematography:0.789
downbeat:0.78525
artistic:0.78225
loneliness:0.77925
masterpiece:0.77125
life:0.7695
childhood:0.7685
france:0.7555
visually appealing:0.731
philosophical:0.713
runaway:0.71175
art:0.706
stylized:0.70325
great cinematography:0.69875
weird:0.696
breathtaking:0.69575
cerebral:0.691
oscar (best foreign language film):0.6855
visual:0.68425
original:0.66925
storytelling:0.66475
affectionate:0.663
obsession:0.6595
philosophy:0.65675
very interesting:0.648
life philosophy:0.6375
artist:0.63075
life & death:0.6265
unusual plot structure:0.62625
beautiful:0.62375
harsh:0.62325
identity:0.61025
narrated:0.6085
censorship:0.5965
compassionate:0.59475
intellectual:0.58925
grim:0.58875
suprisingly clever:0.58325
relationships:0.5815
idealism:0.5805
stunning:0.57975
culture clash:0.5525
women:0.5345
passionate:0.53025
solitude:0.5275
visually stunning:0.52625
allegory:0.5205
photography:0.5135
silent:0.51325
nocturnal:0.509
character study:0.4965
atmospheric:0.4945
cynical:0.49175
story:0.48125
literature:0.47425
beautiful scenery:0.47425
dreamlike:0.46575
sexy:0.46325
assassination:0.44825
movielens top pick:0.44675
imagination:0.446
oscar (best directing):0.44325
social commentary:0.43125
art house:0.4295
gunfight:0.422
absurd:0.4205
forceful:0.41975
pornography:0.41925
transformation:0.4175
rome:0.41725
foreign:0.41175
mentor:0.41025
redemption:0.40275
catastrophe:0.399
lyrical:0.39875
amazing cinematography:0.39675
interesting:0.39625
dreams:0.396
great ending:0.39375
biting:0.39225
oscar (best supporting actress):0.3895
