western:0.931
gunfight:0.894
harsh:0.68975
original:0.6185
criterion:0.5715
quirky:0.5465
bleak:0.523
character study:0.51325
runaway:0.4955
indians:0.495
light:0.48925
reflective:0.48825
whimsical:0.454
suprisingly clever:0.42925
catastrophe:0.41625
melancholy:0.41
life & death:0.403
culture clash:0.399
entirely dialogue:0.393
cynical:0.38875
enigmatic:0.3845
dialogue:0.38025
mentor:0.37075
guilt:0.3615
melancholic:0.34575
golden palm:0.34175
afi 100 (laughs):0.34025
hitman:0.33425
humorous:0.33
meditative:0.31775
very interesting:0.315
complex:0.31175
great ending:0.311
crime gone awry:0.3105
ethnic conflict:0.3
moral ambiguity:0.29
complex characters:0.285
hotel:0.27725
nudity (full frontal - notable):0.277
dramatic:0.27425
fun movie:0.26475
movielens top pick:0.26425
talky:0.26375
loneliness:0.26225
great:0.26175
grindhouse:0.259
finnish:0.25875
canada:0.25825
unlikely friendships:0.2555
brutality:0.25425
race issues:0.25
obsession:0.24925
justice:0.2405
screwball:0.23775
clever:0.23725
not funny:0.2365
feel-good:0.23375
satirical:0.23275
twists & turns:0.23
humanity:0.23
storytelling:0.22875
hospital:0.22275
classic car:0.22175
philosophical:0.221
cinematography:0.22075
gritty:0.2165
so bad it's funny:0.21575
writers:0.2135
death:0.2135
corruption:0.20875
memory:0.20725
drinking:0.20575
intimate:0.20325
complicated:0.2025
bollywood:0.202
surprise ending:0.1985
police investigation:0.19775
sexy:0.1975
detective:0.1965
lone hero:0.1955
redemption:0.19375
biting:0.19325
life philosophy:0.19
feel good movie:0.1895
texas:0.188
oscar (best supporting actress):0.1875
imdb top 250:0.18675
distopia:0.18625
pornography:0.18575
working class:0.183
comedy:0.18225
road movie:0.18175
affectionate:0.18125
drug addiction:0.18075
great movie:0.1795
existentialism:0.179
visually appealing:0.17875
native americans:0.17675
witty:0.17675
idealism:0.17575
