animation:0.9845
dystopia:0.94025
original:0.84475
computer animation:0.82675
stop motion:0.812
weird:0.80925
animated:0.798
stylized:0.71975
very interesting:0.7165
visually appealing:0.69625
visual:0.69425
video game:0.68475
storytelling:0.6485
visually stunning:0.648
stylish:0.593
visuals:0.58225
cartoon:0.5685
cult film:0.5645
dark:0.55875
nudity (topless):0.55475
story:0.5415
future:0.54
life philosophy:0.52975
transformation:0.49825
paranoid:0.4885
post apocalyptic:0.48625
sci fi:0.4765
pornography:0.47375
post-apocalyptic:0.47375
surveillance:0.46725
paranoia:0.461
stop-motion:0.458
san francisco:0.45
art:0.447
dystopic future:0.44
disturbing:0.4385
anime:0.43675
enigmatic:0.436
existentialism:0.435
catastrophe:0.433
solitude:0.431
allegory:0.43
good soundtrack:0.428
animals:0.427
corruption:0.424
talky:0.423
distopia:0.41925
great ending:0.417
social commentary:0.41675
melancholic:0.406
criterion:0.4045
creativity:0.403
noir:0.39875
colourful:0.3985
bleak:0.39775
slow paced:0.395
male nudity:0.3905
narrated:0.385
interesting:0.3805
downbeat:0.37975
claustrophobic:0.37975
adaptation:0.368
complex:0.36775
simple:0.36
lone hero:0.35975
fantasy world:0.3565
surreal:0.3525
cerebral:0.352
alter ego:0.3485
suprisingly clever:0.346
technology:0.34025
oil:0.338
mentor:0.33775
crime gone awry:0.336
loneliness:0.33325
boring:0.331
insanity:0.32475
dialogue:0.323
conspiracy:0.3215
film noir:0.32025
pointless:0.31575
author:neil gaiman:0.3145
alone in the world:0.31225
not funny:0.31125
animal movie:0.3085
unusual plot structure:0.30475
entirely dialogue:0.30325
nocturnal:0.29925
grim:0.2965
george orwell:0.295
atmospheric:0.29425
pulp:0.28975
nudity (full frontal - notable):0.287
cool:0.2855
so bad it's funny:0.283
first contact:0.28275
death:0.27925
alternate reality:0.2785
mindfuck:0.27725
scifi:0.277
