super hero:0.99275
superhero:0.99275
superheroes:0.98725
dc comics:0.972
super-hero:0.97
action:0.9675
batman:0.9585
comic book:0.9485
based on a comic:0.924
vigilante:0.9145
fight scenes:0.914
dark hero:0.91275
big budget:0.88875
marvel:0.8795
comics:0.8565
adapted from:comic:0.85175
visually appealing:0.843
pg-13:0.84275
franchise:0.831
action packed:0.8205
justice:0.804
graphic novel:0.7995
plot:0.77
story:0.756
original:0.74875
vigilantism:0.73725
fighting:0.735
plot holes:0.72175
dialogue:0.711
vengeance:0.707
special effects:0.68575
visually stunning:0.65825
comic book adaption:0.651
storytelling:0.6475
intense:0.63275
alter ego:0.62725
epic:0.62625
dynamic cgi action:0.62325
great ending:0.61875
awesome soundtrack:0.617
predictable:0.61225
based on comic:0.60375
cool:0.5985
trilogy:0.584
adaptation:0.58175
violence:0.581
good:0.575
dark:0.5725
shallow:0.57025
bad cgi:0.5655
mutants:0.56375
cgi:0.556
good soundtrack:0.5545
weapons:0.541
visual:0.53875
bad plot:0.5345
great:0.53275
brutality:0.53225
fast paced:0.53225
gritty:0.523
anti-hero:0.52125
comic:0.52
cyborgs:0.52
transformation:0.51525
good action:0.51025
sacrifice:0.50775
alternate universe:0.49775
first contact:0.48575
silly:0.48525
apocalypse:0.47925
technology:0.47775
mentor:0.47625
chase:0.4755
harsh:0.47475
exciting:0.47475
sci fi:0.472
catastrophe:0.46875
revenge:0.468
future:0.46625
visuals:0.4635
great movie:0.4605
better than expected:0.459
betrayal:0.4575
destiny:0.45675
enormously long battle scene:0.45525
nocturnal:0.45125
murder:0.44975
mythology:0.447
effects:0.42025
giant robots:0.41675
watch the credits:0.40625
not funny:0.39975
redemption:0.3925
complex:0.38925
absurd:0.36525
suspense:0.36075
unlikeable characters:0.358
death:0.357
life philosophy:0.35325
violent:0.34825
