aardman studios:0.9995
christmas:0.9985
holiday:0.9895
computer animation:0.9705
animation:0.9395
heartwarming:0.86975
children:0.8505
stop motion:0.84275
storytelling:0.834
family:0.8265
adventure:0.81675
animated:0.80575
original:0.7985
story:0.7635
colourful:0.75125
lions:0.7485
clever:0.739
good:0.714
pg-13:0.71275
redemption:0.7015
childhood:0.69525
visually appealing:0.68
original plot:0.6785
touching:0.6745
great:0.6665
3d:0.6655
cartoon:0.6605
technology:0.64825
animals:0.6335
affectionate:0.62075
fast paced:0.60975
great ending:0.6005
catastrophe:0.58625
happy ending:0.58625
witty:0.5845
fantasy world:0.57125
kids and family:0.571
dialogue:0.57
talking animals:0.5525
crude humor:0.55125
fun:0.5345
secret service:0.528
futuristic:0.52575
visual:0.52475
cute:0.5245
kids:0.52425
beautiful scenery:0.521
very funny:0.52075
visually stunning:0.5175
nostalgic:0.51675
entertaining:0.5025
funny:0.5005
visuals:0.49425
runaway:0.4885
great movie:0.48025
creativity:0.47375
big budget:0.46975
goofy:0.46775
fun movie:0.463
based on a tv show:0.46275
pixar animation:0.46225
scenic:0.4615
feel-good:0.4585
feel good movie:0.44575
hilarious:0.44525
mentor:0.4445
oscar:0.44325
utopia:0.4395
passionate:0.43575
culture clash:0.43475
imagination:0.42775
plot:0.42775
sweet:0.42725
humorous:0.42675
destiny:0.419
moral ambiguity:0.41875
secrets:0.4185
whimsical:0.41825
first contact:0.41675
very good:0.412
imdb top 250:0.4115
good versus evil:0.41075
sentimental:0.4055
magic:0.4045
chase:0.39875
light:0.39625
suprisingly clever:0.3925
predictable:0.3835
simple:0.3795
silly fun:0.379
melancholic:0.379
natural disaster:0.3775
stunning:0.3705
amazing photography:0.36775
silly:0.36775
family drama:0.3665
animal movie:0.3645
dysfunctional family:0.36025
stylized:0.359
sacrifice:0.35875
