transgender:0.99775
poignant:0.87525
drama:0.84775
reflective:0.78275
runaway:0.78075
brutality:0.73
childhood:0.713
beautifully filmed:0.70425
sexy:0.68975
coming-of-age:0.67875
friendship:0.66975
based on true story:0.667
coming of age:0.64925
criterion:0.6335
biopic:0.6245
original:0.61275
beautiful:0.6105
earnest:0.60725
biography:0.60275
fighting:0.599
true story:0.59875
cinematography:0.598
bollywood:0.5965
fight scenes:0.58775
artistic:0.57825
artist:0.57775
oscar (best foreign language film):0.57625
inspiring:0.57225
touching:0.56875
obsession:0.5615
based on a true story:0.55575
parenthood:0.5445
melancholy:0.539
drinking:0.5385
melancholic:0.52425
life:0.51925
sports:0.50625
women:0.50575
life & death:0.5025
hospital:0.50125
gay:0.499
enigmatic:0.49875
sexual:0.494
directorial debut:0.487
courage:0.4865
islam:0.48375
bittersweet:0.4835
mentor:0.477
story:0.47525
dramatic:0.47425
boxing:0.47175
amazing photography:0.466
suprisingly clever:0.45875
vengeance:0.45775
unusual plot structure:0.4525
social commentary:0.452
catastrophe:0.452
movielens top pick:0.4515
dreams:0.444
doctors:0.443
biographical:0.4425
finnish:0.44225
culture clash:0.43375
art:0.41975
great:0.41425
affectionate:0.406
poverty:0.40525
censorship:0.40475
very interesting:0.402
compassionate:0.4005
loneliness:0.396
stylized:0.39425
spanish:0.3935
family:0.39075
good soundtrack:0.3885
japan:0.3885
glbt:0.3855
forceful:0.378
violent:0.37475
breathtaking:0.362
corruption:0.355
poetry:0.35425
queer:0.349
great ending:0.345
golden palm:0.34375
brainwashing:0.33775
talky:0.3365
literature:0.33325
intimate:0.33125
lesbian:0.33025
downbeat:0.3255
dysfunctional family:0.3255
harsh:0.32325
feel-good:0.31625
sexuality:0.314
family drama:0.31325
oil:0.3115
male nudity:0.31125
sexual abuse:0.311
redemption:0.31
