animation:0.98625
fairy tale:0.97175
disney animated feature:0.9615
computer animation:0.90525
disney:0.88625
animated:0.85925
cute:0.83675
family:0.82
fairy tales:0.81975
talking animals:0.81625
visually appealing:0.7995
cartoon:0.7745
witty:0.763
animals:0.76
kids and family:0.74925
happy ending:0.74275
love:0.739
story:0.73875
mother daughter relationship:0.7355
adventure:0.7355
original:0.7325
visually stunning:0.71625
good:0.71375
runaway:0.7035
comedy:0.70325
kids:0.6995
light:0.6915
beautiful scenery:0.68925
sweet:0.689
romantic:0.67975
storytelling:0.65625
dialogue:0.65425
pg-13:0.6535
children:0.64975
girlie movie:0.646
clever:0.64375
childhood:0.64075
musical:0.63675
adapted from:book:0.63025
funny:0.6205
great:0.61
fun:0.60625
cute!:0.6015
heartwarming:0.5925
friendship:0.5855
fun movie:0.572
destiny:0.5685
fantasy world:0.5525
romance:0.5465
big budget:0.545
3d:0.53525
classic:0.535
magic:0.5275
animal movie:0.522
love story:0.5145
good soundtrack:0.51375
cgi:0.50625
catastrophe:0.50325
humorous:0.49975
culture clash:0.4945
betrayal:0.488
unlikely friendships:0.48775
feel good movie:0.48375
feel-good:0.47875
creativity:0.4785
transformation:0.4695
chase:0.46825
stereotypes:0.46325
manipulation:0.45625
entertaining:0.447
based on a book:0.44575
redemption:0.44125
visuals:0.44
touching:0.43
action:0.42125
nostalgic:0.42
great ending:0.41925
very funny:0.41575
better than expected:0.412
prejudice:0.40975
pg:0.40175
fast paced:0.40075
pixar animation:0.395
very good:0.38975
coming of age:0.383
suprisingly clever:0.38275
great movie:0.38175
good versus evil:0.38125
greed:0.378
crude humor:0.37675
witches:0.37525
not funny:0.3735
beautiful:0.37325
adaptation:0.37275
plot:0.37
colourful:0.368
mentor:0.3675
sacrifice:0.36425
whimsical:0.364
predictable:0.361
