chase:0.991
action:0.9605
fast paced:0.96
new york city:0.88625
original:0.8745
corruption:0.82325
action packed:0.808
police corruption:0.76325
good action:0.762
car chase:0.73075
fun:0.70775
entertaining:0.6965
plot:0.68375
pg-13:0.67525
fun movie:0.63725
good soundtrack:0.59875
visually appealing:0.5945
fight scenes:0.59275
story:0.5865
exciting:0.58425
gratuitous violence:0.5735
life & death:0.5705
mentor:0.56525
dialogue:0.55725
gangsters:0.53625
plot holes:0.534
new york:0.53325
good:0.529
cool:0.5225
predictable:0.5145
storytelling:0.501
superheroes:0.48625
intense:0.48375
assassination:0.482
happy ending:0.4765
bad acting:0.476
lone hero:0.47075
police:0.4675
life philosophy:0.45375
catastrophe:0.4535
stylized:0.4475
great ending:0.445
silly:0.43925
runaway:0.43675
conspiracy:0.43325
twists & turns:0.4315
simple:0.41625
so bad it's funny:0.414
not funny:0.412
very interesting:0.40825
light:0.408
anti-hero:0.407
classic car:0.40625
brutality:0.4035
violence:0.40175
destiny:0.40075
love story:0.39825
weapons:0.38575
san francisco:0.38575
suspense:0.385
better than expected:0.3795
underrated:0.37875
big budget:0.3775
great:0.37475
pornography:0.372
bad plot:0.369
new jersey:0.36825
thriller:0.36325
suspenseful:0.35825
clever:0.35775
no plot:0.34375
mob:0.34225
police investigation:0.34175
nocturnal:0.34025
racing:0.33975
entirely dialogue:0.339
melancholic:0.3365
absurd:0.33425
dark hero:0.334
road movie:0.327
creativity:0.325
betrayal:0.31875
technology:0.31625
cars:0.31225
justice:0.30925
greed:0.309
stylish:0.30525
vengeance:0.30275
whimsical:0.30275
goofy:0.3
romantic:0.29975
nudity (full frontal - brief):0.2995
adaptation:0.29875
boston:0.29825
special effects:0.29775
first contact:0.297
visual:0.296
hitman:0.29525
interesting:0.29175
culture clash:0.29125
