george orwell:0.9915
surveillance:0.9575
dystopia:0.95025
adapted from:book:0.94725
futuristic:0.91975
literature:0.90275
original:0.8485
based on a book:0.8475
rebellion:0.8125
adaptation:0.81025
classic:0.7965
enigmatic:0.78075
visually appealing:0.76725
narrated:0.76275
interesting:0.74925
1980s:0.72525
distopia:0.7205
good soundtrack:0.70725
mindfuck:0.69475
based on book:0.69175
runaway:0.68475
new jersey:0.6635
paranoia:0.66075
greed:0.65675
powerful ending:0.63975
story:0.63625
talky:0.633
visual:0.62625
very interesting:0.62625
mentor:0.618
sexualized violence:0.614
cinematography:0.61175
technology:0.5995
psychological:0.59175
atmospheric:0.58575
cerebral:0.585
good:0.57875
suspense:0.573
psychiatry:0.569
weird:0.56075
dialogue:0.55975
violent:0.55675
criterion:0.556
literary adaptation:0.55125
psychology:0.5455
cult classic:0.54325
anti-semitism:0.5395
storytelling:0.537
twists & turns:0.53575
book:0.53375
corruption:0.53275
identity:0.53175
cheerleading:0.531
original plot:0.53075
books:0.52675
black and white:0.5205
intellectual:0.5205
great ending:0.51975
life philosophy:0.517
great movie:0.511
melancholy:0.504
drama:0.5005
social commentary:0.49875
oscar (best actress):0.4965
intimate:0.48975
melancholic:0.4855
grim:0.48525
highly quotable:0.48475
sci fi:0.481
gunfight:0.47925
intelligent:0.47925
insanity:0.4785
nudity (full frontal - notable):0.47725
vengeance:0.47625
complicated:0.4675
fighting the system:0.46675
obsession:0.46425
great:0.46425
book was better:0.46325
cult film:0.45375
crime:0.45275
visually stunning:0.45175
journalism:0.44775
fascism:0.4465
loneliness:0.443
oscar (best directing):0.44125
suprisingly clever:0.441
imdb top 250:0.437
transformation:0.43675
catastrophe:0.4355
beautiful scenery:0.434
very good:0.43225
unusual plot structure:0.43025
paranoid:0.429
complex:0.4275
pornography:0.4265
brutality:0.424
dramatic:0.4205
future:0.41725
brainwashing:0.4145
