dreams:0.99575
special effects:0.9055
stop motion:0.8985
mentor:0.88775
surreal:0.8855
scifi:0.88075
sci fi:0.8705
fun movie:0.858
sci-fi:0.85625
snakes:0.85525
science fiction:0.84425
imagination:0.786
pg-13:0.769
fantasy:0.75975
original:0.756
conspiracy:0.74225
post apocalyptic:0.72975
post-apocalyptic:0.71325
technology:0.7105
chase:0.6975
effects:0.68825
good:0.67225
adventure:0.66875
dreamlike:0.66575
cerebral:0.66125
first contact:0.66
nudity (topless - brief):0.644
transformation:0.623
creativity:0.61525
story:0.5965
fun:0.59525
life philosophy:0.59475
visual:0.58875
great:0.57925
weird:0.5745
nostalgic:0.57125
80s:0.57025
apocalypse:0.56925
great ending:0.556
fantasy world:0.55075
surrealism:0.5155
low budget:0.5125
very interesting:0.512
cool:0.50375
suspense:0.4955
cheesy:0.491
monster:0.49
action:0.48725
cult classic:0.4835
futuristic:0.4805
entertaining:0.47975
great movie:0.47175
catastrophe:0.4705
runaway:0.47
weapons:0.4625
original plot:0.462
president:0.4615
end of the world:0.4615
assassin:0.45975
visually stunning:0.45675
thought-provoking:0.4555
demons:0.45525
alternate reality:0.45025
mad scientist:0.4465
silly fun:0.43825
childhood:0.43675
light:0.43575
thriller:0.43425
storytelling:0.42725
scary:0.4265
dystopic future:0.42575
pulp:0.42425
android(s)/cyborg(s):0.42275
visually appealing:0.422
lone hero:0.42125
destiny:0.41975
dialogue:0.4185
good soundtrack:0.4135
complex:0.40625
cult film:0.405
feel-good:0.403
bad acting:0.4015
suspenseful:0.4015
interesting:0.401
scifi cult:0.39975
predictable:0.39375
not funny:0.3905
so bad it's funny:0.39
future:0.38725
dystopia:0.387
psychological:0.385
brutality:0.38475
clever:0.38175
natural disaster:0.38075
nuclear:0.378
life & death:0.37775
big budget:0.37525
action packed:0.3745
unusual plot structure:0.373
exciting:0.37025
