addiction:0.969
drugs:0.9585
documentary:0.91625
heartbreaking:0.8095
depressing:0.7865
social commentary:0.7855
runaway:0.761
death:0.75575
grindhouse:0.748
tense:0.747
intimate:0.746
prostitution:0.73175
san francisco:0.72175
brutality:0.70725
harsh:0.6965
hotel:0.68975
good soundtrack:0.68275
nudity (full frontal - notable):0.66575
sad:0.65825
violence:0.64525
forceful:0.642
talky:0.63175
bleak:0.627
heroin:0.626
original:0.614
criterion:0.61075
pornography:0.60675
lesbian:0.60075
grim:0.6005
honest:0.58175
hard to watch:0.57175
drama:0.5715
powerful ending:0.566
school:0.565
corruption:0.56
realistic:0.5565
disturbing:0.556
great ending:0.5535
greed:0.55075
oscar (best directing):0.54775
interesting:0.542
murder:0.54125
free to download:0.54
visceral:0.516
crime gone awry:0.5105
sexy:0.50975
violent:0.5035
tragedy:0.50075
hospital:0.49825
gritty:0.4965
oscar (best actress):0.49625
drug addiction:0.489
vengeance:0.48625
teen:0.48625
multiple storylines:0.478
male nudity:0.4745
life philosophy:0.4745
loneliness:0.47375
cynical:0.47075
melancholic:0.46925
artist:0.46425
storytelling:0.45725
catastrophe:0.45525
adaptation:0.454
obsession:0.45375
nudity (topless):0.44925
twists & turns:0.4385
drug abuse:0.438
very interesting:0.43675
gangs:0.42925
mentor:0.42875
based on a play:0.42625
assassination:0.41475
great:0.414
serial killer:0.41375
passionate:0.413
nudity (full frontal - brief):0.412
downbeat:0.4105
suspense:0.4095
goretastic:0.40925
women:0.40875
intense:0.407
propaganda:0.40625
stylized:0.40425
narrated:0.40125
fun movie:0.39975
teenager:0.39875
robbery:0.39875
islam:0.397
imdb top 250:0.3945
demons:0.38975
unlikely friendships:0.38475
indie:0.37925
hunting:0.3785
culture clash:0.37625
suspenseful:0.37625
compassionate:0.376
erotic:0.37375
gangsters:0.37075
oil:0.36975
