neo-noir:0.99225
noir:0.96225
twists & turns:0.95775
erotic:0.94675
sexy:0.946
film noir:0.942
police investigation:0.8975
manipulation:0.8885
complicated plot:0.874
murder:0.8695
thriller:0.8675
complicated:0.86475
murder mystery:0.86125
plot twist:0.8525
great acting:0.84725
lawyer:0.8385
twist ending:0.83175
adultery:0.82575
betrayal:0.8115
atmospheric:0.8055
pornography:0.80275
suspense:0.7995
classic:0.79225
great ending:0.79075
greed:0.78275
crime:0.77275
stylish:0.771
twist:0.76775
mystery:0.7655
tense:0.75125
lawyers:0.75025
obsession:0.7495
oscar (best actress):0.74875
surprise ending:0.7365
clever:0.7255
dialogue:0.71575
tricky:0.7155
cynical:0.70275
crime gone awry:0.701
ominous:0.688
sexual:0.68725
great:0.683
original:0.67475
enigmatic:0.6725
interesting:0.66225
mentor:0.6545
passionate:0.6515
suspenseful:0.6505
runaway:0.63925
good acting:0.6375
nudity (full frontal - notable):0.6315
secrets:0.63
cerebral:0.62225
oscar (best directing):0.62125
complex:0.62025
talky:0.62025
great movie:0.618
cinematography:0.61
chase:0.60675
imdb top 250:0.5995
noir thriller:0.59925
censorship:0.58925
psychological:0.582
suprisingly clever:0.57875
sex:0.571
oscar (best supporting actress):0.55725
moody:0.55475
melancholic:0.54975
corruption:0.53625
investigation:0.52875
directorial debut:0.52875
guilt:0.52825
witty:0.524
excellent:0.52375
good:0.51975
very interesting:0.5195
entirely dialogue:0.51025
criterion:0.505
light:0.5015
stylized:0.501
excellent script:0.5
storytelling:0.49875
intense:0.495
paranoid:0.49275
unusual plot structure:0.48925
drama:0.48275
sexuality:0.4825
romance:0.48
masterpiece:0.4725
identity:0.47
culture clash:0.46825
conspiracy:0.46675
great cinematography:0.455
detective:0.454
moral ambiguity:0.45225
nudity (topless - notable):0.44675
cheating:0.43975
beautiful scenery:0.434
period piece:0.43375
revenge:0.43375
