video game:0.999
computer game:0.9635
horror:0.9585
videogame:0.91775
video games:0.9055
cult film:0.84775
teen movie:0.747
virtual reality:0.74625
demons:0.73675
creepy:0.691
teens:0.6875
cult classic:0.68725
original:0.671
fun movie:0.62725
macabre:0.59625
based on a video game:0.58875
sci fi:0.58375
transformation:0.545
80s:0.54325
teen:0.5295
splatter:0.52125
murder:0.51775
brutality:0.50925
scary:0.5025
life philosophy:0.493
mentor:0.488
weird:0.48625
slasher:0.4855
cool:0.4825
good soundtrack:0.4675
catastrophe:0.45625
nudity (topless - notable):0.4555
spying:0.4375
zombie:0.4355
nocturnal:0.43125
scifi:0.419
high school:0.41725
sci-fi:0.41275
cult:0.40575
great ending:0.39775
gruesome:0.392
pornography:0.39125
predictable:0.39075
monster:0.3905
gory:0.387
adapted from:game:0.38675
psychological:0.384
lone hero:0.384
technology:0.378
campy:0.377
low budget:0.37075
special effects:0.36875
video game adaptation:0.36775
great:0.36525
underrated:0.3645
psychology:0.3625
goofy:0.35975
internet:0.359
death:0.35675
supernatural:0.34775
not funny:0.34275
goth:0.34125
good:0.33775
loneliness:0.3355
ghosts/afterlife:0.32925
serial killer:0.328
grindhouse:0.3205
fun:0.32025
violence:0.3195
dialogue:0.315
blood:0.3135
twists & turns:0.3135
twist ending:0.313
sexualized violence:0.31175
suspense:0.304
first contact:0.3035
atmospheric:0.301
awesome soundtrack:0.30025
fight scenes:0.29975
good action:0.299
erotic:0.2915
spiders:0.29075
action packed:0.28725
nudity (topless):0.28625
bad ending:0.283
great movie:0.28
fantasy:0.27525
bloody:0.27275
monsters:0.27075
adaptation:0.27025
criterion:0.269
entirely dialogue:0.2685
existentialism:0.2675
end of the world:0.265
justice:0.2635
police investigation:0.25675
bad cgi:0.2555
nudity (full frontal - notable):0.2545
unfunny:0.2535
good dialogue:0.2505
