drama:0.971
internet:0.969
dramatic:0.949
technology:0.92775
emotional:0.9175
great acting:0.908
storytelling:0.9075
intense:0.905
multiple storylines:0.899
reflective:0.88075
loneliness:0.8765
ensemble cast:0.874
original:0.87125
solitude:0.85775
single father:0.85225
bullying:0.848
realistic:0.8185
thought-provoking:0.8115
good acting:0.8065
excellent script:0.7975
secrets:0.79675
independent film:0.789
social commentary:0.78225
mentor:0.78175
great ending:0.78125
tragedy:0.77575
pornography:0.7635
twists & turns:0.739
complex:0.7325
interesting:0.72225
relationships:0.7215
story:0.7185
compassionate:0.71525
life philosophy:0.7045
redemption:0.70325
suspense:0.70225
psychological:0.69775
depressing:0.68975
poignant:0.687
corruption:0.68625
exceptional acting:0.685
good soundtrack:0.6825
powerful ending:0.6805
honest:0.669
identity:0.669
greed:0.66275
guilt:0.648
cerebral:0.645
tense:0.64025
great movie:0.63725
philosophy:0.63475
catastrophe:0.63275
nudity (topless):0.62075
alone in the world:0.61775
cinematography:0.606
oscar (best directing):0.599
harsh:0.5975
death:0.59425
brutality:0.581
violence:0.58
excellent:0.5795
twist:0.57925
happy ending:0.57725
psychology:0.575
life:0.569
depression:0.56425
existentialism:0.56375
first contact:0.56025
touching:0.556
life & death:0.55575
suprisingly clever:0.5495
unlikely friendships:0.548
justice:0.548
good:0.547
hackers:0.5445
crime:0.5425
destiny:0.535
clever:0.53175
melancholic:0.5205
imdb top 250:0.516
crime gone awry:0.516
dysfunctional family:0.514
sacrifice:0.51275
suicide:0.51125
intimate:0.51025
very funny:0.51
forceful:0.50425
sad but good:0.50375
spying:0.5
character study:0.49875
allegory:0.496
intelligent:0.49575
thriller:0.49525
runaway:0.4915
visually stunning:0.491
new jersey:0.48575
plot twist:0.48275
breathtaking:0.479
twist ending:0.47675
talky:0.472
