irish:0.9905
irish accent:0.98825
ireland:0.95
gangster:0.92575
gangsters:0.90725
crime:0.84425
original:0.8075
biopic:0.802
moral ambiguity:0.8
brutality:0.79425
police investigation:0.773
life philosophy:0.766
greed:0.73775
anti-hero:0.70525
violence:0.705
corruption:0.687
character study:0.6825
storytelling:0.67825
complex:0.6745
good soundtrack:0.659
mob:0.6575
interesting:0.65025
gritty:0.60925
drinking:0.595
organized crime:0.5885
crime gone awry:0.58175
great ending:0.5765
redemption:0.571
dialogue:0.566
social commentary:0.55275
working class:0.55
drama:0.5295
enigmatic:0.52925
black and white:0.52825
dark hero:0.526
visceral:0.52525
gunfight:0.525
life:0.519
pornography:0.51275
mentor:0.50875
quirky:0.5065
talky:0.505
great:0.50425
existentialism:0.501
multiple storylines:0.4975
dark:0.4975
harsh:0.496
hitman:0.4955
story:0.4955
loneliness:0.4815
very interesting:0.47825
brutal:0.474
stylized:0.46375
dramatic:0.4615
grim:0.4595
independent film:0.4575
suprisingly clever:0.4565
police corruption:0.4525
relationships:0.452
eccentricity:0.44725
distopia:0.44575
great movie:0.44475
melancholic:0.44425
dark humor:0.439
criterion:0.4315
depression:0.429
black comedy:0.41975
caper:0.415
runaway:0.41175
clever:0.41175
compassionate:0.4115
catastrophe:0.40725
visual:0.407
justice:0.40325
entirely dialogue:0.403
downbeat:0.40275
adapted from:book:0.4025
nocturnal:0.4
based on true story:0.39275
potential oscar nom:0.3835
thought-provoking:0.37925
mafia:0.377
narrated:0.376
based on a book:0.375
reflective:0.375
intense:0.37475
drugs:0.3735
honest:0.37325
solitude:0.372
factual:0.3685
guns:0.36725
light:0.36675
highly quotable:0.36325
bleak:0.36325
entertaining:0.36075
very good:0.3605
complex characters:0.35975
humorous:0.35975
life & death:0.358
adaptation:0.3565
