criterion:0.991
french:0.976
paris:0.957
noir:0.90625
france:0.903
claustrophobic:0.9015
film noir:0.87475
talky:0.86925
1930s:0.83875
original:0.83625
classic:0.8205
masterpiece:0.814
downbeat:0.80625
gangster:0.797
atmospheric:0.7965
imdb top 250:0.79375
poignant:0.7745
adultery:0.7735
cinematography:0.76
gangsters:0.759
forceful:0.7585
obsession:0.7555
stylized:0.751
tense:0.74575
oscar (best actress):0.7435
enigmatic:0.741
stylish:0.72875
loneliness:0.71725
unusual plot structure:0.7145
golden palm:0.7045
allegory:0.69125
crime:0.687
breathtaking:0.681
runaway:0.67975
melancholic:0.67075
oscar (best directing):0.6705
black and white:0.6625
nostalgic:0.66175
melancholy:0.66025
intimate:0.6425
reflective:0.63875
relationships:0.6385
affectionate:0.638
visual:0.631
oscar (best foreign language film):0.6285
oscar (best supporting actress):0.627
moody:0.62675
photography:0.62075
light:0.61675
movielens top pick:0.615
great:0.61475
sexy:0.607
passionate:0.60525
dreamlike:0.6045
interesting:0.6
very interesting:0.59575
idealism:0.59275
1920s:0.58925
beautifully filmed:0.5885
great movie:0.5875
love:0.57525
grim:0.572
dialogue:0.57175
great acting:0.5685
romantic:0.559
beautiful scenery:0.55875
tragedy:0.553
meditative:0.54225
maze:0.53975
betrayal:0.53475
fight scenes:0.522
mob:0.52175
period piece:0.521
ironic:0.52075
amazing photography:0.51975
compassionate:0.517
culture clash:0.515
vienna:0.5145
harsh:0.5095
love story:0.509
police investigation:0.508
narrated:0.50675
paranoid:0.502
anti-hero:0.494
silent:0.49025
bittersweet:0.48775
cerebral:0.48675
childhood:0.48675
ominous:0.48275
screwball:0.4825
cynical:0.47975
story:0.4795
nocturnal:0.47825
romance:0.47375
unlikely friendships:0.47275
stunning:0.47275
based on a play:0.46975
colonialism:0.46825
life philosophy:0.46075
mentor:0.46075
