cyberpunk:0.981
long:0.976
futuristic:0.95275
end of the world:0.9275
visually stunning:0.92275
scenic:0.846
dreams:0.8455
technology:0.84525
sci fi:0.815
visual:0.812
weird:0.80575
visually appealing:0.80575
complex:0.801
cerebral:0.75925
science fiction:0.7445
alone in the world:0.73925
dystopia:0.7335
scifi:0.73175
enigmatic:0.722
philosophical:0.7205
life & death:0.711
stunning:0.70975
original:0.708
cinematography:0.6865
storytelling:0.67775
great cinematography:0.6765
existentialism:0.66825
beautifully filmed:0.6605
fantasy world:0.64225
creativity:0.625
solitude:0.62475
future:0.6235
greed:0.62175
catastrophe:0.6115
sci-fi:0.60975
australia:0.609
absurd:0.6075
too long:0.5945
mindfuck:0.581
art:0.578
space opera:0.57375
very interesting:0.5715
slow paced:0.57125
beautiful scenery:0.571
alternate endings:0.56875
reflective:0.5675
artsy:0.56525
philosophy:0.5615
imagination:0.55975
great ending:0.55775
melancholic:0.55375
life philosophy:0.5525
meditative:0.5375
trilogy:0.53725
first contact:0.53475
alternate universe:0.53325
criterion:0.52425
plot:0.5155
road movie:0.5155
melancholy:0.51175
story:0.5095
thought-provoking:0.501
breathtaking:0.49725
social commentary:0.4965
secrets:0.49475
good soundtrack:0.49175
surreal:0.47575
suprisingly clever:0.47
apocalypse:0.46525
poetry:0.461
desert:0.459
dreamlike:0.4535
culture clash:0.44975
unusual plot structure:0.44525
german:0.445
harsh:0.4425
bad ending:0.43725
great:0.43425
intellectual:0.4325
artistic:0.4275
natural disaster:0.4265
alternate reality:0.4265
dialogue:0.4255
surveillance:0.4225
loneliness:0.40925
quirky:0.408
so bad it's funny:0.40675
original plot:0.40625
distopia:0.40525
slow:0.40275
great acting:0.3995
chase:0.39525
entirely dialogue:0.395
humanity:0.393
destiny:0.39075
foreign:0.38325
interesting:0.3815
tokyo:0.3725
berlin:0.3705
mentor:0.367
