slasher:0.99875
splatter:0.97775
horror:0.96975
nudity:0.923
serial killer:0.9155
bloody:0.903
teens:0.896
halloween:0.86775
nudity (topless):0.854
murder:0.852
gory:0.8185
teen movie:0.8145
grindhouse:0.8075
80s:0.76475
brutality:0.75375
original:0.74525
blood:0.7435
pornography:0.74275
franchise:0.722
creepy:0.71525
campy:0.7025
goretastic:0.69925
pointless:0.6245
weapons:0.62075
scary:0.609
gore:0.60675
sexualized violence:0.605
cult classic:0.58675
predictable:0.573
weed:0.5645
violence:0.554
cult film:0.5535
parody:0.5485
bad plot:0.545
nocturnal:0.538
gruesome:0.53225
stylish:0.532
sexy:0.532
demons:0.51225
teen:0.49875
high school:0.49475
brutal:0.489
suspenseful:0.486
teenagers:0.479
suspense:0.46425
so bad it's funny:0.4635
dialogue:0.45675
harsh:0.44325
bad acting:0.4385
nudity (full frontal - notable):0.438
low budget:0.4365
nudity (rear):0.43625
nudity (full frontal):0.43575
fun movie:0.43225
graphic novel:0.431
violent:0.43025
good soundtrack:0.42725
cheesy:0.4235
camp:0.4125
notable nudity:0.3955
macabre:0.395
goofy:0.39225
great ending:0.392
overrated:0.3885
adolescence:0.3805
1980s:0.3805
mentor:0.3735
women:0.3705
virginity:0.37
first contact:0.36975
teenager:0.36975
disturbing:0.35925
entirely dialogue:0.359
cerebral:0.35775
catastrophe:0.35425
adaptation:0.35225
sci fi:0.351
melancholic:0.35075
death:0.343
insanity:0.3405
cannibalism:0.33875
fight scenes:0.33325
twist ending:0.3325
silly:0.3195
lone hero:0.313
unusual plot structure:0.31225
not funny:0.309
storytelling:0.30825
supernatural:0.30575
quirky:0.3045
satirical:0.30225
writers:0.302
ridiculous:0.301
allegory:0.29525
torture:0.28425
fantasy world:0.2825
stupid as hell:0.28025
fun:0.273
sexual:0.27225
slapstick:0.27
