android(s)/cyborg(s):1.0
androids:0.9955
sci-fi:0.99425
science fiction:0.99175
scifi:0.99175
robot:0.98475
cyborgs:0.98425
futuristic:0.98275
sci fi:0.9805
cyberpunk:0.978
future:0.97725
robots:0.9695
dystopia:0.96725
technology:0.959
visually appealing:0.9575
artificial intelligence:0.94125
special effects:0.8825
military:0.84775
visual:0.827
plot:0.81775
plot holes:0.81725
humanity:0.812
thought-provoking:0.80675
visually stunning:0.796
intelligent sci-fi:0.781
suspense:0.778
big budget:0.75975
good acting:0.75775
original:0.75475
storytelling:0.747
catastrophe:0.73675
low budget:0.734
story:0.73175
first contact:0.72775
dystopic future:0.72175
action:0.705
weapons:0.705
cerebral:0.70325
science:0.69525
bad science:0.68975
surveillance:0.689
mad scientist:0.687
dialogue:0.6845
cinematography:0.6755
effects:0.66425
giant robots:0.6525
great ending:0.62175
space:0.6215
cold war:0.61925
predictable:0.61425
end of the world:0.61325
pg-13:0.6015
dark:0.59675
visuals:0.593
good:0.5895
complex:0.589
stylish:0.57975
bad cgi:0.5745
secrets:0.5685
sacrifice:0.56725
so bad it's funny:0.5665
stunning:0.5645
death:0.564
bad acting:0.56325
twists & turns:0.55875
allegory:0.5575
war:0.54925
apocalypse:0.541
survival:0.53875
destiny:0.53775
intense:0.5375
shallow:0.534
bad ending:0.533
good soundtrack:0.52775
great:0.5185
clones:0.51075
very interesting:0.50875
twist:0.498
underrated:0.4975
revolution:0.495
computers:0.49275
good story:0.48625
natural disaster:0.486
good action:0.483
bleak:0.47975
philosophical:0.4755
original plot:0.47125
light:0.46575
cloning:0.464
greed:0.46375
cgi:0.46125
post-apocalyptic:0.4585
alternate reality:0.4555
internet:0.45475
lone hero:0.4545
brutality:0.45425
cult classic:0.454
nudity (topless - notable):0.4535
betrayal:0.45125
suspenseful:0.45075
