based on a tv show:0.99675
goofy:0.861
comedy:0.858
parody:0.844
dumb but funny:0.8165
silly:0.81625
silly fun:0.80875
saturday night live:0.78125
original:0.7755
dinosaurs:0.75125
idiotic:0.751
crude humor:0.72275
stupid:0.714
aliens:0.6935
adventure:0.693
special effects:0.6855
parallel universe:0.685
hilarious:0.68225
absurd:0.65275
sci-fi:0.62175
sci fi:0.62
funny:0.6025
so bad it's funny:0.60125
very funny:0.5545
space:0.55
first contact:0.54675
pg-13:0.5365
predictable:0.5305
unfunny:0.5245
dumb:0.5225
stupidity:0.52175
slapstick:0.5115
spoof:0.51075
franchise:0.50575
time travel:0.4965
pointless:0.48825
series:0.47825
scifi:0.4705
science fiction:0.45325
catastrophe:0.44725
product placement:0.44425
humor:0.42525
big budget:0.423
bad plot:0.4225
humorous:0.4125
alien:0.409
cult classic:0.3995
lame:0.3965
mentor:0.3965
plot holes:0.391
writers:0.38875
ridiculous:0.38675
dialogue:0.38675
pornography:0.3815
disaster:0.37925
great ending:0.3785
overrated:0.36475
weird:0.3645
computer animation:0.36375
satire:0.354
fantasy world:0.35225
stupid as hell:0.3515
storytelling:0.34975
alien invasion:0.34925
adaptation:0.3445
funniest movies:0.34425
fun:0.3385
alternate universe:0.33775
chase:0.33375
redemption:0.3275
space travel:0.32675
story:0.31675
fun movie:0.316
desert:0.30875
quotable:0.307
dysfunctional family:0.30525
suprisingly clever:0.3045
brutality:0.30175
awful:0.301
good:0.299
runaway:0.2955
remake:0.29525
plot:0.295
horrible:0.2935
action:0.29225
hillarious:0.2875
cgi:0.28225
natural disaster:0.2785
nudity (topless - notable):0.274
visual:0.27375
quirky:0.27225
melancholic:0.27075
funny as hell:0.2695
weapons:0.26775
family:0.267
comic:0.26325
bad cgi:0.261
life philosophy:0.25825
no plot:0.258
family drama:0.257
