chase:0.98125
cars:0.94425
beer:0.94375
police:0.92625
fun movie:0.91275
buddy movie:0.829
car chase:0.8185
comedy:0.8165
justice:0.81
goofy:0.79575
silly fun:0.78025
action:0.7555
fun:0.727
road trip:0.72375
road movie:0.7225
funny:0.7
good action:0.69975
texas:0.69675
original:0.67625
silly:0.6745
good:0.6665
80s:0.635
great:0.6305
entertaining:0.622
dialogue:0.62125
1980s:0.6135
cool:0.613
mentor:0.60725
nostalgic:0.59425
great movie:0.5835
very funny:0.5765
so bad it's funny:0.5515
great ending:0.5505
action packed:0.54725
adventure:0.53425
franchise:0.52625
dumb:0.524
police investigation:0.52275
classic car:0.51675
pornography:0.51175
classic:0.5035
runaway:0.49825
1970s:0.49475
cult classic:0.48
fight scenes:0.47875
nostalgia:0.4775
hilarious:0.47725
light:0.47
lone hero:0.469
special effects:0.4685
pg-13:0.45875
catastrophe:0.45675
police corruption:0.4525
life philosophy:0.451
big budget:0.44325
quotable:0.43675
racing:0.4335
simple:0.425
story:0.425
underdog:0.42225
fast paced:0.422
transformation:0.42125
exciting:0.419
radio:0.413
predictable:0.40925
corruption:0.4085
great acting:0.40575
sci fi:0.403
destiny:0.39475
scifi:0.394
california:0.391
vengeance:0.38925
feel good movie:0.38375
highly quotable:0.38175
feel-good:0.38
underrated:0.3745
sexy:0.37375
revenge:0.3715
series:0.368
original plot:0.36775
culture clash:0.3675
guilty pleasure:0.35625
technology:0.35375
humorous:0.35225
imdb top 250:0.35125
stupidity:0.34825
time:0.3455
family:0.3455
fighting:0.34525
motorcycle:0.34475
harsh:0.34275
science fiction:0.34225
first contact:0.3405
small town:0.3405
good soundtrack:0.337
nudity (topless - notable):0.33525
storytelling:0.33475
dark hero:0.3335
dumb but funny:0.32975
humor:0.3295
