animation:0.98775
love story:0.9505
love:0.948
animated:0.909
computer animation:0.90375
romantic:0.90225
sweet:0.89825
whimsical:0.89575
destiny:0.88725
story:0.8825
too short:0.85875
black and white:0.8585
original:0.8495
heartwarming:0.84325
imdb top 250:0.83
storytelling:0.82575
short:0.8245
disney:0.80325
workplace:0.80075
visually stunning:0.788
pixar animation:0.78725
fairy tale:0.783
cute:0.769
good:0.7645
cartoon:0.764
runaway:0.75525
touching:0.742
oscar (best actress):0.7415
romance:0.72175
visually appealing:0.7125
melancholic:0.71125
childhood:0.70225
beautifully filmed:0.69975
clever:0.69775
simple:0.697
chase:0.6895
fantasy world:0.6845
happy ending:0.682
feel-good:0.66375
colourful:0.66125
interesting:0.65925
suprisingly clever:0.6575
oscar:0.65725
idealism:0.655
beautiful scenery:0.6485
oscar (best directing):0.63925
fun:0.639
great ending:0.638
bittersweet:0.6355
disney animated feature:0.63475
mentor:0.63375
oscar winner:0.62975
pg-13:0.62325
visual:0.623
imagination:0.61225
good music:0.59825
movielens top pick:0.597
emotional:0.596
loneliness:0.59175
beautiful:0.5825
transformation:0.58
atmospheric:0.57925
dialogue:0.57675
feel good movie:0.5765
good acting:0.57325
suspense:0.5715
train:0.57025
cute!:0.57
family:0.55825
redemption:0.5575
excellent script:0.554
nostalgic:0.55225
friendship:0.551
office:0.54275
original plot:0.54225
fairy tales:0.537
good soundtrack:0.53375
unusual plot structure:0.53375
fantasy:0.53175
silent:0.525
great acting:0.52375
witty:0.52175
great:0.519
talky:0.5175
police investigation:0.5135
magic:0.51225
solitude:0.4945
culture clash:0.494
light:0.493
unlikely friendships:0.488
secrets:0.48325
very funny:0.483
prejudice:0.4815
great movie:0.479
enigmatic:0.47725
animals:0.477
social commentary:0.4695
twists & turns:0.468
vengeance:0.468
very good:0.4635
