enigmatic:0.9735
dreams:0.96225
mystery:0.9105
dreamlike:0.90975
visually stunning:0.89675
weird:0.8955
criterion:0.88625
creepy:0.87975
metaphysics:0.8615
ominous:0.85675
surreal:0.83025
cerebral:0.82775
strange:0.82525
visual:0.82375
eerie:0.81725
existentialism:0.79575
alternate reality:0.7915
lawyer:0.7875
atmospheric:0.783
hallucinatory:0.762
obsession:0.74575
visually appealing:0.7385
original:0.72775
psychological:0.715
claustrophobic:0.69325
supernatural:0.69
mindfuck:0.679
very interesting:0.67375
meditative:0.665
nocturnal:0.65675
surrealism:0.649
murder:0.6365
police investigation:0.6355
end of the world:0.63375
secrets:0.6285
cinematography:0.618
australia:0.60525
thought-provoking:0.60325
culture clash:0.601
catastrophe:0.58825
parallel universe:0.58475
allegory:0.5815
reflective:0.56725
great ending:0.56625
paranoid:0.56125
investigation:0.55775
talky:0.54925
first contact:0.5395
australian:0.5395
brutality:0.532
suprisingly clever:0.529
greed:0.527
dark:0.52575
fantasy world:0.5235
disturbing:0.517
breathtaking:0.51525
alone in the world:0.51125
complex:0.506
imagination:0.502
childhood:0.48875
lawyers:0.4865
fantasy:0.48175
tense:0.4815
transformation:0.467
confusing:0.45875
creativity:0.45825
storytelling:0.458
dark fantasy:0.44625
twist ending:0.44375
interesting:0.4425
moody:0.44175
identity:0.434
unusual plot structure:0.43075
stunning:0.4275
macabre:0.424
mythology:0.42025
melancholic:0.4145
story:0.412
golden palm:0.4105
pornography:0.4055
loneliness:0.4055
downbeat:0.40075
bleak:0.4
life & death:0.3985
thriller:0.398
intimate:0.39775
nudity (full frontal - notable):0.396
stylized:0.396
visuals:0.395
grim:0.39275
harsh:0.3925
distopia:0.38325
bizarre:0.3815
beautifully filmed:0.37975
pretentious:0.37825
future:0.37775
melancholy:0.36475
social commentary:0.3605
serial killer:0.357
self discovery:0.35525
