horror:0.99
ghosts:0.979
scary:0.97025
creepy:0.95325
remake:0.94925
supernatural:0.94475
haunted house:0.93625
original:0.81525
frightening:0.7835
splatter:0.77075
better than the american version:0.7115
suspense:0.7035
great ending:0.634
pg-13:0.62925
predictable:0.61175
weird:0.605
japan:0.5815
tokyo:0.57775
death:0.572
japanese:0.555
pointless:0.54925
so bad it's funny:0.547
demons:0.53225
horrible:0.52
gory:0.5
good:0.49475
eerie:0.49125
goretastic:0.46775
bad plot:0.44825
mentor:0.447
special effects:0.4395
first contact:0.43925
story:0.43475
catastrophe:0.43025
bad ending:0.4275
atmospheric:0.4075
blood:0.396
good soundtrack:0.39
zombie:0.38825
police investigation:0.37975
effects:0.37825
suspenseful:0.375
natural disaster:0.373
storytelling:0.372
brutality:0.36825
plot holes:0.359
better than expected:0.35325
dialogue:0.35225
monster:0.352
murder:0.34925
not funny:0.34925
nonlinear:0.34725
overrated:0.32975
culture clash:0.32825
fantasy world:0.328
transformation:0.32675
family:0.3195
torture:0.3195
ghosts/afterlife:0.31725
adaptation:0.3165
idiotic:0.314
stylized:0.3125
vengeance:0.305
psychological:0.30275
life & death:0.30075
disturbing:0.29925
bad cgi:0.299
melancholic:0.298
life philosophy:0.29575
great:0.29425
survival:0.2925
runaway:0.29025
slasher:0.2895
fight scenes:0.2895
bad acting:0.28625
revenge:0.282
hospital:0.28175
lame:0.27825
nudity (full frontal - brief):0.27825
ominous:0.277
blindness:0.2765
stupid:0.267
pornography:0.265
apocalypse:0.2645
twists & turns:0.2625
bloody:0.262
light:0.261
visually appealing:0.2605
intense:0.2575
gothic:0.25675
nudity (topless - notable):0.25675
visual:0.25425
shallow:0.25325
interesting:0.253
stupid as hell:0.251
stereotypes:0.251
bad:0.24875
clever:0.24775
destiny:0.24525
violence:0.2435
