single father:0.8505
relationships:0.671
original:0.6565
drama:0.62825
divorce:0.57875
cheating:0.5775
rags to riches:0.57125
great ending:0.553
revenge:0.5335
romance:0.5265
family:0.51175
good soundtrack:0.50275
life philosophy:0.4995
love:0.485
happy ending:0.472
pg-13:0.46225
feel-good:0.45975
love story:0.45775
cross dressing:0.45425
marriage:0.4535
based on a play:0.452
comedy:0.448
feel good movie:0.448
mentor:0.44325
vengeance:0.443
catastrophe:0.433
girlie movie:0.418
predictable:0.407
redemption:0.405
great:0.4045
good:0.4005
chick flick:0.39775
betrayal:0.39075
interracial romance:0.38575
women:0.38325
writers:0.3825
stereotypes:0.37225
sexy:0.37025
dysfunctional family:0.3665
slapstick:0.3565
transformation:0.34625
justice:0.34325
brutality:0.341
dialogue:0.34025
passionate:0.339
emotional:0.33825
romantic comedy:0.33325
better than expected:0.33275
twists & turns:0.331
romantic:0.3285
sappy:0.326
adaptation:0.3225
natural disaster:0.31025
storytelling:0.3055
unfunny:0.302
homeless:0.297
race issues:0.293
manipulation:0.292
dramatic:0.2795
fantasy world:0.2715
police investigation:0.26975
not funny:0.26475
excellent:0.26075
sentimental:0.25475
great acting:0.25475
nudity (full frontal - brief):0.25425
adultery:0.2475
so bad it's funny:0.23825
entertaining:0.23675
tear jerker:0.23175
segregation:0.2295
shallow:0.22925
inspirational:0.2285
god:0.227
very funny:0.2255
entirely dialogue:0.22125
excellent script:0.21975
gay character:0.21875
destiny:0.21675
torture:0.216
bdsm:0.21525
lone hero:0.214
story:0.2135
vampire human love:0.21325
bad plot:0.21325
honest:0.213
first contact:0.2125
fashion:0.2125
infidelity:0.2125
clever:0.2115
culture clash:0.205
touching:0.205
beautiful scenery:0.20225
suprisingly clever:0.20225
werewolf:0.1985
great movie:0.19825
cancer:0.19625
pointless:0.194
intense:0.19125
runaway:0.1905
