action:0.993
action packed:0.97875
good action:0.95525
explosions:0.939
fight scenes:0.91025
realistic action:0.8875
violence:0.8435
revenge:0.83875
pg-13:0.83025
dialogue:0.8285
weapons:0.82525
vengeance:0.81925
big budget:0.801
franchise:0.7985
fast paced:0.71875
chase:0.69875
silly:0.688
superheroes:0.684
plot:0.66675
fun movie:0.666
fighting:0.664
mentor:0.65875
sequel:0.6575
gunfight:0.65
original:0.646
lone hero:0.6355
fun:0.619
guns:0.60425
nostalgic:0.60375
violent:0.60175
gratuitous violence:0.5845
arnold:0.58125
story:0.57075
predictable:0.56725
arms dealer:0.565
cool:0.564
bad acting:0.55875
blood:0.5445
super hero:0.5375
car chase:0.53225
ensemble cast:0.5135
brutality:0.49075
silly fun:0.48075
great ending:0.46275
entertaining:0.46275
motorcycle:0.4605
ridiculous:0.45875
pornography:0.45275
torture:0.4515
special effects:0.451
not funny:0.44725
so bad it's funny:0.432
better than expected:0.43175
stylish:0.42725
transformation:0.425
bad plot:0.424
buddy movie:0.42275
grindhouse:0.41275
goofy:0.408
bloody:0.40675
sequels:0.40625
cheesy:0.4055
superhero:0.40525
kung fu:0.39625
catastrophe:0.39375
assassination:0.3935
crude humor:0.38375
absurd:0.3815
life philosophy:0.378
exciting:0.37725
great:0.377
brutal:0.37475
comic:0.36275
ninja:0.362
betrayal:0.35925
plot holes:0.35525
stereotypes:0.354
murder:0.354
no plot:0.3465
bad cgi:0.34625
dark hero:0.3425
redemption:0.34175
80s:0.34125
good soundtrack:0.33925
survival:0.339
gangs:0.338
classic car:0.33675
runaway:0.3355
good sequel:0.327
gangsters:0.32275
fantasy world:0.32225
culture clash:0.31975
adapted from:comic:0.31725
cgi:0.31475
entirely dialogue:0.3135
splatter:0.31225
visually appealing:0.3075
good:0.30575
storytelling:0.30525
anti-hero:0.30225
