space:0.9995
astronauts:0.997
space travel:0.9965
sci-fi:0.99525
scifi:0.98975
mars:0.9845
science fiction:0.984
sci fi:0.98075
nasa:0.97775
science:0.959
aliens:0.9165
visually stunning:0.9065
first contact:0.8855
storytelling:0.874
alien:0.8685
great ending:0.852
fake documentary:0.8465
futuristic:0.84525
original:0.8075
technology:0.79775
low budget:0.77325
cerebral:0.76625
visually appealing:0.74825
moon:0.748
teleportation:0.74475
special effects:0.73175
big budget:0.72375
claustrophobic:0.721
future:0.689
visual:0.6705
natural disaster:0.67
existentialism:0.666
mindfuck:0.654
life & death:0.64375
effects:0.629
bad science:0.626
non-linear:0.60525
post apocalyptic:0.59975
plot:0.5795
catastrophe:0.57675
so bad it's funny:0.56525
nonlinear:0.5535
cinematography:0.55175
solitude:0.55125
enigmatic:0.548
life philosophy:0.54775
weird:0.53625
plot holes:0.53525
good soundtrack:0.53275
space program:0.52925
interesting:0.52575
intelligent sci-fi:0.52375
loneliness:0.522
alien invasion:0.5215
story:0.5175
light:0.517
transformation:0.51475
very interesting:0.50525
allegory:0.493
creativity:0.48225
space opera:0.47175
monster:0.4705
post-apocalyptic:0.4685
meditative:0.46125
pg-13:0.45775
slow paced:0.454
pointless:0.45025
drama:0.447
sacrifice:0.44575
philosophical:0.44525
thought-provoking:0.4435
suspense:0.43775
dialogue:0.43025
visuals:0.4255
predictable:0.4215
tricky:0.41675
idiotic:0.41025
brainwashing:0.405
imagination:0.4015
self discovery:0.4005
not funny:0.39625
unusual plot structure:0.39525
isolation:0.39125
cloning:0.38725
surveillance:0.384
twists & turns:0.38025
good acting:0.3775
death:0.375
clones:0.37425
stranded:0.36875
great:0.36575
twist:0.36375
destiny:0.35975
humanity:0.3595
slow:0.359
entirely dialogue:0.3565
psychological:0.35625
mentor:0.35275
suprisingly clever:0.352
absurd:0.35075
