good action:0.8135
action:0.7385
original:0.72725
comedy:0.72025
surveillance:0.6645
predictable:0.60375
very funny:0.52575
heist:0.50925
funny:0.50875
storytelling:0.48
action packed:0.46275
mentor:0.459
entertaining:0.4465
fight scenes:0.44275
dialogue:0.42675
catastrophe:0.42425
fast paced:0.421
good:0.41175
dramatic:0.40475
drama:0.40275
great ending:0.37725
twists & turns:0.3685
family:0.347
big budget:0.34625
vengeance:0.34475
fun movie:0.34125
humorous:0.33875
so bad it's funny:0.33775
technology:0.33675
brutality:0.3365
adaptation:0.32675
lone hero:0.32675
first contact:0.31825
stereotypes:0.318
chase:0.31425
bad plot:0.312
unfunny:0.31075
pg-13:0.30475
buddy movie:0.2985
overrated:0.29775
fbi:0.296
fun:0.2885
life philosophy:0.282
fantasy world:0.2805
women:0.2785
not funny:0.2775
runaway:0.276
sexy:0.27575
entirely dialogue:0.2735
good soundtrack:0.26325
destiny:0.26225
police investigation:0.2615
story:0.26075
computer animation:0.26025
silly fun:0.2555
suspense:0.25475
prison:0.25325
very interesting:0.25325
special effects:0.2455
childhood:0.24525
very good:0.24375
bad:0.242
culture clash:0.2395
unusual plot structure:0.23875
voyeurism:0.2385
better than expected:0.237
melancholic:0.237
visually appealing:0.237
natural disaster:0.2345
great:0.23325
light:0.23175
betrayal:0.23075
oscar (best directing):0.229
redemption:0.22875
shallow:0.22825
cool:0.22625
oscar:0.22525
weapons:0.225
imdb top 250:0.22425
teen movie:0.223
crude humor:0.21975
girlie movie:0.218
justice:0.21675
silly:0.2165
disaster:0.21625
violent:0.215
nudity (full frontal - brief):0.21475
clever:0.2145
cinematography:0.21375
corruption:0.2125
pornography:0.2095
nudity (topless - notable):0.2085
great acting:0.20725
visual:0.20675
visually stunning:0.20525
stylish:0.20125
quirky:0.19925
dreamlike:0.198
sci fi:0.19775
suspenseful:0.19725
