spoof:0.9995
parody:0.97975
silly fun:0.937
comedy:0.869
humorous:0.7925
saturday night live:0.7745
slapstick:0.75275
goofy:0.74375
original:0.73025
devil:0.69475
humor:0.689
silly:0.65125
nudity (topless):0.64775
predictable:0.62925
stupid as hell:0.613
hilarious:0.5855
funny as hell:0.56425
so bad it's funny:0.56
mentor:0.54975
dumb but funny:0.539
great ending:0.5115
fantasy world:0.494
special effects:0.47
destiny:0.45
fun movie:0.44775
bad plot:0.44125
cult classic:0.43975
fight scenes:0.43325
catastrophe:0.43225
absurd:0.4315
horror:0.425
life philosophy:0.41375
dialogue:0.408
unusual plot structure:0.40475
redemption:0.4025
funny:0.4005
brutality:0.39825
first contact:0.386
cult film:0.3825
fun:0.3815
screwball:0.37925
overrated:0.377
adaptation:0.375
very funny:0.37325
storytelling:0.37
franchise:0.364
crude humor:0.36275
stupid:0.35925
lone hero:0.3585
melancholic:0.355
airplane:0.35425
disaster:0.3525
gangsters:0.3515
weapons:0.3475
existentialism:0.3465
vengeance:0.3455
great:0.3435
story:0.341
mad scientist:0.34075
male nudity:0.33225
chase:0.324
idiotic:0.322
justice:0.32175
pornography:0.31725
sci fi:0.31725
satirical:0.31475
good:0.3135
splatter:0.312
natural disaster:0.31125
family:0.307
nudity (full frontal - brief):0.30475
entirely dialogue:0.29875
satire:0.2965
quirky:0.295
camp:0.295
life & death:0.29425
good soundtrack:0.29375
fantasy:0.2925
violence:0.291
runaway:0.28675
crappy sequel:0.28625
sequels:0.28625
shallow:0.2855
nudity (topless - notable):0.285
pg-13:0.281
adapted from:comic:0.27875
pulp:0.27775
death:0.27675
farce:0.27575
culture clash:0.27225
bad ending:0.272
science fiction:0.271
ridiculous:0.26825
twists & turns:0.267
visually appealing:0.26675
writers:0.26575
stereotypes:0.2655
stupidity:0.26475
campy:0.26075
police investigation:0.26075
