love:0.991
writer's life:0.974
loneliness:0.97125
melancholic:0.9645
relationships:0.93075
enigmatic:0.92975
cinematography:0.9245
melancholy:0.91375
meditative:0.9125
stylized:0.89
hotel:0.8825
reflective:0.86425
androids:0.85725
art house:0.83775
intimate:0.81425
amazing cinematography:0.81225
visual:0.80725
visually stunning:0.7925
erotic:0.78325
memory:0.773
futuristic:0.769
non-linear:0.76825
beautifully filmed:0.76525
visually appealing:0.7515
love story:0.74925
existentialism:0.74325
life philosophy:0.743
criterion:0.739
future:0.71625
nocturnal:0.71325
atmospheric:0.6965
weird:0.6955
beautiful:0.6955
obsession:0.6825
romance:0.67025
original:0.668
romantic:0.667
great cinematography:0.661
beautiful scenery:0.653
cerebral:0.6515
allegory:0.642
complex:0.6395
breathtaking:0.639
bittersweet:0.6335
stunning:0.61575
dreamlike:0.61025
storytelling:0.596
writers:0.5845
1960s:0.579
women:0.57425
pretentious:0.5725
passionate:0.56675
hong kong:0.56175
philosophical:0.5595
artistic:0.55625
sci fi:0.55325
life & death:0.54575
golden palm:0.54375
masterpiece:0.537
dialogue:0.5245
love triangles:0.51775
wistful:0.516
science fiction:0.51175
colourful:0.503
very interesting:0.48825
narrated:0.476
talky:0.471
mentor:0.467
slow:0.4655
intellectual:0.462
art:0.46175
slow paced:0.456
stylish:0.44625
entirely dialogue:0.441
nudity (full frontal - notable):0.43925
great ending:0.435
confusing:0.43325
secrets:0.43275
surreal:0.432
nonlinear:0.43025
photography:0.42625
vengeance:0.42475
affectionate:0.42125
emotional:0.41775
pornography:0.41025
destiny:0.41025
memory loss:0.41
story:0.40125
catastrophe:0.39875
runaway:0.39275
moody:0.39175
poetry:0.3915
scifi:0.38775
sexy:0.38325
artsy:0.3765
culture clash:0.3725
unusual plot structure:0.372
censorship:0.357
lyrical:0.34775
bleak:0.345
