animation:0.9945
oscar (best animated feature):0.99375
computer animation:0.97725
cartoon:0.9445
kids:0.9295
animated:0.911
kids and family:0.88325
fun movie:0.77925
childhood:0.778
children:0.77475
animals:0.7365
family:0.732
original:0.7315
pixar animation:0.70325
fun:0.694
cute:0.66925
talking animals:0.6435
cute!:0.623
creativity:0.59775
alien:0.579
adventure:0.576
story:0.5745
colourful:0.55325
entertaining:0.54575
dialogue:0.5445
fantasy world:0.53375
space opera:0.5335
clever:0.5325
3d:0.52625
fantasy:0.51975
great:0.4825
bullying:0.468
aliens:0.46725
predictable:0.4515
cool:0.445
fast paced:0.4415
graphic design:0.43875
bad plot:0.4375
catastrophe:0.43725
animal movie:0.4295
stereotypes:0.41075
great ending:0.41025
sci fi:0.4055
humorous:0.39875
crude humor:0.3945
mentor:0.39275
good:0.392
toys:0.387
monsters:0.386
storytelling:0.3825
visual:0.37275
space:0.3685
very funny:0.36625
goofy:0.35975
first contact:0.35525
silly fun:0.34875
redemption:0.34725
twists & turns:0.34675
light:0.345
school:0.335
destiny:0.335
culture clash:0.326
weird:0.325
disney:0.325
funny:0.31925
humor:0.3185
visuals:0.3145
girlie movie:0.312
imdb top 250:0.3115
too short:0.31025
overrated:0.31
alter ego:0.30925
unfunny:0.3045
silly:0.3035
good soundtrack:0.3035
shallow:0.2975
dinosaurs:0.29675
witty:0.2955
melancholic:0.2905
lone hero:0.28975
stylized:0.2885
so bad it's funny:0.28625
runaway:0.28375
simple:0.28375
pornography:0.283
slapstick:0.28225
life philosophy:0.28175
brutality:0.28
entirely dialogue:0.2795
dreamworks:0.2795
genius:0.2755
adaptation:0.27175
good dialogue:0.27175
chase:0.27075
fight scenes:0.2665
vengeance:0.26275
not funny:0.2615
technology:0.25875
science:0.2575
police investigation:0.2535
