love story:0.9705
romantic:0.969
romance:0.9625
based on a book:0.94675
chick flick:0.928
romantic comedy:0.90725
relationships:0.7985
girlie movie:0.73775
beautiful scenery:0.71125
sappy:0.71125
predictable:0.70325
doctors:0.66575
happy ending:0.6345
cheating:0.6315
first contact:0.5925
love:0.57625
marriage:0.57475
so bad it's funny:0.5725
original:0.57225
catastrophe:0.56575
books:0.557
life philosophy:0.5405
destiny:0.53025
natural disaster:0.52525
tear jerker:0.4905
death:0.475
divorce:0.46925
good romantic comedies:0.46825
mentor:0.46075
bad acting:0.4135
erotic:0.41
shallow:0.40775
not funny:0.3885
passionate:0.388
good soundtrack:0.37875
teen movie:0.3745
transformation:0.3645
dialogue:0.35325
writers:0.351
latin america:0.35025
redemption:0.348
bad ending:0.3455
solitude:0.34275
sacrifice:0.339
feel-good:0.337
great ending:0.331
underrated:0.33025
unfunny:0.32525
better than expected:0.32375
nudity (full frontal - brief):0.32175
shopping:0.318
unrealistic:0.31725
runaway:0.314
lone hero:0.31
hospital:0.3025
bad plot:0.29975
great:0.29575
culture clash:0.2955
chase:0.2885
disaster:0.28675
betrayal:0.279
drama:0.2775
fantasy world:0.27625
melancholic:0.275
feel good movie:0.27375
teen:0.2735
island:0.272
overrated:0.2715
entirely dialogue:0.2705
fun movie:0.268
sexy:0.26675
adaptation:0.266
emotional:0.26125
sweet:0.261
sentimental:0.25675
touching:0.252
brutality:0.24975
guilt:0.2485
cancer:0.24725
nudity (topless - notable):0.23875
fight scenes:0.2385
slapstick:0.23125
demons:0.23075
good action:0.22975
good:0.22875
life & death:0.22675
internet:0.225
loneliness:0.2225
alien invasion:0.22075
nudity (rear):0.218
absurd:0.21775
story:0.21575
big budget:0.2155
police investigation:0.215
crude humor:0.21075
women:0.21025
storytelling:0.20775
vampire human love:0.207
silly:0.206
nudity (full frontal - notable):0.20575
