superheroes:0.9915
superhero:0.99
super hero:0.98875
based on a comic:0.966
adapted from:comic:0.94
original:0.9385
pg-13:0.915
story:0.91075
dc comics:0.88625
comic book:0.8855
vengeance:0.881
graphic novel:0.874
justice:0.87275
animation:0.87225
comics:0.86875
violence:0.85725
storytelling:0.854
super-hero:0.84875
dark hero:0.813
visually appealing:0.80875
weapons:0.79225
series:0.7875
complex:0.78675
comic:0.7865
social commentary:0.7805
action:0.7765
violent:0.7735
adaptation:0.77275
fast paced:0.77075
plot:0.7605
cartoon:0.75475
action packed:0.74625
dialogue:0.7455
interesting:0.74075
destiny:0.73525
based on comic:0.73225
stylish:0.725
technology:0.7215
good:0.7205
gunfight:0.7055
fight scenes:0.70075
dark:0.69625
nostalgic:0.6955
franchise:0.69475
good action:0.68575
utopia:0.6825
great ending:0.678
chase:0.66225
moral ambiguity:0.66075
clever:0.6605
fighting:0.6525
aliens:0.64175
dynamic cgi action:0.638
corruption:0.6325
marvel:0.622
big budget:0.6195
conspiracy:0.6195
original plot:0.61725
cold war:0.6165
visually stunning:0.61475
paranoia:0.6125
future:0.6115
sci fi:0.61
batman:0.606
allegory:0.588
mentor:0.58375
visual:0.5785
giant robots:0.57575
good soundtrack:0.5755
unusual plot structure:0.57325
plot holes:0.57325
science fiction:0.567
cool:0.56325
suspenseful:0.5625
apocalypse:0.56075
space:0.55925
blood:0.55875
brutality:0.55575
highly quotable:0.55075
alter ego:0.55
animal movie:0.5485
nudity (full frontal - brief):0.5445
dystopia:0.53825
special effects:0.53725
plot twist:0.53625
tokyo:0.536
anti-hero:0.53325
vigilante:0.5305
scifi:0.52825
very interesting:0.5255
confusing:0.52525
intense:0.525
humor:0.5225
vigilantism:0.52225
redemption:0.5185
ethnic conflict:0.5135
goofy:0.5115
good versus evil:0.51125
alternate history:0.50975
suspense:0.5035
