homeless:0.96725
london:0.8485
fight scenes:0.75825
redemption:0.7185
drama:0.6885
gangsters:0.6195
brutality:0.61175
original:0.601
justice:0.55325
action:0.5485
drinking:0.54425
british:0.5165
hitman:0.51075
happy ending:0.479
crime:0.47825
demons:0.4735
good action:0.4675
mentor:0.46625
grindhouse:0.44325
hit men:0.43425
violence:0.42775
prostitution:0.4005
revenge:0.39425
great ending:0.38675
catastrophe:0.379
predictable:0.37675
not funny:0.36025
dramatic:0.34675
guilt:0.339
mafia:0.3365
nudity (full frontal - notable):0.329
romance:0.32725
violent:0.32525
life philosophy:0.3145
wuxia:0.31075
moral ambiguity:0.30975
weapons:0.30875
gritty:0.3065
dialogue:0.30325
action packed:0.2995
destiny:0.29275
lone hero:0.29075
vengeance:0.29
reflective:0.28225
complex:0.28075
fantasy world:0.27675
character study:0.26575
story:0.2635
underrated:0.2625
emotional:0.261
good:0.26025
life & death:0.25875
so bad it's funny:0.25825
writers:0.252
wartime:0.25025
first contact:0.24975
pornography:0.248
nocturnal:0.23475
entirely dialogue:0.23225
car chase:0.2295
feel-good:0.227
harsh:0.2245
love story:0.224
goofy:0.21625
adaptation:0.21575
psychological:0.2155
unfunny:0.21475
runaway:0.21225
loneliness:0.21175
bad ending:0.209
corruption:0.20825
england:0.20275
directorial debut:0.2025
classic car:0.202
storytelling:0.20125
cinematography:0.20125
exceptional acting:0.2
nudity (full frontal - brief):0.2
great acting:0.19875
relationships:0.19825
surveillance:0.197
betrayal:0.19475
bad plot:0.1945
criterion:0.19325
sexual abuse:0.19225
surreal:0.19175
melancholic:0.19075
secrets:0.1875
enigmatic:0.1875
beautiful scenery:0.187
passionate:0.185
vigilante:0.1835
bullying:0.18175
overrated:0.18125
culture clash:0.18125
talky:0.18075
romantic:0.1785
crude humor:0.1785
bleak:0.17825
very funny:0.17725
