christianity:0.99025
christian:0.98875
history:0.9825
islam:0.977
religion:0.975
historical:0.9745
egypt:0.9515
atheism:0.88875
biblical:0.875
slavery:0.852
sacrifice:0.84925
jews:0.847
visually appealing:0.83175
science:0.826
us history:0.79625
god:0.78975
powerful ending:0.789
complex:0.77425
factual:0.76625
philosophical:0.76175
dramatic:0.7585
politics:0.75575
judaism:0.75375
genocide:0.74975
jesus:0.74675
greed:0.746
original:0.74175
cinematography:0.71675
destiny:0.70275
golden palm:0.6735
mathematics:0.66425
political:0.6605
beautiful scenery:0.66025
very interesting:0.6555
storytelling:0.65075
drama:0.64975
social commentary:0.63075
allegory:0.63
thought-provoking:0.626
idealism:0.617
courage:0.6135
visually stunning:0.60925
psychiatry:0.606
period piece:0.6035
story:0.6
intellectual:0.59475
great acting:0.59175
catastrophe:0.591
fascism:0.587
life & death:0.57225
melancholic:0.5625
based on true story:0.5615
mentor:0.556
rome:0.5485
brutality:0.54725
survival:0.5425
medieval:0.53525
tragedy:0.5315
anti-semitism:0.5305
freedom:0.52525
scenic:0.5225
interesting:0.5215
stunning:0.5205
beautifully filmed:0.51825
justice:0.51225
prejudice:0.51
love story:0.5075
humanity:0.49375
intelligent:0.487
great ending:0.48475
breathtaking:0.4825
dialogue:0.4745
alone in the world:0.4715
good acting:0.467
philosophy:0.4595
passionate:0.457
true story:0.456
great:0.45375
oscar:0.45175
revolution:0.44975
spanish:0.44575
technology:0.44425
imagination:0.44125
earnest:0.43675
forceful:0.4355
cerebral:0.43475
based on book:0.43225
epic:0.4315
betrayal:0.43125
ethnic conflict:0.42725
transformation:0.4245
runaway:0.42325
propaganda:0.42275
corruption:0.42175
blindness:0.41725
spain:0.41725
death:0.40925
light:0.40725
suprisingly clever:0.4
good:0.396
