horror:0.961
based on true story:0.95675
true story:0.946
demons:0.9385
catholicism:0.936
supernatural:0.9345
courtroom:0.91
religion:0.8905
based on a true story:0.88875
creepy:0.839
suspense:0.81625
original:0.797
devil:0.7885
pg-13:0.781
christianity:0.758
death:0.75175
courtroom drama:0.741
frightening:0.7365
psychological:0.73375
lawyers:0.71125
scary:0.69675
disturbing:0.691
splatter:0.67825
intense:0.67525
story:0.66425
suspenseful:0.6635
lawyer:0.63925
great ending:0.635
gory:0.633
psychology:0.63
god:0.62375
drama:0.62
good:0.616
police investigation:0.59925
better than expected:0.584
life & death:0.5735
writer's life:0.5695
weird:0.564
transformation:0.52325
doctors:0.519
mental illness:0.51225
murder:0.50875
best of 2005:0.49675
excellent script:0.488
eerie:0.47975
torture:0.47725
brutality:0.477
atmospheric:0.477
pornography:0.46375
dark:0.462
court:0.4615
good acting:0.4585
tense:0.45775
blood:0.45575
twist:0.4555
mentor:0.45275
exceptional acting:0.446
good soundtrack:0.44525
justice:0.44325
science:0.44225
sexualized violence:0.44175
great acting:0.4395
ominous:0.43675
predictable:0.436
thought-provoking:0.435
storytelling:0.43075
insanity:0.42675
dramatic:0.42625
catastrophe:0.42475
runaway:0.422
adaptation:0.42175
special effects:0.4145
jesus:0.4065
macabre:0.40375
dialogue:0.395
excellent:0.39425
good versus evil:0.3905
serial killer:0.389
stupid as hell:0.38075
bad cgi:0.3755
great:0.3725
child abuse:0.3685
interesting:0.368
sacrifice:0.3665
not funny:0.36525
adapted from:book:0.365
apocalypse:0.36375
witches:0.36075
bad ending:0.35575
thriller:0.3555
revenge:0.34825
violence:0.34775
first contact:0.34625
fantasy world:0.34425
spiders:0.3405
horrible:0.3385
corruption:0.33625
destiny:0.334
investigation:0.33125
guilt:0.329
