assassin:0.99275
action:0.95425
assassination:0.927
chase:0.90625
assassins:0.90375
good soundtrack:0.862
original:0.86175
fast paced:0.8605
cinematography:0.85025
good action:0.84875
stylish:0.82375
plot:0.8145
secrets:0.8125
plot holes:0.80825
vengeance:0.80575
fight scenes:0.80275
action packed:0.79325
coming of age:0.787
spying:0.77675
awesome soundtrack:0.7765
hit men:0.764
intense:0.764
coming-of-age:0.76325
revenge:0.75175
amazing photography:0.737
survival:0.722
mentor:0.71675
violent:0.7165
good acting:0.706
violence:0.70375
runaway:0.70225
pg-13:0.69625
visually appealing:0.6885
weapons:0.68
stylized:0.6745
espionage:0.65425
cia:0.651
hitman:0.647
storytelling:0.64525
visually stunning:0.64075
thriller:0.62525
spy:0.6225
great soundtrack:0.6205
suspense:0.602
story:0.60075
brutality:0.6
spies:0.578
visceral:0.57325
pornography:0.56825
great ending:0.56
visual:0.55825
culture clash:0.5505
great acting:0.544
adolescence:0.53175
wilderness:0.5305
conspiracy:0.5235
gratuitous violence:0.521
great cinematography:0.5135
good:0.50875
murder:0.50675
car chase:0.505
redemption:0.50475
lone hero:0.50425
brothers:0.501
guns:0.492
scenic:0.48825
exciting:0.484
dialogue:0.48375
cool:0.48175
corruption:0.478
social commentary:0.476
harsh:0.475
adaptation:0.4735
adapted from:book:0.47325
weird:0.46775
unlikely friendships:0.46425
based on a book:0.464
allegory:0.46025
drama:0.455
interesting:0.45075
teenager:0.44975
betrayal:0.448
tense:0.44725
catastrophe:0.43025
hunting:0.42025
good music:0.41375
fantasy world:0.4115
suspenseful:0.40625
classic car:0.4055
surveillance:0.404
twists & turns:0.403
identity:0.401
loneliness:0.3995
absurd:0.3975
family drama:0.3975
beautiful scenery:0.39575
realistic:0.3935
surreal:0.38975
family:0.389
beautifully filmed:0.387
