loneliness:0.98075
francis ford copolla:0.965
father daughter relationship:0.96
existentialism:0.88675
melancholic:0.86575
relationships:0.86
reflective:0.83575
slow paced:0.82225
strippers:0.81775
meditative:0.792
solitude:0.784
intimate:0.77925
sophia coppola:0.761
bleak:0.74775
enigmatic:0.73475
pointless:0.73425
character study:0.73275
boring!:0.72375
depression:0.71075
drinking:0.7025
original:0.698
life:0.65
boring:0.6415
pretentious:0.63825
melancholy:0.63775
life philosophy:0.62825
cinematography:0.6155
road movie:0.59175
life & death:0.5895
pornography:0.5845
art house:0.58175
storytelling:0.572
slow:0.55325
talky:0.5515
criterion:0.55125
dialogue:0.5505
stylized:0.5415
tokyo:0.53925
hotel:0.52775
great ending:0.51825
nocturnal:0.5165
art:0.51275
allegory:0.50825
golden palm:0.50075
weird:0.5
very interesting:0.49975
redemption:0.49475
social commentary:0.48575
nudity (topless):0.48175
visually appealing:0.471
good soundtrack:0.468
single father:0.4565
mentor:0.44975
wistful:0.442
runaway:0.43975
vengeance:0.43725
artistic:0.43625
indie:0.43325
los angeles:0.4325
cerebral:0.4115
too long:0.40175
drama:0.3975
death:0.396
mental illness:0.3925
harsh:0.392
stoner movie:0.388
obsession:0.3785
catastrophe:0.3785
bittersweet:0.37525
emotional:0.3745
bad ending:0.37375
shallow:0.35975
surreal:0.3595
entirely dialogue:0.35075
isolation:0.3505
brutality:0.347
grindhouse:0.34025
honest:0.3395
drugs:0.33575
adolescence:0.33225
not funny:0.32725
philosophy:0.32125
complex:0.32025
writers:0.32
depressing:0.3175
independent film:0.31575
revenge:0.3145
dysfunctional family:0.3095
philosophical:0.30625
interesting:0.305
long:0.30225
sad:0.28625
childhood:0.28575
imdb top 250:0.28525
unusual plot structure:0.28475
first contact:0.2835
dark hero:0.2795
utopia:0.27675
dreams:0.27625
quirky:0.276
