genocide:0.90425
war:0.87875
war movie:0.84325
based on true story:0.795
dramatic:0.751
original:0.74475
united nations:0.73075
drama:0.71
politics:0.7015
political:0.7005
islam:0.699
ethnic conflict:0.678
corruption:0.64775
prejudice:0.641
sad but good:0.636
catastrophe:0.6045
satirical:0.59275
good:0.59175
best war films:0.591
revenge:0.57925
fun movie:0.57275
powerful ending:0.5675
true story:0.5615
harsh:0.54425
wartime:0.542
brutality:0.53175
civil war:0.52775
storytelling:0.52375
culture clash:0.5155
story:0.513
satire:0.512
intense:0.5075
mentor:0.506
journalism:0.5045
narrated:0.5025
good soundtrack:0.49275
stereotypes:0.49075
world politics:0.487
sacrifice:0.481
good acting:0.474
historical:0.4725
survival:0.4645
realistic:0.46275
feel good movie:0.46025
justice:0.459
vengeance:0.452
great ending:0.447
conspiracy:0.4405
melancholic:0.4365
exceptional acting:0.43375
manipulation:0.431
factual:0.42975
betrayal:0.428
underrated:0.423
foreign:0.4225
transformation:0.42175
love story:0.4215
honest:0.41025
feel-good:0.40975
forceful:0.404
destiny:0.4035
humorous:0.40225
idealism:0.399
death:0.39825
greed:0.39125
us history:0.3875
courage:0.3845
propaganda:0.38275
life & death:0.38125
adaptation:0.3775
brainwashing:0.3775
torture:0.37575
cinematography:0.37575
dialogue:0.37525
absurd:0.3735
life philosophy:0.3715
great acting:0.36875
runaway:0.36125
irish accent:0.35825
entertaining:0.35625
beautiful scenery:0.35525
weapons:0.35525
based on a true story:0.35475
finnish:0.35375
secrets:0.352
nudity (full frontal - brief):0.34925
very good:0.349
predictable:0.342
emotional:0.34075
innocence lost:0.3405
interesting:0.3335
suprisingly clever:0.33075
hunting:0.32925
adventure:0.328
gritty:0.32425
excellent script:0.32325
pornography:0.322
social commentary:0.32125
nostalgic:0.31975
cynical:0.314
