dreams:0.81875
original:0.7915
internet:0.77675
great ending:0.72425
chick flick:0.677
creativity:0.6195
fun movie:0.607
feel-good:0.59075
first contact:0.57075
family:0.5515
predictable:0.547
romantic:0.54075
reality tv:0.53475
documentary:0.53375
destiny:0.5275
inspirational:0.50675
chase:0.497
fun:0.48825
mentor:0.47125
geeks:0.46925
childhood:0.46475
inspiring:0.461
catastrophe:0.459
so bad it's funny:0.45225
fantasy:0.4505
pornography:0.446
art:0.44175
entertaining:0.441
good:0.435
fantasy world:0.42325
imdb top 250:0.41475
storytelling:0.4135
great:0.41125
feel good movie:0.4085
redemption:0.39675
pointless:0.39375
shopping:0.3905
clever:0.37975
love story:0.3755
passionate:0.373
overrated:0.3725
goofy:0.3725
story:0.36575
death:0.36425
graphic design:0.364
allegory:0.36375
unlikely friendships:0.359
dialogue:0.35875
romantic comedy:0.358
life philosophy:0.3575
fight scenes:0.3535
bad plot:0.351
technology:0.348
oscar (best directing):0.3475
cute:0.34425
light:0.3415
memory:0.33775
natural disaster:0.33775
scary:0.33725
adapted from:book:0.3365
very funny:0.33625
brutality:0.3325
franchise:0.33225
cool:0.33125
suprisingly clever:0.3285
girlie movie:0.32725
sci fi:0.32725
big budget:0.32325
geek:0.3215
cute!:0.32075
great acting:0.3125
culture clash:0.309
special effects:0.30325
intimate:0.303
honest:0.302
visually appealing:0.29825
dreamlike:0.29775
great movie:0.296
good soundtrack:0.296
transformation:0.29525
dramatic:0.295
happy ending:0.29275
simple:0.291
obsession:0.29075
melancholic:0.2895
exciting:0.286
special:0.28575
children:0.28425
murder:0.28325
adaptation:0.282
emotional:0.2815
interesting:0.2815
secret service:0.28075
life & death:0.27925
exceptional acting:0.27675
fast paced:0.27625
writers:0.27475
suspense:0.274
greed:0.27225
adventure:0.26875
