weird:0.9285
cult film:0.91025
horror:0.86575
creepy:0.86225
lynch:0.85525
cult classic:0.8085
strange:0.80525
demons:0.792
enigmatic:0.75525
supernatural:0.73325
so bad it's funny:0.70775
disturbing:0.70625
detective:0.70575
serial killer:0.7
bizarre:0.69075
original:0.68525
police investigation:0.67125
splatter:0.654
ominous:0.6415
low budget:0.62175
violent:0.615
eerie:0.58175
brutality:0.57875
investigation:0.57625
cult:0.57275
mystery:0.57175
insanity:0.56675
stylish:0.56675
gory:0.56225
surreal:0.56125
god:0.55375
nudity (full frontal - notable):0.541
macabre:0.52825
sci fi:0.5195
science fiction:0.519
murder:0.514
twists & turns:0.49025
suspenseful:0.47775
scifi:0.47725
tense:0.472
atmospheric:0.469
paranoid:0.464
campy:0.45975
scary:0.44675
grindhouse:0.44075
visceral:0.43825
suspense:0.437
unusual plot structure:0.42675
great ending:0.4195
kidnapping:0.41625
hallucinatory:0.4025
violence:0.40025
quirky:0.3995
catastrophe:0.3875
alien:0.3775
pointless:0.374
weapons:0.3635
criterion:0.36225
not funny:0.34875
mentor:0.344
allegory:0.335
complex:0.3345
sexualized violence:0.33275
crime gone awry:0.3265
classic car:0.322
dreamlike:0.31875
sci-fi:0.31725
dialogue:0.31625
bloody:0.31125
stylized:0.308
erotic:0.30025
nudity (full frontal - brief):0.29975
cinematography:0.2975
mad scientist:0.29675
obsession:0.29525
runaway:0.2875
bad ending:0.28675
slasher:0.28525
teleportation:0.285
gore:0.28475
absurd:0.2835
life & death:0.28325
lone hero:0.27875
life philosophy:0.27725
gruesome:0.27475
hospital:0.26825
special effects:0.26325
chase:0.262
80s:0.2605
black comedy:0.258
gunfight:0.257
entirely dialogue:0.25575
doctors:0.25525
great:0.254
virus:0.2485
hit men:0.24575
claustrophobic:0.24075
psychological:0.23975
torture:0.23925
camp:0.23325
