god:0.99475
religion:0.98525
science:0.9615
christian:0.9375
biblical:0.902
conspiracy theory:0.8775
christianity:0.87275
destiny:0.872
predictable:0.859
jesus:0.85825
bad science:0.85425
propaganda:0.8215
original:0.8065
family:0.79925
pg-13:0.77775
genetics:0.7745
evolution:0.75775
big budget:0.75225
intellectual:0.73075
islam:0.714
manipulation:0.6965
internet:0.6865
factual:0.678
catastrophe:0.65875
idiotic:0.6475
judaism:0.64475
mentor:0.6355
bad plot:0.58925
so bad it's funny:0.5875
global warming:0.58275
shallow:0.57875
brainwashing:0.571
sci fi:0.56725
plot holes:0.549
natural disaster:0.5425
computer animation:0.52925
great ending:0.52825
technology:0.52375
overrated:0.52125
fight scenes:0.5095
complex:0.5025
freedom:0.5
censorship:0.4955
genocide:0.494
fantasy:0.483
science fiction:0.4785
free speech:0.47725
courage:0.477
special effects:0.47575
existentialism:0.46925
atheism:0.4585
dynamic cgi action:0.4575
metaphysics:0.45525
first contact:0.455
horrible:0.448
bullshit history:0.44175
alter ego:0.4385
life philosophy:0.43525
fantasy world:0.4325
alternate reality:0.43025
parallel universe:0.42275
lame:0.4215
happy ending:0.4155
dialogue:0.409
intelligent:0.40675
philosophical:0.39875
jews:0.39575
conspiracy:0.39475
animals:0.394
disaster:0.38575
light:0.38075
redemption:0.375
thought-provoking:0.37425
romantic:0.37175
pointless:0.37075
bad acting:0.3675
not funny:0.36075
remake:0.35825
passionate:0.3535
action packed:0.35075
nocturnal:0.347
justice:0.34475
chase:0.34325
silly:0.342
story:0.3415
product placement:0.33975
imdb top 250:0.335
runaway:0.334
good:0.331
ridiculous:0.32575
franchise:0.32575
bad cgi:0.32375
culture clash:0.32125
girlie movie:0.31325
books:0.31275
mythology:0.31175
greed:0.3115
adaptation:0.3085
feel-good:0.3085
weapons:0.307
