wartime:0.96175
nazis:0.9355
espionage:0.93275
secrets:0.929
world war ii:0.90125
nazi:0.89775
spying:0.896
spy:0.8065
great ending:0.8025
murder mystery:0.799
wwii:0.75475
mystery:0.75175
adventure:0.73725
series:0.7015
spies:0.68625
chase:0.6725
detective:0.66825
england:0.66025
weapons:0.6525
london:0.6385
original:0.63775
story:0.621
scotland:0.57475
original plot:0.554
irish accent:0.4985
mentor:0.49025
enigmatic:0.488
investigation:0.48175
life & death:0.4785
light:0.4735
whimsical:0.46525
period piece:0.4635
storytelling:0.4625
dialogue:0.456
1930s:0.4555
greed:0.44925
silly fun:0.44525
complex:0.44325
pulp:0.42875
cerebral:0.42475
imagination:0.41575
catastrophe:0.4105
runaway:0.40775
adaptation:0.4075
british:0.406
based on a play:0.40375
excellent:0.402
bombs:0.401
underrated:0.39175
justice:0.37825
too short:0.37525
fantasy world:0.37225
supernatural:0.372
criterion:0.371
first contact:0.365
tricky:0.36375
great:0.3625
doctors:0.3605
obsession:0.35075
germany:0.349
police investigation:0.3475
fun movie:0.34575
lone hero:0.3405
secret service:0.33925
classic:0.336
courage:0.33375
interesting:0.33225
betrayal:0.3305
very interesting:0.32425
destiny:0.32075
great movie:0.3195
propaganda:0.31925
culture clash:0.31375
not funny:0.31125
redemption:0.31075
silly:0.31025
life philosophy:0.306
enormously long battle scene:0.3015
atmospheric:0.301
great acting:0.3
classic car:0.29825
good:0.298
suprisingly clever:0.29475
fast paced:0.292
franchise:0.29175
entertaining:0.288
sci fi:0.28775
death:0.28725
earnest:0.282
cinematography:0.277
murder:0.277
imdb top 250:0.27675
mad scientist:0.27625
suspense:0.27325
nocturnal:0.271
kidnapping:0.27025
brutality:0.26725
books:0.266
vengeance:0.2645
wilderness:0.26425
