action:0.9785
conspiracy:0.96825
good action:0.937
car chase:0.91225
based on a book:0.899
crime:0.8975
chase:0.88375
detective:0.8745
adapted from:book:0.8675
vigilante:0.8485
fight scenes:0.83475
lawyer:0.825
investigation:0.81575
action packed:0.81125
fast paced:0.8105
dialogue:0.79225
books:0.789
police investigation:0.78775
realistic action:0.7875
story:0.78375
based on book:0.7775
corruption:0.7715
plot:0.75125
pg-13:0.74725
murder:0.6885
assassination:0.68775
justice:0.687
violent:0.6795
original:0.64925
vengeance:0.63275
vigilantism:0.63275
twists & turns:0.6325
thriller:0.63025
weapons:0.624
good:0.6235
adaptation:0.6155
good soundtrack:0.6065
plot twist:0.601
pornography:0.57
revenge:0.5565
police:0.55525
runaway:0.5445
lone hero:0.54225
predictable:0.53875
suspense:0.53425
anti-hero:0.531
life philosophy:0.53075
great ending:0.53
guns:0.5275
mentor:0.5245
franchise:0.523
entertaining:0.51725
better than expected:0.51625
cool:0.4995
brutality:0.4945
exciting:0.48725
military:0.487
police corruption:0.47975
secrets:0.47275
lawyers:0.4685
pulp:0.46325
catastrophe:0.45575
big budget:0.45425
hitman:0.44675
book:0.44225
violence:0.43525
book was better:0.43375
kidnapping:0.4305
superheroes:0.42825
gunfight:0.42475
stylish:0.423
intense:0.42125
so bad it's funny:0.419
assassin:0.41375
storytelling:0.40775
dark hero:0.40475
torture:0.3975
bad acting:0.39675
arms dealer:0.38575
great:0.38275
plot holes:0.3765
hostage:0.37375
gangsters:0.37175
assassins:0.37175
sexy:0.371
culture clash:0.36975
conspiracy theory:0.362
betrayal:0.361
entirely dialogue:0.359
suspenseful:0.35875
very good:0.35825
enigmatic:0.3545
not funny:0.3535
classic car:0.345
explosions:0.34225
clever:0.34175
super hero:0.3385
talky:0.33725
mystery:0.336
silly:0.33275
