spying:0.9645
comedy:0.90875
spy:0.89125
space program:0.88175
mistaken identity:0.81975
espionage:0.7985
spies:0.7885
chase:0.77225
silly:0.7435
romance:0.7035
fun movie:0.7015
silly fun:0.69825
original:0.66925
romantic:0.65125
romantic comedy:0.6455
funny:0.6285
sex comedy:0.6235
farce:0.6105
unusual plot structure:0.60175
workplace:0.5875
slapstick:0.5845
saturday night live:0.57375
screwball comedy:0.55125
destiny:0.53125
nasa:0.50825
great:0.50775
family:0.4995
dialogue:0.4935
san francisco:0.491
hilarious:0.48875
sexy:0.485
fun:0.468
runaway:0.46675
very funny:0.46675
predictable:0.4565
mentor:0.44675
goofy:0.442
light:0.441
catastrophe:0.4395
creativity:0.435
technology:0.429
story:0.4285
alter ego:0.40925
island:0.40675
cold war:0.38725
journalism:0.385
cute!:0.3775
culture clash:0.3695
great ending:0.36325
futuristic:0.362
secrets:0.35925
spoof:0.352
adaptation:0.3505
satirical:0.34425
police investigation:0.3355
caper:0.3335
underrated:0.331
revenge:0.328
brutality:0.323
very interesting:0.31825
unfunny:0.31425
life philosophy:0.31425
fantasy world:0.314
fight scenes:0.3135
good:0.31125
happy ending:0.31
pg-13:0.30775
hawaii:0.30025
storytelling:0.29575
bad plot:0.29525
melancholic:0.29175
humorous:0.291
suprisingly clever:0.28775
vengeance:0.286
doctors:0.283
witty:0.28225
parody:0.28125
pornography:0.27075
cute:0.26925
plot:0.26825
race:0.2675
fashion:0.264
first contact:0.263
idiotic:0.26025
so bad it's funny:0.25475
entirely dialogue:0.2535
clever:0.252
sci fi:0.245
1980s:0.244
crude humor:0.2435
disaster:0.24275
not funny:0.242
divorce:0.23975
visually appealing:0.23975
good soundtrack:0.23875
criterion:0.23775
comic:0.237
alternate endings:0.23525
childhood:0.23375
lone hero:0.23
