internet:0.89025
based on a book:0.7895
very interesting:0.77225
based on book:0.75175
corruption:0.73425
genocide:0.715
journalism:0.65975
history:0.64225
complex:0.626
original:0.61075
censorship:0.606
factual:0.5885
betrayal:0.581
manipulation:0.552
based on true story:0.54975
true story:0.54875
biopic:0.54725
spying:0.543
paranoia:0.542
hackers:0.53625
secrets:0.53475
surveillance:0.532
mentor:0.528
catastrophe:0.48775
creativity:0.483
computers:0.4795
politics:0.4715
so bad it's funny:0.46125
greed:0.452
thought-provoking:0.44425
conspiracy theory:0.436
natural disaster:0.41875
story:0.41825
sacrifice:0.40225
technology:0.39375
nudity (topless - notable):0.381
hacking:0.3795
twists & turns:0.37075
pornography:0.36875
not funny:0.3625
runaway:0.35975
dialogue:0.3585
first contact:0.35775
geeks:0.35325
obsession:0.3465
adaptation:0.3465
passionate:0.34
great ending:0.33625
based on a true story:0.335
espionage:0.333
life philosophy:0.32725
spies:0.327
dramatic:0.32525
conspiracy:0.32475
revolution:0.3245
fantasy world:0.3205
melancholic:0.31875
relationships:0.305
egypt:0.30225
free speech:0.29725
educational:0.292
controversial:0.29125
culture clash:0.29125
complex characters:0.28875
writers:0.28875
life & death:0.28775
historical:0.279
business:0.279
storytelling:0.27425
fashion:0.27125
fast paced:0.26875
entertaining:0.26675
good:0.2665
predictable:0.26
drama:0.2585
unfunny:0.258
justice:0.25475
doctors:0.2535
police investigation:0.24925
brutality:0.24875
us history:0.2465
computer animation:0.2445
good soundtrack:0.24375
fight scenes:0.24275
enigmatic:0.24175
unlikely friendships:0.24025
dysfunctional family:0.2365
graphic design:0.2335
pointless:0.2315
entirely dialogue:0.2305
propaganda:0.2295
political:0.22475
clever:0.22375
stylized:0.222
nudity (full frontal - notable):0.22125
great:0.21975
costume drama:0.21675
boring:0.216
books:0.2145
complicated:0.2135
