criterion:0.96975
paris:0.9595
hitchcock:0.95725
twists & turns:0.9535
thriller:0.935
light:0.91625
suspense:0.89375
romance:0.88875
chase:0.88
mystery:0.86825
plot twist:0.86475
surprise ending:0.86425
clever:0.86225
complicated plot:0.859
witty:0.8575
suspenseful:0.8565
excellent script:0.855
romantic:0.854
great ending:0.843
imdb top 250:0.83975
stylish:0.8295
murder:0.82225
murder mystery:0.81825
tense:0.818
enigmatic:0.80725
original:0.78
heist:0.776
fast paced:0.7555
visually appealing:0.74725
treasure hunt:0.7415
dialogue:0.72925
classic:0.72375
oscar (best directing):0.717
comedy:0.7135
oscar (best actress):0.7135
humorous:0.70725
greed:0.707
complicated:0.7065
secrets:0.70525
police investigation:0.69225
entertaining:0.6915
sexy:0.689
talky:0.6865
twist:0.6815
fun movie:0.68125
caper:0.68125
great movie:0.67475
great:0.67075
romantic comedy:0.669
plot:0.668
whimsical:0.668
unusual plot structure:0.66375
identity:0.65575
runaway:0.6535
espionage:0.6515
interesting:0.64925
spy:0.6475
spying:0.64625
storytelling:0.6405
excellent:0.63875
obsession:0.6385
screwball:0.63375
good acting:0.6305
beautiful scenery:0.622
twist ending:0.609
quotable:0.604
very interesting:0.604
corruption:0.602
good:0.59975
assassination:0.592
oscar winner:0.58925
cinematography:0.58025
beautifully filmed:0.573
complex:0.57075
suprisingly clever:0.57
macabre:0.5695
france:0.5605
cerebral:0.5555
love story:0.54725
adventure:0.54675
divorce:0.5395
great acting:0.53725
conspiracy:0.52975
mistaken identity:0.52575
oscar (best supporting actress):0.52325
affectionate:0.51725
atmospheric:0.51125
great dialogue:0.50825
entirely dialogue:0.5045
masterpiece:0.50025
betrayal:0.49125
idealism:0.49075
culture clash:0.4905
drama:0.49025
catastrophe:0.49
story:0.48875
intelligent:0.48325
manipulation:0.48
fun:0.47925
good music:0.4745
