obsession:0.9845
hitchcock:0.97775
twists & turns:0.869
chase:0.85825
suspenseful:0.829
suspense:0.81025
new orleans:0.8085
guilt:0.797
surprise ending:0.7835
unusual plot structure:0.77475
enigmatic:0.77425
storytelling:0.7645
great ending:0.762
kidnapping:0.7605
thriller:0.73775
complex:0.7355
beautifully filmed:0.7095
greed:0.70075
stylish:0.69725
original:0.69025
secrets:0.6405
police investigation:0.62675
tense:0.612
slow paced:0.58975
underrated:0.57475
psychological:0.5745
cerebral:0.564
vengeance:0.55925
conspiracy:0.55825
twist:0.55375
nudity (full frontal - brief):0.548
cinematography:0.53875
espionage:0.535
death:0.5335
plot twist:0.531
interesting:0.52075
pornography:0.51425
scenic:0.514
corruption:0.5135
paranoia:0.50875
classic car:0.5045
surveillance:0.495
art:0.485
hitman:0.48375
beautiful scenery:0.48175
moral ambiguity:0.48075
long:0.478
stunning:0.47275
mentor:0.4695
weird:0.46725
masterpiece:0.466
queer:0.46275
artistic:0.462
culture clash:0.46125
atmospheric:0.45675
assassination:0.451
dreamlike:0.448
twist ending:0.44725
revenge:0.44525
suprisingly clever:0.44475
alternate endings:0.42825
romantic:0.427
catastrophe:0.42125
clever:0.4195
happy ending:0.4185
runaway:0.418
complicated:0.4155
criterion:0.41125
ominous:0.40925
surreal:0.4055
justice:0.39975
crime:0.3985
gunfight:0.3875
imagination:0.38525
visceral:0.383
police corruption:0.38225
creativity:0.38075
court:0.373
tragedy:0.371
first contact:0.3685
brutality:0.3675
slow:0.367
visually stunning:0.365
dialogue:0.36375
sexualized violence:0.3625
intense:0.359
golden palm:0.35025
allegory:0.34875
great:0.347
lone hero:0.3465
not funny:0.34225
disturbing:0.34125
melancholic:0.34025
manipulation:0.33975
harsh:0.339
good soundtrack:0.33825
visually appealing:0.33825
mystery:0.333
bad ending:0.3325
murder:0.332
