political:0.99125
idealism:0.9855
germany:0.97925
politics:0.97375
good soundtrack:0.96025
revolution:0.94475
fighting the system:0.9315
capitalism:0.9295
coming of age:0.893
twists & turns:0.887
original:0.88575
german:0.8625
rebellion:0.8385
great ending:0.8355
storytelling:0.8315
foreign:0.8275
thought-provoking:0.82175
twist ending:0.82
powerful ending:0.819
great acting:0.817
reflective:0.8085
social commentary:0.80775
cerebral:0.806
complex:0.80025
complicated:0.7835
philosophy:0.7795
visually appealing:0.7585
friendship:0.75525
good acting:0.751
destiny:0.745
exceptional acting:0.7435
interesting:0.743
meditative:0.74225
nonlinear:0.73675
unlikely friendships:0.734
psychological:0.731
clever:0.72725
dialogue:0.727
psychology:0.7245
drama:0.72225
existentialism:0.72025
betrayal:0.7175
plot:0.697
intellectual:0.694
greed:0.69025
world politics:0.687
talky:0.6865
excellent script:0.6835
corruption:0.678
imdb top 250:0.674
good:0.6575
mentor:0.656
berlin:0.65375
very interesting:0.6535
bad ending:0.6505
philosophical:0.6495
manipulation:0.6485
pornography:0.62625
suprisingly clever:0.6145
story:0.61125
loneliness:0.607
life philosophy:0.60675
golden palm:0.605
cinematography:0.60475
intelligent:0.60175
feel-good:0.6005
indie:0.594
oscar (best foreign language film):0.59125
communism:0.59025
propaganda:0.58825
touching:0.587
narrated:0.5845
kidnapping:0.57725
morality:0.57675
nudity (topless):0.574
forceful:0.574
realistic:0.57375
unusual plot structure:0.57375
depression:0.5695
secrets:0.56775
pg-13:0.566
original plot:0.56125
culture clash:0.5575
redemption:0.556
intimate:0.55125
independent film:0.54825
alternate endings:0.54775
harsh:0.545
brutality:0.53825
twist:0.53825
entirely dialogue:0.53675
ironic:0.53625
earnest:0.532
movielens top pick:0.531
visually stunning:0.5295
honest:0.52475
shallow:0.51825
runaway:0.51725
good music:0.51725
moral ambiguity:0.5165
