psychological:0.95475
psychology:0.953
cult:0.93025
paranoia:0.90225
sisters:0.90175
creepy:0.88
complex:0.861
police investigation:0.858
weird:0.854
sexual abuse:0.852
dysfunctional family:0.84525
brainwashing:0.8425
cinematography:0.83325
enigmatic:0.8245
tense:0.811
relationships:0.80875
character study:0.8
disturbing:0.7905
runaway:0.77975
original:0.76425
insanity:0.76075
manipulation:0.73675
independent film:0.73575
obsession:0.716
complicated:0.71
art house:0.709
visceral:0.7035
mindfuck:0.7025
cult film:0.70125
dark:0.70075
depression:0.69375
bleak:0.67025
loneliness:0.6665
sex:0.665
brutality:0.66325
melancholic:0.66175
depressing:0.66125
downbeat:0.654
paranoid:0.653
twists & turns:0.651
confusing:0.64025
great ending:0.6395
exceptional acting:0.639
very interesting:0.63525
great acting:0.6315
drama:0.629
pornography:0.62725
storytelling:0.62175
interesting:0.61375
complex characters:0.60875
nudity (topless - brief):0.608
mentor:0.60575
talky:0.59625
violent:0.59475
stylized:0.5855
meditative:0.58425
good soundtrack:0.5815
cerebral:0.57925
sexualized violence:0.57725
secrets:0.5765
golden palm:0.57
social commentary:0.56475
intense:0.56425
mental illness:0.5625
dramatic:0.55975
atmospheric:0.55675
family drama:0.5535
strange:0.5505
intimate:0.54625
criterion:0.54
suspense:0.5385
harsh:0.5345
reflective:0.53325
melancholy:0.53025
moral ambiguity:0.52825
indie:0.52425
surreal:0.5185
grim:0.51375
off-beat comedy:0.51325
california:0.50225
breathtaking:0.498
writers:0.49775
murder:0.492
guilt:0.48775
nudity (topless):0.4865
artsy:0.484
identity:0.48325
clever:0.48125
non-linear:0.479
powerful ending:0.473
mystery:0.473
isolation:0.47025
rape:0.4675
cynical:0.46625
twist:0.466
queer:0.46425
twist ending:0.464
serial killer:0.46375
art:0.46225
nonlinear:0.4555
