end of the world:0.99175
social commentary:0.94475
visually appealing:0.9195
loneliness:0.89225
apocalypse:0.89
thought-provoking:0.86275
cerebral:0.848
canada:0.835
melancholic:0.83075
allegory:0.81225
ensemble cast:0.79975
original:0.78925
weird:0.78175
natural disaster:0.7705
independent film:0.7675
great ending:0.759
solitude:0.756
multiple storylines:0.71875
melancholy:0.71275
dark humor:0.693
very interesting:0.67975
downbeat:0.66475
enigmatic:0.662
humanity:0.656
storytelling:0.65275
catastrophe:0.64325
redemption:0.642
life philosophy:0.632
alone in the world:0.62675
interesting:0.62625
complex:0.618
alternate endings:0.61625
bleak:0.61075
existentialism:0.59075
criterion:0.5725
good soundtrack:0.56075
good acting:0.55875
dialogue:0.554
intelligent:0.55275
intimate:0.55
philosophical:0.549
greed:0.54175
depression:0.5395
relationships:0.53525
talky:0.52825
great acting:0.52425
suprisingly clever:0.521
off-beat comedy:0.517
depressing:0.516
unusual plot structure:0.50875
paranoid:0.50175
poignant:0.49875
indie:0.4985
golden palm:0.49325
bad ending:0.48425
meditative:0.477
paranoia:0.477
life & death:0.47175
reflective:0.4715
special effects:0.469
harsh:0.46325
twist ending:0.45575
drama:0.455
complex characters:0.454
entirely dialogue:0.44425
honest:0.44125
character study:0.44025
directorial debut:0.4375
philosophy:0.43625
surprise ending:0.4325
creativity:0.432
segregation:0.42025
narrated:0.41875
surreal:0.4175
compassionate:0.41475
clever:0.41375
atmospheric:0.4085
quirky:0.40775
movielens top pick:0.40675
underrated:0.40625
beautifully filmed:0.406
suicide:0.40475
black comedy:0.4
absurd:0.394
nonlinear:0.392
imdb top 250:0.392
ethnic conflict:0.392
better than expected:0.38825
visual:0.37975
emotional:0.3795
dysfunctional family:0.3785
distopia:0.376
story:0.37575
mindfuck:0.3715
tragedy:0.3715
unlikely friendships:0.37125
survival:0.37125
hotel:0.366
visually stunning:0.36575
culture clash:0.36175
