africa:0.9955
adventure:0.96
historical:0.92025
friendship:0.89475
19th century:0.89425
history:0.871
england:0.8505
based on a book:0.84125
unlikely friendships:0.804
great movie:0.79625
great:0.7745
life & death:0.746
beautiful scenery:0.74525
original:0.7295
drama:0.72175
period piece:0.71475
enigmatic:0.7125
criterion:0.70325
british:0.6995
dramatic:0.69925
beautifully filmed:0.6965
swashbuckler:0.68925
courage:0.68725
betrayal:0.67925
factual:0.679
gunfight:0.66475
us history:0.65725
story:0.6505
great ending:0.6375
greed:0.61625
great cinematography:0.605
excellent:0.5985
suprisingly clever:0.56175
breathtaking:0.561
life philosophy:0.56
nostalgic:0.54125
survival:0.53325
childhood:0.51925
drinking:0.51375
egypt:0.513
catastrophe:0.511
mentor:0.50975
wilderness:0.50175
epic:0.49375
first contact:0.49
biographical:0.4875
imagination:0.487
true story:0.4845
70mm:0.4735
good soundtrack:0.468
visually stunning:0.46775
cult classic:0.4655
moon:0.46025
vengeance:0.46025
allegory:0.45975
artistic:0.4485
visual:0.448
brutality:0.44525
touching:0.44525
nudity (full frontal - brief):0.44025
self discovery:0.44
scenic:0.42975
dialogue:0.426
based on a play:0.41325
culture clash:0.4095
based on book:0.40925
runaway:0.40625
adapted from:book:0.401
lone hero:0.39875
oscar (best directing):0.398
interesting:0.39625
space travel:0.39
harsh:0.38075
humanity:0.37775
romance:0.3715
cinematography:0.36975
not funny:0.36575
photography:0.3615
underrated:0.36125
costume drama:0.35425
hunting:0.35325
transformation:0.351
indians:0.35
storytelling:0.3485
good:0.348
revenge:0.3475
adaptation:0.3465
intimate:0.346
biography:0.34575
existentialism:0.345
narrated:0.32925
reflective:0.3285
atmospheric:0.32775
brainwashing:0.3275
visually appealing:0.3275
unusual plot structure:0.32575
prejudice:0.324
sacrifice:0.32375
melancholic:0.32325
loneliness:0.3225
