history:0.9005
documentary:0.8975
us history:0.887
rebellion:0.8755
greed:0.832
criterion:0.8255
very interesting:0.7875
politics:0.78575
runaway:0.78075
oscar (best directing):0.77925
obsession:0.776
political:0.762
poverty:0.761
brainwashing:0.73
original:0.71
amazing photography:0.703
historical:0.69
disturbing:0.674
pornography:0.66675
unusual plot structure:0.644
satirical:0.63225
tragedy:0.626
childhood:0.61775
male nudity:0.6175
cinematography:0.60525
talky:0.5995
downbeat:0.5935
biographical:0.57575
intense:0.572
highly quotable:0.5635
1960s:0.55725
oscar:0.551
war:0.54975
story:0.54975
culture clash:0.5495
very good:0.54725
fighting the system:0.54125
los angeles:0.541
1970s:0.539
harsh:0.53625
original plot:0.52625
light:0.52525
police investigation:0.52275
stunning:0.5225
psychology:0.52
sexual:0.518
melancholic:0.512
sexy:0.51
fun movie:0.501
relationships:0.5
farce:0.4985
interesting:0.4935
enigmatic:0.48575
hotel:0.48575
idealism:0.48425
violent:0.48275
good acting:0.4725
imdb top 250:0.47175
oscar (best cinematography):0.47175
intimate:0.4695
adapted from:book:0.46325
forceful:0.4595
ironic:0.458
world politics:0.455
assassination:0.44975
breathtaking:0.44425
psychological:0.44275
poignant:0.44
biography:0.436
manipulation:0.43225
oscar (best supporting actress):0.4285
movielens top pick:0.42325
biopic:0.423
drama:0.42075
catastrophe:0.41775
segregation:0.41675
weird:0.416
censorship:0.41275
free to download:0.4105
brutality:0.41025
racism:0.40975
passionate:0.4095
biting:0.4035
satire:0.402
great ending:0.40075
cynical:0.398
race issues:0.3975
honest:0.39725
tense:0.39675
eccentricity:0.39425
mentor:0.394
good:0.3935
ethnic conflict:0.39075
fantasy world:0.3905
dialogue:0.3885
true story:0.3865
graphic design:0.38575
stylized:0.382
twists & turns:0.3795
based on a play:0.37725
