transgender:0.756
comedy:0.71225
original:0.68
sexy:0.64425
redemption:0.535
women:0.512
predictable:0.495
destiny:0.48025
whimsical:0.4715
pornography:0.4705
so bad it's funny:0.465
life & death:0.45275
murder:0.4295
mentor:0.4255
first contact:0.41625
great ending:0.4125
catastrophe:0.4065
farce:0.40025
very funny:0.3945
bad plot:0.39175
chase:0.39025
unfunny:0.38825
erotic:0.388
silly:0.3875
surreal:0.374
new york city:0.36875
solitude:0.32875
slapstick:0.327
plot:0.3225
storytelling:0.3215
fight scenes:0.314
lone hero:0.3135
culture clash:0.3065
life philosophy:0.3045
pointless:0.30075
sexual:0.30075
quirky:0.30025
dialogue:0.2985
80s:0.29775
girlie movie:0.296
brutality:0.29475
runaway:0.292
transformation:0.2785
nudity (topless - notable):0.2785
chick flick:0.27825
story:0.275
suprisingly clever:0.2735
shopping:0.27175
nudity (full frontal - brief):0.26875
vengeance:0.26575
fantasy world:0.2635
sex comedy:0.2605
crude humor:0.26
childhood:0.259
dumb but funny:0.258
good:0.25725
creativity:0.25575
adaptation:0.25375
fantasy:0.25075
not funny:0.24975
good soundtrack:0.2495
humorous:0.24875
sex:0.248
god:0.2465
nudity (full frontal - notable):0.24625
death:0.245
funny:0.243
technology:0.243
satirical:0.2395
natural disaster:0.23725
tear jerker:0.23575
overrated:0.2355
devil:0.235
nudity (rear):0.233
family:0.23
unusual plot structure:0.228
weapons:0.22075
remake:0.21625
romance:0.2155
sci fi:0.21475
entirely dialogue:0.21225
betrayal:0.21025
justice:0.20925
drinking:0.20925
switching places:0.2085
atheism:0.207
courage:0.20575
crappy sequel:0.20325
dysfunctional family:0.20325
revenge:0.20125
pg-13:0.19925
alternate reality:0.19825
stereotypes:0.198
criterion:0.19775
gangsters:0.1965
downbeat:0.19575
beautiful scenery:0.19525
great:0.19375
thought-provoking:0.1925
animals:0.19225
