talky:0.918
dramatic:0.914
oscar (best directing):0.8745
intense:0.87275
criterion:0.865
ireland:0.84575
dysfunctional family:0.844
oscar (best actress):0.838
based on a play:0.80175
addiction:0.798
black and white:0.786
great acting:0.771
original:0.76575
oscar (best supporting actress):0.74825
powerful ending:0.74575
drinking:0.71875
intimate:0.70025
forceful:0.69125
depressing:0.688
culture clash:0.6865
character study:0.685
drama:0.67225
obsession:0.67075
irish:0.66875
drug addiction:0.66625
tragedy:0.666
masterpiece:0.66575
great movie:0.654
dialogue:0.652
crime gone awry:0.642
mental illness:0.634
downbeat:0.631
runaway:0.6235
claustrophobic:0.61575
reflective:0.615
harsh:0.611
alcoholism:0.6105
good acting:0.60425
golden palm:0.5895
great:0.58775
adaptation:0.5815
witty:0.58125
greed:0.5725
movielens top pick:0.56975
cynical:0.56925
exceptional acting:0.567
relationships:0.56675
imdb top 250:0.5635
tense:0.5585
melancholy:0.54125
afi 100 (movie quotes):0.5325
oscar winner:0.5305
cinematography:0.52825
brutality:0.5265
affectionate:0.51725
light:0.512
oscar (best foreign language film):0.511
sarcasm:0.51
lyrical:0.50975
family:0.507
atmospheric:0.50525
oscar:0.49925
good soundtrack:0.499
social commentary:0.49375
oscar (best actor):0.48825
mentor:0.486
insanity:0.483
earnest:0.477
immortality:0.471
grim:0.4695
underrated:0.46825
visceral:0.4635
storytelling:0.45975
long:0.4595
brothers:0.45775
oscar (best supporting actor):0.45225
stylized:0.45
enigmatic:0.4475
paranoid:0.4445
not funny:0.44425
redemption:0.4405
nudity (topless - notable):0.4395
clever:0.4355
bittersweet:0.43475
cerebral:0.433
psychiatry:0.42775
gritty:0.42275
afi 100 (laughs):0.4175
realistic:0.41275
manipulation:0.412
very interesting:0.4115
adultery:0.41025
parenthood:0.40825
emotional:0.405
highly quotable:0.404
moral ambiguity:0.404
paranoia:0.4025
classic car:0.40025
biting:0.39675
interesting:0.396
