love story:0.95625
sappy:0.92775
love:0.87175
switching places:0.8515
romance:0.827
original:0.81625
romantic:0.8105
romantic comedy:0.73525
happy ending:0.691
sweet:0.668
chick flick:0.65375
fantasy:0.633
destiny:0.5915
touching:0.5705
mentor:0.52475
great ending:0.50325
cute!:0.49475
first contact:0.48975
predictable:0.47075
catastrophe:0.46875
dialogue:0.437
pg-13:0.42925
marriage:0.42725
cute:0.4025
good soundtrack:0.40125
storytelling:0.4
cancer:0.39775
great:0.39675
weird:0.39425
runaway:0.38975
passionate:0.38825
screwball:0.38675
good:0.38475
allegory:0.38075
beautiful scenery:0.38
clever:0.37625
life philosophy:0.37525
quirky:0.369
story:0.36225
very interesting:0.36225
supernatural:0.35575
identity:0.3495
bad plot:0.34725
brutality:0.346
adaptation:0.34475
light:0.341
pornography:0.33775
narrated:0.3375
oscar winner:0.33725
life & death:0.33375
family:0.33075
sexy:0.32875
twists & turns:0.327
underrated:0.3245
death:0.3225
unusual plot structure:0.319
disaster:0.3175
relationships:0.31425
entirely dialogue:0.31125
wedding:0.311
dreamlike:0.3105
feel-good:0.3045
melancholic:0.30325
not funny:0.301
male nudity:0.3005
transformation:0.29625
doctors:0.296
culture clash:0.29575
poignant:0.2935
fun:0.2925
complex:0.284
multiple storylines:0.28225
suspense:0.281
natural disaster:0.281
police investigation:0.2745
talky:0.2735
eccentricity:0.273
criterion:0.27075
adultery:0.2685
gangsters:0.26775
memory loss:0.2675
so bad it's funny:0.267
cerebral:0.266
very funny:0.26325
fantasy world:0.25925
stylized:0.259
whimsical:0.259
lone hero:0.25725
overrated:0.25675
childhood:0.25625
entertaining:0.25575
emotional:0.253
suprisingly clever:0.25225
fun movie:0.24725
great movie:0.24625
strange:0.24625
tear jerker:0.24575
justice:0.2405
honest:0.23875
fight scenes:0.23775
