franchise:0.98225
alien:0.96975
aliens:0.967
alien invasion:0.947
time travel:0.922
sci-fi:0.909
big budget:0.891
sequel:0.88025
science fiction:0.8705
future:0.85975
action:0.84375
pg-13:0.825
special effects:0.818
scifi:0.782
comedy:0.772
good sequel:0.75625
sci fi:0.74375
plot:0.71325
great ending:0.70175
sequels:0.691
technology:0.671
original:0.66525
futuristic:0.6425
plot holes:0.636
first contact:0.63325
3d:0.62575
crappy sequel:0.62525
fun movie:0.62175
fight scenes:0.61975
story:0.614
space travel:0.61375
series:0.60725
chase:0.6065
dialogue:0.5895
parallel universe:0.57325
creativity:0.56175
very funny:0.56025
adventure:0.5595
funny:0.54975
catastrophe:0.5425
good:0.54
memory:0.53875
space:0.538
tricky:0.5275
visually stunning:0.52625
mentor:0.516
dynamic cgi action:0.51275
transformation:0.51175
conspiracy:0.5115
nostalgic:0.50975
better than expected:0.49725
giant robots:0.486
action packed:0.48525
great:0.48375
destiny:0.48275
cgi:0.48
fun:0.475
entertaining:0.469
bad cgi:0.468
crude humor:0.4595
effects:0.45875
based on a comic:0.4475
trilogy:0.4405
predictable:0.44025
silly:0.43825
superheroes:0.42325
alternate reality:0.41975
fast paced:0.419
suprisingly clever:0.41375
storytelling:0.402
revenge:0.40025
cloning:0.3995
cool:0.3875
murder:0.382
vengeance:0.37875
clever:0.37675
clones:0.35875
betrayal:0.35775
not funny:0.351
bad plot:0.3455
visuals:0.3405
visual:0.33975
buddy movie:0.3385
secrets:0.33775
exciting:0.32625
original plot:0.32375
weapons:0.32325
1960s:0.3195
moon:0.319
unfunny:0.31775
twist ending:0.31625
no plot:0.31625
childhood:0.30925
silly fun:0.30825
comic:0.30825
humor:0.308
humorous:0.2985
mutants:0.294
awesome soundtrack:0.294
watch the credits:0.29375
