based on a tv show:0.992
comedy:0.95025
spy:0.9275
espionage:0.91575
spoof:0.9015
parody:0.87175
funny:0.86375
spying:0.853
crude humor:0.83275
silly fun:0.81775
pg-13:0.805
hilarious:0.80375
original:0.7895
action:0.78925
series:0.7835
secret service:0.76475
silly:0.75325
franchise:0.72175
spies:0.705
weapons:0.63
funny as hell:0.629
very funny:0.62725
slapstick:0.61575
predictable:0.61525
superheroes:0.60625
funniest movies:0.5965
sarcasm:0.59475
humor:0.589
mentor:0.573
idiotic:0.567
big budget:0.547
humorous:0.5345
dialogue:0.52175
chase:0.51925
lame:0.50825
goofy:0.49775
good action:0.4905
action packed:0.488
television:0.488
great ending:0.48425
great:0.4695
adaptation:0.46625
catastrophe:0.46175
assassin:0.4565
absurd:0.455
good:0.44175
product placement:0.43475
super hero:0.43
car chase:0.41875
comic:0.41475
plot:0.4135
fight scenes:0.40475
farce:0.3985
better than expected:0.39675
fun movie:0.3875
fantasy world:0.38525
alter ego:0.3805
saturday night live:0.38
remake:0.37925
stupid:0.37825
family:0.3745
sexy:0.3715
dumb:0.37125
realistic action:0.37
reality tv:0.36425
fun:0.363
surveillance:0.3605
buddy movie:0.35775
secrets:0.35375
romantic comedy:0.3515
transformation:0.35025
suprisingly clever:0.34825
life philosophy:0.34275
good soundtrack:0.33525
storytelling:0.332
clever:0.32725
destiny:0.32125
pornography:0.31875
betrayal:0.31825
writers:0.31775
creativity:0.3175
ridiculous:0.31575
runaway:0.31475
tom clancy:0.312
fast paced:0.31125
superhero:0.311
cold war:0.31075
stupidity:0.30975
story:0.30275
vengeance:0.29525
witty:0.292
entertaining:0.291
murder:0.291
excellent script:0.29025
culture clash:0.28925
sequel:0.2875
redemption:0.28575
special effects:0.2845
twists & turns:0.28
unfunny:0.27625
