splatter:0.9385
australia:0.9045
stranded:0.884
suspenseful:0.846
claustrophobic:0.83925
horror:0.83775
gory:0.7885
tense:0.78525
monster:0.78375
original:0.74725
suspense:0.73525
great ending:0.6825
survival:0.65525
catastrophe:0.64725
creepy:0.638
life philosophy:0.60275
stereotypes:0.6005
visceral:0.594
boat:0.58475
australian:0.58225
life & death:0.5545
animals:0.55225
scary:0.5415
dialogue:0.5415
hunting:0.534
natural disaster:0.524
scenic:0.5165
brutality:0.51525
so bad it's funny:0.50875
intense:0.49775
violence:0.488
good:0.4775
runaway:0.47525
disaster:0.472
fun movie:0.455
predictable:0.44775
death:0.4455
cinematography:0.41925
alternate endings:0.41675
nudity (topless - notable):0.4165
good soundtrack:0.41525
chase:0.4115
low budget:0.4115
entirely dialogue:0.4105
special effects:0.4045
parody:0.4035
wilderness:0.403
weapons:0.4025
clever:0.3955
cult film:0.3935
goofy:0.39
computer animation:0.38575
writers:0.38275
bloody:0.37675
great:0.3715
melancholic:0.36525
island:0.361
drinking:0.36025
entertaining:0.353
beautiful scenery:0.353
spiders:0.351
weird:0.35075
creativity:0.35075
not funny:0.34925
frightening:0.34875
nudity (full frontal - brief):0.3485
mentor:0.3485
destiny:0.34775
dark humor:0.34675
gratuitous violence:0.342
gruesome:0.34
cult classic:0.34
effects:0.3385
apocalypse:0.3365
unusual plot structure:0.33575
action packed:0.3345
based on true story:0.3315
atmospheric:0.3295
story:0.3275
monsters:0.32425
isolation:0.32175
silly fun:0.32075
transformation:0.3205
shallow:0.31925
clowns:0.31825
honest:0.31675
storytelling:0.31625
happy ending:0.31575
fun:0.31525
crime gone awry:0.31525
multiple storylines:0.315
holiday:0.311
social commentary:0.30875
gore:0.306
lone hero:0.30475
first contact:0.3025
culture clash:0.2975
criterion:0.29425
action:0.29175
snakes:0.2915
