space opera:0.99575
space:0.995
franchise:0.9835
science fiction:0.9795
star trek:0.9795
series:0.947
sci-fi:0.92925
first contact:0.876
based on a tv show:0.85725
aliens:0.85125
spock:0.82825
sci fi:0.82625
original:0.8255
scifi:0.82375
adventure:0.81825
special effects:0.7655
sacrifice:0.75925
great ending:0.74125
future:0.7395
original plot:0.71725
conspiracy:0.7025
allegory:0.698
dialogue:0.69575
futuristic:0.64175
story:0.61025
good:0.57075
betrayal:0.5705
alien:0.562
great:0.54
70mm:0.53375
action:0.531
mentor:0.52725
weapons:0.50475
good action:0.49975
redemption:0.49325
chase:0.492
dynamic cgi action:0.492
murder:0.48325
cold war:0.483
tom clancy:0.4825
intense:0.48175
melancholic:0.4765
storytelling:0.47425
destiny:0.47075
exciting:0.467
catastrophe:0.46475
transformation:0.45725
vengeance:0.455
assassination:0.43425
plot holes:0.43
great movie:0.4255
cerebral:0.41875
assassin:0.417
technology:0.416
plot:0.413
saturn award (best special effects):0.41175
big budget:0.4105
ensemble cast:0.39525
earnest:0.39525
trilogy:0.39275
scifi cult:0.3865
saturn award (best science fiction film):0.3795
family drama:0.37275
friendship:0.36875
sequel:0.365
greed:0.364
visual:0.35775
great acting:0.35225
fighting:0.352
complex:0.34175
nostalgic:0.34075
runaway:0.33975
light:0.33925
effects:0.336
oscar (best effects - visual effects):0.33575
culture clash:0.3355
suprisingly clever:0.3355
bittersweet:0.33225
action packed:0.33225
predictable:0.33125
life philosophy:0.33025
dramatic:0.3275
secrets:0.32375
pg-13:0.32325
fun movie:0.323
excellent:0.323
suspense:0.32275
not funny:0.32075
entirely dialogue:0.31875
script:0.31825
drama:0.317
mars:0.31575
san francisco:0.3135
brutality:0.312
interesting:0.31075
fantasy world:0.30875
death:0.305
computer animation:0.30475
imdb top 250:0.3045
parallel universe:0.3015
