werewolf:0.99525
werewolves:0.995
small town:0.92025
horror:0.895
splatter:0.774
supernatural:0.74075
original:0.7315
monster:0.6865
children:0.669
scary:0.6555
monsters:0.652
based on a book:0.6365
mentor:0.63325
based on book:0.63225
80s:0.6295
adaptation:0.62275
gory:0.58275
effects:0.55025
special effects:0.54875
fun:0.5445
childhood:0.543
macabre:0.54
chase:0.52475
adapted from:book:0.522
creepy:0.51725
death:0.5055
bloody:0.504
fun movie:0.50175
brutality:0.49625
violence:0.49325
great ending:0.49075
murder:0.48975
suspense:0.48725
predictable:0.48475
hunting:0.47975
nostalgic:0.47925
cult film:0.4775
cult classic:0.46575
good:0.4575
suspenseful:0.4575
great:0.45225
kids:0.4495
transformation:0.44725
spiders:0.43425
fantasy world:0.428
lone hero:0.4265
story:0.40975
cool:0.4075
atmospheric:0.3955
gruesome:0.3865
pg-13:0.38225
dialogue:0.37575
catastrophe:0.37375
cheesy:0.37275
witches:0.372
sisters:0.36975
first contact:0.365
dark fantasy:0.36175
blood:0.36075
silly fun:0.358
campy:0.35525
goofy:0.3545
bad acting:0.35375
so bad it's funny:0.35375
great movie:0.35275
1980s:0.3505
revenge:0.3505
runaway:0.34825
narrated:0.34625
storytelling:0.34175
identity:0.33875
not funny:0.33475
mythology:0.331
teens:0.328
vengeance:0.32725
books:0.32625
exceptional acting:0.31025
teen movie:0.30525
action packed:0.30375
frightening:0.30325
mad scientist:0.30025
ghosts:0.292
witch:0.28675
good soundtrack:0.2865
ghosts/afterlife:0.28575
visually stunning:0.2825
destiny:0.2825
quirky:0.27975
eerie:0.27875
family:0.27825
redemption:0.278
adolescence:0.276
underrated:0.276
weird:0.27575
justice:0.275
cult:0.2735
entertaining:0.27275
low budget:0.267
bad plot:0.26675
good action:0.26625
