spanish:0.99475
almodovar:0.99475
oscar (best foreign language film):0.994
women:0.98075
foreign:0.96325
golden palm:0.9555
spain:0.93575
transgender:0.9095
mother-son relationship:0.8645
reflective:0.85925
compassionate:0.853
nudity (topless - brief):0.8475
tragedy:0.84575
drama:0.8445
relationships:0.8415
father daughter relationship:0.80725
loneliness:0.78975
cross dressing:0.77975
dramatic:0.77225
social commentary:0.7685
original:0.76025
great acting:0.75725
oscar (best actress):0.757
glbt:0.747
melancholic:0.72325
touching:0.7225
criterion:0.71975
beautifully filmed:0.7175
storytelling:0.71375
hospital:0.702
dark humor:0.6795
life & death:0.676
intimate:0.67525
cinematography:0.6685
secrets:0.6655
bittersweet:0.665
friendship:0.66425
prostitution:0.65975
weird:0.65575
queer:0.648
good soundtrack:0.64575
emotional:0.6435
affectionate:0.63575
life philosophy:0.6325
unlikely friendships:0.632
family drama:0.62825
artistic:0.6155
imdb top 250:0.61225
oscar (best supporting actress):0.61225
enigmatic:0.60825
masterpiece:0.58975
complex:0.58825
poignant:0.58775
exceptional acting:0.5875
talky:0.5825
depression:0.58
colourful:0.579
surreal:0.57275
culture clash:0.564
heartbreaking:0.56375
oscar (best directing):0.56275
narrated:0.56
visually appealing:0.5595
death:0.557
harsh:0.54125
aids:0.5395
mentor:0.53725
story:0.53425
runaway:0.53325
lesbian:0.53275
dysfunctional family:0.53275
childhood:0.52625
idealism:0.52425
movielens top pick:0.52375
pornography:0.52125
stylized:0.51775
drug addiction:0.516
great:0.5125
redemption:0.511
melancholy:0.51
male nudity:0.504
sexuality:0.5005
bleak:0.498
sad:0.49775
cathartic:0.49075
independent film:0.49025
oscar:0.48875
surrealism:0.48625
dialogue:0.481
suprisingly clever:0.47775
downbeat:0.47725
life:0.47625
drug abuse:0.4705
interesting:0.46125
passionate:0.4585
breathtaking:0.45775
vengeance:0.4565
fight scenes:0.456
realistic:0.45425
great ending:0.45
