criterion:0.9945
downbeat:0.9495
enigmatic:0.9435
noir:0.93425
ominous:0.91825
bleak:0.9145
prostitution:0.898
black and white:0.8695
golden palm:0.84325
allegory:0.83825
intimate:0.82975
tense:0.8175
sexual abuse:0.81475
talky:0.809
cinematography:0.7975
gunfight:0.7765
macabre:0.776
runaway:0.77475
disturbing:0.774
forceful:0.773
brutality:0.7705
film noir:0.76075
stylized:0.75975
sexy:0.74375
creepy:0.74175
small town:0.73725
grim:0.73675
surreal:0.716
harsh:0.71375
art house:0.7135
weird:0.704
censorship:0.6985
dialogue:0.691
movielens top pick:0.6895
character study:0.67925
sexual:0.673
claustrophobic:0.67025
controversial:0.66525
queer:0.65675
pulp:0.651
cult classic:0.65025
cynical:0.64325
noir thriller:0.59675
confrontational:0.58575
original:0.5855
melancholy:0.58025
distopia:0.5785
cult film:0.574
visually appealing:0.574
redemption:0.56975
lynch:0.569
police investigation:0.5645
manipulation:0.56375
atmospheric:0.56225
pornography:0.5495
police corruption:0.5425
childhood:0.5375
low budget:0.53625
paranoid:0.534
dark:0.53225
oscar (best foreign language film):0.53025
obsession:0.52275
insanity:0.50025
twists & turns:0.496
reflective:0.49525
moody:0.4935
eerie:0.4855
crime gone awry:0.48
drama:0.47775
murder:0.47375
affectionate:0.46975
surrealism:0.464
gritty:0.459
secrets:0.458
sacrifice:0.4565
social commentary:0.45625
morality:0.44975
breathtaking:0.4495
violence:0.4365
adolescence:0.436
dreamlike:0.4345
entirely dialogue:0.434
catastrophe:0.42575
suspense:0.4205
meditative:0.4175
exceptional acting:0.41575
child abuse:0.41525
good soundtrack:0.41325
bullying:0.41125
imdb top 250:0.40825
nudity (topless - notable):0.4065
visceral:0.40225
light:0.40125
drinking:0.39325
innocence lost:0.39075
strange:0.37825
corruption:0.3765
surveillance:0.3765
nudity (full frontal - notable):0.37475
grindhouse:0.3725
