science fiction:0.9945
futuristic:0.9835
scifi:0.98275
special effects:0.977
technology:0.96925
sci fi:0.96775
sci-fi:0.96375
visually appealing:0.9575
visual:0.932
effects:0.9125
science:0.899
visually stunning:0.884
plot holes:0.8735
original:0.86725
adventure:0.867
space program:0.849
big budget:0.83575
future:0.83575
imagination:0.821
cerebral:0.8125
humanity:0.79925
end of the world:0.794
doctors:0.79025
original plot:0.77975
space:0.766
story:0.7655
submarine:0.76525
great ending:0.76075
mad scientist:0.751
fun movie:0.7495
suspense:0.74875
cold war:0.74825
first contact:0.74075
silly:0.731
dystopic future:0.728
good:0.7215
oscar (best effects - visual effects):0.7185
fantasy:0.71825
secrets:0.70375
life & death:0.68125
dynamic cgi action:0.681
espionage:0.6805
complex:0.66925
survival:0.651
creativity:0.6505
exciting:0.649
dystopia:0.6485
philosophical:0.648
time:0.634
weapons:0.634
bad acting:0.6275
natural disaster:0.62225
suspenseful:0.616
mentor:0.613
dialogue:0.6125
scifi cult:0.606
allegory:0.6055
classic:0.59825
catastrophe:0.578
android(s)/cyborg(s):0.57325
great movie:0.56475
visuals:0.56125
clever:0.5585
alternate reality:0.55775
cult classic:0.55575
good acting:0.54775
colourful:0.546
mythology:0.5365
beautiful scenery:0.53275
childhood:0.532
cinematography:0.53025
sacrifice:0.525
suprisingly clever:0.5245
claustrophobic:0.517
chase:0.517
greed:0.5095
philosophy:0.509
transformation:0.50825
imdb top 250:0.5065
entertaining:0.50325
very interesting:0.5005
great:0.49925
unusual plot structure:0.49375
existentialism:0.49375
apocalypse:0.491
artificial intelligence:0.49
clones:0.49
storytelling:0.48925
distopia:0.48875
scenic:0.486
fast paced:0.4835
computers:0.48275
god:0.47225
paranoid:0.46625
plot:0.46325
tense:0.46225
dramatic:0.45975
memory:0.45575
cgi:0.453
fun:0.45175
