greed:0.993
long:0.984
masterpiece:0.97275
epic:0.9555
talky:0.91075
silent:0.90625
criterion:0.90275
intimate:0.87325
oscar (best directing):0.87275
oscar (best actress):0.87175
desert:0.85425
downbeat:0.83875
oscar (best cinematography):0.82575
breathtaking:0.81525
afi 100:0.798
original:0.79775
obsession:0.78725
golden palm:0.76625
poignant:0.755
visual:0.7405
forceful:0.7375
imdb top 250:0.7225
classic:0.7185
black and white:0.7105
stunning:0.70325
adaptation:0.70075
enigmatic:0.70025
reflective:0.69875
grim:0.68625
unusual plot structure:0.67525
cerebral:0.6735
censorship:0.67075
complex:0.6695
1920s:0.65725
beautifully filmed:0.65025
scenic:0.6495
oscar (best supporting actress):0.61875
gunfight:0.61225
betrayal:0.6055
dialogue:0.59775
visually appealing:0.59775
melancholy:0.5955
beautiful scenery:0.59525
original plot:0.59325
passionate:0.592
story:0.591
tense:0.58325
cinematography:0.5585
insanity:0.55775
literary adaptation:0.5565
idealism:0.554
culture clash:0.54775
oscar (best foreign language film):0.546
suprisingly clever:0.54475
amazing cinematography:0.5435
runaway:0.53875
good acting:0.53425
imagination:0.525
revolution:0.521
melancholic:0.51675
affectionate:0.512
marriage:0.51175
tragedy:0.50975
catastrophe:0.5055
too long:0.5045
storytelling:0.5025
earnest:0.49575
visceral:0.49425
dramatic:0.4895
death:0.47625
meditative:0.47575
visually stunning:0.47175
atmospheric:0.46675
1970s:0.46
stylized:0.455
transformation:0.451
tokyo:0.44675
oscar (best supporting actor):0.4415
literature:0.4395
francis ford copolla:0.439
adapted from:book:0.43675
allegory:0.43425
character study:0.433
great:0.4305
lyrical:0.4285
art:0.424
great ending:0.4235
afi 100 (movie quotes):0.417
costume drama:0.4115
artistic:0.4115
oscar (best picture):0.4105
manipulation:0.4085
compassionate:0.4065
biting:0.4055
corruption:0.405
secrets:0.40275
good sequel:0.39625
fighting the system:0.39425
life & death:0.39325
fantasy world:0.393
