toys:0.999
computer animation:0.9985
pixar animation:0.99525
kids and family:0.99125
animation:0.986
kids:0.97875
pixar:0.96475
children:0.964
cartoon:0.95575
imdb top 250:0.944
animated:0.93125
childhood:0.9245
great movie:0.9235
disney animated feature:0.91275
friendship:0.90975
story:0.90625
light:0.89275
adventure:0.8925
fun:0.8765
original:0.8725
disney:0.87
family:0.847
unlikely friendships:0.8355
good:0.835
great:0.83275
fun movie:0.827
cgi:0.81775
classic:0.8145
nostalgic:0.808
clever:0.7995
cute:0.79625
witty:0.77425
heartwarming:0.7595
original plot:0.759
storytelling:0.7505
good soundtrack:0.75
feel-good:0.74175
whimsical:0.73625
technology:0.73475
oscar (best animated feature):0.7215
very good:0.71575
entertaining:0.70925
oscar winner:0.69975
funny:0.69825
humorous:0.68425
animals:0.6825
runaway:0.676
monsters:0.67525
affectionate:0.671
quotable:0.661
action:0.6605
mentor:0.65775
oscar (best directing):0.64825
dialogue:0.6355
humor:0.632
great ending:0.62525
feel good movie:0.6235
excellent:0.62275
comedy:0.62025
talky:0.606
visual:0.603
creativity:0.601
fantasy:0.59475
sweet:0.5925
chase:0.59025
interesting:0.58425
touching:0.584
cute!:0.583
3d:0.58
very funny:0.55625
animal movie:0.5555
simple:0.5505
cool:0.548
excellent script:0.54675
highly quotable:0.54525
fairy tale:0.54225
colourful:0.53525
based on book:0.531
imagination:0.5295
destiny:0.524
goofy:0.51825
sentimental:0.51625
intense:0.513
redemption:0.512
talking animals:0.5105
suspense:0.5085
pg-13:0.49675
oscar:0.496
catastrophe:0.48475
good acting:0.481
fast paced:0.48025
transformation:0.47775
happy ending:0.4775
movielens top pick:0.47725
space:0.47125
oscar (best effects - visual effects):0.46875
good versus evil:0.4665
exciting:0.465
good story:0.465
buddy movie:0.45675
