wuxia:0.9995
kung fu:0.9995
martial arts:0.99925
fight scenes:0.959
action:0.95675
comedy:0.95225
china:0.94725
hong kong:0.92475
visually stunning:0.901
visual:0.86775
fighting:0.862
original:0.84225
parody:0.828
storytelling:0.82325
stylized:0.8205
awesome soundtrack:0.807
fun:0.7975
humorous:0.79375
humor:0.781
good action:0.76175
visually appealing:0.75875
violence:0.751
cult classic:0.738
slapstick:0.73575
funny:0.72675
hilarious:0.725
goofy:0.725
violent:0.72225
stylish:0.7155
silly fun:0.7065
cool:0.696
fun movie:0.68425
mentor:0.67525
vengeance:0.67
chase:0.67
breathtaking:0.66825
imdb top 250:0.66675
stunning:0.664
male nudity:0.6575
visceral:0.65175
story:0.65075
absurd:0.6465
good soundtrack:0.6435
fast paced:0.63575
gangs:0.634
action packed:0.6275
brutality:0.625
silly:0.62275
highly quotable:0.62025
entertaining:0.618
very funny:0.615
fantasy world:0.61025
dark hero:0.608
cult film:0.6005
great:0.59625
creativity:0.59475
spoof:0.5935
imagination:0.58725
dialogue:0.58075
special effects:0.58075
gangsters:0.579
transformation:0.57825
cgi:0.5745
funny as hell:0.565
culture clash:0.56275
beautifully filmed:0.56125
destiny:0.55925
redemption:0.55425
weapons:0.5535
childhood:0.5525
mythology:0.55225
superheroes:0.54875
weird:0.54825
good versus evil:0.54675
pg-13:0.545
good:0.54125
great ending:0.53675
irreverent:0.53375
suprisingly clever:0.5325
assassination:0.53
hit men:0.52875
foreign:0.52375
quotable:0.5235
dynamic cgi action:0.5195
dragons:0.5175
cinematography:0.50975
clever:0.5085
revenge:0.50275
great movie:0.4965
amazing photography:0.4925
surreal:0.48975
grindhouse:0.47425
social commentary:0.468
colourful:0.4665
masterpiece:0.463
artistic:0.4565
art:0.45375
stereotypes:0.446
allegory:0.44275
oscar (best foreign language film):0.44075
