dinosaurs:0.92175
future:0.882
futuristic:0.87475
so bad it's funny:0.86225
scifi:0.85875
sci fi:0.85325
sci-fi:0.836
original:0.8165
robots:0.79725
clones:0.75025
science fiction:0.74875
idiotic:0.742
cyborgs:0.73625
weapons:0.727
special effects:0.72025
robot:0.67225
predictable:0.66175
plot holes:0.65525
bad acting:0.63225
bad plot:0.625
silly:0.613
first contact:0.61275
finnish:0.5975
horrible:0.5945
technology:0.5735
cult film:0.5695
surreal:0.565
fantasy:0.5605
fantasy world:0.53625
goofy:0.52975
adventure:0.5225
fight scenes:0.515
ridiculous:0.50775
overrated:0.5075
pointless:0.49875
android(s)/cyborg(s):0.498
dialogue:0.4915
male nudity:0.4895
desert:0.488
great ending:0.48775
silly fun:0.4785
disaster:0.47525
campy:0.47425
space:0.471
memory:0.46675
unusual plot structure:0.46025
stupidity:0.44925
action:0.43575
family:0.43425
mentor:0.4335
lone hero:0.429
brutality:0.42375
pornography:0.42125
post-apocalyptic:0.41775
violence:0.4175
drinking:0.4055
runaway:0.39925
fun movie:0.395
island:0.39325
awful:0.393
mad scientist:0.3855
post apocalyptic:0.3805
justice:0.3785
girlie movie:0.3735
storytelling:0.3715
catastrophe:0.3665
entirely dialogue:0.366
destiny:0.366
slapstick:0.3635
80s:0.36175
parody:0.35725
fun:0.35475
melancholic:0.3525
light:0.34275
quirky:0.33625
stupid:0.336
based on a book:0.3355
adaptation:0.33275
cult classic:0.329
monster:0.32275
redemption:0.3215
complex:0.32025
not funny:0.31825
splatter:0.31675
writers:0.31075
franchise:0.31075
nocturnal:0.31025
dysfunctional family:0.30975
dreamlike:0.30575
god:0.30575
multiple storylines:0.305
imdb top 250:0.30375
visual:0.30325
insanity:0.29975
distopia:0.29825
vengeance:0.2965
criterion:0.29375
spiders:0.29325
boring:0.292
whimsical:0.29025
