oscar (best animated feature):0.991
fantasy world:0.981
miyazaki:0.97625
imagination:0.97375
wizards:0.9715
animation:0.96375
japan:0.95625
witch:0.95175
studio ghibli:0.94875
based on book:0.94725
anime:0.93175
imdb top 250:0.93125
based on a book:0.92825
magic:0.9205
visually stunning:0.90975
fairy tale:0.88925
storytelling:0.8865
whimsical:0.88375
witches:0.8835
original:0.87175
fantasy:0.87125
weird:0.858
visual:0.85625
love story:0.826
adapted from:book:0.81025
childhood:0.79325
steampunk:0.788
book was better:0.78775
japanese:0.78225
animated:0.779
visually appealing:0.77875
war:0.7685
good versus evil:0.764
beautifully filmed:0.753
adventure:0.74975
computer animation:0.73575
anti-war:0.72975
stunning:0.72525
stylized:0.723
fairy tales:0.716
story:0.70775
great ending:0.7065
mythology:0.6935
good soundtrack:0.693
masterpiece:0.693
transformation:0.688
beautiful scenery:0.6805
surreal:0.676
colourful:0.6535
social commentary:0.6525
breathtaking:0.648
alternate reality:0.64225
books:0.63275
demons:0.63125
allegory:0.6295
adaptation:0.6245
romantic:0.624
complex:0.6175
friendship:0.613
enigmatic:0.6105
dreamlike:0.60575
great:0.60525
tokyo:0.5915
melancholic:0.59025
artistic:0.58875
interesting:0.58575
dark:0.5855
light:0.5845
loneliness:0.58375
beautiful:0.57775
good:0.5755
mentor:0.5735
romance:0.57325
creativity:0.57175
bittersweet:0.5655
runaway:0.5635
destiny:0.56125
melancholy:0.55525
secrets:0.55075
sweet:0.5505
humorous:0.54975
affectionate:0.5475
clever:0.54675
greed:0.54575
culture clash:0.5415
scenic:0.54125
movielens top pick:0.54125
firefly:0.54025
dialogue:0.54
atmospheric:0.53825
vengeance:0.537
suprisingly clever:0.529
unlikely friendships:0.52375
dark fantasy:0.5235
earnest:0.5165
hallucinatory:0.51525
aging:0.5125
forceful:0.5125
brutality:0.51
foreign:0.50925
