children:0.91525
kids:0.8925
witch:0.889
disney:0.87625
witches:0.859
childhood:0.80475
kids and family:0.79275
fun movie:0.782
family:0.7745
original:0.71975
fun:0.71475
adventure:0.7105
talking animals:0.70025
special effects:0.68975
nostalgic:0.671
magic:0.63275
cute:0.589
aliens:0.5795
good:0.577
runaway:0.57375
cute!:0.5595
orphans:0.55775
fantasy:0.54625
story:0.49275
sci-fi:0.48025
storytelling:0.47925
sci fi:0.47425
chase:0.4685
mentor:0.45725
animals:0.45175
great ending:0.45075
happy ending:0.44425
fairy tale:0.4375
first contact:0.43075
alien:0.427
catastrophe:0.40375
sweet:0.39825
dialogue:0.39525
bullying:0.38925
life philosophy:0.38725
teen movie:0.38675
fantasy world:0.384
predictable:0.3745
not funny:0.3735
greed:0.3655
entertaining:0.35475
redemption:0.35225
adapted from:book:0.34475
adaptation:0.33825
unusual plot structure:0.32975
so bad it's funny:0.32875
cartoon:0.32125
racing:0.321
good soundtrack:0.31375
brutality:0.30575
race:0.30375
dog:0.30275
melancholic:0.30225
whimsical:0.30075
supernatural:0.2985
scifi:0.2975
culture clash:0.29725
light:0.297
cheesy:0.29675
dark fantasy:0.29225
effects:0.29125
destiny:0.2835
maze:0.2805
disaster:0.27825
unlikely friendships:0.276
great:0.27575
science fiction:0.275
natural disaster:0.27075
vengeance:0.26775
suspense:0.26625
based on book:0.2595
underrated:0.259
based on a book:0.259
small town:0.2585
allegory:0.258
adoption:0.2555
weapons:0.252
transformation:0.24775
clever:0.24725
1930s:0.246
mad scientist:0.245
pornography:0.245
police investigation:0.23675
imagination:0.23625
suprisingly clever:0.235
feel-good:0.23275
gangsters:0.23225
good versus evil:0.23225
stereotypes:0.23
heartwarming:0.22875
disney animated feature:0.22825
school:0.22775
entirely dialogue:0.22725
teen:0.2245
criterion:0.224
