mafia:0.92925
original:0.9025
new jersey:0.88375
gangster:0.87875
gangsters:0.8785
mob:0.8725
narrated:0.86625
hit men:0.8585
intellectual:0.84375
relationships:0.84275
black and white:0.84275
talky:0.8405
quotable:0.8315
new york:0.81675
criterion:0.81275
witty:0.80075
imdb top 250:0.8
oscar (best directing):0.78325
oscar (best actress):0.765
new york city:0.7645
screwball:0.76275
affectionate:0.76
character study:0.74275
dialogue:0.733
cerebral:0.72975
nostalgic:0.7275
great acting:0.72525
highly quotable:0.7215
great ending:0.704
drinking:0.7035
poignant:0.7005
melancholic:0.69575
oscar (best supporting actress):0.693
bittersweet:0.68975
hilarious:0.67525
organized crime:0.674
loneliness:0.66825
storytelling:0.6635
golden palm:0.66275
redemption:0.66125
comedy:0.65775
cinematography:0.6355
crime gone awry:0.628
hotel:0.6255
masterpiece:0.621
clever:0.61825
melancholy:0.60225
farce:0.597
classic:0.594
oscar (best writing - screenplay written directly for the screen):0.5935
dialogue driven:0.593
enigmatic:0.5885
goofy:0.58475
social commentary:0.58175
great movie:0.57825
great:0.57
1930s:0.567
light:0.56325
life philosophy:0.55675
period piece:0.5545
oscar (best supporting actor):0.54825
story:0.54675
obsession:0.5455
off-beat comedy:0.54375
mentor:0.54375
based on a play:0.53625
good soundtrack:0.5315
romantic:0.52825
funny:0.523
depression:0.51925
quirky:0.5175
adaptation:0.5145
existentialism:0.5085
stylized:0.5065
1970s:0.50175
complex:0.5005
weird:0.4995
deadpan:0.4955
greed:0.4935
entirely dialogue:0.4925
humorous:0.49175
cult classic:0.49175
adapted from:book:0.48925
atmospheric:0.4825
writers:0.4815
touching:0.47675
dramatic:0.4765
suprisingly clever:0.4745
complicated:0.4745
psychology:0.46775
heartbreaking:0.4625
1920s:0.46175
betrayal:0.45575
sarcasm:0.4545
reflective:0.4545
grindhouse:0.4535
very funny:0.453
excellent script:0.453
interesting:0.45
good:0.44925
