visually appealing:0.9275
intimate:0.90425
beautifully filmed:0.898
melancholic:0.82175
love story:0.8095
entirely dialogue:0.795
rome:0.76975
cinematography:0.768
dialogue:0.73925
relationships:0.73
love:0.72075
beautiful scenery:0.70525
criterion:0.69525
enigmatic:0.68525
melancholy:0.67575
original:0.67475
complex:0.66
powerful ending:0.6315
cerebral:0.6225
bittersweet:0.59675
visually stunning:0.587
artistic:0.57675
passionate:0.5715
loneliness:0.57025
wistful:0.5505
africa:0.53875
talky:0.524
allegory:0.513
reflective:0.483
golden palm:0.47875
weird:0.465
romantic:0.46125
visual:0.4565
storytelling:0.45075
suprisingly clever:0.44175
paris:0.4365
art house:0.4365
solitude:0.4305
catastrophe:0.40825
obsession:0.40175
sacrifice:0.397
breathtaking:0.39275
quirky:0.38525
existentialism:0.372
beautiful:0.37175
nonlinear:0.36975
life & death:0.364
stylized:0.3605
story:0.36025
nudity (full frontal - notable):0.36
art:0.3575
meditative:0.35725
good dialogue:0.3485
life philosophy:0.34525
unusual plot structure:0.34175
transformation:0.33625
not funny:0.33625
pornography:0.33125
fantasy world:0.33
photography:0.32825
great ending:0.326
memory:0.32075
stunning:0.32
mentor:0.316
artsy:0.31575
whimsical:0.313
marriage:0.312
good soundtrack:0.31025
nocturnal:0.3085
culture clash:0.30575
love triangles:0.3055
emotional:0.30225
dreams:0.29825
music:0.289
romance:0.2885
parallel universe:0.284
tokyo:0.28175
colourful:0.27975
very interesting:0.27975
social commentary:0.27925
silent:0.27875
male nudity:0.2775
affectionate:0.27325
sexy:0.27175
dreamlike:0.2715
adultery:0.267
pretentious:0.266
writers:0.26525
indie:0.25975
erotic:0.2595
surreal:0.2585
betrayal:0.255
guilt:0.24825
runaway:0.247
drama:0.24675
pointless:0.24175
multiple storylines:0.2415
brutality:0.2415
creativity:0.2405
political:0.2385
