espionage:0.999
007 (series):0.99325
spying:0.991
spy:0.975
spies:0.9725
assassination:0.963
twists & turns:0.952
criterion:0.94625
hitchcock:0.94525
stylish:0.94125
cinematography:0.93875
secrets:0.9165
caper:0.9045
corruption:0.898
murder:0.89125
complicated:0.87125
assassin:0.87075
suspense:0.85625
forceful:0.83575
original:0.82825
oscar (best directing):0.82325
enigmatic:0.81825
thriller:0.81725
tense:0.814
stunning:0.80175
gunfight:0.80125
clever:0.79825
harsh:0.79675
imdb top 250:0.791
mystery:0.78375
chase:0.78175
london:0.77625
fun movie:0.774
sexy:0.7735
talky:0.7665
dramatic:0.75875
surveillance:0.7485
twist:0.73925
runaway:0.7385
007:0.73675
violence:0.735
visually appealing:0.72875
adapted from:book:0.726
british:0.72475
suspenseful:0.724
kidnapping:0.724
storytelling:0.7175
plot twist:0.71375
gangsters:0.709
conspiracy:0.708
1960s:0.7015
unusual plot structure:0.6925
complicated plot:0.68425
oscar (best actress):0.6805
bond:0.679
plot:0.679
betrayal:0.67375
complex:0.67225
oil:0.67175
nudity (topless - brief):0.6585
hitman:0.651
social commentary:0.64975
cerebral:0.6445
paranoid:0.6425
gangster:0.639
brutality:0.63875
vengeance:0.6345
dark:0.62725
revenge:0.62325
humor:0.61975
justice:0.61275
drama:0.61125
weird:0.60875
organized crime:0.60875
light:0.604
great ending:0.598
middle east:0.5965
narrated:0.59525
absurd:0.5845
witty:0.584
twist ending:0.58375
amazing photography:0.5705
stylized:0.57
moral ambiguity:0.567
so bad it's funny:0.56375
police investigation:0.56375
classic:0.56275
reflective:0.5625
breathtaking:0.561
dialogue:0.55975
england:0.55575
masterpiece:0.5385
interesting:0.53525
foreign:0.53275
screwball:0.53
humorous:0.529
golden palm:0.52825
politics:0.52375
entertaining:0.51875
very good:0.515
