dark fantasy:0.983
medieval:0.93475
time travel:0.89825
imagination:0.8785
weird:0.82575
fantasy:0.81525
allegory:0.8025
original:0.7805
fantasy world:0.6945
storytelling:0.6695
beautifully filmed:0.63725
meditative:0.63675
existentialism:0.63
enigmatic:0.622
colourful:0.60975
dreamlike:0.60525
criterion:0.6005
sci fi:0.593
visually appealing:0.5725
visually stunning:0.5645
visual:0.552
cerebral:0.53075
new zealand:0.524
scifi:0.51575
death:0.51125
good soundtrack:0.508
dreams:0.50775
irish accent:0.50475
life & death:0.4975
suprisingly clever:0.49
bittersweet:0.477
melancholic:0.476
adventure:0.47525
loneliness:0.47175
childhood:0.46675
mentor:0.46475
catastrophe:0.46225
great ending:0.44575
creativity:0.44275
quirky:0.4425
surreal:0.4365
golden palm:0.435
stunning:0.43225
art:0.42725
intellectual:0.4155
gilliam:0.41425
dialogue:0.4075
absurd:0.397
cult film:0.397
life philosophy:0.39575
black and white:0.38525
entirely dialogue:0.376
story:0.3745
beautiful scenery:0.37275
greed:0.364
so bad it's funny:0.35275
unusual plot structure:0.35025
england:0.34675
magic:0.343
cult classic:0.343
cinematography:0.3405
special effects:0.33675
atmospheric:0.329
betrayal:0.32525
social commentary:0.325
destiny:0.32475
insanity:0.32175
nocturnal:0.32075
photography:0.3155
clever:0.31375
sci-fi:0.31375
emotional:0.3115
culture clash:0.30925
runaway:0.30675
lone hero:0.301
transformation:0.3005
adaptation:0.2935
very interesting:0.292
visuals:0.291
great:0.29075
modern fantasy:0.2875
travel:0.28675
reflective:0.286
melancholy:0.28475
harsh:0.28375
utopia:0.2825
talky:0.282
not funny:0.2805
free to download:0.2765
complex:0.27525
pornography:0.27175
whimsical:0.27075
first contact:0.26875
twists & turns:0.26775
stylized:0.26475
god:0.26475
brutality:0.25875
dragons:0.25775
hallucinatory:0.25725
simple:0.25725
