original:0.791
so bad it's funny:0.71875
science fiction:0.71225
predictable:0.6145
campy:0.5935
monster:0.53475
mentor:0.5
space:0.4985
brutality:0.4935
sci fi:0.487
survival:0.4625
great ending:0.46025
catastrophe:0.4585
monsters:0.45125
splatter:0.44925
overrated:0.44725
transformation:0.44225
first contact:0.437
not funny:0.437
bad plot:0.436
wilderness:0.4235
sequels:0.42225
crappy sequel:0.417
cult film:0.39375
life & death:0.39225
natural disaster:0.38575
zombie:0.38475
story:0.384
death:0.379
bad cgi:0.37775
fun movie:0.37625
sequel:0.37525
chase:0.37325
dialogue:0.36975
lone hero:0.3675
unusual plot structure:0.35625
slapstick:0.3435
great:0.34325
fantasy:0.34275
adaptation:0.33225
scifi:0.32925
disaster:0.3245
camp:0.32275
mars:0.31925
silly fun:0.31875
nudity (full frontal - brief):0.3175
android(s)/cyborg(s):0.31375
light:0.312
life philosophy:0.31175
pornography:0.31175
special effects:0.3105
allegory:0.31025
romance:0.3095
family:0.308
weapons:0.30725
satirical:0.304
fantasy world:0.3005
solitude:0.3
silly:0.2985
visual:0.2985
surreal:0.297
entirely dialogue:0.29575
quirky:0.2945
storytelling:0.29425
runaway:0.29225
destiny:0.29225
mad scientist:0.29075
entertaining:0.28575
pointless:0.28075
violence:0.27725
demons:0.277
happy ending:0.2755
criterion:0.2735
vengeance:0.2735
fun:0.2705
franchise:0.26925
road movie:0.26875
island:0.268
fight scenes:0.2655
immortality:0.2645
clones:0.262
pulp:0.2595
cult classic:0.2565
unfunny:0.25575
culture clash:0.2555
redemption:0.25475
visually appealing:0.2535
weird:0.25275
action:0.25125
adapted from:comic:0.2485
existentialism:0.24675
nocturnal:0.24625
80s:0.245
queer:0.24425
boring:0.24425
good action:0.24075
justice:0.23975
loneliness:0.23975
good soundtrack:0.23875
alternate reality:0.2375
