women:0.983
world politics:0.9695
based on a true story:0.96175
true story:0.954
england:0.93575
based on true story:0.92425
biographical:0.90575
workplace:0.874
feel-good:0.851
british:0.83225
original:0.8305
feel good movie:0.82325
oscar (best actress):0.8105
drama:0.8075
rebellion:0.80475
pg-13:0.79975
dramatic:0.791
london:0.77925
corruption:0.73825
courage:0.73825
idealism:0.731
1960s:0.72925
business:0.714
political:0.70425
tragedy:0.6895
touching:0.68675
story:0.686
history:0.6855
good:0.68425
historical:0.682
mentor:0.66075
good soundtrack:0.652
runaway:0.651
excellent script:0.64825
politics:0.64275
secrets:0.63125
comedy:0.631
destiny:0.63075
costume drama:0.6305
light:0.61725
conspiracy:0.61475
storytelling:0.5925
very funny:0.5925
oscar:0.591
manipulation:0.58775
clever:0.58125
pornography:0.58075
period piece:0.58
1970s:0.574
factual:0.5665
justice:0.56575
family:0.565
witty:0.56325
excellent:0.561
working class:0.5585
great ending:0.55025
culture clash:0.53725
unlikely friendships:0.535
underdog:0.5315
oscar winner:0.53125
interesting:0.5265
greed:0.51975
biography:0.51
honest:0.50925
good acting:0.5025
fantasy world:0.49975
very interesting:0.49875
emotional:0.49775
intense:0.49675
friendship:0.49325
oscar (best supporting actress):0.48225
great acting:0.47975
drinking:0.47825
childhood:0.47375
us history:0.4715
wartime:0.4665
happy ending:0.46
revolution:0.45825
dialogue:0.458
betrayal:0.4575
inspirational:0.45225
male nudity:0.444
catastrophe:0.44225
based on book:0.43975
reflective:0.437
segregation:0.4335
great:0.4305
vengeance:0.42825
sweet:0.4265
realistic:0.419
chase:0.41675
plot:0.41325
talky:0.411
adaptation:0.407
complex:0.406
suprisingly clever:0.4015
oscar (best directing):0.399
very good:0.39775
social commentary:0.3955
colourful:0.395
