biblical:0.99925
jesus:0.9985
70mm:0.99075
christian:0.97875
christianity:0.978
religion:0.92775
god:0.9265
narrated:0.8705
life & death:0.779
vengeance:0.7775
based on a book:0.77725
story:0.775
criterion:0.752
original:0.7475
egypt:0.743
mentor:0.74175
gunfight:0.72825
childhood:0.713
visual:0.66875
brutality:0.63
destiny:0.61575
sexualized violence:0.61175
good action:0.60825
pornography:0.598
chase:0.5925
lone hero:0.584
redemption:0.58375
drinking:0.563
desert:0.559
predictable:0.55825
jews:0.54775
freedom:0.54475
melancholic:0.541
catholicism:0.54075
suspenseful:0.537
silent:0.531
distopia:0.53
storytelling:0.52525
depression:0.511
forceful:0.50925
revenge:0.5025
blindness:0.499
justice:0.492
dialogue:0.4915
controversial:0.48725
epic:0.48475
special effects:0.46925
medieval:0.463
brutal:0.46275
paranoid:0.45725
original plot:0.45675
allegory:0.4555
israel:0.447
immortality:0.44375
betrayal:0.4415
historical:0.43825
unlikely friendships:0.434
sci fi:0.434
visually appealing:0.42975
passionate:0.42525
computer animation:0.423
great ending:0.419
dramatic:0.41625
catastrophe:0.41125
reflective:0.4105
light:0.4085
amy smart:0.4065
violent:0.405
nudity (topless - brief):0.40175
suprisingly clever:0.4015
so bad it's funny:0.401
adventure:0.401
complex:0.4
shopping:0.3965
science fiction:0.39625
action:0.39375
not funny:0.39275
scifi:0.39175
dystopic future:0.38725
stylized:0.387
period piece:0.38475
alter ego:0.383
grindhouse:0.37825
adapted from:book:0.37825
harsh:0.37725
saturn award (best special effects):0.375
violence:0.3745
transformation:0.374
runaway:0.37225
franchise:0.37225
script:0.3615
weapons:0.3605
gory:0.3575
courage:0.3555
life:0.354
good soundtrack:0.3485
gangsters:0.3465
bullshit history:0.34075
beautifully filmed:0.3395
fantasy:0.33825
