vampires:0.99875
vampire:0.99725
awesome soundtrack:0.97925
cult classic:0.9725
horror:0.93925
cult film:0.93925
1980s:0.92625
80s:0.9125
brothers:0.90925
small town:0.88975
teen movie:0.8845
fun movie:0.8835
nocturnal:0.87175
cool:0.87025
dark fantasy:0.8585
teen:0.848
motorcycle:0.8395
nostalgic:0.80775
good:0.8045
original:0.791
good soundtrack:0.77675
quotable:0.7755
great soundtrack:0.77525
goth:0.76925
great movie:0.766
gory:0.7655
mentor:0.7645
great:0.75725
blood:0.73975
good action:0.73925
camp:0.7385
teens:0.727
fun:0.72
silly fun:0.69675
teenager:0.69325
drinking:0.685
childhood:0.67525
stylish:0.672
comedy:0.6715
goofy:0.6715
cult:0.655
pg-13:0.6505
highly quotable:0.64025
creepy:0.63975
scary:0.63425
splatter:0.631
california:0.62375
transformation:0.61875
supernatural:0.61825
fight scenes:0.6075
grindhouse:0.60575
adolescence:0.60575
action:0.604
teenagers:0.58225
dark hero:0.58175
vengeance:0.58075
special effects:0.575
violence:0.57375
gangs:0.5725
mythology:0.5675
zombie:0.55475
entertaining:0.5545
girlie movie:0.55325
great ending:0.5495
great acting:0.545
monster:0.54475
classic:0.544
atmospheric:0.53825
bloody:0.5235
oscar (best effects - visual effects):0.52325
demons:0.51775
immortality:0.50325
adaptation:0.503
violent:0.502
excellent:0.5015
good music:0.49975
death:0.498
dialogue:0.496
story:0.4925
chase:0.492
campy:0.48525
revenge:0.485
excellent script:0.485
humorous:0.484
very good:0.47925
unlikely friendships:0.47725
friendship:0.47725
good acting:0.477
brutality:0.4715
adapted from:book:0.46575
weird:0.46425
action packed:0.4575
cheesy:0.45725
comic book:0.4565
affectionate:0.45575
rock and roll:0.453
suspense:0.448
feel-good:0.44725
effects:0.445
runaway:0.44325
