relationships:0.805
enigmatic:0.771
intimate:0.7045
criterion:0.70425
original:0.69825
pointless:0.686
talky:0.659
18th century:0.63875
indie:0.61375
entirely dialogue:0.60775
golden palm:0.5945
cerebral:0.59075
grindhouse:0.5845
dialogue:0.566
nudity (full frontal - notable):0.56175
farce:0.553
french:0.55
obsession:0.54275
pretentious:0.51325
hotel:0.50825
nocturnal:0.5075
melancholic:0.49125
loneliness:0.486
intellectual:0.47225
lyrical:0.459
foreign:0.4525
very interesting:0.449
boring!:0.43325
ironic:0.43175
wine:0.4305
paris:0.42975
crime gone awry:0.42825
art house:0.4205
existentialism:0.41575
complex:0.4065
mentor:0.398
catastrophe:0.39025
love triangles:0.3895
nonlinear:0.38475
weird:0.37075
stylized:0.362
great ending:0.3595
pornography:0.35375
too long:0.35125
runaway:0.34575
brutality:0.33075
mozart:0.3265
off-beat comedy:0.326
absurd:0.3195
writers:0.3155
dialogue driven:0.315
fantasy world:0.31375
artsy:0.30725
not funny:0.3065
romance:0.30225
satirical:0.3005
stereotypes:0.29975
addiction:0.299
sexual:0.29425
redemption:0.293
overrated:0.29225
melancholy:0.2905
lynch:0.2865
erotic:0.286
gangsters:0.2845
storytelling:0.281
suprisingly clever:0.27975
multiple storylines:0.277
witty:0.2725
finnish:0.27075
bleak:0.269
dreamlike:0.26675
life & death:0.26625
quirky:0.263
good soundtrack:0.261
voyeurism:0.249
disturbing:0.248
dysfunctional family:0.24775
boring:0.24525
destiny:0.24475
romantic:0.24425
life philosophy:0.24375
memory:0.2435
first contact:0.241
male nudity:0.2405
culture clash:0.2405
character study:0.23575
ethnic conflict:0.235
so bad it's funny:0.2345
unfunny:0.23375
visually appealing:0.2335
complex characters:0.2255
gay character:0.22475
screwball comedy:0.2235
transformation:0.21875
imdb top 250:0.2185
sexualized violence:0.21825
women:0.21725
france:0.21675
reflective:0.2145
