oscar (best foreign language film):0.9845
touching:0.97875
bittersweet:0.97625
mentor:0.97425
nostalgic:0.97075
imdb top 250:0.9625
childhood:0.96
sentimental:0.95575
emotional:0.94125
foreign:0.939
heartwarming:0.9295
reflective:0.92325
masterpiece:0.911
love:0.90225
storytelling:0.8905
small town:0.88425
friendship:0.86675
poignant:0.866
excellent script:0.8655
love story:0.86475
unlikely friendships:0.86425
oscar (best directing):0.85225
melancholic:0.84675
heartbreaking:0.84625
beautifully filmed:0.8455
original:0.8395
drama:0.8325
destiny:0.81775
affectionate:0.816
loneliness:0.79825
great ending:0.7855
passionate:0.77025
life:0.72075
coming of age:0.714
oscar (best actress):0.70725
melancholy:0.6995
adolescence:0.69875
oscar winner:0.6975
enigmatic:0.689
great acting:0.68575
relationships:0.676
nostalgia:0.6695
idealism:0.66875
whimsical:0.66325
story:0.66325
censorship:0.65875
earnest:0.65725
life & death:0.65475
feel-good:0.65475
sweet:0.654
italy:0.65325
tragedy:0.65175
cinematography:0.651
beautiful scenery:0.649
criterion:0.64775
intimate:0.64775
life philosophy:0.6365
good:0.63525
oscar (best picture):0.63325
movielens top pick:0.6295
great movie:0.628
good soundtrack:0.6275
coming-of-age:0.6275
sad:0.6225
good acting:0.61875
breathtaking:0.6165
great:0.6115
talky:0.60825
italian:0.60425
beautiful:0.6025
powerful ending:0.60125
honest:0.59925
classic:0.59825
compassionate:0.591
visually appealing:0.585
romantic:0.5835
golden palm:0.582
imagination:0.57675
visually stunning:0.56775
moral ambiguity:0.56375
interesting:0.5615
amazing photography:0.5525
feel good movie:0.5515
transformation:0.54925
runaway:0.548
existentialism:0.54425
artistic:0.544
visual:0.53875
culture clash:0.53375
philosophy:0.53075
social commentary:0.5275
inspirational:0.52475
sad but good:0.52425
oscar:0.5235
oscar (best writing - screenplay written directly for the screen):0.52325
memory:0.52025
atmospheric:0.51575
romance:0.5155
rome:0.51475
tear jerker:0.50975
