islam:0.9965
women:0.969
foreign:0.954
social commentary:0.874
brutality:0.84925
bleak:0.80475
harsh:0.75875
runaway:0.72725
middle east:0.71925
poverty:0.7145
childhood:0.6995
original:0.642
forceful:0.629
cinematography:0.59375
coming of age:0.59075
brutal:0.59
disturbing:0.574
secrets:0.56225
culture clash:0.55825
rebellion:0.55525
religion:0.55225
heartbreaking:0.55225
pg-13:0.54925
mentor:0.545
adolescence:0.534
hospital:0.53325
poignant:0.528
workplace:0.5265
brainwashing:0.51225
hard to watch:0.50875
realistic:0.5015
criterion:0.49775
weapons:0.4925
tragedy:0.487
good soundtrack:0.48675
catastrophe:0.48625
beautifully filmed:0.48025
political:0.47875
revolution:0.47425
grim:0.472
compassionate:0.47175
vengeance:0.46975
coming-of-age:0.46175
cross dressing:0.4605
friendship:0.4565
iran:0.44075
torture:0.4395
honest:0.437
storytelling:0.429
idealism:0.42475
sexual abuse:0.42375
death:0.419
poland:0.41825
unlikely friendships:0.4145
great:0.41375
identity:0.4125
oscar (best foreign language film):0.4115
drinking:0.4085
reflective:0.402
pornography:0.4015
amazing photography:0.3965
downbeat:0.39325
jews:0.39275
visceral:0.39175
genocide:0.38725
corruption:0.382
great ending:0.3805
educational:0.3805
suprisingly clever:0.37425
melancholic:0.37225
dramatic:0.3565
spanish:0.34825
prejudice:0.3435
not funny:0.3415
talky:0.34125
gangs:0.339
survival:0.338
golden palm:0.33225
girlie movie:0.32975
virginity:0.32675
allegory:0.32475
true story:0.32225
politics:0.32075
betrayal:0.31975
breathtaking:0.31825
twists & turns:0.3145
movielens top pick:0.3145
story:0.31375
drama:0.30725
school:0.3055
police investigation:0.302
propaganda:0.2995
nudity (full frontal - brief):0.296
good:0.2925
greed:0.29225
morality:0.2905
justice:0.29025
fantasy world:0.2875
loneliness:0.28625
teen movie:0.286
