relationships:0.859
runaway:0.8295
women:0.826
original:0.82025
small town:0.74375
nudity (topless):0.73975
good soundtrack:0.727
pornography:0.714
bittersweet:0.7115
teen movie:0.7045
indie:0.6985
chick flick:0.6925
dysfunctional family:0.67075
teen:0.63425
quirky:0.613
enigmatic:0.581
teenager:0.578
brutality:0.5555
great acting:0.55175
adolescence:0.54825
awesome soundtrack:0.54775
teenagers:0.511
social commentary:0.5005
friendship:0.491
coming of age:0.47875
culture clash:0.478
great ending:0.46625
touching:0.466
love:0.464
sexualized violence:0.458
sexy:0.45625
teens:0.45175
male nudity:0.45
visually appealing:0.44675
unlikely friendships:0.442
spanish:0.435
independent film:0.434
weird:0.4335
catastrophe:0.43025
mother daughter relationship:0.4295
melancholic:0.42725
argentina:0.42425
dialogue:0.41925
mentor:0.41875
criterion:0.4185
family:0.4175
melancholy:0.41625
high school:0.4145
multiple storylines:0.41425
nudity (topless - notable):0.414
artistic:0.4135
loneliness:0.405
intimate:0.405
harsh:0.40375
adapted from:book:0.39525
pg-13:0.3935
race issues:0.39325
sweet:0.391
great:0.38825
storytelling:0.3845
bad acting:0.38
suprisingly clever:0.3775
girlie movie:0.37375
adaptation:0.37375
talky:0.37175
golden palm:0.3705
poignant:0.3655
story:0.361
queer:0.35525
realistic:0.35275
cinematography:0.35
foreign:0.34825
not funny:0.34775
honest:0.347
passionate:0.3445
very interesting:0.3445
narrated:0.34125
shallow:0.3385
love story:0.33475
complex:0.332
oscar (best actress):0.33075
great soundtrack:0.329
feel-good:0.32325
good:0.323
redemption:0.31975
artist:0.31775
gay character:0.3175
glbt:0.3175
entirely dialogue:0.31575
stylized:0.31575
moody:0.314
notable nudity:0.31325
lesbian:0.313
coming-of-age:0.3025
nudity (full frontal - notable):0.30225
mexico:0.3
nocturnal:0.29875
stereotypes:0.29525
family drama:0.2945
fantasy world:0.293
