gunfight:0.97925
indians:0.8765
comedy:0.79825
fun movie:0.75475
original:0.6785
western:0.65075
great:0.629
road movie:0.624
parody:0.59325
weapons:0.568
humorous:0.5595
funny:0.54175
runaway:0.52725
very funny:0.486
light:0.479
chase:0.45575
finnish:0.4375
mentor:0.4335
spoof:0.43025
unusual plot structure:0.42325
catastrophe:0.41875
suprisingly clever:0.40775
fun:0.39925
story:0.398
good:0.37125
great ending:0.36025
good sequel:0.3535
dialogue:0.3525
culture clash:0.34925
greed:0.34775
harsh:0.3455
criterion:0.34425
happy ending:0.34225
caper:0.342
lone hero:0.337
childhood:0.32975
great movie:0.325
sexy:0.31225
imdb top 250:0.30525
unfunny:0.3025
life philosophy:0.29725
redemption:0.29425
police investigation:0.29325
ethnic conflict:0.286
destiny:0.28025
writers:0.27875
silly fun:0.2765
brutality:0.273
first contact:0.2705
good soundtrack:0.26225
funny as hell:0.262
storytelling:0.2605
movielens top pick:0.25975
computer animation:0.2585
hilarious:0.2545
native americans:0.24825
whimsical:0.24725
utopia:0.247
classic:0.245
farce:0.24
california:0.24
entirely dialogue:0.23975
talky:0.23875
slapstick:0.2385
adapted from:book:0.2385
affectionate:0.23675
clever:0.23425
life & death:0.23275
vengeance:0.229
gangsters:0.225
not funny:0.219
classic car:0.2185
oscar (best actress):0.218
adaptation:0.218
family:0.21775
biopic:0.2175
comic:0.21675
witty:0.21625
creativity:0.21175
so bad it's funny:0.2105
afi 100 (laughs):0.21025
excellent:0.21025
prison:0.208
corruption:0.20525
murder:0.203
family drama:0.20175
visually appealing:0.20075
cartoon:0.19675
private detective:0.19675
fantasy world:0.19525
death:0.19525
feel-good:0.194
unlikely friendships:0.19375
very good:0.1935
oscar (best supporting actor):0.188
twists & turns:0.18625
visually stunning:0.185
oscar (best supporting actress):0.185
camp:0.18375
atheism:0.1825
