007:0.99775
bond:0.99375
spying:0.965
spoof:0.95075
spy:0.94125
franchise:0.9365
espionage:0.93475
spies:0.92775
silly:0.88775
parody:0.86075
silly fun:0.84775
james bond:0.8415
secret service:0.83825
007 (series):0.74325
original:0.7375
psychedelic:0.7305
goofy:0.651
absurd:0.6435
satirical:0.6135
chase:0.5945
secrets:0.589
farce:0.505
satire:0.4985
good soundtrack:0.4815
catastrophe:0.47125
mentor:0.46175
writers:0.46125
comedy:0.45375
slapstick:0.43825
surreal:0.43175
ridiculous:0.43075
bad plot:0.43075
cold war:0.429
great ending:0.42225
fun movie:0.41325
sexy:0.4125
family bonds:0.4065
weird:0.394
storytelling:0.385
predictable:0.38475
assassin:0.38075
stylized:0.36625
dialogue:0.3655
first contact:0.364
cult classic:0.34975
adaptation:0.34625
pointless:0.3435
mad scientist:0.34175
fantasy world:0.33925
very funny:0.33925
women:0.336
fun:0.333
unfunny:0.33125
campy:0.33125
fight scenes:0.32475
so bad it's funny:0.32025
surrealism:0.3195
story:0.316
brutality:0.3125
life philosophy:0.31225
culture clash:0.31075
quirky:0.31025
car chase:0.30475
melancholic:0.304
funny:0.29975
insanity:0.299
runaway:0.29575
70mm:0.2925
indians:0.29225
weapons:0.29025
camp:0.28925
clever:0.28875
great:0.2875
product placement:0.2845
british:0.2825
disaster:0.281
hit men:0.2805
twists & turns:0.279
based on a book:0.278
humorous:0.27775
destiny:0.2735
pornography:0.26575
visually stunning:0.259
criterion:0.25825
murder:0.25475
multiple storylines:0.2545
greed:0.2525
action:0.24625
arms dealer:0.246
no plot:0.24575
entirely dialogue:0.2445
vengeance:0.24325
visually appealing:0.24325
visual:0.243
series:0.24125
1960s:0.24
cult film:0.23975
grindhouse:0.2375
caper:0.237
light:0.232
