mental illness:0.959
weird:0.90175
quirky:0.90125
depression:0.86375
nudity (full frontal):0.8355
original:0.83025
dark humor:0.812
nudity (full frontal - notable):0.7995
satire:0.781
off-beat comedy:0.781
very interesting:0.77975
obsession:0.77225
censorship:0.768
deadpan:0.7185
insanity:0.717
male nudity:0.71325
psychological:0.699
irreverent:0.692
pornography:0.68125
psychology:0.63125
drama:0.60925
satirical:0.6025
dark comedy:0.59075
eccentricity:0.59025
criterion:0.57825
talky:0.559
black comedy:0.52675
brutality:0.5225
television:0.511
melancholic:0.49875
good soundtrack:0.48475
surreal:0.47
independent film:0.46375
art house:0.46025
character study:0.4555
ironic:0.45125
sexualized violence:0.4455
intimate:0.44425
greed:0.444
disturbing:0.441
existentialism:0.441
great ending:0.44075
loneliness:0.42925
pointless:0.42575
vengeance:0.4255
drugs:0.4245
stylized:0.42275
mentor:0.4225
crime gone awry:0.416
addiction:0.40875
dialogue:0.4035
bleak:0.403
demons:0.4015
oscar (best supporting actress):0.401
social commentary:0.39025
new jersey:0.388
dysfunctional family:0.38725
cult film:0.38675
crazy:0.38575
humorous:0.38225
alter ego:0.38225
storytelling:0.3815
cinematography:0.3795
adaptation:0.3765
brothers:0.3765
writers:0.37275
doctors:0.369
life & death:0.368
catastrophe:0.3655
golden palm:0.36075
sarcasm:0.36025
hotel:0.357
violent:0.35125
very funny:0.3425
voyeurism:0.342
cerebral:0.3415
entirely dialogue:0.334
enigmatic:0.334
great acting:0.32425
comedy:0.32275
cult classic:0.31525
story:0.30825
paranoia:0.3075
sexual:0.307
bizarre:0.3055
gangsters:0.30525
justice:0.30125
suicide attempt:0.301
reality tv:0.29825
dark:0.29675
complex:0.2945
strange:0.29275
saturday night live:0.29025
underrated:0.2895
artsy:0.28825
runaway:0.28675
sex:0.2845
transgender:0.283
childhood:0.27975
pretentious:0.2765
