australia:0.9895
good sequel:0.985
sequels:0.9795
sequel:0.97
adventure:0.9535
new york city:0.934
australian:0.89675
jungle:0.823
original:0.81575
crappy sequel:0.78725
franchise:0.7815
action:0.77025
good action:0.7145
gangsters:0.71325
comedy:0.68975
fun movie:0.68125
new york:0.67625
predictable:0.65525
dynamic cgi action:0.6195
good:0.6135
chase:0.6055
mentor:0.60375
destiny:0.599
big budget:0.5795
nostalgic:0.54025
culture clash:0.5235
catastrophe:0.5135
entertaining:0.50125
lone hero:0.48075
so bad it's funny:0.47825
romance:0.47225
los angeles:0.46875
family:0.46875
natural disaster:0.462
silly fun:0.45075
dialogue:0.44875
great ending:0.448
slapstick:0.44475
special effects:0.4305
kidnapping:0.428
great:0.417
fun:0.4165
guilty pleasure:0.41225
story:0.41125
lame:0.411
life philosophy:0.41025
violence:0.40825
fantasy world:0.40625
snakes:0.39675
fish:0.39525
las vegas:0.39325
1980s:0.38725
bad plot:0.38325
action packed:0.375
brutality:0.37125
treasure hunt:0.368
pg-13:0.3665
goofy:0.3555
80s:0.35425
runaway:0.35175
series:0.35025
happy ending:0.34875
transformation:0.3455
overrated:0.3425
not funny:0.3415
fantasy:0.33925
adaptation:0.33675
island:0.334
fight scenes:0.33275
romantic comedy:0.33075
original plot:0.32875
gangs:0.328
unfunny:0.3205
writers:0.315
exciting:0.315
very funny:0.31425
romantic:0.31275
vengeance:0.3105
survival:0.3105
addiction:0.31
first contact:0.30675
shallow:0.29975
storytelling:0.29925
wilderness:0.298
stereotypes:0.29675
disaster:0.29525
silly:0.294
satirical:0.29025
beautiful scenery:0.28975
nudity (rear):0.28575
funny:0.28525
suspense:0.28525
solitude:0.27825
quirky:0.27775
good soundtrack:0.27675
girlie movie:0.2755
entirely dialogue:0.275
immortality:0.275
clever:0.26925
saturn award (best special effects):0.26925
