president:0.98
politics:0.978
based on a play:0.95225
political:0.94625
history:0.9345
dramatic:0.93125
biographical:0.91475
drama:0.90575
journalism:0.90125
tricky:0.89975
historical:0.899
manipulation:0.8855
great acting:0.88125
corruption:0.87625
suspense:0.856
excellent script:0.85425
political corruption:0.85025
based on a true story:0.85
oscar (best picture):0.847
amazing photography:0.8445
factual:0.84
original:0.8195
talky:0.80425
oscar (best actor):0.80325
tense:0.8015
good acting:0.794
character study:0.78625
true story:0.78575
very interesting:0.77775
oscar (best actress):0.76725
interesting:0.76125
greed:0.75375
biopic:0.7495
us history:0.7445
oscar (best directing):0.73725
intense:0.737
complex:0.72175
conspiracy:0.7195
mentor:0.711
oscar:0.7
great ending:0.6975
good:0.6815
world politics:0.66325
betrayal:0.6525
imdb top 250:0.64975
based on true story:0.6435
excellent:0.63375
social commentary:0.6265
dialogue:0.6245
clever:0.62125
exceptional acting:0.61975
entertaining:0.6135
witty:0.6135
justice:0.611
obsession:0.60375
criterion:0.603
period piece:0.59075
british:0.58675
cerebral:0.5845
adaptation:0.58375
1970s:0.58275
oscar (best supporting actor):0.58025
great movie:0.5785
runaway:0.57825
oscar (best supporting actress):0.573
good soundtrack:0.57025
loneliness:0.5675
underdog:0.56325
intelligent:0.56275
television:0.56275
idealism:0.5615
storytelling:0.56075
pg-13:0.559
paranoia:0.55825
tragedy:0.55825
great:0.54325
oscar winner:0.53825
guilt:0.538
enigmatic:0.53525
california:0.531
realistic:0.52675
biography:0.5165
light:0.5165
story:0.51425
narrated:0.5135
cinematography:0.513
intellectual:0.512
complex characters:0.51175
intimate:0.50675
crime:0.503
segregation:0.50275
movielens top pick:0.49225
twists & turns:0.488
unusual plot structure:0.48325
controversial:0.483
crime gone awry:0.47975
forceful:0.47975
innocence lost:0.4765
honest:0.4765
passionate:0.47325
