reflective:0.96675
meditative:0.93875
japan:0.922
intimate:0.90175
visual:0.8855
enigmatic:0.87
cinematography:0.84575
loneliness:0.8155
criterion:0.80375
great cinematography:0.8035
existentialism:0.801
visually appealing:0.782
weird:0.78175
melancholic:0.76925
light:0.75175
stunning:0.73775
life & death:0.69375
imagination:0.6765
nocturnal:0.67125
childhood:0.65325
colourful:0.64975
bleak:0.64925
original:0.649
japanese:0.644
melancholy:0.64125
so bad it's funny:0.64075
talky:0.6315
breathtaking:0.62425
visually stunning:0.62275
life philosophy:0.61625
stylized:0.61525
silent:0.61275
art:0.59675
allegory:0.58275
golden palm:0.56525
beautiful:0.5585
lyrical:0.556
unusual plot structure:0.55375
death:0.53225
cerebral:0.5295
guilt:0.52675
beautifully filmed:0.5235
oscar (best foreign language film):0.512
absurd:0.50725
afterlife:0.497
dreamlike:0.49625
suicide:0.49475
artistic:0.466
memory:0.46575
slow:0.46575
visuals:0.4595
vampire human love:0.45675
dialogue:0.4545
culture clash:0.45175
tokyo:0.44975
nudity (full frontal - notable):0.44825
relationships:0.4475
downbeat:0.43925
suprisingly clever:0.435
artsy:0.43275
catastrophe:0.42925
solitude:0.4225
first contact:0.42125
free to download:0.41525
photography:0.40875
whimsical:0.4085
male nudity:0.3985
environment:0.3985
mentor:0.39675
runaway:0.394
art house:0.39275
drinking:0.38825
classic car:0.38675
workplace:0.38125
dreams:0.381
too long:0.3765
entirely dialogue:0.37525
not funny:0.374
surreal:0.36975
great:0.36525
unfunny:0.358
depression:0.35575
dramatic:0.34425
atmospheric:0.34375
marriage:0.342
author:neil gaiman:0.338
bollywood:0.33375
trains:0.327
beautiful scenery:0.3225
harsh:0.32025
storytelling:0.3135
scenic:0.31225
masterpiece:0.31125
compassionate:0.31
self discovery:0.31
obsession:0.303
bittersweet:0.3025
good soundtrack:0.30075
great ending:0.30025
slow paced:0.299
