distopia:0.997
cyberpunk:0.98125
anime:0.97025
tokyo:0.9675
violent:0.9625
animation:0.9495
visually stunning:0.94175
dystopia:0.93125
visual:0.92425
japan:0.91975
complex:0.905
violence:0.90175
futuristic:0.901
good soundtrack:0.8915
stylized:0.89025
storytelling:0.8875
animated:0.86875
original:0.8555
visceral:0.8515
masterpiece:0.837
science fiction:0.8315
future:0.805
post-apocalyptic:0.7945
visually appealing:0.792
weird:0.79175
brutality:0.79025
atmospheric:0.76575
dialogue:0.756
stylish:0.75275
hallucinatory:0.74975
intense:0.74775
cult classic:0.74725
dystopic future:0.743
scifi:0.7405
social commentary:0.7335
imdb top 250:0.7325
gory:0.7285
graphic novel:0.7185
dark:0.71175
action:0.7105
enigmatic:0.70675
bloody:0.70475
stunning:0.69875
adapted from:comic:0.6985
corruption:0.694
interesting:0.6925
animal movie:0.68675
story:0.684
complicated:0.68225
psychological:0.672
allegory:0.6705
insanity:0.66575
nocturnal:0.658
dark hero:0.656
vengeance:0.65425
dreamlike:0.65
sci fi:0.6455
pornography:0.639
weapons:0.63725
sexualized violence:0.63525
cerebral:0.629
post apocalyptic:0.62875
very interesting:0.6235
technology:0.62275
surreal:0.6225
original plot:0.6185
japanese:0.6165
thought-provoking:0.6105
great movie:0.608
complex characters:0.60475
melancholy:0.59925
great ending:0.59675
gangs:0.5965
fast paced:0.5945
highly quotable:0.5935
great:0.58975
cult film:0.58825
criterion:0.5855
breathtaking:0.58425
motorcycle:0.58325
philosophical:0.583
twists & turns:0.57475
suprisingly clever:0.57275
imagination:0.572
artistic:0.57175
blood:0.571
greed:0.56825
grim:0.568
brutal:0.5665
cool:0.5665
disturbing:0.566
gore:0.56325
talky:0.55525
sci-fi:0.54975
narrated:0.548
unlikely friendships:0.5445
chase:0.54375
mentor:0.54025
harsh:0.54
bleak:0.5395
