irish:0.988
drinking:0.977
alien:0.97275
horror:0.922
monsters:0.91875
cult classic:0.91675
irish accent:0.90675
comedy:0.90225
monster:0.88275
aliens:0.87225
humor:0.777
life & death:0.7595
off-beat comedy:0.75525
spiders:0.74175
cult film:0.73
dark humor:0.714
goofy:0.69825
weird:0.6925
original:0.6875
ireland:0.6855
scenic:0.667
fun:0.66125
fun movie:0.63875
dialogue:0.6305
hilarious:0.576
satire:0.56625
funny as hell:0.5545
black comedy:0.53825
great:0.536
grindhouse:0.53475
whimsical:0.5345
funny:0.53425
life philosophy:0.52975
parody:0.52575
very funny:0.513
special effects:0.50675
alien invasion:0.505
humorous:0.50275
dark comedy:0.50275
low budget:0.4975
story:0.48775
drugs:0.4725
demons:0.47225
splatter:0.47125
unusual plot structure:0.46725
light:0.45875
death:0.4585
quotable:0.45575
storytelling:0.4545
multiple storylines:0.454
eccentricity:0.454
small town:0.449
stereotypes:0.4475
beer:0.446
island:0.4325
absurd:0.42475
catastrophe:0.413
suprisingly clever:0.4105
social commentary:0.40175
harsh:0.3975
so bad it's funny:0.38725
affectionate:0.37975
silly:0.3785
quirky:0.3745
british:0.368
good soundtrack:0.36775
macabre:0.366
scary:0.362
zombie:0.3575
creativity:0.354
mad scientist:0.3505
entirely dialogue:0.34575
witty:0.34075
finnish:0.33175
sarcasm:0.3285
first contact:0.322
destiny:0.31975
childhood:0.319
mentor:0.316
melancholic:0.31525
transformation:0.314
adaptation:0.3105
campy:0.30875
great ending:0.30125
effects:0.297
strange:0.29525
brutality:0.28675
crude humor:0.28525
allegory:0.2845
cgi:0.28375
criterion:0.27775
sci-fi:0.272
camp:0.27175
alternate history:0.27175
greed:0.271
sci fi:0.2695
cult:0.26875
beautiful scenery:0.25975
gruesome:0.25725
pornography:0.25475
