splatter:0.9965
cult classic:0.95375
bloody:0.943
cult film:0.88875
gory:0.87975
gruesome:0.85525
blood:0.85075
grindhouse:0.828
original:0.801
graphic novel:0.7855
horror:0.7265
low budget:0.71325
gore:0.712
violence:0.7
pornography:0.682
gratuitous violence:0.65925
campy:0.64825
camp:0.6055
cannibalism:0.59975
small town:0.58425
good soundtrack:0.572
violent:0.54225
macabre:0.53775
revenge:0.53325
brutal:0.52625
great ending:0.505
cult:0.504
goofy:0.498
brutality:0.49225
creepy:0.48625
disturbing:0.48225
bizarre:0.47675
weird:0.4715
bad acting:0.4535
insanity:0.44875
so bad it's funny:0.4475
dark humor:0.4465
sexy:0.4415
twist ending:0.43875
nudity (topless - notable):0.43775
goretastic:0.43025
visceral:0.4155
black comedy:0.39975
twists & turns:0.3995
vengeance:0.398
torture:0.38925
civil war:0.3855
fun:0.38525
dialogue:0.38525
slasher:0.38275
catastrophe:0.3815
stylized:0.3645
crazy:0.36125
murder:0.3575
stylish:0.35575
criterion:0.3515
stereotypes:0.35
pointless:0.34625
satire:0.34525
cerebral:0.34425
mad scientist:0.34425
fantasy world:0.3425
quirky:0.34025
adaptation:0.339
mentor:0.33025
sexualized violence:0.325
predictable:0.324
not funny:0.32325
fun movie:0.31875
social commentary:0.31775
silly:0.31525
entirely dialogue:0.309
atmospheric:0.3075
life & death:0.30375
storytelling:0.30325
absurd:0.30275
clever:0.29925
death:0.2955
transformation:0.29375
ominous:0.293
grim:0.2925
bad plot:0.291
masterpiece:0.29075
scary:0.2895
zombie:0.28375
firefly:0.28325
enigmatic:0.279
first contact:0.27475
imdb top 250:0.27325
male nudity:0.27275
harsh:0.27225
nudity (full frontal - notable):0.2665
humorous:0.2635
slapstick:0.2635
visually appealing:0.26225
overrated:0.26075
very funny:0.25925
melancholic:0.257
goth:0.2555
lone hero:0.2555
