slasher:0.99675
franchise:0.996
serial killer:0.9815
teens:0.9735
murder:0.9635
splatter:0.94475
horror:0.9295
nudity (topless):0.883
camp:0.86975
nudity:0.8475
original:0.8115
brutality:0.81075
weapons:0.751
teen movie:0.746
series:0.7265
bad plot:0.72475
supernatural:0.7225
bloody:0.7195
teenagers:0.707
predictable:0.7065
death:0.6975
blood:0.694
great ending:0.66025
pornography:0.6565
violence:0.64
campy:0.62725
scary:0.6205
special effects:0.59425
pointless:0.5615
sequel:0.545
gory:0.523
halloween:0.5215
teen:0.51775
overrated:0.49275
sci fi:0.48475
gore:0.48175
gruesome:0.4815
mentor:0.4665
suspense:0.4625
brutal:0.45875
sexualized violence:0.457
80s:0.453
idiotic:0.44825
writers:0.443
ridiculous:0.4385
stupid as hell:0.43675
nudity (full frontal):0.43625
effects:0.42875
guilt:0.4285
reality tv:0.42675
adaptation:0.41025
fantasy world:0.40875
first contact:0.40775
crappy sequel:0.405
grindhouse:0.40325
vengeance:0.4025
not funny:0.39975
good sequel:0.39725
cult film:0.397
cool:0.39375
demons:0.39025
sequels:0.3885
fight scenes:0.38775
dialogue:0.38575
shallow:0.384
goofy:0.38225
quirky:0.381
catastrophe:0.374
multiple storylines:0.37325
plot:0.368
fun movie:0.34925
cheesy:0.34675
storytelling:0.346
good soundtrack:0.3455
revenge:0.3435
creepy:0.34175
psychiatrist:0.34025
creativity:0.3375
family:0.32975
stupid:0.32925
goretastic:0.32775
violent:0.323
chase:0.32225
nudity (full frontal - notable):0.3155
slapstick:0.31525
unusual plot structure:0.31475
harsh:0.31325
doctors:0.31275
twist ending:0.31
entirely dialogue:0.3095
science fiction:0.30725
disaster:0.30675
exceptional acting:0.3065
police investigation:0.306
so bad it's funny:0.30425
destiny:0.30425
suspenseful:0.3035
good:0.301
silly fun:0.301
bad acting:0.29975
