science:0.94825
alternate reality:0.893
existentialism:0.81975
metaphysics:0.8065
philosophy:0.7965
god:0.74475
original:0.742
intellectual:0.73575
bad science:0.713
philosophical:0.68875
destiny:0.68675
thought-provoking:0.6805
internet:0.6625
technology:0.65725
cult:0.646
religion:0.64125
catastrophe:0.59675
visually appealing:0.59675
animation:0.584
so bad it's funny:0.5815
psychology:0.5415
very interesting:0.54125
documentary:0.5345
alone in the world:0.52975
predictable:0.522
computer animation:0.52175
creativity:0.52025
special effects:0.5155
global warming:0.492
environment:0.49
cult film:0.4875
first contact:0.486
graphic design:0.484
psychiatry:0.4795
teleportation:0.477
mentor:0.47475
sci fi:0.4675
life & death:0.46275
natural disaster:0.45875
factual:0.453
propaganda:0.452
story:0.44925
jesus:0.44775
shallow:0.4435
visually stunning:0.443
cerebral:0.43975
complex:0.4395
pg-13:0.439
great ending:0.4385
life philosophy:0.438
plot:0.4285
parallel universe:0.42525
storytelling:0.42175
fantasy world:0.414
weird:0.41075
visual:0.4065
pornography:0.39925
bad ending:0.393
dialogue:0.38275
ecology:0.375
idiotic:0.37475
family:0.373
bad plot:0.372
redemption:0.3685
meditative:0.355
environmental:0.35375
doctors:0.35325
nudity (topless - notable):0.35325
interesting:0.3515
books:0.34975
psychological:0.3485
good soundtrack:0.34525
transformation:0.344
fight scenes:0.34275
entertaining:0.3425
lame:0.336
not funny:0.334
reflective:0.3295
culture clash:0.3275
humanity:0.3235
educational:0.323
good:0.31575
atheism:0.30825
brainwashing:0.308
memory:0.307
feel-good:0.305
talky:0.30425
overrated:0.30425
fantasy:0.304
adaptation:0.30375
manipulation:0.3035
product placement:0.29925
science fiction:0.299
writers:0.29875
absurd:0.29775
greed:0.2905
math:0.28925
animals:0.28725
quirky:0.287
clever:0.28675
