runaway:0.8085
mentor:0.80525
coming of age:0.74725
assassination:0.71325
women:0.69275
vengeance:0.68975
coming-of-age:0.6895
romance:0.665
aging:0.655
complex:0.65275
unusual plot structure:0.633
fight scenes:0.622
girlie movie:0.59975
original:0.5935
obsession:0.5815
culture clash:0.5785
complex characters:0.55725
childhood:0.55275
classic car:0.5425
relationships:0.53475
distopia:0.5305
sexual:0.49575
islam:0.49125
grindhouse:0.48625
pornography:0.485
idealism:0.48225
new jersey:0.47925
hotel:0.4715
romantic:0.46725
love story:0.46375
twists & turns:0.4625
justice:0.4615
weird:0.461
surveillance:0.4575
cinematography:0.45575
love:0.45
ethnic conflict:0.443
teenager:0.437
cute:0.42925
catastrophe:0.4275
criterion:0.427
beautiful scenery:0.4255
death:0.41375
depression:0.4115
drama:0.40975
teenagers:0.403
sweet:0.402
sex:0.39675
intense:0.3955
honest:0.38775
sexual abuse:0.387
intimate:0.38575
good acting:0.379
writers:0.37875
canada:0.37825
oscar (best actress):0.378
identity:0.37775
storytelling:0.37725
psychological:0.3745
nudity (full frontal - brief):0.37175
breathtaking:0.36975
suprisingly clever:0.35875
art:0.35875
guilt:0.35725
ireland:0.35625
character study:0.3535
realistic:0.353
revenge:0.35175
nostalgic:0.35125
murder mystery:0.34375
sexy:0.34275
dialogue:0.3385
dramatic:0.3345
great ending:0.3315
betrayal:0.3305
memory:0.33025
destiny:0.32175
sentimental:0.3215
fighting the system:0.321
beautiful:0.32
life & death:0.31675
pg-13:0.31175
hospital:0.31125
prejudice:0.30675
true story:0.305
emotional:0.3035
not funny:0.30225
adolescence:0.301
gangs:0.2995
cheating:0.2995
beautifully filmed:0.29875
revolution:0.29325
talky:0.288
grim:0.288
erotic:0.2875
very interesting:0.28725
enigmatic:0.28675
better than expected:0.2855
sexuality:0.28125
story:0.28125
