football:0.99625
doctors:0.98475
sports:0.96325
true story:0.9565
based on true story:0.948
drama:0.93575
mentor:0.90675
based on a true story:0.90125
biographical:0.8965
biopic:0.8625
dramatic:0.77375
oscar:0.73775
destiny:0.6685
compassionate:0.664
great acting:0.65975
excellent script:0.6585
very interesting:0.64725
catastrophe:0.6445
soccer:0.6425
feel-good:0.6265
oscar (best supporting actress):0.61675
inspirational:0.6145
honest:0.60975
greed:0.60125
biography:0.599
homeless:0.5955
lawyers:0.5935
original:0.58525
feel good movie:0.584
death:0.578
underdog:0.5695
conspiracy:0.54325
inspiring:0.54075
california:0.53675
corruption:0.52725
great:0.506
great ending:0.497
earnest:0.4945
oscar (best actress):0.48825
journalism:0.4855
good:0.4815
runaway:0.47925
good acting:0.47825
heartwarming:0.47675
storytelling:0.4695
story:0.4695
capitalism:0.46225
girlie movie:0.45725
entertaining:0.44875
business:0.443
survival:0.438
natural disaster:0.437
love story:0.42575
suicide:0.41925
science:0.4175
factual:0.4175
pg-13:0.414
oscar winner:0.4125
lawyer:0.40725
police investigation:0.40725
emotional:0.4045
interesting:0.40375
dialogue:0.3985
social commentary:0.398
internet:0.39725
courage:0.3925
not funny:0.39075
manipulation:0.3905
character study:0.38925
predictable:0.38675
segregation:0.38525
nudity (topless - notable):0.38525
investigation:0.3825
happy ending:0.37875
betrayal:0.378
life:0.37675
male nudity:0.37575
humanity:0.375
unlikely friendships:0.37475
cerebral:0.37375
corporate america:0.366
transformation:0.3645
based on a book:0.357
politics:0.356
passionate:0.352
redemption:0.3495
documentary:0.3415
rags to riches:0.3415
brutality:0.3385
adaptation:0.3375
cancer:0.3375
life philosophy:0.33725
race:0.331
women:0.3225
melancholic:0.32125
excellent:0.321
tragedy:0.3185
first contact:0.317
hospital:0.31375
fun movie:0.31275
