remake:0.98725
comedy:0.89775
funny:0.852
original:0.82175
very funny:0.678
idiotic:0.6695
silly:0.65075
silly fun:0.649
slapstick:0.62225
predictable:0.619
so bad it's funny:0.60175
unfunny:0.579
horrible:0.56
catastrophe:0.5335
crude humor:0.492
franchise:0.4775
mentor:0.47725
bad plot:0.476
sequel:0.4675
pg-13:0.4655
stupid:0.4555
hilarious:0.44525
humorous:0.42925
better than expected:0.4075
lame:0.40725
good:0.4025
product placement:0.3885
farce:0.37675
fun:0.376
prequel:0.3745
life & death:0.3675
pointless:0.36175
disaster:0.35825
goofy:0.3535
fun movie:0.3475
great ending:0.34375
family:0.3435
life philosophy:0.332
bad cgi:0.329
destiny:0.3265
sequels:0.3235
dumb but funny:0.32275
first contact:0.32025
absurd:0.319
dialogue:0.31025
creativity:0.309
great:0.3085
overrated:0.308
original plot:0.28775
storytelling:0.28525
fight scenes:0.28425
funny as hell:0.2835
not funny:0.281
series:0.27875
fantasy world:0.277
adaptation:0.277
shallow:0.26725
culture clash:0.26625
brutality:0.2655
dumb:0.264
natural disaster:0.26275
greed:0.2615
humor:0.258
bad acting:0.25625
melancholic:0.256
justice:0.25525
crappy sequel:0.25275
stupid as hell:0.25175
big budget:0.251
quirky:0.24975
redemption:0.249
lone hero:0.24275
murder:0.233
bad:0.23125
stereotypes:0.23
saturday night live:0.2275
runaway:0.2255
betrayal:0.224
teen movie:0.2235
switching places:0.2215
story:0.221
dynamic cgi action:0.21975
police investigation:0.21675
plot:0.2165
pornography:0.21575
france:0.21475
death:0.21375
good soundtrack:0.21275
stupidity:0.21025
girlie movie:0.2095
transformation:0.2095
vengeance:0.2065
good sequel:0.2045
revenge:0.20425
visually stunning:0.204
adventure:0.2035
entirely dialogue:0.2005
awful:0.2005
clever:0.2
boring:0.19975
