heartwarming:0.968
touching:0.9605
bittersweet:0.9565
civil war:0.95
emotional:0.93125
dramatic:0.91975
survival:0.9115
feel-good:0.874
original:0.8715
courage:0.864
heartbreaking:0.86
sentimental:0.84275
war:0.8385
camp:0.83175
good:0.828
drama:0.8255
true story:0.81975
earnest:0.8145
inspiring:0.811
tear jerker:0.79925
tragedy:0.75775
sacrifice:0.75475
africa:0.75225
based on a true story:0.73025
oscar (best picture):0.717
unlikely friendships:0.7165
story:0.716
great acting:0.71175
based on true story:0.7065
destiny:0.7055
oscar:0.69925
oscar winner:0.6985
childhood:0.69675
mentor:0.6765
feel good movie:0.67575
oscar (best actress):0.67175
good acting:0.6645
runaway:0.664
inspirational:0.66125
friendship:0.65
life:0.649
storytelling:0.6455
social commentary:0.644
powerful ending:0.63375
oscar (best supporting actress):0.63275
children:0.62925
reflective:0.6285
death:0.6195
sad:0.61225
honest:0.60525
culture clash:0.60425
brothers:0.601
great ending:0.58925
brutality:0.5765
sweet:0.5715
sad but good:0.561
life & death:0.552
transformation:0.5445
oscar (best directing):0.53
poignant:0.52925
excellent script:0.51275
intense:0.51025
compassionate:0.50675
humorous:0.50475
golden palm:0.50275
1970s:0.502
us history:0.49675
based on book:0.49475
foul language:0.492
harsh:0.49075
cinematography:0.48825
beautiful scenery:0.4865
redemption:0.481
boston:0.47825
justice:0.47775
happy ending:0.47375
single father:0.4655
foreign:0.465
coming of age:0.46175
psychiatry:0.459
catastrophe:0.4575
genocide:0.453
family:0.451
depressing:0.4495
politics:0.44725
life philosophy:0.44425
nudity (topless - notable):0.438
excellent:0.4345
good soundtrack:0.43325
whimsical:0.43
bad ending:0.42975
freedom:0.41925
great:0.41925
intelligent:0.418
homeless:0.41775
realistic:0.41275
love story:0.40925
talky:0.403
existentialism:0.40125
moving:0.4005
