off-beat comedy:0.985
music:0.9385
cult classic:0.931
cult film:0.92425
hit men:0.91325
1980s:0.841
irreverent:0.837
original:0.837
fun movie:0.82125
goofy:0.80425
censorship:0.775
quotable:0.76075
comedy:0.7595
great:0.74575
funny as hell:0.739
80s:0.71725
parody:0.7105
clever:0.6875
musicians:0.687
chase:0.686
silly:0.6835
great movie:0.682
satirical:0.6805
punk:0.65175
fun:0.646
good soundtrack:0.64325
highly quotable:0.643
great music:0.63075
awesome soundtrack:0.6225
quirky:0.6125
cult:0.611
los angeles:0.60775
spoof:0.593
hilarious:0.57625
weird:0.575
funny:0.573
dialogue:0.567
light:0.55025
great ending:0.54625
satire:0.54625
humorous:0.5425
dysfunctional family:0.534
redemption:0.52375
buddy movie:0.52125
hip hop:0.5185
stylized:0.491
great soundtrack:0.48825
intimate:0.46675
melancholic:0.46375
surreal:0.4635
nudity (full frontal - brief):0.456
anti-hero:0.44975
mentor:0.44975
corruption:0.44775
movie business:0.4465
nostalgic:0.443
visually appealing:0.4365
catastrophe:0.43375
pointless:0.43325
story:0.433
storytelling:0.43
humor:0.427
cinematography:0.4205
gunfight:0.41725
visual:0.414
twists & turns:0.41175
cool:0.41175
runaway:0.4045
absurd:0.40175
radio:0.40075
good music:0.40075
rock and roll:0.396
violence:0.394
talky:0.3885
brutality:0.38775
very funny:0.3855
happy ending:0.37475
culture clash:0.37275
predictable:0.37125
sexy:0.37025
criterion:0.3685
artist:0.36825
musical:0.3645
farce:0.36325
road movie:0.36275
adapted from:book:0.36
memory:0.358
enigmatic:0.35775
drinking:0.355
feel-good:0.35275
fantasy world:0.34825
california:0.34725
writers:0.34525
mtv:0.345
oscar (best directing):0.3385
fast paced:0.334
visually stunning:0.33025
bad plot:0.3235
good:0.32175
life philosophy:0.32
