boarding school:0.97
based on a book:0.95775
imagination:0.91875
beautifully filmed:0.911
adapted from:book:0.87925
childhood:0.819
based on book:0.79175
fantasy world:0.7805
fairy tale:0.7565
london:0.74275
original:0.72075
england:0.70175
children:0.70075
adaptation:0.69975
runaway:0.69575
story:0.686
magic:0.65425
books:0.63325
beautiful scenery:0.62575
secrets:0.6185
fairy tales:0.613
girlie movie:0.61125
beautiful:0.61025
touching:0.608
friendship:0.58975
sweet:0.58725
heartwarming:0.58225
rags to riches:0.572
book was better:0.57125
great ending:0.569
mentor:0.55825
british:0.54175
visually stunning:0.53525
happy ending:0.53225
book:0.5285
unlikely friendships:0.522
indians:0.50975
cinematography:0.5095
culture clash:0.49375
good:0.486
india:0.4845
school:0.4825
excellent:0.48225
great:0.47775
family:0.4755
mythology:0.469
feel-good:0.4685
fantasy:0.46625
idealism:0.4625
witches:0.45375
suprisingly clever:0.453
artistic:0.44775
good soundtrack:0.445
visually appealing:0.43725
literature:0.434
catastrophe:0.4315
sacrifice:0.43
child abuse:0.4025
feel good movie:0.3995
pornography:0.39825
bullying:0.39325
women:0.3795
distopia:0.37575
storytelling:0.37525
classic:0.37
transformation:0.3605
redemption:0.35825
great acting:0.35725
hospital:0.357
courage:0.355
compassionate:0.35475
bittersweet:0.34975
police investigation:0.345
coming of age:0.3445
stunning:0.342
light:0.34025
life philosophy:0.3385
not funny:0.33725
pg-13:0.333
loneliness:0.33025
dialogue:0.33
fun movie:0.328
love:0.327
wistful:0.32625
melancholic:0.326
romantic:0.32375
great movie:0.32175
identity:0.3215
costume drama:0.31875
destiny:0.31825
prejudice:0.3155
breathtaking:0.315
tear jerker:0.313
fight scenes:0.31275
teacher:0.31
oscar (best actress):0.30975
creativity:0.3085
chase:0.3085
greed:0.3065
sexy:0.30625
