meditative:0.9945
cerebral:0.981
criterion:0.97575
enigmatic:0.9745
philosophical:0.95475
space:0.9435
masterpiece:0.94
existentialism:0.92675
humanity:0.88725
science fiction:0.8765
reflective:0.87625
slow paced:0.87575
melancholic:0.874
russian:0.8735
amazing cinematography:0.87
surreal:0.85675
cinematography:0.845
visual:0.83925
talky:0.83825
dreamlike:0.82775
scifi:0.81925
sci-fi:0.81225
intellectual:0.806
weird:0.80525
psychological:0.80225
beautifully filmed:0.788
astronauts:0.786
long:0.78225
sci fi:0.772
art house:0.7575
allegory:0.756
breathtaking:0.7505
visually appealing:0.7475
slow:0.7445
life & death:0.7435
storytelling:0.731
loneliness:0.717
first contact:0.70375
futuristic:0.7025
visually stunning:0.67725
intimate:0.67575
adapted from:book:0.67375
imagination:0.66875
alien:0.66225
atmospheric:0.6585
memory:0.6515
art:0.6505
original:0.64725
complex:0.64675
too long:0.62875
golden palm:0.61925
melancholy:0.601
stylized:0.59925
solitude:0.5915
boring!:0.59
mindfuck:0.58825
dreams:0.58425
artsy:0.57375
space program:0.559
metaphysics:0.548
stunning:0.54625
philosophy:0.53225
obsession:0.5215
strange:0.5165
unusual plot structure:0.51525
suprisingly clever:0.51325
black and white:0.5105
beautiful scenery:0.50975
psychedelic:0.499
dialogue:0.49775
life philosophy:0.496
isolation:0.49225
aliens:0.4845
great ending:0.4815
entirely dialogue:0.48125
claustrophobic:0.4795
love:0.4785
artistic:0.475
psychology:0.47
technology:0.46375
immortality:0.4635
adaptation:0.44725
harsh:0.44525
space opera:0.44325
clones:0.43825
social commentary:0.4325
nonlinear:0.42875
catastrophe:0.42625
insanity:0.4215
god:0.41825
non-linear:0.4135
pretentious:0.4125
very interesting:0.41175
narrated:0.41025
absurd:0.4085
downbeat:0.406
greed:0.404
tokyo:0.4035
hallucinatory:0.3945
science:0.39125
