silent:0.94625
criterion:0.89675
goofy:0.85025
college:0.837
sports:0.82725
original:0.7935
talky:0.7795
runaway:0.70025
childhood:0.669
light:0.58575
allegory:0.5845
stylized:0.57725
forceful:0.56775
obsession:0.55325
breathtaking:0.5495
cerebral:0.52675
tragedy:0.51375
bleak:0.51075
adapted from:book:0.51025
comedy:0.50825
masterpiece:0.506
1920s:0.5015
oscar (best foreign language film):0.483
nocturnal:0.4765
weird:0.46825
intellectual:0.45675
black and white:0.4565
corruption:0.45625
enigmatic:0.449
stop motion:0.4395
narrated:0.43525
life & death:0.43425
witty:0.429
great ending:0.42275
catastrophe:0.41925
fantasy world:0.41875
ironic:0.41825
storytelling:0.417
movielens top pick:0.4085
whimsical:0.4075
mentor:0.40675
segregation:0.40325
suprisingly clever:0.39625
golden palm:0.395
culture clash:0.3945
downbeat:0.39425
nudity (full frontal - brief):0.39375
slapstick:0.3935
art:0.39175
great:0.3895
tokyo:0.3785
dark hero:0.3715
dialogue:0.36725
imdb top 250:0.367
melancholic:0.36525
reflective:0.36475
intimate:0.36475
grim:0.3645
melancholy:0.361
short:0.36075
harsh:0.3595
atmospheric:0.359
based on a play:0.35675
very interesting:0.3565
dreamlike:0.35175
entirely dialogue:0.344
unusual plot structure:0.34025
grindhouse:0.336
irreverent:0.33425
stunning:0.33375
beautifully filmed:0.33275
story:0.33175
adaptation:0.33025
oscar (best directing):0.3295
brutality:0.32825
very funny:0.32625
author:neil gaiman:0.326
new jersey:0.326
multiple storylines:0.32375
character study:0.32125
educational:0.31375
good soundtrack:0.31375
cinematography:0.31025
island:0.30875
fun:0.3075
based on a book:0.305
male nudity:0.301
humorous:0.3
transformation:0.2975
friendship:0.29625
hotel:0.29525
funny as hell:0.294
classic car:0.29175
pornography:0.29175
drinking:0.28725
visually stunning:0.2855
affectionate:0.282
surreal:0.282
clever:0.28125
japan:0.28125
