criterion:0.99025
silent:0.97075
stylized:0.9445
talky:0.926
downbeat:0.89625
sexual:0.88775
grim:0.875
sexy:0.85025
runaway:0.82175
obsession:0.80275
enigmatic:0.78975
affectionate:0.76875
loneliness:0.76725
1920s:0.767
masterpiece:0.7435
censorship:0.71575
melancholic:0.701
german:0.7
intimate:0.69775
cerebral:0.6945
cinematography:0.69
prostitution:0.68725
based on a play:0.67725
golden palm:0.65925
black and white:0.64675
original:0.645
atmospheric:0.641
melancholy:0.64025
beautifully filmed:0.613
breathtaking:0.61175
passionate:0.59675
classic:0.5945
bleak:0.5855
unusual plot structure:0.58525
reflective:0.578
light:0.57625
germany:0.56375
oscar (best actress):0.56175
life & death:0.55625
assassination:0.52125
artistic:0.5095
moody:0.50675
imdb top 250:0.5025
meditative:0.493
pornography:0.49125
relationships:0.4835
erotic:0.48075
betrayal:0.47775
sexuality:0.475
grindhouse:0.4675
nocturnal:0.465
morality:0.4625
photography:0.461
film noir:0.45675
great ending:0.45
greed:0.449
noir:0.44825
murder:0.448
dreamlike:0.43125
dramatic:0.426
witty:0.4235
suprisingly clever:0.4215
dialogue:0.41825
berlin:0.4175
life philosophy:0.41575
very interesting:0.415
visual:0.4115
crime gone awry:0.40625
oscar (best supporting actress):0.40575
perfect:0.403
beautiful:0.4005
adapted from:book:0.4005
catastrophe:0.39925
adaptation:0.3985
narrated:0.39575
story:0.38475
london:0.3835
tragedy:0.37675
allegory:0.3755
visually appealing:0.37375
forceful:0.3705
great:0.37
character study:0.3685
culture clash:0.366
oscar (best directing):0.3605
death:0.3605
harsh:0.35675
adultery:0.35475
redemption:0.3505
marriage:0.3485
not funny:0.34625
controversial:0.345
art house:0.34475
corruption:0.3435
cynical:0.3435
guilt:0.3425
chase:0.342
mentor:0.34075
rebellion:0.33325
art:0.3305
