chocolate:0.9875
depp & burton:0.9855
based on book:0.9775
based on a book:0.97525
adapted from:book:0.97325
dark fantasy:0.9405
children:0.92425
original:0.92075
remake:0.91375
visually appealing:0.8875
adaptation:0.85775
whimsical:0.837
fantasy world:0.8345
imagination:0.83175
fairy tale:0.826
weird:0.8145
fantasy:0.8005
quirky:0.7855
books:0.78175
eccentricity:0.7425
visually stunning:0.729
best of 2005:0.72675
magic:0.7125
family:0.70625
roald dahl:0.67625
greed:0.6755
story:0.6715
dark:0.66975
book was better:0.638
colourful:0.637
original plot:0.62075
good:0.6185
childhood:0.5985
storytelling:0.592
destiny:0.58775
family bonds:0.578
great:0.57625
great ending:0.5725
visuals:0.572
book:0.56525
visual:0.564
fairy tales:0.5525
pg-13:0.54425
dialogue:0.543
good soundtrack:0.52675
loneliness:0.5245
computer animation:0.51125
goth:0.506
literature:0.47375
adventure:0.47275
fun:0.472
great movie:0.46325
distopia:0.4505
transformation:0.449
stylized:0.44725
dynamic cgi action:0.43775
mentor:0.4345
special effects:0.43275
creativity:0.4255
funny:0.4145
catastrophe:0.41325
runaway:0.41225
very good:0.411
witches:0.4075
kids:0.40675
silly fun:0.404
big budget:0.39725
pointless:0.395
very funny:0.391
gothic:0.389
entertaining:0.38675
interesting:0.3855
crude humor:0.38425
kids and family:0.38275
clever:0.382
predictable:0.3785
melancholic:0.37
parallel universe:0.369
better than expected:0.3665
pornography:0.3665
horrible:0.36475
culture clash:0.36325
stereotypes:0.36
harsh:0.3595
brutality:0.35725
stupid as hell:0.35725
pg:0.35475
light:0.35275
fun movie:0.3525
cinematography:0.3525
bad cgi:0.3425
dr. seuss:0.34125
surreal:0.33825
great acting:0.33775
unfunny:0.3375
narrated:0.337
justice:0.328
dark hero:0.32625
sweet:0.3245
absurd:0.3225
