romantic comedy:0.99
romantic:0.965
relationships:0.94025
love story:0.891
romance:0.89075
chick flick:0.88425
london:0.8745
happy ending:0.871
sweet:0.8395
loneliness:0.7995
feel-good:0.799
wedding:0.7925
good romantic comedies:0.77125
original:0.73925
destiny:0.7245
life philosophy:0.67575
feel good movie:0.65625
divorce:0.6545
family:0.62375
marriage:0.61875
pg-13:0.5835
predictable:0.58225
great:0.569
mother daughter relationship:0.5605
british:0.55225
writers:0.54925
sappy:0.51325
great ending:0.512
father daughter relationship:0.5075
drama:0.5025
drinking:0.501
touching:0.497
intimate:0.4965
single father:0.49475
england:0.48575
shallow:0.472
mentor:0.47
honest:0.469
dialogue:0.46625
melancholic:0.46275
good soundtrack:0.457
sentimental:0.45325
catastrophe:0.451
independent film:0.44975
bittersweet:0.4475
girlie movie:0.4445
redemption:0.44075
beautiful scenery:0.43275
foul language:0.4285
great acting:0.427
not funny:0.42375
culture clash:0.42225
family drama:0.42225
runaway:0.4215
emotional:0.416
quirky:0.40975
shopping:0.4095
depression:0.4085
light:0.40275
hotel:0.40275
better than expected:0.4005
good acting:0.387
good:0.385
new jersey:0.36375
story:0.36075
great movie:0.35275
adaptation:0.35225
life:0.34225
excellent script:0.342
storytelling:0.33875
entirely dialogue:0.33525
chase:0.335
dysfunctional family:0.33475
corruption:0.33375
heartwarming:0.33375
witty:0.3335
script:0.33275
writing:0.325
stereotypes:0.324
transformation:0.32375
sad:0.315
criterion:0.3145
brutality:0.313
natural disaster:0.311
solitude:0.31075
multiple storylines:0.308
love:0.30425
unrealistic:0.30175
existentialism:0.29775
first contact:0.2975
unlikely friendships:0.29675
gangsters:0.29575
pregnancy:0.292
cerebral:0.28775
fantasy world:0.28675
guilt:0.28675
simple:0.286
interesting:0.28575
exceptional acting:0.283
original plot:0.281
