melancholic:0.96825
addiction:0.854
drug addiction:0.84525
cinematography:0.8375
loneliness:0.8345
intimate:0.8125
redemption:0.70825
drugs:0.694
bleak:0.67
original:0.65275
male nudity:0.65225
drinking:0.6495
reflective:0.6425
runaway:0.612
enigmatic:0.60575
depressing:0.5995
downbeat:0.59875
poignant:0.59675
relationships:0.595
movielens top pick:0.59225
harsh:0.59175
vengeance:0.577
life philosophy:0.5765
story:0.5755
bittersweet:0.5675
golden palm:0.565
melancholy:0.55675
french:0.5385
stylized:0.53375
parallel universe:0.5315
dark:0.52875
character study:0.517
social commentary:0.51125
pornography:0.50975
oscar (best foreign language film):0.50575
drug abuse:0.50475
gritty:0.50275
brutality:0.50175
betrayal:0.5005
unlikely friendships:0.50025
paris:0.49525
storytelling:0.49225
dramatic:0.4915
very interesting:0.48975
nudity (topless):0.48925
hospital:0.48875
grim:0.48375
nudity (full frontal - notable):0.4815
breathtaking:0.47925
meditative:0.46875
writers:0.46625
dialogue:0.46625
criterion:0.45625
pg-13:0.45525
weird:0.44975
dysfunctional family:0.44275
solitude:0.436
visually appealing:0.4235
tragedy:0.42125
macabre:0.4125
good soundtrack:0.4025
catastrophe:0.3995
passionate:0.39425
music business:0.38875
affectionate:0.38825
nudity (full frontal):0.376
wine:0.36675
prison:0.36275
atmospheric:0.3615
london:0.36025
grindhouse:0.35775
great ending:0.354
tricky:0.35175
suprisingly clever:0.35
talky:0.34725
coming of age:0.34725
1970s:0.346
nudity (topless - notable):0.34525
honest:0.34175
depression:0.3375
culture clash:0.3365
death:0.3365
music:0.32825
adolescence:0.32525
dreams:0.324
british:0.3225
existentialism:0.3225
tokyo:0.3205
mentor:0.31825
transformation:0.31475
road movie:0.31225
brutal:0.304
touching:0.303
indie:0.303
quirky:0.30075
not funny:0.3
entirely dialogue:0.29875
road trip:0.2965
greed:0.29525
stylish:0.2935
