franchise:0.9965
espionage:0.9695
spying:0.964
action:0.959
chase:0.95125
fast paced:0.939
assassin:0.9185
trilogy:0.9175
spy:0.91625
action packed:0.914
good action:0.902
car chase:0.881
spies:0.8625
fight scenes:0.86225
conspiracy:0.859
plot:0.852
surveillance:0.84875
vengeance:0.8395
series:0.81775
big budget:0.81625
assassins:0.789
assassination:0.77975
betrayal:0.7575
pg-13:0.74425
realistic action:0.733
secrets:0.72625
cia:0.72375
original:0.71525
amnesia:0.6925
thriller:0.69225
intense:0.68975
exciting:0.6575
story:0.65475
dialogue:0.645
revenge:0.6325
las vegas:0.61125
fighting:0.6065
classic car:0.56325
great ending:0.5585
predictable:0.55225
violence:0.54925
cool:0.545
storytelling:0.537
oscar (best editing):0.5355
plot holes:0.53325
murder:0.5275
superheroes:0.51625
pointless:0.509
robert ludlum:0.508
catastrophe:0.48575
mentor:0.48025
weapons:0.46975
ninja:0.468
secret service:0.46075
dynamic cgi action:0.4445
bad plot:0.44275
nostalgic:0.4425
great:0.44025
culture clash:0.437
transformation:0.433
pornography:0.43125
dark hero:0.424
twists & turns:0.41675
visually appealing:0.41575
vigilante:0.415
family drama:0.41475
brutality:0.4075
first contact:0.405
violent:0.4045
adapted from:comic:0.39925
anti-hero:0.3985
nudity (topless - notable):0.3975
super hero:0.39525
fantasy world:0.39425
enormously long battle scene:0.39275
life philosophy:0.39
suspense:0.39
special effects:0.38925
technology:0.3875
explosions:0.38575
confusing:0.3805
memory:0.3795
alter ego:0.379
not funny:0.37675
shallow:0.37525
good soundtrack:0.37
complex:0.3685
creativity:0.368
hacking:0.363
sacrifice:0.361
visual:0.36075
motorcycle:0.36025
sequel:0.353
nudity (full frontal - brief):0.34475
007:0.3445
giant robots:0.344
disappointing:0.34375
product placement:0.33925
visceral:0.33775
oscar (best supporting actress):0.33625
