cinematography:0.694
culture clash:0.65375
bollywood:0.64025
gypsy accent:0.615
so bad it's funny:0.55325
original:0.5515
finnish:0.52075
author:neil gaiman:0.512
fighting the system:0.49475
destiny:0.4825
life & death:0.4775
potential oscar nom:0.474
criterion:0.468
based on true story:0.46675
oscar (best foreign language film):0.46425
free to download:0.456
catastrophe:0.42575
transformation:0.42525
life philosophy:0.42325
wuxia:0.41325
visually appealing:0.40825
suprisingly clever:0.40625
sacrifice:0.40025
prejudice:0.3995
japan:0.39575
dialogue:0.3915
beautifully filmed:0.3865
drama:0.38075
childhood:0.379
road movie:0.37875
artist:0.37825
mentor:0.37725
drinking:0.35925
mad scientist:0.359
unusual plot structure:0.3535
talky:0.34825
farce:0.344
story:0.33225
entirely dialogue:0.33025
action:0.3165
not funny:0.3145
runaway:0.3125
golden palm:0.3095
passionate:0.3075
intelligent sci-fi:0.30325
affectionate:0.30025
melancholic:0.29725
writers:0.29575
hospital:0.2925
irish accent:0.29075
beautiful scenery:0.29
fantasy world:0.289
good:0.2855
great:0.28
great ending:0.27225
melancholy:0.27025
brutality:0.2655
spanish:0.26425
enigmatic:0.264
adaptation:0.2505
1950s:0.24875
fake documentary:0.24825
meditative:0.2465
unlikely friendships:0.24625
light:0.24525
russian:0.244
romantic:0.23775
art:0.2365
crime gone awry:0.236
creativity:0.2315
samurai:0.22725
atmospheric:0.22325
harsh:0.223
communism:0.223
morality:0.222
cult classic:0.2215
1920s:0.21625
gangsters:0.21625
storytelling:0.2155
lone hero:0.21475
wine:0.21325
intimate:0.213
quirky:0.21225
biting:0.2115
islam:0.211
japanese:0.21025
oscar (best directing):0.209
loneliness:0.2035
imdb top 250:0.203
sequels:0.2025
nudity (full frontal - notable):0.20175
beer:0.20175
no dialogue:0.20025
overrated:0.1995
first contact:0.19725
ethnic conflict:0.19725
good soundtrack:0.19625
redemption:0.196
artistic:0.19525
anti-war:0.19275
