dark fantasy:0.99875
fantasy:0.99625
high fantasy:0.9935
fairy tale:0.98925
modern fantasy:0.9875
fantasy world:0.9865
fairy tales:0.95775
good versus evil:0.95475
visual:0.95425
visually stunning:0.9375
magic:0.935
imagination:0.9185
dark:0.8845
visually appealing:0.882
devil:0.87275
dark hero:0.8595
adventure:0.84025
cult film:0.823
amazing cinematography:0.82225
special effects:0.806
medieval:0.80475
mythology:0.80225
dragons:0.79575
wizards:0.79175
original:0.7735
nocturnal:0.76025
stylized:0.7585
awesome soundtrack:0.724
70mm:0.71725
witches:0.7155
whimsical:0.714
visuals:0.7115
light:0.68925
good:0.67725
storytelling:0.64175
cinematography:0.6385
weird:0.62025
beautiful scenery:0.61075
plot:0.601
witch:0.598
transformation:0.583
futuristic:0.582
surreal:0.57475
stunning:0.57275
cult classic:0.57175
mentor:0.5625
dialogue:0.55925
demons:0.54425
romance:0.54225
alone in the world:0.5415
immortality:0.5375
big budget:0.5365
alien:0.53625
sword fight:0.5355
parallel universe:0.53025
adaptation:0.52975
dreamlike:0.52725
beautifully filmed:0.51875
effects:0.51825
story:0.51575
great ending:0.51125
dreams:0.4895
fun movie:0.48525
destiny:0.4825
creativity:0.471
first contact:0.469
goth:0.46325
great:0.461
technology:0.45575
underrated:0.45175
clones:0.444
science fiction:0.437
sci fi:0.435
childhood:0.43425
80s:0.4325
catastrophe:0.421
pulp:0.418
dynamic cgi action:0.418
masterpiece:0.41775
brutality:0.4145
colourful:0.4095
betrayal:0.40175
macabre:0.40125
not funny:0.398
love story:0.39575
gothic:0.3955
vengeance:0.3895
alternate reality:0.38875
great cinematography:0.3885
greed:0.3865
allegory:0.3855
original plot:0.38525
dragon:0.3815
beautiful:0.379
fight scenes:0.378
love:0.3765
fun:0.37375
based on book:0.37225
muppets:0.3635
good soundtrack:0.3625
