wuxia:0.99775
kung fu:0.949
destiny:0.91325
martial arts:0.88675
teleportation:0.876
dragons:0.85125
original:0.8125
sequels:0.77675
fight scenes:0.775
love story:0.71625
sequel:0.69025
sword fighting:0.6615
melancholic:0.6025
fantasy world:0.586
predictable:0.58175
bollywood:0.5515
storytelling:0.549
mentor:0.54425
visually stunning:0.5365
fantasy:0.51775
dialogue:0.512
bad cgi:0.5065
catastrophe:0.50325
action:0.49375
dragon:0.4935
china:0.4795
runaway:0.47675
revenge:0.47
original plot:0.467
romantic:0.46475
memory:0.461
crappy sequel:0.45275
kick-butt women:0.4525
parody:0.45025
good versus evil:0.43725
visual:0.43325
breathtaking:0.427
entirely dialogue:0.42025
shallow:0.41825
mythology:0.4165
fun:0.4145
weird:0.414
stunning:0.40775
stereotypes:0.4065
allegory:0.40575
superhero:0.40225
vengeance:0.401
life philosophy:0.396
good sequel:0.3955
great ending:0.39475
foreign:0.39025
unusual plot structure:0.387
transformation:0.38325
cult film:0.37125
cinematography:0.36975
cult classic:0.369
fighting:0.36575
computer animation:0.364
suprisingly clever:0.3595
brutality:0.35775
franchise:0.349
desert:0.3485
stylized:0.34625
bittersweet:0.34275
cgi:0.33775
not funny:0.33125
family:0.3255
too short:0.32075
childhood:0.32025
anti-hero:0.31875
grindhouse:0.318
pointless:0.31725
romance:0.316
light:0.3135
absurd:0.313
overrated:0.30625
nostalgic:0.3025
screwball:0.30225
camp:0.30075
magic:0.3005
beautifully filmed:0.297
harsh:0.29625
great:0.29625
bad:0.291
colourful:0.28725
criterion:0.28525
oscar (best foreign language film):0.28525
good soundtrack:0.278
adaptation:0.278
beautiful scenery:0.27775
clever:0.2735
women:0.27125
story:0.2695
great movie:0.268
sword fight:0.267
art house:0.26425
weapons:0.2605
first contact:0.2585
visuals:0.2585
quirky:0.257
