end of the world:0.97
sci-fi:0.94925
80s:0.9345
cult classic:0.9305
fun movie:0.9195
zombies:0.919
1980s:0.90725
zombie:0.905
post apocalyptic:0.9045
teen:0.89075
cheerleading:0.8735
cult film:0.84275
post-apocalyptic:0.82125
low budget:0.796
apocalypse:0.78675
sci fi:0.777
campy:0.75975
cheesy:0.75175
teen movie:0.75125
scifi:0.73675
splatter:0.716
original:0.692
science fiction:0.66225
fun:0.65075
cool:0.649
so bad it's funny:0.635
survival:0.62475
horror:0.6225
goofy:0.61475
teens:0.60125
good soundtrack:0.596
mad scientist:0.58275
silly:0.56575
camp:0.56325
nostalgic:0.55975
weird:0.5315
silly fun:0.52475
adolescence:0.51625
weapons:0.51325
dialogue:0.5085
cult:0.505
guilty pleasure:0.497
california:0.46825
teenager:0.468
grindhouse:0.4645
catastrophe:0.45175
demons:0.448
sisters:0.438
great:0.4335
fashion:0.43075
gory:0.42875
transformation:0.42475
dystopia:0.42075
not funny:0.41075
quotable:0.40875
mutants:0.405
mentor:0.40475
great ending:0.4045
awesome soundtrack:0.3995
creepy:0.39075
lone hero:0.388
bad acting:0.38375
goretastic:0.37925
light:0.3785
action:0.37625
monster:0.3745
los angeles:0.3735
brutality:0.37275
good:0.37275
blood:0.37075
teenagers:0.36375
quirky:0.35975
parody:0.3595
fantasy world:0.356
humor:0.3545
predictable:0.35275
high school:0.348
story:0.33525
nudity (topless - notable):0.33475
childhood:0.33375
scary:0.33075
clever:0.32925
special effects:0.32725
pg-13:0.32475
runaway:0.32375
shopping:0.32275
adventure:0.3185
nocturnal:0.31775
storytelling:0.3175
entirely dialogue:0.31125
entertaining:0.30325
adaptation:0.30175
stereotypes:0.3015
chase:0.301
disaster:0.30025
nostalgia:0.29175
good action:0.28775
very funny:0.28625
sexy:0.28525
first contact:0.285
