sports:0.976
obsession:0.94125
football:0.92
new jersey:0.818
original:0.80975
character study:0.80575
quirky:0.71225
independent film:0.7025
directorial debut:0.69925
police investigation:0.688
radio:0.68625
relationships:0.671
honest:0.66525
new york:0.65975
drinking:0.6575
cult classic:0.64075
addiction:0.61125
dark hero:0.6055
brutality:0.603
violent:0.59575
buddy movie:0.556
goofy:0.54475
hospital:0.5445
violence:0.52675
life & death:0.52525
talky:0.52075
grindhouse:0.519
good soundtrack:0.5165
dialogue:0.508
crime gone awry:0.508
loneliness:0.50775
bleak:0.50475
drama:0.50175
highly quotable:0.5005
cerebral:0.495
melancholic:0.49225
pornography:0.48775
life:0.48675
affectionate:0.48425
depression:0.479
nudity (full frontal - notable):0.47725
life philosophy:0.47675
dark:0.4725
drugs:0.46625
dark comedy:0.45575
social commentary:0.4555
greed:0.44675
great ending:0.44
reflective:0.43625
redemption:0.436
cult film:0.4315
mentor:0.42825
harsh:0.428
gangsters:0.42625
mental illness:0.42575
stylized:0.42525
low budget:0.422
storytelling:0.418
dysfunctional family:0.413
quotable:0.41075
passionate:0.41075
witty:0.4075
adaptation:0.40525
alter ego:0.4045
oscar (best actress):0.403
criterion:0.395
weird:0.3905
fantasy world:0.3875
pulp:0.38725
catastrophe:0.37825
disturbing:0.37675
satirical:0.37675
ironic:0.375
grim:0.37325
feel-good:0.3675
intense:0.36625
interesting:0.36525
runaway:0.362
gritty:0.36
cinematography:0.35925
black comedy:0.35825
psychological:0.358
destiny:0.355
cool:0.35425
dark humor:0.35225
death:0.35125
dramatic:0.3505
depressing:0.347
family:0.347
writers:0.34
sarcasm:0.33525
not funny:0.33225
insanity:0.3305
eccentricity:0.32875
very interesting:0.32775
oscar (best directing):0.32675
splatter:0.3245
oscar (best supporting actress):0.322
story:0.32175
existentialism:0.3215
