criterion:0.982
loneliness:0.9165
intimate:0.9095
melancholic:0.9
parenthood:0.86025
relationships:0.845
bittersweet:0.81475
golden palm:0.802
cinematography:0.7845
enigmatic:0.78175
black and white:0.77775
downbeat:0.7645
talky:0.762
reflective:0.74875
childhood:0.74325
love:0.73925
beautifully filmed:0.73525
swedish:0.72175
masterpiece:0.70675
runaway:0.69925
love story:0.66475
oscar (best foreign language film):0.65325
original:0.6505
sexy:0.64875
light:0.64675
rebellion:0.631
bleak:0.62125
meditative:0.62025
mentor:0.59425
breathtaking:0.57275
beautiful:0.57
dreams:0.562
suprisingly clever:0.55025
culture clash:0.5465
marriage:0.54525
melancholy:0.53875
affectionate:0.538
wilderness:0.52275
idealism:0.506
sexual:0.505
social commentary:0.50025
allegory:0.49025
boat:0.48525
beautiful scenery:0.47475
passionate:0.47375
romantic:0.468
life & death:0.4675
simple:0.46675
movielens top pick:0.46125
classic:0.44775
harsh:0.445
life philosophy:0.43475
solitude:0.4345
romance:0.42725
catastrophe:0.427
nostalgic:0.42575
silent:0.425
adolescence:0.42225
adultery:0.41675
sacrifice:0.40725
emotional:0.40125
forceful:0.4005
unusual plot structure:0.39825
oscar (best actress):0.39625
road movie:0.39175
story:0.39075
obsession:0.385
photography:0.37375
grindhouse:0.366
great ending:0.363
life:0.36175
workplace:0.3555
great acting:0.355
death:0.35225
destiny:0.34725
not funny:0.34725
unlikely friendships:0.34675
poignant:0.34425
existentialism:0.3415
drinking:0.3405
art:0.329
heartbreaking:0.32725
gunfight:0.32675
imdb top 250:0.326
claustrophobic:0.32575
pregnancy:0.316
visually appealing:0.31575
weird:0.3155
dreamlike:0.31525
hotel:0.31325
macabre:0.31175
dialogue:0.3095
atmospheric:0.30925
small town:0.30725
cynical:0.30475
artistic:0.30475
crime gone awry:0.30425
sweet:0.2995
friendship:0.29825
based on a play:0.29725
