gay:0.99525
intimate:0.9745
relationships:0.9715
homosexuality:0.97
loneliness:0.9555
bittersweet:0.94525
gay character:0.935
criterion:0.9065
independent film:0.897
homophobia:0.884
glbt:0.82475
love story:0.824
dialogue driven:0.76825
queer:0.75725
grindhouse:0.73525
passionate:0.72775
indie:0.70925
talky:0.68825
good soundtrack:0.67725
honest:0.67075
love:0.66075
life philosophy:0.654
melancholic:0.65325
original:0.6305
artistic:0.6265
romance:0.6065
realistic:0.601
melancholy:0.57725
romantic:0.5755
british:0.57075
drugs:0.56925
life & death:0.5685
cinematography:0.5515
complex characters:0.5505
entirely dialogue:0.5395
male nudity:0.53275
character study:0.53225
sweet:0.52825
pornography:0.524
meditative:0.50725
emotional:0.506
dialogue:0.49475
social commentary:0.49225
reflective:0.481
affectionate:0.476
touching:0.47125
aids:0.4705
depression:0.468
art:0.4645
enigmatic:0.46275
downbeat:0.45675
depressing:0.4475
1970s:0.447
powerful ending:0.4465
breathtaking:0.44575
camp:0.44475
obsession:0.443
photography:0.443
low budget:0.43925
tragedy:0.4385
perfect:0.43525
addiction:0.43125
manipulation:0.42725
lesbian:0.427
interracial romance:0.42175
drama:0.4205
golden palm:0.41825
witty:0.414
life:0.41275
bleak:0.41
artist:0.40625
art house:0.402
catastrophe:0.39925
oscar (best writing - screenplay written directly for the screen):0.39725
oscar (best actress):0.39025
death:0.3865
idealism:0.381
documentary:0.38075
unlikely friendships:0.37125
storytelling:0.37125
runaway:0.371
finnish:0.36275
canada:0.3605
heartbreaking:0.36
cute:0.35525
atmospheric:0.355
london:0.35475
sad:0.354
culture clash:0.3515
weird:0.35075
self discovery:0.3455
great ending:0.34375
marriage:0.34025
not funny:0.3365
writers:0.33525
sex:0.33525
suprisingly clever:0.33425
ethnic conflict:0.33425
happy ending:0.33
poignant:0.33
