fantasy world:0.9875
witch:0.987
adapted from:book:0.979
based on book:0.979
fantasy:0.97625
mythology:0.97325
based on a book:0.972
magic:0.96625
children:0.96525
c.s. lewis:0.964
good versus evil:0.96025
witches:0.9595
big budget:0.95025
high fantasy:0.928
adventure:0.9175
fairy tale:0.90625
talking animals:0.904
christian:0.8935
kids:0.8895
imagination:0.875
cgi:0.87325
books:0.873
special effects:0.861
modern fantasy:0.84825
book was better:0.8345
lions:0.824
pg-13:0.823
wizards:0.80975
animals:0.80625
family:0.79275
scenic:0.79025
story:0.78125
action:0.77025
destiny:0.75225
adaptation:0.742
childhood:0.73775
parallel universe:0.73175
biblical:0.7195
visually stunning:0.71625
dialogue:0.69125
christianity:0.688
original:0.6865
good:0.6815
sacrifice:0.6745
book:0.66775
literature:0.6525
great:0.6495
allegory:0.64925
computer animation:0.63075
dark fantasy:0.621
beautiful scenery:0.61125
fairy tales:0.6085
visual:0.6045
bad cgi:0.6035
catastrophe:0.6
visuals:0.5775
better than expected:0.57275
medieval:0.571
trilogy:0.57075
great movie:0.5605
betrayal:0.5585
mentor:0.53575
franchise:0.53
storytelling:0.52875
sword fight:0.5275
predictable:0.51025
watch the credits:0.50725
great ending:0.50675
harry potter:0.501
runaway:0.4995
script:0.48975
redemption:0.4825
amazing cinematography:0.48025
whimsical:0.4765
transformation:0.472
visually appealing:0.467
fun:0.4565
oscar (best directing):0.45025
exciting:0.44725
chase:0.44525
excellent:0.441
happy ending:0.44025
dragons:0.438
tolkien:0.434
good soundtrack:0.4305
dynamic cgi action:0.42425
kids and family:0.4235
epic:0.4175
series:0.415
pg:0.405
alternate universe:0.40175
entertaining:0.39725
teen:0.3965
light:0.39475
greed:0.39425
culture clash:0.39225
crude humor:0.39175
alter ego:0.3915
jesus:0.38925
very good:0.38525
