video game adaptation:0.91975
sci-fi:0.909
weapons:0.858
sci fi:0.7515
military:0.744
video game:0.712
life philosophy:0.70675
video games:0.7065
original:0.702
scifi:0.64975
based on a video game:0.64975
aliens:0.63275
action:0.60225
franchise:0.596
story:0.57725
science fiction:0.5605
futuristic:0.53925
series:0.528
allegory:0.4935
light:0.4845
dialogue:0.4585
special effects:0.45
criterion:0.44575
visually stunning:0.43825
first contact:0.438
superheroes:0.437
not funny:0.41475
runaway:0.414
fun movie:0.407
videogame:0.405
melancholic:0.4045
mentor:0.40225
catastrophe:0.3775
great:0.35925
stand-up comedy:0.35475
great ending:0.3405
ethnic conflict:0.33575
storytelling:0.3355
visually appealing:0.33325
bad acting:0.331
fight scenes:0.328
predictable:0.3235
small town:0.31925
fighting:0.313
loneliness:0.312
shallow:0.3105
overrated:0.30725
doctors:0.3035
childhood:0.3015
weird:0.29975
action packed:0.29825
super hero:0.29375
entirely dialogue:0.2915
cinematography:0.28875
space:0.288
good action:0.28375
bullying:0.28375
effects:0.28175
adaptation:0.27925
great acting:0.27625
life & death:0.27225
immortality:0.26675
alien:0.266
good:0.2615
stylized:0.25825
death:0.25575
transformation:0.25425
solitude:0.254
police investigation:0.25075
cerebral:0.243
cool:0.23975
visual:0.23975
camp:0.23925
cgi:0.235
indie:0.235
unusual plot structure:0.23325
exceptional acting:0.231
superhero:0.23
culture clash:0.22975
dark hero:0.2295
social commentary:0.22925
wine:0.22925
enigmatic:0.22675
brutality:0.2265
censorship:0.225
imdb top 250:0.22025
classic car:0.22
blood:0.21925
rebellion:0.2185
artistic:0.2165
talky:0.2155
gunfight:0.21525
complex:0.21325
stoner movie:0.21175
good soundtrack:0.211
better than expected:0.208
demons:0.20625
fun:0.2035
boring:0.20125
too long:0.198
