criterion:0.994
masterpiece:0.95475
vampires:0.95225
talky:0.936
silent:0.93125
surreal:0.931
dreamlike:0.91
enigmatic:0.89225
vampire:0.88875
weird:0.88475
black and white:0.87475
eerie:0.84675
atmospheric:0.83125
visual:0.81225
melancholic:0.80975
dreams:0.80525
creepy:0.8
dark:0.78875
original:0.788
nocturnal:0.7785
bleak:0.767
claustrophobic:0.766
cinematography:0.7585
strange:0.749
visually appealing:0.7435
melancholy:0.73475
meditative:0.73225
cerebral:0.732
imdb top 250:0.73125
childhood:0.72575
ominous:0.71725
horror:0.7155
visceral:0.7095
maze:0.696
surrealism:0.69525
disturbing:0.68925
light:0.68875
supernatural:0.66525
grim:0.6615
downbeat:0.659
adapted from:book:0.642
dialogue:0.6415
cult classic:0.639
stylized:0.63725
psychological:0.63475
loneliness:0.62275
existentialism:0.62175
breathtaking:0.60875
classic:0.60725
death:0.5945
narrated:0.5935
visually stunning:0.59325
runaway:0.5905
golden palm:0.5845
affectionate:0.5835
obsession:0.58025
art:0.5695
social commentary:0.558
art house:0.55775
beautifully filmed:0.55225
gothic:0.53525
based on a book:0.5345
stylish:0.52375
artistic:0.52325
reflective:0.52025
intimate:0.52
moody:0.518
lynch:0.512
adaptation:0.506
oscar (best directing):0.5015
cult film:0.4985
insanity:0.4915
highly quotable:0.47975
slow:0.47075
life & death:0.46625
good soundtrack:0.45325
1930s:0.45325
non-linear:0.4515
doctors:0.44575
oscar (best actress):0.4435
psychology:0.435
imagination:0.4345
independent film:0.42875
storytelling:0.4275
suspense:0.42675
culture clash:0.425
biting:0.425
dark humor:0.4245
entirely dialogue:0.4245
unusual plot structure:0.422
great ending:0.42
hallucinatory:0.419
foreign:0.41525
artist:0.41375
witty:0.403
mad scientist:0.402
photography:0.40125
allegory:0.39425
afi 100 (movie quotes):0.3915
redemption:0.3835
