criterion:0.99175
meditative:0.9895
enigmatic:0.98225
intimate:0.9635
loneliness:0.9305
cerebral:0.90125
reflective:0.88575
cinematography:0.8565
golden palm:0.85425
melancholy:0.85275
bleak:0.85125
existentialism:0.8275
breathtaking:0.8215
masterpiece:0.8215
melancholic:0.7665
weird:0.75375
stylized:0.7495
talky:0.74525
art house:0.742
complex characters:0.72925
oscar (best foreign language film):0.708
black and white:0.7025
artistic:0.7005
downbeat:0.7
obsession:0.68425
poignant:0.679
island:0.675
relationships:0.67225
artist:0.66775
scenic:0.66725
visually appealing:0.66675
italian:0.6405
runaway:0.63825
dreamlike:0.62325
art:0.6175
social commentary:0.61075
dialogue:0.605
life philosophy:0.59675
original:0.58425
isolation:0.58075
character study:0.57675
surreal:0.56725
allegory:0.5375
hotel:0.53475
guilt:0.53225
entirely dialogue:0.531
unusual plot structure:0.5245
magic realism:0.52125
storytelling:0.51975
intellectual:0.5155
betrayal:0.509
sexual:0.5005
affectionate:0.4955
voyeurism:0.48775
pornography:0.48375
very interesting:0.481
desert:0.47975
visually stunning:0.4785
crime gone awry:0.4785
slow paced:0.47275
disturbing:0.46825
cynical:0.468
nocturnal:0.46525
imdb top 250:0.464
moody:0.4635
visceral:0.458
atmospheric:0.457
beautifully filmed:0.45175
photography:0.44725
culture clash:0.441
catastrophe:0.43875
suprisingly clever:0.438
visual:0.43725
complex:0.43625
adventure:0.423
great cinematography:0.42025
whimsical:0.41875
harsh:0.418
artsy:0.418
gunfight:0.413
infidelity:0.41275
great ending:0.40875
twists & turns:0.405
unlikely friendships:0.401
passionate:0.40075
dreams:0.396
slow:0.396
mystery:0.396
italy:0.3925
unlikeable characters:0.39
solitude:0.3885
grindhouse:0.38575
grim:0.38475
good soundtrack:0.38075
forceful:0.37925
movielens top pick:0.37575
perfect:0.37375
off-beat comedy:0.36475
childhood:0.36475
boring!:0.35425
