serial killer:0.9975
murder:0.796
disturbing:0.793
slasher:0.75675
pornography:0.75025
cannibalism:0.74925
brutality:0.69825
biopic:0.68075
original:0.67225
true story:0.593
biographical:0.5595
hard to watch:0.52475
psychological:0.51575
writers:0.51125
weird:0.5095
character study:0.4985
torture:0.48825
loneliness:0.47375
teens:0.471
violence:0.47075
very interesting:0.44975
mentor:0.4475
based on true story:0.431
psychology:0.4265
reality tv:0.41225
horror:0.4115
police investigation:0.41
pointless:0.401
demons:0.4
creepy:0.39075
great ending:0.38975
predictable:0.38825
catastrophe:0.38775
splatter:0.37625
sexual abuse:0.372
not funny:0.367
fantasy world:0.36475
based on a true story:0.3645
bad ending:0.35925
biography:0.3465
gruesome:0.3465
macabre:0.3425
obsession:0.336
boring:0.327
dreamlike:0.3265
quirky:0.32075
storytelling:0.317
intense:0.316
life & death:0.311
excellent script:0.3105
insanity:0.30275
dialogue:0.3025
childhood:0.3005
stylish:0.2975
factual:0.297
scary:0.296
nudity (full frontal - brief):0.29525
weed:0.293
bad plot:0.28525
cult film:0.2845
boring!:0.284
overrated:0.2835
adaptation:0.28175
culture clash:0.2745
stylized:0.27375
good soundtrack:0.273
entirely dialogue:0.271
violent:0.26525
enigmatic:0.26325
sexualized violence:0.2605
vengeance:0.25975
first contact:0.25775
doctors:0.257
homosexuality:0.2515
melancholic:0.2505
intimate:0.24725
cinematography:0.244
family:0.23975
so bad it's funny:0.23975
story:0.239
homeless:0.23625
dysfunctional family:0.2355
runaway:0.234
life philosophy:0.231
grindhouse:0.23075
harsh:0.23025
visually appealing:0.225
brutal:0.22425
talky:0.221
suspense:0.22
fantasy:0.21875
franchise:0.2175
graphic novel:0.21475
cerebral:0.21325
lone hero:0.2125
justice:0.21025
stupid as hell:0.20875
cult classic:0.20775
adolescence:0.2055
weapons:0.205
