love story:0.95825
classical music:0.89325
mentor:0.844
romance:0.82575
music:0.82075
musicians:0.81975
romantic:0.808
san francisco:0.786
life philosophy:0.75225
original:0.74175
good:0.72675
feel-good:0.71775
destiny:0.71575
romantic comedy:0.682
love:0.67425
sacrifice:0.6605
great:0.6445
betrayal:0.63525
great movie:0.6295
oscar (best supporting actress):0.62125
mozart:0.62125
girlie movie:0.6195
sentimental:0.6165
great acting:0.6155
competition:0.6035
suspense:0.59525
feel good movie:0.587
teacher:0.58025
good soundtrack:0.5785
pg-13:0.5755
catastrophe:0.57125
oscar (best actress):0.569
ensemble cast:0.565
relationships:0.55675
dialogue:0.537
awesome soundtrack:0.53575
light:0.532
oscar (best directing):0.5285
predictable:0.525
runaway:0.52375
great ending:0.5135
factual:0.51125
hotel:0.508
good acting:0.50675
1980s:0.506
happy ending:0.5005
family:0.49975
interesting:0.4815
passionate:0.4785
good action:0.46375
drama:0.46225
based on a play:0.456
culture clash:0.45275
sweet:0.4475
chase:0.4475
fun movie:0.44625
great music:0.44275
inspirational:0.436
notable nudity:0.41825
earnest:0.412
oscar winner:0.4115
stereotypes:0.41125
story:0.40325
very interesting:0.4005
honest:0.399
brutality:0.3975
intense:0.39425
very good:0.38525
character study:0.385
good romantic comedies:0.384
storytelling:0.381
idealism:0.3775
witty:0.37125
underrated:0.35975
lone hero:0.3545
visually appealing:0.35275
fun:0.35
technology:0.35
classic:0.34925
not funny:0.34725
crime gone awry:0.344
adaptation:0.3435
heartwarming:0.3405
unlikely friendships:0.33525
dramatic:0.33475
based on true story:0.33325
entertaining:0.333
redemption:0.33175
divorce:0.33125
plot:0.318
olympics:0.3155
internet:0.313
underdog:0.31275
excellent script:0.3115
ghosts/afterlife:0.30975
chick flick:0.309
death:0.3085
natural disaster:0.30175
entirely dialogue:0.30025
corruption:0.29875
