music:0.85725
musical:0.83025
original:0.7635
off-beat comedy:0.7525
good music:0.74675
dance:0.7205
fun movie:0.68725
dancing:0.649
good soundtrack:0.64825
great music:0.64075
nostalgic:0.63475
plot:0.556
feel-good:0.554
light:0.5335
destiny:0.5275
1920s:0.518
jazz:0.5105
fun:0.49775
great ending:0.4925
feel good movie:0.487
silly:0.48275
stereotypes:0.482
great:0.47775
dialogue:0.47475
underrated:0.47025
pg-13:0.466
mentor:0.465
culture clash:0.46425
pornography:0.462
clever:0.45625
movielens top pick:0.4415
camp:0.44125
broadway:0.438
runaway:0.43725
storytelling:0.436
hotel:0.435
catastrophe:0.43225
chase:0.4255
prejudice:0.41825
weird:0.40175
finnish:0.40075
whimsical:0.39625
talky:0.3945
silly fun:0.3925
shallow:0.38425
adaptation:0.38225
satirical:0.37525
period piece:0.36325
1960s:0.363
absurd:0.357
slapstick:0.35175
musicians:0.34775
life philosophy:0.3465
quirky:0.34525
fashion:0.34075
slavery:0.333
girlie movie:0.32825
oscar winner:0.328
family:0.32625
justice:0.32425
story:0.32425
women:0.32175
oscar:0.31775
happy ending:0.31575
fantasy world:0.30925
bollywood:0.3075
comedy:0.30675
crude humor:0.3045
new york city:0.30425
hip hop:0.30375
long:0.303
caper:0.29925
multiple storylines:0.29625
melancholic:0.2945
brutality:0.29375
stylized:0.29275
unlikely friendships:0.29225
cool:0.29225
not funny:0.28725
romance:0.2865
romantic:0.28525
too long:0.28425
fight scenes:0.284
irish accent:0.2815
nudity (full frontal - brief):0.27975
good:0.27975
predictable:0.279
drama:0.27875
british:0.27725
road movie:0.27625
jewish:0.273
entirely dialogue:0.27125
love:0.26975
transformation:0.268
adapted from:book:0.26275
small town:0.26175
criterion:0.26
based on a play:0.25825
oscar (best directing):0.25675
visually appealing:0.25675
