kick-butt women:1.0
firefly:0.99925
space opera:0.98875
scifi:0.9805
sci fi:0.9805
sci-fi:0.977
based on a tv show:0.97275
space:0.9625
series:0.92375
science fiction:0.92025
action:0.91175
social commentary:0.86275
futuristic:0.83725
pg-13:0.834
original:0.82975
space travel:0.825
highly quotable:0.81275
anti-hero:0.80625
adventure:0.80275
plot:0.7915
oscar (best editing):0.79025
fighting:0.787
dialogue:0.7775
visually stunning:0.775
assassin:0.77425
good action:0.766
great ending:0.76125
special effects:0.75275
humor:0.74575
visually appealing:0.7425
imdb top 250:0.73825
big budget:0.7355
witty:0.735
fight scenes:0.7295
drama:0.71375
fast paced:0.69675
secrets:0.69575
franchise:0.693
great:0.679
future:0.678
storytelling:0.66325
story:0.652
life philosophy:0.6485
doctors:0.6325
cerebral:0.63
vengeance:0.6275
dystopia:0.62475
visual:0.6225
clever:0.6195
good:0.616
mentor:0.6135
original plot:0.612
great dialogue:0.6095
intense:0.60775
cult film:0.603
tense:0.603
complex:0.59675
quotable:0.595
cult classic:0.594
weapons:0.59175
chase:0.585
weird:0.57775
cool:0.57575
good soundtrack:0.57425
interesting:0.56925
awesome soundtrack:0.5665
dark hero:0.56575
redemption:0.5645
technology:0.5585
betrayal:0.557
action packed:0.54675
ensemble cast:0.5415
great movie:0.53875
exciting:0.53575
intelligent sci-fi:0.5295
quirky:0.523
humorous:0.52225
catastrophe:0.52125
aliens:0.50825
gunfight:0.5065
movielens top pick:0.50325
too short:0.49475
trilogy:0.49475
good acting:0.4895
entirely dialogue:0.48875
revenge:0.48525
friendship:0.483
great acting:0.47375
excellent script:0.4725
distopia:0.47225
destiny:0.47075
excellent:0.46925
loneliness:0.46825
transformation:0.4675
sacrifice:0.46725
apocalypse:0.467
superheroes:0.46675
creativity:0.46525
better than expected:0.463
cult:0.46075
