musicians:0.95725
musical:0.91675
music:0.87225
documentary:0.87075
san francisco:0.809
unlikely friendships:0.797
heartwarming:0.79625
original:0.73675
movielens top pick:0.7275
very interesting:0.71675
art:0.704
intimate:0.6525
radio:0.65
foreign:0.64575
good soundtrack:0.63675
artistic:0.6205
politics:0.6055
oscar (best actress):0.59775
life philosophy:0.5965
friendship:0.5805
culture clash:0.5635
oscar (best directing):0.562
artist:0.5595
touching:0.55175
earnest:0.54075
self discovery:0.53925
melancholic:0.5385
oscar (best supporting actress):0.53825
breathtaking:0.538
honest:0.5375
great:0.5345
good music:0.533
great music:0.5295
educational:0.5275
suprisingly clever:0.52375
mentor:0.52325
depression:0.5225
competition:0.5215
life & death:0.504
destiny:0.4925
road movie:0.49175
women:0.48525
good:0.47975
censorship:0.466
affectionate:0.465
based on a play:0.451
catastrophe:0.44775
beautifully filmed:0.44275
great acting:0.4405
story:0.43975
corruption:0.437
interesting:0.437
good acting:0.4355
jews:0.43225
feel-good:0.42875
inspiring:0.4285
great ending:0.4265
criterion:0.42575
runaway:0.4215
blindness:0.41625
inspirational:0.41525
idealism:0.414
adventure:0.41075
talky:0.409
social commentary:0.40775
excellent script:0.4045
poignant:0.404
segregation:0.40375
eccentricity:0.40225
redemption:0.401
creativity:0.39625
unusual plot structure:0.389
oscar:0.384
oscar (best foreign language film):0.37775
beautiful scenery:0.377
visually appealing:0.37675
mental illness:0.37625
scenic:0.371
small town:0.35725
storytelling:0.3565
courage:0.3545
nudity (full frontal - brief):0.354
compassionate:0.3535
rock and roll:0.34975
childhood:0.34925
passionate:0.348
enigmatic:0.3475
greed:0.34725
amazing photography:0.3465
humanity:0.3435
brutality:0.34275
quirky:0.3415
dance:0.34125
complex characters:0.34025
special:0.337
weird:0.333
great soundtrack:0.33225
notable soundtrack:0.33175
not funny:0.3285
dancing:0.32425
