based on true story:0.92325
based on a true story:0.8365
original:0.7665
weird:0.754
comedy:0.73325
true story:0.591
great ending:0.55175
mentor:0.51875
very funny:0.5175
funny:0.50675
melancholic:0.483
life philosophy:0.48075
teacher:0.4725
drama:0.47225
catastrophe:0.457
dialogue:0.4515
storytelling:0.43875
good soundtrack:0.438
story:0.4325
very interesting:0.4275
light:0.418
talky:0.41775
goofy:0.41625
transformation:0.4155
humorous:0.41525
brutality:0.415
quirky:0.402
unusual plot structure:0.402
drinking:0.40075
visually appealing:0.3945
adaptation:0.38925
segregation:0.3835
pornography:0.37825
runaway:0.37575
humor:0.36225
unfunny:0.3615
loneliness:0.35925
underrated:0.355
suprisingly clever:0.34675
cult classic:0.34225
fantasy world:0.339
oscar:0.33625
life & death:0.33425
pg-13:0.33125
unlikely friendships:0.33
adapted from:book:0.329
greed:0.32775
feel-good:0.32125
destiny:0.31625
whimsical:0.31575
predictable:0.31125
criterion:0.3105
cult film:0.30975
lone hero:0.30375
doctors:0.3025
redemption:0.3005
weed:0.29975
good:0.2985
love:0.29575
entertaining:0.2935
sci fi:0.2915
absurd:0.291
new jersey:0.29025
gangsters:0.28825
existentialism:0.288
nudity (full frontal - brief):0.285
obsession:0.284
not funny:0.2825
visually stunning:0.28225
great:0.27825
social commentary:0.277
clever:0.27675
entirely dialogue:0.27475
happy ending:0.2735
silly fun:0.26825
fight scenes:0.26825
splatter:0.2665
eccentricity:0.2665
cerebral:0.2635
twists & turns:0.26275
vengeance:0.26275
beautiful scenery:0.2625
imdb top 250:0.2615
off-beat comedy:0.26075
crazy:0.26025
dark hero:0.259
culture clash:0.25725
quotable:0.257
justice:0.25525
road movie:0.255
overrated:0.25425
excellent script:0.25225
inspirational:0.2515
stylized:0.25075
corruption:0.247
solitude:0.247
weapons:0.247
golden palm:0.247
dysfunctional family:0.24575
enigmatic:0.245
