cyberpunk:0.99775
cyborgs:0.9945
futuristic:0.9845
complex:0.97775
anime:0.96875
visually stunning:0.9645
philosophical:0.9615
visually appealing:0.93275
visual:0.92025
future:0.90025
technology:0.895
amazing cinematography:0.88125
japan:0.881
sci-fi:0.87225
science fiction:0.85925
storytelling:0.8555
original:0.845
stunning:0.82775
complicated:0.82125
masterpiece:0.81975
philosophy:0.81025
imdb top 250:0.80925
animation:0.8075
violence:0.79575
police investigation:0.7885
cerebral:0.779
dialogue:0.7785
sci fi:0.777
tokyo:0.7745
humanity:0.76925
weird:0.7595
talky:0.75675
very interesting:0.75575
artistic:0.7545
animated:0.72925
interesting:0.71825
melancholic:0.71625
action:0.71325
social commentary:0.71175
dystopic future:0.70575
good soundtrack:0.70525
existentialism:0.7025
violent:0.70125
robots:0.70075
stylish:0.698
visceral:0.69175
scifi:0.69025
atmospheric:0.689
great soundtrack:0.68275
thought-provoking:0.6805
computer animation:0.67625
dark:0.67525
great ending:0.66325
distopia:0.66175
cool:0.65875
dark hero:0.65775
story:0.655
stylized:0.64975
fast paced:0.64675
original plot:0.64675
graphic novel:0.6445
pornography:0.64
suprisingly clever:0.6395
life & death:0.63925
breathtaking:0.6385
twists & turns:0.6365
cult film:0.624
intense:0.622
cult classic:0.62125
hackers:0.62
imagination:0.60975
conspiracy:0.609
art:0.606
clever:0.606
cinematography:0.60225
mentor:0.60225
identity:0.6015
japanese:0.59875
reflective:0.598
vengeance:0.595
criterion:0.59475
enigmatic:0.58825
complex characters:0.58325
corruption:0.582
confusing:0.57875
fight scenes:0.57575
nocturnal:0.55875
plot:0.55325
artificial intelligence:0.552
greed:0.549
androids:0.544
good music:0.53725
beautifully filmed:0.53575
classic:0.534
excellent script:0.5335
gunfight:0.532
scenic:0.52825
animal movie:0.5275
psychological:0.52625
intellectual:0.523
