obsession:0.93775
transgender:0.88325
true story:0.8825
very interesting:0.87125
artist:0.84775
insanity:0.83025
mental illness:0.79575
homeless:0.78775
pornography:0.7525
original:0.6875
biopic:0.68425
character study:0.6645
nudity (topless - notable):0.651
based on a true story:0.64575
prostitution:0.62675
interesting:0.62575
eccentricity:0.62525
murder:0.621
biography:0.6195
lesbian:0.61075
oscar (best actress):0.59525
disturbing:0.59125
good soundtrack:0.58725
weird:0.57175
paranoia:0.56975
art:0.5605
biographical:0.56025
corruption:0.5555
writers:0.5515
violent:0.5505
manipulation:0.5395
artistic:0.53875
good:0.53325
directorial debut:0.526
women:0.5255
new york city:0.5255
violence:0.51275
mentor:0.5075
sexual abuse:0.50675
paranoid:0.50375
dialogue:0.49625
crime gone awry:0.49125
assassination:0.4885
nudity (topless):0.48575
great ending:0.484
child abuse:0.48175
witty:0.479
sexualized violence:0.47425
talky:0.472
brutality:0.4705
enigmatic:0.468
drinking:0.46675
great:0.46325
adaptation:0.463
oscar (best supporting actress):0.4625
social commentary:0.4505
greed:0.4495
crazy:0.44375
runaway:0.44225
male nudity:0.44025
catastrophe:0.43875
nudity (full frontal - notable):0.43475
melancholic:0.428
sexual:0.42375
psychology:0.42275
quirky:0.415
stylish:0.4105
psychiatrist:0.4075
censorship:0.40475
police investigation:0.40225
independent film:0.38975
sex:0.38725
life philosophy:0.38525
sexy:0.384
complex:0.38375
passionate:0.3835
intellectual:0.38175
psychological:0.38025
cinematography:0.38
based on a play:0.37725
drugs:0.375
nudity (full frontal - brief):0.37375
very good:0.37125
art house:0.36675
adapted from:book:0.3665
moral ambiguity:0.36525
based on a book:0.35625
great movie:0.35425
loneliness:0.35125
stylized:0.35125
intimate:0.35125
mental hospital:0.345
genius:0.344
great acting:0.34225
dysfunctional family:0.34075
indie:0.33875
new york:0.33275
assassin:0.33075
psychiatry:0.329
documentary:0.325
