jazz:0.99775
musicians:0.96025
new orleans:0.8675
intimate:0.746
grindhouse:0.736
relationships:0.7335
documentary:0.72975
new york:0.71325
original:0.67225
obsession:0.65275
paris:0.62975
hotel:0.62
life philosophy:0.6065
talky:0.582
very interesting:0.56525
witty:0.535
hip hop:0.5345
unusual plot structure:0.527
biographical:0.516
honest:0.48525
great ending:0.47425
pornography:0.457
mentor:0.4465
sarcasm:0.442
dialogue:0.436
good:0.43375
drinking:0.42775
alter ego:0.4265
life:0.42325
melancholic:0.4205
independent film:0.41375
oscar (best supporting actress):0.408
corruption:0.4075
catastrophe:0.401
new jersey:0.394
creativity:0.38825
storytelling:0.37075
complex:0.36575
love:0.36575
eccentricity:0.36525
criterion:0.36375
affectionate:0.362
good soundtrack:0.3545
crazy:0.34975
brutality:0.347
nocturnal:0.33525
cool:0.33
great:0.3285
rome:0.32825
passionate:0.3265
music:0.32475
not funny:0.3245
loneliness:0.32225
queer:0.315
transformation:0.31325
compassionate:0.312
chase:0.30925
judaism:0.301
pg-13:0.2965
adaptation:0.29625
oscar winner:0.29575
runaway:0.29375
london:0.29325
fight scenes:0.28925
intellectual:0.288
enigmatic:0.28475
stylized:0.28475
hospital:0.28425
books:0.2835
race issues:0.2835
oscar (best actress):0.28225
based on a play:0.28075
very good:0.2805
fun movie:0.28025
marriage:0.28025
censorship:0.279
assassination:0.27525
graphic design:0.275
crime gone awry:0.27375
male nudity:0.27275
entirely dialogue:0.27275
satirical:0.27125
dark hero:0.2705
interesting:0.26975
police investigation:0.2695
life & death:0.26825
light:0.26675
writers:0.26375
dysfunctional family:0.26275
very funny:0.26225
family:0.2615
clever:0.2615
gay character:0.26075
childhood:0.259
radio:0.2585
excellent script:0.2555
claustrophobic:0.25525
addiction:0.2545
art:0.2545
unfunny:0.25225
