adoption:0.968
children:0.89275
family:0.86825
kids:0.85975
spelling bee:0.668
original:0.65175
childhood:0.6415
life philosophy:0.55225
so bad it's funny:0.49375
mentor:0.49075
happy ending:0.48525
cute!:0.469
predictable:0.459
catastrophe:0.4395
pg:0.41025
cute:0.40425
dialogue:0.3975
silly fun:0.39725
runaway:0.39225
fight scenes:0.3855
good:0.37625
natural disaster:0.36575
first contact:0.3645
great:0.36225
kids and family:0.3555
very funny:0.34
fantasy:0.326
bad plot:0.32125
fantasy world:0.31825
teen movie:0.313
destiny:0.3115
great ending:0.30975
nudity (full frontal - brief):0.3035
fun:0.30325
pornography:0.3025
parenthood:0.3005
adaptation:0.2975
storytelling:0.2935
orphans:0.29225
fun movie:0.29125
comedy:0.2885
not funny:0.28775
brutality:0.2775
cartoon:0.27375
overrated:0.2705
hospital:0.27025
light:0.27
life & death:0.265
funny:0.264
good soundtrack:0.2635
lone hero:0.26275
greed:0.26075
culture clash:0.25775
quirky:0.25775
multiple storylines:0.2575
hilarious:0.25675
unfunny:0.25525
slapstick:0.255
stereotypes:0.25025
death:0.249
police investigation:0.24725
entirely dialogue:0.24625
pg-13:0.24625
dysfunctional family:0.24525
gangsters:0.238
unusual plot structure:0.232
technology:0.23125
heartwarming:0.23075
cult film:0.2275
writers:0.22675
sci fi:0.2245
crude humor:0.22375
story:0.22025
dog:0.21725
civil war:0.21625
goofy:0.21575
boring:0.2115
adapted from:book:0.21125
silly:0.21075
creativity:0.21075
weird:0.208
redemption:0.2075
bullying:0.20625
romantic:0.204
pulp:0.2035
transformation:0.20325
disaster:0.20175
criterion:0.19975
bad cgi:0.1995
stylized:0.19875
divorce:0.19825
big budget:0.19725
internet:0.19725
chase:0.195
suspense:0.19275
nudity (topless - notable):0.19225
melancholic:0.1895
too long:0.18875
twists & turns:0.1885
science fiction:0.18775
