horror:0.982
creepy:0.95875
ghosts:0.9505
scary:0.921
loneliness:0.9205
supernatural:0.9055
weird:0.89225
dark:0.85775
afterlife:0.8315
nocturnal:0.81775
atmospheric:0.79575
frightening:0.77675
strange:0.74175
so bad it's funny:0.72325
internet:0.72125
slow paced:0.71625
latin america:0.71125
melancholic:0.70225
isolation:0.699
original:0.696
eerie:0.6895
suicide:0.6885
visceral:0.67325
enigmatic:0.64325
ominous:0.63725
existentialism:0.62275
cinematography:0.5525
psychological:0.533
disturbing:0.53225
apocalypse:0.53125
bleak:0.521
meditative:0.517
japanese:0.5165
allegory:0.51425
splatter:0.509
social commentary:0.49925
effects:0.4815
catastrophe:0.47325
dialogue:0.4705
japan:0.464
drinking:0.46075
pointless:0.456
macabre:0.45275
depression:0.44525
better than the american version:0.445
confusing:0.44425
cult classic:0.4385
grindhouse:0.43025
first contact:0.42975
nudity (full frontal - notable):0.42725
suspense:0.427
obsession:0.42375
downbeat:0.41925
criterion:0.411
great ending:0.411
end of the world:0.41075
surreal:0.4095
dreamlike:0.40375
maze:0.40175
technology:0.3985
cult film:0.395
visual:0.39075
tense:0.38475
death:0.38275
slow:0.3825
suspenseful:0.38025
brutality:0.3655
twists & turns:0.36075
demons:0.35625
tokyo:0.35025
story:0.34875
moody:0.337
grim:0.337
creativity:0.33625
alternate reality:0.3345
solitude:0.332
complex:0.33025
storytelling:0.3295
ghosts/afterlife:0.32775
good soundtrack:0.326
philosophical:0.3225
not funny:0.3225
transformation:0.32025
talky:0.31575
mentor:0.3105
cerebral:0.3085
visually appealing:0.30675
excellent script:0.295
dreams:0.2945
bad ending:0.29375
monster:0.29375
haunted house:0.29225
overrated:0.2915
stylized:0.291
boring!:0.28975
reflective:0.28525
life & death:0.28325
adaptation:0.27975
survival:0.2795
melancholy:0.27525
