time loop:0.98
future:0.97775
futuristic:0.9755
special effects:0.97375
time travel:0.969
science fiction:0.9665
scifi:0.96175
sci-fi:0.96075
sci fi:0.95375
dinosaurs:0.95
big budget:0.931
bad cgi:0.91675
plot holes:0.9085
horrible:0.873
alternate reality:0.86025
story:0.85225
technology:0.84575
so bad it's funny:0.8345
idiotic:0.80025
predictable:0.79575
first contact:0.794
original:0.7815
catastrophe:0.75975
natural disaster:0.754
lame:0.75
effects:0.749
bad plot:0.7475
cgi:0.7305
bad script:0.71875
bad acting:0.702
bad science:0.6965
disaster:0.689
stupid:0.68025
computer game:0.675
adventure:0.6705
fantasy:0.65975
pg-13:0.6415
science:0.64075
dynamic cgi action:0.64075
end of the world:0.631
fantasy world:0.62425
space:0.59325
awful:0.59225
too short:0.57925
silly fun:0.5635
creativity:0.551
stupid as hell:0.55025
time:0.549
bad:0.5485
plot:0.541
good story:0.53325
dialogue:0.527
mars:0.52325
jungle:0.52025
cloning:0.51775
great ending:0.5105
clones:0.51
action:0.505
destiny:0.5045
android(s)/cyborg(s):0.495
cheesy:0.49325
chase:0.49275
silly:0.49175
visuals:0.4915
monster:0.48075
adaptation:0.46675
giant robots:0.46575
family:0.4555
writers:0.45125
visually stunning:0.44875
monsters:0.43975
mentor:0.43925
suspense:0.43325
visual:0.431
ridiculous:0.429
bad ending:0.4235
based on a book:0.42225
better than expected:0.42
franchise:0.412
exciting:0.406
genetics:0.404
storytelling:0.40225
shallow:0.402
transformation:0.4005
weapons:0.3925
apocalypse:0.388
life philosophy:0.386
mythology:0.37625
pointless:0.37475
fight scenes:0.3745
boring:0.37375
dystopia:0.37275
internet:0.37125
philip k. dick:0.37
alien:0.36825
overrated:0.36675
dystopic future:0.36525
god:0.36
mutants:0.35825
high fantasy:0.35225
