world war ii:0.99525
germany:0.9945
nazis:0.99225
wwii:0.97
jews:0.96225
children:0.95625
nazi:0.95525
wartime:0.9305
holocaust:0.92775
survival:0.92125
german:0.9145
innocence lost:0.912
cinematography:0.8745
anti-semitism:0.85275
dramatic:0.847
coming of age:0.839
brutality:0.8375
poland:0.8365
guilt:0.83425
amazing cinematography:0.82875
original:0.8045
bleak:0.799
beautifully filmed:0.77825
jewish:0.74975
war:0.74775
visceral:0.7425
propaganda:0.729
death:0.729
foreign:0.72425
breathtaking:0.7235
thought-provoking:0.7235
violence:0.72275
genocide:0.718
revenge:0.71725
drama:0.71575
historical:0.71375
story:0.71075
allegory:0.71
intense:0.7025
coming-of-age:0.70125
realistic:0.70025
based on a book:0.69975
best war films:0.6985
harsh:0.6965
camp:0.696
social commentary:0.688
oscar (best foreign language film):0.6735
brutal:0.661
adolescence:0.653
storytelling:0.652
powerful ending:0.64525
stunning:0.6315
parenthood:0.62625
visually appealing:0.623
end of the world:0.622
life & death:0.6155
idealism:0.61425
psychological:0.61275
culture clash:0.61225
based on book:0.61175
childhood:0.6055
brainwashing:0.58875
ethnic conflict:0.57725
disturbing:0.57575
complex:0.57125
grim:0.56625
good soundtrack:0.5625
golden palm:0.558
tragedy:0.5535
forceful:0.55175
brothers:0.5435
assassination:0.543
dialogue:0.53925
suprisingly clever:0.53675
distopia:0.535
unusual plot structure:0.5325
narrated:0.53125
berlin:0.52725
visual:0.52625
moral ambiguity:0.52575
oscar (best directing):0.5245
politics:0.52425
great acting:0.516
catastrophe:0.51525
atmospheric:0.501
australia:0.49925
melancholic:0.49225
clever:0.49225
horror:0.48975
betrayal:0.48375
criterion:0.48175
war movie:0.478
oscar (best actress):0.47225
road movie:0.468
oscar (best cinematography):0.46725
exceptional acting:0.4625
family:0.4625
absurd:0.46225
runaway:0.46125
tense:0.46075
