western:0.98075
gunfight:0.97325
vengeance:0.914
revenge:0.885
indians:0.8255
harsh:0.762
mentor:0.74025
chase:0.71375
runaway:0.708
original:0.6615
prison:0.616
good soundtrack:0.61275
culture clash:0.5765
enormously long battle scene:0.56175
california:0.56025
brutal:0.5375
gritty:0.536
brutality:0.53575
bleak:0.51225
guns:0.51175
great ending:0.496
redemption:0.49225
loneliness:0.4875
intense:0.47175
texas:0.4565
moral ambiguity:0.44825
storytelling:0.4395
catastrophe:0.4225
gangs:0.417
great acting:0.4155
bank robbery:0.41175
murder:0.39975
oscar (best cinematography):0.3885
police investigation:0.384
drinking:0.3755
childhood:0.37525
oscar (best supporting actor):0.37425
downbeat:0.36525
scenic:0.36125
suprisingly clever:0.35625
justice:0.3505
melancholic:0.347
classic:0.344
great:0.34275
19th century:0.34275
horses:0.33875
snakes:0.33875
hunting:0.33525
good:0.3325
prostitution:0.33175
courage:0.33125
oscar (best directing):0.32975
hitman:0.32825
destiny:0.3275
adoption:0.32725
oscar (best supporting actress):0.327
drama:0.3265
guilt:0.3245
imdb top 250:0.322
ensemble cast:0.3215
dialogue:0.31675
violence:0.31625
excellent:0.3155
grim:0.312
adaptation:0.309
bullying:0.308
not funny:0.30525
solitude:0.29775
mob:0.29375
identity:0.2885
story:0.287
beautiful scenery:0.286
stylized:0.2845
friendship:0.28375
criterion:0.28325
corruption:0.28225
bloody:0.28125
mexico:0.28
pornography:0.27975
kick-butt women:0.27725
weapons:0.2765
violent:0.276
great movie:0.27525
life philosophy:0.27425
lone hero:0.263
irish:0.26125
multiple storylines:0.2575
ennio morricone:0.257
enigmatic:0.2555
action packed:0.25375
fantasy world:0.25275
first contact:0.252
nudity (full frontal - brief):0.25125
entirely dialogue:0.24725
oscar (best effects - visual effects):0.24725
cinematography:0.24625
stylish:0.24425
predictable:0.24225
very good:0.242
spaghetti western:0.2405
