tom clancy:1.0
based on a book:0.98625
espionage:0.94775
nuclear bomb:0.9205
secret service:0.918
based on book:0.8785
conspiracy:0.8695
spying:0.85975
action:0.83
mentor:0.804
president:0.7885
russia:0.78825
nuclear war:0.788
terrorism:0.7875
spy:0.7795
big budget:0.7775
books:0.77625
cold war:0.76975
cia:0.7695
catastrophe:0.751
adapted from:book:0.7485
world politics:0.74825
weapons:0.70475
tense:0.70275
thriller:0.699
islam:0.68825
original:0.68125
adaptation:0.662
spies:0.653
good:0.65125
bombs:0.646
assassin:0.61225
suspense:0.61075
pg-13:0.6045
predictable:0.60175
good action:0.59075
israel:0.58775
special effects:0.58675
book was better:0.584
chase:0.58125
action packed:0.573
fast paced:0.55675
exciting:0.556
nuclear:0.539
natural disaster:0.52475
plot:0.51025
book:0.50625
secrets:0.506
betrayal:0.50525
better than expected:0.50025
intense:0.498
story:0.497
disaster:0.49075
corruption:0.48325
suspenseful:0.4825
russian:0.48025
franchise:0.47225
explosions:0.461
great ending:0.458
dialogue:0.4505
survival:0.4435
happy ending:0.44275
so bad it's funny:0.4395
plot holes:0.43775
silly:0.436
bad plot:0.4325
fantasy world:0.4305
adventure:0.43
good soundtrack:0.42825
lone hero:0.4235
unrealistic:0.41625
entertaining:0.41575
arms dealer:0.399
politics:0.399
internet:0.39375
original plot:0.39375
conspiracy theory:0.393
runaway:0.38725
horrible:0.382
life philosophy:0.38125
great:0.38
end of the world:0.37575
twists & turns:0.37525
technology:0.37525
complex:0.3715
interesting:0.362
first contact:0.3565
not funny:0.35325
good acting:0.3445
moral ambiguity:0.343
distopia:0.34125
destiny:0.33675
political:0.33325
dramatic:0.32925
assassination:0.32525
surveillance:0.3155
justice:0.315
culture clash:0.3145
excellent:0.31275
drama:0.312
