based on a comic:0.99375
superhero:0.993
super hero:0.991
superheroes:0.98425
comic book:0.89525
super-hero:0.871
adapted from:comic:0.86675
action:0.84825
based on comic:0.84725
vengeance:0.831
splatter:0.81225
revenge:0.8085
dark fantasy:0.78175
original:0.77525
violence:0.7745
good action:0.77
mad scientist:0.75875
cult classic:0.75475
cult film:0.741
stylized:0.7395
pulp:0.6995
anti-hero:0.6885
dark hero:0.685
stylish:0.685
violent:0.67275
horror:0.66725
gangsters:0.65725
action packed:0.6495
cool:0.64475
brutality:0.6275
monster:0.61275
comics:0.599
dark comedy:0.59
goofy:0.5805
vigilante:0.57425
special effects:0.56125
storytelling:0.55525
visceral:0.5545
campy:0.549
transformation:0.53525
mentor:0.53
visual:0.5265
fight scenes:0.52275
dialogue:0.51
grindhouse:0.50125
monsters:0.4975
fun movie:0.49475
hospital:0.48525
lone hero:0.4835
great ending:0.4815
great:0.472
cult:0.4595
life philosophy:0.4505
gory:0.447
immortality:0.44125
redemption:0.43925
effects:0.43475
mutants:0.4265
fast paced:0.41875
nocturnal:0.41475
graphic novel:0.4145
catastrophe:0.41325
weapons:0.4125
franchise:0.4075
sexualized violence:0.40525
silly:0.40375
great movie:0.40075
macabre:0.4
weird:0.39325
alter ego:0.3915
adaptation:0.38625
good soundtrack:0.38125
demons:0.379
absurd:0.378
not funny:0.37625
comic:0.37575
life & death:0.37
story:0.3695
light:0.361
bad cgi:0.35725
justice:0.357
blood:0.35625
gothic:0.35575
gratuitous violence:0.3505
dark:0.35
corruption:0.348
runaway:0.348
mob:0.3475
predictable:0.3455
unusual plot structure:0.342
bloody:0.3415
quotable:0.3365
loneliness:0.3365
dark humor:0.3355
fantasy:0.33475
betrayal:0.32775
death:0.32725
big budget:0.32475
first contact:0.324
black comedy:0.32225
