dysfunctional family:0.9675
tokyo:0.96475
japan:0.932
criterion:0.904
enigmatic:0.8425
family drama:0.83975
workplace:0.80775
off-beat comedy:0.797
melancholy:0.79
bleak:0.781
tragedy:0.73375
oscar (best foreign language film):0.71425
melancholic:0.7085
depression:0.7005
greed:0.6995
depressing:0.68875
weird:0.68625
golden palm:0.65025
reflective:0.648
pornography:0.64625
mentor:0.6435
parenthood:0.64175
intimate:0.63425
life & death:0.6
meditative:0.5945
cinematography:0.587
japanese:0.576
loneliness:0.5755
culture clash:0.57375
lyrical:0.56325
allegory:0.563
atmospheric:0.551
secrets:0.5505
family:0.55
unusual plot structure:0.5475
original:0.5425
good soundtrack:0.542
rebellion:0.54175
sacrifice:0.5355
poignant:0.53375
drama:0.528
brutality:0.524
talky:0.51975
breathtaking:0.515
vengeance:0.51025
character study:0.50825
catastrophe:0.50575
dark humor:0.4975
forceful:0.4975
life philosophy:0.49425
downbeat:0.49175
black comedy:0.491
insanity:0.48975
dramatic:0.482
foreign:0.475
middle east:0.47125
stylized:0.47025
disturbing:0.46775
movielens top pick:0.4675
ironic:0.46475
exceptional acting:0.4645
macabre:0.457
kurosawa:0.4525
guilt:0.4505
runaway:0.448
masterpiece:0.435
death:0.431
childhood:0.42075
suprisingly clever:0.418
tense:0.40275
surreal:0.4015
social commentary:0.38525
relationships:0.38375
suicide:0.38
crime gone awry:0.37575
sexual abuse:0.37375
absurd:0.3695
hospital:0.367
suburbia:0.36125
classic car:0.356
dreamlike:0.352
identity:0.352
based on a play:0.34925
divorce:0.34775
suicide attempt:0.34325
great ending:0.34175
grindhouse:0.332
weapons:0.3305
visceral:0.324
spanish:0.32075
quirky:0.32075
complex:0.31925
harsh:0.3055
grim:0.3055
violence:0.3035
demons:0.3005
writers:0.3005
great acting:0.3005
obsession:0.3
storytelling:0.2995
