sports:0.99375
basketball:0.87525
comedy:0.82975
boston:0.8215
goofy:0.776
original:0.64525
jazz:0.5995
funny:0.53025
kidnapping:0.51825
fun movie:0.511
very funny:0.48375
predictable:0.431
fun:0.4255
mentor:0.422
great:0.40375
catastrophe:0.395
silly fun:0.3815
great ending:0.33675
golf:0.3345
chase:0.33075
underdog:0.32975
brutality:0.32275
unlikely friendships:0.3225
bad plot:0.31275
soccer:0.31025
unfunny:0.30975
dialogue:0.309
football:0.306
life philosophy:0.304
satirical:0.30275
lone hero:0.29775
multiple storylines:0.29625
inspirational:0.29525
light:0.29
nudity (full frontal - brief):0.2885
fantasy world:0.28575
first contact:0.285
buddy movie:0.28075
adaptation:0.27775
good:0.27075
pornography:0.2665
overrated:0.26625
parody:0.26625
obsession:0.26375
storytelling:0.262
childhood:0.2615
friendship:0.2605
very interesting:0.26025
story:0.256
alter ego:0.255
drinking:0.254
fight scenes:0.25075
not funny:0.249
redemption:0.248
melancholic:0.24225
humorous:0.24125
satire:0.241
culture clash:0.24025
action:0.2375
entertaining:0.23625
vengeance:0.2355
good soundtrack:0.23475
nudity (topless - notable):0.2235
family:0.22225
pg-13:0.221
cinematography:0.217
runaway:0.2115
slapstick:0.211
entirely dialogue:0.211
pointless:0.20775
destiny:0.206
underrated:0.20575
adapted from:book:0.20525
teacher:0.20475
dreamlike:0.2035
so bad it's funny:0.20275
cult film:0.20225
criterion:0.202
great movie:0.2005
natural disaster:0.20025
competition:0.19325
corruption:0.1905
gangsters:0.1905
crude humor:0.18875
happy ending:0.18775
weird:0.18525
transformation:0.18525
passionate:0.184
oscar (best directing):0.182
quirky:0.1815
visually appealing:0.181
clever:0.176
mad scientist:0.17525
oscar winner:0.17425
adventure:0.1735
feel-good:0.1725
stylized:0.17125
justice:0.1705
oscar:0.17025
adapted from:comic:0.1695
