stand-up comedy:0.9875
imdb top 250:0.8795
comedy:0.875
mentor:0.8495
oscar (best directing):0.838
great ending:0.817
great movie:0.80225
great:0.786
excellent script:0.78475
complex:0.7635
loneliness:0.756
interesting:0.75525
good acting:0.74825
original:0.73875
suspense:0.7315
great acting:0.728
social commentary:0.707
highly quotable:0.70625
clever:0.70475
plot:0.70125
pg-13:0.69875
melancholic:0.6965
intense:0.69
good:0.6865
narrated:0.686
drama:0.6855
transformation:0.68225
redemption:0.6755
life & death:0.67375
pornography:0.668
oscar winner:0.666
culture clash:0.6625
death:0.65875
movielens top pick:0.65625
violence:0.65625
dialogue:0.65575
dark humor:0.63475
epic:0.63175
chase:0.6275
tense:0.624
very funny:0.62275
special:0.61375
crude humor:0.60525
secrets:0.60225
oscar:0.6
talky:0.59775
greed:0.596
story:0.594
funny as hell:0.5925
realistic:0.5865
parenthood:0.5835
drinking:0.57775
good soundtrack:0.575
hilarious:0.57
family:0.56575
technology:0.56475
funny:0.5635
life philosophy:0.5625
artistic:0.551
gunfight:0.54975
adultery:0.549
unusual plot structure:0.54075
runaway:0.537
witty:0.53525
cinematography:0.531
excellent:0.53025
very good:0.52725
conspiracy:0.52225
honest:0.52175
suprisingly clever:0.517
unlikely friendships:0.51475
relationships:0.51475
cerebral:0.509
visual:0.50825
earnest:0.502
corruption:0.498
satire:0.4975
classic car:0.4945
race issues:0.4925
adapted from:book:0.49125
psychology:0.491
oscar (best effects - visual effects):0.48825
catastrophe:0.4865
oscar (best cinematography):0.4865
creativity:0.48425
criterion:0.48325
oscar (best picture):0.482
cool:0.481
depression:0.47875
spying:0.4765
thriller:0.47625
oscar (best supporting actor):0.4755
survival:0.46925
beautiful scenery:0.468
hospital:0.464
comic:0.4605
california:0.45975
storytelling:0.45825
friendship:0.4525
destiny:0.44775
