storytelling:0.88075
existentialism:0.861
pointless:0.85925
original:0.85175
sci fi:0.8395
twists & turns:0.83925
greed:0.80775
cerebral:0.8075
alien:0.8005
scifi:0.80025
first contact:0.79725
plot twist:0.7765
weird:0.76425
story:0.76375
surreal:0.75525
science fiction:0.74825
allegory:0.7335
mindfuck:0.73125
visual:0.694
mars:0.68475
twist:0.66775
sci-fi:0.66275
mystery:0.65925
dialogue:0.645
technology:0.64275
complex:0.6295
predictable:0.62925
bad ending:0.62075
futuristic:0.61325
stylized:0.60975
great ending:0.6045
enigmatic:0.5865
supernatural:0.58625
aliens:0.5855
plot holes:0.57975
teleportation:0.5735
catastrophe:0.56375
plot:0.5555
so bad it's funny:0.55075
parallel universe:0.5485
thought-provoking:0.548
life & death:0.5465
afterlife:0.54475
intelligent sci-fi:0.544
humanity:0.54175
guilt:0.53725
visually appealing:0.53425
suspense:0.53225
paranoia:0.53
bad plot:0.52625
psychology:0.52275
very interesting:0.5215
confusing:0.5145
twist ending:0.5075
dreamlike:0.5065
special effects:0.503
absurd:0.50175
conspiracy theory:0.4995
psychological:0.4985
conspiracy:0.48425
creativity:0.47725
bad cgi:0.46075
life philosophy:0.46025
death:0.453
mentor:0.45175
cinematography:0.4405
philosophical:0.43925
clones:0.43925
visually stunning:0.43475
god:0.432
nasa:0.42725
internet:0.424
redemption:0.4185
strange:0.417
bizarre:0.4135
suspenseful:0.4065
bad acting:0.4005
destiny:0.3895
adaptation:0.38925
intense:0.387
alternate reality:0.387
natural disaster:0.386
not funny:0.374
brutality:0.37375
effects:0.37325
blindness:0.371
dystopia:0.37
innocence lost:0.36975
complicated plot:0.3675
moral ambiguity:0.36425
philip k. dick:0.3615
pretentious:0.361
complicated:0.35675
tricky:0.3535
metaphysics:0.35175
interesting:0.349
slow paced:0.34725
betrayal:0.347
powerful ending:0.34475
lame:0.34225
