fascism:0.95575
bleak:0.876
cynical:0.8675
camp:0.84525
dramatic:0.82675
drama:0.81025
oscar (best foreign language film):0.80175
social commentary:0.78675
nazis:0.78175
survival:0.77975
criterion:0.77775
holocaust:0.77225
masterpiece:0.7535
foreign:0.729
insanity:0.7175
world war ii:0.71425
golden palm:0.70375
character study:0.691
original:0.69075
brutality:0.6905
harsh:0.6905
culture clash:0.68325
reflective:0.661
good soundtrack:0.64025
imdb top 250:0.63
oscar (best directing):0.6065
downbeat:0.6015
jews:0.59975
suprisingly clever:0.5995
humanity:0.59725
sisters:0.592
loneliness:0.56925
talky:0.56775
beautifully filmed:0.562
affectionate:0.55975
nazi:0.5545
german:0.55275
quirky:0.547
tragedy:0.5455
macabre:0.525
prostitution:0.52375
parenthood:0.51675
morality:0.51425
cinematography:0.51375
satirical:0.5075
anti-war:0.49775
grim:0.49725
intimate:0.49175
prison:0.48525
melancholic:0.48425
melancholy:0.48425
powerful ending:0.477
oscar (best actress):0.475
guilt:0.475
disturbing:0.47375
absurd:0.46575
atmospheric:0.46
humorous:0.4595
oscar (best supporting actress):0.4595
drinking:0.45775
pornography:0.457
exceptional acting:0.45425
black comedy:0.454
forceful:0.453
dysfunctional family:0.446
visceral:0.44325
dialogue:0.43875
bittersweet:0.43675
grindhouse:0.4355
italian:0.435
poignant:0.4325
catastrophe:0.4315
beautiful scenery:0.42725
brutal:0.42125
movielens top pick:0.41775
great:0.41725
italy:0.41575
enigmatic:0.414
wwii:0.41375
mentor:0.412
gritty:0.409
irreverent:0.40875
compassionate:0.396
coming of age:0.39375
childhood:0.391
germany:0.38825
twists & turns:0.38425
biting:0.384
great acting:0.3805
music:0.37975
nudity (full frontal - notable):0.37825
relationships:0.3755
1930s:0.3735
sexualized violence:0.369
visually stunning:0.3685
storytelling:0.3665
dark humor:0.366
witty:0.36575
visual:0.36475
friendship:0.364
