birds:0.86275
story:0.69725
original:0.635
feel-good:0.5825
obsession:0.5775
comedy:0.5295
mentor:0.451
pg-13:0.44925
life philosophy:0.43725
drama:0.427
destiny:0.40975
catastrophe:0.408
dialogue:0.406
unlikely friendships:0.404
narrated:0.382
parenthood:0.3805
predictable:0.37625
feel good movie:0.3635
so bad it's funny:0.33975
passionate:0.33425
great ending:0.32875
divorce:0.32325
runaway:0.31575
family:0.31225
utopia:0.3105
based on a book:0.3075
relationships:0.30575
chase:0.30525
very interesting:0.305
quirky:0.302
slapstick:0.29475
pornography:0.29425
friendship:0.292
good:0.29175
very funny:0.29075
great:0.28525
life & death:0.2795
island:0.2785
melancholic:0.27825
cinematography:0.27575
marriage:0.275
scenic:0.269
natural disaster:0.26775
redemption:0.2635
lone hero:0.25725
storytelling:0.257
beautiful scenery:0.257
culture clash:0.257
underrated:0.256
meditative:0.2555
family drama:0.2555
not funny:0.2545
crude humor:0.253
humorous:0.25275
first contact:0.25
based on book:0.24975
inspirational:0.24225
touching:0.24125
grindhouse:0.239
unfunny:0.238
unusual plot structure:0.23775
foul language:0.23525
sacrifice:0.235
fantasy world:0.232
brutality:0.23175
segregation:0.231
weird:0.23
childhood:0.22975
entertaining:0.2295
transformation:0.2285
true story:0.2275
road movie:0.22725
new jersey:0.227
adaptation:0.2255
goofy:0.2255
adventure:0.22375
eccentricity:0.221
cerebral:0.2195
dysfunctional family:0.217
oscar (best supporting actress):0.21225
god:0.212
entirely dialogue:0.21175
suprisingly clever:0.2075
fun movie:0.20725
light:0.20675
dreams:0.20625
harsh:0.20325
creativity:0.203
small town:0.20225
criterion:0.20175
writers:0.19725
corporate america:0.1955
reflective:0.195
funny:0.19325
silly:0.1925
screwball:0.192
amazing photography:0.1905
weapons:0.18975
good soundtrack:0.1895
police investigation:0.18825
