gay:0.98125
gay character:0.97925
homosexuality:0.96725
pregnancy:0.9515
family bonds:0.94225
glbt:0.89225
spanish:0.86475
coming of age:0.844
stereotypes:0.83375
girlie movie:0.78875
coming-of-age:0.779
poignant:0.75175
independent film:0.745
women:0.7255
homophobia:0.722
adolescence:0.72125
compassionate:0.721
exceptional acting:0.70625
los angeles:0.697
runaway:0.6885
prejudice:0.6835
original:0.68125
bittersweet:0.679
intimate:0.6605
criterion:0.639
idealism:0.633
dysfunctional family:0.62825
tragedy:0.628
california:0.62475
destiny:0.62475
relationships:0.622
oscar (best foreign language film):0.622
social commentary:0.61425
queer:0.6135
character study:0.6115
drama:0.60175
religion:0.592
light:0.5915
brutality:0.59025
realistic:0.57525
family:0.5525
pornography:0.5515
stylized:0.55025
forceful:0.54975
betrayal:0.54275
magic realism:0.53675
honest:0.53625
culture clash:0.53025
golden palm:0.519
family drama:0.51625
teen movie:0.51525
oscar (best actress):0.51375
teenager:0.51
melancholic:0.5
islam:0.49675
excellent script:0.49225
sweet:0.4915
great movie:0.48625
life & death:0.483
spain:0.48225
mentor:0.48
death:0.47725
aging:0.47275
childhood:0.4725
catastrophe:0.4675
bollywood:0.464
sexuality:0.46275
great:0.46025
depression:0.4555
good soundtrack:0.455
melancholy:0.45375
parenthood:0.453
indie:0.4525
touching:0.44975
virginity:0.44825
sexual:0.4465
powerful ending:0.4455
sacrifice:0.44425
dramatic:0.44375
reflective:0.43525
talky:0.4345
pg-13:0.42775
teen:0.42425
downbeat:0.423
interracial romance:0.42125
good:0.421
male nudity:0.41975
writers:0.419
passionate:0.4125
working class:0.411
story:0.40575
bleak:0.40575
secrets:0.40525
great ending:0.4045
manipulation:0.40125
oscar (best supporting actress):0.396
foreign:0.39375
sexual abuse:0.39125
sad but good:0.3875
earnest:0.384
