comedy:0.985
romantic comedy:0.98075
funny:0.91025
pg-13:0.80025
hilarious:0.8
very funny:0.79325
predictable:0.75125
girlie movie:0.6805
original:0.6735
romantic:0.65875
romance:0.6555
crude humor:0.6445
chick flick:0.61575
quirky:0.608
silly:0.594
goofy:0.577
stereotypes:0.57025
fun movie:0.559
happy ending:0.55025
good:0.5385
mentor:0.52925
destiny:0.50825
wedding:0.49575
unfunny:0.47425
lame:0.465
humorous:0.46275
cheating:0.458
catastrophe:0.4465
teen movie:0.41725
shallow:0.41325
great ending:0.40775
dialogue:0.39925
dumb:0.39625
drinking:0.3835
dumb but funny:0.36625
culture clash:0.36375
story:0.36275
great:0.36175
silly fun:0.3575
good soundtrack:0.3535
cute:0.3535
sexy:0.3535
better than expected:0.3515
brutality:0.35
family:0.34875
not funny:0.34675
good romantic comedies:0.34025
nudity (full frontal - brief):0.3385
gross-out:0.33825
life philosophy:0.3355
nudity (topless - notable):0.33425
pointless:0.33025
pornography:0.3295
stupid:0.32725
feel-good:0.32175
slapstick:0.319
notable nudity:0.31675
workplace:0.3095
relationships:0.3035
divorce:0.3005
parenthood:0.295
adaptation:0.28825
storytelling:0.28775
funniest movies:0.28775
first contact:0.2825
writers:0.2795
new jersey:0.2785
suprisingly clever:0.27775
redemption:0.27775
runaway:0.27525
life & death:0.2745
fantasy world:0.2725
vengeance:0.26675
whimsical:0.26675
wine:0.26625
fun:0.26625
bad plot:0.26625
buddy movie:0.26325
saturday night live:0.263
fight scenes:0.263
amy smart:0.261
idiotic:0.26
weird:0.25625
overrated:0.256
high school:0.25325
big budget:0.251
betrayal:0.251
lone hero:0.24675
cute!:0.245
natural disaster:0.244
teen:0.24075
unlikely friendships:0.24025
marriage:0.24
entirely dialogue:0.23925
transformation:0.2375
infidelity:0.23575
harsh:0.23275
humor:0.232
melancholic:0.2315
feel good movie:0.22975
