relationships:0.65575
original:0.6455
satirical:0.627
life philosophy:0.5955
ensemble cast:0.495
mentor:0.47725
great ending:0.453
crime gone awry:0.446
shallow:0.4435
greed:0.43575
satire:0.43125
great:0.419
catastrophe:0.392
very funny:0.38625
complex:0.38475
dialogue:0.38325
brutality:0.3795
fantasy world:0.37275
sarcasm:0.36575
independent film:0.363
affectionate:0.35975
good soundtrack:0.35425
fashion:0.34775
melancholic:0.34175
storytelling:0.33725
great acting:0.32475
entirely dialogue:0.3205
life & death:0.31375
pornography:0.313
grindhouse:0.30575
story:0.3045
death:0.302
not funny:0.3
predictable:0.2985
quirky:0.295
comedy:0.288
very interesting:0.28775
adaptation:0.287
new york:0.28625
so bad it's funny:0.282
writers:0.2815
culture clash:0.2775
criterion:0.27125
entertaining:0.27
good:0.2685
great dialogue:0.26775
new york city:0.26525
goofy:0.26475
romantic:0.25975
redemption:0.25925
ethnic conflict:0.25175
loneliness:0.2505
first contact:0.24675
thought-provoking:0.24475
exceptional acting:0.24025
dog:0.239
multiple storylines:0.2375
runaway:0.2365
vengeance:0.23575
lone hero:0.23575
romance:0.23525
transformation:0.23325
cult film:0.2325
funny:0.23175
destiny:0.2315
corruption:0.23
gangsters:0.2295
clever:0.2285
nudity (topless):0.2275
fun movie:0.22425
weird:0.221
lyrical:0.22075
robert downey jr:0.2195
nocturnal:0.21775
creativity:0.21775
enigmatic:0.217
splatter:0.21675
dysfunctional family:0.2165
unfunny:0.2155
police investigation:0.21225
twists & turns:0.21075
natural disaster:0.2075
homeless:0.2065
talky:0.20575
unusual plot structure:0.204
nudity (full frontal - brief):0.2035
light:0.20225
stereotypes:0.20025
overrated:0.19975
weapons:0.19875
indie:0.1985
visually appealing:0.198
new jersey:0.19775
oscar (best directing):0.19625
bad plot:0.196
adapted from:book:0.1945
fun:0.19425
crude humor:0.19325
excellent:0.193
suprisingly clever:0.19225
