weed:0.99425
marijuana:0.98725
coming of age:0.98175
drugs:0.97775
hip hop:0.9435
coming-of-age:0.92975
mentor:0.92475
depression:0.9135
indie:0.8625
independent film:0.84825
teen:0.8475
drama:0.8375
teenager:0.8245
good soundtrack:0.81975
friendship:0.81025
drug addiction:0.8085
addiction:0.8035
stoner movie:0.8025
midlife crisis:0.7885
loneliness:0.78675
original:0.7695
psychiatry:0.75775
adolescence:0.75775
unlikely friendships:0.7545
great soundtrack:0.74475
teens:0.732
drinking:0.70425
relationships:0.70225
social commentary:0.702
new york city:0.69875
new york:0.67075
nostalgic:0.66525
drug abuse:0.665
teen movie:0.66175
melancholic:0.65675
great acting:0.65425
life philosophy:0.6425
high school:0.63425
period piece:0.622
teenagers:0.599
new jersey:0.59875
criterion:0.5965
bittersweet:0.594
dialogue:0.56225
life & death:0.559
realistic:0.5575
gangsters:0.55425
cool:0.53525
crime gone awry:0.5135
honest:0.51225
reflective:0.51225
pornography:0.50725
bullying:0.506
harsh:0.50275
runaway:0.50275
character study:0.50025
redemption:0.49525
virginity:0.481
good:0.47575
cinematography:0.4745
oscar (best directing):0.47225
feel-good:0.46875
melancholy:0.4665
great ending:0.46225
story:0.4565
complex:0.45575
nudity (full frontal - notable):0.45575
depressing:0.455
exceptional acting:0.4545
suicide:0.45075
school:0.44825
quirky:0.4475
awesome soundtrack:0.4475
life:0.445
weird:0.441
twists & turns:0.439
solitude:0.43625
feel good movie:0.4335
childhood:0.4335
multiple storylines:0.423
storytelling:0.41575
sex:0.4155
adapted from:book:0.41425
catastrophe:0.41075
writers:0.4055
stereotypes:0.40025
gangs:0.399
very interesting:0.399
mental illness:0.398
great:0.39575
bleak:0.39475
brutality:0.39425
visually appealing:0.389
existentialism:0.38825
oscar (best supporting actress):0.3865
golden palm:0.386
touching:0.3855
cult classic:0.38
nudity (full frontal - brief):0.375
adaptation:0.37475
