teen movie:0.9985
teen:0.9975
girlie movie:0.98725
high school:0.98425
teenager:0.98375
teenagers:0.978
teens:0.974
geeks:0.96
shakespeare:0.94
chick flick:0.92875
romantic:0.918
romantic comedy:0.902
good soundtrack:0.89275
coming of age:0.86875
adolescence:0.85575
awesome soundtrack:0.853
romance:0.83225
comedy:0.828
cute:0.82575
fun:0.82175
pg-13:0.81775
fun movie:0.80825
bdsm:0.798
school:0.7625
sweet:0.761
love story:0.7595
stereotypes:0.7545
happy ending:0.726
original:0.69275
adaptation:0.69225
feel-good:0.68475
virginity:0.68175
cute!:0.679
great:0.67275
good:0.66875
better than expected:0.65925
cheerleading:0.653
geek:0.6365
funny:0.61175
feel good movie:0.6085
coming-of-age:0.607
runaway:0.5975
based on a play:0.58425
cool:0.574
great ending:0.5525
mentor:0.53925
predictable:0.53375
dialogue:0.53125
single father:0.5245
sisters:0.51375
destiny:0.5125
great acting:0.49775
nerds:0.49725
women:0.49275
guilty pleasure:0.4895
shallow:0.488
teacher:0.4875
entertaining:0.4685
love:0.45575
bullying:0.45525
great soundtrack:0.4545
clever:0.43575
catastrophe:0.42525
light:0.4235
friendship:0.419
goth:0.41125
80s:0.40825
good music:0.407
great movie:0.397
silly fun:0.394
very funny:0.39025
sexy:0.3865
nostalgic:0.38075
witty:0.37625
childhood:0.375
story:0.37275
literary adaptation:0.37175
pornography:0.36925
pregnancy:0.3615
unlikely friendships:0.359
not funny:0.35875
good acting:0.357
quotable:0.35675
fashion:0.356
culture clash:0.33475
storytelling:0.33425
crude humor:0.32775
amy smart:0.32075
transformation:0.32025
switching places:0.30775
honest:0.3075
cheesy:0.30375
unrealistic:0.30375
very good:0.29975
entirely dialogue:0.29725
fantasy world:0.29675
good romantic comedies:0.29325
betrayal:0.2915
kids:0.2885
hip hop:0.287
