creepy:0.9105
allegory:0.88925
science fiction:0.88825
eerie:0.83475
sci fi:0.827
horror:0.821
paranoia:0.8145
original:0.80775
scifi:0.79125
children:0.77075
suspense:0.76475
black and white:0.759
downbeat:0.7545
low budget:0.7425
sci-fi:0.741
great ending:0.7085
suspenseful:0.70325
tense:0.69625
cult classic:0.69225
ominous:0.677
imdb top 250:0.664
classic:0.66375
paranoid:0.6525
mystery:0.64475
macabre:0.64325
weird:0.62175
alien:0.61575
atmospheric:0.61225
effects:0.60225
frightening:0.5905
cinematography:0.58425
strange:0.57975
claustrophobic:0.578
special effects:0.56975
small town:0.56425
grim:0.54375
criterion:0.5335
supernatural:0.533
great cinematography:0.533
great:0.518
intelligent sci-fi:0.5175
aliens:0.515
storytelling:0.51425
enigmatic:0.513
murder:0.509
runaway:0.50575
monster:0.50475
psychological:0.50325
exceptional acting:0.48725
disturbing:0.48575
police investigation:0.48025
adaptation:0.46525
remade:0.46475
childhood:0.4635
imagination:0.46125
story:0.458
scary:0.45675
cult film:0.453
photography:0.44925
dialogue:0.4475
demons:0.44575
mad scientist:0.443
dark:0.43725
transformation:0.4345
harsh:0.43425
british:0.4285
first contact:0.4265
talky:0.42625
unusual plot structure:0.41625
cerebral:0.416
twists & turns:0.41025
mindfuck:0.409
social commentary:0.4085
alien invasion:0.405
suprisingly clever:0.40375
bullying:0.393
good soundtrack:0.3905
adapted from:book:0.38125
mentor:0.3785
england:0.37375
dialogue driven:0.37325
so bad it's funny:0.3715
not funny:0.36925
android(s)/cyborg(s):0.3635
greed:0.36175
interesting:0.361
violence:0.355
good acting:0.35275
redemption:0.3475
visually appealing:0.3465
weapons:0.345
based on a book:0.3425
sexualized violence:0.34225
camp:0.34075
brainwashing:0.337
silent:0.3325
melancholic:0.33225
manipulation:0.3315
oscar (best directing):0.33025
narrated:0.3295
