based on a comic:0.991
dc comics:0.95925
super hero:0.95875
horror:0.9485
comic book:0.9425
superhero:0.924
adapted from:comic:0.921
sci-fi:0.881
cult film:0.87875
superheroes:0.8765
mad scientist:0.8705
monster:0.86125
campy:0.85125
super-hero:0.8345
mutants:0.83175
fun movie:0.812
comics:0.81125
goofy:0.8015
monsters:0.80125
original:0.75
cult classic:0.74825
based on comic:0.7135
splatter:0.6965
cheesy:0.692
silly:0.68825
special effects:0.68175
great ending:0.674
weapons:0.67225
adaptation:0.67075
80s:0.6545
alter ego:0.65125
fun:0.63575
effects:0.61
transformation:0.60225
grindhouse:0.59775
low budget:0.597
dark hero:0.5805
scary:0.56875
nudity (topless):0.5645
silly fun:0.551
predictable:0.54525
camp:0.537
mythology:0.5365
action:0.5345
demons:0.53275
werewolf:0.51875
sci fi:0.514
1980s:0.5105
mentor:0.5045
pulp:0.494
bad acting:0.4895
cult:0.48125
cool:0.47375
end of the world:0.47175
bloody:0.45925
science fiction:0.459
dialogue:0.45775
graphic novel:0.457
brutality:0.427
adventure:0.42625
sexy:0.419
big budget:0.417
comic:0.411
doctors:0.4075
goretastic:0.40225
so bad it's funny:0.4015
good:0.39925
fight scenes:0.39775
scifi:0.38725
good soundtrack:0.38625
weird:0.38575
catastrophe:0.38575
violent:0.38375
melancholic:0.3825
not funny:0.3825
bittersweet:0.3745
good action:0.3725
zombie:0.36675
bad plot:0.36475
first contact:0.36325
storytelling:0.3585
adapted from:book:0.3575
humorous:0.35575
writers:0.35475
chase:0.35325
creepy:0.353
violence:0.35075
story:0.33875
gory:0.33725
franchise:0.334
devil:0.32825
blood:0.32775
fantasy world:0.3265
pg:0.326
quirky:0.32575
overrated:0.3205
nocturnal:0.319
runaway:0.31775
entirely dialogue:0.3155
suspense:0.3155
