dystopic future:0.99825
sci-fi:0.992
action:0.9655
futuristic:0.96025
lone hero:0.95275
good action:0.9415
scifi:0.928
sci fi:0.91975
dystopia:0.9015
future:0.889
science fiction:0.8855
big budget:0.809
action packed:0.787
fight scenes:0.78425
special effects:0.7515
weapons:0.74775
post apocalyptic:0.74225
man versus machine:0.71
military:0.70725
genetics:0.68725
original:0.68
post-apocalyptic:0.662
first contact:0.651
predictable:0.618
dialogue:0.615
catastrophe:0.5955
apocalypse:0.595
mentor:0.58675
explosions:0.577
snakes:0.57425
cyborgs:0.569
bad plot:0.56575
life philosophy:0.542
technology:0.52975
violence:0.51075
humanity:0.51
so bad it's funny:0.5065
cloning:0.49
brutality:0.47475
natural disaster:0.468
better than expected:0.4565
plot holes:0.45
story:0.44375
clones:0.43975
visually stunning:0.43625
cool:0.436
transformation:0.43375
fighting:0.43025
robot:0.41725
good:0.4165
video game:0.4155
vengeance:0.414
not funny:0.4135
brainwashing:0.40675
destiny:0.40625
great ending:0.4
survival:0.3985
violent:0.39375
bad cgi:0.38975
bad science:0.38575
redemption:0.382
bad acting:0.37875
space:0.37325
great:0.3715
allegory:0.3665
robots:0.3625
chase:0.35975
adventure:0.35075
entirely dialogue:0.3495
androids:0.344
computer animation:0.3435
underrated:0.33575
gratuitous violence:0.3355
family drama:0.3335
mars:0.329
visual:0.326
arms dealer:0.32275
feel-good:0.31875
philip k. dick:0.30925
aliens:0.30525
adaptation:0.30475
pg-13:0.3025
runaway:0.30025
revenge:0.3
good versus evil:0.29725
pulp:0.29525
android(s)/cyborg(s):0.291
plot:0.29075
very interesting:0.289
happy ending:0.2885
fast paced:0.28575
entertaining:0.28525
visually appealing:0.2835
based on a video game:0.2825
overrated:0.28025
alien:0.278
unfunny:0.27275
cheesy:0.27175
storytelling:0.271
distopia:0.26625
