iran:0.97525
women:0.84225
criterion:0.75075
intimate:0.70525
islam:0.6975
childhood:0.6885
allegory:0.6845
foreign:0.66275
original:0.657
transgender:0.5635
melancholic:0.5485
oscar (best foreign language film):0.54375
very interesting:0.531
middle east:0.52825
enigmatic:0.5255
cross dressing:0.5245
golden palm:0.52325
bittersweet:0.44575
grindhouse:0.444
glbt:0.44025
runaway:0.434
spanish:0.41575
queer:0.40975
environment:0.4095
suprisingly clever:0.40425
sexual abuse:0.40175
catastrophe:0.3965
surreal:0.3765
surrealism:0.373
brutality:0.36725
japan:0.362
poignant:0.3545
mentor:0.354
adoption:0.34825
entirely dialogue:0.3415
dialogue:0.3385
spelling bee:0.3355
artist:0.33
so bad it's funny:0.3235
animal movie:0.3135
cinematography:0.2975
erotic:0.29475
overrated:0.29475
sweet:0.2935
meditative:0.29175
good soundtrack:0.2855
reflective:0.2855
stylized:0.28525
documentary:0.28475
dreams:0.28025
adolescence:0.27875
indie:0.27675
not funny:0.2715
photographer:0.268
storytelling:0.2655
obsession:0.2655
harsh:0.26525
relationships:0.2645
macabre:0.2645
talky:0.2635
sexy:0.259
transformation:0.258
pornography:0.25525
gay character:0.2505
fantasy world:0.2495
great:0.24775
whimsical:0.24575
thought-provoking:0.23575
teacher:0.23525
better than the american version:0.223
pointless:0.22225
great ending:0.22225
identity:0.22175
interracial romance:0.217
too long:0.21525
magic realism:0.21425
culture clash:0.2125
dreamlike:0.212
friendship:0.2085
guilt:0.2085
first contact:0.20425
poverty:0.20275
nocturnal:0.2
unlikely friendships:0.19975
passionate:0.19975
classic car:0.1985
ethnic conflict:0.19575
absurd:0.1905
loneliness:0.18825
destiny:0.1835
paris:0.18325
adaptation:0.18325
cerebral:0.183
orphans:0.182
author:neil gaiman:0.179
quirky:0.17775
lone hero:0.1775
segregation:0.1765
life:0.17625
male nudity:0.17625
