action:0.98975
action packed:0.98075
good action:0.97575
chase:0.883
explosions:0.883
big budget:0.8605
gunfight:0.8265
weapons:0.8265
military:0.747
vengeance:0.72275
fast paced:0.69025
fight scenes:0.66575
original:0.6505
lone hero:0.644
cool:0.64325
thriller:0.64275
special effects:0.6245
dialogue:0.61825
predictable:0.60775
adventure:0.59625
good:0.57825
destiny:0.5515
car chase:0.53975
silly fun:0.53625
catastrophe:0.5355
betrayal:0.5315
suspense:0.52775
runaway:0.52175
mentor:0.51575
guns:0.5115
arms dealer:0.4885
entertaining:0.478
fun movie:0.46725
exciting:0.4595
revenge:0.4505
violence:0.44825
great:0.4365
beautiful scenery:0.419
not funny:0.416
pulp:0.40325
great ending:0.402
story:0.3945
conspiracy:0.39
desert:0.38425
first contact:0.3815
death:0.37625
life philosophy:0.374
very good:0.37325
natural disaster:0.37
nuclear bomb:0.36475
apocalypse:0.3545
nudity (topless - notable):0.34625
corruption:0.345
hong kong:0.34275
plot holes:0.342
plot:0.34125
pg-13:0.341
better than expected:0.33975
unfunny:0.339
intense:0.3345
hitman:0.33275
good soundtrack:0.32875
factual:0.32725
storytelling:0.327
brutality:0.3175
silly:0.31725
culture clash:0.31725
stupid:0.315
bombs:0.31425
entirely dialogue:0.3115
fun:0.31075
no plot:0.3105
bad plot:0.309
forceful:0.30875
tense:0.30525
realistic action:0.30525
stylized:0.3045
shallow:0.301
script:0.29475
criterion:0.29325
so bad it's funny:0.28925
suprisingly clever:0.2885
jungle:0.2855
greed:0.28425
nudity (full frontal - brief):0.284
buddy movie:0.2835
pornography:0.2815
cheesy:0.272
enigmatic:0.26875
campy:0.26725
underrated:0.2655
adaptation:0.25975
courage:0.2595
transformation:0.25925
redemption:0.257
family:0.25625
crude humor:0.255
irish accent:0.252
great acting:0.2515
guilty pleasure:0.2505
