touching:0.9835
irish:0.98175
immigrants:0.943
emotional:0.9385
heartbreaking:0.9285
ireland:0.9225
dramatic:0.9155
storytelling:0.91375
tragedy:0.9
heartwarming:0.89175
tear jerker:0.87175
sentimental:0.86125
bittersweet:0.857
life & death:0.85025
death:0.85025
irish accent:0.845
original:0.8415
intimate:0.83775
story:0.8275
family:0.826
poignant:0.81175
family drama:0.80075
childhood:0.7965
hospital:0.792
realistic:0.77
nudity (topless - brief):0.76925
beautifully filmed:0.76875
children:0.76475
good soundtrack:0.75625
depression:0.75425
great acting:0.75
pg-13:0.74625
parenthood:0.7415
drama:0.73525
oscar (best actress):0.734
feel-good:0.72925
affectionate:0.728
narrated:0.727
good acting:0.72425
good:0.71125
relationships:0.70975
oscar (best directing):0.7045
great ending:0.70075
life:0.6985
interesting:0.6975
intense:0.6955
runaway:0.69275
complex:0.692
excellent script:0.685
independent film:0.6845
oscar:0.678
culture clash:0.67325
movielens top pick:0.67325
sweet:0.6665
guilt:0.6655
social commentary:0.66175
oscar (best foreign language film):0.651
destiny:0.649
magic realism:0.648
feel good movie:0.64575
imdb top 250:0.64425
secrets:0.63625
oscar winner:0.63625
sad:0.6325
survival:0.6305
sisters:0.62825
mentor:0.62575
artistic:0.62
melancholy:0.60975
visually stunning:0.6085
exceptional acting:0.60375
unlikely friendships:0.60025
talky:0.59875
great movie:0.59875
vengeance:0.5955
manipulation:0.59375
redemption:0.59225
earnest:0.591
visually appealing:0.58975
beautiful scenery:0.58475
friendship:0.579
oscar (best supporting actress):0.57175
melancholic:0.5675
honest:0.5625
cinematography:0.56125
great:0.55775
coming of age:0.555
very good:0.5475
bleak:0.54425
happy ending:0.5415
new york:0.54075
depressing:0.54075
excellent:0.54075
harsh:0.538
light:0.537
loneliness:0.53675
adapted from:book:0.536
dialogue:0.53025
dysfunctional family:0.527
stereotypes:0.526
