latin america:0.9755
oscar (best actor):0.953
political:0.92425
prison escape:0.893
prison:0.8905
oscar (best directing):0.8765
character study:0.87425
oscar (best actress):0.87425
unlikely friendships:0.871
allegory:0.8385
compassionate:0.837
friendship:0.809
homosexuality:0.80825
cross dressing:0.80725
great acting:0.807
politics:0.80425
drama:0.79775
complex:0.75725
imdb top 250:0.7555
original:0.751
gay:0.74425
intimate:0.73175
oscar:0.72325
idealism:0.72025
relationships:0.71025
good acting:0.70725
betrayal:0.69575
very interesting:0.69425
redemption:0.69325
brazil:0.69
poignant:0.68275
oscar (best supporting actress):0.67075
dialogue:0.65925
talky:0.644
manipulation:0.6435
oscar (best cinematography):0.64225
rebellion:0.63125
dramatic:0.62175
criterion:0.62175
dreams:0.611
unusual plot structure:0.60425
oscar (best picture):0.60375
obsession:0.60025
spiders:0.597
wartime:0.5955
culture clash:0.5955
depression:0.59275
fantasy:0.5895
good:0.5845
fighting the system:0.58425
storytelling:0.581
love story:0.5735
great ending:0.55775
oscar (best supporting actor):0.55575
story:0.5455
foreign:0.54525
world politics:0.54225
interesting:0.542
race issues:0.53575
weird:0.523
guilt:0.522
1930s:0.512
beautiful scenery:0.51
oscar (best writing - screenplay written directly for the screen):0.50925
romance:0.50875
narrated:0.50575
based on a play:0.5025
clever:0.497
corruption:0.496
greed:0.49475
oscar winner:0.49475
loneliness:0.494
runaway:0.49275
bleak:0.48875
powerful ending:0.48825
good soundtrack:0.48125
melancholy:0.47825
art:0.47775
earnest:0.47425
cinematography:0.47325
brutality:0.4725
passionate:0.47
golden palm:0.467
enigmatic:0.46475
mentor:0.46475
emotional:0.46225
exceptional acting:0.4615
prejudice:0.453
social commentary:0.4495
melancholic:0.449
twists & turns:0.44725
reflective:0.4465
great:0.4455
suprisingly clever:0.44225
very good:0.442
harsh:0.44125
quirky:0.43925
amazing photography:0.43725
breathtaking:0.43675
nostalgic:0.4355
