parody:0.98775
martial arts:0.984
spoof:0.98375
kung fu:0.9745
comedy:0.923
stupid as hell:0.8895
stupidity:0.87825
goofy:0.87425
dumb but funny:0.871
funny as hell:0.8495
stupid:0.8365
silly:0.833
so bad it's funny:0.831
silly fun:0.82975
funniest movies:0.80925
hilarious:0.80425
humorous:0.804
ridiculous:0.803
humor:0.801
original:0.79775
funny:0.7785
absurd:0.70625
very funny:0.6915
fight scenes:0.6405
idiotic:0.6235
slapstick:0.604
dialogue:0.5685
dumb:0.55825
weird:0.54125
cult classic:0.5255
satire:0.5165
mentor:0.5105
great ending:0.48975
quotable:0.47425
lame:0.47025
crude humor:0.45925
unfunny:0.44225
fun:0.4125
hillarious:0.41075
computer animation:0.41025
cult film:0.40775
entirely dialogue:0.40275
screwball:0.3895
creativity:0.38875
catastrophe:0.3885
stoner movie:0.38825
pointless:0.37875
ninja:0.3745
predictable:0.37375
storytelling:0.3655
saturday night live:0.3615
clever:0.35825
wuxia:0.35225
fun movie:0.3475
first contact:0.33075
suprisingly clever:0.33075
good soundtrack:0.3265
sarcasm:0.32375
brutality:0.32275
special effects:0.32
horrible:0.3145
crazy:0.31175
redemption:0.30825
awful:0.3035
irreverent:0.30325
good:0.302
satirical:0.30025
stylized:0.299
fantasy world:0.29725
hong kong:0.2945
vengeance:0.29375
farce:0.28975
adaptation:0.28425
overrated:0.28275
visually stunning:0.28125
off-beat comedy:0.281
bad:0.279
sci fi:0.2785
great:0.2765
bad plot:0.273
male nudity:0.27275
unusual plot structure:0.2715
culture clash:0.27025
story:0.2695
justice:0.26925
fighting:0.268
pg-13:0.2665
revenge:0.26575
destiny:0.26425
pornography:0.26275
visually appealing:0.262
melancholic:0.26075
narrated:0.258
product placement:0.25525
imdb top 250:0.24975
sexualized violence:0.2495
life philosophy:0.24875
watch the credits:0.24825
weapons:0.243
action:0.24225
