parenthood:0.9515
single father:0.94475
divorce:0.93975
original:0.704
feel-good:0.68475
children:0.677
family:0.671
kids:0.6605
great:0.596
destiny:0.5665
predictable:0.554
relationships:0.5525
sappy:0.5495
comedy:0.54325
feel good movie:0.52925
mentor:0.51975
silly:0.497
great ending:0.47525
redemption:0.4625
ensemble cast:0.4525
marriage:0.4525
love:0.4405
catastrophe:0.43475
touching:0.4345
romance:0.43425
good:0.42675
shallow:0.42025
fun movie:0.416
kids and family:0.41575
brutality:0.404
romantic comedy:0.40125
vengeance:0.39325
great movie:0.393
dialogue:0.38825
justice:0.3875
pg-13:0.38525
dysfunctional family:0.38125
story:0.37975
bittersweet:0.3785
happy ending:0.376
family drama:0.3695
heartwarming:0.3675
childhood:0.35725
very funny:0.356
fantasy world:0.3535
fun:0.352
storytelling:0.35075
entertaining:0.3505
end of the world:0.3475
drama:0.34725
culture clash:0.338
oscar winner:0.337
underdog:0.334
life philosophy:0.3285
bad plot:0.32625
women:0.325
sports:0.32175
vampire:0.32075
romantic:0.3165
good soundtrack:0.30925
funny:0.3065
cute:0.30475
multiple storylines:0.29925
natural disaster:0.299
teen movie:0.29325
melancholic:0.29275
first contact:0.2915
runaway:0.289
not funny:0.2885
dramatic:0.28775
cute!:0.2855
chase:0.285
humorous:0.2835
product placement:0.2825
fight scenes:0.28125
plot:0.281
adaptation:0.2805
pornography:0.2785
lone hero:0.2765
sweet:0.27425
allegory:0.2715
revenge:0.271
transformation:0.26825
radio:0.2665
life:0.2655
great acting:0.265
overrated:0.26375
adoption:0.2635
visually appealing:0.2635
stereotypes:0.2625
weird:0.26125
poignant:0.2575
emotional:0.25725
death:0.25675
unfunny:0.2565
excellent script:0.25425
nudity (full frontal - brief):0.25125
good music:0.251
psychology:0.24875
girlie movie:0.2485
