series:0.9055
original:0.82275
franchise:0.80725
predictable:0.74025
silly:0.68475
slapstick:0.66225
mentor:0.58325
comedy:0.57975
redemption:0.54025
bad plot:0.53825
chase:0.5125
very funny:0.50925
fight scenes:0.5025
death:0.502
great ending:0.495
crappy sequel:0.486
overrated:0.4375
nudity (topless):0.43625
clones:0.42675
disaster:0.42625
pg-13:0.413
catastrophe:0.4045
action:0.40425
life philosophy:0.40175
dialogue:0.39325
dysfunctional family:0.391
fantasy world:0.38625
storytelling:0.386
life & death:0.3815
unfunny:0.381
brutality:0.37775
family:0.37725
silly fun:0.37725
violence:0.37475
culture clash:0.37125
first contact:0.36425
remake:0.3625
adaptation:0.3555
alternate reality:0.35375
pulp:0.34875
cult film:0.34425
destiny:0.33875
bad cgi:0.338
good:0.33275
so bad it's funny:0.33175
parody:0.329
nostalgic:0.3285
idiotic:0.3285
unusual plot structure:0.325
feel-good:0.32375
family drama:0.32175
goofy:0.3215
humorous:0.32
comic:0.3185
lone hero:0.31825
multiple storylines:0.31775
quirky:0.316
visual:0.3145
shallow:0.313
funny:0.311
intense:0.31025
plot:0.3055
based on a tv show:0.30075
not funny:0.29875
pointless:0.2965
happy ending:0.296
surreal:0.296
good soundtrack:0.2955
teen movie:0.294
sci fi:0.2905
entirely dialogue:0.28875
crude humor:0.283
feel good movie:0.283
fantasy:0.2785
nudity (full frontal - brief):0.27375
great:0.27325
based on a book:0.2705
runaway:0.266
immortality:0.26425
superheroes:0.264
melancholic:0.263
justice:0.2625
story:0.2615
queer:0.26
vengeance:0.25975
action packed:0.25675
girlie movie:0.25575
teen:0.25575
sexualized violence:0.25525
clever:0.25475
special effects:0.24975
absurd:0.24825
dreamlike:0.24775
pornography:0.2475
twists & turns:0.24375
romantic:0.2435
big budget:0.2435
secrets:0.243
natural disaster:0.24225
twist ending:0.242
