gay:0.9905
gay character:0.9845
queer:0.96075
german:0.95525
germany:0.92675
homosexuality:0.87975
workplace:0.79425
culture clash:0.788
stereotypes:0.7815
funny:0.7575
original:0.727
sexy:0.6915
relationships:0.66275
prejudice:0.63925
very funny:0.63675
comedy:0.63175
witty:0.58825
unlikely friendships:0.58775
dialogue:0.57075
sexual:0.569
friendship:0.56875
wwii:0.5575
pornography:0.55675
humorous:0.55175
foreign:0.52475
life philosophy:0.51475
unusual plot structure:0.4925
suprisingly clever:0.48425
criterion:0.46
glbt:0.45875
oscar (best foreign language film):0.4575
entirely dialogue:0.4455
honest:0.42575
male nudity:0.42525
catastrophe:0.42375
good soundtrack:0.41975
brutality:0.419
great ending:0.41275
melancholic:0.41225
unfunny:0.40125
cheating:0.4
mentor:0.38725
farce:0.38425
finnish:0.3805
light:0.3775
graphic novel:0.376
great:0.37525
shallow:0.37375
reflective:0.37325
sex:0.367
nudity (full frontal - brief):0.3665
storytelling:0.36575
political:0.358
harsh:0.35225
politics:0.35075
hilarious:0.34975
beautiful scenery:0.3465
social commentary:0.3405
classic car:0.33675
women:0.33125
stylized:0.33075
wartime:0.31875
england:0.311
visually appealing:0.30775
irreverent:0.30275
good:0.30075
tokyo:0.29475
berlin:0.294
sexuality:0.29225
talky:0.29175
clever:0.29175
betrayal:0.2855
bdsm:0.28325
alternate endings:0.28225
movielens top pick:0.2805
road movie:0.2775
ethnic conflict:0.2755
runaway:0.2735
world war ii:0.27325
no dialogue:0.27225
crude humor:0.2695
fun movie:0.26575
not funny:0.26525
fun:0.264
drinking:0.262
intimate:0.262
drama:0.2615
destiny:0.25975
grindhouse:0.259
beautifully filmed:0.2585
sexualized violence:0.25775
vengeance:0.2575
factual:0.252
fantasy world:0.25125
homophobia:0.2505
enigmatic:0.2495
entertaining:0.246
loneliness:0.24175
nudity (full frontal - notable):0.2415
irish accent:0.23925
