bittersweet:0.92425
golden palm:0.915
loneliness:0.911
visually appealing:0.8725
road movie:0.84125
melancholic:0.83825
romantic:0.78775
relationships:0.77675
cinematography:0.7545
original:0.74025
emotional:0.7235
life philosophy:0.69825
intimate:0.697
love story:0.69
destiny:0.66925
storytelling:0.63975
heartbreaking:0.63975
enigmatic:0.5895
affectionate:0.5775
love:0.57375
grindhouse:0.56325
beautiful:0.55325
art house:0.54325
existentialism:0.54275
road trip:0.53125
very interesting:0.5265
dialogue:0.50925
nocturnal:0.501
touching:0.491
pointless:0.48675
weird:0.48575
artistic:0.4745
romance:0.474
good soundtrack:0.471
indie:0.46525
melancholy:0.45975
entirely dialogue:0.456
character study:0.454
catastrophe:0.43775
alternate reality:0.43575
independent film:0.43525
dreams:0.4335
quirky:0.43
pretentious:0.413
mentor:0.4095
las vegas:0.40725
complex:0.40325
reflective:0.40275
slow paced:0.393
visually stunning:0.389
drinking:0.38825
dreamlike:0.384
not funny:0.382
surveillance:0.3815
passionate:0.38075
great ending:0.3775
runaway:0.35175
stylized:0.3395
self discovery:0.337
feel-good:0.33675
great acting:0.33625
bad ending:0.33325
writers:0.32
colourful:0.31675
poignant:0.312
nudity (topless - notable):0.31075
redemption:0.306
drama:0.304
life & death:0.30375
light:0.30075
cheating:0.2935
guilt:0.292
sentimental:0.2915
talky:0.2915
interesting:0.28975
non-linear:0.289
whimsical:0.2885
beautiful scenery:0.2875
depression:0.28625
death:0.282
artsy:0.28125
story:0.28075
predictable:0.2795
cerebral:0.27925
fantasy world:0.27925
beautifully filmed:0.2785
art:0.27725
boring!:0.276
foreign:0.27325
social commentary:0.27225
male nudity:0.26975
wistful:0.26825
slow:0.26775
feel good movie:0.26725
visual:0.263
multiple storylines:0.26275
pornography:0.2615
special:0.2605
travel:0.26
nudity (full frontal - notable):0.25975
