adapted from:game:0.986
visually appealing:0.984
post-apocalyptic:0.98325
post apocalyptic:0.9805
visually stunning:0.9655
visual:0.9495
robots:0.94825
alternate reality:0.9245
storytelling:0.9165
visuals:0.91025
dystopia:0.895
alone in the world:0.871
technology:0.8675
dark:0.863
original:0.84425
apocalypse:0.84175
cyberpunk:0.83
imagination:0.82125
animation:0.8165
allegory:0.81625
story:0.81325
complex:0.80625
computer animation:0.79575
fantasy world:0.7845
robot:0.78425
humanity:0.7665
good versus evil:0.765
survival:0.7615
sci-fi:0.7425
surreal:0.72975
giant robots:0.728
future:0.715
existentialism:0.69225
futuristic:0.6815
creativity:0.6775
pg-13:0.676
bleak:0.67325
weird:0.671
plot:0.65225
sci fi:0.6495
great ending:0.64325
science fiction:0.64
destiny:0.63675
parallel universe:0.629
whimsical:0.6195
dark fantasy:0.61675
dialogue:0.6165
scifi:0.60475
end of the world:0.6
alternate universe:0.59975
plot holes:0.5965
stunning:0.57775
thought-provoking:0.576
social commentary:0.561
stop motion:0.55875
cerebral:0.55575
dystopic future:0.55525
loneliness:0.55475
intense:0.54375
too short:0.5435
mentor:0.5405
utopia:0.5385
catastrophe:0.538
bad ending:0.537
unique:0.5345
twists & turns:0.53125
animated:0.526
interesting:0.52575
oscar (best cinematography):0.52325
clever:0.522
alternate history:0.52025
mythology:0.518
redemption:0.5105
steampunk:0.50975
good soundtrack:0.50575
life philosophy:0.50575
weapons:0.50075
life & death:0.49625
stylized:0.496
action:0.49175
colourful:0.48825
transformation:0.488
fairy tale:0.476
philosophy:0.46875
original plot:0.4685
adventure:0.46525
androids:0.46375
cgi:0.4595
suspenseful:0.45875
artificial intelligence:0.45875
beautiful:0.45625
melancholic:0.456
light:0.4545
artistic:0.45025
predictable:0.4495
atmospheric:0.44825
mad scientist:0.44725
sacrifice:0.44375
not funny:0.4405
fight scenes:0.4395
