gangster:0.9945
gangsters:0.9935
organized crime:0.98825
crime:0.98825
mafia:0.98625
stylish:0.98225
mob:0.96425
violent:0.94625
drugs:0.94075
violence:0.93475
stylized:0.88375
brutality:0.87075
hip hop:0.85175
race issues:0.8175
good soundtrack:0.81725
gritty:0.809
gangs:0.80025
original:0.79125
gratuitous violence:0.7895
corruption:0.786
bloody:0.781
crime gone awry:0.77025
redemption:0.7425
brutal:0.734
anti-hero:0.72425
dialogue:0.718
vigilante:0.7045
marijuana:0.70075
excellent script:0.70025
gunfight:0.699
harsh:0.69625
greed:0.6885
new york city:0.68375
cult classic:0.68225
great ending:0.6745
neo-noir:0.67225
intense:0.66425
new york:0.65575
underrated:0.65525
cool:0.62625
mentor:0.626
prison:0.60925
splatter:0.603
addiction:0.60125
highly quotable:0.591
hitman:0.5865
pornography:0.57225
dark:0.56925
drama:0.56425
visceral:0.56325
dark hero:0.559
revenge:0.55875
good:0.55425
hit men:0.55075
interesting:0.54625
grim:0.54075
grindhouse:0.5385
guns:0.53475
tom clancy:0.53175
drug abuse:0.5265
runaway:0.52375
tense:0.52275
very interesting:0.52
action:0.515
ensemble cast:0.51425
great:0.51425
character study:0.5115
murder:0.511
great movie:0.51075
bleak:0.5095
social commentary:0.4965
talky:0.495
chase:0.49175
vengeance:0.48675
sexualized violence:0.47975
fast paced:0.47
drug addiction:0.4655
nocturnal:0.46425
enigmatic:0.4635
betrayal:0.4625
storytelling:0.46
entirely dialogue:0.45625
moody:0.4535
heist:0.45325
stereotypes:0.45
very good:0.44875
hospital:0.438
complex:0.4345
twists & turns:0.4325
undercover cop:0.42525
moral ambiguity:0.42525
masterpiece:0.42325
atmospheric:0.421
weird:0.4195
lone hero:0.4095
police corruption:0.4085
good action:0.40325
vigilantism:0.4015
melancholic:0.39925
catastrophe:0.399
