afi 100 (movie quotes):1.0
zombies:0.9865
splatter:0.9815
horror:0.977
apocalypse:0.97325
social commentary:0.97225
zombie:0.958
violence:0.9325
gory:0.9295
cult classic:0.9245
gruesome:0.9145
gore:0.90625
visceral:0.90525
satirical:0.87325
tense:0.86875
creepy:0.867
dark humor:0.8545
grindhouse:0.84725
original:0.84225
violent:0.81975
classic:0.8095
survival:0.80825
suspense:0.79925
downbeat:0.79725
claustrophobic:0.7815
weird:0.77775
cynical:0.74725
imdb top 250:0.7405
masterpiece:0.7355
brutality:0.735
cult film:0.72875
low budget:0.727
atmospheric:0.71975
satire:0.71475
macabre:0.7125
blood:0.71225
bloody:0.70825
ominous:0.70675
great ending:0.702
good soundtrack:0.69625
end of the world:0.68625
gunfight:0.6765
scary:0.6705
great movie:0.6685
bleak:0.6655
grim:0.65775
great acting:0.6545
talky:0.63425
allegory:0.63325
weapons:0.6205
quotable:0.6195
drinking:0.6165
harsh:0.61175
effects:0.61075
goofy:0.60325
great:0.60175
life & death:0.60025
highly quotable:0.594
dark:0.58675
criterion:0.58375
dialogue:0.583
intense:0.57375
monster:0.57125
biting:0.551
fun movie:0.54925
disturbing:0.5475
cult:0.545
transformation:0.5445
suspenseful:0.54425
motorcycle:0.538
moral ambiguity:0.52475
narrated:0.522
paranoid:0.521
loneliness:0.512
catastrophe:0.49975
cool:0.49975
good acting:0.49675
frightening:0.49675
humorous:0.4955
good:0.4915
race issues:0.49
greed:0.48725
dark hero:0.485
action:0.48425
eerie:0.4805
character study:0.47475
virus:0.47175
special effects:0.46125
independent film:0.4585
nocturnal:0.45825
powerful ending:0.458
1970s:0.45625
goretastic:0.4485
brutal:0.44775
black comedy:0.44625
wilderness:0.44575
forceful:0.44425
gangs:0.4415
affectionate:0.44
demons:0.438
