horror:0.97075
remake:0.951
sisters:0.9415
twist ending:0.9395
ghosts:0.932
supernatural:0.883
psychological:0.87475
original:0.82875
creepy:0.82825
surprise ending:0.7975
plot twist:0.71875
scary:0.6905
twist:0.68025
single father:0.6695
great ending:0.66675
death:0.65425
guilt:0.605
splatter:0.597
twists & turns:0.586
weird:0.5735
suspense:0.57225
bad ending:0.56275
pg-13:0.54625
thriller:0.5315
psychology:0.52025
paranoia:0.505
predictable:0.4955
teens:0.47075
eerie:0.46625
psychiatry:0.462
better than the american version:0.4515
gory:0.4455
police investigation:0.4335
so bad it's funny:0.42325
good:0.4165
blood:0.4085
brutality:0.4085
mentor:0.4085
alternate endings:0.4055
better than expected:0.4025
catastrophe:0.402
mental hospital:0.39625
not funny:0.38925
insanity:0.38275
clever:0.38
revenge:0.37875
suspenseful:0.37825
teen movie:0.37775
mystery:0.376
serial killer:0.37475
atmospheric:0.3745
disturbing:0.3655
schizophrenia:0.364
sexy:0.361
plot holes:0.355
demons:0.35375
betrayal:0.35325
slasher:0.34975
story:0.34425
macabre:0.34275
good acting:0.341
bad acting:0.33925
good soundtrack:0.3385
runaway:0.329
identity:0.319
great:0.31
vengeance:0.30575
grindhouse:0.30375
unfunny:0.30375
first contact:0.30325
cerebral:0.303
storytelling:0.3025
hospital:0.2935
life philosophy:0.29175
family:0.29175
murder:0.28825
transformation:0.28525
teen:0.2835
suprisingly clever:0.28325
tense:0.2805
haunted house:0.27775
dumb but funny:0.2705
remade:0.26725
adaptation:0.2655
complicated plot:0.26
bad cgi:0.25975
nudity (full frontal - brief):0.25775
dialogue:0.25225
cinematography:0.25025
psychiatrist:0.24925
blindness:0.24725
mental illness:0.247
parallel universe:0.245
torture:0.244
dysfunctional family:0.24325
witches:0.2395
childhood:0.23825
intense:0.238
pornography:0.23775
enigmatic:0.23625
