based on a book:0.9915
dystopia:0.984
teen:0.935
adapted from:book:0.925
based on book:0.921
pg-13:0.88575
teen movie:0.85425
action:0.8485
books:0.82375
girlie movie:0.74275
sci-fi:0.73125
science fiction:0.7255
post-apocalyptic:0.7075
book was better:0.70625
visually appealing:0.68825
adaptation:0.66525
catastrophe:0.65475
predictable:0.6345
book:0.63325
futuristic:0.616
original:0.60725
plot holes:0.6015
revolution:0.59275
segregation:0.588
special effects:0.56175
dialogue:0.55125
so bad it's funny:0.547
women:0.54525
sequels:0.52575
bad acting:0.512
action packed:0.49775
maze:0.486
better than expected:0.482
sequel:0.46125
cyberpunk:0.45675
franchise:0.45325
pornography:0.447
plot:0.44625
mentor:0.4435
betrayal:0.44025
rebellion:0.43725
post apocalyptic:0.4265
vampire human love:0.42375
silly:0.41125
visually stunning:0.40875
bad ending:0.40875
sci fi:0.40775
survival:0.4065
future:0.38075
sacrifice:0.377
utopia:0.3765
bad cgi:0.367
reality tv:0.367
technology:0.36625
story:0.3635
trilogy:0.36225
destiny:0.361
life philosophy:0.35725
lone hero:0.35075
great ending:0.34925
good soundtrack:0.348
manipulation:0.34725
natural disaster:0.346
visuals:0.338
visual:0.33325
bdsm:0.33225
horrible:0.3295
fight scenes:0.32375
fashion:0.3205
scifi:0.315
series:0.31375
bad plot:0.30875
runaway:0.3085
superheroes:0.306
storytelling:0.30175
teens:0.2995
good sequel:0.29925
great:0.295
not funny:0.29425
distopia:0.29275
weird:0.289
complex characters:0.28825
chase:0.28725
creativity:0.28675
disappointing:0.27525
intense:0.27375
writers:0.27275
culture clash:0.2685
shallow:0.26575
entirely dialogue:0.26575
crude humor:0.26525
melancholic:0.26225
romance:0.261
chick flick:0.25975
virtual reality:0.25825
big budget:0.252
good action:0.252
entertaining:0.25175
brutality:0.25125
vengeance:0.2405
