alien:0.97925
astronauts:0.9785
space:0.95825
aliens:0.9455
space program:0.92975
first contact:0.921
scifi:0.89525
sci fi:0.89025
sci-fi:0.8845
surprise ending:0.8375
nasa:0.7815
paranoia:0.775
alien invasion:0.757
great ending:0.7455
science fiction:0.698
predictable:0.69525
so bad it's funny:0.68675
original:0.6805
mars:0.6485
suspense:0.623
plot:0.59425
twist ending:0.5775
catastrophe:0.574
pointless:0.5725
big budget:0.56675
bad plot:0.557
suspenseful:0.545
visually stunning:0.54225
thriller:0.52325
natural disaster:0.50125
story:0.49775
twists & turns:0.4885
dialogue:0.4855
cinematography:0.47075
psychological:0.46725
weird:0.4635
boring!:0.46075
bad science:0.45125
special effects:0.4495
bad ending:0.4365
twist:0.4365
very interesting:0.435
writers:0.43075
shallow:0.42775
mentor:0.425
enigmatic:0.41675
nudity (topless - notable):0.40525
stranded:0.40325
not funny:0.3995
bad acting:0.3915
better than expected:0.38825
psychology:0.3875
destiny:0.38475
gangsters:0.3845
police investigation:0.383
horrible:0.3825
visual:0.37975
idiotic:0.378
intense:0.372
life philosophy:0.37175
brutality:0.369
awful:0.369
disaster:0.36475
lame:0.36225
overrated:0.36225
creativity:0.36075
nudity (full frontal - brief):0.35975
greed:0.35575
good:0.353
secrets:0.34975
plot holes:0.34275
conspiracy:0.3405
boring:0.33575
death:0.33325
adaptation:0.331
waste of time:0.33025
mystery:0.32675
stylized:0.32575
conspiracy theory:0.3255
light:0.32375
storytelling:0.32325
pornography:0.323
paranoid:0.321
sexy:0.31725
scary:0.317
slow:0.31575
parallel universe:0.315
cerebral:0.314
entirely dialogue:0.314
ominous:0.313
cheating:0.30975
vengeance:0.30775
redemption:0.301
fantasy world:0.3
bad cgi:0.29925
betrayal:0.29825
fight scenes:0.29825
unfunny:0.298
dreamlike:0.29475
science:0.293
