stylish:0.971
paris:0.95775
hit men:0.9235
visual:0.88325
visually stunning:0.88125
enigmatic:0.87275
twists & turns:0.86675
foreign:0.8655
chase:0.8495
obsession:0.82825
artistic:0.828
weird:0.8155
nocturnal:0.7715
unusual plot structure:0.77
original:0.761
cinematography:0.75675
beautifully filmed:0.75475
stylized:0.74425
art:0.743
cyberpunk:0.742
complex:0.741
stunning:0.732
visually appealing:0.71825
criterion:0.71425
thriller:0.71225
opera:0.7015
sexy:0.66625
existentialism:0.657
french:0.65175
art house:0.6495
dialogue:0.6425
surreal:0.641
good soundtrack:0.62875
france:0.62325
great cinematography:0.621
prostitution:0.619
imdb top 250:0.61575
clever:0.61125
meditative:0.605
suprisingly clever:0.60475
storytelling:0.5905
talky:0.58825
melancholy:0.586
masterpiece:0.56825
secrets:0.56275
golden palm:0.5605
cool:0.55975
runaway:0.557
mentor:0.5555
police corruption:0.55325
music:0.5505
artsy:0.545
romantic:0.5435
beautiful scenery:0.5415
melancholic:0.54125
gangsters:0.53175
great ending:0.53125
romance:0.52825
artist:0.5265
interesting:0.5215
murder:0.51725
culture clash:0.5145
tricky:0.5115
police investigation:0.5
atmospheric:0.49875
car chase:0.49575
good acting:0.4915
intellectual:0.48225
entirely dialogue:0.48
political corruption:0.47525
suspense:0.4695
scenic:0.4655
drama:0.465
very interesting:0.46375
beautiful:0.4585
cerebral:0.4555
quirky:0.4555
pornography:0.4505
classical music:0.45
visuals:0.447
corruption:0.4465
great:0.442
plot:0.44125
nonlinear:0.43525
breathtaking:0.43325
distopia:0.43275
assassination:0.428
good music:0.428
light:0.4275
lyrical:0.42675
plot twist:0.42575
witty:0.422
great music:0.416
catastrophe:0.415
nudity (topless):0.41075
photography:0.41
movielens top pick:0.402
passionate:0.39975
solitude:0.399
twist:0.39525
