remake:0.97225
aliens:0.83225
alien:0.76475
original:0.74425
nudity (topless - notable):0.66875
special effects:0.65175
transformation:0.63275
horror:0.62375
effects:0.5885
creepy:0.56725
scary:0.56125
good:0.556
sci fi:0.5525
science fiction:0.53625
adaptation:0.5185
sci-fi:0.51775
clones:0.5015
story:0.4965
first contact:0.48875
cloning:0.48175
paranoia:0.47725
catastrophe:0.45875
alien invasion:0.457
weapons:0.4515
great ending:0.443
suspense:0.44175
mentor:0.4305
greed:0.42075
betrayal:0.41925
so bad it's funny:0.416
classic:0.412
storytelling:0.41075
paranoid:0.4105
dialogue:0.40575
suprisingly clever:0.397
not funny:0.393
family:0.38675
humanity:0.37825
remade:0.374
dynamic cgi action:0.37325
military:0.3645
natural disaster:0.35475
original plot:0.35475
very good:0.3535
erotic:0.35325
nudity (topless):0.3415
good acting:0.339
whimsical:0.338
gory:0.33575
scifi:0.333
pointless:0.33
suspenseful:0.3275
pornography:0.32125
melancholic:0.31925
runaway:0.3175
very interesting:0.316
unusual plot structure:0.31475
small town:0.3115
culture clash:0.3105
life philosophy:0.308
sequel:0.294
better than expected:0.29375
predictable:0.29375
psychology:0.29275
criterion:0.28825
brutality:0.28725
eerie:0.28625
big budget:0.28475
grindhouse:0.2845
good soundtrack:0.28275
allegory:0.28275
cult classic:0.27725
nudity (full frontal - notable):0.27675
teen movie:0.274
tense:0.273
talky:0.27025
weird:0.26975
drama:0.268
nudity (full frontal - brief):0.2675
redemption:0.266
bad plot:0.264
adapted from:book:0.26075
atmospheric:0.25875
teleportation:0.2585
great:0.258
rebellion:0.256
light:0.255
unfunny:0.252
police investigation:0.25075
visually appealing:0.24875
multiple storylines:0.248
dramatic:0.2465
violence:0.24575
happy ending:0.24525
1950s:0.24375
entirely dialogue:0.24175
bad cgi:0.23925
sexualized violence:0.239
corruption:0.2385
bad ending:0.23525
