indians:0.98
india:0.9685
life philosophy:0.8295
redemption:0.7565
based on book:0.74825
based on a book:0.7395
homeless:0.72925
mentor:0.72375
good:0.718
poverty:0.68625
pg-13:0.5945
original:0.55025
not funny:0.50325
catastrophe:0.5025
family:0.47975
culture clash:0.46475
light:0.45675
story:0.45575
touching:0.4495
literature:0.447
hospital:0.44275
feel-good:0.4255
prejudice:0.41125
natural disaster:0.407
greed:0.406
adaptation:0.4045
transformation:0.39475
chase:0.39425
rebellion:0.38875
books:0.38
buddy movie:0.3765
adapted from:book:0.373
lone hero:0.36225
so bad it's funny:0.362
feel good movie:0.3615
great:0.3475
good soundtrack:0.34725
life & death:0.3455
foreign:0.34525
good action:0.342
good acting:0.325
predictable:0.324
graphic design:0.32225
great ending:0.319
storytelling:0.31375
drama:0.31325
stereotypes:0.31275
race issues:0.3115
beautiful scenery:0.311
mad scientist:0.31025
shallow:0.306
unfunny:0.2995
happy ending:0.298
inspirational:0.29375
survival:0.291
vengeance:0.28825
dialogue:0.28525
unlikely friendships:0.285
honest:0.28375
god:0.28225
better than expected:0.282
runaway:0.28025
western:0.27775
big budget:0.272
environment:0.268
suprisingly clever:0.26
excellent script:0.2595
ethnic conflict:0.25875
destiny:0.258
sacrifice:0.25775
morality:0.2565
social commentary:0.2555
grindhouse:0.25075
creativity:0.25075
pornography:0.2495
brutality:0.2455
torture:0.24475
intense:0.244
bad plot:0.242
middle east:0.24025
coming-of-age:0.2395
harsh:0.23925
family bonds:0.23925
doctors:0.23525
awesome soundtrack:0.23375
children:0.2335
friendship:0.232
road movie:0.2285
heartwarming:0.2285
romance:0.22675
snakes:0.22475
native americans:0.2215
alter ego:0.221
first contact:0.21775
cancer:0.21625
animals:0.21575
action:0.214
end of the world:0.21075
earnest:0.20775
very funny:0.20725
