small town:0.9855
criterion:0.97
documentary:0.87675
weird:0.838
eccentricity:0.74875
interesting:0.74575
intimate:0.74525
cult classic:0.7435
very interesting:0.725
talky:0.7125
original:0.68975
obsession:0.68
quirky:0.63975
enigmatic:0.61425
downbeat:0.6025
social commentary:0.59775
hunting:0.581
drinking:0.57325
narrated:0.56975
reality tv:0.56775
snakes:0.56275
pornography:0.5525
meditative:0.53975
poignant:0.5395
reflective:0.536
storytelling:0.53375
good soundtrack:0.5305
suprisingly clever:0.518
death:0.50875
melancholic:0.50675
greed:0.506
stylized:0.5005
manipulation:0.4935
compassionate:0.49275
nocturnal:0.4925
life philosophy:0.48875
nudity (full frontal - notable):0.48625
great ending:0.4845
life & death:0.48325
art:0.4815
golden palm:0.47575
earnest:0.47475
cerebral:0.468
relationships:0.461
humanity:0.4585
harsh:0.45375
dark humor:0.4415
philosophy:0.4395
depressing:0.4375
sexualized violence:0.4345
movielens top pick:0.43425
brutality:0.4335
runaway:0.429
bleak:0.42775
loneliness:0.42725
surreal:0.424
visually appealing:0.42375
honest:0.41975
catastrophe:0.4195
affectionate:0.413
disturbing:0.4065
atmospheric:0.40375
indie:0.3975
corruption:0.39225
great:0.3915
grindhouse:0.38625
vengeance:0.3825
passionate:0.377
cult film:0.37475
ironic:0.37225
grim:0.37175
boring!:0.36475
hard to watch:0.363
race issues:0.3625
humorous:0.36175
adaptation:0.36125
melancholy:0.36
depression:0.3595
mentor:0.359
mental illness:0.357
character study:0.356
insanity:0.35475
mockumentary:0.354
deadpan:0.352
crime gone awry:0.3515
complex:0.34825
unusual plot structure:0.347
intellectual:0.34675
breathtaking:0.346
independent film:0.34425
culture clash:0.34225
masterpiece:0.3405
nostalgic:0.336
dialogue:0.33575
creativity:0.335
absurd:0.33475
distopia:0.331
california:0.329
stoner movie:0.32875
macabre:0.324
