enigmatic:0.969
art house:0.929
intimate:0.924
stylized:0.8665
melancholic:0.85625
visually appealing:0.83275
dreamlike:0.827
weird:0.7945
based on a book:0.789
suicide:0.787
good soundtrack:0.76375
loneliness:0.7515
meditative:0.73
spain:0.69725
surreal:0.6905
life & death:0.6895
pointless:0.67675
very interesting:0.67625
existentialism:0.66375
golden palm:0.6435
pornography:0.6385
nudity (topless - notable):0.6385
original:0.636
downbeat:0.6315
reflective:0.619
bleak:0.59925
artsy:0.597
melancholy:0.56975
goth:0.536
dialogue:0.52825
art:0.52725
catastrophe:0.51175
cinematography:0.5075
adolescence:0.50675
grindhouse:0.4985
criterion:0.4975
pretentious:0.496
obsession:0.4905
nudity (full frontal - notable):0.49
writers:0.4815
erotic:0.4765
sexual:0.46825
artistic:0.457
nocturnal:0.4555
hallucinatory:0.454
surrealism:0.4535
disturbing:0.453
entirely dialogue:0.448
harsh:0.42925
spanish:0.427
lynch:0.4245
breathtaking:0.424
road movie:0.424
talky:0.41825
hotel:0.41725
runaway:0.4155
cerebral:0.4125
storytelling:0.40125
relationships:0.39625
confusing:0.393
irreverent:0.39175
nudity (topless):0.38475
police investigation:0.37675
character study:0.37525
guilt:0.37525
bizarre:0.37375
sexualized violence:0.371
psychedelic:0.366
beautifully filmed:0.36175
culture clash:0.3595
solitude:0.35525
poetry:0.35475
visually stunning:0.3545
notable soundtrack:0.34575
moral ambiguity:0.3455
strange:0.34275
stylish:0.3425
sex:0.34225
life philosophy:0.342
adaptation:0.33875
mentor:0.33675
intellectual:0.3345
drugs:0.33125
classic car:0.32975
suprisingly clever:0.3215
not funny:0.3185
vengeance:0.3155
visual:0.31275
nudity (full frontal):0.304
male nudity:0.30325
death:0.29525
boring!:0.29225
whimsical:0.28575
sexy:0.2855
quirky:0.2835
life:0.2825
great ending:0.27725
bdsm:0.277
based on book:0.27575
ironic:0.27475
