martial arts:0.9995
fight scenes:0.98
kung fu:0.97675
action:0.95575
fighting:0.92475
good action:0.85075
action packed:0.824
original:0.81875
chase:0.81725
vengeance:0.79375
brutality:0.77675
fast paced:0.75825
violence:0.7505
grindhouse:0.732
violent:0.72375
gangsters:0.70025
amazing cinematography:0.6995
hong kong:0.6885
weapons:0.68575
gratuitous violence:0.65425
story:0.65
cool:0.64725
revenge:0.6315
mentor:0.631
visually appealing:0.6275
gangs:0.61425
storytelling:0.6105
dark hero:0.58075
australia:0.57225
brutal:0.57075
visceral:0.56625
stylized:0.56425
stunning:0.559
dialogue:0.5485
highly quotable:0.541
sexualized violence:0.53525
awesome:0.528
transformation:0.52475
runaway:0.51675
good soundtrack:0.48875
cyberpunk:0.4825
corruption:0.47975
visually stunning:0.4675
bad plot:0.46625
great:0.45925
lone hero:0.4585
stylish:0.45575
bad acting:0.45425
beautiful scenery:0.4535
visual:0.45275
cult classic:0.4505
culture clash:0.44025
great ending:0.4385
childhood:0.438
absurd:0.43
classic car:0.42975
catastrophe:0.42875
male nudity:0.42675
police corruption:0.42575
buddy movie:0.4245
wuxia:0.42325
great movie:0.422
creativity:0.41675
light:0.4145
good:0.41175
redemption:0.41175
beautifully filmed:0.41125
life philosophy:0.403
assassination:0.40275
pornography:0.395
guns:0.39475
weird:0.38825
nudity (full frontal - brief):0.387
breathtaking:0.38525
ridiculous:0.383
amazing photography:0.379
kidnapping:0.379
hitman:0.3775
dragons:0.37725
mob:0.374
china:0.373
better than expected:0.37175
entertaining:0.368
intense:0.366
pg-13:0.3655
computer game:0.3645
social commentary:0.363
so bad it's funny:0.36125
unusual plot structure:0.359
suprisingly clever:0.35825
insanity:0.358
vigilante:0.35575
sword fight:0.35525
mafia:0.354
motorcycle:0.35325
entirely dialogue:0.351
silly:0.34925
superheroes:0.34475
anti-hero:0.343
blood:0.33775
