psychology:0.84775
childhood:0.78975
autism:0.77
storytelling:0.76725
original:0.75975
disability:0.73875
death:0.73125
doctors:0.70325
good soundtrack:0.676
parenthood:0.67425
children:0.66775
great ending:0.65525
memory:0.64475
psychological:0.638
guilt:0.6055
mentor:0.6005
blindness:0.574
story:0.57175
educational:0.56375
runaway:0.558
police investigation:0.55475
culture clash:0.55425
pornography:0.54625
touching:0.53275
melancholic:0.5325
obsession:0.5225
suprisingly clever:0.5025
afterlife:0.48575
life & death:0.47775
emotional:0.467
dramatic:0.4665
secrets:0.46575
identity:0.45975
depression:0.4525
complex:0.448
weird:0.44675
complicated plot:0.44525
special:0.44
creativity:0.43925
thought-provoking:0.437
golden palm:0.43025
alternate endings:0.42975
adolescence:0.42875
women:0.41125
twists & turns:0.40875
girlie movie:0.40875
catastrophe:0.40625
talky:0.4
good:0.397
criterion:0.39375
drama:0.39275
redemption:0.39125
excellent script:0.39075
psychiatrist:0.39075
adoption:0.3875
alone in the world:0.38525
destiny:0.37925
not funny:0.3745
pg-13:0.37275
bad ending:0.369
based on a play:0.3685
reflective:0.3675
brutality:0.36325
light:0.3595
divorce:0.35875
paranoia:0.357
corruption:0.353
cerebral:0.3505
nudity (full frontal - brief):0.34925
brothers:0.345
harsh:0.34075
dialogue:0.34
beautiful scenery:0.3335
narrated:0.33175
sad but good:0.327
drinking:0.3255
art:0.3215
justice:0.31825
spanish:0.31625
sexual abuse:0.31575
enigmatic:0.31475
brainwashing:0.31425
manipulation:0.31325
movielens top pick:0.312
great:0.3075
very interesting:0.30625
school:0.2995
family:0.2985
clever:0.29825
unlikely friendships:0.296
teacher:0.2955
single father:0.29375
irish accent:0.2845
adaptation:0.283
oscar (best directing):0.28275
tricky:0.2825
fantasy world:0.28225
british:0.28125
first contact:0.28
stylized:0.27925
