art house:0.86725
intimate:0.77875
relationships:0.75975
golden palm:0.73525
melancholic:0.70775
dysfunctional family:0.702
incest:0.6995
harsh:0.67225
pornography:0.639
criterion:0.63475
original:0.614
french:0.59625
sexy:0.595
downbeat:0.56475
male nudity:0.561
obsession:0.54025
brutality:0.45825
fantasy world:0.45425
drinking:0.444
passionate:0.4285
talky:0.42625
betrayal:0.419
fantasy:0.4155
wine:0.4125
catastrophe:0.4105
dialogue:0.40975
entirely dialogue:0.40525
loneliness:0.39425
indie:0.378
mentor:0.36875
spanish:0.36825
moody:0.36425
queer:0.36325
disturbing:0.35075
culture clash:0.328
affectionate:0.322
great:0.31675
weird:0.30375
tokyo:0.30175
oscar (best foreign language film):0.30075
erotic:0.29475
psychological:0.29475
not funny:0.2865
great ending:0.281
enigmatic:0.278
quirky:0.276
stylized:0.268
drama:0.2665
childhood:0.26525
coming-of-age:0.25475
runaway:0.2485
meditative:0.24725
art:0.2445
storytelling:0.24225
suprisingly clever:0.242
nocturnal:0.24175
fake documentary:0.2365
splatter:0.2355
cerebral:0.2345
breathtaking:0.2335
women:0.23275
wistful:0.2295
ethnic conflict:0.22425
grindhouse:0.22375
satirical:0.22175
finnish:0.22125
hospital:0.219
sexual:0.21625
glbt:0.21575
pigs:0.2145
crime gone awry:0.21125
emotional:0.21075
light:0.21075
bullying:0.2055
gangsters:0.205
reflective:0.205
allegory:0.20475
gay character:0.20025
lyrical:0.19975
gratuitous violence:0.19725
coming of age:0.196
love triangles:0.193
nudity (full frontal - notable):0.19125
sexual abuse:0.18975
colourful:0.18925
adaptation:0.1875
writers:0.187
sexuality:0.18625
cult classic:0.184
life philosophy:0.1825
good soundtrack:0.18175
cinematography:0.18075
japanese:0.1805
rape:0.18
irish accent:0.17825
parallel universe:0.17675
greed:0.17525
multiple storylines:0.17275
first contact:0.172
destiny:0.172
