adapted from:book:0.93725
classic:0.83025
murder:0.828
mad scientist:0.8215
original:0.79475
based on a book:0.787
mystery:0.757
adaptation:0.73825
detective:0.73
investigation:0.713
macabre:0.70325
atmospheric:0.70225
suspense:0.70225
runaway:0.67875
greed:0.65275
great:0.6285
criterion:0.62175
obsession:0.6145
great ending:0.61
police investigation:0.6035
talky:0.6015
chase:0.58975
murder mystery:0.5865
eerie:0.57825
death:0.567
interesting:0.56675
great movie:0.56025
oscar (best directing):0.55625
doctors:0.5385
london:0.531
england:0.53075
affectionate:0.521
series:0.519
story:0.51575
very good:0.5135
good:0.5125
secrets:0.501
witty:0.49875
oscar (best supporting actress):0.4975
oscar (best actress):0.49425
suprisingly clever:0.49225
enigmatic:0.484
excellent:0.47925
unusual plot structure:0.4705
allegory:0.4705
light:0.468
suspenseful:0.468
clever:0.454
books:0.449
moral ambiguity:0.43975
transformation:0.4375
dialogue:0.43275
1930s:0.432
literary adaptation:0.426
betrayal:0.4255
catastrophe:0.424
oscar (best cinematography):0.42175
great acting:0.421
gunfight:0.41425
cinematography:0.4135
historical:0.41275
mentor:0.4125
revenge:0.409
nudity (full frontal - brief):0.40825
oscar (best supporting actor):0.40675
culture clash:0.40375
corruption:0.4025
idealism:0.402
sacrifice:0.40125
imdb top 250:0.39675
family:0.39625
dramatic:0.39475
alter ego:0.3935
based on a play:0.39275
visually appealing:0.391
twists & turns:0.3895
good soundtrack:0.389
narrated:0.383
book:0.38275
life & death:0.379
very interesting:0.3765
conspiracy:0.37575
photography:0.375
weird:0.374
based on book:0.37375
vengeance:0.3725
original plot:0.36875
brutality:0.36325
complex:0.3615
fun movie:0.3575
stylish:0.35575
creepy:0.35325
manipulation:0.352
perfect:0.3515
storytelling:0.3505
love:0.34975
beautiful scenery:0.3495
german:0.3475
surveillance:0.346
adventure:0.3445
