adapted from:comic:0.9955
super hero:0.99325
superhero:0.99075
superheroes:0.9895
super-hero:0.97725
based on a comic:0.974
batman:0.96875
dc comics:0.968
comics:0.957
action:0.923
graphic novel:0.922
based on comic:0.90925
apocalypse:0.9005
fight scenes:0.89275
animation:0.88875
comic book:0.885
story:0.872
vengeance:0.866
pg-13:0.851
marvel:0.85025
vigilante:0.84025
dark hero:0.833
dynamic cgi action:0.82225
alter ego:0.8205
action packed:0.81
justice:0.8025
big budget:0.788
good action:0.782
dialogue:0.77825
fighting:0.77725
franchise:0.7645
original:0.74475
comic book adaption:0.74325
storytelling:0.73725
weapons:0.723
visually appealing:0.68875
adaptation:0.67475
great ending:0.66075
mutants:0.6555
firefly:0.6505
vigilantism:0.648
transformation:0.639
comic:0.63125
cartoon:0.62675
fast paced:0.618
computer animation:0.613
revenge:0.6075
cool:0.60225
violent:0.59725
nocturnal:0.58875
mythology:0.5845
shallow:0.5825
good:0.57975
clones:0.56775
mentor:0.56175
plot:0.56125
blood:0.55375
grindhouse:0.54775
cyborgs:0.5435
violence:0.53
animated:0.518
awesome soundtrack:0.51675
anti-hero:0.5065
movielens top pick:0.50225
underrated:0.49
giant robots:0.4785
watch the credits:0.47675
goofy:0.47675
ninja:0.46125
series:0.45675
great:0.45325
gunfight:0.4505
alternate history:0.4495
corruption:0.4485
light:0.43775
solitude:0.4375
friendship:0.437
demons:0.43475
humor:0.43475
social commentary:0.4345
nudity (full frontal - brief):0.4335
unlikeable characters:0.43175
kidnapping:0.428
geek:0.42175
stylish:0.411
death:0.405
technology:0.40425
catastrophe:0.40175
better than expected:0.401
fantasy world:0.39375
special effects:0.387
talking animals:0.38275
corny:0.3825
good soundtrack:0.3805
entertaining:0.3755
entirely dialogue:0.3705
very interesting:0.37025
torture:0.36925
not funny:0.36525
great movie:0.36225
