criterion:0.9555
germany:0.91675
bleak:0.9115
obsession:0.89475
relationships:0.872
greed:0.83575
cinematography:0.817
melancholic:0.80225
loneliness:0.79775
enigmatic:0.79275
surreal:0.775
intimate:0.7725
stylized:0.7525
grindhouse:0.7225
reflective:0.7175
poignant:0.7115
masterpiece:0.70325
grim:0.6995
talky:0.68875
oscar (best foreign language film):0.6885
marriage:0.68725
visually appealing:0.6745
realistic:0.66275
german:0.66075
downbeat:0.66025
drama:0.65575
melancholy:0.6515
original:0.64825
tragedy:0.64775
romantic:0.64025
weird:0.6375
love:0.6355
runaway:0.6315
fascism:0.6235
breathtaking:0.61675
character study:0.60575
nudity (topless - notable):0.59625
culture clash:0.5935
disturbing:0.5765
small town:0.572
manipulation:0.55375
emotional:0.553
drinking:0.553
black and white:0.54225
golden palm:0.53275
oscar (best actress):0.52725
heartbreaking:0.52725
atmospheric:0.526
allegory:0.52525
sexy:0.51975
political:0.514
powerful ending:0.50725
oscar (best directing):0.50675
meditative:0.503
light:0.4995
1920s:0.49875
death:0.49575
imdb top 250:0.48925
capitalism:0.4885
absurd:0.48825
cerebral:0.48175
visual:0.477
prostitution:0.47675
depression:0.46525
colourful:0.4585
narrated:0.45725
mentor:0.45525
amazing photography:0.45275
existentialism:0.44975
tense:0.44925
satirical:0.44825
1930s:0.44725
classic car:0.4435
great acting:0.44325
hospital:0.443
affectionate:0.441
storytelling:0.43875
bittersweet:0.43725
whimsical:0.4345
understated:0.431
wartime:0.429
depressing:0.426
memory:0.423
good soundtrack:0.421
intellectual:0.419
nudity (full frontal - notable):0.414
berlin:0.41125
complex:0.411
trilogy:0.411
social commentary:0.41075
pornography:0.4095
very interesting:0.4095
catastrophe:0.40525
erotic:0.40425
harsh:0.403
great ending:0.401
witty:0.40075
brutality:0.4005
surrealism:0.39975
suprisingly clever:0.39925
