based on true story:0.96775
chase:0.939
prison escape:0.93825
spielberg:0.88525
kidnapping:0.87875
texas:0.8755
tense:0.833
parenthood:0.81575
crime:0.79575
based on a true story:0.76125
road movie:0.7605
original:0.74825
powerful ending:0.74225
runaway:0.74225
oscar (best actress):0.74
great movie:0.73925
unusual plot structure:0.73325
car chase:0.72425
drama:0.719
dramatic:0.706
criterion:0.69725
childhood:0.6945
great acting:0.69175
police:0.68175
cinematography:0.6765
adoption:0.66
cars:0.653
true story:0.64375
good soundtrack:0.6335
oscar (best directing):0.62875
great:0.61275
good acting:0.60925
police investigation:0.59975
classic car:0.5945
gangsters:0.58825
mob:0.58475
corruption:0.57675
1970s:0.57475
oscar (best supporting actress):0.57175
talky:0.571
suspense:0.567
forceful:0.5645
storytelling:0.55975
crime gone awry:0.55475
suprisingly clever:0.5445
suspenseful:0.54225
dialogue:0.54
very good:0.5325
golden palm:0.5305
story:0.52025
imdb top 250:0.51675
surreal:0.51475
assassination:0.5135
great ending:0.50625
masterpiece:0.504
violent:0.5025
small town:0.50225
nudity (topless - brief):0.50175
melancholic:0.50125
underrated:0.49875
goofy:0.4905
redemption:0.48425
good:0.476
spying:0.475
downbeat:0.47275
light:0.47075
murder:0.46925
police corruption:0.46925
twists & turns:0.46375
mentor:0.46325
lone hero:0.45725
exceptional acting:0.45275
idiotic:0.444
enigmatic:0.442
atmospheric:0.43575
california:0.428
pornography:0.425
nostalgic:0.423
betrayal:0.418
claustrophobic:0.4135
interesting:0.4125
harsh:0.41175
hit men:0.409
violence:0.4065
fun movie:0.4055
original plot:0.4035
moral ambiguity:0.403
nudity (full frontal - notable):0.40225
culture clash:0.3995
catastrophe:0.39875
clever:0.3975
exciting:0.39725
pg:0.3965
excellent:0.3965
classic:0.394
beautifully filmed:0.3925
complex:0.39175
adventure:0.39075
manipulation:0.38975
highly quotable:0.38875
