road trip:0.98475
road movie:0.9735
weird:0.894
criterion:0.84625
quirky:0.82125
cult classic:0.7995
good soundtrack:0.7065
independent film:0.706
low budget:0.69975
eccentricity:0.6985
small town:0.67175
downbeat:0.6705
indie:0.6575
gunfight:0.63325
grindhouse:0.62775
unlikely friendships:0.618
loneliness:0.61675
talky:0.59375
new orleans:0.582
gangs:0.572
light:0.56775
harsh:0.5525
original:0.548
cult:0.546
humorous:0.543
hotel:0.54175
existentialism:0.53625
canada:0.53375
surreal:0.52575
golden palm:0.52425
crime gone awry:0.5225
cult film:0.51875
fun movie:0.51325
vengeance:0.5095
drinking:0.50925
campy:0.50875
life philosophy:0.49525
awesome soundtrack:0.47825
mad scientist:0.47625
enigmatic:0.476
dialogue:0.472
melancholic:0.4645
redemption:0.4625
runaway:0.45675
entirely dialogue:0.45275
brutality:0.43975
screwball:0.436
catastrophe:0.42425
rock and roll:0.40075
nocturnal:0.3995
dark humor:0.38375
fun:0.3655
suprisingly clever:0.35575
goofy:0.3555
california:0.35375
underrated:0.3535
serial killer:0.35175
splatter:0.349
mentor:0.34775
affectionate:0.347
culture clash:0.33775
life & death:0.335
good dialogue:0.3345
great:0.33225
storytelling:0.33125
anti-hero:0.33
intimate:0.318
unusual plot structure:0.31525
tricky:0.311
social commentary:0.30725
great ending:0.30675
nudity (full frontal - brief):0.3045
pulp:0.302
relationships:0.298
spanish:0.2945
allegory:0.2915
atmospheric:0.28975
not funny:0.28825
gruesome:0.28775
quotable:0.28675
movielens top pick:0.28575
dialogue driven:0.2855
lone hero:0.28475
friendship:0.28275
view askew:0.278
obsession:0.27425
gay character:0.274
stylized:0.2735
weapons:0.27125
highly quotable:0.27025
strange:0.2685
devil:0.261
wilderness:0.259
irish accent:0.25875
chase:0.2565
cheating:0.25425
disturbing:0.25375
absurd:0.2525
multiple storylines:0.25225
character study:0.2495
