splatter:0.99625
good sequel:0.953
cult classic:0.94925
mad scientist:0.90625
horror:0.901
original:0.89875
gory:0.89525
sequels:0.88875
zombie:0.8205
sequel:0.7965
macabre:0.79425
dark humor:0.7825
gore:0.764
bloody:0.75925
gruesome:0.75925
goofy:0.739
zombies:0.72525
hospital:0.71925
demons:0.7035
stop motion:0.7
police investigation:0.655
monster:0.63175
cult film:0.59775
transformation:0.587
doctors:0.58
campy:0.579
special effects:0.567
weird:0.5665
life & death:0.5475
stylish:0.53725
brutality:0.5355
creepy:0.5215
great ending:0.513
nudity (full frontal - notable):0.51175
wilderness:0.5055
grindhouse:0.49875
revenge:0.495
so bad it's funny:0.49
dark hero:0.4765
effects:0.47475
camp:0.46825
violent:0.4565
pornography:0.456
nudity (topless):0.451
dialogue:0.4435
good soundtrack:0.43625
blood:0.4335
silly:0.4335
mentor:0.42875
monsters:0.42325
scary:0.41075
harsh:0.40025
death:0.39975
great:0.3995
whimsical:0.398
suprisingly clever:0.3955
vengeance:0.39475
catastrophe:0.3865
pulp:0.38425
fun movie:0.381
insanity:0.37625
violence:0.3725
crazy:0.372
crappy sequel:0.3715
adaptation:0.3675
sexualized violence:0.36525
black comedy:0.3635
fun:0.36025
story:0.3595
dark comedy:0.3585
criterion:0.35325
redemption:0.35075
good:0.34725
original plot:0.347
not funny:0.345
melancholic:0.34175
nudity:0.3385
quotable:0.3345
android(s)/cyborg(s):0.3345
storytelling:0.3315
survival:0.33075
cult:0.33
life philosophy:0.3285
stylized:0.32725
sexy:0.326
predictable:0.32575
cool:0.31925
great movie:0.3125
happy ending:0.30525
absurd:0.30225
crime gone awry:0.30225
gothic:0.302
lone hero:0.29825
imdb top 250:0.29775
plot holes:0.2925
mutants:0.28975
fantasy world:0.28625
masterpiece:0.2855
light:0.2815
quirky:0.2805
