horror:0.99775
splatter:0.9915
clowns:0.9845
demons:0.90725
scary:0.897
cult classic:0.88875
goofy:0.84625
gory:0.833
original:0.831
bloody:0.798
monster:0.779
creepy:0.75375
effects:0.6905
supernatural:0.67225
gruesome:0.66625
cult film:0.65875
transformation:0.65375
disturbing:0.638
light:0.63725
blood:0.63525
drinking:0.63425
cult:0.627
goretastic:0.61575
oscar (best effects - visual effects):0.605
brutality:0.59575
weird:0.58775
monsters:0.586
spiders:0.5735
slasher:0.56925
gore:0.541
great ending:0.541
violence:0.53375
creativity:0.51675
low budget:0.511
goth:0.48675
crude humor:0.477
nudity (full frontal - brief):0.47625
frightening:0.46675
teen movie:0.464
claustrophobic:0.46275
runaway:0.46025
predictable:0.44975
nudity (full frontal - notable):0.4495
nudity (topless):0.4475
pointless:0.44425
strippers:0.437
quirky:0.42975
macabre:0.42125
story:0.4205
satire:0.41175
teens:0.405
family:0.40325
special effects:0.401
dark humor:0.3985
fun:0.39575
great:0.38575
mentor:0.3855
catastrophe:0.3835
dumb but funny:0.38125
atmospheric:0.37875
dark comedy:0.37575
good action:0.3755
not funny:0.3755
dialogue:0.36175
good soundtrack:0.3545
zombie:0.35025
better than expected:0.34625
strange:0.3455
campy:0.345
mythology:0.3415
pg-13:0.336
fantasy world:0.333
stop motion:0.33175
cheesy:0.329
violent:0.3255
so bad it's funny:0.32475
bad:0.3225
cool:0.322
camp:0.32025
destiny:0.32025
bad cgi:0.318
sexualized violence:0.3175
family drama:0.312
franchise:0.31125
adaptation:0.31025
haunted house:0.30975
fight scenes:0.3095
dark:0.309
horrible:0.3085
devil:0.308
black comedy:0.30375
pornography:0.29925
1980s:0.2985
storytelling:0.29525
unlikeable characters:0.29425
prejudice:0.293
graphic novel:0.29275
dark hero:0.28975
corruption:0.28775
entertaining:0.28475
