teen movie:0.98875
teen:0.958
teens:0.9395
high school:0.854
teenagers:0.81425
fun movie:0.79225
silly fun:0.77225
pg-13:0.771
teenager:0.762
comedy:0.68975
original:0.67175
predictable:0.6445
girlie movie:0.63175
too short:0.62975
romantic comedy:0.6025
geeks:0.583
good soundtrack:0.571
funny:0.5625
great ending:0.5155
cute!:0.51375
good:0.50825
fun:0.505
silly:0.50025
cute:0.498
romance:0.48075
stereotypes:0.47625
shakespeare:0.47525
cheerleading:0.46525
runaway:0.4645
great:0.46325
feel-good:0.457
sexy:0.4565
so bad it's funny:0.4285
mentor:0.4235
school:0.418
very funny:0.41325
drama:0.40475
dumb but funny:0.40275
feel good movie:0.4
dialogue:0.389
catastrophe:0.3865
based on a play:0.3795
adaptation:0.3735
shallow:0.367
entertaining:0.35375
horrible:0.35
cool:0.34725
amy smart:0.339
unfunny:0.3385
dancing:0.333
lame:0.33125
great acting:0.33
dance:0.3255
better than expected:0.32375
clever:0.32
not funny:0.31825
good music:0.31575
quirky:0.31375
hilarious:0.312
virginity:0.30875
sweet:0.30225
crude humor:0.302
adolescence:0.302
romantic:0.3
storytelling:0.299
pornography:0.296
awesome soundtrack:0.2955
happy ending:0.294
first contact:0.29325
fantasy:0.2915
culture clash:0.28925
slapstick:0.2885
fantasy world:0.287
fight scenes:0.28275
weird:0.28225
geek:0.28125
dreams:0.281
original plot:0.2785
internet:0.277
love story:0.274
goofy:0.274
creativity:0.27225
brutality:0.26975
bad plot:0.26975
light:0.2695
music:0.2655
destiny:0.2655
nerds:0.26475
life philosophy:0.2645
entirely dialogue:0.2635
coming of age:0.2535
story:0.25025
hip hop:0.24875
computer animation:0.24575
camp:0.2445
disaster:0.24025
80s:0.24
lone hero:0.24
unusual plot structure:0.23975
vengeance:0.2375
