runaway:0.93225
chase:0.83925
bombs:0.804
spying:0.78
weapons:0.7085
spies:0.70125
spy:0.69225
childhood:0.687
original:0.6825
mentor:0.6795
great ending:0.6665
teen movie:0.657
great:0.62
80s:0.61175
pg-13:0.6105
police investigation:0.59225
good soundtrack:0.584
boat:0.57675
girlie movie:0.567
plot:0.566
moral ambiguity:0.5655
series:0.55675
adventure:0.55225
suspense:0.55
gunfight:0.548
friendship:0.54175
teen:0.53975
good:0.53625
nudity (full frontal - brief):0.5215
dialogue:0.519
vengeance:0.518
adolescence:0.50825
corruption:0.50625
silly fun:0.4985
goofy:0.49725
guns:0.4965
fun:0.49475
unlikely friendships:0.49325
redemption:0.49125
nostalgic:0.491
cool:0.486
paranoia:0.4825
murder:0.479
survival:0.47875
brutality:0.467
thriller:0.46425
fun movie:0.464
destiny:0.45625
very funny:0.453
stereotypes:0.44725
coming of age:0.44275
life philosophy:0.442
military:0.442
torture:0.44125
talky:0.42875
interesting:0.42
great movie:0.41525
predictable:0.413
based on a tv show:0.41175
catastrophe:0.40875
adaptation:0.40875
suspenseful:0.40725
clever:0.3985
harsh:0.394
not funny:0.38875
family:0.387
freedom:0.3855
culture clash:0.38525
pigs:0.38475
sexual abuse:0.38375
excellent:0.3835
revenge:0.38
lone hero:0.37875
bad ending:0.371
crude humor:0.37075
secrets:0.3695
existentialism:0.3675
books:0.36075
intense:0.35475
easily confused with other movie(s) (title):0.3535
violence:0.35175
gangs:0.35075
buddy movie:0.35025
entertaining:0.34975
imdb top 250:0.3475
visually appealing:0.34575
bullying:0.3425
coming-of-age:0.33875
original plot:0.33725
crime:0.337
fight scenes:0.3355
sexy:0.3345
nudity (topless - notable):0.3335
fantasy world:0.333
narrated:0.332
school:0.332
nerds:0.33125
suprisingly clever:0.33025
cult film:0.32675
melancholic:0.3265
