franchise:0.99275
police:0.9785
comedy:0.96375
series:0.829
crime:0.82625
stupid:0.7935
original:0.7645
slapstick:0.759
idiotic:0.7435
predictable:0.7345
silly:0.72825
so bad it's funny:0.69325
silly fun:0.68425
gangsters:0.66675
sequels:0.65625
bad plot:0.6405
nostalgia:0.6385
stupid as hell:0.624
chase:0.574
disaster:0.5725
crappy sequel:0.5695
sequel:0.56475
stupidity:0.5505
humorous:0.5435
dumb:0.529
unfunny:0.52475
mentor:0.523
kidnapping:0.508
catastrophe:0.503
pointless:0.492
great ending:0.4815
dumb but funny:0.4795
family:0.47725
lame:0.468
funny:0.46075
spoof:0.4585
horrible:0.458
parody:0.45525
life philosophy:0.43425
police investigation:0.41
golf:0.39625
overrated:0.39575
first contact:0.395
fantasy world:0.39325
fight scenes:0.39175
goofy:0.39125
creativity:0.38875
weapons:0.38675
writers:0.3865
dialogue:0.383
fun movie:0.37125
very funny:0.36675
police corruption:0.34825
destiny:0.34525
hilarious:0.331
based on a tv show:0.32875
fun:0.3265
80s:0.324
natural disaster:0.324
multiple storylines:0.31775
crude humor:0.317
boring:0.31425
brutality:0.3135
entirely dialogue:0.3075
runaway:0.30625
action:0.306
ridiculous:0.304
storytelling:0.30125
adaptation:0.30075
culture clash:0.29925
cult film:0.29725
justice:0.29675
redemption:0.2875
action packed:0.27825
nocturnal:0.278
pornography:0.278
great:0.27325
underdog:0.27175
lone hero:0.26775
camp:0.2625
sci fi:0.2595
revenge:0.259
male nudity:0.25875
awful:0.258
shallow:0.25675
corruption:0.256
fantasy:0.25575
good:0.254
melancholic:0.254
story:0.254
unusual plot structure:0.24975
pg-13:0.249
big budget:0.24775
nudity (topless):0.24775
vengeance:0.2455
nudity (topless - notable):0.24275
not funny:0.24175
bad:0.2405
good action:0.24
surreal:0.2325
