dark humor:0.9095
serial killer:0.9085
murder:0.90275
nudity (topless - brief):0.89175
nudity (rear):0.8635
murder mystery:0.851
great ending:0.8175
original:0.804
small town:0.766
great acting:0.747
suspense:0.7385
quirky:0.73475
twists & turns:0.72575
good soundtrack:0.71
police investigation:0.70575
clever:0.70275
neo-noir:0.7005
dialogue:0.69175
dark:0.69
stylish:0.6785
black comedy:0.67625
excellent script:0.6715
very interesting:0.657
psychological:0.65325
investigation:0.6525
surprise ending:0.64525
enigmatic:0.6435
dark comedy:0.643
violence:0.64
interesting:0.63975
nudity (topless):0.629
corruption:0.62825
violent:0.624
great movie:0.62275
good:0.619
thriller:0.613
great:0.61225
sexualized violence:0.595
melancholic:0.585
complicated:0.5835
plot:0.57775
weird:0.577
insanity:0.574
greed:0.5735
betrayal:0.57125
secrets:0.57
guilt:0.56775
brutality:0.56375
good acting:0.56275
suspenseful:0.56025
crime:0.55425
tense:0.54475
intense:0.54175
vengeance:0.5335
unusual plot structure:0.53
twist:0.5225
unlikely friendships:0.52025
ensemble cast:0.51975
mentor:0.51675
underrated:0.5155
pornography:0.51275
long:0.51075
queer:0.50425
cinematography:0.50325
death:0.49975
obsession:0.49875
sexy:0.4985
storytelling:0.4975
crime gone awry:0.4935
plot twist:0.489
complex:0.4825
excellent:0.4825
gangsters:0.4735
mystery:0.471
moral ambiguity:0.46875
story:0.46825
too long:0.46175
goofy:0.4545
entirely dialogue:0.4505
talky:0.45025
creepy:0.4495
very funny:0.4495
very good:0.44625
suicide:0.4415
narrated:0.44075
culture clash:0.4405
twist ending:0.438
plot holes:0.434
justice:0.4265
adaptation:0.426
bizarre:0.4255
cheating:0.4245
bloody:0.423
infidelity:0.42175
humorous:0.42
manipulation:0.41975
nudity (full frontal - brief):0.419
male nudity:0.41875
entertaining:0.4175
atmospheric:0.4135
