cars:0.997
oil:0.9805
politics:0.975
documentary:0.96575
business:0.95375
california:0.9475
greed:0.93575
corruption:0.9285
corporate america:0.9
propaganda:0.88725
conspiracy:0.8795
political:0.85775
conspiracy theory:0.8445
capitalism:0.79325
environmental:0.791
environment:0.78325
interesting:0.777
original:0.77675
technology:0.75
very interesting:0.748
classic car:0.74225
idealism:0.736
global warming:0.72425
potential oscar nom:0.67775
thought-provoking:0.676
good:0.66625
ecology:0.666
narrated:0.64875
factual:0.64775
social commentary:0.62275
true story:0.59925
pg-13:0.59475
passionate:0.58575
road movie:0.57075
catastrophe:0.55975
pornography:0.5585
great ending:0.55325
pg:0.53775
mentor:0.51875
intellectual:0.50975
secrets:0.506
life philosophy:0.495
clever:0.48725
controversial:0.486
culture clash:0.485
political corruption:0.47775
story:0.4615
assassination:0.461
great:0.44975
life & death:0.4495
destiny:0.44675
manipulation:0.446
suprisingly clever:0.4455
internet:0.44325
visually appealing:0.4375
death:0.43275
movielens top pick:0.4305
storytelling:0.427
betrayal:0.42375
talky:0.4195
world politics:0.4195
twists & turns:0.41525
good soundtrack:0.41325
complex:0.4095
runaway:0.40775
fighting the system:0.40525
beautiful scenery:0.40525
entertaining:0.3985
artistic:0.39625
brainwashing:0.395
future:0.3935
not funny:0.39325
foreign:0.39025
justice:0.39
intelligent:0.38925
light:0.38525
happy ending:0.3845
good acting:0.38
excellent:0.3775
murder mystery:0.373
addiction:0.371
sexy:0.36525
new jersey:0.36425
educational:0.36425
philosophy:0.36275
sacrifice:0.36
prejudice:0.35375
intimate:0.35325
excellent script:0.353
1970s:0.35175
us history:0.349
car chase:0.34725
dialogue:0.346
enigmatic:0.34375
family:0.3435
feel-good:0.3435
honest:0.342
brutality:0.34025
president:0.336
history:0.33425
