criterion:0.99475
downbeat:0.97225
noir:0.956
noir thriller:0.94525
black and white:0.9275
film noir:0.92225
nocturnal:0.89675
cinematography:0.8965
bleak:0.89625
tragedy:0.89225
original:0.842
mob:0.818
dark:0.81725
gangsters:0.814
crime:0.8135
talky:0.80875
moody:0.803
gritty:0.8025
redemption:0.799
greed:0.79125
melancholy:0.78625
gangster:0.785
masterpiece:0.784
grim:0.78225
loneliness:0.75825
harsh:0.75525
atmospheric:0.75525
corruption:0.72975
visually appealing:0.7285
imdb top 250:0.71975
golden palm:0.71425
cerebral:0.7135
tense:0.69775
london:0.6955
enigmatic:0.69525
betrayal:0.694
forceful:0.6875
stylized:0.68525
dark hero:0.66525
melancholic:0.6555
social commentary:0.655
dreams:0.64975
gunfight:0.6495
poignant:0.63975
intimate:0.6365
cynical:0.63075
brutality:0.62775
reflective:0.62775
depressing:0.61325
classic:0.60925
dialogue:0.60525
visual:0.603
great:0.60225
drama:0.59675
great acting:0.5945
dramatic:0.5895
crime gone awry:0.5815
allegory:0.57375
oscar (best directing):0.57125
new jersey:0.5695
affectionate:0.56575
character study:0.56575
complex:0.56175
movielens top pick:0.5605
clever:0.55825
bittersweet:0.55375
oscar (best actress):0.5405
light:0.53925
visceral:0.534
passionate:0.529
oscar (best supporting actress):0.528
great movie:0.52275
culture clash:0.52
claustrophobic:0.51775
interesting:0.51725
silent:0.51475
intense:0.508
good soundtrack:0.504
story:0.501
life & death:0.49825
unusual plot structure:0.4915
realistic:0.49025
photography:0.488
1950s:0.485
anti-hero:0.483
transformation:0.47925
runaway:0.478
storytelling:0.47
oscar (best foreign language film):0.469
witty:0.4625
existentialism:0.46175
ominous:0.4555
exceptional acting:0.45225
suprisingly clever:0.451
narrated:0.447
dark humor:0.44625
adapted from:book:0.44525
life philosophy:0.4445
violent:0.44375
honest:0.43975
