horror:0.98025
brutality:0.973
bloody:0.96425
violence:0.95675
torture:0.952
disturbing:0.9455
gory:0.9445
violent:0.9355
brutal:0.934
psychological:0.9335
gruesome:0.926
splatter:0.921
pornography:0.901
visceral:0.89925
weird:0.897
revenge:0.85275
cult:0.83175
gratuitous violence:0.8225
vengeance:0.79125
original:0.77375
hard to watch:0.7705
intense:0.756
blood:0.75225
kidnapping:0.7285
psychology:0.72525
gore:0.72275
twist:0.70525
insanity:0.699
atmospheric:0.6895
sexualized violence:0.68725
sexual abuse:0.66625
grindhouse:0.6525
cult classic:0.64825
macabre:0.6265
creepy:0.6225
plot twist:0.62175
graphic novel:0.61875
cannibalism:0.614
french:0.6135
serial killer:0.6015
dark:0.59825
good soundtrack:0.56025
goretastic:0.55425
twist ending:0.5445
great ending:0.53325
twists & turns:0.53225
scary:0.5265
suspense:0.5235
tense:0.52075
controversial:0.515
melancholic:0.51375
cult film:0.50625
storytelling:0.503
demons:0.4965
stylized:0.48825
harsh:0.48625
catastrophe:0.46725
runaway:0.4585
stylish:0.45625
child abuse:0.45625
art house:0.45425
life & death:0.4495
rape:0.444
bleak:0.4295
social commentary:0.422
pretentious:0.4095
existentialism:0.40525
pointless:0.40175
murder:0.398
cerebral:0.39
mentor:0.39
surreal:0.37575
strange:0.3735
masterpiece:0.373
slasher:0.37225
grim:0.3685
dark humor:0.367
supernatural:0.362
death:0.362
great acting:0.3605
artistic:0.36
good acting:0.35975
complex:0.359
internet:0.3555
criterion:0.35375
sacrifice:0.3535
suprisingly clever:0.35125
hospital:0.35125
art:0.34875
corruption:0.345
justice:0.3445
enigmatic:0.34325
thought-provoking:0.342
secrets:0.33975
male nudity:0.33625
claustrophobic:0.33525
not funny:0.33475
visually stunning:0.334
obsession:0.3305
clever:0.328
