adolescence:0.9475
teen movie:0.94325
original:0.8925
teens:0.878
coming-of-age:0.86175
friendship:0.80625
coming of age:0.8055
unlikely friendships:0.7525
good soundtrack:0.72775
teen:0.7085
runaway:0.7055
fantasy world:0.701
childhood:0.6995
teenager:0.669
80s:0.64575
teenagers:0.63525
underrated:0.59775
virginity:0.57975
shallow:0.5725
reflective:0.56125
california:0.52675
brutality:0.5135
drug abuse:0.50375
high school:0.501
mentor:0.4995
bullying:0.49625
dialogue:0.49
great ending:0.45275
first contact:0.4495
surreal:0.448
finnish:0.44425
indie:0.43575
relationships:0.418
fighting:0.41775
thought-provoking:0.41775
sexual abuse:0.41625
great soundtrack:0.407
cult film:0.39875
life philosophy:0.39875
storytelling:0.3975
catastrophe:0.39625
cool:0.39425
melancholic:0.392
loneliness:0.3815
fight scenes:0.37225
grindhouse:0.367
dysfunctional family:0.3665
very funny:0.365
adapted from:book:0.3595
stylized:0.3465
drinking:0.345
addiction:0.34125
redemption:0.337
not funny:0.3315
melancholy:0.3255
intense:0.32525
violence:0.324
intimate:0.3215
entirely dialogue:0.31575
story:0.315
pointless:0.309
multiple storylines:0.30875
criterion:0.30675
awesome soundtrack:0.30625
school:0.3055
visually appealing:0.3015
unusual plot structure:0.29775
dark hero:0.29225
suburbia:0.287
family:0.28275
destiny:0.27775
overrated:0.277
great:0.27575
1980s:0.2755
quirky:0.275
road movie:0.275
moral ambiguity:0.275
classic car:0.274
predictable:0.269
radio:0.2675
adaptation:0.2665
bad plot:0.26625
chase:0.266
honest:0.265
silly fun:0.2645
rebellion:0.2645
pg-13:0.26375
poignant:0.26325
imdb top 250:0.26225
violent:0.257
masterpiece:0.25425
sweet:0.25375
cinematography:0.25025
lone hero:0.25025
police investigation:0.2435
culture clash:0.243
scary:0.24075
sci fi:0.24025
nerds:0.239
crime gone awry:0.2375
