gangsters:0.90575
mob:0.8965
irish accent:0.88325
irish:0.86925
mafia:0.8495
hit men:0.84775
dialogue:0.81125
plot holes:0.79925
predictable:0.779
pointless:0.77175
gangster:0.7385
new york city:0.68625
original:0.6635
boston:0.66225
writers:0.661
violence:0.62275
organized crime:0.59125
good soundtrack:0.58475
nudity (full frontal - brief):0.5695
mentor:0.56475
catholicism:0.563
brutality:0.55475
chase:0.5455
life philosophy:0.54525
guilt:0.54325
great ending:0.54075
shallow:0.538
suspense:0.53725
story:0.5265
catastrophe:0.514
redemption:0.51
entirely dialogue:0.5085
bad acting:0.50725
crime:0.5015
horrible:0.50075
revenge:0.492
plot:0.48725
storytelling:0.486
tricky:0.482
gangs:0.48175
gunfight:0.48025
multiple storylines:0.475
drama:0.46975
intense:0.457
natural disaster:0.45125
greed:0.44125
dialogue driven:0.435
disaster:0.43475
brothers:0.43075
family:0.43
adaptation:0.418
new york:0.40975
idiotic:0.40625
twists & turns:0.40375
bad ending:0.40075
lone hero:0.40025
good:0.396
corruption:0.383
vengeance:0.38275
justice:0.3825
surprise ending:0.3815
pulp:0.38025
action:0.37975
not funny:0.37975
bad plot:0.37225
fantasy world:0.3715
first contact:0.36975
suspenseful:0.367
gritty:0.3635
ridiculous:0.36225
fight scenes:0.35725
alternate reality:0.3555
pg-13:0.3545
script:0.35425
enormously long battle scene:0.346
complex:0.342
no plot:0.336
cult film:0.33425
stylish:0.33125
existentialism:0.3305
violent:0.3275
crude humor:0.327
unfunny:0.32225
runaway:0.32
betrayal:0.31675
simple:0.31675
police corruption:0.31475
overrated:0.3125
destiny:0.3095
immigrants:0.308
independent film:0.30775
creativity:0.307
fantasy:0.30675
sacrifice:0.3065
action packed:0.305
dramatic:0.30475
single father:0.303
big budget:0.29475
weapons:0.29125
fast paced:0.291
