criterion:0.99225
masterpiece:0.99025
kurosawa:0.98425
imdb top 250:0.98375
samurai:0.9695
japan:0.9405
black and white:0.926
epic:0.925
long:0.91275
storytelling:0.91025
drama:0.90875
visually appealing:0.90625
tense:0.89
wuxia:0.8885
sword fight:0.8855
action:0.881
stylized:0.88075
classic:0.87
oscar (best directing):0.863
forceful:0.86175
gunfight:0.86025
great acting:0.85675
cinematography:0.844
sword fighting:0.81925
melancholic:0.81675
original:0.81175
great movie:0.808
enigmatic:0.77875
culture clash:0.77675
great ending:0.76975
melancholy:0.7665
beautifully filmed:0.75825
amazing cinematography:0.75775
visual:0.75775
social commentary:0.7545
talky:0.74575
atmospheric:0.74375
dramatic:0.743
golden palm:0.7395
great:0.73825
good soundtrack:0.7265
breathtaking:0.724
fight scenes:0.71775
foreign:0.7125
visceral:0.709
bleak:0.70425
sacrifice:0.7035
intense:0.7025
cathartic:0.70225
violence:0.69525
character study:0.6845
mentor:0.6805
stunning:0.6805
dialogue:0.6775
runaway:0.67325
visually stunning:0.67275
realistic:0.67025
unusual plot structure:0.6645
story:0.66325
weapons:0.65875
reflective:0.65875
cerebral:0.65675
intimate:0.649
good acting:0.64575
afi 100:0.645
meditative:0.6405
vengeance:0.6325
great cinematography:0.6285
interesting:0.6215
loneliness:0.61975
cult classic:0.619
colourful:0.618
poignant:0.6175
highly quotable:0.61675
harsh:0.6095
realistic action:0.60625
powerful ending:0.606
complex:0.602
earnest:0.59875
oscar (best cinematography):0.59125
oscar (best actress):0.5865
beautiful scenery:0.58125
suprisingly clever:0.57725
grim:0.5765
life & death:0.57175
movielens top pick:0.56575
courage:0.55275
violent:0.55175
suspense:0.551
japanese:0.54975
scenic:0.54825
childhood:0.548
fast paced:0.54525
friendship:0.54475
tokyo:0.54375
original plot:0.538
oscar (best foreign language film):0.537
philosophy:0.53625
too long:0.535
allegory:0.533
