pornography:0.926
art house:0.8975
road movie:0.89175
road trip:0.84375
melancholic:0.83975
loneliness:0.821
intimate:0.74625
meditative:0.71225
original:0.65525
weird:0.62575
independent film:0.6225
pointless:0.6215
pretentious:0.6055
erotic:0.56375
motorcycle:0.557
enigmatic:0.546
too long:0.50225
relationships:0.4855
existentialism:0.48475
nudity (full frontal - notable):0.4775
dialogue:0.46125
voyeurism:0.4235
art:0.411
male nudity:0.3995
artsy:0.3965
solitude:0.3945
controversial:0.39325
boring!:0.3925
storytelling:0.3865
entirely dialogue:0.38575
catastrophe:0.3835
women:0.383
reflective:0.37225
depression:0.348
mentor:0.34225
sex:0.341
quirky:0.34075
not funny:0.32575
cult film:0.32175
guilt:0.3205
brutality:0.32
criterion:0.316
dreamlike:0.3095
dysfunctional family:0.30525
overrated:0.2995
so bad it's funny:0.29925
boring:0.29475
cinematography:0.28875
predictable:0.281
runaway:0.28075
first contact:0.275
artistic:0.27175
poetry:0.2665
hallucinatory:0.26525
artist:0.2605
redemption:0.2535
life philosophy:0.2525
life & death:0.25125
hotel:0.25125
good soundtrack:0.251
sexual:0.2495
hard to watch:0.2475
talky:0.24525
emotional:0.24075
great ending:0.23975
addiction:0.239
disturbing:0.23325
nudity (full frontal):0.2305
feel-good:0.2295
surreal:0.22725
sexy:0.22525
memory:0.22375
vengeance:0.21975
grindhouse:0.21425
adaptation:0.21425
greed:0.21275
masterpiece:0.2065
culture clash:0.20525
feel good movie:0.2025
thought-provoking:0.202
bad plot:0.20025
off-beat comedy:0.19575
dark fantasy:0.19425
suburbia:0.193
visually appealing:0.1915
stylized:0.19125
writers:0.191
melancholy:0.19025
wistful:0.18975
multiple storylines:0.1875
lone hero:0.18675
nudity (topless - notable):0.1855
intense:0.1835
california:0.18325
passionate:0.1825
downbeat:0.18225
twists & turns:0.179
slapstick:0.17825
fantasy world:0.17775
creativity:0.17775
