romantic comedy:0.96475
cute!:0.90625
romantic:0.86725
silly fun:0.8235
cute:0.80825
comedy:0.7615
original:0.7275
fun movie:0.71525
predictable:0.686
love story:0.66975
destiny:0.6555
fantasy:0.64875
silly:0.63425
funny:0.63125
romance:0.612
girlie movie:0.5865
goofy:0.5605
fun:0.55325
women:0.5345
pg-13:0.5295
very funny:0.511
sweet:0.5105
mentor:0.50825
chick flick:0.5025
good romantic comedies:0.491
shallow:0.48425
bad plot:0.467
catastrophe:0.46225
overrated:0.45225
entertaining:0.431
sexy:0.4295
great ending:0.42025
guilty pleasure:0.41925
so bad it's funny:0.4165
life philosophy:0.4065
pornography:0.40625
nerds:0.405
wedding:0.40025
brutality:0.39925
happy ending:0.399
teen movie:0.3955
love:0.3825
great:0.38
science:0.379
natural disaster:0.3675
good:0.35275
magic:0.35075
fantasy world:0.348
dialogue:0.33625
good soundtrack:0.3295
lone hero:0.32675
redemption:0.32075
first contact:0.31925
geeks:0.3155
feel-good:0.3115
runaway:0.308
family:0.30325
horrible:0.29875
storytelling:0.29775
nudity (full frontal - brief):0.2915
unfunny:0.2875
fight scenes:0.2855
culture clash:0.27875
quirky:0.2785
feel good movie:0.2775
chase:0.27725
revenge:0.276
supernatural:0.275
transformation:0.2745
shopping:0.26875
vengeance:0.254
adaptation:0.2505
justice:0.2405
disaster:0.24025
crude humor:0.2395
technology:0.2365
entirely dialogue:0.2335
internet:0.23125
not funny:0.23025
special effects:0.22975
gangsters:0.22875
police investigation:0.228
light:0.2275
relationships:0.2235
rats:0.22325
childhood:0.223
good action:0.222
inspirational:0.21775
imdb top 250:0.217
sappy:0.2165
twists & turns:0.21625
story:0.21525
big budget:0.21325
betrayal:0.2125
writers:0.2115
corruption:0.211
science fiction:0.21
animals:0.20725
stereotypes:0.2065
whimsical:0.20375
