dreams:0.99725
surreal:0.98825
animation:0.95925
hallucinatory:0.9525
imagination:0.95075
anime:0.95075
dreamlike:0.93575
weird:0.93075
tokyo:0.93075
surrealism:0.92675
visually stunning:0.90525
japan:0.87375
visual:0.85375
original:0.84925
storytelling:0.846
visually appealing:0.83475
paranoia:0.83125
fantasy world:0.81475
story:0.81375
psychological:0.79925
psychedelic:0.78325
complex:0.77775
confusing:0.775
cerebral:0.74325
philosophical:0.72725
psychology:0.71775
enigmatic:0.717
creativity:0.713
atmospheric:0.6705
good soundtrack:0.667
visceral:0.664
social commentary:0.66225
stylized:0.65975
surveillance:0.65025
mental illness:0.6425
animated:0.64125
reflective:0.63725
beautifully filmed:0.637
alter ego:0.63475
thought-provoking:0.63375
artistic:0.62975
colourful:0.6275
interesting:0.6235
dystopia:0.6195
stunning:0.6195
japanese:0.615
philosophy:0.61275
dark:0.61025
adapted from:book:0.60525
loneliness:0.6045
unusual plot structure:0.5935
mentor:0.5935
very interesting:0.59225
art:0.5865
futuristic:0.58475
childhood:0.58475
criterion:0.57875
technology:0.578
melancholic:0.5765
twists & turns:0.57275
violent:0.55025
visuals:0.54625
suprisingly clever:0.54575
male nudity:0.54325
strange:0.54225
coming of age:0.5385
life philosophy:0.5375
imdb top 250:0.53525
masterpiece:0.53325
disturbing:0.53025
mindfuck:0.53025
clever:0.52075
dystopic future:0.5165
intellectual:0.511
existentialism:0.51
transformation:0.51
brutality:0.50675
meditative:0.49725
golden palm:0.4895
complicated:0.48675
firefly:0.486
talky:0.48525
plot:0.48375
giant robots:0.48225
fantasy:0.4815
life & death:0.47875
dialogue:0.4755
obsession:0.47025
alternate reality:0.47025
great ending:0.46975
nocturnal:0.465
bizarre:0.46375
absurd:0.4605
allegory:0.4575
sexualized violence:0.455
grim:0.45425
insanity:0.44675
stylish:0.44325
melancholy:0.443
guilt:0.43925
