china:0.9895
historical:0.98825
visually stunning:0.94975
history:0.9475
cinematography:0.93225
visual:0.93125
great cinematography:0.92775
assassin:0.92575
stunning:0.9195
betrayal:0.89175
visually appealing:0.88575
revolution:0.86575
beautifully filmed:0.86225
breathtaking:0.861
assassination:0.857
sword fighting:0.84325
epic:0.8385
stylized:0.83125
allegory:0.8275
original:0.82575
complex:0.8215
period piece:0.81575
us history:0.80375
dramatic:0.79525
dialogue:0.76475
foreign:0.7625
long:0.76075
intimate:0.758
very interesting:0.7545
good soundtrack:0.7425
beautiful scenery:0.73475
fight scenes:0.734
story:0.733
criterion:0.72975
sword fight:0.7195
photography:0.7145
storytelling:0.71075
meditative:0.695
sacrifice:0.6915
cerebral:0.689
twists & turns:0.686
oscar (best foreign language film):0.68475
secrets:0.68375
destiny:0.676
passionate:0.6675
talky:0.66375
reflective:0.66275
amazing photography:0.65375
distopia:0.6505
atmospheric:0.625
colourful:0.62325
drama:0.62225
imagination:0.60825
melancholic:0.60425
intense:0.60225
spain:0.60225
scenic:0.60175
dark:0.60025
enigmatic:0.59775
beautiful:0.5955
violence:0.59275
costume drama:0.58825
civil war:0.58625
culture clash:0.571
violent:0.566
immortality:0.5635
stylish:0.56075
narrated:0.55975
18th century:0.549
dystopia:0.5485
adaptation:0.54775
tragedy:0.54375
obsession:0.54225
murder:0.53575
imdb top 250:0.5355
masterpiece:0.535
forceful:0.5345
dystopic future:0.53425
sexualized violence:0.53225
clever:0.53225
dark hero:0.531
weird:0.52575
brutal:0.51725
transformation:0.5165
entirely dialogue:0.5165
life & death:0.51125
brutality:0.50975
wuxia:0.509
complicated:0.49975
visceral:0.4995
revenge:0.49925
loneliness:0.49875
childhood:0.49425
harsh:0.49175
great ending:0.49075
melancholy:0.48575
great:0.4855
suprisingly clever:0.478
vengeance:0.4735
technology:0.46775
