based on a book:0.9535
murder mystery:0.952
mystery:0.94525
pornography:0.933
noir thriller:0.9315
male nudity:0.9285
complex:0.9115
drugs:0.90225
nudity:0.88
sex:0.87425
nudity (full frontal - notable):0.863
enigmatic:0.86175
sexual:0.851
based on book:0.8475
erotic:0.83925
nudity (full frontal):0.8335
murder:0.833
storytelling:0.82025
sexy:0.82
secrets:0.817
very interesting:0.81425
twists & turns:0.81125
death:0.8105
original:0.8025
sexuality:0.77125
interesting:0.7675
drug abuse:0.7555
psychological:0.73825
runaway:0.7375
story:0.735
stylish:0.72075
adaptation:0.7185
investigation:0.717
hotel:0.70025
stylized:0.697
obsession:0.69625
violence:0.67975
visually appealing:0.679
dark:0.67875
film noir:0.66825
good soundtrack:0.6655
police investigation:0.663
1970s:0.65475
intense:0.64775
confusing:0.646
dialogue:0.64575
nudity (topless - notable):0.645
twist ending:0.64425
drama:0.6425
movielens top pick:0.62675
controversial:0.6145
psychology:0.614
visually stunning:0.604
greed:0.60175
cinematography:0.597
tricky:0.5965
talky:0.595
corruption:0.58975
violent:0.5825
noir:0.58125
writers:0.581
sexualized violence:0.57725
clever:0.5765
new jersey:0.57625
1950s:0.5755
cerebral:0.56325
nudity (full frontal - brief):0.56175
narrated:0.5595
crime:0.5555
plot twist:0.5535
adapted from:book:0.546
weird:0.54525
suspense:0.54425
betrayal:0.53525
thriller:0.53325
mindfuck:0.533
manipulation:0.52725
disturbing:0.527
social commentary:0.5165
complicated:0.5105
melancholic:0.49725
great ending:0.49625
detective:0.49425
guilt:0.49375
flashbacks:0.4915
surreal:0.4915
criterion:0.48975
catastrophe:0.47875
plot:0.4775
revenge:0.47575
mentor:0.47525
pointless:0.47425
culture clash:0.473
graphic novel:0.46575
twist:0.464
identity:0.461
brutality:0.45525
intimate:0.454
good:0.4505
atmospheric:0.4495
