obsession:0.987
artist:0.98325
artistic:0.9785
documentary:0.974
art:0.969
technology:0.91025
interesting:0.8855
original:0.882
storytelling:0.83825
light:0.82475
complex:0.808
very interesting:0.807
suspense:0.7785
cheating:0.76125
visually stunning:0.74675
intense:0.74625
great ending:0.7455
creativity:0.745
oscar (best directing):0.74425
chase:0.741
visually appealing:0.73825
mentor:0.73775
realistic:0.72925
greed:0.72825
narrated:0.72425
imdb top 250:0.7035
secrets:0.6925
criterion:0.69225
tense:0.68525
tragedy:0.68475
twists & turns:0.6775
cerebral:0.67075
oil:0.6675
corruption:0.65925
fast paced:0.657
clever:0.6555
mystery:0.65525
life philosophy:0.64175
social commentary:0.64125
great:0.6395
good:0.63625
violent:0.633
unusual plot structure:0.6325
vengeance:0.6305
runaway:0.6295
science:0.61575
amazing photography:0.61425
thought-provoking:0.6075
masterpiece:0.60675
oscar winner:0.60475
suprisingly clever:0.60325
good acting:0.6005
police investigation:0.5965
intellectual:0.59275
oscar (best supporting actress):0.591
complicated:0.589
original plot:0.58375
talky:0.571
harsh:0.571
genius:0.5655
oscar:0.56025
self discovery:0.55875
life & death:0.556
eccentricity:0.55525
movielens top pick:0.54925
reflective:0.54075
great movie:0.528
plot:0.52775
assassination:0.525
psychological:0.522
us history:0.521
biographical:0.52
oscar (best actress):0.519
adaptation:0.51875
entertaining:0.5135
honest:0.51325
enigmatic:0.51075
unlikely friendships:0.5105
suspenseful:0.50525
thriller:0.5045
brainwashing:0.5035
complicated plot:0.50275
justice:0.50175
excellent script:0.50175
intelligent:0.5015
drama:0.5015
pornography:0.4985
imagination:0.49825
murder:0.49775
story:0.4975
philosophy:0.49575
gunfight:0.4955
grindhouse:0.49225
distopia:0.48675
betrayal:0.4865
investigation:0.48375
twist:0.48325
witty:0.48275
psychology:0.482
highly quotable:0.479
