space program:0.9995
astronauts:0.99925
nasa:0.994
space:0.98425
mars:0.94175
space travel:0.913
documentary:0.91075
moon:0.888
meditative:0.85825
intimate:0.826
cold war:0.78975
narrated:0.77775
history:0.7715
biographical:0.7655
original:0.75775
ecology:0.74575
reflective:0.713
melancholic:0.68325
enigmatic:0.66275
storytelling:0.6605
imagination:0.65625
very interesting:0.62825
destiny:0.62475
honest:0.62025
historical:0.62025
greed:0.61825
science:0.6145
unusual plot structure:0.6105
mentor:0.6055
us history:0.58725
poignant:0.587
interesting:0.586
great:0.5855
1970s:0.584
culture clash:0.5765
stunning:0.57
conspiracy theory:0.56925
life philosophy:0.5585
criterion:0.557
life & death:0.5525
suprisingly clever:0.5405
great ending:0.53975
1960s:0.53775
drama:0.5285
courage:0.52325
thought-provoking:0.51925
corruption:0.51675
humanity:0.516
beautiful scenery:0.515
talky:0.51075
catastrophe:0.50025
politics:0.495
humorous:0.4945
story:0.49175
social commentary:0.4905
loneliness:0.48675
paranoia:0.48475
breathtaking:0.469
romantic:0.46725
artistic:0.4665
cancer:0.463
drinking:0.4625
beautifully filmed:0.46175
self discovery:0.46075
cerebral:0.46025
allegory:0.4525
dramatic:0.4495
childhood:0.445
solitude:0.4355
creativity:0.43475
technology:0.434
dialogue:0.43325
philosophy:0.432
good soundtrack:0.42975
oscar (best actress):0.42625
movielens top pick:0.42325
jesus:0.418
dreams:0.41675
clever:0.41225
witty:0.411
sacrifice:0.40575
oscar (best directing):0.405
weird:0.404
underrated:0.3995
canada:0.399
special:0.39425
art:0.39375
inspiring:0.393
life:0.388
classic car:0.38725
visually appealing:0.387
educational:0.385
inspirational:0.38375
touching:0.38175
imdb top 250:0.38
conspiracy:0.38
scenic:0.37625
political:0.37475
runaway:0.3745
unlikely friendships:0.372
