political:0.98875
politics:0.9855
world politics:0.98025
islam:0.9205
cold war:0.9145
based on a true story:0.91125
corruption:0.9055
oscar (best supporting actor):0.90275
true story:0.89225
based on true story:0.89075
weapons:0.88175
war:0.86525
history:0.8565
israel:0.82425
satire:0.81575
arms dealer:0.807
entertaining:0.78075
idealism:0.766
adapted from:book:0.75075
dramatic:0.7505
great acting:0.72875
original:0.7275
propaganda:0.72625
war movie:0.7235
based on book:0.71375
dialogue:0.68075
satirical:0.67675
1980s:0.66475
sarcasm:0.65575
good:0.64125
drama:0.6405
based on a book:0.63525
us history:0.63125
historical:0.62825
mentor:0.62525
greed:0.619
pg-13:0.61375
drinking:0.613
strippers:0.61125
betrayal:0.606
oscar winner:0.604
witty:0.5995
texas:0.5865
middle east:0.57825
earnest:0.561
story:0.55775
thought-provoking:0.55025
great ending:0.54425
russian:0.54225
realistic:0.542
factual:0.53975
culture clash:0.53725
genocide:0.537
social commentary:0.53125
forceful:0.53025
cia:0.52775
good soundtrack:0.5205
oscar:0.51975
complex:0.517
president:0.51125
good acting:0.506
foreign:0.50525
brutality:0.504
intelligent:0.4985
morality:0.49825
sacrifice:0.496
las vegas:0.492
prejudice:0.48775
great:0.48625
manipulation:0.48625
catastrophe:0.4805
very good:0.48
oscar (best directing):0.47625
light:0.475
storytelling:0.47275
interesting:0.4725
very interesting:0.4715
talky:0.469
absurd:0.469
destiny:0.46375
adaptation:0.461
excellent script:0.458
iraq:0.45025
honest:0.44775
justice:0.44175
assassination:0.441
revolution:0.44
clever:0.43575
censorship:0.43375
ethnic conflict:0.4335
conspiracy:0.4285
freedom:0.4275
foul language:0.42625
segregation:0.4255
survival:0.42325
biographical:0.423
feel-good:0.42275
russia:0.42175
friendship:0.418
powerful ending:0.41475
