social commentary:0.97225
teen movie:0.949
high school:0.93425
teen:0.92325
murder:0.922
cult classic:0.91275
disturbing:0.9015
adolescence:0.89325
teenager:0.88175
good soundtrack:0.87375
teens:0.8575
bleak:0.84825
drama:0.824
1980s:0.8175
rebellion:0.81275
teenagers:0.80725
drugs:0.7985
original:0.79175
unlikely friendships:0.77225
stoner movie:0.77
drinking:0.7675
friendship:0.75575
brutality:0.75125
crime:0.748
weird:0.74725
downbeat:0.74175
suburbia:0.73525
drug abuse:0.73325
pornography:0.732
cult film:0.73
small town:0.7215
80s:0.708
slackers:0.706
runaway:0.7025
california:0.68725
weed:0.68575
bullying:0.67625
grim:0.664
crime gone awry:0.651
nudity (full frontal - notable):0.646
great soundtrack:0.641
nudity (topless):0.64075
violence:0.623
coming-of-age:0.615
golden palm:0.609
nudity (full frontal):0.604
morality:0.60375
serial killer:0.6025
brutal:0.602
indie:0.5995
complex characters:0.59375
obsession:0.59125
great ending:0.591
great acting:0.591
criterion:0.5885
teacher:0.5865
coming of age:0.57925
mental illness:0.5765
based on true story:0.57175
independent film:0.5705
death:0.56875
interesting:0.56725
dialogue:0.5665
loneliness:0.56275
harsh:0.56175
dark:0.55675
insanity:0.5505
mentor:0.54575
betrayal:0.537
anti-hero:0.533
violent:0.533
gunfight:0.531
great:0.527
marijuana:0.52175
gritty:0.518
awesome soundtrack:0.51575
very interesting:0.5135
talky:0.5065
dark humor:0.49175
childhood:0.48875
melancholic:0.4855
paranoia:0.481
gangs:0.48025
police investigation:0.4765
corruption:0.476
exceptional acting:0.472
dysfunctional family:0.47175
kids:0.46225
sexualized violence:0.458
ensemble cast:0.456
quotable:0.45275
atmospheric:0.4515
underrated:0.44825
beer:0.4475
psychological:0.44725
school:0.44425
highly quotable:0.44325
paranoid:0.4425
male nudity:0.44175
grindhouse:0.44125
