good sequel:0.97
sequel:0.95425
horror:0.9315
splatter:0.931
sequels:0.9255
crappy sequel:0.885
original:0.843
franchise:0.835
not as good as the first:0.8335
slasher:0.78625
violence:0.7155
bloody:0.62625
mentor:0.62575
predictable:0.60575
serial killer:0.56225
fun movie:0.557
good:0.55225
death:0.5455
voodoo:0.54275
adoption:0.5365
brutality:0.52775
cult film:0.5255
murder:0.5235
goofy:0.50125
dark fantasy:0.49825
scary:0.48675
teens:0.48425
suspense:0.46925
vengeance:0.46075
overrated:0.4345
special effects:0.431
great ending:0.4275
gory:0.421
chase:0.40475
monster:0.39675
family:0.39275
weapons:0.38675
campy:0.38275
pornography:0.38
pointless:0.37575
very good:0.37375
transformation:0.3685
catastrophe:0.367
so bad it's funny:0.36375
nudity (full frontal - brief):0.36025
silly:0.35925
dialogue:0.353
camp:0.344
first contact:0.341
computer animation:0.33825
gangsters:0.3375
not funny:0.3345
storytelling:0.3325
demons:0.3275
silly fun:0.32575
writers:0.3255
destiny:0.323
bad plot:0.3205
grindhouse:0.319
good dialogue:0.318
runaway:0.3165
adaptation:0.315
lone hero:0.30975
slapstick:0.305
twists & turns:0.30225
fantasy world:0.299
surreal:0.299
entirely dialogue:0.296
cult classic:0.29575
great:0.2955
imdb top 250:0.2955
unusual plot structure:0.29325
visceral:0.2905
violent:0.28625
disaster:0.28575
gore:0.28375
fun:0.281
fight scenes:0.2805
childhood:0.2795
sexualized violence:0.27675
life philosophy:0.27475
action:0.27175
blood:0.2695
nudity (topless - notable):0.26725
stylish:0.2655
gruesome:0.26475
entertaining:0.2635
series:0.262
intense:0.26175
quirky:0.26025
toys:0.25775
dreamlike:0.2575
melancholic:0.256
life & death:0.2545
remake:0.254
multiple storylines:0.25325
classic car:0.25275
suspenseful:0.25225
action packed:0.25175
humorous:0.25125
