future:0.9955
adventure:0.97825
teen:0.9645
history:0.962
time travel:0.951
comedy:0.93925
high school:0.9265
excellent:0.914
dumb but funny:0.90625
fun movie:0.905
rock and roll:0.901
80s:0.8865
goofy:0.88275
silly fun:0.85025
teen movie:0.84725
us history:0.83575
historical:0.81075
original:0.8095
quotable:0.79725
1980s:0.78975
cult classic:0.78275
mentor:0.765
teens:0.745
dumb:0.74075
cult film:0.73875
futuristic:0.73425
hilarious:0.73425
sci fi:0.71725
scifi:0.71075
california:0.69925
funny:0.6965
sci-fi:0.691
fun:0.68675
science fiction:0.68375
teenager:0.6595
childhood:0.653
great:0.64625
original plot:0.6445
silly:0.629
very funny:0.6285
utopia:0.62475
great movie:0.61325
slackers:0.607
time:0.58025
cool:0.5795
good:0.57825
destiny:0.57425
feel-good:0.5645
good soundtrack:0.56375
buddy movie:0.5585
humor:0.548
great soundtrack:0.5465
dialogue:0.54175
humorous:0.541
light:0.54075
great ending:0.53875
school:0.53375
nostalgic:0.528
special effects:0.5275
chase:0.51675
transformation:0.50925
story:0.48775
nerds:0.48775
stupidity:0.485
funniest movies:0.4835
travel:0.48025
fantasy:0.48
clever:0.478
entertaining:0.47725
catastrophe:0.47675
dystopic future:0.476
feel good movie:0.46875
bullying:0.4685
complex:0.465
awesome soundtrack:0.4595
suprisingly clever:0.45775
highly quotable:0.45325
underdog:0.4515
medieval:0.44975
friendship:0.44625
unlikely friendships:0.44475
stoner movie:0.44225
redemption:0.4125
creativity:0.41175
pg-13:0.41025
classic:0.41025
life & death:0.409
kids:0.40625
storytelling:0.40575
idiotic:0.4045
parody:0.4025
fantasy world:0.39725
weird:0.3965
teacher:0.396
brutality:0.39475
nostalgia:0.39
technology:0.38075
android(s)/cyborg(s):0.3745
alternate reality:0.372
runaway:0.3715
