animation:0.994
kung fu:0.9905
too short:0.97575
short:0.9205
animated:0.8965
animals:0.8525
destiny:0.8255
adventure:0.81525
story:0.798
good:0.781
original:0.78025
clever:0.68675
entertaining:0.67725
martial arts:0.63125
kids:0.62275
talking animals:0.61075
animal movie:0.58125
great:0.57925
humorous:0.57725
storytelling:0.577
computer animation:0.5765
creativity:0.576
aardman studios:0.5485
dialogue:0.5365
redemption:0.527
suprisingly clever:0.52125
snakes:0.514
cute:0.49825
pixar:0.49525
fun:0.493
transformation:0.48975
runaway:0.486
rabbits:0.47475
good versus evil:0.4705
catastrophe:0.46325
mentor:0.462
good soundtrack:0.46
witty:0.45675
stop motion:0.45375
unusual plot structure:0.4535
kids and family:0.45175
pg-13:0.44975
comedy:0.4435
plot:0.4345
crude humor:0.434
3d:0.43275
great ending:0.41775
hilarious:0.41125
childhood:0.40925
police investigation:0.409
stereotypes:0.3985
secrets:0.39475
fun movie:0.3945
culture clash:0.39375
dragons:0.3935
very funny:0.389
family:0.388
slapstick:0.387
superheroes:0.384
underdog:0.38
great movie:0.377
not funny:0.376
silly:0.37375
oscar (best animated feature):0.37075
light:0.37
betrayal:0.3685
dreamworks:0.3655
sequels:0.364
stylized:0.36375
inspiring:0.3635
alter ego:0.3595
cgi:0.35925
fantasy world:0.35525
life philosophy:0.3535
earnest:0.353
fight scenes:0.34825
goofy:0.346
friendship:0.3435
jungle:0.3415
better than expected:0.34075
chase:0.3405
moral ambiguity:0.34
anti-hero:0.33925
fast paced:0.33575
predictable:0.33375
cartoon:0.329
imdb top 250:0.31225
very good:0.312
nostalgic:0.3095
visually appealing:0.30925
unlikely friendships:0.30825
sequel:0.30775
humor:0.3045
children:0.30225
narrated:0.30025
beautiful scenery:0.2945
funny:0.29325
talky:0.293
oscar winner:0.292
silly fun:0.29025
