jesus:0.9925
biblical:0.95775
musical:0.8035
christianity:0.7565
original:0.734
broadway:0.66425
religion:0.64975
christian:0.64975
rock and roll:0.59275
dancing:0.5805
betrayal:0.53725
adaptation:0.515
music:0.51375
dramatic:0.512
passionate:0.48425
catastrophe:0.47
remake:0.47
erotic:0.46825
stylized:0.4445
storytelling:0.4105
notable nudity:0.40875
destiny:0.4055
costume drama:0.4035
jews:0.391
mentor:0.37675
islam:0.365
greed:0.3645
oscar (best actress):0.36175
guilt:0.35325
great:0.3505
god:0.34875
visually appealing:0.34775
not funny:0.34775
vampire human love:0.32575
great music:0.321
unfunny:0.31825
brutality:0.31825
good soundtrack:0.317
great ending:0.315
based on a book:0.31225
intense:0.312
shallow:0.306
dialogue:0.301
quirky:0.30075
bloody:0.3
multiple storylines:0.2955
suprisingly clever:0.2845
criterion:0.281
first contact:0.27975
predictable:0.278
oscar (best supporting actress):0.2735
relationships:0.27225
based on a play:0.26775
life philosophy:0.26725
gangsters:0.266
teen movie:0.26525
runaway:0.26125
girlie movie:0.256
entirely dialogue:0.25475
bad plot:0.25475
fantasy world:0.25125
light:0.24975
new jersey:0.24875
sexy:0.24825
visually stunning:0.2475
visual:0.24675
intimate:0.24225
alter ego:0.23925
nudity (full frontal - brief):0.23875
israel:0.2385
london:0.237
culture clash:0.23675
excellent:0.23575
mob:0.232
talky:0.231
emotional:0.22825
exceptional acting:0.22775
colourful:0.227
reflective:0.2255
childhood:0.2235
redemption:0.22275
overrated:0.22175
very funny:0.22
unusual plot structure:0.2185
melancholic:0.2185
transformation:0.212
catholicism:0.21125
justice:0.20925
prejudice:0.204
lone hero:0.203
grindhouse:0.202
jewish:0.199
suspense:0.1985
male nudity:0.195
silly fun:0.1935
women:0.19325
period piece:0.19175
harsh:0.19
drama:0.18625
good:0.186
