mutants:0.81875
horror:0.8145
sci-fi:0.7975
splatter:0.771
original:0.73775
mentor:0.719
first contact:0.71725
sci fi:0.708
monster:0.693
spiders:0.68675
genetics:0.681
suspense:0.6675
monsters:0.65675
scifi:0.648
special effects:0.63075
new york city:0.62775
fun movie:0.617
big budget:0.59925
survival:0.5975
death:0.582
predictable:0.57925
virus:0.57825
action:0.57725
claustrophobic:0.5665
great ending:0.5575
storytelling:0.553
story:0.5525
chase:0.552
alien:0.55125
maze:0.51475
violence:0.50075
not funny:0.49875
adaptation:0.48625
good:0.48025
scary:0.479
light:0.4685
bad plot:0.46725
end of the world:0.462
dialogue:0.46175
so bad it's funny:0.4565
very interesting:0.4555
catastrophe:0.45425
aliens:0.4515
graphic novel:0.45
fun:0.44825
transformation:0.446
great:0.44275
creepy:0.43925
writers:0.43775
creativity:0.41625
runaway:0.41525
children:0.41425
lone hero:0.4055
nocturnal:0.39925
natural disaster:0.39725
fantasy world:0.395
bad cgi:0.3935
weird:0.39175
visually appealing:0.38875
satirical:0.38475
weapons:0.38325
brutality:0.383
oscar winner:0.378
fantasy:0.37575
stylized:0.3755
entertaining:0.37425
silly fun:0.37275
family:0.3685
destiny:0.36825
suspenseful:0.356
dynamic cgi action:0.35425
campy:0.35275
police investigation:0.35275
tense:0.352
visual:0.34775
childhood:0.3475
allegory:0.337
melancholic:0.33475
mad scientist:0.33275
nudity (topless - notable):0.33125
vengeance:0.331
gory:0.331
script:0.3265
atmospheric:0.32625
pg-13:0.323
sexualized violence:0.32175
absurd:0.3195
ghosts/afterlife:0.31675
nudity (full frontal - brief):0.316
silly:0.3155
alter ego:0.314
life philosophy:0.314
quirky:0.3135
fight scenes:0.312
guilt:0.3105
complex:0.30875
pulp:0.30775
ridiculous:0.305
good soundtrack:0.30225
dark hero:0.29975
