superhero:0.996
super hero:0.99575
mutants:0.99475
superheroes:0.9925
apocalypse:0.9885
marvel:0.9745
super-hero:0.95925
future:0.9575
franchise:0.94475
based on a comic:0.93725
action:0.9235
pg-13:0.921
big budget:0.91325
story:0.913
comics:0.8795
comic book:0.876
special effects:0.8545
plot:0.84875
bad cgi:0.83975
egypt:0.8375
dynamic cgi action:0.814
fight scenes:0.81025
end of the world:0.801
dialogue:0.79125
original:0.78
weapons:0.7665
trilogy:0.7625
cgi:0.75475
visually appealing:0.746
based on comic:0.74075
comic book adaption:0.73225
great ending:0.7255
better than expected:0.719
cool:0.7125
storytelling:0.7035
technology:0.70125
action packed:0.6815
fighting:0.68125
catastrophe:0.66825
good:0.6675
complex:0.655
visually stunning:0.654
sci fi:0.65125
poland:0.6495
alternate reality:0.63475
mythology:0.6335
bad script:0.6295
adapted from:comic:0.628
alter ego:0.6225
dark hero:0.6215
alternate universe:0.62
plot holes:0.61925
good action:0.61925
great:0.6165
teleportation:0.6105
effects:0.6075
graphic novel:0.60525
anti-hero:0.60475
comic:0.604
transformation:0.60375
ensemble cast:0.60325
mentor:0.60275
sacrifice:0.598
intense:0.592
justice:0.59
science fiction:0.58825
series:0.583
god:0.582
shallow:0.57975
vengeance:0.578
scifi:0.57725
giant robots:0.57725
destiny:0.5625
vigilante:0.55925
prequel:0.554
bad plot:0.54675
immortality:0.53775
betrayal:0.5365
epic:0.53525
good soundtrack:0.5285
nocturnal:0.52675
genetics:0.51725
predictable:0.51225
survival:0.503
product placement:0.50175
fast paced:0.4995
horrible:0.49725
revenge:0.494
original plot:0.48975
watch the credits:0.484
visuals:0.4835
murder:0.48325
redemption:0.47675
visual:0.4695
exciting:0.468
adaptation:0.461
dc comics:0.45
heroine in tight suit:0.44575
civil war:0.44325
entertaining:0.44225
