mentor:0.99375
friendship:0.95425
writing:0.95175
writers:0.943
inspiring:0.91525
writer's life:0.91
unlikely friendships:0.9085
inspirational:0.8875
feel-good:0.8645
good:0.85175
feel good movie:0.822
great acting:0.81125
high school:0.777
great movie:0.77375
drama:0.771
literature:0.7705
excellent script:0.76025
life philosophy:0.75075
pg-13:0.74425
great:0.7305
books:0.7285
teacher:0.7175
destiny:0.7135
school:0.70825
dramatic:0.70575
excellent:0.70275
original:0.69325
teen:0.69175
stereotypes:0.684
story:0.67975
good soundtrack:0.675
oscar:0.66525
oscar winner:0.65975
good acting:0.6585
internet:0.655
very good:0.64775
math:0.64775
very interesting:0.647
storytelling:0.6425
interesting:0.631
redemption:0.62925
dialogue:0.6145
exceptional acting:0.60825
compassionate:0.6
touching:0.59825
creativity:0.58725
foul language:0.5745
childhood:0.57
corruption:0.5685
sentimental:0.567
teen movie:0.565
character study:0.55575
earnest:0.55525
heartwarming:0.555
cancer:0.5475
intellectual:0.54325
great ending:0.5425
oscar (best supporting actress):0.54
social commentary:0.53725
underdog:0.53525
courage:0.53075
catastrophe:0.5275
plot:0.5255
basketball:0.523
girlie movie:0.51775
runaway:0.51775
coming of age:0.51075
prejudice:0.509
sports:0.50325
drinking:0.501
justice:0.4995
honest:0.49375
mathematics:0.4935
thought-provoking:0.49275
happy ending:0.48625
oscar (best directing):0.485
good dialogue:0.48425
transformation:0.4825
relationships:0.476
secrets:0.4625
god:0.46
good story:0.459
race issues:0.459
life:0.45475
predictable:0.4515
clever:0.451
enormously long battle scene:0.4405
better than expected:0.43625
cool:0.4335
bullying:0.432
boston:0.42925
intense:0.42775
cerebral:0.4275
based on book:0.4265
small town:0.42425
adapted from:book:0.42075
independent film:0.419
adaptation:0.41575
based on true story:0.4155
complex:0.41225
