ninja:1.0
fight scenes:0.97975
martial arts:0.979
action:0.944
fighting:0.88275
bad plot:0.8665
original:0.82575
nostalgia:0.82425
good action:0.819
franchise:0.77775
80s:0.73425
fun movie:0.71625
kidnapping:0.6935
predictable:0.6905
weapons:0.6785
action packed:0.672
so bad it's funny:0.6635
mentor:0.6505
sword fight:0.64625
fun:0.6435
cool:0.63175
corny:0.62975
motorcycle:0.60575
island:0.5665
silly fun:0.56475
kung fu:0.5645
clones:0.55625
spying:0.5495
lone hero:0.54475
bad:0.5405
nostalgic:0.52775
genetics:0.51125
cheesy:0.4975
great ending:0.49175
cyborgs:0.49075
pulp:0.4795
science fiction:0.47025
original plot:0.47
chase:0.46825
brutality:0.466
splatter:0.46
family:0.4595
adapted from:comic:0.45075
explosions:0.44775
immortality:0.43325
good:0.42775
entertaining:0.423
dialogue:0.41925
cult film:0.408
overrated:0.4015
series:0.39825
sci fi:0.39775
spiders:0.39525
catastrophe:0.395
car chase:0.391
storytelling:0.389
violent:0.38875
ridiculous:0.387
buddy movie:0.38675
great:0.38475
life philosophy:0.38175
based on a video game:0.373
sword fighting:0.37275
slapstick:0.3705
complex:0.3695
campy:0.36175
first contact:0.36075
lions:0.35775
sexualized violence:0.35575
runaway:0.3545
nocturnal:0.35425
fast paced:0.3525
goofy:0.34725
vengeance:0.347
adaptation:0.34325
crappy sequel:0.33625
idiotic:0.3355
nudity (full frontal - brief):0.335
story:0.3335
superheroes:0.32975
super hero:0.3295
grindhouse:0.32625
excellent:0.3245
comics:0.323
entirely dialogue:0.323
nudity (topless):0.32225
not funny:0.322
intense:0.3195
fantasy world:0.3125
pornography:0.31025
comic book:0.3065
pg-13:0.30575
hunting:0.305
shallow:0.30075
special effects:0.29925
dark hero:0.29775
multiple storylines:0.295
quirky:0.292
guilty pleasure:0.29175
alternate reality:0.28975
