mystery:0.95825
police investigation:0.95575
serial killer:0.93675
conspiracy:0.909
suspense:0.90775
investigation:0.9075
dark:0.9065
murder mystery:0.90625
detective:0.8715
stylish:0.86675
murder:0.8615
secrets:0.85125
obsession:0.84375
original:0.81625
corruption:0.815
creepy:0.814
violence:0.8135
surveillance:0.80725
suspenseful:0.80725
london:0.80675
crime:0.80125
violent:0.79425
atmospheric:0.78125
scotland:0.769
interesting:0.76
complex:0.74425
talky:0.7375
greed:0.73425
maze:0.733
tense:0.728
cinematography:0.724
cerebral:0.71
great movie:0.70775
pornography:0.70725
enigmatic:0.707
adaptation:0.7045
runaway:0.696
conspiracy theory:0.6955
justice:0.69475
visceral:0.69275
ominous:0.68125
claustrophobic:0.67925
brutality:0.672
great ending:0.66375
criterion:0.662
crime gone awry:0.65125
macabre:0.64675
psychological:0.64175
identity:0.63325
insanity:0.61925
excellent:0.61375
plot twist:0.60825
england:0.5985
dialogue:0.59575
british:0.59375
eerie:0.584
chase:0.5835
disturbing:0.58325
thriller:0.57975
twists & turns:0.57825
loneliness:0.57425
forceful:0.568
paranoid:0.5625
splatter:0.5615
masterpiece:0.561
gangsters:0.56025
prostitution:0.55925
clever:0.552
dysfunctional family:0.55075
dark humor:0.5475
sexualized violence:0.5405
amazing photography:0.5335
frightening:0.52525
complicated plot:0.52225
political corruption:0.522
moody:0.51925
enormously long battle scene:0.51875
weird:0.518
witty:0.51425
twist:0.5125
vengeance:0.51225
complicated:0.50875
psychology:0.50425
twist ending:0.4965
gruesome:0.491
downbeat:0.48425
scary:0.47675
doctors:0.47625
courtroom:0.476
cynical:0.47225
good soundtrack:0.472
1930s:0.469
gangster:0.46775
revenge:0.46525
guilt:0.4615
stylized:0.45575
harsh:0.4545
anti-hero:0.453
bleak:0.45225
bloody:0.4515
