beatles:0.9905
rock and roll:0.93125
nostalgic:0.87225
fun movie:0.84275
good soundtrack:0.83075
original:0.79475
runaway:0.74175
new jersey:0.711
affectionate:0.66975
great ending:0.637
funniest movies:0.628
1960s:0.6205
comedy:0.6015
obsession:0.59175
suburbia:0.5815
based on a play:0.56875
crazy:0.55875
funny:0.55225
very funny:0.54025
fun:0.53675
great:0.53425
childhood:0.52725
race issues:0.5115
golden palm:0.49175
mentor:0.4795
redemption:0.47775
dialogue:0.47725
oscar (best supporting actress):0.46875
hotel:0.468
witty:0.463
rebellion:0.46225
stoner movie:0.45975
stereotypes:0.45675
goofy:0.456
storytelling:0.4545
criterion:0.4545
dramatic:0.45425
kids:0.43675
adventure:0.43325
talky:0.4305
teen:0.42525
hilarious:0.4225
slapstick:0.42225
suprisingly clever:0.42175
directorial debut:0.41925
crime gone awry:0.41675
gangsters:0.4155
vengeance:0.4135
entertaining:0.40725
musical:0.40425
highly quotable:0.40375
hitman:0.392
teens:0.39175
great movie:0.39125
pg-13:0.391
wistful:0.386
feel good movie:0.38275
good:0.38025
nudity (full frontal - brief):0.3765
women:0.37625
masterpiece:0.3755
pornography:0.37525
narrated:0.37375
drinking:0.37175
stupidity:0.3675
awesome soundtrack:0.3675
great soundtrack:0.3665
exceptional acting:0.36475
brutality:0.3635
existentialism:0.3635
teenagers:0.361
catastrophe:0.36075
destiny:0.3605
culture clash:0.3595
feel-good:0.3575
hard to watch:0.35475
weird:0.35375
entirely dialogue:0.3505
unusual plot structure:0.34925
story:0.34425
teen movie:0.3435
family:0.34125
cult film:0.3405
very good:0.34025
ironic:0.33975
spelling bee:0.338
oscar (best directing):0.33275
sexy:0.3325
cinematography:0.332
insanity:0.32925
light:0.329
prostitution:0.32875
adapted from:book:0.326
quotable:0.32425
interesting:0.324
classic car:0.32325
radio:0.3225
grindhouse:0.322
identity:0.3195
movielens top pick:0.317
