conspiracy:0.99075
surprise ending:0.982
great ending:0.97775
terrorism:0.97775
twist ending:0.96425
conspiracy theory:0.955
twists & turns:0.945
plot twist:0.93425
tense:0.929
paranoia:0.9275
thriller:0.91625
powerful ending:0.902
single father:0.89275
suspense:0.88825
alternate endings:0.8875
secrets:0.8785
suspenseful:0.8735
psychological:0.87025
twist:0.86925
intense:0.86575
bad ending:0.85475
great acting:0.83975
police investigation:0.834
psychology:0.81575
original:0.81575
good:0.81275
happy ending:0.79275
plot:0.7835
paranoid:0.7825
chase:0.7645
excellent script:0.75775
clever:0.755
interesting:0.74475
plot holes:0.7365
storytelling:0.73025
children:0.72175
moral ambiguity:0.719
corruption:0.7175
complex:0.69525
non-hollywood ending:0.689
thought-provoking:0.6715
good acting:0.66625
manipulation:0.66225
complicated:0.6615
greed:0.65025
investigation:0.6405
exceptional acting:0.639
excellent:0.63475
first contact:0.6315
bombs:0.63
tricky:0.61575
identity:0.6015
assassination:0.60125
justice:0.59675
cerebral:0.59275
claustrophobic:0.58325
story:0.57775
catastrophe:0.5775
intelligent:0.5775
dialogue:0.574
spying:0.5735
mindfuck:0.57125
enigmatic:0.57025
betrayal:0.5685
very good:0.56625
surveillance:0.55725
disturbing:0.5465
great movie:0.54425
runaway:0.541
great:0.5355
downbeat:0.53275
mentor:0.5325
pg-13:0.53175
obsession:0.52725
vengeance:0.52075
revenge:0.5195
complicated plot:0.51725
dramatic:0.51575
unusual plot structure:0.514
entertaining:0.5135
death:0.51125
murder:0.50375
very interesting:0.5025
destiny:0.498
weird:0.49725
original plot:0.495
visually stunning:0.48825
violence:0.486
brainwashing:0.485
good soundtrack:0.475
pornography:0.4695
predictable:0.46725
espionage:0.45925
cinematography:0.45575
mystery:0.4475
drama:0.43975
technology:0.43525
kidnapping:0.42975
brutality:0.42625
fast paced:0.42225
