gangs:0.82775
original:0.742
fight scenes:0.73225
teen movie:0.6385
violence:0.6225
brutality:0.613
mentor:0.58875
horrible:0.5745
predictable:0.56675
bad acting:0.51
gangsters:0.4925
revenge:0.4895
vengeance:0.48825
life philosophy:0.4745
fighting:0.47275
good soundtrack:0.46075
dialogue:0.46025
redemption:0.457
bad plot:0.4325
great ending:0.4255
stereotypes:0.41925
teens:0.41875
catastrophe:0.4095
bad cgi:0.4085
shallow:0.4
new jersey:0.39225
action:0.38925
stylized:0.381
violent:0.37975
overrated:0.37725
story:0.3745
intense:0.36925
cool:0.3685
mental illness:0.367
good:0.36325
harsh:0.36
cinematography:0.35775
so bad it's funny:0.35675
adapted from:book:0.351
bad:0.34825
runaway:0.34825
gritty:0.34725
not funny:0.34225
first contact:0.34125
storytelling:0.3385
pointless:0.333
death:0.33075
adaptation:0.32725
pornography:0.32575
good action:0.3185
nocturnal:0.31425
twist ending:0.3135
fantasy world:0.31125
family:0.3095
justice:0.3055
lone hero:0.3045
great:0.2975
sci fi:0.29275
entirely dialogue:0.29075
passionate:0.2905
gangster:0.2895
fantasy:0.28725
pg-13:0.28175
bullying:0.27925
visceral:0.279
nostalgic:0.27
fun movie:0.268
cult film:0.267
teen:0.26675
great acting:0.266
big budget:0.26525
unusual plot structure:0.265
geeks:0.264
drama:0.264
entertaining:0.26225
culture clash:0.2595
visually appealing:0.256
exciting:0.2525
imdb top 250:0.251
crude humor:0.2475
multiple storylines:0.24375
stupid as hell:0.24375
classic car:0.24325
oscar (best directing):0.24125
clever:0.23625
prison:0.23525
nostalgia:0.23425
feel good movie:0.23425
action packed:0.234
corruption:0.23325
exceptional acting:0.23225
bloody:0.23225
destiny:0.22625
computer animation:0.224
light:0.22275
80s:0.22225
slapstick:0.22175
writers:0.221
chase:0.2175
suspense:0.2175
