dancing:0.99775
dance:0.99525
teen:0.955
ballet:0.949
teen movie:0.929
coming of age:0.83075
school:0.8265
girlie movie:0.77575
chick flick:0.72525
great:0.63825
good soundtrack:0.6275
original:0.617
gay character:0.58825
teenagers:0.5545
hip hop:0.52925
romance:0.52325
mentor:0.522
teenager:0.50725
high school:0.49875
fun movie:0.493
happy ending:0.49025
guilty pleasure:0.48
teens:0.477
women:0.47125
better than expected:0.46725
romantic:0.4665
good music:0.465
dialogue:0.4585
stereotypes:0.45575
predictable:0.4515
catastrophe:0.44525
sexy:0.425
fun:0.4245
good:0.4215
love story:0.412
feel-good:0.38475
romantic comedy:0.38125
awesome soundtrack:0.375
cute:0.37275
coming-of-age:0.3725
great ending:0.35675
fantasy world:0.355
pg-13:0.3525
teacher:0.34225
cheerleading:0.3345
story:0.32875
love triangles:0.32575
friendship:0.3255
not funny:0.324
competition:0.32225
musical:0.32
bad acting:0.3175
unlikely friendships:0.3135
destiny:0.313
childhood:0.312
culture clash:0.30775
entirely dialogue:0.2985
nostalgic:0.298
figure skating:0.29225
runaway:0.29225
good acting:0.29025
suprisingly clever:0.287
passionate:0.286
san francisco:0.286
great movie:0.2845
sacrifice:0.28425
feel good movie:0.283
drama:0.27525
sweet:0.26875
transformation:0.26725
cool:0.26275
bad plot:0.26125
shallow:0.259
great acting:0.259
lone hero:0.2545
storytelling:0.252
light:0.25175
adaptation:0.24825
so bad it's funny:0.244
adolescence:0.24125
first contact:0.24075
excellent:0.23575
unfunny:0.2335
life philosophy:0.233
plot:0.23125
bollywood:0.23075
cute!:0.2305
redemption:0.22975
idiotic:0.22925
family:0.22475
cheesy:0.22175
dreams:0.22175
drinking:0.2205
betrayal:0.21825
love:0.2175
clever:0.217
creativity:0.2155
no plot:0.21375
brutality:0.21375
police investigation:0.2105
