disability:0.99525
touching:0.94275
love story:0.8915
feel-good:0.8785
tear jerker:0.81325
feel good movie:0.7935
emotional:0.7585
destiny:0.73175
sentimental:0.692
pg-13:0.68675
good:0.686
original:0.6855
happy ending:0.66675
heartwarming:0.6665
family:0.6615
romantic comedy:0.65375
sappy:0.61575
great acting:0.604
chick flick:0.599
catastrophe:0.5895
love:0.5875
family bonds:0.582
life:0.58175
romantic:0.58025
relationships:0.56825
great ending:0.56725
san francisco:0.55175
sweet:0.551
honest:0.54975
shallow:0.548
girlie movie:0.53425
life philosophy:0.53425
heartbreaking:0.5315
sad but good:0.5245
inspirational:0.5205
predictable:0.50175
justice:0.501
mentor:0.483
courage:0.48075
good soundtrack:0.46825
bittersweet:0.4615
romance:0.45825
great:0.4565
big budget:0.448
exceptional acting:0.43
culture clash:0.42975
passionate:0.42775
underdog:0.42675
compassionate:0.426
loneliness:0.41775
story:0.41525
stereotypes:0.415
natural disaster:0.4105
dysfunctional family:0.4105
earnest:0.4065
women:0.40575
drama:0.4
poignant:0.3965
parenthood:0.3955
storytelling:0.39475
redemption:0.37975
cancer:0.379
special:0.3755
oscar:0.37175
plot:0.37075
life & death:0.35975
reflective:0.3595
single father:0.35475
better than expected:0.3485
alternate history:0.33975
good acting:0.33675
divorce:0.335
sad:0.33425
childhood:0.32475
fun movie:0.32225
dialogue:0.32025
unfunny:0.31725
excellent script:0.30625
entertaining:0.305
family drama:0.30325
dramatic:0.30025
bad acting:0.29875
transformation:0.29875
first contact:0.296
unlikely friendships:0.2945
fantasy world:0.291
not funny:0.28675
bad plot:0.27875
police investigation:0.27875
cute:0.2775
death:0.27675
good romantic comedies:0.2745
sisters:0.274
homeless:0.2735
road movie:0.2735
adaptation:0.27225
nudity (full frontal - brief):0.2715
pornography:0.2705
slapstick:0.2665
oscar (best directing):0.263
