world war ii:0.999
espionage:0.99875
spying:0.986
wwii:0.98575
spy:0.98525
spies:0.98075
germany:0.97725
nazis:0.96875
wartime:0.941
nazi:0.929
france:0.92225
secrets:0.9165
german:0.89525
bombs:0.857
suspense:0.8565
criterion:0.8555
runaway:0.8335
tense:0.81175
twists & turns:0.798
propaganda:0.79625
secret service:0.7735
chase:0.75625
assassination:0.7555
forceful:0.748
fun movie:0.72525
great movie:0.72175
thriller:0.72125
brutality:0.72075
ethnic conflict:0.71475
bollywood:0.71225
original:0.70175
talky:0.69375
great ending:0.666
idealism:0.6565
black and white:0.65625
sexy:0.65
culture clash:0.61675
dramatic:0.61175
original plot:0.606
gangster:0.58475
moral ambiguity:0.58225
women:0.581
good:0.57775
corruption:0.5675
very interesting:0.5665
dialogue:0.56275
gangsters:0.5475
hitman:0.54575
fast paced:0.54525
murder:0.5435
grim:0.54125
very good:0.54075
narrated:0.53875
girlie movie:0.53175
brainwashing:0.5295
stereotypes:0.5265
trains:0.52475
oscar (best supporting actress):0.52475
world war i:0.52375
identity:0.523
war:0.521
prejudice:0.51775
great acting:0.51625
morality:0.512
kidnapping:0.504
classic car:0.503
manipulation:0.5025
assassin:0.50225
film noir:0.493
police investigation:0.49125
obsession:0.487
violent:0.48525
world politics:0.4845
good soundtrack:0.48175
plot holes:0.47525
paris:0.47
train:0.46525
school:0.46425
oscar (best actress):0.45675
clever:0.45325
betrayal:0.453
excellent:0.4495
free to download:0.43575
good versus evil:0.4345
fashion:0.43275
noir thriller:0.4315
based on a play:0.42575
politics:0.423
mentor:0.423
alternate endings:0.42075
redemption:0.42025
suprisingly clever:0.41775
serial killer:0.41275
claustrophobic:0.411
catastrophe:0.40975
sacrifice:0.4095
hotel:0.4075
french:0.40525
suspenseful:0.39775
surveillance:0.3965
