criterion:0.906
storytelling:0.776
visual:0.6695
original:0.65375
unusual plot structure:0.6405
enigmatic:0.63925
doctors:0.63025
solitude:0.6185
greed:0.6075
very interesting:0.60375
weird:0.60225
life philosophy:0.59525
oscar (best actress):0.59075
loneliness:0.561
cerebral:0.5565
judaism:0.5515
talky:0.504
stylized:0.4915
secrets:0.485
new jersey:0.47725
great:0.47725
eccentricity:0.474
great ending:0.468
quirky:0.45575
police investigation:0.45325
catastrophe:0.445
whimsical:0.43825
chase:0.437
multiple storylines:0.42875
mentor:0.4285
light:0.422
melancholic:0.4145
classic car:0.41125
creativity:0.4105
dialogue:0.40825
affectionate:0.4045
good:0.39625
stylish:0.39625
twists & turns:0.394
intellectual:0.39275
reflective:0.39075
pornography:0.39
new york city:0.38575
imagination:0.38325
very good:0.38325
visually stunning:0.3805
corruption:0.3785
interesting:0.37825
not funny:0.365
colourful:0.3635
oscar (best directing):0.36125
obsession:0.36125
good soundtrack:0.3555
entirely dialogue:0.355
life & death:0.35475
male nudity:0.35425
suprisingly clever:0.352
great movie:0.34725
clever:0.342
visually appealing:0.33175
story:0.33025
vengeance:0.3245
witty:0.3245
cult film:0.322
masterpiece:0.318
murder:0.31775
absurd:0.31125
adaptation:0.31
brutality:0.30575
movielens top pick:0.303
great acting:0.301
runaway:0.2975
nocturnal:0.29675
meditative:0.29525
macabre:0.2945
existentialism:0.28725
social commentary:0.287
fantasy world:0.28525
love:0.2845
memory:0.28425
immortality:0.28375
cinematography:0.283
first contact:0.27925
new york:0.27875
culture clash:0.27825
betrayal:0.27725
adultery:0.2765
entertaining:0.275
simple:0.27275
redemption:0.2725
beautifully filmed:0.27125
melancholy:0.27
golden palm:0.27
narrated:0.26975
distopia:0.26925
suspense:0.26775
allegory:0.26775
conspiracy:0.267
passionate:0.26675
crime gone awry:0.2655
