life philosophy:0.77525
romance:0.735
original:0.68775
san francisco:0.60725
dialogue:0.6035
sexy:0.5995
loneliness:0.5845
infidelity:0.579
relationships:0.57425
finnish:0.525
erotic:0.519
romantic:0.51775
destiny:0.51075
love:0.5055
transformation:0.50225
pornography:0.472
entirely dialogue:0.46675
mentor:0.46625
great ending:0.46225
good soundtrack:0.44525
weird:0.43975
catastrophe:0.432
very interesting:0.42925
talky:0.42475
criterion:0.4135
story:0.41325
beautiful scenery:0.40925
obsession:0.40825
fantasy:0.398
existentialism:0.3965
passionate:0.3875
adapted from:book:0.37275
love story:0.37075
betrayal:0.36825
grindhouse:0.368
adaptation:0.359
writers:0.35525
alternate endings:0.354
very funny:0.3535
cinematography:0.35275
storytelling:0.3495
nudity (full frontal - brief):0.34375
male nudity:0.3435
light:0.34275
enigmatic:0.3365
cult film:0.33525
weapons:0.33425
redemption:0.32725
melancholic:0.32675
brutality:0.326
not funny:0.326
cerebral:0.3245
nudity (topless):0.3235
fantasy world:0.3225
good:0.31275
culture clash:0.31075
beautifully filmed:0.30025
sexualized violence:0.293
reflective:0.2915
complex:0.2895
magic realism:0.2895
drama:0.2885
narrated:0.2875
lone hero:0.2865
twists & turns:0.2795
quirky:0.27925
visually appealing:0.27925
vengeance:0.279
nudity (full frontal - notable):0.2775
intimate:0.27675
dysfunctional family:0.27625
revenge:0.2735
shallow:0.272
justice:0.26975
predictable:0.26825
intellectual:0.26575
costume drama:0.265
imdb top 250:0.26475
corruption:0.2635
dark hero:0.2635
suspense:0.26325
intense:0.25825
harsh:0.2575
oscar (best directing):0.25575
clever:0.25175
first contact:0.25075
stylized:0.245
police investigation:0.243
fight scenes:0.2395
social commentary:0.238
suprisingly clever:0.238
gangsters:0.238
runaway:0.23725
life & death:0.23675
queer:0.236
nocturnal:0.234
interesting:0.22975
plot twist:0.228
allegory:0.2275
pg-13:0.22575
