mummy:0.9865
egypt:0.978
action:0.95725
immortality:0.89425
big budget:0.8915
special effects:0.89125
franchise:0.88325
fantasy:0.8135
archaeology:0.7855
sequel:0.76975
action packed:0.7655
bad cgi:0.7575
adventure:0.73575
dragons:0.73025
predictable:0.71825
fight scenes:0.71475
horrible:0.71125
bad acting:0.68525
magic:0.68125
original:0.6725
pg-13:0.66675
crappy sequel:0.65825
sequels:0.65175
cgi:0.64675
dialogue:0.634
good action:0.62525
fantasy world:0.61575
mythology:0.612
so bad it's funny:0.606
video game adaptation:0.60225
superheroes:0.5285
bad script:0.52225
catastrophe:0.5175
dynamic cgi action:0.49725
mentor:0.495
bad plot:0.48775
silly:0.4765
better than expected:0.45925
silly fun:0.44925
natural disaster:0.43675
computer game:0.43225
story:0.42425
script:0.42375
video game:0.417
lone hero:0.401
fun:0.40025
plot:0.3985
transformation:0.39825
super hero:0.39775
swashbuckler:0.38775
bad:0.37525
great ending:0.3725
first contact:0.369
chase:0.367
cheesy:0.3615
disaster:0.36025
fighting:0.352
family:0.35125
life philosophy:0.3505
writers:0.3415
boring:0.33675
betrayal:0.3345
good:0.3335
pointless:0.33175
overrated:0.3285
destiny:0.328
plot holes:0.32725
ridiculous:0.32175
not funny:0.319
exciting:0.31875
adapted from:comic:0.30775
trilogy:0.307
series:0.30575
entirely dialogue:0.30475
disappointing:0.3035
parallel universe:0.3015
fun movie:0.29825
crude humor:0.29725
great:0.29075
pulp:0.28975
martial arts:0.28575
lame:0.28325
fast paced:0.28275
storytelling:0.28125
computer animation:0.278
girlie movie:0.27025
adaptation:0.26475
china:0.26325
brutality:0.26275
idiotic:0.261
entertaining:0.2595
based on a video game:0.259
technology:0.258
superhero:0.255
slapstick:0.25475
stupid:0.2545
very funny:0.25375
good versus evil:0.2535
visually stunning:0.25325
awful:0.2525
