splatter:0.9605
horror:0.954
low budget:0.913
original:0.77875
insanity:0.72425
predictable:0.70225
crazy:0.6875
twist ending:0.6845
creepy:0.6755
weird:0.6655
bloody:0.62675
great ending:0.612
vampire human love:0.611
gory:0.6095
scary:0.598
horrible:0.58825
slasher:0.58575
hospital:0.5765
gruesome:0.56775
demons:0.54675
brutality:0.54475
grindhouse:0.53175
psychological:0.53175
bad acting:0.53025
mad scientist:0.52775
twists & turns:0.52475
so bad it's funny:0.524
campy:0.52375
blood:0.51625
cult film:0.507
first contact:0.501
quirky:0.5
dialogue:0.49875
doctors:0.49125
fun movie:0.48
mental illness:0.47225
spiders:0.4645
bad plot:0.45825
pointless:0.457
bizarre:0.43025
twist:0.429
mentor:0.41775
cult classic:0.41775
sexualized violence:0.41625
pulp:0.41525
psychology:0.409
violence:0.409
based on a video game:0.4025
serial killer:0.40125
catastrophe:0.3955
absurd:0.38225
suspense:0.36725
camp:0.367
idiotic:0.363
psychiatry:0.3615
overrated:0.3495
not funny:0.34875
claustrophobic:0.347
violent:0.3395
sci fi:0.3385
adaptation:0.3355
monster:0.33125
disturbing:0.3305
enigmatic:0.32775
entirely dialogue:0.32675
teens:0.3225
intense:0.3155
weapons:0.312
fantasy world:0.31075
murder:0.31075
cannibalism:0.31
talky:0.30825
snakes:0.30575
special effects:0.3
sexy:0.2965
secrets:0.2955
fight scenes:0.2955
surprise ending:0.2925
surreal:0.29175
torture:0.28925
vengeance:0.289
cult:0.28825
life philosophy:0.2805
good soundtrack:0.2795
disaster:0.2765
bad ending:0.276
atmospheric:0.27225
plot twist:0.2705
slapstick:0.26975
big budget:0.26825
80s:0.268
destiny:0.268
police investigation:0.26775
clever:0.2675
silly fun:0.26675
stupid as hell:0.26425
entertaining:0.2625
boring:0.26125
dreamlike:0.26075
supernatural:0.2605
