sci-fi:0.99475
series:0.98825
space opera:0.988
space:0.984
scifi:0.96
sci fi:0.95225
firefly:0.94775
science fiction:0.93075
aliens:0.9005
great ending:0.87575
original:0.79475
first contact:0.7745
weapons:0.764
weird:0.759
story:0.72575
visually stunning:0.722
great:0.7005
futuristic:0.69125
storytelling:0.68625
dialogue:0.68625
complex:0.6745
plot:0.6585
based on a tv show:0.64225
social commentary:0.641
chase:0.615
bittersweet:0.57775
catastrophe:0.57325
made for tv:0.5725
war:0.568
destiny:0.5625
imagination:0.56225
betrayal:0.55725
visually appealing:0.54675
twists & turns:0.546
witty:0.54325
transformation:0.5385
death:0.536
big budget:0.528
giant robots:0.5225
cerebral:0.518
drama:0.5145
great dialogue:0.51275
franchise:0.51175
enigmatic:0.5115
sacrifice:0.4995
excellent:0.49875
cinematography:0.498
affectionate:0.49225
reflective:0.48525
mentor:0.483
gunfight:0.47225
survival:0.47
special effects:0.46875
light:0.4685
stylized:0.4675
awesome soundtrack:0.46575
imdb top 250:0.45825
dark hero:0.45625
future:0.45175
vengeance:0.4475
creativity:0.4455
allegory:0.445
movielens top pick:0.44275
melancholic:0.44075
fantasy world:0.436
suspense:0.43375
great movie:0.43325
suprisingly clever:0.43
emotional:0.4285
secrets:0.427
stunning:0.4255
visual:0.421
unlikely friendships:0.4205
unusual plot structure:0.4205
loneliness:0.4195
touching:0.41725
culture clash:0.416
redemption:0.41175
good soundtrack:0.409
clever:0.40675
amazing photography:0.40575
adaptation:0.402
alien:0.40075
parallel universe:0.40025
entirely dialogue:0.3995
writers:0.39875
adventure:0.39425
action:0.39
love story:0.39
violence:0.38975
quotable:0.38625
criterion:0.3825
nocturnal:0.38025
cult film:0.37625
dark:0.376
talky:0.3715
atmospheric:0.3715
forceful:0.3685
anti-hero:0.36825
mars:0.368
