lawyer:0.8475
thriller:0.81925
original:0.63025
lawyers:0.62175
bad plot:0.60925
excellent script:0.518
catastrophe:0.51225
courtroom:0.501
destiny:0.492
murder:0.4825
suspenseful:0.48075
life philosophy:0.47825
psychological:0.4705
predictable:0.4665
mentor:0.461
tense:0.45325
great:0.44
psychology:0.41025
so bad it's funny:0.3875
good:0.38675
police investigation:0.38675
suspense:0.38625
very interesting:0.38325
conspiracy:0.382
corruption:0.373
first contact:0.35525
internet:0.35475
natural disaster:0.35275
overrated:0.35075
runaway:0.333
dialogue:0.328
great ending:0.327
guilt:0.32175
not funny:0.313
lone hero:0.31
sexy:0.30825
nudity (full frontal - brief):0.29025
revenge:0.28125
women:0.2685
storytelling:0.262
scary:0.25775
fantasy world:0.2575
culture clash:0.2535
shallow:0.249
pg-13:0.249
entirely dialogue:0.2485
better than expected:0.2465
brutality:0.24575
intense:0.2455
erotic:0.23925
underrated:0.23825
chase:0.237
vengeance:0.23675
big budget:0.231
pornography:0.229
adaptation:0.22725
good soundtrack:0.2265
sacrifice:0.22625
plot:0.22525
multiple storylines:0.22475
vampire human love:0.22375
unfunny:0.22375
stereotypes:0.22375
story:0.2235
melancholic:0.223
manipulation:0.22075
fun movie:0.22
writers:0.21725
classic car:0.213
nudity (rear):0.2125
girlie movie:0.21075
drama:0.20925
good action:0.20875
clever:0.207
very funny:0.20675
justice:0.2055
satirical:0.19975
happy ending:0.19925
excellent:0.19425
crude humor:0.19325
obsession:0.19075
twists & turns:0.19
disaster:0.188
adapted from:book:0.18775
family:0.18725
cute:0.1855
80s:0.18525
redemption:0.1845
doctors:0.182
fight scenes:0.18175
irish accent:0.18125
twist ending:0.179
fun:0.179
exceptional acting:0.178
oscar (best directing):0.1775
life & death:0.1775
slapstick:0.1775
pulp:0.1765
crime:0.1765
divorce:0.1745
