obsession:0.9195
london:0.90225
non-hollywood ending:0.8915
adultery:0.87925
police investigation:0.875
infidelity:0.87225
relationships:0.8705
cerebral:0.864
interesting:0.85825
twists & turns:0.8515
twist:0.8385
crime:0.8235
drama:0.82175
complex:0.8205
great ending:0.81275
twist ending:0.808
complicated:0.808
murder mystery:0.80025
original:0.7855
great acting:0.779
england:0.7785
dialogue:0.7685
moral ambiguity:0.76625
greed:0.76
murder:0.75925
excellent script:0.752
suspense:0.7335
dark:0.72625
clever:0.723
guilt:0.722
intense:0.72175
enigmatic:0.7095
plot twist:0.7055
good acting:0.691
storytelling:0.69025
secrets:0.68725
psychological:0.68375
intellectual:0.67525
character study:0.67075
loneliness:0.66525
noir thriller:0.66475
social commentary:0.65875
talky:0.65775
very interesting:0.6555
sexy:0.654
sexualized violence:0.64975
plot:0.6415
cinematography:0.6385
oscar (best actress):0.633
betrayal:0.62275
passionate:0.62125
tragedy:0.616
irish accent:0.611
good:0.60725
dialogue driven:0.60575
visually appealing:0.6045
thriller:0.6035
good soundtrack:0.60325
british:0.59675
intimate:0.58875
manipulation:0.5845
corruption:0.58275
dramatic:0.57175
tense:0.57025
destiny:0.56875
entirely dialogue:0.5675
justice:0.56275
pornography:0.5575
bad ending:0.554
intelligent:0.5505
exceptional acting:0.54875
oscar (best directing):0.54875
love triangles:0.54525
psychology:0.5435
cheating:0.54275
oscar (best supporting actress):0.52225
thought-provoking:0.51925
powerful ending:0.50825
investigation:0.50775
unusual plot structure:0.50475
nonlinear:0.49625
affectionate:0.495
witty:0.49425
life philosophy:0.491
complex characters:0.48575
best of 2005:0.48525
romantic:0.47675
mentor:0.476
criterion:0.4735
suspenseful:0.4735
brutality:0.46825
culture clash:0.46725
weird:0.466
very good:0.4615
golden palm:0.45975
imdb top 250:0.45775
stylish:0.457
romance:0.452
narrated:0.4515
bleak:0.45125
