parody:0.89325
latin america:0.876
spoof:0.84925
splatter:0.83175
spanish:0.702
original:0.68675
saturday night live:0.66475
comedy:0.6425
goofy:0.59225
funny as hell:0.5305
satirical:0.5245
farce:0.5205
so bad it's funny:0.50525
silly fun:0.4995
satire:0.49875
absurd:0.4785
very funny:0.47225
humorous:0.4575
stupidity:0.44625
storytelling:0.4325
catastrophe:0.42475
life & death:0.406
slapstick:0.4055
finnish:0.37975
weird:0.37925
mentor:0.3745
quirky:0.371
pointless:0.37
predictable:0.36925
dialogue:0.3685
fantasy world:0.36425
silly:0.353
funny:0.35075
adaptation:0.3435
stupid:0.33825
violence:0.33225
fight scenes:0.331
great ending:0.33
cinematography:0.32725
hilarious:0.3195
writers:0.31725
entirely dialogue:0.31275
gangsters:0.312
clever:0.31175
brutality:0.3105
destiny:0.308
grindhouse:0.3035
stylized:0.303
surreal:0.2975
mexico:0.29725
crude humor:0.29225
revenge:0.29
existentialism:0.286
good soundtrack:0.28225
first contact:0.2785
too long:0.272
stereotypes:0.26725
ridiculous:0.26625
sexy:0.26625
fun movie:0.266
lone hero:0.2635
unusual plot structure:0.26325
violent:0.2605
greed:0.2595
criterion:0.25625
humor:0.256
overrated:0.2535
story:0.2525
drama:0.2485
passionate:0.2475
sci fi:0.2475
runaway:0.247
suprisingly clever:0.2465
bad plot:0.24325
weapons:0.24225
life philosophy:0.24125
visually appealing:0.2405
stupid as hell:0.24025
romance:0.2395
dramatic:0.23875
marijuana:0.23725
visual:0.23575
pornography:0.23525
enigmatic:0.23525
nudity (full frontal - brief):0.23375
talky:0.2325
redemption:0.229
dysfunctional family:0.22825
art:0.2245
melancholic:0.22
adapted from:book:0.2195
creativity:0.219
special effects:0.219
pg-13:0.214
great:0.2125
death:0.2115
fun:0.21125
unfunny:0.21075
vengeance:0.2085
harsh:0.20775
