police:0.9885
heist:0.9805
crime:0.9765
police corruption:0.97
corruption:0.94925
bank robbery:0.94125
intense:0.93775
ensemble cast:0.9215
detective:0.9155
mafia:0.8995
twists & turns:0.8955
police investigation:0.885
violence:0.88075
organized crime:0.8705
mob:0.87025
tense:0.85375
suspense:0.84475
gangsters:0.835
complex:0.825
chase:0.81675
original:0.80125
violent:0.789
greed:0.78275
action:0.75675
twist:0.75375
complicated plot:0.74925
suspenseful:0.74575
investigation:0.6995
thriller:0.6875
gritty:0.68625
caper:0.6825
realistic action:0.677
interesting:0.66225
great ending:0.6595
foul language:0.6515
noir thriller:0.64975
buddy movie:0.64375
predictable:0.63075
drama:0.62125
undercover cop:0.62025
brutality:0.61925
absurd:0.61175
weapons:0.6065
story:0.605
dark:0.59825
plot twist:0.598
boston:0.59525
pointless:0.576
dialogue:0.57325
gangs:0.565
gangster:0.562
pornography:0.56025
clever:0.55575
plot:0.55525
anti-hero:0.555
underrated:0.5535
cinematography:0.54925
fbi:0.54375
murder:0.5415
plot holes:0.5405
stylized:0.5375
mindfuck:0.5375
drinking:0.527
kidnapping:0.5235
harsh:0.52225
survival:0.52025
good:0.51975
revenge:0.51175
hitman:0.5115
psychological:0.50425
robbery:0.4995
los angeles:0.497
road movie:0.4865
fast paced:0.47925
crime gone awry:0.47675
death:0.4735
russian:0.4655
twist ending:0.4635
brutal:0.463
forceful:0.45775
serial killer:0.4565
sexualized violence:0.44725
torture:0.4405
justice:0.43975
gunfight:0.43725
goofy:0.43125
life philosophy:0.4275
complicated:0.421
mentor:0.4205
storytelling:0.42025
honest:0.4095
good soundtrack:0.40725
bleak:0.40725
betrayal:0.40625
not funny:0.399
weird:0.39525
nudity (full frontal - notable):0.3915
catastrophe:0.39025
action packed:0.389
realistic:0.38775
