cooking:0.9855
germany:0.9815
loneliness:0.83975
foreign:0.83025
german:0.8205
food:0.79325
feel-good:0.78375
culture clash:0.7795
beautifully filmed:0.7615
reflective:0.759
relationships:0.72225
touching:0.71375
feel good movie:0.7055
life philosophy:0.65075
mentor:0.64875
original:0.631
melancholic:0.6275
chick flick:0.62275
bittersweet:0.61625
redemption:0.61375
dramatic:0.6135
heartwarming:0.59225
happy ending:0.5875
drama:0.5855
transformation:0.5795
destiny:0.557
sweet:0.55675
idealism:0.54975
suprisingly clever:0.5445
great acting:0.53725
life:0.53575
italy:0.5345
romance:0.5325
emotional:0.53025
drinking:0.5295
good:0.528
wine:0.526
beautiful scenery:0.51725
good soundtrack:0.51675
romantic:0.5165
solitude:0.515
italian:0.49975
unlikely friendships:0.47975
romantic comedy:0.47425
great:0.46175
life & death:0.459
passionate:0.45725
good acting:0.453
stereotypes:0.448
existentialism:0.442
story:0.43875
friendship:0.4365
art:0.434
catastrophe:0.43325
intimate:0.43
childhood:0.4265
adoption:0.41475
oscar (best foreign language film):0.40825
great ending:0.4
visually appealing:0.3965
pg-13:0.39325
realistic:0.38525
dialogue:0.38325
storytelling:0.383
better than expected:0.378
literature:0.377
fight scenes:0.37675
creativity:0.37525
love:0.37325
unusual plot structure:0.37325
bollywood:0.3715
tragedy:0.35825
family drama:0.354
world war ii:0.35275
artistic:0.349
magic realism:0.348
runaway:0.34375
girlie movie:0.34025
grindhouse:0.3395
adaptation:0.3305
not funny:0.32325
bad ending:0.32075
segregation:0.32075
quirky:0.319
visually stunning:0.31475
sentimental:0.31375
love story:0.31325
entirely dialogue:0.30925
beautiful:0.30825
movielens top pick:0.30775
humorous:0.30325
very good:0.299
good dialogue:0.298
self discovery:0.296
depression:0.29525
comedy:0.29375
secrets:0.2935
affectionate:0.293
social commentary:0.289
harsh:0.2785
