criterion:0.991
black and white:0.92425
affectionate:0.90975
romance:0.865
eccentricity:0.862
enigmatic:0.854
life & death:0.8295
romantic:0.8165
beautiful scenery:0.8045
scotland:0.799
whimsical:0.76525
oscar (best supporting actress):0.73475
love story:0.7285
wartime:0.72025
beautifully filmed:0.71925
oscar (best actress):0.719
talky:0.70825
intimate:0.69375
lyrical:0.68475
melancholy:0.68025
sweet:0.6425
golden palm:0.627
breathtaking:0.62375
original:0.61825
atmospheric:0.60875
witty:0.6055
life philosophy:0.59125
island:0.57675
love:0.576
romantic comedy:0.5735
imdb top 250:0.5465
sexy:0.54425
unusual plot structure:0.53425
reflective:0.5325
downbeat:0.5275
photography:0.52175
cinematography:0.5215
colourful:0.51225
passionate:0.50575
masterpiece:0.5055
meditative:0.505
runaway:0.5015
grindhouse:0.49775
poignant:0.49775
entirely dialogue:0.4865
relationships:0.48125
understated:0.476
classic:0.4735
harsh:0.46775
solitude:0.4675
bleak:0.4645
obsession:0.46325
screwball comedy:0.45575
loneliness:0.448
perfect:0.44725
suprisingly clever:0.44425
satirical:0.43775
screwball:0.43475
dreamlike:0.42175
moody:0.42025
earnest:0.4195
queer:0.41625
costume drama:0.416
melancholic:0.414
cynical:0.41325
gunfight:0.4125
light:0.4
catastrophe:0.39925
artistic:0.3975
dialogue:0.3925
dreams:0.39175
stranded:0.3895
crime gone awry:0.38825
british:0.3605
cerebral:0.359
marriage:0.358
quirky:0.355
idealism:0.355
19th century:0.35425
classic car:0.34625
biting:0.3455
bittersweet:0.34325
magic realism:0.34225
art:0.3285
hotel:0.3275
not funny:0.324
divorce:0.322
oscar (best directing):0.32175
stunning:0.32
oscar (best foreign language film):0.309
adultery:0.3065
beautiful:0.30275
complex characters:0.302
mentor:0.3015
london:0.289
silent:0.2885
trains:0.2885
allegory:0.28475
great:0.282
love triangles:0.277
