animals:0.93825
heist:0.934
animation:0.89125
animated:0.86625
animal movie:0.85125
computer animation:0.82975
cartoon:0.78875
creativity:0.76025
visually appealing:0.7155
talking animals:0.631
original:0.627
nudity (topless - notable):0.59975
plot:0.578
rats:0.574
predictable:0.553
unlikeable characters:0.53075
dialogue:0.52225
enormously long battle scene:0.49375
horrible:0.48825
redemption:0.473
bad cgi:0.472
catastrophe:0.4565
pointless:0.447
bad plot:0.4445
male nudity:0.427
culture clash:0.424
franchise:0.4075
betrayal:0.3965
great ending:0.39525
bad ending:0.391
so bad it's funny:0.38825
pornography:0.38275
good:0.38025
caper:0.3775
not funny:0.373
mentor:0.3615
pg-13:0.35125
slapstick:0.34775
story:0.3435
bullshit history:0.343
good soundtrack:0.34
giant robots:0.33875
nudity (topless):0.33425
police corruption:0.33175
vengeance:0.32425
life philosophy:0.3205
robbery:0.31525
no plot:0.3145
visual:0.3085
action:0.30075
family:0.289
kids:0.28875
nudity (full frontal - brief):0.28575
entirely dialogue:0.28275
judaism:0.2785
crime gone awry:0.2785
crude humor:0.2775
unfunny:0.277
fight scenes:0.27675
first contact:0.2755
simple:0.27075
brutality:0.27025
weird:0.269
technology:0.26725
very funny:0.2665
gangsters:0.264
big budget:0.26075
chase:0.25925
complex:0.25825
action packed:0.25725
humorous:0.257
visually stunning:0.255
jungle:0.25425
adventure:0.25275
clever:0.2525
runaway:0.24675
cute!:0.246
shallow:0.2445
good action:0.24175
kidnapping:0.24075
entertaining:0.23725
unlikely friendships:0.23625
3d:0.23425
destiny:0.2335
adaptation:0.23325
storytelling:0.2315
police investigation:0.2315
anti-hero:0.22825
lone hero:0.22775
disaster:0.226
overrated:0.22525
criterion:0.2225
nocturnal:0.22225
melancholic:0.22225
teens:0.22175
beautiful scenery:0.21725
stereotypes:0.217
greed:0.21675
solitude:0.216
dumb:0.21325
