good soundtrack:0.865
relationships:0.86475
original:0.85275
very interesting:0.837
catholicism:0.836
brutality:0.81
storytelling:0.78525
talky:0.781
criterion:0.77575
stylish:0.77225
narrated:0.77025
cinematography:0.76775
violence:0.74775
depression:0.7475
dreams:0.74725
independent film:0.739
redemption:0.72925
runaway:0.7275
mentor:0.7205
nocturnal:0.71675
golden palm:0.707
surreal:0.705
psychology:0.69275
obsession:0.6875
melancholic:0.672
guilt:0.666
great ending:0.65075
character study:0.65025
vengeance:0.64275
masterpiece:0.6415
violent:0.63325
directorial debut:0.6235
adapted from:book:0.614
gangsters:0.5985
adaptation:0.59425
drama:0.58975
enigmatic:0.58325
harsh:0.582
social commentary:0.566
pornography:0.564
nudity (topless):0.5595
intellectual:0.558
intimate:0.55225
loneliness:0.5505
dialogue:0.54825
interesting:0.54025
weird:0.53825
stylized:0.53675
passionate:0.5355
brutal:0.53475
existentialism:0.5345
psychological:0.534
nudity:0.53175
artsy:0.526
complex:0.51225
intense:0.5075
gritty:0.5045
revenge:0.50225
oscar (best supporting actress):0.50025
friendship:0.5
male nudity:0.4995
serial killer:0.49275
insanity:0.488
reflective:0.487
disturbing:0.48225
justice:0.48225
great:0.482
based on a book:0.48175
great movie:0.47925
morality:0.47775
new jersey:0.477
moral ambiguity:0.467
gangs:0.46625
crime gone awry:0.4595
multiple storylines:0.45125
memory:0.4505
grindhouse:0.44475
1960s:0.44425
sexy:0.44025
secrets:0.4325
bleak:0.43075
unlikely friendships:0.42825
oscar (best actress):0.42825
based on a play:0.428
visually appealing:0.427
light:0.4235
corruption:0.41875
dramatic:0.41775
pointless:0.416
complex characters:0.41575
low budget:0.4155
biting:0.41125
death:0.41025
identity:0.41025
black and white:0.40975
classic car:0.4095
mental illness:0.4055
grim:0.3995
realistic:0.397
melancholy:0.39525
