romantic comedy:0.968
romantic:0.96775
love story:0.93775
romance:0.937
sweet:0.85625
1980s:0.84925
girlie movie:0.8345
fun:0.82425
love:0.79
fun movie:0.7695
whimsical:0.76025
original:0.74825
happy ending:0.744
chick flick:0.724
comedy:0.723
fantasy:0.72275
fairy tale:0.71725
cute:0.69825
destiny:0.687
feel-good:0.68475
family:0.6695
nudity (rear):0.669
cute!:0.66825
fish:0.65875
light:0.6515
new york city:0.63925
80s:0.63775
beautiful scenery:0.6355
childhood:0.63275
great:0.6285
oscar (best writing - screenplay written directly for the screen):0.6265
relationships:0.6215
chase:0.62125
sexy:0.6125
new york:0.60725
heartwarming:0.6035
great movie:0.5925
funny:0.565
good:0.55775
nudity (topless - brief):0.54375
feel good movie:0.54275
sappy:0.5425
shopping:0.532
great ending:0.52475
predictable:0.5245
mentor:0.52
story:0.5175
adventure:0.5135
dialogue:0.51025
mythology:0.49025
sentimental:0.4845
classic:0.4825
runaway:0.47025
very funny:0.45725
pg-13:0.4495
good romantic comedies:0.44275
mad scientist:0.4425
boat:0.441
underwater:0.43525
culture clash:0.43525
clever:0.4265
goofy:0.42025
island:0.41875
catastrophe:0.41525
beautiful:0.405
betrayal:0.40225
nostalgic:0.394
good soundtrack:0.39175
quotable:0.391
great acting:0.38775
pg:0.3855
switching places:0.37075
transformation:0.37075
immortality:0.36525
lone hero:0.36075
fairy tales:0.3555
touching:0.35425
scenic:0.3515
silly fun:0.35
suspense:0.34825
children:0.3455
adaptation:0.33975
california:0.33875
overrated:0.33825
teen movie:0.3355
not funny:0.335
life philosophy:0.33425
good action:0.332
kids:0.33025
unfunny:0.327
entertaining:0.32575
women:0.32325
obsession:0.323
suprisingly clever:0.321
storytelling:0.31925
unlikely friendships:0.31875
oscar (best supporting actress):0.3155
quirky:0.315
fantasy world:0.3145
brutality:0.31125
