islam:0.9365
historical:0.916
adventure:0.8975
history:0.876
desert:0.838
africa:0.81975
us history:0.80525
lions:0.795
based on true story:0.78925
beautiful scenery:0.75825
kidnapping:0.721
courage:0.7175
betrayal:0.7155
true story:0.68475
romance:0.68025
original:0.663
romantic:0.65525
politics:0.6485
great:0.64175
factual:0.624
love story:0.6205
foreign:0.61625
fascism:0.61125
weapons:0.61
cinematography:0.60675
middle east:0.605
oscar (best cinematography):0.58925
great movie:0.58825
epic:0.585
gunfight:0.578
dramatic:0.55675
political:0.55475
colonialism:0.5535
1930s:0.54175
idealism:0.5415
runaway:0.53675
greed:0.52025
drinking:0.507
70mm:0.5055
culture clash:0.50475
great ending:0.50225
photography:0.50075
forceful:0.49475
based on a true story:0.491
brutality:0.48875
oscar (best directing):0.4775
suprisingly clever:0.47175
catastrophe:0.4645
world politics:0.4615
story:0.453
wartime:0.449
dialogue:0.447
mentor:0.44225
president:0.4415
german:0.44125
germany:0.43825
sacrifice:0.42975
breathtaking:0.41775
transformation:0.41575
destiny:0.4155
beautifully filmed:0.4085
assassination:0.40725
talky:0.406
horses:0.399
movielens top pick:0.39825
life & death:0.3865
drama:0.3845
loneliness:0.3825
melancholic:0.3635
ethnic conflict:0.36225
propaganda:0.362
revolution:0.36025
world war i:0.35825
life philosophy:0.35725
pg-13:0.35625
spanish:0.354
scenic:0.3535
criterion:0.35325
justice:0.35
twists & turns:0.3425
oscar (best supporting actress):0.342
not funny:0.342
harsh:0.3405
very interesting:0.339
good:0.3385
hunting:0.335
corruption:0.33225
good soundtrack:0.3265
nudity (full frontal - brief):0.3235
biographical:0.32075
lone hero:0.31925
classic car:0.31825
vengeance:0.3155
great cinematography:0.31475
prejudice:0.314
action:0.3135
indians:0.3135
good acting:0.3115
censorship:0.3015
clever:0.2995
