alien:0.96075
feel-good:0.92525
spielberg:0.9175
sweet:0.9175
cute:0.915
aliens:0.91
feel good movie:0.881
good:0.858
children:0.845
sentimental:0.83825
heartwarming:0.838
nostalgic:0.802
childhood:0.782
original:0.78
destiny:0.77
robot:0.7695
cute!:0.76875
family:0.75925
first contact:0.74425
kids and family:0.7435
robots:0.74275
sappy:0.737
fun:0.7195
special effects:0.7085
story:0.70725
fun movie:0.688
kids:0.67625
touching:0.664
computer animation:0.65225
fantasy:0.647
adventure:0.64325
light:0.63925
sci fi:0.636
so bad it's funny:0.6345
catastrophe:0.62725
bittersweet:0.60625
scifi:0.60525
simple:0.596
storytelling:0.5905
family drama:0.5885
science fiction:0.57925
life philosophy:0.5735
redemption:0.57175
alien invasion:0.56375
mentor:0.54825
great ending:0.5455
fairy tale:0.5355
technology:0.53025
whimsical:0.52875
runaway:0.52625
imagination:0.52325
entertaining:0.51975
chase:0.508
existentialism:0.50625
greed:0.50575
creativity:0.499
sci-fi:0.4945
natural disaster:0.4865
space:0.485
big budget:0.48125
plot holes:0.47175
happy ending:0.465
not funny:0.46075
romantic:0.4555
culture clash:0.455
emotional:0.454
thought-provoking:0.45225
comedy:0.452
memory loss:0.44975
predictable:0.443
inspirational:0.4415
visually stunning:0.428
dialogue:0.426
great:0.4255
very good:0.42275
fantasy world:0.417
pg-13:0.411
magic:0.40925
good soundtrack:0.4025
beautiful scenery:0.39925
memory:0.39425
underrated:0.3905
plot:0.38625
silly:0.38275
unusual plot structure:0.37825
transformation:0.37775
single father:0.377
clever:0.37125
great acting:0.366
hawaii:0.3625
tear jerker:0.3565
effects:0.35275
lone hero:0.35225
80s:0.3515
humanity:0.3505
sad but good:0.35025
utopia:0.34575
android(s)/cyborg(s):0.34275
survival:0.3425
dynamic cgi action:0.34225
