classic:0.975
marx brothers:0.96925
comedy:0.8835
talky:0.84675
goofy:0.84575
criterion:0.81925
irreverent:0.819
imdb top 250:0.812
screwball:0.812
afi 100 (laughs):0.79725
football:0.79025
original:0.78675
absurd:0.757
brothers:0.756
humorous:0.7485
funniest movies:0.7455
drinking:0.739
hilarious:0.72525
highly quotable:0.72075
oscar (best actress):0.7205
funny:0.71675
fun movie:0.714
humor:0.68425
black and white:0.6715
musical:0.671
farce:0.664
witty:0.64725
slapstick:0.64575
satire:0.6345
runaway:0.628
silent:0.62225
college:0.61625
affectionate:0.60875
hotel:0.59675
clever:0.59325
oscar (best supporting actress):0.59225
quotable:0.58875
surreal:0.588
social commentary:0.58375
dialogue:0.58225
very funny:0.58225
oscar (best directing):0.58
gangsters:0.56575
afi 100 (movie quotes):0.56075
culture clash:0.5605
great movie:0.5565
cult classic:0.55425
chase:0.53875
corruption:0.5345
crime gone awry:0.5325
prohibition:0.53125
great:0.529
funny as hell:0.5265
mentor:0.52375
atmospheric:0.5205
movielens top pick:0.51675
good:0.51
light:0.5095
adapted from:book:0.50825
dark hero:0.5005
unusual plot structure:0.4965
earnest:0.494
story:0.49375
surrealism:0.4925
stylized:0.488
good soundtrack:0.48425
artistic:0.4795
immortality:0.47675
golden palm:0.47675
suprisingly clever:0.4715
adaptation:0.4695
satirical:0.46825
insanity:0.4625
assassination:0.461
fight scenes:0.461
mob:0.452
opera:0.44925
fun:0.44875
childhood:0.44875
nocturnal:0.44525
british:0.44375
deadpan:0.4405
perfect:0.435
storytelling:0.43275
catastrophe:0.42775
tense:0.42575
visually appealing:0.4225
great ending:0.42225
melancholy:0.42225
obsession:0.413
very good:0.413
secrets:0.4125
macabre:0.41075
sexy:0.39575
visual:0.39325
based on a play:0.392
alter ego:0.38925
narrated:0.38775
cinematography:0.3865
murder:0.383
