hit men:0.9955
assassin:0.95625
action:0.9055
mafia:0.90525
organized crime:0.8945
fast paced:0.891
violence:0.888
israel:0.86325
gratuitous violence:0.861
twist ending:0.85075
hitman:0.8365
violent:0.8365
ensemble cast:0.832
plot twist:0.83025
stylish:0.8295
original:0.79775
good soundtrack:0.77375
action packed:0.77375
gangsters:0.7545
cool:0.7535
twists & turns:0.75075
good action:0.73175
dialogue:0.71675
assassination:0.66675
brutality:0.6665
plot:0.666
vengeance:0.6615
bloody:0.654
life philosophy:0.6505
complex:0.64925
splatter:0.64775
guns:0.6415
mob:0.6385
caper:0.63425
pointless:0.63325
undercover cop:0.6285
buddy movie:0.627
pulp:0.6225
great ending:0.61975
las vegas:0.617
mentor:0.61625
intense:0.61475
gunfight:0.605
complicated plot:0.6035
stylized:0.5975
absurd:0.57475
storytelling:0.57225
visceral:0.5695
murder:0.56425
entertaining:0.564
crime:0.56175
twist:0.554
nudity (topless):0.543
pg-13:0.5395
stereotypes:0.53225
chase:0.53225
fight scenes:0.53
clever:0.52725
betrayal:0.52475
revenge:0.52175
plot holes:0.517
alternate endings:0.5165
catastrophe:0.51575
predictable:0.5125
great acting:0.51125
assassins:0.5105
weapons:0.50725
gory:0.507
entirely dialogue:0.50625
corruption:0.506
gangster:0.495
story:0.4935
multiple storylines:0.4885
redemption:0.487
drugs:0.4835
good:0.48175
good dialogue:0.475
silly:0.457
ridiculous:0.4495
bad acting:0.439
heist:0.43125
better than expected:0.4305
big budget:0.4275
suspense:0.42525
no plot:0.423
dark humor:0.4205
shallow:0.42025
torture:0.4135
blood:0.4115
bad ending:0.4085
so bad it's funny:0.40775
crime gone awry:0.405
quirky:0.40275
paranoid:0.4015
grindhouse:0.40075
confusing:0.39925
anti-hero:0.39375
visually appealing:0.39275
brothers:0.386
justice:0.38575
