best war films:0.97725
world war ii:0.9695
wwii:0.95275
war:0.8645
war movie:0.7405
original:0.72625
fun movie:0.72325
japanese:0.715
sacrifice:0.636
ensemble cast:0.61625
excellent:0.605
ethnic conflict:0.60425
wartime:0.588
good versus evil:0.52225
mentor:0.5155
family drama:0.50475
brutality:0.498
betrayal:0.46
lone hero:0.453
great ending:0.45025
idealism:0.4385
good action:0.43725
western:0.43575
catastrophe:0.43275
mad scientist:0.42425
dialogue:0.423
cold war:0.41925
runaway:0.4145
realistic:0.4095
courage:0.40725
british:0.40625
melancholic:0.40075
life philosophy:0.3965
not funny:0.3755
story:0.368
drama:0.365
historical:0.35725
camp:0.35675
gunfight:0.35425
good:0.3485
world war i:0.34525
great movie:0.34275
prejudice:0.3305
nocturnal:0.3285
anti-war:0.3275
fun:0.327
absurd:0.32675
oscar (best supporting actor):0.32675
murder:0.3265
torture:0.31825
nostalgic:0.31325
revenge:0.31125
island:0.31
spy:0.30025
adapted from:book:0.299
drinking:0.298
beautiful scenery:0.2975
assassin:0.29575
swashbuckler:0.291
redemption:0.2895
civil war:0.2895
mythology:0.28875
great:0.28725
fantasy world:0.2855
bad plot:0.28475
fairy tale:0.282
weird:0.28025
bombs:0.27975
good soundtrack:0.2795
psychology:0.27925
adaptation:0.279
crude humor:0.27825
nerds:0.2775
harsh:0.2735
teens:0.272
pornography:0.27025
afi 100 (movie quotes):0.269
propaganda:0.26875
intimate:0.2675
chase:0.26375
awesome soundtrack:0.2635
desert:0.262
crime gone awry:0.25825
action:0.258
prison escape:0.2565
apocalypse:0.25475
police investigation:0.253
destiny:0.2525
corny:0.2515
suprisingly clever:0.25125
prison:0.251
talky:0.2485
teen movie:0.246
vengeance:0.246
psychological:0.24525
fighting:0.24025
visual:0.23825
anti-hero:0.238
cinematography:0.237
greed:0.2355
