silent:0.97075
affectionate:0.91425
criterion:0.888
imdb top 250:0.8875
afi 100 (laughs):0.80825
talky:0.80575
classic:0.782
original:0.77975
deadpan:0.75025
runaway:0.72325
comedy:0.698
humorous:0.667
black and white:0.65425
boat:0.63825
enigmatic:0.62975
great:0.628
gunfight:0.61375
bleak:0.603
golden palm:0.59925
oscar (best supporting actress):0.58875
witty:0.5745
visually appealing:0.57075
movielens top pick:0.5695
unusual plot structure:0.55875
breathtaking:0.555
grim:0.54325
light:0.53675
island:0.536
downbeat:0.535
culture clash:0.53425
allegory:0.53075
masterpiece:0.52925
farce:0.5285
assassination:0.52525
atmospheric:0.522
tense:0.52075
absurd:0.51825
greed:0.51625
cinematography:0.51425
suprisingly clever:0.5125
eccentricity:0.5115
obsession:0.50975
weird:0.50175
free to download:0.4955
childhood:0.4935
perfect:0.47625
clever:0.471
slapstick:0.46625
oscar (best directing):0.464
paris:0.46325
melancholy:0.46025
musical:0.45225
very good:0.45025
character study:0.4495
dialogue:0.44875
forceful:0.44825
oscar (best foreign language film):0.448
beautifully filmed:0.44675
oscar (best actress):0.43525
poignant:0.43375
melancholic:0.42925
futuristic:0.4205
intimate:0.41075
police investigation:0.4095
grindhouse:0.40775
afi 100 (movie quotes):0.407
self discovery:0.407
stranded:0.4035
mentor:0.403
short:0.403
dramatic:0.40075
insanity:0.40075
based on a play:0.4
hilarious:0.3995
sweet:0.39525
highly quotable:0.393
cynical:0.39275
funny as hell:0.39275
catastrophe:0.3865
whimsical:0.3805
great ending:0.3785
eerie:0.37575
good:0.37425
story:0.36725
artistic:0.36425
funny:0.361
earnest:0.359
social commentary:0.3565
fun movie:0.354
drama:0.3515
nudity (full frontal - brief):0.35125
stylized:0.3505
surveillance:0.34625
road movie:0.34625
suspense:0.34575
bittersweet:0.3425
hospital:0.34225
storytelling:0.34025
maze:0.33825
very funny:0.33725
