space:0.99775
space travel:0.995
science fiction:0.99225
sci-fi:0.985
scifi:0.9735
astronauts:0.9565
sci fi:0.954
based on book:0.93525
space opera:0.93475
cold war:0.931
based on a book:0.92925
visual:0.9115
sequel:0.9085
adapted from:book:0.88
good sequel:0.87725
future:0.87125
first contact:0.86825
intelligent sci-fi:0.8675
technology:0.86625
futuristic:0.862
cerebral:0.8605
visually stunning:0.8515
sequels:0.83425
aliens:0.82925
special effects:0.826
original:0.811
science:0.7965
nasa:0.7825
visually appealing:0.743
alien:0.7355
original plot:0.72975
story:0.712
good:0.70625
catastrophe:0.67175
dialogue:0.671
storytelling:0.663
enigmatic:0.6615
book was better:0.66075
effects:0.6465
weapons:0.6355
big budget:0.63075
destiny:0.6135
world politics:0.61225
humanity:0.597
artificial intelligence:0.5895
transformation:0.58875
paranoia:0.583
adventure:0.572
mars:0.57
nuclear war:0.5675
great ending:0.567
interesting:0.56625
greed:0.56425
masterpiece:0.55775
thought-provoking:0.5415
mentor:0.536
philosophical:0.53075
books:0.52975
philosophy:0.52225
underrated:0.5175
visuals:0.51575
cinematography:0.51475
narrated:0.51325
adaptation:0.51175
distopia:0.5055
70mm:0.497
dynamic cgi action:0.4885
slow paced:0.47875
plot:0.4755
bad ending:0.473
suspense:0.46725
computers:0.4635
intellectual:0.462
breathtaking:0.45575
allegory:0.455
chase:0.45075
imagination:0.4475
life philosophy:0.44425
crappy sequel:0.444
franchise:0.43975
mythology:0.435
nudity (full frontal - brief):0.434
book:0.433
pg-13:0.42775
intense:0.42575
end of the world:0.42475
kubrick:0.4235
beautiful scenery:0.422
virtual reality:0.42125
stylized:0.41775
dystopia:0.414
good acting:0.41375
light:0.413
russian:0.4055
complex:0.40475
existentialism:0.4045
pointless:0.404
talky:0.40375
very good:0.4035
bad science:0.39925
