horrible:0.958
predictable:0.9455
bad acting:0.94
so bad it's funny:0.91275
music business:0.897
hip hop:0.88925
bad plot:0.88375
rags to riches:0.84925
original:0.8455
musicians:0.83925
awful:0.834
pointless:0.8325
bittersweet:0.8195
bad:0.8175
family:0.81525
lame:0.752
shallow:0.73275
idiotic:0.7265
cult film:0.72075
good soundtrack:0.689
camp:0.66675
overrated:0.66475
passionate:0.641
feel-good:0.63975
emotional:0.6335
great ending:0.627
disaster:0.6265
music:0.623
campy:0.617
mentor:0.61325
80s:0.60425
feel good movie:0.60025
writers:0.5995
first contact:0.599
story:0.59825
death:0.59375
dialogue:0.58875
cheesy:0.572
bad ending:0.55675
boring:0.55625
ridiculous:0.5435
fantasy:0.52175
touching:0.51825
love story:0.518
fantasy world:0.509
fight scenes:0.50425
remake:0.498
childhood:0.496
dreamlike:0.488
catastrophe:0.488
romantic:0.48725
destiny:0.48475
stereotypes:0.4805
violence:0.4755
entirely dialogue:0.47125
unlikely friendships:0.46975
good dialogue:0.4695
stupid as hell:0.4575
light:0.45675
melancholic:0.45225
brutality:0.451
nocturnal:0.45025
adaptation:0.45025
musical:0.448
girlie movie:0.446
based on a book:0.44575
boring!:0.44525
justice:0.44375
happy ending:0.44225
fun:0.442
good music:0.43575
silly:0.43475
not funny:0.4345
quirky:0.4295
sci fi:0.426
redemption:0.42325
runaway:0.41975
splatter:0.41925
slapstick:0.41775
nudity (topless - notable):0.41725
bad cgi:0.4165
dreams:0.4065
script:0.4045
sexy:0.40375
twist ending:0.4
plot holes:0.4
suspense:0.4
action:0.39725
great acting:0.395
chase:0.3945
honest:0.39425
bad script:0.38875
fun movie:0.388
crappy sequel:0.3875
stylized:0.38675
romance:0.3855
loneliness:0.38375
storytelling:0.381
road movie:0.3805
cinematography:0.38
