high school:0.96775
teen movie:0.96575
teen:0.95
off-beat comedy:0.92625
manipulation:0.86325
good soundtrack:0.8395
pornography:0.839
black comedy:0.7835
dark comedy:0.7415
sexual:0.72625
independent film:0.70875
teenagers:0.6945
teenager:0.6915
powerful ending:0.67675
original:0.631
teacher:0.6225
satire:0.61475
revenge:0.6025
suicide:0.5955
satirical:0.59175
adolescence:0.58275
dialogue:0.5715
loneliness:0.5475
cheerleading:0.5455
ironic:0.5345
teens:0.534
sex:0.5175
stereotypes:0.515
indie:0.50725
sexy:0.49375
mentor:0.49
twists & turns:0.47
betrayal:0.4625
runaway:0.45375
social commentary:0.45325
great ending:0.4495
catastrophe:0.44575
dysfunctional family:0.43475
nudity (full frontal - brief):0.43275
clever:0.426
nudity (topless - notable):0.42325
shallow:0.419
drinking:0.4175
writers:0.414
obsession:0.41125
bad ending:0.40675
nudity (topless):0.4005
corruption:0.38975
storytelling:0.3895
weird:0.38475
coming of age:0.38225
plot:0.38225
pointless:0.38175
life philosophy:0.37975
drama:0.36425
dark humor:0.358
school:0.355
absurd:0.3525
disturbing:0.352
guilt:0.34975
fantasy world:0.34925
adaptation:0.3475
entirely dialogue:0.3405
unusual plot structure:0.337
friendship:0.3355
drugs:0.331
happy ending:0.315
predictable:0.31325
story:0.31175
stoner movie:0.31075
depression:0.31
virginity:0.30825
brutality:0.305
thought-provoking:0.304
culture clash:0.30225
gangsters:0.30175
vengeance:0.3005
melancholic:0.299
amy smart:0.296
sexuality:0.294
very funny:0.28675
sexualized violence:0.2825
unlikely friendships:0.28175
male nudity:0.2795
harsh:0.2745
unfunny:0.27425
foul language:0.27125
gay character:0.2705
bad plot:0.26525
honest:0.264
quirky:0.258
not funny:0.257
stylized:0.2555
very interesting:0.25125
nerds:0.25125
controversial:0.25025
exceptional acting:0.24875
humorous:0.247
greed:0.2445
stupid as hell:0.2435
