heist:0.98375
violence:0.96775
drugs:0.963
violent:0.9535
bank robbery:0.925
gratuitous violence:0.91425
bloody:0.88675
brutality:0.876
brutal:0.87075
stylish:0.8705
crime:0.83775
dialogue:0.806
good soundtrack:0.80475
drug abuse:0.79425
nudity (topless - notable):0.7915
pulp:0.78875
original:0.7855
stylized:0.7625
dark humor:0.74075
splatter:0.73925
cool:0.7385
gangsters:0.727
sexy:0.727
good dialogue:0.72175
cult film:0.71275
nudity (topless):0.7025
paris:0.69425
pornography:0.68375
intense:0.67675
fast paced:0.6735
heroin:0.663
visceral:0.659
storytelling:0.648
caper:0.64575
independent film:0.636
life philosophy:0.62775
robbery:0.617
sex:0.6145
sexualized violence:0.612
great ending:0.6095
pointless:0.60675
entertaining:0.59675
betrayal:0.59325
aids:0.593
gritty:0.591
clever:0.591
great dialogue:0.58075
entirely dialogue:0.57875
hitman:0.578
very interesting:0.5625
gangster:0.5535
criterion:0.55275
crime gone awry:0.55275
twists & turns:0.54925
interesting:0.54525
unlikely friendships:0.54375
catastrophe:0.542
plot:0.5375
greed:0.5225
corruption:0.522
underrated:0.51075
vengeance:0.51
twist:0.507
thriller:0.5055
tarantino:0.50175
mentor:0.49925
organized crime:0.49425
good:0.4935
harsh:0.48725
friendship:0.47975
plot twist:0.47725
obsession:0.473
talky:0.472
multiple storylines:0.4705
weird:0.47025
prostitution:0.46275
cult classic:0.45975
hit men:0.45525
french:0.4455
redemption:0.4365
excellent script:0.436
nudity (full frontal - brief):0.422
addiction:0.4215
grindhouse:0.41375
nudity (topless - brief):0.41325
existentialism:0.413
drinking:0.40875
social commentary:0.4085
drug addiction:0.40325
witty:0.4015
very good:0.4
murder:0.39575
male nudity:0.392
not funny:0.39075
stereotypes:0.38675
good acting:0.384
quirky:0.3805
twist ending:0.38
runaway:0.3785
fight scenes:0.3775
