virginity:0.98875
comedy:0.98425
sex:0.9625
sex comedy:0.95475
pornography:0.93775
funny:0.91875
hilarious:0.91225
sexuality:0.91175
sexual:0.89725
off-beat comedy:0.881
geeks:0.871
foul language:0.86025
crude humor:0.8565
humor:0.84675
humorous:0.819
funniest movies:0.805
very funny:0.8045
nerds:0.79575
funny as hell:0.78525
original:0.78325
nudity:0.781
nudity (topless - notable):0.77975
beer:0.7775
workplace:0.77225
goofy:0.769
quotable:0.7585
drinking:0.74125
relationships:0.73975
pg-13:0.73325
dumb but funny:0.7215
dumb:0.71975
teen movie:0.70775
stereotypes:0.6815
great ending:0.656
teen:0.65225
highly quotable:0.641
dialogue:0.634
buddy movie:0.63175
romantic comedy:0.61575
clever:0.61275
culture clash:0.61175
sexy:0.6045
teens:0.59525
shopping:0.586
social commentary:0.5745
absurd:0.5745
good soundtrack:0.5735
slackers:0.558
stoner movie:0.55075
irreverent:0.5455
weed:0.54
good:0.5385
male nudity:0.536
nudity (topless):0.53525
suprisingly clever:0.52675
farce:0.5265
honest:0.5195
storytelling:0.513
sexualized violence:0.5095
unlikely friendships:0.5045
friendship:0.4935
chase:0.48875
happy ending:0.48875
story:0.4885
interesting:0.48775
brutality:0.487
unfunny:0.482
gross-out:0.47575
shallow:0.47375
violence:0.469
weird:0.4685
catastrophe:0.459
stupidity:0.45825
adolescence:0.4555
saturday night live:0.4485
sarcasm:0.4465
romance:0.445
runaway:0.441
los angeles:0.4375
vengeance:0.43625
obsession:0.43425
best of 2005:0.432
light:0.431
intense:0.4295
revenge:0.4295
great:0.429
very good:0.42775
great movie:0.426
marijuana:0.426
mentor:0.4255
witty:0.423
plot:0.4165
girlie movie:0.414
graphic novel:0.408
romantic:0.4035
betrayal:0.40325
nudity (full frontal - brief):0.403
geek:0.40125
better than expected:0.39875
writers:0.39675
