dance:0.988
dancing:0.97025
ballet:0.82275
original:0.68025
creativity:0.6555
intimate:0.63725
dialogue:0.6245
art:0.58725
artistic:0.5415
storytelling:0.52275
mentor:0.52025
melancholic:0.519
enigmatic:0.49025
lyrical:0.46325
artist:0.46275
entirely dialogue:0.45525
pointless:0.44925
visually appealing:0.4355
musical:0.4225
non-linear:0.4135
talky:0.4115
passionate:0.41
gangsters:0.4045
existentialism:0.393
cerebral:0.38825
catastrophe:0.387
golden palm:0.38075
crime gone awry:0.37975
sexy:0.369
hip hop:0.36525
drama:0.35875
story:0.35575
criterion:0.353
very interesting:0.351
beautifully filmed:0.33625
no plot:0.335
stunning:0.33375
runaway:0.3295
not funny:0.32725
writers:0.3265
brutality:0.32325
fake documentary:0.32275
boring!:0.31875
light:0.3185
murder mystery:0.3155
breathtaking:0.312
good soundtrack:0.30925
dramatic:0.30825
great ending:0.3065
adaptation:0.306
redemption:0.306
romance:0.2985
stylized:0.298
suprisingly clever:0.294
culture clash:0.2885
unusual plot structure:0.28775
fantasy world:0.2875
weird:0.28675
life philosophy:0.28575
greed:0.28325
ensemble cast:0.277
ironic:0.27375
male nudity:0.27275
nudity (full frontal - notable):0.2695
drinking:0.26675
wine:0.26425
cinematography:0.26325
character study:0.2545
twists & turns:0.25425
complex:0.2495
erotic:0.2485
imdb top 250:0.24825
first contact:0.24575
good:0.239
stereotypes:0.23875
visual:0.2385
secrets:0.23625
melancholy:0.23525
jazz:0.23375
betrayal:0.2325
quirky:0.2305
loneliness:0.22825
dysfunctional family:0.228
obsession:0.22725
multiple storylines:0.225
pornography:0.22275
boring:0.22175
unfunny:0.221
good music:0.221
lone hero:0.2165
great:0.21625
based on a play:0.213
corruption:0.21225
plot:0.21075
harsh:0.2105
bad plot:0.2105
predictable:0.20975
grindhouse:0.2095
transformation:0.20575
classic car:0.204
