france:0.87425
classic:0.77925
adventure:0.75775
animation:0.75525
nostalgic:0.754
holiday:0.746
childhood:0.70275
original:0.69225
cartoon:0.57625
mentor:0.5685
dialogue:0.567
san francisco:0.538
runaway:0.528
great ending:0.5115
based on a tv show:0.50725
mystery:0.50225
melancholic:0.48875
nocturnal:0.46225
criterion:0.4515
life & death:0.4485
memory:0.44425
family:0.444
london:0.44275
children:0.4325
story:0.43025
foreign:0.42975
culture clash:0.42875
catastrophe:0.42875
drinking:0.42475
adaptation:0.41675
clever:0.414
cool:0.41375
fun movie:0.40725
redemption:0.4065
secrets:0.4
great:0.39625
special:0.396
talking animals:0.3955
animated:0.39525
pornography:0.394
adapted from:book:0.391
storytelling:0.39075
creativity:0.3875
talky:0.384
french:0.38375
kids and family:0.376
humorous:0.369
golden palm:0.36525
life philosophy:0.36125
fantasy world:0.356
enigmatic:0.34525
loneliness:0.343
atmospheric:0.33925
good soundtrack:0.337
suspense:0.33425
first contact:0.33375
harsh:0.3325
oscar (best directing):0.3305
cars:0.3285
suprisingly clever:0.32475
england:0.32075
visually appealing:0.3195
entirely dialogue:0.31825
unusual plot structure:0.31575
bleak:0.313
narrated:0.308
gangs:0.30775
race:0.3075
lone hero:0.30675
cerebral:0.306
computer animation:0.3025
suspenseful:0.3005
stylized:0.3
police investigation:0.2985
very interesting:0.296
unlikely friendships:0.2955
cinematography:0.29225
light:0.29
grindhouse:0.289
stoner movie:0.289
beer:0.2885
weird:0.2865
dark hero:0.286
fight scenes:0.28475
social commentary:0.28425
passionate:0.28125
twists & turns:0.28075
exciting:0.2805
imdb top 250:0.27875
fun:0.27825
good action:0.2775
brutality:0.27075
existentialism:0.27025
cult film:0.2695
depression:0.26625
chase:0.26375
british:0.2615
bittersweet:0.261
nudity (full frontal - brief):0.261
melancholy:0.261
