silent:0.98575
imdb top 250:0.9845
classic:0.979
criterion:0.9565
talky:0.95325
masterpiece:0.94925
narrated:0.91425
comedy:0.90875
black and white:0.888
oscar (best directing):0.839
dance:0.8145
afi 100 (laughs):0.8125
original:0.8105
alaska:0.8065
oscar (best actress):0.784
runaway:0.7465
poignant:0.73925
social commentary:0.73075
drama:0.72825
golden palm:0.72075
childhood:0.71675
enigmatic:0.69975
artistic:0.696
movielens top pick:0.69425
hilarious:0.68725
1920s:0.68025
highly quotable:0.67975
affectionate:0.67475
suprisingly clever:0.669
funny as hell:0.668
storytelling:0.64625
grim:0.646
breathtaking:0.6445
nostalgic:0.637
great movie:0.62775
great:0.62175
funny:0.61875
gunfight:0.608
melancholic:0.6045
idealism:0.60025
melancholy:0.5975
dialogue:0.58875
reflective:0.5885
forceful:0.58675
cinematography:0.57625
whimsical:0.57575
downbeat:0.57275
oscar (best supporting actress):0.57175
atmospheric:0.5715
culture clash:0.568
amazing photography:0.566
very funny:0.56525
obsession:0.5625
beautifully filmed:0.5625
great ending:0.56225
tense:0.56075
visual:0.55925
oscar (best foreign language film):0.55675
love:0.55225
afi 100 (movie quotes):0.54925
quotable:0.5475
bleak:0.533
visually appealing:0.53275
afi 100:0.531
slapstick:0.52025
harsh:0.51475
tragedy:0.513
california:0.512
character study:0.49725
clever:0.4965
allegory:0.49575
witty:0.4935
adapted from:book:0.49225
story:0.48975
wilderness:0.48725
oscar (best cinematography):0.48625
chase:0.484
good soundtrack:0.48
dramatic:0.476
sweet:0.4715
light:0.47075
imagination:0.469
bittersweet:0.4635
very good:0.4585
earnest:0.45225
unusual plot structure:0.45175
dreams:0.45075
amnesia:0.44575
surreal:0.4415
mentor:0.4405
assassination:0.44025
self discovery:0.43375
stylized:0.4325
oscar (best picture):0.4295
romance:0.42675
surveillance:0.42625
photography:0.4235
genius:0.423
humorous:0.422
oscar (best writing - screenplay written directly for the screen):0.42175
