twists & turns:0.97975
thriller:0.96475
psychology:0.96425
psychological:0.948
twist:0.94425
doctors:0.9245
psychiatry:0.922
corruption:0.91225
conspiracy:0.91225
plot twist:0.9095
tense:0.89775
suspense:0.89675
intense:0.88875
psychiatrist:0.88825
complex:0.8815
drugs:0.878
twist ending:0.87525
suspenseful:0.8745
complicated plot:0.872
complicated:0.86775
moral ambiguity:0.867
great ending:0.8585
greed:0.83125
clever:0.824
plot:0.81425
drama:0.80925
powerful ending:0.809
original:0.80625
obsession:0.80175
murder:0.7955
mystery:0.79225
murder mystery:0.78275
secrets:0.78175
neo-noir:0.77575
surprise ending:0.7735
storytelling:0.764
interesting:0.76225
excellent script:0.758
cinematography:0.752
noir thriller:0.75175
stylish:0.74375
paranoia:0.73075
plot holes:0.722
crime:0.71775
mental illness:0.70825
business:0.69425
cerebral:0.69025
police investigation:0.6855
good:0.683
manipulation:0.67875
tricky:0.67025
very interesting:0.66925
depression:0.66825
betrayal:0.6655
great acting:0.66425
investigation:0.65625
story:0.6435
good acting:0.6415
fast paced:0.62925
dialogue:0.61875
dramatic:0.61075
pg-13:0.60675
enigmatic:0.60175
justice:0.5965
mentor:0.586
graphic design:0.57675
drug abuse:0.5675
social commentary:0.56675
paranoid:0.56575
good soundtrack:0.56425
revenge:0.56225
oscar (best actress):0.553
happy ending:0.54825
runaway:0.54675
talky:0.522
pornography:0.51525
chase:0.511
thought-provoking:0.505
mindfuck:0.4905
intelligent:0.4865
exceptional acting:0.4805
catastrophe:0.47925
guilt:0.47825
addiction:0.4775
violence:0.4775
excellent:0.4735
hospital:0.4705
identity:0.46975
unusual plot structure:0.45975
caper:0.45675
bad ending:0.45625
prison:0.4555
predictable:0.4475
memory loss:0.44625
realistic:0.44275
adaptation:0.44
alternate endings:0.439
insanity:0.43675
not funny:0.43475
oscar (best directing):0.42675
