mother-son relationship:0.99725
neo-noir:0.9925
con artists:0.988
crime:0.9655
greed:0.92725
noir thriller:0.91275
dark:0.8925
twists & turns:0.87675
police investigation:0.87275
bleak:0.832
noir:0.831
con men:0.82975
complex:0.80225
drama:0.79175
character study:0.786
original:0.781
mob:0.7795
adapted from:book:0.773
crime gone awry:0.77275
manipulation:0.75525
film noir:0.75425
great acting:0.7425
caper:0.72525
betrayal:0.72475
dramatic:0.71125
dialogue:0.71025
drinking:0.70725
good soundtrack:0.7025
anti-hero:0.68275
brutality:0.67625
gritty:0.66075
great ending:0.65725
weird:0.6545
mentor:0.653
disturbing:0.6495
intense:0.639
violence:0.6385
interesting:0.63825
corruption:0.6285
based on a book:0.625
loneliness:0.622
complicated:0.61975
pornography:0.61
harsh:0.6045
relationships:0.604
complex characters:0.60325
exceptional acting:0.60175
violent:0.58975
downbeat:0.5695
dark humor:0.56725
social commentary:0.567
stylish:0.56425
golden palm:0.56375
sexy:0.56225
tense:0.56125
grim:0.56025
money:0.55975
murder:0.549
cynical:0.54375
suprisingly clever:0.54325
nudity (full frontal - notable):0.5405
enigmatic:0.53925
melancholic:0.53825
pulp:0.53525
very good:0.534
california:0.5335
criterion:0.53225
hitman:0.525
suspense:0.5245
talky:0.51575
storytelling:0.5135
los angeles:0.51125
stylized:0.505
nudity (full frontal):0.497
life philosophy:0.49525
atmospheric:0.494
imdb top 250:0.49175
gunfight:0.48625
good:0.48625
depression:0.4855
gangsters:0.482
good acting:0.48075
workplace:0.48025
incest:0.47775
entirely dialogue:0.47725
very interesting:0.47275
adaptation:0.46625
twist:0.46525
runaway:0.46125
pointless:0.44875
oscar (best directing):0.44775
sexualized violence:0.442
nocturnal:0.4415
redemption:0.44
hospital:0.43825
cinematography:0.43475
oscar (best supporting actress):0.433
moral ambiguity:0.4315
quirky:0.41775
hit men:0.412
