alien:0.9875
alien invasion:0.975
aliens:0.97225
london:0.876
gangsters:0.8315
original:0.8025
good soundtrack:0.77025
british:0.74675
cult classic:0.6985
sci fi:0.6815
fun:0.6725
scifi:0.665
gangs:0.647
dialogue:0.64275
so bad it's funny:0.63775
social commentary:0.637
weird:0.63575
sci-fi:0.625
great ending:0.6165
dark humor:0.602
redemption:0.5975
awesome soundtrack:0.591
runaway:0.581
monster:0.58075
allegory:0.56175
monsters:0.56175
weed:0.55725
weapons:0.547
visually appealing:0.5455
harsh:0.5385
low budget:0.533
quotable:0.52925
british comedy:0.52775
action:0.5205
violent:0.51975
chase:0.504
cinematography:0.49275
survival:0.489
cult film:0.486
kids:0.4805
violence:0.4735
mentor:0.47125
light:0.47
stylized:0.46875
apocalypse:0.46225
action packed:0.459
brutality:0.45275
absurd:0.4425
claustrophobic:0.43925
entirely dialogue:0.43375
comedy:0.43375
cool:0.4305
children:0.429
not funny:0.4275
storytelling:0.42425
anti-hero:0.42
bleak:0.41525
great:0.411
catastrophe:0.4035
story:0.402
splatter:0.4015
childhood:0.39975
unusual plot structure:0.3995
loneliness:0.39925
cult:0.39625
england:0.38575
bloody:0.382
clever:0.3805
fantasy world:0.376
teenagers:0.37425
pg-13:0.363
pointless:0.36125
small town:0.36125
existentialism:0.36
directorial debut:0.359
life philosophy:0.3565
gritty:0.356
indie:0.3545
good:0.354
grindhouse:0.3525
special effects:0.349
science fiction:0.34875
stereotypes:0.34125
imdb top 250:0.33775
great acting:0.335
race issues:0.3345
good acting:0.3325
nocturnal:0.33225
criterion:0.32925
first contact:0.32875
writers:0.32125
character study:0.32
stoner movie:0.319
enigmatic:0.31775
fun movie:0.3175
computer animation:0.317
golden palm:0.31675
predictable:0.316
melancholic:0.314
black comedy:0.3115
