obsession:0.9605
mystery:0.90875
surprise ending:0.893
twists & turns:0.8725
thriller:0.838
murder:0.8285
investigation:0.80025
sexy:0.79625
crime:0.7935
suspense:0.791
police investigation:0.76675
identity:0.7655
plot twist:0.7505
psychology:0.73675
complicated plot:0.73525
complicated:0.72475
twist ending:0.71
psychological:0.7095
complex:0.70175
stylish:0.69525
detective:0.684
original:0.679
film noir:0.66925
enigmatic:0.66625
dialogue:0.6645
secrets:0.6625
justice:0.65625
corruption:0.6555
chase:0.65425
death:0.6525
suspenseful:0.645
interesting:0.63775
very interesting:0.61825
caper:0.612
murder mystery:0.60525
plot:0.60375
pornography:0.6
twist:0.59075
great ending:0.58725
women:0.57125
cinematography:0.56975
tense:0.5615
erotic:0.54275
tricky:0.53275
manipulation:0.51925
conspiracy:0.517
storytelling:0.50725
beautiful scenery:0.50425
good:0.503
runaway:0.50175
intense:0.4965
hotel:0.49175
cheating:0.49
nudity (full frontal - brief):0.48675
revenge:0.481
culture clash:0.47175
guilt:0.464
greed:0.45975
betrayal:0.453
moral ambiguity:0.4525
mentor:0.44575
great:0.43925
nudity (topless - notable):0.42975
drama:0.42875
catastrophe:0.425
oscar (best actress):0.4125
adultery:0.407
talky:0.40275
unlikely friendships:0.39475
assassination:0.38925
predictable:0.3845
male nudity:0.3825
good soundtrack:0.38175
intelligent:0.378
pg-13:0.377
clever:0.377
sexualized violence:0.3755
adaptation:0.37525
1980s:0.369
noir:0.36825
good acting:0.36625
not funny:0.3645
earnest:0.36025
relationships:0.35525
hawaii:0.352
entirely dialogue:0.3505
surveillance:0.3435
marriage:0.33875
oscar (best supporting actress):0.3355
great movie:0.333
noir thriller:0.33275
courtroom:0.3325
excellent:0.326
story:0.3245
death penalty:0.324
vengeance:0.32225
fbi:0.32175
80s:0.3205
romantic:0.32
serial killer:0.31925
