horror:0.97275
civil war:0.9465
supernatural:0.92675
creepy:0.916
special effects:0.8875
haunted house:0.878
big budget:0.843
demons:0.84025
ominous:0.823
dynamic cgi action:0.8
chase:0.798
original:0.7915
dark:0.7765
plot:0.7755
weird:0.77225
atmospheric:0.7715
good:0.76325
splatter:0.76175
survival:0.7485
visual:0.74375
first contact:0.738
ghosts:0.73375
macabre:0.73225
story:0.726
visually appealing:0.7215
action:0.7065
suspense:0.69725
bad ending:0.69125
good soundtrack:0.6855
eerie:0.674
runaway:0.657
sci fi:0.64975
scary:0.64825
series:0.6335
desert:0.631
effects:0.61925
great:0.6135
ghosts/afterlife:0.60875
murder:0.6065
violent:0.6045
gory:0.6025
great ending:0.59925
melancholic:0.59275
low budget:0.5925
alter ego:0.567
fantasy world:0.56275
predictable:0.55975
visceral:0.559
violence:0.54825
gothic:0.54325
twist ending:0.53775
franchise:0.535
fight scenes:0.534
silly:0.53325
confusing:0.532
suspenseful:0.517
intense:0.51175
dialogue:0.51075
good versus evil:0.5035
monster:0.503
technology:0.503
anti-hero:0.50225
action packed:0.50225
brutality:0.50175
so bad it's funny:0.4975
pg-13:0.489
visuals:0.48775
bloody:0.485
horrible:0.47775
cool:0.4755
visually stunning:0.4715
family:0.47025
underrated:0.46725
cult film:0.46675
mythology:0.46475
nocturnal:0.46425
strange:0.46275
original plot:0.4625
good action:0.46225
death:0.454
police investigation:0.454
interesting:0.445
complex:0.44475
frightening:0.444
revenge:0.441
slavery:0.43675
goth:0.436
cinematography:0.4285
better than expected:0.4285
catastrophe:0.42675
destiny:0.42575
good acting:0.425
american civil war:0.42425
cult classic:0.423
lone hero:0.42075
conspiracy:0.4205
writers:0.41775
alternate reality:0.4175
parallel universe:0.417
fast paced:0.41675
