franchise:0.9935
slasher:0.98525
dreams:0.9845
serial killer:0.9665
teens:0.9575
horror:0.95425
murder:0.9075
splatter:0.85125
original:0.83825
time loop:0.813
goofy:0.8115
series:0.7975
good sequel:0.76225
death:0.76075
visually appealing:0.751
special effects:0.73975
sequel:0.68
nudity (topless):0.668
scary:0.6635
bad plot:0.657
sequels:0.6225
demons:0.618
predictable:0.581
teen movie:0.5785
pornography:0.55625
brutality:0.556
pointless:0.5525
surreal:0.5455
great ending:0.52525
nudity:0.52075
gory:0.51775
supernatural:0.512
overrated:0.5115
bloody:0.5095
nocturnal:0.49375
revenge:0.4915
80s:0.49075
dark fantasy:0.4885
violence:0.488
crappy sequel:0.48525
halloween:0.4825
vengeance:0.482
effects:0.47875
mentor:0.465
fantasy:0.46475
fantasy world:0.44975
stupid as hell:0.4475
storytelling:0.44275
creativity:0.44175
dialogue:0.4385
suspense:0.434
transformation:0.43025
campy:0.42525
dreamlike:0.4195
ninja:0.41775
fun movie:0.4165
catastrophe:0.41275
monster:0.41275
cool:0.40775
camp:0.4
creepy:0.3955
lame:0.39275
great:0.3835
bad ending:0.381
reality tv:0.37475
adaptation:0.3745
teenagers:0.3715
gruesome:0.3695
weird:0.3615
surrealism:0.36025
fight scenes:0.35975
silly:0.35625
weapons:0.3555
shallow:0.35475
ridiculous:0.3515
stylized:0.34925
first contact:0.34875
good soundtrack:0.34825
grindhouse:0.34525
gore:0.337
bad acting:0.3335
unusual plot structure:0.3335
teen:0.333
unintentionally funny:0.33175
sci fi:0.33025
cult film:0.32875
cheesy:0.32425
silly fun:0.32375
good:0.31575
sexualized violence:0.315
idiotic:0.3145
blood:0.31375
visual:0.311
so bad it's funny:0.30975
stylish:0.30925
great acting:0.30725
destiny:0.30225
suspenseful:0.301
disaster:0.30075
entirely dialogue:0.3005
