martial arts:1.0
kung fu:0.997
wuxia:0.99375
fight scenes:0.9835
china:0.98
action:0.96375
fighting:0.9585
visually appealing:0.9425
redemption:0.91175
mentor:0.87675
pg-13:0.87175
amazing cinematography:0.848
vengeance:0.82775
hong kong:0.82525
revenge:0.822
life philosophy:0.815
good action:0.79875
original:0.79075
story:0.779
destiny:0.7735
sword fight:0.76275
philosophy:0.7585
friendship:0.75425
storytelling:0.74425
great movie:0.737
brutality:0.73
intense:0.72975
good soundtrack:0.714
violence:0.71175
childhood:0.707
visually stunning:0.69775
good:0.69775
epic:0.695
life & death:0.69475
breathtaking:0.6915
transformation:0.68475
imdb top 250:0.68125
stylized:0.67875
original plot:0.67775
based on true story:0.6735
great:0.66375
beautiful scenery:0.66025
visual:0.64625
cinematography:0.639
foreign:0.63625
dialogue:0.6345
big budget:0.63425
dark hero:0.63175
stunning:0.6305
great ending:0.62975
cult classic:0.6275
beautifully filmed:0.62725
violent:0.62525
fast paced:0.625
awesome soundtrack:0.624
dramatic:0.6155
historical:0.61275
biopic:0.6035
action packed:0.59375
amazing photography:0.5785
dynamic cgi action:0.57525
drama:0.5715
blindness:0.56825
plot:0.56325
unlikely friendships:0.5575
good acting:0.55675
weapons:0.5555
biographical:0.55225
chase:0.54875
good story:0.53625
brutal:0.52125
justice:0.51775
immortality:0.51675
movielens top pick:0.514
oscar (best foreign language film):0.5135
betrayal:0.51325
fantasy world:0.513
art:0.5105
social commentary:0.50725
cool:0.5025
assassination:0.49975
dragons:0.49725
sexualized violence:0.49425
excellent:0.4845
true story:0.47675
culture clash:0.476
reflective:0.4745
runaway:0.4715
period piece:0.47125
life:0.46625
powerful ending:0.46525
special effects:0.46125
inspirational:0.461
corruption:0.45725
distopia:0.457
sacrifice:0.45625
idealism:0.4555
bullying:0.455
nocturnal:0.454
philosophical:0.45325
