70mm:0.995
espionage:0.98325
tom clancy:0.97375
cold war:0.964
submarine:0.96275
spy:0.94675
based on a book:0.9295
spies:0.92425
spying:0.91475
adventure:0.8635
secrets:0.857
action:0.8335
special effects:0.80375
plot twist:0.8005
tense:0.7975
original:0.79425
mentor:0.73675
dialogue:0.72425
thriller:0.70975
justice:0.70825
russian:0.708
visually appealing:0.68875
suspense:0.68575
adaptation:0.67775
twists & turns:0.66225
good action:0.6515
big budget:0.6485
chase:0.648
books:0.639
action packed:0.63825
good:0.61325
conspiracy:0.61025
technology:0.5815
great ending:0.57775
adapted from:book:0.56825
distopia:0.56625
weapons:0.56075
murder mystery:0.5465
book was better:0.54525
based on book:0.54425
exciting:0.543
story:0.54125
visual:0.5295
wizards:0.51775
interesting:0.4835
secret service:0.4805
catastrophe:0.47975
dolphins:0.4765
space:0.475
silly:0.46875
franchise:0.4595
caper:0.4585
original plot:0.45575
runaway:0.45275
dystopia:0.44475
science fiction:0.4425
revenge:0.43725
suspenseful:0.43425
plot:0.4305
storytelling:0.429
disaster:0.42875
clever:0.421
fighting:0.419
book:0.4185
cerebral:0.41625
so bad it's funny:0.4145
sci fi:0.41275
scifi:0.40925
computer game:0.40675
great:0.40625
entertaining:0.40425
plot holes:0.4035
natural disaster:0.39525
lone hero:0.3895
corruption:0.387
underwater:0.38625
surveillance:0.3805
fight scenes:0.377
predictable:0.3765
not funny:0.37275
stylized:0.3725
dynamic cgi action:0.37075
fun movie:0.369
pornography:0.35875
intense:0.358
british:0.3515
cool:0.3515
good soundtrack:0.3465
underrated:0.341
culture clash:0.339
entirely dialogue:0.33725
murder:0.332
excellent:0.3285
great acting:0.3275
assassin:0.3265
dark hero:0.32425
cult film:0.323
internet:0.3225
nuclear:0.32225
fantasy world:0.32125
