world war ii:0.9965
france:0.99175
germany:0.98375
wwii:0.976
fascism:0.9615
nazis:0.94425
wartime:0.926
intimate:0.926
french:0.91975
german:0.91075
criterion:0.8625
jews:0.837
anti-semitism:0.81475
nazi:0.81125
long:0.8
politics:0.79725
historical:0.795
history:0.782
documentary:0.74925
runaway:0.7425
idealism:0.73425
sacrifice:0.7225
black and white:0.70925
oscar (best directing):0.7075
foreign:0.70275
golden palm:0.70075
talky:0.69825
paris:0.6925
us history:0.67175
political:0.66925
breathtaking:0.64675
great:0.634
courage:0.587
downbeat:0.5795
world war i:0.572
original:0.564
propaganda:0.5565
forceful:0.538
masterpiece:0.53525
culture clash:0.53425
interesting:0.5325
communism:0.53125
corruption:0.52125
imdb top 250:0.51825
catastrophe:0.51425
ethnic conflict:0.50425
secrets:0.503
oscar (best cinematography):0.4965
grim:0.49
suprisingly clever:0.48525
brutality:0.483
british:0.48075
prejudice:0.47225
affectionate:0.46975
honest:0.4655
jewish:0.465
beautiful scenery:0.4645
greed:0.45825
spying:0.45625
oscar (best foreign language film):0.4535
free to download:0.45275
war:0.45175
surveillance:0.44375
russian:0.43775
poland:0.435
enigmatic:0.4335
unusual plot structure:0.42825
morality:0.42625
melancholic:0.426
reflective:0.4205
oscar (best actress):0.41875
cinematography:0.411
poignant:0.41025
bleak:0.4
japan:0.4
meditative:0.39875
great movie:0.3985
complex:0.39675
compassionate:0.39675
great ending:0.392
tense:0.389
stereotypes:0.38225
light:0.38025
very interesting:0.37725
atmospheric:0.376
war movie:0.3685
transformation:0.3655
gunfight:0.36325
fighting the system:0.362
oscar (best supporting actress):0.3605
story:0.3605
earnest:0.3495
absurd:0.34925
social commentary:0.34775
based on a play:0.34775
stunning:0.34225
dialogue:0.3415
betrayal:0.3405
police investigation:0.33725
witty:0.33675
