ghosts:0.9665
horror:0.9605
supernatural:0.95375
original:0.7715
predictable:0.758
bad acting:0.74525
haunted house:0.71875
natural disaster:0.707
splatter:0.69275
special effects:0.69125
creepy:0.69125
so bad it's funny:0.6845
bad cgi:0.67875
gory:0.671
bad ending:0.6595
scary:0.63975
horrible:0.6305
bad plot:0.61225
death:0.601
good:0.56425
ghosts/afterlife:0.56
twist ending:0.55275
lame:0.53475
suspense:0.533
effects:0.528
survival:0.52275
catastrophe:0.52025
blood:0.5175
great ending:0.51725
pg-13:0.509
surprise ending:0.5085
demons:0.5075
boring:0.478
first contact:0.4715
story:0.47
greed:0.44825
plot holes:0.44775
eerie:0.446
mentor:0.44325
nudity (topless):0.439
dialogue:0.43225
brutality:0.42375
pointless:0.41425
big budget:0.405
idiotic:0.4035
silly:0.39925
violence:0.3945
stupid:0.3915
virus:0.388
bad script:0.38525
bloody:0.38425
good soundtrack:0.37625
not as good as the first:0.37625
monster:0.37475
weird:0.374
twists & turns:0.37325
better than expected:0.3715
destiny:0.36875
family:0.36825
life philosophy:0.36325
disaster:0.361
remake:0.3585
fantasy world:0.35775
not funny:0.3545
twist:0.349
storytelling:0.3405
fight scenes:0.33675
atmospheric:0.331
adaptation:0.3305
plot:0.328
silly fun:0.325
entertaining:0.3225
overrated:0.32125
stereotypes:0.319
action:0.31875
great:0.31725
bad:0.31475
cult film:0.31475
nudity (topless - notable):0.314
transformation:0.31075
torture:0.30675
teen movie:0.305
frightening:0.3045
nudity (full frontal - brief):0.30225
computer animation:0.3
redemption:0.2995
entirely dialogue:0.297
macabre:0.2965
sexy:0.295
murder:0.29325
very good:0.29175
dark:0.28925
fun:0.28875
stupid as hell:0.2885
franchise:0.28825
gruesome:0.28375
sexualized violence:0.2825
happy ending:0.2815
devil:0.28
cheesy:0.279
