small town:0.972
feel-good:0.94875
australia:0.916
midlife crisis:0.888
feel good movie:0.86475
heartwarming:0.8295
sweet:0.8245
romantic comedy:0.79375
destiny:0.78925
love story:0.776
romantic:0.7585
cute:0.74575
romance:0.716
life:0.704
good:0.6985
mentor:0.69375
original:0.67975
life philosophy:0.66225
australian:0.655
light:0.5835
fantasy:0.58125
based on true story:0.574
sappy:0.572
catastrophe:0.56925
life & death:0.56575
transformation:0.55475
fun movie:0.5465
cute!:0.5315
quirky:0.52525
existentialism:0.52375
natural disaster:0.515
predictable:0.50825
honest:0.4955
dialogue:0.47875
fantasy world:0.47525
simple:0.4735
good acting:0.4685
story:0.4465
great ending:0.43725
happy ending:0.41775
creativity:0.415
sentimental:0.408
good soundtrack:0.4065
magic:0.406
stereotypes:0.4035
redemption:0.4015
touching:0.40125
loneliness:0.3775
culture clash:0.374
adventure:0.3715
so bad it's funny:0.37075
beautiful scenery:0.3685
friendship:0.36775
suprisingly clever:0.3635
great:0.36225
fun:0.35975
better than expected:0.35675
prejudice:0.3535
indie:0.3465
fairy tale:0.3455
pornography:0.345
first contact:0.3445
runaway:0.342
goofy:0.342
chick flick:0.33825
independent film:0.33775
solitude:0.3355
childhood:0.33425
family:0.32925
special effects:0.32575
gay character:0.325
road movie:0.32425
texas:0.32325
love:0.3225
storytelling:0.31725
good story:0.3115
entirely dialogue:0.303
very interesting:0.301
drama:0.296
visually stunning:0.2935
sci fi:0.29275
interesting:0.29075
based on a true story:0.28525
sports:0.28425
whimsical:0.28025
pg-13:0.27975
inspirational:0.2785
unusual plot structure:0.27825
entertaining:0.27725
sacrifice:0.276
fight scenes:0.2755
death:0.27
irish accent:0.267
comedy:0.26675
nudity (topless - notable):0.26625
atheism:0.26525
awesome soundtrack:0.26475
unfunny:0.26275
absurd:0.26125
very good:0.261
