mindfuck:0.99975
scifi:0.986
sci fi:0.97775
sci-fi:0.9655
science fiction:0.94325
alien:0.93825
twist ending:0.92175
aliens:0.86675
intelligent sci-fi:0.86
visually appealing:0.859
futuristic:0.85425
visual:0.82025
cinematography:0.81725
technology:0.8155
first contact:0.81
weird:0.80025
twists & turns:0.79625
space:0.789
plot twist:0.78725
great ending:0.774
cerebral:0.77
mystery:0.76775
visually stunning:0.767
surprise ending:0.75875
hackers:0.755
original:0.7515
storytelling:0.7425
amazing photography:0.73875
allegory:0.73875
amazing cinematography:0.70325
complex:0.69025
special effects:0.68775
alternate reality:0.68575
twist:0.68575
plot holes:0.67525
suspense:0.65
enigmatic:0.643
memory loss:0.637
mars:0.62375
catastrophe:0.61375
alien invasion:0.60525
idiotic:0.59525
low budget:0.593
intense:0.58925
suspenseful:0.58825
conspiracy:0.5825
thriller:0.58175
existentialism:0.58125
pointless:0.5765
story:0.57325
dialogue:0.567
plot:0.5545
predictable:0.5405
psychological:0.527
clones:0.519
confusing:0.50775
tense:0.504
future:0.49625
visuals:0.49375
paranoid:0.4935
secrets:0.49275
absurd:0.4925
bad ending:0.489
thought-provoking:0.4855
surreal:0.4795
chase:0.46775
solitude:0.46
natural disaster:0.4595
great cinematography:0.45325
science:0.453
alternate endings:0.453
ominous:0.45275
cyborgs:0.45225
good acting:0.44975
cloning:0.4435
android(s)/cyborg(s):0.436
interesting:0.4345
clever:0.43275
philosophical:0.43025
slow paced:0.42925
effects:0.42775
parallel universe:0.42525
very interesting:0.42425
atmospheric:0.424
transformation:0.4185
so bad it's funny:0.41425
greed:0.40925
desert:0.40675
complicated plot:0.4065
great:0.404
bad science:0.40275
creativity:0.4025
mentor:0.3985
computers:0.39725
claustrophobic:0.397
not funny:0.39575
good:0.394
good soundtrack:0.39375
entirely dialogue:0.3935
astronauts:0.3855
