mother-son relationship:0.99525
intense:0.95375
violent:0.9475
psychological:0.93875
secrets:0.92825
original:0.9185
claustrophobic:0.9175
thriller:0.878
psychology:0.873
violence:0.87
complex:0.86175
tense:0.85975
death:0.855
very interesting:0.8475
art house:0.843
gay:0.8335
great movie:0.816
sexual:0.80225
suspenseful:0.80175
dark:0.801
story:0.791
interesting:0.78775
storytelling:0.7875
sexualized violence:0.785
vengeance:0.78475
highly quotable:0.77275
visceral:0.77075
cinematography:0.769
weird:0.75375
talky:0.7505
family:0.74675
good:0.7445
criterion:0.73175
small town:0.72275
relationships:0.71675
very good:0.7135
clever:0.71175
disturbing:0.69525
stylized:0.69175
loneliness:0.69075
women:0.68825
depression:0.68625
grindhouse:0.685
enigmatic:0.6805
sexy:0.6805
great acting:0.671
hitchcock:0.66975
dialogue:0.66975
runaway:0.6645
sexuality:0.6635
dysfunctional family:0.66175
independent film:0.64025
original plot:0.62575
good music:0.61675
homosexuality:0.61225
nudity (topless - notable):0.6105
reflective:0.6065
unusual plot structure:0.605
oscar (best effects - visual effects):0.60375
dark hero:0.6035
life philosophy:0.59525
oscar winner:0.5945
good acting:0.593
brutality:0.5925
suspense:0.58675
glbt:0.58325
culture clash:0.5815
brutal:0.578
stoner movie:0.5745
special:0.56675
police investigation:0.5625
cult film:0.56075
1970s:0.559
race issues:0.55625
visual:0.5555
atmospheric:0.55225
mental illness:0.54975
family drama:0.54125
twist:0.54075
chase:0.53725
excellent script:0.537
oscar (best directing):0.5365
first contact:0.535
sad:0.53125
strange:0.531
obsession:0.53075
parenthood:0.529
pornography:0.52675
scary:0.52175
witty:0.52175
good soundtrack:0.52075
gay character:0.5145
powerful ending:0.5125
grim:0.51225
dark comedy:0.51025
afi 100 (movie quotes):0.50875
great:0.502
organized crime:0.50175
melancholic:0.5005
classic car:0.4975
