original:0.7025
race issues:0.6905
based on a book:0.6775
predictable:0.581
kidnapping:0.56375
detective:0.55775
horrible:0.547
new jersey:0.54125
bad plot:0.5195
shallow:0.51925
police corruption:0.50925
pointless:0.505
story:0.48525
drama:0.45775
catastrophe:0.4565
redemption:0.4545
dialogue:0.445
mentor:0.41525
plot:0.41125
segregation:0.39575
great ending:0.3925
life philosophy:0.3775
not funny:0.37325
so bad it's funny:0.36025
overrated:0.35975
police investigation:0.35775
guilt:0.35475
storytelling:0.34175
adaptation:0.3415
awful:0.34
writers:0.339
destiny:0.33525
fantasy world:0.3345
twist ending:0.3335
first contact:0.32275
ridiculous:0.31625
intense:0.3125
islam:0.30225
brutality:0.302
twists & turns:0.29975
stupid as hell:0.29375
idiotic:0.29275
plot holes:0.28975
quirky:0.28825
stereotypes:0.2835
absurd:0.28225
action:0.282
unfunny:0.2805
fight scenes:0.28
disaster:0.279
family:0.2755
culture clash:0.2725
dysfunctional family:0.27225
visually appealing:0.27225
entirely dialogue:0.2715
feel-good:0.2695
complex:0.268
good soundtrack:0.2665
feel good movie:0.26325
hospital:0.25925
vengeance:0.25775
melancholic:0.25675
justice:0.252
sci fi:0.25175
bad acting:0.2475
pulp:0.2455
runaway:0.24425
crude humor:0.243
slapstick:0.23725
good:0.2335
happy ending:0.232
suspense:0.22475
investigation:0.222
franchise:0.22175
nudity (full frontal - brief):0.2205
paris:0.2195
mental illness:0.21875
spelling bee:0.218
sexualized violence:0.215
boring:0.21375
criterion:0.21275
lone hero:0.2125
unusual plot structure:0.2115
thriller:0.2115
revenge:0.21075
imdb top 250:0.21
creativity:0.20775
violent:0.207
natural disaster:0.2065
crime:0.20525
splatter:0.205
transformation:0.2045
loneliness:0.203
very funny:0.20275
cult film:0.202
drug abuse:0.2005
bad ending:0.20025
pg-13:0.19725
silly:0.19575
suspenseful:0.19575
