fake documentary:0.96475
handycam:0.962
original:0.94575
mythology:0.9185
mockumentary:0.90825
low budget:0.837
hunting:0.77725
conspiracy:0.7685
male nudity:0.735
tense:0.70125
monsters:0.6995
dark fantasy:0.6995
fantasy:0.6935
scenic:0.692
weird:0.65225
wilderness:0.63775
chase:0.622
goofy:0.61425
cult film:0.60275
cult classic:0.593
special effects:0.58775
monster:0.57525
fun movie:0.575
horror:0.5685
allegory:0.55975
atmospheric:0.55825
creativity:0.5525
great ending:0.544
witches:0.5385
visually appealing:0.52925
social commentary:0.52425
foreign:0.5165
dialogue:0.507
runaway:0.5025
stylized:0.4815
clever:0.474
witch:0.46825
entertaining:0.46
cinematography:0.4585
nocturnal:0.45675
criterion:0.4485
bad acting:0.447
innocence lost:0.44575
effects:0.445
action:0.4425
alternate reality:0.4375
humorous:0.4345
enigmatic:0.43425
so bad it's funny:0.43375
great:0.43325
very interesting:0.43175
good soundtrack:0.43075
atheism:0.42925
demons:0.42825
computer animation:0.4225
absurd:0.41575
visual:0.4135
suspense:0.41275
quirky:0.412
light:0.411
weapons:0.40825
life philosophy:0.40775
interesting:0.403
mentor:0.40175
catastrophe:0.4
cerebral:0.395
technology:0.39325
whimsical:0.385
finnish:0.3845
unusual plot structure:0.38425
storytelling:0.383
secrets:0.38275
fantasy world:0.37825
scary:0.3775
beautiful scenery:0.37675
fun:0.376
bad plot:0.37225
pornography:0.36425
harsh:0.3635
destiny:0.36275
cult:0.362
story:0.362
plot:0.3515
talky:0.351
cool:0.33875
brutality:0.33375
adventure:0.333
fairy tales:0.33075
bad ending:0.3305
fight scenes:0.3285
greed:0.32825
good:0.32325
dark humor:0.322
imagination:0.31825
good acting:0.31725
vengeance:0.31625
entirely dialogue:0.314
pg-13:0.3035
satire:0.302
intense:0.2985
