twists & turns:0.98825
plot twist:0.98325
con artists:0.981
con men:0.96025
complicated plot:0.96
twist:0.95075
complex:0.95025
complicated:0.9445
mystery:0.93425
cerebral:0.93
dialogue:0.9125
great acting:0.912
great ending:0.9085
tricky:0.90225
twist ending:0.9005
plot holes:0.89025
thriller:0.88975
clever:0.8825
suspense:0.87475
enigmatic:0.858
excellent script:0.85175
conspiracy:0.84675
secrets:0.8345
heist:0.81475
manipulation:0.80625
interesting:0.805
greed:0.80375
caper:0.80225
original:0.79025
stylish:0.7845
suspenseful:0.78325
storytelling:0.77725
surveillance:0.77075
intellectual:0.76575
good acting:0.76225
paranoia:0.75525
original plot:0.75175
mindfuck:0.7485
espionage:0.747
weird:0.74675
talky:0.73725
visually appealing:0.73725
paranoid:0.7365
very interesting:0.70575
entirely dialogue:0.691
tense:0.68975
corruption:0.68075
betrayal:0.679
fast paced:0.67725
plot:0.67125
stylized:0.67
intelligent:0.669
confusing:0.66825
psychological:0.66575
imdb top 250:0.664
obsession:0.66225
police investigation:0.65925
crime gone awry:0.6475
no plot:0.6465
excellent:0.6275
surprise ending:0.6155
great movie:0.61125
good:0.61075
thought-provoking:0.601
maze:0.59975
identity:0.59975
great:0.59525
melancholic:0.5905
witty:0.5875
great dialogue:0.58025
story:0.565
unusual plot structure:0.564
social commentary:0.55625
good dialogue:0.553
investigation:0.5525
exceptional acting:0.54825
murder:0.54675
murder mystery:0.5455
good soundtrack:0.54125
criterion:0.536
drama:0.534
atmospheric:0.52825
very good:0.52675
intense:0.52575
guilt:0.52575
runaway:0.52425
life philosophy:0.522
sexy:0.51925
off-beat comedy:0.51475
alternate endings:0.514
mentor:0.5125
entertaining:0.50875
cheating:0.508
powerful ending:0.5065
catastrophe:0.50525
psychology:0.504
cinematography:0.50275
suprisingly clever:0.50075
violence:0.49925
visual:0.488
