based on true story:0.99525
based on a true story:0.99175
true story:0.988
lawyer:0.97075
oscar (best actress):0.96575
lawyers:0.95175
drama:0.94675
oscar:0.93775
fighting the system:0.917
great acting:0.90375
courtroom:0.89025
dramatic:0.88875
girlie movie:0.8755
feel-good:0.86825
oscar (best directing):0.83225
feel good movie:0.829
good:0.8115
mentor:0.807
greed:0.793
social commentary:0.77625
inspiring:0.762
oscar winner:0.762
oscar (best supporting actress):0.73775
small town:0.73575
story:0.71825
rags to riches:0.71625
biographical:0.71225
great:0.70825
factual:0.70525
manipulation:0.69375
corruption:0.68675
lone hero:0.67725
pg-13:0.67025
happy ending:0.67025
justice:0.666
great movie:0.651
entertaining:0.6485
runaway:0.643
corporate america:0.642
underdog:0.63975
interesting:0.6385
destiny:0.635
catastrophe:0.6325
original:0.63225
romantic comedy:0.6255
excellent:0.6185
oscar (best actor):0.613
workplace:0.60925
good acting:0.60475
chick flick:0.59625
inspirational:0.5915
investigation:0.59
environmental:0.58675
courage:0.57075
foul language:0.56775
oscar (best picture):0.56375
very good:0.5565
new jersey:0.55575
moral ambiguity:0.54925
family:0.5445
pg:0.5445
california:0.54175
sacrifice:0.53575
great ending:0.53275
conspiracy:0.5315
excellent script:0.523
court:0.52025
conspiracy theory:0.51925
very interesting:0.51575
cancer:0.51175
earnest:0.51075
suspense:0.50775
romantic:0.5
good soundtrack:0.4985
intense:0.49275
biopic:0.49175
heartwarming:0.488
business:0.4875
redemption:0.4755
fun movie:0.474
love story:0.467
stereotypes:0.46025
life:0.455
dialogue:0.43725
culture clash:0.4345
honest:0.43375
oscar (best supporting actor):0.42475
realistic:0.4235
survival:0.4225
touching:0.4155
predictable:0.409
police investigation:0.406
sexy:0.40475
exceptional acting:0.4015
biography:0.40075
life philosophy:0.39925
transformation:0.398
secrets:0.39475
prejudice:0.3945
sentimental:0.39425
