drama:0.98975
family drama:0.96475
dramatic:0.93625
original:0.899
dysfunctional family:0.857
secrets:0.85175
complex:0.84375
emotional:0.803
feel-good:0.78625
touching:0.78575
pg-13:0.78325
father son relationship:0.7635
heartwarming:0.75775
redemption:0.7545
great acting:0.7525
mentor:0.743
feel good movie:0.72975
catastrophe:0.717
sentimental:0.71275
family:0.707
romantic comedy:0.696
relationships:0.6925
excellent script:0.67975
good acting:0.66875
honest:0.66825
lawyer:0.667
happy ending:0.647
romantic:0.6405
plot:0.6355
mother daughter relationship:0.60425
good:0.598
transformation:0.594
exceptional acting:0.59075
family bonds:0.58825
great ending:0.583
complicated:0.58125
story:0.57775
runaway:0.5695
unlikeable characters:0.56325
destiny:0.55825
fight scenes:0.55475
betrayal:0.5505
realistic:0.53825
based on true story:0.53825
culture clash:0.537
death:0.531
vengeance:0.5235
dialogue:0.52275
good soundtrack:0.5185
great:0.509
predictable:0.49125
greed:0.4885
survival:0.4875
tragedy:0.481
chase:0.48025
good music:0.4785
intense:0.47375
parenthood:0.473
good story:0.4675
father-son relationship:0.46525
crude humor:0.463
childhood:0.46025
stereotypes:0.4535
reflective:0.448
good dialogue:0.44725
depression:0.44425
enormously long battle scene:0.44375
cancer:0.4385
ensemble cast:0.43725
heartbreaking:0.4365
great movie:0.4295
sisters:0.42875
suprisingly clever:0.42675
lawyers:0.4225
parallel universe:0.41775
bittersweet:0.4105
pornography:0.405
storytelling:0.4035
clever:0.3985
bad ending:0.39375
inspiring:0.3935
alternate endings:0.3925
divorce:0.38575
excellent:0.3825
interesting:0.378
thought-provoking:0.37675
guilt:0.375
oscar:0.36975
oscar (best directing):0.3695
writers:0.3665
good action:0.3645
first contact:0.36425
math:0.35925
natural disaster:0.3575
chick flick:0.35725
unlikely friendships:0.3545
entertaining:0.3505
hospital:0.34925
justice:0.3475
cerebral:0.3455
