cult classic:0.98275
horror:0.971
splatter:0.95575
comedy:0.94125
demons:0.93675
cult film:0.9365
dark humor:0.92675
humorous:0.9
great ending:0.8705
quotable:0.86825
fun movie:0.8605
zombie:0.8505
dark fantasy:0.847
original:0.84225
goofy:0.836
silly fun:0.827
stop motion:0.82075
adventure:0.7985
action:0.79425
trilogy:0.7915
hilarious:0.7745
gory:0.7685
parody:0.7675
highly quotable:0.76225
funny as hell:0.76175
humor:0.75775
great movie:0.75675
fantasy:0.7545
apocalypse:0.74575
cult:0.736
wilderness:0.7295
anti-hero:0.727
special effects:0.7135
fight scenes:0.71225
narrated:0.71125
great:0.707
campy:0.698
fun:0.697
cool:0.6935
light:0.69175
funniest movies:0.69125
weird:0.68525
medieval:0.685
macabre:0.674
slapstick:0.64825
silly:0.64775
funny:0.639
grindhouse:0.62625
stylized:0.626
vengeance:0.612
visceral:0.59525
very funny:0.593
transformation:0.59275
violence:0.5925
good versus evil:0.58675
fighting:0.581
insanity:0.58
immortality:0.57275
dark hero:0.57225
nudity (topless - brief):0.5645
storytelling:0.5625
monster:0.559
low budget:0.5585
atmospheric:0.54975
good action:0.5495
dark:0.547
good soundtrack:0.546
brutality:0.5455
black comedy:0.5455
nocturnal:0.5445
fast paced:0.5335
blood:0.5285
entertaining:0.5285
witty:0.52775
imdb top 250:0.5245
series:0.522
stylish:0.5205
good:0.52025
mentor:0.52
violent:0.519
visual:0.51725
chase:0.517
dialogue:0.514
fantasy world:0.5135
criterion:0.511
adaptation:0.50975
spoof:0.506
zombies:0.504
england:0.504
effects:0.499
action packed:0.491
awesome soundtrack:0.491
sword fight:0.488
creepy:0.4845
gore:0.4805
clever:0.479
based on book:0.4775
oscar (best effects - visual effects):0.4735
dumb but funny:0.466
superheroes:0.4615
