comedy:0.96625
teacher:0.86975
weed:0.8665
funny:0.84225
high school:0.84
drugs:0.7435
pornography:0.72425
nudity (topless - notable):0.71975
so bad it's funny:0.70375
drinking:0.68675
predictable:0.684
crude humor:0.6715
marijuana:0.64975
horrible:0.617
original:0.6085
bad plot:0.59375
shallow:0.5925
teen movie:0.58
very funny:0.55725
hilarious:0.55675
catastrophe:0.534
stereotypes:0.52075
absurd:0.50925
writers:0.47825
unlikeable characters:0.47675
saturday night live:0.4725
pointless:0.4655
dialogue:0.46225
pg-13:0.4525
redemption:0.45075
teen:0.45075
mentor:0.44425
unfunny:0.43525
sexy:0.43275
school:0.43125
stupidity:0.43075
better than expected:0.4255
happy ending:0.422
lame:0.41825
silly:0.4155
bullying:0.40275
stoner movie:0.398
plot:0.39375
bad:0.392
nerds:0.3845
midlife crisis:0.38275
geeks:0.38225
great ending:0.38075
beer:0.3805
stupid:0.374
sarcasm:0.37175
stupid as hell:0.36725
bad acting:0.3595
dumb:0.35375
teens:0.35325
manipulation:0.353
humorous:0.34975
greed:0.34825
idiotic:0.3425
life philosophy:0.34075
good soundtrack:0.33825
foul language:0.3355
classic car:0.3335
goofy:0.32925
weird:0.32375
fantasy world:0.318
fun movie:0.318
dumb but funny:0.31625
humor:0.31525
bad ending:0.311
story:0.30975
ridiculous:0.30925
bad cgi:0.29775
cheerleading:0.29625
quirky:0.296
chase:0.29575
silly fun:0.2915
black comedy:0.28775
slapstick:0.28525
plot holes:0.28375
first contact:0.2795
loneliness:0.2795
dysfunctional family:0.27825
natural disaster:0.2765
money:0.27475
dark comedy:0.2715
overrated:0.26825
big budget:0.268
brutality:0.268
bad script:0.26425
storytelling:0.262
betrayal:0.25525
sex:0.249
adaptation:0.24675
culture clash:0.2455
entirely dialogue:0.24425
fight scenes:0.243
new jersey:0.24025
parody:0.238
entertaining:0.23775
