twist ending:0.9765
twists & turns:0.96775
plot twist:0.965
thriller:0.9615
suspenseful:0.9335
twist:0.92925
hawaii:0.9195
suspense:0.90925
tense:0.9085
murder:0.89025
surprise ending:0.855
murder mystery:0.8075
plot holes:0.79875
psychological:0.79675
chase:0.79075
original:0.77725
mystery:0.77275
plot:0.75675
serial killer:0.73925
scenic:0.70275
great ending:0.6935
identity:0.6805
cinematography:0.67725
alternate endings:0.66975
predictable:0.66725
clever:0.6665
surveillance:0.6435
police investigation:0.636
secrets:0.6275
tricky:0.62475
survival:0.60675
dialogue:0.59825
island:0.5975
intense:0.59225
sexy:0.589
storytelling:0.585
paranoia:0.58275
psychology:0.5605
gory:0.56025
weird:0.55
first contact:0.5345
catastrophe:0.53375
brutality:0.52175
good acting:0.521
stylized:0.52025
beautiful scenery:0.51375
violence:0.51125
cheating:0.50275
cerebral:0.5015
interesting:0.498
so bad it's funny:0.49575
very interesting:0.48725
absurd:0.48575
mentor:0.4785
paranoid:0.475
betrayal:0.474
action:0.47325
stylish:0.463
fast paced:0.461
entertaining:0.46075
claustrophobic:0.45925
manipulation:0.44825
complex:0.44775
writers:0.44325
scary:0.437
sexualized violence:0.43675
runaway:0.4345
exceptional acting:0.4295
visually appealing:0.4295
obsession:0.42075
story:0.4155
greed:0.41525
better than expected:0.4065
entirely dialogue:0.4055
good:0.397
internet:0.3965
good soundtrack:0.3955
not funny:0.3935
exciting:0.3925
life & death:0.39225
gratuitous violence:0.392
stereotypes:0.3825
mindfuck:0.3765
bad ending:0.37375
talky:0.37325
unusual plot structure:0.37125
complicated:0.367
crazy:0.3665
futuristic:0.36125
natural disaster:0.35825
pg-13:0.356
great:0.355
nudity (topless - notable):0.35225
bad acting:0.35125
nudity (topless):0.3485
kidnapping:0.3485
life philosophy:0.3425
neo-noir:0.342
torture:0.34125
horror:0.33675
