biography:0.97975
musicians:0.969
jazz:0.94225
mental illness:0.926
childhood:0.91325
complex:0.9035
documentary:0.902
criterion:0.88725
oscar (best actress):0.88625
life:0.8735
runaway:0.851
depression:0.833
artist:0.83125
enigmatic:0.82525
biographical:0.82225
mentor:0.822
narrated:0.80975
1930s:0.80225
intimate:0.802
violence:0.80125
social commentary:0.79475
drinking:0.775
violent:0.7645
hip hop:0.7595
original:0.75525
passionate:0.75275
oscar (best directing):0.74525
vengeance:0.7445
pornography:0.74175
depressing:0.73375
interesting:0.73225
forceful:0.72825
biopic:0.7275
women:0.722
rock and roll:0.72175
creativity:0.72125
bleak:0.71925
obsession:0.7185
movielens top pick:0.71775
very interesting:0.71675
visceral:0.716
addiction:0.7115
greed:0.70675
reflective:0.70625
great:0.6835
story:0.67775
dreams:0.67625
sacrifice:0.6745
imdb top 250:0.66975
oscar (best supporting actress):0.66775
corruption:0.6645
family:0.6485
africa:0.64725
culture clash:0.6455
great movie:0.645
music business:0.64175
honest:0.638
oscar:0.63575
bittersweet:0.63375
1970s:0.62625
death:0.623
tragedy:0.62175
grim:0.61275
music:0.60925
artistic:0.6085
affectionate:0.60025
drama:0.5955
great acting:0.59475
good:0.59075
light:0.59
cult classic:0.57675
heartbreaking:0.5745
classic:0.57125
highly quotable:0.571
great music:0.56525
homeless:0.5635
cinematography:0.56325
poverty:0.55525
stylized:0.555
adolescence:0.55475
courage:0.55425
segregation:0.551
author:neil gaiman:0.54625
off-beat comedy:0.544
weird:0.53775
bollywood:0.5375
realistic:0.53725
transformation:0.53125
chase:0.53025
storytelling:0.52875
journalism:0.5285
life & death:0.52675
good soundtrack:0.52625
witty:0.52575
1960s:0.52175
oscar winner:0.52025
manipulation:0.51925
unlikely friendships:0.516
oscar (best supporting actor):0.5145
poignant:0.5065
