shakespeare:0.9965
based on a play:0.94225
great acting:0.8385
betrayal:0.83325
oscar (best directing):0.8175
criterion:0.808
adaptation:0.80775
historical:0.8075
talky:0.79325
rome:0.79125
greed:0.79
oscar (best actress):0.766
dialogue:0.7415
black and white:0.72
tragedy:0.71875
corruption:0.71625
assassination:0.70875
mob:0.6855
political:0.66725
original:0.666
gangsters:0.66275
harsh:0.66075
unusual plot structure:0.65875
oscar (best supporting actress):0.6555
earnest:0.6445
movielens top pick:0.64225
passionate:0.62775
gunfight:0.622
great:0.6105
interesting:0.60875
pornography:0.606
obsession:0.597
drinking:0.59075
dramatic:0.58475
great movie:0.58175
runaway:0.57625
good soundtrack:0.57475
costume drama:0.57125
very interesting:0.57125
classic:0.56675
history:0.5525
adapted from:book:0.54925
british:0.5465
forceful:0.539
1970s:0.5375
witty:0.5335
england:0.532
good acting:0.53
intimate:0.51275
loneliness:0.5025
downbeat:0.49725
breathtaking:0.49275
melancholic:0.4925
crime gone awry:0.4915
nudity (topless - notable):0.48575
oscar (best cinematography):0.484
oscar:0.48375
biography:0.48375
excellent:0.48325
fighting the system:0.48275
character study:0.48125
murder:0.46775
great ending:0.46725
imdb top 250:0.467
oscar (best supporting actor):0.46475
brutality:0.4645
drama:0.4505
complex:0.4495
oscar (best actor):0.4495
stylized:0.444
enigmatic:0.4385
oscar (best picture):0.4325
atmospheric:0.4275
good:0.42525
affectionate:0.42175
politics:0.41925
art:0.4165
very good:0.41475
entirely dialogue:0.40975
exceptional acting:0.409
medieval:0.40475
complex characters:0.40425
police investigation:0.40325
period piece:0.399
cynical:0.39425
culture clash:0.39025
death:0.38625
paranoid:0.38225
tense:0.377
sexy:0.37375
twists & turns:0.373
not funny:0.36775
lyrical:0.36675
nudity (full frontal - notable):0.36625
catastrophe:0.3615
revenge:0.36025
grim:0.35925
us history:0.35775
insanity:0.35725
california:0.35675
