espionage:0.99675
spying:0.9955
spy:0.9915
cold war:0.991
spies:0.9725
oscar (best supporting actor):0.96675
world politics:0.94875
politics:0.94425
oscar (best directing):0.93075
history:0.9275
historical:0.92075
dramatic:0.90875
intense:0.9075
drama:0.9075
great acting:0.90075
lawyer:0.8815
spielberg:0.872
tense:0.84775
secrets:0.8415
suspense:0.84125
political:0.8315
surveillance:0.8305
true story:0.8195
based on true story:0.81475
storytelling:0.81225
coen bros:0.805
islam:0.80425
east germany:0.804
berlin:0.79575
us history:0.79425
mentor:0.77125
propaganda:0.76675
original:0.76525
oscar (best picture):0.75875
oscar:0.758
conspiracy:0.756
good acting:0.75375
good:0.75225
pg-13:0.746
excellent script:0.72775
justice:0.727
cia:0.726
assassination:0.72575
lawyers:0.72525
based on a true story:0.72325
great ending:0.716
twists & turns:0.71525
interesting:0.7095
idealism:0.69875
corruption:0.69625
betrayal:0.69525
imdb top 250:0.695
lone hero:0.6935
paranoia:0.693
cinematography:0.68275
story:0.68175
realistic:0.675
period piece:0.67325
dialogue:0.67325
plot:0.672
amazing cinematography:0.668
oscar winner:0.66425
runaway:0.6635
catastrophe:0.6605
complex:0.65825
tricky:0.65725
courage:0.655
intelligent:0.62375
earnest:0.6185
wartime:0.61525
complicated:0.6115
great movie:0.61025
entertaining:0.60425
biopic:0.60125
clever:0.5995
thriller:0.59725
chase:0.59425
great:0.58925
honest:0.5855
tom clancy:0.58375
oscar (best supporting actress):0.581
talky:0.57125
good soundtrack:0.56975
powerful ending:0.56875
germany:0.5675
excellent:0.566
fast paced:0.56325
russian:0.55525
culture clash:0.55175
oscar (best actress):0.5515
factual:0.54825
suspenseful:0.54625
biographical:0.5455
emotional:0.54525
sentimental:0.544
assassin:0.5365
new york:0.535
greed:0.535
sacrifice:0.53025
russia:0.53
