baseball:0.99375
love story:0.9525
sports:0.91075
romance:0.862
romantic:0.85625
destiny:0.847
mentor:0.7715
dialogue:0.74575
chick flick:0.71425
romantic comedy:0.7105
fun movie:0.64775
original:0.6425
big budget:0.637
underdog:0.62975
love:0.6245
pg-13:0.619
great:0.60425
great movie:0.59125
happy ending:0.5855
feel-good:0.58225
predictable:0.577
relationships:0.57275
good:0.56225
sappy:0.5605
life philosophy:0.5525
story:0.5315
girlie movie:0.5305
sentimental:0.5115
feel good movie:0.508
great ending:0.50125
powerful ending:0.478
transformation:0.46625
drama:0.45025
catastrophe:0.4495
special effects:0.4175
script:0.41725
underrated:0.4165
franchise:0.40875
vengeance:0.39375
excellent:0.391
entertaining:0.38475
storytelling:0.38225
good action:0.37
family:0.36875
first contact:0.36675
cool:0.36425
fun:0.35875
runaway:0.35725
san francisco:0.35725
life:0.354
action:0.3415
shallow:0.34075
not funny:0.332
loneliness:0.32725
intense:0.327
inspirational:0.3215
passionate:0.3215
good soundtrack:0.3175
brutality:0.315
series:0.313
redemption:0.3115
nostalgic:0.30975
lone hero:0.30925
chase:0.30925
writers:0.30825
plot:0.308
adaptation:0.308
touching:0.30325
sci fi:0.30325
sexy:0.3015
good romantic comedies:0.3005
fight scenes:0.298
fantasy world:0.2975
great acting:0.2975
unlikely friendships:0.29725
entirely dialogue:0.2895
realistic:0.2875
new jersey:0.28025
natural disaster:0.279
doctors:0.27825
dynamic cgi action:0.27625
unfunny:0.27425
interesting:0.27425
enigmatic:0.27425
culture clash:0.273
boston:0.2715
teen movie:0.27025
dramatic:0.267
alternate history:0.263
gunfight:0.26275
silly fun:0.26275
earnest:0.2615
exciting:0.26025
sweet:0.26025
betrayal:0.25625
overrated:0.25475
new york:0.2545
mad scientist:0.254
childhood:0.254
reflective:0.247
