wilderness:0.97525
australia:0.974
true story:0.9715
based on a true story:0.9625
desert:0.951
scenic:0.941
survival:0.93825
solitude:0.91975
based on true story:0.9185
beautiful scenery:0.90675
based on a book:0.903
cinematography:0.8765
adventure:0.858
road movie:0.83775
australian:0.8245
beautifully filmed:0.7975
self discovery:0.7645
life & death:0.7595
loneliness:0.733
based on book:0.72275
visually appealing:0.67875
great cinematography:0.66525
africa:0.659
beautiful:0.6585
enigmatic:0.6495
visually stunning:0.642
dog:0.614
animals:0.6085
tragedy:0.60725
isolation:0.594
original:0.5925
stunning:0.586
amazing photography:0.58
indians:0.5775
melancholic:0.57525
sacrifice:0.573
mentor:0.56275
breathtaking:0.549
transformation:0.5415
catastrophe:0.538
runaway:0.53475
good:0.52675
good acting:0.52675
justice:0.521
oscar (best supporting actress):0.5125
travel:0.51075
biographical:0.5095
intimate:0.5025
chase:0.4855
inspirational:0.48225
character study:0.479
feel-good:0.47775
suicide:0.474
childhood:0.4725
drinking:0.466
freedom:0.46575
suprisingly clever:0.46575
very interesting:0.4645
culture clash:0.45675
greed:0.453
adapted from:book:0.4445
corruption:0.4395
drama:0.43825
dramatic:0.436
friendship:0.4355
end of the world:0.433
unlikely friendships:0.43075
hospital:0.4275
jungle:0.42575
heartbreaking:0.4235
snakes:0.42325
story:0.41625
touching:0.412
harsh:0.41025
oscar (best foreign language film):0.40975
great ending:0.4095
good soundtrack:0.40875
vengeance:0.40275
unusual plot structure:0.402
storytelling:0.39875
bad ending:0.39775
inspiring:0.3965
biopic:0.3955
road trip:0.395
great acting:0.39325
emotional:0.3895
redemption:0.37875
environment:0.378
fast paced:0.3775
great:0.3645
not funny:0.36225
weird:0.361
light:0.35875
life philosophy:0.3555
underrated:0.3465
nudity (full frontal - brief):0.34525
plot:0.344
interesting:0.3435
atmospheric:0.3415
nature:0.341
