criterion:0.91475
politics:0.84725
political:0.785
enigmatic:0.75325
weird:0.72125
original:0.6775
golden palm:0.66425
very interesting:0.63025
cynical:0.60875
visually appealing:0.60875
talky:0.602
harsh:0.5825
stylized:0.582
visually stunning:0.5725
reflective:0.5705
pornography:0.56475
obsession:0.53575
assassination:0.51625
runaway:0.50825
visual:0.499
grindhouse:0.49775
brutality:0.49275
brainwashing:0.46675
cinematography:0.447
surreal:0.447
great:0.439
visceral:0.437
disturbing:0.42825
brutal:0.42475
journalism:0.41575
cerebral:0.41275
catastrophe:0.41275
ironic:0.40275
thought-provoking:0.40275
suprisingly clever:0.39575
absurd:0.39475
atmospheric:0.3895
unusual plot structure:0.38675
nudity (full frontal - notable):0.38625
art:0.3855
violence:0.383
intimate:0.3825
documentary:0.38075
not funny:0.37625
melancholic:0.375
segregation:0.36125
allegory:0.36025
dreamlike:0.35975
dialogue:0.35925
classic car:0.3575
social commentary:0.35575
photography:0.35525
paranoid:0.35025
surveillance:0.3485
affectionate:0.3475
satirical:0.34575
sexy:0.3445
drama:0.341
chicago:0.33975
crime gone awry:0.3345
mentor:0.33175
gunfight:0.328
cult film:0.32775
fight scenes:0.324
art house:0.316
free to download:0.31375
forceful:0.3105
interesting:0.30225
story:0.3
downbeat:0.29875
pointless:0.2965
breathtaking:0.29375
culture clash:0.29175
tokyo:0.2855
vengeance:0.28375
meditative:0.2835
quirky:0.282
world politics:0.28025
biting:0.27925
hallucinatory:0.27325
artistic:0.27225
kick-butt women:0.26975
entirely dialogue:0.26875
great ending:0.2645
good soundtrack:0.26325
grim:0.2625
stunning:0.25875
photographer:0.258
fantasy world:0.25775
passionate:0.25775
paranoia:0.256
distopia:0.255
greed:0.253
irreverent:0.25275
cult classic:0.25175
1960s:0.25075
loneliness:0.25025
male nudity:0.24975
camp:0.2475
narrated:0.2465
