tokyo:0.9895
japan:0.98275
allegory:0.959
weapons:0.9425
monster:0.94
monsters:0.919
better than the american version:0.91125
original:0.89175
special effects:0.831
criterion:0.82725
mad scientist:0.825
sci fi:0.77325
nuclear:0.764
bombs:0.76225
japanese:0.75775
science fiction:0.741
stop motion:0.739
cult classic:0.69375
scifi:0.66725
sacrifice:0.665
island:0.65725
natural disaster:0.65125
nuclear war:0.6325
sci-fi:0.61925
melancholic:0.60825
dialogue:0.5985
franchise:0.5945
effects:0.59375
classic:0.56875
story:0.55325
visually stunning:0.529
catastrophe:0.526
sequels:0.51675
masterpiece:0.508
mythology:0.5065
great ending:0.50175
light:0.4895
transformation:0.476
dinosaurs:0.47125
mentor:0.46775
goofy:0.46525
so bad it's funny:0.46225
social commentary:0.46075
great:0.4545
fantasy world:0.45275
harsh:0.4515
greed:0.4505
black and white:0.445
stop-motion:0.43475
forceful:0.42775
great movie:0.4225
good soundtrack:0.41975
suprisingly clever:0.41725
storytelling:0.417
imdb top 250:0.41575
adaptation:0.41125
nuclear bomb:0.40775
original plot:0.40775
brutality:0.40675
death:0.401
unusual plot structure:0.3955
culture clash:0.3875
grindhouse:0.37825
cult film:0.37525
not funny:0.3705
vengeance:0.3695
anti-war:0.3645
dynamic cgi action:0.364
camp:0.36275
talky:0.36125
life & death:0.3585
visually appealing:0.3545
visual:0.35075
violence:0.3495
sequel:0.34825
dark hero:0.34725
android(s)/cyborg(s):0.34425
childhood:0.344
humanity:0.34175
fantasy:0.341
gunfight:0.34025
scary:0.34
sexualized violence:0.3385
cinematography:0.3345
grim:0.33275
suspense:0.332
mutants:0.33125
fun:0.32675
demons:0.32625
runaway:0.32225
great acting:0.322
paranoid:0.32125
dramatic:0.321
nocturnal:0.32025
good:0.32
campy:0.31575
cerebral:0.312
hospital:0.30975
tense:0.3055
narrated:0.30125
