sports:0.99075
underdog:0.80275
bad plot:0.75875
predictable:0.7425
original:0.73175
olympics:0.69125
mentor:0.56575
life philosophy:0.5655
80s:0.5495
notable nudity:0.52575
silly fun:0.48925
dialogue:0.487
fun movie:0.47825
horrible:0.473
los angeles:0.463
goofy:0.45825
great ending:0.45325
sexy:0.4455
brutality:0.43675
great:0.433
catastrophe:0.40975
nudity (topless - notable):0.40275
road movie:0.3755
multiple storylines:0.36625
visual:0.363
overrated:0.3595
sacrifice:0.35875
reality tv:0.357
first contact:0.35425
not funny:0.353
melancholic:0.34425
destiny:0.34425
lone hero:0.344
pulp:0.344
cult film:0.33575
silly:0.3355
camp:0.3245
good soundtrack:0.317
storytelling:0.3125
runaway:0.312
vengeance:0.30975
god:0.30875
fun:0.3065
boxing:0.3065
internet:0.30625
fight scenes:0.305
vampire human love:0.303
video game:0.2975
entirely dialogue:0.297
redemption:0.295
fantasy world:0.29425
geek:0.294
california:0.2935
women:0.29275
sci fi:0.291
graphic design:0.28675
family:0.28625
unfunny:0.28475
happy ending:0.2825
technology:0.2825
san francisco:0.282
male nudity:0.28075
culture clash:0.27775
space:0.2775
adaptation:0.2775
quirky:0.2755
lawyer:0.27025
death:0.268
chess:0.26675
passionate:0.26475
good:0.2635
justice:0.26175
basketball:0.2615
pornography:0.25875
chase:0.254
high school:0.2495
slapstick:0.2485
irish accent:0.2475
boring:0.24625
unusual plot structure:0.2415
gangsters:0.2405
action:0.238
existentialism:0.2375
weapons:0.23675
feel good movie:0.2365
romantic:0.2355
poker:0.2355
erotic:0.2335
twists & turns:0.23325
so bad it's funny:0.233
science fiction:0.2325
crude humor:0.2315
great movie:0.23075
too long:0.2285
franchise:0.22725
bad ending:0.22675
nudity (full frontal - brief):0.2265
pg-13:0.22625
dreamlike:0.22525
inspirational:0.22525
