suspenseful:0.95875
tense:0.93875
thriller:0.92525
suspense:0.91075
chase:0.846
alternate endings:0.7785
twist ending:0.769
road movie:0.73525
intense:0.7345
horror:0.7305
original:0.70925
supernatural:0.7025
good:0.69275
teen movie:0.68225
revenge:0.66325
great ending:0.6575
male nudity:0.6415
ominous:0.64
twists & turns:0.631
plot holes:0.5955
good acting:0.57975
scary:0.57425
new jersey:0.5645
police investigation:0.5555
serial killer:0.5455
predictable:0.5455
creepy:0.5425
fun movie:0.54025
fast paced:0.536
runaway:0.53425
twist:0.53325
teen:0.52975
road trip:0.5265
psychological:0.515
claustrophobic:0.51475
pornography:0.51375
catastrophe:0.50575
entertaining:0.49
splatter:0.48075
kidnapping:0.46975
pg-13:0.4695
sexy:0.463
plot:0.46
paranoia:0.4585
surprise ending:0.45825
violence:0.451
stupidity:0.4505
great:0.44775
very good:0.44125
brutality:0.43525
teens:0.4345
manipulation:0.42075
clever:0.418
murder:0.41775
secrets:0.41725
better than expected:0.416
mentor:0.4155
hotel:0.40775
good soundtrack:0.39775
interesting:0.3895
conspiracy:0.3875
dialogue:0.38675
gory:0.38475
nudity (full frontal - brief):0.384
so bad it's funny:0.3835
bad ending:0.3835
silly:0.38275
paranoid:0.38225
brothers:0.38125
corruption:0.38025
exciting:0.38
dumb:0.36
stupid:0.35825
vengeance:0.358
great movie:0.3545
slasher:0.35375
first contact:0.35175
story:0.351
nudity (topless - notable):0.34775
creativity:0.3435
not funny:0.339
frightening:0.33875
identity:0.3385
weird:0.3375
good action:0.33225
surveillance:0.33075
action:0.33
radio:0.32925
foul language:0.32875
storytelling:0.325
psychology:0.3215
stereotypes:0.3115
greed:0.31075
suprisingly clever:0.30975
talky:0.307
cars:0.30575
great acting:0.30175
excellent:0.3005
goofy:0.2995
original plot:0.296
