christmas:0.99925
holiday:0.99475
silly fun:0.96425
goofy:0.854
fun movie:0.8405
family:0.80775
predictable:0.771
silly:0.74375
original:0.73475
slapstick:0.71425
franchise:0.67075
children:0.61175
comedy:0.6105
runaway:0.60875
fun:0.599
redemption:0.562
so bad it's funny:0.5605
mentor:0.555
camp:0.49975
violence:0.49125
humorous:0.4745
homeless:0.47175
based on a tv show:0.46875
bad plot:0.46625
parody:0.4625
childhood:0.45825
light:0.44825
magic:0.44825
overrated:0.44625
fantasy world:0.4405
action:0.43825
great ending:0.435
dialogue:0.4345
kids:0.43425
lone hero:0.4165
catastrophe:0.41425
story:0.41225
natural disaster:0.4005
brutality:0.398
pointless:0.39475
stupid:0.39375
series:0.3915
first contact:0.382
chase:0.3755
very funny:0.37525
dumb but funny:0.37475
cult film:0.374
fight scenes:0.373
good:0.366
bad acting:0.35975
dysfunctional family:0.3535
toys:0.35125
great:0.346
unusual plot structure:0.34225
kids and family:0.34125
entertaining:0.329
sci fi:0.3245
life philosophy:0.32375
destiny:0.323
disaster:0.32275
crude humor:0.32
death:0.32
vengeance:0.31275
dreamlike:0.31225
fantasy:0.3095
pornography:0.30875
unlikely friendships:0.305
multiple storylines:0.3045
alter ego:0.30325
good action:0.3025
adaptation:0.30025
storytelling:0.3
entirely dialogue:0.29775
clever:0.2965
absurd:0.29375
quirky:0.28925
alternate reality:0.28925
police investigation:0.28775
splatter:0.28725
science fiction:0.2855
cute!:0.2855
ninja:0.285
existentialism:0.2845
pulp:0.282
grindhouse:0.2775
weird:0.27625
cancer:0.27625
ridiculous:0.272
culture clash:0.27075
melancholic:0.2705
friendship:0.2705
unfunny:0.27
stupidity:0.26675
special effects:0.2665
80s:0.26475
adventure:0.2635
life & death:0.26225
nocturnal:0.262
gangsters:0.26025
imdb top 250:0.26
