adapted from:book:0.9585
series:0.953
based on a book:0.93925
desert:0.927
scifi:0.90575
sci-fi:0.904
sci fi:0.8935
science fiction:0.879
visual:0.8725
books:0.868
book was better:0.81775
based on book:0.80725
original:0.8045
futuristic:0.79375
adaptation:0.7905
made for tv:0.77675
lynch:0.7735
book:0.76375
plot:0.75975
visually appealing:0.73325
rebellion:0.6955
space:0.695
dialogue:0.6865
special effects:0.6855
story:0.68225
mythology:0.6705
great ending:0.662
islam:0.6555
great:0.655
literature:0.6455
stylized:0.64325
complex:0.643
pg-13:0.62625
great movie:0.625
fight scenes:0.62325
visually stunning:0.62025
good:0.61425
transformation:0.611
big budget:0.60325
fantasy world:0.58925
distopia:0.56775
interesting:0.56675
intense:0.5625
vengeance:0.5605
storytelling:0.5545
technology:0.55325
cinematography:0.53975
excellent:0.538
imagination:0.53725
dark hero:0.52825
franchise:0.51225
mentor:0.507
costume drama:0.50325
alter ego:0.49925
catastrophe:0.49
weird:0.4895
original plot:0.48875
revenge:0.4775
betrayal:0.47575
based on a tv show:0.472
first contact:0.46925
cerebral:0.4685
allegory:0.46525
visuals:0.4635
trilogy:0.46075
runaway:0.4525
dark:0.44375
good soundtrack:0.44275
drama:0.44175
justice:0.44025
literary adaptation:0.44025
conspiracy:0.4385
cool:0.437
brutality:0.4245
good acting:0.4215
clever:0.4205
effects:0.4145
dynamic cgi action:0.41325
high fantasy:0.4115
violence:0.4105
passionate:0.40975
narrated:0.4095
nocturnal:0.40325
beautiful scenery:0.4005
classic car:0.3995
silly:0.398
atmospheric:0.397
very interesting:0.385
suprisingly clever:0.38475
secrets:0.384
culture clash:0.3825
sexualized violence:0.3815
happy ending:0.38075
great acting:0.38
survival:0.37825
redemption:0.378
very funny:0.377
fantasy:0.37675
philosophy:0.375
murder:0.3725
