mummy:1.0
egypt:0.99675
series:0.7975
monster:0.7855
original:0.7645
horror:0.7275
franchise:0.6335
sci fi:0.62925
immortality:0.6125
so bad it's funny:0.6115
science fiction:0.60525
effects:0.58325
sequel:0.57375
fight scenes:0.55575
mad scientist:0.54275
sequels:0.53875
awesome soundtrack:0.53825
scifi:0.5375
cult classic:0.5325
creepy:0.52225
camp:0.52125
transformation:0.51575
cult:0.51275
dialogue:0.505
mentor:0.49325
harsh:0.48525
life & death:0.46775
chase:0.46575
story:0.46525
exciting:0.46375
hospital:0.45475
original plot:0.44725
cult film:0.444
special effects:0.44275
cerebral:0.43675
road movie:0.43125
catastrophe:0.41725
weapons:0.41
stereotypes:0.40975
first contact:0.409
great ending:0.39625
technology:0.38625
betrayal:0.381
new jersey:0.37725
revenge:0.377
ghosts:0.3695
predictable:0.3665
1930s:0.3665
classic car:0.36225
crappy sequel:0.362
redemption:0.35975
classic:0.35975
nocturnal:0.35775
tokyo:0.3565
secrets:0.35575
future:0.35425
doctors:0.34975
unusual plot structure:0.34775
good sequel:0.34575
teens:0.34525
very interesting:0.34525
ominous:0.34075
archaeology:0.3405
sci-fi:0.33775
dark hero:0.3355
futuristic:0.3345
trilogy:0.33075
campy:0.3295
distopia:0.32675
weird:0.32375
good:0.3235
not funny:0.32275
grindhouse:0.312
bad ending:0.312
melancholic:0.3095
silly:0.309
life philosophy:0.30825
solitude:0.305
violence:0.30375
brutality:0.30225
nudity (full frontal - notable):0.302
surreal:0.29975
good soundtrack:0.298
dynamic cgi action:0.298
silly fun:0.29675
suspense:0.29525
werewolf:0.294
allegory:0.294
zombie:0.2915
1980s:0.29075
monsters:0.2895
quirky:0.2875
lone hero:0.28475
gunfight:0.2845
new orleans:0.284
fun movie:0.28075
oscar (best effects - visual effects):0.278
gothic:0.27625
atmospheric:0.275
action packed:0.27025
