animation:0.98825
fairy tale:0.98775
disney animated feature:0.98575
kids and family:0.984
animated:0.974
cartoon:0.9735
disney:0.9205
fairy tales:0.919
musical:0.91825
kids:0.8945
love story:0.88275
computer animation:0.88225
heartwarming:0.8705
classic:0.84825
story:0.8435
70mm:0.843
romantic:0.8185
animals:0.81325
sweet:0.80525
children:0.80325
romance:0.7745
girlie movie:0.77325
family:0.76625
childhood:0.76025
good:0.7485
heroine:0.74175
beautiful:0.7405
original:0.726
oscar (best music - original song):0.7245
great:0.70125
magic:0.655
stereotypes:0.6475
animal movie:0.64025
fun movie:0.63525
clever:0.63425
artistic:0.6315
visually stunning:0.61725
oscar (best picture):0.6145
sacrifice:0.61275
beautiful scenery:0.608
18th century:0.58075
fun:0.57275
love:0.566
runaway:0.5595
redemption:0.55175
friendship:0.54625
touching:0.5405
happy ending:0.53375
good versus evil:0.5225
whimsical:0.522
oscar:0.515
talking animals:0.51275
music:0.51175
breathtaking:0.5065
adventure:0.50625
light:0.50425
culture clash:0.503
sentimental:0.49825
storytelling:0.49725
literature:0.49725
beautifully filmed:0.483
unlikely friendships:0.48075
excellent:0.479
transformation:0.47875
destiny:0.4765
catastrophe:0.4745
colourful:0.468
oscar winner:0.4675
oscar (best music - original score):0.4395
dialogue:0.43925
cute:0.43225
great ending:0.43025
coming of age:0.42975
witty:0.42825
mentor:0.428
bittersweet:0.42475
nostalgic:0.411
chase:0.4095
creativity:0.407
suprisingly clever:0.40675
oscar (best supporting actress):0.404
stunning:0.4005
simple:0.398
good music:0.3855
loneliness:0.37825
feel-good:0.37275
humorous:0.369
adaptation:0.3675
great movie:0.366
earnest:0.366
not funny:0.3655
masterpiece:0.364
pixar animation:0.36125
idealism:0.35925
visuals:0.358
pg-13:0.35725
good soundtrack:0.357
oscar (best directing):0.35375
adapted from:book:0.35225
goofy:0.342
