horror:0.999
splatter:0.99525
gore:0.94825
bloody:0.93475
gory:0.92975
gruesome:0.92525
cult classic:0.89425
virus:0.83925
scary:0.826
original:0.82
weird:0.7795
creepy:0.76575
slasher:0.7605
so bad it's funny:0.69525
blood:0.6715
brutality:0.65825
zombie:0.64975
low budget:0.6395
cult film:0.63725
idiotic:0.634
grindhouse:0.61825
pointless:0.6145
monster:0.61075
bad acting:0.609
stupid:0.60375
good soundtrack:0.601
violence:0.59625
teens:0.58925
demons:0.5875
dark humor:0.5555
predictable:0.54925
goofy:0.54475
cult:0.5395
horrible:0.53425
visceral:0.53275
suspense:0.5285
supernatural:0.52775
great ending:0.52475
dialogue:0.516
goretastic:0.50675
camp:0.497
stereotypes:0.4935
mentor:0.48625
gratuitous violence:0.4755
stupidity:0.47225
fun movie:0.469
nudity (topless):0.4635
crazy:0.46325
unlikeable characters:0.456
stupid as hell:0.4555
bad ending:0.44975
sexualized violence:0.44875
survival:0.438
claustrophobic:0.42975
road trip:0.429
pornography:0.425
drinking:0.40875
bad plot:0.40375
disturbing:0.401
teen movie:0.39525
mad scientist:0.39525
writers:0.39375
torture:0.3895
macabre:0.38875
nudity:0.38825
campy:0.38775
weed:0.3755
death:0.37425
80s:0.37025
violent:0.367
catastrophe:0.364
transformation:0.3605
weapons:0.3585
fun:0.357
storytelling:0.3555
paranoia:0.35475
adaptation:0.352
imdb top 250:0.3495
nudity (full frontal - notable):0.3455
overrated:0.343
quirky:0.3405
melancholic:0.33725
murder:0.336
monsters:0.33525
apocalypse:0.3335
twist ending:0.33275
good dialogue:0.33025
bad:0.3295
entirely dialogue:0.32325
shallow:0.31925
clever:0.3185
twists & turns:0.31825
social commentary:0.3165
goth:0.3155
atmospheric:0.31525
stoner movie:0.31425
awesome soundtrack:0.31375
cannibalism:0.3135
plot holes:0.31275
clowns:0.31
