based on a book:0.96025
social commentary:0.93475
drugs:0.89675
based on book:0.85125
drug abuse:0.83475
creativity:0.826
satirical:0.80775
satire:0.8055
life philosophy:0.8045
visually appealing:0.8045
narrated:0.797
literature:0.74675
visually stunning:0.7465
french:0.7425
alone in the world:0.71475
cerebral:0.70925
original:0.67325
adaptation:0.65675
psychedelic:0.652
absurd:0.642
greed:0.63425
adapted from:book:0.6335
philosophy:0.63325
weird:0.622
dreamlike:0.62175
visual:0.61075
cynical:0.603
drug addiction:0.57775
pornography:0.57575
distopia:0.5555
dreams:0.552
intellectual:0.53275
unusual plot structure:0.5285
loneliness:0.51875
mentor:0.5045
great ending:0.504
existentialism:0.4985
artistic:0.49575
justice:0.4945
pretentious:0.47975
idealism:0.47425
nudity (topless):0.47225
mindfuck:0.47225
clever:0.4715
books:0.4605
nudity (topless - brief):0.45825
independent film:0.45475
betrayal:0.44925
art:0.44475
cinematography:0.4425
storytelling:0.436
enigmatic:0.4345
catastrophe:0.4275
fun movie:0.42475
bad ending:0.424
island:0.423
culture clash:0.41975
harsh:0.41925
stylized:0.41525
imagination:0.41225
complex:0.40825
redemption:0.40425
surreal:0.4015
life & death:0.4005
death:0.4005
bleak:0.39925
happy ending:0.3985
thought-provoking:0.39275
interesting:0.39175
mental illness:0.39025
twists & turns:0.38875
book was better:0.387
fantasy world:0.383
end of the world:0.38225
good soundtrack:0.38125
criterion:0.38
very interesting:0.37525
france:0.375
suprisingly clever:0.37325
insanity:0.373
drama:0.3685
addiction:0.365
story:0.365
very funny:0.361
book:0.35875
visuals:0.35225
fighting the system:0.3445
alternate endings:0.34425
solitude:0.343
black comedy:0.34225
utopia:0.339
secrets:0.33825
nudity (full frontal - brief):0.33475
great:0.3325
crime gone awry:0.331
dialogue:0.3305
slackers:0.33025
hallucinatory:0.328
nudity (full frontal - notable):0.32475
powerful ending:0.3225
