germany:0.99775
oscar (best foreign language film):0.99775
world war ii:0.996
africa:0.99175
wwii:0.984
nazis:0.9815
jews:0.9795
holocaust:0.95975
culture clash:0.95625
foreign:0.928
anti-semitism:0.928
german:0.92425
beautifully filmed:0.90075
nazi:0.896
jewish:0.8515
judaism:0.844
cinematography:0.82575
beautiful scenery:0.82275
genocide:0.8185
drama:0.7695
family drama:0.76575
prejudice:0.7495
family bonds:0.74675
tragedy:0.746
idealism:0.7385
wartime:0.70075
dramatic:0.69925
excellent script:0.6915
oscar (best directing):0.6795
based on a book:0.67125
affectionate:0.66675
social commentary:0.663
intimate:0.65725
original:0.6555
emotional:0.64575
earnest:0.633
cathartic:0.6325
ethnic conflict:0.632
reflective:0.63175
heartbreaking:0.61825
touching:0.6175
betrayal:0.615
bittersweet:0.61425
family:0.61025
narrated:0.58975
oscar winner:0.58575
survival:0.58525
1930s:0.5795
great acting:0.5675
oscar:0.566
oscar (best supporting actress):0.56575
poland:0.5655
visually stunning:0.56525
sacrifice:0.5585
breathtaking:0.5565
secrets:0.5555
war:0.54775
poignant:0.5445
golden palm:0.543
runaway:0.528
criterion:0.52775
good acting:0.5185
assassination:0.5185
israel:0.51325
adaptation:0.51225
british:0.50875
great:0.50825
oscar (best actress):0.50525
lawyer:0.50525
suprisingly clever:0.504
unusual plot structure:0.50325
catastrophe:0.50325
realistic:0.49725
story:0.49575
storytelling:0.4955
harsh:0.49425
oscar (best cinematography):0.492
good:0.49125
identity:0.48425
pg-13:0.482
mentor:0.482
forceful:0.474
exceptional acting:0.473
propaganda:0.47275
great ending:0.466
movielens top pick:0.466
historical:0.46575
sentimental:0.45875
childhood:0.4575
marriage:0.4495
beautiful:0.4375
imdb top 250:0.43575
heartwarming:0.43475
talky:0.43425
stunning:0.434
interracial romance:0.43225
interesting:0.42875
colourful:0.4285
finnish:0.425
bleak:0.42225
