heist:0.997
caper:0.98775
twists & turns:0.9735
plot twist:0.95525
dialogue:0.92675
con artists:0.8965
fast paced:0.89475
greed:0.8845
crime:0.86225
betrayal:0.836
robbery:0.83475
clever:0.8275
twist ending:0.8055
con men:0.8
suspense:0.7965
great ending:0.7935
surveillance:0.788
original:0.77425
surprise ending:0.769
crime gone awry:0.76875
twist:0.76575
tricky:0.75525
complicated plot:0.74725
entirely dialogue:0.7395
cool:0.7345
complex:0.732
good acting:0.722
great dialogue:0.70125
good dialogue:0.698
corruption:0.687
complicated:0.67875
great acting:0.672
plot:0.6715
interesting:0.667
neo-noir:0.65875
gunfight:0.657
plot holes:0.64525
cerebral:0.64175
entertaining:0.6395
unrealistic:0.63825
thriller:0.636
good soundtrack:0.635
sexy:0.63475
good:0.62675
storytelling:0.60375
stylish:0.59625
intense:0.5885
stylized:0.5825
gangsters:0.57725
suspenseful:0.565
police investigation:0.54775
secrets:0.545
talky:0.542
bad ending:0.53975
great:0.528
catastrophe:0.52575
life philosophy:0.521
predictable:0.51375
visually appealing:0.50125
mob:0.5
mentor:0.49975
bad acting:0.4945
tense:0.48375
cheating:0.4795
ensemble cast:0.47925
very good:0.47575
pg-13:0.47475
chase:0.4705
intelligent:0.46425
story:0.45825
excellent script:0.45775
manipulation:0.45525
witty:0.4495
great movie:0.448
pointless:0.4465
multiple storylines:0.43525
gangster:0.4335
imdb top 250:0.43
action:0.42975
noir:0.427
very interesting:0.42275
exciting:0.422
moral ambiguity:0.42175
murder:0.419
destiny:0.41625
excellent:0.4125
technology:0.41075
fun movie:0.4055
redemption:0.398
unusual plot structure:0.391
money:0.3895
original plot:0.389
police corruption:0.388
violence:0.386
bank robbery:0.38425
underrated:0.38225
conspiracy:0.38225
weird:0.38125
intellectual:0.3785
writers:0.37775
