ghosts:0.98675
supernatural:0.96425
creepy:0.9455
mystery:0.89725
bullying:0.82425
childhood:0.81725
murder:0.8165
frightening:0.81625
halloween:0.805
story:0.78475
imagination:0.7765
scary:0.7745
original:0.768
eerie:0.749
suspense:0.748
ghosts/afterlife:0.73625
great ending:0.72675
fantasy world:0.7185
small town:0.71675
serial killer:0.71275
cinematography:0.70975
murder mystery:0.7095
secrets:0.696
children:0.69275
coming of age:0.691
horror:0.68725
atmospheric:0.679
runaway:0.65225
nocturnal:0.6125
suspenseful:0.61075
enigmatic:0.60975
surreal:0.603
weird:0.6015
coming-of-age:0.5975
death:0.59575
nostalgic:0.581
special effects:0.57825
mentor:0.5655
police investigation:0.56075
dark fantasy:0.539
school:0.535
visually appealing:0.521
gothic:0.5175
revenge:0.5175
storytelling:0.50525
transformation:0.505
pg-13:0.48825
haunted house:0.4855
fantasy:0.479
stylish:0.477
great:0.47675
hospital:0.46825
visual:0.468
pornography:0.4675
underrated:0.45625
psychological:0.456
good:0.45475
visually stunning:0.45275
vengeance:0.4515
adolescence:0.45
harsh:0.4495
nudity (topless - notable):0.44825
chase:0.44725
ominous:0.441
dark:0.441
claustrophobic:0.439
fun movie:0.4375
family drama:0.432
good soundtrack:0.4315
light:0.431
adapted from:book:0.421
criterion:0.41675
dialogue:0.40825
dreamlike:0.40625
identity:0.40175
original plot:0.4015
sexualized violence:0.3995
violence:0.39775
80s:0.39675
suprisingly clever:0.39675
psychology:0.3925
surprise ending:0.39175
effects:0.3915
clever:0.39125
family:0.39025
catastrophe:0.3875
culture clash:0.38425
tense:0.37975
spanish civil war:0.37725
demons:0.3745
bad ending:0.36775
predictable:0.3665
creativity:0.3645
stylized:0.362
oscar (best actress):0.36075
complex:0.36
alternate endings:0.35875
based on a book:0.35875
first contact:0.35825
so bad it's funny:0.3555
