oscar (best animated feature):0.99925
pixar animation:0.992
computer animation:0.98775
animation:0.98475
animated:0.95375
pixar:0.95375
story:0.943
cooking:0.94025
original:0.93975
kids and family:0.931
children:0.92575
rats:0.91825
cute:0.902
imdb top 250:0.90075
talking animals:0.89175
storytelling:0.88675
family:0.87375
cartoon:0.8705
friendship:0.8655
sweet:0.8375
visually stunning:0.83625
disney:0.836
kids:0.835
paris:0.826
animals:0.8115
food:0.79875
fun:0.79125
heartwarming:0.78425
clever:0.78225
good:0.762
comedy:0.75475
great:0.753
great movie:0.74625
cute!:0.74425
feel-good:0.73975
childhood:0.73975
creativity:0.7325
mentor:0.7265
visually appealing:0.724
feel good movie:0.71925
unlikely friendships:0.71475
dialogue:0.70225
inspirational:0.69875
imagination:0.69675
funny:0.69525
visual:0.69175
disney animated feature:0.6885
great ending:0.68475
family bonds:0.6785
love:0.67475
touching:0.6705
witty:0.658
fairy tale:0.64375
light:0.634
redemption:0.61525
happy ending:0.60875
toys:0.607
cgi:0.60325
oscar winner:0.602
good soundtrack:0.59775
destiny:0.59275
excellent script:0.58625
entertaining:0.58425
original plot:0.5655
social commentary:0.564
animal movie:0.5605
very funny:0.5565
weird:0.55075
allegory:0.5505
transformation:0.55
beautiful scenery:0.54925
oscar:0.53875
humorous:0.534
superheroes:0.53375
runaway:0.52
stunning:0.5115
chase:0.50775
fantasy world:0.499
fun movie:0.49575
movielens top pick:0.49475
pg-13:0.49425
fast paced:0.494
romantic:0.493
secrets:0.489
humor:0.48775
very good:0.48675
twists & turns:0.4795
life philosophy:0.47875
interesting:0.47875
harsh:0.47375
plot:0.47075
whimsical:0.47075
fantasy:0.46975
loneliness:0.46525
visuals:0.465
unusual plot structure:0.46325
culture clash:0.463
catastrophe:0.46125
script:0.45975
wine:0.441
