dark humor:0.937
off-beat comedy:0.909
original:0.863
crime:0.844
good soundtrack:0.82875
crime gone awry:0.80025
comedy:0.78675
funny:0.76625
gangster:0.758
heist:0.749
suicide:0.74775
gangsters:0.7445
black comedy:0.74125
weird:0.71875
caper:0.70425
ensemble cast:0.67775
plot:0.6755
great:0.6695
storytelling:0.66725
stylish:0.631
very funny:0.588
great movie:0.58025
underrated:0.57475
great ending:0.558
childhood:0.5505
dialogue:0.54925
story:0.538
narrated:0.5085
violence:0.49425
stylized:0.49175
nudity (full frontal - notable):0.4815
vengeance:0.47175
drugs:0.4695
movielens top pick:0.46875
male nudity:0.46175
humor:0.45775
adaptation:0.45775
visually stunning:0.45575
very good:0.45475
complicated plot:0.45275
witty:0.45225
dark comedy:0.45125
whimsical:0.43725
british:0.4355
social commentary:0.435
interesting:0.43
mentor:0.42925
destiny:0.42925
hit men:0.4225
crazy:0.4185
great acting:0.414
family:0.41075
complex:0.41
pg-13:0.40925
catastrophe:0.4045
twist:0.4045
brutality:0.40325
dark:0.40025
unusual plot structure:0.39825
melancholic:0.396
depression:0.3935
pornography:0.39075
road movie:0.39
absurd:0.387
multiple storylines:0.3845
entirely dialogue:0.384
mob:0.38375
quirky:0.3825
cynical:0.38
kidnapping:0.3795
redemption:0.3775
eccentricity:0.376
humorous:0.37325
twists & turns:0.37125
pointless:0.37075
fantasy world:0.37075
good:0.36875
gypsy accent:0.36375
corruption:0.36275
dark hero:0.3605
special:0.3605
clever:0.358
coen bros:0.357
culture clash:0.35175
life & death:0.34575
cult film:0.344
hitman:0.34325
dysfunctional family:0.338
predictable:0.33675
light:0.334
art:0.3325
organized crime:0.3295
workplace:0.3275
greed:0.3275
superheroes:0.32
honest:0.31875
independent film:0.318
life philosophy:0.31725
talky:0.3155
alternate history:0.31525
