british comedy:0.996
british:0.95925
coen bros:0.9535
london:0.91075
heist:0.908
classic:0.87775
caper:0.87425
comedy:0.87425
england:0.8665
robbery:0.8235
original:0.796
imdb top 250:0.79075
farce:0.7785
black comedy:0.76975
greed:0.75075
criterion:0.74925
crime:0.73725
dark comedy:0.734
witty:0.7255
macabre:0.71825
oscar (best actress):0.68575
colourful:0.681
murder:0.67425
clever:0.6675
funny as hell:0.658
absurd:0.65475
screwball:0.621
grim:0.61075
remade:0.60925
funny:0.608
runaway:0.6055
suspense:0.591
hilarious:0.5805
cinematography:0.57375
talky:0.5735
betrayal:0.56925
atmospheric:0.56725
very funny:0.56725
dramatic:0.56575
black and white:0.5655
light:0.56075
unusual plot structure:0.5575
bank robbery:0.54125
police investigation:0.53525
gangsters:0.53175
secrets:0.52975
humorous:0.52675
great ending:0.5185
irreverent:0.51575
chase:0.51175
story:0.5115
tense:0.5095
culture clash:0.5065
oscar (best supporting actress):0.50375
obsession:0.4995
oscar (best directing):0.499
dialogue:0.49025
satire:0.48625
suprisingly clever:0.48
dark:0.48
social commentary:0.47275
masterpiece:0.47225
great:0.47175
corruption:0.4685
enigmatic:0.46375
dark humor:0.463
nostalgic:0.45975
affectionate:0.457
adapted from:book:0.45425
stylized:0.452
twists & turns:0.443
bleak:0.43625
satirical:0.43425
great acting:0.4275
adaptation:0.4275
ominous:0.4265
gangster:0.42
based on a play:0.418
mob:0.41125
forceful:0.41025
identity:0.40975
unfunny:0.40825
catastrophe:0.408
whimsical:0.406
slapstick:0.4055
original plot:0.40025
interesting:0.396
visually appealing:0.39425
idealism:0.39325
great movie:0.39175
harsh:0.391
good soundtrack:0.3905
mentor:0.39025
storytelling:0.38825
manipulation:0.388
paranoid:0.385
quotable:0.384
visual:0.379
off-beat comedy:0.378
nocturnal:0.37425
