drinking:0.8485
original:0.7795
death:0.779
cancer:0.659
addiction:0.633
new york city:0.6245
good soundtrack:0.5905
surreal:0.58675
mentor:0.586
drugs:0.57275
melancholic:0.56975
pornography:0.56475
shallow:0.56125
redemption:0.547
nudity (topless):0.5265
predictable:0.524
great ending:0.52025
adaptation:0.51875
relationships:0.5185
dialogue:0.518
writers:0.51675
story:0.50075
brutality:0.5005
nocturnal:0.49325
sexualized violence:0.493
nudity (topless - notable):0.4835
storytelling:0.47525
nudity (full frontal - notable):0.4725
nudity (full frontal - brief):0.469
runaway:0.46
life philosophy:0.4525
workplace:0.4495
fashion:0.44375
complex:0.44225
pointless:0.43525
adapted from:book:0.4315
catastrophe:0.43125
betrayal:0.42675
comedy:0.42325
stereotypes:0.42025
drama:0.417
harsh:0.41475
multiple storylines:0.41025
cult film:0.40975
family:0.408
new york:0.40375
culture clash:0.40075
intense:0.3975
pg-13:0.3825
crude humor:0.3815
women:0.3785
violence:0.378
life & death:0.37775
dysfunctional family:0.3775
nudity (rear):0.37625
new jersey:0.3755
good:0.373
destiny:0.37075
based on a book:0.3695
dark hero:0.3665
depression:0.3655
bad plot:0.36
visually appealing:0.3575
weird:0.3555
stylish:0.35425
fantasy world:0.3505
not funny:0.34875
natural disaster:0.348
suspense:0.3475
violent:0.34375
lone hero:0.342
sci fi:0.3405
chase:0.33775
loneliness:0.3365
unusual plot structure:0.3335
first contact:0.333
corruption:0.33175
vengeance:0.32875
80s:0.32775
teen:0.32725
criterion:0.32625
weapons:0.32375
existentialism:0.321
fight scenes:0.321
imdb top 250:0.31875
drug abuse:0.31525
gangsters:0.3135
greed:0.3105
doctors:0.30975
great movie:0.30825
overrated:0.30775
talky:0.30625
social commentary:0.3055
underrated:0.3055
gunfight:0.303
male nudity:0.3025
quirky:0.29975
splatter:0.29975
justice:0.29925
life:0.295
