animation:0.99075
pixar:0.9785
short:0.9755
touching:0.943
heartwarming:0.94225
computer animation:0.93975
too short:0.93575
animated:0.932
pixar animation:0.93
whimsical:0.852
sweet:0.83675
original:0.82525
cute:0.7785
visually appealing:0.774
clever:0.766
story:0.74925
storytelling:0.733
light:0.72525
chase:0.712
simple:0.705
destiny:0.69575
cartoon:0.69375
romantic:0.6875
kids and family:0.687
good:0.68575
visually stunning:0.65775
pg-13:0.64425
childhood:0.6435
runaway:0.642
artistic:0.62875
plot:0.613
life philosophy:0.6015
girlie movie:0.598
fight scenes:0.5865
great:0.5715
family:0.55975
very funny:0.553
unusual plot structure:0.546
suprisingly clever:0.5455
entertaining:0.5425
children:0.541
visuals:0.53625
cute!:0.5325
disney:0.5285
love:0.52775
friendship:0.525
transformation:0.5245
funny:0.5245
realistic:0.523
fun:0.52225
creativity:0.51225
catastrophe:0.51175
redemption:0.51075
love story:0.5015
nocturnal:0.5005
witty:0.4955
aardman studios:0.49525
kids:0.4905
beautiful:0.488
unlikely friendships:0.486
stop motion:0.48525
great ending:0.48125
animals:0.4785
art:0.4785
happy ending:0.47775
natural disaster:0.473
beautiful scenery:0.47175
dialogue:0.46675
harsh:0.45375
stunning:0.45125
fairy tale:0.44525
oscar:0.44425
fantasy world:0.43775
feel good movie:0.42525
oscar (best animated feature):0.425
cgi:0.41925
melancholic:0.41425
fast paced:0.413
good acting:0.40775
police investigation:0.4065
visual:0.4035
beautifully filmed:0.39975
underrated:0.39725
quirky:0.39425
space travel:0.39025
emotional:0.38875
oscar winner:0.38825
inspiring:0.38425
paris:0.3815
predictable:0.38125
women:0.37675
treasure hunt:0.37325
3d:0.37325
imdb top 250:0.37125
1920s:0.36575
nudity (full frontal - brief):0.36475
colourful:0.3645
giant robots:0.36225
nerds:0.35825
movielens top pick:0.354
