teen movie:0.99875
teen:0.99875
high school:0.99525
geeks:0.98975
teens:0.9855
teenagers:0.977
cheerleading:0.964
teenager:0.963
stereotypes:0.93025
good soundtrack:0.8725
fun movie:0.86475
geek:0.85425
adolescence:0.838
virginity:0.83275
pg-13:0.77625
nerds:0.773
goofy:0.76175
girlie movie:0.7475
coming-of-age:0.72225
school:0.71725
coming of age:0.684
drinking:0.68325
original:0.67575
beer:0.65
cool:0.64275
amy smart:0.63925
awesome soundtrack:0.63675
80s:0.627
shallow:0.6245
fun:0.61225
bullying:0.6065
nostalgic:0.5995
chick flick:0.5795
funny as hell:0.57825
destiny:0.5755
love:0.56975
friendship:0.5645
good:0.5425
dialogue:0.5285
revenge:0.511
dumb:0.5055
stupidity:0.49825
pornography:0.493
mentor:0.4915
great ending:0.48875
comedy:0.48625
predictable:0.4845
unlikely friendships:0.4795
catastrophe:0.46625
great:0.45225
silly fun:0.45175
cute!:0.43475
very funny:0.4265
happy ending:0.42175
cute:0.418
hip hop:0.418
romance:0.4175
funny:0.40925
great soundtrack:0.40525
life philosophy:0.40425
love story:0.399
road trip:0.398
bad ending:0.3945
stoner movie:0.39025
better than expected:0.387
honest:0.38425
storytelling:0.3715
crude humor:0.371
romantic:0.36325
guilty pleasure:0.3625
vengeance:0.3595
relationships:0.3585
college:0.35525
light:0.35275
nudity (topless - notable):0.351
so bad it's funny:0.34775
entertaining:0.34375
runaway:0.341
goth:0.34075
underdog:0.339
sexy:0.33175
hilarious:0.32575
good dialogue:0.325
gay character:0.323
quotable:0.3205
overrated:0.31725
adaptation:0.31725
entirely dialogue:0.31375
story:0.30525
stupid:0.30475
great movie:0.30325
cult classic:0.2985
oscar winner:0.2975
dumb but funny:0.29025
based on a book:0.289
writers:0.2875
based on book:0.28625
fashion:0.285
first contact:0.2825
chase:0.282
