sci-fi:0.977
scifi:0.97225
sci fi:0.95475
cinematography:0.943
science fiction:0.93325
weird:0.88775
enigmatic:0.88475
storytelling:0.85775
visual:0.853
tense:0.831
allegory:0.806
parenthood:0.793
mystery:0.783
visually appealing:0.7695
chase:0.75875
cult:0.74925
light:0.74875
cerebral:0.74075
family drama:0.73925
story:0.73275
original:0.73175
road movie:0.729
futuristic:0.7235
kidnapping:0.71925
melancholic:0.7065
great ending:0.6935
good soundtrack:0.693
alien:0.6925
tricky:0.68575
dialogue:0.6825
suspenseful:0.671
secrets:0.667
mindfuck:0.653
weapons:0.65075
drama:0.64625
twists & turns:0.64525
slow:0.64075
dark:0.63975
paranoia:0.63875
great cinematography:0.61875
unusual plot structure:0.6165
beautifully filmed:0.6085
stylized:0.607
suspense:0.606
nudity (topless - notable):0.595
special:0.59425
criterion:0.5915
absurd:0.59025
intense:0.59
existentialism:0.5835
claustrophobic:0.57825
supernatural:0.575
childhood:0.563
mars:0.55925
depression:0.55275
space:0.55125
special effects:0.55
father son relationship:0.5475
thought-provoking:0.54
social commentary:0.53525
end of the world:0.531
good acting:0.52975
complex:0.5295
talky:0.52875
photography:0.525
police investigation:0.52075
writers:0.519
strange:0.51625
violent:0.51325
slow paced:0.51075
pornography:0.51075
stylish:0.50175
creepy:0.499
complicated:0.49725
off-beat comedy:0.49675
atmospheric:0.4965
parallel universe:0.49575
obsession:0.49425
twist:0.49325
intelligent sci-fi:0.48825
independent film:0.48525
quirky:0.48125
aliens:0.48125
intimate:0.47875
brutality:0.47175
catastrophe:0.46775
tragedy:0.46625
clever:0.46025
bleak:0.45825
entirely dialogue:0.45625
magic realism:0.45475
80s:0.45275
fantasy world:0.45225
very interesting:0.452
not funny:0.4495
imagination:0.448
psychological:0.44475
doctors:0.44475
low budget:0.44375
plot:0.4435
