tense:0.9805
bank robbery:0.969
mafia:0.96225
heist:0.9495
gunfight:0.9255
crime gone awry:0.911
organized crime:0.904
caper:0.9005
violent:0.88775
original:0.88
mob:0.87025
literary adaptation:0.86875
gritty:0.86625
twists & turns:0.865
chase:0.86075
suspenseful:0.833
anti-hero:0.83125
suspense:0.826
corruption:0.79675
greed:0.79475
1970s:0.782
great ending:0.77275
thriller:0.7705
robbery:0.7615
interesting:0.76125
hitman:0.756
harsh:0.7525
storytelling:0.737
paranoid:0.736
criterion:0.72075
forceful:0.71875
cinematography:0.7175
runaway:0.71725
crime:0.711
murder:0.7025
enigmatic:0.692
brutality:0.68675
noir:0.68575
ominous:0.68325
small town:0.67725
cerebral:0.67275
sexy:0.67
creepy:0.6655
cynical:0.66425
clever:0.66275
complex:0.66175
dialogue:0.6495
imdb top 250:0.64875
betrayal:0.63825
conspiracy:0.63725
violence:0.633
plot twist:0.61325
movielens top pick:0.61125
secrets:0.60625
tricky:0.606
great movie:0.605
bleak:0.6025
adapted from:book:0.60075
very interesting:0.6
classic:0.59775
good acting:0.5945
film noir:0.59125
mentor:0.589
atmospheric:0.583
great:0.5805
redemption:0.57875
stylized:0.57075
cool:0.56925
downbeat:0.5685
gangsters:0.5665
money:0.564
death:0.56
moral ambiguity:0.54425
plot:0.54275
narrated:0.54025
manipulation:0.539
dark:0.5355
stylish:0.53075
action:0.52925
obsession:0.52325
visually appealing:0.52175
drinking:0.51325
grim:0.50125
assassination:0.496
claustrophobic:0.49
unusual plot structure:0.48325
disturbing:0.483
macabre:0.4825
serial killer:0.481
complicated plot:0.47825
police corruption:0.4715
distopia:0.47025
visceral:0.46875
underrated:0.46575
nudity (full frontal - brief):0.46525
twist ending:0.4635
justice:0.46325
gangster:0.45875
good soundtrack:0.45575
oscar (best directing):0.45225
