surreal:0.96225
loneliness:0.953
reflective:0.95175
dreams:0.93425
swedish:0.92075
intimate:0.914
melancholic:0.90675
bleak:0.856
existentialism:0.8415
depression:0.8375
downbeat:0.79525
enigmatic:0.77475
melancholy:0.77
dreamlike:0.765
dark humor:0.76325
depressing:0.75075
artistic:0.72575
drinking:0.72575
wistful:0.725
surrealism:0.7075
independent film:0.68825
weird:0.6865
absurd:0.6765
harsh:0.674
drug abuse:0.6545
criterion:0.652
ironic:0.651
golden palm:0.64475
solitude:0.63825
social commentary:0.6055
life philosophy:0.58325
psychiatry:0.569
original:0.56575
life & death:0.5535
unusual plot structure:0.54525
meditative:0.5425
life:0.50225
talky:0.5005
humorous:0.49
storytelling:0.4895
suprisingly clever:0.48775
humanity:0.48625
artist:0.48175
honest:0.48175
satirical:0.46675
affectionate:0.4535
indie:0.45325
runaway:0.4525
catastrophe:0.44975
bittersweet:0.444
greed:0.443
dysfunctional family:0.44075
breathtaking:0.436
philosophical:0.433
art:0.4315
character study:0.42825
cinematography:0.42525
deadpan:0.42375
very funny:0.4175
pornography:0.40825
quirky:0.4065
stoner movie:0.4055
culture clash:0.39875
tragedy:0.39775
satire:0.39625
dark comedy:0.396
unique:0.3955
emotional:0.39375
creativity:0.3905
childhood:0.38775
nocturnal:0.386
destiny:0.3745
classic car:0.37075
black comedy:0.3705
obsession:0.36825
good soundtrack:0.36525
relationships:0.3535
mentor:0.3495
isolation:0.3495
crime gone awry:0.344
suicide attempt:0.3435
art house:0.34325
nudity (full frontal - notable):0.342
irreverent:0.3365
off-beat comedy:0.3365
foreign:0.33625
visual:0.33525
movielens top pick:0.3315
homeless:0.32525
slow paced:0.323
male nudity:0.32225
artsy:0.3165
brutality:0.31325
road movie:0.31125
masterpiece:0.31025
dialogue:0.3075
entirely dialogue:0.305
complex:0.302
great:0.302
mental illness:0.2985
