kidnapping:0.9625
action:0.9435
fast paced:0.928
chase:0.90175
suspenseful:0.8985
police corruption:0.8445
thriller:0.8275
good action:0.82725
plot holes:0.81875
suspense:0.8015
tense:0.80125
so bad it's funny:0.7815
hostage:0.7155
conspiracy:0.71425
action packed:0.70575
car chase:0.704
twists & turns:0.69575
original:0.68825
lawyer:0.6725
silly fun:0.6325
plot:0.6305
pg-13:0.62575
predictable:0.6245
silly:0.622
catastrophe:0.619
great ending:0.60675
police investigation:0.60075
corruption:0.59425
lawyers:0.587
entertaining:0.57875
natural disaster:0.57
good:0.5665
dumb:0.5655
writer's life:0.553
better than expected:0.54625
big budget:0.5405
first contact:0.5325
plot twist:0.52825
fun movie:0.52275
surveillance:0.5225
police:0.5175
runaway:0.516
story:0.5045
product placement:0.5025
exciting:0.4845
twist ending:0.4775
secrets:0.47325
bad plot:0.46575
intense:0.4545
storytelling:0.44125
lone hero:0.44125
unrealistic:0.4335
bad acting:0.43125
good acting:0.427
mentor:0.42675
dialogue:0.426
life & death:0.42525
cars:0.4245
great:0.42225
absurd:0.41875
twist:0.4145
family:0.4105
paranoid:0.4
assassination:0.3885
technology:0.38525
ridiculous:0.38125
destiny:0.3755
claustrophobic:0.37275
great acting:0.37075
stupid:0.369
happy ending:0.365
murder:0.36025
not funny:0.35325
clever:0.34325
writers:0.339
manipulation:0.337
internet:0.334
mistaken identity:0.3335
unfunny:0.331
bad:0.3305
teen movie:0.33025
redemption:0.3245
los angeles:0.3215
bad ending:0.3175
idiotic:0.315
survival:0.31425
creativity:0.31325
life philosophy:0.31075
sexy:0.3025
philip k. dick:0.30225
culture clash:0.29375
interesting:0.29125
fun:0.29075
pornography:0.2895
fbi:0.28925
horrible:0.28825
nudity (full frontal - brief):0.2875
stereotypes:0.286
adaptation:0.285
crude humor:0.28175
