nudity (full frontal - brief):0.99775
obsession:0.994
censorship:0.98225
adapted from:book:0.974
kubrick:0.971
controversial:0.9585
cynical:0.924
sexual:0.9215
pornography:0.91475
narrated:0.91225
talky:0.90225
literature:0.86825
based on a book:0.84925
literary adaptation:0.84725
erotic:0.844
sexy:0.83225
drama:0.8235
dark humor:0.8025
adaptation:0.799
original:0.78325
enigmatic:0.777
criterion:0.77375
affectionate:0.77375
satirical:0.76575
paranoia:0.76375
masterpiece:0.7635
sexuality:0.7515
insanity:0.7335
irreverent:0.7305
moral ambiguity:0.72775
disturbing:0.72625
complex:0.71225
based on book:0.7045
oscar (best actress):0.698
imdb top 250:0.697
interesting:0.69525
runaway:0.67825
cinematography:0.67075
witty:0.65975
weird:0.64775
good soundtrack:0.646
psychological:0.6415
oscar (best directing):0.641
black and white:0.63575
visually appealing:0.62775
dark:0.6165
social commentary:0.6035
storytelling:0.603
manipulation:0.60225
secrets:0.5985
relationships:0.5975
hotel:0.596
sexualized violence:0.58925
sarcasm:0.589
classic:0.587
satire:0.5865
intellectual:0.5795
atmospheric:0.568
black comedy:0.5635
suspense:0.5595
murder:0.55925
incest:0.5565
intimate:0.55275
book:0.55025
paranoid:0.55
surreal:0.5485
nudity (full frontal - notable):0.54625
great acting:0.54475
very interesting:0.54425
betrayal:0.5435
visual:0.535
clever:0.535
cerebral:0.534
books:0.53325
sex:0.53175
harsh:0.527
dialogue:0.51425
culture clash:0.50875
twists & turns:0.50675
greed:0.50375
rebellion:0.5035
very funny:0.50325
police investigation:0.5015
passionate:0.4965
biting:0.4955
corruption:0.49425
distopia:0.4935
queer:0.49225
stylized:0.491
story:0.48925
dramatic:0.48675
brutality:0.48375
guilt:0.481
absurd:0.48075
loneliness:0.4805
oscar (best supporting actress):0.47925
tense:0.47825
melancholy:0.4755
golden palm:0.47175
dark comedy:0.47075
