slasher:0.9125
horror:0.8995
teens:0.8935
supernatural:0.88875
original:0.8645
high school:0.8635
teen movie:0.84125
80s:0.7255
campy:0.6875
death:0.667
revenge:0.66
splatter:0.628
predictable:0.61325
franchise:0.61175
disaster:0.60775
special effects:0.583
nudity (topless):0.58025
sexy:0.57275
teen:0.5545
murder:0.53475
dialogue:0.53375
stupid as hell:0.5185
great ending:0.5045
cult film:0.50275
fun movie:0.49725
scary:0.474
nudity:0.47125
sequels:0.46225
teenagers:0.455
goofy:0.45175
mentor:0.44725
quirky:0.447
virginity:0.438
overrated:0.436
1980s:0.43575
good soundtrack:0.43525
adaptation:0.432
erotic:0.4295
bad plot:0.4265
weapons:0.4255
goretastic:0.42475
sequel:0.4205
brutality:0.41025
entirely dialogue:0.40475
destiny:0.3995
catastrophe:0.398
stylish:0.398
demons:0.39625
fun:0.3945
first contact:0.38725
fantasy world:0.38725
family:0.38525
storytelling:0.38425
fight scenes:0.3815
grindhouse:0.3785
multiple storylines:0.36975
pointless:0.36725
guilt:0.365
writers:0.36375
adolescence:0.361
cult classic:0.358
unusual plot structure:0.3565
shallow:0.3525
pornography:0.3525
pulp:0.35175
silly fun:0.349
sexualized violence:0.3485
camp:0.3465
not funny:0.34075
geek:0.34025
cheesy:0.3365
melancholic:0.33475
weird:0.3345
great:0.331
so bad it's funny:0.33075
redemption:0.33025
violence:0.3285
cinematography:0.3255
twists & turns:0.32525
school:0.32475
based on a book:0.32325
nudity (full frontal - brief):0.32275
nudity (full frontal - notable):0.32125
transformation:0.317
fashion:0.314
dysfunctional family:0.31125
stylized:0.3085
twist ending:0.305
story:0.305
crappy sequel:0.30475
greed:0.3045
geeks:0.30425
crime gone awry:0.30425
lone hero:0.30275
humorous:0.30025
remake:0.3
gangsters:0.29675
clever:0.2965
fantasy:0.295
guilty pleasure:0.29475
