end of the world:0.9665
apocalypse:0.88525
loneliness:0.8185
humanity:0.803
melancholic:0.78025
existentialism:0.736
love story:0.7315
intimate:0.721
weird:0.708
original:0.70325
post apocalyptic:0.68875
catastrophe:0.6685
thought-provoking:0.65225
life philosophy:0.64625
enigmatic:0.64075
first contact:0.63475
alone in the world:0.63275
cerebral:0.6305
sci fi:0.57375
love:0.573
meditative:0.5725
romance:0.5715
visually appealing:0.56925
strange:0.54875
romantic:0.53325
storytelling:0.52075
life & death:0.5205
destiny:0.51625
blindness:0.51175
downbeat:0.50675
beautiful scenery:0.49325
powerful ending:0.488
creativity:0.46975
very interesting:0.46775
philosophical:0.4485
reflective:0.446
melancholy:0.43825
road movie:0.42925
philosophy:0.42575
solitude:0.42425
touching:0.4225
emotional:0.42225
mentor:0.41725
artistic:0.41625
complex:0.414
dreamlike:0.41025
beautifully filmed:0.40275
narrated:0.3965
environment:0.3855
allegory:0.3845
tom clancy:0.38225
talky:0.38175
bleak:0.38175
suprisingly clever:0.381
natural disaster:0.38
disturbing:0.375
visually stunning:0.37225
visual:0.37125
art:0.36975
criterion:0.3645
not funny:0.36325
great ending:0.359
drama:0.35875
simple:0.3585
transformation:0.3535
oscar (best writing - screenplay written directly for the screen):0.34775
virus:0.347
happy ending:0.34625
art house:0.3455
feel-good:0.34275
story:0.3315
cinematography:0.327
non-linear:0.318
multiple storylines:0.318
harsh:0.3165
parallel universe:0.31475
entirely dialogue:0.31325
internet:0.3125
relationships:0.3115
feel good movie:0.307
pornography:0.3065
science fiction:0.3035
psychology:0.30175
pretentious:0.297
beautiful:0.29375
artsy:0.2935
breathtaking:0.29
absurd:0.2895
redemption:0.28725
atmospheric:0.286
greed:0.286
post-apocalyptic:0.28575
utopia:0.2855
imagination:0.2835
stylized:0.28275
passionate:0.28225
sci-fi:0.278
quirky:0.27775
survival:0.277
independent film:0.27525
