author:neil gaiman:0.99925
horror:0.98975
irish:0.96025
supernatural:0.93225
creepy:0.90075
weird:0.87325
twist:0.868
dark:0.8495
good:0.84775
demons:0.82625
original:0.81075
intense:0.79275
twists & turns:0.78475
bloody:0.783
monsters:0.769
great ending:0.76575
teens:0.74525
monster:0.74475
good soundtrack:0.7305
stereotypes:0.72775
gory:0.72325
torture:0.7215
survival:0.70675
low budget:0.705
violent:0.7035
clever:0.695
blood:0.692
nudity (topless):0.686
doctors:0.6855
family:0.68175
sexualized violence:0.68025
pornography:0.67725
idiotic:0.6745
goretastic:0.674
irish accent:0.66975
claustrophobic:0.66825
weed:0.66525
serial killer:0.66325
underrated:0.66025
plot holes:0.6585
revenge:0.6575
suspense:0.64675
devil:0.64475
frightening:0.6445
great movie:0.64375
predictable:0.64125
scary:0.62675
life & death:0.622
dysfunctional family:0.6215
suspenseful:0.61925
nudity (topless - notable):0.61875
cult film:0.61575
cinematography:0.60525
haunted house:0.60425
insanity:0.59825
divorce:0.58975
catastrophe:0.5865
nudity (full frontal - notable):0.586
so bad it's funny:0.58575
disturbing:0.58275
transformation:0.58125
storytelling:0.578
male nudity:0.578
nudity (full frontal - brief):0.576
mythology:0.57175
stylish:0.57
eerie:0.567
tense:0.55575
police investigation:0.55425
gay character:0.55375
sacrifice:0.55275
life philosophy:0.5525
pointless:0.5435
kidnapping:0.54325
brutality:0.5425
excellent script:0.53875
splatter:0.53425
writers:0.5335
exceptional acting:0.5245
mentor:0.5245
gore:0.52375
independent film:0.51625
bad cgi:0.5115
family drama:0.50875
gruesome:0.49875
good acting:0.49825
gay:0.49675
death:0.48925
mental illness:0.47675
fbi:0.4765
brutal:0.46825
road movie:0.46825
atmospheric:0.46725
video game:0.46625
dialogue:0.4585
marijuana:0.45825
fairy tale:0.45475
psychological:0.4515
chase:0.4505
witches:0.45
