loneliness:0.86025
complex:0.85725
reflective:0.84025
great ending:0.79525
enigmatic:0.794
storytelling:0.78425
mother daughter relationship:0.77475
alaska:0.7675
character study:0.75775
intimate:0.749
thought-provoking:0.72475
relationships:0.71675
life philosophy:0.7105
indie:0.70475
social commentary:0.70125
dialogue:0.695
culture clash:0.69125
exceptional acting:0.68975
independent film:0.68925
alternate endings:0.67425
great acting:0.6615
original:0.65975
weird:0.658
melancholic:0.648
bleak:0.64225
very interesting:0.6355
off-beat comedy:0.6195
existentialism:0.6185
redemption:0.613
secrets:0.60475
dark:0.60475
drama:0.59575
good soundtrack:0.59175
plot twist:0.5855
suprisingly clever:0.579
allegory:0.57125
golden palm:0.5705
downbeat:0.5685
art house:0.565
slow paced:0.56375
betrayal:0.55875
entirely dialogue:0.543
powerful ending:0.53575
non-hollywood ending:0.5265
interesting:0.52475
twists & turns:0.5185
obsession:0.5155
bad ending:0.5105
beautiful scenery:0.5055
scenic:0.4985
artsy:0.493
clever:0.491
cinematography:0.49025
nocturnal:0.48775
complex characters:0.4875
small town:0.4835
depression:0.48325
anti-hero:0.4765
beautifully filmed:0.476
catastrophe:0.4755
guilt:0.47475
grim:0.471
unusual plot structure:0.46675
stranded:0.463
crime gone awry:0.4625
twist ending:0.46125
visually appealing:0.45875
pointless:0.453
greed:0.45275
pornography:0.44775
talky:0.4415
good acting:0.44
writers:0.4355
cathartic:0.43425
criterion:0.431
intelligent:0.429
moral ambiguity:0.42375
stylized:0.422
end of the world:0.42
absurd:0.417
slow:0.41075
not funny:0.408
runaway:0.4
imdb top 250:0.39525
gratuitous violence:0.3935
writing:0.389
quirky:0.388
harsh:0.387
artistic:0.37925
police investigation:0.378
twist:0.377
drinking:0.37325
witty:0.3705
dramatic:0.37025
story:0.37025
stereotypes:0.3695
dysfunctional family:0.366
boat:0.3605
suspenseful:0.36025
manipulation:0.3595
