beatles:0.94575
music:0.91575
rock and roll:0.8665
musical:0.85625
original:0.79675
silly:0.7245
great music:0.681
musicians:0.67275
good music:0.65075
silly fun:0.64675
psychedelic:0.618
predictable:0.61275
70mm:0.59975
so bad it's funny:0.599
good soundtrack:0.59075
weird:0.57275
destiny:0.57
pointless:0.556
campy:0.535
great ending:0.53425
bad:0.5335
feel-good:0.51975
cult film:0.51575
guilty pleasure:0.5035
idiotic:0.493
absurd:0.49275
dialogue:0.4885
cult classic:0.48525
narrated:0.48375
goofy:0.48325
fantasy:0.48175
sexualized violence:0.478
camp:0.4765
bad plot:0.4755
mentor:0.46775
fun movie:0.46275
catastrophe:0.447
horrible:0.44575
fantasy world:0.434
storytelling:0.43375
disaster:0.42975
good:0.42625
story:0.4185
bad acting:0.41725
overrated:0.41375
fun:0.40725
natural disaster:0.40475
feel good movie:0.401
greed:0.383
surreal:0.382
hip hop:0.38125
awful:0.373
lyrical:0.36975
sci fi:0.36925
adaptation:0.36725
cheesy:0.36375
quirky:0.3635
brutality:0.36275
justice:0.3605
mad scientist:0.35925
harsh:0.35825
slapstick:0.35825
lone hero:0.35825
dreamlike:0.35725
runaway:0.356
great:0.35
light:0.34975
1970s:0.3475
first contact:0.34425
not funny:0.34375
life philosophy:0.34325
reflective:0.343
nudity (topless - notable):0.34225
corruption:0.34075
family:0.34025
stupidity:0.33975
ridiculous:0.3385
road movie:0.334
bad ending:0.3265
so bad it's good:0.32625
brothers:0.3235
unfunny:0.32325
visually appealing:0.318
melancholic:0.3175
crazy:0.31675
criterion:0.31475
redemption:0.314
police investigation:0.31375
vengeance:0.31
death:0.30925
good action:0.309
special effects:0.30725
lame:0.30675
weapons:0.3065
nudity (full frontal - notable):0.30625
entirely dialogue:0.305
music business:0.3045
shallow:0.30175
childhood:0.301
80s:0.30075
