life & death:0.88075
dark humor:0.87575
depression:0.871
original:0.825
dark comedy:0.8185
death:0.791
independent film:0.75625
indie:0.737
weird:0.71475
black comedy:0.6475
character study:0.64175
dysfunctional family:0.63925
good soundtrack:0.6325
homeless:0.6255
honest:0.61975
suburbia:0.59225
social commentary:0.59075
downbeat:0.58975
drama:0.58075
dramatic:0.57625
violence:0.573
pornography:0.565
coming of age:0.56375
life philosophy:0.563
mentor:0.5615
bullying:0.55375
great acting:0.54275
foul language:0.5425
family drama:0.5405
great ending:0.53625
dialogue:0.53475
absurd:0.52675
good acting:0.513
grim:0.509
suicide attempt:0.508
bleak:0.50725
storytelling:0.48925
intense:0.48675
revenge:0.4815
emotional:0.477
quirky:0.472
crazy:0.4675
multiple storylines:0.4665
loneliness:0.4565
depressing:0.45375
moral ambiguity:0.4525
runaway:0.45225
catastrophe:0.45075
crime gone awry:0.4475
destiny:0.4465
drinking:0.44375
humor:0.443
harsh:0.432
relationships:0.4295
culture clash:0.42825
brutality:0.4275
cult classic:0.42325
justice:0.4225
writers:0.419
story:0.41775
violent:0.414
movielens top pick:0.41175
vengeance:0.41
narrated:0.4095
coming-of-age:0.40825
dark:0.4075
mental illness:0.40675
complex:0.403
parenthood:0.39725
childhood:0.3955
clever:0.38725
dark hero:0.38225
disturbing:0.37975
great:0.37375
distopia:0.36475
very funny:0.35975
entirely dialogue:0.354
passionate:0.35325
feel-good:0.3505
visually appealing:0.34875
happy ending:0.34775
tragedy:0.34675
good:0.34575
feel good movie:0.34575
redemption:0.345
melancholy:0.344
suicide:0.3425
interesting:0.34225
touching:0.3405
poignant:0.33925
stoner movie:0.3385
melancholic:0.33675
pointless:0.33575
hospital:0.33375
psychology:0.3285
reality tv:0.32825
surreal:0.32725
cinematography:0.327
visually stunning:0.3265
good dialogue:0.32125
