documentary:0.99025
art:0.987
greed:0.94825
artistic:0.9425
original:0.89275
artist:0.87325
justice:0.821
suspense:0.81575
politics:0.80175
interesting:0.799
death:0.7935
criterion:0.7915
mentor:0.79025
thought-provoking:0.75825
conspiracy:0.74625
corruption:0.7395
very interesting:0.7365
visually appealing:0.73175
educational:0.72675
movielens top pick:0.719
tense:0.712
manipulation:0.70875
intimate:0.706
chase:0.70175
biographical:0.69
honest:0.6755
light:0.673
unusual plot structure:0.671
complex:0.65125
allegory:0.648
drugs:0.64775
clever:0.645
story:0.644
doctors:0.64075
distopia:0.632
brainwashing:0.62825
business:0.6255
forceful:0.6235
life philosophy:0.6195
pornography:0.619
true story:0.61525
political:0.61125
destiny:0.5935
police investigation:0.59225
great ending:0.591
runaway:0.58675
life & death:0.577
moral ambiguity:0.57625
lawyers:0.576
cerebral:0.563
passionate:0.56025
harsh:0.559
dystopic future:0.55825
murder:0.55525
tragedy:0.55225
obsession:0.55125
paranoid:0.5505
first contact:0.54775
intense:0.5435
technology:0.53975
visceral:0.53825
grim:0.528
creepy:0.522
propaganda:0.51275
memory:0.50525
character study:0.5025
enigmatic:0.49975
alone in the world:0.49825
idealism:0.49775
controversial:0.4975
ethnic conflict:0.494
bullying:0.49275
court:0.4905
melancholic:0.4855
philosophy:0.4845
creativity:0.48225
islam:0.481
classic car:0.4785
money:0.47775
heartbreaking:0.47475
assassination:0.47475
oscar (best supporting actress):0.474
movie business:0.47175
earnest:0.463
psychological:0.46175
suprisingly clever:0.45425
good soundtrack:0.4535
intelligent:0.45025
cinematography:0.45
free to download:0.449
science fiction:0.448
small town:0.447
new york:0.44475
brutality:0.442
psychiatry:0.44175
gangsters:0.44125
culture clash:0.43675
gunfight:0.4365
psychology:0.43575
dark hero:0.43525
