argentina:0.9715
compassionate:0.955
psychiatry:0.9495
latin america:0.921
thought-provoking:0.9115
solitude:0.898
foreign:0.88925
doctors:0.863
metaphysics:0.84275
philosophical:0.836
psychiatrist:0.80125
complex:0.7975
weird:0.78875
original:0.7875
spanish:0.7715
surreal:0.7555
very interesting:0.742
meditative:0.73825
hospital:0.719
allegory:0.718
enigmatic:0.71625
criterion:0.71425
visually appealing:0.699
catholicism:0.69875
talky:0.69775
mentor:0.6975
storytelling:0.697
idealism:0.69475
existentialism:0.68825
insanity:0.68725
cinematography:0.67925
great ending:0.678
reflective:0.676
literature:0.67325
cerebral:0.6655
intellectual:0.6535
humanity:0.643
science fiction:0.64275
alien:0.6395
pornography:0.6255
dialogue:0.605
magic realism:0.60475
greed:0.59775
catastrophe:0.594
beautifully filmed:0.59225
adaptation:0.58875
good acting:0.58725
visually stunning:0.57825
beautiful scenery:0.57825
loneliness:0.57725
melancholic:0.5765
sci fi:0.576
adapted from:book:0.569
suprisingly clever:0.5685
visual:0.5685
oscar (best foreign language film):0.5675
interesting:0.56675
jesus:0.56075
narrated:0.5565
philip k. dick:0.553
blindness:0.5505
dramatic:0.54325
powerful ending:0.5425
first contact:0.5415
life & death:0.53325
tricky:0.5315
mental illness:0.516
based on a book:0.508
philosophy:0.5065
feel good movie:0.50125
destiny:0.5
based on book:0.4975
clever:0.49525
prejudice:0.49425
so bad it's funny:0.49075
justice:0.4885
distopia:0.4835
movielens top pick:0.479
mad scientist:0.474
intelligent:0.47175
entirely dialogue:0.4595
imagination:0.45875
creativity:0.455
twists & turns:0.451
atmospheric:0.45025
childhood:0.44875
story:0.44075
psychology:0.43525
social commentary:0.43025
culture clash:0.43
psychological:0.4255
disturbing:0.42
fantasy world:0.41475
mental hospital:0.4125
feel-good:0.4125
art:0.40975
bittersweet:0.4085
aliens:0.4065
intimate:0.4055
downbeat:0.405
