creepy:0.97375
witch:0.96425
horror:0.96075
devil:0.9565
witches:0.94775
eerie:0.93075
macabre:0.92225
ominous:0.8945
nocturnal:0.878
atmospheric:0.8545
claustrophobic:0.8425
supernatural:0.83475
harsh:0.82975
dark:0.82325
suspenseful:0.82275
suspense:0.81325
brutality:0.76975
small town:0.7645
low budget:0.75475
frightening:0.74825
sexualized violence:0.74775
grim:0.7375
cult classic:0.736
visceral:0.68975
weird:0.67925
cult:0.66875
strange:0.654
original:0.651
gothic:0.65
goretastic:0.6355
camp:0.6185
disturbing:0.6145
splatter:0.6085
gruesome:0.60125
scary:0.59625
cult film:0.592
demons:0.58725
allegory:0.57075
tense:0.558
sacrifice:0.55575
great ending:0.5555
stylish:0.55325
dark fantasy:0.53975
blood:0.5345
gory:0.52825
moody:0.52475
enigmatic:0.5025
grindhouse:0.49875
black and white:0.4985
brutal:0.494
goth:0.489
classic car:0.48475
cinematography:0.4635
mad scientist:0.453
murder:0.4485
hotel:0.44225
monster:0.44125
criterion:0.42275
dialogue:0.42
serial killer:0.41625
fantasy world:0.40425
weapons:0.403
revenge:0.389
paranoid:0.38775
unusual plot structure:0.3875
stylized:0.3815
nudity (full frontal - notable):0.3805
catastrophe:0.3785
dreamlike:0.3775
transformation:0.36825
good soundtrack:0.36575
adaptation:0.3545
gunfight:0.35075
bloody:0.3495
life & death:0.34675
storytelling:0.33075
campy:0.32825
mentor:0.32575
bullying:0.3195
reflective:0.31625
great:0.31
suprisingly clever:0.30975
mystery:0.3095
halloween:0.308
eccentricity:0.3045
effects:0.3005
so bad it's funny:0.29675
zombie:0.29525
insanity:0.295
memory:0.29175
entirely dialogue:0.285
slasher:0.28425
downbeat:0.2815
guilt:0.28075
hitchcock:0.27975
dark humor:0.27725
masterpiece:0.2765
runaway:0.27325
80s:0.27225
mother-son relationship:0.27125
