screwball comedy:0.987
screwball:0.936
fun movie:0.75425
comedy:0.748
1930s:0.7395
fountain of youth:0.73475
original:0.7185
chase:0.6965
runaway:0.60875
farce:0.58475
silly fun:0.54725
great:0.54525
sexy:0.52725
catastrophe:0.5235
light:0.51575
dialogue:0.5075
silly:0.48825
indians:0.465
funny:0.46375
childhood:0.46025
good:0.457
story:0.45075
mentor:0.4495
great ending:0.44925
fun:0.43325
suspense:0.42875
greed:0.425
police investigation:0.41725
affectionate:0.4035
secrets:0.403
drinking:0.3825
adaptation:0.381
hotel:0.3765
revenge:0.37175
based on a play:0.3655
fight scenes:0.361
monkey:0.3605
unusual plot structure:0.35675
storytelling:0.3545
science fiction:0.35375
suspenseful:0.351
life philosophy:0.34875
clever:0.34725
alter ego:0.3465
whimsical:0.33425
excellent:0.32625
criterion:0.323
divorce:0.3195
melancholic:0.3085
adventure:0.307
visually stunning:0.3055
brutality:0.30275
life & death:0.3025
predictable:0.3025
cinematography:0.3
oscar (best actress):0.3
distopia:0.29825
not funny:0.29825
witty:0.29125
murder:0.291
comic:0.29
enigmatic:0.28775
suprisingly clever:0.2865
slapstick:0.281
transformation:0.2805
entirely dialogue:0.27975
marriage:0.2795
oscar (best supporting actress):0.2785
classic:0.27225
culture clash:0.2695
complex:0.26875
oscar (best directing):0.26775
children:0.26775
entertaining:0.26525
redemption:0.26525
feel-good:0.26275
unfunny:0.2625
visual:0.26175
adapted from:book:0.25775
destiny:0.25575
very funny:0.25475
beautiful scenery:0.2535
noir:0.253
technology:0.253
imdb top 250:0.2525
corruption:0.251
first contact:0.251
fantasy world:0.24925
twists & turns:0.249
writers:0.24525
fast paced:0.23975
vengeance:0.239
torture:0.238
great movie:0.23775
lawyer:0.23375
investigation:0.23225
very good:0.232
stunning:0.232
visually appealing:0.2315
sci fi:0.2305
