kids and family:0.995
animation:0.992
animals:0.98775
cartoon:0.9865
disney animated feature:0.9855
talking animals:0.9795
dog:0.97775
animated:0.973
dogs:0.94975
cute:0.93775
disney:0.92975
family:0.91125
classic:0.90725
sweet:0.897
graphic design:0.88325
animal movie:0.87375
children:0.83075
adventure:0.82525
fun movie:0.8235
fun:0.8215
cute!:0.81425
story:0.7895
original:0.755
good:0.7435
based on book:0.733
london:0.71425
kids:0.6905
childhood:0.65625
happy ending:0.593
great:0.58325
fairy tale:0.578
based on a book:0.5715
love:0.56775
greed:0.55775
clever:0.5555
romantic:0.541
adapted from:book:0.53475
oscar (best music - original song):0.52
stereotypes:0.5185
entertaining:0.51175
heartwarming:0.49625
love story:0.49025
runaway:0.48825
chase:0.483
catastrophe:0.46675
nostalgic:0.46675
fashion:0.4555
girlie movie:0.44025
dialogue:0.434
culture clash:0.4305
adaptation:0.42725
simple:0.423
light:0.414
witty:0.41225
great ending:0.4095
beautiful scenery:0.40175
mentor:0.39825
storytelling:0.392
excellent:0.392
great movie:0.38625
witches:0.38425
literature:0.37625
not funny:0.37175
good versus evil:0.366
romance:0.36575
books:0.338
destiny:0.338
computer animation:0.3345
life philosophy:0.334
obsession:0.32925
oscar (best actress):0.32825
musical:0.3255
snakes:0.32025
interracial romance:0.31975
prejudice:0.3185
suprisingly clever:0.3175
hunting:0.3175
very good:0.31125
funny:0.30525
action:0.30475
good soundtrack:0.30375
island:0.30275
whimsical:0.30075
unlikely friendships:0.2975
england:0.295
indians:0.2925
oscar winner:0.28625
predictable:0.28425
lone hero:0.28175
rabbits:0.2775
oscar (best supporting actress):0.2755
melancholic:0.27475
very funny:0.27175
honest:0.27075
devil:0.2705
police investigation:0.2685
switching places:0.26775
stylized:0.26525
jungle:0.264
based on a play:0.261
