mistaken identity:0.69875
original:0.66575
fun movie:0.63625
teen movie:0.61475
very interesting:0.58725
weird:0.586
sexy:0.55025
teen:0.54975
good soundtrack:0.54475
nudity (topless - notable):0.53725
chase:0.53325
pornography:0.512
quirky:0.502
underrated:0.49925
police investigation:0.48325
predictable:0.474
bad ending:0.47375
great:0.46475
internet:0.45925
cars:0.45025
cute:0.44975
runaway:0.44525
classic car:0.43825
school:0.43675
great ending:0.43475
80s:0.434
bullying:0.4325
finnish:0.426
catastrophe:0.42525
mentor:0.42125
childhood:0.4155
nudity (full frontal - brief):0.411
interesting:0.4105
mafia:0.403
fun:0.39475
dialogue:0.394
melancholic:0.38825
nudity (topless):0.3825
first contact:0.3785
adolescence:0.373
adventure:0.3685
dog:0.3675
unlikeable characters:0.3655
teens:0.363
story:0.3615
visually appealing:0.35425
nudity (rear):0.349
adaptation:0.34525
car chase:0.34275
brutality:0.3405
bullshit history:0.33925
psychiatry:0.334
doctors:0.33375
feel-good:0.3305
california:0.327
unlikely friendships:0.32325
destiny:0.322
kidnapping:0.32075
not funny:0.31775
storytelling:0.3175
bad plot:0.31575
spelling bee:0.3155
secrets:0.31475
very funny:0.3145
women:0.3125
entertaining:0.3085
lone hero:0.308
obsession:0.30775
family:0.3055
corruption:0.305
overrated:0.30325
cute!:0.30175
cool:0.2995
loneliness:0.29925
sexualized violence:0.2975
surreal:0.29525
existentialism:0.2945
romantic:0.294
special effects:0.29375
teenagers:0.29225
feel good movie:0.29125
sci fi:0.28925
dreams:0.2875
death:0.286
technology:0.28575
allegory:0.28525
nudity (topless - brief):0.28425
period piece:0.2835
relationships:0.27825
moral ambiguity:0.27825
suspense:0.27625
stylized:0.2755
cult film:0.2745
life philosophy:0.27425
happy ending:0.27225
spying:0.2705
good:0.27
giant robots:0.26875
cerebral:0.26725
pg-13:0.26675
