neo-noir:0.9705
casino:0.964
complex:0.928
london:0.916
twists & turns:0.904
stylish:0.89175
narrated:0.8785
british:0.858
independent film:0.8415
original:0.83725
enigmatic:0.83625
character study:0.83325
story:0.82475
england:0.8125
clever:0.81125
dialogue:0.80875
dark humor:0.798
interesting:0.79625
great ending:0.7865
very interesting:0.78575
social commentary:0.78525
good soundtrack:0.77275
betrayal:0.764
caper:0.761
gambling:0.7585
corruption:0.7535
great acting:0.74825
heist:0.74775
nudity (full frontal - notable):0.7455
writers:0.74525
drama:0.73975
good:0.7355
good acting:0.7345
plot twist:0.73425
bleak:0.728
dark:0.714
noir thriller:0.711
existentialism:0.71075
greed:0.709
addiction:0.70075
intellectual:0.7005
crime:0.7005
relationships:0.69375
cerebral:0.6915
tense:0.68575
storytelling:0.67775
twist ending:0.67675
thought-provoking:0.67175
visually appealing:0.6675
cool:0.6595
complicated:0.65575
mentor:0.652
reflective:0.6455
twist:0.6415
very good:0.63725
life philosophy:0.6345
stylized:0.63225
loneliness:0.62375
violence:0.62325
noir:0.6225
talky:0.617
obsession:0.616
weird:0.611
intelligent:0.59875
crime gone awry:0.59625
secrets:0.592
writing:0.5895
adapted from:book:0.57975
atmospheric:0.57875
plot:0.57275
criterion:0.5695
drinking:0.5695
imdb top 250:0.5685
depression:0.5615
entertaining:0.55575
surprise ending:0.554
excellent script:0.5455
entirely dialogue:0.54325
thriller:0.542
manipulation:0.5395
nudity (full frontal):0.53875
artistic:0.53575
redemption:0.53575
good dialogue:0.535
witty:0.53425
film noir:0.5335
oscar (best directing):0.53175
based on a book:0.52725
depressing:0.515
suspense:0.5145
violent:0.514
male nudity:0.51325
gangsters:0.51325
based on book:0.51175
philosophy:0.50675
psychological:0.5065
workplace:0.504
gangster:0.504
poker:0.5035
intense:0.503
