martial arts:0.9685
fight scenes:0.91875
sequels:0.785
original:0.7685
fighting:0.76475
mentor:0.75
prison:0.6755
sequel:0.614
predictable:0.567
action:0.523
good:0.51075
not as good as the first:0.47925
competition:0.46525
goofy:0.44725
story:0.43575
catastrophe:0.41075
very good:0.395
adventure:0.38675
great ending:0.3775
dialogue:0.3745
life philosophy:0.36325
great:0.357
overrated:0.34325
not funny:0.3385
cool:0.3355
destiny:0.33025
first contact:0.32925
clones:0.31975
lone hero:0.31925
bad plot:0.3185
immortality:0.31775
brutality:0.317
fun movie:0.31625
very interesting:0.315
crappy sequel:0.30575
runaway:0.29925
chase:0.29
great acting:0.2825
nudity (full frontal - brief):0.2805
natural disaster:0.279
intense:0.27575
death:0.275
slapstick:0.27275
fantasy world:0.27125
vengeance:0.2705
good sequel:0.2685
adaptation:0.26775
good action:0.267
ninja:0.26325
corruption:0.25975
so bad it's funny:0.259
special effects:0.2585
redemption:0.25775
underdog:0.25625
transformation:0.254
cult film:0.25225
cinematography:0.25225
criterion:0.2495
dragons:0.24875
quirky:0.2465
silly fun:0.244
entirely dialogue:0.24275
very funny:0.2375
kung fu:0.23625
fun:0.236
adapted from:comic:0.236
disaster:0.233
good music:0.23225
80s:0.2315
sci fi:0.23125
dreamlike:0.23075
based on a video game:0.23075
ridiculous:0.2295
surreal:0.229
boring:0.2275
storytelling:0.224
franchise:0.2235
pointless:0.22325
teacher:0.22075
multiple storylines:0.216
melancholic:0.2145
stupid as hell:0.214
good soundtrack:0.214
big budget:0.212
hong kong:0.21025
weird:0.20925
childhood:0.2085
revenge:0.207
culture clash:0.2065
gangsters:0.20625
existentialism:0.20525
crude humor:0.2035
family:0.19625
pornography:0.195
suspense:0.19425
narrated:0.19375
justice:0.19275
bad ending:0.19125
pulp:0.19075
nudity (topless - notable):0.19
