small town:0.99275
coming of age:0.9295
coming-of-age:0.86775
drinking:0.86725
relationships:0.826
friendship:0.7865
quirky:0.76425
bittersweet:0.7565
unlikely friendships:0.75225
original:0.748
good soundtrack:0.73975
independent film:0.7335
pornography:0.7175
life philosophy:0.714
dreams:0.71175
indie:0.711
drama:0.7105
canada:0.70225
runaway:0.701
mentor:0.693
narrated:0.67675
intimate:0.675
teen:0.668
downbeat:0.65375
storytelling:0.65225
depression:0.65025
destiny:0.64875
loneliness:0.647
bleak:0.63725
melancholic:0.63225
adolescence:0.625
teacher:0.62275
dysfunctional family:0.61875
childhood:0.6045
criterion:0.60325
pregnancy:0.5955
culture clash:0.59325
poignant:0.5925
weird:0.59225
sexualized violence:0.58625
honest:0.58075
great:0.559
life:0.55825
adultery:0.5545
grindhouse:0.55225
brutality:0.548
women:0.53675
oscar (best directing):0.5295
depressing:0.52925
sexuality:0.5255
family:0.5225
dialogue:0.5175
good acting:0.51675
oscar (best actress):0.50875
artist:0.5065
teen movie:0.5055
sexy:0.5025
fight scenes:0.498
pg-13:0.4965
transformation:0.49575
dark comedy:0.48225
hospital:0.48175
melancholy:0.47675
golden palm:0.4765
writers:0.476
teens:0.4735
love:0.4695
great ending:0.4685
teenagers:0.4595
emotional:0.4565
realistic:0.45525
surreal:0.45525
very funny:0.4545
humorous:0.45425
movielens top pick:0.4445
good:0.442
intense:0.4415
workplace:0.435
harsh:0.4325
reflective:0.4325
social commentary:0.4315
light:0.43125
mining:0.43125
teenager:0.431
male nudity:0.43075
catastrophe:0.42925
art:0.429
sentimental:0.41775
great acting:0.417
adapted from:book:0.417
redemption:0.4165
whimsical:0.41525
books:0.41375
road movie:0.4135
school:0.413
feel-good:0.41125
oscar (best foreign language film):0.4095
virginity:0.40875
vengeance:0.4085
stylized:0.40625
