religion:0.983
science:0.9725
god:0.9115
christianity:0.9055
genetics:0.85375
utopia:0.8425
oscar (best directing):0.83525
scenic:0.821
stand-up comedy:0.80525
original:0.76825
good soundtrack:0.7675
christian:0.7645
death:0.758
great movie:0.75475
idealism:0.74625
good:0.7435
chase:0.74025
highly quotable:0.731
storytelling:0.7305
redemption:0.70575
excellent script:0.7015
dialogue:0.69875
earnest:0.69125
oscar (best effects - visual effects):0.6785
corruption:0.6695
honest:0.667
catholicism:0.66525
story:0.66425
sexualized violence:0.663
visual:0.65775
adapted from:book:0.65675
based on book:0.65625
goofy:0.65525
interesting:0.6515
jesus:0.647
drinking:0.6435
fairy tales:0.64125
intense:0.63875
amazing photography:0.63475
dynamic cgi action:0.6275
awesome soundtrack:0.627
great ending:0.6255
great:0.625
harsh:0.61275
very funny:0.612
fantasy world:0.60925
dark hero:0.6075
moral ambiguity:0.607
stylish:0.605
runaway:0.59275
culture clash:0.59175
cool:0.58975
violence:0.587
fight scenes:0.586
greed:0.58075
beautifully filmed:0.57825
oscar (best supporting actress):0.577
islam:0.577
suspense:0.57675
animals:0.5755
classic:0.57375
mentor:0.57175
obsession:0.56675
revenge:0.56575
hilarious:0.5625
oscar winner:0.55975
destiny:0.5595
stereotypes:0.55775
adaptation:0.55525
police investigation:0.551
underrated:0.54675
excellent:0.53925
vengeance:0.53825
crude humor:0.5365
life philosophy:0.53625
sci fi:0.53625
fighting:0.5305
original plot:0.524
conspiracy:0.52175
cult:0.5215
alter ego:0.51925
1970s:0.519
entertaining:0.51675
narrated:0.51375
tense:0.512
imdb top 250:0.509
epic:0.50725
franchise:0.50275
manipulation:0.49375
powerful ending:0.492
capitalism:0.48875
courage:0.4875
british:0.48525
race:0.4845
whimsical:0.48425
us history:0.47975
melancholic:0.4795
drama:0.47725
suspenseful:0.4715
science fiction:0.4695
