horror:0.99325
devil:0.97125
supernatural:0.94925
scary:0.945
biblical:0.94475
creepy:0.94
suspense:0.93925
suspenseful:0.90525
tense:0.8785
original:0.869
ominous:0.86125
demons:0.858
gory:0.8485
frightening:0.84175
classic:0.83775
apocalypse:0.81375
psychological:0.80575
great ending:0.805
great movie:0.795
sexualized violence:0.77125
violent:0.758
macabre:0.756
death:0.7535
visceral:0.746
atmospheric:0.74
cult classic:0.71525
serial killer:0.7045
eerie:0.70025
intense:0.698
visually appealing:0.697
great acting:0.6965
violence:0.6875
dark:0.68375
based on a book:0.683
disturbing:0.6695
gruesome:0.661
good:0.64425
psychology:0.63275
cult film:0.6255
good acting:0.61925
religion:0.61725
hospital:0.586
adoption:0.5855
world politics:0.583
murder:0.5795
bloody:0.57275
good soundtrack:0.572
grim:0.57
weird:0.5655
christianity:0.56525
oscar (best effects - visual effects):0.5635
blood:0.56225
story:0.5595
cult:0.557
adaptation:0.55675
dialogue:0.556
family drama:0.556
catholicism:0.555
brutality:0.54925
masterpiece:0.549
excellent:0.546
cinematography:0.54225
original plot:0.53125
runaway:0.53
effects:0.5285
great:0.52775
storytelling:0.52675
imdb top 250:0.52025
greed:0.5175
transformation:0.515
good versus evil:0.51275
social commentary:0.51025
vengeance:0.5095
stylish:0.5015
special effects:0.4975
splatter:0.49475
grindhouse:0.49175
insanity:0.49075
exceptional acting:0.47875
destiny:0.4765
talky:0.47025
oscar (best directing):0.467
monster:0.457
revenge:0.45075
strange:0.44825
based on book:0.44775
fun movie:0.44625
allegory:0.44525
suprisingly clever:0.444
criterion:0.44075
torture:0.438
adapted from:book:0.43775
life & death:0.436
childhood:0.43375
thriller:0.43275
chase:0.43225
catastrophe:0.431
highly quotable:0.429
harsh:0.42425
police investigation:0.4185
