007 (series):1.0
007:0.99975
bond:0.9995
franchise:0.9805
espionage:0.9795
assassin:0.9795
spying:0.96725
chase:0.9265
james bond:0.926
secret service:0.885
spy:0.883
nuclear bomb:0.8775
spies:0.856
murder:0.825
action:0.801
adventure:0.723
good action:0.72175
series:0.69625
secrets:0.689
silly:0.67325
original:0.65175
cold war:0.6375
goofy:0.6285
good:0.6125
tom clancy:0.5965
car chase:0.577
exciting:0.57575
silly fun:0.539
action packed:0.533
mentor:0.527
fun movie:0.5175
catastrophe:0.5135
submarine:0.49175
fast paced:0.4815
weapons:0.47775
entertaining:0.47175
conspiracy:0.468
fight scenes:0.44925
first contact:0.44875
visually appealing:0.44075
island:0.43925
space:0.429
70mm:0.41475
east germany:0.398
pg-13:0.39575
sexy:0.384
storytelling:0.379
great ending:0.379
dialogue:0.3785
great:0.373
plot:0.367
runaway:0.3645
predictable:0.36275
fun:0.34025
indians:0.3365
betrayal:0.336
assassination:0.33025
humorous:0.32775
life philosophy:0.324
tense:0.3205
jungle:0.3195
ridiculous:0.3185
russia:0.307
russian:0.302
cool:0.2995
brutality:0.299
fantasy world:0.2945
culture clash:0.29425
not funny:0.29425
unfunny:0.292
story:0.28525
underrated:0.28425
suprisingly clever:0.2825
beautiful scenery:0.28225
vengeance:0.278
good soundtrack:0.27625
classic car:0.27575
assassins:0.27475
light:0.274
very funny:0.274
camp:0.26625
nuclear:0.26225
sci fi:0.262
no plot:0.25625
bad plot:0.25625
slapstick:0.25175
clever:0.24875
lone hero:0.2475
natural disaster:0.247
thriller:0.2435
destiny:0.24325
mad scientist:0.239
racing:0.237
family drama:0.2345
original plot:0.234
redemption:0.233
arms dealer:0.23175
death:0.23025
special effects:0.2285
alter ego:0.22725
