capitalism:0.98025
business:0.97875
politics:0.967
documentary:0.9515
greed:0.9455
corporate america:0.93025
interesting:0.89225
corruption:0.85275
very interesting:0.85125
propaganda:0.848
political:0.839
original:0.8305
narrated:0.80675
manipulation:0.80625
complex:0.79425
visually appealing:0.782
intellectual:0.7705
thought-provoking:0.76625
oil:0.7625
social commentary:0.7265
based on book:0.70625
surveillance:0.69225
philosophy:0.67625
good:0.66375
pornography:0.66275
journalism:0.6595
based on a book:0.6515
idealism:0.649
environmental:0.63975
lawyers:0.6365
fascism:0.6215
talky:0.61925
intelligent:0.61725
mentor:0.609
runaway:0.604
clever:0.60175
factual:0.59275
environment:0.584
alone in the world:0.57925
california:0.566
cerebral:0.56525
artistic:0.548
great ending:0.5425
amazing photography:0.537
world politics:0.5345
entertaining:0.52975
excellent script:0.527
educational:0.5245
criterion:0.524
suprisingly clever:0.519
justice:0.519
storytelling:0.5175
very good:0.517
honest:0.51375
revolution:0.50475
morality:0.5045
free to download:0.5035
good soundtrack:0.502
disturbing:0.485
lawyer:0.4845
imdb top 250:0.4825
distopia:0.4825
secrets:0.48175
psychological:0.4755
drinking:0.4705
assassination:0.46925
conspiracy:0.46925
forceful:0.46875
psychology:0.466
catastrophe:0.46425
fighting the system:0.464
passionate:0.46375
culture clash:0.46325
oscar (best directing):0.4595
brutality:0.45525
global warming:0.4545
movielens top pick:0.45325
long:0.451
censorship:0.447
ecology:0.4465
graphic design:0.443
brainwashing:0.439
witty:0.43625
twists & turns:0.436
life philosophy:0.43425
adapted from:book:0.43175
not funny:0.4245
pg-13:0.42275
adaptation:0.4155
internet:0.414
sad but good:0.41025
absurd:0.4085
independent film:0.40775
guilt:0.4075
utopia:0.40475
betrayal:0.40225
obsession:0.402
dialogue:0.4015
weird:0.39725
sacrifice:0.397
