ghosts:0.996
supernatural:0.9925
spanish:0.979
spanish civil war:0.9535
creepy:0.9455
dark:0.94375
criterion:0.90725
civil war:0.8985
scary:0.89525
storytelling:0.89375
allegory:0.8935
visual:0.87125
original:0.86375
horror:0.86025
story:0.85175
spain:0.84125
frightening:0.83875
childhood:0.83675
weird:0.836
cinematography:0.83475
tense:0.834
beautifully filmed:0.82775
eerie:0.82275
fascism:0.8225
ghosts/afterlife:0.82175
visually appealing:0.8145
ominous:0.8015
atmospheric:0.795
brutality:0.79375
orphans:0.7925
bleak:0.7925
great ending:0.79125
drama:0.79075
visually stunning:0.789
imdb top 250:0.7835
children:0.773
dramatic:0.77225
psychological:0.77125
vengeance:0.76475
imagination:0.7635
great acting:0.75725
tragedy:0.75175
social commentary:0.7425
complex:0.7415
war:0.7365
life & death:0.736
fantasy world:0.73075
revenge:0.72825
greed:0.72775
bullying:0.7275
violent:0.72675
macabre:0.7265
violence:0.72625
cult classic:0.71525
secrets:0.715
grim:0.71275
suspense:0.70975
melancholy:0.69975
exceptional acting:0.69575
foreign:0.69475
wartime:0.69375
afterlife:0.69
gothic:0.68875
twist ending:0.67875
loneliness:0.67625
nocturnal:0.674
stylish:0.6725
harsh:0.664
masterpiece:0.662
oscar (best foreign language film):0.65975
suspenseful:0.65625
mystery:0.64575
psychology:0.645
runaway:0.641
dark humor:0.64025
death:0.6295
stylized:0.6275
transformation:0.624
surprise ending:0.62375
good acting:0.61525
forceful:0.60625
excellent:0.60525
stunning:0.60125
melancholic:0.59925
coming of age:0.596
adolescence:0.596
effects:0.59575
twists & turns:0.5955
coming-of-age:0.595
enigmatic:0.59375
great:0.5805
powerful ending:0.5805
sacrifice:0.57725
dialogue:0.577
good soundtrack:0.5765
friendship:0.575
betrayal:0.57275
light:0.5725
survival:0.56775
solitude:0.5665
