teen movie:0.99625
high school:0.99575
teen:0.984
geeks:0.9765
chick flick:0.971
girlie movie:0.97
romantic comedy:0.94725
teens:0.93625
teenagers:0.90775
romantic:0.8925
teenager:0.86825
feel-good:0.8585
fun movie:0.8565
romance:0.85625
cute!:0.8425
fun:0.83575
geek:0.82975
sweet:0.798
cute:0.79475
happy ending:0.78425
good romantic comedies:0.75375
stereotypes:0.74925
feel good movie:0.7435
predictable:0.7325
cheerleading:0.70925
love story:0.7065
school:0.703
nerds:0.67125
pg-13:0.66375
adolescence:0.66275
teacher:0.6585
original:0.6495
destiny:0.6265
light:0.619
comedy:0.61275
cool:0.60025
great ending:0.57025
great:0.56475
good soundtrack:0.54225
bullying:0.5275
friendship:0.5135
women:0.511
better than expected:0.5035
good:0.501
mentor:0.4955
catastrophe:0.49425
coming-of-age:0.49275
story:0.49125
sappy:0.47875
shopping:0.474
shallow:0.47375
sexy:0.465
silly:0.4635
childhood:0.4455
awesome soundtrack:0.4435
unlikely friendships:0.43625
80s:0.4255
fantasy:0.41825
runaway:0.4165
unrealistic:0.40425
fantasy world:0.39425
kids:0.393
coming of age:0.393
goofy:0.389
so bad it's funny:0.38475
horrible:0.3685
nostalgic:0.36475
dumb:0.3575
great movie:0.34975
touching:0.34925
funny:0.34875
fashion:0.348
amy smart:0.33775
family:0.33725
internet:0.335
transformation:0.334
not funny:0.32925
silly fun:0.329
very funny:0.32325
entertaining:0.3225
dialogue:0.322
adaptation:0.31825
life philosophy:0.3145
first contact:0.309
virginity:0.3065
lame:0.30425
bad plot:0.30275
storytelling:0.30075
tear jerker:0.2985
chase:0.29725
guilty pleasure:0.29
culture clash:0.2875
sentimental:0.2865
police investigation:0.28625
new jersey:0.286
segregation:0.2825
overrated:0.28125
heartwarming:0.271
excellent script:0.269
lone hero:0.26325
