space:0.999
astronauts:0.99875
space program:0.9935
space travel:0.9935
visually stunning:0.99
nasa:0.98
visual:0.97625
visually appealing:0.97525
imdb top 250:0.95625
science fiction:0.94725
oscar (best cinematography):0.93925
scifi:0.93425
intense:0.93325
sci fi:0.93225
amazing photography:0.924
stunning:0.923
suspense:0.918
cinematography:0.91425
science:0.9135
visuals:0.9075
sci-fi:0.9025
oscar (best directing):0.89525
technology:0.89375
amazing cinematography:0.89
storytelling:0.88675
tense:0.88675
solitude:0.87575
special effects:0.8755
original:0.87075
survival:0.85975
loneliness:0.84075
bad science:0.83725
plot:0.83675
allegory:0.832
big budget:0.81775
cerebral:0.815
great ending:0.81425
catastrophe:0.807
futuristic:0.7925
pg-13:0.78575
great acting:0.77375
space opera:0.76175
visceral:0.76125
cgi:0.761
breathtaking:0.76
scenic:0.75575
fast paced:0.7535
effects:0.7515
dialogue:0.74825
realistic:0.7475
life & death:0.746
3d:0.746
claustrophobic:0.74475
first contact:0.73925
natural disaster:0.73425
story:0.73025
interesting:0.729
mars:0.72825
drama:0.72425
dramatic:0.724
existentialism:0.717
suspenseful:0.70275
masterpiece:0.70175
sacrifice:0.7005
beautifully filmed:0.697
atmospheric:0.696
emotional:0.692
complex:0.669
oscar:0.664
good acting:0.65975
redemption:0.647
talky:0.64475
thriller:0.63975
beautiful:0.63675
clever:0.63525
artistic:0.63025
melancholic:0.6185
unrealistic:0.614
good soundtrack:0.60475
greed:0.59675
great movie:0.596
great:0.59475
mindfuck:0.592
imagination:0.591
action:0.5895
oscar (best effects - visual effects):0.58525
simple:0.585
social commentary:0.58425
unusual plot structure:0.5805
beautiful scenery:0.57875
destiny:0.5785
philosophy:0.5745
isolation:0.5735
enigmatic:0.565
good:0.55925
oscar (best picture):0.55875
pointless:0.5555
chase:0.554
powerful ending:0.5525
plot holes:0.54875
