family:0.75775
predictable:0.73925
romantic comedy:0.71425
feel-good:0.70925
fantasy:0.7055
switching places:0.68925
original:0.68175
feel good movie:0.61775
romantic:0.6005
destiny:0.59975
mentor:0.56975
80s:0.55725
unlikely friendships:0.52575
guilty pleasure:0.49225
sweet:0.48425
catastrophe:0.4625
great:0.459
shopping:0.451
bad plot:0.44625
comedy:0.4425
friendship:0.43975
bad cgi:0.43775
great ending:0.4335
sexy:0.4265
girlie movie:0.4215
cute!:0.42075
first contact:0.39775
silly fun:0.396
pg-13:0.3955
dysfunctional family:0.38825
fantasy world:0.37375
overrated:0.37325
happy ending:0.372
transformation:0.3565
fight scenes:0.34975
dialogue:0.3455
good:0.3435
natural disaster:0.34225
brutality:0.3415
single father:0.3415
light:0.3355
culture clash:0.3275
lone hero:0.324
unusual plot structure:0.323
childhood:0.32225
good soundtrack:0.32
fairy tale:0.316
life philosophy:0.31275
romance:0.3125
coming of age:0.31175
runaway:0.3105
doctors:0.30125
story:0.29925
adaptation:0.299
nudity (rear):0.29775
chick flick:0.2965
fun:0.295
so bad it's funny:0.286
pornography:0.28575
cute:0.28225
divorce:0.27675
teen movie:0.2765
greed:0.27425
nudity (topless - notable):0.274
nudity (full frontal - brief):0.271
melancholic:0.27025
entertaining:0.26825
disaster:0.264
storytelling:0.2605
marriage:0.2595
shallow:0.25875
gangsters:0.25875
fun movie:0.2575
crude humor:0.25525
very funny:0.25525
entirely dialogue:0.25425
fashion:0.253
vengeance:0.25275
dreamlike:0.2525
remake:0.25225
violence:0.251
quirky:0.25
stereotypes:0.24925
not funny:0.24425
women:0.2425
harsh:0.23975
slapstick:0.23675
god:0.2365
love:0.236
drinking:0.2345
children:0.23225
pulp:0.23175
nocturnal:0.2215
chase:0.21525
adapted from:comic:0.21325
writers:0.21175
unfunny:0.2115
cult film:0.21125
life:0.21075
stylized:0.209
