genocide:0.92925
hunting:0.746
revenge:0.73025
islam:0.68525
brutality:0.66
survival:0.65525
original:0.6235
vengeance:0.6215
weapons:0.618
harsh:0.60525
civil war:0.59725
violence:0.57425
historical:0.5735
war:0.5585
great ending:0.5515
cinematography:0.543
predictable:0.52125
history:0.503
vigilantism:0.50175
mentor:0.484
brutal:0.47625
action:0.4725
us history:0.4695
adaptation:0.45675
revolution:0.451
beautiful scenery:0.448
wilderness:0.44375
war movie:0.4435
bad acting:0.44225
psychological:0.43125
redemption:0.4165
violent:0.41125
betrayal:0.40875
storytelling:0.40425
culture clash:0.40375
torture:0.40375
powerful ending:0.3995
justice:0.39775
wartime:0.39725
dialogue:0.39325
finnish:0.39175
catastrophe:0.38625
intense:0.386
fight scenes:0.3635
bloody:0.35675
psychology:0.35275
bad plot:0.3475
twist ending:0.342
meditative:0.34175
suspense:0.3255
guilt:0.32375
gratuitous violence:0.3215
talky:0.32025
anti-war:0.32
reflective:0.31925
not funny:0.3165
assassin:0.315
propaganda:0.31125
runaway:0.31025
fantasy world:0.3095
russian:0.30775
life & death:0.307
great acting:0.3065
corruption:0.304
shallow:0.3005
awful:0.2995
entirely dialogue:0.2975
moral ambiguity:0.2915
greed:0.28775
twists & turns:0.2865
overrated:0.28475
first contact:0.28425
good soundtrack:0.28225
visually appealing:0.28125
enigmatic:0.27825
insanity:0.27525
story:0.275
russia:0.27325
pointless:0.27175
hospital:0.27025
ethnic conflict:0.27
classic car:0.26825
cerebral:0.2645
lone hero:0.26375
politics:0.263
stylized:0.259
absurd:0.254
unusual plot structure:0.253
hitman:0.25075
so bad it's funny:0.24975
serial killer:0.24925
grindhouse:0.248
jews:0.24775
social commentary:0.2475
entertaining:0.2475
disturbing:0.24575
transformation:0.24525
irish accent:0.245
realistic:0.24225
memory:0.239
