post apocalyptic:0.98825
post-apocalyptic:0.986
bleak:0.98575
road movie:0.968
survival:0.955
alone in the world:0.9505
dystopia:0.946
based on a book:0.934
apocalypse:0.92925
grim:0.91825
depressing:0.90425
original:0.86225
dark:0.857
adapted from:book:0.854
end of the world:0.8265
storytelling:0.82575
allegory:0.81575
cannibalism:0.814
slow paced:0.806
father son relationship:0.79975
solitude:0.79875
based on book:0.7965
emotional:0.79275
cinematography:0.78925
depression:0.78175
tense:0.74825
adaptation:0.7405
visually appealing:0.738
harsh:0.73425
loneliness:0.726
intense:0.723
melancholic:0.71925
great acting:0.71
life & death:0.70925
existentialism:0.70125
visually stunning:0.70025
death:0.69125
downbeat:0.68675
humanity:0.6855
visual:0.6795
heartbreaking:0.6685
weird:0.65875
natural disaster:0.65375
cerebral:0.64875
distopia:0.648
father-son relationship:0.6405
imagination:0.64025
redemption:0.63825
story:0.63575
social commentary:0.62675
brutality:0.623
catastrophe:0.62125
pointless:0.619
complex:0.618
books:0.61675
good soundtrack:0.6145
happy ending:0.60775
childhood:0.60525
greed:0.59825
atmospheric:0.5955
great ending:0.595
dramatic:0.58125
imdb top 250:0.5795
thought-provoking:0.57175
beautifully filmed:0.566
good acting:0.56575
environment:0.56425
tragedy:0.56125
sacrifice:0.55675
beautiful scenery:0.55075
good:0.55075
mentor:0.54275
sad:0.537
touching:0.5225
realistic:0.51875
future:0.518
destiny:0.5145
philosophy:0.51275
poignant:0.51275
interesting:0.51175
suspense:0.50925
violence:0.50825
breathtaking:0.50475
violent:0.4985
dialogue:0.49625
dystopic future:0.49575
bad ending:0.494
life philosophy:0.49225
reflective:0.49025
melancholy:0.49
great cinematography:0.48825
enigmatic:0.4875
stylized:0.4855
male nudity:0.485
psychological:0.481
oscar:0.47925
drama:0.47925
gunfight:0.47775
coen bros:0.47325
sad but good:0.47075
