dinosaurs:0.99775
franchise:0.97425
special effects:0.91325
bad plot:0.9105
predictable:0.90275
stupid:0.90025
weapons:0.8725
idiotic:0.85225
bad acting:0.82525
so bad it's funny:0.82475
horrible:0.8145
original:0.795
splatter:0.7865
action:0.75125
silly fun:0.74575
stupid as hell:0.719
lame:0.69825
bad cgi:0.68975
big budget:0.66625
silly:0.663
monster:0.63
pointless:0.62775
overrated:0.6275
disaster:0.6175
sci fi:0.61675
fantasy world:0.616
animals:0.6135
natural disaster:0.60825
ridiculous:0.60425
family:0.6
crappy sequel:0.589
dumb:0.58775
sci-fi:0.579
based on a tv show:0.5745
great ending:0.5675
scifi:0.54725
dialogue:0.5415
violence:0.53475
action packed:0.5215
first contact:0.514
police investigation:0.49925
bad:0.49725
adapted from:comic:0.49425
shallow:0.49375
slapstick:0.49375
goofy:0.4845
vampire human love:0.47
story:0.46925
suspense:0.4685
horror:0.46375
ninja:0.463
catastrophe:0.4565
stupidity:0.4495
fantasy:0.449
unusual plot structure:0.44725
humorous:0.447
dumb but funny:0.43775
destiny:0.435
remake:0.42975
teens:0.429
dynamic cgi action:0.41975
nudity (topless):0.4195
fight scenes:0.4165
adventure:0.416
death:0.41
entertaining:0.40725
quirky:0.4025
entirely dialogue:0.401
mentor:0.3925
scary:0.392
lone hero:0.39075
science fiction:0.3865
cult film:0.38425
adaptation:0.37925
reality tv:0.3755
boring:0.37525
cheesy:0.37125
brutality:0.3665
based on a book:0.3645
talking animals:0.36425
very funny:0.36175
monsters:0.346
good action:0.34525
slasher:0.345
murder:0.34325
dreamlike:0.343
crude humor:0.341
dysfunctional family:0.3405
alternate reality:0.332
fun:0.33075
fun movie:0.3295
technology:0.327
campy:0.3235
writers:0.322
nudity (full frontal - brief):0.32
satirical:0.31975
storytelling:0.31875
series:0.31775
trilogy:0.31575
chase:0.3155
