handycam:0.99225
horror:0.9195
teleportation:0.8985
mystery:0.86475
devil:0.85775
scary:0.8125
weird:0.77525
plot twist:0.7625
supernatural:0.75425
antarctica:0.72675
time loop:0.7165
witch:0.677
true story:0.67475
original:0.66675
suspenseful:0.666
creepy:0.66075
catastrophe:0.64975
bad ending:0.63875
russia:0.60075
idiotic:0.54275
demons:0.535
based on a true story:0.524
better than expected:0.524
stereotypes:0.522
so bad it's funny:0.5
silly fun:0.48075
absurd:0.4725
twist ending:0.459
predictable:0.459
great ending:0.44825
monsters:0.4205
low budget:0.41975
unlikeable characters:0.41775
witches:0.40575
monster:0.40375
bad plot:0.38925
greed:0.38825
natural disaster:0.38775
based on true story:0.3865
cold war:0.37075
investigation:0.369
good:0.3675
nudity (topless):0.35625
stupid as hell:0.35425
creativity:0.3535
dialogue:0.35325
conspiracy:0.351
police investigation:0.34875
not funny:0.34625
death:0.3385
blindness:0.3345
pointless:0.32325
dysfunctional family:0.3155
disaster:0.3145
bad cgi:0.31275
mentor:0.3105
visually appealing:0.30375
factual:0.302
first contact:0.29825
bizarre:0.29525
survival:0.2915
twists & turns:0.2895
courtroom:0.283
unfunny:0.28175
crude humor:0.27925
ghosts:0.279
adaptation:0.27075
bad:0.26625
frightening:0.265
slapstick:0.26
betrayal:0.258
runaway:0.25525
fantasy world:0.248
unusual plot structure:0.24475
suspense:0.24175
writers:0.24125
melancholic:0.23825
story:0.2365
harsh:0.236
secrets:0.2345
entirely dialogue:0.23375
talky:0.2315
very interesting:0.22875
atmospheric:0.228
zombie:0.2275
pornography:0.22675
cinematography:0.22475
camp:0.2225
life philosophy:0.221
lone hero:0.22
chase:0.219
finnish:0.21525
criterion:0.21475
mars:0.21475
sci fi:0.21425
clones:0.21375
apocalypse:0.212
spiders:0.212
redemption:0.21175
hotel:0.21175
