noir:0.962
criterion:0.95475
private detective:0.94825
noir thriller:0.9385
film noir:0.93675
mystery:0.843
investigation:0.8265
enigmatic:0.82275
violent:0.8205
black and white:0.8165
weird:0.80725
tense:0.80125
neo-noir:0.799
runaway:0.7965
stylish:0.79575
stylized:0.78625
greed:0.776
twists & turns:0.75475
detective:0.74875
pulp:0.7465
talky:0.7335
original:0.73275
cinematography:0.73175
atmospheric:0.7195
brutality:0.71675
sexy:0.712
complex:0.7025
classic:0.69275
downbeat:0.688
crime gone awry:0.683
cerebral:0.6785
very interesting:0.67525
grim:0.675
dialogue:0.672
violence:0.665
moody:0.65975
secrets:0.65425
visceral:0.6495
murder:0.64725
surreal:0.6415
los angeles:0.6385
bleak:0.6375
alternate endings:0.63375
cynical:0.622
golden palm:0.62075
allegory:0.616
imdb top 250:0.604
obsession:0.6005
crime:0.6
paranoia:0.599
corruption:0.59825
paranoid:0.5945
complicated plot:0.593
great ending:0.59275
dark:0.59175
police investigation:0.58675
storytelling:0.586
anti-hero:0.58125
pornography:0.5705
nocturnal:0.5645
light:0.5585
photography:0.54725
visually appealing:0.54675
visual:0.54625
gunfight:0.5435
entirely dialogue:0.53925
masterpiece:0.53175
melancholy:0.52925
melancholic:0.52825
disturbing:0.52775
great cinematography:0.52025
murder mystery:0.51925
suprisingly clever:0.5135
dark humor:0.51075
cult classic:0.508
interesting:0.5035
absurd:0.49675
forceful:0.49625
harsh:0.496
unusual plot structure:0.494
psychological:0.4895
grindhouse:0.4865
complicated:0.4865
movielens top pick:0.485
suspense:0.4835
1950s:0.47975
assassination:0.47875
gritty:0.478
cold war:0.47675
great:0.476
ominous:0.474
betrayal:0.47275
narrated:0.47175
twist:0.4685
censorship:0.46775
plot:0.46375
thriller:0.4615
low budget:0.45375
serial killer:0.4485
adaptation:0.4465
