martial arts:0.90275
fight scenes:0.8975
action:0.879
espionage:0.82025
realistic action:0.81725
original:0.781
good action:0.73625
betrayal:0.6795
fighting:0.6175
assassination:0.60925
dialogue:0.60125
visually appealing:0.58575
cinematography:0.57025
spy:0.5675
revenge:0.566
chase:0.56325
brutality:0.5475
spying:0.529
conspiracy:0.52425
fast paced:0.5055
car chase:0.504
mentor:0.50325
assassin:0.49125
runaway:0.4845
good soundtrack:0.469
grindhouse:0.467
action packed:0.4565
violence:0.454
stylized:0.43675
vengeance:0.4275
catastrophe:0.4275
bad acting:0.416
melancholic:0.40825
bad plot:0.4065
ensemble cast:0.4005
assassins:0.39775
entirely dialogue:0.394
storytelling:0.38275
stylish:0.3825
predictable:0.365
sexy:0.364
talky:0.35925
story:0.357
weapons:0.3555
not funny:0.3505
pulp:0.35
dysfunctional family:0.344
brutal:0.34175
great ending:0.33925
thriller:0.337
twists & turns:0.33475
secrets:0.33175
hitman:0.32025
life & death:0.3175
pornography:0.316
so bad it's funny:0.31175
redemption:0.3095
enigmatic:0.30775
noir thriller:0.30725
spies:0.306
lone hero:0.2975
cerebral:0.29225
life philosophy:0.29075
hit men:0.28825
first contact:0.28575
classic car:0.28575
hip hop:0.281
culture clash:0.2785
great:0.27775
character study:0.27625
criterion:0.27425
pointless:0.27425
surveillance:0.27
breathtaking:0.26975
gratuitous violence:0.26825
suspense:0.26275
complex:0.262
clever:0.25625
intense:0.24675
slow:0.2445
tense:0.24225
adaptation:0.24075
boring!:0.239
fantasy world:0.23875
boring:0.23875
visceral:0.236
weird:0.23475
kidnapping:0.23475
cool:0.23425
light:0.234
overrated:0.2335
gangsters:0.23175
no plot:0.22925
quirky:0.22675
greed:0.22525
adapted from:book:0.22475
art:0.2245
bad ending:0.22275
corruption:0.22125
unfunny:0.21875
