mummy:0.9995
egypt:0.9985
archaeology:0.97825
horror:0.95275
original:0.7995
creepy:0.765
classic:0.758
cult classic:0.7045
revenge:0.69925
atmospheric:0.68225
great movie:0.679
1930s:0.67725
monster:0.6725
gothic:0.6725
action packed:0.6625
suspense:0.65525
special effects:0.6215
fun movie:0.6065
great:0.60625
nocturnal:0.59575
dialogue:0.591
violence:0.58225
franchise:0.582
cult film:0.5735
suspenseful:0.562
story:0.5605
vengeance:0.54275
werewolf:0.53825
blood:0.515
visceral:0.511
murder:0.508
mentor:0.496
grindhouse:0.49425
ominous:0.48575
transformation:0.48225
great ending:0.481
dark hero:0.4805
scary:0.4785
effects:0.47775
tense:0.472
splatter:0.4705
storytelling:0.4665
brutality:0.45525
england:0.45275
monsters:0.439
adaptation:0.43525
mad scientist:0.43275
mars:0.4185
sci fi:0.418
oscar (best effects - visual effects):0.413
not funny:0.409
harsh:0.4085
remake:0.3955
cult:0.3935
catastrophe:0.393
intense:0.38975
original plot:0.3895
stop motion:0.38925
campy:0.38925
gunfight:0.387
low budget:0.382
camp:0.37825
afi 100 (movie quotes):0.37825
stylish:0.37825
redemption:0.37825
alter ego:0.378
predictable:0.3755
lone hero:0.37375
entertaining:0.37325
chase:0.37175
spiders:0.36475
supernatural:0.3635
exciting:0.36225
imdb top 250:0.361
excellent:0.361
dramatic:0.36
scifi:0.35875
macabre:0.35825
melancholic:0.35325
demons:0.35225
good:0.351
goth:0.34675
classic car:0.3465
disturbing:0.34625
death:0.34475
fun:0.34425
fight scenes:0.343
big budget:0.34225
quotable:0.34025
immortality:0.339
goofy:0.33775
life philosophy:0.337
80s:0.33375
violent:0.33375
betrayal:0.33275
sexualized violence:0.3315
visually appealing:0.3315
gory:0.33025
great acting:0.32975
island:0.32425
