pornography:0.877
prostitution:0.793
marijuana:0.712
documentary:0.6865
greed:0.6745
original:0.67025
dysfunctional family:0.64575
drugs:0.63725
mentor:0.61725
grindhouse:0.611
very interesting:0.58775
manipulation:0.5555
obsession:0.5475
sex:0.4895
california:0.486
addiction:0.47475
melancholic:0.4705
brutality:0.445
great ending:0.43425
internet:0.42625
good soundtrack:0.4095
corruption:0.4005
storytelling:0.3995
catastrophe:0.39875
los angeles:0.395
nudity (topless - notable):0.373
maze:0.3675
sexual:0.35025
multiple storylines:0.34625
surreal:0.345
violent:0.3445
drinking:0.3415
fun movie:0.33675
dialogue:0.33675
criterion:0.33625
suprisingly clever:0.33425
sexualized violence:0.333
interesting:0.33025
independent film:0.324
sexy:0.31775
intimate:0.3155
idiotic:0.3145
enigmatic:0.30975
loneliness:0.30975
not funny:0.309
nudity (topless):0.308
indie:0.308
talky:0.3065
gay character:0.3005
stylized:0.29975
adaptation:0.2985
runaway:0.29625
film noir:0.29375
very funny:0.29225
relationships:0.287
so bad it's funny:0.2835
crime gone awry:0.283
bdsm:0.2825
hotel:0.28225
entirely dialogue:0.27925
police investigation:0.27725
twists & turns:0.2755
nudity (full frontal - notable):0.275
censorship:0.2745
social commentary:0.273
harsh:0.2715
fantasy world:0.2675
writers:0.265
overrated:0.26275
character study:0.26275
sarcasm:0.2625
pointless:0.26225
guilt:0.26225
male nudity:0.2575
gangsters:0.255
splatter:0.25475
unusual plot structure:0.25375
hollywood:0.25225
nudity (full frontal - brief):0.25175
imdb top 250:0.244
first contact:0.23775
adapted from:book:0.235
queer:0.234
police corruption:0.233
bloody:0.23075
lone hero:0.2295
golden palm:0.2285
witty:0.2225
weird:0.22125
redemption:0.22125
passionate:0.22075
cult film:0.21925
journalism:0.21775
stylish:0.2175
visually appealing:0.217
satirical:0.21625
culture clash:0.21575
betrayal:0.21125
road movie:0.2105
crude humor:0.21025
