teen movie:0.99775
teen:0.997
high school:0.982
1980s:0.98075
teens:0.97225
80s:0.9355
good soundtrack:0.916
teenager:0.91525
geeks:0.8805
father daughter relationship:0.84775
adolescence:0.8385
girlie movie:0.8355
relationships:0.82375
unlikely friendships:0.8075
teenagers:0.80125
coming-of-age:0.798
love story:0.79
romance:0.786
coming of age:0.74975
pg-13:0.749
romantic comedy:0.74375
friendship:0.736
chick flick:0.73225
love:0.72825
original:0.71975
geek:0.71225
great soundtrack:0.69825
romantic:0.69775
cool:0.69375
stereotypes:0.6895
awesome soundtrack:0.68825
single father:0.678
school:0.663
cheerleading:0.65525
fun movie:0.6485
nerds:0.608
shallow:0.59625
nostalgia:0.5905
bullying:0.57625
good:0.568
mentor:0.56475
sweet:0.5635
great ending:0.55525
cute:0.55425
shopping:0.5445
happy ending:0.5445
runaway:0.53975
pornography:0.53275
childhood:0.53175
bad ending:0.5255
fashion:0.52475
cute!:0.49325
virginity:0.4855
nostalgic:0.474
classic:0.463
great:0.454
destiny:0.451
storytelling:0.44675
dialogue:0.43975
drama:0.4395
guilty pleasure:0.439
fun:0.4365
drinking:0.43625
catastrophe:0.43375
greed:0.42725
honest:0.41975
good romantic comedies:0.41625
women:0.414
teacher:0.40525
feel-good:0.39125
sexy:0.38525
cult classic:0.3815
quotable:0.37225
comedy:0.36825
predictable:0.35525
cult film:0.35375
not funny:0.3525
culture clash:0.35225
love triangles:0.34025
chase:0.33825
betrayal:0.33475
alternate endings:0.33375
family:0.333
obsession:0.33125
goofy:0.3275
prejudice:0.32725
weird:0.32675
clever:0.32375
melancholic:0.31725
revenge:0.31625
loneliness:0.3155
small town:0.31525
very interesting:0.3145
adaptation:0.31425
fantasy world:0.31225
harsh:0.312
stoner movie:0.31125
vengeance:0.307
life philosophy:0.304
brutality:0.30175
