wuxia:0.99925
meditative:0.96425
stylized:0.9625
melancholic:0.94775
loneliness:0.932
dreamlike:0.92075
cinematography:0.88475
love:0.85175
enigmatic:0.84375
reflective:0.84275
art house:0.831
melancholy:0.82975
intimate:0.82325
weird:0.81675
love triangles:0.8165
stylish:0.8155
desert:0.80775
relationships:0.8035
original:0.798
hallucinatory:0.79425
non-linear:0.792
narrated:0.79075
colourful:0.759
visual:0.74275
criterion:0.74225
memory:0.74075
visually stunning:0.73275
hong kong:0.73275
golden palm:0.7265
fight scenes:0.70325
cerebral:0.675
nocturnal:0.6625
beautifully filmed:0.66125
obsession:0.659
storytelling:0.65675
martial arts:0.65625
passionate:0.65525
solitude:0.64725
vengeance:0.64025
breathtaking:0.63775
visually appealing:0.6175
sword fighting:0.61525
love story:0.61125
affectionate:0.60875
talky:0.60175
art:0.60175
bittersweet:0.577
poetry:0.5695
stunning:0.5665
life philosophy:0.5545
betrayal:0.547
good soundtrack:0.538
artistic:0.52975
dialogue:0.52075
unusual plot structure:0.517
confusing:0.505
atmospheric:0.50275
catastrophe:0.50125
wine:0.49975
redemption:0.4815
existentialism:0.4745
nonlinear:0.472
pornography:0.4705
entirely dialogue:0.47025
complex:0.466
beautiful scenery:0.4565
cult classic:0.4565
beautiful:0.45375
grindhouse:0.4525
poignant:0.4525
quirky:0.44475
suprisingly clever:0.4395
masterpiece:0.43275
bleak:0.4315
story:0.42375
complicated:0.42325
allegory:0.4225
hitman:0.4195
pulp:0.41475
afterlife:0.41325
surreal:0.41225
erotic:0.412
culture clash:0.409
philosophical:0.40175
great ending:0.401
sexy:0.39925
destiny:0.39475
identity:0.394
adaptation:0.38725
brutality:0.383
slow:0.375
twists & turns:0.366
ironic:0.365
assassination:0.36475
childhood:0.359
moody:0.357
artsy:0.35375
parallel universe:0.3525
tokyo:0.3525
absurd:0.3485
