espionage:0.99625
spying:0.99275
assassin:0.99275
robert ludlum:0.9895
fast paced:0.9885
spies:0.98425
spy:0.98275
action:0.98125
chase:0.97875
conspiracy:0.97575
amnesia:0.9735
car chase:0.97175
secrets:0.96275
assassins:0.95175
adapted from:book:0.93725
good action:0.91275
assassination:0.89575
realistic action:0.8915
fight scenes:0.885
action packed:0.88125
cia:0.86225
intense:0.856
good sequel:0.85
survival:0.85
based on a book:0.84725
vengeance:0.83825
suspense:0.82775
secret service:0.8215
pg-13:0.819
plot:0.8185
sequel:0.813
good:0.801
surveillance:0.7825
thriller:0.768
cool:0.76675
trilogy:0.75775
mentor:0.7375
original:0.72975
murder:0.72775
exciting:0.72675
tom clancy:0.7265
revenge:0.72075
cinematography:0.68975
franchise:0.68675
excellent:0.66525
sequels:0.66425
storytelling:0.663
visual:0.65125
betrayal:0.6505
great:0.64525
books:0.6445
twists & turns:0.642
violence:0.64125
stylish:0.63625
runaway:0.63175
big budget:0.6315
identity:0.62675
visceral:0.62375
good acting:0.62325
story:0.61825
corruption:0.61775
fighting:0.6065
great ending:0.60625
dialogue:0.60325
adventure:0.60125
great movie:0.598
based on book:0.59775
hitman:0.597
entertaining:0.57775
interesting:0.57725
very good:0.55825
tense:0.557
original plot:0.5555
complicated plot:0.5535
weapons:0.54875
handycam:0.5395
stylized:0.53675
visually appealing:0.53475
memory:0.527
catastrophe:0.52625
good soundtrack:0.521
torture:0.5125
beautiful scenery:0.51225
dark hero:0.505
plot twist:0.5045
lone hero:0.5035
technology:0.49225
culture clash:0.492
adaptation:0.4915
intelligent:0.47875
better than expected:0.478
guns:0.4685
scenic:0.43675
violent:0.43325
realistic:0.4285
suspenseful:0.4265
classic car:0.4245
transformation:0.418
harsh:0.4155
dynamic cgi action:0.4155
