almodovar:0.96
golden palm:0.95875
spanish:0.94675
obsession:0.9215
relationships:0.91325
complex:0.86425
enigmatic:0.85475
visually appealing:0.8525
spain:0.8085
neo-noir:0.7725
blindness:0.7695
intimate:0.7555
cinematography:0.75125
twists & turns:0.727
sexy:0.7155
vengeance:0.7135
secrets:0.711
loneliness:0.70675
storytelling:0.70325
complex characters:0.696
unusual plot structure:0.69325
melancholic:0.692
tragedy:0.6825
passionate:0.6765
original:0.6565
criterion:0.64875
drama:0.6455
erotic:0.6365
pornography:0.63375
weird:0.63175
artistic:0.6165
revenge:0.60725
life philosophy:0.59475
art house:0.58875
bittersweet:0.58675
love:0.58675
nudity (topless):0.57525
grindhouse:0.57325
cerebral:0.568
betrayal:0.5455
family drama:0.54425
nudity (full frontal - notable):0.53775
mentor:0.53225
reflective:0.532
nocturnal:0.52925
male nudity:0.52825
gay:0.51875
character study:0.518
talky:0.51275
art:0.50575
complicated:0.498
runaway:0.4975
intellectual:0.49725
classic car:0.49275
affectionate:0.49
nonlinear:0.48975
suprisingly clever:0.4855
writers:0.48475
good soundtrack:0.48475
women:0.483
masterpiece:0.48
melancholy:0.4755
colourful:0.47375
infidelity:0.46775
love story:0.46175
dialogue:0.4535
surveillance:0.452
clever:0.45
nudity (topless - notable):0.43575
dysfunctional family:0.435
psychological:0.43325
stylish:0.43225
entirely dialogue:0.4295
social commentary:0.42825
great acting:0.427
foreign:0.426
culture clash:0.42575
greed:0.4125
emotional:0.408
flashbacks:0.4075
ironic:0.40675
crime gone awry:0.40625
surreal:0.40425
oscar (best foreign language film):0.4025
stylized:0.4025
identity:0.3985
spying:0.398
love triangles:0.3955
catastrophe:0.39525
hotel:0.39025
existentialism:0.3885
independent film:0.38625
depression:0.38625
oscar (best actress):0.38525
drugs:0.3845
dramatic:0.38425
very interesting:0.384
great ending:0.38225
indie:0.381
romance:0.37625
