surreal:0.9695
surrealism:0.9
dreamlike:0.8785
talky:0.873
lynch:0.84975
weird:0.84325
hallucinatory:0.787
criterion:0.7005
original:0.68575
bizarre:0.68275
stylized:0.6815
silent:0.6315
art house:0.61525
enigmatic:0.59925
unusual plot structure:0.598
pornography:0.5855
golden palm:0.54725
absurd:0.53775
visual:0.48325
dialogue:0.467
affectionate:0.4625
distopia:0.46025
sexual:0.45025
obsession:0.4405
entirely dialogue:0.439
catastrophe:0.42025
german:0.416
suprisingly clever:0.40875
moody:0.39425
visually appealing:0.38325
nudity (full frontal - notable):0.383
melancholic:0.38175
dreams:0.38075
grindhouse:0.38
male nudity:0.37825
deadpan:0.37725
insanity:0.3765
intimate:0.3645
runaway:0.3585
cult film:0.35575
disturbing:0.3555
1920s:0.352
not funny:0.35175
life philosophy:0.34625
quirky:0.33675
crime gone awry:0.33225
ironic:0.32675
ethnic conflict:0.322
existentialism:0.3105
dark humor:0.30475
complex:0.294
hilarious:0.291
mentor:0.29075
so bad it's funny:0.28925
art:0.28725
cerebral:0.282
cult classic:0.28125
humorous:0.273
mad scientist:0.27125
atmospheric:0.27
storytelling:0.26575
dysfunctional family:0.263
harsh:0.262
hospital:0.26175
culture clash:0.2575
melancholy:0.25675
downbeat:0.25525
camp:0.255
pointless:0.25475
meditative:0.25275
underrated:0.249
cinematography:0.24675
strange:0.2455
great ending:0.2435
satirical:0.243
stylish:0.24275
life & death:0.2395
story:0.2355
classic car:0.222
good soundtrack:0.21775
free to download:0.2145
lone hero:0.2145
brutality:0.214
passionate:0.21175
loneliness:0.2115
fantasy world:0.208
clever:0.20775
tokyo:0.2055
gangsters:0.203
dark hero:0.2025
first contact:0.20225
bollywood:0.20225
gunfight:0.19725
relationships:0.196
transformation:0.195
splatter:0.19425
small town:0.19125
unfunny:0.191
crude humor:0.19025
secrets:0.19
