male nudity:0.992
hilarious:0.8815
mtv:0.80225
franchise:0.71175
crude humor:0.70925
idiotic:0.6925
original:0.67575
fun movie:0.66175
gross-out:0.66125
3d:0.658
stupidity:0.612
very funny:0.59825
goofy:0.59325
creativity:0.593
pornography:0.588
series:0.583
drinking:0.5545
nostalgic:0.55375
silly fun:0.5535
great ending:0.50375
comedy:0.48675
humor:0.48225
catastrophe:0.43175
insanity:0.4315
unfunny:0.42
chase:0.414
humorous:0.40925
dumb but funny:0.40075
technology:0.39875
brutality:0.3985
suprisingly clever:0.388
stand-up comedy:0.38475
visual:0.37425
reality tv:0.37325
snakes:0.3705
slapstick:0.36725
dialogue:0.36425
great:0.36325
obsession:0.3535
mentor:0.3485
quotable:0.3475
entertaining:0.3465
absurd:0.3435
stupid:0.34225
unusual plot structure:0.342
crazy:0.34
vengeance:0.3395
weird:0.3385
fight scenes:0.3335
alter ego:0.33325
storytelling:0.33275
predictable:0.32625
fun:0.31875
life philosophy:0.31025
highly quotable:0.309
stylized:0.30875
criterion:0.3075
irreverent:0.30575
childhood:0.305
visually appealing:0.30475
funny:0.2995
runaway:0.29875
notable nudity:0.29775
redemption:0.29775
beer:0.29525
silly:0.28675
talky:0.28375
weapons:0.281
pg-13:0.28025
good soundtrack:0.27925
adaptation:0.27925
torture:0.2755
shallow:0.27425
cult film:0.27225
dark hero:0.2715
dysfunctional family:0.268
nudity (full frontal - notable):0.26775
art:0.2675
gory:0.26625
new jersey:0.26575
fantasy world:0.26575
not funny:0.26175
parody:0.26125
cult classic:0.26125
melancholic:0.2595
trilogy:0.25925
nudity (full frontal - brief):0.25875
funny as hell:0.25875
cool:0.256
police investigation:0.253
internet:0.25175
computer animation:0.25175
mockumentary:0.25125
multiple storylines:0.2505
first contact:0.249
lone hero:0.2485
big budget:0.24775
nudity:0.24725
effects:0.24625
splatter:0.24575
