afterlife:0.9895
off-beat comedy:0.98025
suicide:0.9765
dark humor:0.97075
love story:0.95225
weird:0.94975
quirky:0.93325
life & death:0.92925
surreal:0.8915
cult film:0.88975
road trip:0.87775
depression:0.8755
indie:0.87425
original:0.87125
dark comedy:0.8495
cult classic:0.83125
existentialism:0.80525
magic realism:0.7945
loneliness:0.7875
cerebral:0.78325
good soundtrack:0.77175
visually appealing:0.7685
creativity:0.761
road movie:0.756
cult:0.75125
independent film:0.7425
touching:0.73275
life philosophy:0.72725
enigmatic:0.72575
philosophy:0.717
black comedy:0.71525
cinematography:0.715
relationships:0.71375
melancholic:0.7115
absurd:0.70275
destiny:0.69675
bleak:0.688
social commentary:0.6875
love:0.6845
death:0.67975
storytelling:0.67775
bittersweet:0.6675
life:0.6655
very interesting:0.66125
drama:0.65425
dark:0.6535
original plot:0.6475
mental illness:0.63475
feel-good:0.63425
romance:0.62675
desert:0.6235
reflective:0.62275
interesting:0.61525
redemption:0.6045
art house:0.60125
strange:0.6
clever:0.59725
great ending:0.596
mentor:0.596
post apocalyptic:0.59025
artsy:0.588
utopia:0.58175
thought-provoking:0.579
russian:0.57475
depressing:0.574
good acting:0.571
surrealism:0.5705
bizarre:0.57025
dialogue:0.56825
beautifully filmed:0.56525
drinking:0.56275
great acting:0.561
humorous:0.56
great music:0.55775
honest:0.5575
criterion:0.55675
suicide attempt:0.552
low budget:0.552
sacrifice:0.5505
visually stunning:0.54875
philosophical:0.54125
story:0.5355
plot:0.53275
suprisingly clever:0.53275
alone in the world:0.53075
post-apocalyptic:0.522
feel good movie:0.517
unlikely friendships:0.514
romantic:0.513
friendship:0.50325
solitude:0.4945
complex:0.48875
eccentricity:0.4835
movielens top pick:0.48225
melancholy:0.48175
great soundtrack:0.478
metaphysics:0.47575
intellectual:0.474
pornography:0.471
good music:0.47
