franchise:0.9945
death:0.9855
gory:0.90825
splatter:0.8645
gore:0.86
horror:0.846
sequel:0.8345
series:0.8195
predictable:0.78625
suspense:0.7665
survival:0.743
original:0.7305
3d:0.704
teen movie:0.69025
great ending:0.6855
disaster:0.683
life & death:0.6775
supernatural:0.6705
slasher:0.66325
catastrophe:0.64575
creativity:0.63375
special effects:0.62825
sequels:0.6195
crappy sequel:0.61425
twist ending:0.61225
dialogue:0.598
gruesome:0.58625
teens:0.56125
fun movie:0.545
blood:0.53925
torture:0.5345
mentor:0.52575
prequel:0.51075
family:0.50275
pointless:0.4985
intense:0.484
brutality:0.48225
natural disaster:0.478
bad acting:0.469
pg-13:0.46425
crude humor:0.4615
bloody:0.45975
twists & turns:0.4585
plot:0.44225
clever:0.442
superheroes:0.44125
chase:0.43875
suspenseful:0.428
teen:0.42775
nudity (topless - notable):0.425
action:0.42225
transformation:0.41325
bad plot:0.40425
effects:0.3975
brutal:0.39425
fight scenes:0.3935
monster:0.39275
great:0.3895
big budget:0.389
story:0.3885
silly fun:0.388
bad cgi:0.38025
scary:0.37975
horrible:0.376
entertaining:0.37475
destiny:0.373
good sequel:0.36725
cheating:0.364
not funny:0.35925
ghosts/afterlife:0.3585
redemption:0.3555
trilogy:0.355
apocalypse:0.3485
super hero:0.345
sexualized violence:0.34225
unlikeable characters:0.3375
silly:0.334
violence:0.3335
life philosophy:0.33
better than expected:0.32475
reality tv:0.3235
murder:0.3235
pornography:0.3215
weird:0.317
dynamic cgi action:0.31675
cool:0.315
overrated:0.3125
great movie:0.31
twist:0.3095
family drama:0.30925
action packed:0.30675
macabre:0.305
mutants:0.304
betrayal:0.3005
exciting:0.2955
visual:0.294
good:0.29025
campy:0.2895
goth:0.285
plot holes:0.28475
