farce:0.8595
based on a play:0.85775
adultery:0.844
screwball:0.83675
witty:0.782
comedy:0.77125
light:0.766
hotel:0.74
melancholic:0.735
cynical:0.73
italy:0.721
beautifully filmed:0.686
bittersweet:0.678
dialogue:0.67375
romance:0.67275
imdb top 250:0.63875
talky:0.6385
reflective:0.632
cinematography:0.611
dramatic:0.59125
original:0.5875
foreign:0.57675
drinking:0.5765
whimsical:0.5645
oscar (best actress):0.53825
depression:0.535
runaway:0.5295
unusual plot structure:0.5255
criterion:0.516
chase:0.515
oscar (best directing):0.51225
story:0.508
british:0.49375
parenthood:0.48875
catholicism:0.4885
affectionate:0.4835
clever:0.482
screwball comedy:0.47875
sentimental:0.4735
british comedy:0.47325
feel-good:0.472
romantic:0.467
culture clash:0.46675
brothers:0.462
workplace:0.4605
sweet:0.45475
great:0.45425
childhood:0.435
sexy:0.435
suprisingly clever:0.43475
oscar (best foreign language film):0.4325
mentor:0.42325
movielens top pick:0.42075
italian:0.40825
humorous:0.40175
satirical:0.40175
great ending:0.3995
secrets:0.39725
masterpiece:0.39525
pornography:0.39225
crime gone awry:0.3915
paris:0.384
police investigation:0.37525
afi 100 (laughs):0.3725
catastrophe:0.3665
satire:0.36525
beautiful:0.36375
family:0.36375
funny as hell:0.3635
irreverent:0.362
oscar (best supporting actress):0.36175
beautiful scenery:0.36
suicide attempt:0.359
comic:0.358
touching:0.356
destiny:0.354
fun movie:0.35325
funny:0.3495
bollywood:0.3495
wilderness:0.34775
forceful:0.34575
redemption:0.3415
wine:0.34125
feel good movie:0.341
entirely dialogue:0.34075
unfunny:0.335
grindhouse:0.3345
hilarious:0.329
marriage:0.328
black comedy:0.327
not funny:0.32275
classic:0.32175
adaptation:0.321
solitude:0.32025
great movie:0.3195
great acting:0.317
enigmatic:0.31325
so bad it's funny:0.31075
mafia:0.31075
good dialogue:0.309
