based on a tv show:0.94375
parody:0.92525
alternate reality:0.92125
series:0.919
dragons:0.8615
fantasy world:0.81
spoof:0.80425
funny:0.75025
sci fi:0.7485
original:0.747
franchise:0.74125
great ending:0.73175
animation:0.72625
fantasy:0.69125
made for tv:0.68775
weird:0.676
hilarious:0.6715
clever:0.6425
imagination:0.64225
first contact:0.63425
redemption:0.633
very funny:0.6225
creativity:0.61625
irreverent:0.60575
storytelling:0.593
trilogy:0.589
great:0.57975
cartoon:0.56575
dark:0.554
story:0.549
comedy:0.5305
humorous:0.52925
plot:0.526
unusual plot structure:0.5075
humor:0.50125
life philosophy:0.49975
crude humor:0.4975
dark hero:0.49625
obsession:0.49275
dialogue:0.48875
cerebral:0.48375
alternate universe:0.47
high fantasy:0.468
catastrophe:0.46325
mythology:0.4585
good soundtrack:0.4585
fight scenes:0.45725
scifi:0.455
witty:0.444
unfunny:0.43925
surreal:0.43875
writers:0.438
sarcasm:0.435
mentor:0.43425
affectionate:0.41775
secrets:0.4155
quotable:0.413
social commentary:0.4115
alter ego:0.405
enigmatic:0.4015
visual:0.4005
visually stunning:0.3935
pg-13:0.38225
suprisingly clever:0.379
satire:0.3755
vengeance:0.3755
stylized:0.37125
complex:0.368
crime gone awry:0.366
visually appealing:0.365
great movie:0.36375
destiny:0.3555
melancholic:0.35525
entirely dialogue:0.355
existentialism:0.3475
brutality:0.3445
cool:0.342
underrated:0.337
video game:0.3365
satirical:0.33575
silly:0.33525
adaptation:0.33375
geek:0.3335
nocturnal:0.333
dark humor:0.332
pornography:0.33175
interesting:0.3315
solitude:0.33025
parallel universe:0.32925
transformation:0.3275
talky:0.32475
sexualized violence:0.324
cult classic:0.32325
allegory:0.32225
very interesting:0.322
betrayal:0.32025
future:0.31775
insanity:0.3175
giant robots:0.3175
technology:0.31425
