kids and family:0.955
camp:0.856
original:0.82325
ninja:0.80325
children:0.76275
kids:0.75475
cartoon:0.73575
animation:0.664
predictable:0.6275
family:0.613
childhood:0.57275
dark:0.567
fantasy:0.55675
cute!:0.555
demons:0.542
fantasy world:0.51575
nostalgia:0.513
great ending:0.5105
silly fun:0.49025
fun movie:0.48575
brutality:0.4675
80s:0.46025
magic:0.459
mentor:0.4555
talking animals:0.45375
bad plot:0.452
overrated:0.4345
dialogue:0.42675
fun:0.41125
violence:0.411
catastrophe:0.41025
cute:0.40375
storytelling:0.39025
destiny:0.38975
weird:0.389
nocturnal:0.3815
redemption:0.38
sentimental:0.37975
franchise:0.376
nostalgic:0.365
happy ending:0.3645
great:0.36375
goofy:0.363
cult film:0.3625
first contact:0.362
fight scenes:0.35875
colourful:0.357
story:0.35575
quirky:0.3545
good music:0.35125
light:0.35075
good soundtrack:0.3475
not funny:0.34675
devil:0.34025
good:0.339
friendship:0.3365
unlikely friendships:0.32575
slapstick:0.32325
bad:0.32075
melancholic:0.32
pointless:0.319
adaptation:0.31525
scary:0.30525
entirely dialogue:0.30425
pornography:0.30225
runaway:0.29725
feel-good:0.29625
corny:0.295
teen movie:0.293
stupid as hell:0.2895
dreamlike:0.28575
narrated:0.2855
writers:0.2825
unusual plot structure:0.2825
lone hero:0.282
multiple storylines:0.28125
based on a book:0.2795
pulp:0.27875
sci fi:0.276
surreal:0.2715
feel good movie:0.27
visually appealing:0.26725
animals:0.26625
whimsical:0.26425
stylized:0.2625
violent:0.26175
natural disaster:0.25925
idiotic:0.258
bullying:0.257
alternate reality:0.256
sweet:0.25525
transformation:0.2545
tear jerker:0.253
vengeance:0.25275
computer animation:0.25175
splatter:0.2515
crude humor:0.2475
emotional:0.24725
shallow:0.247
toys:0.246
