coen bros:0.929
weird:0.9015
eccentricity:0.7985
writers:0.76975
sci fi:0.766
quirky:0.7455
original:0.73725
science fiction:0.70525
scifi:0.66575
sci-fi:0.63975
absurd:0.63175
off-beat comedy:0.629
sarcasm:0.60875
catastrophe:0.541
so bad it's funny:0.531
surreal:0.5195
pulp:0.51925
stupidity:0.4955
pornography:0.471
satirical:0.43925
brainwashing:0.43725
fantasy:0.43275
writing:0.42725
low budget:0.42225
mentor:0.42125
geeks:0.4185
small town:0.41425
life philosophy:0.4075
fantasy world:0.404
cult classic:0.3945
creativity:0.393
stupid:0.37225
stupid as hell:0.37
parody:0.357
suprisingly clever:0.357
great ending:0.353
brutality:0.35
bizarre:0.3485
good soundtrack:0.3415
comedy:0.3375
weed:0.33475
storytelling:0.3345
satire:0.3335
surveillance:0.32325
dialogue:0.3225
entirely dialogue:0.32075
life & death:0.32
slapstick:0.31875
story:0.31875
melancholic:0.318
geek:0.307
spoof:0.3045
humorous:0.29175
overrated:0.29075
pointless:0.28075
nerds:0.28075
hilarious:0.27925
quotable:0.27875
silly:0.2765
criterion:0.275
silly fun:0.27275
predictable:0.272
inspirational:0.26825
macabre:0.26675
idiotic:0.26125
crude humor:0.25925
adaptation:0.25525
bad acting:0.24975
dysfunctional family:0.24725
bad plot:0.2385
surrealism:0.22925
very funny:0.22875
indie:0.22775
farce:0.2265
unusual plot structure:0.22625
pg-13:0.2225
lone hero:0.22225
independent film:0.22075
cult film:0.21925
funniest movies:0.21775
special effects:0.21775
enigmatic:0.217
natural disaster:0.21575
gangsters:0.2155
unlikely friendships:0.21475
first contact:0.21425
ridiculous:0.21225
runaway:0.211
teen movie:0.20925
grindhouse:0.209
graphic design:0.20825
clones:0.20425
weapons:0.2035
crazy:0.203
good dialogue:0.2
adolescence:0.19725
awful:0.19675
culture clash:0.1965
solitude:0.19175
paranoid:0.191
