imdb top 250:0.99075
masterpiece:0.98775
enigmatic:0.94125
afi 100:0.9145
cinematography:0.9135
black and white:0.90875
amazing cinematography:0.90325
classic:0.90125
storytelling:0.891
criterion:0.8855
story:0.875
oscar (best directing):0.87275
talky:0.85175
character study:0.85
great movie:0.8485
great acting:0.8465
visual:0.831
great:0.81075
non-linear:0.80325
loneliness:0.7955
melancholy:0.788
afi 100 (movie quotes):0.78125
original:0.7775
dialogue:0.777
highly quotable:0.76475
drama:0.75625
quotable:0.7375
childhood:0.728
greed:0.72525
melancholic:0.72225
visually appealing:0.722
cerebral:0.7205
oscar (best writing - screenplay written directly for the screen):0.7125
life & death:0.70525
biopic:0.69525
social commentary:0.69475
obsession:0.692
biography:0.6865
great cinematography:0.68475
atmospheric:0.68225
great ending:0.682
narrated:0.68025
oscar (best actress):0.67875
reflective:0.67875
oscar (best picture):0.67675
oscar (best actor):0.65675
artistic:0.65575
golden palm:0.6545
mentor:0.651
breathtaking:0.6485
intellectual:0.6475
excellent script:0.6415
visually stunning:0.63725
interesting:0.62275
ironic:0.61425
good acting:0.60425
existentialism:0.591
perfect:0.58225
philosophy:0.5795
life philosophy:0.5765
art:0.575
suprisingly clever:0.56825
clever:0.568
beautifully filmed:0.56775
cult classic:0.562
weird:0.55775
genius:0.54625
light:0.538
amazing photography:0.53125
oscar (best supporting actress):0.52975
photography:0.52775
good soundtrack:0.52625
oscar (best cinematography):0.52125
transformation:0.5205
twists & turns:0.51975
thought-provoking:0.5185
exceptional acting:0.5085
witty:0.5065
philosophical:0.5055
unusual plot structure:0.5005
idealism:0.49825
creativity:0.49775
great dialogue:0.49725
meditative:0.492
adapted from:book:0.49
stylized:0.48525
biographical:0.48225
allegory:0.481
complex:0.4785
stunning:0.4785
redemption:0.47625
runaway:0.475
poignant:0.475
dramatic:0.47325
suspense:0.47225
rags to riches:0.47075
bleak:0.46725
nonlinear:0.465
oscar (best supporting actor):0.46225
cult film:0.4615
