romantic:0.95525
homeless:0.93975
love story:0.91725
obsession:0.91625
enigmatic:0.91
nudity (full frontal - notable):0.90625
visually stunning:0.86425
relationships:0.83825
criterion:0.82575
paris:0.819
intimate:0.8175
stunning:0.811
passionate:0.8065
pornography:0.779
melancholic:0.77725
romance:0.776
cinematography:0.7685
love:0.7635
artistic:0.7565
surreal:0.74675
dark fantasy:0.716
original:0.70475
breathtaking:0.68275
magic realism:0.67575
loneliness:0.63675
meditative:0.62775
visual:0.61375
art:0.6085
male nudity:0.60575
artist:0.59725
beautifully filmed:0.58975
melancholy:0.58825
nocturnal:0.587
french:0.58325
bittersweet:0.58275
unusual plot structure:0.5785
harsh:0.57825
art house:0.57575
brutality:0.56975
surrealism:0.55425
stylized:0.545
visually appealing:0.545
golden palm:0.54325
life philosophy:0.53525
weird:0.53425
beautiful scenery:0.5195
talky:0.49775
light:0.497
multiple storylines:0.4775
poetry:0.4775
good soundtrack:0.47175
grindhouse:0.47025
ironic:0.4635
dialogue:0.4545
nonlinear:0.4505
storytelling:0.449
nudity (full frontal):0.4485
reflective:0.44425
pretentious:0.44275
photography:0.4425
happy ending:0.441
erotic:0.43925
catastrophe:0.43575
dreamlike:0.43225
suprisingly clever:0.43175
entirely dialogue:0.43175
runaway:0.429
death:0.4265
beautiful:0.42525
great ending:0.42225
allegory:0.4205
sexualized violence:0.41675
life & death:0.4015
mental illness:0.39425
wine:0.393
culture clash:0.3915
nudity (topless - notable):0.3915
gritty:0.391
not funny:0.38625
tokyo:0.38075
cult film:0.38
mentor:0.37925
redemption:0.3755
addiction:0.36375
atmospheric:0.3595
social commentary:0.3515
dreams:0.35025
existentialism:0.35025
intense:0.347
cerebral:0.339
whimsical:0.336
emotional:0.333
insanity:0.332
dark:0.33
hotel:0.327
depression:0.32575
adultery:0.32275
downbeat:0.31725
colourful:0.3155
disturbing:0.31475
