family bonds:0.96225
anime:0.9455
family drama:0.8815
japan:0.879
animation:0.87175
japanese:0.865
cyberpunk:0.809
original:0.7925
tokyo:0.77625
family:0.76775
technology:0.742
vengeance:0.7305
visually appealing:0.704
heartwarming:0.6755
drama:0.672
storytelling:0.67175
virtual reality:0.671
affectionate:0.6635
alone in the world:0.66125
action:0.632
dysfunctional family:0.6305
weird:0.615
animated:0.58625
criterion:0.5845
social commentary:0.584
great:0.56775
dark hero:0.566
visual:0.563
sci-fi:0.56075
story:0.55525
catastrophe:0.55275
good soundtrack:0.54275
culture clash:0.54125
transformation:0.5315
fight scenes:0.5285
life philosophy:0.52625
complex:0.52575
internet:0.5235
poignant:0.52275
good:0.50525
fantasy world:0.50275
secrets:0.49
enigmatic:0.471
quirky:0.4685
runaway:0.46625
idealism:0.46375
end of the world:0.462
fast paced:0.458
nocturnal:0.4535
intimate:0.4515
suprisingly clever:0.4475
visually stunning:0.4445
colourful:0.439
alter ego:0.435
dialogue:0.43375
masterpiece:0.42925
animal movie:0.424
virus:0.4205
obsession:0.417
melancholic:0.417
good acting:0.41125
justice:0.4105
sexualized violence:0.4095
relationships:0.40825
stylized:0.408
chase:0.40525
police investigation:0.40375
great ending:0.39975
mentor:0.39875
weapons:0.398
unlikely friendships:0.3925
movielens top pick:0.389
character study:0.385
forceful:0.385
classic car:0.382
humorous:0.38075
cute:0.37975
original plot:0.379
whimsical:0.37825
beautiful scenery:0.37775
arms dealer:0.3755
unusual plot structure:0.3755
twists & turns:0.375
brothers:0.37275
imdb top 250:0.36825
very good:0.36775
moral ambiguity:0.3655
brutality:0.36175
feel-good:0.3615
interesting:0.36075
violent:0.3605
clever:0.36025
not funny:0.36
plot:0.3545
dystopic future:0.35325
allegory:0.35175
computers:0.3505
light:0.3445
excellent script:0.34375
author:neil gaiman:0.34325
