witch:0.996
witches:0.99425
adapted from:book:0.91875
children:0.91475
based on book:0.9125
based on a book:0.89475
fantasy:0.87825
fantasy world:0.87575
childhood:0.8715
dark fantasy:0.83675
dark:0.82575
roald dahl:0.81625
original:0.814
books:0.7935
adaptation:0.76775
magic:0.74875
good:0.74225
supernatural:0.72975
chocolate:0.7285
adventure:0.719
family:0.71825
kids:0.69025
imagination:0.684
hotel:0.67625
wizards:0.64475
fairy tale:0.631
runaway:0.62675
storytelling:0.61875
book:0.61475
silly fun:0.60675
fun movie:0.60075
light:0.56625
very good:0.55675
creepy:0.5495
parenthood:0.533
story:0.51675
great ending:0.51625
frightening:0.50675
weird:0.50625
kids and family:0.50075
goth:0.48575
scary:0.4735
fun:0.46975
classic:0.46625
allegory:0.46425
distopia:0.4615
enigmatic:0.4605
great:0.46
book was better:0.45875
england:0.45825
disturbing:0.44425
creativity:0.444
dialogue:0.4375
great movie:0.42
mentor:0.417
nocturnal:0.41625
secrets:0.41225
entertaining:0.41175
intense:0.40075
good versus evil:0.398
good soundtrack:0.39575
alter ego:0.393
vengeance:0.38875
special effects:0.38725
greed:0.3845
catastrophe:0.38275
criterion:0.38025
fairy tales:0.37975
suspense:0.37725
whimsical:0.37475
chase:0.3735
holiday:0.37275
downbeat:0.3695
unusual plot structure:0.36475
happy ending:0.364
satirical:0.3635
excellent:0.363
bullying:0.359
atmospheric:0.3555
puppets:0.355
visual:0.352
not funny:0.35175
good acting:0.3515
pg-13:0.35125
oscar (best effects - visual effects):0.351
clever:0.35
gothic:0.349
police investigation:0.34475
halloween:0.342
talky:0.342
culture clash:0.33875
stylized:0.334
death:0.33275
brutality:0.33225
cute:0.32925
dark hero:0.32475
destiny:0.32475
cute!:0.32375
humorous:0.321
melancholic:0.3205
