utopia:0.93925
1950s:0.891
original:0.8895
alternate reality:0.84275
social commentary:0.8305
coming of age:0.83
race issues:0.826
segregation:0.8205
visually stunning:0.81425
censorship:0.814
life philosophy:0.80775
allegory:0.79875
fantasy:0.782
alone in the world:0.7775
affectionate:0.774
adultery:0.77275
black and white:0.76025
thought-provoking:0.75875
television:0.7545
fantasy world:0.7465
mother-son relationship:0.74175
pg-13:0.7335
storytelling:0.7325
surreal:0.725
cerebral:0.72275
touching:0.72175
satirical:0.7165
philosophy:0.71225
satire:0.70625
clever:0.6985
good soundtrack:0.691
destiny:0.68925
visually appealing:0.68875
interesting:0.6845
small town:0.677
feel-good:0.67375
good:0.67075
pornography:0.66925
stylized:0.66375
weird:0.65975
parallel universe:0.65475
life:0.65225
existentialism:0.6495
great ending:0.639
great acting:0.637
reflective:0.6335
very interesting:0.6315
suburbia:0.61775
colourful:0.60925
narrated:0.59725
story:0.59675
heartwarming:0.59625
idealism:0.5905
complex:0.58275
prejudice:0.575
feel good movie:0.57075
poignant:0.5595
political:0.549
original plot:0.549
literature:0.548
culture clash:0.54725
childhood:0.54475
imdb top 250:0.54425
mentor:0.54375
creativity:0.5425
gay character:0.539
intellectual:0.535
light:0.51925
honest:0.51625
visual:0.513
great:0.51225
catastrophe:0.508
adapted from:book:0.508
plot holes:0.5065
witty:0.5045
whimsical:0.499
redemption:0.497
nostalgic:0.496
dialogue:0.49325
fascism:0.4905
passionate:0.4815
runaway:0.47975
good acting:0.47625
depression:0.47525
very good:0.46925
time travel:0.468
artistic:0.46625
cinematography:0.464
distopia:0.46375
based on book:0.46
drama:0.4595
bad ending:0.45825
oscar:0.4565
excellent script:0.454
teen:0.45075
writers:0.45025
life & death:0.4495
sexualized violence:0.448
loneliness:0.44675
corruption:0.44425
