ghosts/afterlife:1.0
death:0.99325
life & death:0.9785
love story:0.869
destiny:0.817
romantic:0.8085
romance:0.76475
father daughter relationship:0.745
love:0.7285
original:0.706
great ending:0.705
long:0.68675
too long:0.67025
afterlife:0.64675
mentor:0.64075
terminal illness:0.6335
life philosophy:0.6325
time:0.62675
dialogue:0.62425
first contact:0.6075
beautiful scenery:0.58975
sentimental:0.58675
catastrophe:0.586
chick flick:0.565
great:0.551
good:0.54625
happy ending:0.54475
supernatural:0.5445
touching:0.52625
pg-13:0.52125
solitude:0.52025
relationships:0.51325
bittersweet:0.50575
irish accent:0.505
existentialism:0.50325
emotional:0.501
plot:0.5
romantic comedy:0.4955
story:0.49475
great acting:0.49425
predictable:0.48925
feel-good:0.486
interesting:0.48225
life:0.46975
passionate:0.467
cancer:0.46625
immortality:0.46075
bad ending:0.45625
feel good movie:0.4465
melancholic:0.44575
beautifully filmed:0.44275
storytelling:0.4365
transformation:0.43475
enigmatic:0.43225
natural disaster:0.42925
big budget:0.428
sappy:0.4265
good romantic comedies:0.426
humanity:0.42075
intense:0.41875
drama:0.4155
culture clash:0.413
thought-provoking:0.4025
holiday:0.40025
cinematography:0.4
very interesting:0.395
dynamic cgi action:0.3905
philosophical:0.38375
reflective:0.3835
great movie:0.3825
excellent script:0.37725
good acting:0.37675
sacrifice:0.3765
doctors:0.37125
entirely dialogue:0.3675
sad but good:0.36425
hospital:0.362
loneliness:0.36025
shopping:0.36
tear jerker:0.3585
betrayal:0.35525
survival:0.34825
dramatic:0.3475
redemption:0.34325
greed:0.34075
underrated:0.33725
visually stunning:0.33575
good soundtrack:0.33275
special effects:0.33225
cheating:0.33025
excellent:0.32775
vengeance:0.32475
boring!:0.323
meditative:0.3225
justice:0.31975
sweet:0.31825
oscar:0.318
not funny:0.3175
technology:0.31325
fantasy:0.30675
