road movie:0.9445
hospital:0.9205
mentor:0.81425
cancer:0.79825
life & death:0.77775
harsh:0.7395
original:0.7075
doctors:0.68125
nudity (full frontal - notable):0.66325
sacrifice:0.63025
insanity:0.6135
first contact:0.59125
brutality:0.58525
cerebral:0.5835
so bad it's funny:0.578
enigmatic:0.57575
road trip:0.55925
great ending:0.522
justice:0.502
existentialism:0.50075
psychiatry:0.5005
pornography:0.498
great movie:0.49475
indians:0.4805
male nudity:0.47875
runaway:0.47675
kidnapping:0.47525
life philosophy:0.47225
good soundtrack:0.47125
surveillance:0.46775
nudity (rear):0.46525
dialogue:0.45225
great:0.452
mad scientist:0.44125
gangsters:0.438
stunning:0.43175
corruption:0.42
parallel universe:0.41825
catastrophe:0.41325
adaptation:0.41175
enormously long battle scene:0.41025
emotional:0.408
criterion:0.40775
complex:0.405
desert:0.40275
obsession:0.398
classic car:0.397
story:0.39425
assassination:0.39375
predictable:0.3935
melancholic:0.39225
police corruption:0.39175
storytelling:0.38675
plot twist:0.3865
terminal illness:0.38575
exceptional acting:0.38225
cinematography:0.381
thought-provoking:0.3735
radio:0.37075
sexualized violence:0.3675
culture clash:0.362
redemption:0.356
destiny:0.35475
touching:0.348
crime gone awry:0.34775
nudity (topless - brief):0.34625
guilt:0.3455
graphic design:0.34475
good:0.3415
entirely dialogue:0.34125
oscar (best directing):0.341
irish accent:0.33825
bullying:0.338
writers:0.33675
gunfight:0.32975
tricky:0.32925
ironic:0.329
twists & turns:0.3105
paranoia:0.3075
stylish:0.30575
not funny:0.304
stoner movie:0.30325
homeless:0.29975
murder:0.2985
quirky:0.29825
unusual plot structure:0.29575
interesting:0.29325
technology:0.2915
dramatic:0.291
utopia:0.2905
nudity (topless - notable):0.2905
reality tv:0.2895
tragedy:0.2885
eccentricity:0.287
fighting the system:0.286
allegory:0.28575
police investigation:0.28325
excellent script:0.28275
weapons:0.28125
gangster:0.2805
