action:0.98075
arnold:0.9805
good action:0.91575
explosions:0.9085
terrorism:0.814
predictable:0.748
jungle:0.7375
fight scenes:0.71975
revenge:0.70575
action packed:0.7
original:0.68225
vengeance:0.677
tom clancy:0.6765
bad plot:0.6645
realistic action:0.632
big budget:0.61825
weapons:0.591
twist ending:0.57475
bad acting:0.568
guns:0.556
cyborgs:0.53825
great ending:0.52675
catastrophe:0.525
so bad it's funny:0.4985
lone hero:0.49375
mentor:0.491
twists & turns:0.488
chase:0.4865
bombs:0.479
family:0.46875
car chase:0.44775
cia:0.44625
fast paced:0.44
violence:0.43825
special effects:0.437
cloning:0.433
pg-13:0.4315
natural disaster:0.42425
entertaining:0.414
vigilante:0.41275
justice:0.4065
brutality:0.40525
good:0.405
dialogue:0.392
silly:0.391
not funny:0.38525
fun movie:0.38325
bad cgi:0.37025
stupid:0.36775
first contact:0.3505
los angeles:0.3495
fighting:0.34875
franchise:0.3475
bad:0.3395
story:0.3395
sci fi:0.33725
disaster:0.33675
horrible:0.332
life philosophy:0.3245
fantasy world:0.319
arms dealer:0.316
unrealistic:0.31525
destiny:0.31525
betrayal:0.3065
clones:0.3035
suspense:0.30025
adventure:0.2995
better than expected:0.29875
great:0.29625
fbi:0.29425
family drama:0.2925
snakes:0.287
redemption:0.2865
unfunny:0.2785
overrated:0.27725
multiple storylines:0.2745
plot holes:0.2735
storytelling:0.2725
ridiculous:0.27175
silly fun:0.27075
happy ending:0.26825
intense:0.26775
lame:0.26575
fantasy:0.2645
runaway:0.26375
dysfunctional family:0.26325
pornography:0.263
pulp:0.2625
slapstick:0.26175
plot twist:0.2615
stereotypes:0.256
culture clash:0.2545
adaptation:0.25275
violent:0.25025
entirely dialogue:0.24725
death:0.24725
corruption:0.247
cool:0.247
plot:0.245
exciting:0.24125
