devil:0.9085
supernatural:0.88975
bad ending:0.848
original:0.80175
great ending:0.77975
first contact:0.7755
amazing cinematography:0.7605
cinematography:0.75875
predictable:0.75375
horror:0.748
suspense:0.73175
end of the world:0.7275
bad plot:0.69625
pointless:0.69425
visually stunning:0.69075
visual:0.6845
twist:0.681
horrible:0.67825
demons:0.6615
so bad it's funny:0.6585
destiny:0.65425
weird:0.6325
mindfuck:0.598
dark:0.59575
twist ending:0.59525
scary:0.5915
plot holes:0.58025
special effects:0.579
catastrophe:0.56125
lame:0.55975
twists & turns:0.531
story:0.52825
creepy:0.5275
storytelling:0.517
police investigation:0.51525
shallow:0.51225
psychological:0.50825
ominous:0.5025
fantasy world:0.49775
mentor:0.489
visuals:0.48425
bad cgi:0.47175
existentialism:0.4715
nocturnal:0.46075
good versus evil:0.45625
serial killer:0.456
overrated:0.455
plot:0.45475
dialogue:0.45425
downbeat:0.4465
dreamlike:0.44475
god:0.44325
good:0.44225
bad:0.428
redemption:0.421
visually appealing:0.421
murder:0.42025
happy ending:0.41725
writers:0.415
stylized:0.41375
religion:0.41275
watch the credits:0.41275
natural disaster:0.4125
sexualized violence:0.41225
intense:0.4025
brutality:0.3995
alternate reality:0.39825
suspenseful:0.3945
confusing:0.39075
good soundtrack:0.39
mental illness:0.383
surprise ending:0.37725
great acting:0.376
fight scenes:0.37425
plot twist:0.37375
allegory:0.37325
life philosophy:0.37275
pg-13:0.37225
not funny:0.372
psychology:0.3705
great:0.36925
sci fi:0.368
dark fantasy:0.359
adaptation:0.35875
violence:0.35725
bad script:0.356
death:0.355
disaster:0.3545
mystery:0.35175
cult film:0.34975
nudity (topless - notable):0.34975
exceptional acting:0.34775
stupid:0.34475
bad acting:0.343
imdb top 250:0.342
biblical:0.34125
light:0.341
clever:0.341
family:0.33875
insanity:0.337
