nazis:0.977
criterion:0.97225
camp:0.954
fascism:0.93275
nazi:0.91075
sexual:0.8905
nudity (full frontal - notable):0.8855
vienna:0.88475
controversial:0.875
obsession:0.87175
relationships:0.849
surreal:0.84775
art house:0.82575
erotic:0.8215
love story:0.80825
disturbing:0.80425
holocaust:0.78475
hotel:0.772
pornography:0.766
nudity (full frontal):0.7515
original:0.7505
sexuality:0.75025
sexy:0.73575
wartime:0.7345
psychological:0.734
bleak:0.70675
sexual abuse:0.67
enigmatic:0.66525
intimate:0.66375
jews:0.6615
guilt:0.648
cinematography:0.63525
very interesting:0.62975
passionate:0.62925
world war ii:0.6185
brutality:0.60575
complex:0.58575
male nudity:0.565
reflective:0.5625
intense:0.562
weird:0.54175
bdsm:0.53425
sex:0.5195
melancholic:0.51175
dreamlike:0.50975
talky:0.509
secrets:0.50875
survival:0.498
harsh:0.47
psychology:0.46875
dialogue:0.468
wwii:0.45825
loneliness:0.4465
sexualized violence:0.4385
golden palm:0.42475
catastrophe:0.4205
entirely dialogue:0.4105
downbeat:0.40975
art:0.40525
culture clash:0.40025
berlin:0.39625
romantic:0.39325
politics:0.38625
mentor:0.38125
beautiful scenery:0.37575
mozart:0.3705
insanity:0.366
incest:0.36575
1970s:0.36425
betrayal:0.3605
atmospheric:0.35525
surrealism:0.35175
not funny:0.34525
nudity (topless - notable):0.34475
romance:0.34375
great ending:0.33925
torture:0.339
cult classic:0.339
german:0.33825
drama:0.33775
visually appealing:0.3355
suprisingly clever:0.335
transformation:0.33225
oscar (best foreign language film):0.33175
multiple storylines:0.32875
life philosophy:0.3285
storytelling:0.32625
death:0.324
identity:0.3205
good soundtrack:0.3185
stylized:0.31775
oscar (best actress):0.316
artistic:0.31575
spying:0.31275
tokyo:0.3125
moral ambiguity:0.311
allegory:0.30775
police investigation:0.305
powerful ending:0.304
moody:0.29875
