special effects:0.947
alien:0.9035
monster:0.8675
monsters:0.83075
tokyo:0.79575
original:0.783
franchise:0.7795
big budget:0.7505
dialogue:0.6995
effects:0.69175
aliens:0.68225
so bad it's funny:0.67225
bad plot:0.658
clones:0.655
better than the american version:0.6545
weapons:0.65025
alternate reality:0.645
predictable:0.636
futuristic:0.63125
dynamic cgi action:0.6225
first contact:0.5895
computer animation:0.5655
camp:0.5625
sci fi:0.5505
science fiction:0.5385
cgi:0.53575
space:0.532
silly:0.5275
dinosaurs:0.5185
scifi:0.51025
fight scenes:0.51
transformation:0.5025
campy:0.50225
bad acting:0.4985
great ending:0.4865
cool:0.484
mutants:0.4795
action:0.47925
story:0.4775
android(s)/cyborg(s):0.473
superheroes:0.46425
disaster:0.46425
bad cgi:0.45975
island:0.4535
pointless:0.45275
fun movie:0.4525
corny:0.449
fun:0.43425
mentor:0.434
natural disaster:0.434
catastrophe:0.4325
cheesy:0.43125
series:0.43075
giant robots:0.42875
pg-13:0.426
storytelling:0.4145
cloning:0.40675
fantasy world:0.4035
adventure:0.40175
nostalgic:0.39925
fighting:0.39475
super hero:0.39
great:0.389
entirely dialogue:0.37825
fantasy:0.37675
brutality:0.37
alien invasion:0.3685
adaptation:0.36175
mad scientist:0.3595
sci-fi:0.3575
mythology:0.35375
not funny:0.35375
family:0.34825
suspense:0.345
technology:0.3435
stylized:0.3425
existentialism:0.341
visual:0.3275
apocalypse:0.3255
exciting:0.321
japan:0.3115
overrated:0.3095
crappy sequel:0.29925
childhood:0.298
silly fun:0.2955
runaway:0.29425
horrible:0.29425
redemption:0.294
adapted from:comic:0.29375
plot holes:0.29325
grindhouse:0.28475
slapstick:0.283
nocturnal:0.282
allegory:0.282
sequel:0.28075
cult film:0.279
reflective:0.27425
80s:0.27275
melancholic:0.27075
light:0.267
