horror:0.90525
monster:0.852
monsters:0.75875
original:0.739
splatter:0.727
animals:0.673
special effects:0.66825
predictable:0.639
bad plot:0.6245
fun movie:0.614
cult classic:0.61075
80s:0.60775
campy:0.546
creepy:0.53725
great ending:0.51775
satirical:0.5135
scary:0.51025
effects:0.50825
dialogue:0.503
goofy:0.48425
so bad it's funny:0.47675
cult film:0.474
rats:0.46325
sci fi:0.4615
death:0.45725
fun:0.45275
mad scientist:0.451
low budget:0.446
bloody:0.4435
gory:0.44225
brutality:0.4385
silly fun:0.43575
violence:0.4325
great:0.428
hunting:0.42125
cheesy:0.42
demons:0.41875
weapons:0.41575
unusual plot structure:0.41125
good:0.4065
based on a book:0.4055
fantasy world:0.4045
goretastic:0.403
mentor:0.40275
suspense:0.39575
detective:0.39025
catastrophe:0.38575
quirky:0.37925
gruesome:0.37625
overrated:0.37125
silly:0.371
transformation:0.37025
sci-fi:0.36575
adaptation:0.365
violent:0.35875
1980s:0.35775
storytelling:0.355
story:0.355
spiders:0.3525
grindhouse:0.351
entirely dialogue:0.35
melancholic:0.3475
police investigation:0.346
slapstick:0.34425
bad acting:0.34225
family:0.33875
teens:0.3375
first contact:0.33175
chase:0.33075
runaway:0.329
imdb top 250:0.323
writers:0.32225
stylized:0.322
good soundtrack:0.32075
not funny:0.3165
blood:0.312
entertaining:0.30925
fight scenes:0.3085
criterion:0.30775
vengeance:0.30375
light:0.303
justice:0.29875
lone hero:0.2985
harsh:0.29725
based on book:0.29225
cult:0.291
scifi:0.288
snakes:0.28775
cinematography:0.28525
absurd:0.2835
investigation:0.28175
corruption:0.2795
humorous:0.277
nocturnal:0.27575
multiple storylines:0.27325
twists & turns:0.27025
very funny:0.26875
redemption:0.26825
sexualized violence:0.26775
disaster:0.266
