chick flick:0.966
girlie movie:0.94825
women:0.9445
cheating:0.93175
comedy:0.90925
romantic comedy:0.88825
funny:0.82525
teen movie:0.751
so bad it's funny:0.6845
predictable:0.65325
dumb:0.64225
silly:0.63975
revenge:0.61925
pg-13:0.6025
betrayal:0.5895
original:0.57425
ridiculous:0.56475
catastrophe:0.559
horrible:0.52375
divorce:0.5145
shopping:0.49825
better than expected:0.49325
romantic:0.48375
teen:0.4805
very funny:0.46625
sexy:0.45675
bad acting:0.4535
unfunny:0.45075
crude humor:0.44375
bad plot:0.42075
lawyer:0.41825
dumb but funny:0.4095
dialogue:0.40775
happy ending:0.3925
unrealistic:0.39075
mentor:0.387
romance:0.38575
idiotic:0.383
culture clash:0.382
vengeance:0.37225
stereotypes:0.3615
feel-good:0.354
relationships:0.3525
spying:0.349
adultery:0.3485
marriage:0.34575
slapstick:0.33825
not funny:0.33075
absurd:0.3305
lawyers:0.3265
hilarious:0.322
plot:0.31575
police investigation:0.29575
fantasy world:0.29375
suprisingly clever:0.293
great ending:0.2925
fun movie:0.28975
teens:0.28675
high school:0.2845
lame:0.282
cute:0.27925
bad script:0.26775
unlikely friendships:0.2675
chase:0.26625
new york:0.262
natural disaster:0.262
infidelity:0.25875
switching places:0.25525
stupid:0.25
shallow:0.24775
feel good movie:0.247
first contact:0.24675
destiny:0.2465
overrated:0.235
workplace:0.23125
lone hero:0.2295
storytelling:0.2275
vampire human love:0.2245
great:0.2235
father daughter relationship:0.2225
plot holes:0.21925
pointless:0.219
runaway:0.215
no plot:0.214
fashion:0.213
entertaining:0.21225
good soundtrack:0.21225
farce:0.20925
friendship:0.209
life philosophy:0.20725
drinking:0.20475
wedding:0.204
entirely dialogue:0.2035
stupidity:0.20325
pornography:0.20125
good:0.19875
bad cgi:0.1935
transformation:0.19325
greed:0.19325
adaptation:0.18875
