violence:0.987
oscar (best supporting actor):0.9865
violent:0.981
gratuitous violence:0.978
slavery:0.97225
imdb top 250:0.971
bloody:0.96875
gunfight:0.968
nudity (full frontal - brief):0.9615
vengeance:0.961
brutal:0.95825
great acting:0.95625
brutality:0.93725
good soundtrack:0.93325
social commentary:0.92775
revenge:0.92025
splatter:0.90875
oscar:0.8975
visceral:0.893
good acting:0.8875
race issues:0.8785
tense:0.8695
long:0.86075
dark humor:0.8605
action:0.8595
dialogue:0.85875
mentor:0.85825
original:0.85725
stylish:0.85525
tarantino:0.85
western:0.84725
blood:0.846
great dialogue:0.84425
storytelling:0.84325
excellent script:0.83275
intense:0.8305
oscar (best directing):0.82775
suspense:0.82075
gory:0.818
visually appealing:0.815
stylized:0.81425
interesting:0.8135
masterpiece:0.8135
moral ambiguity:0.81175
redemption:0.80475
drama:0.794
plot:0.77375
great ending:0.75875
foul language:0.75425
great movie:0.752
clever:0.751
spaghetti western:0.75025
twists & turns:0.7465
entertaining:0.74525
movielens top pick:0.74025
pulp:0.74025
talky:0.73725
quotable:0.7255
oscar (best picture):0.72275
unusual plot structure:0.7155
good:0.7045
justice:0.704
cinematography:0.70125
civil war:0.69875
cult classic:0.6975
cool:0.69675
epic:0.6955
runaway:0.6915
fast paced:0.68775
corruption:0.68625
hitman:0.67825
racism:0.67775
love:0.67575
great soundtrack:0.67425
hit men:0.6725
murder:0.6725
good dialogue:0.6675
action packed:0.666
dark hero:0.663
complex:0.65875
great:0.65875
witty:0.6545
historical:0.652
highly quotable:0.651
scenic:0.64675
oscar (best writing - screenplay written directly for the screen):0.6415
segregation:0.63925
entirely dialogue:0.63625
harsh:0.63575
oscar (best cinematography):0.63375
awesome soundtrack:0.628
crime gone awry:0.626
torture:0.62325
plot twist:0.61375
greed:0.6115
narrated:0.61125
guns:0.60775
assassination:0.6035
oscar winner:0.6
over the top:0.59875
