political:0.97575
world politics:0.9515
comedy:0.91625
satirical:0.883
satire:0.8745
funny:0.86525
hilarious:0.86475
humorous:0.85825
assassination:0.85
revolution:0.84925
absurd:0.83825
humor:0.79325
original:0.78075
politics:0.75425
very funny:0.737
screwball:0.702
pornography:0.69725
rebellion:0.697
slapstick:0.68775
silly:0.6765
talky:0.67575
irreverent:0.66125
criterion:0.65375
witty:0.65125
social commentary:0.64875
foreign:0.64575
dialogue:0.60175
surreal:0.60125
goofy:0.60025
spoof:0.57775
quotable:0.57025
intellectual:0.56975
great:0.569
afi 100 (laughs):0.55925
culture clash:0.55325
suprisingly clever:0.544
parody:0.5415
narrated:0.539
funniest movies:0.537
assassin:0.53375
workplace:0.532
storytelling:0.53025
classic:0.5245
clever:0.52075
idealism:0.52
farce:0.5185
imdb top 250:0.5005
oscar (best actress):0.49375
runaway:0.493
screwball comedy:0.48825
adaptation:0.47625
mentor:0.47325
oscar (best directing):0.465
golden palm:0.4495
great ending:0.44925
adapted from:book:0.44575
affectionate:0.445
great movie:0.44475
biting:0.441
highly quotable:0.43375
relationships:0.43025
beautiful scenery:0.42825
unfunny:0.42575
obsession:0.42075
masterpiece:0.418
black comedy:0.4125
good soundtrack:0.40875
story:0.40875
visually appealing:0.4085
ironic:0.4055
artistic:0.404
unusual plot structure:0.40125
brutality:0.4
catastrophe:0.39875
president:0.3945
corruption:0.392
sarcasm:0.39025
off-beat comedy:0.387
comic:0.38625
funny as hell:0.37725
stand-up comedy:0.37675
stylized:0.3755
silent:0.3745
deadpan:0.36925
cult classic:0.367
interesting:0.36525
love:0.36475
movielens top pick:0.36125
quirky:0.361
insanity:0.36
nudity (full frontal - brief):0.3585
oscar (best supporting actress):0.3585
weird:0.356
chase:0.352
enigmatic:0.35125
life philosophy:0.35025
melancholic:0.34875
entirely dialogue:0.3485
new york:0.34575
forceful:0.345
