vampires:0.989
action:0.967
dark fantasy:0.95175
vampire:0.946
fantasy:0.921
pg-13:0.898
special effects:0.892
big budget:0.88875
fight scenes:0.8805
mythology:0.8785
story:0.8665
modern fantasy:0.84925
supernatural:0.796
history:0.79525
superheroes:0.79375
sacrifice:0.792
visually appealing:0.77975
super hero:0.7645
fairy tale:0.7485
good versus evil:0.735
original:0.73475
good action:0.72975
plot holes:0.728
superhero:0.71425
islam:0.71
monsters:0.7035
nocturnal:0.7005
medieval:0.6875
super-hero:0.67875
franchise:0.6745
immortality:0.67275
blood:0.66675
fighting:0.6645
predictable:0.65375
fantasy world:0.649
visually stunning:0.64225
based on a book:0.63225
dialogue:0.63125
historical:0.63125
war:0.62475
action packed:0.62125
monster:0.618
transformation:0.61325
effects:0.61225
cgi:0.6065
dynamic cgi action:0.6055
teleportation:0.60025
us history:0.59425
magic:0.58675
genocide:0.582
brutality:0.57425
catastrophe:0.568
first contact:0.56525
epic:0.563
bad cgi:0.553
entertaining:0.551
fast paced:0.549
great ending:0.54825
sequels:0.5475
bad acting:0.5395
survival:0.5365
technology:0.53575
betrayal:0.5275
adventure:0.52075
high fantasy:0.52
weapons:0.4865
dragons:0.484
great:0.483
sequel:0.481
demons:0.46925
mentor:0.46075
sci fi:0.46
werewolves:0.4565
better than expected:0.456
marvel:0.4545
sword fight:0.45225
good:0.452
storytelling:0.4445
revolution:0.4425
natural disaster:0.4385
visual:0.43625
adaptation:0.42925
alternate history:0.42525
cool:0.41925
plot:0.416
science fiction:0.41525
devil:0.41475
revenge:0.414
beautiful scenery:0.411
so bad it's funny:0.40525
apocalypse:0.401
destiny:0.395
shallow:0.39325
true story:0.39125
watch the credits:0.38975
love story:0.38825
good soundtrack:0.3855
factual:0.38225
video game:0.37275
happy ending:0.37125
