murder mystery:0.99475
ensemble cast:0.949
secrets:0.924
england:0.8805
talky:0.87825
costume drama:0.876
murder:0.855
british comedy:0.8475
period piece:0.8245
british:0.82375
1930s:0.82075
police investigation:0.81725
witty:0.81425
complex:0.803
dialogue:0.801
mystery:0.8
oscar (best directing):0.7165
dialogue driven:0.7125
enigmatic:0.71025
original:0.71
greed:0.6885
relationships:0.6835
great acting:0.67375
very interesting:0.66225
satire:0.661
boring!:0.646
great ending:0.629
clever:0.618
social commentary:0.6165
adultery:0.6015
entirely dialogue:0.59825
character study:0.588
london:0.57475
dark:0.562
drama:0.5605
based on a play:0.56025
cerebral:0.5515
twists & turns:0.54525
atmospheric:0.5415
interesting:0.5365
storytelling:0.5345
investigation:0.532
obsession:0.52625
complicated:0.524
complicated plot:0.52
cinematography:0.512
sarcasm:0.50325
intimate:0.49975
oscar (best actress):0.49675
complex characters:0.489
dark humor:0.48875
good acting:0.48875
satirical:0.4855
intellectual:0.48425
great:0.484
oscar (best supporting actress):0.48075
criterion:0.47575
weird:0.474
pointless:0.457
crime gone awry:0.455
detective:0.45475
betrayal:0.4515
melancholic:0.45025
imdb top 250:0.443
multiple storylines:0.44275
loneliness:0.43925
exceptional acting:0.438
oscar:0.43525
light:0.435
visually appealing:0.43275
cynical:0.432
catastrophe:0.42475
culture clash:0.422
good soundtrack:0.41075
golden palm:0.4095
plot:0.40075
confusing:0.39775
excellent script:0.39725
mentor:0.395
pornography:0.39225
intelligent:0.392
nocturnal:0.39075
bleak:0.388
twist:0.3865
oscar (best picture):0.3855
oscar (best writing - screenplay written directly for the screen):0.3845
segregation:0.38
writers:0.37925
absurd:0.37775
dysfunctional family:0.3775
pretentious:0.374
story:0.3735
adaptation:0.3705
good:0.36975
slow paced:0.3695
allegory:0.3685
black comedy:0.36775
corruption:0.36675
crime:0.36325
moral ambiguity:0.3615
