original:0.88325
cerebral:0.848
very interesting:0.8155
mentor:0.803
art:0.80225
artistic:0.7935
criterion:0.78625
perfect:0.7855
creativity:0.784
humanity:0.78375
documentary:0.773
existentialism:0.7485
movie business:0.7405
talky:0.73225
whimsical:0.726
narrated:0.72575
enigmatic:0.721
interesting:0.691
artist:0.6895
stylish:0.6605
weird:0.64575
pornography:0.62275
visually appealing:0.61
obsession:0.60775
intellectual:0.60025
intimate:0.598
hotel:0.587
greed:0.57325
golden palm:0.57175
philosophical:0.57175
stylized:0.5695
harsh:0.55825
pretentious:0.548
suprisingly clever:0.54775
black and white:0.5305
eccentricity:0.52775
psychology:0.52025
artsy:0.51975
chess:0.5145
psychological:0.51325
deadpan:0.505
male nudity:0.50075
melancholy:0.4915
life philosophy:0.48525
social commentary:0.47775
complex:0.4675
reflective:0.46725
runaway:0.46475
witty:0.46275
atmospheric:0.455
unusual plot structure:0.44825
dialogue:0.44725
clever:0.441
sexy:0.4385
catastrophe:0.43325
surreal:0.43275
good soundtrack:0.431
culture clash:0.43
relationships:0.421
great:0.41825
loneliness:0.41825
immortality:0.4165
bleak:0.40975
art house:0.4095
great ending:0.40775
cynical:0.403
breathtaking:0.4005
storytelling:0.39775
unlikely friendships:0.39625
melancholic:0.39625
oscar (best actress):0.3945
dreamlike:0.3925
meditative:0.38425
cathartic:0.3795
philosophy:0.374
entirely dialogue:0.3735
affectionate:0.37175
idealism:0.36425
nocturnal:0.36075
life & death:0.3605
imagination:0.3595
poetry:0.3525
movielens top pick:0.35175
downbeat:0.3485
internet:0.34625
friendship:0.34625
insanity:0.34475
classic car:0.34125
quirky:0.341
adaptation:0.34075
technology:0.339
sexualized violence:0.3375
original plot:0.33725
cinematography:0.33625
oscar (best directing):0.33525
brutality:0.335
visually stunning:0.3345
masterpiece:0.33425
manipulation:0.3325
grindhouse:0.3315
