teen movie:0.99525
high school:0.993
teen:0.9915
teens:0.97475
teenager:0.94975
girlie movie:0.93975
teenagers:0.92
cheerleading:0.8455
grindhouse:0.81225
geeks:0.71125
chick flick:0.7065
school:0.628
original:0.58975
predictable:0.473
mentor:0.429
bullying:0.418
catastrophe:0.4115
censorship:0.3905
writers:0.373
finnish:0.36075
action:0.35575
relationships:0.3495
comedy:0.33575
silly fun:0.333
slasher:0.33
adaptation:0.3085
good soundtrack:0.30725
fun movie:0.3035
fight scenes:0.303
runaway:0.30125
pg-13:0.28525
weapons:0.2825
guilt:0.28025
ninja:0.27875
women:0.27625
fashion:0.273
spelling bee:0.2695
overrated:0.26925
brutality:0.26875
assassin:0.26725
not funny:0.267
great ending:0.259
weird:0.25475
dysfunctional family:0.2535
sexual abuse:0.25325
internet:0.25225
dialogue:0.25175
life philosophy:0.2445
death:0.24125
first contact:0.24
entertaining:0.2355
melancholic:0.2335
assassins:0.23225
boring:0.22925
college:0.22075
bad plot:0.21975
teacher:0.2185
quirky:0.21725
macabre:0.21675
arms dealer:0.2155
classic car:0.21475
great:0.214
better than expected:0.212
oscar (best supporting actress):0.21175
feel good movie:0.21125
fantasy world:0.21075
silly:0.21025
adventure:0.20625
vampire human love:0.2055
crude humor:0.203
free to download:0.20175
based on a play:0.198
coming of age:0.19775
destiny:0.195
feel-good:0.1915
lone hero:0.19075
spying:0.19025
pornography:0.18925
spy:0.1875
depression:0.18675
entirely dialogue:0.18475
very funny:0.1845
virginity:0.1835
fun:0.18325
orphans:0.18225
very interesting:0.1815
too long:0.1805
greed:0.178
unusual plot structure:0.1775
awesome soundtrack:0.17725
drama:0.17625
identity:0.17325
demons:0.1715
artist:0.1715
slapstick:0.17075
romance:0.17025
queer:0.17
horrible:0.16975
drug addiction:0.169
storytelling:0.168
