oscar (best supporting actress):0.979
san francisco:0.9465
blindness:0.93925
based on a play:0.885
original:0.86625
oscar:0.84075
oscar (best actress):0.8015
romantic:0.8005
fun movie:0.7755
mentor:0.75575
good:0.73525
great acting:0.713
romance:0.67825
love story:0.669
pg-13:0.66575
adaptation:0.66375
dialogue:0.6595
runaway:0.65925
touching:0.6535
oscar (best directing):0.631
cute:0.6215
destiny:0.61975
happy ending:0.618
family:0.6165
romantic comedy:0.61
oscar (best supporting actor):0.60725
stereotypes:0.59175
girlie movie:0.5915
radio:0.58425
good soundtrack:0.57925
redemption:0.57075
adapted from:book:0.55475
sweet:0.5485
relationships:0.54625
great movie:0.54225
cute!:0.54025
drama:0.53625
emotional:0.53525
witty:0.52525
great dialogue:0.5085
hospital:0.50375
justice:0.50275
story:0.50225
alter ego:0.5
silly fun:0.49925
unlikely friendships:0.4975
passionate:0.48475
imdb top 250:0.4825
feel-good:0.4815
fashion:0.48125
earnest:0.47325
notable nudity:0.45675
love:0.45525
idealism:0.4525
friendship:0.45075
nudity (topless - brief):0.446
good dialogue:0.4455
life philosophy:0.442
great:0.4385
dark hero:0.4365
1970s:0.4285
intense:0.428
eccentricity:0.42625
great ending:0.42525
light:0.42225
awesome soundtrack:0.42125
culture clash:0.42075
doctors:0.4185
teen:0.4175
teen movie:0.41425
drinking:0.41425
interesting:0.41275
aids:0.41075
catastrophe:0.4095
exceptional acting:0.40575
gay:0.4025
excellent:0.402
dramatic:0.398
feel good movie:0.39425
based on book:0.3905
heartwarming:0.38925
inspirational:0.389
oscar (best picture):0.38875
oscar winner:0.3885
comedy:0.38825
affectionate:0.38275
fun:0.38075
corruption:0.368
sentimental:0.36725
small town:0.365
women:0.36325
gangsters:0.3605
bittersweet:0.35625
predictable:0.3545
marriage:0.353
new jersey:0.35125
masterpiece:0.347
sexy:0.346
entirely dialogue:0.345
storytelling:0.341
