shakespeare:0.99425
oscar (best picture):0.9905
based on a play:0.9295
mother-son relationship:0.918
literary adaptation:0.87925
oscar (best directing):0.87
criterion:0.84075
oscar (best actress):0.83275
adaptation:0.81425
black and white:0.7985
runaway:0.78575
talky:0.77325
betrayal:0.75625
tragedy:0.75025
dramatic:0.743
murder:0.74
great acting:0.7395
oscar (best actor):0.72375
oscar (best supporting actress):0.71725
affectionate:0.661
adultery:0.6445
adapted from:book:0.6425
original:0.63325
oscar:0.61925
great:0.59575
cinematography:0.574
oscar (best cinematography):0.56975
literature:0.56825
british:0.56025
film noir:0.55675
passionate:0.5525
earnest:0.54275
atmospheric:0.53825
melancholy:0.537
drama:0.532
oscar winner:0.51425
poignant:0.51125
classic:0.48825
corruption:0.486
imdb top 250:0.4795
cerebral:0.479
good:0.4655
great ending:0.4535
melancholic:0.448
witty:0.43575
oscar (best supporting actor):0.43025
breathtaking:0.42975
complex:0.42675
culture clash:0.42425
obsession:0.4225
exceptional acting:0.41875
dialogue:0.4185
catastrophe:0.41675
stunning:0.413
mentor:0.41025
greed:0.4035
costume drama:0.3995
good acting:0.3885
great movie:0.38825
noir:0.38775
enigmatic:0.38775
not funny:0.3845
masterpiece:0.37825
stylized:0.3685
artistic:0.36525
police investigation:0.35125
revenge:0.3485
movielens top pick:0.347
redemption:0.3465
light:0.346
good soundtrack:0.3455
manipulation:0.339
transformation:0.336
golden palm:0.3355
death:0.334
moody:0.33375
screwball:0.32975
wartime:0.326
court:0.31975
alter ego:0.3195
period piece:0.31325
suprisingly clever:0.307
very interesting:0.3045
story:0.301
emotional:0.3005
life philosophy:0.3005
bleak:0.29975
england:0.29875
gangsters:0.29575
interesting:0.29475
afi 100 (movie quotes):0.2945
visually appealing:0.289
gothic:0.286
1930s:0.2845
fighting the system:0.28425
murder mystery:0.28425
biographical:0.281
segregation:0.281
character study:0.28075
secrets:0.28
