superhero:0.99025
super hero:0.9875
superheroes:0.984
dc comics:0.97775
animation:0.9765
action:0.96825
super-hero:0.9265
comic book:0.91675
pg-13:0.86275
story:0.8545
fight scenes:0.85175
mythology:0.849
animated:0.83875
comics:0.83275
space:0.8285
weapons:0.8255
mentor:0.80025
sci-fi:0.78775
aliens:0.78325
marvel:0.7735
cartoon:0.77025
original:0.769
destiny:0.769
alter ego:0.7525
justice:0.75
space opera:0.7325
graphic novel:0.721
good action:0.71325
fantasy world:0.6785
adapted from:comic:0.662
intense:0.65
good:0.64625
dark hero:0.6425
great:0.64025
violence:0.638
betrayal:0.637
franchise:0.63325
dialogue:0.62225
visually appealing:0.61475
based on a comic:0.6105
fantasy:0.6095
action packed:0.60375
animal movie:0.59325
alien:0.58675
transformation:0.55975
brutality:0.549
big budget:0.54225
dynamic cgi action:0.5375
sci fi:0.53
science fiction:0.52875
great ending:0.5255
animals:0.519
good versus evil:0.51
comic:0.4995
cool:0.49075
fighting:0.4905
anime:0.4895
allegory:0.48875
high fantasy:0.48725
humorous:0.4805
vengeance:0.47375
plot:0.46725
visually stunning:0.462
predictable:0.4605
complex:0.4575
comic book adaption:0.4565
cgi:0.456
light:0.45125
based on a tv show:0.449
mutants:0.449
nudity (full frontal - brief):0.4465
storytelling:0.44425
vigilante:0.4435
catastrophe:0.43675
redemption:0.43625
humor:0.4355
giant robots:0.432
brutal:0.43
too short:0.42575
fast paced:0.4245
sacrifice:0.4215
scifi:0.41975
first contact:0.41375
revenge:0.4105
very interesting:0.40125
awesome soundtrack:0.399
greed:0.3945
gunfight:0.394
anti-hero:0.39325
ethnic conflict:0.39175
great movie:0.3875
good soundtrack:0.3865
made for tv:0.384
adaptation:0.384
goofy:0.3815
adventure:0.3795
creativity:0.378
unusual plot structure:0.37775
family:0.376
special effects:0.375
