ghosts:0.92525
vengeance:0.748
comedy:0.70375
original:0.63375
life philosophy:0.63175
los angeles:0.61125
mentor:0.484
brutality:0.45875
nudity (topless - notable):0.45475
catastrophe:0.452
lawyer:0.45
predictable:0.44325
nudity (full frontal - brief):0.43825
romance:0.43075
destiny:0.42625
fantasy:0.409
great ending:0.40775
bad plot:0.403
love story:0.38375
satirical:0.3835
fight scenes:0.3745
action:0.3695
funny:0.3645
romantic:0.359
death:0.35575
supernatural:0.354
bad cgi:0.351
culture clash:0.35
dialogue:0.3465
overrated:0.33675
first contact:0.327
lone hero:0.32475
very funny:0.321
boring:0.3115
great:0.3015
life & death:0.30025
fantasy world:0.29925
nudity (full frontal - notable):0.29175
feel-good:0.279
good:0.277
entirely dialogue:0.27525
feel good movie:0.275
good soundtrack:0.27325
runaway:0.2695
transformation:0.26875
redemption:0.268
storytelling:0.26525
drama:0.264
adaptation:0.26375
oscar:0.25575
women:0.252
quirky:0.2495
unfunny:0.24875
not funny:0.2475
chase:0.246
natural disaster:0.2435
classic car:0.241
grindhouse:0.238
silly fun:0.23725
shallow:0.234
dramatic:0.2335
adapted from:book:0.23075
fun movie:0.22825
satire:0.22675
light:0.22575
suspense:0.22475
nocturnal:0.223
excellent script:0.223
happy ending:0.2215
cinematography:0.2205
pornography:0.21975
entertaining:0.21775
male nudity:0.217
unlikely friendships:0.2165
nudity (rear):0.21175
gangsters:0.2105
adapted from:comic:0.2095
nudity (topless):0.209
oscar (best supporting actress):0.20875
cult film:0.20825
reflective:0.206
childhood:0.205
humorous:0.2045
passionate:0.20375
justice:0.201
criterion:0.2005
doctors:0.19975
melancholic:0.19875
multiple storylines:0.1985
computer animation:0.1985
family:0.19675
oscar (best directing):0.19625
story:0.19375
so bad it's funny:0.1925
twists & turns:0.19225
surreal:0.19125
lawyers:0.188
technology:0.1875
visually appealing:0.1875
existentialism:0.18675
