prison:0.97475
world war ii:0.97375
wwii:0.95375
forceful:0.92125
race issues:0.8905
claustrophobic:0.874
original:0.8715
corruption:0.87
best war films:0.87
harsh:0.86825
powerful ending:0.84975
grim:0.84625
complex:0.833
desert:0.83025
dramatic:0.82375
dialogue driven:0.81675
interesting:0.808
dialogue:0.79225
gritty:0.79
ensemble cast:0.7805
great acting:0.77675
drama:0.77175
cult classic:0.7695
runaway:0.7655
violent:0.7655
bleak:0.76
suspense:0.75425
wartime:0.74975
brutal:0.74975
moral ambiguity:0.74025
tense:0.737
justice:0.73425
gunfight:0.734
social commentary:0.73325
anti-hero:0.73025
cinematography:0.73
imdb top 250:0.73
british:0.7295
anti-war:0.71825
great:0.715
downbeat:0.714
visceral:0.71375
talky:0.7135
narrated:0.71325
violence:0.71275
golden palm:0.7075
stylized:0.703
confrontational:0.6975
war:0.6965
camp:0.69575
dark:0.69525
amazing photography:0.68375
allegory:0.68375
oscar (best foreign language film):0.67875
great ending:0.66225
drinking:0.65925
military:0.64325
cynical:0.63325
intense:0.63225
brutality:0.6285
criterion:0.62775
photography:0.6275
psychology:0.6195
masterpiece:0.6095
clever:0.60175
visual:0.60125
survival:0.6005
macabre:0.596
biting:0.5955
idealism:0.5885
prison escape:0.58825
black and white:0.588
fighting the system:0.58525
sexualized violence:0.5825
special:0.581
gangsters:0.5805
distopia:0.57925
prejudice:0.57875
atmospheric:0.57075
disturbing:0.56925
underrated:0.563
cerebral:0.55325
morality:0.55075
mindfuck:0.549
oscar (best directing):0.547
torture:0.543
humanity:0.5285
culture clash:0.528
paranoid:0.52475
light:0.52425
cult film:0.51525
censorship:0.5115
redemption:0.51125
germany:0.51075
goofy:0.5035
ironic:0.50275
dark humor:0.49725
excellent script:0.49625
dark hero:0.48975
irreverent:0.48375
