god:0.98825
christian:0.98475
historical:0.98275
christianity:0.976
history:0.96525
religion:0.9505
catholicism:0.94975
factual:0.9315
biographical:0.926
courage:0.90975
anti-semitism:0.88125
biography:0.87425
us history:0.87375
biopic:0.851
mentor:0.84425
jesus:0.84075
jews:0.84075
rome:0.8075
medieval:0.7885
dramatic:0.783
good:0.72825
politics:0.71975
corruption:0.70325
revolution:0.70275
biblical:0.6795
inspiring:0.6765
sacrifice:0.6655
islam:0.664
germany:0.65925
original:0.65275
light:0.64475
idealism:0.63125
period piece:0.628
greed:0.611
england:0.60625
freedom:0.59825
true story:0.5935
catastrophe:0.587
earnest:0.56375
story:0.56125
egypt:0.5605
destiny:0.5495
betrayal:0.54525
world politics:0.544
passionate:0.54
oscar:0.5355
inspirational:0.53175
based on true story:0.528
based on a true story:0.52175
great:0.51425
propaganda:0.512
political:0.5085
dialogue:0.50825
feel-good:0.50725
drama:0.49875
atheism:0.496
big budget:0.4925
culture clash:0.489
excellent:0.48725
runaway:0.46625
honest:0.4495
life & death:0.4485
german:0.4445
prejudice:0.4425
good acting:0.43175
costume drama:0.42875
compassionate:0.4185
pg-13:0.418
transformation:0.41775
bullshit history:0.4135
childhood:0.40775
feel good movie:0.39775
beautiful scenery:0.38375
british:0.37875
lone hero:0.374
great movie:0.3695
internet:0.3695
great ending:0.362
not funny:0.35925
underdog:0.3555
justice:0.355
based on a book:0.3505
segregation:0.345
oscar (best directing):0.3375
1930s:0.3355
redemption:0.331
slavery:0.32775
reflective:0.32775
based on book:0.3175
family:0.317
storytelling:0.3165
oscar winner:0.315
fight scenes:0.3135
suprisingly clever:0.30925
predictable:0.309
fun movie:0.30575
books:0.30525
stereotypes:0.30375
great acting:0.3025
epic:0.29975
