artist:0.99675
artistic:0.982
art:0.96975
biographical:0.96175
biography:0.94925
drug addiction:0.89175
mentor:0.88275
creativity:0.84675
existentialism:0.84575
homeless:0.84425
drugs:0.83625
biopic:0.82625
cerebral:0.81925
drug abuse:0.79125
original:0.7485
visually appealing:0.7375
good soundtrack:0.71625
weird:0.68225
drinking:0.67975
very interesting:0.67875
enigmatic:0.67425
beautifully filmed:0.641
artsy:0.6325
melancholic:0.625
great:0.61325
visual:0.61275
alone in the world:0.60625
storytelling:0.595
social commentary:0.5815
intellectual:0.58125
interesting:0.58075
melancholy:0.5755
loneliness:0.57425
life & death:0.573
new york:0.5645
life philosophy:0.556
depression:0.5505
pretentious:0.55025
reflective:0.54625
great movie:0.5415
great ending:0.54075
solitude:0.5395
eccentricity:0.53725
criterion:0.53275
surreal:0.53175
story:0.52775
philosophy:0.5075
life:0.50625
visually stunning:0.50225
new york city:0.50025
pornography:0.49175
redemption:0.49
talky:0.487
fantasy world:0.48525
passionate:0.4825
great soundtrack:0.4805
factual:0.472
musicians:0.4665
art house:0.4655
greed:0.46475
good:0.46075
corruption:0.4525
based on true story:0.4465
nudity (full frontal - notable):0.445
narrated:0.44225
writers:0.441
meditative:0.4335
suprisingly clever:0.42875
transformation:0.4225
harsh:0.4215
catastrophe:0.42025
mental illness:0.41925
hip hop:0.415
dreams:0.41425
inspirational:0.41075
first contact:0.40825
great acting:0.40725
quirky:0.403
true story:0.39925
intense:0.39775
oscar (best directing):0.38875
cinematography:0.3835
oscar (best supporting actress):0.38125
adapted from:book:0.381
childhood:0.38
runaway:0.3795
adaptation:0.379
inspiring:0.3785
obsession:0.37725
sexualized violence:0.374
unusual plot structure:0.37175
brutality:0.371
nudity (topless - notable):0.37075
stylized:0.3705
complex:0.37025
dialogue:0.36925
not funny:0.36675
heroin:0.365
movielens top pick:0.3635
death:0.36125
