middle east:0.97575
action:0.97275
terrorism:0.9685
islam:0.95725
bombs:0.9355
intense:0.91325
good action:0.8955
explosions:0.859
violence:0.8585
action packed:0.854
politics:0.8445
political:0.83
fast paced:0.82525
chase:0.82275
tense:0.82
propaganda:0.81
revenge:0.8005
weapons:0.7925
suspense:0.79
plot:0.78975
thriller:0.78975
vengeance:0.78525
investigation:0.77675
violent:0.77675
tom clancy:0.75375
corruption:0.752
justice:0.74175
pg-13:0.73775
culture clash:0.727
original:0.72
fight scenes:0.71225
good:0.701
stereotypes:0.68675
fbi:0.68025
car chase:0.6755
interesting:0.66325
realistic:0.66125
good acting:0.65
torture:0.64825
great ending:0.64775
secrets:0.6405
crime:0.6405
big budget:0.63875
brutality:0.63275
murder:0.632
assassination:0.627
survival:0.62225
dialogue:0.61875
police investigation:0.614
catastrophe:0.61
guns:0.60825
gunfight:0.6015
powerful ending:0.5935
conspiracy:0.5895
forceful:0.58525
oil:0.584
complex:0.57975
kidnapping:0.57175
visceral:0.571
military:0.5555
bad ending:0.552
lone hero:0.548
war:0.54575
dramatic:0.5415
better than expected:0.53875
prejudice:0.5375
drama:0.52175
gratuitous violence:0.52025
story:0.51975
entertaining:0.5085
betrayal:0.48375
suspenseful:0.479
superheroes:0.47725
exciting:0.46875
mentor:0.46425
dark hero:0.454
unrealistic:0.45225
predictable:0.447
storytelling:0.43825
earnest:0.43375
surveillance:0.42975
thought-provoking:0.42825
sacrifice:0.428
honest:0.42325
enormously long battle scene:0.42125
plot twist:0.4195
runaway:0.419
police:0.41675
good soundtrack:0.41475
happy ending:0.41425
very good:0.412
brainwashing:0.40925
brutal:0.407
nudity (full frontal - brief):0.402
foreign:0.39925
iraq:0.396
factual:0.3935
arms dealer:0.3925
twists & turns:0.392
manipulation:0.392
