stupid as hell:0.87
dumb but funny:0.84775
comedy:0.8395
stupid:0.8265
idiotic:0.8225
so bad it's funny:0.819
absurd:0.81375
stupidity:0.80975
original:0.7555
splatter:0.74275
weird:0.7115
humorous:0.70675
horrible:0.68325
surreal:0.67725
pointless:0.67125
funny as hell:0.667
very funny:0.66025
pornography:0.65525
dumb:0.6335
bizarre:0.631
story:0.59075
hilarious:0.5905
predictable:0.5845
surrealism:0.57575
funniest movies:0.5705
unfunny:0.5645
crazy:0.55125
funny:0.53525
sarcasm:0.53475
brutality:0.5205
gross-out:0.5175
bad plot:0.51725
insanity:0.5035
overrated:0.49875
hillarious:0.49675
road trip:0.47975
saturday night live:0.4765
humor:0.47175
bloody:0.46925
goofy:0.4595
foul language:0.45475
dialogue:0.454
cult classic:0.4505
crude humor:0.44925
disturbing:0.44475
catastrophe:0.4395
creativity:0.42625
dreamlike:0.4185
great ending:0.4145
mentor:0.40925
stoner movie:0.40325
slapstick:0.39575
satire:0.39525
parody:0.39425
violence:0.39275
sexualized violence:0.372
good soundtrack:0.36675
cult film:0.36375
silly:0.3475
first contact:0.3465
disaster:0.34025
adaptation:0.33875
quirky:0.33525
weed:0.333
storytelling:0.33275
life philosophy:0.3275
fantasy world:0.3265
pulp:0.32225
animals:0.3175
nudity (topless - notable):0.3145
irreverent:0.313
silly fun:0.31225
imdb top 250:0.312
satirical:0.31175
over the top:0.30775
fight scenes:0.30475
violent:0.30425
dark comedy:0.3035
nudity (full frontal - notable):0.29925
entirely dialogue:0.29925
mtv:0.29875
justice:0.29825
sci fi:0.297
runaway:0.29675
sexual abuse:0.294
stand-up comedy:0.2915
harsh:0.291
writers:0.289
redemption:0.28825
awful:0.28775
dreams:0.28275
lone hero:0.27975
road movie:0.27725
lame:0.27475
vengeance:0.27475
dysfunctional family:0.27125
melancholic:0.271
weapons:0.27075
shallow:0.2705
twists & turns:0.26625
