cars:0.9955
pixar animation:0.99125
animation:0.98375
computer animation:0.96875
kids and family:0.967
pixar:0.95925
story:0.95125
racing:0.92475
children:0.924
watch the credits:0.89
small town:0.8825
talking animals:0.8795
kids:0.87325
disney:0.851
cartoon:0.8365
redemption:0.826
fun:0.81975
animated:0.81
animals:0.80575
family:0.79775
good:0.78425
original:0.783
cgi:0.781
dialogue:0.7465
superheroes:0.74575
friendship:0.7355
mentor:0.724
race:0.712
cute:0.703
destiny:0.6935
unlikely friendships:0.67525
storytelling:0.6685
visually stunning:0.64925
great:0.648
pg-13:0.64625
script:0.64375
childhood:0.63675
toys:0.63175
heartwarming:0.62875
clever:0.62075
funny:0.6105
better than expected:0.6085
comedy:0.60625
creativity:0.5925
great movie:0.5885
road movie:0.5865
road trip:0.573
great ending:0.56775
entertaining:0.56625
graphic design:0.56475
treasure hunt:0.56375
visually appealing:0.56125
big budget:0.55825
oscar (best animated feature):0.55725
feel-good:0.5565
life philosophy:0.5505
light:0.5495
super hero:0.54825
feel good movie:0.543
adventure:0.54025
california:0.5215
transformation:0.52125
stereotypes:0.51375
touching:0.50825
technology:0.5075
exciting:0.5025
humor:0.5005
fairy tale:0.49925
nostalgic:0.49375
cute!:0.49325
crude humor:0.489
fantasy world:0.48775
fun movie:0.48725
predictable:0.486
fast paced:0.4785
visuals:0.47425
monsters:0.473
catastrophe:0.4675
humorous:0.46675
original plot:0.4505
visual:0.4485
simple:0.4385
good story:0.43825
good soundtrack:0.43675
happy ending:0.433
enormously long battle scene:0.43275
very good:0.431
chase:0.4295
plot:0.42675
action:0.42425
classic car:0.42275
disney animated feature:0.4185
alter ego:0.41525
animal movie:0.4055
good versus evil:0.40075
sweet:0.40025
emotional:0.39375
witty:0.39375
very funny:0.39025
oscar winner:0.37725
