hitchcock:0.9995
psychological:0.9635
obsession:0.94325
psychology:0.914
suspense:0.85775
psychiatry:0.84725
enigmatic:0.84
secrets:0.8165
censorship:0.77975
talky:0.77825
complex:0.766
original:0.7465
identity:0.74325
very interesting:0.73925
suspenseful:0.73025
thriller:0.6975
complicated:0.692
murder mystery:0.6865
pornography:0.68525
plot:0.68225
great ending:0.6725
police investigation:0.67025
runaway:0.66725
sexualized violence:0.654
dialogue:0.65325
interesting:0.61825
clever:0.618
murder:0.61525
mystery:0.58925
paranoid:0.58375
tense:0.58175
underrated:0.58125
corruption:0.57975
manipulation:0.57825
sexual:0.57725
twist:0.5715
criterion:0.561
insanity:0.553
twists & turns:0.55
disturbing:0.5465
intense:0.546
cinematography:0.54175
investigation:0.53475
chase:0.5345
storytelling:0.52525
sexy:0.518
guilt:0.511
assassination:0.50725
cerebral:0.50525
sexual abuse:0.50525
stylized:0.489
unusual plot structure:0.483
women:0.47875
betrayal:0.4775
birds:0.4775
marriage:0.473
complex characters:0.46625
visually appealing:0.464
mentor:0.45475
atmospheric:0.4465
crime:0.446
weird:0.44525
drama:0.444
twist ending:0.44325
great:0.44175
hotel:0.433
alternate endings:0.43225
psychiatrist:0.432
vengeance:0.4295
good:0.42825
adaptation:0.42425
spying:0.422
masterpiece:0.418
oscar (best actress):0.41625
dark:0.416
revenge:0.41475
stylish:0.41225
relationships:0.4115
nudity (full frontal - brief):0.40775
colourful:0.40175
tricky:0.40175
story:0.40025
greed:0.39875
catastrophe:0.39475
paranoia:0.39475
kidnapping:0.38925
entirely dialogue:0.38225
forceful:0.37775
great acting:0.375
doctors:0.37475
amazing photography:0.36725
ominous:0.36675
justice:0.366
romance:0.3655
melancholic:0.365
alter ego:0.36175
romantic:0.361
adapted from:book:0.35825
conspiracy:0.3575
childhood:0.35625
