mad scientist:0.969
classic:0.951
adapted from:book:0.9395
special effects:0.9335
effects:0.86375
1930s:0.8415
eccentricity:0.82775
horror:0.79875
talky:0.7935
science fiction:0.7805
original:0.7745
cult classic:0.7415
sci fi:0.70025
imdb top 250:0.699
creepy:0.69475
scifi:0.68875
suspense:0.682
tense:0.67975
insanity:0.678
macabre:0.67275
criterion:0.67175
atmospheric:0.66125
great ending:0.6325
monster:0.6325
dark:0.63025
black and white:0.6185
paranoid:0.61775
creativity:0.59975
visual:0.5955
adaptation:0.591
based on a book:0.589
frightening:0.58775
great:0.5865
mentor:0.58125
ominous:0.578
unusual plot structure:0.57775
story:0.57125
doctors:0.5705
suspenseful:0.5515
humorous:0.55025
dialogue:0.55
imagination:0.54525
allegory:0.545
weird:0.54475
eerie:0.5445
great movie:0.528
excellent:0.52775
masterpiece:0.512
dark humor:0.507
enigmatic:0.507
murder:0.50125
obsession:0.4915
sci-fi:0.48
segregation:0.47275
cult film:0.472
scary:0.46625
cerebral:0.46075
quotable:0.45975
oscar (best supporting actress):0.45925
transformation:0.45875
witty:0.454
light:0.45325
suprisingly clever:0.44425
oscar (best directing):0.43675
monsters:0.42125
afi 100 (movie quotes):0.41875
good acting:0.415
catastrophe:0.41375
oscar (best actress):0.41175
secrets:0.4005
british:0.39875
greed:0.392
dramatic:0.39175
chase:0.39
fun movie:0.3875
narrated:0.38
downbeat:0.3715
social commentary:0.37125
silent:0.371
nocturnal:0.3665
grim:0.3665
violent:0.363
good:0.361
fast paced:0.35975
low budget:0.356
police investigation:0.35525
perfect:0.354
cult:0.35225
runaway:0.35175
clever:0.3515
oscar (best effects - visual effects):0.34975
alter ego:0.34775
spiders:0.34775
storytelling:0.3475
tragedy:0.34525
very interesting:0.34475
claustrophobic:0.3385
computer animation:0.3385
great dialogue:0.33775
stop motion:0.33575
