french:0.9645
black and white:0.951
relationships:0.9175
beautifully filmed:0.91675
france:0.89675
enigmatic:0.895
cinematography:0.8925
sexual:0.881
original:0.8765
storytelling:0.87175
intimate:0.87
love:0.8525
melancholic:0.85175
love story:0.8335
solitude:0.8305
allegory:0.8285
art house:0.825
talky:0.81875
loneliness:0.81775
paris:0.806
sexy:0.80025
romantic:0.7825
romance:0.7795
destiny:0.77825
visually appealing:0.7735
affectionate:0.76125
visual:0.7575
pornography:0.75425
criterion:0.752
melancholy:0.7485
dialogue:0.7455
weird:0.74475
erotic:0.74375
stunning:0.7325
photography:0.72225
golden palm:0.69475
lyrical:0.66925
beautiful scenery:0.66525
surreal:0.66325
fairy tale:0.6625
clever:0.65975
foreign:0.6585
quirky:0.6555
atmospheric:0.6525
visually stunning:0.65125
colourful:0.6465
unusual plot structure:0.64575
artistic:0.6415
witty:0.639
breathtaking:0.63325
existentialism:0.633
oscar (best actress):0.61625
life & death:0.6085
cerebral:0.60525
imagination:0.6035
reflective:0.60025
intense:0.6
complex:0.5995
beautiful:0.5945
suprisingly clever:0.58975
idealism:0.58675
nocturnal:0.58275
interesting:0.58225
voyeurism:0.5735
good soundtrack:0.57275
sweet:0.57075
stylish:0.56675
male nudity:0.565
sexuality:0.56025
social commentary:0.55975
oscar (best foreign language film):0.55775
great ending:0.5575
dreamlike:0.55475
art:0.55275
narrated:0.5525
story:0.548
stylized:0.542
entirely dialogue:0.5395
great acting:0.53775
poetry:0.53525
ironic:0.53475
great cinematography:0.53025
imdb top 250:0.5275
very interesting:0.5245
amazing photography:0.52425
intellectual:0.52275
life philosophy:0.51875
runaway:0.51575
obsession:0.51425
passionate:0.50775
thought-provoking:0.50475
culture clash:0.50425
drama:0.504
movielens top pick:0.50375
original plot:0.5015
feel-good:0.50075
mentor:0.496
strange:0.4835
philosophy:0.4765
secrets:0.47125
