thriller:0.7365
original:0.6235
adoption:0.61825
women:0.596
runaway:0.57975
suspenseful:0.5555
good:0.5485
nudity (full frontal - brief):0.49275
weird:0.46825
predictable:0.466
police investigation:0.463
mentor:0.45775
destiny:0.42775
suspense:0.42175
catastrophe:0.41425
violence:0.411
brutality:0.4015
secrets:0.39725
plot:0.38725
internet:0.37675
kidnapping:0.3755
great ending:0.36525
betrayal:0.35625
pornography:0.35325
revenge:0.34825
story:0.34825
chase:0.3385
bad plot:0.3375
erotic:0.33675
action:0.3365
not funny:0.31775
vengeance:0.3105
storytelling:0.307
first contact:0.30575
drama:0.3045
childhood:0.30275
dialogue:0.30225
culture clash:0.29875
tense:0.29675
melancholic:0.291
family:0.287
conspiracy:0.286
lone hero:0.2845
crime gone awry:0.28325
overrated:0.28
adapted from:book:0.2795
identity:0.2795
so bad it's funny:0.2785
life philosophy:0.2765
pg-13:0.27275
adaptation:0.27025
fantasy world:0.26875
sexy:0.268
natural disaster:0.26375
happy ending:0.263
twists & turns:0.262
visual:0.261
death:0.2595
divorce:0.257
excellent:0.255
obsession:0.2435
life & death:0.24075
cute:0.2375
shallow:0.23675
bad:0.2365
manipulation:0.23225
based on a book:0.231
suprisingly clever:0.2295
irish accent:0.22925
good soundtrack:0.22875
teen movie:0.225
redemption:0.2245
single father:0.22425
plot holes:0.224
queer:0.2215
fight scenes:0.2215
entirely dialogue:0.2205
violent:0.22
farce:0.2185
enigmatic:0.218
corruption:0.21725
visually stunning:0.21575
multiple storylines:0.21575
bad ending:0.21325
slapstick:0.21275
disaster:0.2055
unlikely friendships:0.20525
cult film:0.20525
good action:0.2045
nudity (topless - notable):0.20425
intense:0.204
quirky:0.20125
justice:0.20075
children:0.19925
boring:0.199
computer animation:0.1975
psychological:0.19575
unfunny:0.19525
lawyer:0.195
teens:0.195
