noir thriller:0.89675
crime:0.896
thriller:0.83325
based on a book:0.8045
pornography:0.7765
murder:0.77
tense:0.769
brutality:0.743
original:0.73225
twists & turns:0.73
neo-noir:0.729
violent:0.7075
adapted from:book:0.69625
1980s:0.666
moral ambiguity:0.66325
classic car:0.66125
los angeles:0.643
kidnapping:0.6345
adultery:0.634
stylish:0.615
gritty:0.60025
anti-hero:0.6
gunfight:0.5955
revenge:0.594
foul language:0.59125
sexy:0.5815
corruption:0.56925
pulp:0.56425
police investigation:0.5585
nudity (topless):0.54325
vengeance:0.54325
plot twist:0.54075
film noir:0.53775
greed:0.53025
great ending:0.51125
violence:0.50925
disturbing:0.4925
great:0.4905
cheating:0.48225
mentor:0.4775
bloody:0.47725
intense:0.4725
harsh:0.4675
80s:0.46725
suspense:0.46425
very interesting:0.4635
adaptation:0.4595
suspenseful:0.45825
good soundtrack:0.453
underrated:0.44625
sexualized violence:0.44175
chase:0.4265
new jersey:0.4215
dialogue:0.41775
nudity (full frontal - notable):0.4115
hitman:0.40925
complex:0.4035
action:0.4025
catastrophe:0.40175
noir:0.40125
storytelling:0.401
betrayal:0.38775
runaway:0.38775
not funny:0.387
crime gone awry:0.38675
california:0.3805
manipulation:0.374
serial killer:0.3715
melancholic:0.3665
predictable:0.35075
clever:0.3475
books:0.34525
unusual plot structure:0.33475
great movie:0.3345
gangsters:0.325
stylized:0.32425
life philosophy:0.32375
obsession:0.31875
police corruption:0.31775
fantasy world:0.313
complicated:0.3125
mob:0.3075
interesting:0.306
enigmatic:0.306
excellent:0.29825
cult film:0.2975
suprisingly clever:0.29725
brutal:0.29575
murder mystery:0.29375
good:0.292
criterion:0.28775
plot:0.28725
drama:0.2865
writers:0.28625
culture clash:0.2855
grindhouse:0.28225
dark hero:0.2785
notable nudity:0.27825
very funny:0.278
nudity (full frontal - brief):0.27575
