drugs:0.9
comedy:0.8715
drinking:0.821
marijuana:0.80175
original:0.738
small town:0.7295
off-beat comedy:0.6425
funny:0.63
quirky:0.59475
ensemble cast:0.59175
mentor:0.5825
weed:0.57925
crude humor:0.57875
very funny:0.56375
hilarious:0.56
depression:0.555
buddy movie:0.53875
pornography:0.52825
business:0.5225
predictable:0.51825
foul language:0.518
goofy:0.515
storytelling:0.508
unlikely friendships:0.504
pg-13:0.50375
humorous:0.48975
stereotypes:0.47925
independent film:0.47725
adultery:0.477
great ending:0.47525
greed:0.468
feel-good:0.46575
male nudity:0.45825
dialogue:0.45025
happy ending:0.44275
good soundtrack:0.4425
social commentary:0.4345
life philosophy:0.42975
fun movie:0.42925
melancholic:0.42825
catastrophe:0.425
hotel:0.42025
weird:0.4175
prostitution:0.4135
humor:0.4095
corruption:0.407
watch the credits:0.406
satire:0.40175
harsh:0.39825
road trip:0.3965
culture clash:0.396
irreverent:0.396
quotable:0.39475
california:0.38825
absurd:0.38775
brutality:0.38425
las vegas:0.384
indie:0.38225
relationships:0.38175
coming of age:0.369
runaway:0.36625
slapstick:0.3565
satirical:0.354
dysfunctional family:0.3535
loneliness:0.3525
excellent script:0.35125
visually appealing:0.34675
great:0.3435
big budget:0.34225
suprisingly clever:0.342
stoner movie:0.341
unfunny:0.34025
adaptation:0.3395
death:0.33425
alter ego:0.328
story:0.3235
parody:0.322
sexy:0.322
original plot:0.3215
unlikeable characters:0.321
farce:0.31925
chase:0.31725
clever:0.31275
justice:0.3125
interesting:0.30825
beer:0.3065
light:0.304
complex:0.30325
bad ending:0.301
stylized:0.29875
feel good movie:0.29775
police investigation:0.2945
silly:0.29325
redemption:0.29225
nocturnal:0.2915
friendship:0.28975
gay character:0.287
destiny:0.28625
cinematography:0.28375
very interesting:0.283
