antarctica:0.98725
meditative:0.9525
nature:0.9455
narrated:0.93725
philosophical:0.91325
end of the world:0.9125
very interesting:0.91225
eccentricity:0.86525
documentary:0.854
breathtaking:0.83575
humanity:0.81875
scenic:0.79475
enigmatic:0.7875
criterion:0.75525
environment:0.74975
weird:0.7385
intellectual:0.69925
wilderness:0.697
beautiful scenery:0.6955
cerebral:0.68425
photography:0.67075
loneliness:0.664
original:0.66375
intimate:0.66275
self discovery:0.66125
golden palm:0.66075
existentialism:0.6495
runaway:0.64875
artistic:0.646
talky:0.64525
cinematography:0.63475
beautifully filmed:0.629
philosophy:0.6205
reflective:0.61725
life philosophy:0.61475
social commentary:0.61
greed:0.60925
life & death:0.58025
utopia:0.56525
strange:0.55875
visually appealing:0.5545
great ending:0.548
global warming:0.54675
visually stunning:0.54375
unusual plot structure:0.54125
science:0.5355
melancholy:0.534
art house:0.53075
dreams:0.526
stunning:0.52575
thought-provoking:0.522
suprisingly clever:0.521
art:0.5205
life:0.5165
melancholic:0.5155
catastrophe:0.51525
pornography:0.515
environmental:0.51075
solitude:0.501
poignant:0.497
interesting:0.49125
isolation:0.48775
quirky:0.48025
obsession:0.4785
africa:0.47325
dreamlike:0.464
character study:0.46275
amazing photography:0.44925
death:0.449
beautiful:0.448
harsh:0.43875
depression:0.433
insanity:0.4285
movielens top pick:0.4245
mentor:0.4195
erotic:0.4145
creativity:0.40125
alone in the world:0.39625
blindness:0.38875
travel:0.38775
artist:0.386
oil:0.3775
absurd:0.37
male nudity:0.37
mental illness:0.36375
stoner movie:0.3615
corruption:0.36
crime gone awry:0.359
visual:0.35675
passionate:0.35575
oscar (best foreign language film):0.3525
dialogue:0.3515
good soundtrack:0.35125
affectionate:0.3505
culture clash:0.35025
idealism:0.34875
nudity (full frontal - notable):0.34525
surreal:0.342
oscar (best supporting actress):0.33975
hotel:0.3365
