neo-noir:0.9775
character study:0.90575
independent film:0.903
enigmatic:0.89375
loneliness:0.86
original:0.85875
dialogue:0.855
talky:0.85325
excellent script:0.84975
casino:0.84775
great acting:0.841
redemption:0.8345
good soundtrack:0.8305
gambling:0.80625
greed:0.8005
gunfight:0.79325
crime:0.7925
drama:0.78225
mentor:0.7705
great ending:0.76025
stylish:0.76
very interesting:0.7585
violent:0.752
crime gone awry:0.75
directorial debut:0.74575
weird:0.73475
interesting:0.73125
stylized:0.729
noir:0.72675
great dialogue:0.7205
social commentary:0.70225
intense:0.70125
violence:0.695
off-beat comedy:0.684
storytelling:0.679
complex:0.67675
imdb top 250:0.67225
cult classic:0.656
film noir:0.65575
relationships:0.64875
gangsters:0.646
great:0.6435
murder:0.636
betrayal:0.63525
narrated:0.6225
clever:0.62225
small town:0.6215
entirely dialogue:0.6145
good:0.614
unlikely friendships:0.60675
suprisingly clever:0.60675
highly quotable:0.60275
cinematography:0.599
pornography:0.59675
twists & turns:0.59425
dark humor:0.5915
corruption:0.5905
great movie:0.58925
psychological:0.5855
golden palm:0.58525
hitman:0.579
criterion:0.57825
claustrophobic:0.57625
suspense:0.575
brutality:0.57325
slow paced:0.573
melancholic:0.57025
downbeat:0.5695
very good:0.56925
hit men:0.5675
cult film:0.5575
harsh:0.55425
drinking:0.5515
underrated:0.54575
intimate:0.54525
gangster:0.54425
bleak:0.54425
california:0.54275
atmospheric:0.53875
life philosophy:0.5365
quotable:0.536
good acting:0.534
plot twist:0.53375
unusual plot structure:0.533
friendship:0.53275
runaway:0.5305
good dialogue:0.53025
quirky:0.529
indie:0.52475
gritty:0.52375
grim:0.52325
ensemble cast:0.52125
pulp:0.516
hotel:0.51275
oscar (best writing - screenplay written directly for the screen):0.50275
honest:0.49925
organized crime:0.4985
obsession:0.49775
moral ambiguity:0.497
existentialism:0.49525
