aliens:0.975
alien:0.972
mars:0.9705
alien invasion:0.967
scifi:0.962
sci fi:0.927
sci-fi:0.89725
space:0.85375
science fiction:0.832
first contact:0.81725
weird:0.79975
allegory:0.75175
paranoia:0.7245
so bad it's funny:0.71175
low budget:0.70025
original:0.68075
effects:0.678
enigmatic:0.6095
creepy:0.60125
1950s:0.58575
surreal:0.585
criterion:0.57425
talky:0.567
cold war:0.52975
monster:0.51375
imagination:0.50875
paranoid:0.50075
visual:0.498
storytelling:0.4935
mentor:0.49
weapons:0.48675
eerie:0.46825
transformation:0.461
cult classic:0.457
unusual plot structure:0.453
stylized:0.4515
special effects:0.44525
childhood:0.424
mad scientist:0.409
suprisingly clever:0.4015
dreams:0.4015
great ending:0.401
parallel universe:0.40025
dreamlike:0.398
kidnapping:0.39375
mutants:0.39075
catastrophe:0.3905
story:0.3795
harsh:0.375
visually appealing:0.3735
absurd:0.368
life philosophy:0.355
not funny:0.3515
dialogue:0.33975
brainwashing:0.339
runaway:0.33525
creativity:0.331
grindhouse:0.3275
brutality:0.3265
ridiculous:0.316
scary:0.312
camp:0.3095
classic:0.3
suspense:0.29975
android(s)/cyborg(s):0.29875
affectionate:0.2935
pornography:0.28925
cult film:0.28675
end of the world:0.28475
splatter:0.28475
cerebral:0.27925
surrealism:0.278
fantasy world:0.27475
simple:0.274
space travel:0.26925
nuclear war:0.26875
small town:0.26625
dinosaurs:0.26525
imdb top 250:0.2625
colourful:0.25975
natural disaster:0.25975
nocturnal:0.25425
spying:0.25325
art:0.25
adaptation:0.2475
entirely dialogue:0.2455
good:0.24525
life & death:0.2445
melancholic:0.2445
memory:0.24375
cinematography:0.2355
ominous:0.23475
meditative:0.2345
campy:0.23425
desert:0.22825
masterpiece:0.2245
crime gone awry:0.2245
teacher:0.223
nostalgic:0.223
bullying:0.22225
