end of the world:0.99575
sci-fi:0.9765
future:0.95925
scifi:0.9575
natural disaster:0.95575
apocalypse:0.95325
single father:0.95
plot holes:0.9395
special effects:0.9395
alien:0.9365
science fiction:0.93425
bad ending:0.932
aliens:0.92325
sci fi:0.91675
catastrophe:0.9035
great ending:0.8905
big budget:0.884
first contact:0.84275
disaster:0.8395
bad science:0.8275
plot:0.808
original:0.7975
alternate endings:0.78225
technology:0.769
bad cgi:0.768
destiny:0.7495
pg-13:0.727
predictable:0.726
science:0.71225
alien invasion:0.7115
death:0.7025
lame:0.7
twist ending:0.68175
time:0.67425
visually stunning:0.67325
surprise ending:0.67275
bad plot:0.66875
so bad it's funny:0.66475
children:0.6595
thought-provoking:0.65225
suspense:0.64375
story:0.63775
intense:0.636
god:0.63475
effects:0.62925
cgi:0.6245
space:0.6215
mystery:0.62025
futuristic:0.6155
twists & turns:0.59825
storytelling:0.59125
plot twist:0.58825
parallel universe:0.58625
twist:0.57525
happy ending:0.55775
allegory:0.55425
space travel:0.554
shallow:0.5485
silly:0.546
dumb:0.54375
horrible:0.54225
stupid:0.53725
better than expected:0.53225
bad acting:0.53025
pointless:0.522
good:0.522
alternate reality:0.5185
robot:0.514
chase:0.51375
mindfuck:0.5125
supernatural:0.50775
ridiculous:0.50675
time travel:0.5025
dynamic cgi action:0.50125
dialogue:0.49375
visual:0.48275
existentialism:0.4815
conspiracy theory:0.47875
visually appealing:0.47675
stupidity:0.474
religion:0.46875
thriller:0.46875
internet:0.464
secrets:0.45825
paranoia:0.45725
weird:0.45525
suspenseful:0.45075
cerebral:0.44375
absurd:0.44125
utopia:0.43875
idiotic:0.43725
ominous:0.434
mentor:0.4335
action:0.43025
awful:0.4275
mars:0.4255
survival:0.4175
intelligent sci-fi:0.4145
philip k. dick:0.41225
exciting:0.4005
