identity:0.95225
existentialism:0.9135
relationships:0.90925
love story:0.9085
loneliness:0.89775
original:0.89425
intimate:0.88225
love:0.8745
psychology:0.866
obsession:0.84975
whimsical:0.84775
storytelling:0.83975
cerebral:0.83075
melancholic:0.82375
visually stunning:0.82125
allegory:0.81125
tragedy:0.78425
weird:0.7805
visually appealing:0.7745
time:0.7715
heartbreaking:0.7325
intellectual:0.72275
bittersweet:0.71375
surreal:0.7065
good soundtrack:0.70575
complex:0.70025
complicated:0.69625
great ending:0.69475
clever:0.66925
destiny:0.664
emotional:0.65025
romantic:0.6455
transformation:0.64475
women:0.64225
psychological:0.62325
sweet:0.618
story:0.6055
beautiful:0.605
beautiful scenery:0.5945
reflective:0.58975
enigmatic:0.58525
romance:0.58325
life philosophy:0.57875
mentor:0.576
goofy:0.57025
cinematography:0.56925
sacrifice:0.5595
very interesting:0.54975
culture clash:0.54625
light:0.545
drama:0.5425
criterion:0.54175
dreamlike:0.54075
unlikely friendships:0.53675
absurd:0.5325
complicated plot:0.5275
dialogue:0.52575
passionate:0.52425
revenge:0.5185
nocturnal:0.5145
idealism:0.50675
paranoia:0.5005
catastrophe:0.4965
suprisingly clever:0.495
life & death:0.49125
beautifully filmed:0.49075
sexualized violence:0.48925
violence:0.48575
plot twist:0.48375
feel-good:0.4835
narrated:0.4825
affectionate:0.4735
good acting:0.473
memory:0.468
friendship:0.46575
heartwarming:0.46475
british:0.46275
pg-13:0.461
fun movie:0.45875
artistic:0.457
plot:0.4545
poignant:0.44975
poetry:0.4385
insanity:0.437
philosophical:0.436
touching:0.43375
art:0.43325
justice:0.43325
natural disaster:0.4325
pornography:0.43175
solitude:0.4285
nudity (full frontal - brief):0.427
great cinematography:0.427
betrayal:0.42575
surrealism:0.423
oscar (best actress):0.4225
entirely dialogue:0.41925
vengeance:0.41575
quirky:0.412
visual:0.41175
