coming of age:0.965
indie:0.8645
mentor:0.81225
teenager:0.77325
good soundtrack:0.727
depression:0.72475
independent film:0.7215
small town:0.67975
teen movie:0.66825
pornography:0.66175
transgender:0.657
original:0.622
virginity:0.602
college:0.58025
finnish:0.53675
teen:0.53575
writers:0.52025
creativity:0.5195
sexual:0.518
teenagers:0.506
great ending:0.502
shopping:0.47225
gay character:0.472
quirky:0.472
irish accent:0.466
runaway:0.45825
catastrophe:0.45775
whimsical:0.45475
sex comedy:0.44
suprisingly clever:0.4205
school:0.41975
classic car:0.412
nudity (full frontal - brief):0.4075
honest:0.40075
bad ending:0.3975
bdsm:0.38375
unfunny:0.3835
fantasy world:0.3685
adolescence:0.358
coming-of-age:0.35775
police investigation:0.3545
weird:0.3485
new jersey:0.34225
workplace:0.34125
first contact:0.338
underrated:0.336
destiny:0.33575
poetry:0.3355
sex:0.33425
great:0.314
vengeance:0.312
grindhouse:0.309
very interesting:0.305
funny:0.30225
california:0.293
geek:0.29075
brutality:0.2895
unusual plot structure:0.28
manipulation:0.28
parallel universe:0.278
loneliness:0.2715
predictable:0.27125
road trip:0.2695
melancholic:0.26775
storytelling:0.26725
not funny:0.267
unlikeable characters:0.266
very funny:0.2655
crude humor:0.263
girlie movie:0.26225
dialogue:0.25925
bad acting:0.253
based on a book:0.25275
fun movie:0.252
drinking:0.25175
dreams:0.24975
plot twist:0.24625
entertaining:0.24275
saturday night live:0.24225
cheating:0.239
high school:0.2345
childhood:0.23425
mission from god:0.2335
writing:0.23325
life philosophy:0.232
visually appealing:0.23125
dysfunctional family:0.2305
pg-13:0.22975
social commentary:0.227
comedy:0.22675
death:0.22475
gangsters:0.222
sexy:0.22175
twists & turns:0.219
werewolf:0.21875
interesting:0.21875
so bad it's funny:0.2185
art:0.218
good:0.21625
lone hero:0.2155
