coming of age:0.99125
coming-of-age:0.94725
adolescence:0.943
golden palm:0.92575
original:0.89225
drama:0.89025
childhood:0.887
runaway:0.8745
good soundtrack:0.87275
complex:0.869
good acting:0.869
great acting:0.85225
cinematography:0.848
friendship:0.84375
storytelling:0.841
unlikely friendships:0.8375
mentor:0.81425
character study:0.81125
melancholic:0.8095
love:0.79625
imdb top 250:0.76925
loneliness:0.76125
honest:0.74875
bittersweet:0.74325
betrayal:0.74175
story:0.74075
realistic:0.73475
tense:0.72575
love story:0.704
great ending:0.69475
oscar (best directing):0.6895
suspense:0.68925
enigmatic:0.67925
poignant:0.67925
visually appealing:0.677
harsh:0.67525
island:0.67275
intense:0.66975
oscar:0.66925
life & death:0.66775
small town:0.66525
gritty:0.65975
emotional:0.65325
narrated:0.651
adventure:0.64075
bleak:0.639
redemption:0.63825
relationships:0.6355
social commentary:0.6335
oscar (best actress):0.63075
great movie:0.63025
dramatic:0.62975
great:0.62975
interesting:0.609
indie:0.60475
brutality:0.5955
independent film:0.5945
sweet:0.59225
excellent script:0.59125
dialogue:0.59075
beautifully filmed:0.58775
violence:0.58425
murder:0.584
violent:0.58025
cerebral:0.5785
good:0.5725
teenager:0.567
nostalgic:0.56375
criterion:0.5575
idealism:0.55625
surveillance:0.54375
slow paced:0.5415
exceptional acting:0.54025
dreams:0.5395
life:0.5335
atmospheric:0.5315
touching:0.52975
affectionate:0.5295
allegory:0.528
boat:0.5265
depression:0.51375
reflective:0.51075
survival:0.50975
stranded:0.507
slow:0.507
heartbreaking:0.50625
obsession:0.50575
scenic:0.50475
great cinematography:0.50325
destiny:0.503
revenge:0.50025
talky:0.49975
unusual plot structure:0.49575
heartwarming:0.494
oscar (best writing - screenplay written directly for the screen):0.49275
tragedy:0.489
pg-13:0.48825
clever:0.48725
psychology:0.4855
oscar (best supporting actress):0.47675
