video game:0.98425
video games:0.958
alien invasion:0.92025
aliens:0.90225
video game adaptation:0.8855
fun movie:0.84175
silly fun:0.8315
computer game:0.76875
videogame:0.768
alien:0.7395
goofy:0.73675
nostalgic:0.725
so bad it's funny:0.7245
silly:0.72425
predictable:0.69675
fun:0.6855
single father:0.68175
bad cgi:0.63075
original:0.62
special effects:0.60275
comedy:0.594
based on a video game:0.587
first contact:0.57525
awesome soundtrack:0.575
80s:0.5645
weapons:0.559
catastrophe:0.555
big budget:0.5545
president:0.5205
space:0.516
cgi:0.509
crude humor:0.49325
pg-13:0.4905
bad plot:0.4845
natural disaster:0.48325
transformation:0.4735
dialogue:0.46775
disaster:0.46375
good soundtrack:0.46125
product placement:0.4585
great ending:0.4255
action:0.4215
better than expected:0.418
childhood:0.414
mentor:0.40775
family:0.388
sci fi:0.3875
idiotic:0.3865
cheesy:0.3795
ridiculous:0.378
geeks:0.375
stereotypes:0.36975
unfunny:0.36775
3d:0.366
fantasy world:0.362
horrible:0.36175
life philosophy:0.36075
fantasy:0.35925
great:0.3535
redemption:0.35125
bad acting:0.34975
superheroes:0.34775
sci-fi:0.34075
very funny:0.338
adapted from:game:0.33325
storytelling:0.33175
entertaining:0.33125
slapstick:0.3285
computer animation:0.31925
stupid:0.31825
visuals:0.31675
story:0.31225
destiny:0.31175
cool:0.30825
plot holes:0.30775
not funny:0.30475
nostalgia:0.303
happy ending:0.301
good:0.30075
stupid as hell:0.29825
kids:0.29475
brutality:0.29475
monsters:0.29475
overrated:0.2945
kids and family:0.294
mars:0.293
visual:0.2925
funny:0.29125
effects:0.29125
shallow:0.29
adventure:0.28925
monster:0.28725
science fiction:0.2805
runaway:0.2785
entirely dialogue:0.2775
humorous:0.276
feel-good:0.27325
adaptation:0.27225
nasa:0.2695
nerds:0.266
