visually appealing:0.83275
fantasy world:0.82875
steampunk:0.8215
magic:0.81275
parallel universe:0.802
original:0.8005
sci fi:0.74625
fantasy:0.7275
scifi:0.71775
adventure:0.70125
adaptation:0.651
catastrophe:0.636
story:0.6175
dialogue:0.60425
amazing cinematography:0.60075
good versus evil:0.59025
sci-fi:0.577
destiny:0.56825
bad acting:0.56425
imagination:0.56025
storytelling:0.55875
very interesting:0.55725
made for tv:0.55
witch:0.544
lions:0.54
series:0.53725
original plot:0.52525
computer game:0.52075
visually stunning:0.51575
special effects:0.4785
creativity:0.46875
wizards:0.4645
life philosophy:0.46175
weird:0.459
plot:0.44975
adapted from:book:0.4345
entirely dialogue:0.43275
good soundtrack:0.42575
alternate endings:0.4235
stylized:0.41575
video game:0.4075
quirky:0.4075
maze:0.404
alternate reality:0.402
great ending:0.394
firefly:0.3875
dark fantasy:0.38425
visual:0.38075
not funny:0.37
witches:0.3595
mentor:0.35625
visuals:0.35475
writers:0.35025
good:0.34825
cerebral:0.34775
exceptional acting:0.34575
high fantasy:0.342
clever:0.3355
so bad it's funny:0.335
suprisingly clever:0.32225
futuristic:0.32075
natural disaster:0.319
science fiction:0.31625
bad cgi:0.30975
whimsical:0.3085
predictable:0.30325
mythology:0.302
immortality:0.30125
better than expected:0.29775
books:0.29575
great:0.29425
happy ending:0.29225
clones:0.29075
childhood:0.28775
transformation:0.284
brutality:0.2835
bad ending:0.282
hospital:0.28
light:0.27875
unusual plot structure:0.27725
absurd:0.27575
surreal:0.275
unfunny:0.268
betrayal:0.2675
redemption:0.2635
goth:0.26325
enigmatic:0.2625
utopia:0.26125
police investigation:0.2605
teen:0.25975
sexy:0.2595
silly:0.25875
remake:0.25725
doctors:0.2555
pornography:0.25525
vengeance:0.255
campy:0.25475
fairy tale:0.25425
road movie:0.248
sexualized violence:0.24725
