war:0.98775
military:0.98675
best war films:0.9635
moral ambiguity:0.95075
war movie:0.928
bombs:0.90775
dramatic:0.8635
forceful:0.83975
propaganda:0.81525
intense:0.78975
islam:0.76275
video game:0.75875
anti-war:0.74625
brutality:0.74125
middle east:0.7365
las vegas:0.7335
thought-provoking:0.70725
original:0.69925
first contact:0.68825
visually appealing:0.68725
courage:0.6865
controversial:0.6815
terrorism:0.677
politics:0.676
mentor:0.674
feel-good:0.657
political:0.63575
gunfight:0.63325
corruption:0.62675
weapons:0.62325
drama:0.62
betrayal:0.61325
torture:0.613
wartime:0.6055
morality:0.59175
honest:0.57275
murder:0.56425
based on a true story:0.563
tragedy:0.56075
world war i:0.547
ethnic conflict:0.546
culture clash:0.5455
oscar (best supporting actress):0.53875
realistic:0.529
catastrophe:0.528
memory:0.525
interesting:0.5185
narrated:0.51175
melancholic:0.511
cia:0.4995
cinematography:0.49425
great:0.49375
sci fi:0.4925
idealism:0.4885
nudity (topless):0.48525
great ending:0.48025
oscar:0.474
paranoia:0.4645
talky:0.46325
pg-13:0.463
death:0.461
depressing:0.45975
true story:0.4595
psychiatry:0.458
story:0.45575
iraq:0.45425
guilt:0.44925
complex:0.44775
good soundtrack:0.44725
nudity (full frontal - brief):0.44625
internet:0.44475
kidnapping:0.44375
dialogue:0.4415
technology:0.43875
predictable:0.434
desert:0.4335
arms dealer:0.428
social commentary:0.4225
end of the world:0.416
violence:0.4155
great soundtrack:0.41
family:0.4095
life philosophy:0.40675
psychological:0.4055
gulf war:0.405
judaism:0.39975
stereotypes:0.393
tom clancy:0.3915
view askew:0.39025
breathtaking:0.38925
drinking:0.3865
grindhouse:0.38475
plot:0.38475
revolution:0.38
runaway:0.3795
great cinematography:0.37875
not funny:0.374
emotional:0.37375
alternate reality:0.37325
independent film:0.36575
