swashbuckler:0.9735
sword fight:0.9325
mentor:0.90975
light:0.9015
sword fighting:0.851
adventure:0.83125
original:0.7685
action:0.76375
fun movie:0.758
sequels:0.75725
superheroes:0.751
costume drama:0.735
story:0.729
betrayal:0.7225
good action:0.71175
dialogue:0.707
humorous:0.704
witty:0.699
adapted from:book:0.68725
new york:0.68075
historical:0.68075
adaptation:0.67475
chase:0.66275
weapons:0.65775
books:0.644
based on book:0.6435
runaway:0.64275
based on a book:0.63575
medieval:0.6195
sequel:0.608
culture clash:0.605
childhood:0.58
revenge:0.57825
good:0.5485
england:0.54625
transformation:0.54125
highly quotable:0.538
comedy:0.53575
excellent:0.52925
oscar (best effects - visual effects):0.52325
justice:0.5195
nudity (topless - notable):0.51825
murder:0.518
great movie:0.516
fun:0.50275
pg-13:0.4995
original plot:0.49475
great:0.492
clever:0.49075
catastrophe:0.4905
dark hero:0.482
indians:0.481
distopia:0.481
affectionate:0.47375
dramatic:0.4605
period piece:0.456
drama:0.455
fight scenes:0.45325
suprisingly clever:0.45225
great ending:0.442
not funny:0.4405
nudity (full frontal - brief):0.43475
talky:0.43275
super hero:0.42225
fast paced:0.42225
literary adaptation:0.41575
treasure hunt:0.414
book:0.413
franchise:0.4125
oscar (best supporting actress):0.41175
series:0.41125
fantasy world:0.41075
family:0.408
gunfight:0.4075
oscar (best directing):0.40725
book was better:0.40675
mythology:0.40225
redemption:0.40225
literature:0.39775
quotable:0.3925
vengeance:0.3845
imdb top 250:0.38275
fighting:0.381
nostalgic:0.3785
storytelling:0.37825
entirely dialogue:0.3775
visually appealing:0.3775
spain:0.37425
classic:0.3735
france:0.37225
melancholy:0.371
slapstick:0.36975
lone hero:0.36975
humor:0.3695
greed:0.36825
alter ego:0.3675
entertaining:0.36525
action packed:0.35875
family drama:0.3575
good versus evil:0.35325
