islam:0.99675
biographical:0.9895
biopic:0.9875
biography:0.95075
segregation:0.91525
history:0.913
mentor:0.9095
oscar (best actor):0.871
dramatic:0.83275
historical:0.8245
original:0.82175
assassination:0.816
great movie:0.81075
oscar (best directing):0.78375
oscar:0.76625
social commentary:0.765
us history:0.755
controversial:0.7545
great:0.7545
imdb top 250:0.74875
racism:0.7455
life:0.744
factual:0.742
storytelling:0.741
corruption:0.723
greed:0.72275
redemption:0.7165
great acting:0.71175
interesting:0.7115
assassin:0.706
politics:0.699
childhood:0.6965
race issues:0.69
judaism:0.6845
story:0.67725
oscar (best supporting actress):0.67175
oscar (best actress):0.66775
complex:0.656
prejudice:0.656
religion:0.6545
slavery:0.653
inspiring:0.64975
philosophy:0.64925
good:0.64475
good soundtrack:0.6255
narrated:0.624
pg-13:0.609
destiny:0.609
exceptional acting:0.60875
intense:0.60725
violent:0.60325
compassionate:0.5995
very interesting:0.59425
runaway:0.58875
honest:0.5785
tragedy:0.57375
anti-semitism:0.56875
suprisingly clever:0.56875
justice:0.56
oscar winner:0.55925
true story:0.557
great ending:0.55125
political:0.5485
race:0.53975
drama:0.5395
freedom:0.53925
brainwashing:0.53325
culture clash:0.532
excellent:0.53
transformation:0.5295
harsh:0.52675
prison:0.52675
violence:0.52675
talky:0.52475
adaptation:0.524
oscar (best supporting actor):0.51475
life & death:0.5145
based on book:0.5115
forceful:0.51
based on true story:0.5065
idealism:0.5045
reflective:0.502
betrayal:0.498
good acting:0.4955
character study:0.4945
drinking:0.484
revolution:0.4835
very good:0.482
heartbreaking:0.4755
drug abuse:0.4755
inspirational:0.47475
excellent script:0.4745
long:0.47425
masterpiece:0.47125
brutality:0.46775
cinematography:0.46475
catastrophe:0.4645
breathtaking:0.46325
stylized:0.4625
criterion:0.4585
