based on a tv show:0.99975
remake:0.92875
original:0.90825
predictable:0.811
horrible:0.80375
saturday night live:0.793
bad plot:0.73375
comedy:0.73175
family:0.714
hip hop:0.6335
new jersey:0.63025
stupidity:0.62275
idiotic:0.62025
franchise:0.6185
lame:0.60225
remade:0.59525
dumb but funny:0.59425
crappy sequel:0.547
mentor:0.53525
humorous:0.5325
reality tv:0.532
catastrophe:0.52775
bad:0.5275
fight scenes:0.524
overrated:0.51675
happy ending:0.5065
stereotypes:0.50625
so bad it's funny:0.506
stupid:0.4965
slapstick:0.494
entertaining:0.491
silly fun:0.48825
classic:0.48725
teen movie:0.48275
first contact:0.47575
greed:0.474
crude humor:0.46
funny:0.45925
dinosaurs:0.445
death:0.44325
redemption:0.439
very funny:0.4335
fun movie:0.4325
pointless:0.429
chase:0.41325
fantasy world:0.4075
violence:0.40225
good sequel:0.401
silly:0.40025
stupid as hell:0.39725
series:0.394
great ending:0.39325
nudity (topless - notable):0.39125
racing:0.38675
teens:0.385
melancholic:0.383
nostalgia:0.3675
runaway:0.3595
brutality:0.35925
island:0.358
awful:0.35775
harsh:0.35525
dog:0.35175
quirky:0.351
writers:0.34925
shallow:0.34725
dialogue:0.34275
snakes:0.34075
destiny:0.33925
storytelling:0.33425
bad cgi:0.33425
nostalgic:0.33025
romantic:0.32475
unusual plot structure:0.3215
disaster:0.31825
story:0.3175
fun:0.3105
existentialism:0.31025
adaptation:0.3065
life philosophy:0.30275
fantasy:0.30275
childhood:0.3015
creativity:0.30125
unfunny:0.29975
big budget:0.2955
twists & turns:0.29425
girlie movie:0.294
dreams:0.292
animals:0.292
pg-13:0.292
camp:0.2915
immortality:0.29125
natural disaster:0.2905
dreamlike:0.29025
sexualized violence:0.28925
surreal:0.28875
sci fi:0.2875
suspense:0.28675
cult film:0.286
dysfunctional family:0.28575
