loneliness:0.98325
women:0.97575
relationships:0.962
intimate:0.8715
drama:0.86975
reflective:0.86875
lesbian:0.8595
dialogue driven:0.8455
melancholic:0.84125
cerebral:0.828
homeless:0.817
character study:0.812
solitude:0.81025
chick flick:0.807
depression:0.80275
pornography:0.77725
independent film:0.7465
original:0.74275
adultery:0.7405
very interesting:0.73725
bittersweet:0.72875
thought-provoking:0.72725
interesting:0.72575
touching:0.72275
writers:0.7165
ensemble cast:0.70925
intense:0.703
dysfunctional family:0.697
social commentary:0.696
suicide:0.69575
emotional:0.69175
good soundtrack:0.68425
oscar (best actress):0.67625
narrated:0.664
death:0.65425
complex:0.65
life:0.64475
good acting:0.6445
indie:0.64375
culture clash:0.6415
nudity (topless - notable):0.636
realistic:0.6315
poignant:0.62875
drinking:0.62725
weird:0.623
honest:0.6215
multiple storylines:0.61
melancholy:0.59625
nudity (full frontal - notable):0.59375
philosophy:0.58275
storytelling:0.57925
identity:0.5775
life & death:0.57175
dialogue:0.56975
intellectual:0.565
dark humor:0.559
mentor:0.55725
quirky:0.55325
sad:0.552
oscar (best supporting actress):0.55075
artsy:0.5475
life philosophy:0.5455
stylized:0.5435
talky:0.543
tragedy:0.53825
workplace:0.538
beautifully filmed:0.53425
downbeat:0.53025
nudity (topless - brief):0.52975
abortion:0.52125
irreverent:0.51775
passionate:0.51775
cheating:0.51725
existentialism:0.5155
art house:0.51375
great acting:0.5125
depressing:0.5055
bleak:0.50425
mental illness:0.504
secrets:0.5035
intelligent:0.50175
unlikely friendships:0.5015
pointless:0.4985
adaptation:0.487
marriage:0.486
suprisingly clever:0.4855
criterion:0.48125
pg-13:0.48
small town:0.47525
story:0.475
feel-good:0.474
hospital:0.471
redemption:0.47025
catastrophe:0.46575
great ending:0.46525
slow paced:0.46275
doctors:0.46175
destiny:0.45975
sex:0.4545
adolescence:0.4525
