jesus:0.99325
biblical:0.96075
musical:0.9455
good music:0.89975
music:0.88925
rock and roll:0.8815
christianity:0.819
great music:0.813
god:0.8065
original:0.7905
broadway:0.79025
christian:0.7705
religion:0.739
jews:0.70425
dancing:0.6805
destiny:0.67275
israel:0.64075
lyrical:0.6285
good soundtrack:0.59675
passionate:0.57175
visually stunning:0.541
storytelling:0.51525
dramatic:0.508
great soundtrack:0.50775
dance:0.49075
mentor:0.482
fun movie:0.4815
story:0.474
betrayal:0.4735
unusual plot structure:0.471
sacrifice:0.452
adaptation:0.439
great:0.43425
visually appealing:0.43125
life & death:0.43025
based on a book:0.42725
stylized:0.4255
musicians:0.4235
catastrophe:0.41925
controversial:0.4175
opera:0.4175
great ending:0.413
suprisingly clever:0.413
redemption:0.41
good:0.407
creativity:0.40625
artistic:0.4035
dialogue:0.402
cinematography:0.3915
exceptional acting:0.38575
based on a play:0.38025
not funny:0.378
culture clash:0.37475
transformation:0.3725
brutality:0.3715
great movie:0.366
great acting:0.364
splatter:0.3545
very interesting:0.3525
oscar (best directing):0.3515
art:0.344
atheism:0.34375
surreal:0.341
queer:0.33625
justice:0.335
breathtaking:0.333
beautiful scenery:0.329
weird:0.32775
clever:0.3275
1970s:0.3215
greed:0.3195
colourful:0.31725
historical:0.3155
family:0.31175
social commentary:0.30725
visual:0.30575
talky:0.30525
criterion:0.30425
childhood:0.30425
bloody:0.304
twists & turns:0.30375
runaway:0.298
whimsical:0.29675
cult film:0.2875
hip hop:0.28675
jewish:0.286
very funny:0.28375
irreverent:0.283
reflective:0.28
life philosophy:0.27975
beautifully filmed:0.27975
entertaining:0.278
good acting:0.27625
immortality:0.27625
revolution:0.27275
light:0.272
entirely dialogue:0.2705
emotional:0.27025
drama:0.269
interesting:0.26875
