aids:0.99325
homosexuality:0.98425
gay:0.9835
homophobia:0.9775
lawyers:0.9745
oscar (best supporting actor):0.97425
gay character:0.95875
oscar (best actor):0.9585
great acting:0.952
dramatic:0.94875
lawyer:0.9405
exceptional acting:0.90625
emotional:0.89775
touching:0.8875
drama:0.8755
queer:0.87475
courtroom:0.871
oscar:0.84975
compassionate:0.8475
heartbreaking:0.84125
prejudice:0.8345
oscar (best directing):0.82975
justice:0.803
tragedy:0.79825
death:0.79
oscar (best actress):0.78025
good:0.779
sad:0.777
excellent script:0.77175
sad but good:0.76925
oscar winner:0.76925
original:0.7475
poignant:0.7465
stereotypes:0.74475
earnest:0.73975
honest:0.73325
relationships:0.733
interesting:0.72625
oscar (best supporting actress):0.71175
glbt:0.70475
sentimental:0.704
pg-13:0.69025
intense:0.676
social commentary:0.6745
good acting:0.6655
courage:0.66525
mentor:0.66075
love:0.65
realistic:0.64825
corruption:0.628
great:0.61425
cancer:0.6125
moving:0.60225
thought-provoking:0.60075
courtroom drama:0.59875
world politics:0.59775
love story:0.59525
good soundtrack:0.58725
destiny:0.58725
great movie:0.58275
political:0.57625
manipulation:0.57325
tear jerker:0.56875
family:0.5685
pornography:0.5655
feel-good:0.5595
greed:0.555
great ending:0.55375
culture clash:0.54225
hospital:0.5405
oscar (best picture):0.5395
girlie movie:0.538
disability:0.537
excellent:0.5275
redemption:0.52675
catastrophe:0.52525
politics:0.51825
family drama:0.515
melancholic:0.5105
powerful ending:0.5055
propaganda:0.5055
very interesting:0.505
depression:0.50325
bittersweet:0.5025
life philosophy:0.502
passionate:0.50125
drinking:0.5
based on book:0.4995
character study:0.48875
moral ambiguity:0.48325
movielens top pick:0.48
feel good movie:0.47975
court:0.47875
sexuality:0.47675
life:0.475
imdb top 250:0.47125
happy ending:0.4705
runaway:0.462
1980s:0.45125
censorship:0.44925
