futuristic:0.9885
future:0.98125
comedy:0.96525
social commentary:0.94125
surreal:0.90175
off-beat comedy:0.8595
classic:0.85525
funny:0.85425
visual:0.8415
dystopia:0.83575
cerebral:0.832
satire:0.81675
hilarious:0.8145
scifi:0.811
slapstick:0.80975
quotable:0.8065
humorous:0.7945
robot:0.789
farce:0.78875
sci fi:0.787
rebellion:0.78225
witty:0.7775
imdb top 250:0.7735
original:0.768
absurd:0.76675
satirical:0.75875
very funny:0.72925
utopia:0.7245
visually appealing:0.70075
science fiction:0.68775
robots:0.687
cloning:0.68575
humor:0.68575
runaway:0.66375
criterion:0.64625
intellectual:0.64625
cult film:0.64475
screwball:0.63675
weird:0.6365
creativity:0.6335
spoof:0.6305
imagination:0.62825
great:0.6245
clever:0.618
dialogue:0.6145
distopia:0.613
masterpiece:0.61275
technology:0.61075
afi 100 (laughs):0.60275
ironic:0.59875
goofy:0.598
chase:0.5955
existentialism:0.593
sarcasm:0.58925
funniest movies:0.586
talky:0.585
silent:0.5825
sci-fi:0.58225
clones:0.57125
whimsical:0.57075
suprisingly clever:0.563
great movie:0.55625
visually stunning:0.55025
oscar (best actress):0.5495
silly:0.54925
androids:0.547
storytelling:0.54575
revolution:0.54225
enigmatic:0.53325
unusual plot structure:0.51925
stylized:0.51775
melancholic:0.51725
censorship:0.516
nostalgic:0.49675
oscar (best directing):0.496
culture clash:0.49175
time travel:0.49
surrealism:0.4825
story:0.4825
golden palm:0.482
secrets:0.47875
philosophical:0.47825
life & death:0.47675
great ending:0.4745
affectionate:0.474
cinematography:0.4735
life philosophy:0.4695
brainwashing:0.4625
complex:0.45475
1970s:0.45425
dreamlike:0.4535
catastrophe:0.451
hospital:0.4505
light:0.4465
childhood:0.44575
cult classic:0.44325
1920s:0.43825
paranoid:0.4265
atmospheric:0.4255
mentor:0.42525
