space:0.9895
mars:0.97025
scifi:0.96175
sci fi:0.9555
sci-fi:0.942
goofy:0.9115
science fiction:0.8855
silly fun:0.8775
parody:0.8495
futuristic:0.7995
screwball:0.794
franchise:0.7875
aliens:0.7795
story:0.77375
original:0.75625
comedy:0.7375
monster:0.73025
predictable:0.72875
dynamic cgi action:0.7275
cartoon:0.7235
dumb but funny:0.72325
special effects:0.71475
space opera:0.70125
cool:0.6965
dialogue:0.69425
alter ego:0.6925
dystopia:0.67425
space travel:0.669
series:0.6655
fight scenes:0.6575
humorous:0.652
silly:0.63175
fun movie:0.6305
nudity (topless - brief):0.629
allegory:0.623
violent:0.62025
natural disaster:0.617
solitude:0.61475
catastrophe:0.60675
big budget:0.60475
future:0.59675
cult film:0.574
first contact:0.57325
violence:0.5685
bad science:0.561
animals:0.5585
saturn award (best special effects):0.55825
pulp:0.54675
mad scientist:0.5365
alternate reality:0.53475
action packed:0.53375
so bad it's funny:0.533
great ending:0.531
crude humor:0.5305
superheroes:0.52875
scifi cult:0.527
kids:0.5175
camp:0.5175
adapted from:comic:0.517
science:0.5145
chase:0.50825
vampire human love:0.50375
intense:0.502
comic:0.49125
made for tv:0.48775
bittersweet:0.48625
mentor:0.4825
android(s)/cyborg(s):0.47775
funny:0.47375
bad ending:0.4695
giant robots:0.46925
underrated:0.4675
romantic:0.467
action:0.466
transformation:0.4615
haunted house:0.46075
stupid as hell:0.4585
highly quotable:0.4525
weapons:0.4515
unintentionally funny:0.45025
fantasy:0.44625
destiny:0.444
family:0.44125
light:0.43975
bad plot:0.4395
slapstick:0.4375
script:0.43575
adaptation:0.43375
narrated:0.43275
80s:0.4285
great movie:0.428
alien:0.425
stylized:0.41925
weird:0.41775
spoof:0.4135
submarine:0.4115
mythology:0.40875
overrated:0.4085
memory:0.408
lone hero:0.4035
