criterion:0.992
nocturnal:0.94075
noir thriller:0.92375
noir:0.922
tense:0.89875
murder:0.88075
black and white:0.8715
film noir:0.86975
crime:0.85025
twists & turns:0.839
cinematography:0.83675
runaway:0.829
murder mystery:0.80475
masterpiece:0.798
atmospheric:0.79375
complicated:0.7645
jazz:0.75775
stylized:0.75625
crime gone awry:0.753
original:0.75
talky:0.7485
complex:0.74725
visual:0.73625
stylish:0.73275
moody:0.7285
enigmatic:0.7235
police investigation:0.71725
sexy:0.68725
imdb top 250:0.67675
meditative:0.67375
breathtaking:0.66925
suspense:0.65525
cerebral:0.64275
intimate:0.63975
clever:0.63675
oscar (best actress):0.636
movielens top pick:0.63575
paris:0.63225
unusual plot structure:0.62475
interesting:0.61925
betrayal:0.61825
absurd:0.61675
light:0.61425
paranoia:0.613
photography:0.61075
music:0.61025
thriller:0.60075
secrets:0.59525
weird:0.58175
forceful:0.5765
plot:0.573
golden palm:0.5725
dialogue:0.572
loneliness:0.57175
great ending:0.5715
detective:0.56725
german:0.56275
plot twist:0.55675
culture clash:0.55275
french:0.55175
great acting:0.5515
obsession:0.5485
suprisingly clever:0.54425
passionate:0.53725
chase:0.53625
bleak:0.5355
cool:0.53525
ominous:0.526
mystery:0.517
investigation:0.5165
affectionate:0.516
surveillance:0.51125
ironic:0.5095
corruption:0.50875
france:0.50725
silent:0.50175
gunfight:0.4965
distopia:0.492
visually appealing:0.4895
melancholic:0.489
visually stunning:0.48675
beautiful scenery:0.4815
claustrophobic:0.4815
beautifully filmed:0.4795
cynical:0.47225
twist:0.47025
very interesting:0.46725
adultery:0.46675
dreamlike:0.46025
mentor:0.45675
witty:0.4515
pornography:0.4505
paranoid:0.449
male nudity:0.44725
entirely dialogue:0.4455
no plot:0.44475
mistaken identity:0.44475
existentialism:0.443
scenic:0.44275
idealism:0.44275
