animation:0.9945
computer animation:0.955
cartoon:0.952
animated:0.91725
nostalgic:0.89725
original:0.88725
spelling bee:0.82175
based on a comic:0.807
childhood:0.80375
talking animals:0.7605
stop motion:0.74675
kids:0.738
whimsical:0.7245
runaway:0.71175
friendship:0.6495
cute:0.64425
sweet:0.643
special:0.632
animals:0.62375
story:0.61925
family:0.59575
storytelling:0.58575
light:0.58275
psychiatry:0.57925
comics:0.57275
fantasy world:0.55725
classic:0.54925
cute!:0.547
alter ego:0.54475
destiny:0.5365
unlikely friendships:0.53075
fun:0.528
based on comic:0.5245
mentor:0.50625
adapted from:comic:0.498
school:0.485
superheroes:0.4825
great:0.47525
imdb top 250:0.47525
coming of age:0.4685
melancholic:0.4615
criterion:0.45425
comic:0.45275
children:0.452
goofy:0.4515
stylized:0.44875
good soundtrack:0.447
oscar (best supporting actress):0.4465
nostalgia:0.44625
stop-motion:0.4415
3d:0.4355
honest:0.4335
dialogue:0.433
good:0.43075
made for tv:0.428
kids and family:0.42775
obsession:0.42425
nudity (full frontal - brief):0.42175
animal movie:0.4205
adventure:0.418
witty:0.41475
great ending:0.40975
catastrophe:0.408
stereotypes:0.4075
gangs:0.40625
colourful:0.39725
adaptation:0.38875
british:0.3885
memory:0.3845
humorous:0.3795
heartwarming:0.3775
talky:0.3755
narrated:0.36475
fun movie:0.3635
clever:0.36175
bittersweet:0.361
fight scenes:0.35525
hip hop:0.35
allegory:0.3495
oscar (best directing):0.34825
plot:0.342
brutality:0.3405
oscar (best actress):0.3405
redemption:0.33875
simple:0.33625
quirky:0.3355
visually appealing:0.3305
creativity:0.33
happy ending:0.32775
predictable:0.32725
idealism:0.3175
justice:0.31525
anime:0.31425
feel-good:0.3135
franchise:0.31275
culture clash:0.30925
underdog:0.30725
social commentary:0.30475
touching:0.304
very funny:0.3035
