death:0.9655
macabre:0.9495
horror:0.9375
creepy:0.9045
revenge:0.88425
supernatural:0.873
cult film:0.86175
gothic:0.82875
dark humor:0.77275
original:0.76425
dark:0.7635
cult classic:0.7585
insanity:0.7515
gruesome:0.748
weird:0.74225
adaptation:0.73475
frightening:0.73375
grim:0.73325
story:0.723
suspense:0.71225
atmospheric:0.70625
nocturnal:0.68925
eerie:0.6855
adultery:0.68375
storytelling:0.6685
bad ending:0.652
life & death:0.6455
ghosts/afterlife:0.6355
goth:0.634
based on a book:0.62725
melancholic:0.627
sexualized violence:0.6225
black comedy:0.621
suspenseful:0.619
psychological:0.6125
great ending:0.6
harsh:0.6
manipulation:0.59775
downbeat:0.5925
allegory:0.58425
scary:0.581
murder:0.571
writers:0.5695
splatter:0.5495
unusual plot structure:0.5375
wine:0.53125
dark fantasy:0.51875
cerebral:0.517
transformation:0.513
campy:0.51275
narrated:0.5105
so bad it's funny:0.5065
serial killer:0.502
investigation:0.5005
classic car:0.49475
monster:0.49475
hallucinatory:0.48925
grindhouse:0.48675
dark comedy:0.4865
dreams:0.4825
effects:0.48175
character study:0.481
stunning:0.47925
surreal:0.47475
cinematography:0.474
first contact:0.4675
doctors:0.46625
eccentricity:0.464
moody:0.462
tense:0.45925
vengeance:0.459
greed:0.45725
torture:0.45675
hospital:0.45675
multiple storylines:0.45475
enigmatic:0.44925
social commentary:0.44625
criterion:0.4455
existentialism:0.4425
mad scientist:0.43925
twist:0.43725
police investigation:0.43525
blood:0.435
silly:0.4305
zombie:0.43025
gory:0.4295
dialogue:0.428
great:0.4245
mentor:0.418
brutality:0.414
nudity (full frontal - notable):0.41175
demons:0.411
adapted from:book:0.4005
great acting:0.398
disturbing:0.39625
catastrophe:0.39575
mental illness:0.39375
spiders:0.39125
memory:0.38975
visually appealing:0.3885
