gay:0.99075
homosexuality:0.95875
family bonds:0.94875
marriage:0.90525
relationships:0.9005
culture clash:0.8605
stereotypes:0.8525
glbt:0.8415
nudity (topless - brief):0.832
wedding:0.811
parenthood:0.8065
foreign:0.796
original:0.7875
drama:0.78575
gay character:0.77525
secrets:0.7405
tragedy:0.73225
interracial romance:0.73125
social commentary:0.725
touching:0.7225
mental illness:0.698
complex:0.6885
melancholic:0.683
queer:0.67925
melancholy:0.67725
loneliness:0.67225
sexuality:0.65225
family:0.64775
artistic:0.6415
comedy:0.6415
life philosophy:0.64025
complicated:0.639
grindhouse:0.63675
immigrants:0.634
realistic:0.62325
oscar (best actress):0.616
homophobia:0.6065
race issues:0.60275
good soundtrack:0.60025
pornography:0.591
reflective:0.589
exceptional acting:0.58775
beautifully filmed:0.586
talky:0.5855
suprisingly clever:0.5845
great ending:0.57875
criterion:0.577
great acting:0.57525
storytelling:0.57075
golden palm:0.5695
movielens top pick:0.567
independent film:0.562
honest:0.56125
story:0.55475
depression:0.55175
identity:0.5465
psychology:0.5435
interesting:0.543
visually appealing:0.54075
very interesting:0.54
intimate:0.539
male nudity:0.53825
dialogue:0.53725
affectionate:0.537
oscar (best foreign language film):0.5365
love:0.52975
crime gone awry:0.52475
childhood:0.5235
humorous:0.52175
great movie:0.52125
emotional:0.52025
dysfunctional family:0.5155
imdb top 250:0.514
depressing:0.514
good:0.513
very funny:0.5125
drinking:0.51
oscar (best directing):0.50925
women:0.50725
bittersweet:0.50525
weird:0.50425
adoption:0.50175
family drama:0.501
redemption:0.50075
harsh:0.495
idealism:0.4945
hospital:0.49325
bleak:0.49275
good acting:0.49075
unusual plot structure:0.4905
vengeance:0.49
narrated:0.489
prejudice:0.48825
oscar (best supporting actress):0.48525
dramatic:0.4845
awesome soundtrack:0.48275
great:0.48225
clever:0.4805
life & death:0.477
runaway:0.47625
