animation:0.98575
monsters:0.9805
pixar:0.96875
pixar animation:0.961
computer animation:0.94175
kids and family:0.907
original:0.88325
sequel:0.8765
friendship:0.8735
monster:0.84425
animated:0.84225
kids:0.837
disney:0.837
unlikely friendships:0.83
childhood:0.81025
story:0.81
prequel:0.80225
creativity:0.79775
sequels:0.79475
nostalgic:0.7905
college:0.79
family:0.774
children:0.7395
cartoon:0.73375
good:0.7335
fun movie:0.72475
fun:0.7125
comedy:0.7095
visually stunning:0.7055
good sequel:0.70525
funny:0.7035
heartwarming:0.7005
clever:0.69575
cute:0.682
storytelling:0.6695
mentor:0.657
redemption:0.653
life philosophy:0.648
great:0.63875
goofy:0.6045
toys:0.59775
destiny:0.59375
franchise:0.593
adventure:0.5885
transformation:0.58275
great ending:0.5825
visually appealing:0.5795
animals:0.577
dialogue:0.573
witty:0.563
nerds:0.55225
great movie:0.546
happy ending:0.54275
feel-good:0.538
oscar (best animated feature):0.51725
good soundtrack:0.517
talking animals:0.5145
stereotypes:0.512
feel good movie:0.51125
underdog:0.5015
fantasy world:0.49875
competition:0.49225
very funny:0.49
pg-13:0.48625
catastrophe:0.482
whimsical:0.4805
fairy tale:0.46625
crude humor:0.46525
entertaining:0.461
original plot:0.45875
predictable:0.45075
cute!:0.4425
dreams:0.4405
mad scientist:0.43975
colourful:0.43775
cars:0.42875
runaway:0.41475
alternate universe:0.41
humorous:0.40425
teleportation:0.402
suprisingly clever:0.40125
very good:0.40125
light:0.4
greed:0.4
touching:0.39625
3d:0.394
better than expected:0.38975
twists & turns:0.3835
revenge:0.3815
coming of age:0.3805
silly fun:0.37525
visuals:0.37225
oscar winner:0.366
good versus evil:0.358
visual:0.357
imdb top 250:0.356
big budget:0.353
not funny:0.347
inspirational:0.3395
cgi:0.33775
