gay:0.9965
queer:0.96225
male nudity:0.9605
pornography:0.944
homosexuality:0.918
original:0.834
obsession:0.77525
life philosophy:0.77
gay character:0.739
stereotypes:0.71625
glbt:0.66175
reality tv:0.63125
predictable:0.6225
dialogue:0.55175
very interesting:0.54425
sexy:0.53175
sexual:0.53
great ending:0.52425
camp:0.511
betrayal:0.48775
redemption:0.469
story:0.46725
murder:0.467
brutality:0.4655
nocturnal:0.4615
nudity (full frontal - notable):0.453
mentor:0.4495
twists & turns:0.44775
visually appealing:0.43725
fantasy:0.428
clever:0.41425
bad plot:0.40925
horrible:0.409
shallow:0.4055
catastrophe:0.4005
stylized:0.399
fantasy world:0.397
writers:0.38925
sci fi:0.3875
fight scenes:0.3845
relationships:0.3835
nudity:0.3825
nudity (topless - notable):0.3775
first contact:0.371
pointless:0.3625
storytelling:0.35875
satirical:0.35825
nudity (full frontal - brief):0.358
nudity (topless):0.356
good soundtrack:0.35575
sexualized violence:0.34725
so bad it's funny:0.34625
death:0.3435
drama:0.34225
sexuality:0.34
geek:0.33275
entirely dialogue:0.332
adaptation:0.32775
not funny:0.3215
bad acting:0.3205
drugs:0.3185
sex:0.31575
dark hero:0.31475
fun movie:0.31475
dramatic:0.3105
strippers:0.3095
vengeance:0.30875
coming of age:0.3085
melancholic:0.30525
great acting:0.30425
interesting:0.30325
torture:0.3015
existentialism:0.30025
pulp:0.30025
violence:0.2995
complex:0.2975
dreamlike:0.2965
runaway:0.2965
science fiction:0.29625
erotic:0.29275
distopia:0.29225
art:0.291
no plot:0.28975
passionate:0.288
pg-13:0.28525
moody:0.28475
quirky:0.28175
lone hero:0.28
addiction:0.27875
gangsters:0.27875
intense:0.2765
suspense:0.276
awesome soundtrack:0.276
grindhouse:0.275
goofy:0.2745
bizarre:0.27425
based on a book:0.27325
franchise:0.27175
script:0.271
plot:0.2705
