road trip:0.891
criterion:0.77525
good soundtrack:0.76225
sexy:0.7525
road movie:0.729
culture clash:0.7235
nudity (topless - notable):0.718
quirky:0.66375
80s:0.662
original:0.6515
violent:0.639
pornography:0.61025
runaway:0.5975
twists & turns:0.596
obsession:0.5735
adultery:0.50675
loneliness:0.5015
eccentricity:0.49525
fun movie:0.48825
weird:0.48775
black comedy:0.484
catastrophe:0.479
enigmatic:0.47375
sexual:0.45925
nocturnal:0.45825
drinking:0.4555
drama:0.454
erotic:0.453
dialogue:0.452
very interesting:0.434
new jersey:0.4265
greed:0.418
brutality:0.41475
rebellion:0.4125
relationships:0.411
crime gone awry:0.4095
golden palm:0.40475
stylized:0.396
great ending:0.38975
storytelling:0.38425
manipulation:0.3805
sexualized violence:0.37675
surreal:0.37475
crazy:0.373
sex:0.373
thriller:0.37225
suprisingly clever:0.372
light:0.37075
mentor:0.36975
clever:0.36925
nudity (full frontal - brief):0.3685
nudity (topless):0.368
melancholic:0.367
oscar (best directing):0.36175
destiny:0.36175
life philosophy:0.36075
suspenseful:0.35625
cool:0.35175
entirely dialogue:0.34275
california:0.34125
entertaining:0.3405
violence:0.33725
good music:0.33475
goth:0.33425
great:0.33175
nudity (full frontal - notable):0.32775
small town:0.32725
disturbing:0.325
suspense:0.32425
cult classic:0.32075
harsh:0.3205
mob:0.32025
gunfight:0.312
talky:0.30675
honest:0.305
not funny:0.305
intimate:0.30425
cult film:0.3025
interesting:0.3
very funny:0.298
ironic:0.2955
tense:0.2945
satirical:0.2945
character study:0.2935
social commentary:0.292
divorce:0.29075
good:0.2905
betrayal:0.2905
romance:0.29
paranoid:0.2895
story:0.2855
absurd:0.28525
1980s:0.28325
indie:0.28075
atmospheric:0.2765
good acting:0.2745
fantasy:0.273
grindhouse:0.2715
kidnapping:0.2705
male nudity:0.2645
