kids:0.91975
racing:0.91925
teen movie:0.73
children:0.6975
fun movie:0.6945
teens:0.6935
original:0.65575
mentor:0.62425
kids and family:0.62275
cute!:0.60775
so bad it's funny:0.60675
teen:0.604
cute:0.5955
adolescence:0.58475
silly fun:0.579
family:0.574
life philosophy:0.5735
predictable:0.569
orphans:0.5475
nudity (full frontal - brief):0.54675
catastrophe:0.54275
natural disaster:0.53475
childhood:0.51
bullying:0.49375
high school:0.49275
road movie:0.484
classic car:0.4645
great ending:0.45275
bad plot:0.45225
race:0.43475
feel-good:0.43375
transformation:0.4335
fight scenes:0.4285
fun:0.426
brutality:0.41575
dialogue:0.40975
chase:0.4075
runaway:0.3965
crime gone awry:0.3925
franchise:0.38475
cars:0.38225
internet:0.382
shallow:0.3755
good:0.369
revenge:0.36425
vengeance:0.3595
humorous:0.352
not funny:0.351
camp:0.34925
first contact:0.346
great movie:0.3435
happy ending:0.343
80s:0.34125
overrated:0.34025
story:0.34
feel good movie:0.33125
spelling bee:0.3275
adaptation:0.32575
redemption:0.325
death:0.324
lone hero:0.32325
gangsters:0.32325
bloody:0.3215
culture clash:0.32125
fantasy world:0.31925
destiny:0.31225
texas:0.30475
crude humor:0.29675
sci fi:0.291
plot:0.28575
solitude:0.2845
torture:0.284
bad ending:0.28325
very funny:0.27875
entirely dialogue:0.2735
hunting:0.27275
good soundtrack:0.2725
great:0.26975
slapstick:0.26875
underdog:0.26575
nudity (topless - notable):0.26025
unusual plot structure:0.257
romantic:0.25675
nudity (rear):0.25575
greed:0.25425
storytelling:0.254
grindhouse:0.2525
bad acting:0.24975
quirky:0.2485
sexual:0.2455
dysfunctional family:0.2415
teacher:0.24125
disaster:0.241
pg-13:0.241
nudity (topless):0.24075
light:0.238
justice:0.236
amy smart:0.2355
music:0.23225
good action:0.23075
