dark fantasy:0.99025
witch:0.98725
immortality:0.97575
action:0.953
witches:0.94875
fantasy:0.94625
mythology:0.94125
magic:0.90775
supernatural:0.874
fantasy world:0.85525
special effects:0.8485
fight scenes:0.848
good action:0.77975
franchise:0.771
pg-13:0.746
dialogue:0.745
horror:0.7405
superheroes:0.72875
mentor:0.706
plot holes:0.702
cgi:0.7
destiny:0.69475
original:0.6915
dragons:0.686
high fantasy:0.682
story:0.682
goth:0.66725
super hero:0.6655
predictable:0.6615
demons:0.659
superhero:0.655
afterlife:0.6465
plot:0.62725
big budget:0.622
werewolves:0.61975
bad cgi:0.61525
entertaining:0.614
bad plot:0.568
effects:0.5675
good versus evil:0.565
cool:0.5525
visual:0.54925
storytelling:0.5405
fighting:0.53875
betrayal:0.5285
better than expected:0.52375
sci-fi:0.51725
gothic:0.5125
visually appealing:0.50525
adventure:0.498
brutality:0.49625
super-hero:0.49575
silly:0.479
monsters:0.479
fun:0.466
wizards:0.4625
computer game:0.4615
video game:0.46
visuals:0.44975
based on a book:0.44475
new york city:0.443
medieval:0.424
scary:0.42
runaway:0.41825
great ending:0.4175
lone hero:0.41475
fairy tale:0.40225
catastrophe:0.402
scifi:0.4
not funny:0.397
bad acting:0.39625
nocturnal:0.39275
apocalypse:0.392
shallow:0.39175
life & death:0.39
based on a video game:0.38325
transformation:0.3825
monster:0.382
first contact:0.374
weapons:0.368
allegory:0.36775
zombie:0.367
adaptation:0.36575
bad:0.365
chase:0.36
sci fi:0.35725
disaster:0.3505
visually stunning:0.34825
revenge:0.3475
weird:0.34675
tricky:0.3455
horrible:0.3425
entirely dialogue:0.329
good:0.328
culture clash:0.3275
stylized:0.3265
life philosophy:0.324
loneliness:0.315
vengeance:0.3135
dark hero:0.30875
