70mm:0.9895
comedy:0.947
great:0.9205
great movie:0.91575
fun movie:0.88075
race:0.8495
sword fight:0.80575
racing:0.79025
sword fighting:0.777
original:0.75475
quotable:0.702
oscar (best sound):0.6905
farce:0.666
fun:0.64375
funny:0.64275
adventure:0.6385
slapstick:0.6165
family:0.60525
story:0.57625
mentor:0.57375
childhood:0.57325
spoof:0.56675
nostalgic:0.5515
humorous:0.53
chase:0.5275
dialogue:0.52725
hilarious:0.52575
long:0.52375
witty:0.5225
great ending:0.52
good:0.5155
comic:0.50625
clever:0.50025
light:0.5
fighting:0.49925
visual:0.4955
parody:0.4945
classic:0.491
silly:0.486
too long:0.48275
catastrophe:0.46025
very funny:0.45625
1920s:0.455
storytelling:0.45475
unusual plot structure:0.438
alter ego:0.437
cinematography:0.43075
destiny:0.43025
fight scenes:0.42525
adaptation:0.424
feel-good:0.4215
silly fun:0.41875
visually stunning:0.418
underrated:0.41575
special:0.415
screwball comedy:0.414
cartoon:0.41375
oscar (best directing):0.4105
love story:0.40425
runaway:0.40275
fantasy world:0.3945
adapted from:book:0.386
romance:0.38425
weapons:0.384
goofy:0.38375
oscar (best supporting actress):0.383
swashbuckler:0.383
greed:0.38225
epic:0.37825
entertaining:0.3765
afi 100:0.36975
culture clash:0.3675
humor:0.36275
redemption:0.362
visually appealing:0.36125
oscar:0.35975
suprisingly clever:0.356
period piece:0.3555
time:0.35475
oscar (best effects - visual effects):0.351
good soundtrack:0.3505
romantic:0.35
mad scientist:0.34925
big budget:0.3475
macabre:0.34625
paris:0.34375
visuals:0.3425
good versus evil:0.3425
special effects:0.34175
whimsical:0.34025
brutality:0.3395
sentimental:0.339
feel good movie:0.339
transformation:0.338
excellent:0.33675
cars:0.33575
pulp:0.33375
imdb top 250:0.3335
beautiful scenery:0.333
vengeance:0.3305
