politics:0.97475
corporate america:0.967
documentary:0.9555
capitalism:0.94975
greed:0.94675
business:0.94525
political:0.901
manipulation:0.8825
propaganda:0.85275
corruption:0.805
original:0.804
factual:0.787
brainwashing:0.7745
interesting:0.7535
social commentary:0.69075
political corruption:0.686
very interesting:0.67525
oil:0.6585
controversial:0.64925
journalism:0.647
workplace:0.6445
tragedy:0.6285
talky:0.618
narrated:0.606
pornography:0.59425
criterion:0.58875
thought-provoking:0.58175
satire:0.57575
honest:0.57325
oscar (best actress):0.56575
intimate:0.5645
depression:0.561
good soundtrack:0.5585
small town:0.54875
suprisingly clever:0.54475
idealism:0.5415
satirical:0.53725
compassionate:0.5345
humorous:0.52875
great ending:0.51825
catastrophe:0.5045
world politics:0.501
culture clash:0.49275
investigation:0.4925
brutality:0.492
clever:0.48775
good:0.48625
passionate:0.48625
movielens top pick:0.48225
intelligent:0.47425
oscar (best directing):0.473
assassination:0.47275
very funny:0.46225
depressing:0.45775
harsh:0.45675
biting:0.45525
california:0.45275
death:0.4525
paranoid:0.4515
crime:0.45025
runaway:0.4475
guilt:0.44625
disturbing:0.446
mental illness:0.44075
mentor:0.43775
great movie:0.4375
justice:0.43425
poverty:0.43125
betrayal:0.427
confrontational:0.42625
great:0.4255
secrets:0.4225
good acting:0.41925
storytelling:0.41
melancholic:0.40975
forceful:0.40675
obsession:0.4055
adaptation:0.404
cars:0.402
excellent script:0.40075
movie business:0.40025
witty:0.3975
biographical:0.3965
ironic:0.3965
twists & turns:0.39625
intellectual:0.39525
parenthood:0.39425
absurd:0.39425
morality:0.38575
unusual plot structure:0.3845
adapted from:book:0.38325
free to download:0.38125
educational:0.381
life & death:0.38025
amazing photography:0.379
imdb top 250:0.37575
surveillance:0.3755
very good:0.37475
dialogue:0.3745
censorship:0.3735
