cult:0.97175
horror:0.969
original:0.92275
good soundtrack:0.87625
weird:0.84325
cult film:0.832
creepy:0.78775
supernatural:0.78675
drama:0.773
murder:0.7665
brutality:0.7655
based on true story:0.76225
social commentary:0.72325
suspense:0.713
bad ending:0.711
violence:0.7105
gory:0.70375
visually appealing:0.69875
tense:0.69275
interesting:0.6785
disturbing:0.66325
twist:0.661
family drama:0.6575
violent:0.64725
cult classic:0.64025
scary:0.637
good acting:0.634
paranoia:0.62675
goretastic:0.616
drinking:0.608
great ending:0.60775
journalism:0.60425
devil:0.60375
dark humor:0.59375
cinematography:0.59275
ominous:0.58175
low budget:0.57825
fake documentary:0.5775
bloody:0.55425
splatter:0.54025
drugs:0.51375
plot twist:0.5125
life & death:0.51225
based on a true story:0.511
storytelling:0.50225
utopia:0.49925
claustrophobic:0.49575
macabre:0.489
awesome soundtrack:0.48875
story:0.48875
gunfight:0.4865
dark:0.48575
predictable:0.48225
religion:0.482
thriller:0.48125
blood:0.48
unusual plot structure:0.47925
nudity (full frontal - notable):0.47725
demons:0.476
1970s:0.47275
atmospheric:0.47125
creativity:0.4695
betrayal:0.46675
quirky:0.46525
runaway:0.4645
crime gone awry:0.464
adaptation:0.458
sexualized violence:0.45525
camp:0.44525
depression:0.445
monsters:0.445
atheism:0.442
plot holes:0.43975
corruption:0.43875
moral ambiguity:0.43775
grindhouse:0.432
brainwashing:0.4275
true story:0.4265
twists & turns:0.4235
dialogue:0.42125
nocturnal:0.42
narrated:0.417
good:0.41625
stylized:0.413
pointless:0.41225
apocalypse:0.41
idiotic:0.40975
vengeance:0.406
zombie:0.4035
suicide:0.4025
writers:0.402
greed:0.399
visceral:0.3985
intense:0.39675
first contact:0.39575
surreal:0.39575
isolation:0.39125
twist ending:0.38975
off-beat comedy:0.38975
psychological:0.38725
