weird:0.97825
anime:0.9555
insanity:0.94975
surreal:0.9415
giant robots:0.935
awesome soundtrack:0.931
original:0.841
storytelling:0.835
japan:0.83325
japanese:0.82375
stylish:0.8155
imdb top 250:0.79625
series:0.78375
robots:0.78275
visceral:0.78175
imagination:0.77825
animation:0.763
strange:0.74725
stylized:0.744
crazy:0.723
animated:0.694
enigmatic:0.6875
reflective:0.6865
visual:0.67775
melancholic:0.6765
criterion:0.675
complex:0.66975
interesting:0.6695
vengeance:0.66525
social commentary:0.665
obsession:0.66225
visually stunning:0.656
childhood:0.654
absurd:0.63925
brutality:0.63875
quirky:0.63875
artistic:0.63875
surrealism:0.63775
dreamlike:0.63525
masterpiece:0.6245
great ending:0.6205
good soundtrack:0.6165
great:0.61525
bizarre:0.613
dark humor:0.60475
violent:0.60375
clever:0.6035
psychedelic:0.59025
art:0.588
intimate:0.571
coming of age:0.56325
cerebral:0.559
story:0.5565
atmospheric:0.54975
complicated:0.5485
life & death:0.54675
suprisingly clever:0.543
hallucinatory:0.5375
highly quotable:0.537
mentor:0.53475
talky:0.53125
creativity:0.53025
confusing:0.526
runaway:0.523
good music:0.52075
rock and roll:0.5195
oscar (best actress):0.51625
coming-of-age:0.51325
fast paced:0.51075
oscar (best directing):0.506
cult film:0.50525
crime gone awry:0.504
very interesting:0.5
tense:0.49175
hilarious:0.4895
visually appealing:0.4865
loneliness:0.48425
unusual plot structure:0.47625
twists & turns:0.47525
non-linear:0.4745
animal movie:0.473
tokyo:0.47275
culture clash:0.47075
dialogue:0.46975
violence:0.4695
cult classic:0.46625
police investigation:0.466
light:0.46575
dark:0.46475
great movie:0.45825
affectionate:0.45525
humorous:0.45275
dark hero:0.4505
life:0.44925
very funny:0.448
breathtaking:0.437
gunfight:0.435
secrets:0.435
adultery:0.43275
golden palm:0.43125
