space program:0.99825
nasa:0.99725
australia:0.991
true story:0.97175
australian:0.9705
astronauts:0.96925
based on true story:0.951
based on a true story:0.92725
feel-good:0.91525
space:0.8935
dramatic:0.88525
feel good movie:0.86525
comedy:0.814
original:0.7945
radio:0.786
nostalgic:0.77775
small town:0.76075
drama:0.7595
story:0.75125
science:0.73975
pg-13:0.7355
great:0.7195
moon:0.70075
culture clash:0.694
humorous:0.68575
factual:0.6825
clever:0.681
great movie:0.668
history:0.668
good soundtrack:0.66575
great acting:0.6625
catastrophe:0.6585
quirky:0.65525
good:0.655
destiny:0.654
historical:0.653
whimsical:0.649
heartwarming:0.6415
storytelling:0.63475
imdb top 250:0.634
excellent script:0.62525
good acting:0.621
technology:0.613
life & death:0.6105
great ending:0.61025
us history:0.605
survival:0.60275
inspirational:0.5995
beautifully filmed:0.59375
light:0.59225
inspiring:0.58875
alternate reality:0.58775
mentor:0.58325
funny:0.5825
sentimental:0.582
idealism:0.58125
cerebral:0.57975
dialogue:0.5615
affectionate:0.56125
alone in the world:0.55625
cinematography:0.55575
touching:0.5545
courage:0.554
witty:0.55375
visually stunning:0.55
visually appealing:0.54125
entertaining:0.53825
humor:0.53725
oscar (best directing):0.5355
very funny:0.5325
talky:0.528
beautiful scenery:0.52375
first contact:0.52
interesting:0.51475
greed:0.50275
big budget:0.5
social commentary:0.4975
narrated:0.4935
suprisingly clever:0.4925
fun movie:0.49075
scenic:0.48975
off-beat comedy:0.487
suspense:0.48425
tense:0.47175
humanity:0.47175
oscar winner:0.454
eccentricity:0.446
family:0.44325
1960s:0.438
plot:0.4315
great soundtrack:0.42875
period piece:0.4265
transformation:0.42625
very interesting:0.4245
great cinematography:0.42425
intelligent:0.4205
life philosophy:0.418
visual:0.41725
excellent:0.41275
oscar:0.4115
