franchise:0.9935
horror:0.992
splatter:0.975
gory:0.91325
demons:0.9095
slasher:0.90325
gruesome:0.798
original:0.79475
sequels:0.787
bloody:0.78075
scary:0.773
series:0.70825
sequel:0.6965
supernatural:0.6305
great ending:0.60725
good sequel:0.58375
special effects:0.5635
teens:0.5585
mythology:0.55125
brutality:0.54825
predictable:0.538
gore:0.52925
pointless:0.51925
crappy sequel:0.518
monster:0.51025
violence:0.50525
sexualized violence:0.475
mentor:0.4455
dialogue:0.4355
first contact:0.435
violent:0.4215
blood:0.41925
cult classic:0.41675
so bad it's funny:0.412
life philosophy:0.4085
transformation:0.406
campy:0.4045
creepy:0.40425
gothic:0.39825
goth:0.397
weapons:0.38625
bad plot:0.38225
vengeance:0.381
death:0.37575
creativity:0.37375
hospital:0.37325
good:0.36525
story:0.35975
doctors:0.3585
fantasy world:0.356
catastrophe:0.3535
effects:0.352
action packed:0.34775
sci fi:0.347
stylized:0.34525
cool:0.34175
cult film:0.33775
macabre:0.337
not funny:0.337
murder:0.335
grindhouse:0.33425
adaptation:0.33225
bad cgi:0.33075
overrated:0.32875
horrible:0.3245
weird:0.324
shallow:0.317
storytelling:0.316
mutants:0.30825
graphic novel:0.306
dreams:0.30425
visual:0.302
entirely dialogue:0.298
goretastic:0.29625
action:0.29525
good soundtrack:0.294
camp:0.29275
suspense:0.29225
fight scenes:0.2915
bad acting:0.28875
insanity:0.28575
serial killer:0.28375
pulp:0.2825
immortality:0.28125
talky:0.27875
disturbing:0.273
nocturnal:0.27175
chase:0.27075
multiple storylines:0.26875
great:0.2685
cheesy:0.26575
silly:0.26575
halloween:0.26025
pornography:0.26025
atmospheric:0.26
intense:0.25875
quirky:0.25825
big budget:0.25775
stupid:0.25775
writers:0.257
