claymation:0.993
animation:0.99075
aardman:0.976
animated:0.97025
aardman studios:0.959
short:0.95025
british:0.9355
stop motion:0.929
british comedy:0.91225
story:0.89625
imdb top 250:0.878
clever:0.8685
witty:0.85975
original:0.85375
computer animation:0.841
stop-motion:0.80975
dogs:0.794
fun:0.79275
cute:0.79
great movie:0.78525
chase:0.78475
hilarious:0.782
too short:0.76375
good:0.7615
funny:0.75925
comedy:0.73525
great ending:0.72475
fast paced:0.719
dog:0.716
interesting:0.71525
oscar (best actress):0.709
love:0.70275
series:0.69875
oscar winner:0.6985
rabbits:0.69675
light:0.68525
oscar (best directing):0.6825
great:0.6805
entertaining:0.68025
fun movie:0.67975
screwball:0.67525
classic:0.657
kids and family:0.65575
cartoon:0.64625
dialogue:0.646
suprisingly clever:0.63725
adventure:0.63725
criterion:0.6345
atmospheric:0.608
animal movie:0.606
very good:0.58475
affectionate:0.576
very funny:0.57375
love story:0.57325
animals:0.5715
storytelling:0.5665
plot twist:0.566
highly quotable:0.56575
visual:0.56475
humor:0.564
talky:0.56325
excellent:0.5615
motorcycle:0.5595
tricky:0.552
humorous:0.548
weird:0.54475
secrets:0.54425
cute!:0.54
excellent script:0.53625
beautiful scenery:0.53575
children:0.531
oscar:0.53025
cool:0.52775
runaway:0.52275
narrated:0.51625
family:0.51525
movielens top pick:0.515
oscar (best supporting actress):0.5085
artistic:0.50825
unusual plot structure:0.5045
police investigation:0.4995
enigmatic:0.498
conspiracy:0.49725
twists & turns:0.49625
england:0.49125
quotable:0.486
culture clash:0.48525
visually appealing:0.48325
obsession:0.4785
complex:0.477
good soundtrack:0.4755
creativity:0.475
suspense:0.475
penguins:0.474
murder:0.47325
great acting:0.45725
whimsical:0.4565
childhood:0.45625
dark hero:0.4505
crime:0.44825
