robert downey jr:0.984
fast paced:0.94525
action:0.94425
fight scenes:0.9155
story:0.8945
visually appealing:0.8885
detective:0.8735
big budget:0.8675
plot:0.86225
action packed:0.8565
dialogue:0.849
pg-13:0.8365
good sequel:0.80225
entertaining:0.78625
good action:0.7855
adventure:0.7675
franchise:0.7575
great ending:0.74275
superheroes:0.73325
sequels:0.728
intellectual:0.727
script:0.71575
super hero:0.70425
assassin:0.702
original:0.702
conspiracy:0.69725
cool:0.677
clever:0.67125
weapons:0.6695
special effects:0.662
witty:0.658
murder:0.644
fun movie:0.64225
chase:0.63575
england:0.6345
superhero:0.632
technology:0.6245
good:0.6155
betrayal:0.6085
assassination:0.60625
sequel:0.60575
exciting:0.59825
twists & turns:0.59525
london:0.58975
great:0.58325
period piece:0.57375
visually stunning:0.5545
awesome soundtrack:0.553
chess:0.552
swashbuckler:0.54925
no plot:0.54775
mentor:0.54775
adapted from:book:0.54625
storytelling:0.54175
better than expected:0.52975
catastrophe:0.5295
original plot:0.52875
video game:0.528
fun:0.5255
revenge:0.514
humor:0.51025
mystery:0.50725
fighting:0.50625
transformation:0.49975
adaptation:0.495
vengeance:0.49025
dynamic cgi action:0.48475
stylish:0.4765
comedy:0.47175
predictable:0.4675
literature:0.4575
plot twist:0.4535
anti-hero:0.44775
silly:0.447
visuals:0.44625
visual:0.44425
dark hero:0.4435
amazing cinematography:0.43775
life philosophy:0.4335
books:0.43
culture clash:0.42725
complex:0.42575
unrealistic:0.42425
stylized:0.41325
shallow:0.4125
beautiful scenery:0.41
destiny:0.4055
trilogy:0.4005
based on a book:0.39525
good soundtrack:0.39475
intense:0.38875
entirely dialogue:0.38625
explosions:0.3855
justice:0.38375
excellent:0.3795
cinematography:0.3785
steampunk:0.37325
dragons:0.37225
great movie:0.365
cerebral:0.363
