meditative:0.951
criterion:0.94775
enigmatic:0.94675
tense:0.89275
bleak:0.8745
art house:0.86625
weird:0.82525
surveillance:0.7845
hit men:0.783
loneliness:0.7815
ominous:0.77225
intimate:0.76325
film noir:0.7485
noir:0.744
obsession:0.73325
cerebral:0.72175
crime gone awry:0.71875
paranoid:0.6955
cinematography:0.68725
character study:0.68575
twists & turns:0.6655
very interesting:0.66325
art:0.64875
moody:0.63525
golden palm:0.61825
surreal:0.61775
assassination:0.6125
stylized:0.60875
talky:0.6085
hotel:0.6065
harsh:0.588
downbeat:0.587
dialogue:0.5865
melancholic:0.58425
atmospheric:0.57975
insanity:0.5795
ironic:0.5735
breathtaking:0.57325
unusual plot structure:0.5465
original:0.54425
creepy:0.5415
existentialism:0.535
pretentious:0.52
police investigation:0.5175
paranoia:0.516
adapted from:book:0.50925
thriller:0.50875
entirely dialogue:0.508
lynch:0.50675
indie:0.50375
visual:0.4925
cult film:0.48975
visually appealing:0.4785
artistic:0.4725
melancholy:0.468
dreamlike:0.466
murder:0.46425
masterpiece:0.46225
cynical:0.4595
greed:0.455
gangsters:0.451
psychological:0.44875
reflective:0.4475
corruption:0.4455
allegory:0.442
slow:0.4385
life philosophy:0.434
adaptation:0.42725
catastrophe:0.421
male nudity:0.4195
texas:0.419
pornography:0.41725
nocturnal:0.4145
nudity (full frontal - notable):0.41175
end of the world:0.40475
strange:0.40275
parallel universe:0.39475
noir thriller:0.394
berlin:0.3895
complex:0.385
manipulation:0.38475
dark:0.38375
guilt:0.37275
life & death:0.37
unlikely friendships:0.36625
claustrophobic:0.3645
hallucinatory:0.364
surrealism:0.361
suspenseful:0.36025
nonlinear:0.3565
relationships:0.354
grim:0.35275
german:0.35125
stylish:0.35
intellectual:0.349
secrets:0.34525
murder mystery:0.3425
mentor:0.34125
not funny:0.33975
grindhouse:0.33925
