irish:0.997
irish accent:0.98925
ireland:0.98475
coming-of-age:0.9045
original:0.8495
coming of age:0.80825
fun movie:0.78675
fight scenes:0.77275
splatter:0.73175
entertaining:0.67475
great ending:0.64425
multiple storylines:0.63725
catholicism:0.63275
humor:0.629
good soundtrack:0.622
idiotic:0.6175
great movie:0.6165
pg-13:0.6065
good:0.59675
storytelling:0.5905
cool:0.56725
sexualized violence:0.555
nocturnal:0.5535
story:0.55075
hip hop:0.54725
vengeance:0.52925
dialogue:0.52825
mentor:0.521
fast paced:0.52075
college:0.50975
drinking:0.5085
brutality:0.505
justice:0.4915
politics:0.485
chase:0.4675
gangsters:0.4575
teen:0.4575
drama:0.44925
clever:0.4485
sequels:0.445
new jersey:0.439
predictable:0.43675
women:0.43325
demons:0.43075
catastrophe:0.4245
nudity (full frontal - brief):0.42025
great soundtrack:0.41975
alternate history:0.416
teen movie:0.4135
great:0.41175
lone hero:0.41125
quirky:0.40575
special:0.4025
underdog:0.401
good action:0.4
redemption:0.3905
fun:0.3885
revenge:0.37975
sarcasm:0.3795
humorous:0.37475
divorce:0.37475
beer:0.37475
fantasy:0.3735
moral ambiguity:0.3695
very funny:0.365
talky:0.362
car chase:0.3615
life:0.36075
mental illness:0.3605
runaway:0.35825
dark hero:0.35425
original plot:0.35075
sci fi:0.34925
solitude:0.3425
light:0.3355
period piece:0.33475
psychology:0.3295
bad plot:0.328
unfunny:0.32525
passionate:0.32475
action packed:0.32425
bullshit history:0.323
watch the credits:0.3215
gangs:0.318
post-apocalyptic:0.3165
independent film:0.3145
secret service:0.31325
depression:0.31325
nudity (topless):0.31275
feel-good:0.31175
drugs:0.311
adaptation:0.311
absurd:0.31
pointless:0.31
witty:0.307
entirely dialogue:0.3045
dreams:0.3025
bad acting:0.302
buddy movie:0.3015
very good:0.3015
