sexy:0.89675
predictable:0.83675
original:0.74475
big budget:0.738
sex:0.68525
dynamic cgi action:0.66575
family:0.665
gay character:0.63975
death:0.62675
franchise:0.59725
great ending:0.579
sexualized violence:0.57525
happy ending:0.57475
vengeance:0.57425
romantic:0.56175
good:0.54425
bad plot:0.53725
women:0.53625
mentor:0.482
romance:0.475
sacrifice:0.47275
destiny:0.45225
special effects:0.44
solitude:0.43925
catastrophe:0.4335
drama:0.42725
natural disaster:0.42575
fight scenes:0.42125
shallow:0.4195
silly:0.4145
first contact:0.4125
brutality:0.41075
dialogue:0.402
guilt:0.40025
hotel:0.39975
alter ego:0.399
plot:0.39575
adaptation:0.3945
chase:0.39025
adapted from:comic:0.38925
intense:0.38575
redemption:0.3855
fantasy world:0.383
not funny:0.37625
disaster:0.3755
silly fun:0.373
torture:0.37125
overrated:0.36975
erotic:0.367
good action:0.367
lone hero:0.36175
classic car:0.36025
comics:0.35975
cult film:0.35925
series:0.3585
nudity (topless - notable):0.35675
fantasy:0.3565
police investigation:0.3535
pornography:0.34825
nudity (topless):0.347
violence:0.34525
obsession:0.34425
science fiction:0.34375
sci fi:0.34275
visually appealing:0.342
culture clash:0.34175
so bad it's funny:0.3305
storytelling:0.32775
life & death:0.32425
story:0.32425
unusual plot structure:0.323
sexual:0.32025
superheroes:0.31875
revenge:0.31725
justice:0.31425
entertaining:0.31375
workplace:0.31375
suspense:0.3125
runaway:0.309
crude humor:0.30725
crappy sequel:0.306
betrayal:0.30575
sci-fi:0.3055
slapstick:0.30425
action:0.3035
male nudity:0.3025
gangsters:0.29175
plot holes:0.291
very interesting:0.29025
splatter:0.28725
bad cgi:0.2845
passionate:0.28375
fun:0.2825
adventure:0.2815
murder:0.28
android(s)/cyborg(s):0.279
quirky:0.2785
pg-13:0.2775
weapons:0.2775
detective:0.2725
