new york:0.9655
music:0.938
social commentary:0.8955
musicians:0.8195
new york city:0.8165
good music:0.81175
melancholic:0.7945
happy ending:0.77925
good soundtrack:0.76825
stylized:0.7525
original:0.7445
musical:0.74425
creativity:0.70675
drama:0.70075
dialogue:0.68875
jazz:0.6605
off-beat comedy:0.65825
character study:0.6335
downbeat:0.62575
pornography:0.61025
culture clash:0.61
great ending:0.5935
road movie:0.56575
storytelling:0.55975
period piece:0.543
runaway:0.5405
music business:0.53
broadway:0.52525
great music:0.52325
great acting:0.505
visually appealing:0.50225
relationships:0.49975
1970s:0.4995
forceful:0.4955
violent:0.48425
justice:0.4825
obsession:0.47825
family drama:0.4745
weird:0.4695
visceral:0.4665
hotel:0.466
bad ending:0.464
brutality:0.4615
mentor:0.4585
underrated:0.4515
cinematography:0.45075
harsh:0.449
greed:0.449
violence:0.44375
gritty:0.4345
gangsters:0.4335
realistic:0.4215
exceptional acting:0.41575
dysfunctional family:0.41125
stylish:0.41075
nocturnal:0.40475
paranoid:0.39875
weapons:0.39775
great movie:0.39375
twists & turns:0.39175
story:0.39025
catastrophe:0.38925
redemption:0.38775
oscar (best supporting actress):0.382
boring!:0.37775
life & death:0.37625
gangs:0.376
life philosophy:0.37475
entirely dialogue:0.37325
paranoia:0.37275
enigmatic:0.371
imdb top 250:0.36825
talky:0.3665
dramatic:0.36375
dark:0.361
complex:0.35875
adaptation:0.35875
depression:0.35775
great:0.35525
gunfight:0.35475
quirky:0.35125
1930s:0.349
loneliness:0.34775
costume drama:0.3455
criterion:0.34525
love story:0.34075
oscar (best directing):0.34025
stoner movie:0.3345
intimate:0.33225
police investigation:0.32925
intense:0.32675
silly fun:0.3235
romantic:0.32325
romance:0.3225
oscar (best actress):0.3205
not funny:0.32025
vengeance:0.31975
shallow:0.3175
transformation:0.3175
disturbing:0.3165
