dog:0.9945
football:0.99275
sports:0.992
basketball:0.9275
family:0.90475
bad plot:0.843
cute!:0.7875
original:0.77575
animals:0.76175
dogs:0.76
predictable:0.74525
buddy movie:0.70375
kids:0.6715
soccer:0.61675
fun movie:0.606
happy ending:0.60175
golf:0.5845
cute:0.5845
slapstick:0.577
feel-good:0.5705
fun:0.56975
kids and family:0.56125
mentor:0.52175
talking animals:0.52125
animal movie:0.5195
disney:0.49075
runaway:0.47975
children:0.45475
feel good movie:0.44825
overrated:0.44625
inspirational:0.44025
bad acting:0.4365
silly fun:0.42875
screwball:0.42175
dialogue:0.4125
great ending:0.412
catastrophe:0.4065
story:0.40625
cheesy:0.38825
kidnapping:0.3865
utopia:0.37675
underdog:0.3735
fantasy world:0.3695
redemption:0.3665
destiny:0.36525
first contact:0.36075
not funny:0.3545
brutality:0.35275
love story:0.3445
writers:0.34025
bad:0.33475
life philosophy:0.32675
goofy:0.3255
lone hero:0.324
quirky:0.32075
storytelling:0.31925
culture clash:0.3165
disaster:0.316
great:0.31475
natural disaster:0.31075
so bad it's funny:0.30825
franchise:0.30725
silly:0.3055
adaptation:0.3035
childhood:0.30275
girlie movie:0.2935
sci fi:0.286
unusual plot structure:0.28475
melancholic:0.2795
pulp:0.27925
boring:0.278
fight scenes:0.2765
fantasy:0.27525
entirely dialogue:0.27175
shallow:0.26875
weapons:0.26825
violent:0.26725
good:0.26675
comedy:0.26625
russian:0.2565
adapted from:comic:0.2555
cult film:0.25475
crude humor:0.25375
justice:0.25325
twists & turns:0.25225
sequels:0.25125
police investigation:0.25125
unlikely friendships:0.25075
vengeance:0.248
computer animation:0.245
multiple storylines:0.24425
light:0.244
adventure:0.244
stereotypes:0.243
stupid:0.242
unfunny:0.24
special effects:0.239
splatter:0.23825
big budget:0.23675
action:0.23275
