christmas:0.9855
children:0.969
animation:0.9655
computer animation:0.95975
based on a book:0.958
holiday:0.91225
childhood:0.8835
kids:0.86075
train:0.804
kids and family:0.801
animals:0.765
family:0.763
visually stunning:0.7455
based on book:0.74175
fantasy world:0.72075
original:0.70225
story:0.70125
3d:0.6905
visuals:0.63725
adventure:0.6305
animated:0.62125
fantasy:0.62025
dr. seuss:0.61175
cartoon:0.58575
books:0.57925
imagination:0.57675
storytelling:0.56375
adapted from:book:0.553
big budget:0.54
magic:0.537
visual:0.5295
runaway:0.525
talking animals:0.5105
redemption:0.50925
innocence lost:0.507
cgi:0.5065
creativity:0.50375
good:0.5035
animal movie:0.50125
catastrophe:0.483
adaptation:0.47375
destiny:0.4695
nostalgic:0.461
predictable:0.4465
technology:0.428
mentor:0.41875
chocolate:0.4135
dialogue:0.413
great ending:0.3935
trains:0.3885
pg-13:0.3885
sentimental:0.388
stunning:0.38775
great:0.379
simple:0.3745
good soundtrack:0.371
fairy tale:0.37075
book was better:0.362
fun movie:0.36125
transformation:0.36125
life philosophy:0.349
special effects:0.34675
pornography:0.33475
good versus evil:0.3295
bad plot:0.32925
fun:0.3255
whimsical:0.324
not funny:0.323
unlikely friendships:0.3215
greed:0.3215
book:0.317
watch the credits:0.31225
colourful:0.31175
cute:0.303
breathtaking:0.301
friendship:0.29925
scenic:0.29825
very good:0.295
beautiful scenery:0.29425
first contact:0.293
natural disaster:0.2925
unfunny:0.2915
culture clash:0.28675
heartwarming:0.2835
feel-good:0.28225
giant robots:0.28175
single father:0.277
weird:0.27625
feel good movie:0.27375
coming of age:0.273
crude humor:0.26925
enigmatic:0.26825
overrated:0.26575
bad cgi:0.26
happy ending:0.2585
slapstick:0.258
action:0.25325
visually appealing:0.252
dysfunctional family:0.2505
mythology:0.25025
