africa:0.992
lions:0.97075
nature:0.936
life & death:0.925
narrated:0.89375
documentary:0.89125
life philosophy:0.82975
animals:0.7425
amazing photography:0.71525
corruption:0.66075
photography:0.65775
original:0.652
culture clash:0.6485
criterion:0.6335
stunning:0.629
greed:0.6175
segregation:0.61475
survival:0.61
classic car:0.59325
runaway:0.5785
wilderness:0.56875
very interesting:0.563
oscar (best foreign language film):0.5395
breathtaking:0.5385
environmental:0.53525
social commentary:0.534
environment:0.532
nudity (full frontal - brief):0.522
dramatic:0.5185
suprisingly clever:0.5155
downbeat:0.50275
visually appealing:0.497
grindhouse:0.4935
storytelling:0.48675
islam:0.47975
catastrophe:0.47275
good soundtrack:0.47175
hospital:0.46775
cinematography:0.467
spanish:0.46225
life:0.462
great:0.45775
meditative:0.4545
interesting:0.44325
reflective:0.442
great ending:0.4335
underrated:0.43275
free to download:0.4315
intimate:0.42825
gunfight:0.42625
harsh:0.42375
mentor:0.4235
politics:0.42075
artistic:0.4185
animal movie:0.416
drama:0.41425
brutality:0.40425
allegory:0.3985
transformation:0.39675
oscar (best actress):0.39575
assassination:0.3955
race issues:0.39525
talky:0.39275
destiny:0.391
idealism:0.38675
antarctica:0.3835
obsession:0.38225
humanity:0.37475
heartbreaking:0.3715
intense:0.3705
visual:0.3705
gory:0.368
graphic design:0.36475
pornography:0.362
chase:0.36
nudity (topless - brief):0.3565
secrets:0.35325
hunting:0.3525
melancholic:0.348
bad ending:0.3465
not funny:0.345
us history:0.3385
police investigation:0.33675
revenge:0.33525
history:0.3345
ecology:0.334
alternate endings:0.334
very funny:0.33
propaganda:0.3295
fantasy world:0.32175
unusual plot structure:0.321
self discovery:0.3205
vengeance:0.315
stand-up comedy:0.3125
beautiful scenery:0.312
dialogue:0.3055
creativity:0.2995
visually stunning:0.29775
workplace:0.29625
earnest:0.29525
