superheroes:0.98825
superhero:0.98675
super hero:0.97675
animation:0.90175
story:0.828
action packed:0.81925
good action:0.80875
action:0.8055
good:0.7885
mentor:0.7845
super-hero:0.78125
comic book:0.774
animated:0.767
original:0.7575
prison escape:0.74775
cartoon:0.74125
comics:0.7405
weapons:0.7335
comic:0.7215
pg-13:0.69675
fighting:0.674
fast paced:0.664
egypt:0.66175
fight scenes:0.65625
marvel:0.65475
very interesting:0.6405
natural disaster:0.637
animals:0.59225
great movie:0.5885
moral ambiguity:0.5865
alter ego:0.57925
series:0.57125
dynamic cgi action:0.5695
technology:0.565
plot:0.547
justice:0.53575
entertaining:0.532
dialogue:0.532
politics:0.52525
adapted from:comic:0.5
george orwell:0.49275
great ending:0.48925
morality:0.48425
fun movie:0.47975
cool:0.47275
teleportation:0.4715
transformation:0.45875
runaway:0.45625
adaptation:0.455
sci fi:0.455
great:0.44475
big budget:0.4435
terrorism:0.4425
dark hero:0.44075
lone hero:0.439
computer animation:0.4365
chase:0.43375
mutants:0.4335
betrayal:0.4285
clever:0.4275
fairy tale:0.4245
franchise:0.423
catastrophe:0.421
original plot:0.421
storytelling:0.41975
suspense:0.417
very funny:0.41675
violent:0.415
vigilante:0.41425
goofy:0.41225
art:0.41125
childhood:0.41075
england:0.40725
manipulation:0.40625
good versus evil:0.40625
interesting:0.40475
visually appealing:0.40275
revenge:0.39875
violence:0.38925
suprisingly clever:0.3885
drinking:0.38625
secrets:0.38575
tense:0.38375
bollywood:0.3825
criterion:0.38125
fantasy world:0.38
dc comics:0.37975
predictable:0.379
forceful:0.3725
prejudice:0.36825
idealism:0.36775
tom clancy:0.363
talking animals:0.36075
visually stunning:0.357
anti-hero:0.35575
special effects:0.3555
first contact:0.3545
kids and family:0.352
mythology:0.35025
not funny:0.3415
