70mm:0.992
artistic:0.97575
historical:0.9305
art:0.92575
biographical:0.92325
rome:0.90675
immortality:0.8895
artist:0.8845
mentor:0.87675
history:0.86675
us history:0.83875
original:0.7725
costume drama:0.771
great movie:0.76275
biopic:0.71775
drama:0.71425
destiny:0.7115
corruption:0.70475
inspiring:0.70425
storytelling:0.7005
very interesting:0.699
brutality:0.697
factual:0.697
period piece:0.68975
biblical:0.685
intense:0.675
creativity:0.66775
courage:0.66675
beautiful scenery:0.6645
story:0.6565
light:0.655
god:0.62725
greed:0.6205
visual:0.61825
biography:0.6145
underrated:0.6145
great:0.60575
transformation:0.59975
christian:0.59625
cinematography:0.5935
betrayal:0.58425
dramatic:0.581
fun movie:0.57975
forceful:0.5785
harsh:0.577
great ending:0.57475
epic:0.571
narrated:0.56825
passionate:0.564
sacrifice:0.5625
obsession:0.554
love story:0.54925
technology:0.54375
oscar winner:0.54075
breathtaking:0.54025
interesting:0.53825
oscar (best supporting actress):0.53675
catastrophe:0.532
unusual plot structure:0.523
dialogue:0.5195
entertaining:0.511
rebellion:0.50825
survival:0.50725
romance:0.50575
visually stunning:0.48825
runaway:0.488
murder:0.483
excellent:0.47975
alternate history:0.47675
long:0.46675
culture clash:0.46625
politics:0.465
jesus:0.465
oscar (best actress):0.463
life & death:0.46075
secrets:0.46
oscar (best directing):0.45925
inspirational:0.45675
complex:0.451
prejudice:0.45025
based on a book:0.45
alone in the world:0.44775
justice:0.4405
adaptation:0.43875
manipulation:0.4385
based on book:0.43825
life:0.43775
silly fun:0.43525
idealism:0.4325
clever:0.43225
earnest:0.43125
family:0.42525
sexualized violence:0.424
classic:0.42175
good:0.42025
masterpiece:0.42
good versus evil:0.41775
revolution:0.4155
crude humor:0.41525
poetry:0.409
