god:0.986
apocalypse:0.9765
biblical:0.956
plot holes:0.91875
action:0.86425
lone hero:0.85225
bad cgi:0.84475
special effects:0.84475
mythology:0.83875
religion:0.8215
big budget:0.81225
devil:0.7725
christianity:0.7685
so bad it's funny:0.767
fantasy:0.76125
demons:0.75175
original:0.749
supernatural:0.7405
bad acting:0.726
bad plot:0.716
better than expected:0.71475
horrible:0.7145
predictable:0.7065
bad script:0.706
end of the world:0.6905
humanity:0.67525
dialogue:0.66575
lame:0.6545
weapons:0.6225
natural disaster:0.616
story:0.614
jesus:0.609
catastrophe:0.60625
idiotic:0.603
horror:0.59875
pg-13:0.59825
fight scenes:0.58775
based on a book:0.58525
bad ending:0.5745
stupid:0.56375
pointless:0.563
christian:0.5585
cgi:0.5555
good action:0.548
stupid as hell:0.544
silly fun:0.544
action packed:0.5355
survival:0.534
silly:0.5195
so bad it's good:0.50325
single father:0.502
shallow:0.492
disaster:0.48575
awful:0.48525
zombie:0.48425
unintentionally funny:0.47975
first contact:0.474
plot:0.47175
absurd:0.47
ridiculous:0.45325
visually appealing:0.4395
scary:0.43875
redemption:0.432
post-apocalyptic:0.42975
post apocalyptic:0.4285
visually stunning:0.425
mentor:0.42025
bad:0.418
fantasy world:0.415
cheesy:0.4045
great ending:0.4035
brutality:0.40275
sci-fi:0.395
storytelling:0.38025
violence:0.3735
good:0.37225
allegory:0.3625
good soundtrack:0.36075
entirely dialogue:0.356
life philosophy:0.35475
dynamic cgi action:0.35425
destiny:0.354
super hero:0.3515
writers:0.35
superheroes:0.3485
desert:0.3485
splatter:0.34775
monsters:0.3465
boring!:0.344
betrayal:0.341
sci fi:0.33675
islam:0.33625
stupidity:0.33125
stereotypes:0.329
adaptation:0.3285
immortality:0.3255
sacrifice:0.31475
franchise:0.31175
entertaining:0.3085
mutants:0.306
