amy smart:0.99975
mentor:0.955
based on a book:0.93575
based on book:0.9275
inspirational:0.92025
inspiring:0.89925
life philosophy:0.8395
sports:0.83725
adapted from:book:0.8285
philosophy:0.76625
books:0.75425
book:0.739
feel-good:0.689
original:0.653
adaptation:0.64025
book was better:0.6295
great movie:0.6225
excellent:0.588
pg-13:0.58775
philosophical:0.57875
transformation:0.52525
story:0.51475
great:0.51175
jesus:0.511
distopia:0.49125
so bad it's funny:0.469
creativity:0.46
destiny:0.46
honest:0.4555
good:0.45025
literature:0.45
catastrophe:0.44825
life:0.442
justice:0.4375
reflective:0.41925
life & death:0.418
college:0.41625
touching:0.414
good soundtrack:0.41225
motorcycle:0.41125
existentialism:0.4105
childhood:0.40275
apocalypse:0.40125
better than expected:0.401
silly fun:0.39725
drinking:0.39525
great ending:0.39225
god:0.3915
survival:0.39125
courage:0.387
thought-provoking:0.3865
good acting:0.386
happy ending:0.37925
visually stunning:0.37825
feel good movie:0.37625
suprisingly clever:0.373
predictable:0.3685
redemption:0.3685
visual:0.367
secrets:0.3615
pornography:0.3605
highly quotable:0.359
beautiful scenery:0.35825
utopia:0.35475
drama:0.34575
storytelling:0.344
teacher:0.337
dialogue:0.33625
meditative:0.33525
passionate:0.33025
sexualized violence:0.3285
alter ego:0.3225
original plot:0.321
new jersey:0.32
social commentary:0.31825
very funny:0.31025
teen:0.30975
grindhouse:0.3045
dystopia:0.30425
sacrifice:0.30375
intellectual:0.3
runaway:0.2995
criterion:0.299
stoner movie:0.299
george orwell:0.29875
simple:0.297
fantasy world:0.29625
sappy:0.29575
intense:0.29525
action:0.28975
brutality:0.28825
culture clash:0.28725
action packed:0.2865
entertaining:0.28625
bdsm:0.2855
underrated:0.28525
crude humor:0.283
dramatic:0.28275
addiction:0.278
fight scenes:0.26825
