vietnam war:0.99425
war:0.97825
vietnam:0.96375
documentary:0.93925
military:0.9325
criterion:0.93125
tragedy:0.916
war movie:0.91475
oscar (best directing):0.9025
heartbreaking:0.892
anti-war:0.87725
politics:0.864
propaganda:0.8525
genocide:0.83675
iraq:0.82875
bombs:0.82425
imdb top 250:0.8175
forceful:0.80275
history:0.7955
political:0.79225
best war films:0.79225
social commentary:0.79
us history:0.78125
oscar (best actress):0.77525
dramatic:0.76525
compassionate:0.7575
corruption:0.757
poignant:0.75475
grim:0.7455
oscar (best supporting actress):0.74275
israel:0.741
greed:0.73225
morality:0.7225
golden palm:0.7185
weapons:0.705
earnest:0.70375
based on a play:0.7035
talky:0.69525
ethnic conflict:0.6945
brutality:0.69175
historical:0.681
honest:0.676
amazing photography:0.669
foreign:0.668
courage:0.66025
oscar (best cinematography):0.65575
adapted from:book:0.6485
oscar (best foreign language film):0.6455
movielens top pick:0.6425
controversial:0.63975
runaway:0.637
great acting:0.6325
brutal:0.61875
racism:0.61525
based on book:0.61425
violent:0.614
wwii:0.6055
reflective:0.602
original:0.59325
powerful ending:0.592
great:0.5865
suprisingly clever:0.58425
bloody:0.58125
realistic:0.57825
sad:0.567
scenic:0.56325
breathtaking:0.56225
intimate:0.56175
family:0.558
civil war:0.55775
wartime:0.5525
intense:0.5525
original plot:0.54975
friendship:0.546
culture clash:0.54475
macabre:0.5425
awesome soundtrack:0.5315
cold war:0.52875
disturbing:0.5225
catastrophe:0.52025
oscar:0.52
downbeat:0.519
great ending:0.51325
innocence lost:0.50925
prejudice:0.50875
death:0.5015
idealism:0.49775
character study:0.488
moral ambiguity:0.47875
depressing:0.47375
melancholic:0.47225
sacrifice:0.469
islam:0.469
exceptional acting:0.4685
masterpiece:0.46275
race issues:0.4585
dialogue:0.4575
bleak:0.45125
tense:0.45
insanity:0.449
