oscar (best foreign language film):0.97225
middle east:0.96225
powerful ending:0.94475
oscar (best directing):0.938
based on a play:0.9245
imdb top 250:0.92275
storytelling:0.8975
foreign:0.89525
cinematography:0.8825
dramatic:0.879
civil war:0.8585
tragedy:0.858
masterpiece:0.85225
brutality:0.8495
great acting:0.8435
enigmatic:0.827
complex:0.82525
twists & turns:0.82525
flashbacks:0.82525
drama:0.82175
secrets:0.81075
great ending:0.8025
twist ending:0.79375
culture clash:0.78775
bleak:0.7835
intense:0.781
visceral:0.77625
childhood:0.75625
vengeance:0.7505
disturbing:0.7385
social commentary:0.7345
oscar (best actress):0.7315
criterion:0.73025
war:0.72975
heartbreaking:0.7275
harsh:0.726
emotional:0.72225
original:0.7195
excellent script:0.70825
brutal:0.7065
psychological:0.704
golden palm:0.69375
complicated:0.69225
sacrifice:0.6805
forceful:0.6795
violence:0.6785
stunning:0.67825
realistic:0.66675
suprisingly clever:0.65825
visually appealing:0.65475
islam:0.64025
idealism:0.637
reflective:0.63425
non-linear:0.63025
wartime:0.62775
revenge:0.62775
runaway:0.62675
movielens top pick:0.62475
psychology:0.624
melancholic:0.621
assassination:0.614
grim:0.60225
tense:0.59925
nonlinear:0.59825
redemption:0.59675
mystery:0.59675
mentor:0.5965
oscar:0.596
great cinematography:0.59025
good acting:0.588
identity:0.587
exceptional acting:0.5845
good soundtrack:0.58175
story:0.57975
intimate:0.578
weird:0.5775
canada:0.5755
photography:0.5735
talky:0.57325
unusual plot structure:0.57025
guilt:0.569
solitude:0.56625
breathtaking:0.5635
beautifully filmed:0.56025
torture:0.55875
violent:0.55775
atmospheric:0.55275
ethnic conflict:0.5485
twist:0.54075
beautiful scenery:0.54025
narrated:0.52575
corruption:0.52275
alternate history:0.51975
oscar (best supporting actress):0.51525
self discovery:0.50825
investigation:0.50375
historical:0.498
poignant:0.49575
love:0.4915
melancholy:0.489
