rock and roll:0.99625
musicians:0.91775
comedy:0.9035
teen movie:0.853
pg-13:0.8395
original:0.78775
teen:0.68725
music business:0.677
funny:0.656
predictable:0.65475
fish:0.6525
crude humor:0.646
high school:0.60225
parody:0.59575
hilarious:0.59475
teens:0.575
good soundtrack:0.565
goofy:0.553
great ending:0.52825
story:0.52825
quotable:0.5195
stereotypes:0.50875
dialogue:0.5075
product placement:0.50525
feel-good:0.4945
unfunny:0.49425
good:0.49225
music:0.48525
silly:0.481
slapstick:0.473
pornography:0.4715
good music:0.47125
destiny:0.4635
anti-hero:0.453
transformation:0.441
drinking:0.44
mentor:0.438
fight scenes:0.43325
feel good movie:0.4235
saturday night live:0.42275
storytelling:0.42025
clever:0.42
family:0.41325
humor:0.4125
fun:0.404
chase:0.39225
catastrophe:0.39175
very funny:0.387
brutality:0.38575
dreams:0.38525
absurd:0.382
twists & turns:0.37875
vengeance:0.3685
entertaining:0.36825
80s:0.36725
adaptation:0.36725
better than expected:0.36525
runaway:0.36375
writers:0.358
redemption:0.357
nocturnal:0.3565
homeless:0.353
great:0.3515
hip hop:0.3495
immortality:0.342
happy ending:0.33775
fun movie:0.335
light:0.3345
great music:0.3335
melancholic:0.3265
rags to riches:0.32075
not funny:0.3205
weird:0.3175
weed:0.316
justice:0.3125
shallow:0.311
bad plot:0.30825
quirky:0.30675
harsh:0.30425
comic:0.303
watch the credits:0.30225
visually stunning:0.30175
life philosophy:0.30175
creativity:0.30025
punk:0.2955
foul language:0.29125
weapons:0.29025
overrated:0.29
plot:0.2885
plot twist:0.2855
stoner movie:0.282
awesome soundtrack:0.28125
fantasy world:0.281
childhood:0.275
humorous:0.2745
internet:0.271
idiotic:0.271
dark hero:0.26925
culture clash:0.267
cool:0.2635
