espionage:0.99925
spying:0.99875
spies:0.994
spy:0.99125
criterion:0.977
adapted from:book:0.9715
cold war:0.95825
downbeat:0.91975
cynical:0.89375
secrets:0.8875
bleak:0.86625
east germany:0.863
black and white:0.844
great acting:0.8405
moral ambiguity:0.84
brainwashing:0.8245
tense:0.81375
betrayal:0.79875
enigmatic:0.78625
imdb top 250:0.78025
original:0.757
complex:0.75625
oscar (best directing):0.73325
grim:0.70775
melancholic:0.705
suspense:0.6845
greed:0.678
secret service:0.67425
talky:0.66725
atmospheric:0.6665
cinematography:0.66525
interesting:0.661
drinking:0.657
berlin:0.641
oscar (best actress):0.63825
cerebral:0.62525
drama:0.62325
surveillance:0.623
german:0.622
adaptation:0.62175
runaway:0.6145
loneliness:0.611
gunfight:0.60775
chase:0.60625
british:0.60025
classic:0.5945
twists & turns:0.5905
idealism:0.57975
dialogue:0.57675
character study:0.57375
storytelling:0.57075
great ending:0.5675
forceful:0.56325
political:0.563
intelligent:0.56
oscar (best supporting actress):0.558
assassination:0.55175
hotel:0.5485
excellent:0.54525
distopia:0.54025
realistic:0.53725
manipulation:0.5335
books:0.533
thriller:0.53275
dramatic:0.53175
1960s:0.52825
culture clash:0.52575
corruption:0.5175
paranoid:0.509
harsh:0.508
gritty:0.5035
photography:0.49825
based on book:0.496
assassin:0.495
london:0.4945
melancholy:0.49125
murder:0.48325
weapons:0.48075
social commentary:0.47175
narrated:0.4715
clever:0.47075
brutality:0.4665
crime gone awry:0.46375
maze:0.46225
suprisingly clever:0.46225
golden palm:0.46125
tragedy:0.461
oscar (best cinematography):0.459
england:0.4575
catastrophe:0.45525
film noir:0.45525
psychological:0.45175
book:0.45075
sexy:0.4495
intense:0.448
good acting:0.44675
tricky:0.4465
breathtaking:0.4425
unusual plot structure:0.44175
politics:0.43925
