horror:0.9785
high school:0.9735
teen movie:0.9635
teen:0.94225
demons:0.898
teens:0.88725
cheerleading:0.88725
sexy:0.861
splatter:0.82225
goth:0.78775
camp:0.754
original:0.7255
teenagers:0.71025
supernatural:0.7
virginity:0.697
dark comedy:0.674
cult film:0.6655
minnesota:0.6495
dialogue:0.6495
good soundtrack:0.639
comedy:0.58775
bloody:0.58625
small town:0.58575
horrible:0.582
teenager:0.57775
nudity (topless - notable):0.577
bad plot:0.5765
weird:0.57275
scary:0.56275
predictable:0.5585
gory:0.53975
cult classic:0.53575
80s:0.52225
so bad it's funny:0.522
unlikely friendships:0.519
devil:0.51
adolescence:0.506
silly fun:0.504
writers:0.501
pornography:0.46725
great ending:0.461
quirky:0.4435
sacrifice:0.44175
overrated:0.43925
fun movie:0.43725
campy:0.434
black comedy:0.42775
stereotypes:0.4235
entirely dialogue:0.42325
ridiculous:0.41225
catastrophe:0.41025
brutality:0.408
zombie:0.40475
dark humor:0.404
blood:0.403
shallow:0.40275
slasher:0.4
mentor:0.3955
werewolves:0.3945
pointless:0.39275
internet:0.38475
girlie movie:0.37975
bad acting:0.377
culture clash:0.367
adaptation:0.35875
friendship:0.35675
pg-13:0.3525
satirical:0.351
awesome soundtrack:0.3485
storytelling:0.34075
quotable:0.337
geek:0.336
nerds:0.33075
runaway:0.3285
first contact:0.32775
erotic:0.32525
narrated:0.32525
dysfunctional family:0.324
drinking:0.32325
stupid as hell:0.32225
violence:0.32175
sexualized violence:0.31925
moral ambiguity:0.31825
melancholic:0.3145
nudity:0.3145
not funny:0.31375
life philosophy:0.31225
death:0.30775
fight scenes:0.305
grindhouse:0.30125
clever:0.29975
cannibalism:0.299
school:0.29675
honest:0.2925
geeks:0.29025
very funny:0.2885
lesbian:0.28225
werewolf:0.28
lame:0.27975
bad:0.279
