criterion:0.96325
dysfunctional family:0.9025
family bonds:0.8985
enigmatic:0.84775
christmas:0.79625
talky:0.74125
holiday:0.68725
reflective:0.63675
grindhouse:0.6195
intimate:0.618
original:0.61625
cancer:0.59675
light:0.57325
melancholic:0.5495
cinematography:0.52775
weird:0.493
complex:0.489
affectionate:0.42475
melancholy:0.424
terminal illness:0.4225
runaway:0.416
unusual plot structure:0.41275
catastrophe:0.4115
off-beat comedy:0.3985
obsession:0.393
culture clash:0.3915
absurd:0.3895
pretentious:0.3895
french:0.3895
stylized:0.37625
bleak:0.368
cerebral:0.36275
mentor:0.35675
death:0.356
relationships:0.352
meditative:0.344
family:0.33525
suicide attempt:0.331
loneliness:0.32775
based on a play:0.32375
dark humor:0.3215
dialogue:0.32125
black comedy:0.32125
life & death:0.31825
drinking:0.318
crime gone awry:0.31
drama:0.30525
sisters:0.305
wistful:0.302
adultery:0.3015
not funny:0.301
atmospheric:0.29225
eccentricity:0.28075
beautiful scenery:0.27425
police investigation:0.274
sarcasm:0.272
family drama:0.27
adaptation:0.26975
boring!:0.269
visually appealing:0.2655
disturbing:0.25925
harsh:0.25425
greed:0.24925
dreamlike:0.246
great ending:0.23975
storytelling:0.2385
macabre:0.23425
quirky:0.23025
breathtaking:0.2295
spying:0.2295
transformation:0.22875
weapons:0.22875
fantasy world:0.228
first contact:0.22725
parenthood:0.22525
too long:0.225
great:0.22425
childhood:0.223
golden palm:0.22225
brothers:0.22225
great acting:0.21875
moody:0.2175
life philosophy:0.21725
guilt:0.21725
existentialism:0.2155
very interesting:0.21425
beautifully filmed:0.2135
entirely dialogue:0.21275
slow:0.2115
pornography:0.21125
satirical:0.21025
biting:0.20725
suprisingly clever:0.2045
divorce:0.2035
solitude:0.20325
secrets:0.20275
character study:0.202
unfunny:0.2015
alter ego:0.201
intellectual:0.2
