notable soundtrack:0.99275
visually appealing:0.9775
imagination:0.9645
visually stunning:0.9265
adventure:0.913
life:0.9095
dreams:0.9035
scenic:0.8815
feel-good:0.867
storytelling:0.836
cinematography:0.82675
amazing cinematography:0.82225
feel good movie:0.821
original:0.81725
visual:0.8085
beautifully filmed:0.78825
whimsical:0.786
destiny:0.783
surreal:0.77975
mentor:0.77875
inspirational:0.77375
good soundtrack:0.7615
story:0.755
fantasy world:0.7475
courage:0.745
reflective:0.7335
existentialism:0.72675
life philosophy:0.7135
pg-13:0.71075
loneliness:0.70225
workplace:0.70125
heartwarming:0.66675
inspiring:0.66325
fantasy:0.66025
melancholic:0.65775
beautiful scenery:0.6555
transformation:0.654
childhood:0.643
travel:0.635
artistic:0.62775
happy ending:0.6045
weird:0.60075
graphic design:0.5935
visuals:0.59175
product placement:0.591
creativity:0.591
comedy:0.591
social commentary:0.58975
great:0.58525
drama:0.5845
cerebral:0.583
breathtaking:0.5815
very funny:0.57375
photography:0.5715
redemption:0.57125
philosophy:0.56525
imdb top 250:0.56375
touching:0.56325
life & death:0.562
survival:0.5455
catastrophe:0.53925
dramatic:0.53625
great acting:0.534
romance:0.53375
stunning:0.52975
dreamlike:0.51425
self discovery:0.51275
quirky:0.50925
underdog:0.509
solitude:0.50575
fight scenes:0.50175
original plot:0.497
first contact:0.49275
special effects:0.49075
space travel:0.49
clever:0.487
good:0.48625
sentimental:0.48325
funny:0.48275
alone in the world:0.47875
beautiful:0.47825
oscar:0.47725
midlife crisis:0.473
thought-provoking:0.47175
friendship:0.47125
earnest:0.47075
love story:0.466
goofy:0.4635
unusual plot structure:0.4625
technology:0.4615
dialogue:0.458
great movie:0.45325
chase:0.4525
great ending:0.45225
runaway:0.45175
bittersweet:0.449
romantic:0.4485
fun movie:0.4455
unlikely friendships:0.44
absurd:0.4395
