world war ii:0.9975
best war films:0.99725
oscar (best cinematography):0.9955
wwii:0.995
war:0.98475
wartime:0.95
fascism:0.9175
dramatic:0.88875
historical:0.88875
realistic:0.88825
germany:0.8755
oscar (best directing):0.861
great ending:0.855
war movie:0.8445
courage:0.8425
nazis:0.83425
tense:0.8335
survival:0.83075
factual:0.80625
history:0.7915
world war i:0.787
german:0.7825
bleak:0.774
original:0.7715
fighting:0.74175
intense:0.74075
movielens top pick:0.73925
realistic action:0.721
brutality:0.718
cinematography:0.7115
anti-war:0.71
grim:0.709
social commentary:0.70625
harsh:0.7035
beautiful scenery:0.7
fight scenes:0.68975
awesome soundtrack:0.68925
sacrifice:0.67025
costume drama:0.666
twists & turns:0.66525
black and white:0.66475
drinking:0.6645
gritty:0.66225
oscar (best supporting actress):0.6545
weapons:0.64225
oscar (best supporting actor):0.63575
runaway:0.63375
epic:0.62875
great:0.62775
nazi:0.625
oscar (best foreign language film):0.61825
honest:0.61775
story:0.61125
complicated:0.5985
ethnic conflict:0.58325
forceful:0.5825
drama:0.57975
atmospheric:0.578
adapted from:book:0.57625
hospital:0.573
gunfight:0.56675
oscar:0.565
earnest:0.56325
allegory:0.56025
idealism:0.55825
pornography:0.556
criterion:0.551
morality:0.54975
true story:0.54575
oscar (best actress):0.54075
imdb top 250:0.5385
propaganda:0.533
high fantasy:0.53225
finnish:0.52975
based on a true story:0.52675
poland:0.5175
moral ambiguity:0.5155
torture:0.5115
claustrophobic:0.5115
oscar winner:0.50875
prejudice:0.508
catastrophe:0.50775
unusual plot structure:0.506
race issues:0.4995
good soundtrack:0.4985
nostalgic:0.49825
good versus evil:0.49825
big budget:0.4965
affectionate:0.4965
sentimental:0.49325
based on true story:0.49075
death:0.49075
unlikely friendships:0.4895
betrayal:0.487
downbeat:0.48475
alter ego:0.48125
complex:0.47725
california:0.47675
beautifully filmed:0.4765
storytelling:0.474
