oscar (best foreign language film):0.994
loneliness:0.96325
criterion:0.96175
poignant:0.96025
masterpiece:0.94975
intimate:0.945
amazing cinematography:0.93875
bleak:0.92775
melancholy:0.90075
enigmatic:0.88825
compassionate:0.8755
golden palm:0.86225
imdb top 250:0.857
tragedy:0.836
artistic:0.83475
emotional:0.82425
relationships:0.822
stylized:0.80725
road movie:0.807
melancholic:0.80275
black and white:0.7815
character study:0.76825
touching:0.763
reflective:0.755
oscar (best actress):0.754
allegory:0.744
talky:0.73625
italian:0.73425
meditative:0.72925
oscar (best directing):0.7275
original:0.7275
love story:0.7245
heartbreaking:0.7225
affectionate:0.7215
downbeat:0.71225
breathtaking:0.7055
great acting:0.705
redemption:0.693
bittersweet:0.69025
social commentary:0.68475
love:0.68225
surreal:0.68225
brutality:0.682
silent:0.68
foreign:0.67525
atmospheric:0.66275
dreamlike:0.6605
whimsical:0.659
weird:0.6575
cinematography:0.6535
classic:0.637
good soundtrack:0.63325
great ending:0.62175
harsh:0.61525
nocturnal:0.61525
humanity:0.61125
cerebral:0.6065
beautifully filmed:0.5995
italy:0.597
ironic:0.59325
sentimental:0.58825
grim:0.581
art:0.5795
suprisingly clever:0.578
oscar (best supporting actress):0.57725
beautiful scenery:0.577
life philosophy:0.57125
great:0.5695
culture clash:0.56875
runaway:0.56475
childhood:0.56375
dialogue:0.553
storytelling:0.54525
vengeance:0.52975
drama:0.52875
artist:0.5275
friendship:0.52625
realistic:0.52175
passionate:0.5165
gunfight:0.51625
existentialism:0.51375
narrated:0.51125
forceful:0.51125
perfect:0.5095
solitude:0.50925
visceral:0.50725
drinking:0.501
surrealism:0.49975
honest:0.495
sad:0.4945
visually stunning:0.493
life:0.485
sweet:0.48325
transformation:0.481
movielens top pick:0.4765
visually appealing:0.469
heartwarming:0.46575
unlikely friendships:0.4645
biting:0.4585
good acting:0.45525
