alien:0.982
aliens:0.97775
alien invasion:0.956
based on a book:0.951
special effects:0.9365
big budget:0.93425
sci fi:0.865
first contact:0.86325
scifi:0.85325
sci-fi:0.83975
spielberg:0.782
so bad it's funny:0.774
bad acting:0.7715
catastrophe:0.74175
original:0.737
dialogue:0.723
story:0.72075
dynamic cgi action:0.703
natural disaster:0.6945
survival:0.68075
adapted from:book:0.65575
plot:0.65175
effects:0.65125
horrible:0.6495
disaster:0.62725
good acting:0.61925
pg-13:0.61475
adaptation:0.60375
mars:0.60325
weapons:0.6005
visually appealing:0.59825
intense:0.588
good:0.5865
science fiction:0.585
bad plot:0.57675
redemption:0.5475
family:0.54475
shallow:0.535
plot holes:0.53075
action:0.5285
bad script:0.52675
better than expected:0.52625
great ending:0.5185
cgi:0.50675
pointless:0.50625
storytelling:0.50225
happy ending:0.4955
betrayal:0.49375
best of 2005:0.49225
single father:0.484
low budget:0.48225
awful:0.48125
visually stunning:0.477
creativity:0.476
visual:0.47425
action packed:0.472
lame:0.47175
predictable:0.46575
mentor:0.46375
technology:0.462
destiny:0.4575
culture clash:0.45275
war:0.44975
suspense:0.43675
transformation:0.4365
space:0.43175
not funny:0.43125
superheroes:0.42075
bad cgi:0.418
writers:0.40925
fantasy world:0.40525
forceful:0.40475
beautiful scenery:0.4045
chase:0.3985
exciting:0.39225
greed:0.3775
franchise:0.37275
based on book:0.37125
interesting:0.3685
dinosaurs:0.35675
unfunny:0.35525
script:0.352
bad ending:0.34725
bad science:0.34625
apocalypse:0.345
android(s)/cyborg(s):0.34375
remake:0.3385
alone in the world:0.33825
entirely dialogue:0.33625
absurd:0.33375
great:0.33375
idiotic:0.32925
mythology:0.32825
dramatic:0.3255
virus:0.3235
runaway:0.32275
book was better:0.3195
oscar (best directing):0.3175
solitude:0.31675
brutality:0.316
