sexual:0.9385
erotic:0.90775
murder mystery:0.90525
nudity (rear):0.901
sex:0.896
san francisco:0.89575
sexy:0.8895
pornography:0.881
nudity (topless - brief):0.8505
mystery:0.79525
stylish:0.75175
detective:0.71975
chase:0.71875
murder:0.7055
blindness:0.69825
car chase:0.687
original:0.68225
police investigation:0.659
thriller:0.64875
voyeurism:0.6435
corruption:0.62425
investigation:0.61775
betrayal:0.59375
dialogue:0.57975
nudity:0.5525
conspiracy:0.54575
manipulation:0.53675
lawyer:0.534
psychiatrist:0.531
sexuality:0.5245
prostitution:0.5095
predictable:0.50675
mentor:0.5035
violence:0.4965
nudity (topless - notable):0.49475
obsession:0.4935
cars:0.48925
brutality:0.48825
very interesting:0.486
nudity (full frontal - brief):0.479
bad ending:0.47825
sexualized violence:0.4755
shallow:0.46525
adultery:0.4645
plot:0.46275
good:0.46
great ending:0.445
nudity (full frontal - notable):0.43375
suspense:0.41925
great acting:0.41175
so bad it's funny:0.4065
twists & turns:0.40375
catastrophe:0.396
life philosophy:0.39575
complex:0.38925
plot twist:0.3865
first contact:0.3835
adaptation:0.373
fight scenes:0.36675
justice:0.36475
big budget:0.3645
weapons:0.36375
twist ending:0.362
guilt:0.35825
intense:0.352
spying:0.3515
nudity (topless):0.3485
not funny:0.34475
vengeance:0.344
entirely dialogue:0.343
storytelling:0.34225
destiny:0.34
internet:0.3395
good action:0.3365
action:0.33325
script:0.333
bad:0.32975
lawyers:0.32575
realistic action:0.3195
secrets:0.3175
dysfunctional family:0.316
story:0.31525
bad plot:0.31425
runaway:0.3085
cinematography:0.308
serial killer:0.30575
revenge:0.30075
twist:0.3005
bad acting:0.3
fantasy world:0.29925
lone hero:0.2965
passionate:0.29625
interesting:0.294
surprise ending:0.294
visual:0.292
plot holes:0.2905
overrated:0.289
bad script:0.28775
greed:0.28775
culture clash:0.28725
