mafia:0.92175
gangsters:0.874
hit men:0.8555
gangster:0.77
original:0.72125
dialogue:0.632
so bad it's funny:0.62675
parody:0.614
gypsy accent:0.5975
life & death:0.59675
mob:0.4985
allegory:0.4765
stylish:0.4725
betrayal:0.46975
entirely dialogue:0.46775
surreal:0.4665
quirky:0.46475
great ending:0.4385
god:0.43825
silly fun:0.43475
brutality:0.41225
organized crime:0.394
life philosophy:0.3935
catastrophe:0.39
stylized:0.38825
london:0.3805
independent film:0.379
crude humor:0.376
very funny:0.37175
good soundtrack:0.3595
predictable:0.35775
violence:0.354
cult film:0.34825
fun movie:0.346
pulp:0.342
melancholic:0.33775
romance:0.323
mentor:0.32
crime:0.313
fight scenes:0.30375
storytelling:0.3035
graphic design:0.303
adaptation:0.30275
violent:0.29475
justice:0.29375
fun:0.2915
crime gone awry:0.28825
fantasy world:0.288
disaster:0.28775
parallel universe:0.2865
black comedy:0.2855
comedy:0.2795
not funny:0.27275
clever:0.26875
dark hero:0.266
off-beat comedy:0.26525
multiple storylines:0.265
pointless:0.262
farce:0.261
hard to watch:0.2605
mental illness:0.26
overrated:0.2595
cult classic:0.2595
weird:0.2555
great:0.25525
solitude:0.255
first contact:0.2535
splatter:0.25175
unfunny:0.24725
campy:0.24725
dark comedy:0.24625
quotable:0.24475
dystopic future:0.23175
narrated:0.231
bad plot:0.2305
existentialism:0.23025
destiny:0.22775
sexy:0.22725
twists & turns:0.227
lone hero:0.2265
weapons:0.2265
absurd:0.22625
ironic:0.22375
nudity (topless - brief):0.22325
ensemble cast:0.223
hotel:0.22275
revenge:0.22275
redemption:0.221
1930s:0.221
underrated:0.219
immortality:0.2175
runaway:0.2165
view askew:0.21575
author:alan moore:0.21425
hitman:0.209
cinematography:0.209
pornography:0.208
oscar winner:0.208
gunfight:0.207
jesus:0.20675
