apocalypse:0.993
video game adaptation:0.9925
virus:0.99225
based on a video game:0.99075
adapted from:game:0.977
post-apocalyptic:0.97325
zombies:0.97225
zombie:0.9705
video game:0.96175
post apocalyptic:0.949
computer game:0.94875
action:0.926
franchise:0.845
end of the world:0.84075
action packed:0.828
videogame:0.82225
fight scenes:0.8085
clones:0.805
mutants:0.75625
good action:0.728
big budget:0.727
splatter:0.6955
video games:0.67725
original:0.677
special effects:0.674
survival:0.6525
better than expected:0.6465
cloning:0.63225
cool:0.595
bad cgi:0.59225
catastrophe:0.5785
so bad it's funny:0.575
pg-13:0.5675
based on a comic:0.561
gory:0.545
las vegas:0.52
life philosophy:0.5175
dialogue:0.5065
superheroes:0.50025
mad scientist:0.49425
desert:0.4875
lone hero:0.485
transformation:0.48125
predictable:0.4745
motorcycle:0.4695
bad acting:0.468
bad plot:0.463
good:0.4535
sequels:0.45025
alaska:0.446
fighting:0.44475
trilogy:0.4445
genetics:0.4395
horror:0.438
natural disaster:0.43175
great ending:0.42425
super hero:0.413
blood:0.4075
heroine in tight suit:0.4065
dynamic cgi action:0.39975
mentor:0.39375
plot:0.392
weapons:0.3915
sci-fi:0.386
entertaining:0.38125
silly fun:0.38
plot holes:0.3795
stupid:0.37525
good soundtrack:0.374
sci fi:0.36975
nudity (full frontal - brief):0.3695
story:0.35825
horrible:0.357
good sequel:0.3535
fast paced:0.35025
werewolves:0.348
monster:0.34275
disaster:0.3395
exciting:0.32625
silly:0.32325
chase:0.32325
pointless:0.3215
sequel:0.32
bad ending:0.32
ridiculous:0.3185
disappointing:0.3135
scifi:0.3025
grindhouse:0.2995
dystopia:0.29875
mythology:0.2945
supernatural:0.29225
idiotic:0.29025
stupid as hell:0.28375
entirely dialogue:0.282
creativity:0.279
revenge:0.275
adaptation:0.27325
crappy sequel:0.27275
brutality:0.26525
superhero:0.2645
