franchise:0.98775
super-hero:0.9865
superhero:0.98025
alter ego:0.95975
super hero:0.95875
bad plot:0.93875
based on a comic:0.91775
superheroes:0.91075
comic book:0.89675
comics:0.80575
good sequel:0.80225
adapted from:comic:0.7935
sequel:0.79025
original:0.73375
special effects:0.7065
silly:0.66525
series:0.648
computers:0.60225
dc comics:0.58775
slapstick:0.5845
sequels:0.57375
predictable:0.57025
awesome soundtrack:0.56725
action:0.5635
mentor:0.56
plot holes:0.55325
ridiculous:0.55125
bad science:0.5295
crappy sequel:0.5255
big budget:0.51075
camp:0.51075
technology:0.50775
so bad it's funny:0.501
storytelling:0.495
solitude:0.49475
fun movie:0.493
good:0.49075
so bad it's good:0.474
weapons:0.468
bad:0.46125
campy:0.46125
adventure:0.45825
comedy:0.4575
great ending:0.45675
70mm:0.44725
fight scenes:0.442
disaster:0.43375
dialogue:0.43
immortality:0.42925
pulp:0.42525
silly fun:0.423
catastrophe:0.42125
great:0.414
horrible:0.41275
bad cgi:0.40775
fantasy:0.40775
fantasy world:0.4075
video game:0.40225
adaptation:0.39775
destiny:0.385
hackers:0.3845
fun:0.38325
first contact:0.3815
lame:0.3745
mythology:0.3735
unfunny:0.3685
computer game:0.36475
brutality:0.36175
cool:0.354
childhood:0.34975
fighting:0.347
science fiction:0.3465
life philosophy:0.3305
family:0.33025
pg-13:0.3265
comic book adaption:0.3255
sci fi:0.32375
light:0.32225
humorous:0.319
action packed:0.3185
not funny:0.3185
watch the credits:0.3175
overrated:0.30975
creativity:0.30675
comic:0.3045
idiotic:0.30425
good action:0.304
dynamic cgi action:0.2985
natural disaster:0.296
redemption:0.29225
runaway:0.28975
justice:0.2875
story:0.2835
culture clash:0.2825
shallow:0.27975
bad script:0.2775
entirely dialogue:0.2775
multiple storylines:0.277
vengeance:0.2765
awful:0.2765
