fake documentary:0.98275
alien:0.9625
aliens:0.95975
alaska:0.914
scary:0.80675
true story:0.80575
conspiracy theory:0.80075
original:0.777
first contact:0.76725
based on true story:0.76525
alien invasion:0.761
based on a true story:0.66
sci-fi:0.64925
horror:0.599
factual:0.591
sci fi:0.561
great ending:0.5585
bad acting:0.55325
story:0.5295
plot holes:0.526
weird:0.52525
catastrophe:0.52075
internet:0.50725
splatter:0.5065
predictable:0.5
dialogue:0.49925
supernatural:0.48625
mentor:0.48025
disturbing:0.4765
so bad it's funny:0.45575
antarctica:0.454
idiotic:0.45175
effects:0.448
psychology:0.44025
space:0.43225
special effects:0.43175
storytelling:0.4255
death:0.4145
fantasy world:0.41225
brutality:0.39925
creepy:0.3885
ridiculous:0.388
bad ending:0.3855
bad science:0.38375
brainwashing:0.379
suspense:0.37725
psychological:0.37625
fbi:0.37475
conspiracy:0.37325
not funny:0.36775
good:0.365
silly:0.36375
psychiatry:0.36325
bad plot:0.35825
good soundtrack:0.35325
cinematography:0.34975
parallel universe:0.34675
absurd:0.34625
life philosophy:0.34175
stylized:0.339
natural disaster:0.338
silly fun:0.33725
intense:0.32925
adaptation:0.32875
scifi:0.3285
god:0.32425
technology:0.3225
police investigation:0.31625
interesting:0.311
beautiful scenery:0.31075
pornography:0.3105
clever:0.3105
greed:0.306
mockumentary:0.304
justice:0.302
plot:0.30175
great:0.30175
insanity:0.2985
family:0.296
thought-provoking:0.29475
space travel:0.2935
transformation:0.29325
suspenseful:0.29275
murder:0.29225
slapstick:0.28825
dramatic:0.28675
unfunny:0.28475
pointless:0.28175
runaway:0.28025
cerebral:0.28
writers:0.2785
bad cgi:0.27675
violence:0.27325
fight scenes:0.27275
torture:0.269
pg-13:0.26825
entirely dialogue:0.26725
big budget:0.2655
witch:0.26525
demons:0.2625
