romantic comedy:0.99225
wedding:0.953
chick flick:0.94275
romantic:0.92625
happy ending:0.84825
girlie movie:0.828
cute!:0.78575
romance:0.78575
relationships:0.763
predictable:0.7575
shopping:0.7125
cute:0.6825
love story:0.67175
good soundtrack:0.6555
destiny:0.63875
good romantic comedies:0.627
sweet:0.6265
women:0.6245
feel-good:0.6225
original:0.5445
shallow:0.54175
sexy:0.5345
bad plot:0.505
fun movie:0.4935
internet:0.47425
catastrophe:0.469
mentor:0.4635
feel good movie:0.4515
life philosophy:0.4345
marriage:0.41575
light:0.40675
great ending:0.40175
dialogue:0.394
stereotypes:0.38975
unfunny:0.37575
nudity (rear):0.36975
teen movie:0.367
cheating:0.36675
pg-13:0.364
manipulation:0.3615
horrible:0.358
very funny:0.35475
so bad it's funny:0.35325
family:0.35275
story:0.34575
betrayal:0.341
spying:0.34075
natural disaster:0.3365
lone hero:0.335
plot:0.3335
culture clash:0.33175
pornography:0.32675
quirky:0.3245
thought-provoking:0.318
not funny:0.30575
first contact:0.30275
fantasy world:0.30225
unlikely friendships:0.3005
great:0.3005
funny:0.29425
overrated:0.29275
comedy:0.2925
disaster:0.29025
runaway:0.28175
divorce:0.27775
greed:0.277
brutality:0.2765
justice:0.2755
new jersey:0.27525
sacrifice:0.27175
adaptation:0.26725
nudity (full frontal - brief):0.26525
unrealistic:0.265
silly:0.26475
new york city:0.2625
writers:0.25825
bad ending:0.25575
chase:0.24825
interesting:0.2465
crude humor:0.246
fun:0.24525
sex:0.24525
better than expected:0.244
entirely dialogue:0.24375
good:0.241
vengeance:0.241
big budget:0.23925
nudity (topless - notable):0.239
fight scenes:0.2385
very interesting:0.23325
visually appealing:0.229
childhood:0.228
dysfunctional family:0.2235
high school:0.2155
suspense:0.214
great acting:0.21275
friendship:0.2125
criterion:0.21175
bad:0.21125
guilty pleasure:0.207
