adventure:0.81225
family:0.76275
childhood:0.748
greed:0.745
children:0.709
original:0.6475
fun movie:0.6055
great ending:0.584
catastrophe:0.56175
kids:0.555
destiny:0.54475
fun:0.54075
sentimental:0.53125
mentor:0.50525
storytelling:0.503
so bad it's funny:0.49875
silly:0.495
good:0.49325
good soundtrack:0.4855
story:0.48075
goofy:0.47225
natural disaster:0.4595
kids and family:0.4475
silly fun:0.4215
chase:0.414
great:0.4125
beautiful scenery:0.4115
culture clash:0.40275
texas:0.4015
predictable:0.387
dialogue:0.382
life philosophy:0.37875
disaster:0.3715
irish accent:0.3575
bad cgi:0.34925
big budget:0.347
desert:0.342
not funny:0.33775
nostalgic:0.3365
nudity (full frontal - brief):0.3315
underdog:0.329
brutality:0.32575
fantasy world:0.325
multiple storylines:0.3225
entertaining:0.3185
runaway:0.3135
first contact:0.313
classic car:0.313
feel-good:0.30875
fantasy:0.3005
adaptation:0.2975
dreams:0.29
pornography:0.28925
justice:0.27775
disney:0.27625
adoption:0.27575
lone hero:0.27125
overrated:0.2645
humor:0.2615
unfunny:0.25775
crude humor:0.25675
cinematography:0.254
pulp:0.25225
vengeance:0.251
adapted from:book:0.24975
cheesy:0.24925
betrayal:0.24925
heartwarming:0.2485
police investigation:0.24725
quirky:0.246
clever:0.2455
redemption:0.245
unlikely friendships:0.24425
entirely dialogue:0.24325
bad ending:0.243
life:0.24125
cute!:0.2405
southern theme:0.23975
transformation:0.23675
dumb:0.23625
books:0.236
california:0.235
friendship:0.234
very funny:0.2335
alternate history:0.23125
suprisingly clever:0.23075
visually appealing:0.2305
violence:0.22925
unusual plot structure:0.22825
bad plot:0.22825
happy ending:0.22575
fight scenes:0.22425
slapstick:0.224
melancholic:0.2235
solitude:0.223
honest:0.22175
grindhouse:0.22025
lions:0.22025
oscar (best directing):0.2195
shallow:0.21925
