mentor:0.914
girlie movie:0.83575
fun movie:0.83475
rags to riches:0.8245
romantic:0.8095
happy ending:0.801
love story:0.794
romantic comedy:0.747
80s:0.727
predictable:0.72675
feel-good:0.7265
cool:0.71975
romance:0.71325
new york city:0.698
entertaining:0.68475
original:0.68275
sexy:0.665
shopping:0.66125
teen movie:0.649
good:0.64
destiny:0.63925
1980s:0.61675
chick flick:0.60775
goofy:0.59425
fantasy:0.5835
shallow:0.5815
women:0.58
feel good movie:0.5775
silly fun:0.572
fun:0.5565
dialogue:0.55225
internet:0.5445
chase:0.53725
guilty pleasure:0.52475
catastrophe:0.50425
greed:0.49675
betrayal:0.494
nostalgic:0.483
great ending:0.4775
teen:0.47725
drinking:0.4755
pg-13:0.47075
life philosophy:0.469
natural disaster:0.46675
relationships:0.4665
new york:0.466
underdog:0.46275
love:0.4605
plot:0.45775
great:0.4575
good soundtrack:0.44975
runaway:0.44475
business:0.43575
redemption:0.41825
storytelling:0.41775
good action:0.41225
dreams:0.409
stereotypes:0.4005
lame:0.3905
underrated:0.3875
so bad it's funny:0.386
family:0.38525
good romantic comedies:0.3755
college:0.3755
bad plot:0.374
fantasy world:0.3715
loneliness:0.36775
oscar winner:0.3655
lone hero:0.36475
cheesy:0.36175
story:0.35825
nudity (topless - notable):0.35575
first contact:0.35425
corny:0.35425
silly:0.35175
death:0.34825
overrated:0.345
fast paced:0.34
island:0.3375
bad:0.3305
unlikely friendships:0.33025
great acting:0.33025
existentialism:0.33
bad acting:0.3285
capitalism:0.328
earnest:0.3275
vengeance:0.32475
disaster:0.319
nudity (topless):0.3175
big budget:0.3165
action packed:0.315
erotic:0.312
teens:0.30625
entirely dialogue:0.303
sports:0.3
friendship:0.2995
great movie:0.29875
action:0.29825
brutality:0.29775
cute!:0.29425
