criterion:0.98725
bleak:0.93675
enigmatic:0.9345
weird:0.90825
intimate:0.90175
hit men:0.899
meditative:0.8855
downbeat:0.844
existentialism:0.81425
gangsters:0.807
reflective:0.80625
character study:0.79575
loneliness:0.795
golden palm:0.78025
talky:0.7745
stylized:0.7685
gangster:0.7645
melancholic:0.75625
cynical:0.75
hallucinatory:0.74775
mob:0.66825
pornography:0.6585
melancholy:0.6485
neo-noir:0.638
claustrophobic:0.63325
surreal:0.6305
crime gone awry:0.62775
harsh:0.61375
art house:0.60725
drinking:0.59375
original:0.5875
runaway:0.5855
dialogue:0.58425
grindhouse:0.5815
tense:0.5785
grim:0.57775
life philosophy:0.561
breathtaking:0.5605
strippers:0.558
entirely dialogue:0.5525
unusual plot structure:0.547
lynch:0.544
nudity (topless - notable):0.53675
suprisingly clever:0.51875
affectionate:0.515
strange:0.51325
noir:0.505
gunfight:0.50475
nocturnal:0.50025
artsy:0.49775
pretentious:0.48975
ominous:0.48875
indie:0.4845
dark humor:0.4815
culture clash:0.47825
visceral:0.47525
masterpiece:0.475
catastrophe:0.4745
pointless:0.4715
cerebral:0.47025
disturbing:0.46925
social commentary:0.46875
cinematography:0.4625
gambling:0.46075
atmospheric:0.4585
mafia:0.45825
complex:0.451
stylish:0.44925
surrealism:0.44675
visually stunning:0.44225
cult classic:0.436
film noir:0.43575
life & death:0.4255
murder:0.42525
anti-hero:0.42175
paranoid:0.41675
classic car:0.41525
dreamlike:0.41275
poetry:0.41075
crime:0.401
greed:0.38725
quirky:0.38575
intellectual:0.38275
slow:0.381
brutality:0.38025
visually appealing:0.373
california:0.3675
off-beat comedy:0.363
very interesting:0.361
obsession:0.3605
biting:0.3595
independent film:0.359
forceful:0.35625
pulp:0.354
storytelling:0.3485
good soundtrack:0.34725
great ending:0.3465
black comedy:0.34625
nudity (full frontal - notable):0.34325
visual:0.34275
