based on a book:0.9985
werewolves:0.99675
werewolf:0.96075
based on book:0.94625
adapted from:book:0.921
teen:0.89
teen movie:0.874
books:0.8555
book was better:0.84025
adaptation:0.75625
book:0.73475
original:0.696
horrible:0.671
predictable:0.6455
vampire human love:0.6245
high school:0.6235
teens:0.61375
bad cgi:0.6085
special effects:0.602
so bad it's funny:0.59225
fight scenes:0.58425
pg-13:0.57425
goth:0.5675
supernatural:0.559
bad acting:0.548
vampires:0.54325
better than expected:0.52275
dialogue:0.50225
catastrophe:0.48175
story:0.474
romance:0.47225
pointless:0.4575
destiny:0.45425
great ending:0.43975
splatter:0.428
silly:0.42425
action:0.41525
mythology:0.41025
life philosophy:0.4005
horror:0.3975
family:0.397
lone hero:0.3945
bad plot:0.39275
fantasy:0.39225
transformation:0.391
stupid as hell:0.38725
not funny:0.38075
mentor:0.3735
camp:0.37025
sexy:0.367
vampire:0.3605
scary:0.35175
chocolate:0.336
campy:0.3315
love story:0.32475
gothic:0.3205
beautiful scenery:0.31675
fantasy world:0.3155
runaway:0.31225
girlie movie:0.30775
first contact:0.30375
chase:0.299
natural disaster:0.28875
bad:0.2845
visually stunning:0.27925
ridiculous:0.2785
vengeance:0.27425
survival:0.2715
stereotypes:0.26975
unfunny:0.2655
distopia:0.26325
big budget:0.26175
shallow:0.261
idiotic:0.25625
romantic:0.256
good soundtrack:0.25575
slapstick:0.255
happy ending:0.25325
silly fun:0.2495
overrated:0.248
nudity (topless - notable):0.24725
cheesy:0.2465
weird:0.24625
action packed:0.246
cinematography:0.24525
heroine in tight suit:0.243
brutality:0.2425
betrayal:0.23575
humanity:0.23525
witches:0.233
good:0.232
visually appealing:0.23
lame:0.229
sci fi:0.2285
maze:0.228
dumb but funny:0.223
entirely dialogue:0.2225
no plot:0.22025
made for tv:0.21525
adventure:0.215
