road trip:0.98475
road movie:0.93775
indie:0.9285
coming of age:0.918
relationships:0.9095
original:0.8875
melancholic:0.8795
mentor:0.8765
independent film:0.8625
quirky:0.8615
good soundtrack:0.838
cinematography:0.831
adolescence:0.8105
realistic:0.77975
idealism:0.776
narrated:0.762
cars:0.738
criterion:0.73525
runaway:0.73425
friendship:0.73225
depression:0.721
excellent script:0.71675
treasure hunt:0.7145
storytelling:0.7135
bittersweet:0.70775
complex:0.6965
destiny:0.69425
social commentary:0.694
very interesting:0.694
talky:0.66375
dark hero:0.6605
life philosophy:0.65975
adapted from:book:0.65475
sweet:0.65375
harsh:0.65275
visually appealing:0.6455
off-beat comedy:0.64375
reflective:0.636
enigmatic:0.62525
pornography:0.62225
melancholy:0.62025
high school:0.6195
loneliness:0.61675
new jersey:0.61275
art house:0.61225
depressing:0.611
dark humor:0.5945
women:0.5915
nudity (topless - notable):0.59075
corruption:0.58925
justice:0.5845
dysfunctional family:0.582
male nudity:0.57275
drinking:0.57
redemption:0.5665
intimate:0.56575
secrets:0.56425
crime gone awry:0.56025
unlikely friendships:0.55875
writers:0.55875
moody:0.55775
california:0.556
downbeat:0.5545
nudity (topless - brief):0.55425
great:0.54575
oscar (best supporting actress):0.542
weird:0.541
death:0.5405
mental illness:0.538
drugs:0.53075
bleak:0.523
great acting:0.5195
drama:0.516
notable soundtrack:0.51525
life & death:0.508
great soundtrack:0.505
oscar (best directing):0.504
dark:0.504
dialogue:0.5005
suicide attempt:0.49825
childhood:0.49725
sexualized violence:0.49675
oscar (best actress):0.49575
romance:0.494
classic car:0.49375
potential oscar nom:0.49225
good dialogue:0.48975
culture clash:0.48875
cerebral:0.48725
teen:0.487
workplace:0.484
ironic:0.4815
underrated:0.48075
philosophy:0.47675
brutality:0.4755
affectionate:0.47325
happy ending:0.47
stylized:0.46925
life:0.4685
multiple storylines:0.46725
