action:0.9685
espionage:0.9455
action packed:0.94375
good action:0.933
fast paced:0.92375
gunfight:0.8635
realistic action:0.827
fight scenes:0.82125
spying:0.7745
assassin:0.7495
chase:0.74925
car chase:0.6915
explosions:0.6845
spy:0.683
paris:0.682
plot:0.669
assassination:0.6515
absurd:0.639
pg-13:0.63625
original:0.63525
guns:0.6105
revenge:0.608
weapons:0.6025
vengeance:0.6005
silly fun:0.5955
secret service:0.595
violence:0.5825
silly:0.57875
predictable:0.57875
dialogue:0.55425
wuxia:0.549
life philosophy:0.54
entertaining:0.53925
mentor:0.53875
cool:0.5385
hitman:0.52225
surveillance:0.5205
lone hero:0.50975
buddy movie:0.49
islam:0.48975
spies:0.4855
terrorism:0.46325
assassins:0.463
big budget:0.46175
betrayal:0.45925
good soundtrack:0.45875
catastrophe:0.43225
violent:0.425
ninja:0.4185
pulp:0.4055
anti-hero:0.395
twists & turns:0.3925
cia:0.39125
great ending:0.3905
unrealistic:0.3835
murder:0.37925
ridiculous:0.37575
brutality:0.37375
fun movie:0.37125
story:0.37025
storytelling:0.3625
happy ending:0.3575
arms dealer:0.35525
classic car:0.351
franchise:0.34825
better than expected:0.337
conspiracy:0.33125
culture clash:0.33025
splatter:0.33025
not funny:0.32675
first contact:0.324
bad plot:0.32375
male nudity:0.32175
hit men:0.321
plot twist:0.321
stereotypes:0.3195
good:0.31625
overrated:0.3125
entirely dialogue:0.31225
romance:0.3115
gangsters:0.308
redemption:0.30575
bad ending:0.3055
over the top:0.30125
sexy:0.298
secrets:0.296
plot holes:0.2895
foul language:0.2885
drugs:0.288
writers:0.287
no plot:0.28675
runaway:0.2865
bad acting:0.28625
stylish:0.285
fun:0.2845
beautiful scenery:0.28325
romantic comedy:0.28075
justice:0.2765
clever:0.2755
kick-butt women:0.27325
