love story:0.9885
bittersweet:0.9715
romance:0.95375
romantic:0.9515
adultery:0.941
passionate:0.93525
sentimental:0.9185
chick flick:0.86525
emotional:0.81625
love:0.80575
touching:0.7955
beautiful scenery:0.764
heartbreaking:0.764
intimate:0.752
relationships:0.751
tear jerker:0.72575
heartwarming:0.71575
poignant:0.704
sacrifice:0.6985
adapted from:book:0.69625
original:0.677
sappy:0.662
melancholic:0.66125
beautifully filmed:0.64375
infidelity:0.6275
catastrophe:0.59525
destiny:0.592
marriage:0.58725
life philosophy:0.57625
wistful:0.5715
life & death:0.56775
death:0.55275
story:0.5225
family:0.5115
beautiful:0.50925
intense:0.508
loneliness:0.504
based on a book:0.49675
cheating:0.47725
oscar (best directing):0.47475
adaptation:0.4725
sweet:0.47125
feel-good:0.4675
great acting:0.467
drama:0.465
great:0.45975
cinematography:0.45675
dialogue:0.456
divorce:0.45575
honest:0.449
women:0.4435
culture clash:0.44325
breathtaking:0.4345
sad:0.4315
runaway:0.4295
happy ending:0.427
exceptional acting:0.41
tragedy:0.4075
storytelling:0.4045
mentor:0.40425
great ending:0.40225
oscar (best actress):0.4015
sad but good:0.4005
compassionate:0.3975
good:0.3965
simple:0.39125
nostalgic:0.391
erotic:0.389
betrayal:0.38775
girlie movie:0.3845
book:0.3825
not funny:0.37975
life:0.35975
transformation:0.35575
feel good movie:0.3545
earnest:0.35125
light:0.34875
enigmatic:0.3455
pg-13:0.34425
affectionate:0.34025
photographer:0.3345
good soundtrack:0.3315
reflective:0.33125
aging:0.33075
first contact:0.32675
based on book:0.32425
children:0.31425
based on true story:0.313
romantic comedy:0.3125
natural disaster:0.3095
period piece:0.30925
literature:0.309
whimsical:0.309
oscar (best supporting actress):0.3005
predictable:0.29275
secrets:0.2905
visually stunning:0.28975
justice:0.287
entirely dialogue:0.2835
good acting:0.28225
