football:0.9955
sports:0.98525
race issues:0.9745
feel good movie:0.961
based on true story:0.95025
feel-good:0.94675
based on a true story:0.939
inspiring:0.935
high school:0.9295
inspirational:0.9245
segregation:0.91975
true story:0.88975
mentor:0.87475
drama:0.87325
great movie:0.865
excellent:0.85325
great acting:0.84275
good:0.823
friendship:0.804
unlikely friendships:0.803
racism:0.80075
social commentary:0.7525
great:0.73425
oscar (best picture):0.7275
pg-13:0.7265
very good:0.722
prejudice:0.72025
good soundtrack:0.7165
girlie movie:0.70625
stereotypes:0.69675
dramatic:0.6825
oscar winner:0.65325
courage:0.64975
underdog:0.64025
good acting:0.6395
fun movie:0.63775
factual:0.63225
original:0.6235
sentimental:0.61175
destiny:0.611
race:0.6105
touching:0.6065
camp:0.5955
oscar (best actor):0.5865
honest:0.58075
oscar:0.572
story:0.56875
life philosophy:0.56825
corruption:0.56775
catastrophe:0.56725
intense:0.55325
entertaining:0.54925
culture clash:0.5485
teen:0.54775
transformation:0.53775
happy ending:0.53775
school:0.53525
realistic:0.52875
new jersey:0.5245
interesting:0.51975
runaway:0.51125
soccer:0.50875
heartwarming:0.5075
great ending:0.5025
small town:0.489
romantic comedy:0.47975
oscar (best supporting actress):0.4785
1970s:0.47575
predictable:0.473
excellent script:0.4725
oscar (best actress):0.47175
sacrifice:0.46975
survival:0.4685
good story:0.467
earnest:0.4655
fun:0.46475
big budget:0.46075
teen movie:0.4575
forceful:0.457
chick flick:0.453
cool:0.44675
justice:0.4415
family:0.4365
redemption:0.435
dialogue:0.4345
action:0.43425
oscar (best directing):0.41675
kids:0.41125
underrated:0.40225
us history:0.39825
childhood:0.3925
teacher:0.3915
historical:0.39
good action:0.38275
racing:0.38125
history:0.37825
corny:0.3765
awesome:0.3725
better than expected:0.3715
betrayal:0.36975
