franchise:0.9905
sequels:0.969
comedy:0.95925
good sequel:0.944
police:0.9075
goofy:0.877
sequel:0.8545
silly fun:0.8345
original:0.826
funny:0.8085
crime:0.79
dumb:0.722
camp:0.7045
bad plot:0.677
crappy sequel:0.665
80s:0.64175
predictable:0.635
funny as hell:0.635
nostalgia:0.60625
so bad it's funny:0.59325
pg-13:0.591
slapstick:0.579
very funny:0.57525
silly:0.5615
series:0.552
lame:0.528
stupid:0.5045
fun movie:0.5
mentor:0.48675
good:0.4865
pointless:0.482
idiotic:0.4815
dumb but funny:0.48
stupid as hell:0.47875
family:0.47775
great ending:0.462
vengeance:0.44825
fight scenes:0.44575
humorous:0.44025
unfunny:0.434
gangsters:0.43175
catastrophe:0.43125
notable nudity:0.4115
dialogue:0.403
gangs:0.402
hilarious:0.40075
life philosophy:0.39975
original plot:0.3945
fantasy world:0.389
brutality:0.38525
classic:0.37575
revenge:0.3675
first contact:0.35875
fun:0.355
stupidity:0.355
culture clash:0.3525
underdog:0.3495
crude humor:0.34875
overrated:0.34475
parody:0.34475
chase:0.34
horrible:0.33225
pornography:0.3315
good action:0.32675
not funny:0.3255
harsh:0.323
cult classic:0.32225
destiny:0.322
sci fi:0.315
nocturnal:0.31475
police investigation:0.3085
creativity:0.30575
storytelling:0.30225
story:0.296
cult film:0.29575
dynamic cgi action:0.29525
adaptation:0.29325
bad:0.293
stylized:0.28875
nudity (full frontal - brief):0.288
gross-out:0.2875
cool:0.28525
entirely dialogue:0.28475
runaway:0.28125
kung fu:0.2785
natural disaster:0.27275
nudity (topless - notable):0.27175
violence:0.271
violent:0.27
lone hero:0.26925
great:0.2675
corruption:0.2665
childhood:0.26525
los angeles:0.2645
good soundtrack:0.2645
action:0.26375
technology:0.26325
art:0.263
special effects:0.262
big budget:0.25675
