submarine:0.96825
comedy:0.9035
fun movie:0.667
original:0.66075
big budget:0.659
sarcasm:0.65275
silly:0.638
hilarious:0.608
silly fun:0.584
catastrophe:0.58175
funny:0.5815
humorous:0.577
predictable:0.56975
goofy:0.55425
funniest movies:0.5065
weapons:0.49425
very funny:0.4935
great:0.4905
disaster:0.4705
golf:0.4685
underdog:0.4685
quirky:0.4485
natural disaster:0.4395
crude humor:0.43825
light:0.43575
san francisco:0.4315
great ending:0.426
fun:0.41625
stupid:0.4115
feel-good:0.40825
mentor:0.39875
nuclear bomb:0.39825
humor:0.39725
dialogue:0.39075
action:0.37825
life philosophy:0.377
slapstick:0.37175
entertaining:0.36875
destiny:0.36575
funny as hell:0.35875
multiple storylines:0.35675
war:0.35425
feel good movie:0.3465
world war ii:0.34525
better than expected:0.33725
farce:0.33225
chase:0.33175
screwball:0.32975
absurd:0.328
clever:0.327
first contact:0.326
pg-13:0.3245
unfunny:0.319
military:0.31475
fight scenes:0.31475
culture clash:0.30175
special effects:0.3015
transformation:0.29075
runaway:0.28475
stereotypes:0.2835
betrayal:0.28075
suprisingly clever:0.2785
fantasy world:0.27775
unusual plot structure:0.27725
wwii:0.275
bad plot:0.27425
story:0.27275
family:0.27225
stupidity:0.27225
original plot:0.27025
brutality:0.26925
adaptation:0.26775
nudity (topless - notable):0.2675
storytelling:0.2605
adventure:0.25875
justice:0.25825
high fantasy:0.25725
good:0.2545
vengeance:0.25375
parody:0.25125
shallow:0.2505
lone hero:0.24925
ensemble cast:0.24875
so bad it's funny:0.24775
great movie:0.246
boat:0.244
spying:0.24375
death:0.23925
nuclear:0.237
pornography:0.23525
good soundtrack:0.23475
oscar winner:0.234
entirely dialogue:0.23375
no plot:0.232
criterion:0.2315
apocalypse:0.2255
russia:0.22475
complex:0.2235
weird:0.22225
twists & turns:0.21625
