true story:0.99075
based on true story:0.986
based on a true story:0.9855
inspiring:0.96475
courage:0.9395
surfing:0.90275
hawaii:0.866
christian:0.81325
natural disaster:0.806
inspirational:0.80525
amazing cinematography:0.77575
god:0.76475
feel-good:0.738
mentor:0.70475
story:0.69625
family:0.67475
biographical:0.67
dramatic:0.66675
destiny:0.6105
shark:0.60975
original:0.60475
jesus:0.592
catastrophe:0.5815
feel good movie:0.578
beautiful scenery:0.5715
hospital:0.55325
happy ending:0.547
childhood:0.5365
family drama:0.532
girlie movie:0.53075
touching:0.5285
runaway:0.5245
good:0.52425
transformation:0.52075
heartwarming:0.49275
disability:0.48825
great:0.4815
underdog:0.46975
good soundtrack:0.4495
tear jerker:0.4385
pg-13:0.43225
life philosophy:0.424
drama:0.4235
christianity:0.419
sports:0.4085
chase:0.3975
predictable:0.39325
good action:0.39075
great ending:0.38325
culture clash:0.36725
dialogue:0.3665
so bad it's funny:0.36225
biblical:0.36175
doctors:0.3605
not funny:0.3455
bad cgi:0.3425
great movie:0.33825
earnest:0.332
sappy:0.33175
hunting:0.32925
lone hero:0.32925
excellent:0.327
fun movie:0.3255
california:0.325
crude humor:0.3245
sacrifice:0.32275
religion:0.322
emotional:0.30125
suprisingly clever:0.3005
island:0.2985
tragedy:0.28575
survival:0.2765
redemption:0.2765
single father:0.26875
adoption:0.26675
better than expected:0.26525
adaptation:0.2625
melancholic:0.26225
fight scenes:0.26
great cinematography:0.258
first contact:0.2565
psychiatry:0.25275
creativity:0.2525
great acting:0.25225
unfunny:0.24775
disaster:0.24775
storytelling:0.24675
special effects:0.24675
based on a book:0.2465
unlikely friendships:0.24625
sentimental:0.24425
honest:0.244
fast paced:0.24375
teen movie:0.241
silly fun:0.241
idealism:0.24075
cinematography:0.23575
computer animation:0.23375
light:0.23275
dreams:0.2325
