dysfunctional family:0.92975
family bonds:0.915
relationships:0.9095
christmas:0.90775
holiday:0.90125
family drama:0.90125
family:0.901
gay character:0.85975
romantic comedy:0.8185
drama:0.78975
comedy:0.7805
adoption:0.74775
cancer:0.721
happy ending:0.71725
parenthood:0.7115
love:0.7055
gay:0.6775
chick flick:0.663
sisters:0.64375
heartwarming:0.643
original:0.6415
quirky:0.61325
romantic:0.60875
catastrophe:0.586
ensemble cast:0.55925
feel-good:0.55925
romance:0.5525
predictable:0.552
pg-13:0.5245
culture clash:0.5225
dialogue:0.50325
better than expected:0.49375
stereotypes:0.471
writers:0.45675
good:0.444
great ending:0.4435
melancholic:0.43325
secrets:0.43075
feel good movie:0.42425
terminal illness:0.41825
good romantic comedies:0.41375
wedding:0.40925
natural disaster:0.40725
funny:0.4065
homosexuality:0.39925
mentor:0.39775
marriage:0.39625
brothers:0.38925
destiny:0.387
divorce:0.38375
very funny:0.36725
girlie movie:0.36675
bittersweet:0.36575
love story:0.365
sappy:0.35825
queer:0.35475
good soundtrack:0.35425
touching:0.349
horrible:0.34825
sweet:0.34475
unfunny:0.335
shallow:0.334
storytelling:0.326
runaway:0.323
death:0.321
life philosophy:0.31525
plot:0.3055
unlikeable characters:0.3035
dramatic:0.30225
chase:0.30075
crude humor:0.29625
fun:0.296
story:0.291
great:0.29075
slapstick:0.29075
redemption:0.29075
fantasy world:0.2895
great acting:0.2885
bad plot:0.2885
entirely dialogue:0.28475
beautiful scenery:0.28125
absurd:0.28075
not funny:0.2785
pornography:0.27825
light:0.278
unrealistic:0.27575
emotional:0.2715
weird:0.27
multiple storylines:0.26925
adaptation:0.265
exceptional acting:0.26275
bad:0.26225
pointless:0.26125
interracial romance:0.26125
idiotic:0.2605
brutality:0.2585
eccentricity:0.25725
sentimental:0.255
first contact:0.254
prejudice:0.2515
