comedy:0.9855
teen movie:0.98
teen:0.976
amy smart:0.9735
college:0.96725
hilarious:0.88325
goofy:0.86525
funny:0.8615
road trip:0.85125
dumb but funny:0.8015
teens:0.80075
very funny:0.797
geeks:0.7805
stereotypes:0.76425
beer:0.7605
humorous:0.75025
gross-out:0.736
male nudity:0.7125
funniest movies:0.7025
humor:0.6895
crude humor:0.684
pg-13:0.6735
fun movie:0.66675
original:0.65175
nudity (topless):0.64975
high school:0.64725
stoner movie:0.6
dumb:0.5965
nerds:0.594
revenge:0.57075
drinking:0.568
virginity:0.56575
predictable:0.5575
cheerleading:0.54725
better than expected:0.535
chase:0.5345
silly:0.5295
stupidity:0.5265
so bad it's funny:0.52425
buddy movie:0.5225
unfunny:0.518
good:0.51475
vengeance:0.4905
mentor:0.48625
slackers:0.4765
silly fun:0.475
great ending:0.47025
lame:0.47
school:0.45975
good soundtrack:0.45025
nudity (topless - notable):0.4455
notable nudity:0.444
catastrophe:0.43675
great:0.4235
pornography:0.41925
sex comedy:0.40975
fight scenes:0.403
quotable:0.39875
dialogue:0.3965
storytelling:0.39525
cult classic:0.39125
weed:0.385
stupid:0.38325
parody:0.38325
story:0.37425
sexy:0.362
adolescence:0.3525
teenager:0.35025
slapstick:0.33975
life philosophy:0.339
stupid as hell:0.32975
suprisingly clever:0.327
brutality:0.323
plot:0.3215
good action:0.3155
crazy:0.31525
strippers:0.31325
nudity (full frontal - brief):0.31075
culture clash:0.30975
fun:0.3095
idiotic:0.303
adaptation:0.29825
irreverent:0.2975
not funny:0.2975
cerebral:0.295
first contact:0.295
funny as hell:0.29175
comic:0.28275
runaway:0.28175
geek:0.2815
indians:0.2815
hillarious:0.28025
girlie movie:0.28
light:0.27925
80s:0.275
justice:0.2745
coming of age:0.26775
lone hero:0.2675
fantasy world:0.26675
teacher:0.26475
