007 (series):1.0
007:0.99975
bond:0.9995
spying:0.99325
espionage:0.98975
franchise:0.9855
assassin:0.9825
spy:0.97125
secret service:0.95275
james bond:0.9495
space program:0.908
spies:0.9075
murder:0.8725
secrets:0.8715
adapted from:book:0.8375
series:0.82725
original:0.825
chase:0.82
tense:0.788
action:0.7775
adventure:0.766
assassination:0.71775
cool:0.70975
great ending:0.708
good:0.7
fast paced:0.6935
runaway:0.68275
great movie:0.68175
afi 100 (movie quotes):0.68
exciting:0.671
suspense:0.667
sexy:0.66175
good action:0.63025
goofy:0.62925
island:0.6275
mad scientist:0.626
thriller:0.61125
classic:0.60375
great:0.60025
based on book:0.59525
dialogue:0.582
original plot:0.5815
scenic:0.5805
british:0.56675
car chase:0.56225
story:0.559
mentor:0.5475
entertaining:0.5395
fun movie:0.5375
very good:0.53725
good acting:0.52925
excellent:0.5045
action packed:0.50425
good soundtrack:0.4975
futuristic:0.49675
interesting:0.4945
clever:0.4795
assassins:0.475
culture clash:0.47425
suspenseful:0.4735
investigation:0.47275
humorous:0.46325
twists & turns:0.45775
oscar winner:0.45675
surveillance:0.446
catastrophe:0.4435
plot:0.4415
betrayal:0.4385
light:0.4365
future:0.4325
realistic:0.4305
witty:0.42925
pg-13:0.429
silly:0.42825
imdb top 250:0.427
based on a book:0.427
suprisingly clever:0.42625
oscar (best directing):0.423
cold war:0.42275
technology:0.42025
harsh:0.4195
intense:0.41925
sci fi:0.419
talky:0.41875
special effects:0.41825
books:0.4175
nostalgic:0.41525
stylish:0.41275
weapons:0.402
earnest:0.40175
first contact:0.401
drinking:0.40075
highly quotable:0.399
adaptation:0.39875
fun:0.39775
honest:0.39775
brutality:0.394
oscar (best effects - visual effects):0.3935
gunfight:0.3915
storytelling:0.3905
