meditative:0.99
philosophical:0.9705
existentialism:0.96825
reflective:0.9555
masterpiece:0.95175
amazing cinematography:0.9315
enigmatic:0.92025
cerebral:0.90125
visually stunning:0.90025
visual:0.89475
slow paced:0.894
visually appealing:0.8835
cinematography:0.87875
beautifully filmed:0.8765
dystopia:0.8695
imdb top 250:0.86675
russian:0.85175
art:0.84525
metaphysics:0.82875
criterion:0.82675
bleak:0.81275
intellectual:0.809
art house:0.80575
weird:0.7995
storytelling:0.79725
allegory:0.7885
artsy:0.78725
post apocalyptic:0.77925
breathtaking:0.7775
science fiction:0.76975
great cinematography:0.75775
psychological:0.752
talky:0.74525
melancholic:0.74475
strange:0.7415
long:0.7375
atmospheric:0.736
loneliness:0.72725
humanity:0.7235
life & death:0.71725
post-apocalyptic:0.7025
philosophy:0.6985
surreal:0.69125
sci-fi:0.67725
pretentious:0.67475
artistic:0.67275
slow:0.66475
environment:0.6615
golden palm:0.65375
black and white:0.646
stunning:0.64525
adapted from:book:0.6425
dreams:0.636
god:0.633
downbeat:0.626
complex:0.6245
original:0.62125
dreamlike:0.60725
imagination:0.5905
life philosophy:0.58025
social commentary:0.577
surveillance:0.57575
unusual plot structure:0.57425
harsh:0.56775
intimate:0.56375
cyberpunk:0.555
greed:0.551
beautiful scenery:0.549
solitude:0.5375
catastrophe:0.533
melancholy:0.531
thought-provoking:0.5295
sci fi:0.52825
absurd:0.5185
first contact:0.5175
dialogue:0.51275
distopia:0.50425
artist:0.50325
obsession:0.503
photography:0.5015
suprisingly clever:0.5005
colourful:0.49825
writers:0.49575
poetry:0.49425
scifi:0.4805
entirely dialogue:0.4745
intelligent sci-fi:0.474
philip k. dick:0.46925
culture clash:0.46025
stylized:0.457
redemption:0.44825
maze:0.4455
great ending:0.43275
boring!:0.4275
whimsical:0.42175
visuals:0.42075
surrealism:0.41725
destiny:0.4145
disturbing:0.40775
insanity:0.407
