loneliness:0.97025
strippers:0.93075
life philosophy:0.92775
suicide:0.906
nudity (topless - notable):0.89325
redemption:0.86525
death:0.864
relationships:0.85675
drama:0.84025
hospital:0.839
destiny:0.83075
original:0.81775
dialogue:0.7805
life & death:0.7585
twists & turns:0.7505
existentialism:0.746
storytelling:0.7445
depression:0.7395
good soundtrack:0.729
weird:0.713
bleak:0.7115
mentor:0.71075
great ending:0.70775
life:0.7025
gunfight:0.68975
multiple storylines:0.68175
nudity (topless):0.6795
honest:0.6795
suspense:0.6765
enigmatic:0.6745
sacrifice:0.66125
suicide attempt:0.6565
crime gone awry:0.65375
pointless:0.64825
writers:0.64575
emotional:0.644
cancer:0.64375
so bad it's funny:0.635
interesting:0.63025
mindfuck:0.63025
melancholic:0.6245
dark humor:0.62375
good:0.62025
poignant:0.61525
story:0.61375
violence:0.60175
talky:0.59525
dark:0.59425
solitude:0.59375
murder:0.58225
paranoid:0.57675
independent film:0.56675
brutality:0.566
greed:0.5595
downbeat:0.55875
dramatic:0.55325
nocturnal:0.55325
cinematography:0.5515
obsession:0.54825
creepy:0.5475
stylized:0.544
indie:0.5425
culture clash:0.53875
very interesting:0.5335
visually appealing:0.53175
absurd:0.529
intimate:0.52675
touching:0.5215
revenge:0.52
bad ending:0.51775
character study:0.51375
vengeance:0.51375
great acting:0.50375
catastrophe:0.503
movielens top pick:0.4995
entirely dialogue:0.492
sexy:0.49025
thought-provoking:0.486
guilt:0.482
cerebral:0.4695
bittersweet:0.4675
moral ambiguity:0.46675
social commentary:0.46475
depressing:0.4635
unusual plot structure:0.457
criterion:0.455
dysfunctional family:0.453
sad:0.448
gritty:0.44575
very good:0.445
crime:0.44225
scary:0.442
realistic:0.437
predictable:0.4345
intense:0.43325
wilderness:0.43225
light:0.42925
nudity (full frontal - brief):0.429
ironic:0.429
los angeles:0.42525
