greed:0.8165
twists & turns:0.81475
original:0.7775
train:0.745
pointless:0.666
so bad it's funny:0.65
predictable:0.64525
death:0.6335
suspenseful:0.6105
absurd:0.60125
twist:0.5865
supernatural:0.555
trains:0.54675
philip k. dick:0.52925
mentor:0.5225
great ending:0.50825
storytelling:0.50325
first contact:0.50325
cult film:0.501
writers:0.492
life philosophy:0.483
sci fi:0.4805
chase:0.46325
catastrophe:0.462
hitchcock:0.4555
surreal:0.454
suspense:0.42175
disaster:0.4095
plot holes:0.4085
fbi:0.4075
mystery:0.40325
brutality:0.403
secrets:0.4005
dialogue:0.3985
natural disaster:0.3905
tricky:0.385
quirky:0.38425
bad ending:0.38225
intelligent sci-fi:0.37475
story:0.37075
ghosts/afterlife:0.367
film noir:0.36025
thriller:0.36
gangsters:0.35775
period piece:0.35475
secret service:0.34275
bad plot:0.34075
claustrophobic:0.33625
very interesting:0.33325
pulp:0.3315
computer game:0.33125
betrayal:0.33
sexy:0.32825
ridiculous:0.324
not funny:0.3225
overrated:0.32025
spying:0.318
conspiracy:0.31775
geeks:0.3125
runaway:0.309
fantasy world:0.306
violence:0.30225
entertaining:0.30175
atmospheric:0.29975
pornography:0.29775
girlie movie:0.29575
dysfunctional family:0.28925
suprisingly clever:0.285
weird:0.279
bloody:0.2735
lone hero:0.27275
life & death:0.2725
crime:0.26925
corruption:0.2675
police investigation:0.2655
lame:0.265
entirely dialogue:0.2595
cinematography:0.25775
twist ending:0.2565
adaptation:0.2565
special effects:0.25425
murder:0.25075
satirical:0.2495
mars:0.24725
intense:0.24725
sci-fi:0.2465
surrealism:0.24575
fast paced:0.24325
good soundtrack:0.24225
culture clash:0.242
action:0.2415
devil:0.237
nudity (full frontal - brief):0.2345
nudity (topless):0.2345
relationships:0.23375
psychological:0.2315
crude humor:0.231
allegory:0.23
exciting:0.22775
low budget:0.2275
