criterion:0.981
weird:0.949
psychedelic:0.93525
surreal:0.9155
cult classic:0.90225
surrealism:0.85575
grindhouse:0.8155
original:0.7755
rock and roll:0.731
satire:0.6695
musical:0.65875
cult:0.63775
artistic:0.63675
insanity:0.62975
cult film:0.626
pornography:0.6255
existentialism:0.6205
satirical:0.614
enigmatic:0.60075
social commentary:0.59525
golden palm:0.588
visual:0.586
great ending:0.58075
absurd:0.58
irreverent:0.5675
harsh:0.56675
music:0.56575
cynical:0.56075
desert:0.5555
runaway:0.5485
art house:0.54475
great soundtrack:0.53925
censorship:0.53375
reflective:0.527
life philosophy:0.5245
disturbing:0.523
obsession:0.519
ironic:0.518
visceral:0.51275
gunfight:0.49725
bizarre:0.48125
dreamlike:0.47625
brutality:0.4745
so bad it's funny:0.46975
dialogue:0.46525
lyrical:0.4615
1970s:0.45225
mad scientist:0.4505
unusual plot structure:0.449
corporate america:0.44875
very interesting:0.44575
stylized:0.43925
humorous:0.43625
complex:0.43475
hallucinatory:0.433
stylish:0.429
non-linear:0.42775
quotable:0.4265
narrated:0.4215
rebellion:0.42125
off-beat comedy:0.41525
affectionate:0.40975
mentor:0.409
visually appealing:0.409
awesome soundtrack:0.40825
catastrophe:0.406
suicide:0.40425
cinematography:0.4015
culture clash:0.4
cerebral:0.3965
stoner movie:0.39625
beatles:0.394
violent:0.39
biting:0.38875
talky:0.38475
marijuana:0.377
good soundtrack:0.373
forceful:0.3685
creativity:0.364
family drama:0.36375
downbeat:0.363
dysfunctional family:0.36125
breathtaking:0.361
silly:0.35775
drinking:0.356
fun movie:0.3535
nocturnal:0.35325
loneliness:0.35325
greed:0.35225
sexualized violence:0.3505
1960s:0.34775
nudity (full frontal - notable):0.3455
classic car:0.344
story:0.344
life & death:0.3435
deadpan:0.34275
strange:0.3405
80s:0.33975
melancholic:0.3365
intimate:0.33525
