fantasy:0.9905
stop motion:0.98975
mythology:0.9885
adventure:0.981
magic:0.97575
wizards:0.97375
special effects:0.969
fantasy world:0.9605
stop-motion:0.9475
dragons:0.93625
high fantasy:0.918
imagination:0.91275
fairy tale:0.88475
swashbuckler:0.874
original:0.8685
effects:0.837
sword fight:0.83625
monsters:0.81375
medieval:0.80825
sword fighting:0.806
childhood:0.793
island:0.78
fun movie:0.776
monster:0.7755
great movie:0.7625
cgi:0.75875
visual:0.7465
dark fantasy:0.7465
classic:0.741
good versus evil:0.736
great ending:0.73375
great:0.7255
science fiction:0.72125
colourful:0.71
dialogue:0.707
imdb top 250:0.6985
cult classic:0.6875
modern fantasy:0.687
fight scenes:0.67575
fun:0.6735
snakes:0.66125
exciting:0.64775
dragon:0.64525
oscar (best effects - visual effects):0.639
transformation:0.6375
allegory:0.63025
computer animation:0.62375
fairy tales:0.61825
fast paced:0.61675
story:0.61475
visually appealing:0.61325
chase:0.611
storytelling:0.605
kids:0.59425
mentor:0.58425
good:0.58375
excellent:0.58175
action:0.57575
technology:0.561
visually stunning:0.55975
scenic:0.5565
quotable:0.54575
computer game:0.5435
witches:0.52925
fighting:0.51675
original plot:0.5115
breathtaking:0.50875
whimsical:0.4985
entertaining:0.493
sci fi:0.48075
life & death:0.47825
dynamic cgi action:0.47625
goofy:0.475
treasure:0.4745
cult film:0.47325
masterpiece:0.46975
cool:0.46775
special:0.4655
unusual plot structure:0.46525
criterion:0.4625
light:0.4615
animation:0.457
catastrophe:0.45375
silly fun:0.44975
macabre:0.44325
children:0.43625
earnest:0.43625
sacrifice:0.4345
beautiful scenery:0.434
runaway:0.43225
silly:0.42975
immortality:0.4265
weird:0.42475
adaptation:0.42325
giant robots:0.42325
nocturnal:0.419
kids and family:0.41875
great acting:0.41775
action packed:0.41675
feel-good:0.41525
