weird:0.9905
surreal:0.95775
psychological:0.93925
disturbing:0.92775
strange:0.9265
psychiatry:0.89175
original:0.87825
absurd:0.86625
surrealism:0.864
psychology:0.864
greed:0.864
cerebral:0.84425
enigmatic:0.8135
depression:0.79475
reflective:0.79125
downbeat:0.78575
dark humor:0.78025
art:0.77925
golden palm:0.77875
tense:0.7745
family:0.7495
violent:0.74775
grim:0.74725
allegory:0.74475
drinking:0.74175
twist:0.7395
social commentary:0.731
pornography:0.731
bleak:0.72775
good versus evil:0.72325
corruption:0.7175
secrets:0.7145
children:0.71175
creepy:0.71075
dark:0.7075
mindfuck:0.7075
visceral:0.7035
bizarre:0.69575
brutal:0.69425
storytelling:0.692
cult film:0.678
drama:0.6685
great acting:0.66575
insanity:0.6555
violence:0.65525
oscar (best supporting actress):0.655
narrated:0.65
very interesting:0.64975
artistic:0.6455
macabre:0.64475
loneliness:0.6435
brutality:0.6385
oscar (best actress):0.63375
nudity (full frontal - notable):0.63075
melancholic:0.62525
atmospheric:0.62225
twist ending:0.62125
confusing:0.61775
dreamlike:0.617
talky:0.61675
very funny:0.6085
manipulation:0.59575
hallucinatory:0.59375
guilt:0.586
chase:0.58275
humor:0.58175
criterion:0.57875
mental illness:0.5675
good acting:0.562
dysfunctional family:0.556
paranoia:0.555
great ending:0.5465
homeless:0.54625
interesting:0.54625
sad:0.546
poignant:0.54575
movielens top pick:0.545
existentialism:0.5415
marriage:0.5355
twists & turns:0.53375
demons:0.52875
islam:0.52625
fun movie:0.5255
oscar (best directing):0.52325
life & death:0.52275
satire:0.51825
good:0.51575
breathtaking:0.511
assassination:0.50125
ironic:0.498
nonlinear:0.49575
stylized:0.491
cult classic:0.491
good soundtrack:0.48875
clever:0.486
dreams:0.48575
dialogue:0.48575
plot:0.48375
crazy:0.4825
cinematography:0.481
