women:0.91625
talky:0.888
murder:0.8475
surreal:0.84525
weird:0.83275
obsession:0.77275
pornography:0.761
original:0.75725
death:0.74875
art house:0.74325
quirky:0.732
witty:0.674
satirical:0.6695
nudity (topless - notable):0.65575
nudity (topless):0.654
enigmatic:0.651
sexy:0.624
police investigation:0.61575
manipulation:0.61325
visual:0.61325
runaway:0.611
sexual:0.60375
relationships:0.60125
good soundtrack:0.60125
narrated:0.59875
criterion:0.594
nudity (full frontal - notable):0.58925
bizarre:0.5825
visually appealing:0.57675
cynical:0.563
violent:0.5555
adapted from:book:0.54
lynch:0.538
disturbing:0.523
surrealism:0.52025
unusual plot structure:0.51975
cerebral:0.5195
psychological:0.51875
macabre:0.50825
secrets:0.506
great ending:0.5055
stylized:0.49975
allegory:0.4995
sexualized violence:0.4995
male nudity:0.497
affectionate:0.48725
dark:0.484
complex:0.48
twists & turns:0.4775
intimate:0.4695
melancholic:0.46775
classic car:0.46175
very interesting:0.4575
dialogue:0.45675
adaptation:0.4535
plot:0.45225
masterpiece:0.451
books:0.44875
brutality:0.44775
absurd:0.44725
sex:0.446
crime gone awry:0.44275
corruption:0.442
black comedy:0.43725
atmospheric:0.42925
catastrophe:0.42675
nudity (full frontal - brief):0.4255
interesting:0.42475
golden palm:0.42275
not funny:0.42125
cheating:0.42075
moody:0.41975
storytelling:0.41925
underrated:0.41575
murder mystery:0.40875
suprisingly clever:0.40675
pointless:0.406
art:0.40575
revenge:0.404
social commentary:0.40075
grindhouse:0.39975
culture clash:0.3985
mentor:0.39775
entirely dialogue:0.3965
nocturnal:0.394
twist ending:0.387
clever:0.38275
violence:0.381
investigation:0.38075
life philosophy:0.3775
hotel:0.37175
distopia:0.3715
dreamlike:0.367
crime:0.3625
complicated:0.35625
betrayal:0.34475
vengeance:0.34475
intellectual:0.34375
nudity:0.343
harsh:0.342
