idealism:0.8585
imdb top 250:0.84025
political:0.77625
greed:0.77325
oscar (best directing):0.7695
great ending:0.763
corruption:0.75275
homeless:0.75075
original:0.7175
politics:0.672
classic:0.66375
story:0.65075
small town:0.64975
talky:0.6455
cynical:0.641
runaway:0.63975
nostalgic:0.639
earnest:0.6375
happy ending:0.6255
drama:0.62075
witty:0.60425
manipulation:0.60275
great movie:0.594
criterion:0.5875
sentimental:0.58575
gunfight:0.5855
1930s:0.58525
life philosophy:0.57175
culture clash:0.56925
social commentary:0.56875
mentor:0.554
allegory:0.54925
love story:0.54575
dialogue:0.5455
suprisingly clever:0.52225
redemption:0.5205
beautiful scenery:0.51825
great:0.51675
oscar (best cinematography):0.51675
adapted from:book:0.51425
good:0.5105
dramatic:0.49775
propaganda:0.49225
quotable:0.4905
betrayal:0.4895
chase:0.48575
long:0.4785
storytelling:0.4755
good soundtrack:0.47175
prejudice:0.46675
drinking:0.4625
jesus:0.457
clever:0.457
enigmatic:0.4565
childhood:0.455
great acting:0.45425
catastrophe:0.45275
satirical:0.4525
destiny:0.4525
depression:0.446
alternate endings:0.44225
harsh:0.4395
good acting:0.43875
sacrifice:0.43725
oscar (best supporting actress):0.43475
passionate:0.43425
love:0.42325
reflective:0.42025
forceful:0.41925
cinematography:0.414
fascism:0.4125
very good:0.41
honest:0.409
interesting:0.408
poignant:0.40575
courage:0.38475
california:0.3835
suicide:0.38325
not funny:0.38275
friendship:0.38225
touching:0.3815
philosophy:0.38
light:0.378
original plot:0.378
oil:0.3765
romantic:0.37325
unusual plot structure:0.371
atmospheric:0.36925
hotel:0.36125
secrets:0.361
feel-good:0.35725
vengeance:0.35175
movielens top pick:0.3475
loneliness:0.34675
oscar winner:0.34225
good versus evil:0.34125
affectionate:0.341
suspense:0.3405
based on a book:0.34025
biblical:0.33775
