horror:0.95125
supernatural:0.8625
predictable:0.84
modern fantasy:0.806
ghosts:0.76625
bad plot:0.752
so bad it's funny:0.70825
witch:0.69375
pg-13:0.68375
bad acting:0.67925
bad cgi:0.67175
original:0.668
horrible:0.65725
monster:0.64125
pointless:0.63325
scary:0.6325
nocturnal:0.6025
light:0.6025
creepy:0.5855
dark:0.5735
witches:0.565
lame:0.5585
fantasy world:0.53675
slasher:0.519
monsters:0.51525
ghosts/afterlife:0.50725
demons:0.50475
silly:0.48925
vengeance:0.462
stupid:0.4565
catastrophe:0.4565
dialogue:0.446
plot holes:0.444
goth:0.4375
teen movie:0.432
silly fun:0.42975
special effects:0.418
mentor:0.41125
suspense:0.40925
first contact:0.40825
great ending:0.40475
natural disaster:0.3995
teens:0.398
suspenseful:0.3925
fun movie:0.39075
not funny:0.39075
overrated:0.38375
bad ending:0.38175
chase:0.37225
childhood:0.37075
computer animation:0.3625
family:0.358
revenge:0.35025
fight scenes:0.34625
disaster:0.3435
creativity:0.342
small town:0.33925
action:0.33875
brutality:0.336
spiders:0.3345
destiny:0.32825
death:0.32575
good soundtrack:0.32375
storytelling:0.32275
lone hero:0.3195
franchise:0.3185
story:0.31675
happy ending:0.31525
survival:0.313
frightening:0.3115
entirely dialogue:0.309
cheesy:0.308
good:0.3045
stupid as hell:0.30175
halloween:0.295
bad:0.29375
idiotic:0.29275
gothic:0.28825
blood:0.28475
splatter:0.2845
life philosophy:0.28375
adaptation:0.28175
weird:0.27825
writers:0.2695
fantasy:0.2685
unfunny:0.26825
boring:0.263
great:0.26125
better than expected:0.256
solitude:0.25575
werewolf:0.2555
twists & turns:0.2535
slapstick:0.2535
eerie:0.25325
transformation:0.25175
big budget:0.24975
quirky:0.248
too long:0.2465
effects:0.24175
good action:0.23825
