prison escape:0.99775
action:0.98625
prison:0.96925
good action:0.91525
action packed:0.82525
fight scenes:0.817
arnold:0.813
pg-13:0.7775
fast paced:0.7215
chase:0.68375
plot holes:0.68325
entertaining:0.6635
plot:0.63525
better than expected:0.613
futuristic:0.60675
predictable:0.59925
original:0.59775
dialogue:0.58525
torture:0.58425
lone hero:0.57475
revenge:0.5735
explosions:0.554
car chase:0.549
fun movie:0.54575
silly fun:0.53725
mentor:0.52075
bad cgi:0.51625
so bad it's funny:0.5155
big budget:0.5105
silly:0.4965
betrayal:0.486
fun:0.4815
buddy movie:0.481
good:0.47775
story:0.47275
assassination:0.4695
great:0.462
bad plot:0.46175
conspiracy:0.458
catastrophe:0.45175
weapons:0.424
superheroes:0.41725
twists & turns:0.412
vengeance:0.409
corruption:0.397
great ending:0.397
twist ending:0.39175
survival:0.38975
exciting:0.38225
cool:0.38175
not funny:0.37575
kidnapping:0.3735
cia:0.366
life philosophy:0.363
bad acting:0.3625
transformation:0.35525
runaway:0.33725
brutality:0.337
cheesy:0.33275
first contact:0.3245
fighting:0.324
terrorism:0.31925
fighting the system:0.31175
nostalgic:0.30825
gunfight:0.30575
technology:0.30425
violence:0.29825
secrets:0.2975
clever:0.29725
franchise:0.29575
no plot:0.2955
murder:0.29175
unfunny:0.29075
unrealistic:0.2895
special effects:0.28325
immortality:0.276
very interesting:0.2735
80s:0.27125
pulp:0.26875
super hero:0.26875
crude humor:0.2635
suspense:0.26325
arms dealer:0.26275
good soundtrack:0.26275
based on a book:0.26075
culture clash:0.2585
natural disaster:0.2575
hitman:0.25675
adaptation:0.25675
surveillance:0.25325
giant robots:0.25025
entirely dialogue:0.2485
storytelling:0.247
suspenseful:0.241
visually appealing:0.24075
books:0.24
video game:0.23975
visually stunning:0.239
redemption:0.23325
underrated:0.23175
