lawyers:0.97125
lawyer:0.95875
police investigation:0.955
courtroom:0.944
surprise ending:0.93925
murder mystery:0.926
homeless:0.923
courtroom drama:0.89225
chase:0.8915
corruption:0.8805
murder:0.8625
twists & turns:0.82475
justice:0.805
mystery:0.80175
suspense:0.768
great ending:0.767
very interesting:0.7665
good:0.74775
thriller:0.74025
investigation:0.73675
court:0.73625
suspenseful:0.7085
detective:0.70375
tense:0.692
plot:0.68775
original:0.6485
conspiracy:0.6485
greed:0.63825
happy ending:0.62675
secrets:0.613
bad ending:0.6095
interesting:0.57675
mentor:0.57025
sexy:0.56125
complex:0.5415
women:0.514
twist ending:0.51225
serial killer:0.50975
dialogue:0.50925
catastrophe:0.50775
underrated:0.507
pg-13:0.5
twist:0.4985
bad plot:0.49475
girlie movie:0.492
love story:0.4895
good acting:0.48875
redemption:0.48775
clever:0.4865
romantic comedy:0.484
pornography:0.478
predictable:0.476
betrayal:0.4745
excellent:0.471
unusual plot structure:0.4635
runaway:0.4625
first contact:0.44075
president:0.436
surveillance:0.43075
destiny:0.4265
manipulation:0.41725
internet:0.4155
obsession:0.412
romance:0.41175
no plot:0.4105
psychological:0.4085
culture clash:0.40425
drama:0.39675
guilt:0.39625
nudity (full frontal - brief):0.39325
life philosophy:0.3875
intense:0.38675
romantic:0.37925
crime:0.3685
technology:0.36675
great:0.36475
conspiracy theory:0.36375
identity:0.3475
assassination:0.34725
enigmatic:0.3415
entertaining:0.34025
alternate endings:0.3385
suprisingly clever:0.3375
very good:0.3375
story:0.33675
not funny:0.333
secret service:0.332
family:0.3295
moral ambiguity:0.32825
politics:0.32725
revenge:0.327
political corruption:0.326
good soundtrack:0.325
plot holes:0.324
police corruption:0.32375
torture:0.31675
excellent script:0.31675
good action:0.313
relationships:0.311
too short:0.30925
