animation:0.982
dog:0.93225
cartoon:0.92775
talking animals:0.92525
animals:0.923
dogs:0.915
animated:0.88825
death:0.85125
kids:0.76275
touching:0.7385
children:0.7325
original:0.70775
family:0.65675
afterlife:0.6515
kids and family:0.6495
childhood:0.642
good:0.63825
bittersweet:0.6315
disney:0.631
happy ending:0.62775
animal movie:0.62575
cute!:0.60625
cute:0.597
greed:0.57875
fun movie:0.55075
sad:0.52425
vengeance:0.522
storytelling:0.51575
nostalgic:0.49475
powerful ending:0.4945
mentor:0.48825
revenge:0.46975
catastrophe:0.46175
classic:0.458
sweet:0.4485
gambling:0.4465
goofy:0.432
brutality:0.42325
life philosophy:0.42125
great ending:0.41525
story:0.40975
emotional:0.40125
fun:0.39425
tear jerker:0.382
homeless:0.37975
dialogue:0.3735
great:0.37075
predictable:0.351
pornography:0.33
good soundtrack:0.3295
redemption:0.3295
destiny:0.32875
new orleans:0.32675
weird:0.32275
orphans:0.32225
betrayal:0.32125
writers:0.31575
melancholic:0.31425
murder:0.30775
runaway:0.30725
very funny:0.30025
first contact:0.29475
drinking:0.29025
not funny:0.29
scary:0.28975
heartwarming:0.28975
love:0.28275
life & death:0.2805
culture clash:0.27925
stereotypes:0.279
poignant:0.27725
computer animation:0.2755
overrated:0.2735
clever:0.2735
silly fun:0.27325
sentimental:0.27275
honest:0.27175
nudity (full frontal - brief):0.26975
adaptation:0.2695
unfunny:0.269
rats:0.26625
chase:0.26425
lone hero:0.25825
fantasy world:0.25775
love story:0.2565
sappy:0.256
underrated:0.255
unusual plot structure:0.2505
transformation:0.2465
natural disaster:0.24625
excellent:0.24475
entirely dialogue:0.2435
unlikely friendships:0.2375
nostalgia:0.2375
excellent script:0.237
tragedy:0.23625
adventure:0.2355
harsh:0.235
police investigation:0.23325
bad plot:0.23175
