oscar (best picture):0.989
oscar (best actor):0.984
disability:0.981
great acting:0.97375
touching:0.96825
imdb top 250:0.96375
oscar (best directing):0.95975
oscar winner:0.94275
drama:0.93575
heartwarming:0.9295
brothers:0.92575
autism:0.91675
dramatic:0.9145
road trip:0.91425
good:0.903
oscar:0.89775
oscar (best actress):0.878
excellent script:0.8765
great movie:0.873
mentor:0.86875
exceptional acting:0.868
greed:0.86775
emotional:0.86725
road movie:0.852
poignant:0.8355
original:0.81925
character study:0.80425
feel-good:0.80275
mental illness:0.79975
sentimental:0.797
good acting:0.7845
storytelling:0.78425
oscar (best supporting actor):0.76925
math:0.76425
oscar (best supporting actress):0.741
great ending:0.7365
pg-13:0.73525
heartbreaking:0.73475
interesting:0.71775
amazing cinematography:0.7165
great:0.712
good soundtrack:0.711
psychology:0.7065
redemption:0.7065
genius:0.703
intense:0.69975
las vegas:0.6985
feel good movie:0.6985
based on a true story:0.6975
reflective:0.69525
excellent:0.6935
friendship:0.691
classic car:0.68925
mathematics:0.68725
depression:0.687
unlikely friendships:0.68375
story:0.68375
powerful ending:0.6765
honest:0.6745
oscar (best writing - screenplay written directly for the screen):0.674
destiny:0.66825
earnest:0.6585
manipulation:0.6545
plot:0.646
bittersweet:0.64225
very good:0.64175
realistic:0.6295
clever:0.62625
social commentary:0.62525
nudity (topless - brief):0.6145
tragedy:0.61175
life philosophy:0.61125
good dialogue:0.61
sad but good:0.607
cerebral:0.59975
masterpiece:0.589
california:0.58775
loneliness:0.58025
sad:0.57725
justice:0.57675
very funny:0.5765
survival:0.56825
runaway:0.56825
catastrophe:0.5655
compassionate:0.56225
dialogue:0.559
relationships:0.55875
thought-provoking:0.55825
culture clash:0.55525
1980s:0.55025
childhood:0.55
transformation:0.5475
inspirational:0.547
los angeles:0.54425
courage:0.5435
narrated:0.536
life & death:0.5355
tear jerker:0.534
corruption:0.53275
biographical:0.52375
