espionage:0.97825
wartime:0.97575
spying:0.97275
world war ii:0.953
spy:0.9315
germany:0.90425
wwii:0.88925
romance:0.881
spies:0.879
nazis:0.87775
love story:0.804
nazi:0.79625
chick flick:0.796
romantic:0.76475
irish accent:0.76425
girlie movie:0.71825
german:0.68825
catastrophe:0.6875
berlin:0.6655
women:0.5545
original:0.53875
period piece:0.52025
beautiful scenery:0.5115
historical:0.505
so bad it's funny:0.48925
happy ending:0.47525
mentor:0.47225
betrayal:0.4475
books:0.43975
based on a book:0.4395
drama:0.4265
destiny:0.41725
natural disaster:0.4095
fun movie:0.402
predictable:0.39875
secrets:0.379
underrated:0.37675
weapons:0.37325
passionate:0.35975
melancholic:0.34775
not funny:0.34775
jews:0.347
light:0.33825
sexy:0.33675
good:0.33575
great ending:0.33375
jewish:0.3325
good romantic comedies:0.33175
twists & turns:0.32625
doctors:0.32225
lone hero:0.322
based on book:0.31825
great acting:0.3085
sentimental:0.30225
disaster:0.302
unrealistic:0.30125
great:0.29675
relationships:0.29275
love:0.29275
survival:0.29075
nudity (topless - notable):0.2865
first contact:0.285
feel-good:0.285
bombs:0.28175
propaganda:0.28125
entertaining:0.27975
thriller:0.27875
courage:0.271
cute!:0.26925
life philosophy:0.26575
chase:0.26325
writers:0.25675
runaway:0.252
action:0.247
good soundtrack:0.24575
history:0.2455
unfunny:0.2435
tom clancy:0.242
bad acting:0.241
sacrifice:0.2395
family:0.23675
romantic comedy:0.2345
good action:0.2325
prejudice:0.232
story:0.23075
storytelling:0.2305
overrated:0.229
ethnic conflict:0.22725
no plot:0.22525
dialogue:0.224
excellent:0.22225
entirely dialogue:0.22075
transformation:0.2125
suspense:0.21125
bad plot:0.20475
adaptation:0.20375
absurd:0.202
good music:0.2015
70mm:0.20025
vengeance:0.195
