father daughter relationship:0.92875
addiction:0.9095
drug abuse:0.905
drugs:0.86625
new jersey:0.82475
drug addiction:0.82475
parenthood:0.7905
pornography:0.74675
nudity (topless - notable):0.67675
independent film:0.6495
relationships:0.59125
sexual abuse:0.58675
sexual:0.5865
original:0.5815
depression:0.566
prison:0.55625
bleak:0.548
brutality:0.5395
nudity (full frontal - notable):0.53825
nudity (topless):0.51775
realistic:0.51575
character study:0.515
suburbia:0.4995
honest:0.476
melancholic:0.47
manipulation:0.4575
dysfunctional family:0.4565
sex:0.45375
culture clash:0.451
catastrophe:0.45
heartbreaking:0.41775
indie:0.40825
nudity (full frontal - brief):0.40275
road movie:0.40225
great acting:0.399
redemption:0.39325
hard to watch:0.39175
enigmatic:0.38925
harsh:0.38675
loneliness:0.38675
life philosophy:0.382
mentor:0.38
gritty:0.377
workplace:0.35425
storytelling:0.34875
adolescence:0.34625
drinking:0.344
good soundtrack:0.343
not funny:0.34025
golden palm:0.33825
grim:0.338
suprisingly clever:0.33525
heroin:0.33025
dramatic:0.32475
weird:0.32375
writers:0.3195
runaway:0.31725
great ending:0.314
oscar (best actress):0.313
hospital:0.3005
happy ending:0.29425
emotional:0.2935
downbeat:0.2935
art house:0.28425
stoner movie:0.28
first contact:0.27375
criterion:0.2735
tragedy:0.271
intimate:0.266
depressing:0.26175
social commentary:0.25875
great:0.257
women:0.25475
sexuality:0.25475
obsession:0.249
grindhouse:0.248
dialogue:0.2475
guilt:0.2475
story:0.24325
breathtaking:0.2365
erotic:0.23575
pointless:0.235
sexy:0.235
adaptation:0.23375
betrayal:0.2335
greed:0.2335
predictable:0.2315
quirky:0.23025
crime gone awry:0.22975
unfunny:0.22675
entirely dialogue:0.22575
childhood:0.2245
drama:0.223
melancholy:0.22275
directorial debut:0.21975
mother daughter relationship:0.219
police investigation:0.21525
scary:0.21175
lone hero:0.2095
family drama:0.20925
