splatter:0.9835
horror:0.9815
cult film:0.959
cult classic:0.94725
1980s:0.921
80s:0.8755
creepy:0.854
low budget:0.8475
aliens:0.8365
alien:0.82275
gory:0.82075
goofy:0.81925
slasher:0.81775
original:0.80175
campy:0.79175
zombie:0.77275
weird:0.7725
dark humor:0.7725
grindhouse:0.7525
zombies:0.73925
cult:0.726
fun movie:0.7235
monster:0.72275
macabre:0.71425
demons:0.67975
brutality:0.645
sci-fi:0.6325
so bad it's funny:0.63225
stylish:0.60925
sci fi:0.60875
serial killer:0.60075
life & death:0.597
quotable:0.58975
teens:0.58725
detective:0.57825
effects:0.57575
gore:0.57075
goretastic:0.56775
camp:0.5605
blood:0.5595
comedy:0.5575
cheesy:0.53575
good soundtrack:0.529
transformation:0.522
mutants:0.52025
fun:0.51425
nostalgic:0.5125
scifi:0.51
gruesome:0.502
scary:0.49675
great ending:0.4935
dialogue:0.4795
mad scientist:0.4765
nudity (full frontal - notable):0.472
monsters:0.47125
harsh:0.46225
silly:0.45725
mentor:0.44075
special effects:0.438
first contact:0.435
weapons:0.434
directorial debut:0.429
nocturnal:0.4275
small town:0.4265
bloody:0.4245
clowns:0.4215
melancholic:0.41425
cool:0.41275
parody:0.4095
not funny:0.40525
violence:0.4035
atmospheric:0.3975
storytelling:0.38975
catastrophe:0.38325
bad acting:0.37725
great:0.37675
entirely dialogue:0.37625
wilderness:0.3715
classic car:0.366
doctors:0.36025
affectionate:0.35125
unusual plot structure:0.3445
visceral:0.3395
adaptation:0.33675
social commentary:0.32975
alien invasion:0.32825
good:0.326
criterion:0.32575
pulp:0.32575
redemption:0.31925
light:0.318
sexualized violence:0.31625
police investigation:0.31125
geeks:0.3065
strange:0.3035
stylized:0.303
space:0.3005
snakes:0.3005
supernatural:0.29825
bad ending:0.2955
