australian:0.916
music:0.91
musical:0.8855
australia:0.77475
oil:0.74475
dancing:0.71475
original:0.69825
dance:0.69075
cult film:0.67875
light:0.66375
fun movie:0.6585
quirky:0.63975
sexy:0.621
glbt:0.59075
great music:0.581
cool:0.56725
dialogue:0.5585
compassionate:0.5355
musicians:0.533
feel-good:0.522
nudity (full frontal - brief):0.51975
mission from god:0.5115
visually stunning:0.5055
feel good movie:0.5055
prejudice:0.48825
awesome soundtrack:0.46525
nostalgic:0.4635
predictable:0.462
catastrophe:0.445
good music:0.43825
criterion:0.4365
runaway:0.42975
realistic:0.42175
period piece:0.4135
talky:0.41175
affectionate:0.39875
bollywood:0.3985
artist:0.39575
free to download:0.3935
police investigation:0.3895
honest:0.38725
hip hop:0.38575
downbeat:0.38425
great soundtrack:0.38175
mentor:0.37825
childhood:0.37325
redemption:0.373
brutality:0.36375
finnish:0.36125
sweet:0.35775
culture clash:0.35325
oscar (best actress):0.3525
amy smart:0.351
potential oscar nom:0.346
working class:0.3445
adaptation:0.34375
opera:0.34325
great ending:0.341
sexual abuse:0.3395
classical music:0.339
alternate endings:0.33875
80s:0.336
drama:0.3355
betrayal:0.334
weapons:0.32675
pornography:0.324
forceful:0.3225
camp:0.3195
twists & turns:0.31875
indie:0.3175
irreverent:0.31525
tricky:0.314
exceptional acting:0.3125
pointless:0.312
entirely dialogue:0.309
low budget:0.309
rock and roll:0.306
oscar (best supporting actress):0.3055
great:0.2985
clever:0.2975
mozart:0.29725
romantic:0.297
road movie:0.29575
stylized:0.2955
greed:0.294
not funny:0.29275
good soundtrack:0.2915
hotel:0.29
destiny:0.28925
melancholic:0.28725
lone hero:0.285
suprisingly clever:0.28475
vengeance:0.284
death:0.281
good:0.28075
enigmatic:0.2805
sexualized violence:0.27975
ethnic conflict:0.278
spanish:0.2775
interracial romance:0.27725
