golden palm:0.965
pornography:0.96075
intimate:0.95975
loneliness:0.95875
sexual:0.95475
coming of age:0.948
relationships:0.94325
criterion:0.92775
visually appealing:0.9175
drama:0.91075
sexuality:0.90525
lesbian:0.90525
coming-of-age:0.8995
sex:0.892
adolescence:0.87425
long:0.87175
intense:0.853
love story:0.8435
love:0.83525
queer:0.83025
original:0.82775
bittersweet:0.8235
passionate:0.8225
obsession:0.791
melancholic:0.78875
artistic:0.7745
cinematography:0.73025
homophobia:0.72675
realistic:0.716
controversial:0.716
erotic:0.714
homosexuality:0.7125
complex:0.70625
art:0.696
oscar (best actress):0.693
heartbreaking:0.6895
good soundtrack:0.68625
social commentary:0.67425
runaway:0.66775
women:0.6635
emotional:0.6615
nudity (full frontal):0.657
beautifully filmed:0.65175
sexy:0.64525
reflective:0.64175
gay:0.63925
weird:0.634
too long:0.6235
honest:0.62275
voyeurism:0.61975
visceral:0.61575
interesting:0.6115
transgender:0.611
nudity (full frontal - notable):0.6105
tragedy:0.609
storytelling:0.603
glbt:0.59425
brutality:0.59
colourful:0.58625
great acting:0.583
affectionate:0.5815
breathtaking:0.58
vengeance:0.5765
male nudity:0.5735
psychological:0.56575
nudity:0.565
depression:0.564
oscar (best directing):0.559
teenager:0.55875
talky:0.55675
melancholy:0.544
romance:0.54125
identity:0.54025
character study:0.53775
very interesting:0.52675
art house:0.52025
unlikely friendships:0.5135
foreign:0.5125
great ending:0.4995
dialogue:0.49825
stylized:0.48975
enigmatic:0.48725
independent film:0.4855
culture clash:0.48475
narrated:0.47875
unusual plot structure:0.47775
artist:0.472
mentor:0.46875
brutal:0.46725
suspense:0.4655
depressing:0.4565
nudity (full frontal - brief):0.452
gay character:0.45
friendship:0.44175
excellent script:0.44075
twists & turns:0.43725
idealism:0.4325
meditative:0.43225
life:0.43125
adapted from:book:0.42975
