male nudity:0.976
sequels:0.901
franchise:0.874
original:0.856
teen movie:0.83625
teens:0.82125
sequel:0.8025
sex comedy:0.777
high school:0.7755
predictable:0.70925
teen:0.7005
comedy:0.68875
so bad it's funny:0.68475
crappy sequel:0.679
nudity:0.677
silly fun:0.66775
pornography:0.665
revenge:0.6605
stupid as hell:0.659
nudity (topless - notable):0.65675
goofy:0.6555
nudity (full frontal - notable):0.65075
idiotic:0.64075
ninja:0.6125
humorous:0.60475
bad plot:0.5855
crude humor:0.5805
nudity (topless):0.5675
silly:0.56075
political corruption:0.552
notable nudity:0.55125
lame:0.54725
dumb but funny:0.539
indians:0.5205
foul language:0.5165
stereotypes:0.514
good sequel:0.51225
brutality:0.51075
pointless:0.50725
mentor:0.505
great ending:0.5015
very funny:0.49525
sexy:0.48325
dumb:0.48175
80s:0.45725
stupid:0.456
disaster:0.4495
overrated:0.436
camp:0.43075
violence:0.42075
censorship:0.42
cheerleading:0.4195
unfunny:0.4165
fun movie:0.41325
catastrophe:0.407
nerds:0.40625
snakes:0.406
cult film:0.4035
unusual plot structure:0.403
splatter:0.398
school:0.39475
family:0.3935
humor:0.39
adaptation:0.39
adolescence:0.38575
fight scenes:0.38575
storytelling:0.385
good soundtrack:0.3825
dialogue:0.38175
funny:0.3815
fantasy world:0.3805
slapstick:0.38025
first contact:0.37825
vengeance:0.377
bad:0.37325
sexual:0.36575
destiny:0.36175
weapons:0.3585
amy smart:0.35775
fun:0.35725
death:0.357
lone hero:0.34775
hilarious:0.344
shallow:0.33775
nudity (full frontal):0.3375
sexualized violence:0.332
redemption:0.329
sci fi:0.3265
virginity:0.324
melancholic:0.31575
pg-13:0.31425
entirely dialogue:0.313
life philosophy:0.31175
action:0.3105
story:0.308
runaway:0.3075
corruption:0.301
satirical:0.3005
entertaining:0.29875
suspense:0.2955
