alien:0.92675
special effects:0.91525
monsters:0.9135
sci fi:0.91
monster:0.90575
scifi:0.9015
sci-fi:0.88125
mars:0.7935
disaster:0.735
original:0.73325
science fiction:0.721
so bad it's funny:0.71375
predictable:0.702
horror:0.69925
first contact:0.66225
clones:0.652
underwater:0.65
aliens:0.63975
good:0.628
big budget:0.60875
futuristic:0.60725
science:0.603
survival:0.60075
natural disaster:0.5995
adventure:0.5795
low budget:0.56575
ensemble cast:0.558
bad science:0.53575
suspense:0.528
transformation:0.51825
effects:0.50275
catastrophe:0.46425
cult film:0.4465
great ending:0.44375
mentor:0.44075
bad plot:0.43075
dialogue:0.42925
death:0.42525
violence:0.4205
bad cgi:0.41875
redemption:0.4145
silly fun:0.41025
gory:0.40775
campy:0.40775
scary:0.40425
story:0.396
submarine:0.39275
fantasy world:0.3915
franchise:0.3885
good action:0.3875
brutality:0.382
fight scenes:0.38075
action:0.3745
plot holes:0.37
mad scientist:0.36975
stranded:0.3695
weapons:0.3625
great:0.35925
space:0.35775
not funny:0.357
suspenseful:0.348
quirky:0.3475
boring:0.345
cloning:0.3435
destiny:0.34275
genetics:0.33575
cheesy:0.33425
bloody:0.33425
lone hero:0.3335
overrated:0.33225
sacrifice:0.32975
adaptation:0.325
bad:0.3135
pulp:0.3125
island:0.30875
multiple storylines:0.3035
slasher:0.301
sexualized violence:0.2995
scifi cult:0.299
vengeance:0.29875
fun movie:0.297
fun:0.2945
family:0.294
good soundtrack:0.29275
dinosaurs:0.2925
80s:0.29075
cult:0.28825
underrated:0.28775
technology:0.2865
demons:0.2825
boring!:0.281
splatter:0.28075
storytelling:0.2805
mutants:0.28025
not as good as the first:0.27925
alien invasion:0.279
crappy sequel:0.27675
atmospheric:0.27575
unlikeable characters:0.27075
cult classic:0.27075
