art house:0.96075
stylized:0.9455
pornography:0.92275
disturbing:0.906
visual:0.89
allegory:0.88875
dark:0.88825
nudity (full frontal - notable):0.86625
brutality:0.85975
art:0.85525
visually stunning:0.85475
weird:0.8525
brutal:0.83375
enigmatic:0.82725
cinematography:0.8135
violence:0.80975
criterion:0.793
talky:0.7915
artistic:0.79075
hit men:0.7885
pretentious:0.7875
original:0.7855
obsession:0.7835
visceral:0.782
cannibalism:0.77825
visually appealing:0.77
sexualized violence:0.763
surreal:0.758
artsy:0.74825
male nudity:0.747
colourful:0.736
nudity (topless - notable):0.72675
violent:0.7265
twists & turns:0.712
nocturnal:0.70975
greed:0.702
dark humor:0.70125
sexual:0.70075
satirical:0.694
black comedy:0.69125
good soundtrack:0.69075
controversial:0.685
storytelling:0.67925
dark comedy:0.67925
adultery:0.6775
dialogue:0.66875
pointless:0.651
nudity (full frontal):0.64625
complex:0.6375
erotic:0.63275
surrealism:0.62575
psychological:0.6215
cult film:0.62025
gangsters:0.5835
absurd:0.58275
mindfuck:0.57425
artist:0.56875
intellectual:0.56325
beautifully filmed:0.56275
passionate:0.5615
revenge:0.56125
cult classic:0.5595
nudity (rear):0.5555
stylish:0.546
bloody:0.5455
great ending:0.54475
vengeance:0.54075
golden palm:0.53625
cerebral:0.53525
distopia:0.53325
stunning:0.53175
harsh:0.53
bizarre:0.52725
melancholic:0.52575
masterpiece:0.52325
entirely dialogue:0.51
social commentary:0.509
sex:0.506
macabre:0.5025
twist:0.5005
very interesting:0.49975
adaptation:0.48975
satire:0.48875
intimate:0.485
sexy:0.4785
narrated:0.475
off-beat comedy:0.471
clever:0.4655
atmospheric:0.46175
insanity:0.459
loneliness:0.453
great acting:0.45275
betrayal:0.45225
voyeurism:0.451
multiple storylines:0.4475
interesting:0.445
gangster:0.44225
gratuitous violence:0.44175
infidelity:0.434
strange:0.4335
