judaism:0.99725
anti-semitism:0.99525
jews:0.9945
powerful ending:0.95325
holocaust:0.94725
nazis:0.92825
nazi:0.92625
skinhead:0.905
jewish:0.89475
islam:0.888
thought-provoking:0.8875
complex:0.88525
genocide:0.8655
israel:0.85775
original:0.8375
intense:0.826
fascism:0.812
intellectual:0.811
social commentary:0.79725
catholicism:0.7815
violent:0.77375
religion:0.77275
love:0.772
prejudice:0.77
disturbing:0.75975
interesting:0.7465
neo-nazis:0.7445
intimate:0.71825
god:0.71125
enigmatic:0.711
loneliness:0.70875
violence:0.69925
independent film:0.699
sacrifice:0.69425
based on true story:0.6935
controversial:0.67825
psychological:0.67625
identity:0.6755
very interesting:0.665
storytelling:0.66325
cerebral:0.65725
tragedy:0.633
good soundtrack:0.63275
visceral:0.62975
reflective:0.62475
philosophy:0.62425
idealism:0.62125
great ending:0.619
redemption:0.61575
survival:0.61325
good acting:0.6045
talky:0.60425
criterion:0.59725
great acting:0.59375
brutality:0.59175
dialogue:0.58675
guilt:0.583
psychology:0.581
intelligent:0.5785
forceful:0.57775
moral ambiguity:0.5775
narrated:0.577
life & death:0.576
pornography:0.57425
relationships:0.57375
corruption:0.572
culture clash:0.56875
catastrophe:0.56625
harsh:0.5605
honest:0.56
golden palm:0.55775
dramatic:0.54375
based on a true story:0.54075
bleak:0.54
confusing:0.534
obsession:0.53175
existentialism:0.53125
character study:0.53
drama:0.53
hard to watch:0.52325
secrets:0.52275
complicated:0.5225
oscar (best directing):0.52
runaway:0.52
weird:0.51875
mentor:0.5165
brainwashing:0.51625
complex characters:0.50475
politics:0.5045
melancholic:0.5035
story:0.486
visually appealing:0.48175
justice:0.47925
emotional:0.478
assassination:0.477
nudity (full frontal - brief):0.47225
rebellion:0.46625
cinematography:0.45975
oscar:0.4545
corporate america:0.452
