original:0.92875
cyberpunk:0.805
futuristic:0.79925
scifi:0.7785
loneliness:0.7585
very interesting:0.7395
cerebral:0.7325
intimate:0.70575
existentialism:0.68175
melancholic:0.658
pornography:0.65225
sci fi:0.6515
poetry:0.644
future:0.6085
quirky:0.5705
stylized:0.527
relationships:0.51325
mental illness:0.479
talky:0.47575
weird:0.469
sexy:0.4675
golden palm:0.454
technology:0.4435
erotic:0.43325
thought-provoking:0.42425
criterion:0.42375
beautifully filmed:0.4215
mentor:0.4195
enigmatic:0.4175
passionate:0.4085
catastrophe:0.39975
entirely dialogue:0.393
visual:0.37075
psychological:0.3655
suprisingly clever:0.36425
nonlinear:0.362
psychology:0.34825
claustrophobic:0.346
low budget:0.34475
dialogue:0.3445
compassionate:0.3445
complex:0.34
stylish:0.3395
reflective:0.339
identity:0.33675
love story:0.33475
foreign:0.33425
not funny:0.33375
sexual:0.3325
great ending:0.324
internet:0.32125
depression:0.30925
storytelling:0.30475
visually appealing:0.2945
alone in the world:0.28825
special:0.287
narrated:0.286
prostitution:0.27475
memory:0.2665
independent film:0.266
sci-fi:0.265
life philosophy:0.262
romance:0.26
great:0.25725
destiny:0.25725
boring!:0.25625
meditative:0.2545
first contact:0.25125
satirical:0.241
downbeat:0.24
vengeance:0.2375
clever:0.2365
nudity (full frontal - notable):0.236
multiple storylines:0.23375
natural disaster:0.23175
brutality:0.2315
post apocalyptic:0.22825
touching:0.227
good soundtrack:0.2265
alternate reality:0.2265
irish accent:0.22625
ethnic conflict:0.2215
culture clash:0.22
ironic:0.21575
dramatic:0.2155
french:0.213
male nudity:0.21225
creativity:0.20975
shallow:0.209
art house:0.20775
so bad it's funny:0.207
intellectual:0.206
life & death:0.20175
obsession:0.1995
original plot:0.19775
redemption:0.197
lone hero:0.1965
boring:0.19475
parallel universe:0.19425
atmospheric:0.194
