teen:0.983
teen movie:0.96775
good soundtrack:0.941
awesome soundtrack:0.93225
liv tyler:0.93175
great soundtrack:0.92775
cult classic:0.922
music:0.91475
rock and roll:0.88975
teens:0.845
good music:0.827
cool:0.809
fun movie:0.755
geeks:0.7445
mentor:0.74275
teenagers:0.73775
teenager:0.737
high school:0.6955
great:0.68725
great music:0.6805
original:0.672
feel-good:0.67125
rebellion:0.66975
life philosophy:0.6535
quotable:0.64025
slackers:0.6395
happy ending:0.62475
feel good movie:0.6155
independent film:0.60875
stoner movie:0.5995
dialogue:0.59825
pg-13:0.58875
suburbia:0.5835
fun:0.5785
great ending:0.568
dancing:0.56175
good:0.55525
goth:0.53125
great movie:0.52425
stereotypes:0.52075
destiny:0.5045
cult film:0.49825
geek:0.495
weird:0.49075
shallow:0.48975
love:0.4795
unlikely friendships:0.47675
entirely dialogue:0.4615
catastrophe:0.449
nostalgic:0.444
dance:0.4415
so bad it's funny:0.4405
new jersey:0.42775
coming-of-age:0.4075
internet:0.4065
adolescence:0.40525
great acting:0.403
unrealistic:0.399
quirky:0.39375
friendship:0.38925
drinking:0.388
nudity (topless - notable):0.37725
drama:0.375
entertaining:0.37475
better than expected:0.3745
good acting:0.37425
guilty pleasure:0.373
coming of age:0.36625
indie:0.3605
not funny:0.35575
sexy:0.355
bad:0.3545
twists & turns:0.35425
80s:0.3525
underrated:0.35175
idiotic:0.3475
predictable:0.3455
good dialogue:0.3445
funny:0.3405
pointless:0.33975
suprisingly clever:0.338
honest:0.33775
classic car:0.33175
cult:0.32525
witty:0.325
plot:0.323
very funny:0.322
musicians:0.31925
girlie movie:0.319
cheerleading:0.3165
grindhouse:0.31375
talky:0.3135
cheesy:0.31275
comedy:0.311
funny as hell:0.30975
small town:0.3095
stupidity:0.30875
shopping:0.30875
social commentary:0.30775
camp:0.3065
