oscar (best actress):0.9925
noir thriller:0.974
death penalty:0.967
oscar (best directing):0.9575
murder:0.93625
guilt:0.8835
based on true story:0.88125
oscar:0.8455
police investigation:0.84275
dramatic:0.83975
bleak:0.82625
mental illness:0.81725
oscar (best supporting actress):0.814
investigation:0.808
great acting:0.80025
original:0.79325
justice:0.76625
talky:0.766
undercover cop:0.7585
intense:0.71625
excellent script:0.715
greed:0.70525
biopic:0.69775
good soundtrack:0.69425
crime:0.67925
manipulation:0.67075
factual:0.66425
sexy:0.664
downbeat:0.66075
grim:0.65825
based on a play:0.64675
murder mystery:0.64575
runaway:0.64175
oscar (best supporting actor):0.63075
death:0.63075
pg-13:0.62325
black and white:0.62225
earnest:0.6165
jazz:0.6145
lawyers:0.61225
prostitution:0.611
based on a true story:0.61075
biography:0.6005
brutality:0.59775
tragedy:0.59525
drinking:0.58975
exceptional acting:0.58725
oscar (best actor):0.5825
pornography:0.577
moody:0.571
harsh:0.56575
psychological:0.5655
lawyer:0.564
great ending:0.559
courtroom:0.5575
affectionate:0.55625
poignant:0.5535
social commentary:0.545
drama:0.54125
intimate:0.53525
1950s:0.5335
adapted from:book:0.53325
storytelling:0.52975
fighting the system:0.5195
criterion:0.50775
biographical:0.50675
noir:0.50325
brutal:0.50275
gritty:0.49875
golden palm:0.49825
california:0.49775
oscar (best picture):0.49575
unusual plot structure:0.49325
film noir:0.4915
mentor:0.491
redemption:0.48975
imdb top 250:0.4845
insanity:0.484
good:0.48375
controversial:0.4765
musical:0.47525
character study:0.47075
artistic:0.464
stereotypes:0.46225
obsession:0.45975
melancholic:0.4595
court:0.4545
tense:0.4515
forceful:0.45125
very interesting:0.45075
gangsters:0.447
serial killer:0.44475
moral ambiguity:0.44425
stylized:0.43075
hard to watch:0.42575
dialogue:0.4255
new jersey:0.41825
corruption:0.41225
catastrophe:0.409
great:0.40475
