coming of age:0.8285
homeless:0.778
life & death:0.75025
dreams:0.71525
mentor:0.68775
poker:0.66575
superheroes:0.6595
original:0.65475
coming-of-age:0.64525
touching:0.6205
fantasy world:0.61325
drama:0.56875
obsession:0.562
storytelling:0.5565
weapons:0.5425
solitude:0.536
parallel universe:0.52975
bittersweet:0.52
good soundtrack:0.50575
so bad it's funny:0.50375
technology:0.48775
childhood:0.487
nostalgic:0.4765
adolescence:0.44825
great:0.4415
depression:0.4325
great ending:0.42775
gangsters:0.42775
catastrophe:0.42375
indie:0.41475
beautifully filmed:0.40775
android(s)/cyborg(s):0.38225
sentimental:0.37925
heartwarming:0.37825
harsh:0.3605
bullying:0.35275
unusual plot structure:0.35125
fight scenes:0.35125
sappy:0.34975
dialogue:0.3455
california:0.34325
cerebral:0.3425
great acting:0.3415
independent film:0.33875
runaway:0.337
talky:0.336
good:0.3235
sequels:0.322
teleportation:0.32
visually appealing:0.31925
melancholic:0.3065
unfunny:0.30525
environment:0.305
vengeance:0.3015
new jersey:0.29725
betrayal:0.29625
lone hero:0.2955
not funny:0.2895
nudity (topless - brief):0.28675
life philosophy:0.28425
emotional:0.2825
weird:0.27675
adaptation:0.272
entirely dialogue:0.2715
existentialism:0.27075
doctors:0.2695
suprisingly clever:0.263
story:0.26175
computer game:0.26075
race issues:0.25725
first contact:0.254
allegory:0.254
very interesting:0.252
redemption:0.25175
death:0.25175
gambling:0.24975
foreign:0.24625
cinematography:0.2455
internet:0.2425
parenthood:0.242
dark fantasy:0.24025
stop motion:0.236
feel-good:0.23575
male nudity:0.2345
idealism:0.23125
dark hero:0.228
writers:0.22725
pg-13:0.227
complex:0.2255
stoner movie:0.22475
oil:0.224
utopia:0.2205
predictable:0.22
compassionate:0.22
directorial debut:0.22
brutality:0.218
satirical:0.214
twists & turns:0.21275
free speech:0.2125
excellent script:0.2125
