amazing photography:0.99825
oscar (best cinematography):0.988
birds:0.9805
documentary:0.9555
nature:0.94225
scenic:0.9315
narrated:0.931
amazing cinematography:0.915
photography:0.9055
animals:0.895
visually stunning:0.8935
cinematography:0.8825
stunning:0.8605
antarctica:0.8385
breathtaking:0.83075
beautifully filmed:0.80825
visual:0.798
original:0.74625
beautiful scenery:0.72375
meditative:0.7225
paris:0.70675
obsession:0.69775
beautiful:0.689
life & death:0.6695
interesting:0.6565
great ending:0.64925
visually appealing:0.64475
factual:0.63575
environmental:0.633
reflective:0.6295
imagination:0.6125
criterion:0.60925
drama:0.577
corruption:0.57175
oil:0.57075
very interesting:0.564
enigmatic:0.55875
self discovery:0.5515
idealism:0.551
light:0.5405
catastrophe:0.53875
greed:0.537
art:0.535
france:0.53025
imdb top 250:0.5255
unusual plot structure:0.5245
visuals:0.5185
suprisingly clever:0.518
oscar (best directing):0.5175
penguins:0.516
culture clash:0.515
french:0.513
runaway:0.5125
storytelling:0.51025
oscar (best actress):0.504
social commentary:0.50375
secrets:0.5035
manipulation:0.49225
pornography:0.48625
weird:0.484
talky:0.48225
great:0.4795
earnest:0.47775
movielens top pick:0.47675
rio de janeiro:0.4665
destiny:0.4575
artistic:0.45075
police investigation:0.448
educational:0.4455
san francisco:0.43825
based on book:0.4325
dialogue:0.42775
life philosophy:0.41925
animal movie:0.417
creativity:0.41675
brutality:0.41625
adapted from:book:0.4155
wilderness:0.41525
affectionate:0.4105
clever:0.40525
good:0.40175
harsh:0.40025
mentor:0.4
story:0.398
environment:0.39775
masterpiece:0.397
africa:0.39575
passionate:0.39525
witty:0.389
intimate:0.384
childhood:0.37875
chase:0.3775
good soundtrack:0.37125
cute:0.371
oscar:0.3705
assassination:0.3705
alone in the world:0.36675
cerebral:0.36175
stylized:0.3615
thought-provoking:0.35975
