fantasy:0.98725
arnold:0.979
high fantasy:0.974
wizards:0.96025
adventure:0.93775
action:0.935
fantasy world:0.922
quotable:0.9205
special effects:0.91275
sword fight:0.90425
sword fighting:0.9035
epic:0.903
fighting:0.90275
mythology:0.89875
awesome soundtrack:0.897
cult:0.8925
cult classic:0.8865
vengeance:0.85725
snakes:0.855
fight scenes:0.855
brutality:0.8515
immortality:0.8505
revenge:0.8315
visual:0.829
based on a comic:0.8285
weapons:0.822
cult film:0.81825
violence:0.814
violent:0.814
original:0.806
dialogue:0.8
pulp:0.78
classic:0.765
good action:0.7615
medieval:0.75
great movie:0.745
mentor:0.7415
magic:0.737
storytelling:0.736
sexualized violence:0.7265
visually stunning:0.72575
80s:0.7225
science fiction:0.71875
bloody:0.705
great:0.69575
chase:0.695
clones:0.695
sci fi:0.69125
story:0.686
scenic:0.6605
highly quotable:0.65425
big budget:0.64175
dark hero:0.641
trilogy:0.63375
1980s:0.6335
alternate universe:0.62975
supernatural:0.6195
good versus evil:0.61825
great ending:0.61625
transformation:0.6065
oscar (best effects - visual effects):0.605
good:0.60325
original plot:0.5935
futuristic:0.59225
destiny:0.5915
dragons:0.5845
cinematography:0.575
dynamic cgi action:0.575
good soundtrack:0.56975
scifi:0.56575
adaptation:0.5655
franchise:0.55975
realistic action:0.5515
effects:0.54775
comic book:0.54425
harsh:0.5395
redemption:0.537
gunfight:0.536
blood:0.5325
goofy:0.5255
allegory:0.5235
excellent:0.52325
childhood:0.52
exciting:0.505
cloning:0.503
cool:0.497
modern fantasy:0.4915
android(s)/cyborg(s):0.49125
dark fantasy:0.4815
dystopic future:0.481
dystopia:0.47875
unintentionally funny:0.47725
intense:0.4705
based on book:0.4705
stylized:0.4695
lone hero:0.462
splatter:0.46075
saturn award (best special effects):0.45875
alter ego:0.4575
demons:0.45525
