sports:0.95925
comedy:0.84375
goofy:0.81275
silly fun:0.7245
father son relationship:0.71175
predictable:0.701
original:0.6895
funny:0.642
saturday night live:0.6345
fun movie:0.605
very funny:0.5505
kids and family:0.544
crude humor:0.5375
soccer:0.53675
family:0.50625
stupid:0.50175
silly:0.48125
redemption:0.4795
underdog:0.47775
hilarious:0.47475
mentor:0.449
idiotic:0.442
kids:0.4365
teen movie:0.42725
catastrophe:0.41625
competition:0.40575
fun:0.40075
great ending:0.40025
gangsters:0.38525
bullying:0.38525
slapstick:0.37975
fantasy world:0.374
bad plot:0.36375
good:0.363
feel-good:0.35925
dialogue:0.35275
girlie movie:0.3455
brutality:0.33625
life philosophy:0.33525
overrated:0.33125
storytelling:0.331
quirky:0.33025
pg-13:0.3295
so bad it's funny:0.3285
stupidity:0.32625
football:0.31625
buddy movie:0.3145
absurd:0.30775
weird:0.3055
lone hero:0.30525
humorous:0.3045
destiny:0.3035
addiction:0.303
good soundtrack:0.29825
funny as hell:0.29725
first contact:0.295
unfunny:0.28675
adaptation:0.28175
children:0.2795
great:0.27875
multiple storylines:0.27675
runaway:0.2765
melancholic:0.27225
chase:0.27175
oscar (best directing):0.27
entertaining:0.26925
dysfunctional family:0.269
natural disaster:0.26775
justice:0.26725
short-term memory loss:0.26725
happy ending:0.26575
pornography:0.26525
feel good movie:0.26475
life & death:0.2635
culture clash:0.2555
fight scenes:0.25475
death:0.252
entirely dialogue:0.25
inspirational:0.24625
foul language:0.24525
talky:0.23875
adapted from:book:0.23725
nudity (topless - notable):0.237
police investigation:0.23675
intense:0.235
oscar winner:0.235
horrible:0.23375
amy smart:0.23175
writers:0.23075
lame:0.2305
imdb top 250:0.2295
shallow:0.22625
story:0.226
transformation:0.224
parenthood:0.21975
disaster:0.21975
best of 2005:0.2185
ninja:0.216
twists & turns:0.214
stereotypes:0.21375
