mindfuck:0.998
touching:0.95375
emotional:0.9365
drama:0.923
love story:0.90175
great acting:0.89475
sacrifice:0.8685
feel-good:0.85725
redemption:0.8395
great ending:0.81975
sentimental:0.8145
life & death:0.80325
feel good movie:0.7965
suicide:0.795
good acting:0.787
tear jerker:0.777
intense:0.7525
thought-provoking:0.74475
loneliness:0.742
life philosophy:0.73025
original:0.7275
dramatic:0.70825
heartbreaking:0.70825
catastrophe:0.70775
storytelling:0.694
destiny:0.69275
sappy:0.69175
happy ending:0.69075
sad but good:0.68375
good:0.672
homeless:0.67
depression:0.66025
love:0.649
good soundtrack:0.64775
bittersweet:0.64575
depressing:0.64275
heartwarming:0.63825
pg-13:0.63475
honest:0.6295
alternate endings:0.62475
plot:0.6235
solitude:0.60925
interesting:0.6065
sad:0.6035
story:0.603
tragedy:0.591
guilt:0.59
moving:0.58925
twist ending:0.5875
excellent script:0.5815
compassionate:0.581
unrealistic:0.5795
powerful ending:0.57275
mentor:0.56275
philosophy:0.558
intellectual:0.54875
poignant:0.54525
social commentary:0.54475
great:0.543
hospital:0.54175
complex:0.5355
beautiful scenery:0.534
visually appealing:0.53325
oscar:0.53
natural disaster:0.5275
melancholic:0.5255
bad ending:0.52225
justice:0.52025
first contact:0.51875
cerebral:0.51825
death:0.516
cancer:0.5155
melancholy:0.51175
graphic design:0.51125
relationships:0.50825
big budget:0.507
reflective:0.50575
good story:0.50525
better than expected:0.50275
visually stunning:0.49525
life:0.495
enigmatic:0.493
romantic:0.4895
courage:0.4875
predictable:0.48675
manipulation:0.48475
philosophical:0.4815
existentialism:0.48
transformation:0.47575
twists & turns:0.4755
survival:0.474
inspirational:0.4735
suspense:0.46575
dialogue:0.46475
cinematography:0.458
weird:0.451
greed:0.44275
earnest:0.4245
inspiring:0.4095
secrets:0.4055
