sarcasm:0.95125
writers:0.91025
life philosophy:0.83375
original:0.7645
relationships:0.76175
life:0.716
highly quotable:0.69775
existentialism:0.69325
drinking:0.686
social commentary:0.676
writing:0.665
storytelling:0.653
good soundtrack:0.6465
goofy:0.6435
dialogue:0.63325
loneliness:0.62475
psychiatry:0.62125
biographical:0.61675
pornography:0.60075
ensemble cast:0.59425
philosophy:0.5915
artistic:0.58375
independent film:0.5545
art:0.55375
melancholic:0.5515
hilarious:0.54625
intellectual:0.54375
weird:0.53025
reflective:0.529
satire:0.52325
obsession:0.51475
irreverent:0.51225
very funny:0.5105
brutality:0.50575
talky:0.5055
bleak:0.5005
quirky:0.4995
witty:0.49675
redemption:0.49475
humor:0.494
philosophical:0.4935
foul language:0.49275
quotable:0.488
comedy:0.48575
absurd:0.48425
alternate universe:0.481
fantasy world:0.47625
complex:0.475
dark hero:0.47425
satirical:0.4655
mentor:0.4655
creativity:0.4625
judaism:0.462
great ending:0.4585
funny as hell:0.4585
life & death:0.452
depression:0.4515
stylized:0.44475
dysfunctional family:0.43575
honest:0.4325
cult classic:0.43
hillarious:0.42925
clever:0.4285
adapted from:book:0.4255
golden palm:0.42475
melancholy:0.4245
vengeance:0.4195
eccentricity:0.41525
catastrophe:0.41375
addiction:0.4135
alter ego:0.411
cerebral:0.4095
transformation:0.40625
new york:0.40475
suprisingly clever:0.40425
imdb top 250:0.40425
entirely dialogue:0.40325
death:0.403
criterion:0.401
surreal:0.401
intimate:0.4005
cynical:0.40025
adaptation:0.3995
interesting:0.39775
funny:0.393
masterpiece:0.39225
harsh:0.38925
humorous:0.385
nudity (full frontal - notable):0.3825
multiple storylines:0.3795
violent:0.3795
crime gone awry:0.37725
great movie:0.375
narrated:0.37325
prostitution:0.37275
dark humor:0.37175
grindhouse:0.369
ironic:0.366
sexualized violence:0.36525
great:0.3635
