china:0.9805
revolution:0.967
communism:0.94825
intimate:0.9165
tragedy:0.88025
poignant:0.86475
beautifully filmed:0.8555
foreign:0.819
movielens top pick:0.819
dramatic:0.818
politics:0.79475
oscar (best foreign language film):0.786
political:0.782
bleak:0.77575
criterion:0.77175
death:0.77125
reflective:0.76
heartbreaking:0.755
imdb top 250:0.75125
social commentary:0.739
breathtaking:0.72975
touching:0.728
storytelling:0.72525
forceful:0.72375
censorship:0.72075
original:0.71725
family drama:0.71625
bittersweet:0.70775
beautiful scenery:0.6905
cinematography:0.68875
courage:0.674
melancholic:0.6695
harsh:0.662
poverty:0.6605
visually appealing:0.65325
allegory:0.6525
culture clash:0.65175
childhood:0.65
masterpiece:0.64275
civil war:0.6425
golden palm:0.63625
oscar (best directing):0.634
life & death:0.62725
great acting:0.62425
great:0.61175
passionate:0.61
redemption:0.608
heartwarming:0.60225
us history:0.60125
emotional:0.59425
loneliness:0.591
stunning:0.58575
melancholy:0.58125
idealism:0.5775
great cinematography:0.57425
good acting:0.57125
downbeat:0.5705
depression:0.5675
talky:0.567
drama:0.5645
sad:0.5605
story:0.55925
history:0.559
betrayal:0.54825
suprisingly clever:0.546
honest:0.54275
destiny:0.5425
life:0.5395
mentor:0.52125
great ending:0.51775
gambling:0.51375
homeless:0.508
visual:0.5
hospital:0.49925
life philosophy:0.49725
cerebral:0.49525
great movie:0.491
atmospheric:0.47625
meditative:0.476
family:0.472
greed:0.4715
parenthood:0.4675
catastrophe:0.46425
sentimental:0.46275
slow paced:0.459
transformation:0.459
photography:0.45525
survival:0.454
philosophy:0.45375
compassionate:0.45225
ironic:0.447
enigmatic:0.44625
humanity:0.4435
thought-provoking:0.44325
visually stunning:0.4405
earnest:0.44
good soundtrack:0.43975
ethnic conflict:0.43525
unusual plot structure:0.4325
epic:0.4305
