western:0.998
indians:0.983
gunfight:0.97025
native americans:0.92975
talky:0.78475
adapted from:book:0.7775
classic:0.7615
runaway:0.74675
family:0.7365
original:0.73325
tense:0.72875
story:0.72825
desert:0.724
scenic:0.72075
war:0.719
stranded:0.71475
oscar (best cinematography):0.699
stereotypes:0.69625
drinking:0.6815
criterion:0.66625
great:0.66525
chase:0.63175
adventure:0.62375
violence:0.62325
survival:0.61225
horses:0.61125
oscar:0.60725
great movie:0.597
forceful:0.59525
good music:0.593
dialogue:0.5895
good soundtrack:0.57975
based on a book:0.57875
unlikely friendships:0.578
california:0.56925
good:0.56575
oscar (best effects - visual effects):0.5655
mexico:0.56475
nostalgic:0.5625
courage:0.562
betrayal:0.55875
corruption:0.55425
intimate:0.5475
oscar (best actress):0.54025
moral ambiguity:0.54
idealism:0.53975
based on book:0.5325
earnest:0.53025
culture clash:0.527
oscar (best supporting actress):0.522
redemption:0.51725
alter ego:0.512
beautiful scenery:0.51175
quotable:0.5065
gangs:0.50475
brutality:0.501
photography:0.49825
light:0.491
imdb top 250:0.49
catastrophe:0.48825
movielens top pick:0.4855
suspenseful:0.48425
book was better:0.482
nudity (full frontal - brief):0.47925
childhood:0.47075
great ending:0.46425
pulp:0.464
melancholic:0.45825
goofy:0.4565
justice:0.45375
british:0.4505
complex characters:0.45
complex:0.4495
dog:0.44425
civil war:0.44125
happy ending:0.4395
oscar (best directing):0.43575
police investigation:0.4355
good versus evil:0.435
epic:0.427
oscar (best music - original song):0.4265
bond:0.4245
passionate:0.42275
original plot:0.4215
funny as hell:0.41925
oscar (best supporting actor):0.41875
kids and family:0.417
family drama:0.4165
romance:0.416
suprisingly clever:0.413
long:0.413
friendship:0.41275
hitman:0.41225
violent:0.40975
suspense:0.40575
cinematography:0.40325
not funny:0.40025
lone hero:0.39925
realistic:0.397
mentor:0.39625
