women:0.952
stereotypes:0.7115
bank robbery:0.65575
lesbian:0.642
chick flick:0.6365
crime:0.63275
hip hop:0.62725
original:0.6075
girlie movie:0.57
unlikely friendships:0.56075
good soundtrack:0.54425
pornography:0.51475
action:0.4985
friendship:0.495
revenge:0.49475
teen movie:0.471
catastrophe:0.45475
gratuitous violence:0.4405
mentor:0.42
life philosophy:0.4155
nudity (full frontal - brief):0.4095
destiny:0.39975
gangsters:0.39875
drama:0.383
action packed:0.38025
brutality:0.38
happy ending:0.3685
good:0.3675
predictable:0.367
heist:0.35575
workplace:0.352
death:0.3365
not funny:0.32725
intense:0.32425
interracial romance:0.32275
fast paced:0.3175
honest:0.317
great ending:0.31475
los angeles:0.3145
better than expected:0.30675
teen:0.30275
dialogue:0.302
vengeance:0.30075
original plot:0.3005
harsh:0.29575
pg-13:0.2925
shallow:0.288
drinking:0.2845
emotional:0.28325
touching:0.283
childhood:0.2825
classic car:0.28025
natural disaster:0.27975
great:0.27875
police investigation:0.276
sexy:0.274
storytelling:0.2705
guilt:0.26475
runaway:0.26275
passionate:0.25675
first contact:0.255
lone hero:0.25125
tragedy:0.2505
exceptional acting:0.24975
entirely dialogue:0.2495
car chase:0.2495
melancholic:0.2465
gangs:0.246
chase:0.24475
feel-good:0.23775
love story:0.23575
good action:0.23575
culture clash:0.23475
unfunny:0.2345
social commentary:0.234
corruption:0.231
feel good movie:0.23025
adaptation:0.22925
fight scenes:0.22675
so bad it's funny:0.223
prejudice:0.222
visceral:0.22175
high school:0.22125
gay character:0.2205
bad plot:0.2205
relationships:0.21975
caper:0.21675
adapted from:book:0.215
redemption:0.21425
hospital:0.21375
story:0.21325
underrated:0.21225
nudity (full frontal - notable):0.21075
betrayal:0.20975
excellent script:0.208
teens:0.20675
shopping:0.206
dramatic:0.20575
justice:0.202
manipulation:0.19975
