based on a true story:0.9855
corruption:0.97325
based on true story:0.96975
true story:0.96525
united nations:0.844
girlie movie:0.8075
politics:0.799
conspiracy:0.77925
courage:0.7765
factual:0.724
humanity:0.7135
runaway:0.67725
justice:0.6505
workplace:0.6345
story:0.63225
business:0.61325
women:0.6105
greed:0.60375
romantic comedy:0.5585
dramatic:0.55325
educational:0.5485
brutality:0.54775
original:0.54425
police investigation:0.52875
forceful:0.52475
internet:0.523
investigation:0.51825
world politics:0.51225
idealism:0.51075
lawyers:0.5095
lawyer:0.506
unlikely friendships:0.5005
harsh:0.49825
happy ending:0.48775
sexual abuse:0.48575
betrayal:0.48325
good:0.47975
mentor:0.477
hard to watch:0.4715
catastrophe:0.465
prostitution:0.45375
family:0.452
political:0.45175
thriller:0.45075
culture clash:0.4405
courtroom:0.43825
chase:0.43475
pg-13:0.4245
sacrifice:0.4215
great ending:0.42125
better than expected:0.41425
sexualized violence:0.414
war:0.41175
emotional:0.4085
slavery:0.4045
secrets:0.3815
political corruption:0.3755
canada:0.37075
oscar:0.36775
good acting:0.36625
torture:0.36325
islam:0.36
morality:0.35875
not funny:0.35425
notable nudity:0.353
us history:0.34925
thought-provoking:0.349
life philosophy:0.34675
police corruption:0.34675
assassination:0.3435
police:0.34125
prejudice:0.339
drama:0.33
military:0.32925
tragedy:0.32825
surveillance:0.3265
civil war:0.32475
survival:0.321
predictable:0.31775
great:0.3175
office:0.31225
intense:0.30775
destiny:0.3065
excellent:0.29725
suprisingly clever:0.2935
biopic:0.2935
kidnapping:0.2905
first contact:0.28875
iraq:0.28875
guilt:0.28775
california:0.28525
excellent script:0.28025
court:0.275
teen movie:0.27375
freedom:0.26925
friendship:0.26775
gritty:0.265
propaganda:0.2645
1970s:0.26325
inspirational:0.26275
