mother-son relationship:0.99075
father son relationship:0.9525
father-son relationship:0.92575
mentor:0.915
foreign:0.91375
redemption:0.88725
oscar (best foreign language film):0.87875
beautifully filmed:0.8455
dramatic:0.84175
visually stunning:0.8355
bleak:0.83125
original:0.812
childhood:0.81
storytelling:0.80825
drama:0.79975
workplace:0.7915
life & death:0.78825
allegory:0.77675
cinematography:0.776
harsh:0.7665
reflective:0.765
social commentary:0.7585
great ending:0.74475
imdb top 250:0.73875
complex:0.7365
good soundtrack:0.73375
stunning:0.73375
story:0.73075
melancholic:0.72975
psychological:0.7065
dark:0.7065
loneliness:0.699
visually appealing:0.68925
brutality:0.67825
criterion:0.66625
independent film:0.66575
melancholy:0.6625
poland:0.645
nocturnal:0.64325
tragedy:0.63625
poverty:0.63225
great acting:0.629
visual:0.6275
destiny:0.62675
movielens top pick:0.615
existentialism:0.60125
emotional:0.5935
atmospheric:0.591
suprisingly clever:0.5795
golden palm:0.5795
narrated:0.57675
life philosophy:0.5645
talky:0.56175
enigmatic:0.551
masterpiece:0.55
character study:0.5455
dysfunctional family:0.539
downbeat:0.53825
weird:0.538
relationships:0.5365
secrets:0.533
intimate:0.52875
dialogue:0.52825
intense:0.5275
exceptional acting:0.52375
touching:0.52075
fight scenes:0.5205
good acting:0.51975
hospital:0.51575
oscar:0.5155
vengeance:0.5135
life:0.5045
good:0.50375
ethnic conflict:0.5
plot:0.4985
bittersweet:0.49075
passionate:0.4875
betrayal:0.48675
powerful ending:0.485
stylized:0.47825
adolescence:0.47675
culture clash:0.476
family drama:0.4755
psychology:0.4735
guilt:0.47
prejudice:0.46575
unusual plot structure:0.464
corruption:0.4575
beautiful scenery:0.4545
realistic:0.4535
depression:0.4535
transformation:0.451
excellent script:0.4505
classic car:0.44725
philosophical:0.44625
love:0.44425
affectionate:0.44075
dark hero:0.438
thought-provoking:0.436
depressing:0.43475
