cheerleading:0.99975
teen movie:0.99575
teen:0.99325
high school:0.9895
girlie movie:0.9875
teens:0.972
teenagers:0.96475
teenager:0.93525
fun movie:0.903
stereotypes:0.87375
chick flick:0.86475
guilty pleasure:0.81
hip hop:0.79125
good soundtrack:0.747
fun:0.7305
pg-13:0.71
sexy:0.688
geeks:0.68625
adolescence:0.66925
original:0.66875
comedy:0.63975
school:0.63525
cute!:0.6325
predictable:0.60625
cute:0.59725
dialogue:0.586
better than expected:0.57725
gay character:0.57025
silly:0.5475
runaway:0.54225
light:0.54175
entertaining:0.5405
dumb:0.5235
women:0.5215
sports:0.5065
shallow:0.50575
pornography:0.48775
coming-of-age:0.485
cool:0.48175
satirical:0.475
good:0.47425
funny:0.46925
nerds:0.46875
stupid as hell:0.46525
feel-good:0.46525
dumb but funny:0.461
catastrophe:0.44925
friendship:0.44925
great:0.442
lame:0.44025
idiotic:0.44025
competition:0.4365
so bad it's funny:0.433
cheesy:0.42775
horrible:0.4245
virginity:0.42325
dancing:0.4205
great ending:0.41825
coming of age:0.41575
silly fun:0.4155
camp:0.41525
awesome soundtrack:0.40125
romantic:0.399
overrated:0.3985
unlikely friendships:0.39725
geek:0.39425
very funny:0.394
love story:0.3925
mentor:0.38975
80s:0.38675
feel good movie:0.3855
manipulation:0.38175
bad plot:0.38025
goofy:0.366
fashion:0.36475
crude humor:0.361
storytelling:0.35225
stupidity:0.3505
bad acting:0.347
bullying:0.34625
entirely dialogue:0.344
writers:0.342
bad:0.3355
adaptation:0.3325
clever:0.33125
dance:0.33075
police investigation:0.32975
not funny:0.32775
teacher:0.324
happy ending:0.32225
family:0.3205
romance:0.31775
internet:0.31125
great acting:0.31025
absurd:0.30975
stupid:0.302
romantic comedy:0.30075
culture clash:0.2995
nudity (topless - notable):0.29275
destiny:0.2905
