golden palm:0.997
french:0.9395
teacher:0.9215
paris:0.9165
mentor:0.91075
talky:0.85475
france:0.81625
school:0.8105
high school:0.79425
criterion:0.7795
educational:0.76175
teen:0.72925
original:0.7145
realistic:0.71125
intimate:0.70675
runaway:0.6675
bleak:0.666
harsh:0.618
unusual plot structure:0.6165
pornography:0.61275
social commentary:0.59825
childhood:0.596
adolescence:0.59475
oscar (best actress):0.59075
culture clash:0.58425
adapted from:book:0.576
good soundtrack:0.5665
latin america:0.5565
greed:0.541
drama:0.535
foreign:0.5335
brutality:0.52975
interesting:0.51225
movielens top pick:0.5115
crime gone awry:0.51025
heartbreaking:0.50375
obsession:0.4965
character study:0.49625
dialogue:0.495
literature:0.48125
unlikely friendships:0.48075
teenagers:0.476
teenager:0.47425
adaptation:0.46475
life philosophy:0.4645
storytelling:0.46425
honest:0.464
sexualized violence:0.45975
oscar (best directing):0.4565
twists & turns:0.45575
very interesting:0.45275
intellectual:0.44975
enigmatic:0.4355
depression:0.4355
friendship:0.43125
confrontational:0.428
documentary:0.42675
bullying:0.4255
redemption:0.425
catastrophe:0.424
cinematography:0.41425
melancholic:0.4035
idealism:0.4005
oscar (best supporting actress):0.40025
great ending:0.39075
complex:0.39025
immigrants:0.38975
visually appealing:0.38825
suprisingly clever:0.385
corruption:0.3775
segregation:0.377
inspirational:0.37575
stylized:0.373
dramatic:0.37225
fantasy world:0.37225
relationships:0.3705
not funny:0.36875
teen movie:0.36675
oscar (best foreign language film):0.36425
police investigation:0.361
based on a book:0.35775
british:0.3555
loneliness:0.35225
existentialism:0.347
cerebral:0.34575
manipulation:0.34525
narrated:0.3425
gritty:0.342
affectionate:0.34125
working class:0.3385
dreams:0.3375
drinking:0.33475
art:0.334
stereotypes:0.332
entirely dialogue:0.332
imdb top 250:0.33175
great acting:0.3315
nocturnal:0.328
melancholy:0.3275
poignant:0.325
