undercover cop:0.99475
drugs:0.88525
corruption:0.866
stylish:0.821
moral ambiguity:0.80225
violence:0.7835
violent:0.77325
greed:0.773
crime:0.72175
original:0.713
crime gone awry:0.68375
gritty:0.6825
dialogue:0.6795
very interesting:0.67325
gangsters:0.67175
good soundtrack:0.652
addiction:0.649
gunfight:0.6235
tense:0.60925
runaway:0.60325
lawyer:0.60325
drama:0.601
thriller:0.58725
drug addiction:0.585
good:0.566
good action:0.5395
honest:0.53525
brutality:0.53275
enigmatic:0.52425
stereotypes:0.51725
great ending:0.49725
drinking:0.49575
stylized:0.4955
narrated:0.495
talky:0.48925
harsh:0.4755
pulp:0.475
great:0.47425
mentor:0.47125
underrated:0.46725
great acting:0.46525
murder:0.4625
character study:0.4585
gangster:0.455
action:0.45375
entirely dialogue:0.446
dramatic:0.43675
redemption:0.43225
adapted from:book:0.42825
hitman:0.428
catastrophe:0.428
interesting:0.4255
highly quotable:0.42075
lone hero:0.4205
nudity (full frontal - notable):0.417
nudity (rear):0.416
suspense:0.41325
life philosophy:0.4115
clever:0.4085
downbeat:0.40625
police corruption:0.39925
great movie:0.3975
good dialogue:0.396
cinematography:0.3925
pornography:0.38975
story:0.38925
manipulation:0.383
intense:0.37875
very good:0.37525
exceptional acting:0.3715
quirky:0.3705
cool:0.3695
betrayal:0.3675
nudity (full frontal - brief):0.36725
chase:0.36725
oscar (best directing):0.35175
social commentary:0.34925
police investigation:0.33975
unlikely friendships:0.3395
adaptation:0.33775
assassination:0.3355
excellent:0.33325
california:0.33275
revenge:0.3325
grim:0.332
vengeance:0.3315
not funny:0.33125
transformation:0.32825
cynical:0.32775
quotable:0.3275
visceral:0.327
melancholic:0.326
good music:0.3245
imdb top 250:0.32425
entertaining:0.324
justice:0.32375
absurd:0.323
lawyers:0.32025
writers:0.31925
moody:0.318
