islam:0.8595
social commentary:0.84775
prostitution:0.82925
destiny:0.82775
relationships:0.81225
brutality:0.802
drama:0.74475
culture clash:0.7405
runaway:0.739
france:0.72875
original:0.714
girlie movie:0.71325
dramatic:0.68975
french:0.6885
very funny:0.68725
women:0.68225
courage:0.6785
satire:0.669
sexualized violence:0.66175
drinking:0.66025
pornography:0.6545
secrets:0.6475
vengeance:0.62825
redemption:0.62825
feel-good:0.614
vampire human love:0.6025
family:0.5975
chick flick:0.59525
feel good movie:0.59075
friendship:0.59
comedy:0.58675
good:0.57875
male nudity:0.57775
sweet:0.5745
oscar (best foreign language film):0.57125
absurd:0.57075
light:0.5655
unlikely friendships:0.55725
chase:0.5535
good soundtrack:0.54925
satirical:0.5485
stereotypes:0.54425
coming of age:0.53875
classic car:0.53475
guilt:0.52825
oscar (best actress):0.526
revenge:0.526
movielens top pick:0.5215
hospital:0.5185
sexy:0.51175
police investigation:0.5075
prejudice:0.50475
finnish:0.49875
funny:0.491
life:0.47775
humor:0.46325
suprisingly clever:0.459
bollywood:0.45275
dark hero:0.45225
teen:0.4505
crude humor:0.448
witty:0.44525
harsh:0.444
bleak:0.4405
betrayal:0.43375
humorous:0.42725
clever:0.425
alter ego:0.42375
catastrophe:0.4195
screwball:0.4185
mentor:0.418
cute:0.41725
fun movie:0.41625
honest:0.4145
gangsters:0.4145
hard to watch:0.40675
dialogue:0.40425
intense:0.403
corruption:0.40275
justice:0.40225
bond:0.40125
children:0.4
foreign:0.398
factual:0.3945
story:0.39375
freedom:0.38975
great:0.389
quirky:0.38475
murder:0.3845
excellent script:0.383
disability:0.38125
interesting:0.377
forceful:0.37625
fast paced:0.37525
british:0.36875
childhood:0.36825
life & death:0.36575
idealism:0.36425
unfunny:0.3625
sexual abuse:0.362
