conspiracy theory:0.99075
religion:0.962
islam:0.9485
christianity:0.937
documentary:0.9325
god:0.8875
factual:0.88625
judaism:0.8555
manipulation:0.84675
conspiracy:0.846
internet:0.83725
controversial:0.8045
9/11:0.803
jesus:0.75075
christian:0.74275
natural disaster:0.7155
greed:0.711
propaganda:0.70625
original:0.70425
utopia:0.687
so bad it's funny:0.686
brainwashing:0.67075
corruption:0.65775
thought-provoking:0.65525
catastrophe:0.64525
intellectual:0.64075
capitalism:0.62175
politics:0.621
business:0.60875
pornography:0.571
revolution:0.571
egypt:0.5555
science:0.55125
global warming:0.54925
narrated:0.546
intense:0.52825
paranoia:0.5235
alone in the world:0.514
philosophy:0.5125
educational:0.509
good:0.48525
mythology:0.478
interesting:0.47575
atheism:0.4515
technology:0.451
great ending:0.4485
betrayal:0.446
reality tv:0.4445
life philosophy:0.432
justice:0.4255
anti-semitism:0.422
mentor:0.42
pg-13:0.41375
rebellion:0.413
destiny:0.41275
social commentary:0.405
weapons:0.38525
complex:0.38175
very interesting:0.37925
us history:0.371
storytelling:0.368
suprisingly clever:0.3665
prejudice:0.366
adaptation:0.3655
stupidity:0.365
beautiful scenery:0.3635
idiotic:0.363
good soundtrack:0.36225
graphic design:0.3615
not funny:0.36125
culture clash:0.35675
shallow:0.353
israel:0.3505
honest:0.3505
hard to watch:0.3445
idealism:0.34425
political:0.33775
excellent script:0.334
brutality:0.33125
oil:0.33
unfunny:0.3295
dialogue:0.326
nudity (topless - notable):0.32475
fantasy world:0.323
philosophical:0.31925
history:0.319
first contact:0.312
bad science:0.3115
secrets:0.30175
marijuana:0.29825
catholicism:0.298
biblical:0.29625
guilt:0.29525
visually stunning:0.289
homeless:0.288
visually appealing:0.288
adapted from:book:0.28375
fight scenes:0.28325
very funny:0.28275
based on book:0.28275
