classic:0.9875
imdb top 250:0.97825
mad scientist:0.9765
horror:0.97275
adapted from:book:0.9595
monster:0.9565
monsters:0.9465
based on a book:0.9195
masterpiece:0.90475
original:0.8535
black and white:0.85
afi 100 (movie quotes):0.85
talky:0.833
gothic:0.81875
macabre:0.8025
based on book:0.8025
mentor:0.79175
life & death:0.78875
creepy:0.78875
oscar (best directing):0.775
allegory:0.77225
atmospheric:0.76825
cult classic:0.76625
tense:0.72525
highly quotable:0.7245
great movie:0.71325
1930s:0.71025
grim:0.70975
scary:0.69975
oscar (best actress):0.69325
adaptation:0.6875
frightening:0.67225
suspense:0.66425
dialogue:0.63975
visceral:0.6385
great:0.63375
story:0.6335
quotable:0.632
criterion:0.62975
great ending:0.62525
eerie:0.62175
runaway:0.605
storytelling:0.5935
great acting:0.591
melancholic:0.588
immortality:0.578
suspenseful:0.57275
childhood:0.5685
oscar (best effects - visual effects):0.565
dark:0.5615
oscar (best supporting actress):0.5455
dark humor:0.54375
cinematography:0.54125
good sequel:0.53525
transformation:0.53475
silent:0.5335
social commentary:0.53175
light:0.531
weird:0.52925
effects:0.5285
nocturnal:0.527
melancholy:0.526
violent:0.5155
narrated:0.51225
book:0.50975
affectionate:0.50325
loneliness:0.50325
gunfight:0.50275
nostalgic:0.49275
moody:0.483
good soundtrack:0.48175
dramatic:0.481
literature:0.481
visual:0.48075
cult film:0.476
drinking:0.46975
stylized:0.4695
tragedy:0.4675
special effects:0.465
grindhouse:0.46275
good acting:0.46025
science fiction:0.45575
fun movie:0.453
insanity:0.4515
enigmatic:0.45025
obsession:0.4485
character study:0.44425
goofy:0.44275
intense:0.44125
suprisingly clever:0.439
doctors:0.43725
ironic:0.43475
bleak:0.43425
harsh:0.433
mental illness:0.4325
visually appealing:0.4325
oscar (best supporting actor):0.43225
redemption:0.42625
downbeat:0.424
perfect:0.424
