africa:0.9805
courage:0.97875
historical:0.91075
cinematography:0.899
adventure:0.87925
war:0.8775
england:0.87425
criterion:0.86025
1930s:0.819
oscar (best directing):0.80075
egypt:0.77225
desert:0.76625
epic:0.74775
british:0.7415
colonialism:0.73925
war movie:0.72925
civil war:0.728
classic:0.72575
original:0.723
culture clash:0.71575
great acting:0.7125
forceful:0.7085
big budget:0.689
beautiful scenery:0.68825
adapted from:book:0.68375
oscar (best cinematography):0.68075
great movie:0.67725
period piece:0.665
betrayal:0.6505
redemption:0.64975
us history:0.6495
talky:0.641
photography:0.62625
imdb top 250:0.60225
drama:0.59675
military:0.594
sacrifice:0.582
enormously long battle scene:0.5805
friendship:0.58
story:0.57975
breathtaking:0.5765
oscar (best supporting actor):0.5765
politics:0.5715
oscar:0.56925
great:0.569
19th century:0.56025
runaway:0.55625
gunfight:0.55375
oscar (best actress):0.54575
unlikely friendships:0.54325
history:0.53425
oscar winner:0.522
family:0.521
stunning:0.51875
indians:0.515
realistic:0.509
catastrophe:0.509
wartime:0.50725
suprisingly clever:0.50525
reflective:0.5005
based on a book:0.498
mentor:0.49575
scotland:0.49375
visual:0.4795
fantasy world:0.4695
life & death:0.46575
scenic:0.46575
political:0.46175
based on book:0.459
dramatic:0.454
action:0.452
long:0.4505
great ending:0.4495
brutality:0.44675
best war films:0.446
earnest:0.4455
harsh:0.43875
nudity (full frontal - brief):0.4385
love story:0.43825
unusual plot structure:0.433
foreign:0.42525
morality:0.4235
nostalgic:0.423
oscar (best supporting actress):0.421
intense:0.42
silent:0.4185
revolution:0.41825
excellent script:0.41775
wwii:0.4155
idealism:0.4105
oscar (best picture):0.40975
good acting:0.40825
life philosophy:0.4055
good:0.402
world war i:0.4005
destiny:0.3975
pg-13:0.397
dialogue:0.393
sentimental:0.3895
romance:0.38925
