space:0.9945
space opera:0.99075
franchise:0.98875
star trek:0.9745
scifi:0.97325
science fiction:0.9715
action:0.96275
sci fi:0.93625
visually appealing:0.9235
aliens:0.91675
spock:0.909
future:0.89525
adventure:0.89375
series:0.8935
space travel:0.8695
sci-fi:0.86825
special effects:0.8515
awesome soundtrack:0.8325
pg-13:0.831
fast paced:0.8175
big budget:0.813
original:0.79775
dialogue:0.79625
weapons:0.787
alien:0.7835
plot:0.7745
motorcycle:0.75875
great ending:0.75725
futuristic:0.75125
first contact:0.74425
visually stunning:0.7365
plot holes:0.733
good soundtrack:0.70175
melancholic:0.69425
story:0.6845
storytelling:0.67325
exciting:0.66575
teleportation:0.65075
chase:0.637
good action:0.634
great:0.6325
parallel universe:0.62575
cerebral:0.625
original plot:0.62475
visual:0.62175
humor:0.6195
allegory:0.61025
explosions:0.608
trilogy:0.60025
technology:0.59825
mythology:0.592
fighting:0.5835
action packed:0.5545
epic:0.55325
cool:0.55
high fantasy:0.5495
fight scenes:0.549
cgi:0.54525
scenic:0.545
intense:0.54375
fun:0.543
visuals:0.54125
relationships:0.54
nostalgic:0.53775
apocalypse:0.5365
catastrophe:0.533
revenge:0.53225
oscar (best effects - visual effects):0.53025
murder:0.527
saturn award (best special effects):0.52175
redemption:0.5175
affectionate:0.51675
good:0.51625
gay character:0.51525
plot twist:0.504
quotable:0.50325
vengeance:0.50175
imdb top 250:0.5
fantasy world:0.4995
stranded:0.49675
end of the world:0.49475
mentor:0.494
culture clash:0.484
life & death:0.48175
interesting:0.48175
transformation:0.48075
existentialism:0.48
entirely dialogue:0.4745
complex:0.473
betrayal:0.47
writers:0.46975
suspense:0.469
light:0.4675
superheroes:0.4575
ensemble cast:0.4535
solitude:0.4465
fountain of youth:0.44625
fun movie:0.4425
enigmatic:0.43825
great dialogue:0.43825
