vengeance:0.9975
brutality:0.982
violent:0.9775
brutal:0.97275
violence:0.968
visceral:0.9675
kidnapping:0.966
revenge:0.9605
visually appealing:0.95375
dark:0.93825
stylized:0.93825
stylish:0.922
bleak:0.922
dark humor:0.91525
storytelling:0.91075
disturbing:0.891
psychological:0.8835
bloody:0.8775
gratuitous violence:0.86625
vigilantism:0.864
grim:0.8545
original:0.836
weird:0.82375
cinematography:0.8235
psychology:0.818
gory:0.81725
art house:0.81425
social commentary:0.8105
complex:0.808
moral ambiguity:0.807
trilogy:0.80425
sexualized violence:0.7985
twists & turns:0.78925
masterpiece:0.76125
good soundtrack:0.75325
visual:0.753
harsh:0.75175
tense:0.73775
enigmatic:0.733
melancholic:0.73275
loneliness:0.732
dialogue:0.726
movielens top pick:0.725
intense:0.72175
pornography:0.72125
golden palm:0.71275
visually stunning:0.7115
intimate:0.709
criterion:0.7075
great ending:0.7075
tragedy:0.693
depressing:0.68725
nonlinear:0.65975
hard to watch:0.65725
twist:0.6535
cult classic:0.65
exceptional acting:0.641
serial killer:0.63925
graphic novel:0.63375
insanity:0.63175
cerebral:0.62725
obsession:0.62675
melancholy:0.62625
torture:0.62575
depression:0.6235
mindfuck:0.62275
sisters:0.61875
drama:0.618
gruesome:0.608
crime gone awry:0.601
gritty:0.59825
complex characters:0.5975
very interesting:0.593
foreign:0.59275
great cinematography:0.59075
colourful:0.589
macabre:0.589
atmospheric:0.578
complicated:0.57675
interesting:0.57575
imdb top 250:0.57
artistic:0.569
talky:0.56575
plot twist:0.56575
non-linear:0.563
plot:0.56275
best of 2005:0.554
police corruption:0.554
dark hero:0.54975
vigilante:0.54875
thriller:0.54875
great acting:0.547
crime:0.541
narrated:0.53675
blood:0.53275
hitman:0.53175
absurd:0.5225
redemption:0.5215
art:0.52075
nocturnal:0.52
