creepy:0.994
slasher:0.99
horror:0.981
tense:0.95775
scary:0.953
halloween:0.95
suspenseful:0.944
frightening:0.935
ominous:0.9035
cult classic:0.8825
gruesome:0.8195
gory:0.81325
weird:0.80375
original:0.80275
serial killer:0.79825
disturbing:0.77475
atmospheric:0.7715
macabre:0.76875
grindhouse:0.756
claustrophobic:0.74975
visceral:0.74675
suspense:0.681
brutality:0.6775
cult film:0.6635
runaway:0.65525
stylish:0.65425
splatter:0.64325
murder:0.63625
eerie:0.631
dark:0.6255
low budget:0.61675
downbeat:0.60625
paranoid:0.59825
criterion:0.593
insanity:0.56725
demons:0.56375
classic:0.56275
obsession:0.55
bloody:0.54275
psychological:0.5205
violent:0.509
grim:0.50425
cult:0.49725
blood:0.48225
monster:0.47175
goofy:0.4695
vengeance:0.46825
holiday:0.467
great ending:0.4605
nudity (topless - notable):0.45675
enigmatic:0.456
nudity (full frontal - notable):0.451
pornography:0.4485
mental illness:0.44375
police investigation:0.4435
cinematography:0.44225
teens:0.439
violence:0.433
catastrophe:0.428
melancholic:0.4235
strange:0.42225
brutal:0.416
zombie:0.4155
drinking:0.41175
social commentary:0.409
hospital:0.4005
sexual:0.39375
chase:0.393
good soundtrack:0.39175
underrated:0.389
doctors:0.3865
goretastic:0.38475
gore:0.38325
mad scientist:0.3825
remade:0.3815
christmas:0.38075
revenge:0.37875
sisters:0.37675
supernatural:0.36725
mentor:0.366
great:0.35825
haunted house:0.35525
death:0.3505
allegory:0.35025
80s:0.3495
harsh:0.34675
adaptation:0.3455
not funny:0.33475
sexy:0.33175
suburbia:0.33025
witches:0.32975
sexualized violence:0.32975
isolation:0.3285
dialogue:0.32575
identity:0.3245
so bad it's funny:0.32425
bad ending:0.3095
stylized:0.308
lone hero:0.30775
nudity:0.3035
