hip hop:0.99825
musicians:0.92425
music business:0.862
rags to riches:0.7365
life philosophy:0.72575
so bad it's funny:0.68625
original:0.66725
mentor:0.66075
bad acting:0.63625
god:0.63275
biographical:0.6215
good soundtrack:0.61775
biography:0.611
horrible:0.6015
gangsters:0.5865
idiotic:0.54725
life & death:0.54275
finnish:0.5395
homeless:0.526
bad plot:0.5235
life:0.52225
catastrophe:0.52075
transformation:0.5205
music:0.50325
destiny:0.48675
predictable:0.46825
video game:0.466
good:0.463
violence:0.44775
creativity:0.44325
great movie:0.4425
better than expected:0.43825
overrated:0.43575
gangster:0.434
great:0.43075
biopic:0.429
story:0.4185
great ending:0.40225
drugs:0.3955
pointless:0.38775
natural disaster:0.38625
not funny:0.38325
bad cgi:0.37475
grindhouse:0.3695
dialogue:0.36225
brutality:0.35525
artist:0.3455
unlikely friendships:0.34375
culture clash:0.34275
childhood:0.34275
fight scenes:0.34225
stereotypes:0.33175
bad ending:0.3315
big budget:0.331
stupid as hell:0.33
betrayal:0.3265
pornography:0.32525
honest:0.3245
feel-good:0.32375
unfunny:0.32325
teen movie:0.321
first contact:0.31
male nudity:0.3095
runaway:0.3065
classic car:0.3045
good acting:0.29325
feel good movie:0.2865
true story:0.286
jesus:0.2855
vengeance:0.28475
dramatic:0.281
light:0.28
redemption:0.27975
awful:0.27975
pg-13:0.2745
storytelling:0.27375
drinking:0.27275
internet:0.2725
corruption:0.26975
gangs:0.26725
stylized:0.26675
radio:0.26475
harsh:0.2645
entirely dialogue:0.2635
twists & turns:0.2595
family:0.2595
art:0.25525
bad:0.25475
goofy:0.2545
adaptation:0.25325
very interesting:0.25075
stupid:0.2485
cool:0.2485
absurd:0.248
money:0.246
very funny:0.24525
shallow:0.2435
underrated:0.24175
powerful ending:0.239
social commentary:0.23725
