death:0.94
brutality:0.91425
violence:0.89125
cult film:0.88825
original:0.86425
disturbing:0.8535
predictable:0.83325
franchise:0.81825
pornography:0.81675
brutal:0.78525
graphic novel:0.73025
sexualized violence:0.72775
pointless:0.7265
gore:0.721
series:0.6865
splatter:0.654
nudity (topless):0.63375
bad plot:0.6255
80s:0.623
family:0.5955
bloody:0.58325
mentor:0.5825
very interesting:0.582
hard to watch:0.58125
nudity (topless - notable):0.56125
dialogue:0.55925
great ending:0.556
murder:0.556
adaptation:0.55575
horror:0.5525
police investigation:0.5515
animals:0.551
reality tv:0.5505
overrated:0.5425
motorcycle:0.53675
nudity (rear):0.531
nudity (full frontal - notable):0.52075
fantasy world:0.51325
so bad it's funny:0.512
violent:0.50725
life & death:0.50675
male nudity:0.504
quirky:0.49325
pulp:0.4865
fight scenes:0.47925
sequels:0.47175
shallow:0.4715
twists & turns:0.46725
controversial:0.46225
stupid as hell:0.45975
intense:0.4585
dysfunctional family:0.45825
disaster:0.45675
first contact:0.45575
slapstick:0.453
fantasy:0.4495
redemption:0.446
based on a book:0.4435
nudity (full frontal - brief):0.4425
writers:0.437
silly fun:0.434
entirely dialogue:0.431
science fiction:0.427
goofy:0.42575
good:0.42025
twist ending:0.42
dreamlike:0.416
doctors:0.41475
melancholic:0.41375
erotic:0.40775
justice:0.40725
nudity:0.407
greed:0.4035
surreal:0.403
sci fi:0.3985
catastrophe:0.39575
sexy:0.39525
life philosophy:0.39225
satirical:0.3915
boring:0.391
destiny:0.38975
good soundtrack:0.38625
weapons:0.38475
surrealism:0.38325
storytelling:0.383
suspense:0.3765
adapted from:comic:0.37325
natural disaster:0.3685
unusual plot structure:0.36625
gangsters:0.366
horrible:0.36525
vengeance:0.35975
classic car:0.35875
cult classic:0.35675
talky:0.35325
chase:0.3515
multiple storylines:0.34975
special effects:0.34825
runaway:0.346
good dialogue:0.3455
