dog:0.95325
dogs:0.945
adventure:0.9005
children:0.795
good:0.78925
family:0.78175
free speech:0.738
disney:0.724
racing:0.71175
mentor:0.69975
kids:0.69575
kids and family:0.6795
original:0.6595
race:0.6465
fun movie:0.60375
catastrophe:0.575
culture clash:0.571
natural disaster:0.568
destiny:0.5635
minnesota:0.54575
love story:0.543
heartwarming:0.54025
chase:0.52925
girlie movie:0.528
runaway:0.524
beautiful scenery:0.5205
childhood:0.5105
fun:0.4895
animals:0.48125
romantic:0.47975
great:0.4775
story:0.47075
dialogue:0.46875
love:0.453
feel-good:0.45275
talking animals:0.4515
very good:0.43
sweet:0.4195
feel good movie:0.40975
lone hero:0.40575
irish accent:0.40475
goofy:0.40175
happy ending:0.4015
cute!:0.38825
transformation:0.38725
action:0.3865
great ending:0.36875
cuba:0.365
predictable:0.363
not funny:0.363
courage:0.362
life philosophy:0.3585
hunting:0.3525
romance:0.33775
good action:0.333
death:0.3315
loneliness:0.3295
romantic comedy:0.32625
interracial romance:0.326
melancholic:0.32575
inspirational:0.32525
cute:0.3215
disney animated feature:0.31875
absurd:0.31575
storytelling:0.313
jungle:0.313
single father:0.30925
dreams:0.30375
stereotypes:0.30275
entertaining:0.30175
swashbuckler:0.299
graphic design:0.297
pg-13:0.295
visually appealing:0.2915
treasure hunt:0.29125
drama:0.29025
sentimental:0.28875
honest:0.28775
good soundtrack:0.28625
big budget:0.2855
redemption:0.28375
underdog:0.282
underrated:0.281
survival:0.277
betrayal:0.27675
adaptation:0.27575
canada:0.27575
brutality:0.26975
overrated:0.26925
great movie:0.2675
gay character:0.2665
divorce:0.2665
animal movie:0.266
sci fi:0.26575
unfunny:0.26275
fashion:0.2625
unlikely friendships:0.259
oscar winner:0.258
vengeance:0.25725
greed:0.2565
