music:0.97975
good music:0.83125
music business:0.7945
good soundtrack:0.774
musicians:0.769
feel-good:0.732
original:0.728
love story:0.71025
musical:0.6715
feel good movie:0.64825
love:0.6335
great:0.6195
great music:0.61275
romantic:0.6125
chick flick:0.57725
awesome soundtrack:0.5665
good:0.54775
fun movie:0.5275
sacrifice:0.52675
mentor:0.52625
redemption:0.51575
dialogue:0.514
catastrophe:0.49575
great movie:0.49325
big budget:0.479
romance:0.47725
cool:0.47425
predictable:0.463
stereotypes:0.457
death:0.4535
great ending:0.44775
transformation:0.446
shallow:0.43825
visually appealing:0.4135
nudity (topless - notable):0.40425
dancing:0.39025
visually stunning:0.38925
oscar (best music - original song):0.38825
story:0.38625
destiny:0.375
sexy:0.37225
fight scenes:0.36975
cute!:0.3645
brutality:0.362
friendship:0.3605
small town:0.35775
fun:0.35675
natural disaster:0.353
artist:0.3525
good acting:0.3525
harsh:0.3485
lyrical:0.33825
light:0.33825
life philosophy:0.33775
very good:0.3335
pg-13:0.3315
unlikely friendships:0.328
gangsters:0.328
runaway:0.32675
dramatic:0.32225
cute:0.31975
rock and roll:0.31875
girlie movie:0.31275
plot:0.31125
shopping:0.31125
sweet:0.30725
entirely dialogue:0.306
relationships:0.3055
suprisingly clever:0.30425
hip hop:0.30375
new jersey:0.3015
entertaining:0.2995
underrated:0.2985
bad ending:0.296
touching:0.29575
excellent:0.2945
artistic:0.29425
lone hero:0.294
good action:0.29175
happy ending:0.2915
weird:0.283
oscar (best directing):0.28175
ethnic conflict:0.281
writers:0.28025
unrealistic:0.27975
very funny:0.27925
bad plot:0.27925
nocturnal:0.2775
life:0.2745
family:0.27325
chase:0.27125
emotional:0.2705
multiple storylines:0.27025
criterion:0.2635
drama:0.2635
potential oscar nom:0.2625
bollywood:0.2615
storytelling:0.26125
passionate:0.2605
adaptation:0.2595
