comedy:0.88275
fun movie:0.838
spying:0.802
new orleans:0.79125
espionage:0.6915
spies:0.67525
silly fun:0.63575
original:0.6275
undercover cop:0.62675
funny:0.59375
spy:0.59275
great:0.5595
sexy:0.5275
fun:0.513
light:0.50975
hilarious:0.505
screwball comedy:0.502
catastrophe:0.493
parenthood:0.48425
mentor:0.47225
dialogue:0.4635
pg-13:0.46275
humorous:0.45925
entertaining:0.45125
predictable:0.44875
stereotypes:0.43325
fight scenes:0.4305
life philosophy:0.4275
family:0.42475
twists & turns:0.422
chase:0.40425
action:0.396
great ending:0.38225
slapstick:0.3815
natural disaster:0.38025
so bad it's funny:0.36675
caper:0.36075
very funny:0.3595
adventure:0.349
secrets:0.3435
absurd:0.34275
romance:0.342
story:0.3325
conspiracy:0.32825
fantasy world:0.32325
clever:0.321
storytelling:0.31625
multiple storylines:0.30725
crude humor:0.3035
divorce:0.301
quirky:0.3005
girlie movie:0.2995
great movie:0.29775
suprisingly clever:0.297
stupid:0.2935
death:0.29125
funny as hell:0.286
fashion:0.28575
brutality:0.28475
good:0.28
adaptation:0.27775
melancholic:0.27725
destiny:0.27525
lone hero:0.273
weapons:0.27275
betrayal:0.2685
silly:0.26325
vengeance:0.26275
family drama:0.26225
transformation:0.26125
first contact:0.26
bad plot:0.2575
action packed:0.2555
grindhouse:0.253
entirely dialogue:0.2515
cool:0.2515
campy:0.2475
marriage:0.243
overrated:0.23775
stupidity:0.23775
detective:0.2375
happy ending:0.2355
redemption:0.2345
culture clash:0.23425
swashbuckler:0.22825
surveillance:0.22725
police investigation:0.22675
nocturnal:0.2245
revenge:0.22325
excellent:0.22025
pornography:0.21975
good soundtrack:0.219
weird:0.2175
drinking:0.21675
irish accent:0.2155
runaway:0.21475
goofy:0.2145
underrated:0.2135
better than expected:0.213
witty:0.21
