based on a book:0.96075
mystery:0.88475
sci-fi:0.88275
murder mystery:0.867
enigmatic:0.80225
thriller:0.796
twists & turns:0.79075
secrets:0.77125
death:0.76825
investigation:0.75425
original:0.7495
very interesting:0.7465
complex:0.70675
nudity (rear):0.695
cinematography:0.69075
sci fi:0.6565
adaptation:0.65075
books:0.63475
greed:0.63425
allegory:0.629
science fiction:0.625
complicated plot:0.618
plot:0.61075
murder:0.5985
based on book:0.5965
adapted from:book:0.59425
visually appealing:0.59125
pornography:0.57775
story:0.574
mentor:0.57
dialogue:0.566
storytelling:0.5605
great ending:0.55675
corruption:0.55125
weird:0.538
catastrophe:0.53175
distopia:0.52625
good soundtrack:0.519
sexy:0.51325
great:0.50525
interesting:0.50425
police investigation:0.49725
guilt:0.49275
visually stunning:0.491
psychology:0.482
tense:0.47125
suspense:0.46925
book:0.46825
twist:0.46375
scifi:0.45925
moody:0.45825
tricky:0.45275
suspenseful:0.452
dramatic:0.451
cerebral:0.44675
psychological:0.43225
runaway:0.42875
intense:0.426
imagination:0.422
great acting:0.4215
pg-13:0.41775
culture clash:0.412
justice:0.41175
bad ending:0.41025
atmospheric:0.40925
book was better:0.40925
first contact:0.4045
nudity (topless - notable):0.40325
plot twist:0.40175
chase:0.4015
clever:0.401
sexualized violence:0.4
vengeance:0.399
plot holes:0.39625
literature:0.3945
excellent:0.39175
antarctica:0.3905
fantasy world:0.38975
writers:0.389
good:0.389
visual:0.38525
underrated:0.38475
melancholic:0.383
stunning:0.37875
drama:0.3785
harsh:0.376
mindfuck:0.3745
brutality:0.37325
entirely dialogue:0.36825
not funny:0.36825
pointless:0.36675
dark:0.36575
obsession:0.363
confusing:0.354
surveillance:0.352
childhood:0.34425
intelligent:0.34175
predictable:0.34075
unusual plot structure:0.3365
bleak:0.3365
