adapted from:book:0.9865
based on a book:0.917
book:0.90175
books:0.88825
based on book:0.8295
adaptation:0.8255
original:0.79725
non-linear:0.77225
literature:0.76275
world politics:0.74075
narrated:0.7405
cinematography:0.73825
good soundtrack:0.73025
weird:0.722
book was better:0.70975
life:0.70575
world war ii:0.69525
cult classic:0.69425
visually appealing:0.668
runaway:0.665
storytelling:0.65
brutality:0.647
pornography:0.63325
nudity (topless):0.6205
philosophical:0.6065
reflective:0.6065
wartime:0.605
time travel:0.60425
childhood:0.5935
social commentary:0.5895
criterion:0.5885
cerebral:0.58675
ironic:0.584
absurd:0.58075
tragedy:0.575
destiny:0.57275
intelligent sci-fi:0.569
allegory:0.569
biographical:0.56025
story:0.55825
satirical:0.55275
satire:0.543
sexualized violence:0.54275
intellectual:0.54225
science fiction:0.5345
distopia:0.533
aliens:0.529
harsh:0.52725
melancholic:0.523
great ending:0.5135
fascism:0.51325
downbeat:0.5095
philosophy:0.50375
great:0.5025
drama:0.5025
oscar (best directing):0.4895
enigmatic:0.488
life philosophy:0.48775
sci fi:0.4875
obsession:0.4825
suprisingly clever:0.4825
surreal:0.4735
culture clash:0.4725
nocturnal:0.4705
transformation:0.4695
bleak:0.46725
existentialism:0.467
wwii:0.46425
masterpiece:0.46075
depressing:0.4605
interesting:0.45675
quirky:0.45525
visual:0.449
death:0.44875
imdb top 250:0.44575
suburbia:0.4455
nudity (full frontal - notable):0.4455
dialogue:0.44275
melancholy:0.44225
creativity:0.439
weapons:0.42825
complex:0.42775
imagination:0.4275
sci-fi:0.427
meditative:0.423
oscar (best supporting actress):0.423
humorous:0.42275
foul language:0.415
stylized:0.4145
very funny:0.412
mentor:0.41025
catastrophe:0.40475
dark humor:0.3975
cult film:0.39675
mindfuck:0.39625
talky:0.39575
beautiful scenery:0.39125
clever:0.38975
bittersweet:0.389
gunfight:0.3885
