hitchcock:0.99975
imdb top 250:0.97775
suspense:0.95975
mistaken identity:0.95575
suspenseful:0.95375
tense:0.94875
chase:0.92325
classic:0.9185
spying:0.886
noir thriller:0.8855
espionage:0.8845
enigmatic:0.8755
masterpiece:0.8735
thriller:0.86275
oscar (best directing):0.84375
twists & turns:0.84075
visually appealing:0.83975
paranoid:0.83875
obsession:0.838
great acting:0.837
spy:0.83225
complicated:0.83125
secrets:0.827
witty:0.8225
murder:0.8185
great ending:0.8095
police investigation:0.806
great movie:0.78725
runaway:0.7855
fast paced:0.7835
original:0.78025
talky:0.77125
oscar (best actress):0.771
great:0.754
excellent script:0.753
criterion:0.75
interesting:0.7445
dialogue:0.73975
plot twist:0.738
identity:0.733
assassination:0.7295
clever:0.72375
mystery:0.72225
affectionate:0.721
cerebral:0.72025
adventure:0.71925
cinematography:0.694
complicated plot:0.69325
sexy:0.68375
conspiracy:0.6795
scenic:0.66775
storytelling:0.66575
forceful:0.662
good acting:0.65325
corruption:0.6435
007 (series):0.64325
beautiful scenery:0.6405
macabre:0.6285
intense:0.6245
breathtaking:0.61725
fun movie:0.61425
paranoia:0.61275
complex:0.6125
tricky:0.60225
great cinematography:0.60225
psychological:0.5995
spies:0.59875
betrayal:0.5985
twist:0.59575
greed:0.59475
stylish:0.594
oscar (best cinematography):0.59325
oscar winner:0.59125
action:0.5895
culture clash:0.587
unusual plot structure:0.583
atmospheric:0.5795
hotel:0.5725
murder mystery:0.57225
plot:0.5705
visual:0.56825
romance:0.5595
oscar (best supporting actress):0.55925
idealism:0.55425
artistic:0.5535
kidnapping:0.5505
manipulation:0.55
light:0.55
story:0.54625
romantic:0.53725
california:0.53375
exciting:0.532
allegory:0.53175
pornography:0.531
movielens top pick:0.52975
great dialogue:0.52475
good:0.52375
beautifully filmed:0.52175
black and white:0.52025
earnest:0.5185
