mother-son relationship:0.988
writer's life:0.9495
coming of age:0.903
drama:0.89625
girlie movie:0.87975
based on true story:0.87925
parenthood:0.85075
life:0.7965
true story:0.78275
destiny:0.78075
adolescence:0.77825
depression:0.7185
dreams:0.7175
bittersweet:0.71575
childhood:0.71
good soundtrack:0.70475
biographical:0.6895
original:0.6805
teen movie:0.68025
story:0.67075
mentor:0.652
based on a book:0.6365
pg-13:0.627
new jersey:0.5995
pregnancy:0.5935
friendship:0.58625
chick flick:0.58525
touching:0.58175
comedy:0.5815
dramatic:0.578
teenager:0.57525
unlikely friendships:0.5675
drug addiction:0.56625
good:0.53975
feel-good:0.539
teen:0.539
based on a true story:0.53825
family:0.53675
sentimental:0.5205
based on book:0.51825
teenagers:0.5175
reflective:0.51675
great:0.51625
tear jerker:0.50875
emotional:0.49675
sad:0.49175
exceptional acting:0.4865
small town:0.484
weed:0.48325
coming-of-age:0.4825
great acting:0.4735
great ending:0.47
high school:0.46725
family drama:0.453
addiction:0.45175
predictable:0.44775
storytelling:0.4455
drinking:0.42125
redemption:0.421
fantasy world:0.4165
life philosophy:0.4165
catastrophe:0.4155
affectionate:0.415
runaway:0.41225
culture clash:0.412
adapted from:book:0.412
adaptation:0.41
bad ending:0.394
nostalgic:0.3935
brutality:0.39225
feel good movie:0.391
poignant:0.389
teens:0.3755
honest:0.36975
cancer:0.36375
road movie:0.362
women:0.35925
loneliness:0.34775
heartwarming:0.34675
dialogue:0.342
melancholic:0.33975
writers:0.3365
transformation:0.33625
drugs:0.332
school:0.32975
very good:0.32925
not funny:0.32075
books:0.31925
dysfunctional family:0.31375
happy ending:0.31025
great movie:0.30925
oscar:0.3065
pornography:0.29625
very funny:0.29575
nudity (full frontal - brief):0.295
harsh:0.29425
first contact:0.29125
california:0.29125
realistic:0.28975
narrated:0.287
