romantic:0.97975
love story:0.9445
romance:0.9145
period piece:0.89525
beautifully filmed:0.82975
costume drama:0.82925
19th century:0.8205
golden palm:0.8125
passionate:0.80275
love:0.7885
bittersweet:0.738
england:0.73125
beautiful:0.72775
poetry:0.71925
immortality:0.7175
cinematography:0.7145
beautiful scenery:0.68525
mentor:0.68325
melancholic:0.67525
intimate:0.66525
original:0.633
london:0.63075
life & death:0.62375
whimsical:0.61625
touching:0.60725
writers:0.596
light:0.59575
heartbreaking:0.595
meditative:0.55025
death:0.534
dialogue:0.53225
sweet:0.5235
british:0.5225
artistic:0.51875
relationships:0.5175
literature:0.51125
life philosophy:0.4945
emotional:0.49025
runaway:0.47975
adaptation:0.458
breathtaking:0.45225
true story:0.449
unlikely friendships:0.44525
girlie movie:0.44325
obsession:0.435
photography:0.43375
pornography:0.4325
lyrical:0.428
catastrophe:0.42575
enigmatic:0.4235
drama:0.4215
sad:0.421
art:0.4065
biopic:0.40325
melancholy:0.398
affectionate:0.394
great ending:0.39125
idealism:0.38825
chick flick:0.38025
colourful:0.37625
not funny:0.373
dreamlike:0.3725
family bonds:0.3575
good soundtrack:0.349
scenic:0.34775
friendship:0.344
slow:0.34325
criterion:0.336
grindhouse:0.33
unusual plot structure:0.324
solitude:0.3235
love triangles:0.3215
weird:0.31525
stylized:0.31025
entirely dialogue:0.31
visual:0.30925
betrayal:0.308
fashion:0.30725
based on a true story:0.30275
childhood:0.29775
suprisingly clever:0.2945
reflective:0.29325
great:0.2885
sentimental:0.28625
quirky:0.28525
slow paced:0.28475
loneliness:0.28475
storytelling:0.27875
australia:0.277
story:0.276
great acting:0.2735
brutality:0.2725
marriage:0.27
tragedy:0.26925
visually appealing:0.26325
biographical:0.2625
good:0.2625
wistful:0.26125
witty:0.26075
dramatic:0.256
