comedy:0.98775
funniest movies:0.98725
goofy:0.98525
stupidity:0.9795
dumb:0.96525
funny:0.952
dumb but funny:0.94075
hilarious:0.9385
stupid:0.9305
saturday night live:0.9135
idiotic:0.88775
very funny:0.86425
high school:0.81725
silly fun:0.79075
school:0.77675
humorous:0.7375
silly:0.7355
teacher:0.721
humor:0.706
crude humor:0.70525
quotable:0.669
funny as hell:0.64925
so bad it's funny:0.644
stupid as hell:0.641
fun movie:0.62275
original:0.621
beer:0.60175
amy smart:0.60175
teen:0.596
pornography:0.57975
pg-13:0.557
chase:0.55225
hotel:0.52525
absurd:0.52325
teen movie:0.505
creativity:0.497
lame:0.495
catastrophe:0.4885
weird:0.48575
crazy:0.48525
great ending:0.479
golf:0.47425
slapstick:0.4635
suprisingly clever:0.4625
screwball:0.46
good soundtrack:0.4585
mentor:0.4585
stoner movie:0.45325
dialogue:0.436
spelling bee:0.43075
good:0.42125
storytelling:0.41875
hillarious:0.39975
off-beat comedy:0.39625
fantasy world:0.39375
story:0.39175
unfunny:0.385
cult classic:0.38175
weed:0.38125
happy ending:0.37925
parody:0.375
great:0.36825
nerds:0.36525
drinking:0.36325
talky:0.3585
teens:0.35825
predictable:0.35025
fun:0.35
ridiculous:0.34975
vengeance:0.34925
childhood:0.34625
bad ending:0.3405
spoof:0.33725
culture clash:0.3365
buddy movie:0.335
bullying:0.3335
gross-out:0.3325
stereotypes:0.32875
highly quotable:0.32525
better than expected:0.31825
comic:0.315
god:0.3085
lone hero:0.3065
first contact:0.3045
life philosophy:0.303
brutality:0.30275
fight scenes:0.30275
destiny:0.30075
girlie movie:0.29675
transformation:0.2915
cult film:0.28925
adaptation:0.289
nudity (topless - notable):0.284
sarcasm:0.28375
cerebral:0.28025
harsh:0.28025
parenthood:0.2785
bad acting:0.2785
plot:0.274
clever:0.27325
