comedy:0.97675
french:0.96875
france:0.96625
farce:0.91675
hilarious:0.8955
funny:0.877
idiotic:0.86775
very funny:0.86625
paris:0.8595
foreign:0.804
original:0.794
funniest movies:0.77525
excellent script:0.774
witty:0.76725
clever:0.75075
good:0.7045
storytelling:0.69775
suprisingly clever:0.6645
twists & turns:0.6625
great acting:0.6625
mistaken identity:0.65025
great:0.64725
wine:0.64275
absurd:0.635
oscar (best actor):0.628
based on a play:0.6265
fun movie:0.6185
dialogue:0.613
good acting:0.60675
unusual plot structure:0.60475
light:0.60475
creativity:0.598
humorous:0.588
good soundtrack:0.58375
mentor:0.5835
pg-13:0.58125
classic:0.5745
talky:0.57225
destiny:0.5715
goofy:0.56925
dramatic:0.56825
social commentary:0.5585
eccentricity:0.55425
greed:0.55375
great ending:0.54375
adaptation:0.5165
interesting:0.514
great movie:0.51175
humor:0.5015
silly:0.483
story:0.479
transformation:0.4785
imdb top 250:0.4705
fun:0.466
culture clash:0.4635
screwball:0.4495
criterion:0.447
catastrophe:0.446
excellent:0.44175
drinking:0.43925
masterpiece:0.4355
unfunny:0.43375
entirely dialogue:0.428
oscar (best actress):0.4265
oscar:0.424
heartwarming:0.42325
cerebral:0.423
intellectual:0.4225
feel good movie:0.42
better than the american version:0.4165
poignant:0.41375
movielens top pick:0.4115
oscar (best foreign language film):0.4095
earnest:0.4055
very good:0.40075
crude humor:0.39875
justice:0.39625
intelligent:0.38925
quotable:0.38475
oscar winner:0.381
original plot:0.377
writers:0.37625
life philosophy:0.3735
slapstick:0.3725
dumb:0.3715
prejudice:0.36925
alternate endings:0.36175
so bad it's funny:0.3555
narrated:0.35475
feel-good:0.3535
great dialogue:0.35225
visually stunning:0.34925
simple:0.34825
off-beat comedy:0.3445
obsession:0.3435
plot:0.3435
corruption:0.34325
police investigation:0.3425
affectionate:0.3415
entertaining:0.33975
