crime gone awry:1.0
noir thriller:0.9985
imdb top 250:0.98825
noir:0.98825
classic:0.977
film noir:0.97375
crime:0.97275
murder:0.96725
black and white:0.958
masterpiece:0.93975
investigation:0.938
cynical:0.935
stylized:0.9265
neo-noir:0.92125
adultery:0.91675
murder mystery:0.911
greed:0.90925
narrated:0.90825
great acting:0.898
dialogue:0.894
oscar (best cinematography):0.88475
oscar (best directing):0.883
talky:0.88225
suspense:0.87625
tense:0.862
twists & turns:0.86175
oscar (best actress):0.85925
atmospheric:0.852
great ending:0.847
sexy:0.84575
criterion:0.8385
adapted from:book:0.83425
downbeat:0.83
dark:0.82025
bleak:0.8175
enigmatic:0.815
cinematography:0.813
police investigation:0.80875
interesting:0.8065
betrayal:0.805
mystery:0.8035
suspenseful:0.8
manipulation:0.784
complicated:0.7795
censorship:0.77725
original:0.77675
great cinematography:0.77625
great dialogue:0.77625
great movie:0.77325
complex:0.77025
corruption:0.767
stylish:0.765
los angeles:0.75825
grim:0.75175
good acting:0.7445
visual:0.74175
perfect:0.74125
moral ambiguity:0.736
runaway:0.73425
dramatic:0.73175
clever:0.73175
storytelling:0.7155
character study:0.71525
surveillance:0.708
great:0.708
cerebral:0.7065
witty:0.70625
assassination:0.70525
ominous:0.69575
obsession:0.69525
morality:0.694
light:0.68775
visually appealing:0.6765
highly quotable:0.67275
melancholy:0.6725
exceptional acting:0.671
drama:0.67075
plot twist:0.67
california:0.6655
quotable:0.66125
afi 100 (movie quotes):0.66125
story:0.65925
oscar (best supporting actress):0.65575
thriller:0.6535
mentor:0.653
paranoid:0.65125
detective:0.64725
golden palm:0.6455
gangsters:0.641
affectionate:0.6375
guilt:0.618
movielens top pick:0.6175
excellent script:0.61675
nocturnal:0.6165
gangster:0.612
social commentary:0.6115
moody:0.61125
amazing photography:0.60725
fast paced:0.60325
twist:0.602
