money:0.979
homeless:0.9345
kids and family:0.90975
original:0.901
corporate america:0.88925
mentor:0.884
greed:0.86075
documentary:0.8395
very interesting:0.836
interesting:0.82025
family:0.797
business:0.774
betrayal:0.7655
social commentary:0.753
kids:0.75225
depression:0.73725
pg-13:0.7365
poverty:0.67325
children:0.66475
lawyers:0.659
thought-provoking:0.647
destiny:0.6445
lawyer:0.642
california:0.63825
life philosophy:0.63225
pornography:0.6285
philosophy:0.60825
good sequel:0.6035
identity:0.6025
oscar (best directing):0.6
guilt:0.588
life:0.5855
feel-good:0.58
working class:0.57825
free speech:0.577
corruption:0.563
honest:0.5585
loneliness:0.55575
good soundtrack:0.5515
internet:0.548
realistic:0.547
shallow:0.544
best of 2005:0.53375
redemption:0.52925
talky:0.5215
tragedy:0.51825
capitalism:0.51225
male nudity:0.509
spelling bee:0.5085
forceful:0.50625
catastrophe:0.5015
based on true story:0.499
gangsters:0.48175
intellectual:0.47275
feel good movie:0.466
politics:0.4645
childhood:0.46375
clever:0.45625
coming of age:0.454
great ending:0.4525
heartbreaking:0.4495
suprisingly clever:0.4465
idealism:0.446
sacrifice:0.44375
political:0.43975
melancholic:0.43975
good:0.4395
culture clash:0.43925
oscar (best actress):0.43725
obsession:0.436
golden palm:0.43225
brutality:0.432
foreign:0.428
prejudice:0.42425
secrets:0.423
great movie:0.41375
harsh:0.40975
multiple storylines:0.408
drama:0.406
unlikely friendships:0.404
sad but good:0.40375
cool:0.40375
ethnic conflict:0.40275
oscar (best supporting actress):0.3995
crude humor:0.39525
amazing photography:0.395
product placement:0.39425
character study:0.3935
runaway:0.39175
entertaining:0.39075
visually appealing:0.39
depressing:0.3875
courtroom:0.38625
fun movie:0.3835
humanity:0.38275
small town:0.38025
police investigation:0.379
original plot:0.37875
author:neil gaiman:0.3785
based on a true story:0.37775
