irish:0.99125
irish accent:0.991
ireland:0.93325
drugs:0.91425
police corruption:0.86425
foul language:0.83725
drinking:0.77975
sarcasm:0.769
black comedy:0.76375
corruption:0.73625
police investigation:0.721
small town:0.71525
dark humor:0.694
comedy:0.6755
dialogue:0.661
original:0.657
mentor:0.65075
humorous:0.641
police:0.63925
quotable:0.63275
dark comedy:0.6315
runaway:0.63
independent film:0.6195
irreverent:0.6185
great acting:0.611
humor:0.60525
culture clash:0.597
dialogue driven:0.58325
off-beat comedy:0.5495
directorial debut:0.549
good soundtrack:0.5425
great:0.5365
suprisingly clever:0.529
caper:0.52525
hilarious:0.52425
multiple storylines:0.51575
talky:0.51325
cult classic:0.51325
drama:0.5125
moral ambiguity:0.5115
clever:0.49425
witty:0.4905
entirely dialogue:0.48825
very funny:0.485
storytelling:0.47925
murder:0.478
investigation:0.46525
gunfight:0.462
indie:0.46
quirky:0.45975
twists & turns:0.45525
british:0.45275
crime:0.45275
honest:0.4525
greed:0.45175
social commentary:0.44875
criterion:0.44775
gangsters:0.44375
absurd:0.4425
movielens top pick:0.4415
crime gone awry:0.43625
character study:0.43575
redemption:0.4285
great ending:0.424
writers:0.41725
funny:0.417
depression:0.416
good dialogue:0.4155
hit men:0.415
bleak:0.415
hitman:0.41375
brutality:0.4065
catastrophe:0.40275
highly quotable:0.399
complex:0.37325
underrated:0.36625
boston:0.35725
life philosophy:0.3565
story:0.35425
eccentricity:0.3515
weird:0.3505
forceful:0.34675
unusual plot structure:0.34575
satire:0.33725
dramatic:0.32875
great movie:0.3255
prejudice:0.3255
cerebral:0.3235
excellent script:0.321
buddy movie:0.32025
chase:0.319
justice:0.3185
hotel:0.316
gritty:0.314
stoner movie:0.31275
melancholic:0.3125
enigmatic:0.31225
good acting:0.31175
narrated:0.309
stereotypes:0.30675
