war:0.9825
iraq:0.959
military:0.95225
intense:0.938
best war films:0.9335
islam:0.91025
propaganda:0.90975
based on a book:0.904
war movie:0.8965
iraq war:0.895
politics:0.78725
action:0.78275
courage:0.782
weapons:0.7725
sacrifice:0.771
wartime:0.76825
middle east:0.76275
dramatic:0.762
realistic:0.7405
political:0.734
original:0.73
brutality:0.71925
catastrophe:0.714
violence:0.704
anti-war:0.696
pg-13:0.696
plot:0.6905
suspense:0.684
good:0.68225
us history:0.67875
based on book:0.6575
story:0.6505
true story:0.648
honest:0.639
great ending:0.62675
shallow:0.62425
culture clash:0.619
based on true story:0.61675
survival:0.6085
oscar (best directing):0.60275
moral ambiguity:0.60175
powerful ending:0.59875
enormously long battle scene:0.596
oscar:0.5935
drama:0.5895
justice:0.57625
morality:0.576
torture:0.57075
corruption:0.557
oscar (best picture):0.54775
visceral:0.54725
mentor:0.54725
great acting:0.5455
brainwashing:0.53775
revenge:0.53575
history:0.53325
great:0.5305
harsh:0.52825
emotional:0.5275
biopic:0.52475
factual:0.522
vengeance:0.52
storytelling:0.5195
vietnam war:0.51675
good acting:0.512
beautiful scenery:0.51125
gritty:0.50975
destiny:0.50475
prejudice:0.504
forceful:0.50225
dialogue:0.5015
good soundtrack:0.49425
sentimental:0.49275
great movie:0.48825
cinematography:0.4845
tense:0.48325
oscar (best sound):0.48325
realistic action:0.48225
violent:0.48175
historical:0.4805
stereotypes:0.47675
betrayal:0.47175
murder:0.46725
family:0.466
gulf war:0.46575
complex:0.4635
earnest:0.45225
adapted from:book:0.44975
fighting:0.4485
based on a true story:0.44775
not funny:0.44675
bombs:0.446
freedom:0.4405
tragedy:0.438
civil war:0.4375
epic:0.4365
big budget:0.435
life & death:0.4335
predictable:0.43
brutal:0.42675
