dystopic future:0.995
dark hero:0.98
violent:0.9775
violence:0.97375
based on a comic:0.972
action:0.97175
futuristic:0.965
dystopia:0.95525
stylized:0.9255
post-apocalyptic:0.9115
good action:0.90375
gunfight:0.89325
brutality:0.8895
adapted from:comic:0.87475
original:0.855
superheroes:0.84125
gratuitous violence:0.8365
splatter:0.83125
bloody:0.83125
action packed:0.82775
post apocalyptic:0.82775
weapons:0.82575
brutal:0.824
anti-hero:0.8205
super hero:0.81575
chase:0.81075
sci-fi:0.80725
stylish:0.8055
gore:0.80075
corruption:0.79125
visceral:0.7865
comic book:0.7845
future:0.7805
fast paced:0.7735
graphic novel:0.7715
apocalypse:0.764
visual:0.75725
mutants:0.7445
vigilantism:0.7395
vengeance:0.73475
gritty:0.7325
gory:0.7275
fight scenes:0.7265
redemption:0.718
superhero:0.71675
cool:0.71425
good soundtrack:0.7115
visually appealing:0.7095
comics:0.66525
visually stunning:0.66425
justice:0.66225
allegory:0.6485
drugs:0.64725
based on comic:0.64375
cult classic:0.64325
realistic action:0.642
vigilante:0.63725
scifi:0.6355
adaptation:0.626
sexualized violence:0.61875
mentor:0.6185
dialogue:0.615
blood:0.61375
intense:0.61175
lone hero:0.61075
gangs:0.60725
police corruption:0.607
pg-13:0.60575
sci fi:0.59825
cinematography:0.59725
story:0.588
video game:0.579
police:0.578
comic:0.5605
harsh:0.5505
science fiction:0.5405
pulp:0.53975
guns:0.53575
special effects:0.5275
life philosophy:0.52425
great:0.5235
complex:0.51525
survival:0.51375
murder:0.50975
nocturnal:0.504
crime:0.5035
bleak:0.49975
revenge:0.49275
cult film:0.477
gangsters:0.46925
social commentary:0.46075
great ending:0.45725
moral ambiguity:0.45625
catastrophe:0.44875
good:0.44
low budget:0.43975
plot:0.433
hitman:0.4305
grindhouse:0.42475
great movie:0.4175
