horror:0.9725
splatter:0.96225
mad scientist:0.91525
original:0.75925
gory:0.7315
monkey:0.721
weird:0.718
supernatural:0.69325
creepy:0.67125
cult classic:0.6435
gruesome:0.643
silly fun:0.612
scary:0.575
cult film:0.56075
hospital:0.55525
zombie:0.52275
psychological:0.51525
predictable:0.512
great ending:0.49425
intense:0.48475
transformation:0.48125
brutality:0.4805
blood:0.4665
violent:0.46575
dark humor:0.4515
genetics:0.445
mentor:0.444
underrated:0.44375
suspense:0.44275
demons:0.43
first contact:0.4285
campy:0.4265
grindhouse:0.42625
violence:0.4245
goofy:0.4245
80s:0.416
dialogue:0.4115
good soundtrack:0.40775
special effects:0.40475
unusual plot structure:0.4045
adaptation:0.4035
catastrophe:0.40225
vengeance:0.4
goretastic:0.396
psychology:0.3865
doctors:0.37125
so bad it's funny:0.3675
weapons:0.36325
nudity (full frontal - notable):0.363
death:0.35575
bizarre:0.3545
story:0.3545
macabre:0.35075
melancholic:0.34525
very interesting:0.34425
zombies:0.34075
animals:0.3385
sexualized violence:0.3385
not funny:0.3375
effects:0.335
murder:0.3315
bad plot:0.33125
great:0.3305
revenge:0.32675
unlikeable characters:0.3185
surreal:0.31675
monster:0.3155
good action:0.31475
suspenseful:0.31325
happy ending:0.3105
silly:0.309
gore:0.305
good:0.29975
visceral:0.2985
low budget:0.29225
atmospheric:0.2905
disturbing:0.29025
redemption:0.29025
pointless:0.28925
life & death:0.2855
absurd:0.28475
nocturnal:0.28275
runaway:0.28275
clowns:0.28125
sci fi:0.28025
entirely dialogue:0.278
visually appealing:0.27
haunted house:0.269
fantasy world:0.2685
dreams:0.26825
cult:0.26825
bad ending:0.268
slasher:0.262
survival:0.2615
storytelling:0.261
strange:0.26075
lone hero:0.26075
police investigation:0.25975
quirky:0.2595
criterion:0.25825
