twists & turns:0.9875
kidnapping:0.98325
thriller:0.95825
twist:0.9475
tense:0.94225
plot twist:0.9265
father daughter relationship:0.88425
claustrophobic:0.87825
betrayal:0.84275
suspense:0.829
secrets:0.8
violence:0.7885
twist ending:0.78425
obsession:0.77025
caper:0.763
police investigation:0.76025
suspenseful:0.7295
original:0.72375
fast paced:0.7235
great acting:0.715
brutality:0.71025
intense:0.7065
psychological:0.701
pornography:0.6975
great ending:0.697
runaway:0.68425
dialogue:0.67975
heist:0.6775
greed:0.67525
chase:0.65975
excellent script:0.65
conspiracy:0.6495
corruption:0.63925
complex:0.6335
clever:0.623
revenge:0.61525
complicated:0.6055
brutal:0.586
crime:0.577
drama:0.5765
male nudity:0.566
manipulation:0.55325
murder:0.5525
storytelling:0.55075
good acting:0.55
plot:0.53675
interesting:0.536
predictable:0.5235
psychology:0.52025
sexy:0.51275
mentor:0.5125
surveillance:0.505
murder mystery:0.49975
erotic:0.498
disturbing:0.49475
cheating:0.489
alternate endings:0.47925
nudity (full frontal - notable):0.477
espionage:0.4695
nudity (topless):0.4685
entirely dialogue:0.4655
hostage:0.46025
cinematography:0.458
gangsters:0.45625
exceptional acting:0.45
assassination:0.44875
story:0.44575
torture:0.43825
pg-13:0.4335
spy:0.43275
writers:0.4315
good:0.428
entertaining:0.427
unusual plot structure:0.425
excellent:0.4215
catastrophe:0.417
british:0.41175
absurd:0.39775
tricky:0.39425
not funny:0.39125
relationships:0.39075
plot holes:0.38975
justice:0.3885
better than expected:0.388
stylish:0.38575
suprisingly clever:0.38075
nudity:0.3805
spying:0.378
spanish:0.367
gritty:0.3655
vengeance:0.36225
investigation:0.35775
violent:0.3565
complicated plot:0.35475
good soundtrack:0.35425
sexualized violence:0.3515
exciting:0.34625
brainwashing:0.34375
surprise ending:0.3435
paranoia:0.3435
