francis ford copolla:0.9955
meditative:0.9675
insanity:0.96575
obsession:0.95675
enigmatic:0.94825
tense:0.9315
masterpiece:0.9115
cinematography:0.9075
jungle:0.8885
criterion:0.8825
greed:0.86775
stylized:0.86725
breathtaking:0.849
visceral:0.844
ominous:0.8315
visual:0.8235
claustrophobic:0.82075
spanish:0.80825
character study:0.80525
allegory:0.8045
german:0.801
weird:0.80075
dreamlike:0.784
surreal:0.7835
harsh:0.78175
god:0.7775
bleak:0.76725
cerebral:0.76375
imdb top 250:0.76025
lone hero:0.75875
golden palm:0.75125
narrated:0.7325
paranoid:0.7315
grim:0.73125
talky:0.72025
original:0.71225
atmospheric:0.703
visually stunning:0.697
wilderness:0.683
affectionate:0.66925
beautifully filmed:0.6665
forceful:0.66525
art house:0.66075
violent:0.6595
reflective:0.6565
visually appealing:0.65225
disturbing:0.64975
unusual plot structure:0.648
storytelling:0.64625
story:0.64375
adventure:0.64175
indians:0.6415
dialogue:0.64075
runaway:0.6395
melancholy:0.63825
eccentricity:0.63225
eerie:0.62675
downbeat:0.6175
spain:0.6145
powerful ending:0.6135
intimate:0.61225
absurd:0.603
social commentary:0.6025
psychological:0.597
south america:0.59325
stunning:0.5925
melancholic:0.58725
great cinematography:0.583
surrealism:0.5795
dark:0.57325
existentialism:0.5585
nature:0.55675
very interesting:0.553
brutality:0.55275
slow:0.54575
great ending:0.54225
culture clash:0.53975
cult film:0.5385
cult classic:0.53225
complex:0.53175
oscar (best foreign language film):0.531
slow paced:0.53075
interesting:0.5265
photography:0.52075
notable soundtrack:0.514
black and white:0.50375
nocturnal:0.5035
foreign:0.5005
macabre:0.4995
oscar (best directing):0.4975
catastrophe:0.496
suprisingly clever:0.49075
dreams:0.48625
scenic:0.47725
loneliness:0.476
movielens top pick:0.47425
desert:0.474
intense:0.47225
corruption:0.4675
moody:0.466
