jews:0.98575
oscar (best cinematography):0.97825
music:0.96275
musical:0.94625
judaism:0.941
good music:0.9075
jewish:0.893
broadway:0.87475
oscar (best directing):0.84625
russia:0.83825
great acting:0.79575
long:0.78725
oscar (best actor):0.77375
great music:0.766
dance:0.7425
poland:0.7335
dramatic:0.7315
original:0.6995
anti-semitism:0.69175
father daughter relationship:0.6875
good acting:0.67275
story:0.6705
oscar:0.66825
family:0.659
bittersweet:0.6545
oscar (best actress):0.65125
drama:0.65075
parenthood:0.62875
culture clash:0.62225
dancing:0.6195
great:0.61175
sentimental:0.6065
period piece:0.606
good:0.6055
oscar (best supporting actress):0.60175
nostalgic:0.59675
adapted from:book:0.59175
oscar (best picture):0.5905
prejudice:0.5885
solitude:0.569
good soundtrack:0.559
oscar winner:0.559
exceptional acting:0.546
mentor:0.53125
imdb top 250:0.52775
catastrophe:0.5215
cinematography:0.51825
based on a play:0.515
70mm:0.5125
childhood:0.5105
great movie:0.51025
beautiful scenery:0.50875
suprisingly clever:0.5045
reflective:0.501
storytelling:0.4865
destiny:0.48075
runaway:0.47875
emotional:0.47425
fun movie:0.47225
unusual plot structure:0.46925
redemption:0.45875
great ending:0.454
sacrifice:0.451
poignant:0.4455
earnest:0.444
compassionate:0.44375
breathtaking:0.4435
excellent:0.443
idealism:0.4295
humorous:0.42275
adaptation:0.4215
beautifully filmed:0.419
artistic:0.416
historical:0.4155
masterpiece:0.414
love:0.41225
russian:0.412
dialogue:0.41
classic:0.4085
honest:0.40525
touching:0.40475
visually stunning:0.39875
awesome soundtrack:0.3985
revolution:0.3915
visually appealing:0.3895
creativity:0.38775
light:0.3875
heartbreaking:0.38125
scenic:0.3805
family drama:0.3775
excellent script:0.372
greed:0.3695
melancholic:0.369
witty:0.36525
israel:0.3625
segregation:0.362
clever:0.362
stunning:0.36125
feel-good:0.3585
small town:0.35575
