comedy:0.9895
bowling:0.962
goofy:0.9525
funniest movies:0.9505
dumb:0.94675
funny:0.92925
humorous:0.9135
hilarious:0.90925
humor:0.87
funny as hell:0.8605
brothers:0.851
very funny:0.81675
irreverent:0.79025
original:0.7755
mentor:0.75375
silly fun:0.74775
parody:0.7375
gross-out:0.712
road trip:0.64
great movie:0.63575
dumb but funny:0.62875
crude humor:0.62775
deadpan:0.592
quotable:0.57625
great:0.5705
redemption:0.5705
absurd:0.56675
off-beat comedy:0.566
unfunny:0.5655
stupidity:0.5655
pg-13:0.55675
saturday night live:0.552
farce:0.5445
suprisingly clever:0.5395
stoner movie:0.53575
screwball:0.529
satire:0.52125
silly:0.51625
sarcasm:0.51325
brutality:0.5045
good soundtrack:0.498
slapstick:0.4885
good:0.48525
idiotic:0.47825
great ending:0.47725
storytelling:0.47525
witty:0.47025
dialogue:0.47
highly quotable:0.4695
so bad it's funny:0.46925
cult classic:0.4675
satirical:0.46425
story:0.462
drinking:0.44175
original plot:0.4395
fun movie:0.4385
fun:0.4315
catastrophe:0.42825
weird:0.4275
clever:0.4215
nudity (full frontal - brief):0.4165
underrated:0.408
talky:0.40525
melancholic:0.40375
culture clash:0.40225
road movie:0.39
quirky:0.388
pornography:0.385
sexy:0.3755
light:0.3745
foul language:0.37275
nudity (topless - notable):0.3725
excellent:0.36775
enigmatic:0.367
adaptation:0.3665
beer:0.366
sexualized violence:0.36225
runaway:0.35875
comic:0.35525
greed:0.3495
social commentary:0.34675
dark humor:0.346
spoof:0.346
twists & turns:0.34475
sports:0.34475
nudity (topless):0.3435
crime gone awry:0.342
imdb top 250:0.34175
cult film:0.3385
chase:0.3385
drama:0.3335
transformation:0.3315
vengeance:0.32775
violence:0.32575
creativity:0.31925
hillarious:0.31725
criterion:0.317
intense:0.31575
stupid:0.3155
excellent script:0.3145
