romantic comedy:0.944
computers:0.903
fun movie:0.85775
technology:0.85375
romantic:0.807
workplace:0.802
witty:0.776
mentor:0.744
based on a play:0.74125
light:0.74
great:0.72375
comedy:0.7025
romance:0.7
clever:0.6985
original:0.67925
oscar (best actress):0.67175
sweet:0.63375
love story:0.6205
christmas:0.6175
fun:0.60575
relationships:0.59825
new york city:0.596
talky:0.59475
destiny:0.59375
women:0.5835
great movie:0.5765
childhood:0.57575
sexy:0.57225
classic:0.57175
good:0.56775
great acting:0.56425
great ending:0.56375
holiday:0.54975
oscar (best supporting actress):0.5465
story:0.5435
internet:0.538
dialogue:0.53325
entertaining:0.52525
period piece:0.52425
girlie movie:0.522
feel-good:0.5205
cute:0.5075
pg-13:0.50625
new york:0.49925
runaway:0.49725
catastrophe:0.479
storytelling:0.47575
affectionate:0.47575
farce:0.47575
idealism:0.47325
twists & turns:0.472
race issues:0.468
office:0.4675
suprisingly clever:0.4655
beautiful scenery:0.46525
unlikely friendships:0.4605
alternate endings:0.44825
political:0.438
chase:0.43775
life & death:0.43225
secrets:0.43025
fashion:0.425
love:0.42325
criterion:0.42
aging:0.414
courage:0.402
adaptation:0.39975
england:0.39775
police investigation:0.39675
feel good movie:0.38925
marriage:0.388
heartwarming:0.38675
happy ending:0.37725
good acting:0.37625
imagination:0.37525
whimsical:0.3725
culture clash:0.37175
life philosophy:0.371
interesting:0.37
books:0.36825
politics:0.366
oscar (best directing):0.3615
classic car:0.3615
assassination:0.36125
chick flick:0.35875
fight scenes:0.3585
earnest:0.3535
cute!:0.3515
greed:0.34875
good soundtrack:0.3445
obsession:0.3435
transformation:0.34325
identity:0.343
beautifully filmed:0.34175
unusual plot structure:0.34025
drinking:0.338
very interesting:0.338
nostalgic:0.337
1950s:0.33625
british:0.33475
