devil:0.98725
lawyers:0.98325
lawyer:0.954
twist ending:0.9355
great ending:0.91575
greed:0.91125
psychological:0.88925
supernatural:0.8475
great acting:0.84325
good:0.84
surprise ending:0.833
corruption:0.83175
suspense:0.805
courtroom:0.8045
mentor:0.794
twists & turns:0.78575
powerful ending:0.7815
twist:0.77725
original:0.77025
plot twist:0.76225
interesting:0.7485
thriller:0.74675
psychology:0.74625
intense:0.74575
good acting:0.738
cerebral:0.72975
demons:0.724
bad ending:0.718
plot:0.696
paranoia:0.693
thought-provoking:0.6905
secrets:0.68025
great:0.65625
very interesting:0.653
great movie:0.65275
police investigation:0.65275
god:0.63775
clever:0.63675
courtroom drama:0.617
complex:0.6145
justice:0.6105
alternate endings:0.6055
atmospheric:0.604
underrated:0.5875
guilt:0.58725
suspenseful:0.586
excellent:0.5825
first contact:0.57975
very good:0.57975
enigmatic:0.575
manipulation:0.56825
destiny:0.564
betrayal:0.56125
story:0.5595
surreal:0.55925
tense:0.55625
nudity (full frontal - notable):0.555
dramatic:0.55125
happy ending:0.53375
storytelling:0.53075
mindfuck:0.5235
entertaining:0.5225
catastrophe:0.52225
conspiracy:0.52125
chase:0.52075
nudity:0.51575
identity:0.5115
dialogue:0.5085
murder:0.508
drama:0.50725
excellent script:0.50425
intelligent:0.4905
good soundtrack:0.4855
original plot:0.48475
morality:0.4755
paranoid:0.469
pg-13:0.46775
violence:0.46475
religion:0.4635
insanity:0.46
special effects:0.4595
weird:0.45625
stylish:0.45275
complicated:0.448
redemption:0.448
visually stunning:0.442
gory:0.438
visually appealing:0.43575
oscar winner:0.43525
good versus evil:0.43225
sexualized violence:0.43075
dark:0.42925
exceptional acting:0.428
investigation:0.42325
scary:0.4225
brutality:0.422
cinematography:0.41775
murder mystery:0.41625
mystery:0.41575
life philosophy:0.414
