rock and roll:0.99675
musicians:0.984
documentary:0.948
music:0.8835
mentor:0.88125
original:0.84725
good soundtrack:0.819
narrated:0.801
creativity:0.7985
intimate:0.797
runaway:0.77625
suspense:0.77225
earnest:0.76775
interesting:0.73325
tense:0.73075
artistic:0.7245
good music:0.722
honest:0.721
artist:0.719
excellent script:0.70875
intense:0.7085
musical:0.703
talky:0.7
grindhouse:0.6915
bloody:0.69075
corruption:0.6895
oscar (best actress):0.6895
violence:0.682
great:0.65325
love:0.6475
brutality:0.64625
great acting:0.6415
oscar (best directing):0.63775
highly quotable:0.63375
great ending:0.627
unusual plot structure:0.62425
violent:0.6225
pornography:0.61775
vengeance:0.61625
movielens top pick:0.61275
good:0.59925
great movie:0.59675
dialogue:0.59375
great music:0.58875
storytelling:0.58475
passionate:0.57825
criterion:0.578
oscar (best supporting actor):0.57675
social commentary:0.57625
sexualized violence:0.57025
oscar:0.56775
cool:0.5625
oscar (best supporting actress):0.56125
destiny:0.55675
obsession:0.554
multiple storylines:0.54825
entertaining:0.5465
dark hero:0.54575
revenge:0.54525
stylish:0.537
hip hop:0.532
inspiring:0.52875
murder:0.52275
music business:0.52175
adapted from:book:0.52125
politics:0.51375
very interesting:0.51375
cult classic:0.512
justice:0.51175
culture clash:0.511
race issues:0.507
classic car:0.5035
chase:0.5035
forceful:0.4975
classic:0.49625
good acting:0.4935
harsh:0.4915
clever:0.491
greed:0.48975
life philosophy:0.48925
great soundtrack:0.4865
biographical:0.48625
amazing photography:0.48375
radio:0.4815
gangsters:0.4815
punk:0.4815
fun movie:0.4795
police investigation:0.4775
adaptation:0.47625
serial killer:0.47575
awesome soundtrack:0.47375
imdb top 250:0.47275
weird:0.472
stylized:0.46775
assassination:0.4665
hitman:0.46175
classical music:0.4595
gory:0.45325
twists & turns:0.452
catastrophe:0.45125
