relationships:0.969
marriage:0.9455
road movie:0.92475
bittersweet:0.888
criterion:0.88725
adultery:0.87725
intimate:0.87025
oscar (best actress):0.85725
love story:0.841
infidelity:0.81125
romance:0.79875
movielens top pick:0.78225
oscar (best directing):0.76325
loneliness:0.76325
hotel:0.75075
enigmatic:0.7375
melancholic:0.73275
divorce:0.71925
talky:0.715
poignant:0.713
stylized:0.71175
love:0.70275
romantic:0.70025
pornography:0.688
nudity (topless - notable):0.685
original:0.6845
male nudity:0.6745
very interesting:0.66475
golden palm:0.6645
beautifully filmed:0.66125
melancholy:0.6575
rebellion:0.64025
cinematography:0.6395
breathtaking:0.63275
reflective:0.62125
weird:0.61375
oscar (best supporting actress):0.60025
obsession:0.59775
meditative:0.59225
brutality:0.59125
sacrifice:0.58475
drama:0.584
stylish:0.57825
witty:0.57375
solitude:0.57325
parenthood:0.56975
ironic:0.5565
scenic:0.552
runaway:0.54875
california:0.543
dialogue:0.54225
classic:0.542
amazing photography:0.54125
immortality:0.5375
passionate:0.5325
beautiful scenery:0.526
multiple storylines:0.525
nudity (full frontal - notable):0.5205
cult classic:0.51925
idealism:0.5095
wine:0.5065
entirely dialogue:0.50525
tragedy:0.5045
life & death:0.504
good soundtrack:0.4945
character study:0.48925
complex:0.48875
great ending:0.4855
aging:0.474
affectionate:0.471
great:0.4705
crime gone awry:0.46675
unusual plot structure:0.4645
cars:0.46425
mentor:0.4625
stunning:0.4595
cheating:0.45275
sexy:0.44625
allegory:0.44025
beautiful:0.43725
1960s:0.43725
road trip:0.43725
biting:0.43625
culture clash:0.431
memory:0.42925
flashbacks:0.428
catastrophe:0.427
drinking:0.426
narrated:0.4255
cerebral:0.42425
art:0.4235
suprisingly clever:0.42225
no dialogue:0.421
harsh:0.42
non-linear:0.418
cynical:0.41375
imdb top 250:0.41375
first contact:0.41
quirky:0.40875
kubrick:0.405
