san francisco:0.98125
birds:0.93375
homeless:0.92475
documentary:0.82725
ecology:0.75075
storytelling:0.6725
bittersweet:0.671
original:0.64925
surprise ending:0.634
intimate:0.62525
life philosophy:0.62175
life:0.6045
life & death:0.60375
art:0.60025
touching:0.597
great ending:0.59075
criterion:0.58625
beautiful:0.5605
amazing photography:0.559
relationships:0.55825
suprisingly clever:0.54875
california:0.54625
inspiring:0.53225
greed:0.52375
artistic:0.5105
self discovery:0.50075
environment:0.496
animals:0.488
nature:0.4875
mentor:0.48675
great:0.48575
breathtaking:0.47725
melancholic:0.4765
childhood:0.476
melancholy:0.47175
very interesting:0.46925
philosophy:0.469
dreams:0.4615
reflective:0.45975
honest:0.4575
tragedy:0.4575
environmental:0.45525
vengeance:0.4525
passionate:0.452
catastrophe:0.4465
compassionate:0.44425
narrated:0.43775
beautiful scenery:0.43675
independent film:0.42525
poignant:0.425
loneliness:0.4225
hospital:0.422
story:0.422
transformation:0.4185
humanity:0.414
affectionate:0.39125
heartwarming:0.38625
visually appealing:0.38425
visually stunning:0.38275
fun movie:0.38175
eccentricity:0.37475
enigmatic:0.36625
1970s:0.36375
feel-good:0.36325
not funny:0.362
redemption:0.3565
inspirational:0.35325
love story:0.352
unusual plot structure:0.347
solitude:0.3465
weird:0.346
feel good movie:0.34475
quirky:0.34425
photography:0.34425
meditative:0.3345
brutality:0.33425
runaway:0.33375
death:0.331
dramatic:0.33075
great acting:0.32825
penguins:0.32575
animal movie:0.3235
sexualized violence:0.31925
culture clash:0.31425
oscar (best directing):0.31075
creativity:0.31025
harsh:0.30975
love:0.30825
adaptation:0.307
simple:0.30575
oscar (best supporting actress):0.3035
obsession:0.30325
sad:0.30225
tokyo:0.30125
social commentary:0.301
good soundtrack:0.29975
literature:0.29925
corruption:0.29775
very funny:0.29725
allegory:0.296
