heartbreaking:0.977
oscar (best foreign language film):0.97325
golden palm:0.954
intimate:0.9485
loneliness:0.9465
death:0.94625
life & death:0.9435
emotional:0.9165
melancholic:0.908
love:0.8915
relationships:0.85425
bittersweet:0.821
criterion:0.8035
poignant:0.80325
affectionate:0.78925
cinematography:0.787
french:0.78575
love story:0.77725
terminal illness:0.7765
enigmatic:0.7725
foreign:0.75075
sad:0.74625
breathtaking:0.7335
art house:0.7215
melancholy:0.72125
tragedy:0.7155
weird:0.703
original:0.70075
meditative:0.694
touching:0.68075
talky:0.667
hospital:0.659
depression:0.64875
existentialism:0.643
reflective:0.624
character study:0.62225
cerebral:0.615
claustrophobic:0.61375
beautiful:0.6055
paris:0.6
solitude:0.5965
beautifully filmed:0.58675
slow paced:0.57625
aging:0.5655
masterpiece:0.5575
beautiful scenery:0.55525
bleak:0.54525
obsession:0.54325
storytelling:0.543
life:0.53875
sacrifice:0.535
honest:0.53125
art:0.51675
life philosophy:0.5085
disturbing:0.50775
slow:0.50675
marriage:0.50375
depressing:0.49875
drama:0.49825
compassionate:0.4855
oscar:0.46875
passionate:0.4675
runaway:0.46375
downbeat:0.463
unusual plot structure:0.4585
dialogue driven:0.45475
oscar (best actress):0.4545
artistic:0.44525
oscar (best writing - screenplay written directly for the screen):0.4405
grindhouse:0.4385
surveillance:0.43175
adultery:0.4255
narrated:0.4245
catastrophe:0.41975
movielens top pick:0.4195
pornography:0.4155
sweet:0.4135
afterlife:0.41075
ironic:0.408
philosophical:0.40725
guilt:0.407
social commentary:0.4065
visceral:0.401
atmospheric:0.4005
cathartic:0.4005
childhood:0.396
great ending:0.39425
light:0.39325
macabre:0.3905
dramatic:0.39025
mentor:0.3875
complex:0.38675
whimsical:0.38575
brutality:0.3815
silent:0.381
great acting:0.38
oscar (best supporting actress):0.38
simple:0.3795
great cinematography:0.377
nudity (full frontal - notable):0.375
