sexual:0.9705
romantic comedy:0.96825
teen movie:0.96525
comedy:0.954
pornography:0.9475
sex:0.94275
sex comedy:0.90875
sexy:0.87875
girlie movie:0.8785
teen:0.86175
san francisco:0.8265
sexuality:0.799
women:0.792
chick flick:0.7735
funny:0.74925
teens:0.749
notable nudity:0.7275
predictable:0.70375
dumb:0.69675
shallow:0.695
original:0.68725
nudity (topless):0.6695
silly:0.66375
stupidity:0.659
internet:0.6505
workplace:0.64575
virginity:0.633
stereotypes:0.62325
romance:0.61475
crude humor:0.6145
nudity:0.612
idiotic:0.60375
stupid:0.586
very funny:0.5725
romantic:0.57075
lame:0.563
funny as hell:0.561
nudity (topless - notable):0.55
happy ending:0.5495
nudity (full frontal - brief):0.546
dumb but funny:0.54225
erotic:0.531
pg-13:0.5175
ridiculous:0.5115
road trip:0.51075
so bad it's funny:0.50675
goofy:0.50275
silly fun:0.5
horrible:0.49125
amy smart:0.49075
pointless:0.469
catastrophe:0.4675
adolescence:0.4555
great ending:0.446
police investigation:0.44525
dialogue:0.4345
stupid as hell:0.4315
mentor:0.4265
hilarious:0.4145
good soundtrack:0.40925
high school:0.409
destiny:0.39625
unfunny:0.3945
good:0.39225
fun movie:0.39025
bad acting:0.38675
chase:0.38375
nerds:0.38325
unrealistic:0.3825
betrayal:0.38225
bad plot:0.3805
better than expected:0.375
male nudity:0.36975
teenager:0.36775
feel-good:0.36075
relationships:0.35625
sacrifice:0.34975
absurd:0.3495
slapstick:0.34575
first contact:0.339
islam:0.33575
runaway:0.32775
light:0.3275
teenagers:0.32375
feel good movie:0.321
story:0.32025
lone hero:0.31775
shopping:0.31675
life philosophy:0.3135
sexualized violence:0.31
computer animation:0.31
brutality:0.305
fun:0.3005
bad ending:0.297
bad:0.29525
storytelling:0.29425
culture clash:0.29175
overrated:0.291
plot:0.28875
fantasy world:0.2875
