splatter:0.99875
cult classic:0.954
cult film:0.928
so bad it's funny:0.8935
mutants:0.8915
weed:0.862
campy:0.8
zombie:0.785
80s:0.76525
original:0.76225
low budget:0.7515
high school:0.73075
cool:0.696
geek:0.68875
grindhouse:0.68225
special effects:0.67625
gory:0.653
marijuana:0.64525
monster:0.63675
bad acting:0.634
camp:0.61575
bad plot:0.61
new jersey:0.60925
fun movie:0.6055
good soundtrack:0.6
weird:0.594
violence:0.581
goofy:0.57825
demons:0.577
cheesy:0.568
teens:0.5675
nuclear:0.56175
so bad it's good:0.538
brutality:0.50575
teen movie:0.505
fun:0.503
predictable:0.49675
cult:0.49625
mad scientist:0.492
dialogue:0.4845
mentor:0.4705
violent:0.469
stop motion:0.45075
sexy:0.43
teen:0.4295
post apocalyptic:0.42275
quotable:0.4215
sci fi:0.417
stupidity:0.414
great ending:0.40125
bad:0.3935
overrated:0.392
bloody:0.3915
horror:0.38975
weapons:0.38825
dark humor:0.38625
science fiction:0.383
silly:0.378
entirely dialogue:0.3775
catastrophe:0.375
snakes:0.3695
sexualized violence:0.36775
monsters:0.3625
silly fun:0.3575
gangs:0.3555
wilderness:0.355
geeks:0.354
not funny:0.353
stoner movie:0.35275
adaptation:0.35075
redemption:0.35075
bullying:0.3465
nudity:0.343
nerds:0.339
pulp:0.33525
masterpiece:0.33475
awesome soundtrack:0.33075
gruesome:0.3305
multiple storylines:0.33025
good:0.33025
storytelling:0.329
pornography:0.328
crazy:0.3275
stupid as hell:0.324
fantasy world:0.31775
lone hero:0.30775
melancholic:0.306
very funny:0.30375
scifi:0.30075
harsh:0.29825
satirical:0.29725
gore:0.29675
great acting:0.296
insanity:0.2955
life philosophy:0.29425
highly quotable:0.29225
twists & turns:0.28925
post-apocalyptic:0.28625
idiotic:0.28575
horrible:0.28375
