ninja:0.9985
silly fun:0.99525
goofy:0.96875
comedy:0.96425
funniest movies:0.94675
saturday night live:0.9355
funny:0.92625
idiotic:0.89075
hilarious:0.87175
silly:0.84575
very funny:0.83175
stupidity:0.8225
stupid:0.804
funny as hell:0.783
slapstick:0.726
dumb:0.72325
original:0.72
parody:0.7155
dumb but funny:0.70325
mentor:0.70025
so bad it's funny:0.60175
fight scenes:0.60075
great:0.591
weapons:0.587
crude humor:0.55475
predictable:0.548
martial arts:0.53275
fun movie:0.52275
stupid as hell:0.51825
fun:0.5015
great ending:0.4895
great movie:0.4665
catastrophe:0.44175
spying:0.42225
bad plot:0.41775
brutality:0.4135
chase:0.41175
absurd:0.399
vengeance:0.397
ridiculous:0.395
kung fu:0.39475
storytelling:0.39325
dialogue:0.393
action:0.38675
story:0.38675
fantasy world:0.38575
good:0.37675
lone hero:0.37025
nudity (full frontal - brief):0.36025
buddy movie:0.34975
pointless:0.3495
crazy:0.34925
pornography:0.346
life philosophy:0.3445
hillarious:0.34075
creativity:0.34
unfunny:0.3365
spoof:0.3355
humor:0.33075
secrets:0.3285
good soundtrack:0.32775
murder:0.32475
spy:0.3165
farce:0.31475
pg-13:0.312
death:0.31025
destiny:0.30825
humorous:0.30725
splatter:0.306
redemption:0.30225
screwball:0.29675
corny:0.29575
light:0.2925
amy smart:0.29175
bad acting:0.29075
culture clash:0.289
overrated:0.28875
great acting:0.2875
first contact:0.28725
family:0.28725
adaptation:0.281
murder mystery:0.27925
runaway:0.27875
cult film:0.27825
teen movie:0.275
cinematography:0.27475
stylized:0.27475
entirely dialogue:0.2745
melancholic:0.27375
sarcasm:0.27225
comic:0.27125
stereotypes:0.271
unusual plot structure:0.26825
disaster:0.268
suprisingly clever:0.2675
bad:0.2605
spies:0.258
justice:0.2575
teens:0.25725
highly quotable:0.254
