future:0.962
science fiction:0.947
sci-fi:0.9225
time loop:0.9195
allegory:0.91125
sequel:0.8745
slavery:0.865
humanity:0.84975
original:0.84675
good sequel:0.828
futuristic:0.82775
sequels:0.82625
scifi:0.824
franchise:0.81375
rebellion:0.79075
astronauts:0.75675
brutality:0.74175
series:0.72225
sci fi:0.712
time travel:0.68275
violence:0.65975
mutants:0.6475
revolution:0.6285
violent:0.6235
social commentary:0.61275
destiny:0.58575
crappy sequel:0.58375
cloning:0.56925
post-apocalyptic:0.55525
great ending:0.53625
weapons:0.52375
mentor:0.48725
complex:0.486
dialogue:0.47675
powerful ending:0.44375
paranoid:0.43575
greed:0.43325
predictable:0.43225
animals:0.42475
catastrophe:0.42375
lone hero:0.41125
immortality:0.40875
vengeance:0.40025
harsh:0.39375
censorship:0.387
end of the world:0.38325
not funny:0.37525
bad plot:0.37425
special effects:0.363
forceful:0.363
writers:0.35975
alternate reality:0.3555
fight scenes:0.3555
dystopia:0.35425
plot holes:0.35075
first contact:0.35
torture:0.3495
virus:0.3495
bleak:0.34775
survival:0.34525
1970s:0.34425
pornography:0.344
pulp:0.34175
clones:0.3405
adaptation:0.33975
story:0.33925
unusual plot structure:0.33875
transformation:0.3375
life philosophy:0.336
runaway:0.335
disturbing:0.3295
android(s)/cyborg(s):0.32725
good soundtrack:0.32175
very interesting:0.31725
grindhouse:0.3145
visually appealing:0.31275
suspense:0.3125
family:0.31125
action:0.311
tense:0.31075
utopia:0.31
storytelling:0.30525
death:0.30275
action packed:0.29825
imdb top 250:0.29825
betrayal:0.2955
silly:0.29525
multiple storylines:0.295
freedom:0.29275
tokyo:0.28725
redemption:0.28375
satirical:0.28
natural disaster:0.27875
existentialism:0.27825
so bad it's funny:0.2775
18th century:0.277
teleportation:0.276
entirely dialogue:0.27375
good:0.2735
happy ending:0.2735
