short-term memory loss:0.98075
comedy:0.91325
funny:0.83175
original:0.78475
very funny:0.74525
memory:0.73825
hilarious:0.7295
private detective:0.7045
saturday night live:0.66275
gangsters:0.636
fun movie:0.599
humorous:0.5805
great ending:0.5695
detective:0.55875
goofy:0.52125
amnesia:0.497
mentor:0.4805
fun:0.47825
great:0.45025
surreal:0.4335
entertaining:0.4315
unfunny:0.42625
destiny:0.40225
catastrophe:0.39175
storytelling:0.389
first contact:0.38875
not funny:0.38625
life philosophy:0.38475
good:0.38375
twists & turns:0.379
predictable:0.3775
gangster:0.37575
silly:0.3755
dialogue:0.37325
light:0.373
underrated:0.3545
complex:0.3515
clever:0.34675
disaster:0.33325
fight scenes:0.33175
farce:0.32925
brutality:0.328
adaptation:0.32575
slapstick:0.321
runaway:0.3195
overrated:0.31825
police investigation:0.30575
bad plot:0.30325
silly fun:0.3
imdb top 250:0.2985
dog:0.29575
story:0.288
cerebral:0.28375
melancholic:0.28225
justice:0.27575
vengeance:0.273
sci fi:0.268
cult film:0.26525
great movie:0.263
love:0.2625
good soundtrack:0.26175
fantasy world:0.261
pg-13:0.26
very interesting:0.259
quirky:0.2585
dumb but funny:0.2545
nudity (full frontal - brief):0.254
so bad it's funny:0.25275
entirely dialogue:0.251
weird:0.24675
witty:0.24625
suprisingly clever:0.245
lone hero:0.24425
dreamlike:0.244
family:0.2375
time:0.23675
pornography:0.23675
dark hero:0.23525
visually appealing:0.23525
shallow:0.23425
culture clash:0.23425
existentialism:0.234
good action:0.23375
betrayal:0.2325
humor:0.227
computer animation:0.226
redemption:0.22525
talky:0.22475
excellent script:0.22275
corruption:0.221
mystery:0.221
stylized:0.2205
chase:0.22
absurd:0.2155
funny as hell:0.21525
transformation:0.21425
criterion:0.2135
no plot:0.213
identity:0.21025
powerful ending:0.20975
