relationships:0.996
complex:0.94725
based on a play:0.94125
australia:0.92525
adultery:0.92375
loneliness:0.91625
drama:0.90375
infidelity:0.88075
melancholic:0.87375
australian:0.869
murder mystery:0.868
ensemble cast:0.85825
complex characters:0.85225
police investigation:0.84525
betrayal:0.833
intimate:0.82825
great acting:0.815
marriage:0.8125
independent film:0.803
original:0.798
enigmatic:0.79525
twists & turns:0.782
bleak:0.766
character study:0.7505
talky:0.75025
very interesting:0.7425
complicated:0.73275
dialogue:0.726
midlife crisis:0.7255
social commentary:0.7245
psychological:0.6915
cheating:0.6685
interesting:0.6675
great ending:0.66
crime gone awry:0.64325
exceptional acting:0.6415
secrets:0.64025
reflective:0.6385
thought-provoking:0.63775
emotional:0.632
psychology:0.62975
guilt:0.62825
realistic:0.621
clever:0.6145
obsession:0.6135
weird:0.6065
good soundtrack:0.606
passionate:0.606
visually appealing:0.60175
golden palm:0.59575
tragedy:0.593
redemption:0.59275
good acting:0.592
confrontational:0.591
nonlinear:0.5905
cathartic:0.5805
tense:0.57225
honest:0.572
depression:0.562
gunfight:0.55625
cerebral:0.555
dramatic:0.5535
storytelling:0.55275
great:0.54575
investigation:0.5445
intense:0.5445
criterion:0.5385
intellectual:0.5385
intelligent:0.5385
complicated plot:0.53675
entirely dialogue:0.53125
oscar (best directing):0.5285
greed:0.52275
murder:0.51925
cinematography:0.517
multiple storylines:0.51375
mystery:0.511
witty:0.5055
great dialogue:0.502
drinking:0.50075
life philosophy:0.49375
powerful ending:0.4895
downbeat:0.48525
depressing:0.4835
manipulation:0.4825
melancholy:0.47125
dysfunctional family:0.46975
great cinematography:0.465
solitude:0.4645
imdb top 250:0.45725
plot:0.452
existentialism:0.45175
writers:0.45
death:0.44475
thriller:0.44125
dark humor:0.44
suburbia:0.43925
suprisingly clever:0.4385
quirky:0.429
slow paced:0.42475
