stop motion:0.98925
fantasy:0.96875
adventure:0.96825
wizards:0.96575
mythology:0.9635
special effects:0.95075
stop-motion:0.95
good versus evil:0.91625
fantasy world:0.8985
imagination:0.87725
computer animation:0.844
effects:0.834
cult film:0.81475
sword fight:0.7945
medieval:0.7905
original:0.79
monster:0.77675
visual:0.74875
fountain of youth:0.7465
island:0.726
magic:0.72075
storytelling:0.71425
monsters:0.7045
childhood:0.70275
classic:0.701
dragons:0.69525
dark fantasy:0.6925
high fantasy:0.69225
destiny:0.69225
chase:0.6895
great movie:0.68875
goofy:0.68625
great ending:0.67925
great:0.67825
swashbuckler:0.67825
fun movie:0.678
story:0.66
allegory:0.65925
dialogue:0.6525
ominous:0.643
visually appealing:0.63375
exciting:0.62975
cult classic:0.62175
mentor:0.61975
gunfight:0.60825
scenic:0.6055
cinematography:0.59725
oscar (best effects - visual effects):0.594
good:0.58675
atmospheric:0.58
sacrifice:0.57875
tense:0.5705
special:0.56475
stunning:0.56175
weird:0.561
first contact:0.55925
suspense:0.558
beautiful scenery:0.556
mad scientist:0.5535
underrated:0.5535
modern fantasy:0.54075
dark:0.54025
greed:0.53875
transformation:0.537
nocturnal:0.53575
sword fighting:0.5325
visually stunning:0.52475
action:0.522
imdb top 250:0.5215
fun:0.5175
good soundtrack:0.5115
big budget:0.509
excellent:0.50375
supernatural:0.49775
quotable:0.49225
science fiction:0.4915
colourful:0.4825
plot:0.4825
demons:0.482
light:0.47675
harsh:0.4765
computer game:0.47275
breathtaking:0.4725
cgi:0.4715
weapons:0.47025
dystopia:0.46825
doctors:0.464
mystery:0.46225
catastrophe:0.45525
sci fi:0.45175
brutality:0.44225
suprisingly clever:0.44
masterpiece:0.44
paranoid:0.4375
moral ambiguity:0.43625
grim:0.4355
cult:0.43275
vengeance:0.43175
entertaining:0.43
dreams:0.42875
