romantic comedy:0.9995
chick flick:0.99775
romantic:0.9915
good romantic comedies:0.97925
romance:0.96875
wedding:0.945
girlie movie:0.94
cute!:0.9345
sweet:0.92675
predictable:0.8935
love story:0.8895
destiny:0.86175
cute:0.85975
happy ending:0.84075
san francisco:0.83575
sappy:0.81175
feel-good:0.7205
catastrophe:0.63575
original:0.635
comedy:0.6275
so bad it's funny:0.6245
silly:0.61875
feel good movie:0.573
natural disaster:0.572
family:0.55025
horrible:0.5385
pg-13:0.52425
stereotypes:0.50575
light:0.49825
runaway:0.49725
teen movie:0.49675
women:0.4965
sexy:0.48675
better than expected:0.48025
mentor:0.46175
fun movie:0.4555
dialogue:0.45325
shopping:0.45275
divorce:0.44375
marriage:0.431
fashion:0.42325
shallow:0.4165
good:0.4145
bad plot:0.4105
fun:0.41025
ridiculous:0.4005
unrealistic:0.3965
story:0.391
great ending:0.3895
first contact:0.38725
great:0.3795
overrated:0.37325
disaster:0.373
beautiful scenery:0.365
lame:0.36275
idiotic:0.35575
funny:0.35375
life philosophy:0.3525
sentimental:0.35175
whimsical:0.35075
secret service:0.34675
love:0.34425
boring:0.33575
big budget:0.33375
corny:0.33275
internet:0.3315
lone hero:0.3315
not funny:0.3305
plot:0.32825
very funny:0.32675
no plot:0.3195
culture clash:0.314
fairy tale:0.31325
fantasy world:0.313
chase:0.3115
bad ending:0.3105
unfunny:0.30675
crude humor:0.3045
childhood:0.2985
doctors:0.2965
cheating:0.29575
brutality:0.29275
twists & turns:0.28425
interracial romance:0.28275
police investigation:0.2755
justice:0.27525
simple:0.274
script:0.2685
relationships:0.2675
stupid:0.2675
awful:0.267
writers:0.265
slapstick:0.26225
guilty pleasure:0.26175
good action:0.2565
adaptation:0.254
quirky:0.25225
good soundtrack:0.25175
entirely dialogue:0.24975
hawaii:0.2495
