based on a true story:0.97575
high school:0.9605
based on true story:0.96025
true story:0.958
mentor:0.92975
new jersey:0.92475
school:0.91775
inspiring:0.87475
great acting:0.87025
teacher:0.84775
feel-good:0.838
excellent:0.838
coming of age:0.83775
bullying:0.828
feel good movie:0.79075
good:0.7835
teen movie:0.78225
rags to riches:0.764
teen:0.7605
inspirational:0.7275
underdog:0.71475
educational:0.7125
childhood:0.6995
good soundtrack:0.69425
original:0.68325
runaway:0.67925
drama:0.67925
corruption:0.66825
realistic:0.653
pg-13:0.653
great movie:0.65025
80s:0.64775
intense:0.643
great:0.638
story:0.62375
dramatic:0.6175
biopic:0.606
adolescence:0.6035
good acting:0.6005
destiny:0.594
oscar winner:0.59325
fun movie:0.592
life philosophy:0.572
great ending:0.5645
small town:0.5555
social commentary:0.5535
friendship:0.54475
excellent script:0.539
teens:0.52775
sentimental:0.526
harsh:0.52575
gangs:0.514
unlikely friendships:0.51275
violence:0.5075
revenge:0.50625
crime gone awry:0.50625
teenager:0.50575
jungle:0.50275
girlie movie:0.50075
interesting:0.48775
oscar (best actress):0.478
redemption:0.47025
justice:0.46925
oscar:0.465
catastrophe:0.45625
oscar (best directing):0.4505
survival:0.4505
dialogue:0.44775
fantasy world:0.44725
oscar (best supporting actress):0.43975
transformation:0.42975
vengeance:0.428
awesome soundtrack:0.425
unusual plot structure:0.4165
exceptional acting:0.41475
entertaining:0.4145
kids:0.4135
1980s:0.41325
segregation:0.41125
cool:0.41025
sports:0.4075
underrated:0.4045
storytelling:0.4015
very good:0.39775
honest:0.39525
courage:0.3925
stereotypes:0.387
suprisingly clever:0.38575
quotable:0.3855
adaptation:0.385
brutality:0.3845
clever:0.38125
oscar (best supporting actor):0.3705
drinking:0.366
culture clash:0.36525
gangsters:0.365
crazy:0.36225
based on book:0.36025
classic car:0.35225
lawyer:0.3465
