erotic:0.97775
sexual:0.89925
sex:0.88175
sexy:0.8705
pornography:0.83625
murder:0.826
thriller:0.80675
nudity (full frontal - notable):0.78725
plot twist:0.76075
mystery:0.7585
nudity:0.7385
police investigation:0.724
psychiatrist:0.7215
original:0.7115
detective:0.71125
nudity (full frontal):0.702
murder mystery:0.69625
surprise ending:0.6935
psychiatry:0.65275
predictable:0.64925
twist:0.64475
psychology:0.629
twists & turns:0.626
dialogue:0.61975
plot:0.616
sexualized violence:0.612
psychological:0.6045
suspense:0.5985
violence:0.57025
suspenseful:0.56475
shallow:0.55925
so bad it's funny:0.55775
investigation:0.5575
male nudity:0.53325
idiotic:0.52975
nudity (full frontal - brief):0.5275
mentor:0.514
chase:0.51375
great ending:0.513
twist ending:0.5095
bad:0.505
ridiculous:0.4855
nudity (topless - notable):0.48275
stupid:0.4775
blindness:0.46375
bad plot:0.45375
awful:0.44975
guilty pleasure:0.4475
brutality:0.443
plot holes:0.4395
very interesting:0.43575
good:0.43475
silly:0.43025
revenge:0.43025
big budget:0.42525
pointless:0.42475
notable nudity:0.4215
bad acting:0.4185
catastrophe:0.4175
nudity (rear):0.417
horrible:0.4035
obsession:0.403
story:0.393
action:0.38775
clever:0.38025
entirely dialogue:0.3795
guilt:0.378
bad ending:0.37525
nudity (topless):0.3725
bad script:0.372
destiny:0.3695
adaptation:0.3685
conspiracy:0.3655
corruption:0.3605
lame:0.35775
runaway:0.3535
stupidity:0.3505
not funny:0.34225
good soundtrack:0.34175
quirky:0.34125
first contact:0.34
storytelling:0.33975
fun movie:0.33325
goofy:0.3295
fight scenes:0.32325
conspiracy theory:0.321
los angeles:0.319
script:0.31575
intense:0.31475
sexuality:0.31475
unfunny:0.31175
fantasy world:0.30975
life philosophy:0.30875
betrayal:0.30525
passionate:0.305
sci fi:0.30425
nudity (topless - brief):0.3035
campy:0.30275
doctors:0.302
camp:0.30125
