haunted house:0.96675
creepy:0.94075
horror:0.87875
supernatural:0.7745
demons:0.7105
original:0.69975
macabre:0.6805
weird:0.6795
ominous:0.669
scary:0.66
ghosts:0.6525
splatter:0.6345
eerie:0.596
predictable:0.58075
great ending:0.56525
frightening:0.543
disturbing:0.529
gothic:0.509
family:0.488
bad ending:0.4865
atmospheric:0.47525
adaptation:0.475
goretastic:0.46925
suspense:0.4645
revenge:0.41975
catastrophe:0.4165
dysfunctional family:0.4095
grindhouse:0.4035
cult classic:0.4025
vengeance:0.40125
campy:0.39825
brutality:0.39675
mentor:0.39025
based on a book:0.39
downbeat:0.38675
death:0.386
insanity:0.38475
violence:0.38275
cult film:0.3795
strange:0.368
police investigation:0.365
nudity (full frontal - notable):0.36425
devil:0.36375
sexualized violence:0.3615
based on book:0.3545
dark:0.352
obsession:0.35075
serial killer:0.3475
gory:0.346
greed:0.3355
cult:0.335
blood:0.32725
visceral:0.32525
pornography:0.32275
fantasy world:0.31875
culture clash:0.31725
not funny:0.31675
bizarre:0.315
quirky:0.315
dialogue:0.3125
suspenseful:0.311
mad scientist:0.30775
special effects:0.3075
nudity (topless - notable):0.30375
bloody:0.29975
too long:0.28275
first contact:0.2825
nudity (topless):0.28025
cinematography:0.27725
psychological:0.2765
good soundtrack:0.27625
melancholic:0.27575
life philosophy:0.27525
murder:0.27075
solitude:0.26775
goth:0.2665
twist ending:0.266
lone hero:0.26575
slapstick:0.26075
pg-13:0.2605
runaway:0.26025
silly fun:0.2595
boring:0.259
storytelling:0.25875
great:0.25825
adapted from:book:0.25825
story:0.257
isolation:0.25675
classic car:0.256
transformation:0.256
violent:0.25475
visually appealing:0.2505
stylized:0.25025
overrated:0.247
so bad it's funny:0.244
slow:0.239
entirely dialogue:0.237
good:0.23625
secrets:0.236
natural disaster:0.23375
