irish:0.99675
ireland:0.95875
irish accent:0.952
love story:0.92825
love:0.92675
romantic:0.86225
oscar:0.854
story:0.80625
relationships:0.80175
romance:0.80125
new york:0.80025
sweet:0.7845
loneliness:0.7845
drama:0.777
mentor:0.775
feel-good:0.766
nostalgic:0.76525
beautiful scenery:0.75975
girlie movie:0.74125
coming of age:0.73025
pg-13:0.7255
tragedy:0.7185
original:0.71475
runaway:0.69425
beautifully filmed:0.655
emotional:0.651
1950s:0.65
heartwarming:0.64875
cinematography:0.6425
coming-of-age:0.63425
feel good movie:0.62775
immigrants:0.61075
women:0.5965
period piece:0.595
childhood:0.59275
bittersweet:0.5915
romantic comedy:0.5885
touching:0.587
melancholic:0.5865
oscar (best supporting actress):0.58375
sentimental:0.583
life:0.58175
heartbreaking:0.57975
unlikely friendships:0.57125
drinking:0.568
honest:0.5645
chick flick:0.56
intimate:0.5595
culture clash:0.55725
destiny:0.5565
idealism:0.5555
depression:0.535
based on a book:0.53025
light:0.53
realistic:0.51825
oscar (best actress):0.51625
great cinematography:0.51375
life & death:0.5135
great:0.5135
friendship:0.506
storytelling:0.50575
catastrophe:0.5055
good:0.499
dialogue:0.496
sacrifice:0.494
small town:0.49125
happy ending:0.4735
good acting:0.47325
prejudice:0.4695
oscar (best picture):0.468
dramatic:0.45675
family:0.453
love triangles:0.43875
great acting:0.437
intense:0.432
great ending:0.4255
beautiful:0.42325
good soundtrack:0.42275
suprisingly clever:0.42225
transformation:0.4215
survival:0.4135
witty:0.4105
betrayal:0.40875
teen:0.404
breathtaking:0.4005
british:0.38925
adaptation:0.38575
moral ambiguity:0.37775
based on true story:0.37475
simple:0.3745
marriage:0.36725
stunning:0.36375
boston:0.36175
stereotypes:0.35375
fun movie:0.35375
divorce:0.353
interesting:0.35
fashion:0.349
new york city:0.348
unusual plot structure:0.34725
