christmas:0.99925
holiday:0.99725
father daughter relationship:0.942
family:0.8495
childhood:0.80125
children:0.78675
heartwarming:0.762
original:0.7
dialogue:0.59025
kids:0.589
animals:0.57325
sentimental:0.56025
mentor:0.5515
fantasy:0.54375
feel-good:0.50725
story:0.5045
catastrophe:0.49825
fantasy world:0.469
natural disaster:0.46225
kids and family:0.46075
predictable:0.452
cute:0.43675
first contact:0.43575
magic:0.4055
great ending:0.3965
light:0.39625
destiny:0.3805
feel good movie:0.37525
transformation:0.36875
entirely dialogue:0.36825
runaway:0.358
special effects:0.35775
touching:0.35075
great:0.33725
lone hero:0.336
life philosophy:0.3275
dysfunctional family:0.3255
brutality:0.32075
simple:0.31725
nostalgic:0.31625
culture clash:0.311
redemption:0.30375
slapstick:0.30075
harsh:0.29925
earnest:0.29325
bad plot:0.29
cute!:0.28325
stereotypes:0.28175
pornography:0.281
unusual plot structure:0.2805
chase:0.2805
small town:0.2785
solitude:0.27675
storytelling:0.276
fight scenes:0.2755
not funny:0.2715
single father:0.271
chocolate:0.27
drama:0.26
silly fun:0.2575
good:0.25675
visually appealing:0.25625
good soundtrack:0.255
melancholic:0.25475
animal movie:0.252
happy ending:0.2475
death:0.246
adaptation:0.2455
overrated:0.24125
family drama:0.24125
science:0.24025
loneliness:0.24
adoption:0.23775
police investigation:0.2375
emotional:0.23525
fun movie:0.233
greed:0.2325
special:0.2305
franchise:0.2305
crude humor:0.2275
vengeance:0.2255
whimsical:0.2195
parenthood:0.21875
unfunny:0.21625
doctors:0.216
humanity:0.216
pg-13:0.213
sappy:0.21225
adventure:0.21125
silly:0.20825
ethnic conflict:0.20625
dreamlike:0.2045
bullying:0.2015
island:0.201
so bad it's funny:0.2
quirky:0.1995
adapted from:book:0.198
unlikely friendships:0.19775
very funny:0.19775
gangsters:0.197
