adapted from:book:0.78375
rock and roll:0.765
original:0.7375
violence:0.67875
adaptation:0.676
new orleans:0.66775
runaway:0.6425
gangsters:0.63525
great:0.60175
story:0.58125
high school:0.55575
musical:0.5385
mentor:0.5365
based on a book:0.53325
family:0.5285
fun movie:0.527
greed:0.5195
school:0.49325
harsh:0.49075
great ending:0.485
death:0.48075
cinematography:0.4755
family drama:0.475
unusual plot structure:0.45275
childhood:0.45125
music:0.4495
good:0.44875
great movie:0.436
las vegas:0.43475
catastrophe:0.425
excellent:0.424
dialogue:0.4205
good music:0.4185
dramatic:0.4135
mob:0.40725
gritty:0.40425
oscar winner:0.40125
predictable:0.396
fantasy world:0.39275
alter ego:0.39175
adolescence:0.389
great acting:0.38825
based on book:0.3865
gangster:0.38175
stylized:0.38125
corruption:0.375
not funny:0.37325
brutality:0.3685
oscar:0.36825
redemption:0.36425
storytelling:0.3635
chase:0.3615
bullying:0.359
good acting:0.353
bad ending:0.3525
censorship:0.35025
lone hero:0.348
imdb top 250:0.3465
allegory:0.34275
crime gone awry:0.34
happy ending:0.33975
good soundtrack:0.3365
weapons:0.33525
justice:0.3345
silly fun:0.3305
kids:0.32925
film noir:0.32925
sexy:0.32825
betrayal:0.3275
gangs:0.3265
culture clash:0.3235
atmospheric:0.323
pg-13:0.322
crime:0.322
criterion:0.32175
fighting:0.31775
superheroes:0.317
dark hero:0.31525
melancholic:0.315
dysfunctional family:0.3125
fight scenes:0.31125
grindhouse:0.3035
transformation:0.3025
bad plot:0.30175
life philosophy:0.2995
action:0.299
fantasy:0.29175
fun:0.29125
awesome soundtrack:0.289
suspense:0.287
visually appealing:0.2855
light:0.28525
first contact:0.28325
nocturnal:0.28125
science fiction:0.27975
rebellion:0.27975
life & death:0.279
vengeance:0.2715
special effects:0.264
excellent script:0.26325
