train:0.9515
action:0.9495
fast paced:0.90525
chase:0.9035
trains:0.8865
good action:0.86925
action packed:0.83125
catastrophe:0.81425
suspense:0.807
runaway:0.79975
based on true story:0.7945
based on a true story:0.78375
plot:0.77625
true story:0.765
happy ending:0.76475
big budget:0.74275
pg-13:0.70675
realistic action:0.70175
disaster:0.6875
mentor:0.68475
exciting:0.67725
survival:0.66925
dialogue:0.664
original:0.65825
story:0.61975
natural disaster:0.6175
intense:0.61675
suspenseful:0.61625
predictable:0.61575
fight scenes:0.5995
plot holes:0.5855
entertaining:0.57125
good:0.56375
great ending:0.562
conspiracy:0.55125
tom clancy:0.5445
explosions:0.51775
better than expected:0.51075
first contact:0.50475
courage:0.48325
special effects:0.4785
lone hero:0.4755
so bad it's funny:0.475
thriller:0.47275
bad cgi:0.46825
car chase:0.46525
assassination:0.465
technology:0.45775
revenge:0.43725
good soundtrack:0.4315
cinematography:0.4295
secrets:0.4275
sacrifice:0.41275
cool:0.4105
twists & turns:0.4045
corruption:0.399
betrayal:0.3935
destiny:0.39275
weapons:0.3895
bad acting:0.37775
silly:0.376
good acting:0.37425
not funny:0.36875
culture clash:0.36425
cgi:0.36125
cars:0.361
superheroes:0.36025
absurd:0.35725
unrealistic:0.3525
life & death:0.3475
bad plot:0.346
fun movie:0.34375
drama:0.34025
storytelling:0.33975
life philosophy:0.33975
girlie movie:0.33625
allegory:0.333
racing:0.33225
dramatic:0.32725
end of the world:0.32525
idiotic:0.32375
great:0.317
family:0.31525
transformation:0.312
murder:0.31175
visual:0.309
stereotypes:0.30825
vengeance:0.3075
redemption:0.30725
fun:0.305
entirely dialogue:0.30425
beautiful scenery:0.30325
sci fi:0.303
brutality:0.29775
silly fun:0.2955
futuristic:0.29425
classic car:0.29375
secret service:0.293
spying:0.2925
police investigation:0.291
