action:0.98975
good action:0.989
good sequel:0.9685
action packed:0.9535
sequel:0.945
explosions:0.9415
vengeance:0.92575
sequels:0.923
chase:0.91375
airport:0.87625
gunfight:0.85675
intense:0.83625
good:0.8315
big budget:0.828
terrorism:0.78925
original:0.77475
franchise:0.774
lone hero:0.77325
violence:0.7645
fast paced:0.7625
tense:0.7475
fighting:0.7325
fun movie:0.696
suspense:0.68575
original plot:0.66775
exciting:0.66375
mentor:0.64075
suspenseful:0.63825
thriller:0.63375
pg-13:0.6195
weapons:0.609
entertaining:0.60275
fight scenes:0.5975
dialogue:0.59475
revenge:0.59
70mm:0.589
cool:0.58
great:0.576
series:0.57225
adventure:0.5715
catastrophe:0.56825
runaway:0.56075
great ending:0.5595
aviation:0.545
crappy sequel:0.5435
special effects:0.54175
dynamic cgi action:0.53675
destiny:0.521
plot:0.5205
great movie:0.5175
christmas:0.51
predictable:0.4965
immortality:0.4875
corruption:0.48
very good:0.472
los angeles:0.46475
story:0.45975
survival:0.45875
violent:0.4565
california:0.45525
justice:0.45425
culture clash:0.454
claustrophobic:0.44875
guns:0.44725
plot holes:0.447
suprisingly clever:0.41825
conspiracy:0.416
dark hero:0.41425
bad sequel:0.4135
trilogy:0.413
buddy movie:0.412
car chase:0.408
natural disaster:0.3955
twists & turns:0.3945
forceful:0.3925
fun:0.3895
redemption:0.38725
beautiful scenery:0.385
police:0.37675
not funny:0.37675
brutality:0.3755
not as good as the first:0.3755
good soundtrack:0.3735
transformation:0.3695
saturn award (best special effects):0.368
foul language:0.36425
silly:0.36225
excellent:0.3605
realistic action:0.35925
underrated:0.35925
very funny:0.35325
plot twist:0.353
clever:0.35
honest:0.3485
greed:0.3485
life philosophy:0.3385
betrayal:0.338
time:0.335
nudity (full frontal - brief):0.33375
goofy:0.3335
