funniest movies:0.98975
comedy:0.9875
road trip:0.975
goofy:0.9635
hilarious:0.951
saturday night live:0.94475
quotable:0.93375
funny:0.93275
dumb but funny:0.9225
very funny:0.92225
dumb:0.8755
sarcasm:0.83275
stupidity:0.81275
idiotic:0.76275
slapstick:0.7395
humorous:0.706
great movie:0.6985
road movie:0.69825
humor:0.697
great:0.692
buddy movie:0.689
beer:0.687
funny as hell:0.68175
silly fun:0.669
original:0.6395
highly quotable:0.63675
suprisingly clever:0.61325
classic car:0.597
vengeance:0.59275
crude humor:0.59125
stupid:0.59
chase:0.54
hillarious:0.53625
life & death:0.53175
silly:0.52575
stand-up comedy:0.52475
great ending:0.52025
dialogue:0.51225
stupid as hell:0.50575
pg-13:0.50575
good:0.50275
stoner movie:0.49475
storytelling:0.468
mentor:0.464
catastrophe:0.446
father son relationship:0.4425
classic:0.4385
cars:0.434
story:0.4335
fun movie:0.41575
death:0.41275
comic:0.407
cult classic:0.4025
fun:0.401
transformation:0.39075
absurd:0.39
nerds:0.385
talky:0.381
good soundtrack:0.3745
imdb top 250:0.373
twists & turns:0.34925
lone hero:0.34925
drinking:0.34875
screwball:0.33625
fight scenes:0.33275
destiny:0.3305
culture clash:0.32725
brutality:0.3245
unfunny:0.32325
unusual plot structure:0.32325
amy smart:0.322
runaway:0.3195
weapons:0.3185
off-beat comedy:0.317
clever:0.31475
childhood:0.313
adaptation:0.31225
greed:0.311
predictable:0.31
creativity:0.304
redemption:0.30375
light:0.301
happy ending:0.301
pornography:0.2985
visually appealing:0.297
parody:0.2955
so bad it's funny:0.29525
weed:0.29225
con artists:0.29175
good action:0.29075
visual:0.29025
fantasy world:0.28675
cult film:0.286
life philosophy:0.28325
crazy:0.28275
farce:0.2825
awesome:0.28175
ninja:0.276
harsh:0.27575
first contact:0.275
