suspenseful:0.96175
remake:0.94675
hitchcock:0.91075
murder:0.90775
twists & turns:0.8955
suspense:0.89325
thriller:0.887
cheating:0.86325
police investigation:0.86
tense:0.8435
greed:0.84125
murder mystery:0.81925
based on a play:0.78625
good:0.776
original:0.776
plot:0.76575
plot twist:0.76525
crime:0.7435
twist ending:0.71275
betrayal:0.70475
secrets:0.703
plot holes:0.69575
detective:0.67425
catastrophe:0.66925
twist:0.6505
chase:0.6455
adultery:0.6405
assassin:0.6225
revenge:0.614
con artists:0.6075
clever:0.6065
corruption:0.604
interesting:0.604
good acting:0.59675
manipulation:0.587
sexy:0.57125
great ending:0.569
alternate endings:0.5525
conspiracy:0.54775
psychological:0.532
predictable:0.52375
very interesting:0.518
stylish:0.51025
mentor:0.509
infidelity:0.50775
investigation:0.50225
marriage:0.5015
great acting:0.50025
great:0.49825
intense:0.49725
excellent:0.47625
dialogue:0.47525
bad ending:0.474
complicated plot:0.47075
serial killer:0.468
lawyer:0.4505
destiny:0.44225
mystery:0.43475
pg-13:0.432
runaway:0.4265
divorce:0.422
nudity (full frontal - brief):0.421
entertaining:0.41825
justice:0.41775
first contact:0.402
story:0.40125
identity:0.39325
natural disaster:0.393
very good:0.3895
suprisingly clever:0.38425
exciting:0.37725
surveillance:0.37375
pornography:0.373
complicated:0.3725
complex:0.3705
vengeance:0.37025
better than expected:0.36375
criterion:0.36125
great movie:0.35975
not funny:0.356
artistic:0.35425
heist:0.339
storytelling:0.3345
assassination:0.33325
internet:0.32925
unusual plot structure:0.32575
good soundtrack:0.3215
claustrophobic:0.32125
passionate:0.317
conspiracy theory:0.31625
culture clash:0.31625
drama:0.31
courtroom:0.30875
happy ending:0.307
adaptation:0.3055
spying:0.3045
girlie movie:0.304
nudity (topless - notable):0.30225
moral ambiguity:0.30125
brutality:0.2985
