spelling bee:0.9995
documentary:0.96375
very interesting:0.90975
competition:0.878
new york:0.81075
fun movie:0.80375
intellectual:0.8
interesting:0.78575
entertaining:0.77825
nerds:0.74175
original:0.73775
witty:0.72425
pornography:0.70075
unlikely friendships:0.65175
best of 2005:0.6425
intelligent:0.6315
obsession:0.61675
corruption:0.61475
fun:0.61175
mentor:0.61
pg-13:0.60675
politics:0.60425
geeks:0.59925
great:0.59775
feel-good:0.59075
clever:0.59
passionate:0.5855
good:0.57825
great ending:0.5775
life philosophy:0.577
heartwarming:0.56775
adapted from:book:0.55125
good soundtrack:0.549
love:0.5415
greed:0.5415
eccentricity:0.5385
oscar (best actress):0.53825
feel good movie:0.532
honest:0.53025
pg:0.521
movielens top pick:0.5185
underdog:0.51675
social commentary:0.50825
california:0.508
relationships:0.5065
humor:0.50375
narrated:0.50325
oscar (best supporting actress):0.4955
educational:0.49425
cerebral:0.49325
quirky:0.49275
destiny:0.482
geek:0.481
talky:0.47475
great movie:0.474
runaway:0.47325
potential oscar nom:0.46725
prejudice:0.467
light:0.46575
humorous:0.455
based on book:0.45225
oscar (best directing):0.45125
suspense:0.45125
catastrophe:0.45
storytelling:0.44925
very good:0.44725
art:0.44475
suprisingly clever:0.44075
drama:0.4395
history:0.43225
artistic:0.4235
betrayal:0.419
propaganda:0.418
original plot:0.41375
creativity:0.41325
dialogue:0.412
twists & turns:0.409
cool:0.4085
intimate:0.40725
great acting:0.40225
excellent script:0.40225
depression:0.4
touching:0.3995
awesome soundtrack:0.39675
unusual plot structure:0.396
funny:0.3955
fast paced:0.392
culture clash:0.39075
assassination:0.38975
adaptation:0.38225
friendship:0.3805
story:0.3805
oscar (best writing - screenplay written directly for the screen):0.37975
highly quotable:0.379
love story:0.37825
affectionate:0.37775
time:0.377
addiction:0.376
biographical:0.37575
censorship:0.37525
