tense:0.9655
suspense:0.95675
suspenseful:0.9545
thriller:0.91225
serial killer:0.90875
psychological:0.903
road movie:0.8925
chase:0.87375
intense:0.87225
gunfight:0.8675
violence:0.86225
violent:0.85125
great ending:0.8505
creepy:0.84075
cult film:0.814
psychology:0.809
ominous:0.797
cult classic:0.79475
murder:0.7935
brutality:0.78025
supernatural:0.771
claustrophobic:0.75375
original:0.74625
horror:0.74525
visceral:0.745
survival:0.73125
twists & turns:0.72625
mentor:0.72275
california:0.714
vengeance:0.7035
cars:0.6875
enigmatic:0.68025
hit men:0.6795
disturbing:0.6695
downbeat:0.66425
gory:0.65275
atmospheric:0.628
desert:0.62125
great movie:0.619
revenge:0.615
fast paced:0.606
good soundtrack:0.596
twist:0.5955
brutal:0.59425
dark:0.59375
scary:0.592
underrated:0.5855
frightening:0.5855
splatter:0.57975
great:0.57775
paranoid:0.5775
obsession:0.57625
stylish:0.5745
interesting:0.5695
cinematography:0.55425
harsh:0.54825
great acting:0.5455
runaway:0.545
texas:0.5395
police investigation:0.5365
dialogue:0.53425
weird:0.5305
gruesome:0.52675
bloody:0.517
action:0.51375
insanity:0.51075
allegory:0.50675
realistic action:0.504
nudity (full frontal - notable):0.49975
paranoia:0.49875
greed:0.495
road trip:0.4945
80s:0.49125
death:0.49125
alternate endings:0.48875
pornography:0.4825
classic:0.4795
good:0.47475
sexualized violence:0.46775
classic car:0.464
storytelling:0.46325
corruption:0.46275
hitman:0.4555
complex:0.443
secrets:0.44225
kidnapping:0.441
mystery:0.44075
blood:0.436
plot twist:0.4355
life & death:0.4335
plot holes:0.43
car chase:0.42975
cult:0.4275
eerie:0.42275
surreal:0.42275
nudity (topless - notable):0.42175
bad ending:0.4195
catastrophe:0.417
suprisingly clever:0.41675
twist ending:0.4145
