series:0.825
original:0.80625
murder mystery:0.76125
murder:0.74975
franchise:0.748
dialogue:0.71425
nostalgic:0.654
sarcasm:0.65175
fun:0.63675
alternate universe:0.63625
pg-13:0.62425
based on a tv show:0.6185
great ending:0.60625
product placement:0.59975
plot:0.5875
good soundtrack:0.57325
witty:0.568
high school:0.51325
sexy:0.50625
pornography:0.50275
teen:0.5015
mentor:0.4805
television:0.47925
adaptation:0.478
storytelling:0.46425
predictable:0.461
cool:0.4585
teen movie:0.458
story:0.4475
catastrophe:0.445
police investigation:0.441
obsession:0.4365
great:0.43575
intense:0.42125
shallow:0.41575
entirely dialogue:0.4155
clever:0.41225
memory:0.4045
happy ending:0.402
corruption:0.3915
made for tv:0.39025
surveillance:0.383
parody:0.3825
crime:0.38175
destiny:0.3805
brutality:0.37625
drama:0.37575
mystery:0.3745
awesome soundtrack:0.36475
dark hero:0.36125
quotable:0.3605
detective:0.35975
twists & turns:0.357
apocalypse:0.35325
narrated:0.34875
absurd:0.34625
justice:0.3425
relationships:0.3405
investigation:0.33925
suspense:0.338
addiction:0.33175
reality tv:0.32975
california:0.328
superheroes:0.3275
nostalgia:0.327
harsh:0.3245
lone hero:0.3245
lawyer:0.32325
very interesting:0.322
light:0.3185
revenge:0.31775
sacrifice:0.31725
family:0.316
love:0.31475
betrayal:0.31425
visually appealing:0.3135
complex:0.30825
childhood:0.3075
vengeance:0.307
good:0.30425
melancholic:0.30425
doctors:0.30075
secrets:0.30025
chase:0.2995
action:0.2975
entertaining:0.29725
runaway:0.29575
nocturnal:0.2955
not funny:0.29525
british:0.2945
culture clash:0.2935
school:0.29325
dystopia:0.29075
interesting:0.28625
romance:0.28625
social commentary:0.283
love triangles:0.2825
affectionate:0.28225
exciting:0.28225
life philosophy:0.28225
