animation:0.936
goofy:0.92475
cartoon:0.90525
kids and family:0.86125
silly fun:0.84325
based on a tv show:0.81025
original:0.80775
funny as hell:0.7955
hilarious:0.785
weird:0.75475
humorous:0.73125
stupidity:0.6765
parody:0.6705
television:0.63575
series:0.61675
humor:0.58975
sarcasm:0.57325
kids:0.56925
funny:0.55825
surreal:0.534
computer animation:0.5335
very funny:0.5285
crude humor:0.5045
dialogue:0.50425
fun movie:0.502
pornography:0.50125
silly:0.495
censorship:0.471
great ending:0.47
clever:0.459
franchise:0.44975
absurd:0.44775
children:0.44675
catastrophe:0.44125
good soundtrack:0.438
adventure:0.43725
fun:0.43
sexualized violence:0.42075
reality tv:0.40675
brutality:0.40075
pointless:0.40025
adaptation:0.39875
storytelling:0.381
great:0.37875
family:0.37775
whimsical:0.37175
saturday night live:0.371
melancholic:0.371
stupid:0.36775
highly quotable:0.36725
death:0.36625
animated:0.36375
idiotic:0.35075
good:0.35
obsession:0.3485
mentor:0.3475
police investigation:0.34575
slapstick:0.345
dumb but funny:0.3395
overrated:0.338
cult classic:0.32925
fantasy world:0.32625
creativity:0.32525
stylized:0.323
quotable:0.32075
criterion:0.3145
writers:0.313
violent:0.313
hit men:0.31225
redemption:0.308
story:0.302
nudity (full frontal - brief):0.29875
unusual plot structure:0.29625
life philosophy:0.29575
cult film:0.293
entirely dialogue:0.29275
crazy:0.29025
great movie:0.29
stoner movie:0.28675
childhood:0.2865
imdb top 250:0.2845
quirky:0.28325
comedy:0.283
predictable:0.28175
special:0.281
violence:0.2805
vengeance:0.28
bizarre:0.27925
visually appealing:0.279
road movie:0.27825
talking animals:0.276
entertaining:0.272
runaway:0.269
so bad it's funny:0.26825
crime gone awry:0.26725
grindhouse:0.266
stupid as hell:0.26525
pg:0.2645
awesome soundtrack:0.264
suprisingly clever:0.25975
