halloween:0.9935
classic:0.966
holiday:0.965
great:0.96375
great movie:0.95725
special:0.93075
cartoon:0.88075
childhood:0.88
fun movie:0.79325
animated:0.77975
animation:0.7775
nostalgic:0.72125
original:0.69975
witty:0.651
great ending:0.634
witch:0.632
runaway:0.619
sweet:0.61675
made for tv:0.611
mentor:0.60475
oscar (best actress):0.60425
affectionate:0.59075
oscar (best supporting actress):0.5895
oscar (best directing):0.5885
children:0.583
witches:0.5825
fantasy world:0.58175
bullying:0.57475
family:0.561
love:0.5325
kids:0.5295
awesome soundtrack:0.5285
criterion:0.5235
light:0.51275
eerie:0.507
short:0.5055
fun:0.50325
quotable:0.50025
destiny:0.5
kids and family:0.49825
musical:0.49475
unusual plot structure:0.47175
based on a play:0.467
dialogue:0.46675
series:0.46275
catastrophe:0.4595
feel-good:0.44625
christmas:0.4455
good soundtrack:0.4415
talky:0.441
obsession:0.43975
good:0.43775
imdb top 250:0.432
story:0.43075
melancholy:0.42825
adapted from:book:0.424
bittersweet:0.42325
melancholic:0.4195
excellent:0.41675
sacrifice:0.41175
cute:0.407
oscar (best effects - visual effects):0.39575
feel good movie:0.39325
gangs:0.393
creativity:0.392
monster:0.38875
whimsical:0.3885
transformation:0.38625
greed:0.386
alter ego:0.383
hilarious:0.382
earnest:0.38075
afi 100 (laughs):0.37925
animals:0.37775
adaptation:0.3765
afi 100 (movie quotes):0.37375
great music:0.3655
clever:0.3655
toys:0.362
stop motion:0.3605
oil:0.3595
oscar (best cinematography):0.3565
good versus evil:0.35575
weird:0.35075
suprisingly clever:0.3485
friendship:0.34625
oscar winner:0.3405
storytelling:0.339
great acting:0.339
highly quotable:0.338
funny:0.336
unlikely friendships:0.33225
beautifully filmed:0.3315
mental illness:0.33125
drinking:0.32975
based on a tv show:0.32775
heartwarming:0.3265
atmospheric:0.326
movielens top pick:0.3245
honest:0.32375
