enigmatic:0.97
artistic:0.95225
meditative:0.946
murder mystery:0.94325
cerebral:0.91475
existentialism:0.893
criterion:0.8835
murder:0.88275
mystery:0.882
london:0.867
photographer:0.8315
loneliness:0.8315
golden palm:0.83
photography:0.82175
melancholic:0.819
innocence lost:0.81725
intimate:0.7905
talky:0.78575
weird:0.779
obsession:0.77425
masterpiece:0.77375
art house:0.76925
art:0.7675
visual:0.754
social commentary:0.74775
visually appealing:0.74525
stylized:0.74
paranoid:0.739
reflective:0.725
atmospheric:0.7225
cinematography:0.70975
dreamlike:0.70525
surveillance:0.6935
voyeurism:0.692
melancholy:0.6845
artist:0.6835
runaway:0.67975
investigation:0.676
pornography:0.675
original:0.66975
pretentious:0.66075
nocturnal:0.65775
psychiatry:0.6365
bleak:0.636
assassination:0.633
police investigation:0.6175
dialogue:0.615
affectionate:0.60875
intellectual:0.60325
metaphysics:0.602
life philosophy:0.59875
surreal:0.59725
artsy:0.595
secrets:0.59
very interesting:0.58975
narrated:0.58875
nudity (full frontal - notable):0.58475
great ending:0.58275
storytelling:0.57475
imdb top 250:0.5725
sexy:0.5715
stylish:0.56075
complex:0.56025
good soundtrack:0.55775
mentor:0.55675
character study:0.55575
visually stunning:0.54875
1960s:0.5475
identity:0.54475
philosophical:0.5395
interesting:0.535
eerie:0.52725
breathtaking:0.52125
erotic:0.51775
allegory:0.51475
tense:0.51325
absurd:0.50925
nudity (full frontal):0.508
twists & turns:0.50625
thriller:0.4955
adultery:0.49075
psychological:0.4815
suprisingly clever:0.48075
entirely dialogue:0.47725
moody:0.474
culture clash:0.46925
colourful:0.46225
non-linear:0.46
black and white:0.45775
slow paced:0.457
downbeat:0.4525
classic:0.45225
conspiracy:0.44775
paranoia:0.446
harsh:0.43925
imagination:0.436
unusual plot structure:0.431
confusing:0.42625
hotel:0.426
solitude:0.4255
