werewolves:0.99875
werewolf:0.99775
dog:0.75225
horror:0.69225
original:0.665
predictable:0.57475
vampire human love:0.546
bad cgi:0.52975
based on a book:0.511
based on book:0.50925
special effects:0.48025
sisters:0.47325
fantasy world:0.46875
dogs:0.4675
scary:0.46275
great ending:0.4555
adaptation:0.44375
nudity (topless - notable):0.4325
monster:0.42175
catastrophe:0.40675
mentor:0.39125
chase:0.38675
horrible:0.38325
bad plot:0.382
life philosophy:0.3785
disaster:0.35525
dysfunctional family:0.35525
vengeance:0.338
brutality:0.3325
bloody:0.33
destiny:0.327
so bad it's funny:0.32675
first contact:0.324
overrated:0.32375
lone hero:0.3225
not funny:0.32125
beautiful scenery:0.30975
family:0.3035
dialogue:0.303
pointless:0.30275
great:0.29975
snakes:0.287
runaway:0.2855
pornography:0.285
writers:0.279
suspense:0.27175
adapted from:book:0.26775
spiders:0.267
grindhouse:0.2645
storytelling:0.26425
natural disaster:0.2595
violence:0.258
pg-13:0.25575
fight scenes:0.2535
death:0.244
teen movie:0.24275
teen:0.24275
bad ending:0.2415
witches:0.23825
stylized:0.23825
solitude:0.237
dreamlike:0.2365
books:0.236
goth:0.234
nocturnal:0.232
boring:0.231
survival:0.23025
greed:0.229
effects:0.22775
unusual plot structure:0.2205
revenge:0.22
nudity (full frontal - brief):0.21925
quirky:0.218
gothic:0.2175
big budget:0.21725
entirely dialogue:0.2165
crude humor:0.213
violent:0.21275
good:0.2125
animals:0.21075
too long:0.20875
irish accent:0.2085
nudity (topless):0.20825
exceptional acting:0.208
weird:0.2075
fun movie:0.2065
franchise:0.206
criterion:0.205
silly fun:0.205
cult film:0.20475
demons:0.2025
good soundtrack:0.1985
cult classic:0.1955
drama:0.1945
pulp:0.193
intense:0.19125
action:0.19125
suspenseful:0.19125
satirical:0.191
ensemble cast:0.19075
