assassin:0.99725
tense:0.99525
assassination:0.98825
suspenseful:0.9735
suspense:0.962
adapted from:book:0.946
thriller:0.9445
assassins:0.94325
police investigation:0.94275
surveillance:0.92025
secret service:0.89475
conspiracy:0.8945
espionage:0.885
tom clancy:0.87625
interesting:0.875
twists & turns:0.86975
france:0.8675
chase:0.8635
secrets:0.83625
original:0.81625
hit men:0.812
stylish:0.80775
excellent:0.8075
based on book:0.807
identity:0.80625
imdb top 250:0.80125
complex:0.786
spying:0.786
dramatic:0.783
fast paced:0.7745
great ending:0.76575
enigmatic:0.764
murder:0.76075
great acting:0.7605
runaway:0.751
good acting:0.749
complicated:0.735
story:0.73125
corruption:0.7255
masterpiece:0.7245
investigation:0.72275
oscar (best directing):0.72175
criterion:0.7215
cinematography:0.7215
clever:0.7195
weapons:0.71625
tricky:0.71175
intense:0.71025
exciting:0.709
president:0.69925
spy:0.68475
storytelling:0.68175
dialogue:0.68125
paranoia:0.6755
forceful:0.6725
beautiful scenery:0.67225
based on a book:0.65975
adaptation:0.65825
political:0.65025
visually appealing:0.64875
classic:0.64675
plot:0.64175
betrayal:0.63875
detective:0.6385
greed:0.63525
cerebral:0.635
visceral:0.628
french:0.623
politics:0.62225
suprisingly clever:0.6175
twist ending:0.611
good:0.61
oscar (best actress):0.602
paranoid:0.602
hitman:0.60125
twist:0.59725
realistic action:0.597
atmospheric:0.5965
great cinematography:0.59425
intelligent:0.5875
visual:0.58675
1970s:0.58225
excellent script:0.58025
claustrophobic:0.5765
talky:0.57075
mentor:0.566
drama:0.56525
great movie:0.562
brainwashing:0.55875
imagination:0.558
psychological:0.5515
catastrophe:0.55025
crime:0.54975
unusual plot structure:0.54625
plot twist:0.5435
period piece:0.54225
foreign:0.5325
pornography:0.53125
historical:0.53
obsession:0.52775
