original:0.921
creativity:0.8835
quirky:0.841
whimsical:0.78575
new jersey:0.72275
visually appealing:0.6835
off-beat comedy:0.67575
feel-good:0.63625
mentor:0.63375
heartwarming:0.63175
comedy:0.5805
weird:0.54
destiny:0.51775
great ending:0.51675
cult film:0.47
good soundtrack:0.468
storytelling:0.46575
dialogue:0.46175
life philosophy:0.4615
cerebral:0.45925
goofy:0.459
feel good movie:0.43925
very funny:0.42475
jazz:0.413
affectionate:0.406
clever:0.40425
grindhouse:0.3965
technology:0.39225
independent film:0.38975
catastrophe:0.38975
absurd:0.37725
adaptation:0.3745
funny:0.3715
unfunny:0.36475
visual:0.35325
greed:0.351
allegory:0.35
social commentary:0.3475
fun movie:0.34325
bittersweet:0.336
so bad it's funny:0.3355
story:0.3325
predictable:0.3315
melancholic:0.3315
brutality:0.3175
complex:0.315
talky:0.31475
harsh:0.31425
unlikely friendships:0.31275
entirely dialogue:0.31275
culture clash:0.31
touching:0.31
existentialism:0.30975
runaway:0.30675
nostalgic:0.30525
dysfunctional family:0.30375
writers:0.30075
great:0.298
pornography:0.29775
fantasy world:0.29375
criterion:0.2935
magic realism:0.29275
stupidity:0.29275
cult classic:0.29125
segregation:0.28925
surreal:0.28575
eccentricity:0.28525
stereotypes:0.2805
not funny:0.27725
redemption:0.27525
vengeance:0.27425
drama:0.27425
loneliness:0.26725
silly:0.264
entertaining:0.26375
low budget:0.26325
imagination:0.26125
pointless:0.261
twists & turns:0.26075
transformation:0.26075
bad ending:0.26025
first contact:0.255
stylized:0.253
light:0.25175
sci fi:0.2515
indie:0.25125
intellectual:0.25075
fun:0.25025
black comedy:0.2495
justice:0.242
thought-provoking:0.242
splatter:0.24025
pg-13:0.238
life & death:0.23525
good dialogue:0.23475
visually stunning:0.234
passionate:0.23275
good:0.23225
imdb top 250:0.23175
art:0.231
