criterion:0.98725
amazing photography:0.9775
affectionate:0.959
visual:0.92075
meditative:0.89575
holiday:0.8845
hotel:0.88075
france:0.87025
humorous:0.869
stylized:0.8615
talky:0.85125
masterpiece:0.8415
melancholy:0.834
silent:0.83325
imdb top 250:0.81875
enigmatic:0.81325
comedy:0.8115
cinematography:0.799
cerebral:0.78475
light:0.78125
visually appealing:0.7665
black and white:0.7595
runaway:0.74525
dialogue:0.73975
french:0.7355
original:0.72925
beautifully filmed:0.7235
melancholic:0.7085
wistful:0.691
classic:0.68175
scenic:0.68
social commentary:0.6755
wine:0.6645
weird:0.65025
witty:0.643
nostalgic:0.63775
hilarious:0.63075
clever:0.62675
cult film:0.62375
dreamlike:0.6225
unusual plot structure:0.61975
funny:0.61775
paris:0.6125
suprisingly clever:0.60625
atmospheric:0.6025
visually stunning:0.59975
slapstick:0.59
nocturnal:0.58675
breathtaking:0.5825
catastrophe:0.57375
humor:0.57175
golden palm:0.57
narrated:0.5675
absurd:0.56675
allegory:0.5565
storytelling:0.55525
1930s:0.55475
great ending:0.55225
reflective:0.54625
culture clash:0.538
adapted from:book:0.536
oscar (best foreign language film):0.52075
whimsical:0.5155
surreal:0.50375
photography:0.49775
colourful:0.496
imagination:0.4945
life philosophy:0.48375
perfect:0.47975
entirely dialogue:0.478
queer:0.47675
intimate:0.4765
artistic:0.47525
off-beat comedy:0.474
childhood:0.472
chase:0.46525
very funny:0.4635
oscar (best directing):0.463
quotable:0.45725
farce:0.45625
story:0.45575
no plot:0.446
stunning:0.4325
tense:0.43125
complex:0.42575
existentialism:0.42475
male nudity:0.411
satire:0.403
amazing cinematography:0.40225
unfunny:0.40225
creativity:0.3985
beautiful scenery:0.39125
visuals:0.39075
funniest movies:0.38975
british:0.38875
bleak:0.3885
oscar (best actress):0.38775
loneliness:0.3765
harsh:0.37275
cynical:0.36675
