small town:0.9655
social commentary:0.94325
powerful ending:0.93375
narrated:0.92125
golden palm:0.916
allegory:0.91125
art house:0.883
greed:0.8675
weird:0.8565
storytelling:0.85525
secrets:0.8515
dark:0.847
humanity:0.80325
enigmatic:0.795
philosophical:0.79075
original:0.786
masterpiece:0.77075
great acting:0.7645
bleak:0.76175
intellectual:0.7565
cinematography:0.748
cerebral:0.74225
thought-provoking:0.74125
harsh:0.739
sexualized violence:0.73825
rape:0.73725
drama:0.7295
complex:0.7245
morality:0.72325
talky:0.72225
breathtaking:0.719
psychological:0.709
interesting:0.702
political:0.6935
visually appealing:0.689
artsy:0.678
great ending:0.676
corruption:0.6715
very interesting:0.67025
brutality:0.669
betrayal:0.66425
disturbing:0.66375
stylized:0.66075
depressing:0.659
reflective:0.65175
visual:0.64925
1930s:0.6475
criterion:0.6415
psychology:0.617
long:0.61475
good acting:0.6145
loneliness:0.6045
good soundtrack:0.60225
strange:0.602
controversial:0.60025
sacrifice:0.5845
pretentious:0.58
plot:0.57375
paranoia:0.5715
independent film:0.57125
catastrophe:0.56975
philosophy:0.5695
imdb top 250:0.56675
imagination:0.562
dialogue:0.56075
clever:0.5595
twists & turns:0.55175
visually stunning:0.55075
gangsters:0.54475
justice:0.537
tragedy:0.53325
claustrophobic:0.52425
art:0.5165
pornography:0.5125
life philosophy:0.51175
intelligent:0.508
depression:0.50625
vengeance:0.502
obsession:0.50075
existentialism:0.498
good:0.4965
artistic:0.49375
idealism:0.491
dramatic:0.489
alternate endings:0.4865
complicated:0.48425
redemption:0.4805
nonlinear:0.47975
twist ending:0.4775
unusual plot structure:0.4775
absurd:0.477
visceral:0.47
twist:0.46975
suprisingly clever:0.46925
downbeat:0.46675
nudity (full frontal - notable):0.46625
melancholic:0.4645
prejudice:0.46025
censorship:0.458
off-beat comedy:0.45775
