baseball:0.91
sports:0.87825
original:0.66425
monkey:0.63475
predictable:0.55225
disaster:0.461
mentor:0.43175
family:0.42875
so bad it's funny:0.4185
horrible:0.3865
catastrophe:0.383
bad plot:0.381
dialogue:0.36175
special effects:0.333
inspirational:0.33175
goofy:0.33125
childhood:0.3225
pg-13:0.31725
brutality:0.306
writers:0.30375
slapstick:0.30375
life philosophy:0.2985
greed:0.298
children:0.297
first contact:0.297
fantasy world:0.296
satirical:0.29375
unfunny:0.2915
fun:0.28975
great:0.28725
overrated:0.287
not funny:0.287
pointless:0.28425
adaptation:0.28325
great ending:0.27175
destiny:0.271
suburbia:0.2695
farce:0.25825
culture clash:0.2565
storytelling:0.2555
boston:0.24875
natural disaster:0.247
hospital:0.2445
redemption:0.2445
very funny:0.24375
satire:0.242
lone hero:0.24125
fun movie:0.237
cult film:0.23125
cartoon:0.23125
entirely dialogue:0.22925
crude humor:0.22825
clever:0.22375
football:0.22225
basketball:0.219
mad scientist:0.21825
based on a book:0.218
unlikely friendships:0.2155
runaway:0.2135
silly:0.21275
factual:0.21175
good soundtrack:0.211
fight scenes:0.211
silly fun:0.2105
unusual plot structure:0.2095
vengeance:0.209
cinematography:0.20875
quirky:0.2035
animals:0.20325
adapted from:book:0.2
nocturnal:0.19875
feel-good:0.19825
awful:0.19675
dreamlike:0.1965
melancholic:0.19475
big budget:0.194
competition:0.19325
chase:0.193
nudity (full frontal - brief):0.1905
comedy:0.1905
underdog:0.19
absurd:0.18725
cheesy:0.1855
happy ending:0.184
too long:0.18325
feel good movie:0.1815
death:0.17925
police investigation:0.179
camp:0.17825
story:0.17725
gangsters:0.17675
nudity (full frontal - notable):0.1745
queer:0.174
weird:0.17325
bad ending:0.17
boring:0.17
transformation:0.16925
surreal:0.16925
criterion:0.16725
shallow:0.16725
