hitchcock:0.99875
assassination:0.94825
criterion:0.944
kidnapping:0.9355
suspense:0.90375
tense:0.902
talky:0.8295
secrets:0.82925
murder:0.825
assassin:0.8195
spying:0.81425
suspenseful:0.80825
original:0.78725
espionage:0.76675
thriller:0.765
assassins:0.7635
spy:0.74275
gunfight:0.735
conspiracy:0.733
police investigation:0.7225
clever:0.7205
british:0.69025
oscar (best actress):0.6855
runaway:0.68275
london:0.66675
corruption:0.666
fast paced:0.6585
chase:0.65725
twists & turns:0.64675
great ending:0.6385
foreign:0.63625
complex:0.629
enigmatic:0.623
black and white:0.61575
obsession:0.614
witty:0.6115
cinematography:0.60925
england:0.6045
classic:0.6035
pornography:0.60075
interesting:0.59425
dialogue:0.58
very interesting:0.58
atmospheric:0.57425
masterpiece:0.574
complicated:0.56975
greed:0.56725
suprisingly clever:0.55275
silent:0.55175
betrayal:0.551
1930s:0.53225
spies:0.53075
plot:0.524
good:0.522
unusual plot structure:0.5195
adapted from:book:0.5065
oscar (best directing):0.5025
violent:0.5
culture clash:0.493
vengeance:0.4905
remade:0.49
good acting:0.4895
light:0.478
film noir:0.4765
twist ending:0.476
crime:0.47425
hotel:0.47275
identity:0.47275
great:0.47
oscar (best supporting actress):0.4685
imdb top 250:0.468
narrated:0.4585
brutality:0.45775
beautiful scenery:0.45475
story:0.45425
visual:0.45275
absurd:0.4405
adaptation:0.4405
catastrophe:0.43675
very good:0.43275
paranoia:0.4295
investigation:0.4265
nudity (full frontal - brief):0.425
stylish:0.421
sexy:0.42
psychological:0.41875
dramatic:0.41825
great movie:0.40975
storytelling:0.409
remake:0.40775
golden palm:0.40525
alternate endings:0.401
mentor:0.3985
paranoid:0.39825
mystery:0.3975
based on a play:0.397
visually appealing:0.39525
plot twist:0.395
justice:0.3895
guilt:0.387
