goretastic:1.0
horror:0.996
splatter:0.98475
remake:0.979
gore:0.95375
mutants:0.94575
violence:0.942
gory:0.93875
cannibalism:0.91525
brutality:0.9075
gruesome:0.90425
bloody:0.88925
sexualized violence:0.8765
original:0.87525
brutal:0.87175
rape:0.82925
blood:0.8245
visceral:0.81875
creepy:0.809
survival:0.77975
disturbing:0.779
scary:0.76175
gratuitous violence:0.74575
suspense:0.7245
violent:0.71
intense:0.6765
pointless:0.6575
family:0.64375
desert:0.64175
torture:0.62825
cult classic:0.611
slasher:0.6055
predictable:0.598
cult film:0.58225
zombie:0.57
revenge:0.5675
weapons:0.55525
grindhouse:0.55075
dysfunctional family:0.54975
graphic novel:0.54075
monster:0.5395
so bad it's funny:0.52425
stranded:0.49275
bad cgi:0.48025
great ending:0.44575
vengeance:0.44475
mentor:0.43625
pornography:0.429
tense:0.42775
serial killer:0.4275
good soundtrack:0.4235
horrible:0.422
hard to watch:0.41875
catastrophe:0.41625
road movie:0.40325
bad ending:0.403
idiotic:0.401
family drama:0.39975
transformation:0.39825
death:0.39425
suspenseful:0.38925
monsters:0.389
dialogue:0.3885
great movie:0.388
goofy:0.386
murder:0.381
stereotypes:0.3765
harsh:0.3715
bad acting:0.36925
claustrophobic:0.36875
chase:0.3625
good:0.354
adaptation:0.35375
stupid:0.3525
not funny:0.34975
effects:0.34225
apocalypse:0.3415
fight scenes:0.34075
twist ending:0.33925
great:0.33825
demons:0.3375
overrated:0.3325
stylized:0.32475
first contact:0.3225
nudity (full frontal - brief):0.3215
insanity:0.319
adapted from:game:0.318
macabre:0.31725
storytelling:0.3165
action:0.31625
weird:0.31475
runaway:0.3145
special effects:0.3125
franchise:0.31225
twists & turns:0.3115
atmospheric:0.30875
melancholic:0.308
psychological:0.30775
kidnapping:0.3075
silly fun:0.303
