splatter:0.96725
fantasy:0.93775
demons:0.90125
geeks:0.877
fantasy world:0.8715
cult film:0.801
dark humor:0.80025
gore:0.79775
video game:0.7905
horror:0.744
low budget:0.7245
magic:0.7195
firefly:0.70425
weapons:0.6975
original:0.69575
special effects:0.6925
blood:0.69225
silly fun:0.68975
monster:0.687
fun movie:0.686
gory:0.68575
grindhouse:0.6725
devil:0.645
campy:0.63375
dragons:0.62875
high fantasy:0.625
so bad it's funny:0.62075
cult classic:0.592
bad acting:0.58375
bad cgi:0.56575
transformation:0.56325
brutality:0.5465
geek:0.54275
stoner movie:0.54225
satire:0.52225
fun:0.5125
slasher:0.51175
dialogue:0.51025
nerds:0.509
goofy:0.5055
predictable:0.4955
absurd:0.48375
weird:0.46825
wizards:0.46675
disappointing:0.464
pointless:0.45975
dark comedy:0.45775
great ending:0.444
mentor:0.44125
better than expected:0.435
monsters:0.43
parody:0.4235
mad scientist:0.42175
sarcasm:0.42125
quirky:0.41475
comedy:0.41225
dark fantasy:0.408
video games:0.404
effects:0.39925
teens:0.399
finnish:0.3955
gangsters:0.39525
good soundtrack:0.39275
witches:0.39125
camp:0.38525
scary:0.383
action:0.38125
catastrophe:0.381
cgi:0.3795
silly:0.3745
melancholic:0.37175
humorous:0.3635
awesome soundtrack:0.363
horrible:0.3625
maze:0.3545
supernatural:0.35125
goth:0.34675
pornography:0.34525
parallel universe:0.34525
adaptation:0.343
entirely dialogue:0.331
satirical:0.32725
quotable:0.327
bloody:0.326
black comedy:0.32425
sexualized violence:0.32425
criterion:0.32275
stylized:0.31675
based on a book:0.31
alternate history:0.3095
fairy tale:0.30925
multiple storylines:0.307
writers:0.3065
first contact:0.30525
bad plot:0.30425
adventure:0.303
humor:0.3015
crude humor:0.3015
unusual plot structure:0.2995
death:0.2955
