horror:0.9835
creepy:0.9705
stylish:0.93425
macabre:0.92425
cult classic:0.91425
life & death:0.911
ominous:0.896
weird:0.89225
dark:0.881
gothic:0.87025
supernatural:0.863
grim:0.85325
original:0.84725
grindhouse:0.838
eerie:0.8325
psychological:0.82
death:0.81725
obsession:0.8155
violence:0.813
goth:0.81025
atmospheric:0.807
cult film:0.80275
suspenseful:0.79775
cinematography:0.77375
surreal:0.773
splatter:0.7615
allegory:0.75925
claustrophobic:0.75725
suspense:0.756
adaptation:0.7535
fight scenes:0.74975
low budget:0.7485
nocturnal:0.7445
scary:0.74175
unusual plot structure:0.718
visual:0.71275
based on a book:0.7085
visceral:0.67475
ghosts:0.67275
sexualized violence:0.67275
harsh:0.67125
moody:0.641
demons:0.63175
tense:0.62925
gory:0.623
dark fantasy:0.6195
narrated:0.616
insanity:0.6155
campy:0.6145
stylized:0.609
effects:0.60675
enigmatic:0.597
transformation:0.5905
strange:0.5895
dark hero:0.5875
frightening:0.587
mystery:0.577
dark humor:0.576
visually appealing:0.57475
zombie:0.5735
gunfight:0.564
cult:0.563
twists & turns:0.561
gruesome:0.55825
melancholic:0.55725
solitude:0.555
mad scientist:0.5515
blood:0.54075
disturbing:0.53525
great ending:0.532
great:0.522
monster:0.511
serial killer:0.50825
criterion:0.50625
psychology:0.4985
storytelling:0.496
brutality:0.4945
social commentary:0.4805
memory:0.47975
dreamlike:0.4775
silly:0.47575
dialogue:0.4745
ghosts/afterlife:0.463
mindfuck:0.454
slow paced:0.45225
goofy:0.4515
irreverent:0.45125
beautifully filmed:0.4455
overrated:0.44275
stop motion:0.4405
violent:0.4405
murder:0.43975
good soundtrack:0.43625
not funny:0.4305
quotable:0.43025
story:0.428
black comedy:0.42675
afi 100 (movie quotes):0.41575
colourful:0.40675
parody:0.405
