based on a play:0.97075
adultery:0.95325
england:0.95
british:0.89425
witty:0.894
comedy:0.88225
london:0.8755
pornography:0.8405
oscar (best directing):0.8215
farce:0.80625
secrets:0.80575
light:0.7865
oscar (best actress):0.76775
costume drama:0.75075
nudity (topless - notable):0.7465
infidelity:0.74025
notable nudity:0.72825
police investigation:0.71325
runaway:0.70325
adaptation:0.69475
plot:0.6895
funny:0.68425
drinking:0.67925
oscar (best supporting actress):0.672
irreverent:0.6625
interesting:0.65425
adapted from:book:0.6365
manipulation:0.631
original:0.61525
violence:0.61175
very interesting:0.6115
talky:0.60925
melancholic:0.605
clever:0.605
obsession:0.5935
mystery:0.59025
male nudity:0.58275
fun movie:0.57825
stylized:0.575
stylish:0.57375
idealism:0.566
period piece:0.56075
underrated:0.559
criterion:0.54575
brutality:0.54475
fun:0.54375
social commentary:0.5425
rags to riches:0.5415
oscar (best cinematography):0.5415
tragedy:0.53325
twists & turns:0.52925
british comedy:0.524
gangsters:0.51875
culture clash:0.5145
great ending:0.514
murder mystery:0.512
atmospheric:0.50775
great acting:0.5075
destiny:0.50675
pg-13:0.5055
hilarious:0.50325
harsh:0.5025
cinematography:0.501
drama:0.4995
sexy:0.49675
dialogue:0.49425
nudity (topless - brief):0.4935
affectionate:0.48975
off-beat comedy:0.48725
story:0.4795
biography:0.47875
murder:0.4775
storytelling:0.466
funny as hell:0.466
revenge:0.465
complicated:0.463
mentor:0.463
good soundtrack:0.46075
great:0.4595
dark:0.45925
corruption:0.458
greed:0.4565
1960s:0.45575
nudity (full frontal - brief):0.45125
silly:0.4495
satire:0.44925
passionate:0.44675
historical:0.4445
cerebral:0.4435
tricky:0.44175
women:0.439
quotable:0.436
sexualized violence:0.43425
oscar (best supporting actor):0.431
investigation:0.4245
alter ego:0.42325
betrayal:0.42325
intelligent:0.42175
visually appealing:0.41975
macabre:0.4195
