space:0.99475
franchise:0.99225
space opera:0.98075
science fiction:0.97975
star trek:0.976
sci-fi:0.9715
cloning:0.961
androids:0.9375
series:0.936
first contact:0.932
future:0.92725
sci fi:0.90075
scifi:0.883
big budget:0.8695
special effects:0.84175
aliens:0.82125
based on a tv show:0.807
clones:0.79675
space travel:0.792
action:0.79075
great ending:0.7715
spock:0.7285
original:0.69525
dialogue:0.68875
technology:0.67225
plot:0.66025
sacrifice:0.6505
plot holes:0.62275
sequel:0.60475
bad plot:0.591
weapons:0.584
catastrophe:0.58175
adventure:0.5605
mentor:0.545
dynamic cgi action:0.543
story:0.53025
awesome soundtrack:0.523
futuristic:0.5185
exciting:0.517
trilogy:0.50925
destiny:0.4935
fight scenes:0.493
action packed:0.49
alien:0.4865
parallel universe:0.479
good:0.47525
robots:0.47475
predictable:0.469
pg-13:0.44875
creativity:0.42925
no plot:0.422
visually stunning:0.42075
life philosophy:0.42
good action:0.418
chase:0.4125
visually appealing:0.40325
alternate universe:0.40175
crappy sequel:0.4015
mythology:0.398
bad science:0.3955
great:0.38975
complex:0.3885
spying:0.388
scifi cult:0.38675
storytelling:0.38425
redemption:0.3745
vengeance:0.3705
bad ending:0.36925
fighting:0.366
writers:0.3655
transformation:0.36325
cool:0.35425
cyborgs:0.35
too long:0.348
death:0.34725
entirely dialogue:0.3445
not funny:0.344
end of the world:0.33775
natural disaster:0.33375
script:0.3335
original plot:0.333
cerebral:0.3325
earnest:0.3325
alternate reality:0.33175
star wars:0.3265
genetics:0.32475
intense:0.32375
fantasy world:0.3205
desert:0.32
family drama:0.30925
superheroes:0.309
multiple storylines:0.301
apocalypse:0.2995
saturn award (best special effects):0.29125
pointless:0.291
betrayal:0.2895
culture clash:0.288
secrets:0.28575
mars:0.283
teleportation:0.2825
