relationships:0.98425
romantic comedy:0.98325
sex:0.95475
love story:0.94875
intimate:0.93875
pornography:0.93
original:0.90525
sexual:0.8825
fun movie:0.879
drinking:0.878
chick flick:0.86625
romantic:0.85875
love:0.84025
teen movie:0.8385
feel-good:0.81925
stereotypes:0.81675
drama:0.81225
suspense:0.81075
comedy:0.81
brutality:0.806
cult classic:0.8015
good soundtrack:0.7795
life philosophy:0.77875
women:0.75175
creepy:0.74775
psychology:0.74375
sexualized violence:0.73925
indie:0.7305
sexy:0.7295
nudity (full frontal - notable):0.7285
romance:0.71075
hotel:0.70875
great ending:0.7085
male nudity:0.70825
suspenseful:0.70825
happy ending:0.67175
light:0.65475
nudity (topless):0.647
good acting:0.64175
prejudice:0.64075
censorship:0.62475
silly:0.6205
violence:0.61425
oscar (best writing - screenplay written directly for the screen):0.61275
entertaining:0.6085
storytelling:0.6065
complicated:0.60575
psychological:0.596
chase:0.59525
sweet:0.58975
dialogue:0.5855
loneliness:0.582
los angeles:0.5795
feel good movie:0.5795
teen:0.571
notable nudity:0.57025
blood:0.564
emotional:0.56175
infidelity:0.55375
twist:0.5525
destiny:0.5515
transformation:0.5505
foul language:0.547
story:0.547
fun:0.54475
sexuality:0.53925
beer:0.538
complex:0.5355
bittersweet:0.53325
effects:0.52875
good:0.5275
shallow:0.52325
intelligent:0.51875
unfunny:0.5165
catastrophe:0.51425
predictable:0.513
solitude:0.5115
funny:0.511
teens:0.50975
interesting:0.502
drugs:0.50075
mentor:0.49975
betrayal:0.4995
clever:0.49925
low budget:0.49475
gay character:0.49025
horror:0.489
girlie movie:0.48775
shopping:0.48725
new york:0.48575
supernatural:0.485
weapons:0.48225
80s:0.4775
unlikely friendships:0.47725
quotable:0.469
obsession:0.46725
depression:0.4665
police investigation:0.4655
very funny:0.46525
goretastic:0.4635
