violence:0.76325
drinking:0.74975
original:0.71475
psychological:0.65375
intense:0.65275
brutality:0.64775
gangsters:0.62625
apocalypse:0.619
life philosophy:0.6115
los angeles:0.593
dialogue:0.5835
insanity:0.5735
friendship:0.566
foul language:0.56075
harsh:0.5605
great ending:0.55875
mentor:0.5415
violent:0.5235
good soundtrack:0.523
great acting:0.52175
drama:0.51175
gritty:0.497
catastrophe:0.49475
complex:0.476
drugs:0.4665
realistic action:0.457
unlikely friendships:0.45675
crime gone awry:0.4425
character study:0.42775
entirely dialogue:0.42775
gunfight:0.42525
weed:0.42525
mental illness:0.42275
redemption:0.4175
writers:0.4
predictable:0.39775
exceptional acting:0.395
addiction:0.39475
amazing cinematography:0.385
pointless:0.3835
directorial debut:0.3815
relationships:0.38075
social commentary:0.37875
dramatic:0.37625
realistic:0.359
forceful:0.359
bullying:0.3585
storytelling:0.3555
gangs:0.35525
great:0.352
police corruption:0.349
complex characters:0.34725
gangster:0.346
betrayal:0.345
paranoid:0.3425
hip hop:0.3405
runaway:0.339
psychology:0.337
bleak:0.33575
not funny:0.33375
life & death:0.333
cinematography:0.3295
stereotypes:0.32725
melancholic:0.32525
quotable:0.32425
visceral:0.3225
shallow:0.322
twists & turns:0.32175
bad plot:0.32075
disturbing:0.3175
grindhouse:0.31725
culture clash:0.314
grim:0.31325
tense:0.312
corruption:0.30625
suspense:0.30375
interesting:0.2995
good acting:0.2945
good:0.29425
transformation:0.29375
story:0.2905
adaptation:0.29025
new jersey:0.2865
loneliness:0.28575
fun movie:0.2835
sacrifice:0.283
first contact:0.27925
better than expected:0.2735
thought-provoking:0.26825
pulp:0.268
powerful ending:0.26675
gulf war:0.26475
stylized:0.26425
cult classic:0.26425
depression:0.26375
vengeance:0.263
lone hero:0.262
oscar (best directing):0.26075
destiny:0.25775
honest:0.25625
