sports:0.9845
canada:0.88925
fun movie:0.84475
feel-good:0.8295
original:0.8195
comedy:0.8175
funny:0.762
good:0.73425
silly fun:0.72975
great:0.72
light:0.7035
feel good movie:0.69525
foul language:0.68975
family:0.682
very funny:0.678
quirky:0.675
olympics:0.668
sarcasm:0.654
humorous:0.6535
fun:0.65275
goofy:0.649
great ending:0.61
redemption:0.59475
life philosophy:0.59275
relationships:0.589
great movie:0.561
dialogue:0.5585
predictable:0.55175
special:0.543
satire:0.54075
twists & turns:0.53925
mentor:0.536
entertaining:0.53525
eccentricity:0.5345
good soundtrack:0.5315
very interesting:0.5285
awesome soundtrack:0.5265
stereotypes:0.52525
small town:0.51825
nudity (full frontal - notable):0.51075
obsession:0.51075
very good:0.51
clever:0.49875
hilarious:0.49725
multiple storylines:0.49575
intense:0.495
happy ending:0.477
weird:0.47175
shallow:0.46625
storytelling:0.461
love story:0.45825
great acting:0.4525
pg-13:0.4525
fantasy world:0.4465
story:0.44325
cinematography:0.44175
witty:0.44125
farce:0.44075
inspirational:0.43875
adapted from:book:0.4385
humor:0.436
brutality:0.43425
death:0.425
drama:0.4245
nudity (full frontal - brief):0.424
women:0.424
visually appealing:0.424
love:0.42375
interesting:0.4235
corruption:0.42025
passionate:0.41675
narrated:0.41425
catastrophe:0.41325
great soundtrack:0.41225
crude humor:0.411
writers:0.409
unlikely friendships:0.4055
based on a book:0.40475
big budget:0.40375
road movie:0.40175
sexy:0.40125
melancholic:0.39775
nudity (topless - notable):0.39675
product placement:0.396
ensemble cast:0.395
friendship:0.3945
adaptation:0.39425
oscar (best supporting actress):0.39375
cult classic:0.386
stylized:0.38425
justice:0.3825
absurd:0.3815
slapstick:0.37125
british:0.37025
cult film:0.36825
destiny:0.36275
romantic:0.36175
plot:0.36075
gross-out:0.35475
bollywood:0.352
