girlie movie:0.99075
dancing:0.97225
teen movie:0.95125
dance:0.94225
80s:0.93875
fun movie:0.93675
teen:0.9
hip hop:0.81575
fun:0.7125
nostalgic:0.71025
teenager:0.68775
good soundtrack:0.685
teens:0.68025
teenagers:0.64175
feel-good:0.6105
original:0.6105
chick flick:0.58775
guilty pleasure:0.5875
high school:0.583
1980s:0.5595
cute:0.54325
women:0.5315
cheesy:0.52925
romance:0.52675
adolescence:0.5215
childhood:0.5195
feel good movie:0.51675
great:0.46975
cute!:0.4635
bad plot:0.454
predictable:0.45375
school:0.4385
mentor:0.43475
life philosophy:0.42325
catastrophe:0.41125
nostalgia:0.4045
silly:0.3955
cool:0.38725
comedy:0.384
awesome soundtrack:0.362
friendship:0.358
sexy:0.353
dialogue:0.35225
great ending:0.3395
love:0.333
silly fun:0.329
unlikely friendships:0.3285
competition:0.3275
sweet:0.32375
fantasy world:0.30775
romantic comedy:0.3075
good:0.302
not funny:0.3
stereotypes:0.298
adaptation:0.2935
drinking:0.29025
family:0.2865
good music:0.2845
fashion:0.27325
storytelling:0.273
runaway:0.2705
light:0.26875
punk:0.265
lone hero:0.263
bollywood:0.26275
destiny:0.26125
culture clash:0.2605
vengeance:0.2565
so bad it's funny:0.255
entirely dialogue:0.244
first contact:0.24375
weird:0.23825
fight scenes:0.2345
brutality:0.23425
bullying:0.23425
coming of age:0.2325
shallow:0.23225
happy ending:0.22725
unfunny:0.224
very funny:0.22175
police investigation:0.22175
stylized:0.22125
goofy:0.21975
coming-of-age:0.21725
geeks:0.21725
grindhouse:0.216
gay:0.216
pornography:0.212
dreams:0.21175
rebellion:0.2105
clever:0.2085
redemption:0.208
cult film:0.20675
cheerleading:0.205
overrated:0.20375
great movie:0.203
horrible:0.2005
ninja:0.20025
slapstick:0.19925
story:0.199
