horror:0.98375
splatter:0.975
franchise:0.92275
slasher:0.9185
male nudity:0.91425
supernatural:0.88425
murder:0.85275
original:0.83675
campy:0.83275
predictable:0.826
sexy:0.805
ghosts:0.78075
teens:0.76
80s:0.7575
death:0.74275
high school:0.72925
nudity (topless):0.728
crappy sequel:0.7135
goretastic:0.70375
fun movie:0.70225
horrible:0.68425
humorous:0.67675
cheesy:0.67025
bad acting:0.6585
bad plot:0.6505
demons:0.63425
comedy:0.625
scary:0.61775
teen movie:0.605
cult film:0.60375
special effects:0.58375
stupid as hell:0.56625
overrated:0.56125
vengeance:0.561
great ending:0.5585
nudity:0.549
silly:0.54525
revenge:0.54175
sequels:0.53725
brutality:0.53375
lame:0.52125
school:0.51625
goofy:0.51625
violence:0.51375
family:0.51325
fun:0.494
parody:0.4905
mental illness:0.48975
stupid:0.48075
silly fun:0.48075
dialogue:0.47475
mentor:0.47475
entertaining:0.473
nudity (topless - notable):0.47175
dark comedy:0.4655
pointless:0.45425
so bad it's funny:0.45075
adaptation:0.4485
camp:0.445
grindhouse:0.43625
nudity (full frontal):0.435
fight scenes:0.43425
zombie:0.43325
first contact:0.43275
nudity (full frontal - notable):0.42575
fantasy world:0.42525
very funny:0.41725
quirky:0.417
disaster:0.40175
black comedy:0.40025
erotic:0.3955
redemption:0.3955
fantasy:0.39525
nudity (full frontal - brief):0.3935
passionate:0.3935
boring:0.38675
serial killer:0.386
weapons:0.386
bad:0.38275
catastrophe:0.38025
dreamlike:0.37825
destiny:0.37
entirely dialogue:0.3695
romance:0.36675
dreams:0.36575
stylized:0.364
visual:0.3615
pulp:0.35825
stereotypes:0.35375
sci fi:0.34975
halloween:0.34575
ridiculous:0.3455
bullying:0.3445
sexualized violence:0.34225
series:0.34075
storytelling:0.33625
funny as hell:0.33475
nocturnal:0.33075
funny:0.329
guilt:0.32375
