robert downey jr:0.936
serial killer:0.92425
psychological:0.873
weird:0.863
supernatural:0.861
dreams:0.848
kidnapping:0.82125
psychology:0.80675
visually appealing:0.78
suspense:0.75775
thriller:0.74825
obsession:0.74125
murder mystery:0.72475
insanity:0.701
original:0.6945
suspenseful:0.682
murder:0.67625
predictable:0.6725
bizarre:0.66775
twist:0.66225
plot holes:0.649
psychiatrist:0.63425
surreal:0.62025
first contact:0.59575
police investigation:0.585
fantasy world:0.5825
vengeance:0.578
dreamlike:0.565
great ending:0.562
cinematography:0.558
mystery:0.55
creepy:0.54075
disturbing:0.54
twists & turns:0.53625
catastrophe:0.53575
horror:0.53
visual:0.52875
visually stunning:0.52525
sexualized violence:0.51
intense:0.50475
twist ending:0.5025
dark:0.49075
scary:0.48375
stylish:0.479
surrealism:0.47675
horrible:0.47025
dialogue:0.466
great:0.46425
mindfuck:0.461
detective:0.45825
pg-13:0.45475
not funny:0.45
bad plot:0.44925
nudity (topless - notable):0.44925
bad ending:0.44525
very interesting:0.44225
based on a book:0.4375
brutality:0.431
pornography:0.42375
fantasy:0.41925
interesting:0.41825
nocturnal:0.41725
chase:0.4135
strange:0.4085
so bad it's funny:0.404
plot:0.3985
mentor:0.39675
storytelling:0.39575
story:0.39325
revenge:0.393
adaptation:0.39075
absurd:0.3905
crazy:0.3765
underrated:0.36775
macabre:0.36525
sexy:0.36
cross dressing:0.356
identity:0.35575
unfunny:0.3555
overrated:0.35425
creativity:0.35275
small town:0.3505
paranoid:0.3495
demons:0.34925
happy ending:0.3455
good soundtrack:0.33625
lame:0.3345
based on book:0.3335
eerie:0.33225
childhood:0.3285
enigmatic:0.328
silly:0.32725
bad:0.3265
boring!:0.322
stylized:0.31875
special effects:0.31775
original plot:0.31775
visuals:0.31375
violence:0.31275
pointless:0.312
