007 (series):1.0
007:0.99975
bond:0.9995
franchise:0.98625
espionage:0.9825
assassin:0.977
chase:0.96975
spying:0.958
secret service:0.94725
james bond:0.93
voodoo:0.90325
spy:0.853
interracial romance:0.846
action:0.83475
spies:0.83125
murder:0.8165
series:0.80825
secrets:0.78875
good action:0.7795
good:0.73825
adventure:0.732
original:0.71325
goofy:0.71075
island:0.686
car chase:0.661
silly:0.64075
original plot:0.6295
tense:0.62875
plot:0.6035
mentor:0.60075
fast paced:0.59575
humorous:0.5875
exciting:0.58375
runaway:0.56975
new orleans:0.5535
fun movie:0.5485
great ending:0.54325
dialogue:0.53825
cool:0.51025
action packed:0.5055
silly fun:0.4815
catastrophe:0.4735
stereotypes:0.47225
assassination:0.456
sexy:0.456
1970s:0.45575
entertaining:0.45175
story:0.4435
alter ego:0.43525
thriller:0.433
suspense:0.43075
humor:0.4285
great:0.423
very good:0.42
pg-13:0.417
supernatural:0.4145
gangsters:0.404
great movie:0.39825
clever:0.397
betrayal:0.3965
weapons:0.3905
culture clash:0.39025
good soundtrack:0.388
boat:0.38775
excellent:0.3825
first contact:0.37975
fun:0.3745
interesting:0.37325
light:0.371
british:0.3695
very interesting:0.36775
good acting:0.362
death:0.362
redemption:0.3565
special effects:0.355
snakes:0.3505
sci fi:0.34925
classic car:0.348
big budget:0.3445
underrated:0.33925
family drama:0.3385
life philosophy:0.33825
vengeance:0.33625
very funny:0.33525
destiny:0.33475
suprisingly clever:0.33225
brutality:0.332
torture:0.32975
predictable:0.32775
conspiracy:0.3275
adapted from:book:0.324
storytelling:0.32325
survival:0.319
space:0.318
fight scenes:0.3165
nuclear bomb:0.31575
unfunny:0.31425
harsh:0.31325
corruption:0.307
honest:0.30625
