documentary:0.99175
author:neil gaiman:0.985
original:0.94925
obsession:0.84025
light:0.831
love:0.81275
internet:0.8075
pornography:0.80225
relationships:0.79625
geeks:0.79375
kids and family:0.782
nerds:0.75625
passionate:0.75475
depression:0.751
artist:0.7505
tragedy:0.7495
indie:0.7435
family:0.73975
criterion:0.7335
artistic:0.7325
interesting:0.714
chase:0.70025
affectionate:0.698
mentor:0.69625
drinking:0.68275
childhood:0.675
greed:0.6645
runaway:0.6505
movie business:0.64375
prequel:0.642
trilogy:0.63775
great ending:0.6335
girlie movie:0.6315
dark hero:0.628
sacrifice:0.61625
intimate:0.6125
suspense:0.61225
betrayal:0.61
sweet:0.6065
fun:0.603
unusual plot structure:0.5945
romantic:0.588
art:0.58625
ironic:0.57725
talky:0.577
unlikely friendships:0.569
clever:0.56225
movielens top pick:0.56175
witty:0.55925
very interesting:0.55175
nostalgic:0.53775
british:0.52925
life philosophy:0.5285
adultery:0.52625
entertaining:0.5255
storytelling:0.5215
moral ambiguity:0.5205
oscar (best supporting actress):0.5185
death:0.51675
costume drama:0.50725
complex:0.50525
computer animation:0.50275
heartbreaking:0.492
franchise:0.492
nudity (full frontal - brief):0.4865
free to download:0.48025
excellent script:0.4775
divorce:0.47125
spelling bee:0.47025
loneliness:0.47
imdb top 250:0.46825
vengeance:0.45975
creativity:0.45825
geek:0.4545
alter ego:0.45175
glbt:0.4515
series:0.44925
oscar (best directing):0.44525
1980s:0.44325
afi 100 (laughs):0.43625
sexualized violence:0.43425
california:0.43275
idealism:0.431
catastrophe:0.42975
brutality:0.4275
violence:0.42475
gay character:0.4245
funny as hell:0.424
crime gone awry:0.42175
firefly:0.417
kids:0.416
potential oscar nom:0.41575
melancholic:0.415
great:0.414
oscar (best writing - screenplay written directly for the screen):0.41375
fun movie:0.413
whimsical:0.4125
fantasy world:0.41175
love story:0.41175
adaptation:0.4095
