horror:0.9965
splatter:0.9605
cult:0.95775
downbeat:0.9325
police investigation:0.924
psychological:0.91975
creepy:0.9195
slasher:0.913
weird:0.91175
dark:0.9115
disturbing:0.8915
sacrifice:0.884
visceral:0.869
suspense:0.86575
macabre:0.85825
violent:0.85725
murder:0.85625
tense:0.8535
gory:0.85275
supernatural:0.84475
ominous:0.839
cult classic:0.83475
brutality:0.8165
bloody:0.81425
grindhouse:0.80225
cinematography:0.7995
intense:0.78275
character study:0.7795
original:0.7765
great ending:0.773
gruesome:0.7725
oscar (best actress):0.7575
atmospheric:0.75425
bleak:0.7485
drama:0.733
mindfuck:0.73075
violence:0.72875
gunfight:0.70875
drinking:0.704
insanity:0.699
low budget:0.69625
cult film:0.679
demons:0.67675
psychology:0.664
nocturnal:0.66075
great acting:0.64975
obsession:0.643
scary:0.6375
devil:0.63725
grim:0.6215
goretastic:0.62025
surreal:0.61725
sexualized violence:0.6135
visually appealing:0.609
eerie:0.60425
stylized:0.60275
torture:0.60025
brutal:0.5975
movielens top pick:0.59525
depression:0.59275
unlikely friendships:0.58725
dreams:0.58575
social commentary:0.5735
slow:0.57275
realistic:0.56725
enigmatic:0.56275
death:0.561
first contact:0.56
serial killer:0.55925
friendship:0.55925
family drama:0.55525
redemption:0.5515
satirical:0.54975
gore:0.54925
visual:0.54
revenge:0.539
male nudity:0.53675
nudity (topless):0.536
secrets:0.53
los angeles:0.52375
hollywood:0.5235
suspenseful:0.52
harsh:0.518
drug abuse:0.516
talky:0.5145
blood:0.51325
story:0.51025
light:0.508
corruption:0.50725
mentor:0.50675
underrated:0.50475
doctors:0.502
indie:0.5005
moral ambiguity:0.49975
criterion:0.49375
dysfunctional family:0.4935
witches:0.49125
monster:0.49025
afi 100 (movie quotes):0.48975
strange:0.48625
