chess:0.99725
mentor:0.9365
based on a true story:0.93025
based on true story:0.9015
true story:0.8475
genius:0.8355
great acting:0.799
oscar (best cinematography):0.79725
drama:0.77425
great movie:0.772
original:0.76875
sports:0.76425
childhood:0.7505
story:0.74225
great:0.7265
dramatic:0.7195
interesting:0.7095
feel-good:0.69875
imdb top 250:0.6875
good acting:0.686
storytelling:0.66775
great ending:0.65975
intense:0.659
runaway:0.6585
cerebral:0.65475
oscar (best actress):0.6425
dialogue:0.624
excellent:0.61575
destiny:0.613
heartwarming:0.61175
oscar (best directing):0.61125
very interesting:0.61025
adapted from:book:0.596
excellent script:0.59475
touching:0.59275
good soundtrack:0.59175
computer game:0.591
feel good movie:0.58775
crime gone awry:0.58075
good:0.56875
fun movie:0.56075
inspirational:0.55025
sacrifice:0.54575
talky:0.54175
friendship:0.54075
teacher:0.54
clever:0.53775
math:0.5355
corruption:0.53275
fast paced:0.53
entertaining:0.52275
unlikely friendships:0.51925
enigmatic:0.51425
inspiring:0.5095
fantasy world:0.50575
oscar (best supporting actress):0.504
unusual plot structure:0.49925
script:0.49675
oscar winner:0.495
obsession:0.489
redemption:0.48825
transformation:0.4835
creativity:0.48325
imagination:0.4825
wizards:0.48225
life philosophy:0.47375
artistic:0.46775
art:0.46625
narrated:0.46325
suspense:0.45775
original plot:0.456
drinking:0.43825
poignant:0.437
secrets:0.43625
pg-13:0.43575
catastrophe:0.433
intelligent:0.4325
atmospheric:0.4315
exciting:0.43125
adaptation:0.42775
cool:0.42375
life & death:0.42
fight scenes:0.4185
children:0.41625
movielens top pick:0.41525
very good:0.41375
criterion:0.411
kids:0.40975
character study:0.409
quotable:0.40825
bullying:0.40625
nostalgic:0.40175
exceptional acting:0.399
based on a comic:0.394
parenthood:0.39375
biographical:0.39325
greed:0.3925
suprisingly clever:0.38975
oscar:0.38625
based on book:0.38
