futuristic:0.97125
post apocalyptic:0.95025
splatter:0.94725
sci fi:0.7805
scifi:0.76825
original:0.7615
post-apocalyptic:0.7545
future:0.75425
monster:0.72525
sci-fi:0.705
special effects:0.70225
cheesy:0.6735
bad acting:0.6575
80s:0.65225
cult film:0.636
predictable:0.63475
unusual plot structure:0.62025
nudity (topless - notable):0.61925
author:neil gaiman:0.60825
horror:0.59975
grindhouse:0.5935
science fiction:0.563
graphic design:0.558
monsters:0.53575
effects:0.53275
graphic novel:0.531
mad scientist:0.5175
bad plot:0.516
so bad it's funny:0.51025
catastrophe:0.5035
sexualized violence:0.5035
low budget:0.5005
great ending:0.5
franchise:0.4985
vampire human love:0.49225
3d:0.48525
brutality:0.4815
runaway:0.481
campy:0.47175
pornography:0.45725
violence:0.4565
android(s)/cyborg(s):0.45475
first contact:0.4435
dialogue:0.443
mentor:0.441
cult classic:0.4365
vengeance:0.43575
alien:0.43375
nudity (full frontal - notable):0.432
bloody:0.4295
harsh:0.41125
idiotic:0.41
fantasy world:0.40675
visually appealing:0.40675
fun movie:0.40575
bad ending:0.40275
disaster:0.4025
nudity (topless):0.39675
boring:0.39075
gore:0.388
good soundtrack:0.38775
technology:0.38025
suspense:0.37675
action:0.3715
gangs:0.37
life philosophy:0.36925
cinematography:0.36325
chase:0.36125
blood:0.3605
solitude:0.3605
los angeles:0.3565
violent:0.356
storytelling:0.35475
spiders:0.353
overrated:0.3495
stylized:0.3495
weapons:0.3475
adaptation:0.346
desert:0.3455
silly fun:0.3375
not funny:0.33475
goretastic:0.33325
scary:0.329
entirely dialogue:0.32675
life & death:0.3245
transformation:0.322
visually stunning:0.321
corruption:0.318
fun:0.3155
shallow:0.31325
story:0.312
lone hero:0.30925
pointless:0.3085
punk:0.30825
melancholic:0.3035
redemption:0.30025
police investigation:0.29875
silly:0.2955
teens:0.2945
boring!:0.29225
