drugs:0.95675
based on true story:0.95675
true story:0.91275
weed:0.8995
good soundtrack:0.83525
gangsters:0.8255
kidnapping:0.8165
marijuana:0.80775
drug addiction:0.799
based on a true story:0.76775
visually appealing:0.698
original:0.694
crime:0.694
teens:0.65275
addiction:0.6495
great acting:0.63475
drinking:0.619
gangs:0.60975
hip hop:0.59825
life philosophy:0.598
nudity (topless - brief):0.597
california:0.5925
innocence lost:0.5915
gangster:0.5805
brutality:0.57725
violence:0.56775
mentor:0.5635
great ending:0.55825
corruption:0.5575
adolescence:0.5545
runaway:0.55275
violent:0.5475
dialogue:0.5455
drug abuse:0.5435
pornography:0.543
harsh:0.542
crime gone awry:0.533
intense:0.529
bullying:0.5125
good:0.51
story:0.50775
teen movie:0.505
depression:0.49825
drama:0.48325
nudity (topless):0.48275
catastrophe:0.4715
murder:0.464
social commentary:0.4595
interesting:0.45125
greed:0.44875
good acting:0.44775
redemption:0.4245
storytelling:0.42375
stereotypes:0.41375
sexualized violence:0.41375
teenager:0.41125
stylized:0.40525
kids:0.403
unlikely friendships:0.40025
very good:0.39975
ensemble cast:0.39575
twist ending:0.39275
bad ending:0.39275
gritty:0.38575
friendship:0.38075
not funny:0.37975
foul language:0.37475
honest:0.36975
predictable:0.3645
great:0.35575
teen:0.355
justice:0.351
nudity (topless - notable):0.3495
betrayal:0.349
pg-13:0.34725
entirely dialogue:0.343
exceptional acting:0.342
disturbing:0.337
realistic:0.33675
life:0.3365
destiny:0.3365
money:0.3205
stupidity:0.3205
culture clash:0.31975
childhood:0.3195
nudity (full frontal - brief):0.31825
suspense:0.31725
fantasy world:0.317
plot:0.3155
pointless:0.31475
twists & turns:0.31025
teenagers:0.30975
vengeance:0.3095
cool:0.306
dramatic:0.30575
adaptation:0.30425
coming of age:0.3025
revenge:0.29625
male nudity:0.2955
melancholic:0.29025
