70mm:0.982
single father:0.97475
kids and family:0.95425
children:0.9445
musical:0.93
family:0.9215
childhood:0.90525
fantasy:0.84525
music:0.7915
fun movie:0.77725
kids:0.7735
whimsical:0.76875
dancing:0.75225
based on a book:0.73775
dance:0.72025
fairy tale:0.7125
original:0.69625
cars:0.6885
sweet:0.6845
magic:0.6745
adventure:0.671
fantasy world:0.667
good music:0.661
great:0.646
story:0.6285
fun:0.6255
beautiful scenery:0.609
cute:0.60475
imagination:0.591
colourful:0.5775
cute!:0.528
sentimental:0.527
good:0.5235
nostalgic:0.5225
special effects:0.5165
catastrophe:0.50925
chocolate:0.497
based on book:0.49125
destiny:0.485
mentor:0.445
creativity:0.44325
classic:0.438
runaway:0.4325
great ending:0.4255
silly:0.42375
spying:0.4235
disney:0.42325
007:0.42175
light:0.42125
heartwarming:0.419
chase:0.40875
dialogue:0.40575
broadway:0.404
silly fun:0.39225
storytelling:0.392
london:0.3915
scenic:0.39075
love:0.3845
witches:0.38275
adaptation:0.3675
good soundtrack:0.36375
great movie:0.3615
natural disaster:0.3595
romantic:0.35925
roald dahl:0.35575
allegory:0.34975
adapted from:book:0.3435
culture clash:0.337
great acting:0.33675
secret service:0.3355
spy:0.331
justice:0.33
feel-good:0.3285
weird:0.32825
not funny:0.3275
eccentricity:0.327
girlie movie:0.32075
predictable:0.3205
happy ending:0.31875
brothers:0.31225
entertaining:0.312
books:0.3115
first contact:0.30725
england:0.30375
greed:0.3035
life philosophy:0.30325
good versus evil:0.29875
spies:0.296
so bad it's funny:0.2955
unusual plot structure:0.2935
pg-13:0.2905
racing:0.284
lone hero:0.28175
fairy tales:0.2805
underrated:0.28025
bond:0.27775
clever:0.27475
good action:0.274
quirky:0.27325
visually appealing:0.2685
