japan:0.9765
road trip:0.966
childhood:0.9545
surreal:0.94375
melancholic:0.942
weird:0.9295
loneliness:0.921
violent:0.9175
road movie:0.91725
tokyo:0.90675
unlikely friendships:0.8915
violence:0.8885
friendship:0.888
good soundtrack:0.872
storytelling:0.86925
beautifully filmed:0.86175
reflective:0.836
imdb top 250:0.83575
visually appealing:0.8205
bittersweet:0.81875
poignant:0.7985
cinematography:0.79625
original:0.78525
scenic:0.778
imagination:0.76025
existentialism:0.7565
gangsters:0.7465
redemption:0.74575
dreams:0.7435
absurd:0.739
stylized:0.7325
social commentary:0.73025
mentor:0.72675
vengeance:0.72275
visual:0.721
masterpiece:0.71
colourful:0.70975
life philosophy:0.69875
movielens top pick:0.6985
independent film:0.69725
life & death:0.6965
bleak:0.6965
quirky:0.6875
japanese:0.68375
brutality:0.67975
enigmatic:0.679
criterion:0.6785
golden palm:0.6705
oscar (best foreign language film):0.6615
runaway:0.65825
meditative:0.658
harsh:0.65625
drinking:0.645
dreamlike:0.64375
tragedy:0.64
great cinematography:0.63925
gangster:0.633
talky:0.61375
great ending:0.61175
dialogue:0.61125
surrealism:0.60925
touching:0.6035
foreign:0.6025
irreverent:0.59875
whimsical:0.5965
sentimental:0.58675
affectionate:0.5855
allegory:0.5795
visually stunning:0.573
intimate:0.5685
strange:0.568
cult classic:0.56225
drama:0.5605
gunfight:0.551
suprisingly clever:0.55075
artistic:0.54925
relationships:0.54425
breathtaking:0.53725
solitude:0.5315
unusual plot structure:0.53125
deadpan:0.52875
melancholy:0.52625
life:0.52275
crime gone awry:0.51175
nocturnal:0.51
culture clash:0.50925
hospital:0.50775
unique:0.50675
downbeat:0.5045
story:0.5035
beautiful:0.502
plot:0.50075
bullying:0.49625
humorous:0.49475
depression:0.493
heartwarming:0.488
gambling:0.48525
depressing:0.48
sad:0.47925
art:0.478
