bombs:0.983
nuclear war:0.96975
cold war:0.969
nuclear:0.966
propaganda:0.95825
documentary:0.9455
history:0.91375
narrated:0.88925
weapons:0.858
original:0.81825
historical:0.80625
capitalism:0.803
ironic:0.77225
criterion:0.7715
nuclear bomb:0.759
disturbing:0.7565
insanity:0.7475
us history:0.746
interesting:0.73325
military:0.72025
brutality:0.7185
politics:0.71325
paranoia:0.69825
complex:0.6905
social commentary:0.6885
distopia:0.6535
runaway:0.6415
corruption:0.6325
talky:0.63175
oscar (best directing):0.6175
imdb top 250:0.61475
paranoid:0.613
middle east:0.611
dramatic:0.5985
suburbia:0.59675
clever:0.594
highly quotable:0.59375
very interesting:0.5935
ethnic conflict:0.5895
prejudice:0.58625
harsh:0.579
good soundtrack:0.57875
culture clash:0.57575
reflective:0.57525
pornography:0.573
forceful:0.572
suprisingly clever:0.5575
manipulation:0.5555
surveillance:0.55125
death:0.54575
censorship:0.5445
based on book:0.5395
powerful ending:0.53725
greed:0.537
thought-provoking:0.5285
tragedy:0.5255
war:0.5245
artistic:0.518
absurd:0.5135
poignant:0.5095
political:0.50625
dialogue:0.5055
sexualized violence:0.5015
movielens top pick:0.50075
adapted from:book:0.4905
visual:0.48925
twists & turns:0.487
sacrifice:0.48175
honest:0.48025
communism:0.47725
great ending:0.47575
based on a book:0.472
cult classic:0.4715
excellent script:0.471
entertaining:0.4705
islam:0.4705
unusual plot structure:0.4685
intense:0.46575
moral ambiguity:0.46575
golden palm:0.461
canada:0.45475
catastrophe:0.45225
good acting:0.44625
memory:0.4445
intimate:0.443
justice:0.4395
gory:0.43875
technology:0.4375
freedom:0.436
violence:0.4335
weird:0.433
mentor:0.431
good:0.4305
great:0.43
enigmatic:0.4295
humorous:0.4285
revolution:0.42825
amazing photography:0.4245
dark comedy:0.4245
1950s:0.42125
