true story:0.98575
action:0.96925
based on a true story:0.9575
military:0.929
good action:0.9235
war:0.92075
best war films:0.91925
islam:0.916
courage:0.88725
based on true story:0.87825
intense:0.858
conspiracy:0.8575
big budget:0.84975
propaganda:0.8035
explosions:0.80225
politics:0.80025
cia:0.793
factual:0.79175
survival:0.76725
weapons:0.75675
secrets:0.755
action packed:0.747
pg-13:0.7315
iraq:0.7095
catastrophe:0.70275
good:0.70075
dramatic:0.6735
plot:0.6735
entertaining:0.66825
sacrifice:0.6545
realistic:0.63125
good versus evil:0.625
corruption:0.62075
us history:0.62
middle east:0.615
dialogue:0.61225
great ending:0.60475
suspense:0.597
fighting:0.585
original:0.585
beautiful scenery:0.58025
torture:0.58
guns:0.55725
powerful ending:0.55375
political:0.5525
shallow:0.551
stereotypes:0.54025
terrorism:0.53775
brutality:0.5225
mentor:0.5135
tom clancy:0.5105
civil war:0.50525
runaway:0.5
violent:0.499
story:0.49125
assassination:0.48075
visceral:0.47525
based on book:0.47075
justice:0.4635
fast paced:0.463
bombs:0.4465
culture clash:0.4425
prejudice:0.44
lone hero:0.4345
violence:0.4325
harsh:0.43125
storytelling:0.43075
chase:0.4295
better than expected:0.4265
realistic action:0.42625
fight scenes:0.4215
great:0.421
based on a book:0.4175
long:0.4145
gunfight:0.41225
spying:0.412
visually stunning:0.40825
historical:0.40675
thriller:0.4065
betrayal:0.4015
natural disaster:0.4005
spy:0.3985
drama:0.397
nudity (full frontal - brief):0.39375
war movie:0.39375
history:0.3935
honest:0.38075
epic:0.38
good acting:0.37775
tense:0.3765
good soundtrack:0.37475
predictable:0.37275
car chase:0.368
not funny:0.36525
suprisingly clever:0.3645
unfunny:0.3635
arms dealer:0.36175
wartime:0.36125
scenic:0.354
suspenseful:0.3485
