vigilante:0.99825
vigilantism:0.9965
police:0.981
san francisco:0.9485
violence:0.942
violent:0.93775
police corruption:0.924
good action:0.9165
action:0.9115
sequel:0.9085
chase:0.906
motorcycle:0.87825
justice:0.876
crime:0.87425
murder:0.8555
detective:0.8545
forceful:0.854
sequels:0.845
corruption:0.843
gunfight:0.83475
vengeance:0.83175
original:0.792
police investigation:0.78825
hit men:0.782
franchise:0.77525
brutality:0.76975
suspense:0.7665
dialogue:0.76
great ending:0.75675
revenge:0.747
original plot:0.73475
intense:0.7345
series:0.73375
organized crime:0.73325
pornography:0.72425
tense:0.7235
good:0.71225
action packed:0.70575
surveillance:0.70075
mentor:0.68525
car chase:0.68375
visceral:0.67625
harsh:0.672
runaway:0.67175
assassination:0.67025
investigation:0.649
gritty:0.6295
highly quotable:0.6055
guns:0.60425
suspenseful:0.599
weapons:0.58925
good sequel:0.581
dark hero:0.579
anti-hero:0.57875
stylish:0.5785
culture clash:0.57075
mob:0.56875
interesting:0.555
cool:0.5545
alternate universe:0.554
gangsters:0.55175
lone hero:0.55125
fast paced:0.55075
gangs:0.547
buddy movie:0.5375
serial killer:0.53675
great movie:0.52925
story:0.52625
enigmatic:0.52525
death:0.5245
fight scenes:0.51675
exciting:0.5155
nudity (full frontal - brief):0.51025
1970s:0.508
moral ambiguity:0.49975
queer:0.497
hunting:0.485
drama:0.484
conspiracy:0.4805
torture:0.48
plot:0.46725
sexualized violence:0.46575
classic car:0.464
stylized:0.46325
good soundtrack:0.45425
lawyers:0.4535
brutal:0.4495
catastrophe:0.44475
social commentary:0.44325
thriller:0.441
very good:0.44025
excellent script:0.4355
secrets:0.43175
lawyer:0.4275
grim:0.4175
bloody:0.417
crappy sequel:0.4155
very interesting:0.4125
cinematography:0.41175
nocturnal:0.40825
