god:0.972
childhood:0.87075
touching:0.83025
feel-good:0.82525
mentor:0.8105
heartwarming:0.7885
coming of age:0.77175
children:0.7595
sentimental:0.758
original:0.74125
storytelling:0.7325
story:0.727
feel good movie:0.724
death:0.7045
coming-of-age:0.696
destiny:0.65225
nostalgic:0.64425
good:0.64
family:0.61975
existentialism:0.609
unusual plot structure:0.59625
school:0.583
simple:0.5805
good story:0.5675
fantasy world:0.55825
transformation:0.55775
catastrophe:0.5565
first contact:0.5315
superheroes:0.5105
great:0.50425
inspirational:0.4995
emotional:0.48325
life & death:0.48175
cheesy:0.47825
teacher:0.46475
runaway:0.45975
kids and family:0.454
atheism:0.444
great ending:0.44
life philosophy:0.43375
imagination:0.43125
corny:0.43
mythology:0.42925
life:0.42875
supernatural:0.41
pg:0.40775
good soundtrack:0.407
family drama:0.39725
religion:0.38425
whimsical:0.38425
magic:0.3835
dialogue:0.38325
giant robots:0.3695
creativity:0.36875
self discovery:0.3665
unlikely friendships:0.3635
weird:0.35525
natural disaster:0.3535
happy ending:0.35275
pg-13:0.3495
based on true story:0.34875
light:0.3475
single father:0.34575
predictable:0.3425
visually stunning:0.3375
bullying:0.3355
inspiring:0.333
doctors:0.3315
writers:0.32425
excellent script:0.32375
suprisingly clever:0.3225
not funny:0.321
solitude:0.3175
fairy tale:0.31675
special effects:0.31575
superhero:0.31475
drama:0.31125
based on book:0.31125
twist ending:0.311
friendship:0.30725
redemption:0.30625
narrated:0.30575
end of the world:0.3015
excellent:0.3015
visuals:0.30025
clever:0.2995
hospital:0.29925
bollywood:0.2955
heartbreaking:0.2925
entirely dialogue:0.28925
dramatic:0.28375
kids:0.28275
fun movie:0.28175
sweet:0.28075
shallow:0.2805
fun:0.279
underdog:0.279
bad plot:0.27875
computer animation:0.27675
harsh:0.27175
