coming of age:0.97925
girlie movie:0.97825
friendship:0.97425
adolescence:0.965
unlikely friendships:0.96325
childhood:0.95425
women:0.92875
coming-of-age:0.88775
awesome soundtrack:0.855
nostalgic:0.8405
male nudity:0.83225
good soundtrack:0.801
teen movie:0.73375
teenager:0.64375
great:0.63575
fun movie:0.6265
mentor:0.62025
original:0.60925
chick flick:0.607
teen:0.5975
runaway:0.58275
1970s:0.57275
pg-13:0.57
great soundtrack:0.55975
destiny:0.55325
good:0.54225
bullying:0.532
pornography:0.52525
fun:0.51625
storytelling:0.50025
teens:0.496
revenge:0.48675
school:0.4735
cute:0.456
story:0.45
sexy:0.44475
pregnancy:0.438
touching:0.40825
adventure:0.40425
feel-good:0.399
sentimental:0.396
divorce:0.39275
fantasy world:0.391
classic car:0.389
vengeance:0.389
betrayal:0.38725
suprisingly clever:0.38725
death:0.3865
catastrophe:0.3825
chase:0.37975
great ending:0.3775
sweet:0.37475
bittersweet:0.3705
great movie:0.3685
drama:0.36775
small town:0.36625
dialogue:0.35275
feel good movie:0.35
cute!:0.3335
teenagers:0.327
culture clash:0.32325
adaptation:0.3225
family:0.32125
brutality:0.32075
life philosophy:0.31775
love:0.31725
not funny:0.30725
great acting:0.29925
predictable:0.2945
gangs:0.2925
children:0.29025
adapted from:book:0.2825
visually appealing:0.28175
cool:0.28125
stereotypes:0.27325
secrets:0.27125
goofy:0.271
silly fun:0.27
so bad it's funny:0.26625
shallow:0.264
lone hero:0.2625
spying:0.26
teacher:0.2575
clever:0.25575
very funny:0.2525
unfunny:0.2485
boarding school:0.243
redemption:0.241
cult classic:0.235
comedy:0.23275
melancholic:0.2315
prejudice:0.23125
aging:0.23
excellent:0.23
gangsters:0.226
justice:0.22525
loneliness:0.2225
bad plot:0.221
educational:0.21925
nudity (topless - notable):0.2185
