criterion:0.9465
family drama:0.847
melancholic:0.837
family bonds:0.83
wistful:0.76525
intimate:0.7375
life & death:0.682
dysfunctional family:0.68025
talky:0.672
meditative:0.653
golden palm:0.64875
original:0.6055
enigmatic:0.599
artistic:0.59225
dialogue:0.58625
culture clash:0.5645
beautifully filmed:0.53875
bleak:0.534
grindhouse:0.525
solitude:0.5135
relationships:0.47275
art:0.47075
reflective:0.4635
lyrical:0.4475
treasure hunt:0.43625
crime gone awry:0.43575
runaway:0.43525
light:0.4335
greed:0.41775
mentor:0.415
weird:0.41325
ironic:0.413
catastrophe:0.4095
melancholy:0.40825
suprisingly clever:0.38025
weapons:0.36925
highly quotable:0.36125
brutality:0.357
secrets:0.35575
not funny:0.354
great ending:0.353
guilt:0.34225
death:0.34125
cerebral:0.34075
stylized:0.3335
alter ego:0.32675
cinematography:0.3265
french:0.31825
capitalism:0.318
family:0.3145
parenthood:0.314
classic car:0.31375
dark hero:0.31175
complex:0.30925
grim:0.30725
pointless:0.2965
beautiful scenery:0.2955
police investigation:0.29525
entirely dialogue:0.295
visually appealing:0.2915
atmospheric:0.29075
life philosophy:0.28925
unlikeable characters:0.2885
stylish:0.283
france:0.2825
drama:0.2815
biting:0.28075
artist:0.27875
visceral:0.27575
breathtaking:0.2705
disturbing:0.26875
scenic:0.26725
destiny:0.26525
cult classic:0.2645
adaptation:0.263
goretastic:0.26275
wine:0.26125
affectionate:0.25925
unusual plot structure:0.254
storytelling:0.25
claustrophobic:0.24725
lone hero:0.244
fantasy world:0.24375
dramatic:0.243
good soundtrack:0.24275
loneliness:0.2425
no plot:0.2395
existentialism:0.238
unfunny:0.2345
morality:0.2315
story:0.23025
action packed:0.22875
absurd:0.22825
foul language:0.228
multiple storylines:0.2275
paranoid:0.226
controversial:0.2235
memory:0.2205
great:0.218
photography:0.21775
