parody:0.997
spoof:0.994
stupid:0.905
dumb but funny:0.84425
so bad it's funny:0.791
disaster:0.73925
comedy:0.723
halloween:0.7055
original:0.68275
stupidity:0.677
bad plot:0.6745
lame:0.64825
saturday night live:0.644
predictable:0.6355
horror:0.63525
slapstick:0.6305
silly:0.61975
silly fun:0.6
pointless:0.57375
humorous:0.56575
idiotic:0.56225
stupid as hell:0.55575
slasher:0.54025
franchise:0.50925
dumb:0.5085
horrible:0.508
natural disaster:0.47625
catastrophe:0.459
ridiculous:0.45225
fantasy world:0.45175
funny:0.4405
writers:0.42825
great ending:0.421
bad acting:0.40875
fun movie:0.40675
awful:0.40175
bad:0.398
monster:0.3905
overrated:0.38375
unfunny:0.377
destiny:0.37625
farce:0.364
very funny:0.3505
stereotypes:0.35
mentor:0.34975
crude humor:0.34925
teen movie:0.346
funny as hell:0.33875
life philosophy:0.338
dialogue:0.3365
unusual plot structure:0.33525
women:0.33225
monsters:0.332
camp:0.30425
goofy:0.30375
internet:0.30075
too long:0.29325
campy:0.2925
first contact:0.2885
satirical:0.282
superhero:0.281
bad cgi:0.28075
nudity (full frontal - brief):0.2795
fashion:0.279
fun:0.278
mad scientist:0.276
guilty pleasure:0.27375
melancholic:0.27025
absurd:0.2675
entirely dialogue:0.2655
road movie:0.265
brutality:0.26375
teens:0.262
clever:0.261
teen:0.25925
sexy:0.25625
lone hero:0.25575
superheroes:0.2545
scary:0.2525
fight scenes:0.2495
humor:0.24675
weapons:0.24525
boring:0.24475
torture:0.24
bad script:0.23975
adaptation:0.2365
family:0.236
science fiction:0.2345
gangsters:0.22925
romance:0.22775
waste of time:0.2255
redemption:0.21675
shallow:0.215
pg-13:0.2145
fantasy:0.213
police investigation:0.20825
zombie:0.208
strippers:0.20675
crappy sequel:0.20425
surreal:0.202
