innocence lost:0.9845
war:0.97875
civil war:0.96725
africa:0.95925
best war films:0.9405
intense:0.9345
brutality:0.9315
violence:0.92625
brutal:0.9235
violent:0.91175
visceral:0.911
war movie:0.90325
cinematography:0.901
dark:0.898
original:0.88125
bleak:0.87675
dramatic:0.8745
great acting:0.86825
excellent script:0.863
disturbing:0.84125
imdb top 250:0.83725
mentor:0.83425
psychological:0.82125
oscar (best directing):0.81425
insanity:0.81075
realistic:0.80875
grim:0.808
based on a book:0.8065
powerful ending:0.79975
forceful:0.79825
complex:0.788
oscar (best picture):0.7875
interesting:0.77975
drama:0.775
suspense:0.7645
storytelling:0.76275
harsh:0.76225
masterpiece:0.75825
oscar (best actress):0.74825
tense:0.74725
hard to watch:0.745
criterion:0.74275
atmospheric:0.739
social commentary:0.7365
golden palm:0.724
narrated:0.71325
great movie:0.71225
childhood:0.7095
good acting:0.703
oscar:0.6935
talky:0.6865
vengeance:0.6855
great ending:0.68425
good soundtrack:0.68
bloody:0.6615
exceptional acting:0.66075
corruption:0.65875
survival:0.6575
redemption:0.65375
visual:0.65225
psychology:0.6505
culture clash:0.64675
anti-war:0.64225
greed:0.63425
honest:0.63075
gritty:0.626
heartbreaking:0.6255
tragedy:0.61575
good:0.61
highly quotable:0.60275
ethnic conflict:0.6015
twists & turns:0.60075
stylized:0.6005
cult classic:0.59525
brainwashing:0.5935
dialogue:0.5925
great:0.592
sexualized violence:0.58975
political:0.58825
transgender:0.58425
breathtaking:0.582
world politics:0.57975
original plot:0.57
visually stunning:0.56725
thought-provoking:0.56625
runaway:0.56375
adaptation:0.5625
detective:0.556
emotional:0.55125
oscar winner:0.551
courage:0.55025
gory:0.541
serial killer:0.53875
wilderness:0.538
reflective:0.537
very good:0.5325
beautifully filmed:0.52925
nudity (full frontal - notable):0.5285
photography:0.5275
dark hero:0.527
