imaginary friend:0.995
childhood:0.8565
fantasy:0.81625
original:0.70625
new jersey:0.68525
death:0.65125
sentimental:0.635
touching:0.622
children:0.61075
life philosophy:0.61025
las vegas:0.60375
whimsical:0.6
fantasy world:0.5455
mentor:0.53475
family:0.53175
destiny:0.52925
predictable:0.51475
magic:0.49375
unlikely friendships:0.4665
adoption:0.443
first contact:0.431
friendship:0.43075
catastrophe:0.425
happy ending:0.4235
surreal:0.4215
great ending:0.415
cute:0.3975
good soundtrack:0.381
good:0.377
cute!:0.375
imagination:0.3585
story:0.357
silly fun:0.34975
kids:0.3445
dialogue:0.3405
storytelling:0.32975
quirky:0.3245
fun movie:0.32375
redemption:0.315
very funny:0.3115
overrated:0.306
feel-good:0.30475
fun:0.3
transformation:0.297
horrible:0.29575
weird:0.29375
nudity (full frontal - brief):0.28825
pornography:0.28775
melancholic:0.27975
dreamlike:0.275
culture clash:0.272
runaway:0.2665
lone hero:0.2655
life:0.26175
oscar winner:0.26175
fight scenes:0.25775
entirely dialogue:0.2545
inspirational:0.25275
bad plot:0.2525
teen movie:0.252
bad cgi:0.252
nostalgic:0.25075
pg-13:0.24925
bittersweet:0.249
feel good movie:0.24875
single father:0.2485
very interesting:0.248
adaptation:0.24775
brutality:0.246
bad ending:0.2455
surrealism:0.2445
drama:0.24275
life & death:0.2425
slapstick:0.242
dysfunctional family:0.24125
girlie movie:0.23925
natural disaster:0.23825
tear jerker:0.23525
entertaining:0.23475
light:0.23375
unfunny:0.2305
stereotypes:0.22925
franchise:0.2285
orphans:0.227
bullying:0.22625
not funny:0.22625
poignant:0.22525
not as good as the first:0.2245
sweet:0.22425
adapted from:book:0.22425
stylized:0.219
animals:0.216
vengeance:0.216
beautifully filmed:0.2135
justice:0.21225
visually stunning:0.20925
crude humor:0.20425
emotional:0.204
women:0.20225
cult film:0.19975
