biblical:0.997
egypt:0.98575
god:0.978
epic:0.9655
special effects:0.94325
christian:0.9175
classic:0.89625
visual:0.88075
big budget:0.86275
jesus:0.844
mythology:0.843
story:0.839
great movie:0.8155
oscar (best directing):0.81175
good versus evil:0.79875
christianity:0.79775
religion:0.79475
slavery:0.75975
sacrifice:0.75525
original:0.75
long:0.7415
based on a book:0.74075
good acting:0.7405
dialogue:0.739
excellent:0.73475
dramatic:0.72975
oscar winner:0.72875
beautiful scenery:0.72275
great:0.72275
fun movie:0.71475
historical:0.701
courage:0.69575
oscar (best actor):0.69425
family:0.692
destiny:0.6915
good:0.68875
breathtaking:0.688
dynamic cgi action:0.67225
scenic:0.6675
imdb top 250:0.667
nostalgic:0.667
storytelling:0.663
oscar (best cinematography):0.661
desert:0.6605
childhood:0.6575
greed:0.64025
chase:0.63825
first contact:0.634
technology:0.62575
history:0.6255
catastrophe:0.62025
us history:0.614
love story:0.613
effects:0.60925
oscar:0.60125
masterpiece:0.6
earnest:0.597
light:0.5845
mentor:0.58
betrayal:0.57725
cinematography:0.57575
70mm:0.57175
intense:0.568
based on book:0.56525
oscar (best effects - visual effects):0.56275
idealism:0.5605
great ending:0.55675
transformation:0.544
visually stunning:0.54225
adventure:0.53575
visually appealing:0.52975
oscar (best supporting actress):0.52575
unusual plot structure:0.52025
redemption:0.518
adaptation:0.5135
stunning:0.512
visuals:0.50975
drama:0.50925
original plot:0.50875
colourful:0.503
narrated:0.5015
exciting:0.49875
jews:0.48925
oscar (best actress):0.4815
adapted from:book:0.4765
romantic:0.474
culture clash:0.4735
afi 100 (movie quotes):0.4685
passionate:0.46825
talky:0.46775
natural disaster:0.467
criterion:0.4665
science fiction:0.46075
forceful:0.45325
inspiring:0.453
suspense:0.45275
oscar (best supporting actor):0.44925
imagination:0.44825
saturn award (best special effects):0.44625
sci fi:0.4415
