world war ii:0.9635
sacrifice:0.9625
china:0.9195
brutality:0.88725
wwii:0.8695
survival:0.8655
wartime:0.8565
history:0.7595
based on a book:0.751
war:0.744
story:0.7375
japan:0.71625
courage:0.711
brutal:0.68075
life & death:0.65975
prostitution:0.65025
violence:0.6405
redemption:0.606
harsh:0.6055
historical:0.60425
catastrophe:0.59475
best war films:0.59375
stereotypes:0.58675
dramatic:0.5725
visually appealing:0.555
original:0.5525
japanese:0.54775
action:0.546
beautiful scenery:0.5335
tragedy:0.5185
pg-13:0.51825
us history:0.516
women:0.51525
visually stunning:0.49925
sentimental:0.494
chase:0.48675
culture clash:0.48175
propaganda:0.477
pornography:0.4765
drama:0.471
storytelling:0.46825
war movie:0.461
great ending:0.457
prejudice:0.45675
humanity:0.45575
underrated:0.45475
touching:0.4415
unlikely friendships:0.43725
genocide:0.436
nudity (full frontal - brief):0.43575
mentor:0.43575
intense:0.43075
cinematography:0.43075
death:0.4295
nazis:0.42475
friendship:0.42075
great:0.41975
predictable:0.4195
slavery:0.4185
ethnic conflict:0.4175
revenge:0.4095
islam:0.40925
dialogue:0.40775
corruption:0.40325
grim:0.4
good:0.3975
transformation:0.391
good acting:0.38825
based on true story:0.38425
justice:0.38075
germany:0.37075
not funny:0.36925
finnish:0.367
true story:0.36675
teen:0.36225
sexualized violence:0.35725
unfunny:0.357
politics:0.35475
big budget:0.3525
destiny:0.3465
gangs:0.3435
holocaust:0.34325
fight scenes:0.343
giant robots:0.3395
nudity (topless - notable):0.33375
literary adaptation:0.33275
emotional:0.3295
natural disaster:0.32225
greed:0.3175
weapons:0.31675
suprisingly clever:0.3165
christian:0.3165
runaway:0.3155
apocalypse:0.3145
vengeance:0.314
catholicism:0.30825
foreign:0.30675
silly fun:0.305
unrealistic:0.302
forceful:0.295
