adultery:0.95175
philosophical:0.93625
relationships:0.91875
intellectual:0.8815
complex:0.881
dark humor:0.82625
great acting:0.825
imdb top 250:0.82275
drama:0.8195
greed:0.812
loneliness:0.8005
oscar (best directing):0.798
bleak:0.7855
character study:0.78525
talky:0.7685
guilt:0.76675
crime:0.755
cerebral:0.74925
oscar (best actress):0.7485
witty:0.748
original:0.747
interesting:0.74325
downbeat:0.73725
life & death:0.736
existentialism:0.73325
criterion:0.73075
social commentary:0.7185
infidelity:0.7045
cynical:0.69475
masterpiece:0.69075
morality:0.6855
obsession:0.68475
golden palm:0.683
intimate:0.6825
thought-provoking:0.67975
secrets:0.677
murder:0.67575
dramatic:0.6755
very interesting:0.67275
moral ambiguity:0.669
oscar (best supporting actress):0.66375
enigmatic:0.66375
affectionate:0.66225
philosophy:0.6495
honest:0.6325
clever:0.6295
murder mystery:0.628
unusual plot structure:0.62675
god:0.626
mentor:0.62325
crime gone awry:0.62225
dialogue:0.61
humorous:0.60925
bittersweet:0.59275
life philosophy:0.589
melancholy:0.58775
corruption:0.5865
great:0.5845
art:0.5825
artistic:0.57525
judaism:0.5745
ironic:0.56975
suprisingly clever:0.55925
reflective:0.5545
earnest:0.54825
great ending:0.54575
marriage:0.54275
storytelling:0.53725
excellent script:0.5355
narrated:0.53425
intelligent:0.5295
tragedy:0.52125
great movie:0.52075
dark:0.5205
redemption:0.518
meditative:0.51525
passionate:0.50725
pornography:0.5045
manipulation:0.50425
satire:0.50225
based on a play:0.5015
story:0.50125
good soundtrack:0.4995
writers:0.49625
very funny:0.48775
melancholic:0.48775
perfect:0.48625
whimsical:0.4805
complex characters:0.47625
depression:0.47325
visually appealing:0.4705
catastrophe:0.46875
tense:0.4685
twists & turns:0.468
dysfunctional family:0.46475
atmospheric:0.464
unlikeable characters:0.4565
psychological:0.4545
black comedy:0.45025
literature:0.44975
