poland:0.9485
censorship:0.92575
criterion:0.91975
golden palm:0.872
artistic:0.8415
drinking:0.83275
existentialism:0.80475
intimate:0.8005
childhood:0.7995
talky:0.79825
obsession:0.7945
reflective:0.78825
loneliness:0.78
movielens top pick:0.7645
enigmatic:0.7635
black and white:0.76275
artist:0.74275
downbeat:0.73925
art:0.7275
bleak:0.727
oscar (best foreign language film):0.7015
weird:0.695
indie:0.67425
meditative:0.6625
documentary:0.66225
melancholic:0.658
melancholy:0.648
runaway:0.6275
life philosophy:0.621
social commentary:0.61925
original:0.6095
affectionate:0.60325
free to download:0.60025
pornography:0.58825
finnish:0.581
independent film:0.57375
russian:0.55275
grim:0.54625
life & death:0.54375
wistful:0.54125
off-beat comedy:0.53375
male nudity:0.5255
harsh:0.5235
great:0.50125
life:0.49625
silent:0.48675
greed:0.4845
quirky:0.48275
fighting the system:0.4565
friendship:0.455
utopia:0.45025
satirical:0.43475
allegory:0.43325
black comedy:0.43275
character study:0.431
biting:0.431
dreamlike:0.43075
cynical:0.42425
eccentricity:0.423
hotel:0.4225
very interesting:0.4155
addiction:0.40875
catastrophe:0.4085
macabre:0.406
depression:0.405
honest:0.4015
breathtaking:0.39975
cerebral:0.39575
poetry:0.3925
bittersweet:0.3865
foreign:0.381
nocturnal:0.38
crime gone awry:0.37975
poignant:0.3735
grindhouse:0.37175
small town:0.37
segregation:0.3635
passionate:0.363
imdb top 250:0.36075
controversial:0.3595
low budget:0.35575
masterpiece:0.3515
compassionate:0.3495
great ending:0.3445
disturbing:0.3425
writer's life:0.34025
maze:0.3325
atmospheric:0.32925
depressing:0.3255
love:0.32475
stylized:0.323
surreal:0.3215
writers:0.32075
ironic:0.31475
queer:0.30125
new jersey:0.30125
1970s:0.3
hallucinatory:0.2995
dreams:0.29775
whimsical:0.29775
