relationships:0.86075
loneliness:0.79875
dialogue:0.77825
original:0.7445
life philosophy:0.7415
redemption:0.716
pretentious:0.70475
multiple storylines:0.687
indie:0.61375
melancholic:0.5725
great ending:0.56875
complex:0.568
existentialism:0.55875
entirely dialogue:0.5555
life:0.5485
independent film:0.53675
intellectual:0.53675
twists & turns:0.535
drinking:0.52725
visually appealing:0.47475
talky:0.4735
solitude:0.45825
weird:0.45625
pointless:0.453
quirky:0.453
good soundtrack:0.44975
philosophy:0.4445
catastrophe:0.44
plot:0.437
writers:0.4355
great acting:0.4275
gypsy accent:0.41925
very interesting:0.41675
gangsters:0.4085
destiny:0.3995
cerebral:0.39775
character study:0.3915
meditative:0.39075
intimate:0.39
nudity (topless - notable):0.38925
mentor:0.383
ensemble cast:0.37075
philosophical:0.36875
dialogue driven:0.3685
harsh:0.3675
criterion:0.36
rats:0.35875
pornography:0.35775
surreal:0.35775
brutality:0.3565
nocturnal:0.3535
suprisingly clever:0.349
storytelling:0.34725
clever:0.34675
life & death:0.3385
shallow:0.33725
greed:0.33675
grindhouse:0.3335
fantasy world:0.32475
dysfunctional family:0.31875
depression:0.3175
first contact:0.3145
enigmatic:0.3135
culture clash:0.309
justice:0.3045
nudity (full frontal - brief):0.3
drama:0.3
male nudity:0.29025
bad plot:0.2885
predictable:0.28575
adaptation:0.27575
weapons:0.274
addiction:0.2735
vengeance:0.27325
not funny:0.26825
cinematography:0.267
dark hero:0.2655
shopping:0.264
sci fi:0.26175
cult film:0.26075
small town:0.26075
runaway:0.2595
ethnic conflict:0.259
cool:0.25575
off-beat comedy:0.25475
lone hero:0.253
good:0.2495
unusual plot structure:0.24725
visually stunning:0.246
cult classic:0.24375
story:0.243
golden palm:0.24275
pulp:0.2415
slow:0.2415
love:0.241
crude humor:0.24
los angeles:0.23875
good dialogue:0.2385
original plot:0.23625
stylized:0.23525
