greed:0.97325
money:0.70025
original:0.6805
suprisingly clever:0.5575
twists & turns:0.52
mentor:0.47575
quirky:0.47325
catastrophe:0.4205
comedy:0.41775
allegory:0.413
corruption:0.40875
story:0.3975
great:0.3905
very funny:0.37975
drama:0.36525
betrayal:0.362
very interesting:0.36
dialogue:0.34575
morality:0.338
entertaining:0.3375
dark comedy:0.3295
great acting:0.3245
jews:0.31425
beautiful scenery:0.3115
destiny:0.3105
black comedy:0.30625
grindhouse:0.3005
absurd:0.2995
culture clash:0.29525
good soundtrack:0.291
happy ending:0.2865
original plot:0.28525
unusual plot structure:0.2835
bad ending:0.27875
storytelling:0.2775
great ending:0.27625
predictable:0.2745
road movie:0.2685
pornography:0.266
adaptation:0.2655
clever:0.2635
harsh:0.263
not funny:0.2625
sexy:0.26225
magic:0.26175
romance:0.26075
good:0.258
chase:0.25775
runaway:0.2565
stupidity:0.2545
nudity (topless - notable):0.2545
obsession:0.25275
life philosophy:0.24925
bank robbery:0.248
doctors:0.2415
crime gone awry:0.24
entirely dialogue:0.23825
good acting:0.236
fantasy world:0.235
first contact:0.2305
police investigation:0.22825
light:0.22775
writers:0.22675
melancholic:0.2265
brutality:0.226
erotic:0.22475
exceptional acting:0.21975
feel-good:0.219
bad plot:0.21675
stylized:0.2165
pulp:0.21625
violent:0.216
funny:0.2115
vengeance:0.209
prejudice:0.205
feel good movie:0.20175
adapted from:book:0.19975
underrated:0.19725
good dialogue:0.19575
thought-provoking:0.19525
visually appealing:0.192
relationships:0.18875
unlikely friendships:0.18775
violence:0.185
nudity (full frontal - notable):0.18375
cinematography:0.18375
end of the world:0.18325
overrated:0.18125
crude humor:0.18
hotel:0.17925
fun movie:0.179
gangsters:0.17525
social commentary:0.17425
lone hero:0.1735
unfunny:0.173
natural disaster:0.1725
nocturnal:0.1715
intimate:0.16975
complex:0.16925
cool:0.166
