funny:0.88625
comedy:0.88175
original:0.8475
goofy:0.82725
gilliam:0.80675
hilarious:0.79725
very funny:0.7965
british:0.7535
weird:0.7365
british comedy:0.73075
absurd:0.72675
cool:0.704
funny as hell:0.69175
good:0.68825
highly quotable:0.686
light:0.64275
chase:0.6345
quotable:0.6335
dialogue:0.62975
great:0.6275
good soundtrack:0.6265
clever:0.6205
witty:0.61775
fun:0.60925
satire:0.607
distopia:0.602
mentor:0.59925
silly fun:0.59575
visually appealing:0.5905
awesome soundtrack:0.588
criterion:0.57975
fun movie:0.578
male nudity:0.5755
humor:0.562
great movie:0.559
whimsical:0.5575
classic:0.545
adaptation:0.543
affectionate:0.53975
unusual plot structure:0.53525
artistic:0.5335
narrated:0.53175
pornography:0.531
parody:0.5305
author:neil gaiman:0.52825
dystopic future:0.52125
surreal:0.521
farce:0.51
off-beat comedy:0.507
crazy:0.5005
cult film:0.4935
adapted from:book:0.4885
artist:0.4865
funniest movies:0.48575
great ending:0.485
sweet:0.485
social commentary:0.48175
culture clash:0.48125
drama:0.478
based on book:0.47725
silly:0.47625
catastrophe:0.4745
story:0.4725
talky:0.471
original plot:0.46625
excellent script:0.46
humorous:0.4595
moral ambiguity:0.45325
surveillance:0.452
fantasy world:0.44875
pg-13:0.44625
very interesting:0.44075
macabre:0.43975
england:0.439
underrated:0.43575
cult classic:0.43525
dark humor:0.433
visually stunning:0.432
love:0.4285
drinking:0.42475
based on a book:0.42375
satirical:0.42
rock and roll:0.4195
crude humor:0.4165
crime gone awry:0.416
feel-good:0.40925
harsh:0.40425
interesting:0.40225
visual:0.402
forceful:0.4015
storytelling:0.401
fight scenes:0.3995
destiny:0.3995
melancholic:0.39925
plot twist:0.39475
black comedy:0.3935
london:0.39325
depression:0.3895
race issues:0.3845
suspense:0.38425
