life & death:0.972
death:0.96025
depression:0.9055
existentialism:0.86775
melancholic:0.785
emotional:0.771
guilt:0.75525
loneliness:0.74825
original:0.735
character study:0.7095
touching:0.68925
dramatic:0.689
cathartic:0.67275
intense:0.66075
bleak:0.65675
complex:0.6555
reflective:0.64825
downbeat:0.647
great ending:0.63625
meditative:0.632
life philosophy:0.62375
enigmatic:0.6205
drama:0.61475
hospital:0.592
psychology:0.5915
intimate:0.58525
redemption:0.574
afterlife:0.57025
poignant:0.568
melancholy:0.561
catastrophe:0.5445
social commentary:0.54225
weird:0.5415
good soundtrack:0.5415
suicide:0.5335
bittersweet:0.53175
dark humor:0.529
cerebral:0.52775
solitude:0.52525
addiction:0.51675
tragedy:0.51525
storytelling:0.512
mentor:0.5055
transformation:0.501
immortality:0.497
cancer:0.4965
underrated:0.4775
great acting:0.45825
drinking:0.45675
life:0.45075
visceral:0.43275
survival:0.42825
humanity:0.42825
great:0.42525
psychological:0.42325
story:0.41575
dialogue:0.41375
workplace:0.4115
thought-provoking:0.41
suicide attempt:0.40725
harsh:0.40625
unlikely friendships:0.40475
dysfunctional family:0.4045
complex characters:0.3995
mozart:0.39175
visually appealing:0.3875
gunfight:0.38325
grim:0.38025
philosophy:0.38
beautifully filmed:0.37975
first contact:0.3785
interesting:0.37725
exceptional acting:0.3735
apocalypse:0.3725
obsession:0.368
cinematography:0.36325
oscar:0.36275
friendship:0.3575
family drama:0.356
culture clash:0.35375
golden palm:0.352
off-beat comedy:0.35025
relationships:0.3475
not funny:0.3475
criterion:0.3465
creativity:0.34575
memory:0.3445
surreal:0.3375
good acting:0.33675
imdb top 250:0.3345
runaway:0.33325
suprisingly clever:0.332
absurd:0.326
philosophical:0.32525
quirky:0.32425
small town:0.3225
light:0.32225
good:0.31625
oscar (best supporting actress):0.315
california:0.31075
