horror:0.968
modern fantasy:0.94275
creepy:0.9035
monster:0.8465
cult classic:0.80775
supernatural:0.79775
allegory:0.77025
suspenseful:0.7455
low budget:0.73375
original:0.72
monsters:0.69825
camp:0.696
cult film:0.69475
nocturnal:0.6875
eerie:0.6855
demons:0.65075
suspense:0.6435
paranoia:0.6335
so bad it's funny:0.63
splatter:0.62025
sci fi:0.61675
sci-fi:0.60925
scary:0.59775
gothic:0.59375
gory:0.58575
survival:0.578
science fiction:0.57375
mad scientist:0.5635
transformation:0.5535
weird:0.549
adventure:0.54675
atmospheric:0.518
author:neil gaiman:0.50375
ominous:0.503
greed:0.48525
pulp:0.481
frightening:0.4755
effects:0.46975
claustrophobic:0.4605
predictable:0.44225
enigmatic:0.43425
unusual plot structure:0.42575
dialogue:0.41375
scifi:0.4075
stop motion:0.39925
catastrophe:0.39325
macabre:0.386
immortality:0.38375
paranoid:0.38275
first contact:0.37475
dark:0.374
doctors:0.372
great ending:0.3705
campy:0.37
mentor:0.36975
80s:0.3655
cinematography:0.3635
not funny:0.3565
isolation:0.35375
weapons:0.33275
island:0.32825
criterion:0.3175
teleportation:0.315
slasher:0.3145
psychological:0.308
werewolf:0.307
disturbing:0.30675
special effects:0.304
silly fun:0.30275
brutality:0.301
insanity:0.30025
vengeance:0.2995
great:0.298
story:0.2945
zombie:0.294
solitude:0.2935
humanity:0.29225
gruesome:0.2905
talky:0.28375
grindhouse:0.283
dark fantasy:0.28275
haunted house:0.2775
lone hero:0.27625
entirely dialogue:0.2755
fantasy world:0.26775
spiders:0.26725
overrated:0.26675
wilderness:0.26675
bad plot:0.26625
visually appealing:0.262
ghosts/afterlife:0.259
sexualized violence:0.25675
dreamlike:0.254
fantasy:0.25375
adaptation:0.253
clowns:0.2515
franchise:0.25125
bad ending:0.2475
good:0.2465
quirky:0.24575
