vampires:0.9985
vampire:0.996
action:0.9915
fight scenes:0.9815
dark hero:0.98075
based on a comic:0.9685
good sequel:0.945
action packed:0.94175
good action:0.933
sequel:0.932
sequels:0.921
super hero:0.91125
comic book:0.9075
dynamic cgi action:0.89675
superheroes:0.88975
cool:0.88475
special effects:0.88075
big budget:0.87375
mutants:0.85775
weapons:0.857
marvel:0.85175
based on comic:0.8485
fast paced:0.843
mentor:0.839
blood:0.825
superhero:0.82175
super-hero:0.81325
franchise:0.7925
original:0.7915
fighting:0.79075
gory:0.79025
nocturnal:0.7715
awesome soundtrack:0.76425
pg-13:0.751
violence:0.736
realistic action:0.735
crappy sequel:0.7295
violent:0.71275
gothic:0.7125
ninja:0.7055
splatter:0.70425
better than expected:0.70275
graphic novel:0.70175
mythology:0.69075
goth:0.689
vengeance:0.6845
sword fight:0.681
adapted from:comic:0.68025
alter ego:0.6455
bad cgi:0.64425
martial arts:0.64025
dialogue:0.62125
bad plot:0.617
good:0.6165
stylish:0.616
bloody:0.608
transformation:0.6055
effects:0.605
lone hero:0.60275
great movie:0.601
kung fu:0.601
vigilante:0.59975
fun movie:0.5865
comics:0.5815
cgi:0.577
predictable:0.572
horror:0.57175
chase:0.57
story:0.56025
entertaining:0.533
revenge:0.527
computer game:0.52425
computer animation:0.521
fun:0.514
werewolves:0.514
apocalypse:0.51025
brutality:0.50425
great:0.503
stylized:0.48825
video game:0.48475
virus:0.484
great ending:0.47725
silly:0.4745
trilogy:0.472
good soundtrack:0.46875
betrayal:0.468
silly fun:0.4665
exciting:0.4575
adaptation:0.45275
visually appealing:0.441
visual:0.43875
goofy:0.4385
survival:0.43775
anti-hero:0.43575
catastrophe:0.434
supernatural:0.43375
guns:0.4275
comic book adaption:0.424
redemption:0.41875
original plot:0.4165
