china:0.97725
war:0.93975
history:0.93125
epic:0.91825
historical:0.8935
martial arts:0.89
based on a book:0.84375
cinematography:0.82125
vengeance:0.81
beautiful scenery:0.78925
scenic:0.781
us history:0.775
brutality:0.761
civil war:0.744
betrayal:0.7425
breathtaking:0.738
based on a true story:0.73175
visually stunning:0.72575
original:0.72125
gunfight:0.71975
sacrifice:0.68875
weapons:0.68725
fight scenes:0.68675
hong kong:0.66975
drama:0.66775
forceful:0.666
complex:0.665
storytelling:0.66225
best war films:0.63225
action:0.6245
reflective:0.62275
stunning:0.62225
violence:0.614
dramatic:0.6125
stylized:0.6045
culture clash:0.60375
mentor:0.6
war movie:0.59075
trilogy:0.57975
fighting:0.5725
criterion:0.562
melancholic:0.5615
dialogue:0.54025
courage:0.5345
kung fu:0.53225
great:0.528
ethnic conflict:0.5275
romance:0.5275
runaway:0.5205
good soundtrack:0.518
finnish:0.50475
unlikely friendships:0.5015
great movie:0.49425
great ending:0.49225
talky:0.4885
suprisingly clever:0.48825
story:0.47275
based on book:0.4675
brutal:0.4515
life philosophy:0.451
visual:0.4505
awesome soundtrack:0.44825
amazing photography:0.44725
action packed:0.44575
realistic:0.43975
bloody:0.438
catastrophe:0.43775
entirely dialogue:0.42525
beautifully filmed:0.42275
imdb top 250:0.42075
revolution:0.41925
destiny:0.4175
brothers:0.41375
unusual plot structure:0.40575
enigmatic:0.403
chase:0.40225
stereotypes:0.40025
oscar (best directing):0.3965
assassination:0.39375
twists & turns:0.39325
melancholy:0.3915
costume drama:0.38925
colourful:0.38925
honest:0.387
visually appealing:0.386
tragedy:0.38325
golden palm:0.37975
harsh:0.37925
dark hero:0.37875
highly quotable:0.37525
weird:0.37475
intense:0.3735
foreign:0.37325
hunting:0.3715
revenge:0.37
military:0.369
greed:0.36575
classic car:0.3605
good:0.36025
corruption:0.35975
