robot:0.99675
robots:0.995
future:0.99125
futuristic:0.96575
science fiction:0.95625
technology:0.951
visually appealing:0.92825
memory loss:0.91325
memory:0.911
scifi:0.9075
liv tyler:0.89075
original:0.88175
artificial intelligence:0.8615
existentialism:0.8345
androids:0.82775
storytelling:0.82775
sci fi:0.8245
heist:0.81775
touching:0.816
crime:0.79725
clever:0.79625
melancholic:0.79
giant robots:0.77825
loneliness:0.77425
friendship:0.766
enigmatic:0.76325
story:0.7575
solitude:0.75225
heartwarming:0.74825
humor:0.747
sci-fi:0.747
feel-good:0.74375
complex:0.74275
imdb top 250:0.737
twists & turns:0.72825
drama:0.722
plot twist:0.72025
whimsical:0.72
utopia:0.71525
thought-provoking:0.70875
mentor:0.706
surveillance:0.70575
great ending:0.7005
cerebral:0.7
good:0.7
feel good movie:0.69225
interesting:0.67475
dialogue:0.66925
visually stunning:0.66875
android(s)/cyborg(s):0.6625
greed:0.6615
beautifully filmed:0.65875
visual:0.654
original plot:0.646
aging:0.6435
family drama:0.63875
unlikely friendships:0.6325
redemption:0.629
first contact:0.6265
life:0.62325
chase:0.61625
very interesting:0.61
poignant:0.60975
caper:0.609
destiny:0.6065
family:0.60525
good acting:0.60025
social commentary:0.5995
justice:0.59
pg-13:0.58675
life philosophy:0.5825
bittersweet:0.581
slow paced:0.57825
secrets:0.5775
runaway:0.57525
dystopic future:0.571
suspense:0.56825
parallel universe:0.5675
intelligent:0.56675
underrated:0.56525
movielens top pick:0.5545
philosophical:0.55175
plot:0.5505
scenic:0.54775
catastrophe:0.547
weird:0.54675
childhood:0.54375
philosophy:0.54225
suprisingly clever:0.53775
life & death:0.537
good soundtrack:0.53
quirky:0.52925
beautiful scenery:0.52625
cinematography:0.525
dystopia:0.524
relationships:0.52225
great acting:0.5205
intense:0.51725
creativity:0.51525
emotional:0.50525
