hitchcock:0.99925
murder:0.97025
murder mystery:0.963
suspense:0.896
talky:0.8925
chase:0.84475
investigation:0.83875
detective:0.82325
police investigation:0.8225
suspenseful:0.8145
obsession:0.7815
manipulation:0.7635
twists & turns:0.759
runaway:0.75175
surprise ending:0.75125
plot twist:0.74975
noir:0.74125
great ending:0.73025
betrayal:0.7295
complicated:0.72525
cheating:0.698
guilt:0.698
clever:0.6975
mistaken identity:0.6915
secrets:0.6905
based on a play:0.6865
original:0.6795
crime:0.6745
thriller:0.67275
enigmatic:0.67025
twist ending:0.65775
plot:0.65525
dialogue:0.654
criterion:0.635
neo-noir:0.63475
twist:0.63225
greed:0.63125
tense:0.61625
tricky:0.6035
complex:0.6
london:0.6
identity:0.59025
mystery:0.58475
moral ambiguity:0.5745
sexy:0.57225
corruption:0.5705
oscar (best actress):0.57
very interesting:0.56675
underrated:0.5645
love triangles:0.55025
light:0.5495
storytelling:0.52225
witty:0.51875
great:0.5145
good:0.51325
noir thriller:0.51325
assassination:0.511
drama:0.5095
pornography:0.505
brutality:0.50025
psychological:0.4995
revenge:0.497
intense:0.4935
british:0.4875
unusual plot structure:0.48525
alternate endings:0.46725
dramatic:0.464
alter ego:0.45725
justice:0.45675
hitman:0.453
mentor:0.451
cinematography:0.4485
whimsical:0.4465
adultery:0.4455
great acting:0.44475
oscar (best supporting actress):0.44025
entirely dialogue:0.43825
weird:0.431
fun movie:0.42825
caper:0.42775
censorship:0.42325
1950s:0.42225
gangsters:0.41925
paranoid:0.413
atmospheric:0.41225
interesting:0.40775
police corruption:0.4065
catastrophe:0.40575
ominous:0.40525
imdb top 250:0.4
adaptation:0.4
good soundtrack:0.3985
vengeance:0.39275
divorce:0.391
visually appealing:0.39
great movie:0.388
courtroom:0.383
stylish:0.37775
romance:0.37675
suprisingly clever:0.37475
