1930s:0.94725
psychiatry:0.9355
mental illness:0.931
oscar (best actress):0.90025
biography:0.87575
melancholic:0.857
true story:0.85125
nudity (topless - brief):0.82775
mentor:0.794
depression:0.77775
eccentricity:0.76475
oscar:0.761
heartbreaking:0.75875
insanity:0.7525
life & death:0.7455
factual:0.7405
mental hospital:0.72675
oscar (best supporting actress):0.714
intense:0.70675
tragedy:0.6755
character study:0.675
original:0.6545
oscar (best directing):0.6375
depressing:0.63125
biographical:0.629
transformation:0.61525
story:0.595
hollywood:0.587
childhood:0.5775
dramatic:0.5745
great acting:0.5635
adapted from:book:0.561
women:0.55925
betrayal:0.55525
paranoia:0.55525
drama:0.555
life:0.5535
relationships:0.54975
psychology:0.54775
adaptation:0.54725
good soundtrack:0.54625
great:0.535
based on book:0.528
manipulation:0.527
psychiatrist:0.5265
social commentary:0.524
reflective:0.5225
unusual plot structure:0.52225
unlikely friendships:0.517
life philosophy:0.51575
downbeat:0.51375
fighting the system:0.5125
new york:0.509
loneliness:0.50825
poignant:0.50575
corruption:0.504
sad:0.504
runaway:0.504
great ending:0.486
disturbing:0.48075
doctors:0.476
hospital:0.473
criterion:0.46875
demons:0.4585
culture clash:0.45775
friendship:0.45575
talky:0.4485
psychological:0.443
narrated:0.43975
interesting:0.4365
justice:0.43475
idealism:0.432
emotional:0.428
mozart:0.42775
forceful:0.42725
freedom:0.4255
1970s:0.423
biopic:0.4215
passionate:0.4205
goretastic:0.41975
based on a book:0.418
fight scenes:0.4175
solitude:0.41725
redemption:0.41525
period piece:0.41075
sexualized violence:0.40925
harsh:0.40875
cinematography:0.408
catastrophe:0.40175
wistful:0.40075
dreams:0.39875
brutality:0.396
california:0.3905
stunning:0.3905
destiny:0.38925
obsession:0.38875
crazy:0.38725
compassionate:0.38675
violent:0.384
drinking:0.37825
