martial arts:0.99325
kung fu:0.977
action:0.96125
hong kong:0.96075
fight scenes:0.95225
good action:0.907
hit men:0.8935
comedy:0.85775
fighting:0.8425
chase:0.7585
original:0.74125
mentor:0.70825
fast paced:0.67975
runaway:0.63575
dialogue:0.61575
fun movie:0.58075
grindhouse:0.56625
gunfight:0.5625
car chase:0.54625
violent:0.542
classic:0.5315
nostalgic:0.529
light:0.529
brutality:0.52425
funny:0.52375
criterion:0.521
great:0.5185
weapons:0.5185
childhood:0.5175
action packed:0.51075
talky:0.50925
good soundtrack:0.50875
fun:0.5075
great movie:0.50325
breathtaking:0.5005
lone hero:0.49375
vengeance:0.4875
story:0.4825
violence:0.47925
highly quotable:0.4785
1980s:0.4775
dark hero:0.47625
cool:0.46325
very funny:0.45925
movielens top pick:0.4565
crime:0.45525
culture clash:0.4465
visceral:0.44275
drinking:0.4425
pornography:0.44175
great ending:0.4395
imdb top 250:0.42675
catastrophe:0.4245
clever:0.41875
humorous:0.41225
murder:0.41075
visually appealing:0.4035
transformation:0.40325
redemption:0.399
bad plot:0.39875
slapstick:0.39625
humor:0.396
buddy movie:0.39225
simple:0.39075
cult classic:0.3905
affectionate:0.38375
funny as hell:0.38225
kick-butt women:0.37975
drama:0.37525
classic car:0.374
comic:0.37275
unlikely friendships:0.3725
melancholic:0.36925
stunning:0.363
art:0.36225
assassination:0.361
masterpiece:0.36
stylized:0.35975
police:0.357
brothers:0.35575
police investigation:0.35575
justice:0.346
social commentary:0.3435
entertaining:0.34175
entirely dialogue:0.34125
nudity (full frontal - brief):0.33825
suprisingly clever:0.338
witty:0.337
china:0.3325
wuxia:0.3315
80s:0.32925
storytelling:0.329
stylish:0.328
plot:0.32525
adapted from:book:0.325
visually stunning:0.323
dragons:0.323
revenge:0.3225
intimate:0.31825
cult film:0.31575
