catholicism:0.9515
history:0.877
france:0.8565
god:0.8145
medieval:0.81
christianity:0.8095
historical:0.79925
great:0.7905
us history:0.75175
story:0.74925
mission from god:0.71375
original:0.699
destiny:0.6985
visually stunning:0.643
england:0.63175
pg-13:0.61125
fantasy world:0.5925
brutality:0.5785
big budget:0.57775
good:0.5715
betrayal:0.558
inspiring:0.54275
revolution:0.5355
dialogue:0.529
inspirational:0.51225
transformation:0.502
religion:0.49375
camp:0.49225
mentor:0.48925
adaptation:0.48425
dynamic cgi action:0.48075
epic:0.4795
teen:0.47775
true story:0.45375
murder:0.44775
chase:0.44625
culture clash:0.441
predictable:0.4275
science fiction:0.42725
life philosophy:0.427
dramatic:0.41675
school:0.4165
future:0.41525
excellent:0.4105
crude humor:0.4055
storytelling:0.404
courage:0.40325
catastrophe:0.4025
teacher:0.40225
great ending:0.3885
stereotypes:0.3885
idealism:0.37975
new orleans:0.37875
christian:0.3755
childhood:0.3755
fight scenes:0.37475
nudity (full frontal - brief):0.373
shallow:0.366
insanity:0.3645
jesus:0.3635
grindhouse:0.35925
great movie:0.358
not funny:0.35625
sacrifice:0.355
script:0.346
family:0.3425
psychological:0.3405
nerds:0.3405
writers:0.34
bad ending:0.33325
franchise:0.33275
redemption:0.33225
justice:0.328
mental illness:0.32775
first contact:0.327
fantasy:0.32425
islam:0.32125
runaway:0.31975
rebellion:0.31875
teen movie:0.31825
segregation:0.31825
harsh:0.3175
silly fun:0.3145
psychology:0.31375
police investigation:0.312
good soundtrack:0.31025
visually appealing:0.31
fighting:0.30875
biblical:0.30375
based on a book:0.30325
life & death:0.3
great acting:0.3
british:0.29975
pornography:0.2985
vengeance:0.2965
fashion:0.29525
dystopia:0.29075
notable nudity:0.2905
intense:0.29025
melancholic:0.28
