christmas:0.999
holiday:0.9955
stop motion:0.99025
classic:0.98375
childhood:0.91275
children:0.85975
special:0.852
family:0.8465
computer animation:0.8195
toys:0.8165
stop-motion:0.80725
original:0.79875
animation:0.79825
island:0.78675
narrated:0.7205
cartoon:0.70925
talking animals:0.69125
kids:0.6905
story:0.689
great:0.64425
colourful:0.621
nostalgic:0.6185
sweet:0.6105
storytelling:0.5805
animals:0.5745
cult film:0.5635
great ending:0.55575
lions:0.54875
fantasy world:0.54025
fun movie:0.534
adventure:0.53125
made for tv:0.52875
happy ending:0.50725
cute:0.506
catastrophe:0.50575
light:0.49825
dialogue:0.49725
beautifully filmed:0.495
kids and family:0.47875
animated:0.47525
transformation:0.47425
imagination:0.472
coming of age:0.47
redemption:0.467
greed:0.46225
affectionate:0.4615
first contact:0.45775
animal movie:0.45675
great movie:0.45225
brainwashing:0.44625
mentor:0.4435
beautiful scenery:0.4365
destiny:0.435
fairy tales:0.4345
weird:0.4335
suprisingly clever:0.432
fairy tale:0.43
scenic:0.42975
heartwarming:0.42375
adapted from:book:0.42225
simple:0.42125
spiders:0.4185
puppets:0.414
fantasy:0.41175
sacrifice:0.409
unusual plot structure:0.40475
love:0.4005
culture clash:0.39675
touching:0.39125
good versus evil:0.39075
technology:0.3865
1970s:0.38175
series:0.37825
love story:0.37775
magic:0.377
runaway:0.37425
whimsical:0.374
quotable:0.37
romantic:0.3685
courage:0.366
based on book:0.36025
good soundtrack:0.354
life philosophy:0.35275
cute!:0.3485
memory:0.346
oscar (best actress):0.34425
enigmatic:0.343
imdb top 250:0.3415
based on a tv show:0.34025
oscar winner:0.3395
oscar (best supporting actress):0.3385
brutality:0.33475
very funny:0.32975
1980s:0.32925
aging:0.327
criterion:0.3265
giant robots:0.32125
oscar (best directing):0.3195
death:0.3155
creativity:0.31425
