western:0.97525
spaghetti western:0.947
humor:0.94125
pornography:0.92975
gunfight:0.92725
spanish:0.908
life & death:0.86125
original:0.85475
comedy:0.84525
spain:0.78225
goofy:0.7805
silly:0.76475
irreverent:0.749
good soundtrack:0.7415
whimsical:0.72825
desert:0.71575
mentor:0.71125
culture clash:0.70875
coming-of-age:0.69975
nostalgia:0.68975
humorous:0.68825
unlikely friendships:0.6805
surreal:0.6775
cult classic:0.6715
funny:0.65675
friendship:0.65575
secrets:0.6515
texas:0.651
silly fun:0.641
destiny:0.6405
bittersweet:0.64
nudity (full frontal - notable):0.6395
fight scenes:0.633
childhood:0.619
weird:0.6155
light:0.6035
nostalgic:0.60125
very funny:0.596
chase:0.5925
sentimental:0.58725
drinking:0.583
affectionate:0.5755
islam:0.573
action packed:0.5685
colourful:0.559
drugs:0.5565
harsh:0.55375
indians:0.5535
hilarious:0.553
melancholic:0.5525
cult film:0.55125
death:0.545
anti-hero:0.53975
life:0.53575
quirky:0.533
male nudity:0.53075
storytelling:0.5285
nudity (full frontal - brief):0.52675
feel-good:0.5235
classic car:0.5225
depression:0.522
survival:0.51975
criterion:0.5105
existentialism:0.49875
argentina:0.497
foul language:0.4965
cool:0.49475
reflective:0.4935
family drama:0.49075
runaway:0.4865
funny as hell:0.4865
beautifully filmed:0.48625
good action:0.48575
loneliness:0.483
nudity (topless - notable):0.47975
fun:0.47325
dreams:0.47275
allegory:0.45375
social commentary:0.453
coming of age:0.45
absurd:0.44875
screwball:0.4465
action:0.4455
entertaining:0.44375
drug abuse:0.44275
catastrophe:0.44225
golden palm:0.436
great:0.4325
prostitution:0.43225
great ending:0.4315
sexual:0.431
violence:0.42625
touching:0.42325
unusual plot structure:0.422
crazy:0.42175
stylized:0.42175
island:0.419
unfunny:0.41875
bullying:0.418
predictable:0.41525
