stop motion:0.99425
oscar (best animated feature):0.9905
visually appealing:0.98175
depp & burton:0.9815
animation:0.9745
stop-motion:0.96875
visually stunning:0.947
dark:0.9185
dark fantasy:0.904
afterlife:0.9005
animated:0.89425
visual:0.886
computer animation:0.877
fairy tale:0.87475
colourful:0.86375
goth:0.85175
original:0.8455
storytelling:0.8325
stylized:0.8315
macabre:0.83125
whimsical:0.82975
weird:0.8255
gothic:0.81625
musical:0.79175
fantasy world:0.7915
visuals:0.7835
melancholic:0.76275
life & death:0.75825
loneliness:0.756
claymation:0.753
destiny:0.73225
beautiful:0.724
fairy tales:0.70675
story:0.704
music:0.70075
good soundtrack:0.68325
love story:0.669
great ending:0.657
ghosts/afterlife:0.64375
lyrical:0.63625
artistic:0.62175
creativity:0.62025
stunning:0.6185
great:0.61275
clever:0.61125
spiders:0.589
beautifully filmed:0.562
bittersweet:0.56075
death:0.55375
cartoon:0.55075
great music:0.5485
good music:0.5455
dialogue:0.54325
nocturnal:0.5305
imagination:0.52775
melancholy:0.52575
plot:0.523
great movie:0.5205
dark humor:0.519
good:0.50825
atmospheric:0.50525
quirky:0.50475
transformation:0.49525
children:0.47975
family:0.473
19th century:0.47275
romance:0.46975
creepy:0.468
interesting:0.46725
art:0.4495
animals:0.44825
redemption:0.439
social commentary:0.43325
original plot:0.42225
fantasy:0.42125
life philosophy:0.42025
alone in the world:0.41525
light:0.40675
catastrophe:0.40625
ghosts:0.40525
witty:0.40225
very funny:0.4005
better than expected:0.39825
romantic:0.393
great soundtrack:0.392
surreal:0.39125
affectionate:0.3895
stylish:0.387
humorous:0.38375
special:0.382
breathtaking:0.3805
suprisingly clever:0.375
emotional:0.37425
imdb top 250:0.37325
adaptation:0.37325
awesome soundtrack:0.37125
entirely dialogue:0.3695
culture clash:0.36775
cinematography:0.367
magic:0.367
