immortality:0.95725
futuristic:0.939
science fiction:0.7875
surreal:0.7825
original:0.7355
sci fi:0.69675
brutality:0.69425
violence:0.6815
cerebral:0.6045
scifi:0.5965
pretentious:0.58575
weird:0.57
insanity:0.55925
cult film:0.55425
sci-fi:0.54275
dialogue:0.518
dreamlike:0.5175
absurd:0.5005
quirky:0.489
cult classic:0.488
forceful:0.47775
life philosophy:0.46975
talky:0.4625
humanity:0.4605
mentor:0.454
runaway:0.44825
criterion:0.4445
nudity (full frontal - notable):0.439
pornography:0.43625
art house:0.4355
nudity (full frontal - brief):0.43475
so bad it's funny:0.432
catastrophe:0.4245
melancholic:0.4075
writers:0.3955
erotic:0.39475
great ending:0.39425
pointless:0.388
enigmatic:0.3865
very interesting:0.386
good soundtrack:0.385
nudity (topless - notable):0.38375
harsh:0.3835
distopia:0.3805
existentialism:0.37575
overrated:0.374
surrealism:0.358
not funny:0.35525
allegory:0.351
death:0.343
segregation:0.3415
whimsical:0.3405
entirely dialogue:0.33675
complex:0.3355
paranoid:0.33275
low budget:0.33175
sexual:0.33075
visually appealing:0.32825
adaptation:0.32725
philosophical:0.32525
adapted from:book:0.323
first contact:0.319
women:0.319
satirical:0.31325
brutal:0.30875
sexualized violence:0.308
stylized:0.307
culture clash:0.30075
unusual plot structure:0.2995
fantasy:0.29875
destiny:0.29875
bleak:0.2975
political:0.29175
thought-provoking:0.2905
utopia:0.28825
fantasy world:0.28725
lone hero:0.28675
predictable:0.2865
storytelling:0.28625
nudity (full frontal):0.28625
campy:0.2845
vengeance:0.2805
silly:0.27975
independent film:0.27725
freedom:0.272
gangsters:0.2675
weapons:0.264
nudity (topless):0.26125
cynical:0.2605
clever:0.2585
mindfuck:0.258
politics:0.25775
fight scenes:0.256
gunfight:0.25475
light:0.25375
very funny:0.2525
life & death:0.25025
crime gone awry:0.25025
hallucinatory:0.249
imdb top 250:0.2465
