french:0.9795
france:0.97075
childhood:0.94325
beautifully filmed:0.875
nostalgic:0.853
coming of age:0.78175
bittersweet:0.7815
life philosophy:0.76775
criterion:0.70925
runaway:0.6955
paris:0.68525
oscar (best foreign language film):0.683
affectionate:0.657
beautiful scenery:0.6545
reflective:0.65175
unusual plot structure:0.6465
mentor:0.639
melancholic:0.6345
culture clash:0.62725
original:0.6195
storytelling:0.6025
adolescence:0.584
stunning:0.58175
life:0.57275
scenic:0.56575
suprisingly clever:0.56425
beautiful:0.559
idealism:0.5545
story:0.554
great:0.55275
friendship:0.55125
poignant:0.54275
heartwarming:0.52925
golden palm:0.52625
unlikely friendships:0.52175
parenthood:0.5115
biographical:0.50775
visually appealing:0.5035
art:0.50125
movielens top pick:0.49925
cinematography:0.498
depression:0.489
melancholy:0.48425
talky:0.47375
children:0.47225
great ending:0.46975
books:0.466
secrets:0.4565
simple:0.45275
imdb top 250:0.45225
fantasy world:0.44825
foreign:0.44725
masterpiece:0.44525
catastrophe:0.42825
photography:0.42525
enigmatic:0.42325
adapted from:book:0.41375
lyrical:0.41075
intimate:0.40925
teacher:0.40775
creativity:0.40475
visually stunning:0.40125
sweet:0.4005
harsh:0.4
breathtaking:0.3995
destiny:0.39025
amazing cinematography:0.388
family:0.38725
loneliness:0.3845
literature:0.38025
meditative:0.37525
imagination:0.374
hospital:0.368
light:0.36675
life & death:0.36425
dysfunctional family:0.3575
tokyo:0.35375
existentialism:0.3515
feel-good:0.34975
feel good movie:0.34825
based on a book:0.34775
fight scenes:0.34525
dialogue:0.33975
self discovery:0.33625
earnest:0.33175
dreams:0.3305
family bonds:0.3255
good soundtrack:0.325
girlie movie:0.32425
narrated:0.32275
trilogy:0.31275
adventure:0.312
solitude:0.31075
oscar (best directing):0.30775
visual:0.30725
adaptation:0.306
cynical:0.30475
great cinematography:0.30025
based on book:0.3
emotional:0.2995
