western:0.97375
gunfight:0.9625
criterion:0.77675
pornography:0.72225
original:0.71675
dialogue:0.7095
runaway:0.679
cinematography:0.65375
murder:0.6245
so bad it's funny:0.604
camp:0.58325
childhood:0.57525
parallel universe:0.572
talky:0.56825
mentor:0.56675
sexy:0.548
police investigation:0.54025
weird:0.539
censorship:0.538
chase:0.52675
nudity (topless - notable):0.5255
unlikely friendships:0.50825
horses:0.5035
predictable:0.4995
erotic:0.475
friendship:0.47475
harsh:0.4745
great ending:0.4695
complex:0.46775
redemption:0.46475
melancholic:0.46375
80s:0.44825
story:0.44375
corruption:0.421
indians:0.418
fantasy world:0.416
moral ambiguity:0.41425
catastrophe:0.40975
great:0.4045
entirely dialogue:0.39775
kids:0.3955
good soundtrack:0.393
graphic novel:0.39275
adapted from:book:0.38875
suspense:0.3845
visually appealing:0.3835
1930s:0.383
light:0.38225
storytelling:0.3815
adaptation:0.38025
violent:0.37875
new jersey:0.374
great acting:0.3655
cult film:0.36275
violence:0.354
imdb top 250:0.35325
suspenseful:0.3525
classic:0.3515
tense:0.34875
absurd:0.34775
adventure:0.346
culture clash:0.3435
life & death:0.34175
manipulation:0.34075
gangs:0.34025
bad plot:0.336
life philosophy:0.335
allegory:0.33475
pointless:0.33425
aviation:0.33275
twists & turns:0.33225
first contact:0.3305
gangsters:0.329
romantic:0.32675
not funny:0.3245
cerebral:0.32375
unusual plot structure:0.3215
death:0.32125
bullying:0.31825
poetry:0.3175
crime gone awry:0.31725
enigmatic:0.31625
destiny:0.31375
pulp:0.313
fun movie:0.31225
music:0.312
intimate:0.31075
claustrophobic:0.31025
writers:0.309
science fiction:0.3085
passionate:0.30675
grindhouse:0.30325
scenic:0.30075
slapstick:0.30025
bad:0.2975
nudity (full frontal - notable):0.2965
obsession:0.2955
stage magic:0.2915
nudity (rear):0.29025
bizarre:0.28925
