monsters:0.92
monster:0.898
fun movie:0.86125
special effects:0.85875
action:0.8555
big budget:0.8535
so bad it's funny:0.82925
splatter:0.79375
entertaining:0.77625
alien:0.755
cool:0.7395
original:0.72975
scifi:0.7185
sci-fi:0.71375
good action:0.711
gory:0.6915
sci fi:0.67725
adventure:0.67675
stupid as hell:0.6715
survival:0.665
horror:0.65975
predictable:0.65375
fun:0.65325
cheesy:0.63325
catastrophe:0.61525
action packed:0.60375
first contact:0.59575
campy:0.59375
aliens:0.59225
dialogue:0.591
cult classic:0.554
mummy:0.55
great ending:0.54975
effects:0.5455
fast paced:0.53275
end of the world:0.52675
natural disaster:0.52
weapons:0.515
good:0.509
transformation:0.4985
cult film:0.48975
mutants:0.4855
bad acting:0.47125
snakes:0.46925
nudity (topless - notable):0.4545
pulp:0.45325
suspense:0.44725
virus:0.44325
great:0.4395
bad cgi:0.433
cgi:0.429
apocalypse:0.42625
story:0.42175
mad scientist:0.4215
not funny:0.421
mentor:0.42025
chase:0.41125
better than expected:0.4095
pg-13:0.40275
guilty pleasure:0.39725
scary:0.397
twists & turns:0.39675
goofy:0.3965
destiny:0.3955
lone hero:0.39225
fight scenes:0.386
blood:0.38525
humorous:0.3825
overrated:0.37975
ridiculous:0.37875
silly:0.37525
science fiction:0.3715
lame:0.36975
zombie:0.36825
low budget:0.3675
silly fun:0.3665
shallow:0.366
bloody:0.35975
light:0.35625
excellent script:0.35625
bad plot:0.35425
humor:0.3465
corny:0.34525
brutality:0.34325
witty:0.33475
video game:0.33425
mythology:0.33425
imdb top 250:0.33225
entirely dialogue:0.33025
so bad it's good:0.326
absurd:0.325
runaway:0.316
disaster:0.31525
superheroes:0.3115
family:0.30975
quotable:0.30925
very good:0.3085
cerebral:0.30325
grindhouse:0.303
death:0.30175
