dog:0.9895
dogs:0.97
family:0.9035
based on a book:0.83
kids and family:0.79225
fun movie:0.7615
children:0.75725
original:0.692
scotland:0.69025
beautiful scenery:0.68875
story:0.65575
cute!:0.62225
chase:0.61675
great ending:0.586
adventure:0.57925
mentor:0.57025
cute:0.5655
wartime:0.558
dialogue:0.5215
animals:0.5
heartwarming:0.493
sweet:0.4755
fun:0.4605
nostalgic:0.4595
childhood:0.44775
romance:0.4375
culture clash:0.43725
good:0.423
talking animals:0.417
great:0.406
courage:0.3905
brutality:0.3885
interracial romance:0.3885
books:0.3815
catastrophe:0.376
redemption:0.37225
disney:0.367
predictable:0.36575
animal movie:0.36375
not funny:0.3595
franchise:0.35875
cinematography:0.35
spying:0.346
happy ending:0.34575
runaway:0.3445
entertaining:0.34325
suspense:0.33425
death:0.33175
costume drama:0.33
fashion:0.3265
storytelling:0.31625
lone hero:0.30825
melancholic:0.30725
kids:0.30625
witty:0.30625
unlikely friendships:0.30575
touching:0.30425
secrets:0.3
life philosophy:0.29975
sentimental:0.2995
stereotypes:0.296
scenic:0.296
imdb top 250:0.29325
adapted from:book:0.2905
simple:0.28525
memory:0.285
swashbuckler:0.28325
friendship:0.28225
classic:0.27975
spies:0.27875
world war i:0.27525
forceful:0.2705
fantasy world:0.2685
entirely dialogue:0.2675
overrated:0.26675
adaptation:0.26675
spiders:0.26025
fight scenes:0.25975
race:0.2535
manipulation:0.251
feel-good:0.251
police investigation:0.248
screwball:0.24675
unusual plot structure:0.24625
first contact:0.24475
cartoon:0.24425
suprisingly clever:0.2415
spy:0.241
good action:0.241
espionage:0.24025
oscar (best supporting actress):0.238
criterion:0.23225
pg-13:0.23175
destiny:0.23175
exciting:0.22825
bad plot:0.2275
twists & turns:0.226
life & death:0.22575
based on book:0.22525
irish accent:0.22375
