drugs:0.8985
violence:0.88125
weed:0.82275
revenge:0.76875
original:0.76825
brutality:0.735
dialogue:0.701
brothers:0.6975
great ending:0.688
weird:0.67275
sexualized violence:0.62725
bad ending:0.62625
great:0.621
pointless:0.6185
pornography:0.6115
corruption:0.59625
murder:0.593
crime:0.59125
british:0.5785
bloody:0.577
police corruption:0.57675
vengeance:0.56175
brutal:0.5575
good soundtrack:0.55525
gangsters:0.55
great movie:0.5425
fantasy world:0.53825
sarcasm:0.5345
gratuitous violence:0.53075
life philosophy:0.53075
nudity (topless):0.526
black comedy:0.52
stereotypes:0.516
multiple storylines:0.51475
harsh:0.49475
entirely dialogue:0.4945
justice:0.49375
amy smart:0.487
british comedy:0.48525
great acting:0.48375
plot twist:0.4775
funny as hell:0.47725
scotland:0.47375
gritty:0.4705
off-beat comedy:0.46025
very funny:0.46
mentor:0.45875
dark comedy:0.458
cult film:0.45675
so bad it's funny:0.452
quirky:0.45
very interesting:0.4495
stylish:0.4485
violent:0.44325
road movie:0.44
writers:0.431
catastrophe:0.42925
nudity (topless - notable):0.42525
independent film:0.42275
drug addiction:0.42225
drama:0.41975
prostitution:0.41725
hilarious:0.417
nudity (full frontal - brief):0.41675
dysfunctional family:0.4165
culture clash:0.4155
vigilantism:0.41175
crude humor:0.40825
police investigation:0.40675
good:0.4045
storytelling:0.4015
absurd:0.40075
criterion:0.3925
plot:0.38725
twists & turns:0.385
death:0.376
clever:0.3755
melancholic:0.3715
talky:0.3705
stylized:0.36775
insanity:0.36425
marijuana:0.36375
excellent script:0.36075
predictable:0.35875
social commentary:0.3535
colourful:0.35225
visually stunning:0.35075
redemption:0.35075
runaway:0.3475
shallow:0.34725
visually appealing:0.3455
cerebral:0.33825
dark humor:0.337
cult classic:0.328
cool:0.3265
surreal:0.326
bleak:0.3255
gangster:0.32525
adaptation:0.3245
depression:0.3225
