culture clash:0.91575
relationships:0.91125
transgender:0.90625
independent film:0.875
gay:0.77525
male nudity:0.739
original:0.737
marriage:0.729
so bad it's funny:0.72125
romantic:0.6495
nudity (full frontal - notable):0.6395
feel-good:0.62
sexualized violence:0.6155
mentor:0.612
passionate:0.60775
splatter:0.599
dysfunctional family:0.592
story:0.58925
writers:0.57575
farce:0.54975
very funny:0.5445
gory:0.527
love story:0.5235
heartwarming:0.519
emotional:0.51625
multiple storylines:0.512
ensemble cast:0.5035
family drama:0.4955
natural disaster:0.49125
humorous:0.48925
destiny:0.48575
dialogue:0.48275
poetry:0.48
dramatic:0.4745
great ending:0.474
adoption:0.4735
storytelling:0.47125
nudity (topless):0.4695
stereotypes:0.469
family:0.468
hard to watch:0.467
good soundtrack:0.46675
sisters:0.464
predictable:0.46225
childhood:0.46
love:0.4545
adultery:0.44175
catastrophe:0.44025
nudity (topless - brief):0.43975
drama:0.43825
fantasy world:0.436
dumb but funny:0.43575
unlikely friendships:0.43175
great:0.4315
shallow:0.4305
melancholic:0.4155
irish accent:0.415
classic car:0.4105
bollywood:0.40475
quirky:0.39775
brutality:0.3905
psychiatry:0.3885
reflective:0.386
visually stunning:0.38475
queer:0.3835
criterion:0.37925
women:0.37575
nudity (topless - notable):0.37025
affectionate:0.3655
hip hop:0.365
bdsm:0.364
tear jerker:0.36375
redemption:0.3605
corruption:0.35925
narrated:0.35575
unfunny:0.355
parenthood:0.35375
intense:0.3525
depression:0.3525
indie:0.3525
life philosophy:0.34825
stylized:0.34775
weird:0.347
hospital:0.347
loneliness:0.347
special:0.34525
very interesting:0.3435
infidelity:0.34325
runaway:0.34075
brothers:0.3405
touching:0.33925
twists & turns:0.3375
nudity (full frontal - brief):0.33675
fight scenes:0.33225
segregation:0.33175
romance:0.33175
violence:0.33
entirely dialogue:0.3275
comedy:0.326
first contact:0.32525
