kidnapping:0.94075
serial killer:0.92525
suspenseful:0.867
police investigation:0.776
thriller:0.73275
plot holes:0.7085
alternate endings:0.67375
twist ending:0.66975
bad ending:0.6665
teen movie:0.64875
twists & turns:0.63525
so bad it's funny:0.61025
original:0.56675
great ending:0.55775
revenge:0.536
suspense:0.525
runaway:0.52125
girlie movie:0.517
catastrophe:0.5095
torture:0.5075
surveillance:0.50725
investigation:0.4915
predictable:0.47925
intense:0.47575
chase:0.4745
murder:0.4705
unusual plot structure:0.4615
teens:0.4545
better than expected:0.44225
vigilante:0.44075
underrated:0.42875
assassination:0.42475
internet:0.42075
mentor:0.41475
not funny:0.40875
teen:0.40675
tense:0.40075
pornography:0.4005
plot:0.392
guilt:0.3755
cars:0.3745
very interesting:0.37375
corruption:0.37225
twist:0.36975
women:0.366
surprise ending:0.35825
justice:0.35675
car chase:0.35625
secrets:0.345
silly:0.33075
crude humor:0.32525
plot twist:0.32375
9/11:0.32175
unrealistic:0.321
vengeance:0.31525
good:0.3145
survival:0.31325
natural disaster:0.312
classic car:0.311
life philosophy:0.31075
idiotic:0.31075
workplace:0.30875
storytelling:0.306
destiny:0.30475
life & death:0.3025
dumb:0.30225
culture clash:0.2985
dialogue:0.29575
good acting:0.29
absurd:0.28875
identity:0.28775
tricky:0.287
police corruption:0.2865
ridiculous:0.285
creativity:0.2845
conspiracy:0.284
silly fun:0.28075
fun movie:0.27625
first contact:0.2755
manipulation:0.27475
brutality:0.273
police:0.27075
betrayal:0.26825
suprisingly clever:0.26125
unfunny:0.26075
nudity (full frontal - brief):0.2605
clever:0.25725
writers:0.25575
bad plot:0.24575
pg-13:0.244
bad acting:0.24125
stupidity:0.23625
bank robbery:0.22875
action:0.22775
fight scenes:0.22625
amy smart:0.22575
transformation:0.225
erotic:0.2235
story:0.222
stupid:0.22125
