modern fantasy:0.9835
fantasy:0.9615
fairy tales:0.95625
fairy tale:0.956
magic:0.94875
adventure:0.9235
fantasy world:0.90325
imagination:0.88075
series:0.869
original:0.79925
romance:0.78225
scenic:0.777
love story:0.74275
alternate reality:0.734
great ending:0.709
high fantasy:0.70625
destiny:0.68575
storytelling:0.66475
whimsical:0.6645
made for tv:0.66175
chase:0.655
great:0.62275
weird:0.62125
love:0.61875
creativity:0.617
childhood:0.60775
special effects:0.60475
clever:0.6035
great movie:0.59125
cult classic:0.59125
romantic:0.585
great acting:0.567
visually stunning:0.554
too long:0.54725
beautiful scenery:0.5465
parallel universe:0.541
dialogue:0.53925
kids and family:0.53625
twists & turns:0.53075
good soundtrack:0.52875
time:0.525
quotable:0.5235
enigmatic:0.52025
original plot:0.5105
transformation:0.506
story:0.50425
suprisingly clever:0.50275
adaptation:0.49975
humorous:0.494
alternate endings:0.493
good acting:0.49075
catastrophe:0.489
parenthood:0.48275
witty:0.4825
long:0.47925
good:0.4745
mythology:0.4725
obsession:0.4725
secrets:0.46225
comedy:0.459
underrated:0.457
life philosophy:0.452
sacrifice:0.4515
kids:0.451
entirely dialogue:0.44925
colourful:0.44875
vengeance:0.43825
brutality:0.4325
better than expected:0.43125
quirky:0.42875
imdb top 250:0.41975
beautifully filmed:0.416
first contact:0.41075
light:0.41
idealism:0.40625
unusual plot structure:0.39925
macabre:0.398
fun movie:0.39675
excellent:0.389
redemption:0.38775
visual:0.385
excellent script:0.38375
moral ambiguity:0.37825
literature:0.37675
drama:0.37475
mentor:0.37075
murder:0.3695
breathtaking:0.36625
interesting:0.36425
suspense:0.36325
stunning:0.36275
very funny:0.362
runaway:0.36
sexy:0.3595
exciting:0.359
talky:0.3515
bittersweet:0.34975
life & death:0.3485
police investigation:0.3485
humor:0.348
