teen movie:0.96775
awesome soundtrack:0.966
teen:0.946
good soundtrack:0.93425
80s:0.91
teens:0.87225
1980s:0.86775
cool:0.799
high school:0.784
teenager:0.7605
punk:0.75875
great soundtrack:0.7025
california:0.70075
nostalgic:0.69575
original:0.69075
nostalgia:0.6845
cult classic:0.6805
unlikely friendships:0.6765
adolescence:0.667
cult film:0.61925
camp:0.61625
queer:0.5985
teenagers:0.58425
shallow:0.5575
love story:0.51425
fun:0.5115
fun movie:0.5095
guilty pleasure:0.50525
dialogue:0.49175
friendship:0.487
runaway:0.4695
sweet:0.4685
romance:0.46625
sexy:0.4645
grindhouse:0.4615
mentor:0.4225
not funny:0.41525
great:0.4125
dancing:0.412
catastrophe:0.40975
cheerleading:0.4065
romantic:0.40175
splatter:0.3965
good music:0.3965
entirely dialogue:0.39525
great ending:0.38975
happy ending:0.37925
relationships:0.37375
fashion:0.37225
classic:0.3715
low budget:0.3585
geeks:0.3545
stereotypes:0.34525
geek:0.34525
drinking:0.345
feel-good:0.344
so bad it's funny:0.3385
coming of age:0.329
melancholic:0.3285
storytelling:0.32725
suprisingly clever:0.327
coming-of-age:0.32675
good:0.32575
brutality:0.32225
culture clash:0.3215
virginity:0.3205
weird:0.31875
quotable:0.31325
childhood:0.31025
pornography:0.30875
honest:0.305
bad acting:0.30075
criterion:0.3005
light:0.29925
quirky:0.298
sex comedy:0.29625
redemption:0.29375
whimsical:0.29375
transformation:0.286
fight scenes:0.2845
cute:0.28125
nudity:0.28125
lone hero:0.276
cheesy:0.27575
adaptation:0.27475
foul language:0.2745
existentialism:0.2735
very funny:0.2725
los angeles:0.271
great movie:0.27
australia:0.268
feel good movie:0.264
stylized:0.26325
life philosophy:0.258
zombie:0.25775
predictable:0.2575
stoner movie:0.2555
loneliness:0.25375
highly quotable:0.25275
girlie movie:0.25125
