comedy:0.93
idiotic:0.89675
military:0.8965
lame:0.8905
stupid:0.886
predictable:0.86625
dumb:0.8635
so bad it's funny:0.851
bad plot:0.81975
horrible:0.81825
funny:0.80725
original:0.7585
silly fun:0.7535
stupid as hell:0.75
dumb but funny:0.7455
humorous:0.7175
iraq:0.6785
stupidity:0.66025
very funny:0.65275
weapons:0.63775
parody:0.62825
unfunny:0.60675
family:0.6015
fight scenes:0.57525
silly:0.5745
stereotypes:0.569
slapstick:0.55575
goofy:0.54825
disaster:0.53475
saturday night live:0.5215
mentor:0.51825
stand-up comedy:0.51275
overrated:0.51175
camp:0.50975
bad:0.509
teen movie:0.5
awful:0.476
ridiculous:0.46675
pointless:0.46625
death:0.46475
first contact:0.46025
bad cgi:0.4555
crude humor:0.455
great ending:0.45425
catastrophe:0.44525
brutality:0.42775
dialogue:0.41725
natural disaster:0.41725
bad ending:0.41675
pg-13:0.4075
fantasy world:0.4005
absurd:0.396
nudity (topless - notable):0.396
destiny:0.38925
life philosophy:0.3825
special effects:0.38175
humor:0.37675
sci fi:0.37325
adventure:0.3645
crappy sequel:0.363
franchise:0.35775
farce:0.352
story:0.348
gangsters:0.3335
action:0.32675
god:0.3255
fantasy:0.3245
melancholic:0.31275
big budget:0.31175
lone hero:0.3095
adaptation:0.3095
vengeance:0.30875
boring:0.308
redemption:0.3035
desert:0.303
writers:0.29975
storytelling:0.2995
good action:0.299
teen:0.297
iraq war:0.29675
shallow:0.2955
action packed:0.2925
dysfunctional family:0.292
entirely dialogue:0.2905
road trip:0.28975
unusual plot structure:0.2895
male nudity:0.28825
runaway:0.2865
happy ending:0.28175
science fiction:0.27975
better than expected:0.27725
android(s)/cyborg(s):0.27525
romance:0.2745
justice:0.272
alter ego:0.27125
culture clash:0.266
life & death:0.266
computer animation:0.264
satirical:0.262
chase:0.261
