action:0.98025
violent:0.97225
vigilante:0.97075
vengeance:0.9595
good action:0.93775
lone hero:0.92225
violence:0.92225
vigilantism:0.91725
brutality:0.91575
mentor:0.8825
revenge:0.87975
fight scenes:0.8785
mafia:0.8695
action packed:0.82775
plot:0.8055
corruption:0.80525
visually appealing:0.79775
brutal:0.78875
superheroes:0.7885
dark hero:0.77425
hitman:0.77375
gunfight:0.76275
gangsters:0.7595
justice:0.7585
super hero:0.7565
weapons:0.74975
gratuitous violence:0.7485
fast paced:0.7485
intense:0.748
chase:0.7325
stylish:0.72225
good soundtrack:0.72
mob:0.71425
superhero:0.68875
original:0.677
assassination:0.6695
pg-13:0.65975
cool:0.64325
guns:0.63675
thriller:0.6335
boston:0.63125
betrayal:0.626
stylized:0.62075
bloody:0.6155
assassin:0.608
dialogue:0.60525
hit men:0.579
based on a tv show:0.57075
murder:0.56925
great ending:0.565
anti-hero:0.562
redemption:0.558
car chase:0.5485
entertaining:0.537
runaway:0.53075
drinking:0.5235
story:0.517
classic car:0.5155
predictable:0.50425
prostitution:0.4975
torture:0.4955
good:0.4945
gory:0.49425
visceral:0.49425
blood:0.49125
survival:0.4875
suspense:0.48225
storytelling:0.481
explosions:0.47925
crime:0.46575
life philosophy:0.463
gangs:0.457
graphic novel:0.45075
fighting:0.443
moral ambiguity:0.4425
based on a comic:0.43975
gritty:0.43975
not funny:0.43525
better than expected:0.431
great:0.42775
pulp:0.42725
catastrophe:0.42175
harsh:0.42025
pornography:0.41825
interesting:0.41475
cia:0.40675
kidnapping:0.39975
surveillance:0.38875
happy ending:0.38725
hunting:0.3835
plot holes:0.383
arms dealer:0.382
great movie:0.37875
gangster:0.37125
assassins:0.37025
amazing cinematography:0.36575
adaptation:0.36575
franchise:0.365
organized crime:0.3615
russia:0.35725
