airport:0.99875
disaster:0.9725
weapons:0.865
franchise:0.86275
silly:0.86125
natural disaster:0.8
predictable:0.7985
original:0.76075
silly fun:0.75325
action:0.72925
special effects:0.726
aviation:0.71775
so bad it's funny:0.7165
family:0.69875
80s:0.651
bad plot:0.6195
camp:0.61425
good action:0.61
destiny:0.58075
big budget:0.5715
arms dealer:0.56625
lone hero:0.5575
mentor:0.55725
cheesy:0.54875
paris:0.544
revenge:0.53525
bad:0.522
1980s:0.521
goofy:0.50775
fun:0.50075
great ending:0.4955
stupid:0.49425
lame:0.4935
dialogue:0.48
airplane:0.478
survival:0.476
bad cgi:0.473
fantasy world:0.47075
brutality:0.46875
catastrophe:0.4685
technology:0.46325
slapstick:0.4575
life philosophy:0.45625
los angeles:0.45575
1970s:0.4555
fun movie:0.449
teen movie:0.42275
sci fi:0.422
vengeance:0.42075
first contact:0.408
pornography:0.407
runaway:0.40625
70mm:0.3995
crappy sequel:0.39375
overrated:0.393
shallow:0.39025
absurd:0.38425
dysfunctional family:0.384
good:0.38125
end of the world:0.381
chase:0.37725
entertaining:0.37325
nudity (rear):0.3705
stupidity:0.369
cult film:0.36425
happy ending:0.3595
death:0.358
unusual plot structure:0.35525
corny:0.35525
comedy:0.355
campy:0.35475
series:0.35225
idiotic:0.35125
action packed:0.34975
island:0.34975
gangsters:0.349
multiple storylines:0.34725
underdog:0.34675
boring:0.34225
science fiction:0.33975
melancholic:0.33725
doctors:0.333
adaptation:0.32825
pointless:0.32575
ensemble cast:0.3255
pg-13:0.32425
remake:0.323
nocturnal:0.32175
alternate reality:0.3215
fantasy:0.32025
intense:0.32
love story:0.317
bad science:0.317
corruption:0.315
greed:0.31425
crude humor:0.31375
nudity (full frontal - brief):0.31225
suspense:0.30675
fight scenes:0.3065
violence:0.30575
