horror:0.979
macabre:0.96025
gothic:0.921
cinematography:0.92025
atmospheric:0.91975
witch:0.91725
creepy:0.9125
ominous:0.90875
stylish:0.908
eerie:0.872
witches:0.871
black and white:0.84
cult classic:0.81575
demons:0.803
supernatural:0.79625
criterion:0.79475
grindhouse:0.77
gruesome:0.757
masterpiece:0.755
dark:0.7495
brutality:0.74875
original:0.7245
directorial debut:0.7105
splatter:0.71025
stylized:0.70025
weird:0.69575
nocturnal:0.68225
melancholic:0.6765
moody:0.67125
visceral:0.6705
tense:0.6495
cult film:0.649
italian:0.6425
vampires:0.63075
disturbing:0.62575
mentor:0.619
better than the american version:0.6185
blood:0.601
zombie:0.59575
vengeance:0.59225
vampire:0.5785
low budget:0.578
harsh:0.57475
revenge:0.57
enigmatic:0.5695
devil:0.5625
downbeat:0.55875
grim:0.5555
death:0.5405
allegory:0.53225
beautifully filmed:0.52475
mad scientist:0.52225
gory:0.5185
violent:0.5135
dark humor:0.51325
transformation:0.507
goth:0.50375
melancholy:0.50275
visual:0.50225
doctors:0.49575
light:0.48275
cult:0.4765
silent:0.47325
frightening:0.46925
nudity (full frontal - notable):0.464
bloody:0.46375
sexualized violence:0.4495
italy:0.44525
great:0.44125
monster:0.43275
adaptation:0.432
affectionate:0.43025
photography:0.428
violence:0.42325
visually stunning:0.4205
insanity:0.41975
stop motion:0.4155
wilderness:0.4155
dreamlike:0.413
great cinematography:0.41075
good soundtrack:0.40325
classic:0.39825
bleak:0.3955
dark fantasy:0.38925
gunfight:0.388
dialogue:0.385
stunning:0.37575
storytelling:0.37475
effects:0.3695
visually appealing:0.36175
imdb top 250:0.3605
immortality:0.355
catastrophe:0.351
oscar (best foreign language film):0.345
narrated:0.34325
scary:0.34125
life & death:0.34125
breathtaking:0.34
runaway:0.33575
goofy:0.33525
