hitchcock:0.9995
psychiatry:0.98175
criterion:0.9725
amnesia:0.96925
murder mystery:0.9385
noir thriller:0.93425
murder:0.91175
classic:0.90675
psychological:0.897
talky:0.894
suspense:0.89225
psychology:0.89025
mentor:0.889
mystery:0.8745
psychiatrist:0.858
suspenseful:0.85725
memory:0.8405
enigmatic:0.83575
tense:0.8315
obsession:0.82975
great ending:0.81075
complex:0.80075
imdb top 250:0.798
thriller:0.797
doctors:0.7895
guilt:0.7825
complicated:0.77125
dreams:0.7675
romantic:0.75675
identity:0.74825
great acting:0.74675
clever:0.7355
chase:0.733
oscar (best actress):0.7325
police investigation:0.732
secrets:0.7315
romance:0.72075
masterpiece:0.71975
cinematography:0.7175
twists & turns:0.7165
surreal:0.70825
original:0.692
black and white:0.69075
weird:0.68075
tricky:0.67675
runaway:0.6675
plot twist:0.662
very interesting:0.651
hotel:0.64875
twist:0.6445
great:0.6425
storytelling:0.63275
interesting:0.6315
stylish:0.6275
paranoid:0.62225
memory loss:0.6205
visual:0.6155
ominous:0.613
good:0.6075
plot:0.607
cerebral:0.601
visually appealing:0.59975
paranoia:0.596
greed:0.596
based on a book:0.596
detective:0.593
macabre:0.5815
imagination:0.57425
unusual plot structure:0.572
oscar (best supporting actress):0.56475
atmospheric:0.5635
eerie:0.5505
surrealism:0.5475
corruption:0.546
oscar (best directing):0.54025
dialogue:0.53675
good acting:0.53675
investigation:0.535
suprisingly clever:0.52025
pornography:0.51975
sexy:0.51925
love:0.51875
story:0.51825
dreamlike:0.5175
dramatic:0.5125
love story:0.51225
great movie:0.50725
film noir:0.50725
twist ending:0.506
1930s:0.5055
assassination:0.505
stylized:0.504
beautiful scenery:0.501
light:0.49475
breathtaking:0.493
conspiracy:0.49225
idealism:0.4785
good music:0.47675
underrated:0.47075
very good:0.468
