relationships:0.9905
divorce:0.972
marriage:0.969
paris:0.94975
french:0.9155
intimate:0.906
adultery:0.86475
reflective:0.8215
infidelity:0.7825
complex:0.7435
storytelling:0.73025
cheating:0.7265
love story:0.7115
romantic:0.69325
melancholic:0.6845
wedding:0.68075
loneliness:0.679
hotel:0.65425
pornography:0.648
original:0.64775
life philosophy:0.646
art house:0.63875
enigmatic:0.628
betrayal:0.625
france:0.6195
secrets:0.59775
light:0.574
sexual:0.551
solitude:0.54725
romance:0.545
sexy:0.54375
destiny:0.53775
excellent script:0.53125
interracial romance:0.52325
cinematography:0.522
bittersweet:0.51075
non-linear:0.4975
unusual plot structure:0.47475
guilt:0.4665
harsh:0.46125
culture clash:0.46075
natural disaster:0.4565
multiple storylines:0.4555
brutality:0.45425
criterion:0.4535
male nudity:0.449
great ending:0.44775
obsession:0.4305
death:0.42875
love:0.42775
love triangles:0.427
nonlinear:0.42625
catastrophe:0.4175
mentor:0.4135
drama:0.404
cult film:0.4025
psychological:0.39725
sex:0.395
beautiful scenery:0.389
parenthood:0.38425
gay character:0.3815
passionate:0.37875
memory loss:0.37725
dialogue:0.37275
weird:0.3675
very interesting:0.36675
crime gone awry:0.363
gay:0.363
talky:0.3515
runaway:0.349
beautiful:0.3475
emotional:0.34625
romantic comedy:0.34625
suprisingly clever:0.33925
women:0.33825
life & death:0.3255
entirely dialogue:0.324
wine:0.32375
perfect:0.323
classic car:0.31725
stylized:0.31725
happy ending:0.3165
golden palm:0.316
nudity (full frontal - brief):0.31575
dysfunctional family:0.3125
not funny:0.3125
existentialism:0.3105
hospital:0.3005
intellectual:0.3005
amazing photography:0.29825
alternate endings:0.298
art:0.29125
foreign:0.29075
shallow:0.29
heartbreaking:0.289
pregnancy:0.28875
drinking:0.2855
dreamlike:0.28475
story:0.284
pg-13:0.282
