surreal:0.852
original:0.728
dreamlike:0.72225
independent film:0.71375
weird:0.6665
good soundtrack:0.64125
low budget:0.6275
nudity (topless - brief):0.61575
complex:0.60625
nudity (topless):0.58775
existentialism:0.5875
dialogue:0.5545
visually stunning:0.55
unlikely friendships:0.5335
cinematography:0.53275
melancholic:0.52825
cult classic:0.5225
life & death:0.49925
nudity (topless - notable):0.497
so bad it's funny:0.493
weapons:0.4915
visual:0.48525
california:0.48025
very interesting:0.48025
cars:0.472
cult film:0.4595
cerebral:0.456
violence:0.455
mentor:0.45
artsy:0.4365
runaway:0.4365
enigmatic:0.43225
stylized:0.43175
storytelling:0.4225
silly fun:0.4225
infidelity:0.42175
dreams:0.41725
indie:0.41325
obsession:0.40425
narrated:0.40125
pornography:0.4
road trip:0.3985
harsh:0.39775
entirely dialogue:0.3925
not funny:0.3835
insanity:0.38075
brutality:0.3775
grindhouse:0.377
pulp:0.3735
life philosophy:0.37175
intense:0.36625
revenge:0.365
visually appealing:0.36375
great ending:0.36275
bad plot:0.361
coming of age:0.35875
catastrophe:0.3575
post-apocalyptic:0.357
loneliness:0.3555
criterion:0.35125
splatter:0.3465
post apocalyptic:0.34225
talky:0.342
gangsters:0.34025
dysfunctional family:0.34025
bad ending:0.338
relationships:0.3355
apocalypse:0.33375
unfunny:0.3325
violent:0.32525
writers:0.325
disturbing:0.3225
end of the world:0.32075
nudity (full frontal - notable):0.31075
memory:0.309
quirky:0.3025
surrealism:0.2985
poetry:0.29425
texas:0.294
directorial debut:0.293
meditative:0.2925
first contact:0.291
psychological:0.2875
fantasy:0.286
destiny:0.284
fight scenes:0.28375
geek:0.27925
friendship:0.27725
adaptation:0.276
sex:0.271
vengeance:0.26925
pretentious:0.26725
80s:0.26625
road movie:0.2645
nocturnal:0.263
love triangles:0.263
sexy:0.26175
art:0.26075
fantasy world:0.25975
crude humor:0.2595
