blindness:0.947
suspenseful:0.918
serial killer:0.91675
thriller:0.9
detective:0.872
mystery:0.81725
murder:0.8145
suspense:0.81275
police investigation:0.77725
sexy:0.75375
nudity (topless - brief):0.74275
tense:0.7395
identity:0.69825
original:0.689
good:0.66825
psychological:0.65125
murder mystery:0.63975
women:0.60475
chase:0.602
conspiracy:0.592
investigation:0.59025
pornography:0.58375
twists & turns:0.5675
twist:0.553
erotic:0.55175
secrets:0.54
runaway:0.53225
twist ending:0.52525
great ending:0.51375
romance:0.50675
psychology:0.495
plot:0.49475
surveillance:0.49225
nudity (rear):0.4905
predictable:0.48125
very interesting:0.47825
mentor:0.46025
dialogue:0.4595
catastrophe:0.4465
corruption:0.43625
nudity (topless):0.416
obsession:0.40525
plot twist:0.4015
life philosophy:0.395
internet:0.39375
intense:0.38825
first contact:0.3875
nudity (full frontal - brief):0.38625
interesting:0.386
assassination:0.37825
drama:0.37625
childhood:0.36925
stylish:0.36275
brutality:0.3625
excellent:0.35775
good acting:0.35675
light:0.35325
clever:0.35325
lawyer:0.353
betrayal:0.34925
not funny:0.349
story:0.3485
doctors:0.34575
paranoid:0.3445
conspiracy theory:0.3425
culture clash:0.33675
love story:0.335
girlie movie:0.33075
destiny:0.33025
plot holes:0.3285
police:0.32775
revenge:0.3255
secret service:0.325
manipulation:0.32075
kidnapping:0.318
great acting:0.313
so bad it's funny:0.3065
enigmatic:0.30625
greed:0.305
underrated:0.302
exciting:0.3005
very good:0.29225
ominous:0.291
adaptation:0.29025
alternate endings:0.2865
complicated:0.2845
spying:0.2825
fun movie:0.28225
lone hero:0.28125
natural disaster:0.28025
paranoia:0.2785
crime:0.27575
storytelling:0.27475
surprise ending:0.2735
oscar (best actress):0.27075
romantic:0.2695
vengeance:0.2685
voyeurism:0.268
suprisingly clever:0.2675
car chase:0.2655
