franchise:0.9875
alien:0.98625
aliens:0.98
action:0.96875
sci-fi:0.958
sci fi:0.91925
jungle:0.8855
weapons:0.85725
survival:0.84375
original:0.83275
big budget:0.83
good sequel:0.8225
alien invasion:0.7855
special effects:0.7745
scifi:0.74725
pg-13:0.7435
dialogue:0.74325
sequels:0.72925
plot:0.725
space:0.72
good action:0.7195
bad plot:0.7085
sequel:0.6985
action packed:0.6955
plot holes:0.6785
hunting:0.667
bad cgi:0.658
fight scenes:0.64225
dynamic cgi action:0.6315
teleportation:0.613
original plot:0.605
cgi:0.603
silly:0.6
predictable:0.5985
science fiction:0.592
allegory:0.586
space travel:0.5765
monster:0.57575
pointless:0.57225
story:0.57175
effects:0.56975
chase:0.5625
better than expected:0.56125
first contact:0.5455
mythology:0.54325
technology:0.53875
watch the credits:0.53675
good:0.533
bad acting:0.5315
gory:0.5315
bad science:0.53075
so bad it's funny:0.5235
catastrophe:0.512
futuristic:0.5105
great ending:0.49725
superheroes:0.48775
cool:0.4775
cloning:0.4635
suspense:0.45
remake:0.4495
apocalypse:0.44475
shallow:0.439
visually appealing:0.43275
ridiculous:0.43125
mentor:0.43
transformation:0.42825
brutality:0.42675
exciting:0.42525
suspenseful:0.41775
not funny:0.41125
enormously long battle scene:0.4065
crappy sequel:0.406
life philosophy:0.4025
violent:0.39975
clones:0.396
fighting:0.388
fun:0.38725
violence:0.38525
dark hero:0.3675
fast paced:0.3675
bad script:0.36325
mutants:0.36225
natural disaster:0.3595
redemption:0.35625
script:0.3555
super hero:0.3545
splatter:0.351
anti-hero:0.34975
adaptation:0.3495
twists & turns:0.341
absurd:0.33975
culture clash:0.33875
stereotypes:0.337
lone hero:0.336
intense:0.334
storytelling:0.33325
entirely dialogue:0.3325
great:0.32825
visually stunning:0.32225
vengeance:0.31975
