drugs:0.98775
drug addiction:0.90625
loneliness:0.89575
violent:0.88025
gritty:0.86075
addiction:0.85725
realistic:0.83575
depression:0.826
harsh:0.818
melancholic:0.81275
crime gone awry:0.81175
life & death:0.7925
drama:0.7905
drug abuse:0.783
heroin:0.78225
bleak:0.75725
social commentary:0.7345
violence:0.734
good soundtrack:0.726
stylized:0.71375
depressing:0.7135
dramatic:0.71325
original:0.705
brutality:0.70325
visceral:0.7025
cult classic:0.698
weed:0.69425
downbeat:0.693
character study:0.693
tense:0.689
crime:0.68775
gangsters:0.677
criterion:0.64225
greed:0.6395
corruption:0.6205
mentor:0.6125
vengeance:0.5975
weird:0.59325
visually appealing:0.59325
life philosophy:0.5925
drinking:0.5925
redemption:0.5905
intimate:0.5895
life:0.5885
indie:0.587
dark humor:0.58225
prostitution:0.58075
reflective:0.57825
very good:0.576
talky:0.5715
gangster:0.569
great acting:0.56675
good dialogue:0.5665
good acting:0.566
honest:0.56325
dialogue:0.5595
independent film:0.558
grim:0.556
cinematography:0.54475
existentialism:0.53975
storytelling:0.536
great ending:0.5335
cynical:0.533
unlikely friendships:0.527
intense:0.52525
great:0.52275
golden palm:0.52275
pornography:0.51975
nudity (full frontal - notable):0.51875
good:0.51625
imdb top 250:0.51525
solitude:0.51475
anti-hero:0.50375
low budget:0.503
great soundtrack:0.4995
brutal:0.4975
dark:0.489
very interesting:0.48725
hospital:0.478
friendship:0.47325
strippers:0.4715
mafia:0.4695
money:0.469
interesting:0.4615
allegory:0.45625
relationships:0.4495
marijuana:0.447
nudity (full frontal - brief):0.44625
grindhouse:0.4425
mental illness:0.43875
death:0.431
philosophy:0.43025
narrated:0.42975
cool:0.42925
suprisingly clever:0.42775
catastrophe:0.427
atmospheric:0.4265
excellent:0.42575
highly quotable:0.4255
california:0.41875
