depression:0.84975
corruption:0.82925
heartbreaking:0.78325
drinking:0.783
greed:0.7555
harsh:0.74125
destiny:0.713
depressing:0.70375
intimate:0.6865
bittersweet:0.67
life:0.662
realistic:0.65875
life philosophy:0.65725
unlikely friendships:0.65325
life & death:0.629
movielens top pick:0.62625
books:0.61225
feel-good:0.607
character study:0.5905
death:0.5895
great acting:0.57975
sad but good:0.579
very interesting:0.577
nocturnal:0.56275
first contact:0.5595
melancholic:0.55125
affectionate:0.5475
road movie:0.52175
free to download:0.51575
original:0.5155
oscar (best actress):0.51125
survival:0.5055
doctors:0.5035
dramatic:0.5025
oscar (best supporting actor):0.49975
nudity (topless - notable):0.4995
finnish:0.4975
runaway:0.4965
feel good movie:0.4875
new york city:0.4855
writers:0.4805
jewish:0.479
solitude:0.47675
brutality:0.47625
bad plot:0.47125
oscar (best directing):0.4665
existentialism:0.46375
catastrophe:0.46225
independent film:0.462
good soundtrack:0.458
mentor:0.4575
too short:0.4565
literature:0.44975
oscar (best supporting actress):0.4495
sexual abuse:0.44225
indie:0.4365
homeless:0.43625
criterion:0.43275
drama:0.42925
great:0.4275
biographical:0.4265
pornography:0.41875
plot:0.41825
humanity:0.41275
poignant:0.4105
biography:0.40925
alternate endings:0.40725
fighting the system:0.40225
loneliness:0.4015
heartwarming:0.401
hip hop:0.398
single father:0.3975
great ending:0.38425
redemption:0.384
reflective:0.3835
oscar:0.38125
childhood:0.3755
oscar (best actor):0.36925
drug addiction:0.36075
poetry:0.3585
underrated:0.355
notable nudity:0.35275
culture clash:0.35275
idealism:0.3515
irish accent:0.34475
macabre:0.342
blindness:0.3405
stand-up comedy:0.3405
bleak:0.33575
foreign:0.32725
ireland:0.32475
happy ending:0.31925
transformation:0.31875
segregation:0.31825
small town:0.314
based on true story:0.3135
girlie movie:0.309
excellent:0.3085
hotel:0.29975
compassionate:0.2995
