vigilantism:0.991
irish accent:0.989
vigilante:0.98775
organized crime:0.98125
brothers:0.975
irish:0.9675
crime:0.962
boston:0.95925
action:0.95725
mafia:0.95325
vengeance:0.94825
cult classic:0.93175
violent:0.928
violence:0.9205
justice:0.89125
hit men:0.8845
stylized:0.8755
corruption:0.87525
gunfight:0.8585
good soundtrack:0.85175
gratuitous violence:0.84875
good action:0.84525
great acting:0.83975
original:0.839
mission from god:0.8385
dark humor:0.83725
gay character:0.83625
cool:0.8335
stylish:0.82925
good:0.82125
dialogue:0.79725
fast paced:0.79425
cult film:0.78975
plot:0.78425
storytelling:0.77175
gangsters:0.76925
bloody:0.76475
excellent script:0.76225
police investigation:0.75975
insanity:0.74425
action packed:0.74125
good acting:0.738
mentor:0.73675
intense:0.73475
revenge:0.73425
fight scenes:0.734
great ending:0.73325
mob:0.7285
great movie:0.71225
social commentary:0.7025
independent film:0.69925
visceral:0.69575
clever:0.68875
interesting:0.68825
powerful ending:0.6755
stereotypes:0.67525
catholicism:0.673
brutality:0.671
plot twist:0.6625
twists & turns:0.66025
great:0.659
life philosophy:0.658
chase:0.65575
dark hero:0.64025
entertaining:0.6325
anti-hero:0.63075
narrated:0.63025
hitman:0.629
gangster:0.626
highly quotable:0.62575
pg-13:0.623
awesome:0.61725
queer:0.61475
police:0.60625
guns:0.598
thought-provoking:0.5975
visually appealing:0.5975
foul language:0.594
quotable:0.58525
big budget:0.5845
police corruption:0.5755
gory:0.57425
philosophy:0.57325
very good:0.5725
assassination:0.57225
murder:0.5705
grindhouse:0.564
suspense:0.5625
blood:0.55625
fun movie:0.55525
bad acting:0.553
imdb top 250:0.55225
absurd:0.54975
excellent:0.547
story:0.5435
splatter:0.54325
honest:0.543
torture:0.53325
nudity (topless):0.532
drama:0.528
