vigilante:0.95325
lone hero:0.95125
action:0.9405
violence:0.89875
chase:0.88225
good action:0.85425
revenge:0.844
mentor:0.841
mafia:0.821
violent:0.7795
vigilantism:0.7635
cool:0.76275
fast paced:0.7465
action packed:0.717
mob:0.7045
grindhouse:0.7005
hitman:0.6965
brutality:0.6745
pulp:0.6725
original:0.6665
dialogue:0.665
gangsters:0.66225
harsh:0.66175
cult film:0.609
good soundtrack:0.60225
vengeance:0.60175
organized crime:0.60125
dark hero:0.59375
police:0.58525
gunfight:0.575
tense:0.56325
fight scenes:0.55625
suspense:0.55475
car chase:0.54575
great ending:0.54325
life & death:0.51825
weapons:0.50575
goofy:0.493
transformation:0.4835
fighting:0.478
murder:0.472
moral ambiguity:0.47075
underrated:0.46625
cult classic:0.46425
runaway:0.463
undercover cop:0.46075
hunting:0.45825
bloody:0.452
surveillance:0.45175
great:0.447
anti-hero:0.44475
redemption:0.44475
alter ego:0.4395
kidnapping:0.4325
visceral:0.428
plot:0.42325
80s:0.41925
buddy movie:0.414
sexualized violence:0.4125
police corruption:0.406
corruption:0.40575
nudity (full frontal - notable):0.405
catastrophe:0.40175
talky:0.40125
foul language:0.39825
assassin:0.39575
silly fun:0.3945
superheroes:0.39275
narrated:0.39225
entirely dialogue:0.38975
nudity (topless - brief):0.3895
assassination:0.3805
complex:0.37725
guns:0.377
los angeles:0.376
scenic:0.3735
justice:0.3705
first contact:0.37
death:0.3695
bullying:0.364
realistic action:0.36025
gangster:0.35975
not funny:0.356
gratuitous violence:0.34975
stylized:0.34975
culture clash:0.34675
predictable:0.3465
arms dealer:0.34525
betrayal:0.3395
pornography:0.339
crime gone awry:0.3375
visually appealing:0.3335
assassins:0.33325
enigmatic:0.32625
criterion:0.3255
science fiction:0.324
storytelling:0.3215
stylish:0.3205
adaptation:0.3185
campy:0.31825
