absurd:0.983
comedy:0.97425
farce:0.94925
funniest movies:0.90625
funny:0.904
humorous:0.89025
hilarious:0.87975
quotable:0.87875
humor:0.87625
original:0.8435
storytelling:0.81725
off-beat comedy:0.81
goofy:0.78725
great movie:0.78375
satire:0.76225
very funny:0.75225
parody:0.72725
narrated:0.72525
clever:0.723
classic:0.686
highly quotable:0.67125
cult classic:0.66875
witty:0.655
slapstick:0.65375
fun:0.6525
great ending:0.647
silly:0.64475
period piece:0.632
movielens top pick:0.63
great:0.6275
funny as hell:0.612
wine:0.5955
fast paced:0.59525
british:0.57925
dialogue:0.57475
whimsical:0.57275
talky:0.5705
historical:0.57
crime gone awry:0.55275
swashbuckler:0.547
cerebral:0.54575
brutality:0.5415
light:0.53875
suprisingly clever:0.53175
drinking:0.527
weird:0.51925
story:0.51825
catastrophe:0.51275
chase:0.5125
author:neil gaiman:0.50825
satirical:0.50625
plot twist:0.504
twists & turns:0.50325
adaptation:0.4985
interesting:0.49725
blindness:0.494
affectionate:0.48625
france:0.484
sarcasm:0.48225
crude humor:0.4815
dark humor:0.48025
betrayal:0.47775
british comedy:0.47775
screwball:0.47675
ironic:0.4675
criterion:0.46625
destiny:0.4625
enigmatic:0.44875
stylish:0.44625
melancholic:0.44325
good soundtrack:0.43075
revolution:0.429
brothers:0.42725
irreverent:0.42675
fun movie:0.42075
unfunny:0.4205
spain:0.41275
identity:0.402
nudity (full frontal - brief):0.40025
entirely dialogue:0.3985
mentor:0.39775
surreal:0.3925
factual:0.391
mistaken identity:0.38925
splatter:0.3875
family drama:0.38275
parenthood:0.3805
black comedy:0.378
unusual plot structure:0.3755
oscar (best supporting actress):0.373
good:0.3725
sacrifice:0.37225
cinematography:0.37075
excellent:0.3635
us history:0.3625
pornography:0.3615
love:0.36125
first contact:0.36025
history:0.35875
runaway:0.35775
