midlife crisis:0.96375
mentor:0.95925
life philosophy:0.75075
weird:0.71525
weed:0.6975
independent film:0.67275
pointless:0.66075
crime gone awry:0.62725
original:0.6235
good soundtrack:0.62225
nocturnal:0.61575
drinking:0.59575
cheating:0.57525
fun movie:0.55675
stoner movie:0.53225
gay character:0.51625
great ending:0.4915
bad plot:0.484
comedy:0.48325
high school:0.48325
police corruption:0.47925
relationships:0.46525
indie:0.46175
greed:0.458
road movie:0.45525
loneliness:0.44225
depression:0.43925
transformation:0.4375
bad cgi:0.4325
catastrophe:0.4295
storytelling:0.4205
quirky:0.42025
existentialism:0.41425
enigmatic:0.399
teen movie:0.38725
unusual plot structure:0.3855
first contact:0.35775
unfunny:0.3575
drugs:0.35725
runaway:0.35725
life:0.356
melancholic:0.35325
brutality:0.34725
happy ending:0.3465
addiction:0.346
new jersey:0.33625
ensemble cast:0.33525
culture clash:0.33525
gangsters:0.334
intimate:0.33375
social commentary:0.332
nudity (topless - notable):0.328
destiny:0.32675
stylized:0.32
dialogue:0.31675
harsh:0.3165
adaptation:0.31525
fantasy world:0.31225
writers:0.30925
pornography:0.30725
nudity (rear):0.306
feel-good:0.306
very funny:0.30425
nudity (topless - brief):0.30075
corruption:0.2975
suprisingly clever:0.29325
so bad it's funny:0.29275
natural disaster:0.29125
unlikely friendships:0.29075
predictable:0.2905
adapted from:book:0.2875
sarcasm:0.287
pg-13:0.28425
teen:0.28375
very interesting:0.283
dreams:0.27775
sexualized violence:0.277
california:0.27325
childhood:0.272
criterion:0.2715
narrated:0.27075
dark comedy:0.266
cinematography:0.26275
twists & turns:0.262
melancholy:0.26075
great:0.259
entirely dialogue:0.257
visually appealing:0.257
black comedy:0.25475
writing:0.24975
not funny:0.2485
shopping:0.24675
superheroes:0.246
clever:0.24575
bullying:0.24575
drama:0.24525
vengeance:0.24325
sexy:0.24125
funny:0.239
gay:0.239
