animation:0.99225
talking animals:0.97325
computer animation:0.94075
family:0.921
animated:0.847
kids:0.84225
animals:0.79225
cute:0.787
holiday:0.75825
cartoon:0.75125
original:0.713
unlikeable characters:0.7115
destiny:0.681
story:0.6355
kids and family:0.6345
fantasy world:0.6315
predictable:0.62575
product placement:0.599
cute!:0.59825
crude humor:0.5865
dialogue:0.57375
stereotypes:0.56725
cgi:0.54875
christmas:0.537
children:0.53625
rabbits:0.5095
fun:0.50025
fantasy:0.47725
island:0.47225
bad cgi:0.472
pornography:0.471
action:0.465
great ending:0.4595
catastrophe:0.45925
disney:0.45725
fairy tale:0.4425
bad plot:0.44
adventure:0.426
big budget:0.422
lame:0.4215
adoption:0.42025
animal movie:0.4185
dreams:0.41275
good soundtrack:0.40975
adaptation:0.40925
betrayal:0.403
silly:0.3975
slapstick:0.3965
goofy:0.3955
great:0.39325
good:0.3865
brainwashing:0.3855
funny:0.3735
storytelling:0.37325
unfunny:0.36775
mentor:0.36625
franchise:0.363
weird:0.36125
3d:0.36
magic:0.35925
stupid as hell:0.352
comedy:0.35175
overrated:0.34925
childhood:0.3475
runaway:0.34725
sexualized violence:0.34625
plot:0.34525
clever:0.3425
redemption:0.3395
natural disaster:0.33825
brutality:0.3345
multiple storylines:0.333
very funny:0.32175
vengeance:0.32125
pointless:0.31725
visually appealing:0.317
transformation:0.3165
greed:0.315
script:0.31175
adapted from:book:0.309
unusual plot structure:0.30375
not funny:0.29675
based on a book:0.29525
fun movie:0.2945
whimsical:0.2945
kidnapping:0.29175
writers:0.2895
entertaining:0.2895
entirely dialogue:0.28325
nudity (full frontal - brief):0.28175
pg-13:0.27975
bullshit history:0.27825
dr. seuss:0.27575
visually stunning:0.2735
enormously long battle scene:0.2695
grindhouse:0.26825
life philosophy:0.2675
humorous:0.26325
shallow:0.26325
culture clash:0.262
