oscar (best picture):0.98225
oscar (best directing):0.96425
eccentricity:0.90975
greed:0.82125
culture clash:0.787
screwball:0.77675
oscar (best actress):0.76325
feel-good:0.745
talky:0.74475
idealism:0.73775
witty:0.733
story:0.73275
original:0.727
screwball comedy:0.721
quirky:0.70025
great:0.6935
oscar (best supporting actress):0.67725
1930s:0.672
sentimental:0.66175
affectionate:0.658
great movie:0.63925
family:0.6375
heartwarming:0.63725
great acting:0.61325
life philosophy:0.60575
feel good movie:0.60575
whimsical:0.604
fun movie:0.5985
love:0.596
oscar winner:0.5805
mentor:0.57775
dysfunctional family:0.57475
based on a play:0.565
classic:0.56325
sweet:0.5625
good:0.545
oscar:0.53025
earnest:0.529
depression:0.5285
romantic:0.52625
imdb top 250:0.5255
adaptation:0.51975
compassionate:0.48925
humorous:0.48725
criterion:0.482
bittersweet:0.472
movielens top pick:0.46825
corruption:0.4635
dramatic:0.462
comedy:0.45875
capitalism:0.45825
intimate:0.45525
dialogue:0.45425
fighting the system:0.44075
small town:0.436
parenthood:0.43175
nostalgic:0.43025
life:0.42925
adapted from:book:0.429
catastrophe:0.4275
beautiful scenery:0.42025
touching:0.41975
great ending:0.4195
good acting:0.41
passionate:0.41
disability:0.40225
light:0.402
ensemble cast:0.3935
destiny:0.388
runaway:0.38525
oscar (best supporting actor):0.383
family drama:0.36925
honest:0.3675
insanity:0.36625
reflective:0.362
creativity:0.358
oscar (best actor):0.35775
love story:0.3555
excellent script:0.34825
happy ending:0.346
romantic comedy:0.34475
clever:0.34425
redemption:0.338
police investigation:0.337
storytelling:0.334
race issues:0.33175
obsession:0.33075
transformation:0.3255
interesting:0.32475
not funny:0.314
oscar (best cinematography):0.31325
excellent:0.313
cynical:0.311
romance:0.30675
poignant:0.30325
utopia:0.303
crime gone awry:0.3025
entertaining:0.302
justice:0.29925
suprisingly clever:0.29725
