indians:0.9935
native americans:0.95225
jungle:0.942
christianity:0.928
religion:0.90775
culture clash:0.839
christian:0.839
jesus:0.80825
greed:0.77925
storytelling:0.7775
reflective:0.75
original:0.7485
god:0.7235
destiny:0.6935
first contact:0.68725
true story:0.6865
cathartic:0.6725
based on a book:0.67225
nudity (rear):0.67075
stereotypes:0.66975
genocide:0.65575
complex:0.65425
nudity (full frontal - notable):0.654
good soundtrack:0.654
islam:0.65375
south america:0.6385
intense:0.63525
enigmatic:0.632
story:0.6265
based on book:0.62375
harsh:0.62175
existentialism:0.6145
off-beat comedy:0.6135
adapted from:book:0.6115
redemption:0.59025
social commentary:0.577
life:0.576
beautiful scenery:0.57475
mentor:0.56425
poignant:0.561
adaptation:0.556
feel-good:0.544
brutality:0.54025
underrated:0.53725
thought-provoking:0.53125
great acting:0.529
drama:0.528
surreal:0.5275
dramatic:0.51975
depression:0.518
criterion:0.515
friendship:0.51475
great ending:0.51075
insanity:0.51025
melancholic:0.50225
cerebral:0.499
ecology:0.4985
death:0.49575
feel good movie:0.49275
male nudity:0.48875
courage:0.48875
gunfight:0.48775
bleak:0.486
meditative:0.4835
life & death:0.48175
suprisingly clever:0.48
sad:0.47525
great:0.4725
independent film:0.45875
solitude:0.45825
foreign:0.4575
tragedy:0.45175
catastrophe:0.45075
india:0.44675
brazil:0.4435
emotional:0.44325
photography:0.437
indie:0.43625
runaway:0.43425
childhood:0.42875
hospital:0.42825
survival:0.42775
beautifully filmed:0.426
stoner movie:0.4245
small town:0.421
philosophy:0.42075
scenic:0.42025
idealism:0.42025
exceptional acting:0.4175
nudity (topless):0.41675
corruption:0.41325
dialogue:0.41325
visually stunning:0.409
good:0.40625
dreamlike:0.39725
life philosophy:0.39725
adoption:0.397
absurd:0.396
realistic:0.39375
cinematography:0.39225
