adapted from:game:0.99925
based on a video game:0.96625
video game:0.9505
videogame:0.94975
franchise:0.91775
fight scenes:0.907
action:0.87425
computer animation:0.85175
visually stunning:0.8295
computer game:0.81675
fantasy world:0.78775
video games:0.777
original:0.76675
visually appealing:0.7555
fighting:0.74625
cgi:0.725
visual:0.718
cool:0.7005
dialogue:0.69775
anime:0.69225
animation:0.683
fast paced:0.6675
story:0.66125
good soundtrack:0.653
dynamic cgi action:0.65225
sci-fi:0.61325
sword fight:0.6105
great ending:0.60925
big budget:0.5965
no plot:0.59275
stylized:0.571
life philosophy:0.57075
great:0.56775
pg-13:0.55125
dark hero:0.54875
storytelling:0.54675
transformation:0.54475
good:0.5405
awesome soundtrack:0.54
good action:0.52875
graphic novel:0.523
series:0.52025
redemption:0.50675
plot:0.5025
original plot:0.483
visuals:0.48225
weapons:0.47975
mentor:0.47775
intense:0.47525
apocalypse:0.47025
superheroes:0.466
shallow:0.466
great movie:0.4645
vengeance:0.46425
sci fi:0.46275
creativity:0.46075
catastrophe:0.45675
video game adaptation:0.452
mythology:0.4515
brutality:0.438
action packed:0.43125
gory:0.42975
entirely dialogue:0.4265
adaptation:0.41975
firefly:0.404
stunning:0.40025
cyberpunk:0.39725
complex:0.39225
wuxia:0.3885
high fantasy:0.387
clones:0.38475
bad plot:0.377
technology:0.3725
giant robots:0.36775
better than expected:0.3665
melancholic:0.36525
nocturnal:0.3645
not funny:0.36
alter ego:0.35
ninja:0.34975
stylish:0.349
alternate universe:0.3445
weird:0.3375
interesting:0.3365
awesome:0.336
super hero:0.33525
first contact:0.33475
realistic action:0.33325
harsh:0.3315
exciting:0.32475
dragons:0.32375
nostalgic:0.32225
predictable:0.321
stereotypes:0.3185
revenge:0.318
sexualized violence:0.31675
betrayal:0.314
geeks:0.3125
chase:0.31025
special effects:0.3095
