tom clancy:0.9945
good action:0.96875
action:0.966
tense:0.934
big budget:0.9085
action packed:0.8995
islam:0.84075
suspenseful:0.82375
conspiracy:0.81725
chase:0.811
weapons:0.802
terrorism:0.775
exciting:0.736
suspense:0.72625
catastrophe:0.69575
mentor:0.69125
explosions:0.66375
good:0.6605
original:0.65475
lone hero:0.651
fight scenes:0.65025
natural disaster:0.62125
vengeance:0.60875
runaway:0.60225
fast paced:0.58675
assassination:0.5605
silly fun:0.5555
disaster:0.544
intense:0.536
spying:0.529
thriller:0.5205
dialogue:0.50675
fun movie:0.50625
pg-13:0.506
special effects:0.49975
claustrophobic:0.482
predictable:0.47675
bombs:0.47225
revenge:0.466
entertaining:0.46325
ensemble cast:0.46075
great:0.4575
good acting:0.446
hostage:0.4415
destiny:0.4335
secret service:0.41875
story:0.41825
cool:0.40675
plot:0.406
realistic action:0.40275
silly:0.4025
oscar winner:0.40175
corruption:0.4015
better than expected:0.3975
adventure:0.395
culture clash:0.38725
nuclear bomb:0.38575
plot holes:0.38
arms dealer:0.37625
conspiracy theory:0.375
great ending:0.36975
first contact:0.36925
survival:0.3585
fun:0.341
apocalypse:0.34075
happy ending:0.33675
not funny:0.33275
very good:0.328
surveillance:0.32575
car chase:0.325
stereotypes:0.3165
assassin:0.30825
airplane:0.2985
dynamic cgi action:0.29725
twists & turns:0.29625
life philosophy:0.29425
so bad it's funny:0.2895
nudity (full frontal - brief):0.288
criterion:0.28475
beautiful scenery:0.28275
sacrifice:0.27875
secrets:0.2775
military:0.27575
unfunny:0.2755
death:0.27525
spies:0.27
excellent:0.27
airport:0.269
family:0.26725
scenic:0.26675
directorial debut:0.262
light:0.261
police investigation:0.25975
creativity:0.25775
enigmatic:0.2575
forceful:0.2575
assassins:0.2555
adaptation:0.25475
twist ending:0.252
betrayal:0.252
