oscar (best picture):0.9935
imdb top 250:0.98375
oscar (best directing):0.97375
drinking:0.97025
alcoholism:0.96775
downbeat:0.951
great acting:0.93675
bleak:0.91025
addiction:0.90025
forceful:0.8855
grim:0.88425
compassionate:0.86275
oscar (best actress):0.86075
character study:0.8605
dramatic:0.831
oscar (best actor):0.823
tense:0.8005
drama:0.79625
harsh:0.782
golden palm:0.7815
talky:0.76875
storytelling:0.76625
exceptional acting:0.759
original:0.75875
oscar:0.74925
realistic:0.748
oscar (best cinematography):0.74575
masterpiece:0.7415
criterion:0.72375
poignant:0.72175
cinematography:0.71975
oscar (best supporting actress):0.71725
redemption:0.715
writers:0.71275
oscar winner:0.71125
oscar (best supporting actor):0.69875
classic:0.6945
claustrophobic:0.6915
great ending:0.69125
cynical:0.688
great dialogue:0.6845
runaway:0.681
depression:0.6785
honest:0.67375
mentor:0.65875
social commentary:0.6415
life & death:0.641
obsession:0.63525
interesting:0.62725
idealism:0.6235
enigmatic:0.6235
dialogue:0.62125
good acting:0.62025
atmospheric:0.61875
excellent script:0.6105
great movie:0.60925
black and white:0.607
allegory:0.6015
wine:0.591
good soundtrack:0.5895
movielens top pick:0.588
greed:0.58675
earnest:0.5845
paranoid:0.5845
story:0.58325
hospital:0.5815
good:0.57925
unlikely friendships:0.578
great cinematography:0.57525
intimate:0.574
based on a play:0.57175
loneliness:0.57075
melancholic:0.5695
great:0.56825
crime gone awry:0.56
dark:0.55975
drug addiction:0.55725
courage:0.55725
cerebral:0.556
reflective:0.55325
suspense:0.548
affectionate:0.54575
oscar (best foreign language film):0.5415
corruption:0.53875
afi 100 (movie quotes):0.53775
mental illness:0.53725
culture clash:0.53075
emotional:0.5165
psychology:0.5165
melancholy:0.51525
police investigation:0.5145
1930s:0.51025
suprisingly clever:0.509
gritty:0.50825
highly quotable:0.501
transformation:0.4975
fighting the system:0.49575
clever:0.49425
film noir:0.4915
bittersweet:0.49
