world war ii:0.9945
wartime:0.9885
wwii:0.97275
england:0.9675
london:0.9585
childhood:0.92375
british:0.92325
bombs:0.868
war:0.811
imdb top 250:0.8065
nostalgic:0.80625
historical:0.765
oscar (best directing):0.76125
original:0.755
excellent script:0.7465
british comedy:0.739
oscar (best actress):0.72725
adolescence:0.719
great ending:0.7165
runaway:0.7135
touching:0.713
bittersweet:0.7045
golden palm:0.6875
coming of age:0.68725
dramatic:0.6855
idealism:0.671
best war films:0.66825
criterion:0.66225
culture clash:0.662
good soundtrack:0.66025
reflective:0.65775
german:0.657
beautifully filmed:0.656
children:0.6545
drama:0.65325
cinematography:0.6435
harsh:0.6285
poignant:0.628
war movie:0.6235
beautiful scenery:0.617
loneliness:0.6125
social commentary:0.60725
story:0.59275
coming-of-age:0.5865
kids and family:0.5785
oscar (best supporting actress):0.574
oscar (best foreign language film):0.56525
great movie:0.5635
gangs:0.56325
grim:0.5585
storytelling:0.5545
character study:0.55425
tragedy:0.55225
suprisingly clever:0.54975
mentor:0.549
great:0.547
powerful ending:0.53975
unlikely friendships:0.539
bleak:0.539
friendship:0.5375
narrated:0.5345
unusual plot structure:0.53375
affectionate:0.533
catastrophe:0.5275
realistic:0.52475
brutality:0.52425
sentimental:0.51975
ethnic conflict:0.51825
absurd:0.516
courage:0.516
talky:0.5145
great acting:0.5115
awesome soundtrack:0.501
humorous:0.498
downbeat:0.4935
survival:0.49225
excellent:0.48875
very funny:0.48125
biographical:0.4775
nazis:0.47325
intense:0.47275
good acting:0.46375
light:0.46025
bloody:0.45775
drinking:0.45775
oscar (best cinematography):0.4565
adapted from:book:0.453
forceful:0.45025
visceral:0.44975
honest:0.4495
betrayal:0.44925
family:0.44925
teenager:0.44375
love story:0.443
witty:0.44275
nudity (full frontal - brief):0.44225
secrets:0.44175
quotable:0.43775
prejudice:0.43675
movielens top pick:0.43225
