biographical:0.96925
biopic:0.85275
mentor:0.84975
reflective:0.83575
childhood:0.822
story:0.813
original:0.81225
oscar (best directing):0.80775
writers:0.807
dramatic:0.803
storytelling:0.8025
character study:0.791
heartwarming:0.7845
social commentary:0.77825
bittersweet:0.7705
harsh:0.744
biography:0.737
1930s:0.7325
life:0.72675
drama:0.72625
destiny:0.71275
life philosophy:0.705
honest:0.69675
unlikely friendships:0.69425
courage:0.6815
inspiring:0.6745
oscar (best actress):0.672
loneliness:0.65975
melancholic:0.6435
idealism:0.6395
affectionate:0.63925
good:0.63375
life & death:0.622
passionate:0.62125
good soundtrack:0.618
creativity:0.61775
solitude:0.599
oscar:0.599
talky:0.59425
narrated:0.5925
earnest:0.59025
based on book:0.585
interesting:0.5835
new york:0.57775
fighting the system:0.5725
inspirational:0.57075
depression:0.5695
great:0.5595
aging:0.55875
betrayal:0.55325
greed:0.549
emotional:0.5485
small town:0.54525
coming of age:0.54525
factual:0.5425
touching:0.53725
realistic:0.53
runaway:0.529
movielens top pick:0.526
photography:0.52575
moving:0.52575
thought-provoking:0.523
love story:0.522
great ending:0.5145
friendship:0.5145
understated:0.51225
sad but good:0.5085
philosophy:0.50175
parenthood:0.5015
enormously long battle scene:0.49725
writing:0.4955
adapted from:book:0.49475
compassionate:0.492
beautiful:0.49025
transformation:0.483
dialogue:0.4825
nostalgic:0.47775
adolescence:0.4775
oscar (best supporting actress):0.47325
murder:0.47225
oscar (best cinematography):0.462
nudity (full frontal - brief):0.46075
witty:0.457
poverty:0.45175
superheroes:0.44975
oscar (best actor):0.449
poignant:0.4465
golden palm:0.43925
eccentricity:0.43625
good acting:0.4335
nocturnal:0.4335
highly quotable:0.432
stylized:0.4285
oscar (best supporting actor):0.42725
fantasy world:0.427
visually appealing:0.4245
drinking:0.42425
very interesting:0.42
catastrophe:0.4195
nudity (topless - notable):0.41925
