remake:0.988
natural disaster:0.9755
big budget:0.96675
disaster:0.93375
survival:0.9235
special effects:0.90725
original:0.81675
bad cgi:0.75725
predictable:0.75625
pg-13:0.751
catastrophe:0.74625
action:0.72275
dynamic cgi action:0.68225
action packed:0.6545
unrealistic:0.65275
so bad it's funny:0.62175
dialogue:0.613
bad acting:0.6105
shallow:0.60475
cgi:0.595
pointless:0.57375
adventure:0.5555
intense:0.55225
gay character:0.5515
life philosophy:0.542
idiotic:0.5285
bad plot:0.51325
life & death:0.5115
horrible:0.51
ocean:0.49275
better than expected:0.472
franchise:0.4715
end of the world:0.471
plot holes:0.45075
great ending:0.45
mentor:0.44425
destiny:0.4365
good action:0.43225
suspense:0.42825
stereotypes:0.427
death:0.42675
good:0.4145
exciting:0.4015
story:0.39425
cheesy:0.391
lame:0.3895
bad script:0.37825
family:0.37825
technology:0.371
sacrifice:0.37075
superheroes:0.3695
fantasy world:0.35825
happy ending:0.35825
not funny:0.35475
first contact:0.35375
visual:0.35075
apocalypse:0.34775
transformation:0.34725
fight scenes:0.34675
mother-son relationship:0.3465
fast paced:0.3455
computer game:0.342
betrayal:0.34175
brutality:0.33675
claustrophobic:0.336
chase:0.33075
bad science:0.33075
crappy sequel:0.324
super hero:0.321
storytelling:0.3205
stupid:0.31775
sequel:0.31625
mutants:0.31625
boat:0.31525
corny:0.315
sci fi:0.3115
drama:0.31125
entirely dialogue:0.31075
explosions:0.3095
based on a book:0.30625
culture clash:0.3
great:0.29725
overrated:0.2945
redemption:0.2945
visually stunning:0.29225
police investigation:0.2895
lone hero:0.2865
greed:0.286
stupid as hell:0.285
father daughter relationship:0.28475
entertaining:0.28
plot:0.279
original plot:0.27775
good soundtrack:0.27525
silly:0.27425
campy:0.274
corruption:0.27275
slapstick:0.27175
runaway:0.2685
adaptation:0.2625
