small town:0.98925
feel-good:0.94125
drama:0.915
feel good movie:0.89
amnesia:0.8825
dramatic:0.878
sentimental:0.83575
destiny:0.77475
story:0.73275
sappy:0.7285
good:0.72425
original:0.69175
nostalgic:0.68725
happy ending:0.6855
memory loss:0.6765
great ending:0.6615
predictable:0.65875
pg-13:0.658
catastrophe:0.6385
great:0.629
love story:0.62875
big budget:0.62825
mentor:0.61975
first contact:0.61275
courage:0.59275
touching:0.5915
great acting:0.58225
sacrifice:0.5745
redemption:0.5725
memory:0.55375
romance:0.5425
great movie:0.54025
good acting:0.53475
oscar:0.51725
heartwarming:0.51275
mistaken identity:0.50425
1950s:0.50075
storytelling:0.4975
life & death:0.488
transformation:0.4855
natural disaster:0.472
survival:0.462
special effects:0.46175
better than expected:0.46125
romantic:0.44275
oscar winner:0.4405
life philosophy:0.43975
excellent:0.4355
light:0.43125
dialogue:0.42625
very good:0.42075
dynamic cgi action:0.41975
beautiful scenery:0.4005
earnest:0.39425
sci fi:0.39425
writers:0.3845
inspirational:0.3815
fun movie:0.3795
family:0.378
underrated:0.37725
period piece:0.3765
island:0.37525
technology:0.36725
emotional:0.3665
bad plot:0.36525
too long:0.355
tear jerker:0.35225
adventure:0.351
justice:0.35025
long:0.349
bad ending:0.3475
creativity:0.34675
corny:0.34675
science fiction:0.343
fantasy world:0.3415
good soundtrack:0.33925
interesting:0.33875
visually stunning:0.334
plot:0.33275
entertaining:0.33175
scifi:0.3285
secrets:0.3255
doctors:0.32475
life:0.32375
california:0.32325
greed:0.32275
cerebral:0.318
so bad it's funny:0.31675
childhood:0.31575
ghosts/afterlife:0.31525
cinematography:0.3105
clever:0.3085
not funny:0.307
culture clash:0.3065
adaptation:0.30625
idealism:0.30425
world war ii:0.30375
romantic comedy:0.3035
historical:0.3015
fantasy:0.299
