sexual:0.9995
pornography:0.99725
male nudity:0.992
erotic:0.98875
obsession:0.98875
sex:0.98525
controversial:0.97475
sexuality:0.97225
art house:0.96825
censorship:0.96025
intimate:0.9255
nudity (full frontal - notable):0.9235
sexualized violence:0.9105
art:0.90725
voyeurism:0.88575
sexy:0.8845
passionate:0.8675
relationships:0.86475
criterion:0.8495
nudity (full frontal):0.81725
enigmatic:0.79
loneliness:0.74975
disturbing:0.73425
bdsm:0.72825
nudity:0.7225
very interesting:0.69225
brutality:0.68225
talky:0.66625
original:0.6295
golden palm:0.6265
psychological:0.62625
weird:0.61975
melancholic:0.61325
violent:0.5935
true story:0.5835
stylized:0.566
intense:0.552
violence:0.55175
nudity (topless - notable):0.5495
grindhouse:0.549
tokyo:0.5485
visceral:0.537
manipulation:0.5125
artistic:0.4995
addiction:0.4995
psychology:0.49575
spanish:0.48525
stylish:0.48375
based on true story:0.45625
beautifully filmed:0.45075
dialogue:0.44725
good soundtrack:0.44575
harsh:0.4455
prostitution:0.44475
bizarre:0.441
japan:0.43775
social commentary:0.4375
nudity (full frontal - brief):0.433
hotel:0.433
pointless:0.42625
runaway:0.4255
betrayal:0.42125
interesting:0.4185
catastrophe:0.4175
storytelling:0.415
great ending:0.40025
cinematography:0.39425
suprisingly clever:0.3825
intellectual:0.37425
mentor:0.3735
entirely dialogue:0.37225
women:0.371
surreal:0.36625
brutal:0.36525
police investigation:0.36175
culture clash:0.35925
japanese:0.35175
graphic novel:0.345
artist:0.33925
cerebral:0.338
masterpiece:0.337
visually appealing:0.33625
love:0.33075
downbeat:0.33025
twists & turns:0.32825
not funny:0.3255
incest:0.314
death:0.30975
complex:0.3085
sexual abuse:0.30775
adaptation:0.29725
vengeance:0.29325
dreamlike:0.2925
nonlinear:0.292
drama:0.29175
murder:0.2845
absurd:0.2805
honest:0.2775
adapted from:book:0.27525
pretentious:0.275
