surreal:0.99075
weird:0.98925
gunfight:0.9635
cult film:0.96075
surrealism:0.953
dreamlike:0.887
western:0.88025
art house:0.85825
pornography:0.848
allegory:0.84575
meditative:0.84525
psychedelic:0.8375
violent:0.83025
cult classic:0.82
enigmatic:0.81925
vengeance:0.8155
brutality:0.8075
violence:0.80525
existentialism:0.79975
strange:0.79225
hallucinatory:0.77525
insanity:0.76875
bizarre:0.75975
very interesting:0.748
disturbing:0.746
criterion:0.73425
visceral:0.7265
desert:0.7015
lynch:0.6995
dark humor:0.69275
harsh:0.687
masterpiece:0.677
splatter:0.66825
golden palm:0.6575
censorship:0.65625
original:0.6505
stylized:0.638
artistic:0.63025
visually stunning:0.593
atmospheric:0.58675
social commentary:0.57925
obsession:0.56575
visual:0.5645
breathtaking:0.55425
absurd:0.54475
grindhouse:0.5395
sexual:0.539
bloody:0.53775
art:0.537
controversial:0.52475
mentor:0.52475
talky:0.51475
cinematography:0.51225
visually appealing:0.50825
unique:0.5075
low budget:0.50325
cult:0.4965
melancholic:0.49425
brutal:0.492
sexualized violence:0.47425
good soundtrack:0.473
loneliness:0.4725
cerebral:0.469
cathartic:0.46775
storytelling:0.4645
revenge:0.4605
nudity (full frontal - notable):0.4535
pretentious:0.444
redemption:0.44075
unusual plot structure:0.437
catastrophe:0.436
life philosophy:0.42775
stylish:0.42475
culture clash:0.424
melancholy:0.4205
runaway:0.42
suprisingly clever:0.41725
intimate:0.41425
nonlinear:0.40525
dialogue:0.40525
rabbits:0.40175
philosophical:0.39425
quirky:0.38725
male nudity:0.38225
bleak:0.3785
passionate:0.3775
grim:0.375
reflective:0.36625
blindness:0.36525
poetry:0.35425
so bad it's funny:0.3505
women:0.34975
great:0.34975
creativity:0.3445
life & death:0.34425
downbeat:0.3435
satirical:0.3425
entirely dialogue:0.33925
forceful:0.3385
pointless:0.33725
