police investigation:0.9765
crime:0.975
noir thriller:0.9615
murder:0.95275
tense:0.936
surveillance:0.915
investigation:0.9065
detective:0.88825
hit men:0.88
gangster:0.865
corruption:0.84975
noir:0.84175
gangsters:0.82575
brutality:0.82425
runaway:0.8165
violence:0.8115
film noir:0.79475
forceful:0.79225
oscar (best actress):0.78475
original:0.78325
mob:0.77375
talky:0.75425
unusual plot structure:0.7525
crime gone awry:0.7515
very interesting:0.7505
plot:0.73775
drinking:0.73575
dark:0.732
prison escape:0.724
violent:0.7225
mentor:0.72075
moody:0.717
movielens top pick:0.69375
revenge:0.6925
story:0.6875
suspense:0.68425
women:0.681
interesting:0.67825
great:0.67675
pornography:0.6605
weird:0.658
justice:0.65775
greed:0.65425
serial killer:0.6525
paranoid:0.6515
great movie:0.64525
gritty:0.63825
culture clash:0.63025
lawyer:0.60775
classic car:0.5905
dialogue:0.59025
great ending:0.58225
courtroom:0.581
social commentary:0.5765
court:0.5725
good soundtrack:0.57175
criterion:0.5695
mafia:0.569
gunfight:0.56875
atmospheric:0.5575
crude humor:0.55275
fairy tale:0.552
organized crime:0.549
breathtaking:0.5475
oscar (best supporting actress):0.53925
complex:0.53675
death:0.534
alter ego:0.53225
character study:0.53025
affectionate:0.52775
caper:0.526
hitman:0.52325
melancholic:0.52
author:neil gaiman:0.5175
claustrophobic:0.51525
flashbacks:0.513
guilt:0.51
police:0.50875
betrayal:0.50475
1930s:0.48925
idealism:0.48525
based on true story:0.4785
photography:0.47325
passionate:0.47125
visually appealing:0.47
witty:0.46925
paranoia:0.46275
censorship:0.45975
secrets:0.4595
chase:0.45925
clever:0.4565
enormously long battle scene:0.4555
ominous:0.45125
stylized:0.451
nudity (full frontal - brief):0.44925
vengeance:0.44725
enigmatic:0.44575
dramatic:0.44175
excellent script:0.43925
police corruption:0.438
