corruption:0.98575
africa:0.985
business:0.933
documentary:0.92775
greed:0.9015
idealism:0.875
political:0.872
satirical:0.8635
politics:0.82225
life philosophy:0.79325
capitalism:0.7865
narrated:0.722
world politics:0.71825
nudity (topless):0.71325
goofy:0.6865
artistic:0.68025
censorship:0.6795
runaway:0.6655
grim:0.66425
very interesting:0.65425
criterion:0.619
oil:0.61175
foreign:0.60725
nudity (topless - brief):0.60225
original:0.594
police corruption:0.5825
justice:0.56875
journalism:0.565
nudity (full frontal - brief):0.56275
controversial:0.5615
mining:0.53175
interesting:0.52625
culture clash:0.52125
harsh:0.51875
macabre:0.516
distopia:0.516
author:neil gaiman:0.509
mentor:0.5005
rock and roll:0.49825
quirky:0.49575
alternate endings:0.4825
corporate america:0.4695
sexualized violence:0.45775
money:0.4555
intelligent:0.445
british:0.442
thought-provoking:0.44025
disturbing:0.44
stereotypes:0.43075
crime:0.429
indians:0.42625
intimate:0.42625
life & death:0.4235
catastrophe:0.421
secret service:0.41975
ethnic conflict:0.41475
brainwashing:0.40875
paranoid:0.40625
nudity (topless - notable):0.4055
absurd:0.401
brutality:0.397
free to download:0.39525
talky:0.37825
small town:0.372
dark comedy:0.369
fashion:0.3675
hunting:0.36725
crazy:0.3545
suprisingly clever:0.3535
fighting the system:0.343
civil war:0.3425
chase:0.34225
travel:0.3405
melancholy:0.34025
sexual:0.3385
not funny:0.33625
california:0.33225
musicians:0.3315
humanity:0.32925
downbeat:0.329
eccentricity:0.32775
great ending:0.323
clever:0.31925
creativity:0.3175
honest:0.316
nudity:0.316
stupidity:0.314
crime gone awry:0.311
passionate:0.3085
stylized:0.308
queer:0.3075
insanity:0.3075
art:0.30625
new jersey:0.3055
movielens top pick:0.30475
spanish:0.30325
obsession:0.302
internet:0.297
cynical:0.296
road trip:0.296
