surreal:0.98475
visually appealing:0.93825
weird:0.93125
cerebral:0.882
surrealism:0.85675
cinematography:0.84075
original:0.81675
loneliness:0.8165
dark humor:0.76075
bleak:0.7475
strange:0.74525
based on a book:0.73125
enigmatic:0.73025
dark:0.729
existentialism:0.7275
confusing:0.72225
lynch:0.71
psychological:0.70875
dystopia:0.70325
quirky:0.70325
dreamlike:0.70225
absurd:0.69775
unique:0.65825
workplace:0.6505
visually stunning:0.64175
artistic:0.63975
depression:0.638
gilliam:0.62275
stylized:0.6175
creativity:0.60075
stylish:0.59925
obsession:0.59875
psychology:0.5855
very interesting:0.5725
allegory:0.56525
life philosophy:0.55525
criterion:0.55
twists & turns:0.549
imagination:0.54775
paranoid:0.5455
pretentious:0.545
mentor:0.54475
dreams:0.5415
police investigation:0.53475
visual:0.522
bizarre:0.51525
atmospheric:0.51025
colourful:0.501
light:0.49175
identity:0.48325
storytelling:0.477
disturbing:0.47
claustrophobic:0.46975
crime gone awry:0.4655
depressing:0.45925
suicide:0.4565
art house:0.45575
dialogue:0.452
artsy:0.44775
greed:0.4415
mindfuck:0.441
runaway:0.44
clever:0.44
suicide attempt:0.429
adaptation:0.42825
complex:0.4235
macabre:0.42275
life & death:0.4215
great ending:0.42125
golden palm:0.42125
nonlinear:0.41975
catastrophe:0.418
dark comedy:0.41625
black comedy:0.4095
great:0.406
insanity:0.40425
satirical:0.39875
underrated:0.39625
neo-noir:0.39075
death:0.38875
story:0.385
art:0.3805
distopia:0.37775
slow paced:0.37325
good soundtrack:0.37325
unusual plot structure:0.368
vengeance:0.3615
melancholic:0.36025
culture clash:0.3555
thought-provoking:0.35375
interesting:0.3495
cult film:0.3475
not funny:0.3465
entirely dialogue:0.34475
paranoia:0.34125
hallucinatory:0.34075
pointless:0.339
chase:0.33625
downbeat:0.33425
brutality:0.33175
