cyborgs:0.9955
good sequel:0.99125
sequels:0.9785
sequel:0.953
crappy sequel:0.91375
robots:0.91375
future:0.88025
violence:0.87625
franchise:0.87325
android(s)/cyborg(s):0.8545
original:0.849
action:0.8195
violent:0.81075
sci-fi:0.75225
sci fi:0.74525
good action:0.733
satirical:0.6975
based on a comic:0.68325
comic book:0.683
special effects:0.675
weapons:0.675
scifi:0.67375
futuristic:0.656
stop motion:0.65325
satire:0.6515
surreal:0.64075
brutality:0.633
action packed:0.57525
super-hero:0.56925
so bad it's funny:0.56325
dialogue:0.56225
dynamic cgi action:0.5575
predictable:0.557
political corruption:0.5505
robot:0.54875
dystopia:0.519
great ending:0.51825
pointless:0.514
corruption:0.5025
pg-13:0.49775
storytelling:0.486
mentor:0.48575
pulp:0.482
superhero:0.47
natural disaster:0.46975
science fiction:0.466
melancholic:0.45925
good:0.45825
story:0.45825
bad plot:0.451
cool:0.44325
bad sequel:0.4375
lone hero:0.43175
death:0.4245
super hero:0.4175
bloody:0.4115
writers:0.40825
dreamlike:0.4065
absurd:0.405
catastrophe:0.3985
overrated:0.39625
happy ending:0.395
crime:0.3945
greed:0.393
horrible:0.391
immortality:0.39075
great:0.38925
fight scenes:0.38625
goofy:0.385
runaway:0.38375
mutants:0.3835
family:0.38225
big budget:0.38
mad scientist:0.37675
chase:0.37375
original plot:0.37125
adapted from:comic:0.36825
alter ego:0.36775
campy:0.36525
superheroes:0.365
idiotic:0.363
80s:0.36025
vengeance:0.3575
justice:0.35725
alternate reality:0.35525
memory:0.35325
not funny:0.34975
stylized:0.346
life philosophy:0.34175
not as good as the first:0.33725
transformation:0.3365
technology:0.33625
harsh:0.33575
graphic novel:0.3345
cult classic:0.3345
bad:0.3335
entirely dialogue:0.33275
adaptation:0.33275
bad acting:0.328
stupid as hell:0.3265
