bleak:0.98675
australia:0.981
post apocalyptic:0.95675
road trip:0.95425
post-apocalyptic:0.94575
road movie:0.917
cinematography:0.90325
violent:0.87725
apocalypse:0.86925
australian:0.86825
original:0.866
tense:0.862
existentialism:0.81875
melancholic:0.81075
slow paced:0.8065
dystopia:0.805
brutality:0.797
visually appealing:0.788
futuristic:0.7795
dialogue:0.77475
allegory:0.77375
intense:0.75925
loneliness:0.7535
talky:0.75175
great cinematography:0.74275
cars:0.7335
complex:0.7225
gunfight:0.71025
violence:0.696
enigmatic:0.68575
redemption:0.67325
weird:0.66525
neo-noir:0.65725
paranoid:0.6495
grim:0.64175
survival:0.6365
social commentary:0.63425
visual:0.62925
character study:0.627
cult classic:0.626
desert:0.61525
future:0.614
storytelling:0.60825
harsh:0.603
great soundtrack:0.599
pointless:0.58775
gritty:0.58725
visually stunning:0.586
slow:0.58575
great ending:0.5725
great acting:0.572
low budget:0.5715
brutal:0.56725
downbeat:0.5665
gangsters:0.561
weapons:0.55875
visceral:0.55575
guns:0.55525
life philosophy:0.55025
stylized:0.53775
dark:0.5325
bloody:0.52175
hitman:0.5205
wilderness:0.516
entirely dialogue:0.5085
interesting:0.503
runaway:0.5025
crime gone awry:0.4795
realistic:0.47775
good soundtrack:0.47775
story:0.476
death:0.4735
atmospheric:0.471
isolation:0.4675
chase:0.46075
directorial debut:0.4605
environment:0.44975
beautiful scenery:0.442
criterion:0.441
fantasy world:0.43825
cult film:0.437
good dialogue:0.432
cerebral:0.431
intimate:0.428
solitude:0.4255
vengeance:0.4195
imdb top 250:0.4155
art house:0.40875
independent film:0.4085
space:0.408
plot holes:0.408
humanity:0.40725
drama:0.406
dark hero:0.4045
very interesting:0.40375
not funny:0.4035
mentor:0.3925
disturbing:0.39225
catastrophe:0.39225
justice:0.391
