death:0.88975
neo-noir:0.8755
life & death:0.8555
noir thriller:0.817
police investigation:0.81375
original:0.78275
suicide:0.7785
investigation:0.694
corruption:0.68475
los angeles:0.679
detective:0.6605
great ending:0.641
biopic:0.63525
story:0.62925
private detective:0.6225
dramatic:0.60625
complex:0.60225
mystery:0.59925
murder:0.5915
murder mystery:0.59025
melancholic:0.58325
very interesting:0.583
cerebral:0.57575
storytelling:0.56925
redemption:0.5665
great acting:0.55
period piece:0.52025
film noir:0.51475
dialogue:0.48525
destiny:0.48275
greed:0.48
alter ego:0.47525
pg-13:0.47275
mentor:0.46175
not funny:0.45125
exceptional acting:0.444
enigmatic:0.439
drama:0.439
light:0.438
gangsters:0.435
guilt:0.43475
police corruption:0.42775
interesting:0.42575
stylish:0.4255
fantasy world:0.422
justice:0.41625
cinematography:0.41575
biographical:0.41275
good soundtrack:0.4095
runaway:0.403
predictable:0.3965
pornography:0.39225
potential oscar nom:0.3895
catastrophe:0.38025
obsession:0.38
oscar:0.37975
noir:0.3725
adaptation:0.36475
good:0.3645
bad ending:0.3645
brutality:0.3625
stylized:0.36075
suspense:0.35925
twists & turns:0.359
visually stunning:0.35575
visually appealing:0.355
nudity (full frontal - notable):0.348
tragedy:0.347
sexy:0.34375
reflective:0.34275
great:0.34225
oscar (best supporting actress):0.34125
harsh:0.339
betrayal:0.336
conspiracy:0.33375
clever:0.33325
character study:0.33225
nudity (topless - notable):0.3295
moody:0.3235
first contact:0.323
narrated:0.322
true story:0.32075
existentialism:0.31975
great movie:0.3165
writers:0.316
life:0.312
unusual plot structure:0.3115
doctors:0.3085
1950s:0.308
chase:0.30625
crime:0.30275
allegory:0.30275
intense:0.3015
suprisingly clever:0.29975
culture clash:0.29875
california:0.297
criterion:0.29575
life philosophy:0.29575
paranoid:0.29475
visual:0.29325
