love story:0.9075
vengeance:0.89375
powerful ending:0.88875
adultery:0.88575
revenge:0.86375
betrayal:0.845
violence:0.84475
mexico:0.83775
romantic:0.80125
brutality:0.78225
nudity (rear):0.762
violent:0.7475
erotic:0.7205
visually stunning:0.71875
passionate:0.70775
nudity (topless):0.701
original:0.69575
great:0.69475
love:0.69375
predictable:0.67775
happy ending:0.6655
first contact:0.656
sexy:0.6485
underrated:0.645
beautiful scenery:0.62525
twists & turns:0.62
stylish:0.61875
intense:0.61275
great ending:0.5985
destiny:0.58775
sexualized violence:0.58625
mentor:0.58125
great movie:0.579
pornography:0.5695
action:0.56425
story:0.5545
bittersweet:0.53425
fun movie:0.52825
romance:0.52075
nudity (topless - notable):0.5195
good:0.50725
bad ending:0.497
relationships:0.487
justice:0.4845
drama:0.48425
plot:0.46575
dialogue:0.46475
cheating:0.46175
very interesting:0.45875
unlikely friendships:0.44975
friendship:0.43875
nudity (full frontal - notable):0.43825
good soundtrack:0.43675
catastrophe:0.4285
action packed:0.42775
interesting:0.42575
non-hollywood ending:0.4245
harsh:0.4095
cinematography:0.408
not funny:0.402
secrets:0.39125
downbeat:0.38575
death:0.38175
redemption:0.37975
suspense:0.37875
bad plot:0.37825
brutal:0.37525
pulp:0.37325
chase:0.371
sacrifice:0.368
classic car:0.36025
afterlife:0.3555
moral ambiguity:0.354
gangsters:0.35375
lone hero:0.353
hunting:0.3525
nudity (topless - brief):0.352
storytelling:0.351
adaptation:0.34625
culture clash:0.345
gunfight:0.34325
sci fi:0.3425
80s:0.3415
sexual:0.34025
corruption:0.33725
melancholic:0.3365
fight scenes:0.33
technology:0.32425
breathtaking:0.32375
fantasy world:0.322
narrated:0.322
thriller:0.3215
beautiful:0.3195
visually appealing:0.31425
visual:0.3125
doctors:0.31075
writers:0.30775
stylized:0.307
obsession:0.30225
thought-provoking:0.3
