glbt:0.9905
writer's life:0.97375
oscar:0.9675
biopic:0.9525
biographical:0.95125
homosexuality:0.9415
biography:0.907
queer:0.837
irish accent:0.836
gay:0.832
writers:0.82
obsession:0.79
oscar (best supporting actress):0.789
sexuality:0.76425
life:0.743
oscar (best actress):0.73925
passionate:0.73425
costume drama:0.727
england:0.713
relationships:0.694
literature:0.69375
prison:0.6795
original:0.66775
mentor:0.64175
destiny:0.63725
life philosophy:0.62125
affectionate:0.61425
great acting:0.589
sexual:0.57025
love:0.56025
unlikely friendships:0.55425
reflective:0.54375
touching:0.54225
male nudity:0.53725
tragedy:0.53675
very interesting:0.53225
oscar (best directing):0.5305
great:0.52675
earnest:0.52525
oscar (best supporting actor):0.52275
life & death:0.517
love story:0.513
prejudice:0.501
friendship:0.48875
good:0.4885
transformation:0.47825
marriage:0.47425
catholicism:0.46975
great ending:0.46475
based on a play:0.46275
beautifully filmed:0.45975
adaptation:0.45075
imdb top 250:0.45
oscar (best picture):0.44775
witty:0.4415
aids:0.4385
beautiful scenery:0.434
greed:0.43
19th century:0.424
drama:0.423
cinematography:0.4215
heartbreaking:0.42125
interesting:0.41825
courage:0.41025
story:0.41
catastrophe:0.40975
pg-13:0.407
oscar winner:0.39725
childhood:0.396
oscar (best actor):0.39375
loneliness:0.38525
good soundtrack:0.3825
british:0.38025
corruption:0.3795
dialogue:0.37725
excellent:0.3675
storytelling:0.3645
drinking:0.364
great movie:0.3625
betrayal:0.362
fight scenes:0.3605
secrets:0.3565
wistful:0.354
overrated:0.35275
london:0.3515
excellent script:0.35125
not funny:0.349
justice:0.34425
dramatic:0.3435
artistic:0.3395
period piece:0.33675
adapted from:book:0.33625
intimate:0.3315
criterion:0.331
very good:0.328
nudity (topless - notable):0.3265
classic car:0.32625
suprisingly clever:0.3255
bittersweet:0.32425
melancholic:0.321
