horror:0.984
egypt:0.8345
goofy:0.8265
predictable:0.823
original:0.76125
bad acting:0.7605
monsters:0.75825
supernatural:0.749
idiotic:0.7
splatter:0.6315
monster:0.62775
special effects:0.61825
horrible:0.61075
father daughter relationship:0.605
claustrophobic:0.5835
so bad it's funny:0.58175
great ending:0.55725
bad plot:0.553
low budget:0.54125
stereotypes:0.535
bad cgi:0.522
shallow:0.5075
scary:0.49125
catastrophe:0.4845
slasher:0.47675
stupid:0.45975
demons:0.4495
cgi:0.44875
archaeology:0.448
overrated:0.443
pornography:0.44275
silly:0.43875
first contact:0.43275
plot:0.412
mythology:0.4105
dialogue:0.39825
not funny:0.39525
bad ending:0.392
bad:0.39025
bad script:0.386
cult:0.384
big budget:0.38375
adventure:0.37725
police investigation:0.37375
plot holes:0.36925
awful:0.36825
crude humor:0.36275
disaster:0.3575
action:0.35325
based on a video game:0.35225
weird:0.3475
good soundtrack:0.342
quirky:0.34025
absurd:0.34
natural disaster:0.33875
zombie:0.33725
brutality:0.33625
fight scenes:0.33425
bad science:0.3325
watch the credits:0.332
fantasy world:0.33125
boring:0.331
werewolf:0.329
chase:0.32525
cheesy:0.323
better than expected:0.3215
graphic design:0.32075
stupid as hell:0.3205
ghosts:0.3175
male nudity:0.31575
apocalypse:0.314
sci fi:0.31375
parody:0.3055
destiny:0.305
torture:0.3045
gory:0.3045
effects:0.30375
mentor:0.3025
werewolves:0.2995
remake:0.29725
storytelling:0.29525
fun movie:0.29525
family:0.295
pointless:0.29475
entirely dialogue:0.29275
suspense:0.292
light:0.289
unfunny:0.2845
nasa:0.28175
devil:0.28025
technology:0.2795
justice:0.279
cult film:0.27825
satire:0.27775
writers:0.27675
good:0.2765
slapstick:0.27525
adapted from:game:0.2725
lone hero:0.2705
very funny:0.26825
