heist:0.953
caper:0.947
greed:0.944
twists & turns:0.8865
crime:0.886
betrayal:0.869
crime gone awry:0.83975
neo-noir:0.76325
film noir:0.75925
claustrophobic:0.73875
original:0.72275
manipulation:0.7145
sexy:0.71375
downbeat:0.71175
complex:0.70075
very interesting:0.68775
plot twist:0.684
wine:0.67125
violent:0.6585
complicated:0.64775
redemption:0.64575
gangsters:0.63175
violence:0.63075
good:0.627
great:0.62575
robbery:0.625
complex characters:0.6125
great ending:0.6115
brutality:0.6115
character study:0.59625
stylish:0.59425
dialogue:0.59375
mentor:0.58425
drama:0.58125
interesting:0.57875
relationships:0.57725
noir:0.56125
tense:0.55825
twist:0.555
cheating:0.54725
suspense:0.547
great acting:0.5365
corruption:0.53175
pulp:0.529
death:0.52675
moral ambiguity:0.52275
paranoid:0.5205
harsh:0.51575
drinking:0.51475
mob:0.50075
thriller:0.5
writers:0.49875
poker:0.497
clever:0.48725
nudity (topless - notable):0.487
great dialogue:0.48475
great movie:0.4835
excellent:0.4825
oscar (best directing):0.4815
oscar (best supporting actress):0.47975
suspenseful:0.4775
good soundtrack:0.47425
cerebral:0.4725
exceptional acting:0.47225
melancholic:0.4665
murder:0.4635
based on book:0.45875
gritty:0.4535
underrated:0.45225
based on a book:0.452
adaptation:0.451
nudity (full frontal - brief):0.4505
con artists:0.45
police investigation:0.448
storytelling:0.44275
runaway:0.43425
pornography:0.4315
criterion:0.43025
hitman:0.42725
lawyer:0.42625
entirely dialogue:0.424
based on a play:0.412
catastrophe:0.4075
ensemble cast:0.40525
very good:0.4025
realistic:0.39925
story:0.39775
good acting:0.39475
forceful:0.38875
cinematography:0.3865
alter ego:0.38575
good dialogue:0.38075
plot:0.3785
pointless:0.37725
1970s:0.3725
talky:0.3715
enigmatic:0.37075
bleak:0.37
first contact:0.36925
gangster:0.369
