cars:0.98925
computer animation:0.979
animation:0.96625
pixar:0.96275
pixar animation:0.96225
racing:0.94775
espionage:0.919
story:0.8745
spy:0.8515
sequel:0.847
spying:0.8315
franchise:0.82325
talking animals:0.78925
sequels:0.76375
big budget:0.7425
original:0.73775
race:0.706
spies:0.70125
kids and family:0.63625
adventure:0.63475
3d:0.6095
dialogue:0.60025
visually appealing:0.58
family:0.571
fun:0.57075
disney:0.5685
good sequel:0.5655
action:0.55825
predictable:0.54025
mentor:0.52925
creativity:0.52225
animals:0.4935
action packed:0.4915
catastrophe:0.487
redemption:0.482
unlikely friendships:0.46775
toys:0.4675
friendship:0.463
product placement:0.45575
exciting:0.4425
children:0.44125
kids:0.43475
storytelling:0.428
pg-13:0.42075
animated:0.41625
silly:0.41425
betrayal:0.41375
fantasy world:0.41325
cartoon:0.41075
crude humor:0.4085
violence:0.4035
plot:0.40125
good soundtrack:0.4
good:0.39475
entertaining:0.3915
crappy sequel:0.39125
natural disaster:0.383
bad plot:0.38125
not funny:0.37425
fun movie:0.37075
great ending:0.36425
visually stunning:0.36275
destiny:0.3495
better than expected:0.3385
life philosophy:0.338
stereotypes:0.336
london:0.33375
cute:0.332
fast paced:0.32125
007:0.32025
fight scenes:0.31975
clever:0.3185
vengeance:0.31725
chase:0.313
runaway:0.3125
secrets:0.31025
weapons:0.30925
happy ending:0.30825
great:0.3005
tokyo:0.3005
visuals:0.29925
beautiful scenery:0.296
shallow:0.295
slapstick:0.29325
first contact:0.29
too short:0.29
dreamworks:0.2855
superheroes:0.28325
so bad it's funny:0.28225
cgi:0.28125
culture clash:0.28025
very funny:0.27875
visual:0.278
dinosaurs:0.27325
transformation:0.2715
car chase:0.2715
sci fi:0.26875
lame:0.268
brutality:0.26775
violent:0.26575
