biographical:0.98175
gay:0.97775
biopic:0.97075
queer:0.94
relationships:0.92525
life & death:0.91875
glbt:0.8925
homosexuality:0.8645
intimate:0.8525
drama:0.841
biography:0.839
gay character:0.8165
very interesting:0.8155
original:0.8125
character study:0.80775
writers:0.789
dramatic:0.7635
talky:0.73925
complex:0.71875
reflective:0.71875
obsession:0.7025
sexuality:0.70175
good soundtrack:0.698
criterion:0.69425
violent:0.694
loneliness:0.692
oscar (best actress):0.668
true story:0.66775
male nudity:0.662
dialogue:0.658
social commentary:0.6525
homophobia:0.6405
dark hero:0.63825
quotable:0.637
death:0.63125
life:0.6295
sexual:0.628
melancholic:0.621
drinking:0.6205
oscar (best supporting actress):0.61425
crime gone awry:0.60225
murder:0.586
runaway:0.58525
great:0.58375
london:0.57075
great ending:0.57025
adapted from:book:0.567
mentor:0.565
witty:0.55525
pornography:0.55475
interesting:0.5525
aids:0.5455
movielens top pick:0.54025
independent film:0.52925
macabre:0.52575
great acting:0.5255
depression:0.52525
narrated:0.52275
very good:0.517
depressing:0.51025
brutality:0.50925
cult classic:0.50825
based on a book:0.505
great movie:0.504
artistic:0.5025
england:0.499
existentialism:0.49125
greed:0.48875
dark humor:0.48575
redemption:0.48525
oscar (best directing):0.485
thought-provoking:0.48325
enigmatic:0.481
stylish:0.4805
childhood:0.48
psychology:0.47725
downbeat:0.4745
unlikely friendships:0.47375
golden palm:0.47375
nudity (full frontal - notable):0.47025
heartbreaking:0.461
bleak:0.4605
british:0.4595
melancholy:0.45675
entirely dialogue:0.4545
adaptation:0.45
intellectual:0.44875
passionate:0.448
life philosophy:0.44775
tragedy:0.44425
good:0.44075
philosophy:0.43925
lyrical:0.4385
stylized:0.43775
based on book:0.43725
grim:0.43575
friendship:0.4345
storytelling:0.43425
prejudice:0.4305
exceptional acting:0.43025
