parody:0.9935
spoof:0.975
funny:0.93475
trilogy:0.8945
original:0.853
comedy:0.834
goofy:0.82
hilarious:0.77875
very funny:0.76725
humor:0.75825
great ending:0.75
clever:0.7465
star wars:0.74225
silly fun:0.72175
highly quotable:0.71325
franchise:0.69125
funny as hell:0.68375
good:0.68025
dialogue:0.6565
plot:0.65375
long:0.62625
crude humor:0.61775
series:0.58775
violence:0.58025
good soundtrack:0.572
silly:0.57175
humorous:0.56075
storytelling:0.5585
fantasy world:0.541
satire:0.541
too long:0.53425
sarcasm:0.5315
dynamic cgi action:0.529
pg-13:0.526
great movie:0.522
space:0.51575
dark hero:0.51475
suprisingly clever:0.50575
oscar (best directing):0.5015
redemption:0.49725
story:0.491
forceful:0.484
stupidity:0.47525
sexualized violence:0.471
stereotypes:0.46675
mentor:0.46675
catastrophe:0.46025
based on a tv show:0.45975
great:0.43175
very good:0.423
culture clash:0.42075
gunfight:0.41675
irreverent:0.4145
quotable:0.4095
original plot:0.40925
predictable:0.407
absurd:0.4025
brutality:0.39975
visually stunning:0.39775
interesting:0.3975
adaptation:0.393
product placement:0.39225
imdb top 250:0.3905
violent:0.38075
harsh:0.38
special:0.37875
fast paced:0.377
sci fi:0.37625
funniest movies:0.37475
fun:0.3735
pornography:0.37325
stylized:0.373
multiple storylines:0.37125
slapstick:0.3705
unusual plot structure:0.36725
pointless:0.36675
nudity (full frontal - brief):0.364
talky:0.3575
intense:0.3545
unfunny:0.353
vengeance:0.3515
justice:0.35
robot:0.33325
high fantasy:0.33175
technology:0.33125
comic:0.331
visually appealing:0.3295
plot holes:0.329
excellent script:0.32575
witty:0.325
visual:0.3235
bloody:0.32125
dark:0.32125
doctors:0.3205
reality tv:0.3145
epic:0.31
criterion:0.309
melancholic:0.3085
weapons:0.307
boring!:0.30375
