horror:0.988
creepy:0.9765
paranoia:0.95325
scary:0.93125
suspense:0.911
psychological:0.9065
oscar (best supporting actress):0.9035
imdb top 250:0.88375
weird:0.86475
tense:0.861
atmospheric:0.8585
suspenseful:0.85725
surreal:0.833
frightening:0.83275
oscar (best actress):0.83
psychology:0.8285
demons:0.81775
disturbing:0.8095
supernatural:0.8035
original:0.79775
masterpiece:0.79
claustrophobic:0.78825
eerie:0.782
criterion:0.78175
ominous:0.7675
devil:0.76575
dark:0.755
visceral:0.7515
classic:0.739
macabre:0.7365
dreamlike:0.732
adapted from:book:0.716
dark fantasy:0.70525
great ending:0.6925
paranoid:0.67775
good soundtrack:0.67425
strange:0.673
dreams:0.66175
witches:0.6475
gory:0.64675
social commentary:0.635
cult film:0.63175
twists & turns:0.62975
insanity:0.6285
violent:0.627
cult classic:0.624
oscar (best directing):0.62125
great acting:0.61325
enigmatic:0.61125
hallucinatory:0.6035
talky:0.5965
obsession:0.59525
dark humor:0.58525
adaptation:0.56825
loneliness:0.56525
drinking:0.565
cult:0.5645
violence:0.55925
downbeat:0.55875
blood:0.556
stylized:0.54775
good acting:0.5445
grindhouse:0.54125
runaway:0.53475
based on a book:0.531
twist ending:0.5275
storytelling:0.52175
cinematography:0.51425
exceptional acting:0.51125
brutality:0.5095
serial killer:0.509
interesting:0.5055
allegory:0.50425
great movie:0.50325
gothic:0.5005
doctors:0.4985
splatter:0.4775
grim:0.4735
twist:0.4685
catastrophe:0.46775
surrealism:0.466
great:0.46575
dialogue:0.46275
afi 100 (movie quotes):0.45975
cerebral:0.45825
complex:0.4565
visually appealing:0.45325
isolation:0.4455
intense:0.442
affectionate:0.43825
murder:0.4355
nudity (full frontal - notable):0.4335
based on book:0.43325
long:0.42775
transformation:0.42725
oscar (best effects - visual effects):0.42675
melancholic:0.42425
police investigation:0.41725
suprisingly clever:0.41275
nocturnal:0.41125
