rape:0.94025
pornography:0.92225
sexual abuse:0.87675
vengeance:0.865
internet:0.848
adolescence:0.83775
teenager:0.82025
hard to watch:0.8145
family drama:0.80325
sexual:0.8
runaway:0.7885
psychological:0.77575
emotional:0.7665
drama:0.75925
disturbing:0.75775
revenge:0.75225
good soundtrack:0.7515
exceptional acting:0.74525
realistic:0.72575
brutality:0.72475
original:0.721
parenthood:0.695
dramatic:0.69125
teen movie:0.66825
justice:0.663
obsession:0.65125
manipulation:0.65
guilt:0.64675
heartbreaking:0.63325
child abuse:0.6235
mentor:0.62325
relationships:0.62275
dysfunctional family:0.611
teen:0.60725
sex:0.60675
depression:0.60025
virginity:0.59975
teenagers:0.5945
great acting:0.5805
coming of age:0.5735
sexualized violence:0.56525
sexy:0.563
controversial:0.56175
police investigation:0.558
violence:0.55425
betrayal:0.5485
coming-of-age:0.545
women:0.5405
bullying:0.5385
good acting:0.5145
torture:0.51375
teens:0.51325
loneliness:0.50775
vigilantism:0.50725
violent:0.5015
great ending:0.4965
hospital:0.4965
intense:0.492
pg-13:0.48525
good:0.481
nudity (full frontal - brief):0.4785
grim:0.47725
storytelling:0.477
psychology:0.47625
twists & turns:0.47525
california:0.47275
melancholic:0.47
idealism:0.4685
school:0.46825
brutal:0.46725
crime:0.46225
investigation:0.45575
life:0.45375
dialogue:0.44075
nudity (topless - notable):0.44025
kidnapping:0.4385
identity:0.4355
oscar:0.433
affectionate:0.43175
corruption:0.42875
story:0.42875
complex:0.42775
character study:0.425
family:0.425
catastrophe:0.41825
intimate:0.418
world politics:0.4165
cinematography:0.412
tragedy:0.41075
golden palm:0.4105
harsh:0.40925
excellent script:0.409
unlikely friendships:0.40675
death:0.40375
childhood:0.4035
interesting:0.398
suburbia:0.39625
based on a true story:0.395
murder:0.3915
censorship:0.39075
