violence:0.993
violent:0.99075
gratuitous violence:0.98275
brutality:0.975
serial killer:0.96975
controversial:0.95925
good soundtrack:0.95425
bloody:0.94775
satire:0.9455
stylized:0.943
satirical:0.932
robert downey jr:0.9265
sexualized violence:0.925
visceral:0.91825
stylish:0.8945
original:0.87925
disturbing:0.87425
obsession:0.87025
social commentary:0.86675
splatter:0.855
brutal:0.844
weird:0.81475
dark humor:0.8125
cult classic:0.812
censorship:0.80375
pornography:0.79175
surreal:0.7865
dark comedy:0.76425
crime:0.7565
insanity:0.7435
blood:0.743
pulp:0.74175
murder:0.74175
mindfuck:0.7355
cult film:0.7215
graphic novel:0.72025
dialogue:0.69125
twist:0.68225
hallucinatory:0.676
gory:0.66875
psychological:0.66625
psychedelic:0.66425
prison:0.6605
storytelling:0.6595
twists & turns:0.658
tarantino:0.6575
black comedy:0.652
grindhouse:0.65075
visually appealing:0.634
pointless:0.632
dark:0.63125
hit men:0.623
reality tv:0.6225
ironic:0.62025
interesting:0.6005
multiple storylines:0.57825
gangsters:0.57825
masterpiece:0.57625
awesome soundtrack:0.57575
absurd:0.5655
drugs:0.55675
intense:0.5435
surrealism:0.54225
talky:0.5415
harsh:0.5365
crazy:0.53625
hitman:0.53625
vengeance:0.53475
great ending:0.5335
bizarre:0.52925
dark hero:0.5285
narrated:0.5195
very interesting:0.51875
clever:0.5125
love:0.51175
sexy:0.50025
greed:0.4865
anti-hero:0.48225
entirely dialogue:0.481
cool:0.4665
psychology:0.46125
golden palm:0.461
colourful:0.45725
dysfunctional family:0.45175
catastrophe:0.451
art:0.45025
moral ambiguity:0.44625
brainwashing:0.44625
innocence lost:0.44575
thought-provoking:0.4425
gore:0.44075
mob:0.43925
cerebral:0.43825
cynical:0.43825
bad ending:0.4365
corruption:0.433
visual:0.43175
nudity (full frontal - notable):0.42875
sexual abuse:0.42675
cult:0.42625
