fairy tale:0.98425
fairy tales:0.83075
magic:0.80375
original:0.7125
silly:0.64375
adapted from:book:0.626
girlie movie:0.625
whimsical:0.62375
visuals:0.62325
fantasy:0.62175
fantasy world:0.62025
light:0.6115
story:0.5795
colourful:0.56975
remake:0.5655
destiny:0.56425
cute:0.5625
witch:0.54975
adaptation:0.53525
visually stunning:0.514
predictable:0.5125
great ending:0.511
witches:0.5095
storytelling:0.50775
visual:0.50725
silly fun:0.5045
dialogue:0.48
bad cgi:0.43625
absurd:0.43525
family:0.42925
catastrophe:0.42775
fun:0.41825
immortality:0.41
comedy:0.4005
beautiful scenery:0.3995
cute!:0.37775
quirky:0.37425
happy ending:0.373
weird:0.37275
computer animation:0.3635
pg-13:0.35475
mentor:0.349
fight scenes:0.34675
unfunny:0.3465
fun movie:0.341
overrated:0.337
romance:0.336
ridiculous:0.33525
bad plot:0.33525
transformation:0.33375
runaway:0.32725
melancholic:0.32725
kids and family:0.32575
visually appealing:0.32575
narrated:0.3245
better than expected:0.32375
teen movie:0.323
shallow:0.323
greed:0.32225
slapstick:0.32
feel-good:0.31925
lone hero:0.31675
clever:0.31025
feel good movie:0.30725
betrayal:0.3055
stereotypes:0.30025
romantic comedy:0.29875
not funny:0.29525
indians:0.295
good:0.29425
very funny:0.29275
adventure:0.29175
humorous:0.29025
first contact:0.29
chase:0.2895
bollywood:0.2895
romantic:0.2865
childhood:0.28625
brutality:0.28425
beautiful:0.27675
so bad it's funny:0.2765
surreal:0.27325
children:0.27175
imagination:0.271
entertaining:0.26975
good soundtrack:0.26875
entirely dialogue:0.262
swashbuckler:0.25475
crude humor:0.25325
good versus evil:0.253
horrible:0.252
twists & turns:0.24925
special effects:0.24725
life philosophy:0.247
great:0.2425
pornography:0.242
culture clash:0.23975
vengeance:0.2395
cinematography:0.23925
bad ending:0.239
