amnesia:0.93125
deadpan:0.913
quirky:0.91125
hit men:0.89125
pornography:0.86925
cerebral:0.8675
independent film:0.844
gangsters:0.81525
dialogue:0.7985
redemption:0.791
very interesting:0.788
weird:0.78475
original:0.7685
enigmatic:0.7425
stylized:0.72375
off-beat comedy:0.7185
life philosophy:0.713
melancholic:0.713
loneliness:0.672
intellectual:0.6585
entirely dialogue:0.6495
relationships:0.63625
complex:0.63575
talky:0.63075
social commentary:0.6235
existentialism:0.618
absurd:0.60275
crime gone awry:0.60025
interesting:0.59225
good soundtrack:0.58075
writers:0.57775
visually appealing:0.57675
criterion:0.5735
crime:0.5685
indie:0.553
golden palm:0.5505
great ending:0.54725
gunfight:0.51975
intimate:0.5165
downbeat:0.502
non-linear:0.50125
surreal:0.4925
storytelling:0.49225
artsy:0.488
melancholy:0.46775
obsession:0.4615
unusual plot structure:0.4595
whimsical:0.4575
unlikely friendships:0.456
writing:0.45425
destiny:0.4515
witty:0.45
affectionate:0.44175
film noir:0.4325
mentor:0.4205
ironic:0.42025
catastrophe:0.42025
gangster:0.41975
satirical:0.4195
suprisingly clever:0.418
nonlinear:0.4135
art:0.4105
twists & turns:0.40825
eccentricity:0.40125
sexy:0.3975
pretentious:0.39675
grindhouse:0.39375
reflective:0.3895
good music:0.38125
clever:0.37825
allegory:0.374
poetry:0.36825
character study:0.3675
cult classic:0.36475
not funny:0.36325
alternate endings:0.359
meditative:0.3585
male nudity:0.354
bad acting:0.353
philosophy:0.3505
dark humor:0.34675
coen bros:0.34375
cool:0.34375
humorous:0.3425
atmospheric:0.3275
identity:0.326
mission from god:0.32575
art house:0.32425
pointless:0.32375
cult film:0.31875
underrated:0.3175
harsh:0.316
bleak:0.31175
bad ending:0.30825
distopia:0.30525
artistic:0.304
culture clash:0.30325
greed:0.30125
so bad it's funny:0.30025
nocturnal:0.3
