romantic comedy:0.998
romantic:0.99725
chick flick:0.99475
girlie movie:0.98725
love story:0.987
destiny:0.98075
sweet:0.97525
happy ending:0.96425
good romantic comedies:0.964
romance:0.95
love:0.94525
feel-good:0.9235
feel good movie:0.87025
relationships:0.8585
sentimental:0.85225
sappy:0.80325
cute:0.78575
drama:0.75925
touching:0.7435
cute!:0.72225
light:0.718
good:0.70025
courage:0.67
heartwarming:0.655
original:0.6505
catastrophe:0.65
cancer:0.644
family:0.64375
women:0.64075
chase:0.62675
tear jerker:0.621
beautiful scenery:0.6055
great:0.60275
fun movie:0.59925
pg-13:0.59225
loneliness:0.58625
predictable:0.5755
radio:0.5605
shopping:0.558
story:0.54225
mentor:0.531
life philosophy:0.5305
marriage:0.512
emotional:0.51175
new york city:0.507
fun:0.5065
honest:0.50525
natural disaster:0.49925
plot:0.487
oscar winner:0.4765
comedy:0.475
great ending:0.46425
death:0.46
fantasy:0.45625
new york:0.4555
sacrifice:0.4545
culture clash:0.4525
bittersweet:0.45025
divorce:0.447
oscar (best supporting actress):0.434
first contact:0.424
big budget:0.42225
absurd:0.42025
classic:0.418
sad but good:0.41725
not funny:0.40725
special:0.404
runaway:0.397
life:0.38425
shallow:0.38
dialogue:0.37
simple:0.37
transformation:0.36975
whimsical:0.3645
good acting:0.3635
good action:0.3635
funny:0.36125
overrated:0.3595
magic:0.3585
good soundtrack:0.354
cheesy:0.3505
storytelling:0.3455
passionate:0.345
wedding:0.34375
internet:0.342
oscar (best directing):0.3405
childhood:0.3355
stereotypes:0.332
great movie:0.32625
earnest:0.32525
nostalgic:0.32225
lone hero:0.31825
alternate history:0.316
great acting:0.316
justice:0.31475
inspirational:0.31325
excellent script:0.312
suspense:0.3115
oscar:0.30775
unrealistic:0.30525
