powerful ending:0.9705
drugs:0.93
friendship:0.822
weed:0.81125
lawyer:0.78975
great acting:0.78675
unlikely friendships:0.7785
mentor:0.77175
prison:0.771
excellent script:0.7675
intense:0.76725
dramatic:0.75875
original:0.74425
drama:0.7345
good soundtrack:0.73225
good:0.73175
great ending:0.715
corruption:0.711
sacrifice:0.6915
morality:0.69075
very interesting:0.68625
culture clash:0.6825
interesting:0.672
plot twist:0.6695
twists & turns:0.66225
lawyers:0.65975
drinking:0.6495
good acting:0.63575
justice:0.6305
psychological:0.629
story:0.626
thought-provoking:0.60575
pg-13:0.60075
storytelling:0.598
greed:0.5955
brutality:0.5945
survival:0.57875
based on true story:0.5715
complex:0.5695
crime:0.564
harsh:0.56125
suspense:0.5575
death:0.55575
emotional:0.54475
life philosophy:0.5405
original plot:0.54025
very good:0.5355
redemption:0.5335
dialogue:0.53225
honest:0.53075
great:0.52525
plot:0.5055
happy ending:0.49925
social commentary:0.49475
addiction:0.489
catastrophe:0.481
great movie:0.47825
forceful:0.4745
transformation:0.47375
excellent:0.473
depression:0.4715
life & death:0.463
feel-good:0.46075
tragedy:0.46075
oscar:0.4585
suprisingly clever:0.45825
cerebral:0.4565
relationships:0.45125
buddy movie:0.44275
mental illness:0.432
oscar winner:0.4315
realistic:0.4285
exceptional acting:0.4255
destiny:0.4245
talky:0.42425
twist ending:0.4205
predictable:0.414
poignant:0.41175
complex characters:0.41075
courage:0.409
bad ending:0.40825
intelligent:0.40575
oscar (best supporting actress):0.40425
violence:0.40225
vengeance:0.39475
runaway:0.394
fun movie:0.392
twist:0.3905
not funny:0.39025
drug abuse:0.3875
police investigation:0.3845
revenge:0.384
drug addiction:0.3825
loneliness:0.379
betrayal:0.3785
oscar (best directing):0.37625
new jersey:0.37625
existentialism:0.37625
moral ambiguity:0.37575
pornography:0.371
