based on a tv show:0.98
franchise:0.82575
original:0.81575
family:0.76175
series:0.74975
television:0.74425
saturday night live:0.744
dumb but funny:0.70675
silly:0.68
predictable:0.64825
comedy:0.6225
parody:0.5725
stupid:0.569
slapstick:0.5295
silly fun:0.5255
crude humor:0.514
remake:0.50475
mentor:0.50175
greed:0.461
stupidity:0.45525
pg-13:0.4385
goofy:0.432
splatter:0.43075
catastrophe:0.43075
humorous:0.42925
hilarious:0.42825
nostalgic:0.428
good:0.42575
first contact:0.41225
nostalgia:0.4075
adaptation:0.40675
great ending:0.404
great:0.38725
life philosophy:0.384
dialogue:0.38375
fantasy world:0.38175
very funny:0.381
idiotic:0.37975
destiny:0.37275
buddy movie:0.3705
funny:0.3685
bad plot:0.3605
overrated:0.3585
childhood:0.354
satirical:0.34775
immortality:0.3465
reality tv:0.34475
fight scenes:0.34375
classic:0.33525
doctors:0.332
natural disaster:0.332
funny as hell:0.32625
story:0.32325
satire:0.3215
unusual plot structure:0.313
pointless:0.3095
redemption:0.307
chase:0.3055
con artists:0.30025
runaway:0.3
unfunny:0.299
vengeance:0.29525
dumb:0.291
shallow:0.287
storytelling:0.278
dysfunctional family:0.277
quirky:0.2745
pornography:0.273
nudity (full frontal - brief):0.26975
big budget:0.269
brutality:0.2685
culture clash:0.26575
dreamlike:0.2655
justice:0.265
lone hero:0.26475
adapted from:comic:0.2645
disaster:0.26325
inspirational:0.26275
entirely dialogue:0.26
nudity (topless - notable):0.25925
fun movie:0.25675
cult film:0.2555
earnest:0.25475
corny:0.25325
stereotypes:0.252
death:0.2505
sci fi:0.24725
camp:0.246
adapted from:book:0.24475
based on a book:0.24225
fun:0.241
crappy sequel:0.2395
special effects:0.23825
los angeles:0.237
good soundtrack:0.23625
stupid as hell:0.236
melancholic:0.23525
writers:0.235
absurd:0.23475
feel-good:0.232
