romantic comedy:0.99475
chick flick:0.99425
romantic:0.98025
wedding:0.97125
girlie movie:0.964
good romantic comedies:0.95275
romance:0.89025
love story:0.88075
happy ending:0.8595
relationships:0.78675
predictable:0.74475
cute!:0.729
sweet:0.72625
feel-good:0.70125
cute:0.661
sexy:0.6405
beautiful scenery:0.63025
feel good movie:0.58425
women:0.55775
original:0.55025
divorce:0.54775
better than expected:0.53925
catastrophe:0.49475
love:0.4925
destiny:0.47625
pg-13:0.44625
life philosophy:0.43925
so bad it's funny:0.4345
sappy:0.42975
fun movie:0.4175
london:0.41325
bad plot:0.4115
marriage:0.407
shallow:0.4055
natural disaster:0.403
twists & turns:0.40025
dialogue:0.39825
sisters:0.395
horrible:0.39025
mentor:0.3795
great:0.37175
unrealistic:0.3655
great ending:0.36425
light:0.36025
based on a book:0.34675
silly:0.3435
fantasy world:0.327
england:0.323
family:0.311
plot:0.308
switching places:0.2985
comedy:0.297
teen movie:0.29325
good:0.29
stereotypes:0.28725
not funny:0.2845
no plot:0.28425
based on book:0.284
crude humor:0.27875
boring:0.2785
very funny:0.277
culture clash:0.2735
entirely dialogue:0.27075
shopping:0.26625
funny:0.265
chase:0.26475
interracial romance:0.25925
good soundtrack:0.2575
cheating:0.25725
bad acting:0.255
brutality:0.25225
fun:0.251
unfunny:0.25075
lone hero:0.23625
runaway:0.23225
idiotic:0.2315
first contact:0.23
quirky:0.2235
disaster:0.223
storytelling:0.21875
cheesy:0.2165
erotic:0.213
transformation:0.21075
overrated:0.209
writers:0.206
police investigation:0.20475
prostitution:0.19925
dysfunctional family:0.1945
secret service:0.19225
wine:0.19
fight scenes:0.1895
entertaining:0.1885
pointless:0.18675
witty:0.18675
adaptation:0.1855
redemption:0.18375
suprisingly clever:0.18225
lame:0.18125
guilty pleasure:0.17775
vengeance:0.1755
