romantic comedy:0.99675
chick flick:0.986
romantic:0.96225
girlie movie:0.9605
happy ending:0.9605
good romantic comedies:0.96025
love:0.95725
wedding:0.9465
gay character:0.924
love story:0.91
sweet:0.90275
gay:0.89425
relationships:0.8595
romance:0.82575
unlikely friendships:0.79225
women:0.7605
friendship:0.6915
destiny:0.6895
feel-good:0.67375
shallow:0.6715
cute:0.6695
original:0.66475
pg-13:0.65875
cute!:0.65025
marriage:0.63175
comedy:0.6305
good:0.58375
predictable:0.58075
queer:0.57225
love triangles:0.567
funny:0.56575
fun movie:0.56275
chase:0.55725
catastrophe:0.54975
feel good movie:0.535
betrayal:0.51225
stereotypes:0.50925
divorce:0.50825
great ending:0.50575
bittersweet:0.502
light:0.49675
family:0.48025
good soundtrack:0.47
shopping:0.45125
great:0.44275
mentor:0.4365
dialogue:0.4355
sexy:0.43325
sacrifice:0.4295
passionate:0.422
fun:0.41575
culture clash:0.4125
very funny:0.412
bad plot:0.3925
silly:0.38825
sentimental:0.3695
honest:0.3645
better than expected:0.362
bad ending:0.3605
twists & turns:0.35825
runaway:0.35325
teen movie:0.351
life philosophy:0.34975
story:0.3475
interracial romance:0.34575
witty:0.34375
silly fun:0.343
plot:0.33925
oscar:0.33225
horrible:0.3305
awesome soundtrack:0.32875
chicago:0.3255
touching:0.325
beautiful scenery:0.3245
not funny:0.31925
clever:0.311
cheating:0.305
nudity (topless - notable):0.3025
oscar (best actress):0.30025
drama:0.30025
oscar (best supporting actress):0.2965
brutality:0.28975
storytelling:0.28725
overrated:0.285
manipulation:0.2815
entirely dialogue:0.28125
good action:0.2805
adaptation:0.27775
natural disaster:0.2765
excellent script:0.2765
oscar winner:0.27325
big budget:0.27225
unfunny:0.27025
unrealistic:0.26925
interesting:0.2645
writers:0.264
vengeance:0.26325
sappy:0.26225
affectionate:0.2585
pornography:0.255
