vigilante:0.993
vigilantism:0.98675
violence:0.95975
gangs:0.9265
brutality:0.913
revenge:0.91275
justice:0.90875
police investigation:0.88275
vengeance:0.8825
violent:0.87675
drugs:0.8235
original:0.81825
gritty:0.814
death:0.7975
england:0.78175
crime:0.78175
brutal:0.77425
corruption:0.773
murder:0.762
london:0.74375
good soundtrack:0.74175
pornography:0.732
moral ambiguity:0.72975
police:0.717
british:0.69425
mentor:0.6915
gangsters:0.691
guns:0.6885
visceral:0.67075
intense:0.663
bleak:0.6495
drinking:0.6115
sexualized violence:0.58725
social commentary:0.5795
disturbing:0.57025
gunfight:0.5475
police corruption:0.546
weapons:0.5425
suspense:0.53025
harsh:0.5265
runaway:0.5195
great ending:0.5185
drama:0.51375
bullying:0.51225
hospital:0.50625
bloody:0.49825
good:0.4975
marijuana:0.49625
tense:0.49325
thriller:0.492
redemption:0.488
drug abuse:0.48725
predictable:0.47825
action:0.4725
classic car:0.472
forceful:0.4645
excellent script:0.46175
foul language:0.45975
thought-provoking:0.4525
anti-hero:0.44525
dialogue:0.444
interesting:0.43725
grim:0.4365
organized crime:0.43275
detective:0.42975
catastrophe:0.426
storytelling:0.421
chase:0.41575
male nudity:0.40625
great:0.399
loneliness:0.3935
betrayal:0.3915
underrated:0.3885
graphic novel:0.38675
blood:0.386
hitman:0.38375
story:0.382
life philosophy:0.38175
nudity (full frontal - brief):0.37675
stereotypes:0.37475
sexual abuse:0.374
great movie:0.3695
not funny:0.3655
suburbia:0.36025
stylized:0.35775
downbeat:0.35275
life & death:0.34875
nudity (topless - notable):0.3485
cinematography:0.3475
torture:0.342
complex:0.33725
rape:0.334
grindhouse:0.33275
survival:0.33225
shallow:0.32875
fight scenes:0.32825
melancholic:0.3255
very interesting:0.32475
working class:0.322
plot twist:0.31775
