space:0.97425
science fiction:0.96925
cerebral:0.9555
existentialism:0.94975
sci fi:0.94525
sci-fi:0.939
scifi:0.9315
metaphysics:0.91625
meditative:0.891
mindfuck:0.88775
enigmatic:0.886
memory:0.8815
original:0.85225
surreal:0.83525
weird:0.832
cinematography:0.819
intellectual:0.816
life & death:0.80425
futuristic:0.8005
philosophical:0.799
thought-provoking:0.79325
visual:0.7815
astronauts:0.76925
first contact:0.76625
complex:0.76425
visually stunning:0.76175
adapted from:book:0.75675
visually appealing:0.74725
nonlinear:0.7325
storytelling:0.7275
slow paced:0.7215
intelligent sci-fi:0.70675
melancholic:0.70275
psychology:0.68525
loneliness:0.67875
science:0.67675
clones:0.6655
death:0.6625
space travel:0.662
space opera:0.6575
slow:0.65125
psychological:0.64725
pretentious:0.61925
humanity:0.6185
boring!:0.61275
dreams:0.61075
pointless:0.6075
philosophy:0.60675
confusing:0.6035
based on a book:0.58975
imagination:0.5625
remake:0.56175
allegory:0.5555
paranoia:0.5465
alien:0.53675
dreamlike:0.5355
dialogue:0.53075
love:0.52925
artsy:0.5235
utopia:0.51075
art house:0.50875
alternate reality:0.507
mars:0.505
absurd:0.50175
teleportation:0.50175
aliens:0.50125
adaptation:0.49675
technology:0.496
good soundtrack:0.4955
talky:0.49225
reflective:0.49075
non-linear:0.48975
amazing cinematography:0.489
guilt:0.48525
very interesting:0.47925
great ending:0.479
love story:0.47425
redemption:0.47225
memory loss:0.468
romance:0.467
obsession:0.4655
life philosophy:0.4635
greed:0.45925
god:0.4445
catastrophe:0.438
afterlife:0.4265
visuals:0.42475
creativity:0.42375
colourful:0.42275
pornography:0.42175
interesting:0.421
strange:0.42
erotic:0.416
entirely dialogue:0.4155
criterion:0.41525
paranoid:0.41525
beautifully filmed:0.41175
so bad it's funny:0.40775
breathtaking:0.402
art:0.4015
