marijuana:0.99975
weed:0.9835
cult film:0.96775
drugs:0.95425
cult classic:0.94675
so bad it's funny:0.91
propaganda:0.901
camp:0.87
drug abuse:0.85125
original:0.84925
so bad it's good:0.7925
teen movie:0.77575
addiction:0.775
insanity:0.769
1930s:0.7615
good soundtrack:0.70575
drug addiction:0.7045
pornography:0.688
high school:0.6685
educational:0.631
teens:0.62725
idiotic:0.6265
sexualized violence:0.61375
alternate reality:0.602
teen:0.59725
absurd:0.58675
violent:0.58075
bad acting:0.579
bullying:0.5765
violence:0.5635
stoner movie:0.56
murder:0.55075
unintentionally funny:0.53175
death:0.52975
predictable:0.52275
runaway:0.51825
great ending:0.516
brutality:0.51225
ridiculous:0.5115
mentor:0.5115
narrated:0.50675
pointless:0.50625
splatter:0.5055
family:0.49625
low budget:0.48975
weird:0.48475
goofy:0.47975
school:0.46725
silly:0.4665
teenagers:0.461
stupidity:0.459
campy:0.459
teenager:0.45425
internet:0.45425
corruption:0.4525
80s:0.45175
heroin:0.447
dialogue:0.441
children:0.43675
criterion:0.43625
paranoia:0.43525
satire:0.42775
horrible:0.42775
hilarious:0.42425
male nudity:0.41825
awful:0.413
brainwashing:0.41
good:0.40675
fun:0.4045
social commentary:0.404
stereotypes:0.399
mad scientist:0.397
catastrophe:0.39575
nudity (topless - notable):0.39275
very interesting:0.38675
redemption:0.3845
cult:0.382
overrated:0.38125
talky:0.38075
drinking:0.379
1970s:0.37875
bad plot:0.37425
harsh:0.3695
not funny:0.368
controversial:0.36775
adapted from:book:0.36775
story:0.3655
distopia:0.36375
adaptation:0.3625
hard to watch:0.3555
kids:0.35525
stupid as hell:0.35375
gangs:0.3475
zombie:0.34175
light:0.3405
nudity (full frontal - notable):0.34
entertaining:0.3395
dancing:0.338
road movie:0.338
multiple storylines:0.3365
