germany:0.9915
nazis:0.991
world war ii:0.9825
fascism:0.9695
propaganda:0.96675
history:0.93975
nazi:0.92775
genocide:0.8865
german:0.882
poland:0.846
controversial:0.84525
jews:0.83225
political:0.82825
politics:0.821
anti-semitism:0.79225
criterion:0.78275
censorship:0.7825
historical:0.77
documentary:0.768
holocaust:0.76175
cinematography:0.73575
artistic:0.73
talky:0.721
original:0.70975
us history:0.6845
black and white:0.66125
masterpiece:0.6465
narrated:0.63725
greed:0.6195
brutality:0.61225
wwii:0.61075
1930s:0.609
golden palm:0.6075
pornography:0.60225
brainwashing:0.59725
very interesting:0.58875
breathtaking:0.57925
idealism:0.564
stylized:0.55775
imdb top 250:0.537
culture clash:0.53625
enigmatic:0.51075
social commentary:0.50425
runaway:0.50225
free to download:0.488
oscar (best directing):0.48725
disturbing:0.484
good soundtrack:0.48
grim:0.47975
art:0.471
prejudice:0.46725
forceful:0.464
intimate:0.463
great:0.4625
foreign:0.45875
manipulation:0.45675
ironic:0.45625
interesting:0.45475
suprisingly clever:0.453
hotel:0.4405
berlin:0.43925
harsh:0.43625
unusual plot structure:0.43125
factual:0.427
segregation:0.4245
catastrophe:0.41675
insanity:0.41375
wartime:0.4135
irreverent:0.413
visual:0.4075
corruption:0.4065
tragedy:0.40525
dialogue:0.40125
artist:0.4005
mentor:0.3945
light:0.3925
camp:0.391
assassination:0.38875
grindhouse:0.38825
1920s:0.38725
storytelling:0.38375
absurd:0.38325
melancholic:0.37725
oscar (best actress):0.376
very funny:0.37175
obsession:0.3685
atmospheric:0.36425
finnish:0.36375
beautifully filmed:0.3575
great ending:0.357
not funny:0.35275
nudity (full frontal - notable):0.35225
witty:0.35125
adapted from:book:0.34775
passionate:0.3415
silent:0.3365
movielens top pick:0.33275
reflective:0.32975
oscar (best foreign language film):0.32675
affectionate:0.3265
