christmas:0.99975
holiday:0.99525
family:0.919
predictable:0.84175
silly fun:0.82
horrible:0.8075
comedy:0.76875
natural disaster:0.74375
so bad it's funny:0.72925
silly:0.68875
original:0.6825
disaster:0.67675
catastrophe:0.67625
idiotic:0.6755
slapstick:0.64325
based on a book:0.60075
lame:0.56675
big budget:0.54925
stupid:0.547
bad plot:0.50725
feel-good:0.5025
dysfunctional family:0.49175
humorous:0.48725
unfunny:0.46725
very funny:0.46575
crude humor:0.455
mentor:0.44575
pointless:0.43225
feel good movie:0.432
great ending:0.43175
first contact:0.42875
based on book:0.4255
life philosophy:0.4165
satirical:0.40225
bad acting:0.36975
dumb but funny:0.36975
awful:0.368
dialogue:0.3665
shallow:0.35425
fantasy world:0.35075
single father:0.34875
story:0.34175
overrated:0.34025
destiny:0.3395
adaptation:0.334
funny:0.3305
family drama:0.3305
fun movie:0.32075
better than expected:0.31925
latin america:0.31875
bad:0.31775
redemption:0.3175
franchise:0.316
fight scenes:0.31425
plot:0.31225
bad cgi:0.3075
children:0.30575
adapted from:book:0.30525
stupid as hell:0.30175
pg-13:0.30075
ridiculous:0.29725
fantasy:0.29725
cancer:0.2965
dumb:0.29475
boring:0.29275
creativity:0.2905
adoption:0.287
whimsical:0.28675
lone hero:0.286
not funny:0.28525
god:0.285
vengeance:0.28475
terminal illness:0.2805
runaway:0.2805
books:0.27775
bad science:0.27725
death:0.27625
happy ending:0.26825
police investigation:0.26825
stupidity:0.262
brutality:0.2615
light:0.25675
goofy:0.2565
remake:0.256
special effects:0.2545
island:0.246
absurd:0.244
good:0.243
teen movie:0.24075
justice:0.23975
fun:0.23925
plot holes:0.23925
entirely dialogue:0.238
sci fi:0.23625
chase:0.2345
girlie movie:0.234
storytelling:0.232
writers:0.23075
great:0.23025
farce:0.23
