spelling bee:0.99975
obsession:0.97675
original:0.8935
documentary:0.87225
very interesting:0.83325
interesting:0.78725
dark hero:0.74925
eccentricity:0.7305
social commentary:0.7285
life philosophy:0.68975
psychology:0.67125
intimate:0.66325
criterion:0.66275
honest:0.65075
addiction:0.64725
brutality:0.64325
dark humor:0.6425
talky:0.635
books:0.623
geek:0.6115
psychological:0.6085
independent film:0.59575
based on book:0.595
movielens top pick:0.57025
geeks:0.56975
grindhouse:0.55625
mentor:0.55525
intense:0.551
adaptation:0.54675
based on a book:0.5425
stylish:0.534
great ending:0.5325
weird:0.5295
adapted from:book:0.5215
nocturnal:0.51475
crime gone awry:0.51375
corruption:0.5125
storytelling:0.50525
stylized:0.50125
dialogue:0.49975
narrated:0.49675
good soundtrack:0.49475
mockumentary:0.4945
highly quotable:0.491
depressing:0.48675
clever:0.48
witty:0.4765
competition:0.471
pornography:0.46725
violent:0.463
quirky:0.45725
cerebral:0.456
heartbreaking:0.44925
poker:0.44875
visually appealing:0.4415
intelligent:0.4375
off-beat comedy:0.433
finnish:0.42625
censorship:0.42625
brutal:0.4255
catastrophe:0.42425
violence:0.42425
oscar:0.42375
multiple storylines:0.42275
complex:0.42
segregation:0.4115
twists & turns:0.40925
cult film:0.406
loneliness:0.40575
sarcasm:0.40525
plot twist:0.39525
graphic design:0.38875
passionate:0.38725
mental illness:0.3865
dark:0.3825
gory:0.38025
distopia:0.37975
original plot:0.37275
character study:0.3725
underdog:0.3715
sexualized violence:0.371
gritty:0.37025
melancholic:0.3685
poignant:0.36625
insanity:0.36475
controversial:0.364
dark comedy:0.36375
runaway:0.3615
transformation:0.36075
great:0.3605
new jersey:0.35275
intellectual:0.35125
nerds:0.34375
entertaining:0.34125
free to download:0.33925
meditative:0.33875
politics:0.3375
very funny:0.337
death:0.33275
philosophy:0.3315
