serial killer:0.97025
vigilantism:0.95975
vigilante:0.9545
lawyers:0.95175
chase:0.9445
suspenseful:0.93
suspense:0.91875
violent:0.90525
murder:0.89975
pornography:0.8775
betrayal:0.8765
justice:0.87525
original:0.8655
police investigation:0.865
lawyer:0.8585
drama:0.8235
thriller:0.81375
intense:0.80925
psychological:0.7875
revenge:0.7875
greed:0.76175
police corruption:0.75625
dysfunctional family:0.747
runaway:0.74275
teens:0.73725
torture:0.73075
predictable:0.70475
sexualized violence:0.6985
great ending:0.686
interesting:0.685
courtroom:0.6845
sacrifice:0.68425
vengeance:0.6755
dialogue:0.674
psychology:0.66925
story:0.66525
plot holes:0.6615
crime:0.6615
violence:0.657
secrets:0.656
underrated:0.65275
good soundtrack:0.647
blindness:0.64175
investigation:0.63475
creepy:0.63275
corruption:0.63125
talky:0.6245
classic car:0.615
supernatural:0.60925
boston:0.609
culture clash:0.60675
adaptation:0.6025
mentor:0.60075
clever:0.59875
great acting:0.597
franchise:0.5925
twists & turns:0.59025
plot:0.59
gangsters:0.57275
special:0.57175
nudity (topless - notable):0.5695
hitman:0.563
writers:0.5595
fun movie:0.558
crude humor:0.557
moral ambiguity:0.5495
mystery:0.549
texas:0.547
very good:0.54375
tricky:0.54225
brutality:0.54025
complex:0.52925
life philosophy:0.528
unusual plot structure:0.526
drug abuse:0.52325
fast paced:0.5225
lone hero:0.52
conspiracy:0.5195
brutal:0.517
good action:0.5125
underdog:0.512
twist:0.512
relationships:0.50425
family:0.50375
silly fun:0.502
stylish:0.49725
nerds:0.497
drugs:0.4925
catastrophe:0.48775
good:0.487
weapons:0.486
complicated plot:0.48475
kids and family:0.48425
social commentary:0.48175
great movie:0.47925
nudity (full frontal - brief):0.47675
political corruption:0.47325
goth:0.46175
dark:0.45825
storytelling:0.458
