life & death:0.93325
philosophical:0.88725
cinematography:0.88525
metaphysics:0.87775
cerebral:0.84025
enigmatic:0.8395
existentialism:0.83825
storytelling:0.831
immortality:0.83075
dreams:0.8005
confusing:0.799
surreal:0.78875
pretentious:0.78525
destiny:0.75275
nudity (topless):0.74625
visually appealing:0.744
original:0.7365
dialogue:0.729
mindfuck:0.7075
weird:0.702
complex:0.689
fountain of youth:0.663
non-linear:0.6615
visually stunning:0.6585
cult film:0.656
intellectual:0.6545
psychological:0.63925
art:0.6305
based on a book:0.63025
visual:0.62975
stylized:0.61775
memory:0.617
so bad it's funny:0.60925
nudity (full frontal - notable):0.58475
sacrifice:0.5685
philosophy:0.55975
male nudity:0.55575
harsh:0.55475
art house:0.55475
pointless:0.53825
loneliness:0.5255
brutality:0.51425
nocturnal:0.49875
life philosophy:0.49375
imagination:0.48675
writers:0.4815
solitude:0.47675
magic realism:0.4705
mentor:0.4675
plot:0.4665
absurd:0.466
humanity:0.46575
beautiful scenery:0.463
pulp:0.462
artsy:0.46125
visuals:0.459
poetry:0.456
lynch:0.44175
obsession:0.43975
sexualized violence:0.43925
nudity (full frontal):0.4275
schizophrenia:0.42675
science fiction:0.42275
narrated:0.42125
allegory:0.4195
story:0.41925
great ending:0.40675
dreamlike:0.40575
based on book:0.4035
books:0.39625
beautifully filmed:0.3955
stunning:0.38875
entirely dialogue:0.38475
maze:0.38425
secrets:0.37975
criterion:0.3765
creativity:0.3755
mystery:0.37225
god:0.372
adaptation:0.3715
alternate reality:0.3695
sci fi:0.36825
unusual plot structure:0.36725
adapted from:book:0.367
twist:0.36575
catastrophe:0.36425
writing:0.3595
hospital:0.35875
insanity:0.3545
dark:0.35325
mythology:0.352
cult classic:0.3475
stylish:0.346
melancholic:0.3405
parallel universe:0.34025
religion:0.3395
surrealism:0.3385
suprisingly clever:0.336
nudity (rear):0.33125
complicated:0.32975
