animation:0.99675
cartoon:0.99
fairy tale:0.94575
disney:0.9405
animated:0.933
animals:0.9075
cute:0.854
goofy:0.809
fun movie:0.79
disney animated feature:0.78525
sweet:0.784
story:0.75275
talking animals:0.73225
musical:0.708
kids and family:0.703
good:0.69525
magic:0.693
family:0.66575
classic:0.656
too short:0.647
original:0.628
cute!:0.62725
simple:0.612
fairy tales:0.60925
rabbits:0.56025
narrated:0.524
great:0.52025
adapted from:book:0.4885
children:0.48425
childhood:0.478
kids:0.4765
stereotypes:0.47575
good versus evil:0.4655
treasure:0.4545
fantasy world:0.44825
great ending:0.442
parallel universe:0.43375
dragons:0.433
storytelling:0.4295
dialogue:0.42625
catastrophe:0.42525
puppets:0.42225
1930s:0.4195
computer animation:0.41725
runaway:0.4165
mentor:0.4025
animal movie:0.394
chase:0.38775
greed:0.3865
redemption:0.38625
life philosophy:0.37925
fun:0.3635
mad scientist:0.362
betrayal:0.3605
adaptation:0.35025
action:0.34825
first contact:0.34725
jungle:0.34525
medieval:0.3405
adventure:0.333
light:0.3265
lone hero:0.32575
destiny:0.32325
good soundtrack:0.32225
short:0.32125
based on a play:0.31825
wilderness:0.3165
not funny:0.31625
hunting:0.3135
transformation:0.302
snakes:0.301
feel-good:0.2945
oscar (best music - original song):0.29275
melancholic:0.2865
great movie:0.2855
based on book:0.28525
pigs:0.2825
suprisingly clever:0.2815
bad plot:0.28
brutality:0.269
culture clash:0.265
entertaining:0.264
circus:0.26325
spiders:0.2615
heroine:0.25875
fight scenes:0.25475
based on a book:0.251
romantic:0.2505
so bad it's funny:0.249
island:0.2475
feel good movie:0.24675
creativity:0.2415
slapstick:0.241
predictable:0.24025
stop-motion:0.23925
aardman studios:0.231
entirely dialogue:0.22925
oscar (best actress):0.22375
comic:0.22325
clever:0.22325
