cancer:0.94
family drama:0.8945
tear jerker:0.85175
mentor:0.80925
vengeance:0.8055
emotional:0.78925
islam:0.7805
hospital:0.769
sentimental:0.764
divorce:0.719
life philosophy:0.7095
doctors:0.70475
chase:0.70175
touching:0.62625
drama:0.62075
great acting:0.6115
gunfight:0.6015
family:0.6
destiny:0.5955
catastrophe:0.588
runaway:0.57
original:0.57
life & death:0.5445
feel-good:0.522
happy ending:0.50875
relationships:0.50025
natural disaster:0.49875
parenthood:0.489
feel good movie:0.471
big budget:0.47075
culture clash:0.46675
fantasy world:0.4665
new jersey:0.4625
great:0.456
life:0.45425
good soundtrack:0.45425
compassionate:0.4525
great ending:0.451
nudity (full frontal - brief):0.445
sappy:0.442
predictable:0.42825
heartwarming:0.42575
california:0.39075
romantic comedy:0.38875
revenge:0.3855
suprisingly clever:0.38475
guilt:0.3765
secret service:0.36625
brutality:0.361
unfunny:0.3585
story:0.35575
notable nudity:0.35375
redemption:0.3535
simple:0.34825
lone hero:0.343
inspirational:0.34125
lawyer:0.34125
intense:0.338
father son relationship:0.3375
single father:0.3365
crude humor:0.32925
dysfunctional family:0.329
excellent script:0.32875
oscar (best directing):0.328
corruption:0.3275
good:0.32675
good action:0.3245
heartbreaking:0.32225
dialogue:0.31875
moving:0.31775
not funny:0.31375
courage:0.31325
storytelling:0.30575
exceptional acting:0.30475
family bonds:0.29275
san francisco:0.2905
justice:0.29
marriage:0.28875
bittersweet:0.28675
pornography:0.28625
blindness:0.27775
atheism:0.27425
honest:0.274
race:0.272
dramatic:0.27075
sacrifice:0.26975
classic car:0.26925
police investigation:0.26575
oscar winner:0.2655
beautiful scenery:0.26475
suspense:0.26275
long:0.26075
terminal illness:0.2595
pg-13:0.25825
adapted from:book:0.2565
psychiatry:0.256
action packed:0.256
visually appealing:0.25275
very funny:0.25125
greed:0.249
