love story:0.9885
cancer:0.98775
romantic:0.9505
romance:0.908
chick flick:0.87875
tear jerker:0.876
love:0.867
happy ending:0.8395
touching:0.80175
destiny:0.78325
sappy:0.7755
death:0.765
romantic comedy:0.72325
melancholic:0.67525
predictable:0.67275
life & death:0.67
original:0.64375
relationships:0.59775
catastrophe:0.5965
intense:0.591
terminal illness:0.585
mentor:0.565
life philosophy:0.54875
passionate:0.53525
sentimental:0.532
good:0.52725
sweet:0.49975
great ending:0.49225
natural disaster:0.478
pg-13:0.475
betrayal:0.46825
family:0.4645
survival:0.45975
feel-good:0.45425
doctors:0.44175
sad but good:0.44125
heartwarming:0.436
great acting:0.43475
fun movie:0.42775
disaster:0.427
shopping:0.4205
not funny:0.4025
emotional:0.3965
drama:0.39025
good romantic comedies:0.3895
friendship:0.38375
girlie movie:0.38175
beautiful scenery:0.3755
unlikely friendships:0.37025
story:0.36275
first contact:0.35175
good soundtrack:0.35125
bad plot:0.34975
cheesy:0.34725
feel good movie:0.34475
dialogue:0.34325
courage:0.337
shallow:0.33575
runaway:0.33575
loneliness:0.32875
sacrifice:0.32725
fun:0.32625
culture clash:0.32575
transformation:0.32575
adaptation:0.32275
corny:0.32175
big budget:0.31475
island:0.306
justice:0.305
nudity (full frontal - brief):0.302
quirky:0.29575
vengeance:0.294
brutality:0.28975
great:0.28825
love triangles:0.2865
bittersweet:0.28625
so bad it's funny:0.285
lone hero:0.2845
interracial romance:0.28275
storytelling:0.27625
writers:0.26975
overrated:0.2695
dramatic:0.26875
excellent:0.26875
slapstick:0.266
heartbreaking:0.26425
cute:0.26325
sad:0.26275
police investigation:0.2615
light:0.25275
fantasy world:0.249
pornography:0.2475
chase:0.241
entirely dialogue:0.239
inspirational:0.2385
fight scenes:0.2375
unfunny:0.23675
divorce:0.23675
boring:0.23675
hospital:0.236
