history:0.974
historical:0.96125
great acting:0.91825
mentor:0.91675
oscar (best actor):0.90325
unlikely friendships:0.89675
friendship:0.896
drama:0.88875
dramatic:0.8875
england:0.885
oscar (best directing):0.85825
powerful ending:0.8485
imdb top 250:0.84775
betrayal:0.8455
us history:0.844
oscar (best actress):0.83875
drinking:0.83875
biographical:0.82325
costume drama:0.8215
cinematography:0.80425
oscar:0.7855
great movie:0.782
great:0.782
based on a play:0.76525
original:0.753
complex:0.75
tense:0.745
runaway:0.741
complex characters:0.74025
oscar (best supporting actress):0.731
oscar winner:0.72525
dialogue:0.7075
excellent script:0.68475
witty:0.68225
exceptional acting:0.66725
oscar (best supporting actor):0.65675
talky:0.6565
corruption:0.65575
sacrifice:0.6475
rebellion:0.63425
very interesting:0.62525
culture clash:0.622
oscar (best cinematography):0.62175
immortality:0.61625
great dialogue:0.59975
cerebral:0.58575
criterion:0.58525
greed:0.58075
murder:0.57825
interesting:0.57675
justice:0.5755
courage:0.56925
good acting:0.56425
intelligent:0.56325
adaptation:0.55375
transformation:0.55125
clever:0.54875
excellent:0.5405
tragedy:0.53925
gunfight:0.53575
passionate:0.5345
suspense:0.5325
story:0.53075
artistic:0.53025
factual:0.52775
unusual plot structure:0.526
intense:0.5255
character study:0.5245
rome:0.52175
forceful:0.5145
oscar (best writing - screenplay written directly for the screen):0.5135
ethnic conflict:0.50825
oscar (best picture):0.504
great ending:0.4985
realistic:0.497
love:0.4965
death:0.496
based on book:0.4935
british:0.483
california:0.482
period piece:0.47975
movielens top pick:0.47975
prejudice:0.4755
enigmatic:0.47425
brutality:0.471
medieval:0.471
earnest:0.4705
good music:0.47
good soundtrack:0.4665
affectionate:0.4625
suprisingly clever:0.46175
atmospheric:0.45775
harsh:0.4575
catastrophe:0.45625
biography:0.4525
beautifully filmed:0.45025
based on a book:0.44925
reflective:0.4455
classic:0.44125
morality:0.4405
