relationships:0.88125
midlife crisis:0.86925
melancholic:0.8595
enigmatic:0.80475
queer:0.78575
loneliness:0.754
reflective:0.74425
gay:0.6945
non-linear:0.6915
downbeat:0.6595
wine:0.65675
life & death:0.651
art house:0.6475
complex characters:0.64025
intimate:0.638
golden palm:0.62825
existentialism:0.58975
life philosophy:0.568
original:0.56575
depression:0.5575
entirely dialogue:0.54875
bleak:0.546
homeless:0.54575
gay character:0.5155
complex:0.492
drama:0.48275
stereotypes:0.47425
small town:0.46975
weird:0.46775
fashion:0.4655
crime gone awry:0.46375
obsession:0.46325
unlikely friendships:0.45825
suprisingly clever:0.458
indie:0.447
transformation:0.44025
storytelling:0.44
dialogue:0.43875
dark humor:0.43525
writers:0.43325
adoption:0.433
melancholy:0.4305
mentor:0.4175
passionate:0.4055
catastrophe:0.405
breathtaking:0.40125
unusual plot structure:0.401
women:0.39725
dysfunctional family:0.397
redemption:0.395
london:0.38325
adolescence:0.37975
intellectual:0.3765
very interesting:0.375
runaway:0.374
story:0.3695
talky:0.36575
allegory:0.36325
multiple storylines:0.358
social commentary:0.35475
18th century:0.35125
sexual:0.3505
dialogue driven:0.348
not funny:0.34725
meditative:0.3435
destiny:0.34
biting:0.33975
affectionate:0.33425
nudity (full frontal - notable):0.33275
adultery:0.32575
great ending:0.32325
solitude:0.31725
erotic:0.3165
british:0.31275
notable soundtrack:0.31175
greed:0.31125
ensemble cast:0.3085
criterion:0.30725
poignant:0.30475
glbt:0.30275
idealism:0.3005
good soundtrack:0.29925
independent film:0.29875
drinking:0.29825
ethnic conflict:0.29625
death:0.29575
male nudity:0.2945
pointless:0.291
brutality:0.29075
bittersweet:0.29
homosexuality:0.289
twists & turns:0.286
cerebral:0.2845
complicated:0.282
infidelity:0.27775
clever:0.2775
beautifully filmed:0.27725
quirky:0.2725
marriage:0.2685
life:0.262
