splatter:0.994
horror:0.95875
goofy:0.9575
silly fun:0.93775
cult film:0.93525
stupidity:0.91025
cult classic:0.89975
fun movie:0.89625
spoof:0.8715
nudity (topless):0.855
zombie:0.842
original:0.82025
zombies:0.81375
bloody:0.81
gory:0.80775
nudity (topless - notable):0.7605
campy:0.75075
stereotypes:0.7485
low budget:0.74275
stupid:0.73675
gore:0.713
stupid as hell:0.6915
slasher:0.686
parody:0.67725
weird:0.648
fun:0.64625
ridiculous:0.64625
mad scientist:0.64525
silly:0.63475
notable nudity:0.62575
drinking:0.6245
demons:0.61275
brutality:0.6115
comedy:0.6
nudity:0.5895
blood:0.5885
teens:0.58275
80s:0.58125
predictable:0.56825
puppets:0.563
camp:0.55825
humorous:0.54275
absurd:0.54
teen movie:0.5385
life & death:0.538
grindhouse:0.51925
scary:0.519
dialogue:0.5135
no dialogue:0.51275
sexualized violence:0.5105
stoner movie:0.4895
very funny:0.48125
great ending:0.46475
runaway:0.46075
action packed:0.45725
life philosophy:0.44975
finnish:0.446
slapstick:0.44475
entirely dialogue:0.442
road movie:0.4395
cheesy:0.435
mentor:0.43425
animals:0.43125
creepy:0.431
bad plot:0.429
bad acting:0.42675
clowns:0.42625
special effects:0.42575
multiple storylines:0.42225
hilarious:0.41425
good soundtrack:0.413
gruesome:0.41075
sexy:0.407
writers:0.40375
high school:0.402
violence:0.39875
catastrophe:0.39125
dark comedy:0.388
idiotic:0.3815
good dialogue:0.38075
storytelling:0.37775
overrated:0.36575
death:0.36
nudity (full frontal):0.357
spiders:0.3555
nudity (full frontal - notable):0.3515
not funny:0.351
harsh:0.346
clever:0.34375
culture clash:0.33875
virginity:0.33275
lone hero:0.33025
crude humor:0.32725
pointless:0.3255
destiny:0.3225
creativity:0.31925
entertaining:0.31575
suspense:0.3155
unfunny:0.31475
monster:0.31275
