super hero:0.99975
superheroes:0.999
superhero:0.9985
super-hero:0.9945
based on a comic:0.9925
dark hero:0.98825
big budget:0.9845
action:0.98025
comic book:0.97975
comics:0.979
franchise:0.97475
marvel:0.9715
vigilante:0.9715
based on comic:0.969
mutants:0.9675
adapted from:comic:0.96525
alter ego:0.965
dynamic cgi action:0.9605
special effects:0.9475
comic book adaption:0.94275
sequels:0.90775
sequel:0.9065
good sequel:0.90425
pg-13:0.882
action packed:0.8795
good action:0.87775
fight scenes:0.872
new york:0.84425
great:0.8285
story:0.816
great movie:0.81175
original:0.805
cool:0.79525
cgi:0.78375
love story:0.78175
good:0.77825
new york city:0.77675
destiny:0.7625
great ending:0.762
dialogue:0.7565
mythology:0.73075
fighting:0.72275
mentor:0.7125
violence:0.6995
childhood:0.68925
vengeance:0.68175
very good:0.681
bad cgi:0.67675
better than expected:0.6715
intense:0.6645
weapons:0.65575
fast paced:0.65525
revenge:0.649
sacrifice:0.64725
adventure:0.647
saturn award (best special effects):0.6465
exciting:0.62225
graphic novel:0.6165
life philosophy:0.6125
effects:0.60775
oscar (best effects - visual effects):0.607
anti-hero:0.6025
visual:0.59275
trilogy:0.58825
fun movie:0.58475
chase:0.57925
comic:0.578
storytelling:0.576
transformation:0.5735
fun:0.5715
family:0.56725
friendship:0.56675
technology:0.56325
original plot:0.55475
drama:0.54825
oscar winner:0.543
visually stunning:0.541
special:0.5365
vigilantism:0.53625
solitude:0.52425
awesome soundtrack:0.52325
honest:0.5185
good soundtrack:0.518
redemption:0.518
excellent:0.51125
entertaining:0.51025
mad scientist:0.5005
romance:0.486
humorous:0.4815
humor:0.478
shallow:0.477
adaptation:0.47675
unlikely friendships:0.4745
sci fi:0.471
catastrophe:0.47025
awesome:0.4675
visually appealing:0.4665
fantasy world:0.46625
imdb top 250:0.46425
oscar:0.45975
