eccentricity:0.8965
adapted from:book:0.8825
classic:0.872
oscar (best actress):0.8055
great:0.77575
quotable:0.769
mentor:0.7395
based on a book:0.72525
original:0.6995
runaway:0.68925
childhood:0.6855
queer:0.67325
bittersweet:0.66425
fun movie:0.65275
oscar (best supporting actress):0.64375
witty:0.64175
comedy:0.6395
great movie:0.63675
feel-good:0.63675
adaptation:0.63625
new york:0.63125
broadway:0.62225
prejudice:0.61275
afi 100 (movie quotes):0.6025
life philosophy:0.5755
great dialogue:0.56775
based on book:0.567
oscar (best directing):0.56675
dramatic:0.5655
story:0.55625
heartwarming:0.55575
1920s:0.5535
love:0.5425
destiny:0.542
sweet:0.54025
life:0.53875
drinking:0.5375
unlikely friendships:0.52425
cult classic:0.524
perfect:0.5155
feel good movie:0.50825
death:0.50825
dialogue:0.506
talky:0.496
transformation:0.4915
literature:0.48875
good:0.48825
friendship:0.485
good soundtrack:0.48325
depression:0.47675
touching:0.47625
screwball:0.469
fight scenes:0.46775
suprisingly clever:0.46525
oscar:0.46275
irreverent:0.4575
based on a play:0.45125
criterion:0.43975
light:0.43375
alter ego:0.4335
social commentary:0.4285
catastrophe:0.4245
great ending:0.42225
idealism:0.418
very funny:0.41375
musical:0.40625
narrated:0.40175
affectionate:0.401
sentimental:0.39425
good acting:0.393
imdb top 250:0.39225
visually stunning:0.392
reflective:0.3835
nostalgic:0.38325
loneliness:0.3825
oscar winner:0.38175
pg-13:0.3805
underrated:0.37975
books:0.37875
fun:0.37475
segregation:0.3745
stylized:0.3725
melancholic:0.372
culture clash:0.371
glbt:0.36925
excellent:0.3625
hilarious:0.36
melancholy:0.3555
awesome soundtrack:0.35275
comic:0.351
clever:0.3505
storytelling:0.34575
1950s:0.344
movielens top pick:0.3435
biography:0.3395
immortality:0.33925
artistic:0.338
weird:0.337
women:0.337
earnest:0.33575
