comedy:0.98175
hilarious:0.8965
weed:0.88375
crude humor:0.87725
college:0.86975
funny:0.868
drinking:0.792
stupidity:0.756
silly fun:0.74175
goofy:0.72
pornography:0.71825
stoner movie:0.689
stupid:0.68725
parenthood:0.6755
drugs:0.6635
very funny:0.651
dumb:0.64875
absurd:0.6325
beer:0.625
original:0.6225
stereotypes:0.608
funny as hell:0.608
police investigation:0.58775
teen movie:0.582
pg-13:0.579
catastrophe:0.5515
idiotic:0.551
humorous:0.528
funniest movies:0.52
stupid as hell:0.50775
dialogue:0.481
slapstick:0.472
predictable:0.472
parody:0.46725
ridiculous:0.4625
great ending:0.45875
better than expected:0.44325
suprisingly clever:0.44025
dumb but funny:0.43525
so bad it's funny:0.42275
teen:0.4175
silly:0.416
humor:0.40125
marijuana:0.4
revenge:0.39925
plot:0.3975
mentor:0.396
good soundtrack:0.392
sex:0.38675
buddy movie:0.374
lame:0.3695
teens:0.3675
sex comedy:0.366
high school:0.36325
harsh:0.355
saturday night live:0.34775
horrible:0.34725
product placement:0.347
storytelling:0.34225
foul language:0.33675
brutality:0.336
runaway:0.336
unfunny:0.334
great:0.3305
shallow:0.32875
melancholic:0.322
gross-out:0.3215
story:0.314
nerds:0.3125
hillarious:0.30725
social commentary:0.30425
pointless:0.30425
fun movie:0.303
vengeance:0.2965
chase:0.296
slackers:0.29275
awful:0.29275
male nudity:0.286
farce:0.2845
culture clash:0.2825
good:0.282
multiple storylines:0.28125
bad ending:0.27975
fantasy world:0.27725
fight scenes:0.2685
family:0.26825
weird:0.2675
death:0.2675
excellent script:0.267
adaptation:0.26575
life philosophy:0.2645
crazy:0.2635
amy smart:0.26225
entirely dialogue:0.262
entertaining:0.26075
first contact:0.25975
road trip:0.25825
boring:0.256
redemption:0.25425
simple:0.251
