gangsters:0.98925
organized crime:0.984
mafia:0.96525
action:0.9545
gangster:0.9505
mob:0.92625
crime:0.888
stylish:0.87
violence:0.8355
los angeles:0.82275
undercover cop:0.81275
action packed:0.798
violent:0.76275
fast paced:0.751
gunfight:0.735
dialogue:0.73375
gratuitous violence:0.7325
pg-13:0.72625
plot:0.71975
corruption:0.71
pulp:0.7035
original:0.69125
stylized:0.684
police corruption:0.684
good action:0.679
vigilante:0.673
fun:0.66725
brutality:0.6635
entertaining:0.66
guns:0.655
revenge:0.6535
cool:0.6405
betrayal:0.6365
fight scenes:0.63425
predictable:0.63375
justice:0.63125
based on a book:0.61075
car chase:0.609
good soundtrack:0.60475
good:0.6045
vengeance:0.59225
big budget:0.59
great ending:0.57775
chase:0.5725
murder:0.567
caper:0.561
intense:0.54225
ensemble cast:0.517
storytelling:0.50775
bloody:0.50175
heist:0.4975
lone hero:0.48925
mentor:0.4885
better than expected:0.48575
plot holes:0.48075
police:0.48025
classic car:0.475
drama:0.46175
gritty:0.455
oscar (best supporting actor):0.45175
moral ambiguity:0.4445
bad acting:0.4435
weapons:0.43775
comic book:0.43575
hitman:0.43275
assassination:0.4325
sexy:0.4325
based on book:0.4305
excellent script:0.42775
superheroes:0.425
runaway:0.425
twists & turns:0.42375
plot twist:0.42225
vigilantism:0.41175
not funny:0.40775
adapted from:book:0.4075
survival:0.406
video game:0.40425
story:0.4005
crime gone awry:0.397
so bad it's funny:0.396
anti-hero:0.39425
over the top:0.392
suspense:0.3905
catastrophe:0.3885
fun movie:0.38775
brutal:0.3875
stereotypes:0.387
true story:0.38575
shallow:0.381
adaptation:0.37925
bad plot:0.37725
unrealistic:0.37475
entirely dialogue:0.37275
dark hero:0.37175
silly:0.36775
torture:0.36775
1930s:0.36425
destiny:0.35825
pornography:0.347
