murder:0.8175
action:0.791
twists & turns:0.73925
assassin:0.7265
fight scenes:0.703
brutality:0.6865
vengeance:0.68375
crime:0.6705
original:0.6585
violent:0.6345
caper:0.603
dialogue:0.593
unlikeable characters:0.5925
absurd:0.5825
revenge:0.578
australia:0.577
plot holes:0.57
bloody:0.566
assassination:0.555
pg-13:0.5495
dystopia:0.5475
storytelling:0.53675
betrayal:0.52675
black comedy:0.526
visually appealing:0.5065
predictable:0.50425
pulp:0.4965
greed:0.48375
spying:0.48025
kidnapping:0.48025
visually stunning:0.4695
story:0.469
entertaining:0.4585
stylish:0.45825
catastrophe:0.45725
quirky:0.4455
lone hero:0.4385
stylized:0.43675
heist:0.436
anti-hero:0.4265
corruption:0.42375
great ending:0.423
humorous:0.41825
australian:0.41625
mentor:0.41525
comedy:0.41425
thriller:0.41175
twist ending:0.405
violence:0.40125
bad acting:0.39975
dark humor:0.3925
espionage:0.39075
big budget:0.3905
finnish:0.38425
very interesting:0.36925
first contact:0.367
bad ending:0.36525
complex:0.36275
mars:0.36225
police investigation:0.35825
chase:0.357
sexy:0.355
special effects:0.3525
fantasy world:0.35125
fbi:0.351
twist:0.346
farce:0.334
good action:0.334
surreal:0.332
so bad it's funny:0.3305
happy ending:0.32975
plot:0.3265
good soundtrack:0.32225
dystopic future:0.3175
cult classic:0.31725
dark comedy:0.31625
spy:0.315
silly:0.31475
assassins:0.313
suspenseful:0.3085
not funny:0.302
shallow:0.30125
good:0.30075
action packed:0.29825
very funny:0.29775
cars:0.29725
clever:0.29475
technology:0.29475
idiotic:0.29375
life & death:0.2925
scifi:0.29025
bad plot:0.28975
hitman:0.28875
entirely dialogue:0.2885
fast paced:0.288
complicated:0.28675
crime gone awry:0.28575
life philosophy:0.28125
sci fi:0.2725
cheating:0.27225
