stop motion:0.9965
stop-motion:0.97975
wizards:0.947
fantasy:0.93875
special effects:0.907
mythology:0.8815
witch:0.87525
adventure:0.86725
witches:0.81175
fun movie:0.801
demons:0.7915
monster:0.7895
monsters:0.7725
magic:0.747
dark fantasy:0.7275
original:0.723
fantasy world:0.69725
entertaining:0.68425
chase:0.66975
whimsical:0.65775
dialogue:0.655
transformation:0.64075
sword fighting:0.63225
story:0.609
effects:0.60825
silly fun:0.60525
high fantasy:0.59275
mentor:0.5835
goofy:0.578
childhood:0.57475
animation:0.56425
fight scenes:0.55425
great:0.5455
vengeance:0.54175
fun:0.54025
chess:0.5385
medieval:0.5375
science fiction:0.533
action:0.53175
light:0.53025
good action:0.52275
mad scientist:0.5065
good:0.4995
visual:0.4975
nocturnal:0.49675
dinosaurs:0.4935
imagination:0.4895
alter ego:0.47275
campy:0.4715
cool:0.45425
island:0.454
good versus evil:0.4495
lone hero:0.437
sci fi:0.43275
enigmatic:0.43175
pulp:0.428
catastrophe:0.415
silly:0.4125
great ending:0.41225
author:neil gaiman:0.411
visually appealing:0.40825
weapons:0.408
robot:0.39925
sacrifice:0.38925
sword fight:0.38775
greed:0.38475
cult film:0.38425
cult classic:0.37875
brutality:0.378
fairy tale:0.3775
adaptation:0.37725
dystopia:0.37475
nostalgic:0.3715
happy ending:0.3695
runaway:0.368
oscar (best effects - visual effects):0.361
bad acting:0.3605
spies:0.36025
redemption:0.35875
spying:0.35825
storytelling:0.35775
allegory:0.3555
technology:0.34925
spiders:0.3485
natural disaster:0.3465
sexy:0.344
great movie:0.343
destiny:0.3415
trilogy:0.339
harsh:0.33875
not funny:0.3375
predictable:0.33375
good soundtrack:0.33225
atmospheric:0.33175
violence:0.33175
culture clash:0.3295
exciting:0.32925
cgi:0.32875
melancholic:0.32375
dark hero:0.32175
