male nudity:0.97275
stupidity:0.9595
mtv:0.94
stupid:0.93875
funniest movies:0.93275
hilarious:0.92975
funny as hell:0.929
idiotic:0.92275
dumb:0.84325
pornography:0.8125
crazy:0.795
very funny:0.764
funny:0.76025
comedy:0.76
gross-out:0.7545
goofy:0.754
original:0.73925
stupid as hell:0.7205
insanity:0.7095
silly fun:0.6955
dumb but funny:0.693
based on a tv show:0.693
beer:0.6655
crude humor:0.6455
sarcasm:0.638
reality tv:0.59825
humorous:0.59125
humor:0.58975
weed:0.56375
hillarious:0.561
weird:0.56025
pointless:0.5505
censorship:0.533
creativity:0.51775
hard to watch:0.509
stand-up comedy:0.5035
drinking:0.49875
great ending:0.495
foul language:0.49475
brutality:0.4945
golf:0.491
silly:0.4765
irreverent:0.4765
absurd:0.471
catastrophe:0.44575
slapstick:0.42775
violence:0.419
good soundtrack:0.4185
fun movie:0.417
cult classic:0.417
saturday night live:0.413
parody:0.408
suprisingly clever:0.3995
storytelling:0.39875
mentor:0.3965
dialogue:0.39525
sexualized violence:0.38825
nudity:0.388
stoner movie:0.38475
chase:0.3655
predictable:0.36525
nudity (topless - notable):0.36475
highly quotable:0.35275
surreal:0.35225
teens:0.34725
clever:0.34375
so bad it's funny:0.339
bloody:0.33875
series:0.33725
teen movie:0.3365
stylized:0.33225
cult film:0.33075
disturbing:0.32925
splatter:0.32725
cars:0.32525
unfunny:0.32425
vengeance:0.321
life philosophy:0.317
torture:0.31325
police investigation:0.313
nudity (full frontal - notable):0.3065
internet:0.30425
quotable:0.3015
entertaining:0.299
adaptation:0.298
redemption:0.29775
stereotypes:0.29725
violent:0.29725
multiple storylines:0.2935
first contact:0.291
fantasy world:0.28725
suspense:0.28275
melancholic:0.2825
bizarre:0.2795
satire:0.2795
twists & turns:0.27925
tokyo:0.27925
amy smart:0.276
pg-13:0.27375
runaway:0.2715
