devil:0.938
supernatural:0.89975
god:0.85025
religion:0.82
original:0.70825
predictable:0.7035
special effects:0.69625
catholicism:0.6845
demons:0.67975
biblical:0.67725
horrible:0.64775
jesus:0.60325
bad acting:0.584
good versus evil:0.5755
so bad it's funny:0.555
good:0.527
dialogue:0.5255
kidnapping:0.52375
bad:0.52225
fantasy world:0.52175
catastrophe:0.49725
christian:0.49275
islam:0.477
bad plot:0.468
not as good as the first:0.4635
vengeance:0.463
bad cgi:0.46025
police investigation:0.45825
christianity:0.443
plot holes:0.44175
silly:0.436
big budget:0.42275
not funny:0.419
first contact:0.41575
lame:0.41225
mentor:0.412
destiny:0.4115
suspense:0.40575
conspiracy theory:0.40325
thriller:0.3935
bad ending:0.3865
great ending:0.38175
shallow:0.38
exceptional acting:0.3765
stereotypes:0.37325
story:0.3705
storytelling:0.37
bad script:0.36925
adapted from:book:0.3665
overrated:0.3645
very good:0.36375
adaptation:0.35425
visually stunning:0.35325
mythology:0.349
suspenseful:0.34175
natural disaster:0.341
brutality:0.339
fight scenes:0.33675
homeless:0.3295
intense:0.32625
rats:0.32575
entirely dialogue:0.322
greed:0.32125
runaway:0.32075
action:0.3145
pg-13:0.309
family:0.30875
weapons:0.30825
lone hero:0.3035
scary:0.30225
pointless:0.299
teen movie:0.29775
twists & turns:0.29575
life philosophy:0.295
plot:0.29475
unfunny:0.29325
silly fun:0.2845
happy ending:0.28225
chase:0.28175
light:0.27825
internet:0.277
sexy:0.27675
horror:0.27625
great:0.27425
good soundtrack:0.2725
irish accent:0.272
atheism:0.26775
awful:0.26525
goth:0.262
corruption:0.261
adoption:0.25925
unintentionally funny:0.25525
revenge:0.2515
fantasy:0.2515
visual:0.24925
murder:0.249
serial killer:0.24775
culture clash:0.24725
justice:0.2465
teens:0.24525
