super hero:0.98625
superhero:0.98375
super-hero:0.9815
superheroes:0.9785
franchise:0.96725
good sequel:0.95375
alter ego:0.94675
based on a comic:0.941
adapted from:comic:0.91275
sequels:0.90375
dc comics:0.8855
comic book:0.8845
comics:0.86
special effects:0.859
comic book adaption:0.84475
big budget:0.82175
original:0.81475
action:0.80375
sequel:0.74525
adventure:0.7215
plot holes:0.7195
solitude:0.717
good:0.696
dynamic cgi action:0.69525
space:0.694
fun movie:0.684
silly fun:0.67575
sacrifice:0.6755
good action:0.665
action packed:0.66
weapons:0.656
great ending:0.6105
great:0.61025
science fiction:0.6085
dialogue:0.6065
original plot:0.59325
astronauts:0.5865
story:0.579
70mm:0.56425
light:0.5615
series:0.55725
transformation:0.55075
mentor:0.54275
great movie:0.53925
good versus evil:0.53775
mythology:0.5215
based on comic:0.51675
alternate universe:0.51375
sci-fi:0.5135
destiny:0.50775
catastrophe:0.50625
1980s:0.501
fun:0.49975
bad plot:0.4965
aliens:0.496
revenge:0.48675
sci fi:0.48525
product placement:0.48475
mutants:0.48475
powerful ending:0.479
teleportation:0.47375
effects:0.472
chase:0.47175
fight scenes:0.45975
family:0.4495
scifi:0.44675
adaptation:0.446
dark hero:0.4435
childhood:0.4415
earnest:0.4405
storytelling:0.4335
exciting:0.42925
camp:0.42775
good soundtrack:0.42525
first contact:0.4245
fighting:0.41725
vengeance:0.41725
romance:0.417
pg-13:0.4085
culture clash:0.40525
bullying:0.4005
silly:0.38925
predictable:0.38675
vigilante:0.3795
not funny:0.37775
corny:0.377
love story:0.37475
brutality:0.373
prison escape:0.37075
saturn award (best special effects):0.36975
greed:0.367
cool:0.36
suprisingly clever:0.356
runaway:0.35525
nostalgic:0.351
immortality:0.344
entertaining:0.3405
goofy:0.33275
fantasy:0.32975
campy:0.32775
