anime:0.97125
complex:0.95875
cyberpunk:0.9135
animation:0.9095
imdb top 250:0.8955
cyborgs:0.891
obsession:0.8735
criterion:0.86725
japan:0.86025
series:0.85475
enigmatic:0.82025
melancholic:0.82025
talky:0.81275
original:0.78825
visual:0.778
visually appealing:0.7775
oscar (best directing):0.768
character study:0.75275
forceful:0.74775
golden palm:0.743
fantasy world:0.73425
love story:0.73
classic:0.72675
great ending:0.72125
imagination:0.71975
childhood:0.71975
dark:0.7185
cerebral:0.71575
good music:0.712
good soundtrack:0.71075
complicated:0.70575
franchise:0.70125
awesome soundtrack:0.69575
atmospheric:0.68275
unusual plot structure:0.6825
oscar (best writing - screenplay written directly for the screen):0.67475
investigation:0.66925
beautifully filmed:0.6685
weird:0.66075
ghosts:0.66075
earnest:0.66025
storytelling:0.65575
writers:0.65525
stylized:0.65475
alter ego:0.65025
tricky:0.64675
reflective:0.64575
life & death:0.644
runaway:0.642
nocturnal:0.64175
great:0.64175
crime gone awry:0.6405
brutality:0.639
oscar (best cinematography):0.639
narrated:0.6385
masterpiece:0.6335
japanese:0.631
dialogue:0.62925
life philosophy:0.62625
melancholy:0.62525
story:0.61825
black and white:0.614
philosophical:0.609
oscar (best supporting actress):0.607
prequel:0.59075
sexy:0.59025
downbeat:0.5855
intimate:0.58275
sci-fi:0.58175
passionate:0.5715
free to download:0.57075
oscar (best actress):0.57075
psychology:0.56475
suprisingly clever:0.55825
based on a play:0.55525
exceptional acting:0.5505
afi 100 (movie quotes):0.55025
breathtaking:0.546
film noir:0.54525
whimsical:0.544
grim:0.54375
bleak:0.5405
great soundtrack:0.53875
bittersweet:0.53775
tense:0.53775
mental illness:0.536
highly quotable:0.5355
catastrophe:0.527
cult classic:0.5105
harsh:0.5065
meditative:0.506
multiple storylines:0.5055
self discovery:0.5045
visually stunning:0.49875
amazing photography:0.49525
complicated plot:0.494
police investigation:0.49275
moody:0.49075
relationships:0.4905
cinematography:0.4905
