comedy:0.9325
funny:0.89
original:0.88075
satire:0.8555
hip hop:0.8535
light:0.82475
humorous:0.78125
stand-up comedy:0.74475
pornography:0.7315
destiny:0.72925
dialogue:0.72775
melancholic:0.723
affectionate:0.721
nudity (topless - notable):0.71925
new york:0.7145
satirical:0.69475
good soundtrack:0.688
brutality:0.687
hilarious:0.685
family:0.6825
criterion:0.67775
very funny:0.67775
storytelling:0.674
nudity (topless):0.674
based on a play:0.669
bleak:0.6635
indie:0.65875
talky:0.65225
midlife crisis:0.64175
drama:0.637
new york city:0.629
narrated:0.6275
witty:0.624
dark humor:0.619
alter ego:0.61875
reflective:0.61825
dark hero:0.61525
tense:0.61125
runaway:0.60975
gangsters:0.60375
alcoholism:0.596
social commentary:0.59425
oscar (best supporting actress):0.58175
goretastic:0.5805
great:0.57625
dramatic:0.5715
art:0.56975
great acting:0.567
honest:0.56525
california:0.56475
black comedy:0.56475
writers:0.55925
clever:0.54225
off-beat comedy:0.542
harsh:0.54175
corruption:0.54
oscar (best actress):0.53825
dark:0.5335
biographical:0.53225
violence:0.524
highly quotable:0.52075
whimsical:0.52075
identity:0.5195
nocturnal:0.5185
suspense:0.5185
stylized:0.5185
finnish:0.5165
violent:0.51125
story:0.50175
loneliness:0.499
reality tv:0.49875
relationships:0.49625
movie business:0.496
adolescence:0.49475
drugs:0.48175
weird:0.4805
life:0.4785
pointless:0.478
great ending:0.477
british:0.47525
catastrophe:0.47275
oscar (best directing):0.464
independent film:0.4595
crime gone awry:0.4555
dysfunctional family:0.4555
stereotypes:0.455
stylish:0.45275
crime:0.45225
cinematography:0.45175
unusual plot structure:0.4515
quirky:0.45025
imdb top 250:0.445
heartwarming:0.43975
surreal:0.4395
artistic:0.43925
dark comedy:0.43675
mentor:0.43425
cult classic:0.43325
intimate:0.432
dark fantasy:0.4305
