teen movie:0.99025
teen:0.98825
teenager:0.97575
high school:0.96825
teens:0.95525
comedy:0.94625
classic:0.93225
80s:0.93025
adolescence:0.921
coming of age:0.919
1980s:0.91
school:0.90775
fun movie:0.8965
cult classic:0.87925
pg-13:0.85775
mentor:0.85625
imdb top 250:0.84625
original:0.845
fun:0.84475
friendship:0.84425
childhood:0.83325
cool:0.83025
excellent script:0.8215
good soundtrack:0.81775
great movie:0.81175
rebellion:0.8035
hilarious:0.795
quotable:0.79025
slackers:0.7865
teenagers:0.76225
bullying:0.761
great ending:0.76025
good:0.7495
unlikely friendships:0.749
feel-good:0.744
geeks:0.74325
clever:0.74225
classic car:0.74125
funny:0.73775
cult film:0.72975
life philosophy:0.722
great:0.714
chicago:0.7055
drinking:0.7015
runaway:0.69975
chase:0.696
coming-of-age:0.68625
teacher:0.685
awesome soundtrack:0.6835
california:0.67675
goofy:0.67675
feel good movie:0.67575
very funny:0.6705
highly quotable:0.661
social commentary:0.65925
dialogue:0.659
storytelling:0.648
destiny:0.63725
funniest movies:0.63075
narrated:0.62725
oscar winner:0.6215
interesting:0.621
great soundtrack:0.6175
silly fun:0.616
good acting:0.61275
suprisingly clever:0.612
witty:0.612
humor:0.60525
nostalgic:0.6025
suburbia:0.60025
oscar (best directing):0.59825
story:0.598
vengeance:0.58525
virginity:0.576
adventure:0.57525
intense:0.57275
original plot:0.56825
great acting:0.567
girlie movie:0.56625
gunfight:0.56275
honest:0.55975
entertaining:0.5585
light:0.546
excellent:0.541
geek:0.536
realistic:0.53175
kids:0.53
whimsical:0.529
humorous:0.528
revenge:0.51525
buddy movie:0.506
based on book:0.504
very good:0.50275
suspense:0.48875
twists & turns:0.488
idealism:0.4825
cult:0.4805
time:0.48025
fantasy world:0.475
fast paced:0.4745
