depression:0.9835
story:0.90875
mental illness:0.903
original:0.8555
good soundtrack:0.78725
redemption:0.7765
family drama:0.77225
drama:0.76725
loneliness:0.76425
suicide attempt:0.7575
storytelling:0.75225
good acting:0.731
emotional:0.7215
depressing:0.7145
dysfunctional family:0.694
insanity:0.6625
destiny:0.66125
intense:0.6545
melancholic:0.6425
suicide:0.63075
good:0.617
schizophrenia:0.60975
dramatic:0.6095
happy ending:0.60775
touching:0.599
great ending:0.58075
mentor:0.57875
complex:0.56975
drinking:0.5585
honest:0.556
great acting:0.555
life philosophy:0.55325
social commentary:0.55275
psychology:0.552
hospital:0.5495
existentialism:0.543
dialogue:0.52725
psychological:0.5225
life:0.51425
poignant:0.49025
life & death:0.4865
solitude:0.48125
justice:0.48125
pg-13:0.47475
puppets:0.4705
comedy:0.46575
alter ego:0.45975
foul language:0.45525
feel-good:0.453
predictable:0.452
psychiatrist:0.45025
reflective:0.4425
pornography:0.44125
family:0.4345
cerebral:0.4285
relationships:0.4265
dark hero:0.424
very funny:0.4235
psychiatry:0.423
great:0.419
catastrophe:0.4175
culture clash:0.41425
quirky:0.40425
heartbreaking:0.40225
transformation:0.401
vengeance:0.39475
interesting:0.39025
adaptation:0.38975
harsh:0.38575
first contact:0.3855
brutality:0.38125
identity:0.38025
weird:0.3795
thought-provoking:0.37825
death:0.36725
greed:0.35925
single father:0.35925
writers:0.35775
oscar:0.357
homeless:0.35675
rebellion:0.35625
special:0.356
sexualized violence:0.3475
goofy:0.34475
absurd:0.344
fight scenes:0.34375
chase:0.3425
philosophy:0.3405
independent film:0.34025
script:0.34
alcoholism:0.337
inspirational:0.33525
oscar winner:0.3345
police investigation:0.33325
tragedy:0.332
great movie:0.327
exceptional acting:0.32675
secrets:0.32425
silly:0.3235
suspense:0.3195
