criterion:0.996
meditative:0.98175
bittersweet:0.97525
poignant:0.97475
masterpiece:0.95825
japan:0.9425
compassionate:0.937
allegory:0.90775
stylized:0.8745
melancholy:0.86875
intimate:0.8595
imdb top 250:0.8575
storytelling:0.85425
golden palm:0.84575
black and white:0.83675
enigmatic:0.83575
oscar (best foreign language film):0.833
cerebral:0.82875
reflective:0.82625
childhood:0.79975
breathtaking:0.79025
bleak:0.78925
forceful:0.788
scenic:0.786
redemption:0.76225
kurosawa:0.76
loneliness:0.7585
downbeat:0.756
cinematography:0.74975
greed:0.7485
sacrifice:0.74525
visual:0.737
melancholic:0.736
great:0.7345
emotional:0.73375
original:0.73125
affectionate:0.7195
movielens top pick:0.71775
visually appealing:0.71775
vengeance:0.71325
talky:0.70525
great movie:0.70025
sentimental:0.6965
dramatic:0.696
tense:0.68775
grim:0.66575
existentialism:0.661
oscar (best directing):0.65
story:0.64525
tragedy:0.6435
humanity:0.643
culture clash:0.63925
photography:0.63625
harsh:0.62475
dreamlike:0.624
nocturnal:0.624
artistic:0.6225
stunning:0.61475
atmospheric:0.61275
beautifully filmed:0.60975
japanese:0.6005
weird:0.585
visceral:0.585
social commentary:0.5795
visually stunning:0.577
earnest:0.57625
morality:0.5745
brutality:0.5735
life & death:0.56875
medieval:0.56775
tokyo:0.5635
great ending:0.562
runaway:0.56075
art:0.55825
poverty:0.55425
long:0.5425
mentor:0.5415
suprisingly clever:0.52875
classic:0.52525
passionate:0.52425
foreign:0.524
prostitution:0.52175
understated:0.51725
unusual plot structure:0.50575
heartbreaking:0.50575
drama:0.50475
gunfight:0.4935
whimsical:0.4895
dreams:0.476
imagination:0.4755
amazing photography:0.4585
character study:0.45275
narrated:0.45225
light:0.452
catastrophe:0.45125
silent:0.45075
cynical:0.45
trilogy:0.44725
children:0.447
lyrical:0.44375
