nudity (full frontal - brief):0.997
brothers:0.98025
directorial debut:0.8975
violent:0.83225
original:0.83175
good soundtrack:0.802
dramatic:0.7825
melancholic:0.77925
small town:0.773
guilt:0.77025
honest:0.7275
violence:0.71925
social commentary:0.7095
family:0.70875
drama:0.707
dysfunctional family:0.70025
golden palm:0.69325
narrated:0.6825
reflective:0.6765
intense:0.67425
downbeat:0.674
storytelling:0.66975
criterion:0.664
brutality:0.662
talky:0.65075
death:0.65075
crime gone awry:0.6495
highly quotable:0.641
complex characters:0.63925
psychology:0.624
grim:0.6225
poignant:0.6215
independent film:0.61975
depression:0.61925
character study:0.6155
oscar (best directing):0.59675
complex:0.59575
exceptional acting:0.594
loneliness:0.59275
great acting:0.5855
mentor:0.58375
harsh:0.58325
dark humor:0.578
culture clash:0.57475
tense:0.5725
organized crime:0.57075
visceral:0.5635
realistic:0.56175
bleak:0.56175
cult classic:0.55725
redemption:0.55625
life & death:0.55425
gunfight:0.54925
off-beat comedy:0.5435
suicide:0.542
guns:0.53525
forceful:0.52475
runaway:0.52
emotional:0.51975
quirky:0.51975
dialogue:0.51475
suicide attempt:0.509
childhood:0.508
mob:0.506
cinematography:0.50375
gangsters:0.50325
underrated:0.5025
working class:0.50225
1970s:0.4995
anti-hero:0.4935
parenthood:0.493
good acting:0.482
bloody:0.48175
imdb top 250:0.47175
story:0.46075
very good:0.45775
road movie:0.45625
good:0.4515
relationships:0.4495
interesting:0.44925
great soundtrack:0.447
oscar (best supporting actor):0.443
hitman:0.44125
melancholy:0.4405
suprisingly clever:0.43775
hit men:0.43425
mental illness:0.42875
pornography:0.427
great ending:0.42525
adolescence:0.425
cerebral:0.423
indians:0.422
enigmatic:0.42075
gangster:0.4195
excellent:0.419
weird:0.417
blood:0.41275
adapted from:book:0.40825
stereotypes:0.408
bad ending:0.40175
