rock and roll:0.98525
music:0.97575
documentary:0.97125
musicians:0.948
censorship:0.89225
very interesting:0.82725
obsession:0.81325
interesting:0.80325
original:0.8025
drinking:0.8015
good:0.7915
passionate:0.77
high school:0.7685
corruption:0.767
death:0.76675
oscar (best directing):0.759
pornography:0.75675
violence:0.73475
good soundtrack:0.71475
honest:0.70875
controversial:0.70025
runaway:0.66975
social commentary:0.66925
highly quotable:0.66875
hip hop:0.65675
stereotypes:0.6565
great:0.65375
great movie:0.64675
adapted from:book:0.633
mentor:0.63025
pg-13:0.6265
cool:0.62225
family:0.60325
artistic:0.601
history:0.6
lyrical:0.59825
excellent:0.58725
teen:0.5865
great ending:0.58425
narrated:0.5815
educational:0.575
awesome soundtrack:0.57375
chase:0.57025
suspense:0.56625
violent:0.55575
clever:0.55075
goofy:0.549
race issues:0.547
excellent script:0.54625
tense:0.54575
cult classic:0.542
very good:0.5405
school:0.5395
justice:0.539
earnest:0.5365
oscar (best actress):0.5345
entertaining:0.53075
prejudice:0.5265
classic car:0.525
hilarious:0.52125
fun movie:0.521
based on book:0.518
based on a book:0.51425
weird:0.5115
very funny:0.5075
segregation:0.50675
cathartic:0.5045
good acting:0.50425
oscar winner:0.504
nudity (full frontal - brief):0.50325
life philosophy:0.5015
us history:0.5015
destiny:0.4995
amazing photography:0.49775
dark hero:0.497
light:0.4935
musical:0.49325
complex:0.48825
intense:0.48425
male nudity:0.48375
adaptation:0.4825
funny:0.482
criterion:0.4805
greed:0.476
creativity:0.475
politics:0.474
indie:0.4725
gunfight:0.4705
catastrophe:0.46825
dialogue:0.46525
culture clash:0.463
talky:0.4605
girlie movie:0.46025
80s:0.45925
good action:0.4525
british:0.452
biographical:0.44875
depression:0.44725
witty:0.4465
affectionate:0.4445
