space program:0.999
astronauts:0.9985
space:0.99325
space travel:0.9925
nasa:0.98625
70mm:0.97525
scifi:0.95675
mars:0.91125
sci fi:0.8515
science fiction:0.81425
science:0.8015
space opera:0.79575
special effects:0.7605
first contact:0.672
disaster:0.665
sci-fi:0.653
life philosophy:0.62325
original:0.60725
stranded:0.6065
drama:0.59875
natural disaster:0.5955
moon:0.56425
mentor:0.53225
catastrophe:0.52125
doctors:0.51525
futuristic:0.508
technology:0.5015
bad science:0.48675
philip k. dick:0.47975
conspiracy:0.4435
dialogue:0.4425
great ending:0.4215
predictable:0.41425
so bad it's funny:0.41375
cold war:0.4065
humanity:0.404
culture clash:0.39375
brutality:0.37375
suspense:0.3705
lone hero:0.36975
sacrifice:0.35825
not funny:0.35425
race:0.351
cerebral:0.3375
fight scenes:0.31675
story:0.30925
claustrophobic:0.30725
police investigation:0.30725
good soundtrack:0.29575
solitude:0.28925
adaptation:0.28925
enigmatic:0.2875
visual:0.286
entirely dialogue:0.283
pornography:0.27925
great:0.27775
creativity:0.27525
good:0.27325
submarine:0.273
dramatic:0.2725
unfunny:0.26725
classic car:0.2655
indians:0.26525
justice:0.265
clones:0.26175
conspiracy theory:0.25875
life & death:0.25725
fun movie:0.25675
blindness:0.25625
action:0.25
suspenseful:0.25
beautiful scenery:0.247
nudity (full frontal - brief):0.24625
transformation:0.245
visually stunning:0.23825
suprisingly clever:0.23625
light:0.23575
intelligent sci-fi:0.234
end of the world:0.232
boring:0.22975
1970s:0.22825
oscar (best directing):0.22775
exciting:0.2275
too long:0.22675
based on a true story:0.2235
overrated:0.22125
paranoid:0.21975
vengeance:0.21925
grindhouse:0.21875
good action:0.216
melancholic:0.21525
tense:0.21025
mad scientist:0.21025
passionate:0.209
pointless:0.20875
cloning:0.20775
russian:0.2025
slow:0.201
storytelling:0.198
spiders:0.19575
