pornography:0.93325
sexual:0.9175
erotic:0.916
nudity (full frontal - notable):0.91225
art house:0.90075
nudity (full frontal):0.88775
relationships:0.8585
enigmatic:0.85325
pointless:0.79575
controversial:0.765
weird:0.734
pretentious:0.72825
sexy:0.69375
intimate:0.68425
original:0.6825
melancholic:0.65075
sexuality:0.64775
male nudity:0.646
artsy:0.64575
directorial debut:0.6365
loneliness:0.6355
prostitution:0.6275
art:0.6045
visually appealing:0.60375
mentor:0.5815
sex:0.58125
existentialism:0.56625
obsession:0.55625
cinematography:0.54825
very interesting:0.534
surreal:0.50725
bdsm:0.50475
nudity (topless - notable):0.49475
women:0.47025
drinking:0.45
runaway:0.4305
artist:0.42575
brutality:0.4245
depression:0.4205
voyeurism:0.41425
disturbing:0.40075
australia:0.3985
dialogue:0.39675
good soundtrack:0.39125
grindhouse:0.37875
catastrophe:0.371
great ending:0.3705
nudity:0.367
stylized:0.36325
bizarre:0.3625
australian:0.3595
lynch:0.3505
storytelling:0.35
writers:0.349
secrets:0.3465
artistic:0.34325
meditative:0.33975
censorship:0.33725
police investigation:0.33575
entirely dialogue:0.3355
criterion:0.33275
dysfunctional family:0.332
not funny:0.3285
drugs:0.32475
quirky:0.32025
death:0.319
greed:0.31725
so bad it's funny:0.312
nocturnal:0.3095
sexualized violence:0.30875
boring!:0.3085
suprisingly clever:0.306
character study:0.3035
adaptation:0.30025
first contact:0.29825
psychology:0.29775
poetry:0.29775
absurd:0.29625
guilt:0.29425
strange:0.29325
fantasy:0.28975
psychological:0.28775
independent film:0.2845
classic car:0.283
complex:0.28
doctors:0.28
harsh:0.27275
life & death:0.2695
crime gone awry:0.264
passionate:0.261
nudity (topless):0.258
beautifully filmed:0.258
boring:0.25375
life philosophy:0.25325
mental illness:0.2525
unusual plot structure:0.251
cult film:0.24675
multiple storylines:0.245
talky:0.24475
addiction:0.242
