best war films:0.89875
world war ii:0.87825
historical:0.872
us history:0.871
forceful:0.8075
wwii:0.80125
history:0.795
nazis:0.75825
german:0.73875
brutal:0.73475
france:0.708
insanity:0.70025
based on a book:0.69425
war:0.6685
revolution:0.6545
long:0.64075
distopia:0.6375
epic:0.63625
nazi:0.631
nocturnal:0.621
original:0.613
paris:0.6075
courage:0.58425
culture clash:0.57475
tense:0.5725
vengeance:0.57225
french:0.56725
complex:0.5665
great ending:0.55125
suspense:0.5495
guilt:0.54625
war movie:0.54325
nudity (full frontal - notable):0.5395
adaptation:0.53775
pornography:0.5305
corruption:0.52475
beautiful scenery:0.512
70mm:0.511
oscar (best directing):0.50575
germany:0.48725
adapted from:book:0.4745
brutality:0.47375
catastrophe:0.47375
books:0.47125
idealism:0.4655
visual:0.4575
compassionate:0.4485
revenge:0.442
macabre:0.438
visceral:0.4255
dialogue:0.42025
melancholic:0.4125
harsh:0.40675
drinking:0.40575
black and white:0.404
police investigation:0.39675
talky:0.3965
stupidity:0.39475
downbeat:0.3935
mentor:0.39
based on book:0.388
unusual plot structure:0.38425
sexualized violence:0.37975
wartime:0.377
betrayal:0.376
criterion:0.37425
cinematography:0.37225
complicated:0.37125
prison:0.363
runaway:0.35525
gangsters:0.35475
weapons:0.35275
assassination:0.3495
assassin:0.34475
movielens top pick:0.3445
tragedy:0.34325
dark hero:0.34225
factual:0.34175
world war i:0.331
original plot:0.32975
politics:0.32475
oscar (best cinematography):0.32375
grim:0.32275
twists & turns:0.32175
first contact:0.31775
moral ambiguity:0.31625
book:0.3125
stylized:0.312
military:0.311
time:0.30825
vigilantism:0.306
fight scenes:0.30025
torture:0.2965
murder:0.2955
goth:0.29025
visually appealing:0.285
civil war:0.28375
nudity (full frontal - brief):0.283
costume drama:0.2805
gritty:0.27725
