cyberpunk:0.991
anime:0.97025
sci-fi:0.96075
future:0.9495
cyborgs:0.94525
visually stunning:0.9335
post-apocalyptic:0.93275
action:0.9315
visual:0.92675
computer animation:0.91275
post apocalyptic:0.9105
technology:0.89825
futuristic:0.89325
animation:0.88475
fight scenes:0.85625
robots:0.85475
stunning:0.8385
dynamic cgi action:0.826
complex:0.821
cgi:0.79925
utopia:0.78025
original:0.778
good action:0.767
visuals:0.76525
visually appealing:0.76225
japan:0.7485
big budget:0.73375
scifi:0.72475
dialogue:0.7245
story:0.72275
science fiction:0.72025
sci fi:0.72025
animated:0.71875
androids:0.7005
pg-13:0.68025
fantasy world:0.68
stylized:0.67575
storytelling:0.67425
mythology:0.6655
animal movie:0.6595
tokyo:0.657
weapons:0.622
fast paced:0.619
plot:0.61775
pornography:0.61325
environment:0.60325
good:0.601
action packed:0.59575
brutality:0.58125
dark hero:0.57425
clones:0.5715
fighting:0.57
violent:0.57
revenge:0.569
vengeance:0.56725
cool:0.55925
great ending:0.55775
graphic novel:0.555
humanity:0.54725
fantasy:0.54525
catastrophe:0.545
good soundtrack:0.53225
lone hero:0.5315
violence:0.52775
dystopic future:0.5215
robot:0.5045
apocalypse:0.5
bad plot:0.49675
better than expected:0.49125
ghosts:0.491
animals:0.4905
creativity:0.487
shallow:0.485
comic:0.48225
sexualized violence:0.4805
3d:0.47975
transformation:0.47925
giant robots:0.47775
dystopia:0.476
suspense:0.472
chase:0.4695
video game:0.4665
kung fu:0.4655
intense:0.46275
adaptation:0.46075
gory:0.4605
betrayal:0.45725
corruption:0.457
alter ego:0.45525
great:0.45475
japanese:0.4545
original plot:0.4525
superheroes:0.44775
clever:0.44325
mentor:0.4385
special effects:0.43675
conspiracy:0.4325
police investigation:0.43175
art:0.4295
computer game:0.4275
