slasher:0.97825
stupid as hell:0.928
horror:0.92575
franchise:0.92325
original:0.9125
horrible:0.8955
serial killer:0.8665
pointless:0.86375
bad acting:0.82075
teens:0.81875
remake:0.7945
predictable:0.784
bad plot:0.78375
idiotic:0.74525
murder:0.73675
so bad it's funny:0.73
splatter:0.70325
stupid:0.7015
lame:0.69675
violence:0.675
road movie:0.67275
family:0.67075
bad:0.67
awful:0.6535
sequel:0.63075
crappy sequel:0.6165
great ending:0.61575
scary:0.61475
sequels:0.60825
overrated:0.57875
disaster:0.56975
bloody:0.5625
insanity:0.54375
dialogue:0.5435
brutality:0.536
bad script:0.5355
campy:0.506
camp:0.50475
quirky:0.50075
sexualized violence:0.4985
cannibalism:0.49525
pornography:0.4945
fantasy world:0.48925
writers:0.47975
ridiculous:0.4715
stupidity:0.46675
runaway:0.46425
halloween:0.46075
dysfunctional family:0.444
chase:0.4435
cult classic:0.44
suspense:0.43925
adaptation:0.4375
teen movie:0.43725
violent:0.429
weapons:0.42375
mentor:0.4235
cult film:0.42075
goofy:0.41725
destiny:0.414
storytelling:0.41025
nudity (topless):0.40975
disturbing:0.4095
shallow:0.40275
first contact:0.40025
entirely dialogue:0.39975
weird:0.39525
fight scenes:0.39225
slapstick:0.392
surreal:0.39
police investigation:0.38725
unfunny:0.387
catastrophe:0.38425
grindhouse:0.38125
dumb:0.374
intense:0.37325
good soundtrack:0.37325
not funny:0.37225
bizarre:0.371
satirical:0.371
dumb but funny:0.36725
justice:0.36325
dreamlike:0.36225
silly:0.35975
multiple storylines:0.35725
torture:0.35625
good sequel:0.356
imdb top 250:0.3485
action:0.34725
absurd:0.345
fun movie:0.3445
teen:0.339
fun:0.3365
nocturnal:0.3345
creepy:0.33025
nudity (full frontal - notable):0.3265
sci fi:0.32575
happy ending:0.322
texas:0.31325
fantasy:0.3125
