documentary:0.9605
independent film:0.87775
original:0.788
indie:0.75475
drinking:0.738
obsession:0.729
interesting:0.69025
drug abuse:0.65225
social commentary:0.65175
cult film:0.6495
dreams:0.647
very interesting:0.63625
honest:0.63375
family bonds:0.63325
cult classic:0.6155
grindhouse:0.61425
pornography:0.602
criterion:0.60025
good soundtrack:0.599
artistic:0.59825
depressing:0.583
greed:0.57025
low budget:0.56175
addiction:0.5615
runaway:0.539
intimate:0.539
small town:0.534
weird:0.51975
eccentricity:0.5155
humorous:0.5135
talky:0.5085
life philosophy:0.5055
great ending:0.503
passionate:0.5025
dark humor:0.50125
very funny:0.486
dysfunctional family:0.48175
enigmatic:0.48025
drugs:0.48
narrated:0.477
great:0.46225
dialogue:0.461
harsh:0.4595
biographical:0.455
mockumentary:0.455
corruption:0.45425
mentor:0.45375
depression:0.45325
reality tv:0.453
hilarious:0.45225
suprisingly clever:0.44775
witty:0.44475
california:0.44425
reflective:0.44075
oscar (best directing):0.438
funny:0.43625
culture clash:0.43475
catastrophe:0.432
highly quotable:0.42975
affectionate:0.42925
artist:0.425
brutality:0.425
nudity (full frontal - brief):0.42475
crime gone awry:0.41925
ironic:0.413
movielens top pick:0.41075
philosophy:0.4095
quirky:0.40675
voyeurism:0.406
melancholic:0.405
art:0.3985
adaptation:0.3985
unusual plot structure:0.3975
loneliness:0.3965
stoner movie:0.3955
imdb top 250:0.38875
storytelling:0.38525
stylized:0.38375
visually appealing:0.382
creativity:0.3805
anti-hero:0.37525
violent:0.37325
life & death:0.36925
adapted from:book:0.36925
drug addiction:0.36375
clever:0.36325
manipulation:0.358
mental illness:0.35675
oscar (best actress):0.34925
golden palm:0.349
inspiring:0.34825
cult:0.34725
original plot:0.34675
entertaining:0.34525
complex:0.344
distopia:0.342
insanity:0.341
character study:0.33875
off-beat comedy:0.3385
existentialism:0.337
