crime:0.98525
tense:0.97875
creepy:0.973
dark:0.965
los angeles:0.94475
obsession:0.93425
intense:0.91275
dark humor:0.90225
great acting:0.8965
character study:0.89625
social commentary:0.89575
neo-noir:0.894
suspenseful:0.88625
original:0.88425
excellent script:0.88225
suspense:0.88175
manipulation:0.87475
greed:0.8745
nocturnal:0.87025
moral ambiguity:0.8595
grim:0.85675
cinematography:0.8485
journalism:0.8455
interesting:0.8445
powerful ending:0.83925
violent:0.83925
satire:0.8385
imdb top 250:0.8365
psychological:0.83475
corruption:0.83275
bleak:0.83225
thriller:0.83075
exceptional acting:0.83025
scary:0.82925
police investigation:0.81725
good soundtrack:0.81675
violence:0.8095
storytelling:0.804
oscar (best actress):0.7945
disturbing:0.7915
weird:0.78375
visceral:0.783
twists & turns:0.7755
serial killer:0.77425
dramatic:0.7655
great ending:0.75525
oscar:0.751
psychology:0.74575
thought-provoking:0.73975
good acting:0.7395
cynical:0.73925
brutality:0.73925
very interesting:0.73825
satirical:0.73525
drama:0.731
anti-hero:0.7295
complex:0.72225
oscar (best actor):0.71975
harsh:0.7035
twist:0.7005
loneliness:0.69875
insanity:0.69725
enigmatic:0.69725
stylish:0.696
mentor:0.6935
oscar (best directing):0.69325
great movie:0.68825
clever:0.686
good:0.68575
dialogue:0.68525
stylized:0.68525
california:0.6815
investigation:0.67825
macabre:0.6775
murder:0.6775
independent film:0.67525
talky:0.674
directorial debut:0.67225
realistic:0.67025
cerebral:0.6695
crime gone awry:0.66775
depressing:0.66025
atmospheric:0.6465
gritty:0.64425
complicated:0.64175
downbeat:0.635
entertaining:0.6305
morality:0.62725
tragedy:0.6195
fast paced:0.6095
paranoid:0.6075
bloody:0.6065
indie:0.6065
honest:0.60575
intelligent:0.60325
brutal:0.6025
pornography:0.60175
forceful:0.60175
runaway:0.59875
narrated:0.5985
