oscar (best supporting actress):0.9255
1930s:0.87475
classic:0.86775
mentor:0.8435
criterion:0.8295
afi 100:0.82675
women:0.817
oscar (best actress):0.81025
talky:0.8045
based on a play:0.8025
oscar (best directing):0.80175
original:0.794
witty:0.7745
dramatic:0.7675
screwball:0.73125
great acting:0.72125
immortality:0.721
drama:0.70625
great dialogue:0.702
forceful:0.68825
runaway:0.6665
cynical:0.6645
mental illness:0.66175
great:0.644
melancholic:0.639
crime gone awry:0.63175
poignant:0.617
good acting:0.615
clever:0.6
great movie:0.5935
intimate:0.5855
black and white:0.58525
twists & turns:0.58375
friendship:0.583
corruption:0.5745
dialogue:0.574
ensemble cast:0.57175
broadway:0.5555
bittersweet:0.55125
imdb top 250:0.54075
earnest:0.53575
depression:0.53475
downbeat:0.53275
very interesting:0.53225
tragedy:0.53025
atmospheric:0.529
biting:0.52875
interesting:0.5285
quotable:0.52725
fast paced:0.516
childhood:0.51325
social commentary:0.49525
dreams:0.49275
movielens top pick:0.4875
story:0.4845
adapted from:book:0.477
goofy:0.475
light:0.47425
prejudice:0.474
tense:0.47325
secrets:0.47125
affectionate:0.469
passionate:0.469
greed:0.46725
oscar:0.466
very good:0.4645
silent:0.46175
entirely dialogue:0.458
good:0.45725
exceptional acting:0.4545
1950s:0.45225
great ending:0.44675
gangsters:0.44625
brutality:0.4455
stylized:0.4375
culture clash:0.43725
drinking:0.4365
catastrophe:0.435
farce:0.432
adaptation:0.43
very funny:0.42775
unlikely friendships:0.42725
suprisingly clever:0.4255
sexy:0.42475
hotel:0.41575
oscar winner:0.4135
justice:0.41325
melancholy:0.4085
comedy:0.40475
macabre:0.40375
highly quotable:0.399
afi 100 (movie quotes):0.39825
alter ego:0.396
pornography:0.3915
literature:0.391
new york city:0.38925
original plot:0.38675
aging:0.38525
emotional:0.38325
redemption:0.381
