sexual:0.994
pornography:0.97625
bdsm:0.964
sexuality:0.9585
obsession:0.9495
disturbing:0.91025
intimate:0.90475
sexualized violence:0.903
erotic:0.9
voyeurism:0.89325
relationships:0.89225
melancholic:0.8815
loneliness:0.87725
art house:0.863
psychological:0.8625
psychology:0.8545
weird:0.82225
very interesting:0.7925
sex:0.76375
incest:0.7585
enigmatic:0.7565
bleak:0.755
classical music:0.74875
controversial:0.74425
brutality:0.73475
criterion:0.72825
golden palm:0.7165
visceral:0.711
insanity:0.68325
hard to watch:0.6575
complex:0.65075
french:0.647
harsh:0.6435
grindhouse:0.617
sexual abuse:0.614
meditative:0.60925
reflective:0.60375
original:0.60075
passionate:0.582
vengeance:0.57725
secrets:0.56625
adolescence:0.56425
character study:0.56025
psychiatry:0.558
grim:0.5565
nudity (full frontal - notable):0.54375
melancholy:0.539
guilt:0.53775
violent:0.53775
talky:0.533
dysfunctional family:0.52625
sexy:0.518
teacher:0.5085
art:0.5035
male nudity:0.49825
social commentary:0.49375
stylized:0.49025
violence:0.484
good soundtrack:0.48325
downbeat:0.476
mentor:0.46375
mother daughter relationship:0.459
complex characters:0.44775
intense:0.44425
life philosophy:0.43775
paris:0.4355
surreal:0.4295
intellectual:0.42225
ironic:0.41175
affectionate:0.4035
strange:0.402
women:0.39975
based on a book:0.3995
storytelling:0.39825
brutal:0.39775
dialogue:0.39525
catastrophe:0.394
entirely dialogue:0.39325
nocturnal:0.3925
lynch:0.392
pretentious:0.389
dark:0.3875
pointless:0.38625
mental illness:0.38625
exceptional acting:0.38225
runaway:0.37725
culture clash:0.37125
nudity (full frontal - brief):0.36875
emotional:0.3685
redemption:0.368
nudity (topless - notable):0.3615
stylish:0.36025
honest:0.351
writers:0.3485
great ending:0.348
manipulation:0.3465
depression:0.34125
censorship:0.33725
vienna:0.33675
visually appealing:0.3365
