loneliness:0.993
intimate:0.9885
melancholic:0.985
love:0.98475
criterion:0.98075
golden palm:0.97875
melancholy:0.9545
cinematography:0.9475
meditative:0.9465
love story:0.93775
relationships:0.9355
visually stunning:0.93275
enigmatic:0.925
adultery:0.92
bittersweet:0.91025
stylized:0.91025
visually appealing:0.9085
beautifully filmed:0.9075
masterpiece:0.88625
romantic:0.87125
beautiful:0.838
visual:0.83625
artistic:0.821
wuxia:0.814
nocturnal:0.809
cerebral:0.798
atmospheric:0.798
art house:0.78175
original:0.7755
romance:0.7695
complex:0.753
breathtaking:0.7445
slow:0.74275
hong kong:0.7325
reflective:0.726
stunning:0.716
colourful:0.71075
powerful ending:0.70575
talky:0.703
passionate:0.6935
poignant:0.69225
nonlinear:0.68875
weird:0.665
emotional:0.653
dialogue:0.65275
narrated:0.651
imdb top 250:0.64575
love triangles:0.63875
beautiful scenery:0.6385
great cinematography:0.63825
erotic:0.638
dreamlike:0.635
secrets:0.631
cathartic:0.63
infidelity:0.626
storytelling:0.624
obsession:0.6235
lyrical:0.61975
great ending:0.61625
understated:0.61175
stylish:0.6035
art:0.60075
affectionate:0.59675
photography:0.5895
good soundtrack:0.58925
moody:0.5865
spanish:0.5825
claustrophobic:0.5705
hotel:0.57025
betrayal:0.56875
slow paced:0.5665
scenic:0.5665
heartbreaking:0.5655
music:0.5615
complex characters:0.56
sexy:0.5595
artsy:0.55525
memory:0.5475
great acting:0.5335
existentialism:0.53125
1960s:0.5305
psychological:0.529
twists & turns:0.5215
complicated:0.5195
life & death:0.51525
surveillance:0.509
entirely dialogue:0.508
culture clash:0.5045
cheating:0.50325
strange:0.49925
marriage:0.495
light:0.48875
catastrophe:0.484
bleak:0.48275
very interesting:0.47925
suprisingly clever:0.47775
character study:0.47025
interesting:0.467
runaway:0.4665
social commentary:0.461
