silent:0.9785
classic:0.97125
masterpiece:0.89525
criterion:0.8845
talky:0.85675
imdb top 250:0.82475
father son relationship:0.791
comedy:0.764
storytelling:0.7565
visual:0.7355
original:0.729
childhood:0.7255
hospital:0.658
melancholic:0.656
runaway:0.653
father-son relationship:0.652
breathtaking:0.6455
highly quotable:0.642
surreal:0.64025
dramatic:0.63275
oscar (best foreign language film):0.61275
melancholy:0.607
great:0.6
suprisingly clever:0.5995
tragedy:0.59925
great ending:0.592
culture clash:0.59125
affectionate:0.58475
1920s:0.58275
black and white:0.5825
stylized:0.5775
reflective:0.57425
movielens top pick:0.5715
enigmatic:0.56375
forceful:0.55775
chase:0.551
beautifully filmed:0.5475
mentor:0.546
character study:0.53125
imagination:0.528
death:0.52775
life & death:0.52725
cinematography:0.527
golden palm:0.51975
unusual plot structure:0.51325
atmospheric:0.5095
vengeance:0.50875
idealism:0.50825
afi 100 (laughs):0.50625
hilarious:0.50575
gunfight:0.4975
oscar (best directing):0.497
weird:0.48875
clever:0.4875
grim:0.48375
social commentary:0.483
existentialism:0.47925
visually stunning:0.4785
special effects:0.4785
downbeat:0.4715
very funny:0.46675
stunning:0.4655
light:0.4625
secrets:0.45575
perfect:0.454
bittersweet:0.4495
visually appealing:0.4495
art:0.448
story:0.44625
assassination:0.44525
oscar (best supporting actress):0.43675
natural disaster:0.435
witty:0.43175
creativity:0.42775
off-beat comedy:0.42675
artistic:0.42325
harsh:0.419
absurd:0.416
slapstick:0.416
bleak:0.41425
complex:0.41375
cult classic:0.41325
allegory:0.41125
tense:0.411
catastrophe:0.41025
fast paced:0.41
cerebral:0.406
great movie:0.405
pornography:0.4045
great cinematography:0.40075
oscar (best actress):0.39925
nocturnal:0.398
fun movie:0.39025
amazing cinematography:0.38775
police investigation:0.383
narrated:0.381
dialogue:0.3745
beautiful scenery:0.37375
good soundtrack:0.37375
moody:0.37175
