civil war:0.995
innocence lost:0.9855
oscar (best directing):0.95375
childhood:0.941
wartime:0.93
oscar (best supporting actor):0.93
war:0.93
based on a true story:0.92975
politics:0.9045
brutality:0.90425
political:0.897
forceful:0.88225
amazing cinematography:0.872
war movie:0.86775
poverty:0.8215
oscar (best foreign language film):0.81775
spanish:0.80525
true story:0.79725
idealism:0.79225
social commentary:0.79
criterion:0.77375
foreign:0.7705
courage:0.76625
realistic:0.74525
brutal:0.74425
movielens top pick:0.7365
powerful ending:0.73375
dramatic:0.733
ethnic conflict:0.725
cinematography:0.72125
harsh:0.71075
sacrifice:0.7085
tragedy:0.70075
emotional:0.6745
radio:0.67
heartbreaking:0.6675
military:0.66525
bleak:0.66375
factual:0.66125
awesome soundtrack:0.65875
revolution:0.65625
poignant:0.65575
disturbing:0.6545
islam:0.64975
golden palm:0.6345
weapons:0.61575
history:0.61325
touching:0.61075
anti-war:0.60525
survival:0.6025
israel:0.5895
compassionate:0.575
based on true story:0.57125
reflective:0.56975
bloody:0.56375
original:0.5575
gangs:0.557
best war films:0.5565
historical:0.55275
hard to watch:0.54325
prejudice:0.5395
bollywood:0.5345
breathtaking:0.5295
allegory:0.52875
children:0.526
earnest:0.5175
freedom:0.5175
friendship:0.51675
nudity (full frontal - notable):0.5165
us history:0.51525
downbeat:0.514
intimate:0.5095
middle east:0.501
propaganda:0.5005
amazing photography:0.484
mentor:0.477
latin america:0.47625
grim:0.46825
beautiful scenery:0.45025
sentimental:0.44875
runaway:0.44725
good:0.44225
beautifully filmed:0.43975
catastrophe:0.43975
gritty:0.4385
best of 2005:0.438
iraq:0.43675
africa:0.427
oscar:0.418
unlikely friendships:0.41725
poland:0.4165
orphans:0.41425
finnish:0.41375
spain:0.4125
corruption:0.41125
life & death:0.4065
kids and family:0.40375
moving:0.39925
women:0.39875
suprisingly clever:0.3975
