family:0.9835
predictable:0.934
goofy:0.90575
kids:0.8765
so bad it's funny:0.86
original:0.852
first contact:0.84725
sexualized violence:0.814
great ending:0.7525
destiny:0.74775
children:0.7415
overrated:0.7195
violent:0.7125
silly:0.7115
pointless:0.70325
stupid as hell:0.699
bad plot:0.695
disaster:0.6855
fantasy world:0.6845
cute:0.68325
based on a book:0.68175
mentor:0.67575
melancholic:0.6735
brutality:0.66725
unlikely friendships:0.65375
fantasy:0.6535
science fiction:0.643
runaway:0.639
animals:0.62675
remake:0.626
shallow:0.62475
silly fun:0.61925
splatter:0.6185
unusual plot structure:0.6155
death:0.61175
life & death:0.61025
weapons:0.6005
twists & turns:0.5955
dialogue:0.584
doctors:0.578
view askew:0.56975
violence:0.56925
storytelling:0.55825
gangsters:0.5465
entirely dialogue:0.54625
sci fi:0.54625
quirky:0.5435
adaptation:0.54025
fun:0.53975
romantic:0.535
humorous:0.5305
scifi:0.528
feel-good:0.5215
80s:0.52025
suspense:0.51975
redemption:0.51675
cult film:0.5115
friendship:0.50925
story:0.505
teen movie:0.50025
stupid:0.4945
writers:0.494
nocturnal:0.4915
cute!:0.4895
adapted from:comic:0.483
surreal:0.4825
stylized:0.47875
vengeance:0.477
adapted from:book:0.47625
pulp:0.4755
satirical:0.47375
satire:0.47275
action:0.471
adventure:0.471
simple:0.47075
twist ending:0.465
multiple storylines:0.4625
off-beat comedy:0.45825
exceptional acting:0.4545
greed:0.45375
slapstick:0.45325
dreamlike:0.4505
existentialism:0.44875
happy ending:0.4485
natural disaster:0.44525
feel good movie:0.442
passionate:0.4405
police investigation:0.44
imdb top 250:0.43475
justice:0.43475
boring:0.43475
male nudity:0.43425
chase:0.43425
bloody:0.4325
dysfunctional family:0.4315
lone hero:0.427
road movie:0.4255
animation:0.42525
kids and family:0.42325
fight scenes:0.42125
