hitchcock:0.99975
assassin:0.97975
assassination:0.96425
espionage:0.9565
kidnapping:0.92475
suspense:0.92225
murder:0.88225
suspenseful:0.8725
conspiracy:0.864
classic:0.8455
tense:0.826
london:0.823
assassins:0.821
chase:0.8085
spying:0.806
original:0.7905
obsession:0.7795
cinematography:0.77
great ending:0.759
secrets:0.7525
thriller:0.734
oscar (best actress):0.70025
enigmatic:0.698
remake:0.68975
spy:0.68525
runaway:0.67675
talky:0.66225
criterion:0.655
twists & turns:0.65475
complex:0.652
police investigation:0.645
masterpiece:0.64
imdb top 250:0.6365
clever:0.632
greed:0.6305
plot:0.6215
interesting:0.6165
intense:0.61625
oscar (best directing):0.613
corruption:0.60375
dialogue:0.59875
good:0.59025
spies:0.587
mistaken identity:0.5835
visually appealing:0.569
pornography:0.5645
paranoid:0.56325
breathtaking:0.555
british:0.5515
story:0.55
great:0.54775
light:0.5465
dramatic:0.54325
foreign:0.528
suprisingly clever:0.52475
witty:0.52375
crime:0.5235
storytelling:0.522
culture clash:0.52075
betrayal:0.519
colourful:0.516
atmospheric:0.51425
hotel:0.50925
great acting:0.50825
great cinematography:0.50625
beautiful scenery:0.506
drama:0.5035
mystery:0.503
sexy:0.5005
doctors:0.4885
family drama:0.484
catastrophe:0.48275
complicated:0.4795
fast paced:0.479
psychological:0.47875
family:0.4775
manipulation:0.47725
black and white:0.4765
good acting:0.476
excellent:0.475
holiday:0.47425
paranoia:0.4725
adapted from:book:0.46375
oscar (best supporting actress):0.46325
oscar winner:0.45925
identity:0.45675
visual:0.45625
vengeance:0.4515
very interesting:0.44975
great movie:0.44875
unusual plot structure:0.44675
idealism:0.437
amazing photography:0.43225
scenic:0.43175
1930s:0.43075
latin america:0.42925
exceptional acting:0.42225
murder mystery:0.422
twist:0.4115
mentor:0.40125
