visually stunning:0.966
love story:0.93875
musical:0.93225
colourful:0.929
love:0.9155
good music:0.8985
visually appealing:0.89375
music:0.893
stylized:0.87375
paris:0.87175
stunning:0.8565
original:0.853
cinematography:0.84525
lyrical:0.8425
visual:0.81475
passionate:0.81125
beautifully filmed:0.7875
good soundtrack:0.76375
great music:0.76275
beautiful:0.74
great soundtrack:0.722
dancing:0.70625
romance:0.693
storytelling:0.6825
romantic:0.681
creativity:0.6725
sexualized violence:0.67125
awesome soundtrack:0.669
great acting:0.66125
amazing cinematography:0.658
musicians:0.65525
weird:0.655
visuals:0.6455
story:0.62975
destiny:0.623
oscar (best editing):0.62125
clever:0.60625
dialogue:0.5995
great ending:0.596
whimsical:0.59025
artistic:0.576
great:0.57225
breathtaking:0.57
dance:0.557
fairy tale:0.55475
dramatic:0.5515
light:0.55025
beautiful scenery:0.548
bollywood:0.54725
special:0.546
great cinematography:0.53375
catastrophe:0.516
art:0.50925
original plot:0.5045
emotional:0.50075
quirky:0.499
good:0.49075
plot:0.48975
period piece:0.48425
good acting:0.4805
bittersweet:0.47075
fantasy world:0.464
oscar:0.46375
culture clash:0.4575
pg-13:0.4575
twists & turns:0.45725
imagination:0.454
happy ending:0.454
fun movie:0.4525
rock and roll:0.44675
sacrifice:0.435
betrayal:0.4345
melancholic:0.43225
drama:0.43075
sentimental:0.4295
oscar (best actress):0.42875
exceptional acting:0.42675
stylish:0.42425
interesting:0.4225
tragedy:0.42225
cult film:0.4175
family:0.4105
masterpiece:0.40725
great movie:0.4065
fast paced:0.40325
mentor:0.40075
oscar (best picture):0.39725
broadway:0.39625
hip hop:0.3935
adaptation:0.38575
entirely dialogue:0.38425
affectionate:0.38
complex:0.3765
better than expected:0.3765
not funny:0.37625
intense:0.3745
unusual plot structure:0.37325
absurd:0.36625
heartbreaking:0.365
sexy:0.36225
