franchise:0.99475
slasher:0.98475
space:0.97825
horror:0.93425
androids:0.91675
splatter:0.88375
sci fi:0.86475
camp:0.788
scifi:0.78425
original:0.778
stupid as hell:0.77575
futuristic:0.76275
sci-fi:0.74725
series:0.74625
predictable:0.73075
teens:0.7025
bad acting:0.70175
bad plot:0.6805
science fiction:0.6765
pointless:0.67575
future:0.66
bloody:0.6335
great ending:0.60425
parody:0.60425
so bad it's funny:0.59775
weapons:0.59625
death:0.589
stupid:0.57675
scary:0.5715
special effects:0.5685
nudity (topless):0.5635
silly:0.544
halloween:0.541
dialogue:0.5325
gory:0.53125
campy:0.53125
horrible:0.52725
creativity:0.52425
murder:0.5215
idiotic:0.5165
brutality:0.51525
mentor:0.5075
first contact:0.48275
overrated:0.462
fun movie:0.45475
lame:0.45425
serial killer:0.446
pornography:0.43775
violence:0.426
cult film:0.4175
monster:0.41275
catastrophe:0.4025
fight scenes:0.39775
stupidity:0.39375
ridiculous:0.38675
teen movie:0.373
action:0.371
space travel:0.36925
entirely dialogue:0.36475
suspense:0.36375
twist ending:0.3635
gore:0.36175
cool:0.36125
cyborgs:0.35425
shallow:0.35375
alien:0.352
crappy sequel:0.34725
nudity:0.34725
cheesy:0.3455
action packed:0.34525
disaster:0.345
fantasy world:0.343
sexy:0.34075
vengeance:0.33875
fun:0.33525
reality tv:0.33175
writers:0.3315
adaptation:0.3315
family:0.32725
goofy:0.32425
not funny:0.3225
80s:0.32075
violent:0.32
grindhouse:0.31225
quirky:0.30775
humorous:0.3075
pulp:0.3075
technology:0.304
mad scientist:0.30225
transformation:0.3015
bad cgi:0.30125
redemption:0.301
slapstick:0.30025
nudity (topless - notable):0.29675
melancholic:0.294
storytelling:0.29375
bad:0.29175
sexualized violence:0.28875
bad ending:0.28225
entertaining:0.2805
