gunfight:0.97275
western:0.9485
action:0.94275
dark hero:0.91275
revenge:0.90375
moral ambiguity:0.901
big budget:0.878
pg-13:0.8595
vengeance:0.85525
mentor:0.8515
fast paced:0.84625
good:0.84025
violence:0.82325
original:0.82125
remake:0.80825
plot:0.802
corruption:0.80175
great ending:0.7995
destiny:0.7885
oscar (best supporting actor):0.768
stereotypes:0.7655
redemption:0.75675
drinking:0.7535
dynamic cgi action:0.75175
murder:0.74225
great movie:0.741
superheroes:0.737
visually appealing:0.73475
entertaining:0.73025
adaptation:0.71925
awesome soundtrack:0.7085
classic:0.70775
action packed:0.705
cool:0.70025
dialogue:0.69775
original plot:0.694
torture:0.69325
scenic:0.67775
sacrifice:0.6695
catastrophe:0.66425
great:0.654
native americans:0.65325
humor:0.652
fun:0.65075
technology:0.647
anti-hero:0.644
unlikely friendships:0.6375
mythology:0.632
dramatic:0.618
excellent script:0.6055
fun movie:0.60325
storytelling:0.60025
assassin:0.59925
great acting:0.5985
1960s:0.5905
underdog:0.5865
franchise:0.58575
great dialogue:0.58125
ensemble cast:0.5795
adapted from:book:0.5775
shallow:0.5765
adventure:0.573
superhero:0.57275
very funny:0.572
story:0.5715
underrated:0.5705
grindhouse:0.56675
clever:0.5645
intense:0.55825
small town:0.5525
stupid as hell:0.55225
culture clash:0.55
blood:0.53825
family:0.5365
good soundtrack:0.5355
special effects:0.5355
based on a book:0.53475
greed:0.5325
justice:0.531
good action:0.53
suspense:0.52575
unusual plot structure:0.524
harsh:0.52375
morality:0.52275
bollywood:0.51425
mining:0.5125
survival:0.5055
race issues:0.502
excellent:0.49575
gritty:0.49525
honest:0.4915
based on book:0.48625
transformation:0.48025
marvel:0.47475
good acting:0.4735
realistic action:0.468
feel good movie:0.46775
talky:0.46625
crude humor:0.45725
friendship:0.45625
