original:0.86275
eccentricity:0.84575
storytelling:0.8325
homeless:0.786
true story:0.78025
biographical:0.7495
mental illness:0.719
gunfight:0.71325
social commentary:0.70525
dark humor:0.70175
dialogue:0.677
england:0.67425
based on a play:0.65975
sexualized violence:0.653
cult classic:0.63925
london:0.63375
catholicism:0.63325
stylish:0.63175
british:0.627
writers:0.6185
humor:0.61825
quirky:0.60925
complex:0.607
depression:0.604
drugs:0.6035
satire:0.602
british comedy:0.59475
story:0.583
good soundtrack:0.56425
adaptation:0.561
series:0.55925
oscar:0.5515
vengeance:0.5005
witty:0.49475
drama:0.49275
absurd:0.479
great acting:0.478
nudity (full frontal - notable):0.47125
life & death:0.46925
grindhouse:0.469
criterion:0.46575
great ending:0.46325
censorship:0.46175
deadpan:0.43825
comedy:0.43575
dark comedy:0.43375
irreverent:0.4315
pornography:0.431
bloody:0.42475
unusual plot structure:0.423
satirical:0.421
clever:0.42025
ironic:0.419
violent:0.41775
biopic:0.4165
friendship:0.41075
splatter:0.40925
doctors:0.4075
grim:0.40575
insanity:0.40075
greed:0.399
catastrophe:0.3985
visually appealing:0.3985
violence:0.39775
sarcasm:0.3965
marijuana:0.3935
narrated:0.3895
guilt:0.3885
graphic novel:0.38425
road movie:0.38125
betrayal:0.38025
1970s:0.3795
pg-13:0.3735
multiple storylines:0.37075
highly quotable:0.3635
corruption:0.3625
transformation:0.36225
black comedy:0.36
stylized:0.359
justice:0.35875
drinking:0.35125
great dialogue:0.3485
runaway:0.34775
crude humor:0.347
radio:0.34675
comic:0.34675
cult film:0.345
life philosophy:0.3435
hotel:0.3395
talky:0.33925
brutal:0.338
mentor:0.3375
police investigation:0.3375
dark:0.33675
dark hero:0.336
silly:0.335
stoner movie:0.33425
suicide attempt:0.331
predictable:0.33075
melancholic:0.33025
