assassin:0.9915
stylish:0.98475
hit men:0.969
assassins:0.9475
action:0.9455
french:0.93975
assassination:0.93
foreign:0.90575
violent:0.9055
mentor:0.902
france:0.89925
stylized:0.877
original:0.872
sexualized violence:0.8575
tense:0.8545
violence:0.84225
good action:0.81325
realistic action:0.80875
intense:0.80525
murder:0.80225
sexy:0.76275
thriller:0.76225
visually stunning:0.7485
brutality:0.74725
visceral:0.74475
cool:0.726
vengeance:0.724
gunfight:0.72325
relationships:0.71475
interesting:0.70875
talky:0.7065
dialogue:0.69675
hitman:0.69625
romance:0.6945
complex:0.69325
drama:0.69175
spying:0.68675
dark hero:0.68325
redemption:0.678
police investigation:0.66525
good soundtrack:0.66275
spy:0.66175
cult film:0.65925
action packed:0.65825
fight scenes:0.65325
harsh:0.65125
enigmatic:0.651
oscar (best actress):0.644
secrets:0.642
visual:0.632
passionate:0.62525
weapons:0.6165
great ending:0.61075
suspense:0.603
complicated:0.60225
great acting:0.5945
pornography:0.58825
great movie:0.58575
intimate:0.585
nudity (topless - brief):0.5845
chase:0.58425
love story:0.5805
cynical:0.57775
atmospheric:0.57775
fast paced:0.575
storytelling:0.56825
plot:0.5665
runaway:0.5635
guns:0.55725
great:0.5555
visually appealing:0.55475
suspenseful:0.55375
love:0.5495
criterion:0.549
brutal:0.546
psychological:0.5455
culture clash:0.545
very interesting:0.545
original plot:0.54225
story:0.541
paris:0.54
psychology:0.53975
forceful:0.539
clever:0.52925
gritty:0.527
melancholic:0.525
crime:0.52325
corruption:0.523
narrated:0.5225
cinematography:0.52125
good:0.5185
stunning:0.51375
revenge:0.507
beautifully filmed:0.49925
gangsters:0.499
oscar (best directing):0.49475
highly quotable:0.4935
transformation:0.4935
excellent script:0.492
suprisingly clever:0.48675
