teen movie:0.997
teen:0.99575
girlie movie:0.98375
teenager:0.9795
high school:0.97775
teens:0.96375
teenagers:0.958
chick flick:0.92125
awesome soundtrack:0.8875
comedy:0.88175
adolescence:0.873
coming-of-age:0.835
fun movie:0.8135
fashion:0.81
adapted from:book:0.79975
geeks:0.78175
virginity:0.767
fun:0.76125
quotable:0.754
jane austen:0.74825
funny:0.73
very funny:0.7035
adaptation:0.68175
good soundtrack:0.6785
original:0.67625
stereotypes:0.6655
light:0.663
shopping:0.65875
literary adaptation:0.6575
goofy:0.63225
coming of age:0.6305
cool:0.62675
sweet:0.62525
runaway:0.6095
cheerleading:0.6085
school:0.6075
teacher:0.57475
cute:0.57225
friendship:0.566
unlikely friendships:0.56425
classic:0.546
satirical:0.53975
great:0.52475
childhood:0.52375
cute!:0.51275
based on a book:0.5025
sexy:0.5015
great ending:0.49625
dialogue:0.4945
good:0.47875
california:0.47775
feel-good:0.4695
pornography:0.4505
80s:0.44275
catastrophe:0.44025
hilarious:0.4375
pg-13:0.43675
bullying:0.428
romance:0.41975
witty:0.4115
feel good movie:0.408
destiny:0.39575
twists & turns:0.39225
mentor:0.389
clever:0.3825
nostalgic:0.37225
great movie:0.3705
reflective:0.3605
romantic:0.36025
nerds:0.357
great acting:0.351
great soundtrack:0.34975
drinking:0.346
story:0.34075
women:0.338
storytelling:0.33725
silly fun:0.33675
very good:0.33475
dumb but funny:0.33425
dumb:0.33375
geek:0.328
overrated:0.3275
excellent:0.31125
sex comedy:0.30425
guilty pleasure:0.3025
absurd:0.2995
love:0.29825
shallow:0.295
entirely dialogue:0.2945
brutality:0.29175
silly:0.2905
predictable:0.2895
not funny:0.28775
quirky:0.2845
loneliness:0.28425
melancholic:0.284
imdb top 250:0.28375
suprisingly clever:0.283
transformation:0.28225
books:0.28025
