superhero:0.9375
superheroes:0.8965
super-hero:0.8695
super hero:0.8675
bad plot:0.853
special effects:0.84975
original:0.839
horrible:0.8305
predictable:0.80675
god:0.80275
alien:0.786
mentor:0.7275
teleportation:0.705
first contact:0.69925
dialogue:0.6825
stupid as hell:0.6465
fantasy:0.62275
camp:0.6095
shallow:0.59925
idiotic:0.58675
fantasy world:0.57225
fight scenes:0.57225
so bad it's funny:0.571
sci fi:0.5635
overrated:0.55875
disaster:0.55125
family:0.5455
bad:0.52975
cheesy:0.499
writers:0.49725
cult film:0.496
lame:0.49275
entirely dialogue:0.48675
adventure:0.4825
story:0.4755
space:0.46175
bad acting:0.453
science:0.4505
brutality:0.446
london:0.44325
ridiculous:0.44025
weapons:0.44025
death:0.44
music:0.43875
science fiction:0.4365
silly:0.4285
rome:0.4255
franchise:0.41925
big budget:0.4115
mad scientist:0.40975
stupid:0.4095
adaptation:0.4015
justice:0.40025
romantic:0.39725
kick-butt women:0.395
splatter:0.39475
great ending:0.394
quirky:0.39275
multiple storylines:0.3915
action:0.38425
imdb top 250:0.383
storytelling:0.37625
dreamlike:0.37625
catastrophe:0.3755
campy:0.37475
nocturnal:0.369
culture clash:0.36275
fun:0.3615
pulp:0.355
pointless:0.353
aliens:0.351
violence:0.3495
lone hero:0.3445
80s:0.343
religion:0.34175
melancholic:0.34175
sci-fi:0.34025
dysfunctional family:0.34025
crappy sequel:0.33625
silly fun:0.33425
male nudity:0.33225
runaway:0.33225
allegory:0.33225
unusual plot structure:0.3295
gangsters:0.3295
destiny:0.32875
criterion:0.328
good soundtrack:0.3255
slapstick:0.32475
surreal:0.32475
adapted from:comic:0.32475
indians:0.3245
classic car:0.3205
alternate reality:0.3205
robots:0.32025
solitude:0.31325
redemption:0.313
visually appealing:0.313
jesus:0.31
simple:0.30625
