russian:0.91775
criterion:0.9005
russia:0.86225
foreign:0.78825
original:0.773
life philosophy:0.7
unusual plot structure:0.696
bleak:0.654
comedy:0.652
so bad it's funny:0.63325
paris:0.598
visually appealing:0.5935
existentialism:0.58975
great:0.58675
quirky:0.58375
weird:0.55675
talky:0.5465
very funny:0.54325
culture clash:0.5385
humorous:0.533
golden palm:0.53225
movielens top pick:0.52275
twists & turns:0.51425
absurd:0.513
capitalism:0.51025
pornography:0.50325
harsh:0.50075
clever:0.49725
fun movie:0.48875
mentor:0.47875
magic:0.4685
great movie:0.4665
whimsical:0.4665
good soundtrack:0.461
funny:0.4585
independent film:0.45625
artistic:0.4525
great ending:0.44925
cerebral:0.43525
creativity:0.42625
good:0.422
utopia:0.4215
dialogue:0.41975
catastrophe:0.4135
redemption:0.412
feel good movie:0.41125
cult film:0.40225
family:0.37825
greed:0.37525
melancholic:0.373
adventure:0.36475
humor:0.36375
french:0.36325
visually stunning:0.36275
feel-good:0.35925
art:0.3535
light:0.35125
off-beat comedy:0.3485
teacher:0.34675
enigmatic:0.34525
underrated:0.3445
loneliness:0.34125
melancholy:0.3375
goofy:0.337
surreal:0.336
suprisingly clever:0.3355
finnish:0.334
oscar (best foreign language film):0.3325
nudity (topless - brief):0.31875
brutality:0.31575
witty:0.31175
fantasy world:0.309
stoner movie:0.30625
silly fun:0.30325
fun:0.29975
nudity (full frontal - notable):0.299
magic realism:0.2985
intimate:0.29825
unfunny:0.29325
cynical:0.2915
life & death:0.29125
censorship:0.291
entirely dialogue:0.29
childhood:0.2895
male nudity:0.289
eccentricity:0.28725
unlikely friendships:0.28475
excellent script:0.28375
storytelling:0.283
stylized:0.2825
prejudice:0.28225
intellectual:0.27625
adaptation:0.276
fantasy:0.27575
based on a play:0.27475
irreverent:0.27475
runaway:0.27325
idealism:0.27075
drama:0.267
crude humor:0.2655
