kids:0.91875
silly fun:0.91825
teen movie:0.872
chase:0.85125
predictable:0.801
family:0.7385
original:0.73425
children:0.72325
fun movie:0.669
silly:0.659
cute!:0.6305
so bad it's funny:0.629
fun:0.614
teens:0.59475
teen:0.5905
bullying:0.573
school:0.5705
high school:0.539
comedy:0.524
shallow:0.515
bad plot:0.50375
fantasy world:0.49725
great ending:0.497
childhood:0.47375
slapstick:0.463
kids and family:0.46025
mentor:0.45675
whimsical:0.454
cute:0.44575
horrible:0.43
stupid:0.42725
overrated:0.42575
catastrophe:0.423
adventure:0.4155
quirky:0.4075
destiny:0.40725
romantic:0.40075
romance:0.39825
stereotypes:0.3925
brutality:0.389
feel-good:0.3875
storytelling:0.38675
lame:0.381
magic:0.37875
dialogue:0.37625
first contact:0.3655
very funny:0.364
spying:0.356
feel good movie:0.3535
life philosophy:0.351
goofy:0.34675
story:0.34625
unfunny:0.34575
bad:0.34225
justice:0.33375
runaway:0.333
melancholic:0.33275
foul language:0.3275
humorous:0.32725
fight scenes:0.32425
adaptation:0.32325
good soundtrack:0.323
bad acting:0.32175
redemption:0.31875
violence:0.3155
franchise:0.314
no plot:0.311
pointless:0.306
unusual plot structure:0.305
great:0.30475
pornography:0.30425
natural disaster:0.30275
great acting:0.3015
fantasy:0.30025
good:0.29975
vengeance:0.298
entertaining:0.29775
entirely dialogue:0.29325
action:0.29275
lone hero:0.29025
suspense:0.29
saturday night live:0.28925
cult film:0.28875
police investigation:0.2885
nudity (full frontal - brief):0.28725
not funny:0.28475
idiotic:0.2845
nostalgic:0.27475
boring:0.2735
clever:0.2715
pg-13:0.271
multiple storylines:0.2685
death:0.2685
imdb top 250:0.267
dreamlike:0.2665
sci fi:0.2655
crude humor:0.265
culture clash:0.2645
writers:0.25975
adolescence:0.25975
