cerebral:0.98775
mathematics:0.98475
insanity:0.97975
paranoia:0.978
visually appealing:0.97575
weird:0.9685
obsession:0.96675
intellectual:0.96525
math:0.96075
surreal:0.95425
enigmatic:0.954
hallucinatory:0.94525
psychological:0.93775
existentialism:0.93425
paranoid:0.92775
complex:0.9265
genius:0.92475
metaphysics:0.924
mindfuck:0.916
psychology:0.91125
independent film:0.9105
very interesting:0.9105
artsy:0.905
visual:0.904
god:0.902
original:0.89475
storytelling:0.89225
stylized:0.8885
cinematography:0.8815
visually stunning:0.86225
good soundtrack:0.849
philosophy:0.847
black and white:0.83825
complicated:0.8355
powerful ending:0.831
mentor:0.82425
amazing photography:0.82025
philosophical:0.8165
low budget:0.81475
thought-provoking:0.80225
cyberpunk:0.801
confusing:0.7895
imagination:0.7825
secrets:0.78175
imdb top 250:0.776
atmospheric:0.77575
tense:0.77525
art house:0.775
schizophrenia:0.7645
twists & turns:0.76225
social commentary:0.758
interesting:0.75775
masterpiece:0.754
dark:0.7505
complicated plot:0.74825
greed:0.74575
science:0.745
disturbing:0.745
surrealism:0.7345
mental illness:0.732
cult classic:0.73075
loneliness:0.729
criterion:0.72325
claustrophobic:0.72275
great ending:0.72225
science fiction:0.72225
ominous:0.7215
nonlinear:0.715
dreamlike:0.7135
talky:0.71
technology:0.70875
intense:0.70575
dreams:0.70325
strange:0.70275
pretentious:0.69975
clever:0.695
visceral:0.6805
narrated:0.6775
religion:0.6695
eccentricity:0.662
allegory:0.6615
intelligent:0.659
conspiracy:0.65875
sci fi:0.65375
great soundtrack:0.65075
creativity:0.64925
plot:0.648
dialogue:0.6475
first contact:0.64275
excellent script:0.64175
thriller:0.6415
bizarre:0.6385
notable soundtrack:0.62275
mystery:0.61975
identity:0.61475
judaism:0.6115
stylish:0.611
original plot:0.60525
unique:0.5945
scifi:0.5935
