horror:0.998
slasher:0.9925
teen:0.97175
teen movie:0.96225
suspense:0.93625
serial killer:0.9275
teens:0.92725
spoof:0.912
halloween:0.896
fun movie:0.8835
splatter:0.8695
parody:0.866
high school:0.852
suspenseful:0.849
original:0.835
great movie:0.83425
scary:0.808
creepy:0.79425
gory:0.7895
good soundtrack:0.777
goofy:0.77575
stupid as hell:0.73825
great ending:0.73575
cult classic:0.73275
murder:0.72775
great:0.70875
intense:0.66
teenager:0.649
violence:0.649
death:0.6375
tense:0.622
chase:0.6075
good:0.605
blood:0.60325
silly fun:0.602
pg-13:0.60125
bloody:0.59375
clever:0.5825
80s:0.57725
stereotypes:0.57625
dialogue:0.574
comedy:0.574
fun:0.56875
cult film:0.566
teenagers:0.55825
geeks:0.555
gruesome:0.54775
quotable:0.54575
original plot:0.539
small town:0.5375
frightening:0.536
violent:0.531
great acting:0.52775
virginity:0.524
predictable:0.51375
twist ending:0.51075
brutality:0.51075
macabre:0.5055
creativity:0.504
good acting:0.50225
grindhouse:0.492
funny:0.46225
catastrophe:0.46125
oscar (best effects - visual effects):0.4595
awesome soundtrack:0.45525
franchise:0.455
atmospheric:0.45425
classic:0.45425
torture:0.44725
mentor:0.44675
school:0.4455
twists & turns:0.44475
story:0.4445
police investigation:0.44125
adaptation:0.43675
supernatural:0.4305
cool:0.4265
transformation:0.42625
funny as hell:0.42125
very funny:0.42
ominous:0.4175
visceral:0.41425
gore:0.4125
highly quotable:0.41125
alter ego:0.401
good action:0.39975
family:0.395
entertaining:0.3945
humorous:0.38425
stupidity:0.381
drinking:0.38075
humor:0.379
apocalypse:0.3765
survival:0.37625
runaway:0.37625
monster:0.369
very good:0.36025
excellent:0.3565
revenge:0.35475
stupid:0.35225
