world war ii:0.9975
wwii:0.99375
wartime:0.993
germany:0.98675
nazis:0.98325
war:0.98325
murder:0.9795
best war films:0.972
murder mystery:0.9615
german:0.9475
nazi:0.93175
poland:0.92475
criterion:0.88325
brutality:0.86225
dramatic:0.85975
justice:0.85875
tense:0.85825
historical:0.84675
investigation:0.8415
corruption:0.83275
forceful:0.82575
allegory:0.8185
imdb top 250:0.8165
crime:0.81
assassination:0.80425
suspense:0.7945
obsession:0.7895
morality:0.785
movielens top pick:0.78275
oscar (best directing):0.7675
foreign:0.76175
war movie:0.7595
original:0.75175
nocturnal:0.75075
cinematography:0.74875
very interesting:0.74575
jews:0.74475
brutal:0.7335
intense:0.73025
twists & turns:0.724
idealism:0.71025
serial killer:0.70725
us history:0.703
tom clancy:0.7
exceptional acting:0.698
drama:0.6945
harsh:0.694
assassin:0.6925
cynical:0.6865
ethnic conflict:0.68325
oscar (best cinematography):0.683
great movie:0.675
police investigation:0.6715
grim:0.67075
realistic:0.66775
mystery:0.666
runaway:0.66575
complex:0.66375
world war i:0.65925
violent:0.65575
stunning:0.65225
insanity:0.64975
oscar (best foreign language film):0.64475
fighting the system:0.631
breathtaking:0.626
sexy:0.61875
weapons:0.6185
gunfight:0.612
detective:0.6075
propaganda:0.60575
epic:0.603
military:0.599
history:0.5955
violence:0.59175
factual:0.58975
powerful ending:0.5865
prostitution:0.58425
british:0.57625
culture clash:0.57175
world politics:0.57125
courage:0.566
secrets:0.56375
great:0.5575
political:0.556
guilt:0.55525
nudity (full frontal - brief):0.5535
great acting:0.552
dialogue:0.551
gritty:0.54425
russian:0.54325
drinking:0.5395
long:0.53925
identity:0.53
betrayal:0.5295
fascism:0.52725
excellent script:0.522
narrated:0.52175
france:0.52125
politics:0.518
visual:0.51625
