historical:0.98425
period piece:0.96925
history:0.96825
england:0.9645
love story:0.93875
romantic:0.8755
london:0.86275
us history:0.853
passionate:0.83975
biographical:0.82975
marriage:0.7685
drama:0.76025
betrayal:0.759
love:0.7565
beautiful scenery:0.7535
destiny:0.74175
costume drama:0.7305
romance:0.7285
rebellion:0.683
adultery:0.682
story:0.6785
british:0.67825
mentor:0.66525
sentimental:0.664
original:0.64975
cinematography:0.645
civil war:0.64125
good:0.6375
catholicism:0.6215
chick flick:0.6075
great ending:0.60625
girlie movie:0.60575
sacrifice:0.6015
culture clash:0.583
death:0.58275
divorce:0.5805
runaway:0.5755
beautifully filmed:0.574
scenic:0.563
oscar (best directing):0.55675
stunning:0.553
revolution:0.53725
great acting:0.53225
idealism:0.52925
oscar (best cinematography):0.52425
enigmatic:0.51875
forceful:0.516
family:0.508
breathtaking:0.50325
oscar (best actress):0.494
based on true story:0.4935
factual:0.493
18th century:0.49275
chase:0.47925
dramatic:0.47875
catastrophe:0.47875
slavery:0.47775
great:0.468
dialogue:0.463
very interesting:0.4625
great movie:0.4615
light:0.454
long:0.4525
courage:0.45125
touching:0.4455
unusual plot structure:0.439
poignant:0.4375
childhood:0.436
oscar:0.433
friendship:0.43175
women:0.428
fun movie:0.42675
suprisingly clever:0.4245
first contact:0.41575
excellent:0.41
politics:0.408
teen:0.405
bittersweet:0.398
good soundtrack:0.39175
excellent script:0.39075
transformation:0.38925
beautiful:0.387
underrated:0.3865
unlikely friendships:0.3845
bullshit history:0.3785
conspiracy:0.37575
tragedy:0.37525
fairy tale:0.37025
manipulation:0.36675
good acting:0.36225
not funny:0.36
children:0.354
pg-13:0.35375
aging:0.352
happy ending:0.35125
single father:0.3505
whimsical:0.35025
amazing photography:0.34625
revenge:0.34275
doctors:0.34125
