horror:0.9925
mad scientist:0.9525
splatter:0.9455
doctors:0.874
original:0.8505
gory:0.7875
pointless:0.785
brutality:0.78175
cult film:0.78125
disturbing:0.7755
scary:0.76775
creepy:0.76725
torture:0.76425
gore:0.754
horrible:0.7415
stupid as hell:0.7385
stupid:0.6955
gruesome:0.69125
bad acting:0.68775
so bad it's funny:0.68175
weird:0.67475
pornography:0.6645
predictable:0.66325
bad plot:0.661
idiotic:0.63375
insanity:0.625
sexualized violence:0.5755
kidnapping:0.56225
stupidity:0.547
serial killer:0.54
slasher:0.524
grindhouse:0.5215
dialogue:0.5195
blood:0.51075
violence:0.501
bloody:0.49375
goretastic:0.4875
writers:0.48575
ridiculous:0.4785
brutal:0.47725
great ending:0.4715
mentor:0.4625
internet:0.4615
controversial:0.45875
bad ending:0.455
dumb:0.447
dumb but funny:0.44475
awful:0.4395
psychological:0.4375
shallow:0.4375
crazy:0.43525
goofy:0.43225
cult classic:0.43225
suspense:0.43075
visceral:0.42575
catastrophe:0.42525
intense:0.41575
cannibalism:0.4135
hard to watch:0.40925
good soundtrack:0.4075
overrated:0.4045
adaptation:0.4035
nudity (full frontal - notable):0.4025
redemption:0.3975
cult:0.39075
absurd:0.3895
plot holes:0.38925
hospital:0.385
stereotypes:0.38475
macabre:0.3815
psychology:0.38075
road movie:0.376
demons:0.37325
nudity:0.3725
twists & turns:0.36675
twist:0.3665
fantasy world:0.36475
teens:0.36425
entirely dialogue:0.36225
nudity (full frontal - brief):0.3615
silly:0.354
family:0.35375
sci fi:0.35375
obsession:0.3515
franchise:0.34925
violent:0.348
fantasy:0.34525
storytelling:0.3445
fight scenes:0.34025
bad cgi:0.338
special effects:0.33725
destiny:0.33675
silly fun:0.33425
first contact:0.3325
low budget:0.32925
good dialogue:0.32575
spiders:0.3245
crude humor:0.322
quirky:0.3165
nudity (full frontal):0.315
