police corruption:0.979
corruption:0.94425
undercover cop:0.93475
vigilante:0.93125
vigilantism:0.897
action:0.88625
violent:0.85925
good action:0.84225
twists & turns:0.82975
brutality:0.81875
crime:0.8185
police:0.80125
vengeance:0.799
gangsters:0.779
justice:0.767
fight scenes:0.7665
realistic action:0.75675
gratuitous violence:0.74275
fast paced:0.7365
mentor:0.73
murder:0.7225
original:0.719
race issues:0.712
violence:0.70825
detective:0.708
betrayal:0.70275
gritty:0.67575
hitman:0.666
dialogue:0.6565
thriller:0.636
moral ambiguity:0.6245
conspiracy:0.62325
intense:0.618
brutal:0.61225
revenge:0.60625
drama:0.58425
los angeles:0.57975
good soundtrack:0.57925
story:0.568
plot:0.565
harsh:0.56125
great ending:0.55075
gunfight:0.54125
good:0.53875
political corruption:0.5365
predictable:0.52825
life philosophy:0.528
kidnapping:0.52075
runaway:0.519
sexualized violence:0.516
pg-13:0.51075
storytelling:0.5035
secrets:0.50325
car chase:0.49925
police investigation:0.49225
twist:0.4845
stylish:0.47575
redemption:0.473
unlikeable characters:0.473
weapons:0.4655
blood:0.45975
great:0.446
entertaining:0.4435
crime gone awry:0.4395
gangs:0.43775
drinking:0.436
dark hero:0.432
assassination:0.43125
anti-hero:0.43075
catastrophe:0.43025
better than expected:0.43025
suspense:0.42825
investigation:0.42475
great movie:0.422
adaptation:0.41975
chase:0.41825
torture:0.41675
great acting:0.4075
stereotypes:0.406
good acting:0.404
action packed:0.39975
guns:0.3975
plot holes:0.39675
greed:0.3905
not funny:0.38225
entirely dialogue:0.37675
lone hero:0.37675
happy ending:0.365
twist ending:0.3645
organized crime:0.363
bloody:0.36175
survival:0.35875
classic car:0.35575
plot twist:0.35325
stylized:0.3435
cool:0.3335
gangster:0.329
interesting:0.327
dramatic:0.32475
visceral:0.3245
