runaway:0.77425
animals:0.6765
life & death:0.633
original:0.5935
family drama:0.56625
life philosophy:0.54575
family:0.4975
british:0.473
witches:0.44325
sweet:0.4425
scotland:0.438
children:0.42525
culture clash:0.41725
catastrophe:0.4015
cute:0.3935
witch:0.3905
fight scenes:0.39
australia:0.384
mentor:0.38
chase:0.37025
police investigation:0.36925
not funny:0.36575
fantasy world:0.35025
disney:0.35025
classic car:0.34325
great ending:0.34075
happy ending:0.33425
fantasy:0.32925
death:0.32725
story:0.32225
books:0.3165
animation:0.30475
twists & turns:0.303
brutality:0.3025
enigmatic:0.29575
heartwarming:0.294
good:0.292
criterion:0.29025
lone hero:0.2865
classic:0.285
dialogue:0.28325
childhood:0.27375
small town:0.27325
movielens top pick:0.273
adaptation:0.273
light:0.27225
underrated:0.2715
dramatic:0.26575
great:0.2655
talky:0.26475
fun movie:0.257
goofy:0.251
suprisingly clever:0.242
pornography:0.24125
clever:0.23925
immortality:0.23925
based on a play:0.23475
murder:0.23125
storytelling:0.224
narrated:0.22225
dark hero:0.22175
good soundtrack:0.22175
vengeance:0.22125
mad scientist:0.21675
psychiatry:0.2125
sexualized violence:0.21125
entirely dialogue:0.20925
redemption:0.20875
harsh:0.20825
guilt:0.20775
gangsters:0.207
unfunny:0.206
cute!:0.2055
beautiful scenery:0.20525
existentialism:0.203
unlikely friendships:0.19875
sexy:0.19775
macabre:0.1945
first contact:0.19275
weird:0.1905
gangs:0.18875
hunting:0.18775
emotional:0.185
excellent:0.185
friendship:0.18475
predictable:0.18225
fun:0.182
visually appealing:0.182
very funny:0.18125
adapted from:book:0.181
slapstick:0.18
atmospheric:0.179
secrets:0.1785
cult classic:0.177
imdb top 250:0.176
bad plot:0.176
doctors:0.175
nudity (full frontal - brief):0.1745
action packed:0.1735
destiny:0.1735
