space:0.99025
video game:0.98975
space opera:0.98975
scifi:0.9725
space travel:0.95925
science fiction:0.954
sci fi:0.94875
special effects:0.94425
futuristic:0.9215
alien:0.9085
fun movie:0.9025
80s:0.89675
sci-fi:0.89625
mentor:0.89375
graphic design:0.8915
computer game:0.8875
computer animation:0.87675
technology:0.8705
adventure:0.861
kids and family:0.8575
video games:0.85675
aliens:0.8205
good versus evil:0.80275
1980s:0.79225
effects:0.79175
big budget:0.7795
destiny:0.77525
good:0.76225
cool:0.75925
cult film:0.74075
fantasy:0.73375
original:0.7335
childhood:0.73025
first contact:0.7255
visual:0.7155
great:0.7115
fun:0.7065
70mm:0.69725
nasa:0.678
dreams:0.6695
scifi cult:0.666
story:0.66325
cult classic:0.64775
weapons:0.64075
computers:0.636
cgi:0.63175
original plot:0.619
entertaining:0.60725
great movie:0.599
goofy:0.5985
catastrophe:0.59175
fantasy world:0.58675
nostalgia:0.58625
videogame:0.58475
robot:0.582
great ending:0.56775
visually stunning:0.5675
silly:0.5525
chase:0.5475
future:0.5455
natural disaster:0.54275
kids:0.54225
dialogue:0.53575
clones:0.53575
transformation:0.52675
geeks:0.52625
life philosophy:0.52575
light:0.52575
silly fun:0.523
exciting:0.51525
astronauts:0.51425
high fantasy:0.51025
nostalgic:0.50875
underdog:0.506
love story:0.494
cheesy:0.49125
fight scenes:0.48575
happy ending:0.4845
camp:0.469
storytelling:0.4645
time:0.4635
imagination:0.45475
underrated:0.453
small town:0.44975
feel-good:0.445
oscar (best effects - visual effects):0.442
robots:0.432
plot:0.42575
campy:0.4255
good acting:0.42225
redemption:0.42125
desert:0.4195
so bad it's funny:0.41775
visually appealing:0.41625
family:0.4145
cloning:0.4135
action:0.41
oscar winner:0.4085
not funny:0.4085
bullying:0.4025
