lesbian:0.991
women:0.94725
glbt:0.92675
intimate:0.915
love story:0.9085
gay:0.906
good soundtrack:0.89675
girlie movie:0.873
love:0.794
romance:0.738
sexy:0.73425
erotic:0.7275
gay character:0.7255
melancholic:0.71875
pornography:0.6905
divorce:0.68675
romantic:0.67925
passionate:0.66025
based on a book:0.65175
queer:0.634
male nudity:0.63225
very interesting:0.61825
relationships:0.609
sexuality:0.57575
affectionate:0.57475
touching:0.572
sexual:0.55275
original:0.5475
culture clash:0.54125
homophobia:0.53225
underrated:0.5315
sex:0.531
homosexuality:0.52675
beautiful scenery:0.521
san francisco:0.518
nudity (topless - notable):0.50625
feel-good:0.49025
aids:0.4605
life philosophy:0.45775
indie:0.45575
transgender:0.4435
cross dressing:0.43075
loneliness:0.429
entirely dialogue:0.42325
catastrophe:0.4205
bdsm:0.416
runaway:0.40675
nudity (topless):0.4015
mentor:0.401
feel good movie:0.39275
interracial romance:0.391
life & death:0.38875
great ending:0.386
not funny:0.38425
eccentricity:0.38325
sweet:0.3805
dysfunctional family:0.3765
coming-of-age:0.37625
romantic comedy:0.374
literature:0.37025
drinking:0.35375
dialogue:0.35025
suprisingly clever:0.349
great:0.34125
books:0.33725
hotel:0.33125
destiny:0.33075
quirky:0.326
bittersweet:0.325
so bad it's funny:0.3245
artist:0.32325
excellent script:0.32275
depression:0.3225
independent film:0.3205
happy ending:0.31575
unlikely friendships:0.31375
wartime:0.30675
based on book:0.30675
adultery:0.297
pg-13:0.29425
self discovery:0.29125
classic car:0.29075
weird:0.2905
silly fun:0.28725
stereotypes:0.2865
prejudice:0.281
storytelling:0.27925
reality tv:0.27925
narrated:0.26775
writers:0.26625
unfunny:0.26575
poetry:0.2645
movielens top pick:0.264
marriage:0.26225
drama:0.26025
good:0.25725
perfect:0.25375
social commentary:0.2495
police investigation:0.24925
coming of age:0.247
