mutants:0.99875
future:0.99625
super hero:0.99175
superhero:0.991
franchise:0.99025
superheroes:0.98625
based on a comic:0.98075
marvel:0.9755
action:0.96725
super-hero:0.96375
time travel:0.95125
watch the credits:0.946
comic book:0.94375
science fiction:0.93725
based on comic:0.936
pg-13:0.93175
adapted from:comic:0.92975
imdb top 250:0.91625
time loop:0.91475
apocalypse:0.91175
big budget:0.911
comics:0.9075
special effects:0.90275
futuristic:0.8815
teleportation:0.8805
story:0.86775
technology:0.8645
fighting:0.86325
robots:0.8625
visually appealing:0.848
great ending:0.84475
sci-fi:0.84425
giant robots:0.8365
comic book adaption:0.83275
dialogue:0.83025
action packed:0.82925
complex:0.82775
sci fi:0.82475
trilogy:0.81075
plot:0.80975
visually stunning:0.80725
fight scenes:0.80725
dynamic cgi action:0.8005
sequel:0.79675
plot holes:0.79675
fast paced:0.7965
scifi:0.79575
original:0.7895
mentor:0.785
cool:0.778
storytelling:0.7585
ensemble cast:0.75075
alternate universe:0.74975
series:0.74875
weapons:0.741
intense:0.7335
destiny:0.72125
dystopia:0.717
dark hero:0.71225
great:0.70075
genocide:0.6975
alter ego:0.694
script:0.68925
good action:0.671
good:0.67075
mythology:0.6695
visual:0.64025
original plot:0.639
great movie:0.633
cgi:0.6305
good sequel:0.62575
vigilante:0.62175
better than expected:0.6155
post apocalyptic:0.60925
transformation:0.60725
cyborgs:0.60425
redemption:0.5995
vengeance:0.59525
free to download:0.5925
survival:0.592
sequels:0.59025
parallel universe:0.5875
alternate history:0.569
violent:0.567
catastrophe:0.56525
sacrifice:0.55975
anti-hero:0.55375
post-apocalyptic:0.5485
exciting:0.5415
adventure:0.52975
interesting:0.52925
nocturnal:0.5275
betrayal:0.52475
epic:0.52375
nostalgic:0.5195
bad cgi:0.51775
humor:0.51675
robert downey jr:0.5145
revenge:0.51275
suspense:0.5115
