assassination:0.88175
realistic action:0.86
action:0.839
good action:0.8095
assassin:0.73725
fight scenes:0.6765
original:0.64625
mentor:0.59225
assassins:0.5735
martial arts:0.551
death:0.53425
hit men:0.532
treasure hunt:0.531
predictable:0.5195
bad plot:0.44625
life philosophy:0.44375
spying:0.4395
action packed:0.4075
catastrophe:0.39075
so bad it's funny:0.38625
hitman:0.38175
first contact:0.35675
storytelling:0.35
boring:0.3335
computer animation:0.32825
redemption:0.328
enigmatic:0.32625
video game:0.32425
dialogue:0.3165
romance:0.3165
chase:0.3125
great ending:0.29275
espionage:0.2895
vengeance:0.284
surveillance:0.28375
entirely dialogue:0.2805
lone hero:0.27875
melancholic:0.278
conspiracy:0.2615
fast paced:0.25725
based on a book:0.25375
overrated:0.25075
computer game:0.24925
franchise:0.24425
drama:0.243
corruption:0.24125
disaster:0.235
good:0.234
suspense:0.233
writers:0.22875
not funny:0.2235
car chase:0.223
erotic:0.222
betrayal:0.22
runaway:0.21775
london:0.216
thriller:0.21225
bad acting:0.212
revenge:0.2095
complex:0.2065
boring!:0.2065
guilt:0.20575
pornography:0.204
bank robbery:0.20275
adaptation:0.20175
better than expected:0.20125
brutality:0.19975
greed:0.19775
violence:0.19775
too long:0.19725
absurd:0.19325
destiny:0.1925
fun:0.19225
secrets:0.19225
violent:0.1905
gangsters:0.19
entertaining:0.1895
africa:0.1895
allegory:0.18875
natural disaster:0.1885
blindness:0.188
plot holes:0.1875
weapons:0.1855
sexy:0.18325
great:0.1815
based on book:0.18075
spy:0.17975
talky:0.1785
suspenseful:0.17725
intense:0.176
happy ending:0.1755
life & death:0.1745
fbi:0.17425
kick-butt women:0.173
ninja:0.1725
culture clash:0.17225
bad ending:0.17075
pg-13:0.16975
story:0.169
oscar winner:0.16725
