rock and roll:0.99275
musicians:0.9665
biopic:0.9275
intimate:0.90425
biography:0.8855
documentary:0.88225
music:0.87675
drug abuse:0.84475
love:0.822
original:0.813
life:0.81275
narrated:0.80125
artistic:0.80075
life & death:0.7765
good soundtrack:0.75225
intense:0.7495
death:0.741
obsession:0.7395
interesting:0.736
heartbreaking:0.73125
addiction:0.726
childhood:0.72575
drug addiction:0.69875
mental illness:0.68175
hip hop:0.66425
honest:0.65925
melancholic:0.637
very interesting:0.63475
relationships:0.6315
family:0.63
social commentary:0.62725
cheating:0.62025
highly quotable:0.61925
biographical:0.616
awesome soundtrack:0.59575
journalism:0.5915
suicide:0.59
violent:0.58775
vengeance:0.58675
goofy:0.57825
destiny:0.57275
storytelling:0.56875
sexualized violence:0.5675
brutality:0.564
depressing:0.56175
parenthood:0.5535
reflective:0.55225
tragedy:0.552
good:0.551
affectionate:0.54975
macabre:0.54875
passionate:0.544
idealism:0.54275
gory:0.54
mentor:0.54
sad:0.5395
touching:0.5375
artist:0.53625
stylized:0.52775
nudity (full frontal - brief):0.52425
creativity:0.514
great:0.50975
cult classic:0.50825
very funny:0.50025
music business:0.49775
enigmatic:0.48475
corruption:0.48425
internet:0.48175
amazing photography:0.48125
excellent script:0.4795
story:0.47875
great ending:0.4765
art:0.47325
great movie:0.47225
bittersweet:0.467
pornography:0.46675
original plot:0.46025
drugs:0.4585
justice:0.458
good acting:0.4575
good music:0.457
oscar (best directing):0.45325
movielens top pick:0.4465
weird:0.4385
drama:0.436
oscar:0.43325
life philosophy:0.42925
talky:0.4275
adapted from:book:0.426
loneliness:0.425
drinking:0.42425
race issues:0.42325
1980s:0.41675
criterion:0.4135
oscar (best actress):0.41075
catastrophe:0.40975
adolescence:0.4095
underdog:0.40925
visual:0.406
violence:0.404
