kids and family:0.8665
comedy:0.8435
kids:0.81575
original:0.68275
children:0.65675
con men:0.63775
silly fun:0.636
life philosophy:0.63125
mentor:0.5595
great ending:0.55275
goofy:0.55125
fun movie:0.5455
teacher:0.54125
dramatic:0.53475
redemption:0.53075
silly:0.5255
80s:0.519
family:0.50575
unlikely friendships:0.4995
sentimental:0.48675
touching:0.48475
feel-good:0.4835
so bad it's funny:0.48175
great:0.479
predictable:0.47625
school:0.4755
very funny:0.47225
unusual plot structure:0.46625
drama:0.45625
runaway:0.4545
feel good movie:0.44825
friendship:0.444
catastrophe:0.4295
bullying:0.4255
dialogue:0.42
childhood:0.40975
underrated:0.4065
adventure:0.38975
fun:0.38925
dumb but funny:0.386
gangsters:0.38575
life & death:0.38325
brutality:0.378
good soundtrack:0.3665
chase:0.36275
slapstick:0.362
story:0.36075
pornography:0.3605
storytelling:0.352
fight scenes:0.3475
good:0.3455
camp:0.337
destiny:0.33525
nudity (topless - notable):0.3325
funny:0.332
bad plot:0.33175
light:0.32725
melancholic:0.315
alter ego:0.3145
prostitution:0.31375
adaptation:0.30875
humorous:0.3075
hilarious:0.307
special:0.30225
comic:0.29375
classic car:0.29275
criterion:0.291
courtroom:0.28975
unfunny:0.28775
weapons:0.2875
heartwarming:0.28525
first contact:0.28375
overrated:0.283
culture clash:0.28125
fantasy world:0.27725
dysfunctional family:0.27425
lone hero:0.27175
solitude:0.2675
loneliness:0.2675
twists & turns:0.267
crude humor:0.2655
corruption:0.2625
nostalgic:0.26075
police investigation:0.26025
quirky:0.259
adapted from:comic:0.25875
talky:0.258
natural disaster:0.256
inspirational:0.25475
great movie:0.2535
cult film:0.2525
romantic:0.2515
nudity (full frontal - brief):0.2515
entirely dialogue:0.251
single father:0.248
orphans:0.24725
emotional:0.24475
oscar (best directing):0.2445
courage:0.2445
teen movie:0.244
