police investigation:0.95875
nudity (topless - notable):0.94075
detective:0.9295
murder mystery:0.87725
crime:0.798
suspense:0.789
thriller:0.78775
corruption:0.7525
murder:0.7495
plot:0.7305
original:0.692
writers:0.67975
nudity (topless):0.663
big budget:0.64975
investigation:0.64625
horrible:0.64625
catastrophe:0.644
pornography:0.6425
predictable:0.639
chase:0.63225
mystery:0.629
great ending:0.625
dialogue:0.61575
suspenseful:0.6145
very interesting:0.61375
silly:0.61325
underrated:0.611
comedy:0.608
plot twist:0.6045
twists & turns:0.59525
serial killer:0.5875
complex:0.579
bad acting:0.57875
farce:0.57725
weird:0.5745
psychological:0.56675
good:0.56475
storytelling:0.56025
great acting:0.5585
pg-13:0.5535
twist:0.548
absurd:0.54675
mentor:0.54525
clever:0.54275
quirky:0.53675
drama:0.535
nudity (rear):0.528
notable nudity:0.5235
natural disaster:0.51725
erotic:0.51275
fantasy:0.50825
nudity (full frontal - notable):0.50325
story:0.49275
sexy:0.4875
bad ending:0.48075
first contact:0.478
bad plot:0.478
police:0.47425
greed:0.4725
fight scenes:0.47075
script:0.469
interesting:0.46825
destiny:0.46575
new york city:0.464
great:0.4535
fantasy world:0.45275
plot holes:0.4465
manipulation:0.4445
police corruption:0.44075
relationships:0.43925
life philosophy:0.439
sci fi:0.43825
slapstick:0.4375
twist ending:0.436
bad:0.42975
romantic:0.42475
adaptation:0.422
unfunny:0.42025
light:0.41925
unusual plot structure:0.41275
bad script:0.40975
identity:0.40875
kidnapping:0.40875
idiotic:0.40375
fun movie:0.403
good soundtrack:0.40225
cheating:0.40225
nudity (full frontal - brief):0.39825
so bad it's funny:0.396
family:0.388
internet:0.38675
buddy movie:0.37525
cerebral:0.3735
melancholic:0.37275
caper:0.36525
vengeance:0.3635
surveillance:0.36025
betrayal:0.36
obsession:0.3595
brutality:0.3585
