technology:0.991
cyberpunk:0.98925
video game:0.989
computer animation:0.98175
computer game:0.98125
alone in the world:0.97925
70mm:0.97375
futuristic:0.969
sci-fi:0.96825
science fiction:0.965
computers:0.96375
sci fi:0.962
visual:0.9585
virtual reality:0.9375
visually stunning:0.93625
scifi:0.92675
special effects:0.92375
alternate reality:0.89
fantasy:0.89
video games:0.88525
fantasy world:0.869
future:0.86225
hackers:0.85825
adventure:0.8485
original:0.836
cgi:0.83225
good versus evil:0.8205
imagination:0.8175
dystopia:0.79125
allegory:0.7875
effects:0.7795
internet:0.77175
original plot:0.76125
videogame:0.74275
mythology:0.728
first contact:0.7265
graphic design:0.726
geeks:0.7235
existentialism:0.71825
visually appealing:0.71025
story:0.708
visuals:0.7005
mentor:0.6955
cool:0.68925
dystopic future:0.6855
hacking:0.67025
geek:0.6425
cerebral:0.63975
plot holes:0.63875
creativity:0.6195
80s:0.61825
good:0.6175
1980s:0.6015
dialogue:0.5945
animation:0.59275
whimsical:0.58725
transformation:0.585
great ending:0.58225
artificial intelligence:0.578
storytelling:0.575
cult classic:0.57325
high fantasy:0.56475
nostalgic:0.563
fun movie:0.5625
stunning:0.554
end of the world:0.55
life & death:0.5445
wizards:0.54
good soundtrack:0.53575
action:0.533
chase:0.52875
greed:0.52825
dynamic cgi action:0.52775
catastrophe:0.52175
weapons:0.5185
video game adaptation:0.51825
complex:0.51475
distopia:0.51325
light:0.5105
stylized:0.507
scifi cult:0.5045
underrated:0.48925
life philosophy:0.488
great:0.48675
time:0.48425
humanity:0.4775
very interesting:0.47275
space:0.466
natural disaster:0.46475
racing:0.45525
clones:0.45425
philosophy:0.45075
special:0.4485
childhood:0.4485
fairy tale:0.448
memory:0.4335
big budget:0.43325
interesting:0.4265
paranoid:0.42625
sacrifice:0.424
