based on a true story:0.97075
true story:0.9685
based on a book:0.95825
based on book:0.946
nudity (topless - brief):0.8745
eccentricity:0.87125
biography:0.8685
based on true story:0.854
story:0.83775
corruption:0.83525
con artists:0.821
intense:0.8195
original:0.81825
storytelling:0.796
suspense:0.796
manipulation:0.79175
greed:0.78725
interesting:0.75625
biopic:0.74675
adapted from:book:0.74675
drama:0.7445
mentor:0.74075
twists & turns:0.739
dramatic:0.72825
1970s:0.72125
destiny:0.69775
very interesting:0.68825
adaptation:0.678
crime:0.66875
visually appealing:0.65375
runaway:0.64325
books:0.64125
biographical:0.639
great ending:0.636
psychological:0.63
enigmatic:0.62775
obsession:0.62575
secrets:0.62025
complex:0.614
entertaining:0.60775
gay:0.606
con men:0.59775
paranoia:0.592
writing:0.588
good soundtrack:0.5835
great movie:0.58225
great acting:0.5775
pg-13:0.5755
psychology:0.566
conspiracy:0.55825
factual:0.55675
cerebral:0.55275
talky:0.5455
writers:0.54325
great:0.53925
mental illness:0.5365
good:0.5335
paranoid:0.53
cinematography:0.52775
justice:0.5275
betrayal:0.51875
clever:0.51875
excellent script:0.509
social commentary:0.50675
secret service:0.5065
narrated:0.50025
friendship:0.49825
excellent:0.4975
dialogue:0.4935
oscar (best directing):0.49225
quirky:0.49175
tense:0.4885
gangsters:0.4865
redemption:0.48275
life philosophy:0.48175
unlikely friendships:0.4755
thought-provoking:0.47275
book:0.472
brutality:0.4555
very good:0.4555
fighting the system:0.45
life:0.4495
character study:0.44125
first contact:0.44
feel-good:0.4395
fantasy world:0.439
fantasy:0.43775
criterion:0.4295
crime gone awry:0.4255
book was better:0.4205
moral ambiguity:0.419
oscar (best supporting actress):0.41675
las vegas:0.41075
good acting:0.4105
death:0.41
murder:0.40925
caper:0.40725
catastrophe:0.40525
imagination:0.403
exceptional acting:0.40025
