weird:0.871
good soundtrack:0.78375
amazing photography:0.742
surreal:0.71175
original:0.704
existentialism:0.67425
independent film:0.67
life philosophy:0.6595
cinematography:0.64025
cult film:0.637
loneliness:0.6135
visually appealing:0.60675
melancholic:0.60425
hotel:0.5995
storytelling:0.5755
art house:0.57325
special:0.5695
dialogue:0.54675
mental illness:0.52925
enigmatic:0.528
pretentious:0.526
quirky:0.50975
entirely dialogue:0.4935
dreamlike:0.479
pointless:0.478
cerebral:0.47
mindfuck:0.468
boring!:0.46175
very interesting:0.45425
drama:0.45375
great ending:0.44675
off-beat comedy:0.44325
alternate reality:0.43625
narrated:0.43475
visual:0.4335
visually stunning:0.42875
twists & turns:0.4265
suicide:0.425
strange:0.42225
queer:0.418
surrealism:0.41725
complex:0.4165
bizarre:0.40975
pornography:0.401
story:0.39625
redemption:0.39325
catastrophe:0.38475
art:0.38325
psychological:0.38
death:0.375
mentor:0.37375
life & death:0.372
writers:0.3715
solitude:0.36825
stylized:0.3575
absurd:0.35375
nudity (full frontal - notable):0.35275
exceptional acting:0.35175
overrated:0.3465
detective:0.345
reflective:0.34125
artsy:0.33625
intellectual:0.33625
not funny:0.32525
crazy:0.325
social commentary:0.32475
creativity:0.32475
greed:0.3235
artistic:0.32125
adaptation:0.3185
lynch:0.31725
eccentricity:0.31025
slow:0.30825
talky:0.3045
criterion:0.304
fantasy world:0.30175
road movie:0.30175
love story:0.3005
depression:0.30025
insanity:0.29875
dysfunctional family:0.29525
great acting:0.29075
first contact:0.288
boring:0.28675
brutality:0.28575
los angeles:0.28375
predictable:0.28275
parallel universe:0.28225
nocturnal:0.282
great:0.28025
allegory:0.28
murder mystery:0.2795
crime gone awry:0.276
psychology:0.2745
so bad it's funny:0.27425
non-linear:0.27225
visuals:0.269
great cinematography:0.26875
sexualized violence:0.2685
obsession:0.26675
