halloween:0.9985
slasher:0.998
franchise:0.9955
horror:0.9775
teens:0.97175
reality tv:0.9575
serial killer:0.95175
original:0.81175
predictable:0.80875
murder:0.8005
pointless:0.7385
crappy sequel:0.7365
scary:0.725
idiotic:0.6905
bad plot:0.67375
teen movie:0.64525
internet:0.62975
bad acting:0.6165
great ending:0.61175
sequel:0.58975
horrible:0.57825
stupid:0.5765
based on a tv show:0.54575
series:0.51825
sequels:0.50125
lame:0.49625
suspense:0.4905
brutality:0.49025
dialogue:0.47525
good sequel:0.46275
overrated:0.46025
suspenseful:0.4435
writers:0.439
fantasy world:0.43275
mentor:0.4195
remake:0.4145
death:0.40725
catastrophe:0.4
stupid as hell:0.3995
bloody:0.39475
supernatural:0.39425
pornography:0.394
not funny:0.389
first contact:0.3865
plot holes:0.3835
destiny:0.3815
bad:0.37575
fight scenes:0.37525
teen:0.374
shallow:0.37275
camp:0.37275
adaptation:0.3715
nudity (topless):0.37125
family:0.37125
disaster:0.36875
good soundtrack:0.35675
vengeance:0.35225
silly:0.35175
slapstick:0.34775
so bad it's funny:0.345
entirely dialogue:0.34225
blood:0.34175
torture:0.33725
weapons:0.33625
storytelling:0.33475
childhood:0.32125
redemption:0.31875
splatter:0.312
sci fi:0.31025
violence:0.30875
technology:0.3085
stereotypes:0.307
revenge:0.30675
stupidity:0.30375
nocturnal:0.3015
fun movie:0.301
powerful ending:0.29975
silly fun:0.2965
creativity:0.29575
quirky:0.29475
kung fu:0.2915
boring:0.29075
demons:0.28575
haunted house:0.28475
campy:0.282
pg-13:0.28
action:0.279
nudity (full frontal - brief):0.2775
gory:0.276
chase:0.276
witch:0.27475
clever:0.27275
big budget:0.269
dreamlike:0.26775
life philosophy:0.2655
cult film:0.26375
natural disaster:0.262
lone hero:0.26175
crude humor:0.26025
alternate endings:0.25875
