holocaust:0.95475
death:0.9265
free speech:0.85
documentary:0.84225
visually appealing:0.8285
death penalty:0.824
jews:0.793
very interesting:0.7695
criterion:0.75925
disturbing:0.75475
poland:0.73825
life & death:0.73675
moral ambiguity:0.7205
talky:0.71125
original:0.709
interesting:0.676
greed:0.66275
genocide:0.657
tragedy:0.65075
censorship:0.64625
factual:0.64075
corruption:0.6335
canada:0.6315
capitalism:0.61975
narrated:0.61275
social commentary:0.604
investigation:0.58975
enigmatic:0.58925
politics:0.58475
anti-semitism:0.5675
political:0.56325
obsession:0.55775
compassionate:0.54125
meditative:0.54
pornography:0.538
suprisingly clever:0.51975
assassination:0.49675
intimate:0.49425
light:0.47525
unusual plot structure:0.47025
eccentricity:0.4675
weird:0.46725
grim:0.46725
runaway:0.465
great ending:0.46325
controversial:0.46125
intellectual:0.45925
life philosophy:0.45775
psychological:0.44675
culture clash:0.445
melancholic:0.44225
harsh:0.441
guilt:0.43725
oscar (best actress):0.43425
manipulation:0.4225
morality:0.42025
humanity:0.42025
catastrophe:0.41375
quirky:0.41175
prison:0.40925
complex:0.40825
technology:0.406
storytelling:0.40325
secrets:0.40225
police investigation:0.38525
amazing photography:0.382
psychology:0.37675
identity:0.37575
murder:0.37475
adaptation:0.3745
black and white:0.36975
judaism:0.36675
brutality:0.365
movielens top pick:0.365
honest:0.36
biography:0.3595
nazis:0.35475
mentor:0.354
black comedy:0.35
reflective:0.348
dramatic:0.34775
cerebral:0.3475
business:0.3475
camp:0.347
justice:0.346
loneliness:0.34575
freedom:0.3435
betrayal:0.3415
not funny:0.33825
great:0.3345
adapted from:book:0.3305
absurd:0.3285
dialogue:0.32825
self discovery:0.326
witty:0.3255
good soundtrack:0.3245
golden palm:0.3245
artistic:0.324
earnest:0.32325
twists & turns:0.322
