enigmatic:0.952
psychological:0.944
police investigation:0.93025
weird:0.92925
surreal:0.92175
serial killer:0.9165
meditative:0.8795
dreamlike:0.8595
insanity:0.85675
tense:0.843
japan:0.83575
criterion:0.83275
creepy:0.82125
dark:0.819
art house:0.8165
visceral:0.811
tokyo:0.805
disturbing:0.8045
atmospheric:0.79925
cerebral:0.7845
kurosawa:0.76875
detective:0.755
lynch:0.73075
original:0.7175
bleak:0.70325
identity:0.68225
obsession:0.6775
japanese:0.66275
mental illness:0.64975
murder mystery:0.641
brutality:0.63725
mystery:0.634
eerie:0.628
grindhouse:0.6215
surrealism:0.6195
allegory:0.61625
paranoid:0.61025
guilt:0.60575
horror:0.60375
investigation:0.6005
confusing:0.5975
psychology:0.58475
complex:0.5805
strange:0.56975
imagination:0.5665
melancholic:0.5635
very interesting:0.54125
cinematography:0.53925
moody:0.53475
grim:0.5235
existentialism:0.52225
gory:0.5215
gruesome:0.5215
mindfuck:0.5155
suspenseful:0.51475
stylized:0.51375
nudity (full frontal - notable):0.5065
claustrophobic:0.50525
slow paced:0.504
macabre:0.496
nonlinear:0.48975
hallucinatory:0.48975
downbeat:0.48625
unusual plot structure:0.4825
cult film:0.47775
ominous:0.47
nocturnal:0.463
intimate:0.45125
golden palm:0.4435
twists & turns:0.443
supernatural:0.442
twist ending:0.44025
paranoia:0.43775
loneliness:0.42975
great ending:0.42475
pornography:0.41775
splatter:0.4125
masterpiece:0.41125
secrets:0.4105
storytelling:0.40825
demons:0.4075
reflective:0.4025
dialogue:0.401
thriller:0.3995
life philosophy:0.392
catastrophe:0.3875
dark humor:0.38325
dreams:0.38125
mentor:0.37375
melancholy:0.37125
cult classic:0.37
entirely dialogue:0.36775
justice:0.367
great acting:0.361
creativity:0.36
suspense:0.35275
not funny:0.35275
amnesia:0.34925
cult:0.345
surveillance:0.343
