oscar (best supporting actor):0.95025
comedy:0.8485
original:0.759
drama:0.7505
story:0.69425
biopic:0.6745
buddy movie:0.6315
life & death:0.6135
mentor:0.6115
jewish:0.60725
storytelling:0.59375
great:0.55975
bittersweet:0.55575
very funny:0.545
new jersey:0.52825
family:0.52775
sentimental:0.5165
funny:0.5005
great ending:0.49575
brothers:0.49225
dialogue:0.4905
touching:0.47975
comic:0.462
predictable:0.4565
biography:0.45575
dramatic:0.44125
great movie:0.42775
writers:0.422
saturday night live:0.40725
melancholic:0.40625
true story:0.402
adaptation:0.39925
humorous:0.39875
goofy:0.39475
feel-good:0.39225
directorial debut:0.39225
brutality:0.38725
unfunny:0.38075
road movie:0.37325
fantasy world:0.3675
life:0.36425
suprisingly clever:0.36075
overrated:0.358
gangsters:0.358
catastrophe:0.35775
runaway:0.3565
feel good movie:0.355
relationships:0.353
great acting:0.35225
childhood:0.35075
poignant:0.35025
life philosophy:0.3495
destiny:0.349
bad plot:0.34775
stand-up comedy:0.3435
adapted from:book:0.327
quirky:0.3265
farce:0.32625
first contact:0.3255
oscar:0.3255
unlikely friendships:0.325
oscar winner:0.325
unusual plot structure:0.32375
good soundtrack:0.31375
nudity (full frontal - brief):0.3125
redemption:0.312
complex:0.308
imdb top 250:0.30725
police investigation:0.30475
light:0.304
absurd:0.30225
pornography:0.30175
love story:0.30075
cerebral:0.29675
cinematography:0.2935
criterion:0.29325
entirely dialogue:0.2885
fun:0.28825
intense:0.2865
cult classic:0.285
excellent script:0.28375
loneliness:0.282
slapstick:0.278
courage:0.27675
exceptional acting:0.26925
funny as hell:0.26525
talky:0.26475
culture clash:0.26275
humor:0.2625
oscar (best supporting actress):0.2625
good:0.2585
solitude:0.2585
transformation:0.25425
whimsical:0.25325
jews:0.253
lone hero:0.251
very interesting:0.251
nocturnal:0.2495
twists & turns:0.249
ethnic conflict:0.249
