horror:0.99175
creepy:0.991
psychological:0.98125
dark:0.959
psychology:0.956
scary:0.9525
great ending:0.90425
supernatural:0.89925
suspense:0.88125
insanity:0.88
tense:0.86
ominous:0.85975
original:0.84525
eerie:0.8225
atmospheric:0.81825
twist ending:0.81325
mental hospital:0.80675
claustrophobic:0.80525
weird:0.7975
disturbing:0.77625
suspenseful:0.77525
frightening:0.769
surprise ending:0.7585
serial killer:0.73125
demons:0.72025
slow paced:0.71325
cult classic:0.713
twists & turns:0.69625
ghosts:0.68175
powerful ending:0.6815
low budget:0.67375
hospital:0.672
mystery:0.6675
bad ending:0.658
twist:0.657
macabre:0.63325
intense:0.62625
gory:0.62275
cinematography:0.60125
dialogue:0.584
violence:0.5765
splatter:0.57375
thriller:0.568
storytelling:0.561
mental illness:0.56025
paranoia:0.55725
story:0.55625
nocturnal:0.5525
secrets:0.5495
blood:0.546
clever:0.5405
visceral:0.54025
good soundtrack:0.54
alternate endings:0.53625
violent:0.53175
complex:0.53025
enigmatic:0.5205
moody:0.50475
brutality:0.503
haunted house:0.495
social commentary:0.49175
good acting:0.48525
great movie:0.484
plot twist:0.48
pointless:0.479
great:0.4765
police investigation:0.4715
good:0.46725
grim:0.46625
interesting:0.46475
cult film:0.46075
obsession:0.458
sexualized violence:0.45775
paranoid:0.453
stylized:0.452
bleak:0.45025
effects:0.4455
light:0.4445
excellent:0.44225
cerebral:0.442
catastrophe:0.44175
murder:0.4395
slow:0.4335
underrated:0.43025
witches:0.424
stylish:0.4185
revenge:0.4185
grindhouse:0.41775
doctors:0.40325
transformation:0.39975
adaptation:0.39575
visually appealing:0.39525
confusing:0.39025
strange:0.38875
original plot:0.38875
mentor:0.388
harsh:0.3865
dark fantasy:0.38575
criterion:0.385
creativity:0.383
