rock and roll:0.9925
music:0.96125
musicians:0.94125
punk:0.9185
documentary:0.88525
musical:0.8365
good soundtrack:0.808
cult classic:0.79925
original:0.7865
kids and family:0.78
harsh:0.7695
1980s:0.72625
hip hop:0.69525
80s:0.69025
artist:0.67525
golden palm:0.67175
finnish:0.66175
criterion:0.65975
artistic:0.6505
awesome soundtrack:0.641
great:0.6365
great music:0.63525
cool:0.632
heartbreaking:0.62625
good:0.61925
sexualized violence:0.61225
allegory:0.60075
downbeat:0.57875
creativity:0.574
good music:0.57025
melancholic:0.5365
so bad it's funny:0.52675
runaway:0.5255
brutality:0.513
voodoo:0.51125
redemption:0.51025
nudity (full frontal - brief):0.50875
life & death:0.5055
dialogue:0.49525
stylized:0.489
very good:0.4885
eccentricity:0.4865
great soundtrack:0.4835
colourful:0.48325
pornography:0.48025
great ending:0.48
highly quotable:0.478
gangs:0.4755
melancholy:0.469
great movie:0.4665
family drama:0.4565
intense:0.45075
fun:0.449
police:0.44875
weird:0.447
exceptional acting:0.43775
vengeance:0.43275
death:0.42975
computer animation:0.4265
catastrophe:0.42575
biography:0.42225
enormously long battle scene:0.41025
amazing photography:0.4055
kick-butt women:0.4
suprisingly clever:0.39975
self discovery:0.39325
music business:0.39225
culture clash:0.392
visceral:0.384
storytelling:0.38275
intimate:0.379
light:0.37825
excellent:0.377
passionate:0.37575
quirky:0.37025
fun movie:0.368
sad:0.36625
very interesting:0.365
honest:0.36475
camp:0.36275
realistic:0.36
nostalgic:0.3595
1970s:0.35675
splatter:0.35675
propaganda:0.35425
police investigation:0.35075
queer:0.35025
biopic:0.3485
life philosophy:0.34825
not funny:0.34575
kids:0.34425
poignant:0.343
nocturnal:0.3395
cult film:0.33875
california:0.33875
mad scientist:0.3375
survival:0.33675
breathtaking:0.33325
unlikely friendships:0.329
beautifully filmed:0.32325
