horror:0.99875
slasher:0.934
franchise:0.8815
splatter:0.87475
goofy:0.8525
stupid as hell:0.8275
monster:0.808
demons:0.795
werewolves:0.787
scary:0.77
original:0.75125
predictable:0.73525
halloween:0.7255
silly:0.71125
pornography:0.711
cult film:0.70275
teens:0.6685
campy:0.62325
silly fun:0.61725
dialogue:0.601
monsters:0.59625
brutality:0.56825
violence:0.54225
so bad it's funny:0.536
bad plot:0.52225
mentor:0.513
special effects:0.5035
comedy:0.49775
mad scientist:0.49025
cult:0.486
zombie:0.483
cult classic:0.48
family:0.47025
great ending:0.46475
gory:0.4635
overrated:0.45525
teen movie:0.451
grindhouse:0.449
supernatural:0.44175
gore:0.4415
goretastic:0.44025
nudity (topless):0.4325
entirely dialogue:0.4305
sexualized violence:0.42925
80s:0.424
camp:0.4135
blood:0.409
nudity (full frontal - brief):0.403
chase:0.40025
effects:0.399
parody:0.398
murder:0.39275
catastrophe:0.3915
fantasy world:0.3905
fun movie:0.39025
writers:0.3885
pointless:0.3855
series:0.38
irish:0.37975
fight scenes:0.3795
first contact:0.37725
slapstick:0.37575
stupid:0.375
bloody:0.363
weapons:0.36025
quirky:0.355
redemption:0.34825
crappy sequel:0.346
creepy:0.34225
gruesome:0.341
suspense:0.33675
torture:0.33525
lone hero:0.334
adaptation:0.3275
runaway:0.323
dumb but funny:0.3215
hospital:0.31975
not funny:0.3175
good action:0.31675
humorous:0.31375
storytelling:0.3115
fantasy:0.3115
nudity (topless - notable):0.31075
multiple storylines:0.30875
unusual plot structure:0.30725
adapted from:comic:0.3055
good soundtrack:0.305
spiders:0.30375
vengeance:0.30225
betrayal:0.30125
destiny:0.2995
teen:0.2995
pulp:0.299
gangsters:0.2925
transformation:0.292
sequels:0.289
story:0.28675
life philosophy:0.2865
crude humor:0.2845
sci fi:0.28325
