criterion:0.9905
intimate:0.987
reflective:0.94575
existentialism:0.93925
melancholic:0.9155
cancer:0.91375
meditative:0.90525
melancholy:0.895
black and white:0.876
stylized:0.865
paris:0.83375
golden palm:0.82925
enigmatic:0.81575
bleak:0.804
affectionate:0.80275
downbeat:0.80275
death:0.79575
loneliness:0.7805
artistic:0.77325
harsh:0.75675
talky:0.7565
nocturnal:0.70475
art:0.69475
oscar (best foreign language film):0.657
poignant:0.64175
life & death:0.63475
artist:0.6325
original:0.6275
art house:0.62075
french:0.61625
bittersweet:0.60925
dreamlike:0.606
lyrical:0.571
surveillance:0.569
cinematography:0.5665
life:0.564
weird:0.555
breathtaking:0.554
suprisingly clever:0.54075
cerebral:0.5355
atmospheric:0.52075
life philosophy:0.51725
good music:0.5155
free to download:0.51
beautifully filmed:0.5075
social commentary:0.49975
artsy:0.49425
disturbing:0.4915
passionate:0.4825
good soundtrack:0.4815
masterpiece:0.4755
narrated:0.46975
grim:0.46725
solitude:0.462
runaway:0.44775
honest:0.44725
tokyo:0.444
hospital:0.436
perfect:0.434
earnest:0.42525
character study:0.4225
compassionate:0.4195
paranoia:0.417
redemption:0.416
storytelling:0.4145
foreign:0.41125
childhood:0.40225
light:0.40175
male nudity:0.401
relationships:0.399
visually appealing:0.3975
forceful:0.39575
culture clash:0.3955
catastrophe:0.39275
entirely dialogue:0.3845
very interesting:0.38025
great ending:0.3795
eerie:0.37875
visceral:0.37525
destiny:0.36775
suicide attempt:0.3535
pornography:0.3535
mentor:0.34675
self discovery:0.34425
brutality:0.34325
poetry:0.34125
swedish:0.3365
cynical:0.33525
ironic:0.331
photography:0.3305
indie:0.329
macabre:0.32775
dialogue:0.32475
moody:0.323
women:0.32025
road movie:0.31825
philosophical:0.31775
wistful:0.3175
new jersey:0.30975
crime gone awry:0.305
