anime:0.97125
steampunk:0.9535
cyberpunk:0.949
visually stunning:0.925
visual:0.8935
storytelling:0.88525
animation:0.8815
weapons:0.8735
original:0.8505
futuristic:0.84775
fantasy world:0.83925
alternate history:0.83625
stunning:0.818
japan:0.81
visually appealing:0.80725
animated:0.79275
computer animation:0.78025
adventure:0.77275
story:0.76875
tokyo:0.74325
imagination:0.72725
weird:0.72425
giant robots:0.702
complex:0.69725
japanese:0.67875
betrayal:0.67675
violent:0.6715
alternate reality:0.66375
visuals:0.65625
colourful:0.6355
brutality:0.63425
plot:0.61275
england:0.611
sci fi:0.611
animal movie:0.60975
dark:0.6095
action:0.6065
sci-fi:0.6025
good soundtrack:0.59775
technology:0.58625
london:0.58375
fast paced:0.58125
social commentary:0.572
transformation:0.56975
dialogue:0.5675
mad scientist:0.55375
scifi:0.5525
fantasy:0.55
stylized:0.549
great ending:0.53825
harsh:0.538
science fiction:0.534
catastrophe:0.529
nocturnal:0.525
interesting:0.52475
great movie:0.523
animals:0.52125
chase:0.51
science:0.50925
political corruption:0.50025
dark hero:0.49875
dreamlike:0.4935
fight scenes:0.4905
masterpiece:0.48225
great:0.478
good:0.47525
corruption:0.475
big budget:0.4635
culture clash:0.4595
secrets:0.458
melancholic:0.45575
dragons:0.4515
allegory:0.44875
vengeance:0.447
pg-13:0.44525
underrated:0.444
superheroes:0.43875
redemption:0.4375
environmental:0.434
breathtaking:0.43175
shallow:0.43175
mentor:0.427
visceral:0.4255
sexualized violence:0.42275
talky:0.42225
clever:0.41975
crude humor:0.41825
greed:0.4105
police investigation:0.4025
stereotypes:0.40075
runaway:0.39925
violence:0.398
atmospheric:0.394
beautiful:0.39375
creativity:0.39375
surreal:0.39325
passionate:0.3875
pulp:0.386
19th century:0.386
miyazaki:0.385
