creepy:0.967
horror:0.9465
tense:0.86625
handycam:0.863
suspenseful:0.823
splatter:0.80425
suspense:0.76625
claustrophobic:0.763
ominous:0.753
liv tyler:0.73175
scary:0.73125
original:0.72625
supernatural:0.65975
murder:0.62975
brutality:0.608
weird:0.60225
violence:0.593
slasher:0.59275
blood:0.592
idiotic:0.57475
predictable:0.57
intense:0.56825
pointless:0.568
torture:0.554
great ending:0.5525
bad ending:0.5505
gory:0.539
psychological:0.50975
grindhouse:0.465
stupid:0.46125
thriller:0.456
disturbing:0.43925
catastrophe:0.4355
cult film:0.43025
serial killer:0.424
so bad it's funny:0.42125
twist:0.41725
twist ending:0.41475
bloody:0.4125
runaway:0.4125
pornography:0.4055
atmospheric:0.402
frightening:0.402
mentor:0.40125
survival:0.4005
low budget:0.39825
weapons:0.3935
gratuitous violence:0.38925
good soundtrack:0.3825
better than expected:0.37
gore:0.3695
interesting:0.36725
stupidity:0.36375
dialogue:0.36125
macabre:0.36075
not funny:0.35725
storytelling:0.35375
visceral:0.34825
isolation:0.34475
twists & turns:0.34425
pg-13:0.34425
plot holes:0.339
zombie:0.33775
cult classic:0.33375
first contact:0.332
death:0.32875
horrible:0.3275
eerie:0.32675
underrated:0.32525
chase:0.32475
violent:0.3235
paranoid:0.3235
police investigation:0.3215
social commentary:0.31625
plot:0.31475
true story:0.30875
transformation:0.30825
demons:0.3045
haunted house:0.304
apocalypse:0.303
good acting:0.295
overrated:0.2915
teen movie:0.28975
goretastic:0.28925
revenge:0.288
effects:0.28525
writers:0.285
ghosts:0.2845
based on true story:0.28325
insanity:0.28225
life philosophy:0.28025
nudity (topless - notable):0.28025
clever:0.2795
road movie:0.27925
good:0.27475
boring:0.27225
psychology:0.2705
story:0.26875
gruesome:0.268
sexualized violence:0.2665
