single father:0.97575
kids and family:0.7855
kids:0.7675
happy ending:0.754
feel-good:0.7115
children:0.694
prostitution:0.6935
family:0.6855
childhood:0.6635
comedy:0.6555
original:0.609
family drama:0.59875
feel good movie:0.59375
catastrophe:0.569
predictable:0.562
cute!:0.53275
mentor:0.52575
romantic comedy:0.5155
sexy:0.51525
girlie movie:0.49275
destiny:0.49275
internet:0.484
teen movie:0.47625
runaway:0.47625
great:0.47075
good:0.457
good romantic comedies:0.45575
fantasy:0.44925
fun movie:0.43675
entertaining:0.43225
romantic:0.43075
story:0.41975
bad plot:0.41325
so bad it's funny:0.3955
light:0.37525
great ending:0.37175
no plot:0.37075
cute:0.36675
nudity (topless - notable):0.355
pg-13:0.34775
adolescence:0.338
first contact:0.33575
horrible:0.32675
teen:0.3265
small town:0.3205
fun:0.32025
life philosophy:0.32025
funny:0.318
greed:0.318
culture clash:0.314
chase:0.3125
very funny:0.31075
unfunny:0.30225
dialogue:0.29925
not funny:0.296
natural disaster:0.2955
sentimental:0.2875
money:0.28725
heartwarming:0.286
storytelling:0.28525
bad:0.2845
good soundtrack:0.281
teacher:0.278
vengeance:0.27775
nudity (full frontal - brief):0.2775
adaptation:0.2775
pornography:0.27525
overrated:0.2745
lone hero:0.26775
great acting:0.2635
fight scenes:0.262
fantasy world:0.25925
police investigation:0.25825
dysfunctional family:0.25675
silly:0.256
love story:0.25475
drama:0.252
school:0.251
good action:0.24825
brutality:0.248
oscar (best directing):0.2465
big budget:0.24475
teens:0.24225
gangsters:0.24175
nocturnal:0.2405
silly fun:0.23975
unlikely friendships:0.2395
bad script:0.2335
divorce:0.231
stereotypes:0.23075
nostalgic:0.2305
clever:0.22825
redemption:0.227
shallow:0.22575
unusual plot structure:0.22175
oscar (best effects - visual effects):0.2215
oscar:0.22075
brothers:0.217
criterion:0.2165
sweet:0.2165
