christmas:0.99825
holiday:0.99775
classic:0.9805
single father:0.915
children:0.89575
childhood:0.8555
heartwarming:0.8495
sentimental:0.78075
oscar winner:0.755
new york:0.7545
lawyer:0.74525
good:0.737
courtroom:0.736
feel-good:0.73475
original:0.733
idealism:0.7315
story:0.73025
oscar (best picture):0.72
sweet:0.7155
family:0.694
runaway:0.69075
oscar (best actress):0.684
fun movie:0.66775
oscar (best directing):0.66275
mentor:0.65225
great:0.64775
divorce:0.6285
sappy:0.62775
imagination:0.61725
great movie:0.617
oscar:0.61575
feel good movie:0.60575
fairy tale:0.60525
great ending:0.58975
whimsical:0.58675
nostalgic:0.5865
happy ending:0.5865
romantic:0.584
destiny:0.5795
touching:0.578
lawyers:0.57625
chase:0.5755
court:0.573
oscar (best supporting actress):0.57275
love story:0.57025
courage:0.5535
black and white:0.54525
greed:0.5415
good acting:0.54125
oscar (best supporting actor):0.54075
beautiful scenery:0.532
cute:0.528
excellent:0.52225
light:0.51425
fairy tales:0.51225
fantasy:0.5065
dramatic:0.505
earnest:0.50025
suprisingly clever:0.492
new york city:0.48525
sacrifice:0.484
catastrophe:0.4745
drama:0.4735
clever:0.455
culture clash:0.4515
imdb top 250:0.4355
simple:0.4205
unusual plot structure:0.41025
girlie movie:0.40775
police investigation:0.3995
romance:0.3975
corruption:0.39075
dialogue:0.38725
kids and family:0.3865
kids:0.38575
very good:0.379
great acting:0.3765
toys:0.3765
fantasy world:0.37425
unlikely friendships:0.365
brainwashing:0.3595
fun:0.359
suspense:0.358
secrets:0.35725
original plot:0.3565
magic:0.356
perfect:0.3555
first contact:0.354
courtroom drama:0.353
oscar (best cinematography):0.346
transformation:0.34475
period piece:0.34425
witty:0.34025
love:0.3355
interesting:0.3355
oscar (best actor):0.3355
based on true story:0.33475
switching places:0.33475
psychiatrist:0.328
cute!:0.32725
