sports:0.9925
disability:0.98925
spelling bee:0.98925
documentary:0.94775
olympics:0.89325
intimate:0.88925
canada:0.873
inspirational:0.86725
original:0.81325
inspiring:0.766
great movie:0.7495
mentor:0.7465
life philosophy:0.746
best of 2005:0.731
great:0.71175
brutality:0.711
interesting:0.7075
honest:0.668
friendship:0.668
intense:0.66725
good:0.66425
drinking:0.65825
life:0.652
very interesting:0.64925
courage:0.64075
good soundtrack:0.6375
social commentary:0.63275
pg-13:0.63025
competition:0.62925
storytelling:0.6285
poignant:0.6085
violent:0.60025
corruption:0.59625
movielens top pick:0.59625
feel-good:0.59575
drama:0.5925
pornography:0.583
reality tv:0.58175
oscar (best directing):0.57775
relationships:0.57375
stereotypes:0.571
light:0.57
redemption:0.5665
destiny:0.54475
tragedy:0.54125
california:0.534
multiple storylines:0.531
touching:0.523
awesome soundtrack:0.5225
runaway:0.5205
passionate:0.51875
greed:0.51875
great ending:0.51325
dark hero:0.5115
betrayal:0.5115
sexualized violence:0.511
manipulation:0.509
great soundtrack:0.5065
heartwarming:0.50525
heartbreaking:0.5025
grindhouse:0.49425
life & death:0.492
cool:0.48975
feel good movie:0.4845
obsession:0.4835
story:0.47975
highly quotable:0.474
transformation:0.4725
justice:0.47225
violence:0.46625
emotional:0.466
segregation:0.4655
earnest:0.46325
vengeance:0.46225
sacrifice:0.46
oscar winner:0.4585
dialogue:0.45825
oscar (best supporting actress):0.45675
depression:0.453
oscar:0.451
fight scenes:0.43925
basketball:0.438
court:0.43325
melancholic:0.43125
unlikely friendships:0.43
childhood:0.429
criterion:0.42825
catastrophe:0.425
race issues:0.42025
football:0.41825
talky:0.4165
dramatic:0.415
fun movie:0.415
original plot:0.41225
character study:0.412
family:0.40725
classic car:0.406
culture clash:0.4005
hospital:0.3995
imdb top 250:0.3955
