kids:0.93975
childhood:0.89375
original:0.82175
children:0.8055
cute!:0.79175
cute:0.77975
nostalgic:0.67575
1930s:0.59925
bullying:0.5885
nostalgia:0.583
feel-good:0.576
kids and family:0.54
adolescence:0.53925
ninja:0.5325
feel good movie:0.496
catastrophe:0.49125
mentor:0.48275
fun movie:0.46125
great:0.4555
corny:0.4455
teen movie:0.445
fun:0.44125
life philosophy:0.42925
good:0.42675
family:0.425
women:0.406
gangs:0.3895
dialogue:0.38825
predictable:0.38425
not funny:0.381
bad acting:0.37425
romantic:0.3735
adaptation:0.3605
horrible:0.35875
pg-13:0.35475
great acting:0.34725
great ending:0.34625
classic:0.3445
destiny:0.3345
betrayal:0.3295
runaway:0.32875
storytelling:0.32375
story:0.31625
unfunny:0.31225
racing:0.30925
teen:0.30775
good soundtrack:0.30725
so bad it's funny:0.30425
culture clash:0.299
very funny:0.2895
first contact:0.2825
race:0.2735
lone hero:0.2725
unlikely friendships:0.271
factual:0.27025
happy ending:0.26825
bad plot:0.2645
overrated:0.26375
entirely dialogue:0.2635
dreamlike:0.26075
stereotypes:0.2595
fantasy world:0.25875
friendship:0.2575
bittersweet:0.25175
brutality:0.25
excellent:0.24925
stylized:0.2445
slapstick:0.24325
redemption:0.2365
light:0.23575
sentimental:0.23475
chase:0.23375
natural disaster:0.23175
girlie movie:0.2305
fight scenes:0.2305
life & death:0.23025
silly:0.229
goofy:0.2285
inspirational:0.2255
death:0.223
camp:0.22275
excellent script:0.22075
oscar (best directing):0.21875
silly fun:0.217
romance:0.21525
remake:0.21475
clever:0.211
underdog:0.20675
school:0.20675
honest:0.2055
good dialogue:0.20525
cult film:0.2035
passionate:0.203
series:0.2025
vengeance:0.202
melancholic:0.20175
adapted from:book:0.20075
unusual plot structure:0.19975
pornography:0.1995
nudity (full frontal - brief):0.1975
