romantic:0.9615
romantic comedy:0.947
sweet:0.927
romance:0.879
destiny:0.86225
love story:0.86075
love:0.84825
good soundtrack:0.842
independent film:0.8405
dialogue:0.83475
relationships:0.8155
original:0.806
grindhouse:0.794
entirely dialogue:0.7915
dialogue driven:0.78025
indie:0.765
eccentricity:0.732
feel-good:0.72125
happy ending:0.68725
quirky:0.6595
gay:0.64525
writers:0.64375
girlie movie:0.64175
unlikely friendships:0.63975
feel good movie:0.6325
talky:0.63125
quotable:0.61475
witty:0.59025
intellectual:0.585
great acting:0.55475
pretentious:0.55225
life philosophy:0.55075
life:0.54425
passionate:0.5405
dark hero:0.539
shopping:0.53175
great ending:0.52675
friendship:0.5185
geeks:0.516
good:0.5025
obsession:0.48975
honest:0.47625
nocturnal:0.473
mentor:0.4725
san francisco:0.472
dreams:0.45025
oscar (best writing - screenplay written directly for the screen):0.44875
cult film:0.44375
loneliness:0.443
entertaining:0.439
suprisingly clever:0.439
teen:0.4385
fun movie:0.4345
drinking:0.4345
fantasy world:0.431
clever:0.43075
awesome soundtrack:0.429
light:0.42275
good dialogue:0.41625
unusual plot structure:0.41025
storytelling:0.4055
multiple storylines:0.401
cult classic:0.40025
predictable:0.39925
catastrophe:0.398
excellent script:0.397
based on a play:0.3925
black and white:0.391
fun:0.3835
artistic:0.381
highly quotable:0.37525
melancholic:0.36675
weird:0.3665
glbt:0.36625
great:0.3655
script:0.36375
imdb top 250:0.35625
cute:0.35575
pg-13:0.3545
adaptation:0.352
gay character:0.35175
drama:0.3515
intimate:0.3515
geek:0.34975
stereotypes:0.34625
earnest:0.3455
oscar (best supporting actress):0.344
whimsical:0.344
los angeles:0.34
cool:0.33775
sexy:0.33475
bittersweet:0.3325
teen movie:0.3325
cute!:0.3325
good romantic comedies:0.33175
brutality:0.331
good acting:0.328
queer:0.32775
corny:0.32625
culture clash:0.3255
