golden palm:0.98075
dark:0.96075
music:0.90225
emotional:0.882
heartbreaking:0.88
powerful ending:0.87775
tragedy:0.87475
melancholic:0.8705
drama:0.869
stylized:0.8575
surreal:0.85675
bleak:0.85275
downbeat:0.8515
great music:0.835
loneliness:0.8315
musical:0.83125
blindness:0.82975
weird:0.82225
death penalty:0.815
great acting:0.80975
storytelling:0.8095
original:0.80475
grim:0.78
visually appealing:0.7795
good soundtrack:0.76275
good music:0.7625
harsh:0.761
touching:0.748
visually stunning:0.746
social commentary:0.745
sad:0.745
artistic:0.7435
enigmatic:0.739
intense:0.72375
depression:0.71975
cinematography:0.7185
immigrants:0.71275
great ending:0.7065
intimate:0.70625
art house:0.69925
dramatic:0.69075
disturbing:0.6735
brutality:0.66825
pornography:0.66825
melancholy:0.66525
depressing:0.66425
disability:0.661
criterion:0.66025
dark fantasy:0.6555
psychological:0.64975
dreams:0.64775
awesome soundtrack:0.63925
greed:0.63875
visual:0.638
love:0.6335
masterpiece:0.63175
bittersweet:0.62375
visceral:0.6205
culture clash:0.61075
dreamlike:0.60325
breathtaking:0.6015
interesting:0.5995
secrets:0.59625
beautifully filmed:0.59575
colourful:0.59225
talky:0.585
special:0.5835
redemption:0.58225
allegory:0.58225
manipulation:0.57975
independent film:0.57775
exceptional acting:0.57525
imdb top 250:0.57475
sacrifice:0.57125
good acting:0.56875
psychology:0.5675
creativity:0.5635
plot:0.5575
nocturnal:0.55675
nonlinear:0.5445
beautiful:0.53675
great cinematography:0.53575
fantasy world:0.53475
complex:0.53275
existentialism:0.5255
surrealism:0.52325
twists & turns:0.521
dialogue:0.51975
mental illness:0.5175
stunning:0.517
dark humor:0.5155
musicians:0.50675
atmospheric:0.50075
dance:0.49525
vengeance:0.4935
sexualized violence:0.491
cathartic:0.4905
absurd:0.4895
lyrical:0.48775
cerebral:0.48625
