loneliness:0.996
aardman studios:0.9955
bittersweet:0.98275
stop motion:0.978
friendship:0.97575
touching:0.96375
unlikely friendships:0.94775
animation:0.94775
poignant:0.9465
melancholic:0.92975
dark humor:0.9225
depression:0.918
mental illness:0.91575
narrated:0.8965
storytelling:0.89625
original:0.87725
heartbreaking:0.86975
australia:0.866
sad:0.85525
claymation:0.84925
excellent script:0.838
childhood:0.834
imdb top 250:0.83025
depressing:0.8265
relationships:0.82125
visually appealing:0.81225
coming of age:0.80925
humorous:0.807
emotional:0.8045
quirky:0.80175
solitude:0.80025
life & death:0.7995
sweet:0.79875
melancholy:0.7975
weird:0.79625
mentor:0.796
honest:0.7945
animated:0.7935
character study:0.7845
bleak:0.78225
imaginary friend:0.78075
social commentary:0.7795
good soundtrack:0.7685
tragedy:0.76675
disability:0.76475
downbeat:0.75925
dark comedy:0.73075
intimate:0.7195
oscar (best directing):0.7075
whimsical:0.70575
dark:0.69625
colourful:0.69025
love:0.6895
new york city:0.67925
clever:0.66525
story:0.663
reflective:0.65675
stop-motion:0.65525
computer animation:0.65375
bullying:0.648
beautifully filmed:0.64725
black comedy:0.6465
oscar (best actress):0.646
drama:0.6405
complex:0.628
humor:0.62575
witty:0.62375
runaway:0.6225
suicide:0.619
suburbia:0.61525
interesting:0.61075
destiny:0.61025
grim:0.6095
life:0.6085
heartwarming:0.59775
affectionate:0.5975
talky:0.5935
life philosophy:0.5915
psychology:0.571
thought-provoking:0.5705
criterion:0.5695
creativity:0.569
visually stunning:0.56375
very funny:0.55975
death:0.55625
movielens top pick:0.556
aging:0.55425
nostalgic:0.55425
great ending:0.54825
great acting:0.53925
oscar:0.5385
drinking:0.5345
obsession:0.53375
existentialism:0.528
black and white:0.5275
jewish:0.52225
golden palm:0.52075
funny:0.517
psychological:0.5145
masterpiece:0.50675
