robert downey jr:0.98625
lawyer:0.984
lawyers:0.98275
courtroom:0.9745
murder:0.93825
corruption:0.93475
murder mystery:0.93325
mentor:0.89925
police investigation:0.88225
great ending:0.85525
crime:0.85175
court:0.8495
twists & turns:0.8205
thriller:0.811
drama:0.805
justice:0.80175
courtroom drama:0.79525
original:0.79275
investigation:0.76775
talky:0.75175
redemption:0.7465
dramatic:0.74025
great acting:0.7145
complex:0.6935
greed:0.6885
suspense:0.6865
complicated:0.65725
brutality:0.657
pornography:0.65225
runaway:0.65
prison:0.63875
chase:0.63725
great:0.6195
suspenseful:0.609
interesting:0.60725
conspiracy:0.59675
detective:0.5945
serial killer:0.5915
very interesting:0.56225
oscar (best supporting actress):0.561
excellent:0.5565
gritty:0.55525
manipulation:0.55525
guilt:0.55425
great dialogue:0.5495
vengeance:0.53875
revenge:0.5285
forceful:0.525
tense:0.5235
good:0.52125
dialogue:0.51775
betrayal:0.51725
sexualized violence:0.517
exceptional acting:0.516
twist:0.50975
police corruption:0.50275
very good:0.5025
nudity (topless - notable):0.48675
oscar (best actress):0.478
storytelling:0.47775
social commentary:0.4765
intense:0.474
good soundtrack:0.469
great movie:0.4675
surveillance:0.467
california:0.46675
twist ending:0.46325
noir:0.463
excellent script:0.44575
oscar (best directing):0.4415
catastrophe:0.43975
character study:0.433
good acting:0.431
drugs:0.4305
gangsters:0.42575
cool:0.4245
marijuana:0.4245
harsh:0.42275
violent:0.422
clever:0.4195
crime gone awry:0.413
obsession:0.41175
nudity (full frontal - brief):0.409
assassination:0.40725
morality:0.405
based on true story:0.4025
story:0.40225
suprisingly clever:0.39925
1980s:0.39525
gangs:0.393
nocturnal:0.39225
80s:0.3915
plot twist:0.39
classic car:0.38975
psychological:0.3865
dark hero:0.385
imdb top 250:0.38175
honest:0.38125
based on a play:0.37975
noir thriller:0.37825
