based on a book:0.9675
politics:0.88225
moral ambiguity:0.872
vietnam:0.85275
political:0.84725
betrayal:0.8035
original:0.80075
dramatic:0.7885
cinematography:0.771
foreign:0.76925
complex:0.756
love story:0.7435
forceful:0.7415
adapted from:book:0.7355
drama:0.72725
beautiful scenery:0.7225
british:0.716
censorship:0.7115
oscar (best actress):0.70975
adaptation:0.6985
idealism:0.6905
oscar (best directing):0.6795
corruption:0.67675
police investigation:0.67475
war:0.673
vietnam war:0.66575
secrets:0.66425
historical:0.66125
good:0.649
talky:0.644
england:0.64025
stunning:0.64025
good soundtrack:0.6365
story:0.63325
period piece:0.632
intense:0.62475
love triangles:0.6225
powerful ending:0.6205
tragedy:0.6145
culture clash:0.6125
very interesting:0.6075
friendship:0.60725
morality:0.6025
bombs:0.59275
great cinematography:0.585
runaway:0.584
oscar (best supporting actress):0.58225
london:0.57975
love:0.57925
realistic:0.56675
narrated:0.56425
unlikely friendships:0.55875
interesting:0.5555
oscar:0.555
civil war:0.552
good acting:0.55175
excellent:0.5515
complicated:0.53975
great:0.5395
oscar winner:0.53625
manipulation:0.53425
earnest:0.534
dialogue:0.53275
great acting:0.53125
colonialism:0.5295
twists & turns:0.5285
enigmatic:0.52625
gulf war:0.51925
very good:0.5155
intelligent:0.5145
romantic:0.5105
beautifully filmed:0.5105
visually appealing:0.51025
based on book:0.50225
allegory:0.50125
great ending:0.4975
complex characters:0.49725
storytelling:0.496
books:0.49575
murder:0.491
pg-13:0.4895
light:0.48825
thought-provoking:0.487
1950s:0.486
history:0.48475
criterion:0.482
relationships:0.481
visually stunning:0.47625
war movie:0.47325
suprisingly clever:0.473
great movie:0.4715
passionate:0.47
brutality:0.4695
literature:0.46775
atmospheric:0.46275
prejudice:0.45825
iraq war:0.45675
exceptional acting:0.4555
us history:0.4455
iraq:0.4415
