tom clancy:0.98625
good action:0.9695
action:0.9645
weapons:0.9115
chase:0.895
action packed:0.88725
terrorism:0.8525
conspiracy:0.852
espionage:0.799
thriller:0.743
spying:0.738
original:0.7235
fast paced:0.703
bombs:0.70025
big budget:0.69475
nuclear bomb:0.6925
car chase:0.6835
united nations:0.682
russia:0.68075
assassination:0.66825
spies:0.64975
spy:0.64725
lone hero:0.63575
predictable:0.62825
surveillance:0.6145
cold war:0.61075
good:0.609
exciting:0.603
pg-13:0.5935
catastrophe:0.5905
great ending:0.584
fight scenes:0.583
plot:0.57875
revenge:0.566
mentor:0.552
explosions:0.541
assassin:0.5255
70mm:0.5135
corruption:0.50525
entertaining:0.49775
secret service:0.48575
betrayal:0.48325
adventure:0.47575
tense:0.47475
intense:0.46825
story:0.4635
russian:0.46125
so bad it's funny:0.46075
suspense:0.45675
stereotypes:0.4455
nuclear:0.437
unrealistic:0.4345
secrets:0.427
natural disaster:0.42675
plot holes:0.42175
vengeance:0.421
great:0.41525
arms dealer:0.41
not funny:0.40875
military:0.4025
girlie movie:0.39375
dialogue:0.39275
guns:0.392
happy ending:0.39075
redemption:0.38675
romance:0.385
runaway:0.3755
destiny:0.36425
cool:0.364
first contact:0.36375
assassins:0.359
life philosophy:0.356
culture clash:0.353
gratuitous violence:0.3435
good soundtrack:0.33875
realistic action:0.33375
conspiracy theory:0.333
disaster:0.3285
bad:0.327
bad plot:0.32675
fighting:0.3265
good acting:0.31925
sexy:0.318
better than expected:0.30775
007:0.30625
very good:0.305
fun:0.30375
hitman:0.302
storytelling:0.3015
dramatic:0.29875
family:0.291
murder:0.28975
suspenseful:0.288
fun movie:0.287
forceful:0.287
new york city:0.28375
overrated:0.283
cia:0.27925
technology:0.27625
special effects:0.275
