vigilante:0.9975
batman:0.99025
super-hero:0.9845
super hero:0.97075
superhero:0.95175
superheroes:0.93425
franchise:0.927
alter ego:0.92075
comics:0.909
based on a comic:0.894
animation:0.89325
original:0.88075
dc comics:0.865
vigilantism:0.8635
comic book:0.85725
dark:0.8515
dark hero:0.85125
action:0.84825
cartoon:0.84675
vengeance:0.84525
series:0.84275
based on comic:0.83525
comic book adaption:0.817
violence:0.81175
graphic novel:0.772
crime:0.745
violent:0.74225
animated:0.71925
murder:0.71625
revenge:0.71225
nocturnal:0.7045
visually appealing:0.69275
story:0.68375
gangsters:0.68175
stylized:0.65375
twists & turns:0.65025
adaptation:0.644
dialogue:0.64325
great:0.634
great ending:0.631
good action:0.614
intense:0.60575
good soundtrack:0.59975
brutality:0.59625
stylish:0.58125
excellent script:0.57475
great movie:0.5655
pornography:0.5645
excellent:0.5575
highly quotable:0.55
chase:0.549
weapons:0.548
ninja:0.548
childhood:0.54625
fight scenes:0.544
mentor:0.53975
fast paced:0.536
good:0.53125
mob:0.53
redemption:0.52725
fighting:0.5235
moody:0.518
transformation:0.5085
storytelling:0.50675
harsh:0.5045
cool:0.4995
destiny:0.49925
sexualized violence:0.4965
death:0.492
giant robots:0.4905
complex:0.485
light:0.485
clever:0.484
blood:0.48125
pg-13:0.47225
great soundtrack:0.47175
honest:0.46475
betrayal:0.462
justice:0.458
melancholic:0.4535
visceral:0.45125
atmospheric:0.45075
awesome soundtrack:0.44875
talky:0.44375
grim:0.44325
adapted from:comic:0.43725
runaway:0.4365
affectionate:0.435
interesting:0.435
weird:0.43475
fun movie:0.42975
gangster:0.4275
family:0.42575
police investigation:0.42025
crime gone awry:0.415
anti-hero:0.4125
witty:0.4115
creativity:0.41125
adapted from:book:0.40775
suspense:0.40425
