talking animals:0.99575
dog:0.9885
dogs:0.98825
computer animation:0.932
animals:0.9225
spying:0.902
spy:0.84975
franchise:0.846
original:0.84425
family:0.837
cute!:0.833
kids:0.81375
special effects:0.8045
predictable:0.794
secret service:0.7825
animation:0.76875
kids and family:0.7605
children:0.75125
espionage:0.7415
3d:0.7405
sequels:0.715
cartoon:0.7135
horrible:0.70475
big budget:0.6765
bad plot:0.67525
fun movie:0.67
goofy:0.665
fun:0.66125
cute:0.6575
product placement:0.65275
revenge:0.64275
silly fun:0.63975
action:0.63725
spies:0.63675
entertaining:0.63175
fantasy:0.626
mentor:0.60175
silly:0.58875
stupid as hell:0.5735
lame:0.5635
based on a tv show:0.54925
disaster:0.543
camp:0.537
overrated:0.532
so bad it's funny:0.53125
superheroes:0.52675
global warming:0.51375
cgi:0.50125
dialogue:0.5
disney:0.49475
parody:0.49025
natural disaster:0.49025
007:0.483
dinosaurs:0.4795
catastrophe:0.4675
crappy sequel:0.45875
redemption:0.4515
fight scenes:0.4515
good sequel:0.45075
stereotypes:0.44025
vengeance:0.4285
crude humor:0.42375
race:0.41975
story:0.4115
bad cgi:0.411
ridiculous:0.407
sequel:0.40625
unfunny:0.4055
pointless:0.40475
fantasy world:0.40475
sci fi:0.403
boring:0.402
adventure:0.40125
spelling bee:0.38775
storytelling:0.384
pg-13:0.381
stupid:0.37425
destiny:0.36875
lone hero:0.36825
greed:0.368
muppets:0.36525
great ending:0.364
clever:0.3605
technology:0.36025
magic:0.35725
first contact:0.356
internet:0.353
superhero:0.352
very funny:0.3515
slapstick:0.35
adaptation:0.34425
adapted from:comic:0.3425
good:0.331
animated:0.32725
island:0.3265
absurd:0.32225
plot holes:0.32175
racing:0.3205
mad scientist:0.32
bond:0.3165
