multiple storylines:0.90825
gay:0.882
gay character:0.847
drama:0.78175
complex:0.7585
relationships:0.75675
ensemble cast:0.73975
original:0.7335
adoption:0.7
dark comedy:0.693
good soundtrack:0.688
indie:0.68525
loneliness:0.67775
life philosophy:0.623
quirky:0.617
parenthood:0.61425
pornography:0.60325
dark humor:0.5955
writers:0.58375
independent film:0.5645
honest:0.56225
dysfunctional family:0.55875
storytelling:0.5585
happy ending:0.54475
weird:0.51625
black comedy:0.50875
ironic:0.49925
secrets:0.48825
entirely dialogue:0.469
crime gone awry:0.466
lesbian:0.46025
homosexuality:0.45575
dialogue:0.4545
catastrophe:0.44025
unusual plot structure:0.4355
great ending:0.42725
great acting:0.426
watch the credits:0.41925
mentor:0.41925
social commentary:0.41625
homophobia:0.414
existentialism:0.40725
destiny:0.40525
depression:0.40125
pointless:0.3945
greed:0.39375
story:0.38925
harsh:0.37175
queer:0.37075
cerebral:0.37075
absurd:0.36525
suburbia:0.3585
suprisingly clever:0.355
clever:0.33775
artsy:0.335
narrated:0.33375
very interesting:0.33325
stylized:0.32975
unfunny:0.3255
enigmatic:0.31975
adaptation:0.31925
obsession:0.31775
sexualized violence:0.31575
gangsters:0.30775
melancholic:0.30575
twists & turns:0.301
dramatic:0.2945
brutality:0.293
complicated:0.2925
stylish:0.291
arnold:0.28975
runaway:0.28975
culture clash:0.28925
addiction:0.28725
dark hero:0.28375
comedy:0.28375
grindhouse:0.27925
suicide attempt:0.278
nocturnal:0.27525
creativity:0.272
manipulation:0.27025
good:0.27
interesting:0.26975
unlikely friendships:0.2685
confusing:0.267
visually appealing:0.2655
not funny:0.25875
first contact:0.2585
solitude:0.2585
los angeles:0.256
off-beat comedy:0.25575
tricky:0.255
oscar (best supporting actress):0.255
art house:0.2505
great:0.25
writing:0.24975
criterion:0.2495
nudity (full frontal - notable):0.2475
underrated:0.24675
drinking:0.24575
