world war ii:0.99075
wwii:0.97575
survival:0.974
wartime:0.95325
war:0.948
true story:0.9425
based on a true story:0.93025
based on a book:0.85975
camp:0.8515
dramatic:0.84475
courage:0.833
prison:0.81675
amazing photography:0.8155
based on true story:0.80525
pg-13:0.7885
inspiring:0.77425
story:0.762
mentor:0.76125
best war films:0.75075
brutality:0.74675
based on book:0.7335
cinematography:0.71925
storytelling:0.71825
adapted from:book:0.7055
visually appealing:0.69575
emotional:0.69275
sacrifice:0.688
catastrophe:0.674
biopic:0.657
redemption:0.6435
war movie:0.629
biographical:0.6195
stranded:0.6185
destiny:0.613
original:0.6085
inspirational:0.58475
transformation:0.55475
oscar:0.54975
great acting:0.53
intense:0.52125
sentimental:0.5205
historical:0.513
good:0.5125
drama:0.50925
betrayal:0.5065
life:0.501
great ending:0.49925
justice:0.49775
realistic:0.49675
islam:0.495
culture clash:0.491
great:0.486
olympics:0.48125
books:0.4775
beautiful scenery:0.47525
good acting:0.47125
unusual plot structure:0.4705
vengeance:0.46425
life & death:0.4555
us history:0.45175
bombs:0.44925
feel-good:0.44775
good soundtrack:0.44575
world war i:0.444
unlikely friendships:0.4435
christian:0.44
prejudice:0.435
torture:0.43175
friendship:0.43125
dialogue:0.42925
runaway:0.42875
military:0.42575
weapons:0.42375
fight scenes:0.42275
japan:0.42225
harsh:0.421
amazing cinematography:0.42
childhood:0.41525
oscar (best supporting actress):0.413
death:0.411
adaptation:0.408
prison escape:0.405
propaganda:0.404
biography:0.4005
forceful:0.39825
gunfight:0.39725
epic:0.3935
enormously long battle scene:0.391
visually stunning:0.38375
factual:0.3835
honest:0.3825
alternate history:0.38125
tokyo:0.37975
doctors:0.3785
not funny:0.37775
germany:0.3755
fascism:0.37275
better than expected:0.37075
hospital:0.364
feel good movie:0.361
