switching places:0.991
remake:0.958
divorce:0.92175
family:0.9215
cute:0.86425
girlie movie:0.8475
disney:0.82275
cute!:0.81775
original:0.79125
children:0.782
romantic:0.77475
good:0.7445
fun movie:0.73325
happy ending:0.7265
camp:0.71025
fun:0.69325
sweet:0.68425
romantic comedy:0.679
san francisco:0.64875
london:0.64725
sisters:0.62675
destiny:0.6025
childhood:0.54825
catastrophe:0.52925
adoption:0.5245
chick flick:0.51925
marriage:0.49275
great:0.47825
predictable:0.4615
romance:0.4505
adapted from:book:0.45025
women:0.442
wedding:0.4385
interracial romance:0.42275
kids:0.41625
runaway:0.413
culture clash:0.4095
california:0.4095
mentor:0.3935
sexy:0.382
kids and family:0.3765
heartwarming:0.3715
story:0.368
love story:0.3525
good sequel:0.352
touching:0.35175
feel-good:0.349
great ending:0.34825
nostalgic:0.3475
adaptation:0.33225
silly:0.32975
suprisingly clever:0.3295
clever:0.3285
stereotypes:0.32775
light:0.323
excellent:0.31775
love:0.315
great movie:0.31375
fashion:0.3065
dialogue:0.304
dysfunctional family:0.30325
not funny:0.30275
first contact:0.30175
lone hero:0.29975
better than expected:0.2995
not as good as the first:0.289
based on a book:0.28875
very funny:0.284
feel good movie:0.283
chase:0.2825
unfunny:0.28175
beautiful scenery:0.281
fairy tale:0.281
storytelling:0.27875
sequel:0.2785
animals:0.278
transformation:0.2775
entertaining:0.2745
single father:0.27325
good romantic comedies:0.26625
identity:0.26625
funny:0.2645
pg-13:0.26375
very good:0.26225
life philosophy:0.25525
silly fun:0.253
dog:0.252
animal movie:0.25175
england:0.25
cool:0.24725
brutality:0.2425
comedy:0.24225
natural disaster:0.241
pg:0.23125
teen movie:0.23
nudity (full frontal - brief):0.2295
good soundtrack:0.229
special effects:0.22875
witty:0.22775
crappy sequel:0.2255
