sci-fi:0.99675
scifi:0.99325
sci fi:0.9895
space:0.9625
science fiction:0.9625
special effects:0.94175
natural disaster:0.9305
end of the world:0.92675
space travel:0.91475
clones:0.88725
technology:0.84675
apocalypse:0.79675
science:0.79525
great ending:0.7635
first contact:0.75625
based on a book:0.74375
1950s:0.73825
story:0.72625
effects:0.7215
classic:0.71175
talky:0.70425
original:0.7025
cerebral:0.70125
mars:0.698
paranoia:0.686
adventure:0.684
cloning:0.675
futuristic:0.6655
visually appealing:0.61925
visual:0.601
visually stunning:0.59675
imagination:0.583
existentialism:0.55925
dystopic future:0.559
big budget:0.55875
transformation:0.5575
catastrophe:0.55525
dialogue:0.555
biblical:0.5485
life philosophy:0.54375
enigmatic:0.54275
alone in the world:0.54125
death:0.52825
narrated:0.5245
gunfight:0.5095
space opera:0.5085
island:0.5005
allegory:0.5
life & death:0.497
survival:0.49375
beautiful scenery:0.48975
good:0.489
imdb top 250:0.48675
fun movie:0.48475
greed:0.473
great:0.47075
suprisingly clever:0.463
bad science:0.46175
nostalgic:0.446
storytelling:0.44475
whimsical:0.42775
fantasy:0.42675
mentor:0.423
god:0.40975
paranoid:0.40975
loneliness:0.407
romance:0.407
good versus evil:0.40625
mad scientist:0.4055
colourful:0.40525
destiny:0.40375
unusual plot structure:0.401
drama:0.39175
scifi cult:0.3895
interesting:0.38725
alternate reality:0.38375
future:0.38225
entertaining:0.37975
sacrifice:0.3785
redemption:0.37475
creativity:0.37425
weapons:0.37175
mindfuck:0.3715
good acting:0.37125
astronauts:0.36975
solitude:0.3685
clever:0.3685
downbeat:0.36775
parallel universe:0.364
ensemble cast:0.3625
bad ending:0.3615
philip k. dick:0.36125
giant robots:0.36075
distopia:0.36025
cinematography:0.35875
dystopia:0.35825
race:0.358
art:0.35475
not funny:0.35
dramatic:0.34675
