spoof:0.99825
spying:0.99425
parody:0.9925
spy:0.9885
comedy:0.983
goofy:0.98175
silly fun:0.98125
spies:0.96925
funniest movies:0.95775
funny:0.953
hilarious:0.94925
funny as hell:0.916
humor:0.90275
humorous:0.90025
saturday night live:0.885
satire:0.8755
very funny:0.84
silly:0.839
original:0.83625
stupidity:0.7965
chase:0.783
fun movie:0.77825
secrets:0.767
crude humor:0.7515
stupid:0.739
clever:0.729
great movie:0.72375
007:0.72025
pg-13:0.7165
james bond:0.69975
great ending:0.69175
franchise:0.691
espionage:0.68875
dumb:0.688
good:0.68675
dumb but funny:0.67975
highly quotable:0.67825
fun:0.66925
bond:0.663
sequels:0.66075
absurd:0.6405
great:0.60225
suprisingly clever:0.601
irreverent:0.599
secret service:0.59575
stupid as hell:0.59225
farce:0.583
product placement:0.5805
sexy:0.57275
culture clash:0.57
quotable:0.57
satirical:0.5685
slapstick:0.55875
sequel:0.5585
storytelling:0.55325
weapons:0.55125
dialogue:0.5465
fantasy world:0.541
british:0.5225
sarcasm:0.522
story:0.499
very good:0.48325
time travel:0.48275
original plot:0.47525
witty:0.471
mentor:0.4705
las vegas:0.458
screwball:0.45625
excellent:0.45575
assassin:0.45275
good soundtrack:0.4445
catastrophe:0.44425
light:0.44225
london:0.43725
stereotypes:0.431
hillarious:0.4305
entertaining:0.4295
interesting:0.42925
affectionate:0.422
cult classic:0.422
cold war:0.4155
greed:0.4085
adaptation:0.40325
classic:0.4025
series:0.397
good sequel:0.39175
nerds:0.389
imdb top 250:0.38725
adventure:0.38575
melancholic:0.385
mystery:0.3835
suspense:0.3815
alter ego:0.38125
lame:0.379
betrayal:0.374
brutality:0.37225
runaway:0.3715
destiny:0.371
sexual:0.36825
ridiculous:0.3645
