series:0.9905
action:0.989
franchise:0.98275
good action:0.98225
action packed:0.9555
chase:0.94625
police:0.93775
comedy:0.911
silly fun:0.89775
sequel:0.886
weapons:0.87825
buddy movie:0.87375
big budget:0.86925
fight scenes:0.85375
good sequel:0.84575
fun movie:0.8115
fast paced:0.8025
vengeance:0.781
good:0.75425
explosions:0.753
arms dealer:0.75075
car chase:0.73975
cool:0.68925
crime:0.68625
fighting:0.67225
original:0.671
sequels:0.65925
plot:0.644
lone hero:0.6425
mentor:0.64125
family drama:0.64075
entertaining:0.62825
motorcycle:0.61525
pg-13:0.61
funny:0.60375
dialogue:0.60225
adventure:0.599
exciting:0.595
great:0.58625
los angeles:0.55825
guns:0.558
alter ego:0.55675
revenge:0.54775
intense:0.547
gunfight:0.5365
predictable:0.53075
gangsters:0.5265
great ending:0.5195
gangs:0.5085
dark hero:0.495
destiny:0.4945
detective:0.489
crappy sequel:0.48025
catastrophe:0.48025
dynamic cgi action:0.47725
great movie:0.45775
violence:0.4555
humorous:0.44325
corruption:0.4425
fun:0.4355
family:0.4345
story:0.425
police investigation:0.4195
life philosophy:0.4035
betrayal:0.3995
oscar (best sound):0.39675
humor:0.3955
70mm:0.395
very funny:0.39425
oscar winner:0.39125
las vegas:0.386
superheroes:0.3805
culture clash:0.36775
sexy:0.36475
brutality:0.35975
transformation:0.3595
realistic action:0.358
runaway:0.35775
drama:0.354
foul language:0.35325
vigilante:0.353
underrated:0.35225
redemption:0.35025
time:0.34675
thriller:0.34525
martial arts:0.34225
storytelling:0.342
suspense:0.3415
special effects:0.33875
saturn award (best special effects):0.33825
slapstick:0.337
silly:0.33475
torture:0.33475
comic:0.33325
romance:0.333
violent:0.3285
forceful:0.3265
police corruption:0.32475
murder:0.32175
lame:0.32075
