stop motion:0.991
surreal:0.9665
stop-motion:0.9445
surrealism:0.912
weird:0.9035
creativity:0.8065
enigmatic:0.7665
visual:0.766
art house:0.74425
criterion:0.73625
original:0.71525
imagination:0.7125
strange:0.69825
dreamlike:0.69225
animation:0.6845
disturbing:0.6635
macabre:0.66075
puppets:0.6535
demons:0.64725
insanity:0.637
visually appealing:0.622
cerebral:0.6165
masterpiece:0.60975
adaptation:0.60625
atmospheric:0.59475
dark:0.5915
dreams:0.59125
dark humor:0.5905
nocturnal:0.5905
bizarre:0.56675
fantasy world:0.5485
very interesting:0.544
storytelling:0.541
reflective:0.527
visually stunning:0.49875
art:0.4805
stylized:0.4725
free to download:0.47225
lynch:0.463
talky:0.45925
devil:0.45525
adapted from:book:0.44175
life & death:0.43325
obsession:0.42025
suprisingly clever:0.419
melancholic:0.418
catastrophe:0.41525
mythology:0.41325
silent:0.41175
mentor:0.411
allegory:0.4055
artistic:0.4
distopia:0.39675
dialogue:0.3945
life philosophy:0.392
claymation:0.384
meditative:0.3835
creepy:0.37625
story:0.36625
breathtaking:0.36125
melancholy:0.35875
good soundtrack:0.3515
unique:0.34425
great ending:0.338
pornography:0.33525
golden palm:0.3335
tokyo:0.33225
not funny:0.32675
dark fantasy:0.32425
philosophical:0.3235
visuals:0.32225
existentialism:0.31925
absurd:0.31825
paranoid:0.31775
runaway:0.31725
police investigation:0.31725
great:0.3165
greed:0.31425
social commentary:0.31325
unusual plot structure:0.31325
transformation:0.31075
loneliness:0.3075
stunning:0.3075
cinematography:0.306
grindhouse:0.305
complex:0.30175
downbeat:0.299
hallucinatory:0.2975
brutality:0.29175
biting:0.29125
cult classic:0.291
destiny:0.28925
entirely dialogue:0.289
oscar (best supporting actress):0.28675
animal movie:0.27925
secrets:0.279
oscar (best actress):0.27825
surveillance:0.275
crime gone awry:0.271
affectionate:0.26875
