1930s:0.9815
los angeles:0.945
gangsters:0.932
melancholic:0.928
narrated:0.9145
new york:0.90725
original:0.8625
nostalgic:0.85
complex:0.84575
romantic:0.8425
relationships:0.83425
love triangles:0.708
cinematography:0.69375
gangster:0.65825
hollywood:0.634
oscar (best directing):0.609
twists & turns:0.6045
romantic comedy:0.60275
runaway:0.60125
great ending:0.5805
talky:0.56775
love:0.566
whimsical:0.55675
mentor:0.5555
sweet:0.54275
independent film:0.54025
oscar:0.5365
romance:0.5285
race issues:0.5235
harsh:0.51725
dialogue:0.50825
great:0.504
criterion:0.50375
visually appealing:0.49525
highly quotable:0.4925
honest:0.48975
rags to riches:0.4825
clever:0.482
judaism:0.481
storytelling:0.4805
loneliness:0.466
obsession:0.465
betrayal:0.46425
switching places:0.461
new york city:0.45875
visual:0.45875
visually stunning:0.457
new jersey:0.4505
complicated:0.44425
great acting:0.44075
fun movie:0.43525
stylized:0.43475
greed:0.42725
nudity (topless - notable):0.427
depression:0.426
artist:0.42175
entirely dialogue:0.413
jazz:0.41225
suprisingly clever:0.4085
perfect:0.40725
oscar (best actress):0.40475
beautiful:0.4045
very interesting:0.39975
catastrophe:0.39375
suspense:0.3935
beautiful scenery:0.39025
enigmatic:0.39025
oscar winner:0.3895
cerebral:0.38825
1970s:0.3855
irish accent:0.3835
nudity (full frontal - notable):0.378
period piece:0.37725
bittersweet:0.377
jewish:0.37475
existentialism:0.374
sexy:0.37025
rome:0.36925
great movie:0.36525
movielens top pick:0.364
underdog:0.36
transformation:0.352
lone hero:0.35
grim:0.3485
good music:0.34825
social commentary:0.345
mob:0.34325
jews:0.34275
light:0.34025
brutality:0.33925
cult classic:0.32925
melancholy:0.328
good:0.32525
adaptation:0.31625
culture clash:0.31425
weird:0.3135
destiny:0.312
breathtaking:0.31125
police investigation:0.309
original plot:0.3065
