dark humor:0.96125
weird:0.92725
cult classic:0.854
original:0.81025
horror:0.78525
life & death:0.76375
dark:0.76075
splatter:0.75875
low budget:0.74325
cult film:0.7415
irreverent:0.726
brutality:0.72325
creepy:0.72025
dark comedy:0.6875
loneliness:0.68725
quirky:0.67775
psychological:0.6695
weapons:0.66475
melancholic:0.6515
violent:0.65075
gore:0.62475
survival:0.62475
death:0.6165
funny:0.6075
insanity:0.60375
suspense:0.597
comedy:0.58925
stylish:0.55525
monster:0.546
gory:0.5455
mindfuck:0.54375
nocturnal:0.53975
bdsm:0.51925
strange:0.51725
very funny:0.5145
harsh:0.51175
nudity (full frontal - notable):0.50725
atmospheric:0.50675
pornography:0.50075
obsession:0.48425
classic car:0.4785
visually appealing:0.4775
demons:0.47525
deadpan:0.47425
criterion:0.47325
good soundtrack:0.465
visceral:0.4595
great ending:0.45775
black comedy:0.45275
sexualized violence:0.448
macabre:0.4385
stylized:0.43425
scary:0.42575
crazy:0.4215
enigmatic:0.42025
gunfight:0.41075
tense:0.4025
police corruption:0.39475
catastrophe:0.3945
dark fantasy:0.392
disturbing:0.3915
cinematography:0.389
great:0.38575
underrated:0.384
surreal:0.3815
drugs:0.3765
crime gone awry:0.36975
goretastic:0.36925
hallucinatory:0.366
justice:0.363
so bad it's funny:0.36175
dreamlike:0.35925
cynical:0.3575
dialogue:0.357
mentor:0.357
brutal:0.356
claustrophobic:0.3545
wilderness:0.34625
gruesome:0.343
revenge:0.33975
romance:0.33975
solitude:0.3385
vengeance:0.33375
funny as hell:0.333
dysfunctional family:0.333
supernatural:0.3305
twists & turns:0.326
nudity (full frontal):0.326
bloody:0.32175
ethnic conflict:0.321
adaptation:0.31975
paranoia:0.3195
social commentary:0.31875
goth:0.31525
biting:0.315
cult:0.312
mad scientist:0.311
torture:0.30875
male nudity:0.3055
lone hero:0.305
