bittersweet:0.9095
downbeat:0.881
intimate:0.8635
innocence lost:0.835
gunfight:0.82275
loneliness:0.818
character study:0.80125
poignant:0.76975
melancholy:0.7565
harsh:0.75175
powerful ending:0.74825
talky:0.7155
bleak:0.7155
death:0.69975
original:0.6885
drinking:0.688
life philosophy:0.6795
enigmatic:0.672
golden palm:0.67175
gay:0.67175
wistful:0.65375
greed:0.65275
melancholic:0.625
reflective:0.59975
crime gone awry:0.59425
runaway:0.58875
life & death:0.58675
horses:0.58575
compassionate:0.57
meditative:0.56225
weird:0.55575
existentialism:0.549
drama:0.54825
brutality:0.54525
dialogue:0.539
unlikely friendships:0.538
grim:0.5375
criterion:0.52825
relationships:0.5255
good soundtrack:0.51875
disturbing:0.51675
catastrophe:0.5105
social commentary:0.499
very interesting:0.48975
friendship:0.487
dramatic:0.4765
oscar (best supporting actress):0.47475
unusual plot structure:0.47125
great ending:0.4615
honest:0.46075
quotable:0.457
dreamlike:0.4565
oscar (best directing):0.456
redemption:0.4555
ironic:0.45475
addiction:0.4515
california:0.447
mentor:0.442
entirely dialogue:0.426
corruption:0.42575
great:0.424
violent:0.423
depression:0.42175
gangsters:0.4215
allegory:0.41975
great acting:0.4195
aging:0.418
complex:0.40475
oscar (best actress):0.40225
betrayal:0.3955
culture clash:0.39525
atmospheric:0.395
cynical:0.39475
affectionate:0.3935
tragedy:0.38975
small town:0.3885
road movie:0.388
moral ambiguity:0.38675
adapted from:book:0.38275
divorce:0.3815
desert:0.381
cinematography:0.37925
depressing:0.37775
writers:0.37625
obsession:0.37525
psychological:0.37425
interesting:0.374
imdb top 250:0.36875
pornography:0.3665
quirky:0.36575
black and white:0.36525
underrated:0.36425
based on a play:0.35875
paranoid:0.352
suprisingly clever:0.3505
idealism:0.34825
suspense:0.34275
narrated:0.33925
sad:0.33625
1960s:0.332
