transgender:0.99975
small town:0.969
cross dressing:0.951
documentary:0.94625
rape:0.916
sexuality:0.89275
sexual abuse:0.8885
disturbing:0.85375
homophobia:0.795
lesbian:0.78925
glbt:0.7815
true story:0.76
tragedy:0.759
gay:0.73975
good soundtrack:0.736
sexualized violence:0.7095
pornography:0.6905
original:0.68875
downbeat:0.6825
brutality:0.6805
social commentary:0.6785
visually appealing:0.66825
justice:0.66625
secrets:0.6585
brutal:0.653
very interesting:0.61925
obsession:0.61375
sexual:0.612
relationships:0.60975
murder:0.5865
prejudice:0.58625
male nudity:0.55825
death:0.54525
life:0.541
crime:0.5295
interesting:0.5215
queer:0.515
bullying:0.50325
honest:0.49725
intimate:0.4945
factual:0.4905
storytelling:0.474
women:0.47025
suprisingly clever:0.46775
oscar (best actress):0.4675
guilt:0.46475
nudity (full frontal - notable):0.46375
corruption:0.46325
stereotypes:0.45325
catastrophe:0.45075
great ending:0.44425
unusual plot structure:0.44025
homosexuality:0.439
identity:0.43625
melancholic:0.43025
manipulation:0.43
drinking:0.428
indie:0.427
friendship:0.422
sex:0.41925
prison:0.4125
unlikely friendships:0.41225
police investigation:0.41025
enigmatic:0.40975
hard to watch:0.40825
sad:0.40625
loneliness:0.4035
mentor:0.40075
gay character:0.39775
harsh:0.3895
death penalty:0.3855
narrated:0.385
workplace:0.382
hospital:0.37975
life & death:0.37375
good:0.3705
segregation:0.367
bdsm:0.3645
story:0.36375
revenge:0.363
culture clash:0.35825
runaway:0.3575
criterion:0.35675
adolescence:0.35325
sexy:0.34825
assassination:0.3465
stylized:0.3455
nudity (full frontal - brief):0.34025
classic car:0.332
not funny:0.331
dysfunctional family:0.3275
life philosophy:0.32175
internet:0.3195
controversial:0.314
weird:0.31
self discovery:0.31
artistic:0.30575
addiction:0.30575
cinematography:0.30525
torture:0.303
