racing:0.98525
visually stunning:0.81125
original:0.79125
cartoon:0.78625
visual:0.76025
video game:0.7565
colourful:0.667
race:0.65575
fun:0.655
visually appealing:0.6345
cars:0.5955
visuals:0.595
fun movie:0.57525
action:0.57125
cool:0.56275
fight scenes:0.55625
kids and family:0.5115
dialogue:0.507
cgi:0.504
special effects:0.504
mentor:0.4935
big budget:0.48575
fast paced:0.4665
adaptation:0.45875
good soundtrack:0.4575
action packed:0.4515
stylized:0.43625
storytelling:0.431
remake:0.42025
family:0.4195
catastrophe:0.4195
monkey:0.41125
police investigation:0.4045
predictable:0.3895
great ending:0.38825
computer game:0.38225
fantasy world:0.373
life & death:0.36725
brothers:0.36725
cult classic:0.365
computer animation:0.36225
bad plot:0.361
graphic design:0.35675
futuristic:0.353
slapstick:0.34325
childhood:0.34
goofy:0.3345
ninja:0.32875
silly:0.3285
exciting:0.328
grindhouse:0.3275
complex:0.326
life philosophy:0.32325
great:0.322
good:0.32075
not funny:0.32025
corny:0.31725
first contact:0.311
entirely dialogue:0.31025
redemption:0.3095
pg-13:0.3055
destiny:0.30375
weird:0.30075
superheroes:0.297
overrated:0.29675
talky:0.29475
entertaining:0.293
sci fi:0.293
greed:0.29275
shallow:0.292
absurd:0.28975
good versus evil:0.28975
corruption:0.2895
story:0.28475
sexualized violence:0.2835
brutality:0.28125
good action:0.27725
melancholic:0.277
nostalgic:0.2715
so bad it's funny:0.27075
identity:0.27025
transformation:0.27
creativity:0.266
surreal:0.2645
vengeance:0.26275
silly fun:0.2605
pg:0.26025
visceral:0.26
alternate universe:0.25875
betrayal:0.2575
future:0.25725
pointless:0.257
gangsters:0.2545
series:0.2545
runaway:0.2495
feel-good:0.249
nudity (full frontal - brief):0.248
product placement:0.243
intense:0.24175
light:0.23925
