gay character:0.93525
gay:0.9025
relationships:0.89275
narrated:0.8405
sarcasm:0.83675
queer:0.80325
original:0.76175
independent film:0.74675
dark humor:0.7405
witty:0.73525
dialogue:0.71475
good soundtrack:0.70425
cynical:0.70225
social commentary:0.69975
indie:0.699
pregnancy:0.6925
great acting:0.68975
black comedy:0.66175
pornography:0.63925
intimate:0.636
homosexuality:0.618
crime gone awry:0.61525
sexy:0.614
life philosophy:0.61075
quirky:0.6045
honest:0.60075
clever:0.599
manipulation:0.59675
interesting:0.596
sexuality:0.595
dysfunctional family:0.5885
sexual:0.58375
drinking:0.5835
very interesting:0.57875
loneliness:0.574
runaway:0.56925
good acting:0.55725
great dialogue:0.5505
stereotypes:0.54325
entirely dialogue:0.5405
writers:0.51075
twists & turns:0.49925
character study:0.49825
very good:0.49075
teen:0.4895
dark comedy:0.4875
talky:0.481
great ending:0.47825
satirical:0.4755
weird:0.464
homophobia:0.459
brutality:0.45675
melancholic:0.45225
mentor:0.4495
very funny:0.44025
good:0.43875
sex:0.43825
catastrophe:0.438
friendship:0.438
deadpan:0.43775
biting:0.43775
great:0.437
directorial debut:0.4325
unlikely friendships:0.432
small town:0.424
humorous:0.41775
depression:0.41275
drama:0.41125
redemption:0.41
culture clash:0.40925
excellent:0.40875
stylized:0.40425
teen movie:0.402
anti-hero:0.39275
neo-noir:0.39225
poignant:0.3895
storytelling:0.38225
happy ending:0.38025
oscar (best supporting actress):0.38
nocturnal:0.37875
affectionate:0.3785
california:0.37825
bad ending:0.3775
good dialogue:0.377
earnest:0.37675
oscar (best actress):0.37375
great movie:0.368
off-beat comedy:0.36725
pointless:0.3665
obsession:0.3615
light:0.35825
satire:0.3565
love triangles:0.35475
not funny:0.3545
nudity (full frontal - brief):0.352
based on a play:0.348
irreverent:0.34575
criterion:0.345
nudity (topless - notable):0.34375
adaptation:0.3435
