dog:0.98075
animals:0.94275
dogs:0.921
animal movie:0.912
kids:0.8865
family:0.85125
goth:0.745
children:0.71025
original:0.703
silly fun:0.67925
dolphins:0.65525
fun:0.6145
romance:0.56425
fun movie:0.55575
predictable:0.55425
cute!:0.5505
talking animals:0.5325
kids and family:0.509
silly:0.4955
mentor:0.492
chase:0.4755
cartoon:0.45925
feel-good:0.45875
catastrophe:0.44525
great:0.43875
feel good movie:0.43775
life philosophy:0.42975
dialogue:0.421
bad plot:0.4175
stereotypes:0.4085
story:0.40725
so bad it's funny:0.40675
great ending:0.39875
culture clash:0.39725
single father:0.395
animated:0.38825
not funny:0.37925
death:0.372
brutality:0.371
family drama:0.36925
destiny:0.3635
childhood:0.363
bad cgi:0.36225
natural disaster:0.34575
animation:0.33175
lone hero:0.3315
light:0.33025
overrated:0.32975
comedy:0.32625
adaptation:0.31475
nudity (rear):0.3125
unusual plot structure:0.3055
no plot:0.3045
slapstick:0.304
visual:0.302
first contact:0.30075
crude humor:0.2985
storytelling:0.29275
based on a video game:0.29
sci fi:0.288
vengeance:0.27975
redemption:0.27975
runaway:0.2775
good:0.272
sweet:0.268
spiders:0.2665
fight scenes:0.26575
happy ending:0.26475
pornography:0.26425
nudity (full frontal - brief):0.26275
good soundtrack:0.2615
mad scientist:0.26075
internet:0.2595
women:0.25825
entirely dialogue:0.256
great movie:0.2535
cult film:0.2525
quirky:0.2525
franchise:0.25225
cute:0.2515
nocturnal:0.25025
girlie movie:0.243
betrayal:0.24
blindness:0.236
video game:0.234
divorce:0.234
unfunny:0.23325
shallow:0.23025
teen movie:0.22975
multiple storylines:0.229
space:0.2285
pulp:0.22825
disaster:0.227
cinematography:0.22675
greed:0.22675
depression:0.22375
science fiction:0.223
melancholic:0.22225
british:0.21925
transformation:0.219
