politics:0.99175
world politics:0.9865
political:0.9585
artist:0.95525
anti-semitism:0.93425
artistic:0.9335
jews:0.92175
art:0.869
germany:0.865
history:0.85725
holocaust:0.8065
fascism:0.79725
mentor:0.797
original:0.79175
idealism:0.78725
historical:0.762
culture clash:0.7455
very interesting:0.745
propaganda:0.72275
greed:0.7145
nazis:0.712
dramatic:0.7055
us history:0.67725
jewish:0.651
controversial:0.6505
reflective:0.65
humanity:0.6455
life & death:0.6435
adultery:0.64275
thought-provoking:0.63375
genocide:0.6335
german:0.60775
revolution:0.605
world war ii:0.5895
brainwashing:0.58275
betrayal:0.57375
destiny:0.57
harsh:0.566
war:0.565
wwii:0.563
biopic:0.55975
light:0.52925
complex:0.5225
sexualized violence:0.522
passionate:0.51725
murder:0.51425
dialogue:0.50975
factual:0.507
great ending:0.4975
conspiracy:0.489
brutality:0.4865
criterion:0.48225
unlikely friendships:0.4765
social commentary:0.47225
good:0.46875
allegory:0.468
intense:0.464
existentialism:0.4625
realistic:0.4585
nazi:0.4535
drinking:0.45175
oscar (best directing):0.4505
interesting:0.446
good soundtrack:0.438
blindness:0.43375
character study:0.42475
communism:0.4185
suspense:0.41825
guilt:0.41425
psychology:0.41375
future:0.4125
forceful:0.412
cinematography:0.4095
cerebral:0.40875
enigmatic:0.40825
melancholic:0.408
melancholy:0.4055
oscar (best foreign language film):0.4035
moral ambiguity:0.403
ethnic conflict:0.40275
vienna:0.4025
morality:0.39925
oscar (best supporting actress):0.39875
drama:0.39275
story:0.3925
catastrophe:0.38925
runaway:0.38925
gunfight:0.389
suprisingly clever:0.38625
not funny:0.386
nudity (full frontal - notable):0.38525
corruption:0.38425
grim:0.381
beautiful scenery:0.37675
storytelling:0.3735
great:0.371
intellectual:0.3705
courage:0.36775
end of the world:0.366
pornography:0.366
