pornography:0.99225
single father:0.9155
private detective:0.82675
runaway:0.8185
intense:0.81325
censorship:0.81025
powerful ending:0.796
nudity (topless):0.787
california:0.7795
original:0.7795
brutality:0.76825
prostitution:0.7615
drama:0.75725
vengeance:0.74375
violent:0.74
chase:0.7045
mentor:0.69925
complex:0.698
underrated:0.68925
good soundtrack:0.68175
los angeles:0.68125
forceful:0.6785
sexualized violence:0.67
obsession:0.6595
1970s:0.65725
bleak:0.655
dark:0.63125
violence:0.622
disturbing:0.61375
nudity (topless - notable):0.594
brutal:0.58275
criterion:0.57575
social commentary:0.57475
moral ambiguity:0.565
tense:0.56225
revenge:0.56075
classic car:0.55575
family drama:0.55225
alternate endings:0.5495
psychological:0.53625
adolescence:0.53225
story:0.53075
redemption:0.53
interesting:0.526
stylish:0.52325
guilt:0.521
visceral:0.5205
happy ending:0.52
san francisco:0.5195
male nudity:0.51925
very interesting:0.51825
grindhouse:0.518
sexual:0.5165
secrets:0.5135
nudity:0.5115
culture clash:0.5095
police investigation:0.50475
alter ego:0.501
downbeat:0.49975
intimate:0.49825
corruption:0.49775
melancholic:0.49775
rebellion:0.4935
dialogue:0.4905
coming of age:0.48975
golden palm:0.4885
tragedy:0.48825
dark hero:0.48775
enigmatic:0.48375
detective:0.4825
life & death:0.47225
coming-of-age:0.46825
moody:0.466
loneliness:0.46425
nocturnal:0.459
fantasy world:0.4545
harsh:0.45425
great ending:0.44775
movielens top pick:0.443
adaptation:0.44225
stereotypes:0.44175
storytelling:0.44075
good:0.44
greed:0.42425
gritty:0.4205
stylized:0.41875
doctors:0.41625
grim:0.41475
visually appealing:0.414
lone hero:0.41175
light:0.411
sex:0.41075
original plot:0.405
betrayal:0.4045
great movie:0.4035
good action:0.40325
drinking:0.40125
catastrophe:0.3985
based on book:0.39075
weapons:0.39
