inspirational:0.827
sentimental:0.82675
good soundtrack:0.8125
storytelling:0.81125
poignant:0.80575
redemption:0.80475
life philosophy:0.80225
mentor:0.79425
relationships:0.79075
life & death:0.78975
reflective:0.77825
dramatic:0.77525
touching:0.767
catholicism:0.76
road movie:0.75075
loneliness:0.74725
drama:0.74325
beautifully filmed:0.73525
big budget:0.72575
bittersweet:0.72225
good acting:0.719
stereotypes:0.70425
feel-good:0.7035
great ending:0.70325
philosophy:0.69475
catastrophe:0.694
emotional:0.69025
pg-13:0.67175
story:0.671
cinematography:0.6665
melancholic:0.6545
existentialism:0.6525
beautiful scenery:0.65125
original:0.6445
social commentary:0.639
religion:0.638
friendship:0.633
destiny:0.63175
cancer:0.63075
solitude:0.6295
scenic:0.62275
natural disaster:0.61875
father-son relationship:0.6125
survival:0.6075
life:0.6005
compassionate:0.60025
visually stunning:0.59875
travel:0.59875
writers:0.5985
dialogue:0.59625
intense:0.5955
apocalypse:0.59425
inspiring:0.57525
culture clash:0.573
independent film:0.56375
feel good movie:0.56325
thought-provoking:0.562
god:0.55675
sacrifice:0.55125
unlikely friendships:0.54875
vengeance:0.54175
honest:0.52775
great:0.5245
great acting:0.52425
death:0.5235
good:0.5215
intimate:0.5095
spain:0.49525
oscar:0.4935
excellent script:0.493
homeless:0.49175
tragedy:0.47175
california:0.4695
interesting:0.4675
allegory:0.466
plot:0.46375
prejudice:0.45975
shallow:0.45775
childhood:0.45525
transformation:0.45025
happy ending:0.44725
doctors:0.44275
simple:0.44275
depression:0.4385
oscar (best foreign language film):0.43825
suprisingly clever:0.4375
based on a true story:0.43375
based on true story:0.43225
weird:0.42975
runaway:0.4295
heartwarming:0.4245
humanity:0.424
end of the world:0.42175
ensemble cast:0.41675
suspense:0.41675
first contact:0.414
bleak:0.414
creativity:0.407
adapted from:book:0.406
predictable:0.40425
