bleak:0.98975
war:0.97625
downbeat:0.97325
intimate:0.94275
war movie:0.937
civil war:0.92925
wartime:0.9175
enigmatic:0.91225
criterion:0.904
grim:0.885
best war films:0.87175
cinematography:0.85875
swedish:0.85575
reflective:0.8505
black and white:0.83425
allegory:0.8295
talky:0.824
harsh:0.821
brutality:0.80625
oscar (best foreign language film):0.793
golden palm:0.7815
dramatic:0.77025
anti-war:0.74625
imdb top 250:0.74
masterpiece:0.734
art house:0.7255
cathartic:0.70975
world war i:0.6985
social commentary:0.6935
breathtaking:0.686
psychological:0.67625
character study:0.65975
atmospheric:0.6575
original:0.6565
visceral:0.648
stylized:0.6475
visually appealing:0.6445
affectionate:0.642
cerebral:0.63925
emotional:0.6355
cynical:0.63175
complex:0.62225
drinking:0.6205
insanity:0.61
foreign:0.60825
adultery:0.60725
tense:0.6055
forceful:0.60325
culture clash:0.593
crime gone awry:0.59175
meditative:0.58825
loneliness:0.57175
oscar (best directing):0.5695
melancholy:0.56175
wine:0.55975
movielens top pick:0.548
oscar (best cinematography):0.54725
politics:0.54625
psychology:0.53975
biting:0.53775
poignant:0.532
light:0.52575
relationships:0.5245
great ending:0.517
surreal:0.51625
boat:0.515
ethnic conflict:0.51325
passionate:0.512
political:0.50975
catastrophe:0.509
island:0.50575
existentialism:0.5045
marriage:0.50175
beautifully filmed:0.49675
friendship:0.49675
macabre:0.4955
powerful ending:0.4945
suprisingly clever:0.4935
compassionate:0.4905
hard to watch:0.48425
betrayal:0.48275
israel:0.47125
witty:0.46025
gritty:0.45825
melancholic:0.45625
weird:0.45
dialogue:0.4475
redemption:0.44425
disturbing:0.4415
great:0.438
intense:0.43725
oscar (best supporting actress):0.4355
unlikely friendships:0.434
drama:0.4325
oscar (best actress):0.43225
hallucinatory:0.42775
greed:0.42525
violent:0.4245
torture:0.4235
dreams:0.42175
