world war ii:0.9305
wwii:0.926
destiny:0.902
wartime:0.87175
romance:0.76975
nazis:0.73675
1930s:0.69125
bad plot:0.66425
love story:0.6455
spain:0.63375
original:0.614
girlie movie:0.60225
romantic:0.60125
happy ending:0.576
paris:0.56475
catastrophe:0.55225
spanish civil war:0.5135
france:0.50325
pornography:0.501
horrible:0.4985
nudity (topless - notable):0.4955
predictable:0.48625
alternate history:0.4625
erotic:0.455
great ending:0.4445
bullshit history:0.42525
england:0.42275
passionate:0.41575
so bad it's funny:0.40275
betrayal:0.38575
beautiful scenery:0.38175
shallow:0.36375
boring:0.36325
natural disaster:0.35475
queer:0.34425
mentor:0.3435
life philosophy:0.33825
idiotic:0.32325
not funny:0.32075
pg-13:0.3205
twists & turns:0.3165
sexy:0.316
unusual plot structure:0.31425
love triangles:0.30825
love:0.3045
historical:0.3045
overrated:0.30125
chick flick:0.3
sacrifice:0.2985
story:0.29775
history:0.29475
good soundtrack:0.29125
dialogue:0.2905
first contact:0.2855
germany:0.28475
storytelling:0.28175
drama:0.28125
lame:0.276
dramatic:0.275
period piece:0.27475
brutality:0.27475
fantasy world:0.27225
bad acting:0.27
culture clash:0.26425
romantic comedy:0.261
good:0.25975
adaptation:0.25825
war:0.2575
courage:0.24975
stereotypes:0.24825
writers:0.2475
women:0.24225
entirely dialogue:0.2405
absurd:0.2325
complex:0.232
spying:0.231
lone hero:0.22875
french:0.22775
fight scenes:0.2225
idealism:0.22175
oscar (best supporting actress):0.22125
bittersweet:0.21875
finnish:0.2185
notable nudity:0.21825
justice:0.218
factual:0.21375
no plot:0.2135
good romantic comedies:0.2125
unfunny:0.2125
disaster:0.212
end of the world:0.2115
nazi:0.21
jews:0.2075
revenge:0.2065
spanish:0.20525
oscar:0.20275
stylish:0.2
stylized:0.2
sci fi:0.199
too long:0.1985
