gay character:0.95475
character study:0.93325
homosexuality:0.93025
loneliness:0.918
great acting:0.916
queer:0.88175
friendship:0.86825
unlikely friendships:0.85975
gay:0.838
original:0.82575
biographical:0.81825
oscar (best actress):0.808
biopic:0.78275
homophobia:0.77775
complex:0.76525
cerebral:0.763
mentor:0.73925
complex characters:0.73675
relationships:0.727
drama:0.7245
oscar:0.72275
dark humor:0.72225
social commentary:0.71925
nudity (topless - brief):0.71125
life & death:0.7065
melancholic:0.706
imdb top 250:0.70375
dramatic:0.70025
excellent script:0.684
oscar (best directing):0.6735
talky:0.66875
storytelling:0.6655
touching:0.65775
adapted from:book:0.65725
reflective:0.65725
oscar (best supporting actress):0.64775
poignant:0.64575
childhood:0.63975
solitude:0.63725
great:0.6305
melancholy:0.63025
depression:0.62125
allegory:0.617
drinking:0.6135
great movie:0.6105
biography:0.6105
transformation:0.6045
story:0.60425
monsters:0.604
life philosophy:0.59925
very interesting:0.59375
eccentricity:0.591
dialogue:0.59075
criterion:0.58825
good soundtrack:0.58825
dreams:0.5835
obsession:0.582
monster:0.58
cinematography:0.571
mad scientist:0.569
redemption:0.56825
cult classic:0.5595
good acting:0.5565
interesting:0.55225
independent film:0.54625
great ending:0.54425
exceptional acting:0.5385
macabre:0.5385
good:0.538
bleak:0.536
witty:0.53475
visually appealing:0.534
unusual plot structure:0.533
emotional:0.53
beautifully filmed:0.528
death:0.5185
1930s:0.5185
artistic:0.51825
masterpiece:0.517
life:0.515
very good:0.51
excellent:0.50625
weird:0.5055
betrayal:0.504
enigmatic:0.50375
visually stunning:0.5025
suicide attempt:0.50075
adaptation:0.49225
movielens top pick:0.48625
atmospheric:0.4835
downbeat:0.47775
oscar winner:0.4755
oscar (best supporting actor):0.46825
thought-provoking:0.4665
existentialism:0.46525
fighting the system:0.463
father son relationship:0.46
creativity:0.45975
narrated:0.459
suicide:0.45325
