love story:0.88725
love:0.80125
romance:0.73725
destiny:0.691
original:0.65825
visually appealing:0.64725
intimate:0.58825
runaway:0.57375
death:0.57125
awesome soundtrack:0.559
loneliness:0.52125
cheating:0.51425
good soundtrack:0.5115
drinking:0.50075
surreal:0.5005
happy ending:0.499
culture clash:0.4775
relationships:0.47675
chase:0.475
cinematography:0.462
catastrophe:0.43
mentor:0.43
emotional:0.41925
romantic:0.41825
surrealism:0.411
life philosophy:0.40975
cult film:0.4075
quirky:0.4065
tragedy:0.40325
great:0.3945
hospital:0.3935
life & death:0.39175
gangsters:0.3885
beautifully filmed:0.36575
drama:0.35975
dialogue:0.358
brutality:0.3525
beautiful scenery:0.34775
based on a play:0.34425
secrets:0.3435
surveillance:0.33775
fantasy world:0.33675
transformation:0.323
car chase:0.318
not funny:0.316
narrated:0.3085
stylized:0.28925
weird:0.289
melancholic:0.2885
existentialism:0.28625
passionate:0.286
great acting:0.2835
pornography:0.28125
storytelling:0.281
violence:0.2785
criterion:0.278
enigmatic:0.27725
adventure:0.2755
entirely dialogue:0.2715
ethnic conflict:0.2655
great ending:0.26425
grindhouse:0.26175
indie:0.2585
violent:0.25275
oscar (best directing):0.2525
first contact:0.2505
fantasy:0.24825
atmospheric:0.24
factual:0.2335
adaptation:0.23
unlikeable characters:0.229
crime gone awry:0.228
erotic:0.226
depression:0.226
dreamlike:0.22275
spying:0.2205
gay character:0.21725
lone hero:0.2155
foreign:0.21475
earnest:0.213
adapted from:book:0.2115
story:0.20875
writers:0.20675
idealism:0.20575
shallow:0.2055
stunning:0.20525
bittersweet:0.205
suprisingly clever:0.20375
travel:0.203
justice:0.201
honest:0.19975
complex:0.1985
weapons:0.198
touching:0.19725
good:0.1955
bond:0.195
corruption:0.19375
visual:0.19225
breathtaking:0.192
overrated:0.1915
