zombies:0.98275
virus:0.95925
zombie:0.9325
splatter:0.92475
remake:0.9135
based on a video game:0.88625
apocalypse:0.85625
original:0.78525
horror:0.7825
bad cgi:0.73775
so bad it's funny:0.66825
horrible:0.64075
predictable:0.60525
bad acting:0.60175
bad plot:0.599
action:0.56125
pointless:0.558
post apocalyptic:0.5565
special effects:0.51275
computer game:0.51275
gore:0.511
monster:0.492
post-apocalyptic:0.48975
weapons:0.48175
disaster:0.4475
franchise:0.437
dialogue:0.43525
life & death:0.42575
transformation:0.4245
survival:0.41725
hospital:0.41625
blood:0.407
catastrophe:0.40325
mad scientist:0.39775
not funny:0.39375
scary:0.38725
small town:0.3845
video game:0.38225
gory:0.36
mentor:0.353
first contact:0.3365
stylized:0.334
crappy sequel:0.3325
fight scenes:0.33175
idiotic:0.3315
lone hero:0.33125
cult film:0.32775
better than expected:0.3275
action packed:0.326
great ending:0.3185
awful:0.30875
adapted from:game:0.3085
overrated:0.308
computer animation:0.30125
plot holes:0.301
sequel:0.30075
adaptation:0.299
pg-13:0.2965
storytelling:0.296
low budget:0.29475
brutality:0.29275
social commentary:0.2905
natural disaster:0.28875
entirely dialogue:0.28725
grindhouse:0.28675
sci fi:0.2855
campy:0.28525
nudity (full frontal - brief):0.283
spiders:0.2755
fantasy world:0.27375
werewolves:0.2725
good soundtrack:0.272
unfunny:0.27075
fast paced:0.267
melancholic:0.266
stupid:0.265
bdsm:0.255
original plot:0.2545
big budget:0.2525
life philosophy:0.2525
suspense:0.24375
bad:0.2425
video game adaptation:0.241
good action:0.2395
silly:0.235
cgi:0.2325
entertaining:0.23025
weird:0.229
ridiculous:0.2285
runaway:0.2285
sci-fi:0.22825
twists & turns:0.226
justice:0.2215
camp:0.2195
mutants:0.2195
road movie:0.21725
violence:0.21725
redemption:0.21675
pornography:0.21575
story:0.21525
