werewolves:0.99875
vampires:0.998
vampire:0.98375
nocturnal:0.9835
franchise:0.9825
action:0.9655
prequel:0.9605
werewolf:0.9345
mythology:0.887
gothic:0.88025
fight scenes:0.863
immortality:0.84525
goth:0.82425
big budget:0.82075
special effects:0.7845
dialogue:0.71925
bad cgi:0.69825
good action:0.69425
betrayal:0.683
pg-13:0.67475
supernatural:0.64175
original:0.6385
realistic action:0.61575
trilogy:0.61575
story:0.61025
bad plot:0.6045
action packed:0.60025
sequels:0.587
series:0.5845
gory:0.57975
cgi:0.56575
better than expected:0.56375
revenge:0.55825
dynamic cgi action:0.557
cool:0.55425
blood:0.54875
transformation:0.5455
plot:0.538
fantasy:0.536
fighting:0.52125
storytelling:0.51925
dark hero:0.50975
computer game:0.5045
rebellion:0.50375
love story:0.49875
survival:0.49375
great ending:0.489
mentor:0.48225
video game:0.4745
catastrophe:0.46975
superheroes:0.46875
predictable:0.46825
dark:0.4595
vengeance:0.45375
dark fantasy:0.452
fantasy world:0.437
lone hero:0.43325
fast paced:0.41925
visual:0.405
great:0.40475
sword fight:0.4045
not funny:0.40175
crappy sequel:0.401
slavery:0.401
effects:0.38625
mutants:0.37425
brutality:0.37025
super hero:0.3655
visually appealing:0.363
awesome soundtrack:0.35875
weapons:0.353
sequel:0.35125
good:0.344
monster:0.3395
underrated:0.33925
adaptation:0.33425
technology:0.33425
life philosophy:0.334
apocalypse:0.325
stylized:0.324
entertaining:0.32175
first contact:0.32125
good soundtrack:0.315
alter ego:0.31
romance:0.3085
excellent script:0.308
destiny:0.3065
dragons:0.30625
disappointing:0.306
ghosts/afterlife:0.306
chase:0.303
heroine in tight suit:0.303
sci fi:0.30275
based on a video game:0.30225
monsters:0.2985
bloody:0.2875
violent:0.286
sexy:0.2855
splatter:0.2845
original plot:0.28325
