highly quotable:0.99375
violence:0.981
violent:0.9795
ensemble cast:0.96425
gratuitous violence:0.95875
dialogue:0.9435
brutality:0.9415
cult classic:0.93525
dark humor:0.92525
bloody:0.9225
great dialogue:0.91975
great acting:0.90325
stylish:0.90025
gangsters:0.89875
excellent script:0.88975
fast paced:0.889
love:0.888
organized crime:0.884
romance:0.87075
gangster:0.87025
brutal:0.86675
original:0.863
action:0.8625
foul language:0.853
good soundtrack:0.85275
mob:0.848
cool:0.84525
pulp:0.83175
tarantino:0.83125
drugs:0.8305
hitman:0.829
mentor:0.8155
great movie:0.81525
quotable:0.8105
good dialogue:0.80275
crime:0.80125
hit men:0.80075
love story:0.78125
crime gone awry:0.772
gunfight:0.77125
splatter:0.7685
intense:0.75575
twists & turns:0.752
stylized:0.7445
visceral:0.74125
vengeance:0.733
dark comedy:0.7075
clever:0.699
sexy:0.69575
guns:0.6955
entirely dialogue:0.69275
talky:0.69125
entertaining:0.68925
great:0.68675
great ending:0.6835
grindhouse:0.68175
blood:0.676
romantic:0.67575
mafia:0.66825
interesting:0.66325
narrated:0.651
storytelling:0.6505
witty:0.6445
good acting:0.63275
script:0.63025
dark hero:0.62875
story:0.62775
gory:0.61475
multiple storylines:0.6135
oscar (best writing - screenplay written directly for the screen):0.61125
imdb top 250:0.60075
runaway:0.59725
cult film:0.593
fun movie:0.58875
excellent:0.5885
pornography:0.58725
ironic:0.58575
chase:0.575
quirky:0.57275
plot twist:0.57225
obsession:0.57025
good action:0.565
action packed:0.56275
caper:0.562
great soundtrack:0.56175
good:0.55675
sexualized violence:0.556
relationships:0.5545
suspense:0.55125
non-linear:0.54925
fight scenes:0.54825
masterpiece:0.54275
imaginary friend:0.541
revenge:0.53925
anti-hero:0.539
very good:0.53325
murder:0.49725
thriller:0.4955
classic:0.49225
adaptation:0.4915
