arnold:0.995
action:0.98625
devil:0.98275
big budget:0.895
apocalypse:0.886
good action:0.8745
special effects:0.8235
chase:0.792
action packed:0.775
cloning:0.7745
fight scenes:0.75425
bad cgi:0.726
original:0.71975
predictable:0.691
cool:0.67625
weapons:0.6685
silly fun:0.64225
explosions:0.6265
bad plot:0.6115
supernatural:0.60575
clones:0.59875
good:0.57175
stylized:0.57025
god:0.57
catastrophe:0.56375
first contact:0.5605
religion:0.5545
great ending:0.54725
fast paced:0.536
bad acting:0.5315
silly:0.53125
lone hero:0.52175
father daughter relationship:0.511
stupid:0.50775
sexualized violence:0.502
so bad it's funny:0.49725
violence:0.49175
horror:0.491
christianity:0.48975
dialogue:0.4815
dynamic cgi action:0.479
story:0.47675
destiny:0.47075
vengeance:0.46675
mentor:0.46625
redemption:0.4645
plot holes:0.45825
fighting:0.4495
demons:0.449
lame:0.44825
brutality:0.44525
car chase:0.4425
pg-13:0.438
entertaining:0.436
stupid as hell:0.4335
fun movie:0.4335
natural disaster:0.4325
runaway:0.43125
snakes:0.42725
cyborgs:0.4255
nudity (topless):0.4205
better than expected:0.42
suspense:0.42
pulp:0.41175
good versus evil:0.41
transformation:0.4095
irish accent:0.40725
exciting:0.4015
plot:0.39825
scary:0.39625
bad:0.3955
sci fi:0.395
biblical:0.394
revenge:0.38675
jesus:0.3855
end of the world:0.38425
mythology:0.37575
guns:0.37575
fantasy world:0.3695
disaster:0.36075
science fiction:0.35975
great:0.358
intense:0.354
bad script:0.353
family:0.34375
bad ending:0.34325
gangsters:0.33475
pornography:0.332
storytelling:0.32875
scifi:0.328
shallow:0.327
stupidity:0.324
fun:0.32375
nudity (topless - notable):0.31875
slapstick:0.31525
police investigation:0.315
adaptation:0.31375
gratuitous violence:0.31325
secret service:0.312
violent:0.309
