tokyo:0.90625
children:0.78925
criterion:0.7775
meditative:0.72275
golden palm:0.71075
childhood:0.6975
greed:0.69525
cinematography:0.68275
bleak:0.67225
loneliness:0.67175
runaway:0.6695
bittersweet:0.66825
social commentary:0.6375
mentor:0.63325
downbeat:0.6325
melancholic:0.6295
crime gone awry:0.629
innocence lost:0.616
intimate:0.60825
independent film:0.6055
drinking:0.59225
original:0.59
movielens top pick:0.587
enigmatic:0.58575
good soundtrack:0.5735
harsh:0.566
melancholy:0.56525
unusual plot structure:0.564
atmospheric:0.562
character study:0.55775
imdb top 250:0.55425
breathtaking:0.5375
great:0.5365
talky:0.535
very good:0.523
great ending:0.52025
allegory:0.5115
tragedy:0.51
visually appealing:0.502
great acting:0.50125
fantasy world:0.4945
based on a true story:0.49125
photography:0.4855
drama:0.481
grim:0.48
scenic:0.46025
oscar (best foreign language film):0.45975
suprisingly clever:0.459
kids:0.45775
transformation:0.45375
catastrophe:0.45075
pornography:0.44775
life philosophy:0.439
friendship:0.4365
understated:0.43625
unlikely friendships:0.43575
beautifully filmed:0.43275
brutality:0.4295
culture clash:0.4275
good:0.4205
lyrical:0.41
artistic:0.40625
poignant:0.4035
depressing:0.398
art:0.3965
amazing cinematography:0.39625
dialogue:0.39375
weird:0.39
documentary:0.388
based on true story:0.38625
very interesting:0.382
dreamlike:0.3805
male nudity:0.38
cerebral:0.36725
japan:0.3655
amazing photography:0.36475
paranoid:0.36375
earnest:0.3615
gunfight:0.35825
affectionate:0.35475
storytelling:0.3505
touching:0.34825
dreams:0.3475
police investigation:0.34725
heartbreaking:0.3455
entirely dialogue:0.345
silent:0.34125
nocturnal:0.33925
good acting:0.335
stylized:0.33075
small town:0.3295
obsession:0.32775
grindhouse:0.326
hotel:0.3255
narrated:0.32425
california:0.3225
reflective:0.32075
weapons:0.3205
beautiful scenery:0.31675
great soundtrack:0.316
