ninja:0.99125
sexualized violence:0.98225
anime:0.979
violent:0.953
violence:0.9495
fight scenes:0.92375
action:0.904
japan:0.893
martial arts:0.86825
stylized:0.86625
samurai:0.865
storytelling:0.86225
animated:0.852
bloody:0.8515
dark hero:0.848
animation:0.8335
original:0.83275
splatter:0.82875
visually stunning:0.828
good soundtrack:0.78375
brutality:0.779
great movie:0.7745
stylish:0.7735
firefly:0.7735
vengeance:0.765
gory:0.763
visual:0.75425
blood:0.7435
sword fighting:0.74025
fighting:0.73475
good:0.7315
story:0.72825
visually appealing:0.7205
cool:0.71875
animal movie:0.718
demons:0.71675
interesting:0.71325
complex:0.7095
stunning:0.70625
mentor:0.705
intense:0.70025
supernatural:0.69925
fast paced:0.69875
tense:0.68625
dark:0.676
visceral:0.67225
dialogue:0.66975
assassin:0.66525
great:0.6575
great ending:0.6435
fantasy world:0.64275
nocturnal:0.636
cult classic:0.62525
very interesting:0.6235
masterpiece:0.6175
corruption:0.61725
highly quotable:0.6145
sword fight:0.61375
anti-hero:0.61175
quotable:0.608
social commentary:0.6075
action packed:0.60725
revenge:0.59975
good action:0.599
graphic novel:0.5945
breathtaking:0.59125
creativity:0.584
amazing photography:0.58375
atmospheric:0.5835
very good:0.5705
tokyo:0.56425
betrayal:0.5595
plot twist:0.559
transformation:0.551
weird:0.54575
excellent:0.54475
imdb top 250:0.54425
secrets:0.54
clever:0.53475
assassination:0.5305
awesome soundtrack:0.52975
japanese:0.52775
animals:0.5275
nudity:0.5275
very funny:0.5255
sexy:0.52475
harsh:0.52025
suspense:0.52025
narrated:0.51875
classic:0.5125
brutal:0.5105
suprisingly clever:0.50275
talky:0.50025
weapons:0.49725
forceful:0.49425
kick-butt women:0.49375
colourful:0.4925
original plot:0.49175
goofy:0.48925
pornography:0.486
