strippers:0.99225
pornography:0.888
male nudity:0.88175
dancing:0.86925
sexy:0.80075
women:0.7905
original:0.7495
mentor:0.714
dance:0.69625
pointless:0.678
drugs:0.66675
good soundtrack:0.602
dialogue:0.595
nudity (topless):0.56925
visually appealing:0.54275
so bad it's funny:0.53325
relationships:0.53175
nudity:0.5295
brutality:0.50325
runaway:0.49975
sex:0.497
erotic:0.48925
fun movie:0.48575
greed:0.46975
shallow:0.4695
predictable:0.46475
great ending:0.4595
girlie movie:0.4535
bad plot:0.4405
catastrophe:0.42975
drama:0.42825
gay character:0.42125
gangsters:0.421
twists & turns:0.41725
hip hop:0.41575
corruption:0.40975
entirely dialogue:0.40225
storytelling:0.395
queer:0.3865
weird:0.3835
chick flick:0.37825
bad ending:0.3765
adolescence:0.3645
honest:0.36025
teen movie:0.35575
drug abuse:0.35475
sexual:0.352
gay:0.34725
talky:0.34125
redemption:0.34125
interesting:0.3395
character study:0.33825
not funny:0.33825
entertaining:0.33425
cinematography:0.325
nudity (full frontal - brief):0.3215
story:0.31975
teen:0.3165
splatter:0.316
nudity (topless - notable):0.315
harsh:0.31325
police investigation:0.3115
suspense:0.30725
internet:0.30625
good dialogue:0.3015
stylized:0.299
culture clash:0.29825
betrayal:0.2955
drinking:0.29525
crime gone awry:0.295
social commentary:0.29
melancholic:0.289
intimate:0.2885
clever:0.28825
adaptation:0.2875
very interesting:0.28675
stereotypes:0.28575
good:0.285
chase:0.285
complex:0.281
overrated:0.27725
bad acting:0.277
first contact:0.27175
absurd:0.2715
existentialism:0.2705
unlikeable characters:0.27025
new jersey:0.26825
no plot:0.2665
teens:0.26625
great acting:0.26575
lone hero:0.2635
death:0.263
gangs:0.26275
workplace:0.26175
dramatic:0.25975
manipulation:0.2545
better than expected:0.2535
nudity (full frontal - notable):0.25275
stylish:0.25275
bad script:0.251
