interracial romance:0.99925
race issues:0.99775
relationships:0.9715
chick flick:0.95975
love story:0.9535
romantic comedy:0.931
romantic:0.92625
sweet:0.83725
segregation:0.8355
love:0.82875
romance:0.77975
girlie movie:0.7215
light:0.7105
feel-good:0.69575
life philosophy:0.69275
women:0.6825
prejudice:0.669
original:0.6505
happy ending:0.62525
sexy:0.6145
race:0.59125
mentor:0.588
islam:0.55825
unlikely friendships:0.55325
great:0.53225
great ending:0.52025
cute:0.51825
hip hop:0.48725
destiny:0.48225
cute!:0.46925
independent film:0.4645
catastrophe:0.46275
stereotypes:0.46125
good soundtrack:0.4535
intimate:0.44775
honest:0.441
beautiful scenery:0.43825
shopping:0.43225
better than expected:0.43025
good romantic comedies:0.4055
marriage:0.40525
fight scenes:0.4015
dialogue:0.39625
runaway:0.3905
not funny:0.37825
feel good movie:0.3775
corporate america:0.36275
fun:0.35425
adaptation:0.35325
culture clash:0.353
predictable:0.3455
london:0.343
dog:0.3385
divorce:0.33525
internet:0.33475
gangsters:0.333
betrayal:0.33075
chase:0.33075
racism:0.32725
awesome soundtrack:0.3245
storytelling:0.32325
cheating:0.31975
good:0.3195
whimsical:0.3165
pg-13:0.3155
idealism:0.31225
courage:0.31
grindhouse:0.305
heartwarming:0.30375
melancholic:0.301
male nudity:0.30075
manipulation:0.3005
great movie:0.299
friendship:0.297
drama:0.2965
sappy:0.29625
multiple storylines:0.29325
cerebral:0.2925
family:0.29225
entirely dialogue:0.28175
oscar (best actress):0.27175
passionate:0.27
identity:0.268
harsh:0.2655
sad but good:0.26475
switching places:0.26325
small town:0.2615
great acting:0.2615
obsession:0.261
corruption:0.2605
british:0.2595
fun movie:0.25925
pornography:0.25875
wedding:0.25875
first contact:0.2545
brutality:0.2545
transformation:0.25275
very funny:0.24825
lone hero:0.24525
gay:0.245
