animation:0.9925
adventure:0.962
computer animation:0.95375
animated:0.95025
swashbuckler:0.917
talking animals:0.886
story:0.88475
cartoon:0.8795
stop motion:0.853
good:0.8345
animals:0.834
mythology:0.778
original:0.7535
pirates:0.75225
animal movie:0.7265
action:0.72225
dialogue:0.70225
disney:0.69775
fast paced:0.681
action packed:0.6705
entertaining:0.63825
kids and family:0.63125
great:0.627
dreamworks:0.62325
books:0.607
storytelling:0.5925
stop-motion:0.56675
childhood:0.56675
fantasy world:0.56375
fun movie:0.557
treasure:0.55275
family:0.55175
fantasy:0.548
great ending:0.54725
kids:0.546
based on a book:0.54075
fun:0.529
monsters:0.5285
good action:0.525
exciting:0.50775
friendship:0.50675
adaptation:0.50225
transformation:0.49025
script:0.488
betrayal:0.48625
pg:0.486
anime:0.4795
excellent:0.468
fight scenes:0.45375
children:0.4535
visually stunning:0.4455
based on book:0.44375
big budget:0.43925
catastrophe:0.439
adapted from:book:0.43475
predictable:0.4315
good soundtrack:0.427
unlikely friendships:0.42275
aardman studios:0.421
very good:0.419
romance:0.4145
cute:0.41275
wizards:0.4115
good versus evil:0.40775
dragons:0.40725
colourful:0.40525
anti-hero:0.4045
destiny:0.40425
cgi:0.403
stereotypes:0.402
creativity:0.4015
alter ego:0.39725
book was better:0.3925
oscar (best animated feature):0.389
mentor:0.3855
greed:0.38475
clever:0.38075
sexy:0.38075
pg-13:0.37625
chase:0.36525
very funny:0.36025
special effects:0.343
beautiful scenery:0.33925
great movie:0.3335
lone hero:0.33225
silly:0.332
happy ending:0.33175
literature:0.33125
humorous:0.329
sword fight:0.3275
redemption:0.3195
treasure hunt:0.315
life philosophy:0.31425
funny:0.314
witty:0.3115
visually appealing:0.30875
not as good as the first:0.30775
stylized:0.30575
jungle:0.3045
not funny:0.3025
