tense:0.96825
serial killer:0.963
based on a book:0.9625
obsession:0.93175
suspense:0.93175
psychological:0.93125
suspenseful:0.92775
psychology:0.896
creepy:0.89125
kidnapping:0.84175
disturbing:0.8165
criterion:0.80575
thriller:0.80325
adapted from:book:0.799
allegory:0.79325
cinematography:0.78425
intimate:0.74425
brutality:0.7195
dark:0.70325
violent:0.69975
paranoia:0.68675
original:0.681
intense:0.652
atmospheric:0.65125
beautifully filmed:0.64775
enigmatic:0.64425
sexualized violence:0.6345
claustrophobic:0.63125
solitude:0.60675
great ending:0.5985
adaptation:0.59475
grindhouse:0.59025
twists & turns:0.59
pornography:0.5885
macabre:0.5835
murder:0.57375
ominous:0.55875
visceral:0.53825
loneliness:0.53775
twist:0.53525
art:0.535
social commentary:0.52775
paranoid:0.52625
twist ending:0.52525
insanity:0.52225
downbeat:0.51775
masterpiece:0.51375
golden palm:0.50875
suprisingly clever:0.50625
visually appealing:0.5015
gory:0.50075
amazing photography:0.49875
mentor:0.4925
melancholy:0.4925
horror:0.4915
mindfuck:0.48275
nudity (full frontal - notable):0.48075
dark humor:0.47975
hospital:0.47475
weird:0.471
stylized:0.46425
cerebral:0.459
biting:0.4565
blindness:0.44775
good soundtrack:0.44625
runaway:0.44475
brutal:0.442
cult film:0.4385
cult classic:0.4305
grim:0.43
vengeance:0.4295
dialogue:0.42275
sexy:0.413
catastrophe:0.40625
beautiful scenery:0.4055
based on book:0.4045
great:0.40175
harsh:0.40075
alter ego:0.39525
transformation:0.39075
censorship:0.388
talky:0.3865
spiders:0.38325
imdb top 250:0.383
survival:0.38275
melancholic:0.38275
eerie:0.38225
erotic:0.382
not funny:0.37625
betrayal:0.37525
culture clash:0.367
moody:0.366
excellent:0.36525
period piece:0.365
character study:0.3625
narrated:0.36175
artistic:0.3525
great acting:0.352
understated:0.352
storytelling:0.35025
