based on a book:0.97175
revolution:0.96525
rebellion:0.945
trilogy:0.9295
dystopia:0.90625
pg-13:0.893
action:0.89075
franchise:0.88425
adapted from:book:0.83475
visually appealing:0.81775
women:0.78275
sacrifice:0.78225
books:0.764
catastrophe:0.755
teen movie:0.7435
based on book:0.74275
manipulation:0.73575
great ending:0.717
adaptation:0.682
propaganda:0.678
survival:0.67375
action packed:0.654
teen:0.6535
original:0.64
betrayal:0.63025
dialogue:0.61875
reality tv:0.608
series:0.59
book was better:0.549
plot:0.54475
special effects:0.54075
predictable:0.5375
brainwashing:0.536
mentor:0.5145
intense:0.503
slow paced:0.47075
segregation:0.46775
weapons:0.4665
mutants:0.46625
fight scenes:0.46225
storytelling:0.4605
vengeance:0.4575
happy ending:0.45525
president:0.4525
brutality:0.4445
politics:0.4445
great:0.4445
revenge:0.43275
story:0.42825
love triangles:0.4225
big budget:0.41575
chase:0.412
fantasy world:0.407
exciting:0.3995
visually stunning:0.397
suspense:0.39475
better than expected:0.3805
not funny:0.375
exceptional acting:0.37025
excellent script:0.3695
book:0.36675
girlie movie:0.36625
science fiction:0.36325
death:0.35975
assassination:0.35475
pornography:0.35325
emotional:0.3525
disappointing:0.352
parallel universe:0.349
murder:0.34675
culture clash:0.3465
adventure:0.34225
drama:0.3305
silly:0.326
destiny:0.32475
fighting:0.3215
runaway:0.321
social commentary:0.31825
good soundtrack:0.31
lone hero:0.29825
political:0.29725
fast paced:0.2965
beautiful scenery:0.29425
apocalypse:0.2935
life philosophy:0.28975
good:0.286
melancholic:0.2855
entertaining:0.28175
sisters:0.2775
unfunny:0.27675
justice:0.27625
superheroes:0.2745
bombs:0.27325
interesting:0.27125
complex:0.26775
crude humor:0.2675
greed:0.2655
transformation:0.265
visuals:0.262
bad cgi:0.262
