sports:0.997
cult classic:0.8955
violence:0.8775
foul language:0.87125
comedy:0.85875
violent:0.813
goofy:0.805
original:0.78625
quotable:0.7675
great movie:0.76525
hilarious:0.74975
classic:0.74625
gay character:0.74375
mentor:0.73325
fun movie:0.69575
cult film:0.692
brothers:0.6915
great:0.68625
drinking:0.6835
dialogue:0.6615
brutality:0.647
fighting:0.64125
dark hero:0.6255
golf:0.60025
new jersey:0.596
highly quotable:0.595
very funny:0.59325
underdog:0.5875
humorous:0.58625
witty:0.5805
1970s:0.57925
good soundtrack:0.5765
irreverent:0.57625
inspirational:0.571
funny:0.57
nudity (topless):0.5635
fun:0.5605
bloody:0.5595
oscar (best directing):0.55925
oscar (best actress):0.55625
humor:0.5405
social commentary:0.535
fight scenes:0.535
clever:0.53075
forceful:0.529
small town:0.52425
transformation:0.51725
great acting:0.5135
good:0.5115
crime gone awry:0.50575
cool:0.503
feel-good:0.50275
visceral:0.496
great ending:0.49525
oscar (best supporting actress):0.49525
oscar (best supporting actor):0.4905
off-beat comedy:0.48575
funny as hell:0.47625
imdb top 250:0.464
runaway:0.46375
talky:0.4625
adaptation:0.4615
satire:0.4585
interesting:0.457
life philosophy:0.4555
blood:0.45475
gangsters:0.45275
feel good movie:0.45125
drama:0.44725
cult:0.4455
redemption:0.444
anti-hero:0.4395
realistic:0.43675
beer:0.4255
gritty:0.42475
grindhouse:0.42225
fighting the system:0.4215
brutal:0.42025
honest:0.42
narrated:0.4165
underrated:0.4135
competition:0.4075
afi 100 (movie quotes):0.40175
oscar:0.40075
storytelling:0.4005
catastrophe:0.399
corruption:0.39775
story:0.396
criterion:0.39325
alter ego:0.388
football:0.38125
1980s:0.38
entertaining:0.3765
period piece:0.375
bullying:0.37425
suprisingly clever:0.37225
unlikely friendships:0.371
atmospheric:0.3685
inspiring:0.368
adapted from:book:0.36575
