vampires:0.99575
vampire:0.98
splatter:0.96925
dark humor:0.95075
vengeance:0.92525
weird:0.9055
stylish:0.87675
blood:0.867
original:0.853
violence:0.83725
cinematography:0.8265
violent:0.8165
horror:0.807
dark comedy:0.8015
dark:0.80025
bloody:0.78725
psychological:0.75975
brutality:0.75375
disturbing:0.7225
black comedy:0.72225
cult classic:0.7085
macabre:0.707
immortality:0.67975
gory:0.667
hospital:0.6605
stylized:0.6495
sex:0.63525
surreal:0.63275
grindhouse:0.63225
loneliness:0.63025
good soundtrack:0.62975
intense:0.62825
criterion:0.6195
cult film:0.618
insanity:0.60975
social commentary:0.60925
visceral:0.604
life & death:0.59925
betrayal:0.5865
drinking:0.57925
atmospheric:0.57125
scary:0.55175
dark hero:0.54925
erotic:0.54775
melancholic:0.5435
revenge:0.5425
obsession:0.5405
biting:0.5405
dysfunctional family:0.5395
storytelling:0.53925
death:0.5365
sexualized violence:0.53625
life philosophy:0.5255
great ending:0.513
creepy:0.51075
relationships:0.51025
complex:0.5055
moral ambiguity:0.50525
talky:0.502
nocturnal:0.50075
intimate:0.49725
demons:0.48725
adaptation:0.48175
mental illness:0.46975
drama:0.46825
visual:0.4655
passionate:0.46475
romance:0.462
runaway:0.46075
visually appealing:0.46
twists & turns:0.4585
redemption:0.45375
melancholy:0.4505
depression:0.44825
goretastic:0.44575
pornography:0.4325
honest:0.4275
dialogue:0.4255
cult:0.424
strange:0.42375
mentor:0.4215
brutal:0.4205
very interesting:0.418
goth:0.417
doctors:0.416
catastrophe:0.4085
adapted from:book:0.408
supernatural:0.407
nudity (full frontal - notable):0.401
quirky:0.40075
gratuitous violence:0.3955
psychology:0.39425
transformation:0.3895
masterpiece:0.38375
childhood:0.383
narrated:0.382
tragedy:0.37925
hitman:0.37075
entirely dialogue:0.36725
absurd:0.367
