animation:0.9865
animals:0.9805
family:0.95825
computer animation:0.91775
kids and family:0.906
animated:0.89675
father daughter relationship:0.88425
animal movie:0.842
children:0.757
creativity:0.73025
original:0.724
adventure:0.7185
kids:0.683
cartoon:0.67375
comedy:0.6525
family bonds:0.649
story:0.6345
3d:0.604
catastrophe:0.59825
natural disaster:0.59475
funny:0.59425
dysfunctional family:0.58
good:0.5745
cute:0.568
cute!:0.56725
stereotypes:0.55175
storytelling:0.53425
great ending:0.52875
great:0.52175
visuals:0.52
talking animals:0.517
culture clash:0.5145
heartwarming:0.51025
jungle:0.5025
dialogue:0.49275
very funny:0.49275
family drama:0.485
entertaining:0.46825
beautiful scenery:0.4635
end of the world:0.45825
visual:0.4525
humorous:0.4505
predictable:0.44425
crude humor:0.4425
visually stunning:0.441
stunning:0.43925
fun:0.43675
humor:0.43075
better than expected:0.4305
pg-13:0.41675
fantasy world:0.4165
clever:0.4155
happy ending:0.40825
weird:0.4035
inspirational:0.3975
chase:0.39175
fun movie:0.38875
big budget:0.3845
action:0.37025
runaway:0.36675
disney:0.36625
transformation:0.3635
light:0.35875
mentor:0.354
touching:0.34775
fast paced:0.346
parenthood:0.3455
redemption:0.33825
good action:0.337
excellent script:0.332
slapstick:0.33125
bad plot:0.32025
life philosophy:0.319
whimsical:0.3175
visually appealing:0.315
childhood:0.312
environmental:0.30625
melancholic:0.30425
feel-good:0.3015
witty:0.30125
unfunny:0.301
colourful:0.301
not funny:0.29775
oscar (best cinematography):0.29675
adoption:0.29525
dreamworks:0.292
brothers:0.29125
allegory:0.2855
plot:0.28225
suprisingly clever:0.28225
environment:0.282
oscar:0.2815
good soundtrack:0.2815
secrets:0.2815
feel good movie:0.28025
oscar (best animated feature):0.27375
road trip:0.26925
franchise:0.268
emotional:0.26425
adaptation:0.263
