jungle:0.919
based on a comic:0.88275
sexy:0.847
nudity (topless):0.817
animals:0.808
original:0.758
predictable:0.728
weapons:0.71525
adventure:0.70125
horrible:0.67675
nudity:0.65425
so bad it's funny:0.634
violence:0.624
bad plot:0.55775
chase:0.555
dialogue:0.54725
campy:0.5435
nudity (full frontal - brief):0.539
pulp:0.53475
action:0.5245
talking animals:0.52225
fantasy:0.5165
bad script:0.51325
disaster:0.49
silly:0.48825
plot holes:0.488
family:0.48525
superhero:0.4845
80s:0.477
erotic:0.47675
goofy:0.46675
pornography:0.46425
pg-13:0.45975
cinematography:0.45475
mentor:0.45275
first contact:0.45125
crappy sequel:0.447
special effects:0.44
great ending:0.4375
lions:0.4285
big budget:0.42225
overrated:0.422
superheroes:0.421
teens:0.41625
bad:0.4155
romance:0.41475
brutality:0.4045
adaptation:0.403
based on comic:0.3995
fantasy world:0.398
silly fun:0.39575
pointless:0.39175
teen movie:0.3845
catastrophe:0.381
cult film:0.379
entirely dialogue:0.376
comic book:0.367
death:0.36525
not funny:0.36475
africa:0.3555
splatter:0.35375
shallow:0.35325
unusual plot structure:0.352
super hero:0.34725
nudity (topless - notable):0.34625
quirky:0.3425
franchise:0.3425
adapted from:comic:0.3395
slapstick:0.33875
vampire human love:0.33775
beautiful scenery:0.334
assassination:0.33225
unintentionally funny:0.33175
comics:0.3255
fight scenes:0.324
melancholic:0.32
redemption:0.31775
horses:0.31725
camp:0.3145
stupid as hell:0.31125
1930s:0.3105
idiotic:0.30825
lone hero:0.30775
boring:0.3065
writers:0.30525
sexualized violence:0.30425
story:0.3035
sci fi:0.30125
fun:0.30075
super-hero:0.30025
runaway:0.2965
guilty pleasure:0.296
fun movie:0.287
stereotypes:0.2855
pg:0.283
bad acting:0.282
natural disaster:0.28075
good:0.2805
multiple storylines:0.277
censorship:0.27525
