criterion:0.99325
art:0.98125
artist:0.957
artistic:0.9545
fake documentary:0.92675
enigmatic:0.899
biographical:0.898
masterpiece:0.86525
narrated:0.8425
biography:0.836
documentary:0.78475
oscar (best actress):0.78125
melancholy:0.7805
stylized:0.773
greed:0.76675
nudity (topless - brief):0.75925
original:0.754
talky:0.7535
biopic:0.7505
obsession:0.73375
golden palm:0.71675
oscar (best supporting actress):0.71375
runaway:0.693
whimsical:0.69125
oscar (best directing):0.6845
black and white:0.68225
harsh:0.682
complex:0.676
cerebral:0.67425
passionate:0.664
mockumentary:0.659
intimate:0.6445
fun movie:0.63675
pornography:0.617
very interesting:0.616
melancholic:0.614
mentor:0.59575
reflective:0.595
tense:0.592
interesting:0.59175
imdb top 250:0.591
unusual plot structure:0.57675
storytelling:0.57625
1970s:0.57575
forceful:0.5725
brainwashing:0.57
movielens top pick:0.5645
character study:0.56275
journalism:0.55375
cynical:0.55275
corruption:0.54675
atmospheric:0.53875
surreal:0.5255
ironic:0.52425
meditative:0.52325
relationships:0.51975
eccentricity:0.5155
hotel:0.506
gunfight:0.49675
suprisingly clever:0.495
nudity (full frontal - notable):0.491
downbeat:0.487
perfect:0.47725
breathtaking:0.47675
con men:0.47575
sexy:0.4745
creativity:0.47225
oscar (best writing - screenplay written directly for the screen):0.46825
affectionate:0.467
great ending:0.46675
great:0.46675
paranoid:0.46425
imagination:0.45
oscar (best foreign language film):0.45
surveillance:0.44675
dialogue:0.445
idealism:0.4425
crime gone awry:0.43975
visceral:0.43825
nudity (topless):0.43575
gangsters:0.43275
afi 100 (movie quotes):0.42675
philosophical:0.421
adapted from:book:0.4175
visually appealing:0.41425
disturbing:0.41075
classic:0.40925
spanish:0.40675
bleak:0.4065
based on a play:0.403
brutality:0.40125
loneliness:0.40125
light:0.40075
weird:0.40025
radio:0.398
poetry:0.3945
stylish:0.39325
mental illness:0.393
distopia:0.39275
culture clash:0.38975
