controversial:0.98175
fascism:0.97775
pornography:0.9705
bdsm:0.94325
criterion:0.943
disturbing:0.9415
sexual:0.92075
rape:0.916
brutality:0.89275
sexualized violence:0.886
sexual abuse:0.78625
hard to watch:0.7745
based on a book:0.76175
art house:0.728
grindhouse:0.68525
bleak:0.67
censorship:0.62625
enigmatic:0.61525
weird:0.6115
original:0.6005
torture:0.58475
erotic:0.57775
voyeurism:0.5735
harsh:0.5675
pointless:0.5645
visceral:0.5455
violence:0.54375
allegory:0.53825
brutal:0.5295
obsession:0.52175
masterpiece:0.51675
nudity (full frontal - notable):0.4925
intellectual:0.4325
surreal:0.4315
hallucinatory:0.42825
art:0.427
social commentary:0.4215
golden palm:0.41125
macabre:0.4005
psychological:0.4
cult film:0.3865
splatter:0.38625
catastrophe:0.384
cannibalism:0.38225
so bad it's funny:0.381
talky:0.371
storytelling:0.36525
mentor:0.35425
male nudity:0.354
humanity:0.354
psychology:0.34325
artistic:0.34025
violent:0.3365
adaptation:0.33225
gruesome:0.31125
very interesting:0.3085
thought-provoking:0.3055
not funny:0.30325
good soundtrack:0.299
dialogue:0.29075
prostitution:0.27825
kidnapping:0.27625
grim:0.2745
moral ambiguity:0.27
great ending:0.267
brainwashing:0.26675
incest:0.265
stylized:0.2635
redemption:0.26125
vengeance:0.2525
based on book:0.25225
entirely dialogue:0.252
life philosophy:0.2495
corruption:0.2485
greed:0.24675
melancholic:0.2465
runaway:0.2455
existentialism:0.24425
suprisingly clever:0.24075
sexuality:0.23975
guilt:0.23725
culture clash:0.234
pretentious:0.2335
satirical:0.233
atmospheric:0.22925
multiple storylines:0.22675
confrontational:0.224
first contact:0.22375
surrealism:0.22075
cult classic:0.2205
sex:0.21975
overrated:0.2195
death:0.217
cerebral:0.2165
honest:0.2135
reflective:0.21275
fantasy world:0.211
stoner movie:0.21075
latin america:0.21
adapted from:book:0.20875
