bdsm:0.962
obsession:0.924
talky:0.886
enigmatic:0.885
relationships:0.8585
weird:0.841
cinematography:0.8315
ominous:0.8185
tense:0.806
marriage:0.7865
strange:0.7585
original:0.75175
psychology:0.7285
based on a book:0.72375
paranoid:0.71875
non-linear:0.71425
complex:0.69925
twists & turns:0.693
unlikeable characters:0.69275
mystery:0.685
dialogue:0.68425
loneliness:0.67325
crime gone awry:0.65725
psychological:0.64325
divorce:0.63925
brutality:0.633
sexy:0.628
paranoia:0.62425
erotic:0.619
story:0.6115
allegory:0.60875
criterion:0.608
art house:0.5955
atmospheric:0.58975
suspenseful:0.58675
adaptation:0.5805
intimate:0.56925
suspense:0.567
surreal:0.56575
great ending:0.563
claustrophobic:0.55225
macabre:0.5505
multiple storylines:0.54625
entirely dialogue:0.5425
life philosophy:0.54075
unusual plot structure:0.52825
melancholic:0.528
death:0.523
storytelling:0.52225
cerebral:0.5185
pointless:0.51575
secrets:0.514
disturbing:0.513
art:0.50175
gay:0.49675
writers:0.49225
beautifully filmed:0.4895
pornography:0.48875
clever:0.48425
creepy:0.48125
romance:0.48
costume drama:0.468
noir:0.45925
nocturnal:0.458
runaway:0.4565
nudity (full frontal - brief):0.456
nonlinear:0.45525
quirky:0.45525
whimsical:0.4495
stylish:0.447
narrated:0.442
reflective:0.43725
ironic:0.4345
dark:0.43
author:neil gaiman:0.4245
screwball:0.424
moody:0.42
scenic:0.4185
solitude:0.414
dreamlike:0.4135
sexual:0.4125
character study:0.411
violent:0.4095
so bad it's funny:0.40825
beautiful scenery:0.408
catastrophe:0.4065
adultery:0.4035
stylized:0.40275
based on a play:0.402
existentialism:0.39075
redemption:0.389
confusing:0.389
mentor:0.3855
british:0.38425
light:0.3835
gangsters:0.3815
happy ending:0.38025
destiny:0.38025
plot:0.37425
not funny:0.3715
