superheroes:0.96125
super hero:0.95875
superhero:0.957
based on a comic:0.9475
adapted from:comic:0.941
comic book:0.85525
death:0.8185
solitude:0.813
animation:0.79825
story:0.75925
dc comics:0.739
fight scenes:0.71625
clones:0.71575
original:0.69725
cartoon:0.68625
pg-13:0.662
life & death:0.61675
comic:0.61625
firefly:0.6085
alter ego:0.607
comics:0.59725
lone hero:0.59625
justice:0.582
action:0.56825
giant robots:0.5635
storytelling:0.56
goofy:0.55675
adaptation:0.534
apocalypse:0.53225
animal movie:0.52
brutality:0.51825
cloning:0.5115
absurd:0.5025
cyborgs:0.4935
silly:0.49
nudity (full frontal - brief):0.48775
animals:0.4865
graphic novel:0.47775
animated:0.466
catastrophe:0.446
good action:0.44225
violence:0.4385
parody:0.42925
creativity:0.42075
action packed:0.40875
transformation:0.40425
anti-hero:0.389
dialogue:0.3875
life philosophy:0.3655
not funny:0.3645
mentor:0.36225
dark hero:0.36175
vengeance:0.35925
good:0.3555
ridiculous:0.34975
fast paced:0.34925
chase:0.3465
great ending:0.346
slapstick:0.344
pulp:0.34075
fighting:0.33875
super-hero:0.336
melancholic:0.3325
franchise:0.32175
kick-butt women:0.31975
unfunny:0.3135
predictable:0.31325
identity:0.30075
series:0.29825
computer animation:0.298
blood:0.297
marvel:0.29675
crude humor:0.29625
cancer:0.29
spiders:0.28775
stylized:0.2845
monsters:0.2825
destiny:0.27775
bad plot:0.2725
weapons:0.27125
silly fun:0.271
so bad it's funny:0.26475
goth:0.26325
betrayal:0.26
entirely dialogue:0.259
cgi:0.2585
stylish:0.2525
based on a video game:0.24875
disaster:0.24575
funny as hell:0.24475
first contact:0.2445
mad scientist:0.24225
irish accent:0.23975
bad cgi:0.23925
visually appealing:0.23825
police investigation:0.23675
great:0.23625
good soundtrack:0.23425
kung fu:0.23375
humor:0.2325
