robots:0.9975
robot:0.99675
adapted from:game:0.989
giant robots:0.98675
father son relationship:0.952
action:0.9445
fighting:0.9375
futuristic:0.936
sci-fi:0.9
big budget:0.87975
technology:0.87625
pg-13:0.87475
future:0.86875
science fiction:0.8445
fight scenes:0.831
feel-good:0.82425
special effects:0.78975
story:0.78325
scifi:0.7765
visually appealing:0.776
sci fi:0.7745
android(s)/cyborg(s):0.766
father-son relationship:0.7545
mentor:0.75125
boxing:0.751
product placement:0.74525
action packed:0.737
plot:0.735
redemption:0.733
predictable:0.70625
feel good movie:0.691
good action:0.672
original:0.66825
artificial intelligence:0.653
entertaining:0.626
cgi:0.62375
kids and family:0.62275
rags to riches:0.6195
catastrophe:0.618
fun movie:0.615
dialogue:0.60925
first contact:0.607
visually stunning:0.6065
sports:0.604
childhood:0.60125
storytelling:0.60075
corny:0.59875
underdog:0.597
unrealistic:0.587
chase:0.58025
destiny:0.57475
bad science:0.5685
superheroes:0.568
great ending:0.56425
good:0.55
happy ending:0.54175
fun:0.5325
fast paced:0.52625
plot holes:0.52525
great:0.523
family drama:0.51975
family:0.5125
cool:0.5085
better than expected:0.5075
franchise:0.50575
runaway:0.501
dynamic cgi action:0.49525
life & death:0.48725
transformation:0.4825
sentimental:0.47125
watch the credits:0.4675
androids:0.46575
fantasy world:0.46325
visuals:0.463
inspirational:0.461
so bad it's funny:0.45875
heartwarming:0.45475
life philosophy:0.4525
clones:0.44975
exciting:0.445
adventure:0.44325
silly:0.441
touching:0.4315
natural disaster:0.43025
effects:0.42775
super hero:0.4265
visual:0.42375
cheesy:0.423
cloning:0.40875
enormously long battle scene:0.40325
awesome soundtrack:0.40075
survival:0.399
emotional:0.396
inspiring:0.3915
kids:0.383
creativity:0.3825
beautiful scenery:0.382
culture clash:0.37825
not funny:0.375
humanity:0.373
