based on a book:0.97675
fantasy:0.976
fairy tale:0.96425
destiny:0.961
love story:0.96
romantic:0.95775
visually appealing:0.9025
magic:0.87725
romance:0.86475
based on book:0.80925
fairy tales:0.79875
magic realism:0.7755
good versus evil:0.7745
original:0.75925
irish accent:0.74475
new york city:0.74275
adaptation:0.7355
love:0.7285
whimsical:0.71425
happy ending:0.7125
mentor:0.69875
fantasy world:0.69775
mythology:0.686
imagination:0.679
dark fantasy:0.664
story:0.659
so bad it's funny:0.6335
supernatural:0.63275
immortality:0.621
books:0.62025
beautiful scenery:0.61975
cinematography:0.6125
allegory:0.608
nudity (topless - notable):0.57975
demons:0.57725
visually stunning:0.552
life & death:0.52575
adapted from:book:0.5105
first contact:0.51025
good:0.50925
transformation:0.50025
chick flick:0.49975
bad cgi:0.496
dialogue:0.494
storytelling:0.4775
romantic comedy:0.46725
predictable:0.46575
death:0.4615
relationships:0.449
sentimental:0.44475
great ending:0.444
special effects:0.44325
horses:0.442
melancholic:0.442
good soundtrack:0.4405
catastrophe:0.4385
runaway:0.425
light:0.42475
devil:0.4205
literature:0.415
adventure:0.40925
absurd:0.40875
girlie movie:0.4085
gangsters:0.40825
clever:0.40675
feel-good:0.3995
cancer:0.3965
passionate:0.394
sacrifice:0.393
justice:0.38725
plot:0.3855
writers:0.38275
surreal:0.38125
sci fi:0.376
sweet:0.3715
book was better:0.37125
memory:0.37075
underrated:0.36775
pulp:0.366
island:0.36275
great:0.3525
directorial debut:0.35075
plot holes:0.35025
cerebral:0.35
weird:0.35
not funny:0.3485
book:0.34825
witches:0.34725
bittersweet:0.34425
new york:0.335
visuals:0.332
brutality:0.33075
life philosophy:0.33075
stylized:0.3295
women:0.328
modern fantasy:0.32575
narrated:0.324
beautiful:0.323
lone hero:0.322
silly:0.318
