vampire human love:1.0
based on a book:0.99425
distopia:0.99
dystopia:0.98
teen:0.97025
based on book:0.9535
adapted from:book:0.9415
teen movie:0.934
pg-13:0.885
visually appealing:0.8295
books:0.82625
action:0.825
plot holes:0.804
girlie movie:0.7855
book was better:0.782
futuristic:0.76075
post-apocalyptic:0.75525
adaptation:0.75425
sci-fi:0.72475
catastrophe:0.71675
survival:0.66875
book:0.668
predictable:0.649
original:0.6325
teens:0.619
mentor:0.612
fighting the system:0.6075
so bad it's funny:0.58875
better than expected:0.58575
chick flick:0.58425
post apocalyptic:0.57825
maze:0.57125
rebellion:0.56275
women:0.55025
dialogue:0.53325
visually stunning:0.53
big budget:0.52675
good soundtrack:0.521
plot:0.503
science fiction:0.49725
utopia:0.49075
romance:0.48575
future:0.47375
revolution:0.47175
sci fi:0.46875
segregation:0.46775
bad plot:0.46625
surreal:0.45275
story:0.451
bad acting:0.4455
manipulation:0.43875
silly:0.43525
scifi:0.4315
shallow:0.4305
teenagers:0.4295
sacrifice:0.42875
horrible:0.424
entertaining:0.41625
teenager:0.4155
absurd:0.41075
runaway:0.40925
not funny:0.40175
fantasy world:0.39775
special effects:0.3965
technology:0.39575
great ending:0.391
destiny:0.3905
fight scenes:0.3865
culture clash:0.37625
beautiful scenery:0.37375
reality tv:0.36975
genocide:0.36725
franchise:0.35525
natural disaster:0.3515
bad cgi:0.34825
pornography:0.34225
fashion:0.3335
life philosophy:0.32975
betrayal:0.32775
action packed:0.3265
crude humor:0.32175
stereotypes:0.3205
dumb:0.312
queer:0.31175
unrealistic:0.31075
romantic:0.3105
storytelling:0.30875
graphic design:0.30625
love story:0.30225
lone hero:0.3
transformation:0.2995
literature:0.298
happy ending:0.29775
visuals:0.29225
adventure:0.2895
apocalypse:0.28725
trilogy:0.28575
good:0.2775
sequels:0.277
allegory:0.27525
