abortion:0.93925
pregnancy:0.8445
light:0.806
stereotypes:0.80075
good soundtrack:0.793
lesbian:0.779
gay:0.777
girlie movie:0.75225
crime gone awry:0.748
independent film:0.744
teen:0.739
based on a play:0.715
sarcasm:0.713
family:0.70875
relationships:0.708
vengeance:0.70525
dialogue:0.69825
intimate:0.6975
manipulation:0.69325
social commentary:0.68125
oscar (best actress):0.67975
character study:0.66775
death:0.66125
depression:0.65675
women:0.6495
destiny:0.64025
original:0.63925
greed:0.62275
life philosophy:0.6225
fun movie:0.6205
runaway:0.617
teen movie:0.61225
unusual plot structure:0.61225
melancholic:0.6115
indie:0.601
alter ego:0.60075
transgender:0.5965
suspense:0.59375
criterion:0.5935
dysfunctional family:0.592
road movie:0.5825
honest:0.57125
coming-of-age:0.56975
childhood:0.5695
quirky:0.5675
catastrophe:0.56325
talky:0.55925
obsession:0.55825
high school:0.55825
gory:0.5575
clever:0.55275
visually appealing:0.55025
tragedy:0.55
weed:0.54625
foul language:0.538
kids:0.5375
heartbreaking:0.5315
goretastic:0.52225
road trip:0.52075
sexualized violence:0.5155
mentor:0.51475
great ending:0.508
friendship:0.508
bittersweet:0.5015
affectionate:0.496
bullying:0.491
life:0.487
teenager:0.484
dialogue driven:0.483
underrated:0.47425
gay character:0.47275
great:0.472
off-beat comedy:0.47125
unlikely friendships:0.46675
very interesting:0.46625
comedy:0.465
feel good movie:0.46475
writers:0.46375
depressing:0.46175
good:0.46
movielens top pick:0.46
culture clash:0.456
storytelling:0.4535
poignant:0.45325
hospital:0.44975
satire:0.44925
crude humor:0.44925
feel-good:0.447
gangsters:0.4455
powerful ending:0.44275
prejudice:0.43075
classic car:0.4295
original plot:0.4295
hilarious:0.429
quotable:0.427
dark comedy:0.4255
great acting:0.4235
drinking:0.4235
oscar (best directing):0.423
money:0.41625
