tom clancy:1.0
submarine:0.99325
tense:0.99125
cold war:0.9855
espionage:0.98225
action:0.96075
suspense:0.9465
underwater:0.91975
spying:0.91575
spies:0.91225
military:0.90775
thriller:0.9055
chase:0.90175
suspenseful:0.8895
russian:0.88925
intense:0.881
good:0.8805
great acting:0.87925
good action:0.8775
adventure:0.874
spy:0.87025
weapons:0.86525
claustrophobic:0.865
political corruption:0.8555
excellent:0.847
technology:0.838
world politics:0.8375
conspiracy:0.828
based on a book:0.827
fast paced:0.82675
secrets:0.82475
great movie:0.81775
based on book:0.817
books:0.80875
forceful:0.804
runaway:0.799
good acting:0.793
big budget:0.79
adapted from:book:0.78425
catastrophe:0.77975
war:0.77875
dramatic:0.77725
mentor:0.77025
original:0.7665
complex:0.764
exciting:0.7595
plot:0.75625
oscar winner:0.74825
interesting:0.74075
great:0.7405
great ending:0.7355
oscar (best sound):0.73475
adaptation:0.734
nuclear war:0.73175
action packed:0.72675
cia:0.71975
russia:0.715
political:0.7055
clever:0.7015
corruption:0.7
story:0.68925
betrayal:0.6875
oscar (best directing):0.6865
courage:0.68125
dialogue:0.6645
gunfight:0.664
special effects:0.65675
nuclear:0.65525
entertaining:0.64375
very good:0.64375
politics:0.64
drama:0.64
pg-13:0.635
vengeance:0.6335
visual:0.63125
excellent script:0.631
twists & turns:0.6225
imdb top 250:0.61975
propaganda:0.60525
ominous:0.59775
beautiful scenery:0.593
realistic:0.589
fun movie:0.58725
talky:0.5835
oscar (best effects - visual effects):0.5805
justice:0.577
cinematography:0.5705
ocean:0.5645
literature:0.56425
greed:0.56375
original plot:0.563
earnest:0.5565
plot twist:0.55125
assassination:0.5475
violence:0.543
sacrifice:0.54075
storytelling:0.5375
culture clash:0.5375
surveillance:0.52825
lone hero:0.522
