women:0.99325
unlikely friendships:0.97175
friendship:0.9635
chick flick:0.93275
relationships:0.9275
road movie:0.83275
lesbian:0.8005
road trip:0.76225
life philosophy:0.687
aids:0.68025
girlie movie:0.67825
social commentary:0.67375
original:0.6315
gay:0.61575
love:0.582
nudity (topless - notable):0.57725
tear jerker:0.55975
drama:0.54025
mentor:0.53675
touching:0.51625
good:0.4875
drinking:0.48475
good soundtrack:0.48125
sentimental:0.47925
very interesting:0.4765
great:0.46025
catastrophe:0.43575
dramatic:0.4315
romantic:0.43
cancer:0.429
sexy:0.4235
culture clash:0.418
death:0.40475
pornography:0.4045
shallow:0.39925
great ending:0.385
pg-13:0.385
stereotypes:0.3805
emotional:0.37925
secrets:0.37925
california:0.37775
queer:0.377
dialogue:0.37075
loneliness:0.37
interracial romance:0.3655
quirky:0.3625
brutality:0.36025
great acting:0.3575
pregnancy:0.35125
storytelling:0.34225
romance:0.3375
runaway:0.33725
destiny:0.33725
light:0.33175
love story:0.3275
predictable:0.32375
feel-good:0.32325
awesome soundtrack:0.32075
happy ending:0.312
story:0.31
male nudity:0.307
melancholic:0.30575
gay character:0.302
complex characters:0.30025
segregation:0.29925
clever:0.29275
bittersweet:0.291
very funny:0.28975
revenge:0.288
honest:0.28725
redemption:0.2865
life & death:0.28525
fun movie:0.285
sexual:0.28375
sad:0.28375
small town:0.2805
sexuality:0.27875
nudity (topless):0.27675
betrayal:0.27675
cute:0.27525
teen movie:0.27225
nudity (full frontal - brief):0.271
cute!:0.27075
sweet:0.26675
feel good movie:0.2665
not funny:0.266
romantic comedy:0.26325
childhood:0.26275
adaptation:0.262
fantasy world:0.2575
natural disaster:0.2565
family:0.25625
weird:0.2545
interesting:0.25425
violence:0.252
justice:0.25175
first contact:0.25025
sacrifice:0.24975
entirely dialogue:0.24975
passionate:0.2495
