franchise:0.98675
fighting:0.97725
boxing:0.91025
father son relationship:0.8895
mentor:0.806
sports:0.80025
series:0.768
predictable:0.761
original:0.75925
bad plot:0.738
good sequel:0.679
russia:0.67575
action:0.667
fight scenes:0.652
brutality:0.58975
sequel:0.583
betrayal:0.56275
drama:0.56025
rags to riches:0.5535
family:0.551
sequels:0.54925
crappy sequel:0.54175
great ending:0.529
underdog:0.507
destiny:0.48325
family drama:0.4695
good action:0.4675
redemption:0.44175
action packed:0.44125
first contact:0.4305
overrated:0.4305
catastrophe:0.4155
life philosophy:0.40625
not funny:0.40175
pg-13:0.401
pointless:0.39175
dialogue:0.38425
inspirational:0.3795
queer:0.37075
fantasy world:0.3655
big budget:0.3515
so bad it's funny:0.3485
nostalgic:0.33825
disaster:0.33775
vengeance:0.3365
doctors:0.33325
story:0.33325
intense:0.32125
bullying:0.3115
great:0.30675
unfunny:0.3055
camp:0.302
transformation:0.29925
lone hero:0.299
adaptation:0.29725
storytelling:0.296
shallow:0.2935
chase:0.293
corruption:0.29225
natural disaster:0.287
runaway:0.283
good:0.27675
culture clash:0.27625
adapted from:comic:0.27425
slapstick:0.272
entirely dialogue:0.2695
silly fun:0.269
pornography:0.26875
revenge:0.2685
girlie movie:0.2675
alter ego:0.2665
lame:0.263
happy ending:0.263
writers:0.26275
greed:0.262
justice:0.2605
special effects:0.2575
unusual plot structure:0.25575
bad cgi:0.25425
weapons:0.25425
good soundtrack:0.25375
immortality:0.2525
clones:0.25225
sci fi:0.251
passionate:0.24525
adventure:0.245
underrated:0.242
dysfunctional family:0.24175
melancholic:0.2405
childhood:0.23975
suspense:0.23825
quirky:0.237
gangsters:0.23675
super-hero:0.23475
cult film:0.23425
nudity (topless - notable):0.23425
feel-good:0.232
death:0.23025
violence:0.23
plot holes:0.229
