music:0.94225
tragedy:0.93375
dramatic:0.92
great acting:0.88925
emotional:0.88325
good music:0.8575
great music:0.853
musicians:0.8525
great movie:0.8285
great:0.82675
complex:0.82425
good soundtrack:0.8215
story:0.816
original:0.79675
violence:0.76675
excellent script:0.7555
storytelling:0.7525
feel-good:0.74675
mentor:0.7415
dialogue:0.7295
drama:0.72475
redemption:0.72225
good acting:0.72125
pg-13:0.71375
exceptional acting:0.70175
brutality:0.69575
runaway:0.69425
touching:0.69275
beautifully filmed:0.68825
good:0.688
oscar (best directing):0.68375
great ending:0.6815
death:0.66375
corruption:0.6635
guilt:0.65975
compassionate:0.65325
tense:0.644
torture:0.63975
family drama:0.637
cathartic:0.636
twists & turns:0.63575
excellent:0.631
intense:0.62225
suspense:0.62125
heartbreaking:0.61825
feel good movie:0.61625
visually appealing:0.6095
vengeance:0.60375
plot:0.6005
secrets:0.59975
catastrophe:0.5785
realistic:0.5755
musical:0.57525
music business:0.567
imdb top 250:0.567
earnest:0.56625
violent:0.55825
fast paced:0.555
murder:0.548
chase:0.53425
conspiracy:0.534
sad:0.53075
clever:0.53075
good story:0.522
oscar (best effects - visual effects):0.52075
oscar winner:0.52025
artistic:0.51775
cult:0.51625
moral ambiguity:0.51325
suspenseful:0.508
serial killer:0.50375
cool:0.50325
cinematography:0.50075
visceral:0.50025
better than expected:0.5
interesting:0.49975
honest:0.4945
forceful:0.49425
thought-provoking:0.494
awesome soundtrack:0.491
gunfight:0.48975
unusual plot structure:0.48725
life philosophy:0.48625
oscar (best supporting actress):0.486
ethnic conflict:0.483
watch the credits:0.4755
harsh:0.474
art:0.46175
character study:0.4595
manipulation:0.459
revenge:0.453
family:0.4515
sexualized violence:0.448
amazing photography:0.447
intimate:0.4425
scenic:0.44175
enormously long battle scene:0.43875
kidnapping:0.43875
humor:0.434
transformation:0.43125
