japan:0.9815
sexual:0.98025
erotic:0.9665
quirky:0.90075
loneliness:0.8955
tokyo:0.88025
melancholic:0.87375
japanese:0.857
enigmatic:0.82475
intimate:0.80675
deadpan:0.78575
surreal:0.735
dialogue driven:0.73275
cerebral:0.729
obsession:0.726
weird:0.7215
male nudity:0.68825
golden palm:0.6815
criterion:0.6785
original:0.6725
pornography:0.67
transformation:0.66275
life & death:0.6625
meditative:0.6495
magic realism:0.623
nudity (full frontal - notable):0.61425
visually appealing:0.612
relationships:0.609
nocturnal:0.60025
existentialism:0.58325
solitude:0.583
indie:0.5825
grindhouse:0.57325
melancholy:0.57225
art house:0.5435
strange:0.5305
beautifully filmed:0.51125
oscar (best foreign language film):0.50475
sexy:0.50475
hong kong:0.503
allegory:0.4985
bleak:0.48825
surrealism:0.45775
unusual plot structure:0.4295
homeless:0.4225
brutality:0.422
stylized:0.407
pointless:0.4015
life:0.39925
catastrophe:0.39925
reflective:0.39925
workplace:0.39625
spanish:0.3925
writer's life:0.391
absurd:0.38825
satirical:0.38725
downbeat:0.382
romance:0.38125
finnish:0.37775
off-beat comedy:0.3755
very interesting:0.3735
life philosophy:0.3705
dreamlike:0.3695
vengeance:0.364
entirely dialogue:0.3555
not funny:0.33975
cynical:0.33925
social commentary:0.33875
mentor:0.32825
cinematography:0.32075
independent film:0.3195
nudity (full frontal):0.30975
humorous:0.30425
bizarre:0.30275
wuxia:0.30225
new jersey:0.296
fantasy world:0.29175
environment:0.287
classic car:0.28525
whimsical:0.2795
small town:0.2755
great ending:0.27175
kick-butt women:0.27175
sexuality:0.2705
affectionate:0.26725
suprisingly clever:0.26425
talky:0.262
adaptation:0.2605
writers:0.25975
light:0.258
no dialogue:0.256
runaway:0.25375
great:0.25275
god:0.25275
dialogue:0.2515
breathtaking:0.25075
sexual abuse:0.247
nudity (topless - notable):0.24675
irreverent:0.2455
storytelling:0.24375
