ghosts:0.97825
remake:0.97575
original:0.90875
pointless:0.90375
horror:0.8845
horrible:0.86875
lame:0.86825
bad plot:0.8455
so bad it's funny:0.84025
predictable:0.83025
bad cgi:0.82825
bad acting:0.77425
idiotic:0.773
bad script:0.76275
supernatural:0.74925
special effects:0.72025
pg-13:0.70675
awful:0.70325
scary:0.64475
bad ending:0.62575
dynamic cgi action:0.5525
island:0.546
plot holes:0.54575
bad:0.5445
stupid:0.5355
crappy sequel:0.52925
death:0.52725
great ending:0.5235
franchise:0.523
suspense:0.5045
story:0.5025
shallow:0.49725
stupid as hell:0.49625
revenge:0.4955
family:0.49525
disaster:0.4945
vengeance:0.486
mentor:0.4735
catastrophe:0.46425
teen movie:0.4625
twist ending:0.4505
unintentionally funny:0.4505
silly:0.44925
justice:0.44475
overrated:0.4445
natural disaster:0.4415
best of 2005:0.435
first contact:0.4345
computer animation:0.429
remade:0.41575
dialogue:0.41125
destiny:0.41075
fight scenes:0.40775
ridiculous:0.40725
fantasy:0.37575
redemption:0.37525
fantasy world:0.375
writers:0.373
creepy:0.36275
not funny:0.3555
dumb:0.3495
betrayal:0.33875
boring:0.3385
technology:0.331
brutality:0.3285
sexy:0.32575
violence:0.3255
adaptation:0.3245
small town:0.324
sci fi:0.324
cheesy:0.3235
unfunny:0.3225
transformation:0.32175
sequel:0.3205
storytelling:0.32025
internet:0.32025
greed:0.32025
life philosophy:0.3195
big budget:0.31225
waste of time:0.31225
murder:0.3085
eerie:0.30825
nudity (topless - notable):0.3065
original plot:0.29625
teens:0.29575
lone hero:0.29325
good:0.28775
runaway:0.28775
entirely dialogue:0.2875
boring!:0.28675
unlikeable characters:0.2855
nudity (full frontal - brief):0.2845
intense:0.277
pornography:0.27675
quirky:0.273
goofy:0.273
crude humor:0.2725
road movie:0.27175
better than expected:0.2695
silly fun:0.26925
