cute:0.879
kids:0.86725
children:0.85725
family:0.71575
cute!:0.70925
original:0.7065
fun movie:0.65275
fantasy:0.6325
story:0.6295
hotel:0.62725
kids and family:0.60875
childhood:0.596
fun:0.57325
comedy:0.56725
so bad it's funny:0.56325
happy ending:0.5575
silly:0.55425
predictable:0.546
storytelling:0.536
pg-13:0.5045
imagination:0.49975
disney:0.495
plot:0.48925
entertaining:0.4865
fairy tale:0.48175
feel-good:0.46975
catastrophe:0.4675
pg:0.46675
single father:0.466
great ending:0.45775
good:0.44325
unfunny:0.4405
natural disaster:0.41825
goofy:0.40025
mentor:0.39875
creativity:0.387
better than expected:0.384
transformation:0.38225
life philosophy:0.38125
crude humor:0.3775
romantic comedy:0.37575
dialogue:0.37125
not funny:0.361
destiny:0.35725
teen movie:0.354
redemption:0.3495
very funny:0.3465
funny:0.34325
bad plot:0.34275
feel good movie:0.34125
special effects:0.33325
first contact:0.32475
fantasy world:0.31725
romance:0.31225
culture clash:0.3095
runaway:0.3055
fight scenes:0.30425
heartwarming:0.30075
big budget:0.3
twists & turns:0.28425
romantic:0.2785
lone hero:0.2785
bullying:0.27725
adventure:0.277
fairy tales:0.2745
clever:0.27125
underdog:0.2705
great:0.2695
silly fun:0.268
intelligent sci-fi:0.25825
magic:0.25575
bad cgi:0.255
witches:0.2545
overrated:0.249
slapstick:0.24875
whimsical:0.24825
stupid:0.2455
allegory:0.24475
shallow:0.241
animals:0.2405
brutality:0.23825
horrible:0.23825
light:0.238
adaptation:0.23675
disaster:0.2345
bad acting:0.231
good soundtrack:0.23025
internet:0.229
brainwashing:0.225
weird:0.219
ensemble cast:0.2185
witch:0.21675
betrayal:0.21525
visually stunning:0.2125
dreams:0.2105
entirely dialogue:0.206
computer animation:0.20475
bad ending:0.204
cgi:0.2035
dreamlike:0.2025
