golden palm:0.9935
criterion:0.98475
social commentary:0.97325
writer's life:0.96425
masterpiece:0.9415
rome:0.92375
loneliness:0.917
reflective:0.8785
existentialism:0.85575
imdb top 250:0.8475
innocence lost:0.844
cynical:0.8415
enigmatic:0.82975
melancholy:0.80775
intellectual:0.8075
melancholic:0.805
satirical:0.7915
art house:0.78275
cinematography:0.77575
downbeat:0.76925
breathtaking:0.76675
allegory:0.7565
relationships:0.74925
talky:0.74075
oscar (best foreign language film):0.73575
long:0.734
philosophical:0.73375
cerebral:0.7325
philosophy:0.72875
storytelling:0.72825
life:0.71375
visually appealing:0.70225
original:0.69825
obsession:0.6965
beautifully filmed:0.69525
bleak:0.686
character study:0.6855
meditative:0.67975
weird:0.678
life philosophy:0.6725
mentor:0.6715
surreal:0.66975
complex:0.66125
black and white:0.659
oscar (best directing):0.6585
intimate:0.65775
redemption:0.65375
artistic:0.6375
dialogue:0.63225
morality:0.6205
drinking:0.6205
harsh:0.62025
art:0.61175
eccentricity:0.607
whimsical:0.60275
culture clash:0.602
runaway:0.5995
good soundtrack:0.59775
poignant:0.59425
visual:0.593
childhood:0.575
great acting:0.57
solitude:0.5685
bittersweet:0.56625
foreign:0.5635
stunning:0.55925
artsy:0.55575
pretentious:0.549
stylized:0.54775
affectionate:0.5455
gunfight:0.544
pornography:0.52875
dreams:0.52825
sexy:0.528
ironic:0.52425
classic:0.5205
italian:0.5185
suprisingly clever:0.51075
narrated:0.5085
realistic:0.50525
great ending:0.50425
oscar (best actress):0.5
women:0.49875
atmospheric:0.492
perfect:0.48925
entirely dialogue:0.4825
suicide:0.47925
idealism:0.47875
distopia:0.474
surrealism:0.47125
cult classic:0.46875
forceful:0.467
lyrical:0.46275
life & death:0.4625
catastrophe:0.45425
shallow:0.4535
unusual plot structure:0.453
photography:0.45125
honest:0.44525
greed:0.44025
