horror:0.97775
splatter:0.9555
franchise:0.9285
slasher:0.84975
original:0.807
gory:0.78675
serial killer:0.7835
cult film:0.73575
bloody:0.73075
scary:0.69525
blood:0.6765
parody:0.67575
gore:0.6635
murder:0.64425
brutality:0.6225
predictable:0.61625
violence:0.6025
comedy:0.575
family:0.574
silly fun:0.561
humorous:0.558
bad plot:0.5215
gruesome:0.515
camp:0.51475
supernatural:0.5095
sexualized violence:0.5095
campy:0.49575
great ending:0.478
fun movie:0.477
creepy:0.47675
goretastic:0.46925
monster:0.46825
demons:0.46475
weird:0.45875
computer animation:0.44175
death:0.4365
satirical:0.43575
goofy:0.4185
overrated:0.41675
adaptation:0.4165
sexy:0.41175
suspense:0.4115
queer:0.40475
series:0.402
pointless:0.4015
violent:0.3975
dialogue:0.39725
teens:0.38625
catastrophe:0.3845
pornography:0.379
silly:0.37825
fun:0.36975
nudity (full frontal - notable):0.3675
dysfunctional family:0.3665
mentor:0.36125
destiny:0.36
funny as hell:0.357
weapons:0.355
so bad it's funny:0.35175
first contact:0.348
sequels:0.34775
fantasy world:0.347
special effects:0.345
disturbing:0.3445
stupid as hell:0.34325
stylized:0.34175
black comedy:0.33425
brutal:0.33075
very funny:0.3265
nudity (full frontal - brief):0.32225
goth:0.32025
cult classic:0.32025
entirely dialogue:0.3195
clever:0.31875
slapstick:0.31525
stupid:0.31275
idiotic:0.312
dark humor:0.3115
storytelling:0.31
vengeance:0.308
multiple storylines:0.30575
great:0.303
writers:0.302
voodoo:0.302
road movie:0.30175
melancholic:0.29925
life philosophy:0.2965
lone hero:0.29
bad ending:0.28875
good soundtrack:0.287
redemption:0.28425
hilarious:0.284
mad scientist:0.28325
runaway:0.28125
twists & turns:0.2795
reality tv:0.27925
fight scenes:0.27925
directorial debut:0.278
unfunny:0.27375
not funny:0.2735
