time travel:0.95175
relationships:0.93725
romantic:0.92625
love story:0.9175
futuristic:0.91525
romance:0.90925
complex:0.87625
romantic comedy:0.8615
original:0.847
sci fi:0.81175
great acting:0.80725
obsession:0.79975
future:0.7965
cerebral:0.79025
very interesting:0.78375
new york:0.783
weird:0.77225
chick flick:0.77225
quirky:0.76825
independent film:0.75425
scifi:0.74775
great ending:0.74725
science fiction:0.736
enigmatic:0.7165
twists & turns:0.6965
melancholic:0.67725
clever:0.671
whimsical:0.6525
loneliness:0.648
sweet:0.643
insanity:0.6405
sci-fi:0.625
love:0.62425
dialogue:0.62425
writers:0.62175
indie:0.6215
life philosophy:0.61575
cinematography:0.6155
great:0.612
new york city:0.60825
beautiful scenery:0.60375
storytelling:0.60225
good dialogue:0.60125
complicated:0.5935
criterion:0.585
story:0.58025
interesting:0.5775
destiny:0.5725
twist ending:0.571
life & death:0.56725
mindfuck:0.56575
great dialogue:0.553
visually appealing:0.5385
talky:0.53075
intellectual:0.5305
intelligent:0.52675
creativity:0.52575
witty:0.51575
passionate:0.503
transformation:0.5
drinking:0.497
unusual plot structure:0.49675
alternate endings:0.4925
oscar (best actress):0.4885
narrated:0.4865
entirely dialogue:0.48625
suprisingly clever:0.486
mentor:0.48475
great movie:0.484
twist:0.4735
oscar (best writing - screenplay written directly for the screen):0.47025
complicated plot:0.46925
feel-good:0.46825
crazy:0.46675
existentialism:0.46225
happy ending:0.46025
eccentricity:0.456
intimate:0.45475
affectionate:0.45075
catastrophe:0.4465
mental illness:0.4445
pretentious:0.44075
paranoid:0.43725
alternate universe:0.434
imdb top 250:0.43325
allegory:0.429
dystopic future:0.421
pornography:0.41775
memory loss:0.417
good soundtrack:0.416
parallel universe:0.41475
tricky:0.4135
oscar:0.413
bad ending:0.41275
thought-provoking:0.40825
culture clash:0.40525
suspense:0.40525
melancholy:0.40425
psychology:0.404
metaphysics:0.404
