007 (series):1.0
007:0.99975
bond:0.9995
franchise:0.9865
secret service:0.98625
espionage:0.98425
assassin:0.983
james bond:0.91925
chase:0.91125
spying:0.8995
las vegas:0.89275
murder:0.84125
spy:0.78875
spies:0.73375
series:0.72325
secrets:0.721
action:0.7035
good action:0.69025
original:0.68875
adventure:0.68675
nudity (topless - brief):0.66775
hit men:0.652
silly:0.64625
goofy:0.63975
good:0.635
car chase:0.626
great ending:0.6175
fun movie:0.6
dialogue:0.587
plot:0.578
assassins:0.5775
assassination:0.56925
space:0.56275
mentor:0.5455
oil:0.53975
runaway:0.534
sexy:0.53325
entertaining:0.509
revenge:0.4935
exciting:0.489
cool:0.47775
action packed:0.47325
weapons:0.4725
pg-13:0.4705
adapted from:book:0.45725
tense:0.447
silly fun:0.446
vengeance:0.44425
catastrophe:0.4435
thriller:0.43725
camp:0.42975
great:0.41925
suspense:0.41725
excellent script:0.417
betrayal:0.4145
original plot:0.4125
culture clash:0.409
fight scenes:0.4075
first contact:0.404
fast paced:0.3975
caper:0.39575
special effects:0.3945
fun:0.39375
desert:0.39275
good soundtrack:0.39
story:0.3805
destiny:0.36475
very funny:0.36425
light:0.36125
great movie:0.361
sci fi:0.36025
humorous:0.35225
1970s:0.35
conspiracy:0.35
brutality:0.349
mad scientist:0.349
girlie movie:0.347
suprisingly clever:0.345
oscar (best sound):0.34475
nuclear bomb:0.34325
stylish:0.3405
redemption:0.34
adaptation:0.33075
storytelling:0.32925
parallel universe:0.32675
gay character:0.32225
interesting:0.32125
witty:0.31975
casino:0.31725
very good:0.31375
life philosophy:0.31
classic car:0.30925
predictable:0.30925
fantasy world:0.30825
weird:0.3065
cold war:0.30375
clever:0.30175
underrated:0.30175
island:0.29525
video game adaptation:0.2925
