horses:0.997
documentary:0.921
inspirational:0.864
childhood:0.84675
compassionate:0.768
affectionate:0.71625
mentor:0.686
life:0.68075
original:0.6775
relationships:0.676
idealism:0.6665
good soundtrack:0.64575
runaway:0.64175
culture clash:0.6345
beautiful scenery:0.61875
light:0.6135
heartwarming:0.60825
character study:0.602
destiny:0.60175
inspiring:0.59
hunting:0.568
simple:0.56475
narrated:0.5585
child abuse:0.539
touching:0.52525
nudity (topless - notable):0.5235
life & death:0.52225
justice:0.51725
suprisingly clever:0.51525
dark hero:0.50075
feel-good:0.50075
unusual plot structure:0.5005
sweet:0.49875
excellent script:0.4985
humanity:0.4935
free to download:0.47275
greed:0.465
tokyo:0.45875
good:0.45675
indie:0.45675
highly quotable:0.4495
talky:0.44725
rock and roll:0.44025
melancholy:0.43975
biopic:0.438
life philosophy:0.4335
animals:0.43075
spelling bee:0.42575
honest:0.4165
animal movie:0.40175
catastrophe:0.39875
artistic:0.39475
bittersweet:0.3935
fashion:0.391
radio:0.3895
enigmatic:0.389
philosophy:0.38675
based on a true story:0.38575
art:0.3835
intimate:0.38075
nocturnal:0.3785
nostalgic:0.36825
based on true story:0.36575
criterion:0.3655
very funny:0.36275
good action:0.36025
great ending:0.35975
classic car:0.35925
quirky:0.35575
feel good movie:0.3545
based on book:0.35325
off-beat comedy:0.3525
goofy:0.34775
great acting:0.34325
intellectual:0.3425
oscar (best actress):0.34175
doctors:0.3385
not funny:0.3385
small town:0.337
sacrifice:0.3335
social commentary:0.33325
biting:0.32775
chase:0.3255
based on a play:0.32325
love:0.32125
nudity (topless):0.3165
whimsical:0.314
story:0.313
redemption:0.31075
reflective:0.31075
oscar:0.31
fast paced:0.30775
snakes:0.30725
grindhouse:0.30675
humor:0.3055
dialogue:0.3055
weird:0.30475
tragedy:0.30275
dreams:0.30125
realistic:0.295
