spoof:0.999
parody:0.9985
comedy:0.9885
silly fun:0.97925
dumb but funny:0.97575
funny as hell:0.97525
horror:0.95825
stupid:0.949
funny:0.947
stupidity:0.93575
humor:0.93275
funniest movies:0.92625
goofy:0.9185
hilarious:0.90125
male nudity:0.89875
dumb:0.89875
humorous:0.88725
teen movie:0.834
gross-out:0.8255
very funny:0.82
crude humor:0.8015
silly:0.79325
lame:0.77275
stupid as hell:0.77275
original:0.76925
satire:0.765
teens:0.74475
satirical:0.70725
fun movie:0.70025
teen:0.69925
saturday night live:0.67375
so bad it's funny:0.66875
stereotypes:0.6645
scary:0.6405
idiotic:0.633
hillarious:0.62875
pg-13:0.62
splatter:0.6175
slapstick:0.61275
stoner movie:0.59875
pornography:0.584
predictable:0.57425
unfunny:0.57
nudity (topless - notable):0.566
irreverent:0.56525
slasher:0.54325
sarcasm:0.5395
catastrophe:0.51475
dialogue:0.5005
virginity:0.499
absurd:0.497
great ending:0.4945
sexual:0.482
weed:0.47775
watch the credits:0.473
fun:0.4695
pointless:0.46425
horrible:0.45775
beer:0.4545
mentor:0.4455
good:0.44275
sci-fi:0.44225
amy smart:0.4295
brothers:0.426
ridiculous:0.42375
chase:0.42275
clever:0.41625
franchise:0.409
writers:0.408
suspense:0.40775
notable nudity:0.4065
weird:0.406
violence:0.405
cult classic:0.3945
good soundtrack:0.39275
brutality:0.392
fantasy world:0.3835
adolescence:0.37575
family:0.37125
story:0.36875
road trip:0.36625
screwball:0.3655
high school:0.36475
bad acting:0.36325
death:0.358
fight scenes:0.3495
storytelling:0.3465
nudity (full frontal - brief):0.34425
shallow:0.34025
drinking:0.3385
adaptation:0.33475
weapons:0.3335
nudity:0.33075
farce:0.33
buddy movie:0.32775
overrated:0.3265
disaster:0.32475
sexualized violence:0.32375
sexy:0.32075
cult film:0.31925
