drugs:0.99025
addiction:0.9805
drug addiction:0.98025
drug abuse:0.976
strippers:0.9315
social commentary:0.92825
good soundtrack:0.89375
pornography:0.8935
weed:0.8835
weird:0.826
nudity (full frontal - notable):0.8115
marijuana:0.79125
life philosophy:0.7365
independent film:0.732
original:0.71275
nudity (topless - notable):0.70625
ensemble cast:0.6625
pointless:0.647
nudity (full frontal):0.641
very interesting:0.6235
dreams:0.6195
storytelling:0.60875
brutality:0.60025
drinking:0.59825
stylized:0.59025
great ending:0.58625
great acting:0.585
harsh:0.581
psychedelic:0.5755
heroin:0.57425
depression:0.57275
stylish:0.56475
bleak:0.55275
loneliness:0.54575
violence:0.541
crime gone awry:0.53975
queer:0.53
dialogue:0.52925
cool:0.52425
mentor:0.52275
disturbing:0.5215
multiple storylines:0.521
vengeance:0.511
crazy:0.5075
violent:0.505
stoner movie:0.503
gritty:0.498
interesting:0.497
redemption:0.49525
paranoid:0.49375
visceral:0.4925
slackers:0.49225
bad ending:0.49075
gunfight:0.48325
great soundtrack:0.4725
great:0.468
indie:0.4675
existentialism:0.4605
sexualized violence:0.45625
intense:0.43925
visually appealing:0.43175
corruption:0.43
visual:0.4285
entirely dialogue:0.424
catastrophe:0.4235
narrated:0.4225
cinematography:0.41725
nudity (full frontal - brief):0.41475
relationships:0.41
stereotypes:0.4045
spiders:0.404
surreal:0.40175
psychological:0.4015
powerful ending:0.396
quirky:0.39525
runaway:0.3935
hip hop:0.391
hard to watch:0.39025
male nudity:0.3885
good music:0.3875
shallow:0.38475
homeless:0.3825
creativity:0.381
plot:0.38075
underrated:0.3765
culture clash:0.37325
honest:0.36675
artsy:0.36425
greed:0.35775
enigmatic:0.35575
cult film:0.3545
good:0.3545
complex:0.35225
gay:0.3505
awesome soundtrack:0.35025
graphic novel:0.34925
melancholic:0.34775
cult classic:0.34725
grindhouse:0.34625
reality tv:0.338
