police investigation:0.9635
mystery:0.85675
psychological:0.84725
detective:0.83825
kidnapping:0.82325
secrets:0.77025
great ending:0.76875
investigation:0.75475
runaway:0.70825
police:0.7015
original:0.647
creepy:0.6465
police corruption:0.63625
surprise ending:0.63525
obsession:0.62925
unusual plot structure:0.615
culture clash:0.607
suspense:0.59375
school:0.56275
corruption:0.5555
eccentricity:0.55275
very interesting:0.549
underrated:0.5375
adolescence:0.52725
vengeance:0.5
nudity (topless - notable):0.4995
childhood:0.4765
stylish:0.47475
bad ending:0.4735
eerie:0.466
surveillance:0.45875
bullying:0.4535
mentor:0.4525
melancholic:0.45225
cult film:0.4505
suspenseful:0.4475
gunfight:0.447
social commentary:0.43775
male nudity:0.4355
hitchcock:0.4355
imaginary friend:0.424
thriller:0.4205
talky:0.41825
storytelling:0.4175
catastrophe:0.415
pornography:0.41475
suprisingly clever:0.4115
criterion:0.411
adoption:0.40725
guilt:0.4065
sisters:0.4045
pointless:0.40225
nudity (full frontal - notable):0.40025
disturbing:0.39825
london:0.39275
great:0.39075
dark:0.37625
serial killer:0.37275
life philosophy:0.3645
good soundtrack:0.36225
dialogue:0.35975
art:0.35925
film noir:0.35625
golden palm:0.353
notable nudity:0.35075
grindhouse:0.34975
zombies:0.3455
brutality:0.34425
revenge:0.34375
tense:0.34275
paranoia:0.33975
twists & turns:0.33325
great acting:0.33175
twist ending:0.327
fantasy world:0.32575
nudity (topless):0.3255
enigmatic:0.3205
not funny:0.32025
crime gone awry:0.3175
greed:0.31475
atmospheric:0.31275
incest:0.312
stylized:0.3115
psychiatrist:0.31075
teacher:0.30975
cinematography:0.308
erotic:0.30225
lawyer:0.302
adaptation:0.29825
assassination:0.2945
weird:0.29
england:0.2895
hotel:0.286
conspiracy:0.282
made for tv:0.27975
psychology:0.2785
maze:0.278
sexual:0.27125
chase:0.2705
wilderness:0.2655
