spoof:0.998
parody:0.9975
silly fun:0.982
franchise:0.97225
dumb but funny:0.951
comedy:0.94625
funny as hell:0.90725
stupid:0.88325
funny:0.872
slapstick:0.8465
goofy:0.77675
silly:0.755
stupidity:0.751
original:0.733
hilarious:0.7305
stupid as hell:0.72
crude humor:0.7035
predictable:0.70225
horror:0.6955
idiotic:0.675
lame:0.67
humorous:0.6605
very funny:0.64975
so bad it's funny:0.63525
pg-13:0.62625
bad plot:0.60725
unfunny:0.59675
humor:0.577
pointless:0.525
dumb:0.523
teen movie:0.52175
single father:0.51625
fantasy world:0.5015
ridiculous:0.49675
catastrophe:0.48975
mentor:0.48475
satirical:0.4705
fun movie:0.4665
saturday night live:0.462
gross-out:0.46
sequel:0.4525
great ending:0.451
crappy sequel:0.4465
horrible:0.44375
absurd:0.42675
overrated:0.41675
scary:0.41125
sequels:0.4045
off-beat comedy:0.40325
stereotypes:0.3965
series:0.38675
creativity:0.38225
boring:0.38025
disaster:0.37275
writers:0.369
special effects:0.36525
satire:0.359
fight scenes:0.345
fun:0.343
splatter:0.34175
natural disaster:0.337
dialogue:0.33375
family:0.33325
destiny:0.31275
first contact:0.30475
teens:0.301
brutality:0.299
life philosophy:0.298
superheroes:0.295
clever:0.28625
good:0.28525
bad cgi:0.28275
haunted house:0.28275
death:0.27025
storytelling:0.27
shallow:0.26975
big budget:0.26875
gangsters:0.26875
lone hero:0.2685
sarcasm:0.267
alien:0.267
pornography:0.26275
chase:0.2615
sci fi:0.26025
bad ending:0.25975
entirely dialogue:0.25925
melancholic:0.259
trilogy:0.25825
action packed:0.258
better than expected:0.2545
hillarious:0.253
adaptation:0.24975
computer animation:0.24725
united nations:0.2465
girlie movie:0.24475
redemption:0.24475
transformation:0.243
suspense:0.238
teen:0.238
screwball:0.234
