original:0.728
relationships:0.7085
comedy:0.67275
infidelity:0.6005
marriage:0.598
new york city:0.5965
adultery:0.53625
drama:0.496
predictable:0.45475
mentor:0.45075
new york:0.4455
pornography:0.42975
writers:0.4205
runaway:0.41375
dialogue:0.4105
catastrophe:0.40375
gangsters:0.39
overrated:0.38125
stand-up comedy:0.38125
great ending:0.37775
fantasy:0.3775
narrated:0.36825
destiny:0.364
melancholic:0.35225
lone hero:0.3495
brutality:0.342
storytelling:0.33725
sexual:0.33725
boring:0.33325
pg-13:0.32875
very funny:0.3285
life philosophy:0.31325
homeless:0.307
funny:0.30575
boring!:0.303
sexy:0.30225
nudity (full frontal - brief):0.30075
adaptation:0.2995
family:0.29675
fantasy world:0.2965
nudity (topless - notable):0.2895
entirely dialogue:0.28925
light:0.28575
cheating:0.28475
doctors:0.28
dysfunctional family:0.27775
humorous:0.27225
good soundtrack:0.272
suburbia:0.2715
first contact:0.271
bad plot:0.26975
story:0.2695
criterion:0.26925
romantic comedy:0.2685
culture clash:0.26825
good:0.26725
guilt:0.25925
surreal:0.255
not funny:0.24075
great:0.2405
unfunny:0.24
fun:0.23975
unlikely friendships:0.23675
romantic:0.2355
police investigation:0.23425
quirky:0.2335
suprisingly clever:0.23075
women:0.22975
sex:0.2295
enigmatic:0.229
multiple storylines:0.22775
crude humor:0.22525
complex:0.22275
childhood:0.22275
life & death:0.221
dumb but funny:0.2205
cinematography:0.22025
pointless:0.2195
social commentary:0.21725
shallow:0.21675
obsession:0.21525
clever:0.21375
fun movie:0.213
comic:0.2125
good romantic comedies:0.21025
farce:0.20825
bullying:0.20675
silly fun:0.20625
happy ending:0.205
sexualized violence:0.20325
imdb top 250:0.201
cult film:0.199
so bad it's funny:0.19725
twists & turns:0.197
feel-good:0.197
slapstick:0.19675
life:0.19425
weapons:0.19425
new jersey:0.194
betrayal:0.19125
