sports:0.984
baseball:0.95975
mentor:0.90025
kids:0.774
feel-good:0.717
kids and family:0.6965
original:0.655
fun movie:0.62275
predictable:0.61725
feel good movie:0.61
foul language:0.5825
redemption:0.57525
drama:0.55425
pg-13:0.53125
great:0.50875
good:0.50675
inspirational:0.48625
based on a book:0.45975
so bad it's funny:0.45775
catastrophe:0.43625
underdog:0.4305
football:0.42425
dialogue:0.414
childhood:0.39825
great ending:0.394
teacher:0.39225
life philosophy:0.38025
teen movie:0.373
fun:0.364
touching:0.35925
tear jerker:0.35775
not funny:0.3555
story:0.355
cool:0.35125
great movie:0.3495
transformation:0.34475
based on true story:0.3425
life & death:0.32775
bad acting:0.324
entertaining:0.323
children:0.32125
bad plot:0.31625
good soundtrack:0.3075
natural disaster:0.30725
bullying:0.3035
runaway:0.3025
destiny:0.30125
school:0.2965
amy smart:0.29625
overrated:0.2945
action:0.29425
chase:0.293
brutality:0.2925
violence:0.2905
first contact:0.28925
special effects:0.288
girlie movie:0.287
fantasy world:0.28175
family:0.28025
gambling:0.2765
gangsters:0.275
dramatic:0.2685
big budget:0.2685
unfunny:0.268
corruption:0.26725
great acting:0.26725
new jersey:0.26675
lone hero:0.263
romance:0.2595
storytelling:0.259
vengeance:0.258
fight scenes:0.258
stereotypes:0.25225
silly fun:0.249
inspiring:0.2465
underrated:0.2465
good acting:0.24625
unrealistic:0.24525
cute!:0.24425
unusual plot structure:0.244
unlikely friendships:0.24175
chicago:0.2415
melancholic:0.24125
drinking:0.23975
sci fi:0.2395
adaptation:0.23925
geeks:0.23725
pornography:0.23625
teen:0.235
bad science:0.23475
suspense:0.2345
entirely dialogue:0.234
very funny:0.23375
justice:0.2295
bad cgi:0.22925
gangs:0.22825
teens:0.22825
emotional:0.22625
police investigation:0.226
very good:0.2245
