oscar (best actor):0.94925
runaway:0.915
imdb top 250:0.899
loneliness:0.896
original:0.8835
road movie:0.877
california:0.85425
poignant:0.8405
storytelling:0.837
touching:0.8345
gunfight:0.826
interesting:0.82
suspense:0.81775
dramatic:0.81175
existentialism:0.79875
art:0.798
great acting:0.794
mentor:0.794
oscar (best directing):0.7865
oscar:0.785
talky:0.7835
melancholic:0.78325
great movie:0.7725
story:0.7725
great ending:0.77075
road trip:0.765
culture clash:0.74775
tragedy:0.74775
heartwarming:0.74725
coming of age:0.742
unlikely friendships:0.73875
movielens top pick:0.728
oscar winner:0.72025
complex:0.72
great:0.706
oscar (best supporting actor):0.70575
oscar (best supporting actress):0.701
tense:0.70075
gangsters:0.6985
life & death:0.69725
quirky:0.69425
good soundtrack:0.69375
forceful:0.692
friendship:0.68575
childhood:0.68425
los angeles:0.68325
oscar (best actress):0.68075
eccentricity:0.68075
death:0.67875
drinking:0.66925
affectionate:0.6665
exceptional acting:0.66575
redemption:0.64925
life:0.63225
social commentary:0.61975
travel:0.611
life philosophy:0.59525
indie:0.59075
independent film:0.5905
classic:0.58825
cerebral:0.5845
police investigation:0.5785
bittersweet:0.57725
pg-13:0.57575
depressing:0.5745
sentimental:0.57375
heartbreaking:0.57225
artist:0.57175
good:0.56825
manipulation:0.55825
transformation:0.55775
dialogue:0.55275
afi 100 (movie quotes):0.55025
earnest:0.5465
suprisingly clever:0.54625
fantasy world:0.54525
powerful ending:0.54475
biographical:0.54425
grim:0.5415
good acting:0.53825
corruption:0.537
coming-of-age:0.53275
understated:0.532
reflective:0.52525
sad:0.52475
honest:0.5195
realistic:0.51875
mental illness:0.51775
very interesting:0.5145
very funny:0.514
drama:0.51175
based on book:0.50775
violence:0.50675
indians:0.506
small town:0.4955
excellent:0.4955
destiny:0.49525
first contact:0.49275
melancholy:0.491
1970s:0.49075
