martial arts:0.99775
fighting the system:0.935
fighting:0.879
fight scenes:0.832
original:0.7975
mentor:0.76
dialogue:0.75075
cerebral:0.7115
action:0.695
complex:0.67975
realistic action:0.67725
violence:0.65775
story:0.64975
twists & turns:0.63675
corruption:0.6315
storytelling:0.6305
redemption:0.619
philosophy:0.59
samurai:0.58825
social commentary:0.586
life philosophy:0.58475
good action:0.58325
betrayal:0.57825
allegory:0.56225
bad ending:0.56025
greed:0.5585
visually appealing:0.552
drama:0.55125
great ending:0.5465
good acting:0.5305
entirely dialogue:0.521
kung fu:0.5205
great:0.51975
writers:0.5195
brutality:0.519
violent:0.503
weird:0.4935
plot:0.4925
sacrifice:0.48125
dark hero:0.472
existentialism:0.47075
weapons:0.47
absurd:0.46675
superheroes:0.461
character study:0.4595
los angeles:0.45575
interesting:0.44525
good:0.445
art:0.44075
destiny:0.437
tricky:0.43375
forceful:0.43375
stylized:0.42075
lone hero:0.42
transformation:0.41975
fantasy world:0.41525
melancholic:0.41475
realistic:0.4145
intellectual:0.40825
cinematography:0.407
alter ego:0.404
clever:0.4025
dramatic:0.40225
catastrophe:0.4015
oscar (best effects - visual effects):0.3995
loneliness:0.3995
shallow:0.3985
cool:0.39725
first contact:0.397
visually stunning:0.3945
quotable:0.39125
light:0.3875
imdb top 250:0.38675
criterion:0.38525
life & death:0.3845
culture clash:0.384
vengeance:0.384
cult film:0.383
solitude:0.3805
scifi:0.3795
death:0.375
adapted from:book:0.37425
anti-hero:0.37375
good soundtrack:0.37325
dystopic future:0.373
predictable:0.37225
suspense:0.372
runaway:0.37175
visual:0.3715
unlikely friendships:0.36925
plot twist:0.36625
stoner movie:0.3655
stereotypes:0.36525
gangsters:0.36425
survival:0.364
crime gone awry:0.3605
grindhouse:0.36025
adaptation:0.357
pulp:0.356
complicated plot:0.353
