spying:0.99725
spy:0.99675
espionage:0.992
spies:0.98
comedy:0.9745
secret service:0.9515
parody:0.9255
spoof:0.90125
funny:0.87375
silly fun:0.85375
hilarious:0.8435
action:0.83425
arms dealer:0.80825
chase:0.806
cia:0.73575
secrets:0.72925
fun movie:0.7165
assassin:0.69825
pg-13:0.69775
silly:0.67625
very funny:0.675
weapons:0.66025
original:0.63675
good action:0.5915
surveillance:0.5775
bombs:0.574
007:0.57325
assassination:0.57025
humorous:0.569
fast paced:0.5545
mentor:0.55075
twists & turns:0.54175
dialogue:0.53775
catastrophe:0.52475
conspiracy:0.52125
funny as hell:0.51425
betrayal:0.5095
good:0.509
redemption:0.505
crude humor:0.5025
foul language:0.5005
pornography:0.5
fun:0.48875
assassins:0.486
farce:0.48575
goofy:0.47325
suprisingly clever:0.46975
fight scenes:0.46475
culture clash:0.46425
plot:0.45875
absurd:0.4565
great:0.45225
entertaining:0.4415
clever:0.43775
stereotypes:0.42975
car chase:0.42975
action packed:0.4295
paris:0.42775
rome:0.4275
slapstick:0.41875
great ending:0.413
male nudity:0.40875
revenge:0.407
witty:0.40625
runaway:0.40075
vengeance:0.39875
humor:0.39825
better than expected:0.3975
girlie movie:0.39725
unfunny:0.39175
identity:0.39175
nuclear bomb:0.38225
storytelling:0.3815
sexy:0.3815
women:0.37975
comic:0.37975
brutality:0.379
workplace:0.3705
sarcasm:0.358
good soundtrack:0.354
bloody:0.3455
classic car:0.34425
predictable:0.33875
ridiculous:0.3305
islam:0.322
melancholic:0.322
satire:0.32175
caper:0.319
entirely dialogue:0.3175
life philosophy:0.302
unusual plot structure:0.2985
buddy movie:0.2985
bond:0.297
british:0.29275
product placement:0.29175
transformation:0.291
story:0.288
adaptation:0.2835
plot twist:0.2815
family:0.278
