capitalism:0.999
politics:0.9865
business:0.9825
greed:0.98025
documentary:0.974
corruption:0.95725
corporate america:0.94925
political:0.92125
propaganda:0.912
love story:0.84275
factual:0.76925
money:0.76825
conspiracy:0.764
original:0.76125
interesting:0.743
oil:0.73475
good:0.72925
social commentary:0.6725
very interesting:0.66975
revolution:0.6395
catastrophe:0.62775
brainwashing:0.62425
justice:0.607
free speech:0.60675
homeless:0.5935
idealism:0.59275
thought-provoking:0.5915
manipulation:0.59075
canada:0.589
us history:0.5665
pg-13:0.55875
controversial:0.5585
freedom:0.55575
political corruption:0.555
entertaining:0.55375
educational:0.5535
intellectual:0.535
conspiracy theory:0.53
pornography:0.51675
world politics:0.51175
iraq:0.5035
utopia:0.50175
workplace:0.493
iraq war:0.4905
mentor:0.4805
environmental:0.4705
great ending:0.45225
technology:0.44575
destiny:0.44275
islam:0.43825
fake documentary:0.42725
runaway:0.42175
history:0.4165
culture clash:0.40625
internet:0.39875
president:0.3975
honest:0.3975
family:0.39175
beautiful scenery:0.3845
lawyer:0.38325
9/11:0.37175
not funny:0.36575
sacrifice:0.35725
guilt:0.3565
violence:0.353
journalism:0.349
death:0.348
california:0.34625
tragedy:0.3415
original plot:0.34125
terrorism:0.341
intelligent:0.335
stupidity:0.33475
cuba:0.33425
environment:0.3335
clever:0.33225
morality:0.332
complex:0.3315
guns:0.33075
communism:0.32975
dialogue:0.32925
natural disaster:0.32825
storytelling:0.328
passionate:0.32175
good soundtrack:0.31775
secrets:0.31575
rebellion:0.31575
life philosophy:0.3145
excellent script:0.3125
heartbreaking:0.3105
philosophy:0.30975
censorship:0.3085
chase:0.30775
suprisingly clever:0.30475
surveillance:0.3025
very good:0.3005
middle east:0.30025
unfunny:0.29925
betrayal:0.29925
lawyers:0.299
