action:0.9845
martial arts:0.976
good action:0.964
paris:0.95875
undercover cop:0.94575
fight scenes:0.93125
fast paced:0.91325
french:0.88825
realistic action:0.88725
chase:0.8705
france:0.86875
kung fu:0.81775
futuristic:0.81075
action packed:0.80875
original:0.787
stylish:0.77525
mentor:0.7685
cool:0.742
violence:0.72125
vengeance:0.689
fighting:0.6805
violent:0.6715
lone hero:0.66675
visually stunning:0.6495
dialogue:0.62675
pg-13:0.61725
good soundtrack:0.6165
car chase:0.60275
grindhouse:0.59875
revenge:0.59125
weapons:0.5845
betrayal:0.572
kidnapping:0.57175
corruption:0.56
buddy movie:0.54225
visually appealing:0.53675
assassination:0.5345
visceral:0.53375
dark hero:0.532
great:0.5305
good:0.5295
segregation:0.52175
redemption:0.5185
prison escape:0.51575
simple:0.5135
vigilante:0.51275
brutality:0.51225
runaway:0.50625
fun movie:0.49875
crime:0.49825
distopia:0.49275
plot:0.49125
fun:0.48825
gangs:0.487
story:0.4815
transformation:0.4645
future:0.46375
drugs:0.4635
culture clash:0.462
life philosophy:0.45925
sexualized violence:0.45375
social commentary:0.4475
breathtaking:0.43825
entertaining:0.4335
unusual plot structure:0.4305
plot holes:0.4285
guns:0.42825
catastrophe:0.42825
justice:0.42825
great ending:0.426
dystopic future:0.42575
classic car:0.42425
stylized:0.40425
stereotypes:0.39875
sci fi:0.3945
storytelling:0.3915
foul language:0.39125
intense:0.39075
police:0.39075
visual:0.39
no plot:0.38125
torture:0.3805
exciting:0.379
superheroes:0.378
beautiful scenery:0.37675
kick-butt women:0.3765
hitman:0.37575
entirely dialogue:0.37475
not funny:0.36675
cgi:0.36425
gunfight:0.364
great acting:0.36225
destiny:0.36
great movie:0.35075
creativity:0.35075
police corruption:0.34875
better than expected:0.348
bad ending:0.345
good acting:0.34175
assassins:0.339
