catholicism:0.992
islam:0.961
women:0.9545
true story:0.9465
sexual abuse:0.9435
ireland:0.92925
irish:0.911
corruption:0.90675
religion:0.90175
brutality:0.877
runaway:0.841
mentor:0.827
forceful:0.82125
drama:0.8195
intense:0.797
based on true story:0.77925
brainwashing:0.75725
based on a true story:0.75025
rape:0.7495
harsh:0.74925
interesting:0.74925
original:0.74625
brutal:0.74525
nudity (full frontal - notable):0.73975
social commentary:0.73725
guilt:0.72525
1960s:0.72425
oscar (best actress):0.7145
bleak:0.71225
good soundtrack:0.71
disturbing:0.705
notable nudity:0.70375
christianity:0.69675
rebellion:0.6965
tragedy:0.6955
dramatic:0.693
secrets:0.69225
good:0.69125
sisters:0.68025
factual:0.67575
culture clash:0.675
violent:0.66025
adoption:0.65675
police investigation:0.65675
oscar (best directing):0.654
idealism:0.6525
realistic:0.64675
girlie movie:0.646
great acting:0.64375
crime:0.6415
controversial:0.64075
childhood:0.63725
betrayal:0.63525
story:0.631
latin america:0.619
compassionate:0.61825
violence:0.61625
downbeat:0.616
storytelling:0.614
pornography:0.61375
orphans:0.61275
friendship:0.61225
heartbreaking:0.606
psychological:0.6035
adapted from:book:0.6
nudity (full frontal):0.59775
courage:0.5975
adolescence:0.5975
pg-13:0.59
great ending:0.58825
morality:0.584
poignant:0.57875
surveillance:0.5775
manipulation:0.5765
drinking:0.56875
intimate:0.563
revenge:0.5615
grim:0.56
criterion:0.558
prison:0.556
redemption:0.55425
male nudity:0.5525
vengeance:0.5525
unlikely friendships:0.5495
justice:0.549
good acting:0.548
based on book:0.54775
child abuse:0.54625
powerful ending:0.544
history:0.5435
psychology:0.54325
assassination:0.542
jews:0.541
golden palm:0.541
earnest:0.53475
sexual:0.5345
suspense:0.532
freedom:0.5315
oscar (best foreign language film):0.52975
excellent script:0.5285
