christmas:0.9965
holiday:0.99025
arnold:0.987
family:0.842
kids and family:0.83225
comedy:0.82575
chase:0.82275
action:0.71125
children:0.6945
silly:0.6945
original:0.676
slapstick:0.6275
predictable:0.6145
good action:0.60175
natural disaster:0.599
fun movie:0.59175
silly fun:0.58875
toys:0.54225
funny:0.5415
kids:0.54025
superhero:0.53575
goofy:0.53525
so bad it's funny:0.5285
catastrophe:0.52525
super-hero:0.5235
satirical:0.51525
culture clash:0.50825
childhood:0.50325
mentor:0.48775
special effects:0.474
good soundtrack:0.47175
big budget:0.46775
fun:0.46275
very funny:0.4545
lone hero:0.45
story:0.44975
saturday night live:0.41975
stupid:0.419
dialogue:0.41775
great:0.4175
divorce:0.41125
first contact:0.406
clones:0.40425
unfunny:0.3995
ninja:0.39825
bad plot:0.396
based on a tv show:0.38875
destiny:0.388
so bad it's good:0.3805
hilarious:0.36925
action packed:0.3685
disaster:0.363
brutality:0.361
cheesy:0.357
humorous:0.35575
great ending:0.35025
super hero:0.34975
parenthood:0.346
life philosophy:0.346
scifi:0.3455
greed:0.3455
single father:0.345
fight scenes:0.33675
dysfunctional family:0.33575
family drama:0.3355
good:0.335
fantasy world:0.33275
violence:0.32875
adventure:0.321
cloning:0.31875
sentimental:0.31575
runaway:0.315
police investigation:0.3105
shopping:0.31
sci fi:0.3065
superheroes:0.304
light:0.2975
multiple storylines:0.294
stupidity:0.29175
overrated:0.28525
alter ego:0.28
cult film:0.2795
happy ending:0.2765
suspense:0.275
entertaining:0.27275
bad cgi:0.2675
franchise:0.26675
nudity (full frontal - brief):0.26475
bittersweet:0.25975
death:0.25775
adaptation:0.256
ridiculous:0.25175
pornography:0.251
redemption:0.2505
pg-13:0.24875
vengeance:0.24575
entirely dialogue:0.243
crude humor:0.24225
touching:0.24025
absurd:0.2385
