werewolf:0.983
werewolves:0.98125
horror:0.95475
drama:0.78375
original:0.68025
mad scientist:0.6125
great:0.61175
mentor:0.60125
transformation:0.55975
romance:0.555
supernatural:0.53825
special effects:0.519
scary:0.51525
predictable:0.5005
great ending:0.49175
story:0.49075
good:0.49
great movie:0.48075
first contact:0.47675
creativity:0.45175
dialogue:0.4495
betrayal:0.4465
very interesting:0.44225
revenge:0.43875
monster:0.41825
great acting:0.4165
violence:0.416
gothic:0.412
catastrophe:0.40875
effects:0.40575
demons:0.4
chase:0.392
creepy:0.39175
life & death:0.38875
gory:0.3875
underrated:0.38725
suspense:0.383
blood:0.38125
vengeance:0.3735
allegory:0.37175
corporate america:0.36775
love story:0.367
not funny:0.36225
doctors:0.36
destiny:0.35675
adaptation:0.35275
cool:0.3485
classic:0.3435
existentialism:0.342
action:0.33675
hunting:0.33525
romantic:0.334
ghosts/afterlife:0.32675
fantasy world:0.322
weird:0.317
eerie:0.3155
runaway:0.315
atmospheric:0.31475
road movie:0.3145
brutality:0.31425
pg-13:0.31425
good soundtrack:0.31
fun movie:0.3095
fight scenes:0.3065
animals:0.30625
twist ending:0.30475
police investigation:0.3025
bloody:0.29875
corruption:0.29775
mythology:0.292
cult classic:0.29075
clever:0.28975
silly:0.289
lone hero:0.28725
passionate:0.28675
life philosophy:0.28625
storytelling:0.286
melancholic:0.2835
alter ego:0.28275
nudity (topless - notable):0.28175
writers:0.279
visually stunning:0.27675
entirely dialogue:0.27625
macabre:0.27475
culture clash:0.27425
good action:0.27425
exceptional acting:0.27375
psychological:0.27325
unusual plot structure:0.272
workplace:0.27
campy:0.267
cult film:0.26425
thought-provoking:0.264
spiders:0.26375
stylish:0.262
beautiful scenery:0.2605
action packed:0.26025
excellent:0.26025
justice:0.25925
thriller:0.25825
