oscar (best supporting actor):0.99
adapted from:book:0.96825
based on book:0.96025
coming of age:0.944
mentor:0.93475
based on a book:0.92875
drama:0.89675
great acting:0.895
abortion:0.85975
sentimental:0.85375
destiny:0.8495
touching:0.8465
dramatic:0.845
storytelling:0.826
compassionate:0.8015
oscar:0.79475
feel-good:0.78725
oscar (best picture):0.7785
original:0.74475
beautifully filmed:0.74125
cinematography:0.73725
story:0.737
good acting:0.73175
adaptation:0.7305
heartwarming:0.721
literature:0.72075
oscar (best directing):0.71375
coming-of-age:0.71175
orphans:0.7115
parenthood:0.71075
beautiful scenery:0.71025
bittersweet:0.70875
nudity (topless - brief):0.70675
pg-13:0.7055
good soundtrack:0.7045
good:0.69575
feel good movie:0.69425
exceptional acting:0.69175
childhood:0.67725
adoption:0.67575
complex:0.6755
excellent script:0.671
life:0.67075
oscar winner:0.67
great ending:0.6645
emotional:0.65425
interesting:0.6525
sad but good:0.6525
visually stunning:0.638
runaway:0.62775
death:0.62275
great:0.62
friendship:0.6155
great movie:0.6115
doctors:0.60825
moral ambiguity:0.6075
poignant:0.604
oscar (best actress):0.60125
imdb top 250:0.60075
books:0.60025
loneliness:0.58925
life & death:0.578
earnest:0.57475
greed:0.57075
unlikely friendships:0.566
oscar (best supporting actress):0.56525
prejudice:0.5605
depression:0.55975
life philosophy:0.5575
good story:0.5575
england:0.55225
thought-provoking:0.5505
excellent:0.5495
hospital:0.549
narrated:0.54475
morality:0.53575
melancholic:0.53175
idealism:0.531
sacrifice:0.5285
social commentary:0.518
very good:0.517
heartbreaking:0.5145
incest:0.5125
betrayal:0.51125
suprisingly clever:0.50975
manipulation:0.5085
philosophy:0.508
dialogue:0.50775
harsh:0.50625
culture clash:0.504
happy ending:0.50025
love story:0.4985
nudity (rear):0.49475
catastrophe:0.491
complex characters:0.48175
oscar (best actor):0.47925
scenic:0.478
redemption:0.4755
justice:0.47275
honest:0.47275
