batman:0.96
animation:0.9585
animated:0.91225
superheroes:0.849
superhero:0.843
super hero:0.73
dc comics:0.68575
grindhouse:0.6775
original:0.6265
vengeance:0.61375
action:0.60975
comic:0.56075
mentor:0.5275
lone hero:0.51625
cyborgs:0.50975
comic book:0.5035
death:0.49975
dialogue:0.49375
fight scenes:0.488
apocalypse:0.48375
chase:0.48175
action packed:0.47675
cartoon:0.457
giant robots:0.452
story:0.439
underrated:0.43075
made for tv:0.41975
catastrophe:0.4135
macabre:0.40675
stand-up comedy:0.39575
animals:0.39025
weird:0.38725
absurd:0.3835
good:0.38075
author:neil gaiman:0.37975
not funny:0.3705
dark hero:0.36925
allegory:0.369
justice:0.35475
computer animation:0.348
gunfight:0.346
comics:0.33
fighting:0.3295
lions:0.32625
family drama:0.323
transgender:0.3145
nocturnal:0.3135
writers:0.31275
monsters:0.31275
first contact:0.3125
queer:0.31225
anti-hero:0.309
great ending:0.30425
mad scientist:0.302
hospital:0.29875
vigilante:0.29475
assassin:0.28925
alter ego:0.2885
violent:0.2885
super-hero:0.28575
franchise:0.285
too short:0.28125
revenge:0.2805
good action:0.27925
silly fun:0.27625
melancholic:0.27175
zombie:0.271
kick-butt women:0.26925
family:0.26625
entirely dialogue:0.2655
aardman studios:0.26475
redemption:0.264
visceral:0.26275
great:0.26175
culture clash:0.25575
better than expected:0.25575
unfunny:0.2555
graphic novel:0.25325
ninja:0.24825
runaway:0.242
animal movie:0.24175
harsh:0.24025
weapons:0.2395
transformation:0.23875
british comedy:0.23625
twists & turns:0.235
pg-13:0.235
crude humor:0.23025
unusual plot structure:0.22775
stereotypes:0.22675
parody:0.22675
video games:0.22625
sarcasm:0.226
predictable:0.22575
crime gone awry:0.2235
social commentary:0.222
nostalgic:0.2215
adapted from:comic:0.22125
free speech:0.22075
stupidity:0.219
