satire:0.98125
parody:0.96375
comedy:0.957
satirical:0.94175
spoof:0.9185
social commentary:0.87425
funniest movies:0.84
irreverent:0.829
funny:0.80625
hilarious:0.79075
humorous:0.781
very funny:0.72775
original:0.70375
absurd:0.66675
sarcasm:0.66225
humor:0.6365
weird:0.60025
harsh:0.59575
stupidity:0.5775
dark comedy:0.56575
goofy:0.53425
crude humor:0.5335
funny as hell:0.52675
saturday night live:0.515
off-beat comedy:0.508
creativity:0.50475
dark humor:0.503
brutality:0.495
good soundtrack:0.494
unfunny:0.48925
silly fun:0.48775
black comedy:0.479
great ending:0.44925
melancholic:0.44575
catastrophe:0.44
stereotypes:0.435
dumb but funny:0.42675
storytelling:0.4215
farce:0.41825
silly:0.40975
mentor:0.40825
television:0.3945
clever:0.38775
pornography:0.38175
adaptation:0.38075
unusual plot structure:0.37925
corruption:0.374
stylized:0.36875
fantasy world:0.36675
visually appealing:0.363
suprisingly clever:0.36075
male nudity:0.357
cult film:0.35275
nudity (full frontal - notable):0.35225
women:0.34925
predictable:0.34825
idiotic:0.34375
distopia:0.34175
writers:0.33825
life philosophy:0.3345
cult classic:0.33325
dialogue:0.33275
nudity (full frontal - brief):0.332
bizarre:0.332
disaster:0.33025
visually stunning:0.3295
best of 2005:0.3285
justice:0.3285
runaway:0.3265
multiple storylines:0.32525
stoner movie:0.32475
sexualized violence:0.32425
so bad it's funny:0.3165
greed:0.31625
stupid:0.31325
weapons:0.29875
journalism:0.29825
narrated:0.298
ironic:0.29575
adapted from:book:0.29575
destiny:0.28925
culture clash:0.2875
politics:0.287
happy ending:0.28575
police investigation:0.285
witty:0.28425
death:0.283
ridiculous:0.28075
great:0.2735
quirky:0.27125
entirely dialogue:0.266
vengeance:0.26475
censorship:0.26275
drinking:0.26225
slapstick:0.258
nudity (topless - brief):0.258
surreal:0.25675
talky:0.25525
nudity (topless):0.252
movielens top pick:0.25125
