chase:0.768
teen movie:0.74325
80s:0.69775
adventure:0.68675
original:0.63325
comedy:0.621
classic car:0.52075
teen:0.51075
predictable:0.5075
family:0.49575
boat:0.4915
action:0.486
silly fun:0.45925
holiday:0.42425
dialogue:0.42175
mentor:0.41975
catastrophe:0.419
fantasy:0.414
lone hero:0.4125
life philosophy:0.4115
fun movie:0.411
great ending:0.40325
vengeance:0.38825
so bad it's funny:0.3805
drama:0.349
funny:0.335
family drama:0.325
bad plot:0.3235
very funny:0.321
fantasy world:0.3175
entirely dialogue:0.3155
goofy:0.31075
unusual plot structure:0.31025
feel good movie:0.3065
feel-good:0.30325
overrated:0.30075
romance:0.28675
storytelling:0.286
mission from god:0.28275
good soundtrack:0.2795
life & death:0.275
adaptation:0.27475
good:0.2705
first contact:0.26825
irish accent:0.26425
sexy:0.26275
brutality:0.26175
unfunny:0.26075
great:0.2605
not funny:0.26
fun:0.25775
san francisco:0.257
light:0.253
underdog:0.247
quirky:0.246
saturday night live:0.24375
adoption:0.24275
fight scenes:0.242
time:0.237
story:0.23625
romantic:0.2325
crude humor:0.23225
nudity (full frontal - brief):0.22175
destiny:0.212
boring:0.21075
action packed:0.2095
hitman:0.20875
love story:0.20675
gangsters:0.2045
road movie:0.20425
clever:0.204
betrayal:0.20325
entertaining:0.19825
cult film:0.1965
runaway:0.1965
pg-13:0.19625
slapstick:0.19525
teacher:0.19475
weapons:0.1945
melancholic:0.1935
sci fi:0.19325
redemption:0.19275
bad:0.1925
harsh:0.191
nostalgic:0.19075
cinematography:0.18975
dysfunctional family:0.1885
gunfight:0.18725
grindhouse:0.18625
greed:0.18625
good action:0.186
scenic:0.1855
culture clash:0.18375
complex:0.18225
high school:0.181
suprisingly clever:0.18025
solitude:0.17925
witty:0.179
reflective:0.179
fake documentary:0.1785
