prison:0.99275
latin america:0.99025
brazil:0.93675
male nudity:0.9305
true story:0.89275
brutality:0.81275
drug abuse:0.8025
good soundtrack:0.79525
compassionate:0.788
violence:0.78
based on a book:0.77875
downbeat:0.7525
segregation:0.72525
based on a true story:0.7165
drugs:0.7155
rebellion:0.715
social commentary:0.7115
corruption:0.71
doctors:0.708
unlikely friendships:0.7
original:0.69675
dramatic:0.69525
solitude:0.694
brutal:0.67325
realistic:0.66675
storytelling:0.6585
harsh:0.65425
runaway:0.65325
rio de janeiro:0.64375
aids:0.63375
prison escape:0.63075
melancholic:0.60625
very interesting:0.5915
weapons:0.58725
independent film:0.58675
very good:0.58525
great ending:0.584
courage:0.57525
mentor:0.5735
reflective:0.57325
based on true story:0.567
friendship:0.5615
life & death:0.559
good:0.545
based on book:0.5345
great:0.5305
oscar (best foreign language film):0.52525
violent:0.521
tragedy:0.5165
bleak:0.51175
prejudice:0.5105
loneliness:0.51
suprisingly clever:0.5015
life philosophy:0.49675
south america:0.49625
redemption:0.49225
fighting the system:0.4915
oscar:0.4865
spanish:0.48575
hospital:0.48
humanity:0.4775
gangs:0.476
life:0.472
story:0.472
freedom:0.471
excellent:0.4695
death:0.46675
grim:0.463
betrayal:0.4575
movielens top pick:0.4555
criterion:0.45175
murder:0.448
drama:0.4475
honest:0.44325
idealism:0.443
crime:0.4425
culture clash:0.441
catastrophe:0.43925
alone in the world:0.4375
drinking:0.43
guilt:0.42925
depression:0.42875
imdb top 250:0.42775
amazing photography:0.4255
artistic:0.42525
allegory:0.4225
interesting:0.421
justice:0.4185
complex:0.41725
adapted from:book:0.41675
great acting:0.41075
transformation:0.41
magic realism:0.40725
poverty:0.40575
unusual plot structure:0.40175
islam:0.3975
revenge:0.39725
underrated:0.39625
history:0.39525
gritty:0.394
