small town:0.985
loneliness:0.984
touching:0.9645
sweet:0.929
heartwarming:0.92125
love:0.91025
mental illness:0.9025
original:0.9025
independent film:0.87725
quirky:0.86175
emotional:0.852
off-beat comedy:0.84825
feel-good:0.844
relationships:0.83025
psychiatry:0.8175
drama:0.814
psychology:0.797
compassionate:0.7545
good soundtrack:0.75125
social commentary:0.73125
depression:0.7255
intimate:0.6865
pornography:0.6815
melancholic:0.6795
interesting:0.674
solitude:0.6685
isolation:0.6685
weird:0.6665
feel good movie:0.6625
bittersweet:0.66175
love story:0.66075
indie:0.66075
internet:0.65875
sad but good:0.65675
hospital:0.6475
honest:0.64675
pg-13:0.62275
absurd:0.6215
magic realism:0.61675
friendship:0.60525
psychological:0.6045
eccentricity:0.60425
life philosophy:0.598
based on a true story:0.5975
life:0.5925
runaway:0.59125
character study:0.589
idealism:0.5885
mentor:0.58625
sad:0.58525
destiny:0.58025
unlikely friendships:0.575
good:0.5705
tragedy:0.56725
whimsical:0.567
story:0.56
insanity:0.55975
realistic:0.557
great acting:0.55
life & death:0.54975
intense:0.544
excellent script:0.53925
movielens top pick:0.53775
earnest:0.537
redemption:0.536
workplace:0.5275
poignant:0.527
death:0.52
culture clash:0.51275
good acting:0.512
clever:0.4995
thought-provoking:0.4985
great ending:0.49725
childhood:0.495
storytelling:0.4855
heartbreaking:0.48125
cute:0.478
visually appealing:0.47475
affectionate:0.47375
doctors:0.46975
oscar (best actress):0.4605
obsession:0.46
happy ending:0.4565
cerebral:0.456
philosophy:0.45575
melancholy:0.45125
dialogue:0.44075
talky:0.43925
new jersey:0.43575
oscar:0.4345
beautifully filmed:0.4345
criterion:0.43325
drinking:0.43275
narrated:0.43225
dramatic:0.42875
original plot:0.42425
special:0.42175
very interesting:0.4205
sentimental:0.41925
depressing:0.419
