weird:0.9815
suicide:0.98075
japan:0.969
surreal:0.96175
splatter:0.93625
surrealism:0.93325
so bad it's funny:0.86575
brutality:0.82825
art house:0.82725
police investigation:0.82075
tokyo:0.7995
japanese:0.79225
disturbing:0.7905
pornography:0.7695
cult film:0.764
cult classic:0.75425
life & death:0.743
bloody:0.737
enigmatic:0.722
social commentary:0.69975
visceral:0.6865
confusing:0.6695
dreamlike:0.662
original:0.65875
good soundtrack:0.65375
absurd:0.64825
harsh:0.64575
gory:0.64225
ironic:0.641
macabre:0.6345
strange:0.633
bizarre:0.6165
psychological:0.61025
violence:0.596
existentialism:0.5935
melancholic:0.5865
allegory:0.583
thought-provoking:0.576
lynch:0.57525
gruesome:0.573
stylized:0.565
violent:0.54475
reflective:0.52525
gratuitous violence:0.522
mentor:0.5175
pointless:0.51
art:0.5005
insanity:0.4835
police:0.4815
criterion:0.476
vengeance:0.475
dark humor:0.47475
brutal:0.46775
kidnapping:0.4525
dialogue:0.447
hospital:0.445
controversial:0.4445
nudity (full frontal - notable):0.44
satirical:0.44
creepy:0.43825
runaway:0.437
unique:0.4365
grindhouse:0.43375
storytelling:0.42925
internet:0.42825
life philosophy:0.42725
forceful:0.42325
crazy:0.42025
teens:0.4185
cult:0.4145
very interesting:0.4085
detective:0.40775
culture clash:0.404
suprisingly clever:0.4015
police corruption:0.40075
complex:0.39775
great ending:0.39525
twists & turns:0.39425
golden palm:0.393
hard to watch:0.39275
identity:0.391
hallucinatory:0.39
male nudity:0.3885
quirky:0.3865
secrets:0.3865
catastrophe:0.38475
non-linear:0.38325
atmospheric:0.3825
stylish:0.3825
dark:0.379
nonlinear:0.377
sexualized violence:0.377
blood:0.3765
bad ending:0.37275
creativity:0.37125
torture:0.37125
obsession:0.37075
low budget:0.367
guilt:0.3635
women:0.356
