oscar (best foreign language film):0.988
poland:0.9855
black and white:0.93925
cinematography:0.93775
melancholic:0.936
bleak:0.93425
jews:0.908
foreign:0.90625
criterion:0.83
jewish:0.82825
beautifully filmed:0.82375
reflective:0.802
catholicism:0.79325
loneliness:0.776
enigmatic:0.7655
intimate:0.764
photography:0.762
existentialism:0.754
depression:0.73325
art house:0.70725
character study:0.67975
melancholy:0.6715
golden palm:0.6715
talky:0.66475
dramatic:0.65675
guilt:0.651
downbeat:0.63375
original:0.6285
harsh:0.61725
anti-semitism:0.6055
storytelling:0.57
brutality:0.56525
road trip:0.55
grim:0.5485
masterpiece:0.54575
visually stunning:0.53875
breathtaking:0.5385
adoption:0.53675
religion:0.536
complex characters:0.534
meditative:0.5335
nazis:0.5325
visceral:0.524
complex:0.52375
imdb top 250:0.52225
suicide:0.52
visual:0.518
holocaust:0.5145
redemption:0.514
drinking:0.51275
identity:0.50875
culture clash:0.5085
sacrifice:0.5075
pornography:0.5025
narrated:0.49475
tragedy:0.49225
runaway:0.48525
suprisingly clever:0.48375
oscar (best directing):0.47975
poignant:0.4775
mentor:0.46075
slow paced:0.45825
nazi:0.4535
art:0.444
life & death:0.4435
atmospheric:0.44225
islam:0.44175
artsy:0.44025
road movie:0.4325
nocturnal:0.429
cynical:0.42825
weird:0.4225
parenthood:0.41875
entirely dialogue:0.40425
compassionate:0.404
childhood:0.402
mozart:0.401
idealism:0.38925
suicide attempt:0.38775
beautiful scenery:0.3875
dialogue:0.38725
great cinematography:0.38175
exceptional acting:0.38125
wartime:0.381
drama:0.3795
depressing:0.376
judaism:0.372
stunning:0.37075
cerebral:0.36875
indie:0.36875
stylized:0.36825
world war ii:0.3665
independent film:0.36375
forceful:0.3585
not funny:0.35475
off-beat comedy:0.35325
emotional:0.353
catastrophe:0.351
brothers:0.3495
silent:0.34425
