mythology:0.9965
egypt:0.9925
god:0.9815
fantasy:0.9655
fairy tale:0.953
afterlife:0.90675
immortality:0.889
bad cgi:0.86775
magic:0.8625
cgi:0.8555
fantasy world:0.85525
dark fantasy:0.85425
big budget:0.8535
special effects:0.79875
visually stunning:0.7645
video game:0.76275
silly fun:0.732
original:0.71075
visuals:0.6995
visual:0.684
fight scenes:0.68025
first contact:0.67375
bad acting:0.66725
adventure:0.6525
sci fi:0.62575
so bad it's funny:0.588
action:0.5875
plot holes:0.5515
high fantasy:0.54825
biblical:0.54625
bad:0.54375
horrible:0.5415
computer game:0.5325
3d:0.5265
predictable:0.52525
dialogue:0.5095
fairy tales:0.49125
wuxia:0.4825
space opera:0.4765
pg-13:0.47275
story:0.4715
disaster:0.4655
effects:0.45375
natural disaster:0.448
bad script:0.442
monsters:0.441
alternate history:0.43275
catastrophe:0.42875
bad plot:0.42775
better than expected:0.41825
visually appealing:0.41575
stunning:0.4145
plot:0.405
great ending:0.4
camp:0.39325
awful:0.39125
silly:0.38425
destiny:0.382
devil:0.37675
cult film:0.36575
based on a video game:0.36325
idiotic:0.36125
mentor:0.35975
good versus evil:0.35975
goofy:0.35925
storytelling:0.35525
action packed:0.35325
clones:0.3275
humanity:0.3265
fun:0.324
ridiculous:0.32375
brutality:0.32325
steampunk:0.32275
entirely dialogue:0.32275
transformation:0.3225
pointless:0.32175
witch:0.32175
swashbuckler:0.32025
overrated:0.31775
redemption:0.31725
cinematography:0.31125
stylized:0.307
entertaining:0.30375
franchise:0.299
sacrifice:0.297
superheroes:0.29425
not funny:0.2935
imagination:0.291
good:0.28975
crude humor:0.2875
nocturnal:0.28275
death:0.27875
family:0.27575
religion:0.2725
scifi:0.27125
adaptation:0.26775
bad science:0.26775
beautiful scenery:0.26675
cheesy:0.26525
dynamic cgi action:0.261
