existentialism:0.96275
meditative:0.92575
pretentious:0.8545
cinematography:0.85025
so bad it's funny:0.72725
los angeles:0.7175
visual:0.6945
las vegas:0.6395
non-linear:0.618
original:0.61775
life & death:0.615
pointless:0.592
reflective:0.58975
depression:0.589
intimate:0.5865
art house:0.58525
poetry:0.578
art:0.56
midlife crisis:0.53025
philosophical:0.52725
solitude:0.52275
first contact:0.52
dialogue:0.507
enigmatic:0.49475
storytelling:0.47475
beautifully filmed:0.469
relationships:0.46175
complex:0.46075
narrated:0.45875
life philosophy:0.451
breathtaking:0.44325
melancholic:0.4185
loneliness:0.4095
redemption:0.404
writers:0.40025
catastrophe:0.37525
allegory:0.37375
entirely dialogue:0.362
artsy:0.354
pornography:0.343
mentor:0.3395
great ending:0.33325
road movie:0.33025
not funny:0.32725
alternate reality:0.322
homeless:0.31125
god:0.30375
greed:0.3005
visceral:0.29675
visually appealing:0.29025
women:0.28925
overrated:0.28425
dreamlike:0.28125
boring!:0.279
surreal:0.2745
independent film:0.26625
humanity:0.26475
destiny:0.25975
intellectual:0.25675
christian:0.25325
weird:0.253
suprisingly clever:0.2515
fight scenes:0.25075
cerebral:0.247
brutality:0.245
immortality:0.2435
good soundtrack:0.23225
slow paced:0.231
emotional:0.23
sci fi:0.22325
bleak:0.2185
computer game:0.21825
nudity (full frontal - notable):0.21525
masterpiece:0.2115
artistic:0.20975
natural disaster:0.2085
stylized:0.20325
bad plot:0.20175
adaptation:0.20125
slapstick:0.201
golden palm:0.1955
gangsters:0.19525
internet:0.195
talky:0.19475
dreams:0.193
romance:0.19275
death:0.19075
multiple storylines:0.1895
nonlinear:0.189
desert:0.18625
boring:0.18525
visually stunning:0.1835
hotel:0.18225
criterion:0.1815
artist:0.18125
shallow:0.17975
vengeance:0.17875
lone hero:0.1765
predictable:0.17575
great acting:0.174
