based on a tv show:0.99925
original:0.87575
franchise:0.84575
family:0.82225
series:0.7835
product placement:0.7495
predictable:0.7325
kids:0.7145
science fiction:0.70925
space:0.70875
island:0.6995
children:0.6205
special effects:0.608
action:0.562
fun movie:0.54475
bad plot:0.53
first contact:0.5275
disaster:0.52
fight scenes:0.51675
fantasy world:0.49475
adventure:0.48825
dialogue:0.48625
sci fi:0.48075
catastrophe:0.47925
action packed:0.475
natural disaster:0.47125
remake:0.46625
mentor:0.4645
futuristic:0.46025
idiotic:0.4535
culture clash:0.45
astronauts:0.43975
horrible:0.437
sci-fi:0.432
dinosaurs:0.429
silly:0.42325
technology:0.42325
overrated:0.42075
slapstick:0.40725
big budget:0.40275
fantasy:0.39975
kids and family:0.3975
great ending:0.395
life philosophy:0.39175
teen movie:0.38275
nostalgic:0.37875
so bad it's funny:0.3695
pg-13:0.35575
shallow:0.34975
quirky:0.34875
destiny:0.34575
story:0.34475
stereotypes:0.34275
fun:0.33725
teens:0.337
adaptation:0.3355
london:0.33225
visually stunning:0.33175
firefly:0.3265
teen:0.3195
silly fun:0.31925
scifi:0.315
crude humor:0.313
dysfunctional family:0.3125
great:0.30725
bad:0.30325
entirely dialogue:0.3015
good dialogue:0.3015
complex:0.30125
childhood:0.301
good versus evil:0.29875
puppets:0.29425
brothers:0.29125
space travel:0.291
pointless:0.29
computer animation:0.28925
redemption:0.28725
future:0.281
sequels:0.27875
made for tv:0.27775
good:0.27475
nudity (topless - notable):0.273
cartoon:0.27225
death:0.271
colourful:0.27075
crappy sequel:0.26775
writers:0.26275
cerebral:0.25825
runaway:0.257
violence:0.25525
original plot:0.25425
girlie movie:0.251
justice:0.25
ninja:0.2475
unlikely friendships:0.24575
plot holes:0.2455
bad cgi:0.24375
lame:0.24325
secrets:0.24175
weapons:0.24075
