surfing:0.9975
hawaii:0.98175
amazing cinematography:0.95425
documentary:0.9325
california:0.8645
narrated:0.83
good soundtrack:0.83
visually stunning:0.8035
original:0.75425
intense:0.74325
interesting:0.73475
life philosophy:0.733
sports:0.715
oil:0.70925
fun movie:0.704
mentor:0.70275
photography:0.70075
stereotypes:0.6875
very interesting:0.68525
australia:0.6755
pg-13:0.64425
good music:0.628
amazing photography:0.60975
creativity:0.6065
good:0.602
great movie:0.602
great ending:0.60075
social commentary:0.59425
feel-good:0.587
great:0.5825
cinematography:0.578
earnest:0.5745
technology:0.5735
obsession:0.56675
destiny:0.551
feel good movie:0.53675
scotland:0.523
artistic:0.5215
inspirational:0.517
breathtaking:0.50625
unusual plot structure:0.506
stunning:0.5055
passionate:0.49425
cool:0.486
inspiring:0.48475
entertaining:0.484
scenic:0.48175
culture clash:0.47925
storytelling:0.47675
catastrophe:0.4735
visual:0.47175
cult classic:0.4705
awesome:0.4685
courage:0.468
texas:0.4655
philosophy:0.4635
england:0.4635
twists & turns:0.45975
suprisingly clever:0.4595
dialogue:0.4565
ireland:0.45625
drama:0.4525
alaska:0.448
talky:0.43925
harsh:0.439
light:0.43875
oscar (best directing):0.43475
fun:0.43425
clever:0.43225
excellent script:0.426
runaway:0.4245
greed:0.42275
criterion:0.4215
imdb top 250:0.42025
melancholic:0.419
awesome soundtrack:0.4185
honest:0.413
beautiful scenery:0.41275
internet:0.4055
adapted from:book:0.40425
excellent:0.40275
highly quotable:0.401
touching:0.40075
alone in the world:0.4
corruption:0.398
nudity (full frontal - brief):0.3935
classic car:0.39175
chase:0.39075
original plot:0.385
revenge:0.383
redemption:0.37825
adventure:0.37675
multiple storylines:0.37475
great acting:0.3745
art:0.374
life:0.37325
artist:0.371
brutality:0.37075
thought-provoking:0.36225
intimate:0.3595
