violence:0.99225
violent:0.97475
documentary:0.91175
gangs:0.9075
brutality:0.8965
crime:0.87475
original:0.84475
murder:0.79
very interesting:0.78775
social commentary:0.78225
criterion:0.76775
visceral:0.76575
melancholic:0.756
vengeance:0.744
harsh:0.7425
interesting:0.7305
runaway:0.72925
intimate:0.7145
enigmatic:0.7075
stylized:0.6925
disturbing:0.692
bleak:0.69025
revenge:0.676
corruption:0.6685
tragedy:0.6555
sexual abuse:0.6535
good soundtrack:0.64475
complex:0.64175
redemption:0.641
golden palm:0.62825
mentor:0.62525
realistic:0.6245
bloody:0.61675
talky:0.6125
poverty:0.612
chicago:0.6105
depression:0.6085
politics:0.608
artistic:0.60125
art:0.5995
forceful:0.59525
movielens top pick:0.5925
oscar (best supporting actress):0.5905
visually appealing:0.589
breathtaking:0.5765
narrated:0.57225
amazing photography:0.57025
culture clash:0.5675
chase:0.5675
teenager:0.5665
relationships:0.56175
oscar (best directing):0.5485
death:0.54675
justice:0.543
highly quotable:0.5385
nocturnal:0.536
character study:0.5295
melancholy:0.528
oscar (best foreign language film):0.526
prison:0.523
gratuitous violence:0.5195
hospital:0.51325
grim:0.504
honest:0.5025
surveillance:0.50225
imdb top 250:0.502
cult classic:0.49725
cinematography:0.49675
reflective:0.496
censorship:0.49125
police investigation:0.4875
greed:0.487
poignant:0.4865
obsession:0.4845
oscar (best actress):0.48275
depressing:0.4825
california:0.48075
moral ambiguity:0.4735
oscar:0.4725
intense:0.472
drugs:0.47175
great ending:0.47075
brutal:0.467
political:0.46175
original plot:0.46025
gangsters:0.4585
drama:0.45775
drinking:0.4565
artist:0.4555
workplace:0.4505
stylish:0.45
internet:0.44875
dialogue:0.44325
tokyo:0.43575
stereotypes:0.43175
dark hero:0.4305
1970s:0.42725
great soundtrack:0.4265
storytelling:0.42375
oscar (best effects - visual effects):0.4235
