criterion:0.98125
pornography:0.872
very interesting:0.8365
talky:0.791
rebellion:0.76425
political:0.7535
independent film:0.746
runaway:0.71725
intellectual:0.68575
dialogue:0.66475
satirical:0.64225
segregation:0.60625
politics:0.60525
violence:0.601
original:0.601
relationships:0.59925
social commentary:0.59425
crime gone awry:0.59325
women:0.591
sexual:0.58775
ironic:0.5815
life philosophy:0.58075
good soundtrack:0.579
golden palm:0.57775
france:0.57
gunfight:0.5675
sexy:0.51375
unusual plot structure:0.508
intimate:0.507
pretentious:0.5
assassination:0.5
unlikely friendships:0.48325
male nudity:0.483
french:0.4825
entirely dialogue:0.47375
black and white:0.46425
satire:0.45325
culture clash:0.44475
grindhouse:0.438
reflective:0.438
great ending:0.43475
obsession:0.42925
catastrophe:0.4285
stylish:0.42325
brutality:0.422
mentor:0.4205
paris:0.41875
prejudice:0.41425
awesome soundtrack:0.412
murder:0.4035
redemption:0.40025
loneliness:0.4
nudity (full frontal - brief):0.39775
interesting:0.3935
destiny:0.39275
earnest:0.39
humorous:0.3875
affectionate:0.38625
witty:0.3845
sex:0.38075
friendship:0.374
philosophical:0.373
drinking:0.372
absurd:0.37125
chase:0.37125
stylized:0.37125
revolution:0.371
gangsters:0.3675
love:0.36325
corruption:0.36025
enigmatic:0.35775
honest:0.35525
bittersweet:0.35225
shallow:0.34475
police investigation:0.34475
gay character:0.34325
light:0.34025
not funny:0.33925
good:0.33825
cool:0.33275
cinematography:0.326
classic car:0.32325
guilt:0.32025
tricky:0.31875
clever:0.31675
dark hero:0.31575
storytelling:0.3155
dark humor:0.31525
betrayal:0.3145
cynical:0.31375
vengeance:0.3135
prostitution:0.31225
suprisingly clever:0.308
very good:0.30675
race issues:0.30575
dysfunctional family:0.30325
anti-hero:0.30225
quirky:0.298
hotel:0.2975
pointless:0.2965
