vampires:0.99825
vampire:0.99675
horror:0.9675
cult film:0.89375
cult classic:0.892
80s:0.89175
nocturnal:0.8865
fun movie:0.858
special effects:0.855
1980s:0.843
original:0.83175
cool:0.80225
creepy:0.78125
great:0.729
splatter:0.722
fun:0.71275
effects:0.71225
great movie:0.70875
goofy:0.70825
transformation:0.69775
cheesy:0.69275
awesome soundtrack:0.689
blood:0.688
gory:0.6875
goth:0.6805
good soundtrack:0.6735
teen:0.66625
demons:0.66275
grindhouse:0.6575
cult:0.6515
good:0.63975
dark hero:0.63325
monster:0.6315
teen movie:0.6265
teens:0.6265
supernatural:0.60625
low budget:0.6045
zombie:0.59925
dark humor:0.5965
scary:0.5925
comedy:0.58525
highly quotable:0.58125
mentor:0.57575
campy:0.57125
mythology:0.56425
violence:0.56425
great soundtrack:0.56075
quotable:0.55975
atmospheric:0.554
stylish:0.542
camp:0.52925
humorous:0.52825
gruesome:0.524
classic:0.51225
nostalgic:0.5115
werewolf:0.50825
sexy:0.50575
great ending:0.5045
suspense:0.50175
dialogue:0.4975
oscar (best effects - visual effects):0.49475
good action:0.49075
entertaining:0.4825
adaptation:0.48175
queer:0.4785
brutality:0.4725
fight scenes:0.4675
nudity (topless):0.46625
weird:0.46375
visceral:0.46375
alter ego:0.461
werewolves:0.46075
death:0.4575
revenge:0.45275
so bad it's funny:0.4515
apocalypse:0.445
fighting:0.44325
intense:0.4415
biting:0.44025
story:0.438
gay character:0.43475
redemption:0.4345
frightening:0.43375
slasher:0.43325
humor:0.43125
buddy movie:0.4305
catastrophe:0.4285
excellent:0.42125
hunting:0.41975
violent:0.419
bloody:0.418
sexualized violence:0.40925
monsters:0.403
small town:0.4015
graphic novel:0.40125
honest:0.39675
gore:0.39275
chase:0.39
silly fun:0.385
tense:0.38475
