racing:0.993
animation:0.97875
computer animation:0.91975
talking animals:0.91725
animated:0.91125
animals:0.904
cartoon:0.873
dreams:0.8715
race:0.81375
kids:0.8
kids and family:0.7905
fun movie:0.75125
cute:0.711
fun:0.705
original:0.70325
creativity:0.69475
cars:0.666
3d:0.6645
dreamworks:0.65875
story:0.65225
visually stunning:0.62875
disney:0.61175
animal movie:0.5965
cute!:0.5855
family:0.58075
predictable:0.56025
children:0.53275
dialogue:0.495
fast paced:0.49275
whimsical:0.48225
silly:0.47825
adventure:0.47175
stereotypes:0.4685
catastrophe:0.4645
mentor:0.4595
crude humor:0.45875
good:0.4475
entertaining:0.4385
good soundtrack:0.43375
cgi:0.4255
visuals:0.42375
transformation:0.42025
life philosophy:0.39575
storytelling:0.394
silly fun:0.3885
clever:0.383
very funny:0.38225
superheroes:0.381
obsession:0.3765
childhood:0.375
funny:0.373
chase:0.36825
redemption:0.36525
oscar (best animated feature):0.358
underdog:0.35775
comedy:0.354
great ending:0.3385
slapstick:0.33625
not funny:0.33575
bad plot:0.333
alter ego:0.3315
dinosaurs:0.3285
natural disaster:0.32475
first contact:0.3245
great:0.323
visual:0.31725
pixar:0.31675
so bad it's funny:0.313
colourful:0.306
simple:0.3055
inspirational:0.30175
technology:0.2915
unlikely friendships:0.2855
paranoid:0.284
pg-13:0.2775
lone hero:0.27675
visually appealing:0.27675
giant robots:0.274
greed:0.2715
happy ending:0.27125
fantasy world:0.2695
enormously long battle scene:0.26925
absurd:0.268
destiny:0.26575
big budget:0.2635
unusual plot structure:0.26175
franchise:0.256
unfunny:0.25525
fight scenes:0.253
culture clash:0.25175
entirely dialogue:0.2515
police investigation:0.2515
exciting:0.25125
fairy tale:0.24975
betrayal:0.24925
suprisingly clever:0.248
overrated:0.24775
light:0.24625
rats:0.24625
shallow:0.24375
