teen:0.99125
surfing:0.97825
teen movie:0.95675
teens:0.92475
motorcycle:0.822
pornography:0.7875
teenagers:0.7715
fun movie:0.768
camp:0.75175
high school:0.72325
original:0.715
grindhouse:0.70725
good soundtrack:0.69225
adolescence:0.68225
dancing:0.6775
california:0.6425
family:0.63725
teenager:0.636
gangs:0.6305
hawaii:0.57275
spying:0.57125
bullying:0.5525
awesome soundtrack:0.55025
predictable:0.5485
silly fun:0.54475
nostalgic:0.543
stereotypes:0.537
dialogue:0.53075
80s:0.527
surreal:0.5245
rock and roll:0.515
mentor:0.51175
beer:0.49425
vampire human love:0.4865
nudity (full frontal - notable):0.485
stupidity:0.47125
catastrophe:0.4405
light:0.439
nerds:0.43275
amy smart:0.41025
sexy:0.40875
school:0.4075
road movie:0.405
romance:0.39875
stupid as hell:0.39725
dysfunctional family:0.39625
cheerleading:0.3905
melancholic:0.39025
brutality:0.3865
cult film:0.38525
great ending:0.3845
fun:0.3815
adaptation:0.37775
idiotic:0.36875
pointless:0.3675
visually appealing:0.3645
silly:0.36325
nudity (topless - notable):0.36025
bad plot:0.358
franchise:0.3575
not funny:0.35675
runaway:0.35125
campy:0.34825
overrated:0.348
goofy:0.348
parallel universe:0.347
life philosophy:0.33025
fight scenes:0.3275
new jersey:0.3265
virginity:0.326
first contact:0.316
dreamlike:0.3155
redemption:0.31225
childhood:0.3115
geeks:0.31075
entirely dialogue:0.3085
very funny:0.30775
comedy:0.3045
slapstick:0.304
criterion:0.30225
unusual plot structure:0.30175
science fiction:0.2995
cult classic:0.29675
sexualized violence:0.296
existentialism:0.29425
fantasy world:0.29325
sex:0.292
notable nudity:0.29075
adapted from:book:0.2895
hip hop:0.2885
cinematography:0.28475
storytelling:0.283
drinking:0.28275
great:0.275
quirky:0.27475
very interesting:0.2735
sexual:0.27275
lone hero:0.27075
destiny:0.2705
natural disaster:0.269
