space:0.995
series:0.9645
based on a tv show:0.94325
first contact:0.85425
original:0.81375
scifi:0.8115
franchise:0.803
sci fi:0.769
storytelling:0.7645
made for tv:0.74125
aliens:0.726
firefly:0.7055
intelligent sci-fi:0.704
story:0.70275
catastrophe:0.69025
science fiction:0.6695
dialogue:0.6455
plot:0.62975
sci-fi:0.6195
mythology:0.61825
space travel:0.615
special effects:0.60575
destiny:0.5935
space opera:0.58775
visual:0.58
mentor:0.5495
great ending:0.54925
transformation:0.54825
parallel universe:0.501
unusual plot structure:0.49925
future:0.49
cgi:0.48775
science:0.481
philosophical:0.47175
fantasy world:0.4605
nostalgic:0.45875
creativity:0.4505
visually stunning:0.4465
existentialism:0.44175
writers:0.43675
enigmatic:0.433
life & death:0.418
ensemble cast:0.41675
natural disaster:0.41475
effects:0.4145
visuals:0.40825
culture clash:0.40725
light:0.40725
pointless:0.40325
complex:0.4025
stunning:0.40175
chase:0.401
pornography:0.398
nudity (topless - notable):0.39
melancholic:0.37975
doctors:0.3775
too short:0.37275
great:0.37
exceptional acting:0.367
entirely dialogue:0.35525
family:0.35375
redemption:0.35175
predictable:0.3385
bad plot:0.33775
good versus evil:0.3375
pulp:0.33475
life philosophy:0.32925
reflective:0.32875
death:0.32175
new jersey:0.318
not funny:0.31775
multiple storylines:0.31675
alien:0.31325
cerebral:0.31275
interesting:0.31
awesome soundtrack:0.307
high fantasy:0.30675
brutality:0.2985
fight scenes:0.29675
giant robots:0.29575
big budget:0.28925
space program:0.2865
talky:0.28625
crude humor:0.28225
action packed:0.282
stylized:0.2785
vengeance:0.27675
good soundtrack:0.276
clones:0.272
humanity:0.271
mars:0.2705
good:0.27025
immortality:0.26225
depression:0.2615
technology:0.25625
nudity (full frontal - brief):0.254
thought-provoking:0.253
quirky:0.251
too long:0.25025
disappointing:0.24725
