vampires:0.99825
vampire:0.99525
apocalypse:0.96375
horror:0.954
post-apocalyptic:0.95375
zombie:0.94375
post apocalyptic:0.90675
zombies:0.89975
road movie:0.8815
survival:0.87825
gore:0.81425
mentor:0.797
wilderness:0.79325
gory:0.783
cult classic:0.77875
original:0.75775
splatter:0.745
werewolves:0.70625
low budget:0.70425
grindhouse:0.69775
melancholic:0.68425
coming of age:0.68275
blood:0.6775
violence:0.6775
brutality:0.67675
atmospheric:0.66175
bloody:0.622
good soundtrack:0.6195
violent:0.61
cult:0.599
nocturnal:0.59225
drinking:0.5895
cinematography:0.565
scary:0.56375
monster:0.5635
action:0.55475
virus:0.55425
small town:0.54625
demons:0.53075
dark humor:0.526
life & death:0.51525
weed:0.503
social commentary:0.50275
cult film:0.50125
powerful ending:0.50125
supernatural:0.4995
vengeance:0.49825
gruesome:0.4945
transformation:0.49275
bleak:0.4845
cannibalism:0.482
bad ending:0.47775
great:0.47225
independent film:0.46425
dialogue:0.45525
depression:0.44975
dysfunctional family:0.44975
fight scenes:0.4485
story:0.4475
gratuitous violence:0.44425
death:0.44125
mutants:0.438
life philosophy:0.42875
good:0.42725
visceral:0.4265
adaptation:0.41875
weird:0.41625
loneliness:0.41475
suspense:0.41125
storytelling:0.40775
catastrophe:0.40775
father son relationship:0.40675
video game:0.4065
great ending:0.4065
cool:0.40625
good acting:0.405
revenge:0.40275
stereotypes:0.40075
road trip:0.39825
creepy:0.39275
macabre:0.391
fantasy world:0.38775
drama:0.38725
adolescence:0.3835
highly quotable:0.38275
not funny:0.3785
goofy:0.3765
monsters:0.37225
lone hero:0.372
goretastic:0.36875
camp:0.36825
enigmatic:0.3585
absurd:0.355
plot holes:0.355
end of the world:0.35375
quotable:0.35225
narrated:0.34825
predictable:0.3475
brutal:0.344
great movie:0.3385
