criterion:0.94275
absurd:0.9285
weird:0.9155
eccentricity:0.86775
enigmatic:0.8625
quirky:0.84625
creativity:0.8305
cerebral:0.828
original:0.82225
deadpan:0.82
non-linear:0.801
surreal:0.74675
visually appealing:0.715
satirical:0.7
cult classic:0.682
cult film:0.67625
irreverent:0.672
satire:0.669
obsession:0.6535
off-beat comedy:0.62525
reflective:0.6205
humorous:0.6165
social commentary:0.6065
dialogue:0.6035
imagination:0.59175
witty:0.58975
existentialism:0.5835
very interesting:0.58325
unusual plot structure:0.5665
intellectual:0.5575
goofy:0.5535
philosophy:0.53175
comedy:0.5235
life philosophy:0.51975
suprisingly clever:0.508
pointless:0.49475
pornography:0.493
distopia:0.493
workplace:0.492
funny as hell:0.48725
surrealism:0.47875
ironic:0.4775
pretentious:0.4765
storytelling:0.47575
affectionate:0.4725
lynch:0.47025
talky:0.46925
bizarre:0.4665
interesting:0.4665
stylish:0.462
visual:0.46175
artistic:0.46125
mentor:0.4575
cynical:0.45675
writers:0.456
sarcasm:0.45525
great ending:0.45525
catastrophe:0.4495
good soundtrack:0.4485
loneliness:0.44825
independent film:0.448
culture clash:0.447
hilarious:0.438
brutality:0.42875
entirely dialogue:0.427
melancholic:0.42625
intimate:0.42275
stylized:0.41725
golden palm:0.407
funny:0.4025
clever:0.3985
artsy:0.398
adaptation:0.3975
gilliam:0.39575
narrated:0.39525
whimsical:0.39125
tricky:0.38175
insanity:0.38125
art:0.38125
relationships:0.3765
confusing:0.37175
life & death:0.369
greed:0.3655
adapted from:book:0.36375
thought-provoking:0.36325
very funny:0.361
solitude:0.35975
runaway:0.35575
allegory:0.35275
complex:0.352
strange:0.3515
art house:0.35
hotel:0.3455
visually stunning:0.34225
quotable:0.34
philosophical:0.33675
dark humor:0.33575
parody:0.333
dreamlike:0.3325
harsh:0.3275
