space program:0.97175
space travel:0.96725
nasa:0.93875
space:0.938
70mm:0.93475
ocean:0.8775
science fiction:0.87375
technology:0.8515
very interesting:0.83975
futuristic:0.7645
nature:0.74275
animals:0.72775
catastrophe:0.72225
underwater:0.7135
environment:0.7095
aliens:0.7065
visual:0.7045
bad ending:0.70325
exciting:0.6955
robots:0.6955
sci fi:0.69275
existentialism:0.6905
philosophy:0.687
narrated:0.68325
original:0.67175
documentary:0.6675
greed:0.66375
nudity (topless - notable):0.6615
scenic:0.65775
submarine:0.64925
first contact:0.6395
chase:0.625
mentor:0.62325
new jersey:0.62075
interesting:0.6145
life:0.61325
talking animals:0.61075
good soundtrack:0.60325
science:0.60275
great ending:0.60275
cool:0.60125
adventure:0.59875
environmental:0.59175
future:0.59125
depression:0.57425
original plot:0.573
sexy:0.571
shallow:0.564
oscar:0.55825
male nudity:0.55575
scifi:0.55375
suspenseful:0.553
vengeance:0.552
social commentary:0.539
excellent:0.53875
computer animation:0.53225
loneliness:0.5245
educational:0.5235
end of the world:0.523
parallel universe:0.52025
survival:0.5195
dystopia:0.50875
fantasy world:0.50625
great movie:0.506
visually appealing:0.50425
visuals:0.50025
allegory:0.498
dialogue:0.49225
dumb but funny:0.49
fish:0.48925
action packed:0.48875
internet:0.48825
police investigation:0.48725
redemption:0.4845
alien:0.4835
silly fun:0.4805
fight scenes:0.4805
good:0.479
goofy:0.475
big budget:0.47225
cerebral:0.46575
corruption:0.46
mental illness:0.45925
whimsical:0.45775
visually stunning:0.45425
underdog:0.452
enigmatic:0.45025
intense:0.4495
special effects:0.44675
global warming:0.4465
saturn award (best special effects):0.43975
great:0.4395
awesome soundtrack:0.43925
adaptation:0.438
manipulation:0.43475
brutality:0.43325
stereotypes:0.4305
excellent script:0.42375
pornography:0.42275
island:0.421
