golden palm:0.9925
fascism:0.9715
amazing cinematography:0.965
cinematography:0.9515
criterion:0.94625
enigmatic:0.93625
masterpiece:0.91275
reflective:0.90325
political:0.8835
visual:0.86725
beautifully filmed:0.858
intimate:0.8535
stunning:0.8395
sexual:0.83175
obsession:0.81975
downbeat:0.81425
photography:0.80875
lyrical:0.80025
meditative:0.79475
assassination:0.79175
allegory:0.78925
breathtaking:0.78075
melancholic:0.779
great cinematography:0.77625
bleak:0.76625
melancholy:0.73575
imdb top 250:0.73425
1930s:0.7335
visually stunning:0.73
complex:0.7215
betrayal:0.7205
existentialism:0.71725
talky:0.7065
sexy:0.702
beautiful:0.699
atmospheric:0.69225
non-linear:0.68675
rome:0.685
surreal:0.676
character study:0.672
art house:0.66375
stylized:0.66175
psychological:0.653
mentor:0.6405
oscar (best foreign language film):0.6325
secrets:0.628
runaway:0.626
stylish:0.615
artistic:0.611
scenic:0.605
erotic:0.604
loneliness:0.60275
childhood:0.595
original:0.59475
psychology:0.5945
oscar (best actress):0.593
paris:0.59075
foreign:0.59025
art:0.58925
suprisingly clever:0.58175
intellectual:0.5795
cerebral:0.57275
pornography:0.572
culture clash:0.57125
passionate:0.56
harsh:0.557
murder:0.54075
visually appealing:0.539
police investigation:0.52225
brainwashing:0.521
philosophical:0.518
italy:0.50225
black and white:0.50125
amazing photography:0.49825
affectionate:0.4935
manipulation:0.48425
weird:0.4815
dreamlike:0.479
colourful:0.47875
complex characters:0.47875
surrealism:0.4775
forceful:0.47625
exceptional acting:0.46225
visceral:0.45875
controversial:0.45
sexuality:0.4495
idealism:0.449
social commentary:0.448
1970s:0.44725
catastrophe:0.44075
unusual plot structure:0.43725
classic:0.43375
grim:0.43225
insanity:0.43
cynical:0.429
oscar (best supporting actress):0.423
silent:0.4185
guilt:0.4175
blindness:0.41575
light:0.41075
