computer animation:0.9885
short:0.98575
pixar:0.97825
animation:0.9755
too short:0.93625
pixar animation:0.92275
animated:0.87775
original:0.8655
imdb top 250:0.8595
storytelling:0.85075
clever:0.83825
visual:0.83325
cartoon:0.80875
story:0.80825
visually appealing:0.77425
childhood:0.69175
creativity:0.69
surreal:0.6835
oscar (best actress):0.67125
weird:0.66575
oscar (best directing):0.66375
great:0.657
criterion:0.651
stop motion:0.645
good:0.6385
good soundtrack:0.63675
runaway:0.63475
colourful:0.634
affectionate:0.62725
redemption:0.626
dialogue:0.61725
aardman studios:0.616
melancholic:0.61075
fun movie:0.60975
great movie:0.60775
witty:0.6035
transformation:0.60125
heartwarming:0.599
3d:0.59025
light:0.58975
friendship:0.58825
suprisingly clever:0.583
feel-good:0.58275
thought-provoking:0.58175
unlikely friendships:0.57175
sacrifice:0.5595
artistic:0.557
talky:0.553
humorous:0.552
family:0.54725
oscar winner:0.5405
police investigation:0.537
dark:0.53575
greed:0.5335
tense:0.52925
chase:0.528
whimsical:0.5265
oscar (best supporting actress):0.52325
unusual plot structure:0.517
classic:0.51575
imagination:0.51425
social commentary:0.5075
british:0.5075
feel good movie:0.5065
movielens top pick:0.5065
adventure:0.5065
very funny:0.50475
mentor:0.50475
beautifully filmed:0.50425
oscar:0.50375
animals:0.50075
art:0.49875
fun:0.498
highly quotable:0.4925
visually stunning:0.4885
loneliness:0.48675
life philosophy:0.4825
tragedy:0.4815
allegory:0.4715
atmospheric:0.47025
adapted from:book:0.46775
drama:0.46725
interesting:0.463
culture clash:0.459
enigmatic:0.458
animal movie:0.455
stylized:0.454
disney:0.45275
beautiful:0.4515
great ending:0.45025
quotable:0.4435
nostalgic:0.436
beautiful scenery:0.4355
fighting the system:0.4345
oscar (best animated feature):0.43275
sweet:0.429
race issues:0.4275
radio:0.4215
cult classic:0.418
suspenseful:0.41775
