original:0.84
spoof:0.79625
series:0.78275
franchise:0.761
bad plot:0.7435
spying:0.66975
parody:0.66925
spy:0.66825
predictable:0.664
chase:0.584
product placement:0.557
spies:0.55325
fantasy world:0.5475
mentor:0.54525
cloning:0.5375
weapons:0.5325
fantasy:0.52275
unlikeable characters:0.512
adapted from:comic:0.5015
great ending:0.4795
dialogue:0.474
cold war:0.4585
fight scenes:0.44525
science fiction:0.44225
slapstick:0.432
writers:0.424
alter ego:0.419
justice:0.417
adaptation:0.415
catastrophe:0.406
overrated:0.40475
alternate reality:0.4045
teen movie:0.3985
super hero:0.398
plot holes:0.396
first contact:0.3945
silly fun:0.389
nostalgia:0.38775
humorous:0.38325
silly:0.38075
dark hero:0.37475
unusual plot structure:0.3695
brutality:0.36675
destiny:0.365
sci fi:0.35575
vengeance:0.355
fun:0.34825
fun movie:0.3425
pornography:0.339
alone in the world:0.3375
very funny:0.33675
reality tv:0.329
cult film:0.326
family:0.32325
clones:0.32275
visually appealing:0.3215
ensemble cast:0.32
storytelling:0.317
lone hero:0.31325
story:0.31225
shallow:0.312
comedy:0.30925
teen:0.30925
parallel universe:0.30725
superheroes:0.306
life philosophy:0.30575
farce:0.30425
runaway:0.3035
entirely dialogue:0.3015
melancholic:0.299
super-hero:0.298
satirical:0.29775
doctors:0.295
allegory:0.29
comics:0.28975
1980s:0.2895
nocturnal:0.2885
redemption:0.28825
sexy:0.28825
existentialism:0.28625
campy:0.285
no plot:0.2845
culture clash:0.28075
fashion:0.28075
death:0.28
imdb top 250:0.277
secrets:0.276
not funny:0.27525
action:0.2725
teens:0.27
pulp:0.26975
space opera:0.26775
dreamlike:0.267
comic:0.267
quirky:0.26675
funny:0.26525
mad scientist:0.265
television:0.265
idiotic:0.26425
remake:0.2605
