creativity:0.77
sci fi:0.764
stylish:0.76025
stylized:0.7265
original:0.718
sci-fi:0.668
scifi:0.66175
nudity (full frontal - notable):0.601
visually stunning:0.58125
futuristic:0.5755
weird:0.56425
satirical:0.546
visually appealing:0.53975
obsession:0.5335
cult classic:0.532
nudity (full frontal):0.5315
pretentious:0.52
directorial debut:0.515
great ending:0.51425
science fiction:0.50775
life philosophy:0.50375
intimate:0.501
artistic:0.49975
quirky:0.49425
nostalgic:0.4885
good soundtrack:0.484
very interesting:0.47775
art house:0.47675
art:0.47425
pornography:0.458
loneliness:0.457
vengeance:0.44075
reflective:0.43925
adaptation:0.43825
sexualized violence:0.43775
narrated:0.42775
catastrophe:0.42625
affectionate:0.42525
melancholic:0.425
nudity (topless - notable):0.4215
enigmatic:0.41375
mentor:0.4095
criterion:0.407
runaway:0.40025
absurd:0.4
goofy:0.39425
storytelling:0.393
fun movie:0.3925
redemption:0.387
dialogue:0.383
so bad it's funny:0.37825
story:0.37775
clever:0.36825
writers:0.36775
silly:0.365
sophia coppola:0.365
shallow:0.36225
sarcasm:0.35725
artsy:0.3545
silly fun:0.35375
surreal:0.3465
male nudity:0.34475
not funny:0.3445
sexy:0.33775
talky:0.33475
ironic:0.33375
visual:0.3335
cult film:0.33225
artist:0.31675
light:0.3145
cerebral:0.31225
campy:0.31075
great:0.3095
entertaining:0.30875
distopia:0.30725
entirely dialogue:0.302
insanity:0.30175
weapons:0.3
dreamlike:0.29925
off-beat comedy:0.299
passionate:0.29525
unfunny:0.2925
pulp:0.291
lone hero:0.2835
plot twist:0.28225
twists & turns:0.28175
very funny:0.28025
existentialism:0.27575
fun:0.275
gunfight:0.27275
hotel:0.27125
adapted from:book:0.27025
interesting:0.2685
cool:0.26825
social commentary:0.259
destiny:0.25675
brutality:0.25575
police investigation:0.2555
bad ending:0.25525
eccentricity:0.25475
