homophobia:0.95175
gay:0.94925
murder:0.90225
crime:0.901
homosexuality:0.87425
documentary:0.85825
death penalty:0.854
original:0.81625
based on a play:0.7915
violence:0.78775
tragedy:0.78325
aids:0.77
glbt:0.75875
pornography:0.7555
small town:0.75425
interesting:0.74325
intimate:0.73825
corruption:0.7315
queer:0.722
social commentary:0.70775
prejudice:0.6935
manipulation:0.691
greed:0.67925
justice:0.66325
death:0.65825
good:0.65425
dramatic:0.6525
controversial:0.64475
brutal:0.63825
heartbreaking:0.6285
courtroom:0.622
storytelling:0.61425
dialogue:0.60875
brutality:0.60725
drama:0.606
politics:0.593
sexualized violence:0.59025
pg-13:0.5895
san francisco:0.58
thought-provoking:0.573
great ending:0.5675
based on a true story:0.5665
gay character:0.566
investigation:0.56225
propaganda:0.5605
sexuality:0.56
adaptation:0.55925
story:0.554
true story:0.54375
intense:0.5235
sad:0.52325
honest:0.51425
political:0.50425
artistic:0.5025
torture:0.49775
chase:0.49025
very interesting:0.48825
internet:0.4845
runaway:0.479
male nudity:0.475
stereotypes:0.474
good soundtrack:0.46775
suspense:0.4655
hard to watch:0.4655
excellent:0.46
life & death:0.45775
drinking:0.453
passionate:0.45225
amazing photography:0.452
life philosophy:0.44125
catastrophe:0.4385
great acting:0.4385
complex:0.43425
police investigation:0.43425
character study:0.434
oscar (best actress):0.42875
light:0.4285
culture clash:0.428
great:0.42775
lesbian:0.4275
nudity (full frontal - brief):0.42475
california:0.424
clever:0.42275
talky:0.422
revenge:0.42075
macabre:0.41525
crime gone awry:0.4125
ensemble cast:0.4085
vengeance:0.40625
destiny:0.4025
good acting:0.401
mentor:0.395
visually appealing:0.395
emotional:0.393
censorship:0.39275
unusual plot structure:0.3915
betrayal:0.39125
intelligent:0.39
doctors:0.3895
mental illness:0.388
