cancer:0.9925
death:0.99175
touching:0.97175
terminal illness:0.9655
tear jerker:0.9555
life & death:0.93525
life:0.89175
feel-good:0.845
sentimental:0.82125
emotional:0.80975
sad:0.8005
father son relationship:0.80025
sappy:0.7985
heartbreaking:0.7895
poignant:0.7835
feel good movie:0.7805
destiny:0.70475
drama:0.7035
mentor:0.69575
original:0.68625
good:0.66375
family:0.662
childhood:0.6605
heartwarming:0.6415
life philosophy:0.6315
great:0.59975
bittersweet:0.5975
courage:0.579
catastrophe:0.56725
pg-13:0.542
vengeance:0.54175
tragedy:0.53925
great ending:0.5275
honest:0.52525
ghosts/afterlife:0.524
hospital:0.52275
transformation:0.519
underrated:0.508
survival:0.50125
depression:0.4965
parenthood:0.495
reflective:0.48925
dramatic:0.48525
sad but good:0.4745
excellent:0.46925
existentialism:0.461
story:0.45725
relationships:0.45625
solitude:0.44425
storytelling:0.44125
first contact:0.43825
father-son relationship:0.4365
simple:0.42225
doctors:0.421
inspirational:0.42075
redemption:0.41925
moving:0.41925
natural disaster:0.4175
beautifully filmed:0.414
sacrifice:0.41025
thought-provoking:0.4045
computer animation:0.40425
intense:0.4035
afterlife:0.4
corny:0.399
predictable:0.3925
happy ending:0.39175
family drama:0.389
good soundtrack:0.38875
great movie:0.382
chase:0.38125
nudity (full frontal - brief):0.36525
culture clash:0.3635
marriage:0.36
excellent script:0.35625
dialogue:0.35025
fight scenes:0.34975
very funny:0.346
single father:0.342
runaway:0.33625
revenge:0.33225
melancholic:0.329
love story:0.31875
justice:0.31425
loneliness:0.31325
suprisingly clever:0.31275
special:0.31075
interesting:0.305
brutality:0.3025
dysfunctional family:0.3015
good action:0.301
lone hero:0.29725
drinking:0.29325
road movie:0.2865
mental illness:0.28425
oscar:0.28225
homeless:0.2815
intimate:0.28075
good acting:0.28
underdog:0.27825
