murder mystery:0.98025
mathematics:0.96675
murder:0.95175
mystery:0.949
nudity (topless - notable):0.891
serial killer:0.849
twist ending:0.8115
police investigation:0.811
twist:0.80625
great ending:0.805
plot twist:0.79025
suspense:0.7885
intellectual:0.75825
plot:0.75625
thriller:0.7405
clever:0.73275
original:0.724
secrets:0.723
mentor:0.70825
complex:0.70625
complicated:0.69625
detective:0.695
pornography:0.69325
math:0.676
investigation:0.67525
cerebral:0.6695
writers:0.6485
twists & turns:0.64625
suspenseful:0.6375
enigmatic:0.63325
very interesting:0.632
psychological:0.62925
internet:0.62025
dialogue:0.618
destiny:0.5865
obsession:0.58075
mindfuck:0.57925
catastrophe:0.573
predictable:0.57125
philosophical:0.56825
weird:0.5635
crime:0.5595
bad acting:0.558
dialogue driven:0.55675
nudity (full frontal - brief):0.54825
pg-13:0.54775
interesting:0.547
technology:0.54525
science:0.54375
based on a book:0.52925
plot holes:0.52075
no plot:0.502
confusing:0.49225
fight scenes:0.488
metaphysics:0.4805
alternate endings:0.47725
sexy:0.4765
idiotic:0.474
maze:0.47
bad ending:0.4685
script:0.46375
pretentious:0.46075
parallel universe:0.459
so bad it's funny:0.45775
storytelling:0.456
life philosophy:0.45
adaptation:0.4495
melancholic:0.44575
unfunny:0.43375
bad plot:0.4325
pointless:0.42975
erotic:0.42575
complicated plot:0.42475
silly:0.42175
guilt:0.41775
first contact:0.4145
justice:0.41175
existentialism:0.407
death:0.40125
identity:0.40125
runaway:0.40025
sexualized violence:0.396
cinematography:0.3905
alternate reality:0.38625
male nudity:0.386
philosophy:0.38
based on book:0.375
better than expected:0.3665
intelligent:0.3585
entirely dialogue:0.35775
good soundtrack:0.35675
thought-provoking:0.3565
books:0.35625
brutality:0.3515
doctors:0.3495
series:0.34
not funny:0.33975
good:0.33875
time:0.33675
cheating:0.33575
