jungle:0.95775
indians:0.866
comedy:0.78775
so bad it's funny:0.7535
original:0.723
silly fun:0.6615
dumb but funny:0.61125
mentor:0.5705
fantasy world:0.5525
bad plot:0.548
divorce:0.5435
culture clash:0.542
amy smart:0.5315
predictable:0.52825
vampire human love:0.5235
remake:0.5235
family:0.50025
idiotic:0.453
life philosophy:0.43525
very funny:0.43075
dumb:0.42425
slapstick:0.41925
catastrophe:0.41775
childhood:0.40675
crude humor:0.402
capitalism:0.40175
fight scenes:0.3995
islam:0.39125
dysfunctional family:0.371
great ending:0.36025
unusual plot structure:0.35975
animals:0.34625
overrated:0.34075
alternate endings:0.34025
first contact:0.33475
solitude:0.33275
destiny:0.33125
africa:0.323
lone hero:0.3005
runaway:0.29475
transformation:0.2925
sci fi:0.2895
happy ending:0.28825
weed:0.2855
adaptation:0.28475
unfunny:0.27975
life & death:0.27675
dialogue:0.27625
story:0.27425
visuals:0.2715
based on a book:0.2645
weapons:0.26325
special effects:0.25975
betrayal:0.25475
melancholic:0.25225
storytelling:0.24975
good:0.24975
disaster:0.248
lame:0.247
vengeance:0.2465
single father:0.2455
funny:0.2445
not funny:0.241
foreign:0.238
visual:0.23625
comic:0.235
natural disaster:0.233
cult film:0.2325
writers:0.232
goofy:0.23
silly:0.226
bad cgi:0.22575
wilderness:0.22
multiple storylines:0.21825
fantasy:0.2145
adventure:0.214
ethnic conflict:0.21325
male nudity:0.21175
visually appealing:0.21175
good sequel:0.21025
redemption:0.21025
splatter:0.21
visually stunning:0.20825
paris:0.20825
feel good movie:0.20725
justice:0.20675
stereotypes:0.206
feel-good:0.206
technology:0.206
adapted from:book:0.202
brutality:0.201
entirely dialogue:0.20075
quirky:0.19975
revenge:0.19975
george orwell:0.19875
boring:0.1985
unlikely friendships:0.196
nocturnal:0.194
women:0.1915
passionate:0.18875
