surveillance:0.79025
gratuitous violence:0.77575
mentor:0.7725
good action:0.76725
memory:0.68825
original:0.66125
redemption:0.653
brutality:0.64
spy:0.61425
complex:0.5975
relationships:0.59625
tense:0.59325
spying:0.5775
twists & turns:0.55025
plot holes:0.55025
action:0.54725
good soundtrack:0.53725
violent:0.53675
dialogue:0.53175
london:0.5295
first contact:0.52875
great ending:0.5255
thriller:0.525
enigmatic:0.51
complicated:0.501
happy ending:0.4985
storytelling:0.4965
catastrophe:0.48125
suspense:0.4785
so bad it's funny:0.4625
weapons:0.4625
science fiction:0.4575
very good:0.457
complicated plot:0.448
emotional:0.4465
fast paced:0.44625
cia:0.44575
car chase:0.4425
good:0.43625
espionage:0.43575
story:0.42775
lone hero:0.42325
great movie:0.42275
secrets:0.41675
chase:0.41325
hitman:0.401
spies:0.40075
underrated:0.3935
memory loss:0.39175
sci fi:0.3825
great:0.38175
russian:0.37775
infidelity:0.37325
runaway:0.37175
bad:0.36875
gangsters:0.368
vengeance:0.3635
entirely dialogue:0.363
multiple storylines:0.35625
nudity (full frontal - brief):0.35525
visually appealing:0.35525
death:0.3495
directorial debut:0.3435
not funny:0.3405
tricky:0.33775
cinematography:0.33225
bad ending:0.3285
predictable:0.32475
oscar (best writing - screenplay written directly for the screen):0.32475
life philosophy:0.3225
fun movie:0.3195
violence:0.31725
destiny:0.31425
great acting:0.3135
bloody:0.31325
identity:0.31
fantasy world:0.30875
pointless:0.30425
paranoid:0.304
original plot:0.30325
moral ambiguity:0.30175
very interesting:0.29625
dreamlike:0.295
writers:0.289
exciting:0.28825
fight scenes:0.28675
ensemble cast:0.285
space travel:0.2835
melancholic:0.283
humanity:0.283
bad plot:0.27925
awful:0.27925
oscar (best directing):0.279
existentialism:0.27875
technology:0.27375
pornography:0.2735
imdb top 250:0.27325
cool:0.272
intense:0.2715
pulp:0.27075
