cyberpunk:0.99625
sci-fi:0.9855
robot:0.97025
scifi:0.95325
post-apocalyptic:0.9515
post apocalyptic:0.95075
sci fi:0.94625
dystopia:0.9425
robots:0.9155
science fiction:0.903
cult classic:0.90225
future:0.8695
cult film:0.857
androids:0.8465
weird:0.8415
cyborgs:0.826
low budget:0.81825
futuristic:0.80525
original:0.742
visual:0.70175
enigmatic:0.67575
cinematography:0.6525
splatter:0.6475
sexualized violence:0.6395
runaway:0.60575
existentialism:0.599
cerebral:0.592
visually appealing:0.58825
so bad it's funny:0.58525
clones:0.5655
pulp:0.56375
ominous:0.56075
pointless:0.5565
claustrophobic:0.5415
technology:0.5385
creativity:0.5335
stylish:0.53225
creepy:0.527
distopia:0.5255
mindfuck:0.5095
brutality:0.5035
great cinematography:0.49225
awesome soundtrack:0.4915
catastrophe:0.48325
nudity (topless - brief):0.4705
artsy:0.4695
lone hero:0.464
surveillance:0.4635
visually stunning:0.46225
allegory:0.459
dystopic future:0.451
nocturnal:0.44625
bizarre:0.445
bleak:0.43875
atmospheric:0.43375
memory:0.42825
weapons:0.42725
stylized:0.421
disturbing:0.41875
surreal:0.4175
humanity:0.4135
mentor:0.40925
violence:0.40625
dialogue:0.405
mad scientist:0.403
nudity (full frontal - notable):0.40125
violent:0.38175
death:0.3815
art:0.37575
criterion:0.374
visceral:0.373
first contact:0.3685
dark fantasy:0.3645
lynch:0.36425
artist:0.36375
cult:0.36
bad ending:0.3595
apocalypse:0.35925
melancholic:0.3585
grindhouse:0.35625
storytelling:0.35625
strange:0.356
entirely dialogue:0.3545
life philosophy:0.35075
bad acting:0.35
bloody:0.35
giant robots:0.34825
harsh:0.34525
gangsters:0.344
great ending:0.3405
independent film:0.33
alternate reality:0.33
grim:0.329
dark:0.32725
philosophical:0.3245
slow paced:0.321
complex:0.3195
dreamlike:0.31725
not funny:0.31675
android(s)/cyborg(s):0.31525
