dog:0.9055
sentimental:0.878
kids and family:0.872
feel-good:0.8595
cancer:0.85325
destiny:0.83775
family:0.83075
nostalgic:0.8045
good:0.77325
feel good movie:0.69025
heartwarming:0.66325
original:0.65675
courage:0.62425
sappy:0.61075
fantasy:0.6
story:0.59725
catastrophe:0.5915
children:0.564
magic:0.55825
touching:0.54525
childhood:0.52075
mentor:0.51725
1950s:0.48575
dogs:0.48525
culture clash:0.466
life philosophy:0.4605
emotional:0.4575
not as good as the first:0.45375
pg-13:0.44125
firefly:0.426
happy ending:0.4255
great ending:0.42025
love story:0.40575
so bad it's funny:0.40525
natural disaster:0.40175
earnest:0.3955
tear jerker:0.39025
storytelling:0.3865
first contact:0.3815
predictable:0.3745
life:0.369
good acting:0.36725
fantasy world:0.36625
death:0.36475
beautiful scenery:0.36125
runaway:0.3585
island:0.3525
honest:0.34575
adventure:0.3445
great:0.33975
not funny:0.33725
unlikely friendships:0.334
writers:0.32775
lone hero:0.32525
justice:0.3215
shallow:0.31925
interracial romance:0.31925
very good:0.31775
bittersweet:0.316
simple:0.3145
alternate history:0.309
passionate:0.305
betrayal:0.2925
dialogue:0.2895
sweet:0.286
narrated:0.284
cheesy:0.28325
inspirational:0.28175
stereotypes:0.28
nudity (full frontal - brief):0.27525
oscar:0.2745
kids:0.2725
good soundtrack:0.2725
life & death:0.2675
bad cgi:0.26575
oscar (best directing):0.2655
manipulation:0.26475
melancholic:0.26425
disaster:0.26175
family drama:0.25675
southern theme:0.2565
dreamlike:0.25375
women:0.2525
plot:0.25225
vengeance:0.25025
bad plot:0.24925
bad ending:0.24575
divorce:0.2455
guilt:0.243
visually stunning:0.24125
oil:0.24125
police investigation:0.2405
redemption:0.24
silly fun:0.23975
friendship:0.239
ghosts/afterlife:0.23875
true story:0.23675
single father:0.23525
unfunny:0.2325
secrets:0.23225
