alien:0.992
alien invasion:0.989
aliens:0.98325
special effects:0.9625
spielberg:0.95575
mindfuck:0.93975
sci-fi:0.931
big budget:0.92275
first contact:0.922
end of the world:0.90975
natural disaster:0.9025
action:0.873
survival:0.86425
science fiction:0.84975
adapted from:book:0.84325
sci fi:0.839
visual:0.83475
scifi:0.83225
technology:0.8265
plot holes:0.82425
original:0.80425
great ending:0.79975
dynamic cgi action:0.798
visually stunning:0.797
story:0.797
suspense:0.78775
pg-13:0.787
catastrophe:0.7825
based on a book:0.782
effects:0.77025
intense:0.767
visually appealing:0.75525
remake:0.7495
weapons:0.73725
alone in the world:0.73575
storytelling:0.72925
action packed:0.71425
apocalypse:0.70425
mars:0.68675
plot:0.675
good:0.66425
futuristic:0.65725
bad ending:0.645
happy ending:0.64375
allegory:0.63575
best of 2005:0.6235
humanity:0.62175
space travel:0.61675
adventure:0.6135
better than expected:0.6095
so bad it's funny:0.6095
dialogue:0.60575
original plot:0.60475
dinosaurs:0.60325
bad cgi:0.5995
cgi:0.59875
space:0.58975
suspenseful:0.582
book was better:0.5755
family:0.5715
predictable:0.56925
tense:0.5665
good acting:0.55775
chase:0.55425
giant robots:0.552
shallow:0.55075
disaster:0.54625
family drama:0.54525
based on book:0.54475
transformation:0.54075
fantasy world:0.53875
single father:0.5375
redemption:0.53625
exciting:0.52975
war:0.52275
great:0.51525
horrible:0.50475
destiny:0.5045
interesting:0.488
stupid as hell:0.48475
lone hero:0.48375
bad plot:0.48225
visuals:0.48075
handycam:0.478
betrayal:0.47725
philip k. dick:0.4735
cerebral:0.461
ominous:0.46075
imagination:0.453
beautiful scenery:0.451
entertaining:0.444
absurd:0.44075
idiotic:0.439
cinematography:0.437
good versus evil:0.435
not funny:0.434
creativity:0.43375
mythology:0.433
thought-provoking:0.433
runaway:0.43075
