cartoon:0.98175
animation:0.9615
musical:0.94425
animated:0.9125
fairy tale:0.88625
children:0.85175
animals:0.831
original:0.792
family:0.77275
disney:0.76875
lions:0.682
paris:0.68125
talking animals:0.676
artistic:0.639
life philosophy:0.627
alternate endings:0.573
great:0.56325
colourful:0.552
magic:0.543
story:0.532
fun movie:0.53125
transformation:0.53025
redemption:0.53
segregation:0.519
kids and family:0.5185
alter ego:0.4915
kids:0.491
cute:0.48925
computer animation:0.486
art:0.47625
visuals:0.46825
childhood:0.466
pigs:0.4575
animal movie:0.45025
male nudity:0.43325
heartwarming:0.42925
runaway:0.4275
melancholic:0.42025
stereotypes:0.41875
based on a play:0.41725
disney animated feature:0.41275
catastrophe:0.40775
author:neil gaiman:0.39875
mentor:0.39325
based on a tv show:0.3915
destiny:0.389
adventure:0.38325
whimsical:0.37975
dialogue:0.36975
fight scenes:0.3665
fun:0.366
beautiful:0.365
silly:0.3635
adapted from:comic:0.36175
great ending:0.3615
not funny:0.35375
betrayal:0.34775
sweet:0.3385
so bad it's funny:0.3385
adapted from:book:0.33825
oscar (best music - original song):0.33225
ninja:0.328
cute!:0.32425
greed:0.317
giant robots:0.3165
visually appealing:0.31525
fantasy world:0.31375
suprisingly clever:0.31375
good:0.3115
plot holes:0.3115
visual:0.31
goth:0.30925
storytelling:0.3045
romance:0.30175
goofy:0.2995
bdsm:0.29425
stylized:0.29075
dr. seuss:0.2865
hospital:0.28575
spiders:0.28375
love triangles:0.282
first contact:0.27975
predictable:0.27775
lone hero:0.27725
romantic:0.27075
pixar animation:0.268
cult film:0.2675
unusual plot structure:0.26625
single father:0.265
simple:0.25675
fairy tales:0.25625
anime:0.25575
bad plot:0.255
dreamlike:0.2545
queer:0.25125
gay:0.25
adaptation:0.24825
clever:0.24775
unfunny:0.247
fantasy:0.24575
