kids:0.99775
kids and family:0.99675
adventure:0.985
children:0.978
family:0.9515
fantasy:0.94325
fun movie:0.9325
special effects:0.91075
childhood:0.892
fun:0.84625
jungle:0.833
entertaining:0.8135
comedy:0.7855
original:0.77775
cute!:0.692
runaway:0.66475
saturn award (best special effects):0.662
80s:0.65725
disney:0.62025
silly fun:0.617
stop motion:0.60625
mad scientist:0.60425
story:0.60025
scifi:0.59575
nostalgic:0.595
predictable:0.5915
good:0.583
dialogue:0.5745
cute:0.5665
fantasy world:0.55175
sci fi:0.5265
toys:0.51775
great ending:0.5175
feel-good:0.51475
island:0.51475
bullying:0.49775
chase:0.497
dinosaurs:0.483
happy ending:0.4825
script:0.4775
mentor:0.4745
big budget:0.47075
light:0.46925
destiny:0.466
catastrophe:0.4555
great:0.44825
natural disaster:0.447
magic:0.44625
effects:0.44525
goofy:0.44525
clever:0.43025
silly:0.429
animals:0.42425
suspense:0.4075
honest:0.40475
cartoon:0.399
overrated:0.3945
feel good movie:0.39375
1980s:0.39125
great movie:0.38125
redemption:0.37325
directorial debut:0.37
franchise:0.369
teen movie:0.36825
science fiction:0.36725
sequel:0.36475
lone hero:0.36425
action:0.36325
storytelling:0.36
not funny:0.35625
culture clash:0.353
enigmatic:0.353
sci-fi:0.35125
funny:0.34825
time:0.348
oscar (best effects - visual effects):0.348
monsters:0.34625
brutality:0.3425
creativity:0.341
very funny:0.3385
whimsical:0.331
weird:0.3305
first contact:0.32425
good action:0.3195
adaptation:0.3045
teen:0.30175
police investigation:0.301
unusual plot structure:0.29925
dysfunctional family:0.299
scary:0.2975
melancholic:0.29725
intense:0.2945
spielberg:0.29375
shallow:0.2935
good soundtrack:0.2915
fight scenes:0.29075
science:0.2895
disaster:0.2895
pg:0.289
unfunny:0.28825
