post-apocalyptic:0.9875
post apocalyptic:0.98375
futuristic:0.977
future:0.94125
violent:0.94075
brutality:0.9255
brutal:0.8755
sports:0.87275
fighting:0.85425
violence:0.85275
cult classic:0.841
survival:0.835
bloody:0.83475
mentor:0.82825
sci fi:0.8275
original:0.8035
grim:0.78625
intense:0.749
original plot:0.7475
fight scenes:0.745
apocalypse:0.74375
bleak:0.74075
dialogue:0.7395
dark hero:0.736
nocturnal:0.7285
computer game:0.726
corruption:0.723
great movie:0.7115
cool:0.709
dystopic future:0.70725
distopia:0.69825
sci-fi:0.69525
low budget:0.69275
fantasy world:0.67825
sexualized violence:0.6755
action:0.6745
crime gone awry:0.66875
superheroes:0.66725
redemption:0.6595
vengeance:0.65675
australia:0.65425
adaptation:0.6495
great:0.63675
alone in the world:0.6335
interesting:0.623
underdog:0.62275
transformation:0.619
dystopia:0.6125
scifi:0.60675
weapons:0.60525
technology:0.605
cyborgs:0.6045
great ending:0.59825
desert:0.59625
cult film:0.5945
cult:0.59375
good soundtrack:0.58825
harsh:0.57175
gritty:0.56975
gory:0.564
blood:0.5615
anti-hero:0.56075
fun movie:0.549
very interesting:0.5475
male nudity:0.547
martial arts:0.542
underrated:0.525
weird:0.52425
entertaining:0.52175
pulp:0.521
stylized:0.52025
splatter:0.5195
gunfight:0.50075
kung fu:0.50025
visually appealing:0.49875
stylish:0.49825
narrated:0.4935
feel-good:0.492
awesome soundtrack:0.487
life philosophy:0.481
grindhouse:0.48
police corruption:0.47225
feel good movie:0.46675
fun:0.46525
lone hero:0.45875
pg-13:0.4565
video game:0.4515
special effects:0.4495
death:0.43875
manipulation:0.43825
social commentary:0.43575
nudity (topless):0.43425
sexy:0.43125
entirely dialogue:0.43075
criterion:0.427
super hero:0.4235
storytelling:0.42325
new jersey:0.42125
quirky:0.419
twists & turns:0.41525
