70mm:0.99325
criterion:0.992
stylized:0.9265
paris:0.8925
satirical:0.88825
visual:0.853
visually stunning:0.8505
masterpiece:0.8445
reflective:0.8435
affectionate:0.80075
loneliness:0.798
enigmatic:0.79225
futuristic:0.7815
talky:0.77775
allegory:0.75375
cerebral:0.7375
melancholic:0.7085
weird:0.68825
light:0.6855
golden palm:0.68125
imdb top 250:0.67375
breathtaking:0.672
cinematography:0.66375
meditative:0.66075
original:0.66075
melancholy:0.655
silent:0.652
intimate:0.63925
satire:0.626
humorous:0.624
existentialism:0.624
hotel:0.61675
visually appealing:0.6155
art:0.60575
wistful:0.60225
dialogue:0.5925
stunning:0.57925
bleak:0.5715
oscar (best foreign language film):0.57
witty:0.56025
bittersweet:0.554
absurd:0.54875
nocturnal:0.5405
social commentary:0.54025
culture clash:0.53575
black and white:0.5345
great ending:0.531
great:0.528
beautifully filmed:0.52675
french:0.52425
suprisingly clever:0.518
artistic:0.51475
holiday:0.514
clever:0.51325
maze:0.49875
cynical:0.494
entirely dialogue:0.49275
unusual plot structure:0.49175
downbeat:0.48725
storytelling:0.4825
obsession:0.47625
childhood:0.47625
life philosophy:0.4755
runaway:0.47375
atmospheric:0.46525
catastrophe:0.4555
dreamlike:0.454
whimsical:0.45175
creativity:0.443
philosophical:0.442
pretentious:0.4385
deadpan:0.43825
narrated:0.41575
intellectual:0.4155
complex:0.40275
ironic:0.399
imagination:0.395
france:0.39075
passionate:0.3815
first contact:0.3805
life & death:0.3775
slapstick:0.37125
self discovery:0.3685
amazing cinematography:0.36575
artsy:0.36225
dystopic future:0.36075
lone hero:0.3525
mentor:0.35175
surreal:0.34825
very funny:0.34275
forceful:0.34225
character study:0.33975
boring!:0.33575
paranoid:0.33575
environment:0.3355
unfunny:0.335
good soundtrack:0.33225
movielens top pick:0.32775
funny:0.32725
great cinematography:0.32425
