irish:0.994
irish accent:0.99225
fairy tale:0.98175
romantic:0.95775
love story:0.94975
father daughter relationship:0.943
fairy tales:0.933
ireland:0.908
mythology:0.89225
magic realism:0.88575
storytelling:0.87
magic:0.8375
fantasy:0.816
happy ending:0.791
beautiful scenery:0.77075
secrets:0.754
beautifully filmed:0.7525
runaway:0.748
original:0.7335
fantasy world:0.7195
melancholic:0.70775
children:0.6755
sweet:0.67175
imagination:0.6715
cinematography:0.66525
touching:0.63225
childhood:0.617
beautiful:0.6155
drama:0.57725
weird:0.5575
destiny:0.554
romantic comedy:0.552
love:0.55125
solitude:0.545
feel-good:0.53925
relationships:0.53625
family drama:0.53325
tragedy:0.5325
artistic:0.5295
depression:0.52925
dialogue:0.52875
idealism:0.5225
harsh:0.50775
mentor:0.5035
stunning:0.502
suprisingly clever:0.50075
story:0.49725
good:0.4955
women:0.494
romance:0.493
visually stunning:0.49175
art:0.49
good acting:0.48175
greed:0.478
emotional:0.462
culture clash:0.462
light:0.453
pg-13:0.451
catastrophe:0.44925
nudity (full frontal - notable):0.445
girlie movie:0.44225
oscar (best foreign language film):0.4385
great ending:0.43425
transformation:0.433
bittersweet:0.42525
feel good movie:0.4235
good soundtrack:0.4205
scenic:0.4175
betrayal:0.41375
not funny:0.41175
adaptation:0.411
breathtaking:0.41075
british:0.40675
visually appealing:0.39875
parallel universe:0.39775
dark fantasy:0.39625
brutality:0.38975
heartbreaking:0.386
cute:0.38575
melancholy:0.378
sacrifice:0.3745
multiple storylines:0.37425
self discovery:0.3715
allegory:0.37075
passionate:0.36725
whimsical:0.36575
entirely dialogue:0.35525
absurd:0.35225
divorce:0.352
movielens top pick:0.35
life:0.34625
simple:0.34625
colourful:0.34375
revenge:0.34125
writers:0.33925
pornography:0.33825
vengeance:0.3295
small town:0.32825
drinking:0.32675
creativity:0.32375
