cartoon:0.9815
based on a tv show:0.96375
original:0.86425
talking animals:0.8455
silly:0.7575
animation:0.71775
predictable:0.62675
fun movie:0.59575
satirical:0.58625
adaptation:0.5845
bad plot:0.58275
pointless:0.582
kids and family:0.5475
bad:0.54725
slapstick:0.54575
franchise:0.541
action:0.53925
animals:0.53425
humorous:0.519
family:0.5085
computer animation:0.50675
goofy:0.49875
world politics:0.469
fun:0.45975
destiny:0.455
narrated:0.452
shallow:0.446
lame:0.44375
silly fun:0.443
horrible:0.43425
mentor:0.4335
great ending:0.42925
oscar (best supporting actress):0.423
satire:0.42025
parody:0.41325
dumb but funny:0.40875
overrated:0.4085
dialogue:0.40775
catastrophe:0.40625
first contact:0.403
fantasy world:0.40125
stupidity:0.39725
nudity (full frontal - brief):0.381
redemption:0.38
writers:0.37875
big budget:0.3775
brutality:0.3645
absurd:0.36225
rabbits:0.36075
reality tv:0.3565
comedy:0.353
adapted from:comic:0.35075
fight scenes:0.34875
great:0.34575
series:0.34275
stupid:0.336
so bad it's funny:0.33525
road movie:0.3345
jungle:0.332
superheroes:0.3285
brainwashing:0.32525
clever:0.324
quirky:0.31525
childhood:0.31525
very funny:0.31325
cult film:0.312
violence:0.3085
adventure:0.30725
unfunny:0.30175
crude humor:0.298
pg-13:0.29525
life philosophy:0.295
camp:0.28975
runaway:0.288
storytelling:0.2865
entirely dialogue:0.28625
culture clash:0.285
multiple storylines:0.2845
good soundtrack:0.2815
melancholic:0.27775
television:0.27625
spying:0.275
technology:0.27475
pornography:0.27275
idiotic:0.27275
stereotypes:0.27225
sarcasm:0.27175
disaster:0.2695
bad cgi:0.2695
cerebral:0.26375
story:0.262
good:0.26175
light:0.26075
surreal:0.25675
justice:0.25325
sci fi:0.25
harsh:0.2465
super hero:0.246
imdb top 250:0.2425
adapted from:book:0.242
