musicians:0.99225
poland:0.96675
holocaust:0.899
music:0.88575
judaism:0.78575
goretastic:0.75725
documentary:0.74275
hip hop:0.73675
bollywood:0.725
so bad it's funny:0.69675
alternate endings:0.6565
life & death:0.65625
rock and roll:0.65475
pornography:0.5985
jewish:0.5815
israel:0.57375
original:0.5735
musical:0.5555
tokyo:0.54775
criterion:0.50875
ethnic conflict:0.50875
hard to watch:0.4975
classic car:0.4965
death:0.48625
bdsm:0.486
free to download:0.48325
great music:0.48125
intimate:0.45675
good soundtrack:0.45225
jazz:0.44825
stand-up comedy:0.44225
obsession:0.4165
atheism:0.412
music business:0.4105
crime gone awry:0.408
good music:0.40525
independent film:0.38625
catastrophe:0.38475
enigmatic:0.3785
indie:0.37475
mentor:0.37175
interracial romance:0.36775
nazis:0.3595
drug abuse:0.3525
narrated:0.344
great:0.34125
glbt:0.34125
not funny:0.3405
no dialogue:0.34025
oscar (best foreign language film):0.3375
melancholic:0.33225
corporate america:0.3285
brutality:0.32825
better than the american version:0.32475
life philosophy:0.3235
dialogue:0.323
writers:0.32225
weird:0.32025
fantasy world:0.3185
social commentary:0.3175
dolphins:0.31675
beautifully filmed:0.3155
storytelling:0.31475
unusual plot structure:0.30975
suprisingly clever:0.2995
jews:0.29825
complex:0.29375
hospital:0.29375
new jersey:0.28875
great ending:0.2815
addiction:0.2805
guilt:0.27675
islam:0.27475
lyrical:0.272
very funny:0.272
grindhouse:0.26975
entirely dialogue:0.26275
loneliness:0.26225
drinking:0.261
reflective:0.25975
sexual abuse:0.254
disturbing:0.2515
nocturnal:0.2505
sexy:0.2475
cynical:0.2455
satirical:0.24325
passionate:0.24225
visually appealing:0.24
romance:0.23875
talky:0.23625
grim:0.235
good:0.23175
quirky:0.231
art house:0.2295
melancholy:0.22825
dark humor:0.2275
gay character:0.226
male nudity:0.22525
cult film:0.22375
canada:0.2225
