downbeat:0.779
murder mystery:0.768
character study:0.75825
enigmatic:0.74625
guilt:0.662
original:0.658
obsession:0.63975
bleak:0.62425
criterion:0.56925
intimate:0.56875
drinking:0.55925
twists & turns:0.54275
noir:0.52625
great ending:0.522
secrets:0.51625
cult classic:0.5155
brutality:0.513
dialogue:0.5015
weird:0.498
greed:0.497
underrated:0.4935
cerebral:0.48125
paranoid:0.47075
paranoia:0.459
good soundtrack:0.45825
melancholic:0.4565
golden palm:0.4525
reflective:0.4505
murder:0.4495
masterpiece:0.4475
quotable:0.43875
complex:0.43175
entirely dialogue:0.43175
suprisingly clever:0.42525
gunfight:0.42425
existentialism:0.423
loneliness:0.414
catastrophe:0.40625
life & death:0.40425
justice:0.4035
surreal:0.40225
off-beat comedy:0.3965
cynical:0.394
storytelling:0.39325
california:0.392
film noir:0.3915
betrayal:0.38775
psychological:0.38325
mystery:0.38275
runaway:0.37975
life philosophy:0.37675
unlikely friendships:0.3755
talky:0.37
thriller:0.3615
not funny:0.3595
stylized:0.35275
friendship:0.3505
crime gone awry:0.3505
mentor:0.3465
investigation:0.344
cinematography:0.343
great:0.33625
indie:0.32725
nocturnal:0.327
tragedy:0.32575
grim:0.315
police investigation:0.30675
atmospheric:0.305
sacrifice:0.30425
adapted from:book:0.299
revenge:0.29875
allegory:0.2975
visually appealing:0.2965
anti-hero:0.2925
meditative:0.2925
movielens top pick:0.29075
sexy:0.28925
imdb top 250:0.28175
suspense:0.279
corruption:0.278
redemption:0.278
absurd:0.2765
cult film:0.2745
exceptional acting:0.27425
love triangles:0.2725
prostitution:0.27125
interesting:0.26975
disturbing:0.269
harsh:0.26825
oil:0.26425
adaptation:0.26325
classic:0.26225
wartime:0.26125
biting:0.26025
beautifully filmed:0.25925
death:0.25525
pornography:0.25425
violent:0.25275
social commentary:0.252
crime:0.2515
