drama:0.91575
touching:0.902
doctors:0.77975
emotional:0.75025
original:0.69575
story:0.69175
solitude:0.68475
good:0.67425
great:0.67025
tear jerker:0.66225
dramatic:0.654
mentor:0.647
loneliness:0.64375
disability:0.6295
destiny:0.62825
beautiful scenery:0.6225
earnest:0.62125
biographical:0.62075
hospital:0.61075
great acting:0.61
psychological:0.60875
oscar (best actress):0.5985
oscar:0.5925
feel-good:0.58625
good acting:0.586
psychology:0.58025
mental illness:0.551
alone in the world:0.5375
oscar (best supporting actress):0.533
death:0.533
sad:0.532
great ending:0.528
happy ending:0.523
catastrophe:0.5055
sad but good:0.5025
passionate:0.49825
sentimental:0.49775
oscar winner:0.497
life:0.49625
compassionate:0.494
feel good movie:0.491
pg-13:0.488
first contact:0.48275
sexualized violence:0.48175
excellent:0.47725
culture clash:0.47625
bittersweet:0.46975
very interesting:0.466
heartwarming:0.45175
girlie movie:0.4495
life philosophy:0.4495
courtroom:0.4495
allegory:0.4485
oscar (best directing):0.44475
psychiatrist:0.44125
humanity:0.43925
love story:0.438
adaptation:0.438
childhood:0.432
nudity (full frontal - notable):0.43025
courage:0.41575
inspirational:0.4155
poignant:0.41375
isolation:0.4105
transformation:0.408
interesting:0.40325
stereotypes:0.4005
good soundtrack:0.39575
suprisingly clever:0.3825
great movie:0.38225
complex:0.379
honest:0.37125
life & death:0.36475
shallow:0.356
simple:0.3545
sweet:0.3535
dialogue:0.3505
manipulation:0.349
storytelling:0.34625
moving:0.34075
tragedy:0.3405
small town:0.337
identity:0.3365
predictable:0.33575
not funny:0.33475
runaway:0.33325
visually stunning:0.32775
adapted from:book:0.32425
justice:0.3235
adoption:0.323
based on true story:0.3215
redemption:0.3215
family:0.315
melancholic:0.30975
beautiful:0.3075
betrayal:0.306
excellent script:0.30175
corruption:0.29925
nudity (full frontal - brief):0.29925
secrets:0.299
