sports:0.9935
1980s:0.972
fighting the system:0.96725
documentary:0.9665
olympics:0.92675
cold war:0.9175
mentor:0.91
politics:0.903
political corruption:0.90225
russia:0.8975
original:0.87825
complex:0.87
corruption:0.8425
relationships:0.83925
biopic:0.80625
interesting:0.8005
russian:0.787
honest:0.76525
good soundtrack:0.76475
vengeance:0.75925
intense:0.7465
political:0.74425
harsh:0.74375
us history:0.7425
social commentary:0.74
criterion:0.7385
propaganda:0.7295
unlikely friendships:0.72325
movielens top pick:0.7175
sacrifice:0.71475
amazing photography:0.7115
indie:0.69925
stylish:0.69725
drama:0.69675
brutality:0.694
feel-good:0.68725
dark hero:0.68175
oscar winner:0.68025
tragedy:0.6765
good:0.6725
obsession:0.6725
excellent script:0.67225
history:0.672
crime gone awry:0.66825
canada:0.662
nudity (full frontal - notable):0.6595
life & death:0.6595
oscar (best foreign language film):0.65575
talky:0.6525
oscar (best directing):0.65025
revenge:0.64825
adaptation:0.64575
1970s:0.643
story:0.6415
storytelling:0.63675
fun movie:0.636
courage:0.63375
foreign:0.632
great movie:0.627
very interesting:0.627
reflective:0.6245
dialogue:0.6215
death:0.618
creepy:0.6135
brutal:0.61175
oscar (best supporting actor):0.61125
male nudity:0.611
serial killer:0.6075
weapons:0.604
violent:0.6025
forceful:0.59875
feel good movie:0.59575
violence:0.5945
capitalism:0.594
narrated:0.5925
good acting:0.592
betrayal:0.59175
very funny:0.591
life:0.587
oscar:0.58175
classic car:0.581
suspense:0.58025
justice:0.5755
great acting:0.57525
nudity (full frontal - brief):0.57175
tense:0.57125
friendship:0.5685
new jersey:0.56275
chess:0.56175
oscar (best actress):0.5615
inspiring:0.5585
psychology:0.55675
california:0.55375
great ending:0.552
pg-13:0.54925
goofy:0.5435
unusual plot structure:0.54225
creativity:0.5415
cerebral:0.53825
macabre:0.536
