fairy tale:0.99525
dark fantasy:0.98075
fairy tales:0.94225
modern fantasy:0.93625
fantasy:0.935
betrayal:0.925
magic:0.8845
fantasy world:0.863
visually appealing:0.821
cgi:0.80625
original:0.80475
disney:0.796
story:0.79325
visually stunning:0.7825
good versus evil:0.78175
happy ending:0.762
witch:0.73925
special effects:0.71275
beautiful scenery:0.70075
storytelling:0.69875
pg-13:0.69725
destiny:0.694
whimsical:0.67825
love story:0.67725
graphic design:0.675
good:0.67225
mythology:0.67175
bad cgi:0.669
love:0.6655
visuals:0.66325
dragons:0.652
high fantasy:0.64
witches:0.60525
greed:0.5795
sacrifice:0.57475
transformation:0.57175
visual:0.56275
narrated:0.5575
dialogue:0.55575
computer animation:0.536
big budget:0.52975
irish accent:0.52725
sweet:0.524
vengeance:0.52325
mentor:0.523
great ending:0.52225
women:0.514
catastrophe:0.50175
action:0.50075
redemption:0.49975
original plot:0.49925
revenge:0.49825
adaptation:0.49725
better than expected:0.49275
stunning:0.48625
predictable:0.48175
great:0.4635
romantic:0.4545
family:0.45275
parallel universe:0.44125
adventure:0.4395
disney animated feature:0.43875
plot holes:0.43175
bad acting:0.42425
dynamic cgi action:0.40325
culture clash:0.39125
mother daughter relationship:0.3905
runaway:0.38825
childhood:0.384
romance:0.381
bad plot:0.3805
technology:0.377
not funny:0.37575
fun:0.37525
stereotypes:0.37425
good soundtrack:0.3735
medieval:0.36875
effects:0.36775
3d:0.36625
very good:0.365
silly:0.3615
light:0.3615
humanity:0.358
immortality:0.35675
based on a book:0.3555
beautiful:0.35025
twists & turns:0.35025
brutality:0.344
fight scenes:0.34375
cute:0.3435
bad ending:0.3425
utopia:0.3425
plot:0.33875
shallow:0.33725
entertaining:0.33675
adapted from:book:0.32725
children:0.32325
werewolves:0.31875
tricky:0.3175
sexy:0.31325
