bdsm:0.999
pornography:0.99875
sexual:0.9965
sex:0.9945
sexuality:0.9885
controversial:0.97125
weird:0.93125
erotic:0.91175
art house:0.89625
sexualized violence:0.882
nudity (full frontal - notable):0.87975
nudity:0.87975
obsession:0.87125
intimate:0.86875
loneliness:0.83
art:0.7785
nudity (full frontal):0.775
relationships:0.7545
addiction:0.73475
sexy:0.72625
sexual abuse:0.723
drama:0.7105
stylized:0.71
psychological:0.7005
enigmatic:0.67775
infidelity:0.66425
depression:0.629
strange:0.6205
censorship:0.61675
disturbing:0.615
male nudity:0.61425
pretentious:0.61375
criterion:0.59725
brutality:0.59225
original:0.5905
storytelling:0.57125
virginity:0.569
melancholic:0.56825
artistic:0.564
story:0.5555
golden palm:0.53825
artsy:0.53675
dreamlike:0.52275
psychology:0.5185
very interesting:0.497
cinematography:0.48775
dialogue:0.48575
guilt:0.484
runaway:0.4815
adolescence:0.47625
parenthood:0.47425
passionate:0.454
cerebral:0.4475
breathtaking:0.4475
meditative:0.44225
childhood:0.44
good soundtrack:0.43875
existentialism:0.42625
surreal:0.42525
women:0.423
pointless:0.42025
bleak:0.41775
narrated:0.411
secrets:0.3975
catastrophe:0.3955
intellectual:0.39275
twist:0.38575
great ending:0.38325
artist:0.382
entirely dialogue:0.381
social commentary:0.37275
suprisingly clever:0.36675
interesting:0.3655
nonlinear:0.35225
harsh:0.35225
talky:0.3465
mentor:0.3465
mental illness:0.34525
life philosophy:0.33475
hospital:0.3315
boring!:0.33075
culture clash:0.3265
thought-provoking:0.3265
vengeance:0.32625
grindhouse:0.323
nudity (topless - notable):0.31825
complex:0.3175
twists & turns:0.316
adaptation:0.31575
cynical:0.31325
betrayal:0.307
hotel:0.304
philosophical:0.30175
intense:0.29575
voyeurism:0.29575
visually appealing:0.292
solitude:0.2915
dysfunctional family:0.28975
adultery:0.2875
not funny:0.28225
