criterion:0.996
enigmatic:0.911
original:0.90025
political:0.88975
claustrophobic:0.8635
very interesting:0.857
visually appealing:0.84525
paranoid:0.831
complex:0.823
dark:0.7965
politics:0.79525
talky:0.794
drinking:0.78625
interesting:0.778
social commentary:0.77725
cerebral:0.774
california:0.745
runaway:0.7445
paranoia:0.74125
tense:0.73925
life & death:0.739
visual:0.73725
cinematography:0.73325
dark hero:0.731
nocturnal:0.72975
dramatic:0.729
forceful:0.72675
cynical:0.72475
corruption:0.71975
stylized:0.714
world politics:0.71325
obsession:0.7045
secrets:0.703
existentialism:0.6905
violent:0.6895
dialogue:0.6865
downbeat:0.68
psychological:0.67625
grindhouse:0.671
weird:0.67
harsh:0.6685
psychology:0.65825
stylish:0.65425
tricky:0.6465
greed:0.64325
classic car:0.637
intense:0.63225
reflective:0.62075
sacrifice:0.61575
creepy:0.60875
brutality:0.608
narrated:0.6055
oscar (best actress):0.60525
grim:0.60475
insanity:0.60075
artistic:0.59975
silent:0.598
gunfight:0.59775
crime gone awry:0.59325
great movie:0.5895
bleak:0.587
visually stunning:0.577
adaptation:0.57375
lone hero:0.56625
capitalism:0.5595
president:0.55825
distopia:0.55825
oscar (best supporting actress):0.5555
original plot:0.5545
atmospheric:0.552
underrated:0.5515
suspense:0.546
hotel:0.543
violence:0.5415
golden palm:0.5415
philosophy:0.539
1970s:0.53875
conspiracy:0.536
gangsters:0.53525
suspenseful:0.52975
light:0.5205
storytelling:0.51425
highly quotable:0.51225
redemption:0.5115
great ending:0.50475
masterpiece:0.50225
childhood:0.499
melancholic:0.496
culture clash:0.48825
great acting:0.487
sci fi:0.48425
crime:0.484
transformation:0.48325
allegory:0.48325
surreal:0.48175
drama:0.48025
melancholy:0.47775
gory:0.4765
controversial:0.475
justice:0.473
