franchise:0.98525
adventure:0.98475
indiana jones:0.98225
archaeology:0.97775
treasure hunt:0.97625
big budget:0.9705
action:0.969
aliens:0.92625
alien:0.9215
special effects:0.8415
chase:0.83325
pg-13:0.83
spielberg:0.8115
jungle:0.80475
exciting:0.794
trilogy:0.789
action packed:0.77925
plot:0.76525
cgi:0.764
dynamic cgi action:0.7415
sequel:0.741
original:0.726
motorcycle:0.72375
bad cgi:0.6975
treasure:0.6945
mythology:0.6885
catastrophe:0.6715
good:0.65425
dialogue:0.65075
series:0.648
good action:0.64575
nostalgic:0.639
silly:0.631
destiny:0.626
first contact:0.622
fantasy world:0.618
fantasy:0.61275
predictable:0.6035
sci fi:0.60175
great ending:0.60125
fun movie:0.595
so bad it's funny:0.59025
snakes:0.59
story:0.5885
sword fight:0.57725
silly fun:0.56775
bad plot:0.5675
fight scenes:0.56725
good versus evil:0.559
absurd:0.5545
fast paced:0.53775
better than expected:0.5375
alien invasion:0.53525
nuclear bomb:0.534
entertaining:0.5275
natural disaster:0.5215
fun:0.5205
superheroes:0.50975
scenic:0.50575
desert:0.503
space:0.49575
dinosaurs:0.49225
mentor:0.49025
storytelling:0.4825
ridiculous:0.479
sci-fi:0.477
life philosophy:0.473
visually appealing:0.4725
scifi:0.468
science fiction:0.4635
shallow:0.46325
father son relationship:0.4615
super hero:0.46025
transformation:0.44375
horrible:0.43875
family:0.43475
plot holes:0.43025
technology:0.429
enormously long battle scene:0.42725
car chase:0.42325
swashbuckler:0.42075
saturn award (best special effects):0.42
magic:0.41975
crappy sequel:0.41825
redemption:0.41325
betrayal:0.41075
sequels:0.4065
space opera:0.4055
original plot:0.40175
lame:0.4005
cool:0.4005
pulp:0.39925
culture clash:0.39425
survival:0.3925
script:0.39
great:0.38575
latin america:0.38525
creativity:0.3815
prequel:0.3805
computer animation:0.37725
