based on a tv show:0.96175
franchise:0.93
action:0.923
series:0.91125
mentor:0.89025
plot:0.84225
big budget:0.8225
great ending:0.814
good action:0.802
runaway:0.79775
spy:0.7785
spies:0.777
doctors:0.77375
corruption:0.76475
fun movie:0.76475
fight scenes:0.76025
pg-13:0.75875
spying:0.756
video game:0.73825
good soundtrack:0.71725
prequel:0.70425
revenge:0.70425
fast paced:0.70175
dark hero:0.69975
original:0.6995
police investigation:0.69775
fantasy world:0.693
alter ego:0.6895
obsession:0.67975
dialogue:0.6685
awesome soundtrack:0.65775
sacrifice:0.633
light:0.62025
underrated:0.6195
great:0.60925
comedy:0.60575
immortality:0.604
murder:0.598
military:0.5975
made for tv:0.596
drama:0.59225
special effects:0.58825
good:0.58575
talky:0.58125
guns:0.576
nocturnal:0.57225
harsh:0.55825
enigmatic:0.55525
predictable:0.55025
dynamic cgi action:0.5495
culture clash:0.547
comic:0.5445
story:0.544
espionage:0.54
brutality:0.52775
high fantasy:0.524
police corruption:0.5195
redemption:0.51825
greed:0.51775
entertaining:0.5055
secrets:0.50225
visually appealing:0.49725
violence:0.49225
fighting:0.492
crime gone awry:0.49125
homeless:0.48975
twists & turns:0.4805
prejudice:0.48025
ninja:0.47475
weapons:0.474
tokyo:0.46875
unlikely friendships:0.46625
chase:0.4655
justice:0.46325
catastrophe:0.458
storytelling:0.453
mad scientist:0.45175
too short:0.4445
apocalypse:0.441
adaptation:0.44025
exciting:0.43975
humor:0.43875
muppets:0.43775
fun:0.436
free to download:0.4295
cool:0.429
cult:0.428
destiny:0.42375
books:0.42175
shallow:0.41625
witty:0.41625
scenic:0.41425
sexualized violence:0.413
vengeance:0.41275
gory:0.412
superheroes:0.4115
adapted from:comic:0.41025
earnest:0.41
cult film:0.40825
first contact:0.4025
