remake:0.99675
original:0.891
devil:0.81425
biblical:0.73325
pointless:0.671
remade:0.6495
horror:0.6195
based on a book:0.60075
visually appealing:0.588
death:0.57525
dynamic cgi action:0.55775
so bad it's funny:0.5535
predictable:0.548
religion:0.54175
original plot:0.51
catastrophe:0.504
god:0.4985
scary:0.486
mentor:0.4565
storytelling:0.45075
great ending:0.44675
suspense:0.42475
catholicism:0.416
dialogue:0.4005
bad plot:0.393
bad acting:0.392
brutality:0.385
horrible:0.3795
not funny:0.37625
sequel:0.37575
bad cgi:0.37475
good:0.3685
destiny:0.363
jesus:0.361
transformation:0.35525
apocalypse:0.352
first contact:0.346
nudity (full frontal - brief):0.34175
life philosophy:0.34175
bad ending:0.34175
natural disaster:0.34025
unfunny:0.3395
demons:0.3375
special effects:0.33075
christianity:0.3275
lame:0.326
shallow:0.32175
adaptation:0.321
fantasy world:0.315
idiotic:0.31225
disaster:0.3025
crappy sequel:0.3015
intense:0.3
stylized:0.299
franchise:0.29525
life & death:0.29425
good soundtrack:0.286
story:0.28575
overrated:0.28325
splatter:0.28075
fight scenes:0.2795
entirely dialogue:0.27125
cinematography:0.27025
powerful ending:0.264
technology:0.2625
pg-13:0.259
great:0.257
end of the world:0.24975
big budget:0.24575
redemption:0.24425
visually stunning:0.24375
exceptional acting:0.24325
sexualized violence:0.2425
best of 2005:0.24225
adoption:0.24225
melancholic:0.242
multiple storylines:0.23875
culture clash:0.23775
lone hero:0.23375
pornography:0.233
weird:0.23275
justice:0.23275
goofy:0.23275
london:0.231
vengeance:0.23075
slapstick:0.23025
twists & turns:0.23
harsh:0.2295
corruption:0.22925
greed:0.22925
violence:0.2285
disturbing:0.228
better than expected:0.22675
atmospheric:0.22575
crude humor:0.2255
gangsters:0.22475
police investigation:0.2245
bad:0.22375
runaway:0.2225
clones:0.2215
