super hero:0.999
superheroes:0.9985
superhero:0.9975
based on a comic:0.987
parody:0.96325
super-hero:0.95025
spoof:0.9195
comedy:0.9065
silly fun:0.87975
comic book:0.86925
adapted from:comic:0.83675
comics:0.8315
weapons:0.80825
original:0.80475
based on comic:0.7895
sarcasm:0.7865
quirky:0.78175
goofy:0.78175
satire:0.7725
humorous:0.7415
watch the credits:0.721
funny:0.7195
hilarious:0.68775
absurd:0.68725
dialogue:0.68075
silly:0.6795
fun movie:0.67375
great:0.6645
satirical:0.6565
cult film:0.65625
humor:0.6515
special effects:0.63425
dumb but funny:0.60075
ensemble cast:0.5935
weird:0.571
alter ego:0.5635
irreverent:0.55975
very funny:0.556
great movie:0.54575
big budget:0.54375
fun:0.541
fantasy world:0.53675
comic:0.53425
mentor:0.52125
adaptation:0.5205
destiny:0.50125
pg-13:0.4955
quotable:0.4915
great ending:0.48275
fight scenes:0.4805
clever:0.46825
dark hero:0.46475
off-beat comedy:0.4645
mad scientist:0.4565
unlikeable characters:0.44975
drama:0.44525
mutants:0.443
stupidity:0.442
slapstick:0.43975
good soundtrack:0.4345
funny as hell:0.43325
crude humor:0.42425
stylized:0.414
entirely dialogue:0.40875
catastrophe:0.40525
cult classic:0.399
pulp:0.398
better than expected:0.3945
so bad it's funny:0.3885
solitude:0.3855
futuristic:0.3805
life philosophy:0.38
stupid:0.37925
action:0.37775
story:0.37775
predictable:0.3775
good versus evil:0.37475
whimsical:0.37375
storytelling:0.3735
funniest movies:0.369
visually appealing:0.368
justice:0.365
cool:0.359
alternate reality:0.3565
lame:0.3535
idiotic:0.3515
underrated:0.34625
brutality:0.345
light:0.342
witty:0.34125
affectionate:0.3365
writers:0.336
good:0.336
shallow:0.33275
farce:0.33025
deadpan:0.329
great acting:0.321
creativity:0.31525
visual:0.31075
bad cgi:0.30525
