secret service:0.99875
conspiracy:0.991
president:0.9895
political corruption:0.9605
police investigation:0.9575
father daughter relationship:0.92275
tense:0.91525
corruption:0.91475
thriller:0.90225
murder:0.88425
chase:0.8795
secrets:0.8415
assassin:0.8165
suspense:0.8125
surveillance:0.78775
assassination:0.775
suspenseful:0.745
good:0.6955
crime:0.68925
revenge:0.68475
assassins:0.68175
plot:0.677
great acting:0.67225
investigation:0.66225
justice:0.62975
original:0.62575
detective:0.612
action:0.60975
heist:0.60875
based on a book:0.60875
brainwashing:0.60825
lawyer:0.58825
mentor:0.5745
political:0.56475
twist ending:0.55775
murder mystery:0.548
interesting:0.5425
plot holes:0.5395
runaway:0.53475
great ending:0.53375
tom clancy:0.52025
catastrophe:0.51975
based on book:0.511
betrayal:0.5105
conspiracy theory:0.50625
story:0.50075
vengeance:0.50025
great:0.49525
good acting:0.49425
tricky:0.48125
very interesting:0.47525
excellent:0.47425
greed:0.4705
police corruption:0.46975
dialogue:0.45925
exciting:0.45875
manipulation:0.4555
spying:0.45225
predictable:0.452
adaptation:0.45
lone hero:0.44425
first contact:0.44125
bad plot:0.43325
ensemble cast:0.4325
mystery:0.43125
action packed:0.42675
better than expected:0.4255
psychological:0.42275
pornography:0.41775
twists & turns:0.41725
intense:0.41675
drama:0.4165
clever:0.415
surprise ending:0.41225
books:0.41175
lawyers:0.40525
storytelling:0.4005
bad ending:0.39625
politics:0.3895
fast paced:0.3885
pg-13:0.38575
life philosophy:0.38325
unusual plot structure:0.38125
twist:0.38075
guilt:0.37975
classic car:0.36775
underrated:0.36425
nudity (full frontal - brief):0.361
big budget:0.35
culture clash:0.34325
fantasy world:0.3425
bad script:0.342
destiny:0.336
gunfight:0.33525
entertaining:0.33
car chase:0.3285
cerebral:0.32825
adapted from:book:0.32625
fbi:0.3215
not funny:0.319
