bombs:0.944
weapons:0.91925
kids:0.85775
science:0.85
espionage:0.849
nuclear war:0.759
original:0.71125
teen movie:0.69875
1980s:0.6685
clever:0.64725
dialogue:0.6405
fun movie:0.6265
80s:0.624
great ending:0.62225
teen:0.618
complex:0.6145
mentor:0.60925
high school:0.60275
quotable:0.5585
world war ii:0.55
cold war:0.545
tense:0.541
catastrophe:0.526
suspense:0.52125
happy ending:0.51875
life philosophy:0.5175
dramatic:0.5155
pg-13:0.50925
runaway:0.50525
good:0.50475
nerds:0.5035
natural disaster:0.502
drama:0.5
betrayal:0.495
suspenseful:0.49225
idiotic:0.491
story:0.489
disaster:0.4885
non-hollywood ending:0.48825
family:0.48625
unusual plot structure:0.48075
gunfight:0.4745
chase:0.473
good soundtrack:0.45975
secrets:0.45925
conspiracy:0.457
sci fi:0.44525
fantasy world:0.43625
children:0.436
space:0.431
light:0.42975
first contact:0.42775
underrated:0.42325
redemption:0.41825
bullying:0.41825
writers:0.40975
childhood:0.406
fun:0.4005
unlikely friendships:0.39275
thriller:0.38425
comedy:0.3835
kids and family:0.3795
culture clash:0.37475
predictable:0.37475
great acting:0.37225
moral ambiguity:0.371
military:0.369
storytelling:0.36825
nostalgic:0.36625
alternate reality:0.36375
nuclear:0.36175
adventure:0.36025
farce:0.35625
wartime:0.3555
greed:0.3535
nuclear bomb:0.352
absurd:0.351
teenager:0.351
new york:0.348
science fiction:0.3475
not funny:0.34725
very interesting:0.3465
special effects:0.3455
big budget:0.343
brutality:0.342
entertaining:0.3405
interesting:0.34025
camp:0.34
friendship:0.33275
bad ending:0.3285
very funny:0.327
aliens:0.32625
twists & turns:0.32425
small town:0.324
lone hero:0.321
silly:0.319
airport:0.3135
imdb top 250:0.3115
police investigation:0.30925
teens:0.3065
