dark fantasy:0.993
cult:0.9615
horror:0.9565
splatter:0.9565
supernatural:0.885
demons:0.873
original:0.7515
dark:0.7465
weird:0.7085
mentor:0.6965
macabre:0.6955
gory:0.69225
cult film:0.68875
fantasy world:0.66175
magic:0.659
special effects:0.645
storytelling:0.63875
nocturnal:0.6295
cult classic:0.62325
strange:0.599
gruesome:0.5885
first contact:0.58175
visually stunning:0.57725
atmospheric:0.57275
detective:0.56975
scary:0.56625
brutality:0.5615
good versus evil:0.5605
bloody:0.55475
creepy:0.54725
vengeance:0.5245
great ending:0.5175
sexualized violence:0.49825
transformation:0.4955
story:0.48725
surreal:0.47875
dialogue:0.46725
murder:0.46225
violence:0.45625
eerie:0.4485
underrated:0.447
death:0.44425
devil:0.434
very interesting:0.432
violent:0.43
nudity (topless - notable):0.427
technology:0.42125
catastrophe:0.417
destiny:0.417
complex:0.41625
writers:0.416
effects:0.415
good soundtrack:0.414
predictable:0.412
so bad it's funny:0.4085
desert:0.405
visual:0.4015
film noir:0.397
adaptation:0.3965
great:0.39575
creativity:0.39525
fantasy:0.38975
police investigation:0.3765
awesome soundtrack:0.376
good:0.3735
multiple storylines:0.36925
secrets:0.36625
cool:0.36325
mythology:0.363
blood:0.363
los angeles:0.36125
witches:0.3545
suprisingly clever:0.35375
melancholic:0.34825
bizarre:0.348
mystery:0.3415
adapted from:book:0.3385
investigation:0.33725
sci fi:0.33275
not funny:0.33175
fight scenes:0.32575
oscar (best effects - visual effects):0.32525
grindhouse:0.32425
suspense:0.32375
disturbing:0.3235
cerebral:0.3215
apocalypse:0.3205
private detective:0.31975
graphic novel:0.3195
dark hero:0.31925
nudity (topless):0.31875
gore:0.31475
alternate reality:0.31325
great movie:0.31275
mad scientist:0.3125
entirely dialogue:0.31025
80s:0.30375
twist:0.297
high fantasy:0.29
life philosophy:0.28875
