baseball:0.99525
sports:0.9665
dramatic:0.9215
unlikely friendships:0.9165
terminal illness:0.9115
friendship:0.88975
drama:0.8765
great acting:0.821
mentor:0.81325
oscar (best actress):0.78875
oscar (best directing):0.76275
adapted from:book:0.753
original:0.7455
sentimental:0.74475
talky:0.7345
great:0.7085
bittersweet:0.68875
based on a book:0.68575
drinking:0.681
story:0.679
death:0.67375
great movie:0.667
oscar (best supporting actress):0.65475
cancer:0.65125
tear jerker:0.6325
good:0.62975
criterion:0.625
touching:0.61625
childhood:0.60875
runaway:0.60675
redemption:0.5985
life philosophy:0.55775
character study:0.55725
adaptation:0.5485
excellent:0.54725
oscar winner:0.541
tragedy:0.54075
disability:0.53725
fun movie:0.534
crime gone awry:0.5285
transformation:0.52775
intense:0.5205
dialogue:0.51875
honest:0.517
courage:0.515
culture clash:0.5
prejudice:0.49825
great ending:0.488
oscar (best supporting actor):0.4835
life & death:0.475
segregation:0.47225
light:0.46675
oscar:0.46625
based on a play:0.46025
fighting the system:0.458
hospital:0.4545
good acting:0.4535
inspirational:0.44775
superheroes:0.4465
dark hero:0.44475
melancholy:0.4415
movielens top pick:0.44125
good soundtrack:0.44075
new york:0.4405
social commentary:0.438
realistic:0.43775
imdb top 250:0.4355
minnesota:0.435
harsh:0.434
depressing:0.433
classic car:0.43225
affectionate:0.4315
based on true story:0.42725
oscar (best actor):0.42425
alter ego:0.42375
bleak:0.42075
witty:0.41975
classic:0.4165
downbeat:0.416
allegory:0.41475
based on book:0.4145
biographical:0.41275
earnest:0.4125
catastrophe:0.412
destiny:0.41075
race issues:0.4095
emotional:0.4085
quotable:0.40825
sacrifice:0.4075
humorous:0.40425
corruption:0.40275
quirky:0.40175
mental illness:0.397
coming-of-age:0.39525
small town:0.3945
melancholic:0.39375
underrated:0.39325
narrated:0.39075
feel-good:0.3875
manipulation:0.3865
