suspenseful:0.98275
suspense:0.9555
san francisco:0.93625
thriller:0.89625
tense:0.87075
greed:0.83725
revenge:0.825
psychological:0.772
good:0.74975
lawyer:0.732
original:0.7235
plot:0.712
great ending:0.7035
twists & turns:0.6645
good acting:0.6565
chase:0.65275
manipulation:0.63225
twist:0.62125
corruption:0.6125
underrated:0.60925
interesting:0.60325
predictable:0.60325
police investigation:0.58525
psychology:0.57875
very interesting:0.57525
catastrophe:0.57275
conspiracy:0.567
based on true story:0.56075
intense:0.5385
clever:0.53625
pg-13:0.53575
identity:0.53075
justice:0.52675
mentor:0.52325
california:0.5145
lawyers:0.50875
sexy:0.50725
weapons:0.507
paranoid:0.506
dialogue:0.47725
twist ending:0.47325
nudity (topless):0.47075
secrets:0.46375
complex:0.46225
plot holes:0.4595
investigation:0.45475
plot twist:0.45075
runaway:0.4495
destiny:0.44825
claustrophobic:0.44575
unusual plot structure:0.4385
serial killer:0.43775
natural disaster:0.4355
bad ending:0.4325
hotel:0.4325
violence:0.431
murder:0.42975
first contact:0.42925
nudity (topless - notable):0.4255
brutality:0.42325
sexualized violence:0.42075
vengeance:0.419
surprise ending:0.419
good soundtrack:0.418
murder mystery:0.41525
ominous:0.41475
great:0.41025
mystery:0.404
enigmatic:0.39825
story:0.38775
creepy:0.3825
pornography:0.38225
life philosophy:0.3775
vigilante:0.3765
nudity (full frontal - brief):0.3735
storytelling:0.37175
scary:0.36975
entertaining:0.362
not funny:0.362
alternate endings:0.35975
harsh:0.3595
supernatural:0.358
surveillance:0.356
obsession:0.3535
factual:0.3525
crime gone awry:0.352
happy ending:0.35075
suprisingly clever:0.344
great movie:0.33425
based on a true story:0.331
conspiracy theory:0.3295
big budget:0.32625
very good:0.3215
culture clash:0.32
internet:0.31975
better than expected:0.319
death:0.3175
graphic design:0.3175
survival:0.31575
shallow:0.31525
