amy smart:1.0
fast paced:0.97725
action:0.97375
action packed:0.96775
good action:0.94475
violence:0.92575
vengeance:0.84525
chase:0.834
stylized:0.82375
violent:0.82375
gratuitous violence:0.814
revenge:0.79925
fight scenes:0.786
drugs:0.7855
original:0.754
gunfight:0.738
video game:0.707
hitman:0.7045
hit men:0.7025
good soundtrack:0.699
pornography:0.698
brutality:0.66425
stylish:0.65725
assassin:0.65475
gangsters:0.64275
grindhouse:0.62425
cool:0.62325
car chase:0.6225
bloody:0.601
absurd:0.5885
nudity (topless):0.5795
great ending:0.57275
dialogue:0.5545
assassination:0.54925
lone hero:0.53675
los angeles:0.53125
blood:0.527
sexualized violence:0.527
anti-hero:0.5265
guns:0.52
plot:0.50875
based on a video game:0.50325
mentor:0.486
graphic novel:0.48325
storytelling:0.479
splatter:0.4765
life philosophy:0.47575
culture clash:0.4635
stereotypes:0.451
explosions:0.44825
dark hero:0.448
unlikeable characters:0.4465
bad ending:0.443
sexy:0.43875
ridiculous:0.4375
brutal:0.432
catastrophe:0.4295
motorcycle:0.42925
entertaining:0.4245
silly fun:0.418
assassins:0.41775
intense:0.4135
visceral:0.402
stupid as hell:0.40125
gory:0.3985
runaway:0.39625
male nudity:0.39525
weapons:0.39475
fun:0.3915
dumb:0.38975
crazy:0.38525
pg-13:0.38475
fun movie:0.38375
classic car:0.38025
better than expected:0.37975
snakes:0.37875
stupidity:0.37575
entirely dialogue:0.37125
story:0.37
shallow:0.36925
silly:0.368
very funny:0.3635
drinking:0.363
cult classic:0.356
hospital:0.3555
good:0.35275
pulp:0.34925
redemption:0.348
visual:0.3475
mob:0.3455
so bad it's funny:0.34375
corruption:0.341
nudity (full frontal - brief):0.33625
justice:0.335
unrealistic:0.3315
visually appealing:0.3315
crude humor:0.33075
fighting:0.326
stoner movie:0.32575
insanity:0.3245
