history:0.94025
historical:0.93975
war:0.91475
us history:0.912
period piece:0.81125
war movie:0.7965
harsh:0.7865
england:0.78625
gunfight:0.78525
original:0.78225
best war films:0.78025
courage:0.7665
culture clash:0.74725
forceful:0.72975
brutality:0.723
heartbreaking:0.71925
satire:0.71875
military:0.717
russian:0.7035
factual:0.695
satirical:0.69475
talky:0.6905
light:0.683
dramatic:0.68
cinematography:0.678
anti-war:0.67125
based on book:0.6305
russia:0.62525
quotable:0.622
epic:0.621
weapons:0.6195
dialogue:0.6135
1970s:0.60075
powerful ending:0.594
distopia:0.59
politics:0.588
absurd:0.587
death:0.5775
nudity (full frontal - brief):0.5745
murder:0.572
social commentary:0.5655
earnest:0.5595
based on a book:0.55725
guns:0.55325
british:0.55025
drama:0.54825
poignant:0.54125
great:0.533
character study:0.53275
wartime:0.5325
technology:0.52775
realistic:0.52525
complex:0.52125
catastrophe:0.52125
criterion:0.5185
good soundtrack:0.50475
oscar (best directing):0.5015
political:0.49725
oscar (best cinematography):0.4825
canada:0.482
adolescence:0.481
love triangles:0.4775
runaway:0.47525
interesting:0.4695
great ending:0.46725
revolution:0.46425
jews:0.45725
costume drama:0.45275
moral ambiguity:0.45
visceral:0.45
indians:0.448
ironic:0.4475
assassination:0.4465
great movie:0.446
golden palm:0.44225
finnish:0.436
adapted from:book:0.436
intense:0.43425
stereotypes:0.4325
colourful:0.43175
ethnic conflict:0.431
depressing:0.42925
sacrifice:0.4265
redemption:0.4245
pornography:0.4215
black comedy:0.421
1960s:0.41825
london:0.4155
mentor:0.41
compassionate:0.40775
suprisingly clever:0.40125
prejudice:0.40125
romantic:0.40075
oscar (best foreign language film):0.39525
life & death:0.39375
corruption:0.3935
grim:0.39325
great acting:0.38525
friendship:0.38475
anti-hero:0.3835
