sequel:0.95775
sequels:0.94325
ghosts:0.93925
franchise:0.929
crappy sequel:0.87775
supernatural:0.84025
good sequel:0.837
original:0.80975
special effects:0.80625
bad plot:0.76275
pointless:0.71725
bad acting:0.707
predictable:0.70475
great ending:0.694
death:0.693
horror:0.68225
splatter:0.606
horrible:0.5635
so bad it's funny:0.55175
family:0.54875
lame:0.53875
bad ending:0.523
dialogue:0.51575
demons:0.514
series:0.50575
scary:0.48175
mentor:0.47125
violence:0.47125
fantasy world:0.45075
overrated:0.44975
bad cgi:0.4455
teens:0.439
trilogy:0.4305
reflective:0.4305
pg-13:0.422
suspense:0.4125
first contact:0.406
cheesy:0.3995
campy:0.3995
life & death:0.3985
ghosts/afterlife:0.39375
brutality:0.39125
happy ending:0.38775
not funny:0.38525
80s:0.38225
entirely dialogue:0.37525
writers:0.37125
stupid as hell:0.36925
catastrophe:0.36775
fight scenes:0.362
disaster:0.357
destiny:0.3565
weird:0.3545
visually stunning:0.354
idiotic:0.353
light:0.352
sci fi:0.34825
unusual plot structure:0.3365
adaptation:0.33575
silly:0.33525
creepy:0.32725
big budget:0.3235
intense:0.3235
weapons:0.3235
vengeance:0.32275
good:0.32075
bad:0.31975
dreamlike:0.315
fantasy:0.31475
runaway:0.31325
murder:0.313
bad sequel:0.31275
silly fun:0.312
visual:0.311
life philosophy:0.3105
melancholic:0.3105
slapstick:0.309
natural disaster:0.3045
dysfunctional family:0.3045
maze:0.30125
quirky:0.29875
multiple storylines:0.297
redemption:0.297
cult film:0.29325
imdb top 250:0.291
lone hero:0.28975
pornography:0.28925
cancer:0.2885
nocturnal:0.28575
sci-fi:0.2825
psychological:0.28175
cool:0.28175
kids and family:0.2815
chase:0.27975
storytelling:0.2795
justice:0.2795
good soundtrack:0.27875
technology:0.275
gangsters:0.27325
greed:0.27025
