british comedy:0.9795
monty python:0.97425
absurd:0.96525
humor:0.96225
gilliam:0.946
surreal:0.94175
comedy:0.93475
goofy:0.92
silly:0.90225
british:0.89375
funny:0.86625
original:0.864
hilarious:0.862
quotable:0.854
classic:0.84675
irreverent:0.83825
series:0.83575
sarcasm:0.82025
weird:0.819
imdb top 250:0.809
humorous:0.78325
very funny:0.76175
spoof:0.76125
witty:0.73675
criterion:0.7285
great movie:0.71975
social commentary:0.7005
cult classic:0.69825
parody:0.68675
funny as hell:0.67425
good soundtrack:0.67275
clever:0.664
highly quotable:0.661
great:0.65175
great ending:0.65075
off-beat comedy:0.64225
narrated:0.63575
vengeance:0.63475
interesting:0.633
talky:0.63275
insanity:0.62725
oscar (best directing):0.6265
earnest:0.61975
dark hero:0.61375
quirky:0.61175
storytelling:0.60025
adapted from:book:0.59825
dark humor:0.5975
mentor:0.59575
good:0.57925
excellent script:0.57525
visual:0.56675
runaway:0.5655
based on a tv show:0.563
cult:0.56075
life philosophy:0.55875
reflective:0.55725
suprisingly clever:0.55
surrealism:0.5445
satire:0.54375
philosophy:0.538
artistic:0.536
male nudity:0.53275
ridiculous:0.53175
affectionate:0.53025
cerebral:0.52675
gunfight:0.525
oscar (best actress):0.52375
movielens top pick:0.52075
chase:0.51725
crude humor:0.517
dialogue:0.51525
visually appealing:0.51525
violence:0.51475
pornography:0.5115
adaptation:0.5115
unusual plot structure:0.50975
very good:0.50975
enigmatic:0.50525
based on book:0.50525
culture clash:0.49875
crime gone awry:0.48725
life & death:0.48325
drama:0.48175
cult film:0.479
oscar (best supporting actress):0.47875
funniest movies:0.47625
life:0.47375
idealism:0.47075
drinking:0.46575
violent:0.463
rabbits:0.46275
television:0.46175
immortality:0.4585
golden palm:0.4505
catastrophe:0.45025
distopia:0.44925
complex:0.448
stylized:0.44775
england:0.44275
