monster:0.92775
bullying:0.92675
monsters:0.898
goofy:0.88975
japan:0.839
tokyo:0.811
bad plot:0.72325
original:0.72025
computer game:0.68425
revenge:0.5775
sci fi:0.56625
camp:0.56375
solitude:0.5565
mentor:0.54525
parody:0.527
fight scenes:0.519
kids:0.512
weird:0.50975
dreams:0.501
dumb but funny:0.49875
loneliness:0.47525
allegory:0.4735
childhood:0.443
mad scientist:0.4375
predictable:0.43375
so bad it's funny:0.433
franchise:0.42925
great ending:0.42525
surreal:0.42475
teens:0.42125
cult film:0.4045
dialogue:0.3955
fun:0.39425
fantasy:0.39425
fun movie:0.3905
not funny:0.38825
idiotic:0.3875
storytelling:0.382
adolescence:0.38175
fantasy world:0.38125
brutality:0.37525
story:0.37425
catastrophe:0.36925
unusual plot structure:0.3685
silly:0.366
island:0.36375
giant robots:0.363
spoof:0.36225
teen movie:0.35975
hillarious:0.35925
overrated:0.358
80s:0.351
campy:0.346
pulp:0.344
silly fun:0.33975
grindhouse:0.334
crude humor:0.33225
children:0.33
hallucinatory:0.3275
justice:0.32625
gangsters:0.32475
good soundtrack:0.3205
weapons:0.3175
stupid as hell:0.312
dreamlike:0.30775
classic car:0.30325
slapstick:0.3015
imaginary friend:0.29725
quirky:0.296
very funny:0.29175
action:0.29
high school:0.29
first contact:0.289
adaptation:0.288
entirely dialogue:0.28525
series:0.28425
bad:0.27575
splatter:0.27575
unintentionally funny:0.27325
special effects:0.27075
destiny:0.2705
android(s)/cyborg(s):0.26775
male nudity:0.26375
sci-fi:0.26325
lone hero:0.26175
imdb top 250:0.25975
cult classic:0.25725
imagination:0.25675
nocturnal:0.25425
melancholic:0.2535
culture clash:0.253
absurd:0.25275
unfunny:0.25075
greed:0.25075
pornography:0.24975
stylish:0.2475
transformation:0.24575
mutants:0.24525
vengeance:0.24475
courage:0.24375
