horror:0.88825
claustrophobic:0.86
tense:0.8585
suspenseful:0.7985
original:0.73775
road movie:0.733
suspense:0.72725
twist ending:0.71925
creepy:0.70875
thriller:0.688
nudity (topless - brief):0.66425
stranded:0.63675
splatter:0.6225
great ending:0.608
serial killer:0.6045
murder:0.60275
predictable:0.6015
hotel:0.58575
torture:0.58225
scary:0.57
slasher:0.55075
bad ending:0.5485
twists & turns:0.5315
twist:0.52925
brutality:0.51975
divorce:0.50025
gory:0.4615
weird:0.4495
chase:0.4475
spelling bee:0.446
good soundtrack:0.445
so bad it's funny:0.44225
gore:0.44075
surveillance:0.43875
stupid:0.4345
intense:0.43075
pornography:0.42625
light:0.42575
survival:0.4235
psychological:0.42075
sexualized violence:0.4165
not funny:0.40325
supernatural:0.40275
catastrophe:0.4015
road trip:0.399
paranoia:0.3985
stupidity:0.3945
mentor:0.381
clever:0.3805
good:0.38025
bloody:0.375
runaway:0.3735
murder mystery:0.362
dialogue:0.36075
violence:0.35775
macabre:0.35425
death:0.3505
pointless:0.34825
fun movie:0.346
plot holes:0.34475
silly fun:0.341
nudity (topless):0.3385
pg-13:0.33725
storytelling:0.33325
police investigation:0.31825
marriage:0.31775
first contact:0.3175
plot:0.317
life philosophy:0.31575
grindhouse:0.312
natural disaster:0.306
happy ending:0.30575
interesting:0.30525
plot twist:0.2945
cult film:0.29075
unfunny:0.29025
melancholic:0.28925
surprise ending:0.28575
greed:0.282
alternate endings:0.28075
great:0.28075
low budget:0.27925
better than expected:0.27875
entirely dialogue:0.27675
weapons:0.27425
blood:0.2735
atmospheric:0.2735
overrated:0.27075
lone hero:0.269
gangsters:0.268
adaptation:0.263
absurd:0.25825
demons:0.25675
video game adaptation:0.25675
family:0.2545
cinematography:0.25075
very funny:0.25025
secrets:0.25
psychology:0.248
good action:0.24675
