oil:0.987
greed:0.915
politics:0.9125
conspiracy:0.9075
business:0.884
capitalism:0.8825
documentary:0.88225
idealism:0.84875
amazing cinematography:0.83075
political:0.82725
mentor:0.80975
original:0.73175
alone in the world:0.717
intimate:0.71375
humanity:0.679
intellectual:0.66975
environmental:0.65
life & death:0.63075
global warming:0.6155
alternate history:0.615
destiny:0.6145
very interesting:0.611
complex:0.602
corruption:0.60125
secrets:0.5855
thought-provoking:0.579
cerebral:0.57625
life philosophy:0.569
factual:0.56025
betrayal:0.5545
loneliness:0.5405
unusual plot structure:0.53625
classic car:0.512
internet:0.50975
culture clash:0.5045
world politics:0.5045
assassination:0.5025
runaway:0.499
solitude:0.4975
honest:0.496
visually appealing:0.4845
free to download:0.46225
passionate:0.45925
movielens top pick:0.44625
talky:0.43625
suprisingly clever:0.4275
cinematography:0.42225
catastrophe:0.422
end of the world:0.41725
melancholic:0.41475
not funny:0.41375
technology:0.406
light:0.401
bad ending:0.3945
science:0.38875
propaganda:0.3845
interesting:0.3775
beautiful scenery:0.3635
criterion:0.3595
sacrifice:0.356
philosophy:0.356
brutality:0.35175
narrated:0.34675
brainwashing:0.34675
communism:0.3455
golden palm:0.3405
egypt:0.34
paranoia:0.338
affectionate:0.33575
corporate america:0.3345
islam:0.324
educational:0.32325
conspiracy theory:0.3225
social commentary:0.3215
indie:0.31975
revolution:0.31875
environment:0.3185
imagination:0.316
ethnic conflict:0.316
parallel universe:0.314
predictable:0.3115
pg-13:0.31
investigation:0.30975
artistic:0.30925
drugs:0.303
intense:0.29875
great ending:0.298
male nudity:0.29675
journalism:0.2965
biographical:0.29425
dialogue:0.29175
stunning:0.28925
good:0.28475
utopia:0.28325
first contact:0.283
allegory:0.28075
surveillance:0.27975
south america:0.27975
good music:0.27975
happy ending:0.27675
