goofy:0.80925
fun movie:0.796
fantasy:0.7895
mentor:0.766
fantasy world:0.7195
humorous:0.6955
good soundtrack:0.68875
original:0.67675
video games:0.671
low budget:0.6535
runaway:0.624
satire:0.62
life philosophy:0.60975
geeks:0.59425
transformation:0.56425
weapons:0.548
video game:0.54325
talky:0.54175
fun:0.523
geek:0.51575
grindhouse:0.51475
based on a play:0.51075
dragons:0.50975
witty:0.50975
highly quotable:0.50925
nostalgic:0.501
male nudity:0.49925
great ending:0.49375
parody:0.47475
stereotypes:0.45375
hunting:0.44075
dialogue:0.43775
poker:0.428
cult classic:0.42525
brutality:0.4225
humor:0.4105
quotable:0.41
spelling bee:0.40925
great:0.4075
entirely dialogue:0.40525
splatter:0.4045
dark humor:0.4005
catastrophe:0.4005
drinking:0.39425
gangsters:0.39225
hilarious:0.384
drama:0.382
product placement:0.3785
redemption:0.377
magic:0.37625
corruption:0.3705
multiple storylines:0.3645
gangster:0.36375
gay character:0.3625
good:0.361
dark hero:0.35925
visually appealing:0.357
dramatic:0.35375
lone hero:0.353
crime gone awry:0.35
awesome soundtrack:0.3475
cool:0.34725
earnest:0.346
funny as hell:0.34575
quirky:0.34475
melancholic:0.34275
monster:0.34225
nerds:0.3415
stylized:0.34
movielens top pick:0.3395
forceful:0.33925
golden palm:0.338
great dialogue:0.3345
small town:0.33375
psychiatry:0.333
underrated:0.3315
police investigation:0.3305
organized crime:0.32875
satirical:0.3285
enigmatic:0.325
friendship:0.32325
adaptation:0.314
social commentary:0.30675
superheroes:0.3055
oscar (best directing):0.3055
adventure:0.30475
suspense:0.30025
slapstick:0.298
demons:0.2965
downbeat:0.293
visual:0.2925
affectionate:0.29125
very funny:0.29125
loneliness:0.2905
gypsy accent:0.286
melancholy:0.28475
ironic:0.284
criterion:0.283
special effects:0.28175
high fantasy:0.281
