father son relationship:0.90625
divorce:0.85
great movie:0.7945
father-son relationship:0.784
drama:0.7615
original:0.7545
workplace:0.7425
great:0.73925
hospital:0.723
1980s:0.7
comedy:0.6935
bittersweet:0.68475
marriage:0.67775
childhood:0.66425
mentor:0.626
parenthood:0.61075
life & death:0.60275
oscar:0.59175
heartwarming:0.59075
family:0.56675
relationships:0.55975
emotional:0.55875
redemption:0.54625
destiny:0.54425
great ending:0.541
storytelling:0.52875
life:0.52375
story:0.5205
greed:0.5195
80s:0.5075
dialogue:0.5055
good:0.505
touching:0.5035
family drama:0.49425
single father:0.4925
bullying:0.4625
good soundtrack:0.456
dramatic:0.44925
sentimental:0.443
predictable:0.44125
oscar winner:0.441
death:0.42225
alter ego:0.4205
melancholic:0.409
shallow:0.40075
culture clash:0.39575
pg-13:0.39025
los angeles:0.38125
solitude:0.38075
first contact:0.3775
catastrophe:0.3725
sappy:0.36525
goofy:0.36475
underrated:0.35475
adaptation:0.349
life philosophy:0.343
doctors:0.343
existentialism:0.34275
runaway:0.34275
depression:0.34
oscar (best supporting actor):0.33525
oscar (best directing):0.334
brutality:0.33275
fun:0.33025
transformation:0.32775
clever:0.32375
feel-good:0.323
fun movie:0.32225
excellent script:0.32025
happy ending:0.319
police investigation:0.31575
plot:0.315
chase:0.31225
not funny:0.31125
reflective:0.3075
exceptional acting:0.30575
visually appealing:0.3055
visually stunning:0.302
justice:0.3005
very funny:0.29775
fantasy world:0.2955
cult film:0.29325
lone hero:0.29275
harsh:0.29225
bad plot:0.292
fight scenes:0.29125
unusual plot structure:0.28975
vengeance:0.28925
entirely dialogue:0.2885
honest:0.28775
dark hero:0.287
sexy:0.28225
chicago:0.2775
imdb top 250:0.2755
oscar (best supporting actress):0.2745
oscar (best actress):0.27425
nudity (full frontal - brief):0.27225
adoption:0.272
great acting:0.27175
loneliness:0.27175
