claustrophobic:0.97225
good sequel:0.96625
horror:0.94525
sequels:0.9315
original:0.92875
spanish:0.874
supernatural:0.873
gory:0.8725
virus:0.85825
tense:0.857
demons:0.8565
gore:0.85275
suspense:0.84875
great ending:0.82325
zombies:0.814
sequel:0.80925
survival:0.80225
intense:0.798
splatter:0.77875
zombie:0.76975
creepy:0.75375
bloody:0.738
storytelling:0.7205
cult classic:0.7075
handycam:0.69875
plot twist:0.692
apocalypse:0.69125
good:0.6765
blood:0.663
mythology:0.66
scary:0.656
crappy sequel:0.6505
destiny:0.642
clever:0.61975
transformation:0.6025
story:0.58825
complex:0.58225
excellent script:0.58
atmospheric:0.5795
chase:0.5735
mentor:0.569
original plot:0.56275
violence:0.56025
weird:0.558
brutality:0.55575
sexualized violence:0.554
dialogue:0.55075
fast paced:0.5485
life philosophy:0.54575
good soundtrack:0.544
twist ending:0.53375
cinematography:0.529
frightening:0.52475
twists & turns:0.51775
franchise:0.51625
catastrophe:0.513
weapons:0.513
suspenseful:0.5115
sacrifice:0.50875
suprisingly clever:0.50725
interesting:0.50725
visceral:0.50475
idiotic:0.5035
fake documentary:0.5025
so bad it's funny:0.5025
violent:0.49575
goofy:0.48925
enigmatic:0.4745
pg-13:0.47225
criterion:0.47125
great movie:0.4705
bad ending:0.468
revenge:0.46125
death:0.46025
torture:0.456
monster:0.45175
pointless:0.45125
predictable:0.45075
nudity (full frontal - brief):0.43975
religion:0.43575
twist:0.43525
murder:0.4345
realistic:0.43425
goretastic:0.43375
talky:0.4325
wilderness:0.4295
sci fi:0.4285
action packed:0.428
not as good as the first:0.42725
oscar (best directing):0.42125
fun movie:0.42025
light:0.42
runaway:0.413
not funny:0.41175
narrated:0.4095
honest:0.4055
pornography:0.40375
imdb top 250:0.402
cult film:0.40125
paranoid:0.39575
