military:0.996
courtroom:0.95925
lawyer:0.926
court:0.90325
lawyers:0.8975
weapons:0.87075
islam:0.82125
conspiracy:0.7985
corruption:0.757
good:0.754
dramatic:0.75025
action:0.723
courtroom drama:0.715
war:0.69825
intense:0.6945
justice:0.66575
courage:0.65425
drama:0.65325
betrayal:0.6525
gulf war:0.646
plot:0.646
original:0.646
vietnam war:0.63575
middle east:0.6345
forceful:0.63425
politics:0.629
morality:0.62675
good action:0.62075
catastrophe:0.6095
best war films:0.6035
suspense:0.60225
vengeance:0.59775
manipulation:0.58325
iraq:0.57525
propaganda:0.571
pg-13:0.5685
dialogue:0.56675
sacrifice:0.5645
conspiracy theory:0.56175
world politics:0.55375
predictable:0.53625
mentor:0.53325
stereotypes:0.52225
murder:0.51925
powerful ending:0.51475
surveillance:0.511
revenge:0.5085
secrets:0.50825
great ending:0.50075
police investigation:0.495
arms dealer:0.49175
interesting:0.48575
story:0.4855
great acting:0.485
big budget:0.48375
good acting:0.48125
vietnam:0.47775
iraq war:0.476
wartime:0.471
guilt:0.4635
not funny:0.4635
destiny:0.45825
storytelling:0.455
factual:0.452
terrorism:0.4515
thriller:0.446
race issues:0.445
happy ending:0.44425
bad plot:0.44
political:0.43925
bad ending:0.4385
twists & turns:0.4345
plot holes:0.4305
very good:0.4305
runaway:0.4265
chase:0.426
investigation:0.42075
thought-provoking:0.41925
guns:0.41475
women:0.40975
survival:0.407
brutality:0.40525
true story:0.402
war movie:0.40075
torture:0.39975
moral ambiguity:0.3905
death:0.38925
better than expected:0.38625
political corruption:0.3815
redemption:0.38075
culture clash:0.38
unfunny:0.37375
greed:0.3725
complex:0.371
excellent:0.36725
entertaining:0.3635
jungle:0.358
realistic:0.35375
tense:0.35275
life philosophy:0.35125
