poker:0.9765
tense:0.9675
great acting:0.931
mentor:0.8835
great movie:0.87675
oscar (best directing):0.8755
1930s:0.8485
claustrophobic:0.848
original:0.842
drama:0.828
cool:0.8225
gambling:0.8175
exceptional acting:0.814
suspense:0.8005
runaway:0.7645
period piece:0.75775
great:0.7535
oscar (best actress):0.75075
dialogue driven:0.748
forceful:0.7465
unusual plot structure:0.73975
good:0.736
classic:0.72875
good soundtrack:0.7275
oscar (best supporting actress):0.72375
realistic:0.723
rags to riches:0.71725
crime gone awry:0.712
great ending:0.71125
fun movie:0.70775
interesting:0.704
complex:0.69725
new orleans:0.6925
cheating:0.691
imdb top 250:0.68225
greed:0.6645
dialogue:0.66375
talky:0.662
dramatic:0.659
excellent script:0.6545
criterion:0.645
gangsters:0.644
gangster:0.6425
clever:0.63875
character study:0.63775
corruption:0.626
downbeat:0.62275
twists & turns:0.6125
oscar (best supporting actor):0.60825
oscar winner:0.6055
kids:0.601
gritty:0.5885
chess:0.582
adultery:0.57975
enigmatic:0.5785
grim:0.5765
intense:0.57575
unlikely friendships:0.57475
very good:0.57225
paranoid:0.56825
movielens top pick:0.55675
adapted from:book:0.55575
based on a play:0.54775
destiny:0.5415
atmospheric:0.538
fighting the system:0.5345
cinematography:0.53375
gunfight:0.53225
earnest:0.53175
oscar (best actor):0.531
catastrophe:0.5305
cerebral:0.528
life philosophy:0.5235
good acting:0.52175
very interesting:0.5115
friendship:0.50725
depression:0.50575
storytelling:0.50125
adaptation:0.4975
violence:0.49475
california:0.49225
social commentary:0.485
excellent:0.484
sexy:0.48275
moral ambiguity:0.481
story:0.478
suspenseful:0.47725
redemption:0.4755
entirely dialogue:0.47325
organized crime:0.4695
childhood:0.4685
feel-good:0.46825
vengeance:0.465
1970s:0.4635
tragedy:0.46325
relationships:0.46125
feel good movie:0.45925
coming of age:0.459
murder:0.4585
visceral:0.457
