time travel:0.98275
romantic comedy:0.974
nudity (full frontal - brief):0.9715
time loop:0.94825
family bonds:0.947
romantic:0.9415
love:0.9365
father son relationship:0.91925
love story:0.91175
romance:0.89175
life:0.89025
original:0.88775
relationships:0.88175
feel-good:0.87875
drama:0.87775
touching:0.87425
sweet:0.85975
destiny:0.857
chick flick:0.827
feel good movie:0.80625
time:0.7825
sentimental:0.771
memory:0.74275
heartwarming:0.712
british:0.70375
family drama:0.68975
beautiful scenery:0.68725
family:0.685
life & death:0.67625
good soundtrack:0.671
mentor:0.6645
great acting:0.65725
great ending:0.64975
plot holes:0.624
life philosophy:0.61725
pg-13:0.6135
parenthood:0.61175
sappy:0.6115
emotional:0.6045
fantasy:0.59475
beautifully filmed:0.58025
travel:0.57825
london:0.57
catastrophe:0.56775
storytelling:0.567
idealism:0.5665
happy ending:0.56075
transformation:0.556
witty:0.5515
good acting:0.5455
good romantic comedies:0.5425
loneliness:0.531
story:0.531
good:0.52925
honest:0.528
great:0.52625
cancer:0.52325
original plot:0.522
science fiction:0.518
bittersweet:0.5135
clever:0.51325
visually appealing:0.51325
melancholic:0.50975
amazing cinematography:0.50375
childhood:0.502
culture clash:0.5
alternate reality:0.49725
whimsical:0.494
sacrifice:0.484
nostalgic:0.48375
thought-provoking:0.48325
reflective:0.4815
existentialism:0.47825
cute:0.478
narrated:0.47725
scifi:0.4735
excellent script:0.47075
father-son relationship:0.4685
quirky:0.46375
movielens top pick:0.46325
suprisingly clever:0.45
funny:0.44825
dialogue:0.44675
very funny:0.44575
unusual plot structure:0.44325
eccentricity:0.44
philosophical:0.4345
sci fi:0.42975
artistic:0.4295
england:0.42725
simple:0.42225
melancholy:0.421
imdb top 250:0.42075
interesting:0.4165
oscar:0.4145
alternate history:0.41325
runaway:0.41275
friendship:0.40375
unlikely friendships:0.3935
affectionate:0.392
