tense:0.9805
twists & turns:0.93725
suspenseful:0.9245
police investigation:0.913
claustrophobic:0.9055
suspense:0.90025
train:0.9
amazing photography:0.88625
intense:0.85925
original:0.84475
russia:0.84475
corruption:0.8105
complex:0.81025
thriller:0.79125
trains:0.7885
moral ambiguity:0.77975
interesting:0.7755
secrets:0.77375
runaway:0.73675
complicated:0.71325
brutality:0.707
murder:0.70425
cinematography:0.7035
great ending:0.701
betrayal:0.68575
psychological:0.6725
mystery:0.66525
great acting:0.6635
chase:0.6635
very interesting:0.66175
russian:0.66
drugs:0.6575
violence:0.65625
twist:0.649
good:0.648
greed:0.648
good acting:0.6285
catastrophe:0.6185
murder mystery:0.6155
detective:0.61225
plot twist:0.61025
enigmatic:0.609
twist ending:0.60325
forceful:0.6
clever:0.59925
plot:0.58475
drama:0.584
torture:0.57725
foreign:0.57525
psychology:0.5705
talky:0.565
absurd:0.5615
weird:0.557
crime gone awry:0.55425
ominous:0.5395
visceral:0.539
sexy:0.539
serial killer:0.53775
crime:0.52975
paranoid:0.52375
plot holes:0.5235
dialogue:0.5195
violent:0.51325
tricky:0.509
scenic:0.5085
harsh:0.504
death:0.504
story:0.50325
obsession:0.49525
good soundtrack:0.492
guilt:0.492
social commentary:0.48825
stereotypes:0.47425
predictable:0.4725
paranoia:0.4725
investigation:0.472
cerebral:0.4705
survival:0.4635
mentor:0.46025
pointless:0.456
dramatic:0.4555
destiny:0.4505
hitchcock:0.44975
bleak:0.44425
dark:0.44325
spanish:0.438
nudity (full frontal - brief):0.42975
storytelling:0.4225
adventure:0.41875
wilderness:0.41775
visually appealing:0.41525
pornography:0.4035
atmospheric:0.403
oscar (best directing):0.40025
allegory:0.3935
unusual plot structure:0.39275
alternate endings:0.39025
not funny:0.38975
earnest:0.384
multiple storylines:0.3835
