teen:0.99475
teen movie:0.99275
high school:0.98725
teens:0.921
horrible:0.789
teenagers:0.78275
teacher:0.77525
fun movie:0.76575
predictable:0.71175
school:0.70625
bad plot:0.694
original:0.69225
teenager:0.683
so bad it's funny:0.66275
manipulation:0.63375
shallow:0.625
great ending:0.608
mentor:0.5995
idiotic:0.59775
kidnapping:0.59325
dialogue:0.592
lame:0.5685
pg-13:0.56425
suspense:0.5605
tom clancy:0.542
stupid:0.53925
bad:0.51375
stereotypes:0.51025
writers:0.50875
catastrophe:0.507
overrated:0.4795
stupidity:0.46975
silly:0.4685
geeks:0.46775
sexy:0.46175
pornography:0.4605
adaptation:0.45425
horror:0.45125
good soundtrack:0.44625
pointless:0.4455
cheerleading:0.4355
stupid as hell:0.43025
good:0.423
fun:0.42275
twists & turns:0.419
small town:0.4155
80s:0.41175
fantasy world:0.40325
weapons:0.40325
destiny:0.40325
disaster:0.40025
nerds:0.40025
comedy:0.39425
violence:0.393
runaway:0.389
cheating:0.38775
revenge:0.38725
bad acting:0.387
silly fun:0.3855
plot holes:0.3835
adapted from:book:0.37525
amy smart:0.3725
unusual plot structure:0.37125
storytelling:0.36975
great:0.36325
scary:0.36175
entirely dialogue:0.3615
bullying:0.361
girlie movie:0.3605
police investigation:0.35275
brutality:0.34875
goofy:0.34275
action:0.34225
script:0.3415
first contact:0.34125
suspenseful:0.33825
camp:0.3355
fantasy:0.3315
family:0.32825
visually stunning:0.3275
bad cgi:0.327
vengeance:0.3265
not funny:0.324
nudity (topless - notable):0.322
thriller:0.321
entertaining:0.31975
dumb:0.31775
betrayal:0.3135
slapstick:0.31125
ridiculous:0.30875
black comedy:0.30875
bad ending:0.3085
great acting:0.307
better than expected:0.3055
psychological:0.30375
story:0.3025
virginity:0.30175
fight scenes:0.30175
goth:0.299
directorial debut:0.298
