erotic:0.97375
obsession:0.9245
pornography:0.906
sex:0.90525
cheating:0.89725
adultery:0.88375
sexual:0.8675
infidelity:0.86225
sexuality:0.8105
relationships:0.806
sexy:0.77225
twists & turns:0.7365
nudity (topless - notable):0.7025
marriage:0.6905
nudity (topless):0.6375
lesbian:0.62975
betrayal:0.60425
prostitution:0.5905
midlife crisis:0.59025
plot twist:0.58675
original:0.58425
manipulation:0.58125
thriller:0.51975
twist:0.497
intimate:0.495
psychological:0.49325
very interesting:0.48925
predictable:0.46775
paranoia:0.45725
catastrophe:0.45125
surveillance:0.45
runaway:0.4385
police investigation:0.433
passionate:0.4245
great ending:0.42175
twist ending:0.41975
drama:0.419
women:0.416
nudity (full frontal - brief):0.41425
alternate endings:0.40125
nudity (full frontal - notable):0.3995
storytelling:0.3855
male nudity:0.38475
bad ending:0.38375
pointless:0.382
absurd:0.3795
divorce:0.3685
mentor:0.3685
amazing cinematography:0.35875
dysfunctional family:0.3565
hotel:0.3555
nudity:0.3515
not funny:0.345
psychology:0.34375
stereotypes:0.34
enigmatic:0.34
surprise ending:0.34
guilt:0.33275
loneliness:0.33
bdsm:0.3255
intense:0.31925
dialogue:0.31775
greed:0.31675
oscar (best actress):0.31375
life philosophy:0.31075
hospital:0.309
adaptation:0.3075
kidnapping:0.305
natural disaster:0.304
mental illness:0.3005
secrets:0.29975
family drama:0.297
suspenseful:0.2965
entirely dialogue:0.29425
good soundtrack:0.294
underrated:0.29375
vengeance:0.28975
suprisingly clever:0.28475
paranoid:0.28325
fantasy world:0.2815
culture clash:0.2815
love triangles:0.277
doctors:0.273
great acting:0.26825
melancholic:0.268
complicated:0.2625
first contact:0.25325
writers:0.253
identity:0.2475
grindhouse:0.24275
suspense:0.24025
story:0.24025
crude humor:0.23975
classic car:0.2395
spying:0.2395
interesting:0.23825
corruption:0.23775
interracial romance:0.236
unlikeable characters:0.235
cinematography:0.228
