criterion:0.964
affectionate:0.86925
futuristic:0.868
talky:0.833
light:0.798
oscar (best foreign language film):0.786
witty:0.748
original:0.74625
golden palm:0.7415
imdb top 250:0.72375
runaway:0.7235
humorous:0.7025
enigmatic:0.66075
satirical:0.65775
cynical:0.62625
visually appealing:0.61975
suprisingly clever:0.608
deadpan:0.60325
melancholy:0.5815
intimate:0.57675
bleak:0.57625
harsh:0.57325
tense:0.573
gunfight:0.56375
culture clash:0.557
cerebral:0.5465
melancholic:0.5435
greed:0.53225
oscar (best directing):0.51875
weird:0.518
cinematography:0.50975
loneliness:0.50925
allegory:0.508
atmospheric:0.5035
nocturnal:0.49275
complex:0.484
social commentary:0.4795
narrated:0.47825
unusual plot structure:0.478
oscar (best supporting actress):0.47575
afi 100 (laughs):0.4755
meditative:0.4755
catastrophe:0.47125
pornography:0.47075
black and white:0.4695
cult classic:0.46925
oscar (best actress):0.46375
breathtaking:0.46125
fighting the system:0.455
very interesting:0.44625
dialogue:0.4425
highly quotable:0.4385
adaptation:0.43825
humanity:0.43425
california:0.434
childhood:0.43375
movielens top pick:0.43225
not funny:0.4295
drama:0.42425
crime gone awry:0.42375
hotel:0.4205
great:0.419
absurd:0.414
stylized:0.413
bittersweet:0.4095
whimsical:0.4095
reflective:0.40875
sexy:0.406
nudity (full frontal - brief):0.40375
good soundtrack:0.40325
life philosophy:0.40275
downbeat:0.399
mentor:0.39825
classic car:0.39475
quirky:0.39475
dysfunctional family:0.38925
clever:0.38875
sisters:0.38575
family:0.38525
adapted from:book:0.3845
surreal:0.384
great ending:0.3825
relationships:0.38125
twists & turns:0.37925
brutality:0.3775
beautifully filmed:0.377
drinking:0.37375
forceful:0.37225
biting:0.37125
cult film:0.3685
obsession:0.36575
entirely dialogue:0.363
comedy:0.362
grim:0.36125
artistic:0.36025
visceral:0.35625
corruption:0.355
distopia:0.35325
dark humor:0.3525
unlikely friendships:0.35125
