world war ii:0.98125
innocence lost:0.95875
wwii:0.9455
wartime:0.9375
war:0.92075
drama:0.91825
visually stunning:0.878
spielberg:0.87425
storytelling:0.87375
cinematography:0.873
camp:0.86075
based on a book:0.86075
mentor:0.85925
japan:0.858
dramatic:0.855
based on book:0.8495
childhood:0.8455
survival:0.82
best war films:0.816
imdb top 250:0.815
china:0.80175
masterpiece:0.797
oscar (best cinematography):0.794
original:0.7865
prison:0.786
brutality:0.78575
great movie:0.764
emotional:0.75875
visual:0.7545
courage:0.7495
oscar (best directing):0.7475
great ending:0.736
runaway:0.73125
beautifully filmed:0.729
based on a true story:0.72475
stunning:0.72375
reflective:0.7115
war movie:0.70275
story:0.7
historical:0.69875
nostalgic:0.6975
adolescence:0.697
unlikely friendships:0.694
good soundtrack:0.6905
us history:0.68825
japanese:0.68625
destiny:0.68275
friendship:0.68175
heartbreaking:0.67925
sentimental:0.677
great acting:0.6755
history:0.67375
british:0.6715
poignant:0.6545
great:0.653
social commentary:0.65175
coming of age:0.65
great cinematography:0.64625
powerful ending:0.6425
underrated:0.641
tragedy:0.63975
harsh:0.6375
sad:0.6335
very good:0.62575
breathtaking:0.6225
coming-of-age:0.622
realistic:0.62025
good acting:0.61
golden palm:0.606
good:0.60375
excellent script:0.6015
touching:0.60075
culture clash:0.598
tokyo:0.57525
epic:0.575
dialogue:0.57275
death:0.566
forceful:0.5655
interesting:0.56425
moral ambiguity:0.5635
intense:0.56025
loneliness:0.56
based on true story:0.55875
sacrifice:0.55625
fantasy world:0.55475
world politics:0.55225
imagination:0.54925
grim:0.543
excellent:0.54
narrated:0.53825
beautiful scenery:0.536
catastrophe:0.5355
visually appealing:0.53075
brutal:0.52575
gunfight:0.5235
jews:0.52225
criterion:0.52175
adapted from:book:0.521
pg-13:0.518
poland:0.51525
