anime:0.97525
adventure:0.95975
japan:0.94825
miyazaki:0.9
studio ghibli:0.89825
animation:0.8665
fast paced:0.84
animated:0.83575
firefly:0.8355
fantasy world:0.82875
giant robots:0.82425
great movie:0.79425
action:0.7925
great:0.79225
storytelling:0.791
stylized:0.75075
original:0.73325
japanese:0.72675
masterpiece:0.71675
imdb top 250:0.71
weird:0.7005
criterion:0.68825
good soundtrack:0.67325
stop motion:0.671
classic:0.66575
stylish:0.65925
great ending:0.65825
visually stunning:0.65025
animal movie:0.64825
chase:0.64825
tokyo:0.6345
vengeance:0.6305
childhood:0.63
computer animation:0.61175
fun movie:0.60975
visually appealing:0.60675
dialogue:0.59775
violent:0.58675
kidnapping:0.57975
highly quotable:0.5755
series:0.57425
clever:0.5735
atmospheric:0.57275
violence:0.5695
transformation:0.56875
tense:0.561
underrated:0.555
cult classic:0.553
secrets:0.55125
witty:0.548
enigmatic:0.5445
talky:0.538
corruption:0.53475
light:0.5345
nocturnal:0.53225
gunfight:0.531
good:0.52575
movielens top pick:0.5245
dark hero:0.52075
story:0.51725
samurai:0.51675
brutality:0.5125
mentor:0.51125
awesome soundtrack:0.511
complicated plot:0.51
humorous:0.50775
fun:0.50375
runaway:0.50175
visual:0.501
unusual plot structure:0.50075
cartoon:0.50025
social commentary:0.4945
suprisingly clever:0.48175
romance:0.4815
interesting:0.47075
creativity:0.46925
complex:0.46725
superheroes:0.4665
culture clash:0.46475
very interesting:0.462
great soundtrack:0.461
crime gone awry:0.45725
quotable:0.45375
plot:0.45225
classic car:0.45
drama:0.45
macabre:0.44975
earnest:0.44875
honest:0.44825
melancholy:0.4465
humor:0.4455
friendship:0.44475
oscar (best actress):0.44125
obsession:0.4395
dark humor:0.43525
harsh:0.4295
conspiracy:0.42925
cool:0.4285
nudity (full frontal - brief):0.42775
hilarious:0.4265
