bdsm:0.99375
violence:0.9825
brutality:0.968
small town:0.95675
violent:0.94225
brutal:0.921
serial killer:0.914
disturbing:0.90375
pornography:0.8975
based on a book:0.8385
controversial:0.81475
pulp:0.76575
original:0.74525
pointless:0.72925
stylish:0.70725
sexualized violence:0.707
gratuitous violence:0.704
noir thriller:0.70125
weird:0.6765
neo-noir:0.66225
moral ambiguity:0.66075
crime:0.6605
stylized:0.65825
psychological:0.658
graphic novel:0.65725
corruption:0.647
visceral:0.6465
psychology:0.6365
bloody:0.63425
murder:0.63375
vengeance:0.6335
insanity:0.62875
texas:0.6255
police corruption:0.62125
complex:0.61925
dark:0.6165
police investigation:0.614
adaptation:0.61325
noir:0.59975
dark humor:0.59875
police:0.59725
assassination:0.59625
revenge:0.585
death:0.58075
sexy:0.56775
sex:0.5495
black comedy:0.53975
good soundtrack:0.5315
censorship:0.51775
surreal:0.50675
intense:0.49675
prostitution:0.48975
erotic:0.4855
twist:0.485
hard to watch:0.484
sexual abuse:0.48025
twists & turns:0.47825
obsession:0.47725
cinematography:0.472
great ending:0.46825
sexual:0.46775
dialogue:0.456
melancholic:0.455
harsh:0.45425
gritty:0.4525
bleak:0.45175
absurd:0.4515
mentor:0.44825
greed:0.4475
suspense:0.438
storytelling:0.43325
shallow:0.42775
interesting:0.42575
nudity (full frontal - notable):0.42475
bad ending:0.42475
grindhouse:0.42125
betrayal:0.4195
catastrophe:0.4135
runaway:0.4125
very interesting:0.4115
1950s:0.40325
gory:0.401
nudity (full frontal):0.3985
nudity (full frontal - brief):0.397
narrated:0.395
nudity (topless):0.39375
hitman:0.39375
film noir:0.3935
strippers:0.39275
story:0.39
life philosophy:0.38975
plot twist:0.388
gangsters:0.37725
dark comedy:0.374
kidnapping:0.3725
splatter:0.37025
nudity (topless - notable):0.36975
secrets:0.36175
women:0.35975
predictable:0.3585
