zombies:0.9785
apocalypse:0.95325
zombie:0.93475
romance:0.91975
post-apocalyptic:0.869
love story:0.86825
based on a book:0.857
romantic:0.805
pg-13:0.7845
chick flick:0.78075
sweet:0.7715
post apocalyptic:0.76025
original:0.7545
awesome soundtrack:0.7335
comedy:0.729
romantic comedy:0.70175
splatter:0.6845
teen movie:0.64225
silly fun:0.62675
gory:0.59475
off-beat comedy:0.58675
virus:0.57925
quirky:0.565
good soundtrack:0.559
life & death:0.551
humanity:0.5455
transformation:0.544
feel-good:0.54075
story:0.5275
survival:0.52225
dialogue:0.4985
teen:0.49375
funny:0.49175
catastrophe:0.47975
beautiful scenery:0.47875
fun:0.47625
great ending:0.471
fun movie:0.4685
predictable:0.46825
love:0.458
solitude:0.45425
werewolves:0.45225
fight scenes:0.451
happy ending:0.45025
mentor:0.4485
great:0.44475
supernatural:0.441
life philosophy:0.43925
feel good movie:0.42575
destiny:0.41575
silly:0.41075
unlikely friendships:0.40175
better than expected:0.4015
loneliness:0.3995
friendship:0.38775
adaptation:0.38475
not funny:0.38425
melancholic:0.38025
goth:0.3775
cult classic:0.376
clever:0.37325
based on book:0.3705
so bad it's funny:0.36825
very funny:0.3675
good:0.364
girlie movie:0.3535
storytelling:0.3525
grindhouse:0.35025
allegory:0.34925
redemption:0.348
weird:0.34525
light:0.34125
brutality:0.341
bad cgi:0.33875
narrated:0.3345
relationships:0.32775
nocturnal:0.3265
humorous:0.32225
parody:0.32075
heartwarming:0.32
cute:0.31775
entertaining:0.31375
whimsical:0.31075
action:0.30975
cult film:0.308
quotable:0.30625
culture clash:0.30025
mad scientist:0.29975
goofy:0.288
bad acting:0.2865
blood:0.286
plot holes:0.286
chase:0.2845
monsters:0.2845
action packed:0.284
special effects:0.2825
lone hero:0.28075
existentialism:0.2805
witty:0.2805
honest:0.27875
