sci fi:0.96825
big budget:0.96725
futuristic:0.95125
sci-fi:0.94275
scifi:0.93525
science fiction:0.8785
special effects:0.8355
space:0.8105
robot:0.8025
cloning:0.79275
horrible:0.7885
comedy:0.78125
clones:0.77
predictable:0.76675
so bad it's funny:0.7445
future:0.72475
lame:0.7245
original:0.72075
robots:0.7045
androids:0.7025
action:0.702
first contact:0.695
bad:0.674
bad plot:0.6715
adventure:0.6665
shallow:0.63825
silly:0.638
awful:0.6325
astronauts:0.62075
franchise:0.6195
fantasy world:0.6145
bad science:0.6115
pointless:0.602
disaster:0.5735
bad cgi:0.57175
gangsters:0.56775
creativity:0.564
pg-13:0.54375
fun movie:0.54275
catastrophe:0.536
story:0.52175
visuals:0.512
natural disaster:0.5065
silly fun:0.50125
twist ending:0.4965
visual:0.49475
humorous:0.48925
good action:0.4785
fight scenes:0.4745
family:0.46975
quirky:0.46425
plot holes:0.464
mars:0.46275
redemption:0.46225
action packed:0.45175
great ending:0.448
fun:0.44775
mentor:0.44375
las vegas:0.4375
cgi:0.43425
fantasy:0.431
parody:0.42675
bad acting:0.42575
entertaining:0.4245
android(s)/cyborg(s):0.42425
dynamic cgi action:0.42075
stupid as hell:0.41225
overrated:0.40775
better than expected:0.40725
science:0.404
technology:0.402
exciting:0.40075
visually stunning:0.3995
light:0.39275
dialogue:0.392
unfunny:0.38425
whimsical:0.38125
slapstick:0.38075
stupid:0.377
adaptation:0.36925
comics:0.3675
pulp:0.36725
mafia:0.36475
destiny:0.358
very funny:0.357
life philosophy:0.35675
high fantasy:0.35625
brutality:0.353
cheesy:0.34775
crappy sequel:0.34475
goofy:0.34325
liv tyler:0.33875
happy ending:0.33325
chase:0.3315
nudity (topless - notable):0.3315
runaway:0.32625
crude humor:0.3245
absurd:0.32225
good dialogue:0.321
immortality:0.3175
