writer's life:0.9915
melancholic:0.98575
depression:0.98375
intimate:0.98
drug addiction:0.9595
loneliness:0.9575
character study:0.943
addiction:0.93025
bleak:0.9225
enigmatic:0.8955
reflective:0.89525
poignant:0.8875
meditative:0.88725
cinematography:0.87125
drinking:0.8625
criterion:0.85025
melancholy:0.843
heartbreaking:0.83875
suicide:0.8235
suicide attempt:0.82175
life philosophy:0.7775
tragedy:0.768
drugs:0.755
childhood:0.746
social commentary:0.7425
beautifully filmed:0.7295
golden palm:0.706
existentialism:0.7015
downbeat:0.692
life & death:0.6915
friendship:0.69
obsession:0.6885
grim:0.68025
allegory:0.6785
relationships:0.66625
talky:0.65025
unlikely friendships:0.64325
very interesting:0.64325
visually appealing:0.64025
life:0.64
black and white:0.6395
breathtaking:0.6285
original:0.627
cerebral:0.62
mentor:0.6195
solitude:0.6185
harsh:0.60625
dreams:0.605
insanity:0.60325
runaway:0.60225
narrated:0.5955
weird:0.59275
greed:0.58675
oscar (best supporting actress):0.586
dysfunctional family:0.577
memory:0.5715
redemption:0.57025
drama:0.5645
culture clash:0.54825
great acting:0.54225
forceful:0.5415
drug abuse:0.5305
depressing:0.526
dark humor:0.5225
atmospheric:0.51625
cult classic:0.51625
crime gone awry:0.5135
imdb top 250:0.5115
stylized:0.51125
nocturnal:0.51075
independent film:0.506
suprisingly clever:0.5045
nostalgic:0.501
great ending:0.4995
complex:0.486
great cinematography:0.48325
disturbing:0.48
emotional:0.48
paranoid:0.47975
writers:0.47525
workplace:0.4735
honest:0.4705
complex characters:0.468
oscar (best directing):0.461
unusual plot structure:0.451
oscar (best foreign language film):0.45025
good soundtrack:0.44525
road movie:0.4405
oscar (best actress):0.43425
poetry:0.43125
transformation:0.431
philosophical:0.4265
dialogue:0.42325
betrayal:0.42275
lyrical:0.4215
hospital:0.41925
california:0.41375
bittersweet:0.4125
tense:0.40875
affectionate:0.40675
