western:0.97975
vengeance:0.95275
revenge:0.9265
chase:0.92475
desert:0.85825
hunting:0.852
civil war:0.85175
great ending:0.84
storytelling:0.81325
cinematography:0.8095
original:0.8075
gunfight:0.8015
survival:0.78975
dialogue:0.752
irish accent:0.74975
redemption:0.74675
violence:0.722
story:0.70275
visceral:0.68375
justice:0.6835
sacrifice:0.65975
good:0.658
brutality:0.6305
great acting:0.62925
american civil war:0.62425
action:0.618
betrayal:0.617
moral ambiguity:0.6155
complex:0.60875
violent:0.6045
original plot:0.6005
powerful ending:0.598
plot:0.59775
war:0.58675
unusual plot structure:0.583
alternate endings:0.57475
very interesting:0.57325
harsh:0.564
brutal:0.54
great movie:0.53775
corruption:0.53525
underrated:0.53075
mentor:0.53
indians:0.5295
bad ending:0.52925
weird:0.52825
visually appealing:0.52225
allegory:0.5115
visually stunning:0.5065
life philosophy:0.50625
fast paced:0.50525
twists & turns:0.5015
great:0.4935
weapons:0.492
existentialism:0.4905
surreal:0.48625
good soundtrack:0.477
intense:0.47225
catastrophe:0.468
grim:0.46275
obsession:0.453
beautiful scenery:0.4525
predictable:0.446
gritty:0.44375
greed:0.44325
shallow:0.44175
melancholic:0.441
wilderness:0.435
gory:0.43225
psychology:0.43175
scenic:0.43
psychological:0.4235
bleak:0.41925
entirely dialogue:0.415
hitman:0.4125
guns:0.41125
tricky:0.40775
stereotypes:0.40675
multiple storylines:0.4025
realistic:0.40175
visual:0.40175
bloody:0.399
social commentary:0.3975
nudity (topless - notable):0.39675
tense:0.388
interesting:0.388
plot twist:0.38775
forceful:0.3875
lone hero:0.38525
plot holes:0.3845
irish:0.38375
dramatic:0.3835
conspiracy:0.38125
pointless:0.379
life & death:0.37575
clever:0.37575
drinking:0.375
wartime:0.36875
spaghetti western:0.36875
good action:0.364
