splatter:0.99
horror:0.976
mad scientist:0.96425
gory:0.95825
cult classic:0.9355
weird:0.924
macabre:0.84475
creepy:0.84325
gruesome:0.803
sexualized violence:0.7965
bloody:0.765
original:0.76325
nudity (topless):0.76225
grindhouse:0.75125
dark humor:0.7425
cult:0.7375
special effects:0.7345
gore:0.702
insanity:0.68775
disturbing:0.68625
mentor:0.67975
based on a book:0.675
atmospheric:0.6735
monster:0.671
cult film:0.6585
strange:0.636
transformation:0.61925
sci fi:0.6185
effects:0.6145
sci-fi:0.611
brutality:0.60975
monsters:0.6095
violent:0.602
visceral:0.58825
scifi:0.5875
low budget:0.57325
stop motion:0.5695
blood:0.5685
great ending:0.56825
scary:0.56475
dark:0.56275
suspense:0.553
campy:0.544
demons:0.527
underrated:0.5085
supernatural:0.507
allegory:0.504
nocturnal:0.5005
great:0.48975
violence:0.48825
good soundtrack:0.485
graphic novel:0.46425
goofy:0.45875
visual:0.45575
tense:0.4505
adaptation:0.45025
story:0.44475
nudity (full frontal - notable):0.44325
psychological:0.443
bizarre:0.43825
great acting:0.43425
80s:0.4325
sexual:0.42875
zombie:0.41925
downbeat:0.41825
biting:0.416
dialogue:0.41475
obsession:0.40525
black comedy:0.40425
cinematography:0.40325
great movie:0.39775
serial killer:0.39525
catastrophe:0.3905
nudity (topless - notable):0.387
creativity:0.3865
mutants:0.3845
eerie:0.3815
powerful ending:0.37975
life philosophy:0.3785
dark fantasy:0.37575
paranoid:0.3755
social commentary:0.3735
weapons:0.37175
enigmatic:0.36925
classic car:0.36775
surreal:0.36725
claustrophobic:0.3665
grim:0.364
paranoia:0.36275
storytelling:0.362
sexy:0.35625
criterion:0.355
goretastic:0.3545
stylish:0.34725
hospital:0.3465
not funny:0.34525
melancholic:0.3445
harsh:0.34375
cerebral:0.3425
suprisingly clever:0.33975
