sequels:0.95775
ninja:0.89525
predictable:0.85425
original:0.81525
so bad it's funny:0.754
franchise:0.73675
adventure:0.6885
bad plot:0.68125
action:0.67625
sequel:0.66725
crappy sequel:0.6275
overrated:0.624
mentor:0.586
military:0.58125
family:0.56275
death:0.54
writers:0.53925
dialogue:0.53575
great ending:0.53325
good sequel:0.509
unusual plot structure:0.5075
pointless:0.50125
destiny:0.49825
first contact:0.486
fantasy:0.4845
story:0.48225
fight scenes:0.47825
based on a video game:0.4765
fantasy world:0.46775
weapons:0.46575
brutality:0.465
fun movie:0.4595
corruption:0.459
bad:0.45275
series:0.4465
storytelling:0.442
runaway:0.435
shallow:0.43475
disaster:0.42975
stupid as hell:0.4265
russia:0.42425
sci fi:0.41975
fun:0.41375
not funny:0.409
cult film:0.39925
adapted from:comic:0.393
silly fun:0.3895
silly:0.386
catastrophe:0.3855
airplane:0.385
entirely dialogue:0.3845
violent:0.37725
vengeance:0.3715
violence:0.36525
dreamlike:0.359
redemption:0.35775
alternate reality:0.35675
complex:0.35425
adaptation:0.354
quirky:0.35375
nocturnal:0.3535
happy ending:0.3525
special effects:0.3505
nudity (full frontal - brief):0.3495
super-hero:0.34925
science fiction:0.34775
bad cgi:0.34375
transformation:0.34325
nostalgia:0.34075
big budget:0.33975
good:0.3385
satirical:0.33325
lone hero:0.33275
natural disaster:0.3325
horrible:0.3325
pornography:0.33225
pg-13:0.33
surreal:0.326
romantic:0.3195
camp:0.31775
slapstick:0.31675
boring:0.31525
passionate:0.31325
nudity (rear):0.30925
whimsical:0.308
life & death:0.30575
animals:0.3045
humorous:0.304
action packed:0.303
suspense:0.302
dysfunctional family:0.3015
idiotic:0.30125
crude humor:0.30025
alter ego:0.29725
multiple storylines:0.296
based on a book:0.294
parallel universe:0.2925
unfunny:0.29175
male nudity:0.2915
criterion:0.29125
