gay character:0.99625
gay:0.99575
queer:0.98
homosexuality:0.9785
coming of age:0.97575
adolescence:0.96075
homophobia:0.93975
glbt:0.88925
coming-of-age:0.87225
great ending:0.8715
teen:0.862
teenager:0.8365
stereotypes:0.83575
independent film:0.83325
loneliness:0.81775
high school:0.81675
teen movie:0.812
relationships:0.80425
based on a play:0.80075
bullying:0.78325
school:0.7795
segregation:0.77375
teens:0.77025
good soundtrack:0.76625
teenagers:0.743
bittersweet:0.74125
realistic:0.73425
sexuality:0.72725
original:0.71625
friendship:0.71375
england:0.691
happy ending:0.67525
unlikely friendships:0.675
pornography:0.67175
love story:0.663
excellent script:0.6615
sexual:0.6475
male nudity:0.63825
touching:0.635
mentor:0.62425
romance:0.62
british:0.6105
great acting:0.6005
dialogue:0.59525
girlie movie:0.584
depression:0.58175
poignant:0.571
childhood:0.56
aids:0.5555
social commentary:0.54775
intimate:0.54575
betrayal:0.5415
culture clash:0.53825
downbeat:0.53475
love:0.53425
life philosophy:0.53375
drama:0.5335
good:0.53025
indie:0.528
honest:0.52425
storytelling:0.5235
secrets:0.52275
very interesting:0.51975
melancholic:0.5195
geeks:0.518
idealism:0.50725
romantic:0.507
small town:0.50625
suprisingly clever:0.504
feel-good:0.5035
women:0.50025
awesome soundtrack:0.491
story:0.489
passionate:0.48775
obsession:0.4855
good acting:0.4835
interesting:0.47875
vengeance:0.46975
powerful ending:0.46925
great:0.463
lesbian:0.46075
identity:0.46
reflective:0.45875
fun movie:0.45725
runaway:0.45375
character study:0.4535
beautiful scenery:0.453
sentimental:0.4485
destiny:0.44775
golden palm:0.4415
affectionate:0.43975
writers:0.4375
london:0.433
beautifully filmed:0.43275
revenge:0.43225
cross dressing:0.42875
criterion:0.42725
compassionate:0.42625
sexualized violence:0.42525
prejudice:0.42375
