iran:0.9245
desert:0.8685
independent film:0.80375
visually appealing:0.754
islam:0.746
brutality:0.7355
censorship:0.70375
harsh:0.69625
satirical:0.679
original:0.65825
slow:0.6275
criterion:0.60075
melancholic:0.59825
pointless:0.593
absurd:0.58575
life & death:0.569
cinematography:0.54925
good soundtrack:0.541
nudity (full frontal - notable):0.53675
intimate:0.535
visual:0.51875
stranded:0.51425
enigmatic:0.51025
isolation:0.5085
indie:0.5055
surreal:0.497
scenic:0.49425
gunfight:0.47025
humorous:0.46475
surrealism:0.4635
allegory:0.449
loneliness:0.4485
reflective:0.4485
mentor:0.44675
women:0.441
revenge:0.4405
boat:0.4405
multiple storylines:0.4385
tragedy:0.4375
complex:0.43525
dreams:0.43075
simple:0.4295
dialogue:0.42875
catastrophe:0.4235
shallow:0.42075
workplace:0.4085
story:0.40425
crime gone awry:0.403
god:0.38875
artsy:0.381
solitude:0.38025
nudity (full frontal - brief):0.37975
art:0.377
graphic novel:0.37575
great ending:0.37275
confusing:0.37
thought-provoking:0.367
powerful ending:0.36625
melancholy:0.361
cynical:0.35725
existentialism:0.35075
twists & turns:0.33575
beautiful scenery:0.3345
suprisingly clever:0.334
ironic:0.332
prejudice:0.3315
notable nudity:0.326
guilt:0.326
golden palm:0.3245
nocturnal:0.3225
island:0.321
predictable:0.3155
french:0.31175
stylized:0.3115
male nudity:0.30925
dark:0.309
breathtaking:0.3085
unfunny:0.30725
humanity:0.30675
slow paced:0.3035
beautifully filmed:0.3015
better than the american version:0.3015
downbeat:0.3
philosophical:0.29575
adolescence:0.29275
visceral:0.2925
entirely dialogue:0.2915
wistful:0.28775
very funny:0.287
no dialogue:0.28675
visuals:0.285
psychological:0.28075
runaway:0.277
culture clash:0.27625
sexy:0.27375
religion:0.27325
not funny:0.27125
meditative:0.2705
foreign:0.2695
lone hero:0.26925
