remake:0.9775
special effects:0.96275
haunted house:0.949
ghosts:0.92925
scary:0.928
big budget:0.91675
bad cgi:0.9125
supernatural:0.87675
original:0.83025
bad acting:0.801
bad plot:0.77775
horror:0.758
effects:0.72125
predictable:0.707
horrible:0.694
dynamic cgi action:0.67125
pg-13:0.63575
catastrophe:0.61525
so bad it's funny:0.61425
great ending:0.6115
first contact:0.60425
computer animation:0.6025
natural disaster:0.59675
pointless:0.59275
lame:0.579
dialogue:0.57175
visually appealing:0.566
visual:0.56275
creepy:0.55175
bad ending:0.55075
silly:0.54025
story:0.53625
good:0.53525
gothic:0.52625
based on a book:0.5105
fantasy world:0.49975
suspense:0.49425
mentor:0.49125
destiny:0.48475
adaptation:0.48075
disaster:0.4765
dark fantasy:0.4565
frightening:0.45425
demons:0.42925
technology:0.42875
cgi:0.41425
shallow:0.407
bad:0.40325
bad script:0.40175
not funny:0.401
idiotic:0.401
visually stunning:0.39525
based on book:0.395
transformation:0.394
crappy sequel:0.39375
plot holes:0.393
mythology:0.392
psychological:0.39175
family:0.389
overrated:0.3875
great:0.38375
awful:0.38375
storytelling:0.379
fight scenes:0.37375
sci fi:0.37175
great acting:0.37025
fantasy:0.36975
franchise:0.36925
visuals:0.36875
cheesy:0.3685
witches:0.3545
fun movie:0.3535
ghosts/afterlife:0.35025
silly fun:0.3485
plot:0.34825
nudity (topless - notable):0.3435
entirely dialogue:0.34275
books:0.341
unfunny:0.33725
stupid:0.33675
goth:0.33675
bad science:0.3365
action packed:0.3285
ridiculous:0.3265
better than expected:0.32425
stupid as hell:0.32375
brutality:0.3225
chase:0.322
happy ending:0.32125
death:0.31675
lone hero:0.31625
action:0.31575
melancholic:0.3155
campy:0.30975
vengeance:0.307
witch:0.307
eerie:0.30675
mad scientist:0.30475
fun:0.30275
psychology:0.29875
