kids and family:0.97525
children:0.938
cute:0.93425
kids:0.919
based on a book:0.9155
fun:0.909
animation:0.877
computer animation:0.81925
original:0.81825
cute!:0.8125
childhood:0.80375
family:0.7855
adventure:0.758
monkey:0.731
cartoon:0.7115
animals:0.70425
sweet:0.692
entertaining:0.6795
feel good movie:0.67
good soundtrack:0.667
animal movie:0.66525
animated:0.653
books:0.63575
story:0.63325
fun movie:0.60075
adapted from:book:0.6
dialogue:0.58
culture clash:0.55425
whimsical:0.552
good:0.5465
mentor:0.5215
silly fun:0.51975
predictable:0.4975
adaptation:0.49475
great ending:0.49375
great:0.49275
storytelling:0.49175
humor:0.48475
light:0.484
pixar animation:0.47825
talking animals:0.46225
creativity:0.45725
feel-good:0.452
nostalgic:0.45175
not funny:0.444
tom clancy:0.4415
simple:0.437
silly:0.434
stylized:0.42675
humorous:0.4135
happy ending:0.40825
africa:0.4035
fantasy world:0.40325
oscar (best animated feature):0.39875
pg:0.39275
catastrophe:0.3905
visually stunning:0.38175
3d:0.3815
brutality:0.37175
vengeance:0.37075
grindhouse:0.36525
based on book:0.36025
product placement:0.35625
crude humor:0.35625
colourful:0.3525
jungle:0.3515
great movie:0.35075
redemption:0.3505
disney:0.35025
clever:0.34475
spelling bee:0.33
transformation:0.329
runaway:0.32525
book:0.32475
life philosophy:0.32125
slapstick:0.3195
pornography:0.31675
friendship:0.31675
cgi:0.31575
pg-13:0.31575
gangsters:0.312
love:0.302
good dialogue:0.30075
very funny:0.293
violence:0.293
heartwarming:0.2915
unfunny:0.2895
fantasy:0.289
overrated:0.2845
entirely dialogue:0.28075
first contact:0.28
imdb top 250:0.28
suprisingly clever:0.28
goofy:0.27875
witty:0.27725
adoption:0.277
twists & turns:0.27475
mad scientist:0.2705
fight scenes:0.2685
unlikely friendships:0.26825
