afterlife:0.99675
life & death:0.994
death:0.99375
natural disaster:0.903
storytelling:0.885
loneliness:0.83025
original:0.818
existentialism:0.8155
pg-13:0.7975
story:0.79475
supernatural:0.78675
cinematography:0.782
reflective:0.7545
emotional:0.73175
visually appealing:0.7235
plot:0.718
melancholic:0.70625
solitude:0.7015
destiny:0.701
philosophy:0.7005
life philosophy:0.69925
survival:0.69775
drama:0.68875
french:0.67775
catastrophe:0.65
touching:0.6425
thought-provoking:0.642
predictable:0.629
cerebral:0.628
powerful ending:0.6105
great ending:0.5985
first contact:0.59575
slow paced:0.58875
complex:0.5815
dialogue:0.57775
interesting:0.57725
social commentary:0.57525
technology:0.57425
tragedy:0.56975
philosophical:0.56875
depression:0.56825
meditative:0.568
special effects:0.56675
mentor:0.56225
redemption:0.55925
visually stunning:0.54175
france:0.53875
bad ending:0.537
pointless:0.536
good soundtrack:0.534
so bad it's funny:0.52875
bad acting:0.51625
intense:0.516
depressing:0.516
intellectual:0.5135
london:0.50525
absurd:0.504
life:0.5015
enigmatic:0.49725
doctors:0.49225
big budget:0.48325
shallow:0.4755
plot holes:0.4745
visual:0.47225
writers:0.47
humanity:0.46725
justice:0.463
paris:0.45575
weird:0.45525
happy ending:0.45025
sacrifice:0.4465
parallel universe:0.44025
greed:0.4225
sentimental:0.4205
fight scenes:0.417
disaster:0.4075
good:0.405
sci fi:0.39925
slow:0.3975
hospital:0.3945
sad:0.39225
suspense:0.39025
fantasy world:0.3885
allegory:0.38575
bittersweet:0.3815
culture clash:0.37675
dramatic:0.3765
relationships:0.37325
science:0.3725
better than expected:0.37175
mindfuck:0.36975
unusual plot structure:0.3625
psychological:0.35925
adaptation:0.359
adapted from:book:0.35475
guilt:0.351
very interesting:0.3495
dysfunctional family:0.34725
religion:0.34
bad plot:0.3395
