cartoon:0.95325
animation:0.832
action:0.812
fun movie:0.74225
original:0.7055
talking animals:0.7025
jungle:0.646
fun:0.6435
animals:0.5955
goofy:0.5865
slapstick:0.5425
family:0.54075
silly:0.53575
superheroes:0.5355
silly fun:0.525
predictable:0.5165
franchise:0.50925
dialogue:0.49575
super hero:0.49275
spying:0.47275
redemption:0.46575
product placement:0.451
catastrophe:0.44575
las vegas:0.43725
mentor:0.437
comedy:0.419
adventure:0.4155
nudity (full frontal - brief):0.40725
life philosophy:0.403
funny:0.39725
alter ego:0.39425
greed:0.3885
animal movie:0.3875
great ending:0.38725
good:0.384
monkey:0.3835
mad scientist:0.38175
adapted from:comic:0.38025
fight scenes:0.37725
fantasy world:0.37625
brothers:0.368
transformation:0.3665
computer animation:0.3655
adaptation:0.3635
very funny:0.3625
bad plot:0.358
funny as hell:0.355
overrated:0.3545
parody:0.353
great:0.35075
childhood:0.3495
idiotic:0.349
chase:0.34
stereotypes:0.33925
crude humor:0.3365
destiny:0.33025
road movie:0.33
special effects:0.32975
sci fi:0.325
classic:0.325
better than expected:0.32175
big budget:0.318
satirical:0.31725
so bad it's funny:0.3155
nostalgic:0.31425
cool:0.31
animated:0.3095
science fiction:0.30625
storytelling:0.305
first contact:0.30425
story:0.30275
kids:0.30225
island:0.29825
unfunny:0.29
bad cgi:0.29
spoof:0.28975
007:0.2855
clever:0.28525
lone hero:0.285
cult film:0.28225
runaway:0.28125
spy:0.277
affectionate:0.27225
superhero:0.271
good action:0.27075
brainwashing:0.26975
shallow:0.26875
comic:0.268
based on a tv show:0.268
sexy:0.2665
natural disaster:0.2625
lame:0.2605
brutality:0.26025
betrayal:0.26025
culture clash:0.258
humorous:0.25725
super-hero:0.257
based on a comic:0.25675
melancholic:0.25475
pg-13:0.25275
