hip hop:0.9925
documentary:0.877
death:0.872
murder:0.8645
very interesting:0.77575
corruption:0.759
journalism:0.7165
investigation:0.702
original:0.696
pornography:0.67
gangsters:0.626
guilt:0.62375
melancholic:0.62075
brutality:0.5875
police investigation:0.5645
greed:0.55425
runaway:0.5335
prison:0.53325
musicians:0.5285
good soundtrack:0.524
las vegas:0.48725
intimate:0.48325
music:0.48025
grindhouse:0.476
life & death:0.47225
culture clash:0.46675
obsession:0.4665
free to download:0.45625
narrated:0.4545
true story:0.444
criterion:0.44275
sexual:0.4395
musical:0.43925
nudity (full frontal - notable):0.43025
great ending:0.42875
pointless:0.427
adaptation:0.417
mentor:0.408
capitalism:0.40625
catastrophe:0.405
death penalty:0.4045
world politics:0.3975
murder mystery:0.39525
talky:0.39375
dialogue:0.3705
not funny:0.37025
nocturnal:0.37
assassination:0.3675
sexualized violence:0.36725
corporate america:0.367
based on a play:0.36575
california:0.364
conspiracy theory:0.36125
adapted from:book:0.35675
factual:0.3565
oscar (best supporting actress):0.35625
violence:0.35375
storytelling:0.3495
crime gone awry:0.34325
bloody:0.34275
imdb top 250:0.336
enigmatic:0.33425
police corruption:0.334
lawyer:0.3325
visually appealing:0.327
kick-butt women:0.324
interracial romance:0.319
stylized:0.3185
first contact:0.31625
oscar (best actress):0.31425
bdsm:0.31425
classic car:0.31225
free speech:0.31175
weird:0.3105
disturbing:0.30925
nudity (full frontal - brief):0.3075
overrated:0.3045
good:0.303
predictable:0.2985
interesting:0.297
oscar (best directing):0.2935
loneliness:0.29175
social commentary:0.2915
drinking:0.29075
erotic:0.28725
quirky:0.2815
gangs:0.281
justice:0.281
life philosophy:0.27775
entirely dialogue:0.277
grim:0.27675
gangster:0.27625
queer:0.27575
unlikely friendships:0.2755
manipulation:0.2755
homeless:0.27225
harsh:0.271
macabre:0.26875
women:0.2655
brainwashing:0.26525
