amazing cinematography:0.95525
noir:0.92075
violent:0.88825
runaway:0.88075
tense:0.8755
criterion:0.851
film noir:0.83625
talky:0.81725
crime:0.80875
prison escape:0.7875
murder:0.7855
masterpiece:0.7855
original:0.75525
cinematography:0.752
imdb top 250:0.74225
harsh:0.7415
crime gone awry:0.71975
enigmatic:0.70625
directorial debut:0.70225
loneliness:0.69575
hotel:0.69475
dialogue:0.692
black and white:0.681
visceral:0.68
movielens top pick:0.6785
bittersweet:0.67725
unusual plot structure:0.66625
bank robbery:0.6605
stylish:0.659
stylized:0.6545
gangsters:0.6545
oscar (best directing):0.6455
sacrifice:0.644
affectionate:0.6425
destiny:0.6425
classic:0.63525
oscar (best supporting actress):0.63375
obsession:0.63025
suspense:0.62925
relationships:0.6255
light:0.62175
golden palm:0.612
atmospheric:0.60825
visually appealing:0.60775
forceful:0.5915
beautifully filmed:0.58875
claustrophobic:0.58675
downbeat:0.586
gangster:0.58375
based on book:0.58325
intense:0.581
creepy:0.5775
adapted from:book:0.5695
1970s:0.5645
morality:0.556
visual:0.55425
adolescence:0.54625
tragedy:0.54375
hitchcock:0.5425
heist:0.54
culture clash:0.53975
allegory:0.5395
romance:0.539
grindhouse:0.53475
desert:0.53375
reflective:0.531
intimate:0.51475
meditative:0.5145
california:0.51275
storytelling:0.51025
prison:0.50875
childhood:0.50625
melancholy:0.50525
oscar (best effects - visual effects):0.50325
drama:0.49975
melancholic:0.4885
gunfight:0.48625
afi 100 (movie quotes):0.4815
sentimental:0.481
1950s:0.48
highly quotable:0.48
mentor:0.479
sweet:0.4785
scenic:0.4785
dark:0.478
entirely dialogue:0.47775
road movie:0.47725
passionate:0.477
suprisingly clever:0.47625
adaptation:0.47325
hitman:0.47225
existentialism:0.469
police investigation:0.469
ironic:0.46625
great acting:0.464
cult classic:0.464
first contact:0.45725
grim:0.45075
story:0.4505
redemption:0.4475
