series:0.979
based on a book:0.97575
adapted from:book:0.94525
sci-fi:0.945
british comedy:0.92075
british:0.9065
based on book:0.90525
original:0.8975
books:0.8865
imagination:0.86775
space:0.8675
radio:0.8415
sci fi:0.836
satire:0.8115
scifi:0.80825
book:0.80275
witty:0.7985
narrated:0.7885
adaptation:0.77225
book was better:0.758
clever:0.75425
literature:0.748
mentor:0.74075
satirical:0.7225
visual:0.7215
1980s:0.7055
special effects:0.69625
hilarious:0.69575
interesting:0.691
artistic:0.68725
dialogue:0.6695
futuristic:0.666
weird:0.64075
computer animation:0.64
humor:0.638
good:0.63025
quotable:0.63
cerebral:0.6195
dolphins:0.6155
story:0.61475
science fiction:0.61275
fantasy world:0.61125
adventure:0.60375
secrets:0.60225
great ending:0.60025
androids:0.59875
absurd:0.58825
best of 2005:0.5795
classic:0.5765
immortality:0.5725
distopia:0.568
highly quotable:0.56775
great:0.5665
nostalgic:0.5615
very good:0.555
made for tv:0.5525
whimsical:0.552
aliens:0.54675
very interesting:0.54425
first contact:0.5385
humorous:0.53825
dark hero:0.5375
runaway:0.535
visually appealing:0.52475
gunfight:0.514
imdb top 250:0.5075
graphic novel:0.5065
brutality:0.50525
storytelling:0.49475
light:0.4935
england:0.4875
violent:0.4855
very funny:0.484
comedy:0.483
dark:0.481
effects:0.47875
franchise:0.477
sexualized violence:0.47675
complex:0.47425
talky:0.47225
paranoid:0.47175
social commentary:0.46925
justice:0.4645
sarcasm:0.461
great movie:0.4585
greed:0.454
criterion:0.45275
intelligent:0.44925
pornography:0.4465
london:0.443
earnest:0.44275
stylized:0.4385
silly:0.43375
catastrophe:0.4335
quirky:0.43075
murder:0.42825
cult film:0.42625
trilogy:0.42625
original plot:0.426
technology:0.421
