biopic:0.981
biographical:0.977
biography:0.968
computers:0.88775
technology:0.857
workplace:0.75325
pg-13:0.733
inspiring:0.72875
inspirational:0.722
original:0.7165
creativity:0.668
business:0.65425
true story:0.6445
history:0.57725
destiny:0.575
internet:0.56325
feel-good:0.551
life:0.54975
predictable:0.5495
catastrophe:0.54825
good:0.54525
mentor:0.53775
life philosophy:0.53475
story:0.53275
based on true story:0.49825
drinking:0.49375
based on a book:0.4895
entertaining:0.4685
great ending:0.4565
corporate america:0.45625
dramatic:0.44475
factual:0.436
cancer:0.428
greed:0.4205
transformation:0.41625
so bad it's funny:0.405
great:0.40075
adaptation:0.4005
drama:0.38975
life & death:0.38475
dialogue:0.38425
complex:0.3805
natural disaster:0.37075
storytelling:0.3675
writers:0.367
shallow:0.362
not funny:0.36175
better than expected:0.36025
death:0.3485
honest:0.34825
interesting:0.343
justice:0.34
revolution:0.33925
happy ending:0.33875
intense:0.3375
based on a true story:0.334
great acting:0.333
runaway:0.332
feel good movie:0.3315
college:0.3285
unlikely friendships:0.323
girlie movie:0.32275
us history:0.32275
bad plot:0.32275
california:0.31475
very interesting:0.30725
nudity (topless - notable):0.307
melancholic:0.30575
good soundtrack:0.30475
unfunny:0.29675
geeks:0.294
corruption:0.291
reflective:0.29075
first contact:0.2905
fun movie:0.2885
capitalism:0.2885
god:0.28575
childhood:0.28325
alone in the world:0.28
family:0.279
harsh:0.27675
historical:0.27625
culture clash:0.27525
adoption:0.275
lone hero:0.275
fashion:0.274
earnest:0.273
redemption:0.27275
quirky:0.27175
new jersey:0.2675
oscar (best supporting actress):0.26725
big budget:0.26575
obsession:0.26425
fight scenes:0.263
good acting:0.26275
passionate:0.262
suprisingly clever:0.2605
manipulation:0.26
art:0.25675
plot:0.25325
