weed:0.97875
hip hop:0.9355
idiotic:0.86575
lame:0.79225
drugs:0.7915
so bad it's funny:0.77975
stupidity:0.7685
pointless:0.76075
comedy:0.7535
stupid:0.74425
original:0.72975
funny as hell:0.7295
very funny:0.707
good soundtrack:0.695
horrible:0.69175
stupid as hell:0.65075
stoner movie:0.64325
pornography:0.6305
hilarious:0.62575
dumb:0.6205
bad acting:0.61575
goofy:0.60825
nudity (topless - notable):0.5935
stereotypes:0.56975
hillarious:0.56325
dialogue:0.5555
predictable:0.555
funny:0.5265
off-beat comedy:0.5235
parody:0.5155
great ending:0.50825
amy smart:0.508
unfunny:0.502
violence:0.4925
nudity (topless):0.49
dumb but funny:0.488
bad:0.4815
brutality:0.47825
mentor:0.47775
cars:0.4765
bad plot:0.474
satire:0.4735
musicians:0.4685
crude humor:0.44175
gangsters:0.418
nudity (full frontal - notable):0.41025
absurd:0.4095
catastrophe:0.4005
blaxploitation:0.39925
plot:0.39875
corruption:0.39625
stylized:0.3925
shallow:0.38375
teen movie:0.378
visually appealing:0.37725
sexualized violence:0.373
weird:0.37275
silly:0.37
better than expected:0.36525
notable nudity:0.36375
multiple storylines:0.36
splatter:0.35875
entirely dialogue:0.35875
vengeance:0.35675
adaptation:0.35525
kidnapping:0.3545
god:0.35175
fight scenes:0.34875
buddy movie:0.34775
cool:0.3465
beer:0.3465
creativity:0.3435
police corruption:0.34325
sexy:0.342
redemption:0.34025
great:0.33575
nudity (full frontal - brief):0.335
life philosophy:0.3345
fantasy world:0.333
writers:0.3325
marijuana:0.3305
first contact:0.327
visual:0.3265
storytelling:0.32575
social commentary:0.32375
melancholic:0.32325
story:0.32275
sarcasm:0.321
lone hero:0.321
nocturnal:0.3185
good music:0.3155
very interesting:0.315
harsh:0.31475
good:0.31375
saturday night live:0.31225
crazy:0.312
sci fi:0.30925
humorous:0.307
runaway:0.30675
silly fun:0.3055
