peter pan:0.9685
london:0.91775
adventure:0.87475
fantasy world:0.86225
modern fantasy:0.85675
visually stunning:0.8545
pirates:0.83825
dark fantasy:0.8095
story:0.7925
magic:0.7855
so bad it's funny:0.753
fantasy:0.74075
teen movie:0.73925
original:0.71675
fairy tale:0.7035
prequel:0.65825
destiny:0.63275
special effects:0.623
mythology:0.61975
visuals:0.60475
predictable:0.5985
plot holes:0.59025
visual:0.5835
swashbuckler:0.56825
immortality:0.5635
betrayal:0.56075
big budget:0.55125
childhood:0.54925
visually appealing:0.54525
storytelling:0.53575
3d:0.52875
bad acting:0.517
great ending:0.51025
dialogue:0.502
creativity:0.4965
british:0.4945
cgi:0.4805
franchise:0.48025
catastrophe:0.47425
pg-13:0.47425
first contact:0.46875
good soundtrack:0.45075
treasure:0.44475
whimsical:0.4335
steampunk:0.42775
adaptation:0.425
horrible:0.421
natural disaster:0.41225
jesus:0.4065
18th century:0.40425
action:0.40375
fun:0.394
mentor:0.39375
runaway:0.38525
bad plot:0.377
not funny:0.37025
bad cgi:0.354
imagination:0.35175
absurd:0.34775
brutality:0.3425
teen:0.33825
fight scenes:0.338
remake:0.3345
sci fi:0.334
beautiful scenery:0.3295
based on a book:0.32475
good:0.31925
orphans:0.31725
overrated:0.316
writers:0.3125
transformation:0.31025
weird:0.305
kids and family:0.302
culture clash:0.302
greed:0.3
better than expected:0.299
brainwashing:0.29775
good versus evil:0.2925
unlikely friendships:0.29225
bad:0.286
slapstick:0.28
life philosophy:0.27625
idiotic:0.276
indians:0.27525
parallel universe:0.27125
pointless:0.271
treasure hunt:0.27
family:0.26925
fairy tales:0.26775
campy:0.267
quirky:0.26625
good action:0.26425
scifi:0.26275
lone hero:0.2615
children:0.2595
shallow:0.25625
crappy sequel:0.256
too short:0.255
entirely dialogue:0.2535
great:0.25275
