futuristic:0.9965
mars:0.99425
future:0.994
sci-fi:0.99325
arnold:0.99275
science fiction:0.992
scifi:0.99125
sci fi:0.99125
action:0.984
space travel:0.961
special effects:0.9545
memory:0.933
cyberpunk:0.93275
good action:0.9285
violence:0.925
virtual reality:0.92375
alternate reality:0.92
visually appealing:0.907
philip k. dick:0.903
mutants:0.8955
conspiracy:0.89425
technology:0.89075
visual:0.885
cyborgs:0.88275
dystopic future:0.88175
chase:0.87975
violent:0.87075
adventure:0.86225
original plot:0.847
clones:0.84625
dystopia:0.84575
007 (series):0.836
original:0.8215
fight scenes:0.81775
fast paced:0.80225
suspense:0.79625
story:0.788
good:0.78175
visually stunning:0.77325
action packed:0.7665
big budget:0.75225
complex:0.74975
quotable:0.7435
dreams:0.7365
weapons:0.73225
mentor:0.7285
cloning:0.726
cerebral:0.71875
fun movie:0.7095
amazing cinematography:0.70175
twists & turns:0.69875
great movie:0.698
bad science:0.6925
apocalypse:0.68775
effects:0.684
rebellion:0.676
plot twist:0.675
secrets:0.6735
great:0.673
memory loss:0.6725
dialogue:0.67
storytelling:0.65475
android(s)/cyborg(s):0.65475
cool:0.653
realistic action:0.6485
end of the world:0.648
thriller:0.64675
lone hero:0.64275
first contact:0.63325
fighting:0.62725
suspenseful:0.62525
80s:0.62025
destiny:0.61925
visceral:0.61425
identity:0.61375
transformation:0.60275
dynamic cgi action:0.59925
good versus evil:0.595
great ending:0.58675
alternate universe:0.58475
cult film:0.56675
entertaining:0.5665
good acting:0.56575
intense:0.56125
cult classic:0.5595
distopia:0.55575
spying:0.55325
espionage:0.55025
excellent:0.54825
science:0.5475
dark hero:0.546
existentialism:0.54275
fantasy:0.5375
catastrophe:0.53675
plot:0.53625
man versus machine:0.53575
androids:0.535
terrorism:0.5335
gunfight:0.532
vengeance:0.5305
