relationships:0.9945
road trip:0.9665
independent film:0.93375
intimate:0.848
loneliness:0.78125
marriage:0.768
existentialism:0.73775
life philosophy:0.72
low budget:0.71625
indie:0.70225
road movie:0.6305
original:0.566
melancholic:0.56225
entirely dialogue:0.53525
dialogue:0.528
solitude:0.527
good soundtrack:0.5145
quirky:0.50275
honest:0.50225
criterion:0.486
beer:0.44825
hotel:0.4395
social commentary:0.4355
golden palm:0.42975
catastrophe:0.42075
bleak:0.41425
weird:0.412
so bad it's funny:0.4
excellent script:0.38575
dysfunctional family:0.37875
brothers:0.37325
talky:0.373
bittersweet:0.36875
pointless:0.3655
grindhouse:0.36125
storytelling:0.361
shallow:0.36075
runaway:0.35875
romance:0.3505
small town:0.34725
mentor:0.34725
ironic:0.33175
nudity (topless - notable):0.3235
reflective:0.322
culture clash:0.32125
great ending:0.3135
dialogue driven:0.31325
happy ending:0.30625
crime gone awry:0.30475
suprisingly clever:0.3015
pornography:0.29025
multiple storylines:0.28775
male nudity:0.28625
melancholy:0.28625
writers:0.28575
nudity (full frontal - notable):0.28275
cinematography:0.2785
great acting:0.2765
romantic:0.276
sarcasm:0.2715
unfunny:0.2665
very funny:0.26575
emotional:0.26525
drinking:0.265
stylized:0.2615
good dialogue:0.25925
childhood:0.25525
slackers:0.25325
art house:0.2505
shopping:0.2475
harsh:0.24625
depression:0.246
infidelity:0.246
not funny:0.2455
brutality:0.24175
thought-provoking:0.24125
drama:0.2355
character study:0.235
fantasy world:0.228
stylish:0.222
lone hero:0.2175
movielens top pick:0.21525
artist:0.21375
overrated:0.20325
love story:0.203
horrible:0.20075
betrayal:0.2005
life & death:0.19975
adaptation:0.197
bad acting:0.19675
surreal:0.19575
crude humor:0.19425
visually appealing:0.19375
death:0.1925
cancer:0.19175
passionate:0.1895
black comedy:0.189
writing:0.18875
enigmatic:0.188
best of 2005:0.186
