crime gone awry:1.0
non-linear:0.9525
tense:0.93475
social commentary:0.918
great acting:0.9045
complex:0.892
greed:0.8895
betrayal:0.87875
crime:0.86075
original:0.8335
intense:0.8305
visually appealing:0.825
storytelling:0.8115
nudity (topless - notable):0.81
death:0.8045
tragedy:0.7985
drama:0.79575
bleak:0.773
heist:0.77025
violence:0.75875
downbeat:0.75675
relationships:0.743
family drama:0.7315
dysfunctional family:0.73125
guilt:0.727
dramatic:0.7255
twists & turns:0.72325
nonlinear:0.71725
character study:0.7155
cerebral:0.7125
brothers:0.70975
weird:0.70075
ensemble cast:0.67975
depression:0.6585
brutality:0.65675
story:0.6555
enigmatic:0.65175
dark:0.645
psychological:0.644
good acting:0.6425
violent:0.64
sexualized violence:0.637
visceral:0.6365
thriller:0.6365
great ending:0.629
melancholic:0.62875
plot twist:0.62725
loneliness:0.6255
dark humor:0.625
corruption:0.62375
grim:0.61975
secrets:0.6185
stylish:0.618
excellent script:0.61525
robbery:0.61125
interesting:0.61075
oscar (best directing):0.60825
psychology:0.608
golden palm:0.605
gangsters:0.59975
suspense:0.5945
dialogue:0.594
cinematography:0.59075
realistic:0.5835
forceful:0.5815
harsh:0.58075
narrated:0.57875
adultery:0.5765
exceptional acting:0.576
complicated:0.57325
talky:0.573
gratuitous violence:0.56775
independent film:0.5675
good soundtrack:0.56525
catastrophe:0.5625
imdb top 250:0.56125
obsession:0.55375
redemption:0.54775
criterion:0.54525
runaway:0.54375
pornography:0.54375
surveillance:0.54075
depressing:0.54075
moral ambiguity:0.5275
gritty:0.524
paranoid:0.5145
caper:0.51425
murder:0.51125
intimate:0.51075
nudity (full frontal - brief):0.50525
masterpiece:0.50525
drugs:0.4875
suburbia:0.486
emotional:0.48575
drinking:0.48375
twist:0.48375
nudity (full frontal - notable):0.48275
manipulation:0.47975
life philosophy:0.47525
disturbing:0.46875
