teen:0.997
teen movie:0.9925
high school:0.991
teens:0.97225
virginity:0.965
cheerleading:0.9605
comedy:0.95125
adolescence:0.94525
pornography:0.93375
male nudity:0.92475
teenager:0.922
geeks:0.90425
sex comedy:0.89625
80s:0.88575
teenagers:0.8825
nudity (full frontal - notable):0.87725
funniest movies:0.86725
funny:0.8315
nudity:0.82025
nudity (full frontal):0.80775
humor:0.79075
sexual:0.7855
hilarious:0.78025
revenge:0.7795
very funny:0.7705
stereotypes:0.7625
foul language:0.76175
original:0.76075
sex:0.75925
1980s:0.74725
goofy:0.7405
cult film:0.7255
road trip:0.72475
fun movie:0.724
nudity (topless - notable):0.69775
pg-13:0.694
good soundtrack:0.69275
humorous:0.692
dumb:0.6815
notable nudity:0.67675
crude humor:0.67675
beer:0.67675
funny as hell:0.6685
coming of age:0.65825
stupidity:0.654
bullying:0.652
dumb but funny:0.64675
school:0.633
coming-of-age:0.631
nerds:0.62575
silly fun:0.62525
sexy:0.61025
nostalgic:0.60425
lame:0.59375
franchise:0.5865
silly:0.581
stupid as hell:0.575
violence:0.575
nudity (topless):0.57475
amy smart:0.57375
anti-semitism:0.56775
vengeance:0.563
brutality:0.561
teacher:0.55225
predictable:0.54275
nocturnal:0.5415
dialogue:0.54
sexualized violence:0.53775
great ending:0.52725
guilty pleasure:0.52675
awesome soundtrack:0.52525
hillarious:0.52225
shallow:0.5165
gross-out:0.51575
fun:0.50775
geek:0.50725
overrated:0.50675
stupid:0.50625
stoner movie:0.505
story:0.504
cult classic:0.49975
nudity (full frontal - brief):0.48375
chase:0.483
runaway:0.4765
mentor:0.46375
storytelling:0.45975
camp:0.458
so bad it's funny:0.457
unfunny:0.454
harsh:0.44325
fantasy:0.43975
strippers:0.42825
pointless:0.42625
catastrophe:0.42275
good:0.4115
drinking:0.40975
nostalgia:0.40725
classic:0.40275
quotable:0.392
highly quotable:0.39125
