fun movie:0.94375
silly:0.8985
comedy:0.881
silly fun:0.84725
80s:0.829
screwball comedy:0.7695
original:0.76125
fun:0.7525
goofy:0.7415
buddy movie:0.72425
predictable:0.721
spying:0.704
so bad it's funny:0.6585
ridiculous:0.62825
camp:0.622
entertaining:0.61725
cold war:0.607
light:0.597
campy:0.5875
cult film:0.584
stupid:0.58325
spies:0.5765
fantasy:0.57175
special effects:0.56375
dumb but funny:0.55675
mentor:0.5545
bad plot:0.53125
lone hero:0.51775
dance:0.51175
corny:0.5
teen movie:0.49725
crude humor:0.488
overrated:0.487
great ending:0.47725
stupid as hell:0.47425
quirky:0.4735
fight scenes:0.4565
gangsters:0.455
catastrophe:0.44825
nostalgia:0.44475
very funny:0.4445
pg-13:0.443
finnish:0.44275
based on a video game:0.43925
family:0.4385
bad:0.43675
ninja:0.4265
dumb:0.425
underdog:0.425
natural disaster:0.4245
indians:0.414
big budget:0.406
weapons:0.40375
splatter:0.40225
spoof:0.39925
chase:0.393
fantasy world:0.387
redemption:0.38675
nerds:0.38275
sarcasm:0.36975
spy:0.366
funny:0.365
grindhouse:0.364
satirical:0.36375
stupidity:0.362
storytelling:0.3605
happy ending:0.36
romance:0.3595
pornography:0.359
bad science:0.3585
dialogue:0.353
adventure:0.35275
good soundtrack:0.34875
brutality:0.348
destiny:0.344
adapted from:comic:0.33775
action packed:0.33075
slapstick:0.3305
lame:0.33025
nudity (full frontal - brief):0.33
good action:0.31775
sci fi:0.317
first contact:0.31375
boring:0.31225
runaway:0.31175
vengeance:0.30925
adaptation:0.3085
good:0.3065
disaster:0.30575
cult classic:0.30575
unusual plot structure:0.30425
russia:0.30075
shallow:0.29975
golf:0.29925
simple:0.29825
solitude:0.29475
comics:0.294
unfunny:0.2935
cheesy:0.29
suprisingly clever:0.28975
