splatter:0.924
grindhouse:0.83875
nudity:0.81175
nudity (full frontal - notable):0.80125
1930s:0.75175
pornography:0.74925
nudity (full frontal):0.73575
sexy:0.7235
original:0.722
gangsters:0.70875
goofy:0.70625
criterion:0.65475
road movie:0.627
camp:0.6255
teen movie:0.6155
fun movie:0.58925
teens:0.58825
campy:0.57325
bloody:0.5705
dialogue:0.5675
sexual:0.56675
silly:0.56625
violence:0.55525
predictable:0.54675
lone hero:0.545
silly fun:0.5295
pointless:0.52
kidnapping:0.514
irreverent:0.50125
cult film:0.48825
family:0.481
brutality:0.4715
mentor:0.46525
adaptation:0.46125
goretastic:0.4385
gangster:0.43525
nudity (full frontal - brief):0.4285
mad scientist:0.4255
unusual plot structure:0.42525
death:0.4175
sexualized violence:0.412
erotic:0.4115
free speech:0.4105
bad plot:0.407
entirely dialogue:0.405
first contact:0.40325
gangs:0.39425
overrated:0.393
great ending:0.38925
slapstick:0.38825
demons:0.385
catastrophe:0.38475
slasher:0.384
quirky:0.38225
cars:0.3815
sci fi:0.37475
action:0.3745
action packed:0.37125
cult classic:0.369
runaway:0.36775
fun:0.3655
entertaining:0.3595
80s:0.3565
not funny:0.352
stylized:0.3455
stereotypes:0.34425
male nudity:0.34125
idiotic:0.33875
crime gone awry:0.335
big budget:0.3315
depression:0.3315
bad acting:0.32025
car chase:0.3195
sci-fi:0.31675
sisters:0.3165
1970s:0.312
so bad it's funny:0.309
crime:0.306
harsh:0.30575
justice:0.30575
pulp:0.30525
vengeance:0.3045
scifi:0.302
redemption:0.29925
melancholic:0.29625
imdb top 250:0.2945
monster:0.28825
california:0.28475
fantasy world:0.28375
science fiction:0.28175
boring:0.27975
passionate:0.2775
fight scenes:0.2775
virginity:0.27475
adolescence:0.274
stupidity:0.274
good action:0.2725
betrayal:0.2715
low budget:0.2705
light:0.26825
