great:0.73725
life philosophy:0.694
fun movie:0.684
mentor:0.65975
great movie:0.6515
comedy:0.5775
original:0.5525
very funny:0.525
goofy:0.5235
transformation:0.49875
quotable:0.466
runaway:0.46375
grindhouse:0.42175
good soundtrack:0.415
catastrophe:0.41375
con men:0.41325
art:0.41075
ensemble cast:0.4035
highly quotable:0.3995
criterion:0.398
greed:0.392
fun:0.39
adaptation:0.38675
slapstick:0.3695
silly fun:0.36875
life & death:0.36175
suprisingly clever:0.346
buddy movie:0.335
weapons:0.3345
classic car:0.32075
movielens top pick:0.3205
cheating:0.31975
great ending:0.31825
classic:0.312
funniest movies:0.30875
not funny:0.298
nostalgic:0.28975
screwball:0.285
chase:0.2825
nudity (full frontal - notable):0.27975
perfect:0.2775
entirely dialogue:0.2735
biographical:0.273
con artists:0.272
dialogue:0.272
cult classic:0.26875
light:0.2655
oscar (best supporting actress):0.26475
good:0.26275
80s:0.26025
great cinematography:0.26025
complex:0.252
drama:0.251
unusual plot structure:0.25075
melancholic:0.24975
cerebral:0.24925
1960s:0.24925
lone hero:0.2455
culture clash:0.23925
storytelling:0.231
excellent:0.23075
golden palm:0.23
british:0.22975
brutality:0.22575
quirky:0.225
nudity (full frontal - brief):0.2225
ironic:0.216
witty:0.216
police investigation:0.214
oscar winner:0.21325
drinking:0.213
honest:0.20975
oscar (best directing):0.20875
heist:0.20525
gambling:0.205
twists & turns:0.20425
oscar (best actress):0.20375
earnest:0.1985
biopic:0.1975
doctors:0.19675
intimate:0.1965
loneliness:0.19225
redemption:0.19075
splatter:0.189
censorship:0.189
corruption:0.188
unfunny:0.18725
romance:0.187
talky:0.1825
exceptional acting:0.18225
poker:0.1805
first contact:0.18025
imdb top 250:0.1795
farce:0.179
crime gone awry:0.178
clever:0.17775
sexy:0.174
romantic:0.1735
crude humor:0.17075
dramatic:0.17
