france:0.98225
french:0.98075
nostalgic:0.96
childhood:0.9565
beautifully filmed:0.8925
affectionate:0.892
coming of age:0.85675
paris:0.824
foreign:0.82175
beautiful scenery:0.76775
heartwarming:0.762
cinematography:0.75
family drama:0.7435
reflective:0.741
storytelling:0.73375
oscar (best foreign language film):0.733
narrated:0.731
biographical:0.722
criterion:0.7195
unusual plot structure:0.70175
love:0.69
culture clash:0.6715
unlikely friendships:0.6695
breathtaking:0.65625
mentor:0.64175
adolescence:0.64
runaway:0.639
friendship:0.63775
beautiful:0.61925
touching:0.61525
idealism:0.612
original:0.608
great:0.60375
intimate:0.6035
poetry:0.60125
melancholic:0.5965
masterpiece:0.59575
whimsical:0.59525
suprisingly clever:0.5565
life philosophy:0.54225
fight scenes:0.53925
bittersweet:0.5345
story:0.5305
dysfunctional family:0.5275
school:0.52575
life:0.52225
talky:0.521
parenthood:0.51975
holiday:0.513
enigmatic:0.5055
melancholy:0.505
lyrical:0.496
eccentricity:0.4805
visually stunning:0.479
destiny:0.4775
amazing photography:0.47675
family:0.475
depression:0.47325
imdb top 250:0.46725
wistful:0.45925
chase:0.458
books:0.458
meditative:0.4565
allegory:0.454
self discovery:0.45325
teacher:0.45275
visually appealing:0.44525
simple:0.44275
scenic:0.44225
good soundtrack:0.438
catastrophe:0.437
sentimental:0.4305
great ending:0.42925
loneliness:0.42275
children:0.417
relationships:0.406
poignant:0.40575
dramatic:0.40175
stunning:0.399
sweet:0.39875
atmospheric:0.3955
classic car:0.3925
amazing cinematography:0.38925
golden palm:0.38825
harsh:0.3855
adapted from:book:0.37875
imagination:0.3775
good:0.3735
fantasy world:0.3725
movielens top pick:0.372
memory:0.3605
oscar (best directing):0.35925
literature:0.35475
dialogue:0.35425
period piece:0.35025
based on book:0.337
passionate:0.3345
adaptation:0.33325
family bonds:0.3305
creativity:0.3295
