oscar (best foreign language film):0.99225
russia:0.97325
russian:0.94775
foreign:0.945
bleak:0.925
depression:0.9155
social commentary:0.912
corruption:0.874
reflective:0.856
melancholic:0.85075
lawyer:0.8475
tragedy:0.8175
criterion:0.81475
cinematography:0.80925
drinking:0.80675
intimate:0.80275
suicide:0.75575
storytelling:0.75525
loneliness:0.74625
allegory:0.74425
political corruption:0.74125
meditative:0.738
idealism:0.7315
greed:0.7275
drama:0.7205
complex:0.72025
enigmatic:0.71525
cerebral:0.71225
betrayal:0.706
politics:0.69025
solitude:0.65075
family drama:0.64175
depressing:0.62675
guilt:0.61075
breathtaking:0.60875
original:0.601
dramatic:0.5935
sacrifice:0.5925
off-beat comedy:0.58475
harsh:0.57575
existentialism:0.56925
weird:0.5615
cold war:0.56125
golden palm:0.55825
political:0.557
small town:0.55025
oscar:0.545
talky:0.54175
beautiful scenery:0.5395
culture clash:0.5305
masterpiece:0.52875
relationships:0.5215
life & death:0.52075
slow paced:0.51675
brutality:0.51425
adultery:0.51275
thought-provoking:0.5125
poverty:0.51125
melancholy:0.50225
god:0.502
downbeat:0.493
great acting:0.489
alcoholism:0.4885
unusual plot structure:0.48825
satirical:0.48725
narrated:0.4705
catastrophe:0.46275
philosophical:0.46225
dark humor:0.4605
great ending:0.45675
emotional:0.4565
slow:0.449
islam:0.43725
bittersweet:0.434
twists & turns:0.434
honest:0.43325
mentor:0.43125
isolation:0.43075
suprisingly clever:0.42625
atmospheric:0.42475
oscar (best actress):0.42425
visually stunning:0.422
beautifully filmed:0.41125
affectionate:0.406
biblical:0.40375
infidelity:0.403
forceful:0.40225
artistic:0.40125
humanity:0.4
capitalism:0.3925
visually appealing:0.3925
police corruption:0.39225
marriage:0.3835
ethnic conflict:0.38175
justice:0.38125
photography:0.381
absurd:0.37725
beautiful:0.37725
redemption:0.37675
sad but good:0.37625
