mafia:0.99825
mob:0.93125
original:0.8555
friendship:0.84225
unlikely friendships:0.83475
gangsters:0.81225
mentor:0.7905
comedy:0.78075
great movie:0.77675
chase:0.7735
clever:0.76625
organized crime:0.76525
utopia:0.7285
story:0.706
greed:0.704
dialogue:0.698
paranoia:0.69025
great:0.68375
great ending:0.67475
cerebral:0.671
storytelling:0.65725
good soundtrack:0.63825
las vegas:0.63625
entertaining:0.63225
dreams:0.62975
casino:0.61425
betrayal:0.60925
great acting:0.609
light:0.6025
murder:0.60025
fun movie:0.59775
visually appealing:0.592
drama:0.5875
enigmatic:0.5845
tense:0.57225
life philosophy:0.57175
suprisingly clever:0.57125
quotable:0.571
talky:0.5595
psychological:0.5435
good:0.54125
goofy:0.53675
whimsical:0.52875
oscar (best supporting actress):0.5265
hitman:0.523
narrated:0.5175
destiny:0.51575
underrated:0.51225
complex:0.5095
redemption:0.5095
existentialism:0.50875
gangster:0.5055
twists & turns:0.49925
interesting:0.4985
imdb top 250:0.4985
gunfight:0.49075
unusual plot structure:0.48525
criterion:0.48025
excellent script:0.47975
dark:0.47875
cult classic:0.4775
feel-good:0.47575
witty:0.4755
oscar (best supporting actor):0.47525
caper:0.471
very good:0.46975
adventure:0.46775
masterpiece:0.4665
nocturnal:0.466
highly quotable:0.46325
con men:0.4625
off-beat comedy:0.46175
oscar (best writing - screenplay written directly for the screen):0.4615
very interesting:0.45725
prison:0.455
stylized:0.45475
fantasy world:0.4535
noir:0.45275
psychology:0.45175
classic:0.44925
crime gone awry:0.44025
loneliness:0.43925
hotel:0.43875
weird:0.43625
oscar (best directing):0.43175
relationships:0.43075
childhood:0.43075
transformation:0.42975
plot twist:0.42625
philosophy:0.42225
allegory:0.4175
suspense:0.41725
catastrophe:0.415
oscar winner:0.41425
classic car:0.4135
computer animation:0.411
pg-13:0.40925
dark hero:0.40675
realistic:0.40525
mental illness:0.4025
