rats:0.9745
remake:0.97175
creepy:0.94125
horror:0.9305
original:0.91225
dark fantasy:0.83875
weird:0.74275
disturbing:0.74225
goth:0.69575
stylish:0.68925
brutality:0.6885
revenge:0.685
scary:0.68
loneliness:0.67875
stylized:0.66375
cult classic:0.66225
sexualized violence:0.646
dark:0.63325
macabre:0.62425
cult film:0.61675
splatter:0.611
violence:0.6025
vengeance:0.5985
great ending:0.57525
dark humor:0.55525
dark comedy:0.5545
gothic:0.55375
psychology:0.55025
psychological:0.54675
gory:0.54625
insanity:0.53525
fun movie:0.523
workplace:0.5215
blood:0.521
unlikely friendships:0.50575
eerie:0.497
good soundtrack:0.4905
quirky:0.4895
amazing cinematography:0.476
storytelling:0.4555
nudity (full frontal - notable):0.4525
violent:0.45025
original plot:0.44825
suspense:0.44575
mentor:0.438
goofy:0.43425
serial killer:0.433
good:0.426
alternate reality:0.42375
greed:0.419
death:0.41775
harsh:0.41625
intense:0.416
adaptation:0.4135
pg-13:0.41225
cinematography:0.406
transformation:0.40075
catastrophe:0.3975
black comedy:0.39725
atmospheric:0.39625
demons:0.391
visually appealing:0.3905
great acting:0.3875
campy:0.38525
suspenseful:0.38425
great:0.384
predictable:0.3825
fantasy world:0.38
dialogue:0.373
pointless:0.368
obsession:0.36725
visual:0.36625
not funny:0.3635
gruesome:0.36075
dark hero:0.357
betrayal:0.3565
melancholic:0.3565
gore:0.356
grim:0.35325
friendship:0.3525
bad ending:0.351
pornography:0.34225
criterion:0.33525
monster:0.333
runaway:0.33125
narrated:0.32475
effects:0.323
visceral:0.31825
solitude:0.313
based on a book:0.313
ironic:0.30975
silly fun:0.3095
zombie:0.3095
interesting:0.30925
first contact:0.30825
character study:0.30475
clever:0.30325
redemption:0.30325
frightening:0.30325
special effects:0.30225
