vampire:0.97325
vampires:0.96825
creepy:0.94625
literary adaptation:0.90775
eerie:0.9075
goth:0.87725
melancholy:0.8565
atmospheric:0.85025
meditative:0.816
immortality:0.8135
original:0.806
visual:0.805
cinematography:0.7935
loneliness:0.77925
criterion:0.773
dreamlike:0.76325
melancholic:0.7625
classic:0.73025
surreal:0.728
cult classic:0.72675
remake:0.719
stylized:0.68675
silent:0.66975
masterpiece:0.6615
dark humor:0.6455
ominous:0.64525
insanity:0.642
adaptation:0.62525
nocturnal:0.62075
weird:0.61675
talky:0.60875
enigmatic:0.60175
gothic:0.59675
macabre:0.573
adapted from:book:0.569
life & death:0.56675
moody:0.56375
breathtaking:0.554
beautifully filmed:0.51825
visually appealing:0.517
dark:0.507
obsession:0.5045
dialogue:0.5025
black and white:0.50125
death:0.4925
photography:0.48225
harsh:0.4815
blood:0.4815
social commentary:0.48075
catastrophe:0.48075
visceral:0.4805
rats:0.47775
biting:0.472
oscar (best actress):0.4705
visually stunning:0.47025
german:0.469
good soundtrack:0.46675
transformation:0.46525
grindhouse:0.45575
cult film:0.45125
greed:0.45125
suprisingly clever:0.443
strange:0.43925
narrated:0.43775
existentialism:0.43225
scary:0.42925
downbeat:0.424
intimate:0.4195
grim:0.41825
horror:0.416
great ending:0.415
artistic:0.40925
bleak:0.409
storytelling:0.408
allegory:0.407
great:0.3985
slow:0.3795
sexy:0.37325
splatter:0.3695
beautiful scenery:0.36025
frightening:0.35925
stunning:0.35875
nudity (full frontal - notable):0.357
surrealism:0.3515
entirely dialogue:0.34425
1920s:0.34175
paranoid:0.3415
runaway:0.33925
mentor:0.33325
golden palm:0.33025
reflective:0.32875
character study:0.32425
not funny:0.32325
cerebral:0.322
imdb top 250:0.32175
brutality:0.32075
colourful:0.31875
pornography:0.31675
oscar (best supporting actress):0.3155
dreams:0.315
