visually appealing:0.9265
life & death:0.852
original:0.8335
philosophical:0.81
school:0.703
catastrophe:0.67825
very interesting:0.662
visually stunning:0.64025
intellectual:0.63325
so bad it's funny:0.63
apocalypse:0.60975
sacrifice:0.58325
pretentious:0.55725
bad plot:0.5365
bad script:0.51425
unusual plot structure:0.51225
natural disaster:0.49275
nuclear war:0.48425
life philosophy:0.48325
betrayal:0.481
mentor:0.4785
plot holes:0.4735
idiotic:0.46025
existentialism:0.45975
weird:0.457
pornography:0.4555
teacher:0.45325
great ending:0.44125
visuals:0.43625
bad cgi:0.43
first contact:0.4235
survival:0.419
internet:0.4185
lone hero:0.413
complex:0.4125
dialogue:0.4085
pointless:0.40525
predictable:0.40425
greed:0.40375
grindhouse:0.4025
psychology:0.40025
writers:0.3995
imagination:0.3975
philosophy:0.3955
destiny:0.39475
end of the world:0.394
teen:0.3905
ridiculous:0.38975
cinematography:0.383
not funny:0.37725
talky:0.3765
alter ego:0.37625
twist ending:0.37
shallow:0.3665
pg-13:0.361
humanity:0.35125
psychiatry:0.33125
adaptation:0.33125
story:0.32675
surveillance:0.31775
horrible:0.3145
awful:0.31175
allegory:0.31
post-apocalyptic:0.31
thought-provoking:0.30425
clever:0.30275
absurd:0.3015
parallel universe:0.301
manipulation:0.29925
happy ending:0.29925
beautiful scenery:0.292
kick-butt women:0.2905
psychological:0.288
disaster:0.28675
classic car:0.28625
no plot:0.28025
runaway:0.279
sci fi:0.2765
vengeance:0.2755
post apocalyptic:0.27425
gay character:0.26875
plot:0.26675
torture:0.25875
good:0.25825
fantasy:0.25225
death:0.2515
gay:0.2485
based on true story:0.24825
culture clash:0.24725
entirely dialogue:0.2445
romance:0.24
great:0.238
memory:0.235
tokyo:0.23475
metaphysics:0.23375
unlikeable characters:0.233
melancholic:0.23275
solitude:0.231
bad ending:0.23075
fight scenes:0.227
