psychological:0.9595
stylish:0.94725
dark:0.927
cinematography:0.9125
psychology:0.90375
weird:0.85525
enigmatic:0.851
serial killer:0.8465
vengeance:0.83975
obsession:0.837
disturbing:0.8315
original:0.81325
suspenseful:0.80625
violent:0.79625
mystery:0.7845
stylized:0.77225
insanity:0.7545
twists & turns:0.7515
visceral:0.72725
creepy:0.71175
twist:0.6925
secrets:0.6895
violence:0.68175
dysfunctional family:0.6735
macabre:0.66975
storytelling:0.661
visual:0.6575
tense:0.63525
loneliness:0.6335
brutality:0.63325
family drama:0.62575
melancholic:0.61075
thriller:0.60875
mental illness:0.59825
suspense:0.597
intense:0.59475
twist ending:0.594
erotic:0.58875
atmospheric:0.58575
criterion:0.579
very interesting:0.579
police investigation:0.5695
slow paced:0.56425
pornography:0.56375
intimate:0.56375
visually stunning:0.55975
art house:0.55575
surreal:0.547
complex:0.54225
parenthood:0.5415
sexualized violence:0.535
sexual abuse:0.5105
great ending:0.507
colourful:0.50675
revenge:0.5055
good soundtrack:0.5035
strange:0.50225
dialogue:0.50075
moody:0.5005
murder:0.4935
grim:0.4935
voyeurism:0.4715
beautiful:0.465
solitude:0.46175
culture clash:0.46175
visually appealing:0.46075
reflective:0.45625
identity:0.4535
allegory:0.45275
ominous:0.4475
runaway:0.446
mentor:0.44275
stunning:0.44175
cerebral:0.4375
claustrophobic:0.4345
death:0.43075
incest:0.43
creativity:0.4295
catastrophe:0.42675
story:0.42625
spiders:0.42625
character study:0.421
not funny:0.421
guilt:0.42
good acting:0.41475
eerie:0.41275
great cinematography:0.411
hitchcock:0.40675
plot:0.40325
adaptation:0.39975
exceptional acting:0.3995
slow:0.397
unusual plot structure:0.38875
bizarre:0.3885
interesting:0.38775
masterpiece:0.3875
assassination:0.38375
emotional:0.3795
gory:0.37525
beautifully filmed:0.37275
