voyeurism:0.9955
erotic:0.977
sexy:0.955
sexual:0.9465
murder mystery:0.92325
surveillance:0.846
pornography:0.83925
spying:0.806
mystery:0.7805
sex:0.77625
suspense:0.7755
awesome soundtrack:0.7715
suspenseful:0.7655
nudity (rear):0.724
obsession:0.6935
original:0.676
nudity (topless - notable):0.67175
predictable:0.6655
thriller:0.66175
bad plot:0.65625
police investigation:0.64475
identity:0.59075
murder:0.57825
sexuality:0.54
very interesting:0.539
psychological:0.5305
detective:0.52675
nudity (full frontal - brief):0.5255
nudity (topless):0.52325
shallow:0.51175
spies:0.511
plot:0.50375
great ending:0.50225
psychology:0.501
chase:0.49975
twist ending:0.497
internet:0.49525
catastrophe:0.4925
bad:0.48825
mentor:0.4775
adapted from:book:0.46325
death:0.46175
secrets:0.4615
so bad it's funny:0.45475
conspiracy:0.45125
based on a book:0.4505
silly:0.44225
first contact:0.432
reality tv:0.42775
natural disaster:0.421
spy:0.41725
twists & turns:0.41625
writers:0.41175
good:0.40975
camp:0.40925
big budget:0.4075
bad ending:0.401
complex:0.398
splatter:0.39775
bdsm:0.39175
violence:0.38825
dialogue:0.3855
nudity:0.38375
runaway:0.38125
passionate:0.3785
no plot:0.377
good soundtrack:0.374
nudity (full frontal - notable):0.3715
destiny:0.36875
story:0.363
based on book:0.3625
adaptation:0.36025
ridiculous:0.35825
absurd:0.355
guilt:0.353
not funny:0.34275
pointless:0.33725
funny as hell:0.334
conspiracy theory:0.33375
nudity (topless - brief):0.33125
lame:0.33075
sexualized violence:0.32925
manipulation:0.3235
life philosophy:0.323
twist:0.322
weird:0.3215
pulp:0.319
cinematography:0.313
pg-13:0.30925
great:0.30875
tense:0.3075
divorce:0.30375
great acting:0.3025
light:0.29675
blindness:0.292
vengeance:0.29
lawyer:0.28975
culture clash:0.28925
silly fun:0.28275
plot holes:0.2825
