based on a tv show:0.996
space:0.995
sci-fi:0.9945
scifi:0.99225
science fiction:0.98625
special effects:0.96975
space opera:0.96925
sci fi:0.96875
future:0.96475
space program:0.9595
big budget:0.9495
series:0.90425
space travel:0.902
futuristic:0.887
time travel:0.87675
original:0.852
first contact:0.821
franchise:0.78575
robots:0.766
robot:0.7635
adventure:0.7525
time loop:0.75125
predictable:0.713
catastrophe:0.7085
bad science:0.6905
silly:0.6885
science:0.6865
technology:0.67825
dysfunctional family:0.674
natural disaster:0.67225
family:0.6715
campy:0.668
plot holes:0.6665
bad script:0.65725
dynamic cgi action:0.65625
bad plot:0.6545
alien:0.64375
dialogue:0.631
alternate universe:0.628
action:0.6245
disaster:0.606
lame:0.6025
silly fun:0.59675
spiders:0.5925
visually appealing:0.59225
computer animation:0.5775
effects:0.5595
alternate reality:0.5555
horrible:0.5465
plot:0.545
bad acting:0.5395
surreal:0.53925
aliens:0.5365
alternate history:0.53475
mars:0.5255
destiny:0.525
bad cgi:0.52175
great ending:0.5215
story:0.51425
awesome soundtrack:0.5115
pg-13:0.50675
cyborgs:0.5045
immortality:0.5015
mentor:0.49625
cool:0.4915
sequel:0.491
script:0.49
good:0.47625
so bad it's funny:0.474
awful:0.4705
sequels:0.46925
camp:0.4645
product placement:0.462
intelligent sci-fi:0.456
mutants:0.44925
end of the world:0.44825
chase:0.4475
fun movie:0.43825
runaway:0.43425
television:0.43025
visual:0.4255
crappy sequel:0.4235
pointless:0.42075
shallow:0.42
dinosaurs:0.41525
cheesy:0.4115
action packed:0.4065
cerebral:0.40575
exciting:0.40025
great:0.396
doctors:0.396
adaptation:0.395
fight scenes:0.39325
visually stunning:0.387
original plot:0.379
life philosophy:0.37575
complex:0.3725
dreamlike:0.3705
weird:0.36675
cgi:0.36575
