comedy:0.94325
new york:0.93475
journalism:0.89875
plot:0.83225
new york city:0.82525
technology:0.81425
pg-13:0.76125
funny:0.746
original:0.74375
absurd:0.693
chase:0.6785
silly:0.67325
kidnapping:0.6725
good soundtrack:0.67075
story:0.657
very funny:0.65475
very interesting:0.64875
mindfuck:0.64125
first contact:0.6355
visually appealing:0.63175
weapons:0.62575
nudity (topless - brief):0.62525
interesting:0.62425
complex:0.62
satire:0.61775
nocturnal:0.6065
nudity (rear):0.60275
jungle:0.60025
goofy:0.59775
satirical:0.5975
nudity (topless - notable):0.58125
parody:0.581
vigilante:0.5805
shallow:0.57325
ethnic conflict:0.57
irish accent:0.5685
realistic:0.567
harsh:0.567
predictable:0.5635
dialogue:0.56175
ridiculous:0.555
doctors:0.5545
runaway:0.5505
catastrophe:0.547
latin america:0.543
culture clash:0.54225
claustrophobic:0.537
tricky:0.5365
sci fi:0.5345
effects:0.529
cancer:0.52775
big budget:0.526
pointless:0.52175
complicated:0.519
anti-hero:0.51275
stereotypes:0.5125
dark hero:0.51
violence:0.509
fantasy world:0.5015
storytelling:0.49475
quirky:0.49425
lone hero:0.4935
great ending:0.49
honest:0.48275
fight scenes:0.479
disaster:0.4785
adultery:0.475
cinematography:0.473
scifi:0.472
notable nudity:0.4685
conspiracy:0.467
comics:0.46675
crude humor:0.4655
mentor:0.455
psychological:0.451
entertaining:0.44975
bad plot:0.44925
propaganda:0.44575
enormously long battle scene:0.44175
cerebral:0.44125
sex:0.4385
nudity (topless):0.43775
destiny:0.43475
alter ego:0.4325
android(s)/cyborg(s):0.4295
dystopia:0.42875
guns:0.4285
melancholic:0.42325
sacrifice:0.4195
plot holes:0.4175
underrated:0.4175
idiotic:0.416
hilarious:0.41275
gangsters:0.4095
dumb:0.40525
gunfight:0.405
caper:0.4045
internet:0.4045
philip k. dick:0.40075
bad science:0.40075
