adultery:0.89375
love story:0.87175
love:0.86025
romantic:0.84875
relationships:0.84775
happy ending:0.82375
marriage:0.8015
destiny:0.79075
las vegas:0.7605
divorce:0.6925
nudity (topless - notable):0.6905
original:0.68275
greed:0.6795
good:0.66775
predictable:0.65425
romance:0.643
nudity (topless):0.63
sexy:0.629
money:0.57875
catastrophe:0.57675
passionate:0.56975
lawyer:0.55325
mentor:0.55275
shallow:0.544
powerful ending:0.5405
great ending:0.5395
natural disaster:0.539
plot:0.52925
cheating:0.52925
erotic:0.51275
girlie movie:0.511
interesting:0.50875
pg-13:0.50275
pornography:0.48575
betrayal:0.48425
complex:0.4725
dialogue:0.46575
manipulation:0.457
gambling:0.45625
sentimental:0.44625
very interesting:0.4425
prostitution:0.442
suspense:0.4295
life philosophy:0.42825
women:0.425
drama:0.4235
disaster:0.423
shopping:0.4205
lawyers:0.41725
notable nudity:0.40425
first contact:0.39975
capitalism:0.388
big budget:0.38675
not funny:0.385
romantic comedy:0.38325
good soundtrack:0.37575
bad ending:0.3745
sappy:0.36775
bad acting:0.36725
interracial romance:0.36725
chase:0.36575
so bad it's funny:0.36475
family:0.364
thought-provoking:0.3615
storytelling:0.358
great:0.35175
emotional:0.341
twists & turns:0.34075
beautiful scenery:0.337
entertaining:0.33675
obsession:0.33425
police investigation:0.3315
infidelity:0.33
internet:0.328
idiotic:0.3265
morality:0.3245
bad plot:0.3235
overrated:0.322
vengeance:0.32125
honest:0.31525
culture clash:0.312
conspiracy theory:0.30675
unusual plot structure:0.30675
excellent script:0.3035
oscar (best directing):0.30175
story:0.29725
california:0.296
justice:0.29475
melancholic:0.292
death:0.2915
brutality:0.291
action packed:0.2905
adaptation:0.2905
corruption:0.289
guilt:0.2885
clever:0.28675
action:0.286
writers:0.28275
entirely dialogue:0.2815
sexual:0.2805
