serial killer:0.99475
twists & turns:0.79175
vigilante:0.739
original:0.7195
conspiracy theory:0.6865
twist:0.681
police investigation:0.6785
suspenseful:0.671
thriller:0.66175
investigation:0.6595
psychological:0.65675
psychology:0.6565
murder:0.656
kidnapping:0.638
detective:0.60775
mentor:0.59425
obsession:0.5925
suspense:0.575
mystery:0.5665
brutality:0.55975
bad ending:0.547
predictable:0.538
fbi:0.52225
murder mystery:0.5145
very interesting:0.51325
pointless:0.513
tricky:0.51025
so bad it's funny:0.5055
cinematography:0.49525
torture:0.4795
visual:0.474
catastrophe:0.469
great ending:0.4515
twist ending:0.4415
supernatural:0.4415
justice:0.4355
dialogue:0.43525
disappointing:0.4345
good:0.43375
enigmatic:0.43125
not funny:0.4245
first contact:0.42
vigilantism:0.41375
plot:0.404
plot twist:0.403
pg-13:0.3995
intense:0.3885
plot holes:0.384
stylish:0.37925
story:0.37525
pornography:0.365
weird:0.35975
surprise ending:0.3575
interesting:0.3565
internet:0.35475
corruption:0.352
powerful ending:0.3495
adaptation:0.345
storytelling:0.34175
shallow:0.3325
violence:0.33075
mental illness:0.3305
absurd:0.32675
idiotic:0.321
identity:0.32025
bad plot:0.31525
horrible:0.31475
tense:0.31425
runaway:0.312
bad acting:0.30975
complex:0.30575
vengeance:0.303
good soundtrack:0.30275
fantasy world:0.2955
sexualized violence:0.2955
fight scenes:0.294
boring!:0.28625
clever:0.28575
alternate endings:0.2835
carrie-anne moss:0.2835
quirky:0.28025
disturbing:0.27525
cloning:0.27425
nudity (full frontal - brief):0.273
sci fi:0.273
creativity:0.272
chase:0.27075
bizarre:0.2705
awful:0.27025
stylized:0.269
visually appealing:0.26625
mindfuck:0.264
writers:0.2625
natural disaster:0.26175
hunting:0.2615
entirely dialogue:0.26075
crime:0.25975
secrets:0.25775
blindness:0.256
unfunny:0.25425
