scifi cult:0.99875
sci-fi:0.9885
space:0.982
alien:0.97775
aliens:0.97275
spoof:0.97175
scifi:0.9635
space opera:0.96225
parody:0.95225
comedy:0.94325
sci fi:0.94125
science fiction:0.92525
affectionate:0.886
fun movie:0.8705
based on a tv show:0.8115
original:0.8115
star trek:0.7995
humorous:0.77625
great:0.775
great movie:0.7575
special effects:0.739
satire:0.72875
funny:0.72575
adventure:0.7105
fun:0.709
great ending:0.706
clever:0.69575
hilarious:0.69475
sarcasm:0.66975
light:0.664
time loop:0.66175
series:0.645
quotable:0.63725
first contact:0.62775
humor:0.60875
good:0.5845
space program:0.5705
witty:0.56225
silly:0.562
franchise:0.55925
story:0.545
dialogue:0.541
silly fun:0.538
cerebral:0.53075
alien invasion:0.53
feel-good:0.51975
transformation:0.51875
visually appealing:0.51425
satirical:0.5125
weapons:0.51225
redemption:0.5095
space travel:0.505
superheroes:0.50075
very funny:0.49725
whimsical:0.48475
futuristic:0.46725
catastrophe:0.46625
excellent:0.45275
mentor:0.4515
excellent script:0.4475
ensemble cast:0.444
geeks:0.436
weird:0.43525
spock:0.4255
obsession:0.42425
chase:0.409
absurd:0.4085
funny as hell:0.406
television:0.40175
dramatic:0.385
goofy:0.38475
storytelling:0.38425
family:0.38425
earnest:0.382
very good:0.38125
imdb top 250:0.38075
creativity:0.38
fantasy:0.3785
pg-13:0.37625
entertaining:0.37425
original plot:0.37425
interesting:0.36825
oscar (best supporting actress):0.365
mars:0.36125
monster:0.361
cult classic:0.358
reality tv:0.35675
alter ego:0.35625
life philosophy:0.35425
geek:0.35325
destiny:0.3525
visual:0.3495
astronauts:0.34825
suprisingly clever:0.3465
feel good movie:0.3445
fantasy world:0.3425
oscar winner:0.3415
adaptation:0.33875
cult:0.33825
technology:0.3375
