spoof:0.998
parody:0.9975
teen movie:0.99325
cheerleading:0.9905
teen:0.9885
dumb but funny:0.97675
teens:0.966
high school:0.961
stupidity:0.954
funny as hell:0.93375
stupid:0.92875
silly fun:0.91475
comedy:0.909
geeks:0.893
funny:0.88225
hilarious:0.86625
dumb:0.83225
nudity (topless - notable):0.83125
virginity:0.8245
goofy:0.814
stereotypes:0.79975
funniest movies:0.796
crude humor:0.79375
fun movie:0.789
lame:0.75925
idiotic:0.7515
very funny:0.73975
teenagers:0.7335
teenager:0.73025
stupid as hell:0.72475
original:0.72
humorous:0.718
humor:0.696
80s:0.65775
male nudity:0.65625
silly:0.655
good soundtrack:0.64275
adolescence:0.63775
gross-out:0.6355
so bad it's funny:0.6345
nerds:0.60325
nudity (topless):0.582
road trip:0.57425
predictable:0.5635
pg-13:0.557
weed:0.549
pornography:0.54725
slapstick:0.544
catastrophe:0.52325
amy smart:0.51375
fun:0.506
saturday night live:0.48875
stoner movie:0.487
beer:0.47975
dialogue:0.47525
great ending:0.4735
absurd:0.46725
foul language:0.46575
pointless:0.44425
notable nudity:0.44275
geek:0.4395
writers:0.4355
ridiculous:0.431
satire:0.43025
satirical:0.41775
horrible:0.41675
school:0.413
mentor:0.413
bad:0.41075
fantasy world:0.408
shallow:0.39875
sex comedy:0.392
storytelling:0.39025
clever:0.38325
splatter:0.379
unfunny:0.3695
nudity:0.368
irreverent:0.36725
brutality:0.3395
mtv:0.33475
chase:0.33275
weird:0.327
overrated:0.32475
first contact:0.31425
spying:0.31175
good:0.30875
bad plot:0.30575
entirely dialogue:0.3035
fight scenes:0.303
franchise:0.3025
undercover cop:0.2995
adaptation:0.295
farce:0.29175
life philosophy:0.29175
story:0.291
weapons:0.287
sexy:0.287
hillarious:0.28125
runaway:0.28075
disaster:0.27925
