prison:0.9835
criterion:0.95825
bleak:0.95375
brutality:0.881
ireland:0.8535
political:0.8525
visceral:0.851
maze:0.84575
artistic:0.81575
dramatic:0.79975
golden palm:0.779
grim:0.761
enigmatic:0.75875
forceful:0.75075
brutal:0.7375
dialogue:0.728
loneliness:0.725
politics:0.713
runaway:0.71025
storytelling:0.70325
reflective:0.70325
intimate:0.69175
original:0.688
talky:0.68175
harsh:0.67725
dark:0.67625
art:0.6755
artist:0.6735
irish:0.66575
atmospheric:0.65775
sacrifice:0.65275
cinematography:0.65
life & death:0.64425
melancholic:0.64375
oscar (best actress):0.6395
pornography:0.63625
assassination:0.6305
visually stunning:0.6255
moral ambiguity:0.62425
poignant:0.6185
irish accent:0.61
disturbing:0.6075
death:0.6065
realistic:0.60525
downbeat:0.60175
violence:0.59675
powerful ending:0.59625
childhood:0.586
complex:0.5855
visual:0.58425
social commentary:0.58275
masterpiece:0.572
oscar (best foreign language film):0.568
true story:0.565
imdb top 250:0.56075
great acting:0.55775
depressing:0.55575
depression:0.55425
melancholy:0.55225
breathtaking:0.54825
corruption:0.546
suicide:0.54025
prison escape:0.536
bloody:0.5265
greed:0.5185
stylized:0.5175
british:0.51675
narrated:0.51575
oscar (best directing):0.51225
drama:0.50825
slow paced:0.49575
good soundtrack:0.4955
character study:0.49175
entirely dialogue:0.48875
tragedy:0.48725
suprisingly clever:0.47875
catholicism:0.47675
humanity:0.471
independent film:0.4705
mentor:0.46775
nudity (full frontal - notable):0.46075
intense:0.4545
long:0.4505
culture clash:0.45
weird:0.44875
morality:0.447
unusual plot structure:0.44575
meditative:0.44375
visually appealing:0.44275
idealism:0.441
rebellion:0.44075
cerebral:0.43875
great ending:0.43675
photography:0.4295
movielens top pick:0.42725
surreal:0.425
psychological:0.42475
beautifully filmed:0.41925
slow:0.41875
biographical:0.41525
