computer animation:0.96525
cgi:0.96325
visually stunning:0.941
mythology:0.93875
fantasy:0.9315
modern fantasy:0.931
animation:0.91675
visual:0.903
fantasy world:0.88025
dragons:0.86825
adapted from:book:0.8615
story:0.83975
3d:0.82675
original:0.7915
storytelling:0.77925
pg-13:0.77625
special effects:0.7605
visuals:0.7595
graphic novel:0.754
action:0.75325
visually appealing:0.75325
fight scenes:0.742
technology:0.71775
big budget:0.67375
stunning:0.672
effects:0.66825
bad cgi:0.65875
violence:0.65525
dialogue:0.646
monsters:0.636
dynamic cgi action:0.62675
adaptation:0.62425
superheroes:0.62125
high fantasy:0.5655
stylized:0.56075
redemption:0.552
supernatural:0.53725
action packed:0.5185
great ending:0.51825
super hero:0.51825
predictable:0.51625
epic:0.515
magic:0.513
transformation:0.51175
demons:0.50725
based on book:0.50725
dragon:0.5065
neil gaiman:0.504
good versus evil:0.491
adventure:0.4905
dark hero:0.48875
shallow:0.4865
computer game:0.4805
brutality:0.47825
allegory:0.4715
cartoon:0.47075
monster:0.466
betrayal:0.46175
greed:0.45675
fighting:0.449
destiny:0.44825
intense:0.448
violent:0.44525
based on a book:0.44475
vengeance:0.43775
catastrophe:0.4355
mentor:0.42725
fairy tale:0.4225
great:0.41575
alter ego:0.4145
animals:0.40875
creativity:0.3975
weapons:0.395
moral ambiguity:0.394
video game:0.392
better than expected:0.38875
first contact:0.387
humanity:0.3795
harsh:0.376
good:0.376
pointless:0.3745
bloody:0.366
culture clash:0.36475
animated:0.36175
crude humor:0.3595
revenge:0.354
breathtaking:0.349
sci fi:0.349
fast paced:0.347
family bonds:0.34125
bad plot:0.34125
good action:0.34
horrible:0.34
entertaining:0.3395
anti-hero:0.33875
sacrifice:0.33775
good soundtrack:0.33725
splatter:0.337
superhero:0.33625
plot:0.33525
