neo-noir:0.92525
corruption:0.90825
detective:0.89425
police corruption:0.8735
gangsters:0.84925
investigation:0.8275
drama:0.781
murder:0.7755
conspiracy:0.77175
noir:0.7655
police investigation:0.761
organized crime:0.7505
murder mystery:0.7355
very interesting:0.72575
nudity (topless - brief):0.719
los angeles:0.71875
political corruption:0.7115
original:0.69825
noir thriller:0.6955
twists & turns:0.69275
crime:0.691
brutality:0.6695
justice:0.65675
sexy:0.636
mob:0.633
film noir:0.61725
stylish:0.61125
pornography:0.5955
secrets:0.563
lawyer:0.54725
great ending:0.5435
vigilante:0.5355
complex:0.53225
mystery:0.528
sexualized violence:0.5225
good:0.51425
dialogue:0.5125
runaway:0.50675
betrayal:0.505
guilt:0.50175
greed:0.48325
police:0.47625
plot twist:0.476
weird:0.465
gangster:0.4645
california:0.46175
great:0.455
violence:0.4545
mentor:0.4535
suspense:0.453
weapons:0.44675
violent:0.443
bad ending:0.44
predictable:0.439
thriller:0.43275
cult film:0.4285
pulp:0.428
twist:0.427
paranoia:0.4245
good soundtrack:0.42425
chase:0.4185
conspiracy theory:0.4095
interesting:0.40625
light:0.405
complicated:0.4045
manipulation:0.4045
plot:0.4035
story:0.40325
nudity (rear):0.4025
unlikeable characters:0.397
underrated:0.39025
kidnapping:0.3895
brutal:0.38875
not funny:0.387
catastrophe:0.38225
lawyers:0.382
psychological:0.372
enigmatic:0.36875
unusual plot structure:0.36325
adaptation:0.363
ensemble cast:0.36125
intense:0.3575
identity:0.356
moral ambiguity:0.35575
gunfight:0.35225
first contact:0.34825
destiny:0.348
talky:0.34775
very good:0.34525
clever:0.345
mad scientist:0.3445
life philosophy:0.34425
infidelity:0.34275
revenge:0.34125
melancholic:0.3405
absurd:0.33975
cheating:0.33925
courtroom:0.33875
women:0.33825
doctors:0.337
