girlie movie:0.98275
comedy:0.94975
teen movie:0.927
silly fun:0.907
pornography:0.80325
dumb:0.783
chick flick:0.732
silly:0.7265
teen:0.70625
funny:0.681
sexy:0.61925
predictable:0.616
original:0.611
stereotypes:0.602
women:0.595
pg-13:0.5865
romantic comedy:0.56525
goofy:0.545
college:0.5345
shallow:0.5185
dumb but funny:0.49325
teens:0.46625
unfunny:0.457
very funny:0.45025
runaway:0.44825
nerds:0.44825
so bad it's funny:0.43975
mentor:0.43875
fun movie:0.43575
friendship:0.4015
virginity:0.39925
crude humor:0.394
high school:0.39025
stupid:0.38925
catastrophe:0.38625
life philosophy:0.38425
nudity (rear):0.36525
geeks:0.35875
slapstick:0.3585
dialogue:0.35575
better than expected:0.34925
revenge:0.34825
hilarious:0.34
goth:0.335
feel-good:0.33125
idiotic:0.3255
stupid as hell:0.32375
stoner movie:0.3215
bad plot:0.31825
drinking:0.31675
great ending:0.31125
destiny:0.3105
brutality:0.30125
cute:0.3005
lone hero:0.2935
fun:0.29275
homeless:0.2925
cheerleading:0.2915
overrated:0.29075
adaptation:0.28625
good soundtrack:0.28425
not funny:0.28275
quirky:0.279
cute!:0.278
happy ending:0.2775
fantasy world:0.27625
absurd:0.27375
lame:0.27175
nudity (topless - notable):0.2705
culture clash:0.27
camp:0.265
first contact:0.2635
family:0.26225
feel good movie:0.26225
guilty pleasure:0.262
police investigation:0.26125
teenager:0.259
notable nudity:0.2575
shopping:0.2535
nudity (full frontal - brief):0.25275
relationships:0.25075
bad ending:0.2455
writers:0.24075
clever:0.24025
entirely dialogue:0.23825
franchise:0.23475
horrible:0.23175
good:0.23075
fight scenes:0.22825
unlikely friendships:0.2275
fashion:0.22525
storytelling:0.225
coming of age:0.223
melancholic:0.2185
parody:0.21825
transformation:0.21825
disaster:0.217
pointless:0.21625
ridiculous:0.215
workplace:0.214
