prison escape:0.99675
survival:0.99
based on true story:0.963
true story:0.95725
world war ii:0.88175
based on a true story:0.85325
desert:0.84525
russia:0.83725
amazing cinematography:0.831
wwii:0.8105
scenic:0.805
based on a book:0.80175
based on book:0.79725
adventure:0.7835
poland:0.7725
mentor:0.75975
freedom:0.73875
cinematography:0.73525
dramatic:0.72575
sacrifice:0.7145
catastrophe:0.7125
story:0.7095
spying:0.6905
original:0.6755
good:0.672
betrayal:0.66575
storytelling:0.664
courage:0.66175
end of the world:0.65325
harsh:0.63775
runaway:0.62975
beautiful scenery:0.62325
nazis:0.622
camp:0.618
great acting:0.6135
great:0.611
great ending:0.60875
intense:0.59625
epic:0.59225
plot:0.58675
dialogue:0.58025
drama:0.57
oscar:0.55475
adapted from:book:0.55475
long:0.5525
cold war:0.5435
wartime:0.54225
pg-13:0.5275
brutality:0.52275
historical:0.52
redemption:0.51675
oscar (best cinematography):0.5135
humanity:0.5095
solitude:0.5005
good acting:0.49925
unlikely friendships:0.49825
inspiring:0.4955
beautifully filmed:0.49325
ensemble cast:0.4895
espionage:0.487
prison:0.48625
germany:0.48075
genocide:0.47975
corruption:0.4715
war:0.46
wilderness:0.4595
russian:0.4565
friendship:0.45075
too long:0.443
life & death:0.44275
books:0.4415
culture clash:0.4405
us history:0.43425
great movie:0.43175
justice:0.4305
destiny:0.4305
greed:0.4285
adaptation:0.42825
factual:0.427
sentimental:0.42475
transformation:0.424
fantasy world:0.422
realistic:0.41825
natural disaster:0.41625
history:0.41525
happy ending:0.41475
visually appealing:0.41225
jews:0.40825
unusual plot structure:0.40125
idealism:0.39725
better than expected:0.39525
not funny:0.394
enigmatic:0.3895
inspirational:0.37625
suprisingly clever:0.3725
great cinematography:0.37125
good soundtrack:0.3675
chase:0.36225
predictable:0.3615
interesting:0.355
