true story:0.9295
musicians:0.924
rags to riches:0.8995
biographical:0.87875
biopic:0.8635
girlie movie:0.8525
biography:0.836
music business:0.83425
music:0.78175
hip hop:0.77475
family:0.7385
rock and roll:0.72775
great:0.6685
based on true story:0.6375
original:0.621
based on a true story:0.61525
good music:0.58875
catastrophe:0.58825
sentimental:0.58275
death:0.5815
good:0.57225
childhood:0.52925
life & death:0.51125
mentor:0.50975
touching:0.49725
dreams:0.49325
great ending:0.4625
great movie:0.45525
musical:0.44975
radio:0.44375
life:0.43675
creativity:0.4225
inspirational:0.408
culture clash:0.40125
predictable:0.396
story:0.3955
dialogue:0.394
drama:0.39
pg-13:0.38875
destiny:0.386
tear jerker:0.38025
stereotypes:0.376
fun movie:0.37325
chase:0.37275
good soundtrack:0.357
women:0.34775
transformation:0.347
bollywood:0.34675
murder:0.34625
not funny:0.3355
storytelling:0.333
courage:0.33275
runaway:0.33175
nostalgic:0.3305
excellent:0.31975
dramatic:0.31675
corny:0.3055
happy ending:0.30375
texas:0.2985
factual:0.298
nudity (full frontal - brief):0.29425
teen movie:0.29375
inspiring:0.2935
dancing:0.29275
light:0.29275
tragedy:0.289
sad:0.28875
natural disaster:0.288
hospital:0.286
passionate:0.28375
great music:0.27925
fantasy world:0.278
writers:0.278
oscar:0.278
feel-good:0.27525
first contact:0.275
lone hero:0.27175
overrated:0.2715
adaptation:0.2645
love story:0.26325
fashion:0.26325
unfunny:0.2625
road movie:0.25725
sad but good:0.25675
bad plot:0.25675
romantic:0.2565
family drama:0.25425
los angeles:0.2535
honest:0.25225
great acting:0.252
life philosophy:0.2515
sexy:0.2515
feel good movie:0.25075
justice:0.24975
fight scenes:0.2495
brutality:0.24725
earnest:0.244
doctors:0.24275
shopping:0.24125
vengeance:0.24
