world war ii:0.99525
wartime:0.988
wwii:0.9685
period piece:0.93275
adultery:0.92225
women:0.915
war:0.87025
romantic:0.83375
best war films:0.7445
girlie movie:0.7425
drama:0.726
us history:0.72225
historical:0.711
nazis:0.71075
unlikely friendships:0.69975
family:0.682
war movie:0.65375
original:0.6415
sentimental:0.632
romance:0.63125
marriage:0.61525
mentor:0.6125
sacrifice:0.61225
history:0.573
interracial romance:0.568
culture clash:0.5635
friendship:0.55825
good:0.55225
alternate history:0.54075
destiny:0.538
realistic:0.5355
great ending:0.511
ethnic conflict:0.50625
nostalgic:0.4985
courage:0.48525
romantic comedy:0.472
happy ending:0.47025
catastrophe:0.4665
emotional:0.4635
story:0.453
survival:0.4515
prejudice:0.4485
world war i:0.442
enormously long battle scene:0.42875
love story:0.428
infidelity:0.4265
nudity (topless - notable):0.42575
light:0.42325
oscar (best supporting actress):0.42275
underdog:0.41625
stereotypes:0.41425
honest:0.414
fun movie:0.41325
predictable:0.41025
bittersweet:0.41
loneliness:0.4095
dialogue:0.408
oscar:0.4045
childhood:0.398
guilt:0.39675
censorship:0.394
runaway:0.3865
betrayal:0.38475
aviation:0.38275
gay character:0.3815
islam:0.37375
nudity (rear):0.3695
not funny:0.369
intimate:0.3675
1950s:0.367
nudity (full frontal - brief):0.36175
oscar (best directing):0.3615
potential oscar nom:0.36125
based on true story:0.3525
storytelling:0.3515
idealism:0.34725
finnish:0.346
police investigation:0.343
fantasy world:0.34275
segregation:0.339
melancholic:0.33825
chick flick:0.33725
first contact:0.3355
jews:0.3355
moral ambiguity:0.33025
long:0.329
germany:0.32575
nazi:0.324
brutality:0.324
oscar (best supporting actor):0.323
1930s:0.32125
propaganda:0.314
beautiful scenery:0.3135
pg-13:0.31175
1980s:0.31025
love triangles:0.30975
unusual plot structure:0.3075
powerful ending:0.3055
adaptation:0.30475
relationships:0.302
