father son relationship:0.9845
criterion:0.98125
amazing cinematography:0.97725
bloody:0.90275
vengeance:0.86175
great movie:0.85025
brutality:0.84425
stylish:0.83625
samurai:0.8345
masterpiece:0.8325
japan:0.8245
breathtaking:0.819
sword fight:0.79875
cinematography:0.79375
father-son relationship:0.777
violence:0.74075
martial arts:0.731
gunfight:0.72925
weapons:0.72325
betrayal:0.71025
movielens top pick:0.706
highly quotable:0.70475
visceral:0.70275
violent:0.698
life & death:0.69675
grindhouse:0.6945
original:0.6895
series:0.64525
black and white:0.64
visual:0.638
complex:0.633
kurosawa:0.63175
golden palm:0.62825
great:0.627
revenge:0.62525
atmospheric:0.625
mentor:0.625
life philosophy:0.6235
reflective:0.613
sword fighting:0.6125
bleak:0.611
fight scenes:0.5995
imdb top 250:0.59875
stylized:0.594
exceptional acting:0.58825
enigmatic:0.5805
oscar (best foreign language film):0.5795
death:0.57775
melancholy:0.576
childhood:0.57125
great acting:0.56175
affectionate:0.561
goofy:0.54775
melancholic:0.53675
complex characters:0.5345
loneliness:0.5325
assassin:0.5225
unusual plot structure:0.52025
forceful:0.515
oscar (best directing):0.50875
drinking:0.504
blood:0.493
ninja:0.48675
very funny:0.47225
tense:0.4665
great ending:0.463
hitman:0.45925
apocalypse:0.457
good soundtrack:0.4555
culture clash:0.452
storytelling:0.449
dark hero:0.44875
bullying:0.448
dialogue:0.444
finnish:0.444
nocturnal:0.44375
irreverent:0.443
cerebral:0.43575
japanese:0.435
catastrophe:0.43425
gangs:0.43275
ironic:0.4325
male nudity:0.42925
talky:0.4195
downbeat:0.4195
beautifully filmed:0.418
classic:0.4115
cult classic:0.40775
suprisingly clever:0.40675
sacrifice:0.4035
bittersweet:0.403
harsh:0.397
brutal:0.38975
assassins:0.3895
intimate:0.3885
oscar (best actress):0.3875
photography:0.37925
foreign:0.3775
tokyo:0.37275
classic car:0.3685
