music:0.9515
musicians:0.9335
documentary:0.92
biography:0.90375
melancholic:0.8095
unusual plot structure:0.8055
original:0.764
great movie:0.73925
musical:0.73725
social commentary:0.73525
visually appealing:0.7345
harsh:0.7145
talky:0.71425
life & death:0.71225
greed:0.70025
bleak:0.68575
dark hero:0.6825
so bad it's funny:0.6715
storytelling:0.67125
complex:0.668
story:0.65525
1930s:0.64875
hip hop:0.6295
tragedy:0.61875
character study:0.6125
pg-13:0.609
solitude:0.6
father daughter relationship:0.59525
dramatic:0.5945
corruption:0.59375
original plot:0.593
good soundtrack:0.5915
weapons:0.5895
life:0.585
san francisco:0.584
islam:0.57925
golden palm:0.5765
jazz:0.576
classic car:0.57275
runaway:0.564
unlikely friendships:0.55525
culture clash:0.5545
intimate:0.553
road trip:0.55225
suprisingly clever:0.54675
oscar (best actress):0.54525
assassination:0.54275
childhood:0.53225
hitman:0.52625
brutality:0.5175
stylized:0.51125
artist:0.50775
crime gone awry:0.504
canada:0.5005
road movie:0.498
cult:0.49575
good music:0.4945
family drama:0.49375
interesting:0.4935
biographical:0.49325
great:0.492
intense:0.49125
narrated:0.49075
masterpiece:0.484
heartbreaking:0.48275
fast paced:0.4795
visceral:0.4785
cinematography:0.475
entertaining:0.469
great ending:0.46675
twists & turns:0.46325
catastrophe:0.45725
drama:0.45325
jewish:0.452
anti-hero:0.4505
art:0.4505
forceful:0.4475
criterion:0.447
highly quotable:0.44625
holocaust:0.4395
affectionate:0.4385
great music:0.4365
fighting the system:0.43425
fight scenes:0.4315
biopic:0.43025
transformation:0.4255
secrets:0.42375
crime:0.42275
foul language:0.42125
rock and roll:0.42
poignant:0.4195
nudity (full frontal - brief):0.41675
enigmatic:0.4155
family:0.4145
reflective:0.412
mentor:0.4115
ethnic conflict:0.41075
betrayal:0.40925
california:0.408
paranoid:0.4075
