spoof:0.90475
parody:0.89375
silly fun:0.878
mad scientist:0.85675
horror:0.836
monsters:0.835
family:0.77225
silly:0.73275
original:0.7025
monster:0.6695
comedy:0.66325
haunted house:0.603
camp:0.585
fun:0.56925
fun movie:0.53825
goofy:0.52675
predictable:0.52425
special effects:0.49225
80s:0.49075
mentor:0.48175
cult film:0.45675
splatter:0.43775
bad plot:0.425
campy:0.42075
scary:0.419
bad acting:0.4165
quirky:0.41425
adaptation:0.4115
catastrophe:0.406
writers:0.40375
great ending:0.40225
fantasy world:0.39925
so bad it's funny:0.3925
sarcasm:0.3865
dialogue:0.3835
vampires:0.3795
slapstick:0.3735
demons:0.36725
books:0.3645
vampire:0.36275
werewolf:0.361
cult classic:0.34975
destiny:0.3445
adapted from:book:0.34225
based on a book:0.342
hilarious:0.3415
childhood:0.33325
absurd:0.33225
supernatural:0.332
overrated:0.3285
corny:0.32725
end of the world:0.324
fight scenes:0.32375
life philosophy:0.3215
dysfunctional family:0.3195
weapons:0.31875
first contact:0.3185
transformation:0.3145
sexy:0.313
low budget:0.30625
clones:0.30575
great:0.305
satirical:0.3025
brutality:0.30025
cheesy:0.29925
good:0.29925
violence:0.29925
weird:0.29875
lame:0.29825
storytelling:0.293
humorous:0.2905
halloween:0.28875
very funny:0.28625
unusual plot structure:0.28425
lone hero:0.284
unfunny:0.28275
redemption:0.282
pulp:0.27775
bad:0.2765
black comedy:0.2725
cult:0.2625
not funny:0.26025
clever:0.25975
franchise:0.25925
entirely dialogue:0.259
road movie:0.25425
twists & turns:0.252
good soundtrack:0.24925
runaway:0.24775
horrible:0.24625
justice:0.24525
sci fi:0.24525
culture clash:0.24475
spiders:0.24475
book was better:0.24425
crude humor:0.24325
story:0.241
satire:0.24025
book:0.23775
imdb top 250:0.23575
