criterion:0.99075
masterpiece:0.88375
original:0.78275
screwball:0.76725
talky:0.7615
unusual plot structure:0.76
imdb top 250:0.73975
comedy:0.7375
visually appealing:0.7365
murder:0.733
witty:0.73175
classical music:0.7275
bleak:0.72375
irreverent:0.7035
storytelling:0.68075
enigmatic:0.67475
classic:0.67475
imagination:0.6265
music:0.62625
complex:0.625
great:0.617
suprisingly clever:0.61625
clever:0.61125
affectionate:0.611
farce:0.60675
private detective:0.60525
dialogue:0.6
great ending:0.599
atmospheric:0.58725
black comedy:0.5795
stunning:0.5745
visual:0.57075
satirical:0.56725
passionate:0.56725
reflective:0.56625
guilt:0.565
humorous:0.56225
paranoid:0.5555
stylish:0.5485
entirely dialogue:0.54325
obsession:0.54225
cinematography:0.539
oscar (best actress):0.53875
melancholic:0.53775
culture clash:0.531
adultery:0.528
cerebral:0.5175
runaway:0.51725
vengeance:0.506
golden palm:0.5055
stylized:0.50475
musical:0.50425
oscar (best supporting actress):0.50275
weird:0.4905
story:0.48925
biting:0.4855
harsh:0.48425
very funny:0.4835
nudity (full frontal - brief):0.4765
corruption:0.4705
dreams:0.465
slapstick:0.46475
police investigation:0.464
melancholy:0.4585
visually stunning:0.454
adapted from:book:0.45125
insanity:0.44675
oscar (best directing):0.44575
perfect:0.444
intimate:0.4425
satire:0.442
giant robots:0.4385
catastrophe:0.43675
downbeat:0.4305
creativity:0.42975
greed:0.428
breathtaking:0.42675
black and white:0.41925
dramatic:0.41475
revenge:0.41425
beautiful scenery:0.41075
social commentary:0.4095
transformation:0.4065
absurd:0.404
twists & turns:0.402
dark comedy:0.39875
detective:0.3955
hotel:0.38525
funny:0.378
cheating:0.37725
pornography:0.37475
gangsters:0.372
oscar (best cinematography):0.37075
secrets:0.3705
noir:0.3685
brutality:0.363
crime gone awry:0.3595
earnest:0.35625
fantasy world:0.35475
hilarious:0.35475
