spiders:0.9995
horror:0.97
creepy:0.9175
small town:0.87225
suspenseful:0.86325
scary:0.8155
original:0.7815
fun movie:0.77775
frightening:0.77525
suspense:0.772
doctors:0.76325
goofy:0.73525
special effects:0.68775
tense:0.68475
comedy:0.67375
jungle:0.65
death:0.6325
family:0.62725
great ending:0.62425
chase:0.61425
entertaining:0.612
ominous:0.6095
california:0.60475
monster:0.59125
predictable:0.58675
dialogue:0.553
good:0.5505
pg-13:0.54825
effects:0.53925
excellent script:0.53725
great:0.50775
paranoid:0.50375
spielberg:0.49825
light:0.49425
intense:0.49025
violence:0.48575
great movie:0.4835
weird:0.47075
cult film:0.464
80s:0.46175
lone hero:0.449
weapons:0.444
monsters:0.443
great acting:0.43975
story:0.438
action:0.43425
mentor:0.434
visceral:0.43375
fun:0.433
humorous:0.43275
thriller:0.43225
sci fi:0.43125
very funny:0.42875
runaway:0.4275
science fiction:0.42625
eerie:0.42225
gruesome:0.41875
catastrophe:0.4145
first contact:0.41425
splatter:0.39975
brutality:0.399
silly:0.39475
childhood:0.39275
big budget:0.3865
gory:0.38325
biting:0.383
camp:0.38225
scifi:0.3805
cult classic:0.3795
good action:0.37875
quirky:0.37675
good soundtrack:0.375
snakes:0.366
mad scientist:0.36175
survival:0.35775
melancholic:0.3575
police investigation:0.35625
adaptation:0.35575
storytelling:0.3545
funny:0.35375
macabre:0.3535
nudity (full frontal - brief):0.35275
supernatural:0.3515
gunfight:0.3475
imdb top 250:0.346
natural disaster:0.344
not funny:0.34375
silly fun:0.33875
dumb:0.3385
oscar (best directing):0.33425
culture clash:0.33375
70mm:0.3335
atmospheric:0.33225
overrated:0.33175
oscar (best effects - visual effects):0.3305
san francisco:0.32825
murder:0.32075
quotable:0.3185
clever:0.3175
parenthood:0.31675
