sequels:0.9865
sequel:0.97425
immortality:0.95825
alien:0.93975
franchise:0.845
original:0.83325
crappy sequel:0.81825
good sequel:0.7615
aliens:0.72575
destiny:0.70275
mentor:0.62075
predictable:0.6025
family:0.555
70mm:0.54975
good:0.54775
special effects:0.5215
pointless:0.51025
catastrophe:0.50275
ensemble cast:0.49525
dynamic cgi action:0.484
story:0.47575
adventure:0.4705
doctors:0.469
betrayal:0.45675
bad plot:0.45175
natural disaster:0.4505
great ending:0.4445
storytelling:0.44325
magic:0.43075
shopping:0.428
fun movie:0.41625
first contact:0.39175
culture clash:0.39175
dialogue:0.38525
transformation:0.376
childhood:0.376
so bad it's funny:0.3755
life philosophy:0.37525
sacrifice:0.374
lone hero:0.37375
not funny:0.36025
brutality:0.3495
big budget:0.34525
fantasy world:0.3435
ocean:0.33375
melancholic:0.33025
drama:0.326
overrated:0.31975
runaway:0.31775
dinosaurs:0.3115
hospital:0.311
fight scenes:0.3055
redemption:0.30475
pg-13:0.3015
fun:0.2895
art:0.2845
adaptation:0.28
happy ending:0.27725
great:0.27525
science fiction:0.2745
fantasy:0.27425
pornography:0.27125
vengeance:0.26675
silly fun:0.266
weapons:0.2645
slapstick:0.26425
unusual plot structure:0.26375
good soundtrack:0.25925
alternate reality:0.25825
disaster:0.2565
heartwarming:0.2545
quirky:0.25425
unlikely friendships:0.253
indians:0.25125
teen movie:0.25075
not as good as the first:0.2505
touching:0.25025
nudity (full frontal - brief):0.249
entirely dialogue:0.24875
light:0.24825
greed:0.24775
life:0.24725
feel-good:0.243
oscar (best directing):0.242
dreamlike:0.23925
girlie movie:0.23825
suprisingly clever:0.23825
solitude:0.236
teen:0.23575
island:0.23475
unfunny:0.23375
life & death:0.2335
capitalism:0.2315
future:0.23025
adapted from:book:0.229
death:0.22775
justice:0.226
chase:0.22575
race:0.225
sci fi:0.2245
