history:0.98025
civil war:0.97925
historical:0.96975
conspiracy:0.95225
slavery:0.94425
assassination:0.93475
dramatic:0.921
justice:0.91925
lawyer:0.90775
us history:0.893
period piece:0.87925
tragedy:0.8625
court:0.84
death:0.836
courtroom:0.82575
politics:0.823
drama:0.8215
mentor:0.8195
lawyers:0.81575
president:0.81125
emotional:0.80525
sacrifice:0.798
true story:0.79375
american civil war:0.791
guilt:0.7865
original:0.7755
touching:0.77525
moral ambiguity:0.77475
assassin:0.77175
runaway:0.7655
factual:0.76475
courtroom drama:0.7545
forceful:0.7325
corruption:0.71775
great acting:0.6895
based on a true story:0.68875
courage:0.68825
wartime:0.68775
revenge:0.683
assassins:0.679
passionate:0.67675
death penalty:0.6635
18th century:0.657
sentimental:0.6505
earnest:0.64025
ethnic conflict:0.62975
war:0.62375
idealism:0.61725
vengeance:0.6035
story:0.5955
political:0.59075
cinematography:0.586
costume drama:0.584
childhood:0.57925
military:0.5715
good:0.56925
freedom:0.56825
tear jerker:0.567
19th century:0.558
catastrophe:0.55375
excellent:0.546
great ending:0.54275
based on a book:0.53825
life & death:0.538
manipulation:0.5315
children:0.5305
rebellion:0.5305
pg-13:0.53
heartbreaking:0.527
prejudice:0.52025
interesting:0.51875
oscar:0.51825
lions:0.5125
survival:0.512
england:0.5075
kidnapping:0.5075
great:0.50025
honest:0.48875
complex:0.48675
based on book:0.48675
murder:0.47975
inspirational:0.47725
based on true story:0.474
greed:0.47375
oscar (best supporting actress):0.4725
betrayal:0.471
sad but good:0.4665
suspense:0.4655
good acting:0.45725
biography:0.455
destiny:0.453
gunfight:0.449
very interesting:0.44875
beautiful scenery:0.4475
excellent script:0.4465
culture clash:0.43925
genocide:0.43925
oscar (best actress):0.4385
oscar (best directing):0.43375
intense:0.429
