based on true story:0.934
great acting:0.883
adolescence:0.88275
true story:0.869
based on book:0.85725
based on a book:0.8565
dramatic:0.83125
parenthood:0.831
childhood:0.83075
based on a true story:0.8295
coming of age:0.8205
excellent script:0.81075
mentor:0.8085
visually appealing:0.79775
drama:0.79525
life:0.78675
good soundtrack:0.77975
original:0.7795
violent:0.772
exceptional acting:0.76175
bullying:0.7565
rebellion:0.74375
coming-of-age:0.7335
oscar (best directing):0.72625
friendship:0.72425
unlikely friendships:0.7215
small town:0.715
life & death:0.711
good:0.71025
survival:0.70575
biopic:0.70525
social commentary:0.69925
good acting:0.68425
harsh:0.67925
runaway:0.679
realistic:0.67625
bittersweet:0.671
dysfunctional family:0.67025
intense:0.66225
interesting:0.65175
child abuse:0.65025
tragedy:0.64275
adapted from:book:0.64225
great movie:0.6395
violence:0.63425
story:0.63275
emotional:0.609
storytelling:0.6085
life philosophy:0.60425
adaptation:0.60325
brutality:0.6025
narrated:0.60075
drinking:0.59825
excellent:0.5855
disturbing:0.58225
fighting the system:0.58175
imdb top 250:0.5815
great ending:0.57025
oscar (best actress):0.56825
redemption:0.5675
corruption:0.5415
dreams:0.54075
literature:0.5375
very good:0.5335
gangs:0.533
teenager:0.5235
character study:0.518
justice:0.5155
nostalgic:0.51275
complex:0.5075
depressing:0.50525
courage:0.50275
destiny:0.5025
fun movie:0.5
reflective:0.5
greed:0.49725
culture clash:0.496
visually stunning:0.48975
mental illness:0.489
honest:0.48825
oscar (best supporting actress):0.484
nudity (full frontal - brief):0.48275
california:0.477
bleak:0.477
vengeance:0.4745
gangsters:0.47375
great:0.471
underrated:0.471
grim:0.46775
artistic:0.467
catastrophe:0.46525
oscar:0.4635
1950s:0.46225
transformation:0.4615
depression:0.46075
family:0.4585
pg-13:0.457
loneliness:0.456
existentialism:0.45475
crime gone awry:0.4475
