women:0.99375
divorce:0.9065
chick flick:0.90025
girlie movie:0.80875
revenge:0.79025
comedy:0.77575
vengeance:0.6735
stereotypes:0.62225
original:0.616
betrayal:0.6145
based on a book:0.594
unlikely friendships:0.59375
based on book:0.52975
shallow:0.5295
farce:0.51925
predictable:0.50575
fun movie:0.5055
gay:0.4945
mentor:0.49075
pornography:0.48725
light:0.47475
funny:0.4685
unfunny:0.459
silly fun:0.458
great:0.45775
good:0.452
justice:0.45125
adaptation:0.44975
teen movie:0.4465
cheating:0.43675
relationships:0.42625
friendship:0.426
clever:0.42525
catastrophe:0.42375
family:0.4195
pg-13:0.41725
sexy:0.41425
great ending:0.41175
death:0.40825
marriage:0.40525
culture clash:0.3955
romantic:0.39325
chase:0.39125
runaway:0.39
feel-good:0.389
silly:0.3835
greed:0.377
bittersweet:0.3755
dialogue:0.37225
very funny:0.37175
brutality:0.36875
hilarious:0.363
adapted from:book:0.35925
lesbian:0.35875
nudity (full frontal - brief):0.3585
storytelling:0.353
fun:0.353
story:0.34125
suicide:0.326
life philosophy:0.31875
happy ending:0.313
fantasy world:0.31275
destiny:0.3125
feel good movie:0.309
teen:0.30525
police investigation:0.30025
childhood:0.298
romantic comedy:0.29075
better than expected:0.28675
books:0.28675
good soundtrack:0.2835
fight scenes:0.283
slapstick:0.2805
touching:0.2805
lone hero:0.28
interracial romance:0.27925
nudity (topless - notable):0.27775
multiple storylines:0.2775
infidelity:0.27475
queer:0.273
melancholic:0.27275
first contact:0.2715
corruption:0.27025
bad plot:0.27025
adultery:0.26925
islam:0.268
not funny:0.268
fantasy:0.2665
entertaining:0.25975
oscar (best directing):0.25775
internet:0.2575
great acting:0.2575
guilt:0.25575
humorous:0.2535
aging:0.243
oscar:0.23875
shopping:0.23725
kidnapping:0.23725
honest:0.2345
witty:0.233
