fun movie:0.921
treasure hunt:0.9025
silly:0.766
goofy:0.748
fun:0.74025
nostalgic:0.7125
nerds:0.70825
revenge:0.67825
college:0.6705
original:0.66925
cheesy:0.65975
teen movie:0.645
80s:0.6355
stereotypes:0.583
underrated:0.569
competition:0.55875
great:0.545
police investigation:0.5445
bad acting:0.5425
beer:0.542
great ending:0.513
mentor:0.493
pg:0.48925
pg-13:0.48675
nostalgia:0.4795
good:0.47125
swashbuckler:0.46525
catastrophe:0.44575
1980s:0.44325
finnish:0.42075
storytelling:0.4195
dialogue:0.40825
silly fun:0.404
fantasy world:0.40175
geeks:0.3835
quirky:0.37175
life philosophy:0.37125
los angeles:0.37025
so bad it's funny:0.369
teen:0.368
ridiculous:0.36325
amy smart:0.35725
cult classic:0.35575
transformation:0.3515
predictable:0.3435
teens:0.338
not funny:0.33225
childhood:0.3295
monster:0.32875
campy:0.31975
golf:0.31375
inspirational:0.3115
classic:0.3095
adventure:0.30575
grindhouse:0.3055
runaway:0.3055
multiple storylines:0.30125
chase:0.3005
clever:0.2995
bad cgi:0.29825
video game:0.2955
twist ending:0.2895
camp:0.286
books:0.285
hunting:0.2845
video games:0.2845
vengeance:0.27775
cute!:0.27525
hilarious:0.27475
fight scenes:0.274
pornography:0.27375
lone hero:0.272
alter ego:0.2705
computer game:0.26825
violence:0.267
classic car:0.26475
cool:0.26125
visually appealing:0.26125
drinking:0.257
weird:0.2565
bad plot:0.25525
dragons:0.255
shallow:0.25275
special effects:0.252
adaptation:0.25
underdog:0.248
entirely dialogue:0.243
censorship:0.24275
monsters:0.2415
fantasy:0.2415
cult film:0.237
nudity (topless - notable):0.23625
very funny:0.2355
entertaining:0.23075
high fantasy:0.2305
first contact:0.23025
slapstick:0.23
betrayal:0.229
justice:0.22875
werewolf:0.2285
