adapted from:book:0.9635
coen bros:0.96225
private detective:0.9575
noir thriller:0.9525
cynical:0.91775
noir:0.903
neo-noir:0.8875
enigmatic:0.87575
los angeles:0.86025
complex:0.8135
investigation:0.80675
detective:0.80625
deadpan:0.8025
quirky:0.79625
talky:0.791
criterion:0.78175
film noir:0.78125
weird:0.75975
murder:0.7485
stylized:0.73825
original:0.737
greed:0.73575
crime:0.72825
betrayal:0.72225
satirical:0.717
mystery:0.71425
dialogue:0.70075
adaptation:0.69125
cinematography:0.67575
1970s:0.67475
crime gone awry:0.67275
irreverent:0.67125
cerebral:0.67
gangsters:0.6685
runaway:0.665
witty:0.6635
visual:0.659
atmospheric:0.65525
police investigation:0.64725
stylish:0.645
cult film:0.622
corruption:0.60175
books:0.60175
distopia:0.598
reflective:0.59
visually appealing:0.586
california:0.58
twists & turns:0.579
loneliness:0.578
gangster:0.57775
murder mystery:0.57725
dark:0.5735
affectionate:0.57275
writers:0.57275
ominous:0.572
character study:0.56975
masterpiece:0.55675
narrated:0.55325
entirely dialogue:0.5495
golden palm:0.54875
obsession:0.54775
great ending:0.543
storytelling:0.54275
bleak:0.541
downbeat:0.54
whimsical:0.52375
interesting:0.51425
moody:0.5105
ironic:0.50925
melancholic:0.499
adultery:0.49725
eccentricity:0.497
brutality:0.4965
violence:0.4945
imdb top 250:0.49175
drinking:0.48825
culture clash:0.488
photography:0.481
very interesting:0.481
humorous:0.47925
mob:0.47875
pornography:0.476
based on book:0.47575
classic:0.47425
off-beat comedy:0.4715
sarcasm:0.46975
nocturnal:0.4695
sexy:0.4685
suprisingly clever:0.46725
visceral:0.46625
violent:0.4655
insanity:0.4615
pulp:0.457
great:0.4555
surreal:0.4525
light:0.45
good soundtrack:0.44425
paranoid:0.43725
melancholy:0.436
anti-hero:0.43275
