assassin:0.98575
hit men:0.91825
stylish:0.91
vengeance:0.89625
assassination:0.814
revenge:0.81
hitman:0.79875
mentor:0.78925
original:0.74925
redemption:0.73075
violent:0.7255
assassins:0.702
action:0.6845
violence:0.663
brutality:0.66075
visually appealing:0.63525
stylized:0.61825
fight scenes:0.59575
melancholic:0.59225
shallow:0.56475
visual:0.56425
visually stunning:0.54175
betrayal:0.52025
gangsters:0.51475
weapons:0.51025
brothers:0.498
storytelling:0.49275
dialogue:0.49275
anti-hero:0.467
good action:0.43625
very interesting:0.42575
predictable:0.4245
gunfight:0.4155
splatter:0.4155
great ending:0.413
good soundtrack:0.4085
foreign:0.39625
slow:0.3935
catastrophe:0.393
kick-butt women:0.3845
sexy:0.3795
overrated:0.3735
beautifully filmed:0.3715
murder:0.3675
car chase:0.36325
cult classic:0.3615
good:0.35525
sexualized violence:0.35425
blood:0.35025
bloody:0.3495
tokyo:0.344
nudity (full frontal - notable):0.3425
intense:0.34175
remake:0.33175
story:0.33
drama:0.325
entirely dialogue:0.32475
adaptation:0.32275
pointless:0.32125
cinematography:0.31925
harsh:0.317
love story:0.31475
twists & turns:0.3145
quirky:0.314
intimate:0.3135
complicated plot:0.3115
mafia:0.311
death:0.30675
not funny:0.30675
gritty:0.3005
grindhouse:0.299
character study:0.2945
happy ending:0.292
nudity (full frontal):0.29025
first contact:0.289
suprisingly clever:0.287
breathtaking:0.28575
dreamlike:0.28375
visuals:0.283
destiny:0.28
obsession:0.27725
gratuitous violence:0.2735
police investigation:0.2715
parallel universe:0.27125
enigmatic:0.2675
guns:0.2655
bad plot:0.26225
weird:0.25875
film noir:0.253
very good:0.25175
lone hero:0.25075
dark hero:0.248
goretastic:0.2465
criterion:0.2455
childhood:0.2455
fantasy world:0.24425
romance:0.244
nocturnal:0.23975
cerebral:0.23875
cult film:0.2375
