plot twist:0.925
twists & turns:0.91925
twist ending:0.885
love story:0.8845
plot:0.8635
original:0.8425
complicated:0.829
twist:0.822
clever:0.8205
mindfuck:0.8155
interesting:0.76375
dialogue:0.74225
sexy:0.71825
spanish:0.71725
complex:0.716
visually appealing:0.7145
weird:0.713
enigmatic:0.71175
great acting:0.71075
secrets:0.707
cerebral:0.70175
fun movie:0.69675
relationships:0.6935
passionate:0.69075
psychological:0.6865
chase:0.686
storytelling:0.6835
very interesting:0.6705
good acting:0.65375
great:0.6345
great ending:0.6315
intense:0.6235
cinematography:0.62325
big budget:0.6225
suspense:0.60575
romantic:0.605
infidelity:0.60075
love triangles:0.60025
visual:0.5885
writers:0.588
good:0.5875
thriller:0.587
romance:0.58575
silly:0.5735
pg-13:0.57025
visually stunning:0.56775
entirely dialogue:0.562
story:0.562
stylish:0.5575
no plot:0.5505
stupidity:0.55025
great movie:0.54275
catastrophe:0.542
murder:0.52725
good soundtrack:0.52625
cool:0.52475
london:0.519
excellent:0.51775
absurd:0.51525
multiple storylines:0.5135
unusual plot structure:0.511
confusing:0.50975
good romantic comedies:0.5085
police investigation:0.49625
mentor:0.4955
predictable:0.49
technology:0.4875
non-linear:0.487
bad ending:0.4865
mystery:0.47475
plot holes:0.4645
dynamic cgi action:0.4625
very funny:0.45825
first contact:0.458
love:0.45525
life philosophy:0.45525
existentialism:0.45325
scifi:0.453
silly fun:0.451
pretentious:0.45075
witty:0.449
happy ending:0.44425
intellectual:0.44275
parallel universe:0.43325
original plot:0.4305
indie:0.42925
special effects:0.42825
science fiction:0.4275
romantic comedy:0.42375
brutality:0.4195
alternate endings:0.4195
crude humor:0.419
exceptional acting:0.41575
pornography:0.41175
entertaining:0.411
scifi cult:0.40975
noir:0.40625
shallow:0.405
criterion:0.4015
complicated plot:0.39875
