college:0.94475
nudity (topless):0.88925
sexy:0.8615
teen movie:0.8455
good soundtrack:0.829
women:0.7955
original:0.77025
pornography:0.76075
justice:0.73325
teen:0.72475
shallow:0.70425
predictable:0.68
horrible:0.6715
plot:0.65725
sex:0.656
fantasy world:0.6485
destiny:0.63625
nudity (topless - notable):0.60675
high school:0.59875
erotic:0.5805
sexualized violence:0.57575
twists & turns:0.548
revenge:0.54125
drugs:0.527
fantasy:0.521
adaptation:0.52
great ending:0.51925
betrayal:0.5095
vengeance:0.50275
storytelling:0.50075
bad acting:0.49775
intense:0.4955
unlikely friendships:0.492
dialogue:0.47925
mentor:0.4785
brutality:0.478
teens:0.47675
bad ending:0.4625
good:0.45875
bad plot:0.45875
investigation:0.455
murder:0.4545
nudity (topless - brief):0.44325
pg-13:0.431
fun movie:0.4285
friendship:0.42075
bad:0.41525
culture clash:0.413
school:0.409
coming of age:0.40875
kick-butt women:0.4035
catastrophe:0.39725
pulp:0.394
stereotypes:0.385
multiple storylines:0.384
lame:0.38175
story:0.38125
very good:0.38025
cult classic:0.377
twist:0.36325
runaway:0.362
not funny:0.35975
sexual abuse:0.3585
girlie movie:0.35525
stylized:0.34975
great:0.34825
nudity (full frontal - brief):0.3475
adolescence:0.34525
fight scenes:0.34275
entertaining:0.3305
entirely dialogue:0.3265
suspense:0.326
assassin:0.32525
family:0.3205
cult film:0.31925
drinking:0.317
fun:0.3115
camp:0.31125
campy:0.3105
overrated:0.31
identity:0.30475
ridiculous:0.30425
very interesting:0.304
crime:0.3035
visually appealing:0.303
redemption:0.30075
goofy:0.3005
life philosophy:0.2945
weapons:0.2935
interesting:0.29
life:0.28975
death:0.2885
quirky:0.28575
police investigation:0.28575
mystery:0.283
silly:0.2815
existentialism:0.27875
first contact:0.27775
adapted from:book:0.27525
cool:0.27375
