oscar (best foreign language film):0.97575
world war ii:0.927
nazis:0.91225
wartime:0.90975
foreign:0.90475
sacrifice:0.84925
life & death:0.837
wwii:0.83625
genocide:0.83175
destiny:0.797
beautifully filmed:0.786
dramatic:0.778
tragedy:0.77675
love story:0.76975
nazi:0.7625
survival:0.75775
compassionate:0.7525
german:0.7445
allegory:0.74375
movielens top pick:0.737
culture clash:0.701
cinematography:0.7
runaway:0.6975
betrayal:0.696
war:0.69
hospital:0.68225
jews:0.67575
harsh:0.658
mentor:0.6475
oscar (best directing):0.64525
beautiful scenery:0.63325
reflective:0.627
storytelling:0.62175
redemption:0.6205
life:0.6165
unusual plot structure:0.615
germany:0.606
original:0.605
ethnic conflict:0.59025
idealism:0.58275
childhood:0.576
drinking:0.572
girlie movie:0.57025
history:0.56875
bleak:0.562
feel-good:0.5525
unlikely friendships:0.55175
historical:0.54975
emotional:0.5485
drama:0.546
poignant:0.5415
prejudice:0.53275
bittersweet:0.522
heartwarming:0.51725
russian:0.50675
life philosophy:0.506
exceptional acting:0.504
small town:0.50225
forceful:0.49875
catastrophe:0.49725
romance:0.496
happy ending:0.493
golden palm:0.4925
earnest:0.49075
breathtaking:0.4885
touching:0.4825
bollywood:0.4795
melancholic:0.47875
suprisingly clever:0.47825
beautiful:0.47425
criterion:0.47375
communism:0.47175
friendship:0.46675
realistic:0.4575
classic car:0.45125
great:0.44975
great acting:0.44625
sentimental:0.439
good soundtrack:0.4375
good acting:0.43325
romantic:0.4275
war movie:0.42675
women:0.42525
brutality:0.42375
self discovery:0.42375
finnish:0.4225
oscar:0.422
epic:0.421
british:0.417
teacher:0.4165
intimate:0.415
oscar (best supporting actress):0.41425
islam:0.411
marriage:0.40875
oscar (best actress):0.40775
feel good movie:0.39825
transformation:0.396
solitude:0.377
courage:0.376
story:0.37575
