stupid:0.97175
stupidity:0.969
goofy:0.9635
dumb but funny:0.94025
dumb:0.93025
comedy:0.92825
idiotic:0.90825
silly fun:0.895
funniest movies:0.8395
stupid as hell:0.81275
so bad it's funny:0.74925
hilarious:0.69925
original:0.694
funny:0.69075
very funny:0.6795
lame:0.67675
silly:0.6575
funny as hell:0.6535
predictable:0.6465
spoof:0.60225
saturday night live:0.594
parody:0.58725
horrible:0.57875
fun movie:0.567
mad scientist:0.56525
stoner movie:0.55075
slapstick:0.548
good soundtrack:0.54475
destiny:0.5335
crude humor:0.5185
natural disaster:0.49825
catastrophe:0.496
bad:0.47075
mentor:0.46725
beer:0.467
absurd:0.46225
ridiculous:0.46075
hillarious:0.45725
bad plot:0.45325
great ending:0.44825
nudity (topless - notable):0.44575
awful:0.435
fun:0.4295
humorous:0.42425
big budget:0.4165
overrated:0.416
teen movie:0.40925
dialogue:0.39975
storytelling:0.39425
weird:0.39375
bad acting:0.39375
chase:0.39225
bad cgi:0.386
fantasy world:0.3775
life philosophy:0.36525
brutality:0.36275
death:0.36
first contact:0.35625
utopia:0.3545
weapons:0.35
shallow:0.349
adventure:0.341
good:0.33975
special effects:0.33975
gangsters:0.3325
amy smart:0.32925
satire:0.32375
adaptation:0.31875
bad ending:0.31575
fight scenes:0.314
pg-13:0.311
internet:0.30675
surreal:0.3065
multiple storylines:0.306
god:0.3045
quirky:0.29875
disaster:0.297
teens:0.297
pornography:0.29625
story:0.2955
pointless:0.29525
lone hero:0.29525
vengeance:0.2865
redemption:0.286
nudity (full frontal - brief):0.2835
transformation:0.28225
family:0.27775
greed:0.276
cult film:0.2755
entirely dialogue:0.275
clever:0.275
teen:0.27425
humor:0.272
childhood:0.2705
drinking:0.26575
criterion:0.2655
suprisingly clever:0.26475
melancholic:0.26125
unfunny:0.2595
action packed:0.25825
