animation:0.985
talking animals:0.98275
franchise:0.971
animated:0.96625
animals:0.964
lions:0.93575
computer animation:0.896
animal movie:0.868
penguins:0.81925
3d:0.78975
africa:0.7855
creativity:0.75425
cartoon:0.69625
fun movie:0.6635
original:0.6465
circus:0.628
comedy:0.61975
dialogue:0.5885
story:0.586
entertaining:0.58525
jungle:0.5845
crude humor:0.578
hilarious:0.57725
kids:0.574
dumb but funny:0.574
funny:0.557
silly:0.53225
adventure:0.529
fun:0.51775
sequel:0.5005
very funny:0.491
kids and family:0.4895
family:0.4895
cute:0.488
good sequel:0.47725
too short:0.475
clever:0.4725
pg-13:0.457
fast paced:0.45375
humor:0.45075
action:0.45
natural disaster:0.44
great ending:0.43075
betrayal:0.42175
visually stunning:0.419
predictable:0.4185
catastrophe:0.4155
plot:0.41525
humorous:0.4145
chase:0.40375
good soundtrack:0.39875
unlikely friendships:0.3955
stereotypes:0.39475
oscar (best animated feature):0.3775
superheroes:0.377
runaway:0.3715
storytelling:0.37
sequels:0.37
alter ego:0.3685
mentor:0.366
slapstick:0.3645
life philosophy:0.3605
destiny:0.35975
fight scenes:0.355
friendship:0.35175
dreamworks:0.344
series:0.341
giant robots:0.33625
good:0.33525
better than expected:0.32175
great:0.321
not funny:0.318
silly fun:0.31425
witty:0.3135
children:0.308
disney:0.30475
monkey:0.3025
bad plot:0.3025
redemption:0.299
crappy sequel:0.2955
visual:0.2945
culture clash:0.294
transformation:0.29125
visuals:0.28775
hotel:0.286
unfunny:0.28225
light:0.278
fantasy world:0.27675
police investigation:0.27675
new york city:0.2755
suprisingly clever:0.2745
big budget:0.273
weird:0.26725
entirely dialogue:0.26425
goofy:0.26175
visually appealing:0.25675
london:0.256
pornography:0.253
anti-hero:0.2495
watch the credits:0.24775
