politics:0.9775
satire:0.96375
political:0.9105
saturday night live:0.87925
humorous:0.84375
funny:0.84225
secret service:0.833
president:0.82525
hilarious:0.8235
world politics:0.77675
pornography:0.7655
satirical:0.75675
original:0.74325
comedy:0.70175
affectionate:0.6855
very funny:0.684
drinking:0.66825
goofy:0.66125
sarcasm:0.65575
corruption:0.626
poland:0.56625
funny as hell:0.56625
fun movie:0.55975
stand-up comedy:0.55325
humor:0.5435
complex:0.5425
great ending:0.5415
history:0.52
male nudity:0.51625
unfunny:0.51575
melancholic:0.50975
controversial:0.50775
talky:0.50525
texas:0.505
mentor:0.5045
nudity (full frontal - brief):0.50425
secrets:0.501
classic car:0.4845
brutality:0.47675
spoof:0.47225
quotable:0.45975
off-beat comedy:0.45625
ironic:0.4525
creativity:0.44025
censorship:0.43975
storytelling:0.436
absurd:0.43125
clever:0.4305
enigmatic:0.427
erotic:0.424
paranoid:0.4215
surreal:0.4195
social commentary:0.419
foul language:0.417
queer:0.415
catastrophe:0.412
death:0.41125
gay character:0.40875
culture clash:0.403
bullying:0.4015
narrated:0.40075
crude humor:0.3975
good soundtrack:0.3895
life & death:0.3865
dark humor:0.383
harsh:0.3825
dialogue:0.3805
capitalism:0.37975
new jersey:0.379
parenthood:0.37825
great:0.37775
very interesting:0.3775
middle east:0.377
made for tv:0.37575
irreverent:0.37475
pointless:0.37425
reflective:0.37325
time:0.373
gay:0.3675
crazy:0.36675
highly quotable:0.36525
radio:0.365
suprisingly clever:0.3645
justice:0.363
criterion:0.36225
passionate:0.36125
biting:0.35975
screwball:0.3575
dysfunctional family:0.35275
cerebral:0.352
obsession:0.35175
light:0.347
weird:0.34525
stupidity:0.3425
moral ambiguity:0.34225
underrated:0.341
runaway:0.3375
redemption:0.33725
whimsical:0.335
doctors:0.3325
