criterion:0.99425
japan:0.98625
tokyo:0.98475
masterpiece:0.97975
meditative:0.96575
loneliness:0.92575
social commentary:0.92425
stylized:0.92
bittersweet:0.90725
intimate:0.903
poignant:0.8895
melancholy:0.8835
melancholic:0.877
reflective:0.86675
black and white:0.85075
affectionate:0.833
enigmatic:0.83125
bleak:0.829
golden palm:0.81325
talky:0.80325
imdb top 250:0.80075
breathtaking:0.793
cinematography:0.7785
japanese:0.748
family drama:0.7405
compassionate:0.7265
oscar (best foreign language film):0.72625
beautifully filmed:0.7215
downbeat:0.715
storytelling:0.709
forceful:0.70325
childhood:0.699
character study:0.6955
family bonds:0.69025
children:0.687
cathartic:0.68525
classic:0.681
wistful:0.68025
art house:0.67525
cerebral:0.67
exceptional acting:0.6655
weird:0.64975
runaway:0.6485
relationships:0.64775
original:0.63425
culture clash:0.628
death:0.61975
understated:0.60175
allegory:0.5955
parenthood:0.592
movielens top pick:0.58975
drinking:0.5855
dreamlike:0.5835
grim:0.58275
artistic:0.581
harsh:0.5615
silent:0.56
family:0.5445
perfect:0.5425
suprisingly clever:0.53975
samurai:0.53425
atmospheric:0.5305
guilt:0.5285
narrated:0.528
idealism:0.5255
dramatic:0.522
life & death:0.50425
crime gone awry:0.503
marriage:0.5025
gunfight:0.50225
visual:0.5005
foreign:0.49875
stunning:0.4955
good soundtrack:0.492
dialogue:0.488
visually appealing:0.4825
life:0.478
hotel:0.47175
nocturnal:0.471
greed:0.47
ironic:0.4695
complex:0.462
slow paced:0.4585
amazing cinematography:0.455
art:0.4525
emotional:0.45125
tense:0.446
morality:0.445
visceral:0.44475
depression:0.4385
unusual plot structure:0.43175
kurosawa:0.43025
drama:0.4255
great ending:0.42425
catastrophe:0.421
slow:0.42025
entirely dialogue:0.4195
tragedy:0.41575
passionate:0.41475
assassination:0.413
