martial arts:0.99975
kung fu:0.996
fight scenes:0.9595
splatter:0.94475
violent:0.9265
brutality:0.91975
violence:0.872
gratuitous violence:0.8495
anti-hero:0.83225
fighting:0.8195
original:0.81825
stylish:0.81175
grindhouse:0.765
brutal:0.751
hong kong:0.74625
bloody:0.7265
kick-butt women:0.68
revenge:0.68
death:0.675
japan:0.6475
visceral:0.62325
1970s:0.615
harsh:0.607
wuxia:0.6035
gangsters:0.59875
good soundtrack:0.595
cult classic:0.59025
nudity (full frontal - notable):0.58625
japanese:0.58475
mentor:0.56925
assassination:0.56575
ninja:0.53675
stylized:0.5305
pulp:0.52975
action:0.52675
tokyo:0.52075
china:0.51875
cool:0.51275
good action:0.49725
cult film:0.4895
samurai:0.489
drinking:0.48825
dark hero:0.475
goretastic:0.46825
vengeance:0.45775
pornography:0.445
gritty:0.43375
quirky:0.43275
runaway:0.432
gruesome:0.428
melancholic:0.42625
lone hero:0.42425
complex:0.41975
culture clash:0.41675
loneliness:0.41
great ending:0.4065
prostitution:0.4015
cinematography:0.4
affectionate:0.39
stunning:0.3895
dialogue:0.388
hitman:0.3815
sexualized violence:0.37475
mafia:0.37025
moral ambiguity:0.3695
social commentary:0.36775
light:0.36625
criterion:0.3645
drugs:0.36275
catastrophe:0.3605
imdb top 250:0.3585
weird:0.3565
allegory:0.35225
snakes:0.35125
amazing photography:0.349
80s:0.344
kidnapping:0.34125
childhood:0.34025
great:0.33025
visually appealing:0.31975
breathtaking:0.31775
talky:0.31775
visually stunning:0.31725
spanish:0.3155
quotable:0.314
fun movie:0.3135
unusual plot structure:0.3125
ironic:0.309
intense:0.3045
depression:0.30425
dragons:0.2995
corruption:0.29825
not funny:0.2955
assassin:0.2945
redemption:0.2945
fantasy world:0.2935
overrated:0.293
entirely dialogue:0.293
story:0.293
storytelling:0.2925
