manipulation:0.94425
workplace:0.92225
relationships:0.905
psychological:0.9
disturbing:0.87975
brutality:0.84625
original:0.8345
dialogue:0.822
corporate america:0.81275
greed:0.80225
good soundtrack:0.77475
dialogue driven:0.77125
social commentary:0.754
talky:0.74925
interesting:0.748
dark humor:0.724
psychology:0.718
visceral:0.7055
intimate:0.7045
obsession:0.7015
character study:0.7015
intense:0.69525
women:0.68875
betrayal:0.68625
hard to watch:0.66825
complex:0.66225
pornography:0.66175
brutal:0.6515
harsh:0.6425
honest:0.63675
sexualized violence:0.6335
black comedy:0.623
violence:0.61625
bleak:0.615
drinking:0.611
guilt:0.61025
violent:0.61
drama:0.6085
great acting:0.60775
controversial:0.598
thought-provoking:0.58975
dark comedy:0.58425
entirely dialogue:0.58
twists & turns:0.572
great ending:0.5715
realistic:0.5695
loneliness:0.569
revenge:0.567
corruption:0.566
satire:0.56325
claustrophobic:0.5585
clever:0.5525
twist:0.5495
complicated:0.543
grindhouse:0.5405
morality:0.54
powerful ending:0.537
good acting:0.535
satirical:0.53425
moral ambiguity:0.5295
criterion:0.527
queer:0.5225
very interesting:0.52025
independent film:0.51925
cathartic:0.51725
plot twist:0.502
indie:0.50175
insanity:0.50125
friendship:0.49575
stylized:0.4915
dark:0.48825
forceful:0.486
sexy:0.4855
disability:0.48375
paranoia:0.4815
witty:0.478
crime gone awry:0.47775
stylish:0.47375
stereotypes:0.46825
life philosophy:0.463
nudity (full frontal - notable):0.46075
golden palm:0.4585
unlikely friendships:0.45575
cynical:0.45375
runaway:0.45375
suprisingly clever:0.45325
suspense:0.45125
politics:0.44625
world politics:0.44475
serial killer:0.44325
melancholic:0.43925
good:0.4355
mentor:0.434
redemption:0.43075
unlikeable characters:0.43075
happy ending:0.4295
pointless:0.42825
culture clash:0.42675
original plot:0.4245
intelligent:0.42
