tense:0.981
violence:0.94275
horror:0.93675
creepy:0.915
grim:0.915
suspenseful:0.8765
talky:0.86975
downbeat:0.86875
low budget:0.86875
suspense:0.86725
violent:0.8615
ominous:0.8485
original:0.847
cult classic:0.83625
serial killer:0.83375
imdb top 250:0.833
brutality:0.82625
runaway:0.82125
visceral:0.81875
intense:0.81675
disturbing:0.8025
murder:0.80075
frightening:0.79925
macabre:0.79775
great acting:0.79625
criterion:0.79425
movielens top pick:0.78675
drinking:0.78625
cynical:0.779
paranoid:0.77475
oscar (best directing):0.76825
forceful:0.763
oscar (best actress):0.7605
bleak:0.7585
social commentary:0.75825
obsession:0.7555
tragedy:0.741
loneliness:0.73625
dark:0.73475
enigmatic:0.7345
harsh:0.73325
gruesome:0.73125
suburbia:0.728
cerebral:0.7275
assassination:0.72425
character study:0.718
psychological:0.71575
story:0.71475
realistic:0.70825
storytelling:0.69875
great movie:0.698
directorial debut:0.69775
dialogue:0.69425
dark hero:0.685
great:0.6775
great ending:0.67475
weird:0.67425
california:0.674
classic:0.6715
crime gone awry:0.6705
clever:0.66875
interesting:0.66675
highly quotable:0.66375
insanity:0.65275
oscar (best supporting actress):0.644
nudity (topless - notable):0.639
eerie:0.6345
atmospheric:0.62625
revenge:0.6205
adapted from:book:0.61475
complex:0.613
narrated:0.61125
1970s:0.61075
visually appealing:0.6095
stylized:0.6085
cinematography:0.607
mentor:0.6055
affectionate:0.60525
grindhouse:0.605
moral ambiguity:0.60375
monster:0.6015
thriller:0.59525
gunfight:0.58875
depression:0.5865
light:0.58325
good acting:0.57475
texas:0.57325
afi 100 (movie quotes):0.572
nudity (full frontal - notable):0.5705
psychology:0.56875
witty:0.567
death:0.56625
dark humor:0.56375
chase:0.56275
redemption:0.56075
transformation:0.5595
cult film:0.55575
childhood:0.553
scary:0.55125
nocturnal:0.549
