marijuana:0.94425
comedy:0.93975
pregnancy:0.93875
slackers:0.93325
pornography:0.8885
foul language:0.8835
hilarious:0.8705
funny:0.85275
drinking:0.84975
weed:0.84525
geeks:0.80825
relationships:0.80025
parenthood:0.7985
stoner movie:0.794
off-beat comedy:0.77925
original:0.776
humor:0.7755
funniest movies:0.75675
drugs:0.7475
good soundtrack:0.74675
humorous:0.7465
very funny:0.7225
crude humor:0.69775
sex comedy:0.68775
virginity:0.67825
dialogue:0.6705
sex:0.668
beer:0.664
romantic comedy:0.65525
pg-13:0.65375
stereotypes:0.64875
nudity:0.6325
social commentary:0.6285
funny as hell:0.61925
quotable:0.615
goofy:0.60225
highly quotable:0.577
los angeles:0.56725
storytelling:0.5645
happy ending:0.54425
nudity (topless):0.543
clever:0.54275
suprisingly clever:0.54075
nudity (topless - brief):0.536
great ending:0.53475
chick flick:0.5345
nerds:0.52925
workplace:0.529
independent film:0.4995
honest:0.49875
male nudity:0.49725
realistic:0.49575
teen:0.4935
teen movie:0.4885
drama:0.48775
harsh:0.4875
unrealistic:0.48325
sarcasm:0.4775
stupidity:0.47125
feel-good:0.47
romantic:0.4635
culture clash:0.4605
catastrophe:0.4595
story:0.458
unlikely friendships:0.4575
mentor:0.45375
teens:0.44925
las vegas:0.448
irreverent:0.44425
brutality:0.44075
absurd:0.4395
buddy movie:0.43475
plot:0.424
good acting:0.422
life philosophy:0.41975
romance:0.418
great:0.4125
nudity (topless - notable):0.41225
betrayal:0.41175
friendship:0.407
good:0.40625
affectionate:0.4045
bittersweet:0.404
unfunny:0.4025
dumb:0.40225
shallow:0.398
destiny:0.3955
runaway:0.39275
dysfunctional family:0.3925
entirely dialogue:0.3905
imdb top 250:0.3895
interesting:0.38875
witty:0.38875
melancholic:0.38425
writers:0.38325
predictable:0.3825
complex:0.381
moral ambiguity:0.38
shopping:0.38
redemption:0.379
