animation:0.9895
disney animated feature:0.9875
talking animals:0.95525
fairy tale:0.94825
firefly:0.9345
new orleans:0.90075
computer animation:0.8795
animated:0.879
disney:0.8635
story:0.8225
race issues:0.8215
cartoon:0.7825
visually appealing:0.7565
voodoo:0.75425
original:0.73475
music:0.7275
good:0.72075
jazz:0.71525
love:0.679
animals:0.6645
fairy tales:0.6545
family:0.6155
musical:0.5975
pixar animation:0.5875
sweet:0.5805
storytelling:0.57925
stereotypes:0.57775
good soundtrack:0.535
fun:0.52575
happy ending:0.51325
kids and family:0.512
destiny:0.50575
1920s:0.50525
cute:0.5005
beautiful scenery:0.49925
nostalgic:0.49775
great:0.49225
runaway:0.48975
friendship:0.48675
witty:0.4795
dialogue:0.473
heartwarming:0.47125
childhood:0.4665
unlikely friendships:0.46475
romantic:0.45775
greed:0.45375
visually stunning:0.4485
great ending:0.44225
love story:0.43875
fun movie:0.4385
children:0.4345
catastrophe:0.43275
clever:0.42725
classic:0.423
kids:0.422
culture clash:0.4145
animal movie:0.4075
adventure:0.40625
redemption:0.402
mentor:0.39875
magic:0.37675
witch:0.3685
fantasy world:0.36825
dreams:0.36425
suprisingly clever:0.36
transformation:0.35825
girlie movie:0.3565
light:0.34625
creativity:0.34325
good versus evil:0.34025
betrayal:0.339
not funny:0.3345
entertaining:0.33275
predictable:0.33175
oscar (best music - original song):0.327
feel good movie:0.3265
stylized:0.3265
adaptation:0.324
very good:0.321
romance:0.31425
pg-13:0.31275
natural disaster:0.3125
life philosophy:0.31175
witches:0.31125
very funny:0.311
goofy:0.308
adapted from:book:0.307
great soundtrack:0.30575
plot:0.3005
good music:0.29875
whimsical:0.29625
colourful:0.29575
sacrifice:0.29425
vengeance:0.29175
cute!:0.2845
twists & turns:0.284
original plot:0.28375
feel-good:0.28325
interracial romance:0.28225
indians:0.27675
