surreal:0.979
surrealism:0.9615
allegory:0.91975
psychedelic:0.915
dreamlike:0.913
weird:0.89675
imagination:0.877
social commentary:0.84925
artistic:0.78875
sci-fi:0.78875
storytelling:0.785
masterpiece:0.78225
animation:0.757
visual:0.73825
animated:0.72175
creativity:0.70625
enigmatic:0.6915
strange:0.691
bizarre:0.68325
original:0.67525
visually appealing:0.67225
sci fi:0.63975
visually stunning:0.60225
criterion:0.596
humanity:0.582
cerebral:0.578
atmospheric:0.5715
scifi:0.5655
unusual plot structure:0.565
science fiction:0.5625
meditative:0.5625
melancholy:0.55175
cartoon:0.5495
artist:0.532
existentialism:0.51525
cult classic:0.5095
story:0.50775
alien:0.503
great ending:0.5025
melancholic:0.50125
art:0.4955
stoner movie:0.4765
cult film:0.471
idealism:0.46975
suprisingly clever:0.4695
eerie:0.46675
aliens:0.4645
art house:0.4625
computer animation:0.462
great:0.455
based on a book:0.45075
fantasy world:0.44925
satirical:0.44825
loneliness:0.443
transformation:0.4385
french:0.4345
golden palm:0.43225
based on book:0.43
catastrophe:0.4275
very interesting:0.42125
dreams:0.4165
dystopia:0.41425
foreign:0.41075
mentor:0.41075
dialogue:0.40975
breathtaking:0.4065
hallucinatory:0.39725
beautifully filmed:0.397
absurd:0.3905
culture clash:0.38925
animal movie:0.382
runaway:0.38175
life & death:0.378
talky:0.368
alone in the world:0.36275
harsh:0.36175
animals:0.3615
intellectual:0.351
pornography:0.344
oscar (best supporting actress):0.34225
good soundtrack:0.34025
childhood:0.34025
nocturnal:0.33925
narrated:0.336
thought-provoking:0.33575
obsession:0.33325
visuals:0.33325
stylized:0.331
not funny:0.3305
greed:0.3275
futuristic:0.32425
identity:0.323
anime:0.32175
utopia:0.31975
entirely dialogue:0.3195
adaptation:0.315
brutality:0.313
reflective:0.312
paranoid:0.30875
philosophical:0.30625
