surprise ending:0.9435
twist ending:0.91925
twist:0.86325
drama:0.73425
great ending:0.728
predictable:0.7095
psychological:0.70425
original:0.69875
twists & turns:0.695
plot:0.6785
life & death:0.66675
first contact:0.66325
afterlife:0.66075
catastrophe:0.6425
supernatural:0.615
powerful ending:0.60325
plot twist:0.59575
death:0.595
mentor:0.59125
life philosophy:0.5715
bad ending:0.56075
psychology:0.5505
loneliness:0.546
story:0.53575
romantic:0.51475
mystery:0.5
conspiracy:0.4995
internet:0.49525
alternate endings:0.47825
romance:0.4725
so bad it's funny:0.47075
bad plot:0.4645
secrets:0.441
boring:0.43475
natural disaster:0.434
better than expected:0.43075
thriller:0.4045
weird:0.4
enigmatic:0.3975
love story:0.39675
pointless:0.3945
storytelling:0.39325
touching:0.393
silly fun:0.389
plot holes:0.38075
doctors:0.37
emotional:0.363
conspiracy theory:0.35675
dialogue:0.355
thought-provoking:0.353
disaster:0.34875
boring!:0.34825
happy ending:0.34075
absurd:0.34
intense:0.339
not funny:0.33675
suspense:0.3365
good acting:0.33575
cheating:0.33575
shallow:0.333
pg-13:0.3325
creepy:0.33025
nudity (full frontal - brief):0.32
suspenseful:0.317
melancholic:0.31425
unrealistic:0.31175
visually appealing:0.31175
alternate reality:0.31025
idiotic:0.308
adaptation:0.30725
ominous:0.304
ghosts/afterlife:0.29975
betrayal:0.29875
good soundtrack:0.2975
writers:0.29675
cinematography:0.29425
bad cgi:0.29225
transformation:0.2875
identity:0.2875
big budget:0.28575
destiny:0.28375
parallel universe:0.28325
special effects:0.28
silly:0.2795
based on a book:0.27925
creativity:0.27775
fantasy world:0.27625
fight scenes:0.2745
police investigation:0.2745
overrated:0.27175
quirky:0.271
manipulation:0.2695
confusing:0.2655
good:0.26425
ghosts:0.2595
beautiful scenery:0.25775
existentialism:0.257
psychiatrist:0.2555
bad acting:0.25075
art:0.2505
