action:0.96625
good action:0.946
united nations:0.892
fight scenes:0.8655
espionage:0.82025
chase:0.82
conspiracy:0.81975
fast paced:0.78625
action packed:0.7845
twists & turns:0.76475
betrayal:0.747
assassination:0.713
original:0.70775
world politics:0.7035
predictable:0.7015
assassin:0.70075
plot twist:0.66925
politics:0.66825
secrets:0.657
great ending:0.61975
conspiracy theory:0.6115
good:0.595
cool:0.595
dialogue:0.58675
martial arts:0.58325
mentor:0.5785
vengeance:0.55975
corruption:0.55675
secret service:0.55275
car chase:0.55275
violence:0.53775
thriller:0.53475
assassins:0.53425
twist ending:0.52425
plot:0.52375
complicated plot:0.522
weapons:0.5125
china:0.49725
gunfight:0.489
no plot:0.48575
lone hero:0.48225
hit men:0.47625
kung fu:0.4755
pg-13:0.463
arms dealer:0.461
plot holes:0.45375
murder:0.438
bad plot:0.433
spying:0.42675
catastrophe:0.423
entertaining:0.42
explosions:0.4185
spy:0.418
pointless:0.41775
life philosophy:0.414
story:0.4135
storytelling:0.4065
so bad it's funny:0.40575
guns:0.4045
suspense:0.4045
big budget:0.403
sexy:0.401
very good:0.4
not funny:0.39525
better than expected:0.39225
revenge:0.39225
complex:0.3895
manipulation:0.389
stylish:0.3885
clever:0.38075
bad:0.37675
classic car:0.375
first contact:0.37
stereotypes:0.36825
silly:0.367
hong kong:0.365
nudity (topless - notable):0.36175
runaway:0.36075
fbi:0.354
horrible:0.3525
surprise ending:0.3505
entirely dialogue:0.3425
identity:0.3415
bad acting:0.33775
exciting:0.3375
realistic action:0.3365
good soundtrack:0.3365
fun movie:0.33225
bad ending:0.3315
political:0.32675
great:0.32675
hitman:0.3215
unfunny:0.32025
brutality:0.316
fighting:0.31425
destiny:0.3115
adaptation:0.311
stylized:0.31
justice:0.30925
guilty pleasure:0.3025
