good action:0.993
action:0.99
action packed:0.98475
chase:0.96425
tense:0.95675
fast paced:0.95375
explosions:0.943
suspense:0.92425
exciting:0.91675
big budget:0.91175
intense:0.87725
suspenseful:0.84225
runaway:0.82225
mentor:0.77725
good acting:0.775
thriller:0.77475
special effects:0.76875
fun movie:0.751
vengeance:0.751
great:0.74875
good:0.7475
original:0.727
fight scenes:0.6965
adventure:0.694
girlie movie:0.69275
romantic:0.672
pg-13:0.6685
oscar winner:0.66675
hostage:0.664
plot:0.65425
great movie:0.654
cool:0.64725
lone hero:0.64475
bombs:0.64175
entertaining:0.64125
dialogue:0.63075
revenge:0.625
great ending:0.6205
catastrophe:0.5905
story:0.58975
dynamic cgi action:0.5865
destiny:0.58625
natural disaster:0.58425
predictable:0.577
fun:0.57625
claustrophobic:0.5735
visceral:0.57275
family:0.5725
romance:0.567
car chase:0.56
weapons:0.5585
silly fun:0.54425
forceful:0.54375
great acting:0.5425
los angeles:0.5415
oscar (best sound):0.53525
oscar (best effects - visual effects):0.531
conspiracy:0.53075
assassination:0.52925
love story:0.5185
surveillance:0.5135
twists & turns:0.4815
violence:0.47125
terrorism:0.46825
original plot:0.46575
survival:0.46375
franchise:0.43175
culture clash:0.431
better than expected:0.4305
apocalypse:0.428
excellent:0.428
dark hero:0.4275
superheroes:0.42725
futuristic:0.424
plot holes:0.41875
happy ending:0.413
realistic action:0.40475
buddy movie:0.39975
transformation:0.39775
bad plot:0.39575
death:0.39525
simple:0.3905
drama:0.38875
clever:0.387
earnest:0.38425
tom clancy:0.381
saturn award (best special effects):0.381
beautiful scenery:0.38025
quotable:0.375
life philosophy:0.374
sacrifice:0.37325
redemption:0.371
good soundtrack:0.37075
technology:0.363
grindhouse:0.3595
not funny:0.3565
fighting:0.35575
storytelling:0.35475
comedy:0.34075
gunfight:0.33825
