animation:0.987
computer animation:0.9675
fairy tale:0.918
animated:0.866
cartoon:0.858
story:0.85025
talking animals:0.8365
animals:0.7985
original:0.7885
police investigation:0.76125
storytelling:0.74875
kids and family:0.72875
clever:0.72375
children:0.6915
funny:0.665
creativity:0.63675
fairy tales:0.635
stop motion:0.60925
dialogue:0.5885
visually stunning:0.5695
good:0.55575
animal movie:0.552
plot:0.52525
great ending:0.522
great:0.50875
cgi:0.49225
crude humor:0.49
pixar animation:0.4775
comedy:0.47125
predictable:0.461
fast paced:0.4595
stereotypes:0.454
entertaining:0.44175
fun:0.4405
fantasy world:0.4395
very funny:0.43675
mentor:0.427
pigs:0.42
catastrophe:0.4175
transformation:0.4075
humorous:0.4065
hilarious:0.4065
suprisingly clever:0.39675
bad plot:0.39675
kids:0.38475
twists & turns:0.384
visually appealing:0.383
weird:0.38175
redemption:0.3815
stylized:0.37675
great movie:0.37625
fun movie:0.37025
stop-motion:0.37025
family:0.36325
3d:0.3615
oscar (best animated feature):0.35925
life philosophy:0.348
silly:0.34725
cute:0.34425
nonlinear:0.342
visual:0.34
pg-13:0.3315
chase:0.33125
so bad it's funny:0.3255
original plot:0.32425
entirely dialogue:0.317
alternate endings:0.3165
witty:0.31425
complex:0.3085
absurd:0.30825
good music:0.30125
nudity (full frontal - brief):0.30075
cool:0.3005
adaptation:0.299
destiny:0.2985
childhood:0.29825
good soundtrack:0.29775
parody:0.295
tricky:0.293
brutality:0.2915
unfunny:0.28825
slapstick:0.288
alter ego:0.287
culture clash:0.286
twist ending:0.28325
runaway:0.28325
colourful:0.28225
better than expected:0.2795
harsh:0.279
murder mystery:0.2725
giant robots:0.27
detective:0.26725
cerebral:0.2665
satirical:0.264
visuals:0.26325
melancholic:0.26275
investigation:0.26125
dreamworks:0.26075
funny as hell:0.26075
good story:0.2605
