australian:0.9125
obsession:0.831
original:0.797
farce:0.794
hotel:0.7215
australia:0.66425
fun movie:0.66325
brothers:0.625
romantic:0.61075
light:0.6015
fantasy world:0.5715
love:0.5645
quirky:0.55125
nudity (topless):0.551
brutality:0.5465
sci fi:0.5305
dialogue:0.52825
comedy:0.51325
love triangles:0.51275
criterion:0.5065
great ending:0.50275
nudity (full frontal - brief):0.47325
satirical:0.473
murder:0.458
very funny:0.45325
passionate:0.45075
witty:0.45
weird:0.441
teen movie:0.441
entirely dialogue:0.4295
great:0.42875
drama:0.42275
catastrophe:0.418
dreams:0.4175
dark hero:0.4165
melancholic:0.41475
eccentricity:0.40975
twists & turns:0.40875
male nudity:0.40825
chase:0.40775
sexy:0.40575
good:0.39575
mentor:0.3925
fun:0.391
stylish:0.3805
grindhouse:0.38025
talky:0.3765
distopia:0.3765
teen:0.373
romance:0.3725
harsh:0.37175
nudity (full frontal - notable):0.369
funny:0.36725
story:0.3655
cult classic:0.36475
storytelling:0.35625
cool:0.35525
sci-fi:0.35475
visually appealing:0.35325
relationships:0.353
plot twist:0.35025
good soundtrack:0.34875
teens:0.34775
redemption:0.3465
awesome soundtrack:0.34525
beautifully filmed:0.3435
death:0.3435
beautiful scenery:0.34275
so bad it's funny:0.341
cinematography:0.33775
love story:0.3375
visually stunning:0.33425
finnish:0.33375
great movie:0.33025
suprisingly clever:0.32775
british:0.32425
nudity (topless - notable):0.322
enigmatic:0.321
nocturnal:0.3185
desert:0.3175
life & death:0.317
police investigation:0.316
adaptation:0.31375
fight scenes:0.30925
sexualized violence:0.30775
cult film:0.304
clever:0.303
stylized:0.30225
surreal:0.301
culture clash:0.3005
complex:0.3
classic car:0.298
predictable:0.29775
scifi:0.2955
not funny:0.29425
very interesting:0.29275
pg-13:0.2925
queer:0.292
great acting:0.291
oscar (best actress):0.29075
