comedy:0.97825
mentor:0.925
hilarious:0.868
funny:0.85125
foul language:0.837
drinking:0.834
social commentary:0.79625
funniest movies:0.76275
pg-13:0.7445
goofy:0.7345
quotable:0.71575
geeks:0.70975
very funny:0.70025
drugs:0.6875
stereotypes:0.66525
original:0.6595
humor:0.65575
teen movie:0.64725
buddy movie:0.64025
kids:0.6395
off-beat comedy:0.62625
sarcasm:0.6215
funny as hell:0.61975
teen:0.61875
nerds:0.61075
feel-good:0.59625
slackers:0.5925
humorous:0.5825
unlikely friendships:0.5785
friendship:0.569
fun movie:0.5635
crude humor:0.56025
good soundtrack:0.544
great:0.5365
silly:0.5165
unfunny:0.51275
parody:0.5125
feel good movie:0.512
teens:0.50625
dialogue:0.503
great ending:0.499
predictable:0.49775
silly fun:0.48575
fun:0.4775
pornography:0.47625
storytelling:0.474
stoner movie:0.46625
story:0.46375
clever:0.46
runaway:0.45275
road trip:0.452
catastrophe:0.451
bullying:0.43775
childhood:0.437
absurd:0.43525
school:0.4275
good:0.42725
geek:0.42375
slapstick:0.42025
nudity (topless):0.41375
cult film:0.4055
life philosophy:0.404
fantasy world:0.39725
beer:0.39675
male nudity:0.39275
better than expected:0.39025
adolescence:0.3895
weird:0.379
redemption:0.37225
eccentricity:0.37125
brothers:0.37075
transformation:0.37
justice:0.3685
chase:0.36575
dragons:0.362
plot:0.3585
workplace:0.35475
high school:0.35225
dumb:0.34725
happy ending:0.34575
original plot:0.34025
suprisingly clever:0.33825
fight scenes:0.337
censorship:0.33625
weed:0.3355
destiny:0.3325
great movie:0.3315
obsession:0.329
good acting:0.3265
teacher:0.31875
satire:0.31325
stupidity:0.312
harsh:0.3095
amy smart:0.3
affectionate:0.29925
so bad it's funny:0.29875
dramatic:0.298
entertaining:0.2965
culture clash:0.29425
cult classic:0.294
