political:0.99025
politics:0.98625
criterion:0.93775
conspiracy:0.93225
powerful ending:0.9315
assassination:0.9265
tense:0.91875
corruption:0.90075
investigation:0.88975
foreign:0.8875
forceful:0.86475
surveillance:0.85375
oscar (best foreign language film):0.847
dramatic:0.755
world politics:0.74825
original:0.738
golden palm:0.732
talky:0.72575
imdb top 250:0.717
paranoia:0.71225
cinematography:0.70725
enigmatic:0.7055
social commentary:0.69675
very interesting:0.69
idealism:0.68675
interesting:0.67575
oscar (best actress):0.66775
oscar (best directing):0.66625
tragedy:0.666
brutality:0.6495
great acting:0.6465
breathtaking:0.64575
greed:0.64
runaway:0.6395
history:0.63075
complex:0.628
cerebral:0.62775
revolution:0.62475
based on book:0.6235
oscar (best supporting actress):0.61325
great ending:0.6085
movielens top pick:0.602
masterpiece:0.602
thriller:0.57875
us history:0.56725
earnest:0.56425
secrets:0.563
storytelling:0.5615
culture clash:0.56025
based on a book:0.55625
police investigation:0.5525
atmospheric:0.54125
true story:0.5395
manipulation:0.53275
paranoid:0.532
satirical:0.52925
mentor:0.52775
crime gone awry:0.525
freedom:0.5245
pornography:0.52425
twists & turns:0.5225
journalism:0.52175
intimate:0.51225
harsh:0.51175
controversial:0.51125
bleak:0.51075
grim:0.509
betrayal:0.5015
narrated:0.494
stylish:0.4935
realistic:0.48825
suprisingly clever:0.4835
historical:0.48125
unusual plot structure:0.4775
1970s:0.4695
downbeat:0.46925
political corruption:0.46775
dialogue:0.46525
clever:0.463
ethnic conflict:0.4625
catastrophe:0.46175
satire:0.45775
documentary:0.456
visually appealing:0.454
murder:0.445
brainwashing:0.4445
witty:0.44275
drama:0.441
assassin:0.43175
great:0.431
stylized:0.4245
fighting the system:0.42375
justice:0.422
civil war:0.42
affectionate:0.41575
censorship:0.411
melancholy:0.40575
psychological:0.4035
oscar:0.4025
adaptation:0.40125
