criterion:0.746
meditative:0.7035
israel:0.67
light:0.65675
original:0.62175
reflective:0.595
jews:0.56725
middle east:0.5495
absurd:0.50525
native americans:0.49725
intellectual:0.492
cinematography:0.47025
french:0.46375
pornography:0.44675
talky:0.43675
catastrophe:0.428
life & death:0.42425
enigmatic:0.42425
russian:0.41875
dialogue:0.40725
mentor:0.40575
melancholic:0.39925
philosophical:0.3925
very interesting:0.3855
not funny:0.38425
breathtaking:0.377
existentialism:0.35925
suprisingly clever:0.3515
betrayal:0.345
visual:0.34375
artistic:0.3435
islam:0.3375
storytelling:0.32025
brutality:0.31725
stylized:0.3155
overrated:0.31175
great ending:0.3095
artist:0.3065
nocturnal:0.3005
visually appealing:0.2955
narrated:0.2945
indians:0.29425
complex:0.29
writers:0.29
runaway:0.29
documentary:0.28675
jewish:0.28375
quotable:0.283
art:0.2825
pretentious:0.28175
dreamlike:0.28125
intimate:0.27875
entirely dialogue:0.27725
cerebral:0.27275
politics:0.27225
greed:0.271
drinking:0.2575
memory:0.25575
ethnic conflict:0.253
life philosophy:0.24825
photography:0.2475
war movie:0.2455
golden palm:0.24475
stand-up comedy:0.2425
journalism:0.2415
poetry:0.24025
unusual plot structure:0.231
political:0.2295
afterlife:0.22575
romantic:0.22475
books:0.22475
harsh:0.2235
imdb top 250:0.22175
slapstick:0.22075
first contact:0.21975
france:0.21725
brainwashing:0.2165
tokyo:0.2145
affectionate:0.212
lone hero:0.20925
nerds:0.207
destiny:0.20575
women:0.2055
satirical:0.20225
self discovery:0.20175
unfunny:0.2015
visually stunning:0.20025
vengeance:0.1985
nostalgic:0.19725
loneliness:0.19625
multiple storylines:0.194
clever:0.19375
death:0.19225
off-beat comedy:0.191
farce:0.1905
great:0.19025
fantasy world:0.189
quirky:0.1885
suicide:0.1845
nazis:0.184
