vengeance:0.88925
action:0.7975
revenge:0.7795
original:0.68975
good action:0.68225
fight scenes:0.63375
hunting:0.624
violent:0.598
runaway:0.59175
mentor:0.56075
predictable:0.557
violence:0.55025
cool:0.51375
franchise:0.49525
solitude:0.4915
good:0.4745
great ending:0.47175
fun movie:0.45925
80s:0.45775
pornography:0.4565
buddy movie:0.453
lone hero:0.448
catastrophe:0.44275
very interesting:0.4295
motorcycle:0.4225
chase:0.40325
brutality:0.38975
silly fun:0.386
not funny:0.36625
fantasy world:0.36175
los angeles:0.355
destiny:0.3515
life philosophy:0.34975
unusual plot structure:0.3445
psychology:0.341
thriller:0.33775
fun:0.32475
first contact:0.32275
cult film:0.32025
dialogue:0.316
campy:0.316
survival:0.31525
good soundtrack:0.315
story:0.31025
adaptation:0.3075
suspense:0.29675
islam:0.2965
great:0.29525
storytelling:0.29375
entertaining:0.29225
homeless:0.2915
justice:0.2825
gangsters:0.2815
classic car:0.27
nudity (topless):0.26825
underrated:0.2665
dark hero:0.2645
intense:0.25925
arms dealer:0.255
shallow:0.25425
visually appealing:0.25425
transformation:0.24975
big budget:0.24925
natural disaster:0.247
sexualized violence:0.24675
redemption:0.24625
terrorism:0.24475
psychological:0.24125
camp:0.23925
torture:0.23775
family:0.237
underdog:0.23625
culture clash:0.23325
series:0.23275
murder:0.231
very funny:0.2305
weapons:0.23025
bad plot:0.22975
entirely dialogue:0.2255
hitman:0.22475
fighting:0.22325
overrated:0.221
reality tv:0.22
happy ending:0.21975
adapted from:book:0.21675
police investigation:0.2135
unfunny:0.21225
excellent script:0.208
exciting:0.20775
death:0.207
twists & turns:0.20625
sexy:0.20625
action packed:0.20425
stereotypes:0.2025
visually stunning:0.202
corruption:0.20175
very good:0.20175
melancholic:0.2005
oscar (best directing):0.19875
crude humor:0.19825
