social commentary:0.85675
original:0.83775
enigmatic:0.83475
quirky:0.78725
obsession:0.75925
whimsical:0.756
eccentricity:0.7465
criterion:0.738
cinematography:0.729
surreal:0.71825
talky:0.70275
cult film:0.7025
insanity:0.6935
unusual plot structure:0.68725
oscar (best actress):0.68175
dialogue:0.676
clever:0.672
paranoia:0.65275
complex:0.6435
oscar (best supporting actress):0.6385
intense:0.628
storytelling:0.6205
weird:0.61925
paranoid:0.60375
allegory:0.5955
cerebral:0.594
absurd:0.587
cult classic:0.581
stylized:0.57775
fantasy world:0.568
runaway:0.56775
oscar (best directing):0.559
visual:0.55775
witty:0.55775
drama:0.5575
twists & turns:0.551
atmospheric:0.5375
visually appealing:0.536
masterpiece:0.52125
imagination:0.51775
adaptation:0.5035
suspense:0.502
great:0.49575
hotel:0.49175
affectionate:0.48775
fun movie:0.485
entirely dialogue:0.483
visually stunning:0.47675
intellectual:0.473
interesting:0.46975
mentor:0.464
very interesting:0.4625
black comedy:0.46075
tense:0.44925
stylish:0.44875
culture clash:0.44825
chase:0.43975
light:0.4395
golden palm:0.4355
pornography:0.43475
great ending:0.4315
grindhouse:0.4295
betrayal:0.425
imdb top 250:0.42225
creativity:0.421
greed:0.42025
based on book:0.4195
catastrophe:0.41575
oscar:0.414
underrated:0.41075
distopia:0.4095
satire:0.409
destiny:0.40875
manipulation:0.40825
character study:0.4075
surrealism:0.40675
good soundtrack:0.40625
independent film:0.40425
police investigation:0.40375
secrets:0.398
artistic:0.3975
adapted from:book:0.39625
melancholy:0.39625
corruption:0.39175
nocturnal:0.3885
writers:0.38525
stunning:0.38475
mad scientist:0.384
passionate:0.381
crime:0.37975
visceral:0.379
psychological:0.37225
crime gone awry:0.37225
satirical:0.37175
race issues:0.37125
melancholic:0.36975
murder:0.3675
quotable:0.36475
surveillance:0.362
ironic:0.35725
