french:0.8125
workplace:0.79
drinking:0.77825
suicide:0.768
light:0.76025
depression:0.7375
destiny:0.6895
life philosophy:0.68925
existentialism:0.6885
paris:0.65775
wine:0.653
compassionate:0.6425
france:0.6215
suicide attempt:0.6175
original:0.6025
foreign:0.597
mentor:0.592
loneliness:0.57075
idealism:0.566
harsh:0.56525
beautifully filmed:0.56025
social commentary:0.55975
melancholic:0.5445
farce:0.5395
solitude:0.5095
friendship:0.4985
unusual plot structure:0.4955
corruption:0.46975
comedy:0.466
movielens top pick:0.46375
suprisingly clever:0.45775
segregation:0.4535
life & death:0.44625
life:0.4435
road movie:0.44175
unlikely friendships:0.438
talky:0.4345
culture clash:0.4235
creativity:0.413
absurd:0.41175
fighting the system:0.4095
catastrophe:0.4075
feel-good:0.40725
great:0.4035
forceful:0.40025
feel good movie:0.39925
great ending:0.39875
good soundtrack:0.39525
screwball:0.392
computer animation:0.39125
character study:0.3775
romance:0.3755
redemption:0.3715
fantasy world:0.3705
twists & turns:0.36875
good:0.3595
pg-13:0.35475
goofy:0.35025
understated:0.348
golden palm:0.3435
downbeat:0.343
childhood:0.34125
romantic:0.3405
very funny:0.3405
dramatic:0.33375
infidelity:0.33325
story:0.329
touching:0.3285
runaway:0.32475
allegory:0.32225
interesting:0.32075
obsession:0.31725
vengeance:0.31575
screwball comedy:0.313
new jersey:0.3115
great acting:0.30675
storytelling:0.3055
quirky:0.29825
dialogue:0.298
chase:0.2965
imdb top 250:0.295
slapstick:0.293
art:0.28725
very good:0.28525
criterion:0.285
transformation:0.285
predictable:0.28425
brutality:0.2805
masterpiece:0.27825
inspirational:0.27625
satirical:0.27625
writers:0.2745
visually appealing:0.274
shallow:0.2715
intimate:0.2715
whimsical:0.26825
poignant:0.266
bittersweet:0.26475
enigmatic:0.2625
independent film:0.26075
