cold war:0.98725
nuclear war:0.97975
dramatic:0.97875
tense:0.92625
nuclear:0.9235
drama:0.899
president:0.89775
adapted from:book:0.89175
weapons:0.871
sacrifice:0.83975
claustrophobic:0.82225
imdb top 250:0.813
based on book:0.787
politics:0.7845
paranoia:0.775
black and white:0.76675
intense:0.76475
suspense:0.76
technology:0.759
original:0.75875
bombs:0.7585
political:0.75325
cerebral:0.743
talky:0.74
great acting:0.7395
oscar (best directing):0.72175
thought-provoking:0.716
forceful:0.71375
good acting:0.70825
powerful ending:0.70175
earnest:0.69925
interesting:0.699
great ending:0.68275
runaway:0.67225
catastrophe:0.66875
military:0.668
corruption:0.6645
excellent script:0.662
nuclear bomb:0.66
tragedy:0.6565
social commentary:0.6555
excellent:0.65475
frightening:0.6525
secrets:0.6515
classic:0.63975
russian:0.638
oscar (best actress):0.63675
humanity:0.6345
russia:0.62675
idealism:0.62225
wartime:0.61725
realistic:0.61475
period piece:0.6145
complex:0.61025
good:0.60875
clever:0.602
assassination:0.58975
courage:0.58625
conspiracy:0.5825
war:0.56975
unusual plot structure:0.55825
thriller:0.55775
intellectual:0.54975
greed:0.54675
criterion:0.54225
suprisingly clever:0.541
storytelling:0.54075
us history:0.5375
narrated:0.53625
masterpiece:0.534
story:0.53175
dialogue:0.52275
morality:0.52025
absurd:0.52
first contact:0.519
psychological:0.518
propaganda:0.51675
satire:0.51625
culture clash:0.5125
great movie:0.5075
spying:0.504
exceptional acting:0.50375
ethnic conflict:0.50275
prejudice:0.5005
paranoid:0.49825
survival:0.4975
great:0.49375
light:0.48825
atmospheric:0.487
compassionate:0.48675
poignant:0.4865
grim:0.48525
cinematography:0.48425
bleak:0.48275
ensemble cast:0.48175
oscar winner:0.48125
mentor:0.48075
satirical:0.47675
historical:0.47675
moral ambiguity:0.47425
