cartoon:0.99125
kids:0.9455
children:0.8915
kids and family:0.87375
childhood:0.8415
original:0.81275
animation:0.78625
disney:0.714
family:0.69375
school:0.6895
fun:0.64725
good:0.57025
camp:0.56775
goofy:0.51
cute!:0.49725
animals:0.48025
series:0.46925
good soundtrack:0.46725
fun movie:0.46125
cute:0.448
talking animals:0.448
dialogue:0.44525
adaptation:0.43725
bullying:0.43375
great ending:0.43325
great:0.4305
mentor:0.41075
catastrophe:0.40475
predictable:0.3995
weird:0.394
feel-good:0.3925
story:0.38775
ninja:0.3815
storytelling:0.37525
spelling bee:0.371
futuristic:0.36875
unusual plot structure:0.3635
clever:0.3635
redemption:0.36325
slapstick:0.35625
unlikely friendships:0.354
entertaining:0.354
secret service:0.3505
silly:0.34725
very funny:0.3445
teacher:0.33925
feel good movie:0.33625
television:0.3355
silly fun:0.32825
overrated:0.32525
lone hero:0.32475
very good:0.32275
good music:0.32175
friendship:0.31525
teen movie:0.31325
nudity (full frontal - brief):0.3125
nostalgic:0.312
sci fi:0.30875
not funny:0.30875
melancholic:0.30575
colourful:0.298
inspirational:0.2965
harsh:0.2925
animated:0.29
magic:0.29
brutality:0.289
life philosophy:0.2885
bad plot:0.28725
runaway:0.28575
fantasy:0.282
first contact:0.278
violence:0.27675
high school:0.273
fight scenes:0.27225
crude humor:0.27175
simple:0.27075
destiny:0.27075
so bad it's funny:0.2665
reality tv:0.265
great movie:0.26
greed:0.25875
cult film:0.25825
cool:0.257
funny:0.25475
entirely dialogue:0.2535
adventure:0.253
fantasy world:0.25075
imdb top 250:0.2495
80s:0.245
computer animation:0.241
vengeance:0.24
weapons:0.2395
adoption:0.23875
parallel universe:0.237
violent:0.2365
stereotypes:0.23625
classic:0.23625
multiple storylines:0.23525
dreamlike:0.233
culture clash:0.231
