thriller:0.6345
original:0.615
splatter:0.55575
great ending:0.55475
psychological:0.545
horrible:0.529
predictable:0.5275
suspense:0.5035
children:0.4975
psychology:0.4905
runaway:0.482
mentor:0.479
good:0.46025
police investigation:0.44525
catastrophe:0.44425
so bad it's funny:0.44425
pornography:0.431
death:0.417
secrets:0.40575
fantasy world:0.40275
bad:0.39375
disturbing:0.39025
pg-13:0.38925
family:0.386
twists & turns:0.3825
dialogue:0.36975
twist:0.365
brutality:0.36375
violence:0.35675
murder:0.3505
manipulation:0.34925
childhood:0.34925
good soundtrack:0.34775
life & death:0.343
violent:0.3425
scary:0.33225
storytelling:0.33
great:0.32475
intense:0.31575
not funny:0.31575
nudity (full frontal - brief):0.31425
cute!:0.30925
weird:0.30575
vengeance:0.30525
suspenseful:0.302
bad acting:0.2995
dysfunctional family:0.29775
obsession:0.2925
first contact:0.289
bad plot:0.288
guilt:0.28625
kids:0.28375
fun movie:0.28275
overrated:0.282
plot:0.28
cinematography:0.27825
psychiatrist:0.27675
adaptation:0.2745
happy ending:0.2695
sexualized violence:0.26875
destiny:0.268
corruption:0.2655
cancer:0.26375
con men:0.263
twist ending:0.2625
bad ending:0.261
very interesting:0.2595
revenge:0.257
entirely dialogue:0.2525
creepy:0.25025
culture clash:0.24575
erotic:0.24525
bullying:0.24325
good acting:0.2425
life philosophy:0.2395
betrayal:0.239
serial killer:0.23825
redemption:0.236
unrealistic:0.23575
natural disaster:0.23525
adoption:0.23425
very good:0.23375
pointless:0.2335
silly fun:0.23075
unintentionally funny:0.22925
stupidity:0.22425
stupid:0.21825
lone hero:0.21575
teen movie:0.21525
harsh:0.2145
melancholic:0.2135
adventure:0.2135
story:0.21325
crude humor:0.211
chase:0.21
doctors:0.20975
stylized:0.20975
weapons:0.20825
interesting:0.208
nudity (topless - notable):0.20775
