romantic comedy:0.99825
romantic:0.99625
chick flick:0.99
sweet:0.98475
feel-good:0.9665
love story:0.9645
girlie movie:0.96275
feel good movie:0.9535
romance:0.943
good romantic comedies:0.9405
happy ending:0.88225
cute:0.86425
love:0.82475
heartwarming:0.82175
cute!:0.81575
family:0.811
destiny:0.79525
mistaken identity:0.7705
great:0.74325
rags to riches:0.71425
light:0.6765
chase:0.65975
original:0.6565
predictable:0.654
sappy:0.62225
fun movie:0.6125
sentimental:0.593
beautiful scenery:0.5835
relationships:0.56275
catastrophe:0.547
good:0.536
mentor:0.5235
fun:0.5115
great ending:0.50975
touching:0.50325
natural disaster:0.47075
silly:0.46025
wedding:0.46
loneliness:0.451
funny:0.44975
story:0.44175
single father:0.441
culture clash:0.43425
great movie:0.4175
screwball comedy:0.4035
good action:0.39825
hospital:0.39675
life philosophy:0.394
divorce:0.38125
shopping:0.38125
runaway:0.37725
pg-13:0.375
christmas:0.3715
holiday:0.37075
not funny:0.36375
dialogue:0.35925
comedy:0.35625
doctors:0.354
oscar (best supporting actress):0.33175
kids and family:0.322
very funny:0.31925
better than expected:0.318
quirky:0.315
simple:0.3005
interracial romance:0.2995
women:0.29625
plot:0.296
first contact:0.29025
unfunny:0.28775
sacrifice:0.2875
clever:0.2845
shallow:0.282
lone hero:0.28175
stereotypes:0.2815
dog:0.28
witty:0.2795
vengeance:0.27925
affectionate:0.2775
marriage:0.27425
absurd:0.273
amnesia:0.27275
storytelling:0.2715
whimsical:0.2695
fairy tale:0.2695
adaptation:0.2685
transformation:0.2675
good soundtrack:0.266
passionate:0.2615
family drama:0.26025
love triangles:0.2595
childhood:0.25925
entertaining:0.25875
tear jerker:0.25375
brutality:0.2495
honest:0.248
family bonds:0.24675
oscar winner:0.2455
secrets:0.2425
bittersweet:0.242
betrayal:0.242
