espionage:0.9415
comedy:0.92625
spying:0.84575
fun movie:0.818
spies:0.81075
spy:0.777
original:0.73025
internet:0.65375
directorial debut:0.65125
funny:0.63825
secret service:0.6305
chase:0.62325
80s:0.5845
fun:0.56675
predictable:0.5435
mentor:0.51225
secrets:0.49925
caper:0.4715
good:0.4575
great:0.4395
great ending:0.4225
technology:0.4215
silly fun:0.4205
fast paced:0.41975
happy ending:0.411
quotable:0.406
first contact:0.398
very funny:0.397
adventure:0.3915
family:0.389
hilarious:0.3885
farce:0.382
computers:0.3795
british:0.37575
redemption:0.373
cold war:0.37125
catastrophe:0.36925
destiny:0.3675
action:0.363
dialogue:0.36225
new york city:0.36175
silly:0.35825
cool:0.354
entertaining:0.3535
geeks:0.351
bad plot:0.34225
life philosophy:0.3405
death:0.33725
overrated:0.33675
comic:0.333
corporate america:0.3315
so bad it's funny:0.33
unfunny:0.3265
good soundtrack:0.3265
underrated:0.3175
romance:0.3155
storytelling:0.315
fight scenes:0.30725
sexy:0.307
cult film:0.30375
vengeance:0.30025
plot:0.2965
melancholic:0.29225
culture clash:0.29175
nostalgic:0.2915
childhood:0.29125
light:0.287
suspense:0.2845
multiple storylines:0.28425
computer animation:0.283
brutality:0.28225
weird:0.281
feel-good:0.27925
teen movie:0.2775
women:0.27175
adaptation:0.2685
teen:0.268
girlie movie:0.26775
pg-13:0.26275
lone hero:0.26275
fantasy world:0.26175
story:0.25325
entirely dialogue:0.2525
quirky:0.25225
feel good movie:0.25225
humorous:0.252
no plot:0.25125
twists & turns:0.24875
clever:0.2485
police investigation:0.24425
not funny:0.242
colourful:0.24175
suprisingly clever:0.2385
drama:0.23225
doctors:0.232
imdb top 250:0.23125
natural disaster:0.22875
special effects:0.2285
thriller:0.22525
solitude:0.2245
