crime:0.98725
mob:0.9755
gangsters:0.93925
violence:0.937
hit men:0.931
violent:0.92775
gunfight:0.91225
gangster:0.9055
mafia:0.90275
original:0.86525
tense:0.83975
brutality:0.83475
stylish:0.83325
corruption:0.8235
visceral:0.8145
stylized:0.81375
greed:0.80625
vengeance:0.8035
gritty:0.789
organized crime:0.78675
cool:0.78525
fast paced:0.78525
murder:0.783
pornography:0.781
criterion:0.7785
chase:0.7785
harsh:0.7695
cinematography:0.7635
revenge:0.7485
visually appealing:0.74
movielens top pick:0.729
mentor:0.72775
culture clash:0.72175
runaway:0.7135
grindhouse:0.71025
cynical:0.69775
1970s:0.696
sexy:0.69575
forceful:0.68175
weapons:0.67925
dialogue:0.67525
noir:0.672
cult film:0.6715
adapted from:book:0.66525
anti-hero:0.6515
dark hero:0.65075
betrayal:0.64425
allegory:0.64325
kidnapping:0.63125
british:0.626
talky:0.62525
pulp:0.62425
prostitution:0.6225
good soundtrack:0.61825
drugs:0.6145
interesting:0.60725
dark:0.60575
highly quotable:0.60075
hitman:0.59075
thriller:0.578
heist:0.5575
great ending:0.54875
downbeat:0.54825
grim:0.54675
confrontational:0.54325
complicated plot:0.54225
car chase:0.53425
intimate:0.534
moral ambiguity:0.5315
complex:0.531
fantasy world:0.52725
police investigation:0.52575
golden palm:0.52525
1930s:0.52175
nocturnal:0.52025
assassination:0.5145
quirky:0.5105
prejudice:0.5095
sexualized violence:0.508
twists & turns:0.50475
action:0.504
distopia:0.4995
suspense:0.497
male nudity:0.48875
nudity (full frontal - brief):0.48575
nudity (full frontal - notable):0.4855
social commentary:0.4805
nudity (topless):0.48025
crime gone awry:0.48
great acting:0.47775
good action:0.4775
melancholic:0.476
chicago:0.47525
hotel:0.47425
obsession:0.47225
entertaining:0.46975
guns:0.4665
desert:0.46025
disturbing:0.45475
fight scenes:0.45375
