dysfunctional family:0.96025
multiple storylines:0.88725
family:0.8665
cancer:0.8585
independent film:0.85025
quirky:0.84775
family drama:0.799
parenthood:0.788
original:0.7645
relationships:0.7605
drama:0.73475
terminal illness:0.7235
new york:0.7135
feel-good:0.70775
culture clash:0.66225
heartwarming:0.6565
holiday:0.6425
depression:0.631
secrets:0.62125
eccentricity:0.61025
intimate:0.60625
poignant:0.605
social commentary:0.59825
weird:0.598
good soundtrack:0.573
cooking:0.565
new jersey:0.55975
dramatic:0.55175
bittersweet:0.54975
suburbia:0.543
feel good movie:0.5325
very good:0.526
pg-13:0.51775
great acting:0.51775
good acting:0.5095
touching:0.50675
road trip:0.503
oscar (best actress):0.49575
talky:0.49475
runaway:0.49325
dialogue driven:0.48775
good:0.48575
great ending:0.481
exceptional acting:0.4795
storytelling:0.47625
great:0.47025
dialogue:0.46975
stereotypes:0.46575
tragedy:0.4605
off-beat comedy:0.4575
new york city:0.45625
redemption:0.453
family bonds:0.44825
oscar (best supporting actress):0.4455
melancholic:0.444
adaptation:0.43675
death:0.4365
story:0.43225
interesting:0.43175
mentor:0.431
cinematography:0.428
narrated:0.42775
emotional:0.426
writers:0.4245
reflective:0.42
catastrophe:0.419
great movie:0.4185
affectionate:0.41675
complex:0.4155
brutality:0.415
intense:0.4105
indie:0.40975
directorial debut:0.4095
pornography:0.40775
adoption:0.40675
very funny:0.4025
humorous:0.3965
harsh:0.3945
loneliness:0.391
sarcasm:0.39075
visually appealing:0.3885
corruption:0.386
depressing:0.38575
realistic:0.38375
very interesting:0.38025
adapted from:book:0.37975
brothers:0.37125
greed:0.371
beautiful scenery:0.37
excellent script:0.36675
criterion:0.36625
tokyo:0.36
guilt:0.35725
light:0.349
honest:0.3485
road movie:0.34525
melancholy:0.34375
insanity:0.34225
biting:0.34225
sweet:0.33825
