sports:0.9745
predictable:0.86375
kids:0.85025
teen movie:0.84125
original:0.83375
goofy:0.82775
so bad it's funny:0.8005
family:0.766
comedy:0.7445
high school:0.74375
fun:0.69025
basketball:0.6675
horrible:0.64575
fun movie:0.6375
pointless:0.608
cute!:0.5885
storytelling:0.5875
college:0.58575
great ending:0.56175
hip hop:0.55975
multiple storylines:0.55625
mentor:0.546
bullying:0.53925
bad:0.535
idiotic:0.53475
good:0.5265
funny:0.50975
underdog:0.50875
romantic comedy:0.4955
very funny:0.4925
foul language:0.48875
dumb but funny:0.48825
sexualized violence:0.48375
bad acting:0.47725
gangsters:0.47175
good soundtrack:0.467
kids and family:0.466
product placement:0.4395
bad plot:0.436
shallow:0.43325
feel-good:0.43275
catastrophe:0.43225
feel good movie:0.42875
silly fun:0.42675
school:0.40725
life philosophy:0.40475
children:0.40425
stupid as hell:0.4025
great:0.3945
humorous:0.39225
redemption:0.386
cute:0.38175
dialogue:0.38025
overrated:0.3795
police investigation:0.37
technology:0.3685
twists & turns:0.366
splatter:0.3655
good action:0.36475
lone hero:0.3605
plot holes:0.359
brutality:0.3575
slapstick:0.3565
melancholic:0.35475
spelling bee:0.35425
entertaining:0.35325
unfunny:0.35175
first contact:0.3515
light:0.341
camp:0.3345
culture clash:0.32925
entirely dialogue:0.32675
destiny:0.32575
exciting:0.32525
cult film:0.32425
pg-13:0.32225
pg:0.31775
franchise:0.31775
teen:0.31775
stupid:0.312
happy ending:0.3095
fight scenes:0.30625
story:0.3055
buddy movie:0.303
80s:0.30075
humor:0.29825
stereotypes:0.298
adaptation:0.29725
inspirational:0.295
romantic:0.29275
unusual plot structure:0.29175
runaway:0.29
romance:0.28925
awful:0.28675
vengeance:0.282
not funny:0.282
best of 2005:0.28175
action packed:0.28025
sexy:0.2785
lame:0.27675
