spanish:0.98475
police:0.9645
comedy:0.93575
humor:0.926
police corruption:0.915
funny:0.89825
spain:0.8915
police investigation:0.8695
drugs:0.84175
hilarious:0.8235
goofy:0.80775
gunfight:0.79425
satire:0.74375
detective:0.73625
original:0.698
male nudity:0.6735
corruption:0.65375
off-beat comedy:0.64125
dark humor:0.63625
absurd:0.60825
crazy:0.59875
unusual plot structure:0.58425
almodovar:0.575
irreverent:0.5675
crude humor:0.56725
nudity (full frontal - notable):0.567
social commentary:0.56325
satirical:0.557
so bad it's funny:0.55375
humorous:0.55025
pornography:0.53725
death:0.5345
nudity (full frontal - brief):0.5335
insanity:0.531
dark comedy:0.521
ninja:0.51975
cult classic:0.51425
very funny:0.50725
nudity (topless - brief):0.499
sexualized violence:0.48525
life philosophy:0.47725
marijuana:0.47025
mafia:0.46875
suprisingly clever:0.46275
prejudice:0.4615
british:0.4595
dysfunctional family:0.448
unfunny:0.437
stylish:0.4365
stupidity:0.43375
sarcasm:0.42975
weird:0.42875
action:0.42575
parody:0.42025
great:0.42
good:0.415
serial killer:0.4115
catastrophe:0.41
weapons:0.398
good soundtrack:0.3975
screwball:0.39525
investigation:0.39375
grindhouse:0.39125
gypsy accent:0.382
funny as hell:0.3805
mexico:0.379
anti-hero:0.379
complex:0.37375
fun movie:0.37225
great ending:0.37
blindness:0.36975
adultery:0.36725
weed:0.363
mission from god:0.362
stereotypes:0.36175
silly:0.35975
idealism:0.359
controversial:0.35875
culture clash:0.357
torture:0.35425
harsh:0.35025
black comedy:0.35
violent:0.34825
melancholic:0.34725
runaway:0.34575
greed:0.34525
ironic:0.33725
cinematography:0.3345
twists & turns:0.3315
finnish:0.32925
assassination:0.32475
irish accent:0.3235
adaptation:0.3235
nocturnal:0.32175
censorship:0.3215
oscar (best actress):0.31975
classic car:0.3195
politics:0.31775
manipulation:0.314
storytelling:0.3125
