hitchcock:0.9985
espionage:0.998
spying:0.99225
spy:0.97525
spies:0.945
assassination:0.90875
tense:0.89575
based on a play:0.873
suspense:0.8675
chase:0.86625
murder:0.85275
secrets:0.85125
assassin:0.839
suspenseful:0.81875
talky:0.81275
british:0.79925
adapted from:book:0.79325
identity:0.75025
original:0.745
criterion:0.73925
moral ambiguity:0.73025
mistaken identity:0.7025
obsession:0.69975
1930s:0.6925
german:0.69025
enigmatic:0.68925
runaway:0.677
twists & turns:0.67475
thriller:0.66425
assassins:0.6475
police investigation:0.64175
greed:0.60275
secret service:0.59975
investigation:0.59825
dialogue:0.591
oscar (best actress):0.589
england:0.58475
gunfight:0.58125
guilt:0.571
great ending:0.56225
clever:0.558
witty:0.546
light:0.5405
hotel:0.518
based on a book:0.5175
murder mystery:0.50625
culture clash:0.502
sexy:0.501
story:0.50075
cinematography:0.4785
adaptation:0.469
adultery:0.469
idealism:0.4585
death:0.4525
screwball:0.45025
pornography:0.44825
mentor:0.448
forceful:0.4475
affectionate:0.4425
suprisingly clever:0.441
imdb top 250:0.4405
complicated:0.43975
classic:0.43975
romantic:0.439
interesting:0.437
brainwashing:0.43025
eccentricity:0.42375
surveillance:0.41625
london:0.41525
oscar (best directing):0.41325
atmospheric:0.41325
romance:0.408
dramatic:0.4065
storytelling:0.4065
golden palm:0.40575
unusual plot structure:0.4045
ominous:0.40425
nudity (full frontal - brief):0.40325
twist:0.402
marriage:0.3995
very interesting:0.39925
mystery:0.393
cold war:0.39275
world war i:0.38875
catastrophe:0.38525
morality:0.38
intimate:0.3795
complex:0.37725
corruption:0.377
alternate endings:0.37675
train:0.37075
plot:0.36525
drama:0.36525
oscar (best cinematography):0.36325
noir thriller:0.35775
conspiracy:0.35475
entirely dialogue:0.35175
good:0.35
melancholic:0.3495
betrayal:0.34875
