teen movie:0.9975
teen:0.99675
high school:0.98975
teens:0.9825
virginity:0.98125
teenager:0.97425
1980s:0.962
80s:0.9595
adolescence:0.9505
good soundtrack:0.93675
teenagers:0.93525
geeks:0.929
cheerleading:0.92825
coming of age:0.91725
cult classic:0.894
stoner movie:0.86925
great soundtrack:0.83975
rock and roll:0.8305
quotable:0.8175
cool:0.8115
original:0.79975
slackers:0.78525
comedy:0.78
pornography:0.77625
school:0.775
stereotypes:0.76275
drinking:0.752
mentor:0.74775
classic:0.7435
sex:0.7425
coming-of-age:0.73125
runaway:0.7305
awesome soundtrack:0.72975
nostalgic:0.721
goofy:0.71975
geek:0.71425
based on book:0.71225
california:0.70825
fun movie:0.7055
nudity (full frontal - notable):0.70225
highly quotable:0.699
social commentary:0.69825
cult film:0.69825
drugs:0.68625
very funny:0.68325
sexual:0.67775
weed:0.673
abortion:0.66525
teacher:0.66225
childhood:0.6525
great movie:0.6515
based on a book:0.64825
friendship:0.64675
sex comedy:0.6415
funny:0.63475
nudity:0.62625
dialogue:0.61625
nerds:0.616
honest:0.61575
hilarious:0.61375
realistic:0.61
pg-13:0.5915
bullying:0.58625
culture clash:0.578
drug abuse:0.57675
irreverent:0.5705
great:0.5655
nudity (topless):0.5585
sexy:0.54825
harsh:0.54575
great ending:0.545
unlikely friendships:0.5425
revenge:0.5405
nudity (full frontal):0.54025
golden palm:0.5325
good:0.5315
brutality:0.52125
crude humor:0.51925
sexuality:0.519
fun:0.51375
small town:0.51025
depression:0.503
funny as hell:0.496
interesting:0.4925
adaptation:0.48975
storytelling:0.4895
violent:0.48775
drama:0.487
great dialogue:0.486
violence:0.48475
nudity (topless - notable):0.48175
talky:0.47875
funniest movies:0.473
excellent script:0.46725
dumb but funny:0.46675
oscar (best directing):0.46375
vengeance:0.46025
downbeat:0.45775
relationships:0.457
gunfight:0.45125
