romantic comedy:0.99725
romantic:0.9945
chick flick:0.9895
girlie movie:0.988
love story:0.98625
rags to riches:0.97975
happy ending:0.966
good romantic comedies:0.9555
romance:0.95475
sweet:0.9305
shopping:0.9145
destiny:0.9045
feel-good:0.90075
love:0.8865
prostitution:0.86275
feel good movie:0.8315
fairy tale:0.80625
sentimental:0.80575
women:0.788
relationships:0.763
fairy tales:0.73175
good:0.71
beautiful scenery:0.69825
sappy:0.6815
fun movie:0.68025
pg-13:0.6595
predictable:0.652
cute:0.643
san francisco:0.63675
mentor:0.629
original:0.62
touching:0.6145
catastrophe:0.6125
cute!:0.6125
heartwarming:0.60975
business:0.60675
sacrifice:0.604
light:0.59375
comedy:0.59225
sexy:0.5665
oscar (best supporting actress):0.5655
chase:0.554
shallow:0.55275
greed:0.54825
great:0.54325
hotel:0.535
classic:0.52975
great ending:0.529
based on true story:0.51975
fantasy:0.518
oscar winner:0.516
good soundtrack:0.48475
family:0.4755
story:0.47375
divorce:0.46875
honest:0.466
lawyer:0.4635
fun:0.4615
big budget:0.46075
entertaining:0.456
natural disaster:0.453
life philosophy:0.4465
runaway:0.44075
internet:0.43975
dreams:0.4265
tear jerker:0.4265
culture clash:0.42
oscar:0.41925
teen movie:0.418
nostalgic:0.41575
transformation:0.411
not funny:0.40475
passionate:0.4025
overrated:0.3955
bittersweet:0.3945
plot:0.38525
stereotypes:0.37925
unrealistic:0.37775
drama:0.377
good action:0.3745
idealism:0.37275
1980s:0.3465
unlikely friendships:0.34625
childhood:0.346
good acting:0.3425
underdog:0.34225
cheesy:0.33725
first contact:0.33625
beautiful:0.3335
wedding:0.3305
teen:0.329
dialogue:0.3275
manipulation:0.3275
inspirational:0.32425
simple:0.323
great acting:0.322
los angeles:0.3205
silly:0.31475
fantasy world:0.313
suspense:0.31175
