criterion:0.99625
police investigation:0.99125
kurosawa:0.98875
imdb top 250:0.98025
japan:0.9725
bleak:0.96475
kidnapping:0.96025
masterpiece:0.94025
tense:0.91675
greed:0.89875
surveillance:0.88875
crime:0.88375
black and white:0.8825
forceful:0.87825
talky:0.87625
drama:0.87525
investigation:0.853
grim:0.848
detective:0.84775
police:0.8375
enigmatic:0.83425
storytelling:0.82
film noir:0.8185
morality:0.8185
meditative:0.81575
breathtaking:0.81325
reflective:0.81025
oscar (best directing):0.8065
complex:0.80575
cinematography:0.8055
golden palm:0.798
intimate:0.7965
social commentary:0.78625
downbeat:0.78025
adapted from:book:0.77975
stylized:0.7625
visually appealing:0.75925
tokyo:0.74825
corruption:0.7425
obsession:0.741
sacrifice:0.7375
samurai:0.73625
hitchcock:0.72525
melancholic:0.7245
compassionate:0.72425
cerebral:0.71075
visual:0.7105
noir:0.70375
suspenseful:0.696
runaway:0.693
great ending:0.68825
oscar (best foreign language film):0.685
tragedy:0.6805
suspense:0.67675
twists & turns:0.67575
great cinematography:0.67525
original:0.672
melancholy:0.65975
existentialism:0.6595
atmospheric:0.65125
dramatic:0.6475
harsh:0.64625
unusual plot structure:0.6435
interesting:0.641
oscar (best actress):0.63575
character study:0.6345
movielens top pick:0.6325
amazing photography:0.63175
cynical:0.63125
weird:0.625
beautifully filmed:0.62275
complex characters:0.614
intense:0.6095
clever:0.606
suprisingly clever:0.60475
culture clash:0.603
very interesting:0.601
thriller:0.59425
great acting:0.59125
exceptional acting:0.58325
secrets:0.581
powerful ending:0.58075
artistic:0.57525
psychological:0.571
complicated:0.56925
childhood:0.56775
mentor:0.56
affectionate:0.55975
allegory:0.55875
poignant:0.552
philosophical:0.538
amazing cinematography:0.53475
classic:0.5335
afi 100 (movie quotes):0.53225
death penalty:0.53175
crime gone awry:0.52925
great:0.52525
oscar (best cinematography):0.525
self discovery:0.5245
thought-provoking:0.524
