stop motion:0.996
stop-motion:0.96825
weird:0.94775
animation:0.88075
original:0.8365
surreal:0.828
animals:0.7615
animated:0.66875
bleak:0.64225
mad scientist:0.63875
spiders:0.6335
claymation:0.6275
animal movie:0.61175
visually appealing:0.60625
harsh:0.60025
strange:0.5975
life philosophy:0.5895
solitude:0.57975
life & death:0.5735
dark:0.57325
great:0.55275
storytelling:0.5525
brutality:0.552
grindhouse:0.5335
working class:0.53075
dystopia:0.5305
good soundtrack:0.5305
dark fantasy:0.50625
rats:0.506
adaptation:0.5045
social commentary:0.488
story:0.476
fantasy world:0.46575
allegory:0.46475
giant robots:0.4525
cult film:0.44875
melancholic:0.4455
disturbing:0.437
surrealism:0.42825
criterion:0.4255
nocturnal:0.42525
enigmatic:0.42125
catastrophe:0.41725
dialogue:0.412
brothers:0.40525
bizarre:0.40125
fantasy:0.39925
loneliness:0.399
dark humor:0.392
great ending:0.3865
finnish:0.37775
mentor:0.3755
visual:0.36475
transformation:0.36425
splatter:0.36225
quirky:0.3575
macabre:0.351
ethnic conflict:0.34925
parallel universe:0.344
dark hero:0.343
suprisingly clever:0.34025
creativity:0.33875
cult classic:0.33225
not funny:0.331
whimsical:0.3215
prejudice:0.32125
indie:0.3205
wilderness:0.32
pornography:0.3165
existentialism:0.31225
redemption:0.312
photography:0.3105
oscar (best animated feature):0.3105
colourful:0.30975
talky:0.3095
nudity (full frontal - notable):0.30825
creepy:0.3065
crime gone awry:0.304
lynch:0.3005
demons:0.30025
dreamlike:0.29825
golden palm:0.2915
male nudity:0.291
graphic novel:0.289
melancholy:0.28675
entirely dialogue:0.2865
adapted from:book:0.2865
stoner movie:0.28575
intimate:0.28525
runaway:0.2835
visually stunning:0.2825
hallucinatory:0.27875
aardman studios:0.274
family:0.27375
distopia:0.27175
goretastic:0.2705
very interesting:0.2695
comic:0.2665
masterpiece:0.2665
computer animation:0.263
