coen bros:0.98275
midlife crisis:0.936
underrated:0.783
life philosophy:0.771
cult classic:0.74975
weird:0.737
life:0.704
great ending:0.69775
pornography:0.6825
great:0.682
quirky:0.68125
good soundtrack:0.6515
existentialism:0.6315
drinking:0.61075
redemption:0.60925
insanity:0.59175
original:0.57775
childhood:0.577
drugs:0.566
friendship:0.55975
road movie:0.54975
indie:0.5375
harsh:0.53725
greed:0.53675
cheating:0.536
nudity (topless):0.5325
road trip:0.53075
nudity (topless - notable):0.51525
great movie:0.515
enigmatic:0.511
stoner movie:0.49475
brutality:0.48125
gunfight:0.476
violent:0.466
mentor:0.46325
dialogue:0.45625
solitude:0.45
adolescence:0.44725
relationships:0.446
destiny:0.446
nudity (full frontal - notable):0.4455
gangs:0.4405
obsession:0.43025
writers:0.42925
gangsters:0.42925
loneliness:0.42475
storytelling:0.422
visually appealing:0.41725
catastrophe:0.41675
twists & turns:0.4165
creativity:0.4085
great acting:0.40225
melancholic:0.39125
character study:0.3845
suprisingly clever:0.38425
cinematography:0.37025
grindhouse:0.36875
indians:0.36375
not funny:0.36325
cult film:0.359
scenic:0.35475
notable nudity:0.354
nudity (full frontal - brief):0.349
stylish:0.34575
interesting:0.34425
stylized:0.34
graphic design:0.335
quotable:0.3335
depression:0.332
anti-hero:0.3315
nudity (rear):0.33125
grim:0.32775
bad ending:0.32625
scifi cult:0.32075
crime gone awry:0.3195
space travel:0.31875
new jersey:0.3175
drug addiction:0.315
story:0.315
very interesting:0.3135
poker:0.31225
addiction:0.31125
unfunny:0.31075
fantasy world:0.3105
unlikely friendships:0.30925
classic car:0.30875
excellent:0.3085
thought-provoking:0.308
bullying:0.3055
mad scientist:0.30175
vengeance:0.29925
dreams:0.298
corruption:0.29625
golden palm:0.295
first contact:0.29375
alternate endings:0.2935
memory:0.29325
teen:0.29125
shallow:0.29
entirely dialogue:0.28725
