imagination:0.98675
childhood:0.968
adapted from:book:0.96325
based on a book:0.9545
fantasy world:0.88825
original:0.88375
whimsical:0.879
weird:0.8735
surreal:0.87125
dreamlike:0.86575
bittersweet:0.8605
based on book:0.84325
visually appealing:0.82525
children:0.815
visually stunning:0.809
storytelling:0.80075
allegory:0.799
loneliness:0.76725
stylized:0.7665
literary adaptation:0.753
adaptation:0.7455
coming of age:0.70925
cinematography:0.70925
cerebral:0.6875
nostalgic:0.68475
melancholic:0.6695
books:0.6535
touching:0.62975
good soundtrack:0.629
emotional:0.60975
imaginary friend:0.6015
runaway:0.60075
adolescence:0.59825
depression:0.597
book:0.59375
story:0.591
visual:0.57925
complex:0.538
melancholy:0.526
monsters:0.5245
surrealism:0.51525
fantasy:0.51375
existentialism:0.50125
colourful:0.501
dark:0.50075
kids and family:0.49925
depressing:0.498
dreams:0.49175
psychology:0.48875
artistic:0.482
criterion:0.47925
literature:0.47825
heartwarming:0.46675
talky:0.46025
computer animation:0.4495
enigmatic:0.447
mentor:0.4445
harsh:0.44025
social commentary:0.43275
great ending:0.428
catastrophe:0.4265
narrated:0.4215
dark fantasy:0.42
bullying:0.41225
bad ending:0.4095
dialogue:0.40525
powerful ending:0.405
kids:0.403
pornography:0.40175
psychological:0.39725
intimate:0.39575
strange:0.39525
adventure:0.3925
meditative:0.383
pg:0.381
visuals:0.37925
light:0.377
book was better:0.375
life:0.37325
island:0.3695
distopia:0.368
unlikely friendships:0.366
not funny:0.363
sad:0.3625
affectionate:0.3535
bleak:0.35225
beautifully filmed:0.34875
violent:0.3485
quirky:0.34675
brutality:0.3455
disturbing:0.3415
indie:0.3415
golden palm:0.34125
violence:0.3395
poignant:0.3375
clever:0.33625
reflective:0.335
imdb top 250:0.334
special:0.33025
death:0.329
