relationships:0.9255
obsession:0.911
prostitution:0.903
melancholic:0.88725
pornography:0.8705
voyeurism:0.86475
loneliness:0.841
sexualized violence:0.8275
controversial:0.82125
criterion:0.82025
downbeat:0.81925
art house:0.8175
brutality:0.80975
weird:0.8055
sexual:0.794
enigmatic:0.76625
women:0.7445
golden palm:0.714
violent:0.69025
love:0.68225
very interesting:0.67975
brutal:0.6785
intimate:0.6775
disturbing:0.672
psychology:0.6645
grindhouse:0.66175
reflective:0.64425
erotic:0.6405
sex:0.632
allegory:0.62425
psychological:0.604
original:0.5975
confrontational:0.59125
runaway:0.5885
sexy:0.583
nudity (full frontal - notable):0.5615
depression:0.5565
stylized:0.54525
melancholy:0.5245
macabre:0.5215
nudity (topless - notable):0.51875
social commentary:0.516
dreamlike:0.5125
bleak:0.49975
male nudity:0.49225
rape:0.491
fantasy world:0.48475
ironic:0.48
cinematography:0.463
classic car:0.461
oscar (best foreign language film):0.444
emotional:0.4415
harsh:0.43475
silent:0.4325
good soundtrack:0.42175
sexual abuse:0.41325
guilt:0.412
multiple storylines:0.4045
drama:0.40175
catastrophe:0.401
surreal:0.39475
friendship:0.39225
forceful:0.38925
bdsm:0.387
violence:0.3855
art:0.385
tokyo:0.37425
character study:0.3725
entirely dialogue:0.36925
suprisingly clever:0.3675
amazing photography:0.364
visually appealing:0.36125
innocence lost:0.361
mentor:0.36075
cerebral:0.356
dialogue:0.356
talky:0.35375
drinking:0.35025
atmospheric:0.35
existentialism:0.3435
surrealism:0.338
original plot:0.3325
adolescence:0.3295
nudity (topless):0.329
great ending:0.32875
poignant:0.326
passionate:0.325
secrets:0.32375
virginity:0.3135
not funny:0.3135
absurd:0.31325
twists & turns:0.3115
indie:0.31075
colourful:0.309
so bad it's funny:0.307
insanity:0.2985
vengeance:0.2975
intellectual:0.2955
tragedy:0.295
complex:0.2935
