comedy:0.96775
gangsters:0.935
cross dressing:0.88275
funny as hell:0.83575
chase:0.81825
farce:0.8035
good:0.80225
family:0.78925
funny:0.74625
good action:0.72075
goofy:0.7105
original:0.70075
dumb but funny:0.6975
silly:0.68725
fun movie:0.686
bank robbery:0.68575
british comedy:0.682
crime:0.6805
hilarious:0.67275
predictable:0.64975
fantasy:0.6175
80s:0.6165
mentor:0.615
very funny:0.61
silly fun:0.60875
franchise:0.60425
british:0.596
con men:0.59025
humor:0.57375
great ending:0.5625
action:0.562
nostalgic:0.5405
fun:0.5355
mob:0.535
story:0.5295
adventure:0.51175
corruption:0.5095
so bad it's funny:0.498
pg-13:0.49325
violence:0.4885
girlie movie:0.48525
murder:0.48525
gangster:0.48125
fantasy world:0.47775
catholicism:0.46975
catastrophe:0.469
slapstick:0.456
android(s)/cyborg(s):0.456
dialogue:0.4555
runaway:0.45225
excellent:0.44375
unfunny:0.4385
sequel:0.43825
fight scenes:0.43775
assassin:0.4315
humorous:0.429
saturn award (best special effects):0.42675
happy ending:0.41425
crappy sequel:0.41225
island:0.40075
camp:0.39925
suspense:0.39825
special effects:0.39025
unusual plot structure:0.38575
redemption:0.3845
conspiracy:0.3815
london:0.37725
script:0.374
culture clash:0.3735
robbery:0.37175
god:0.36825
not as good as the first:0.367
parody:0.3635
police investigation:0.35575
based on true story:0.346
pornography:0.34575
lone hero:0.34525
action packed:0.3415
buddy movie:0.339
adaptation:0.339
organized crime:0.33225
screwball:0.33225
nudity (topless - brief):0.33025
great:0.3295
70mm:0.32625
nudity (rear):0.32525
good soundtrack:0.3225
destiny:0.3225
sisters:0.3225
sci fi:0.32225
stupid as hell:0.32175
clever:0.32075
secrets:0.32025
first contact:0.317
crude humor:0.317
werewolf:0.31675
brutality:0.31525
life philosophy:0.31325
children:0.30825
big budget:0.308
