teen movie:0.86925
comedy:0.867
family:0.8575
predictable:0.78925
teen:0.72325
original:0.6985
bad acting:0.684
college:0.66175
high school:0.645
funny:0.62775
horrible:0.6185
bad cgi:0.61725
weird:0.59875
so bad it's funny:0.59225
cute:0.58925
quirky:0.5865
romantic comedy:0.57925
happy ending:0.57
coming of age:0.565
pg-13:0.56275
cute!:0.5075
dialogue:0.502
slapstick:0.48725
silly:0.48125
great ending:0.48025
good soundtrack:0.47975
fantasy world:0.47475
romantic:0.47375
stereotypes:0.464
bad plot:0.46275
lynch:0.45775
revenge:0.45675
friendship:0.456
fun:0.44225
catastrophe:0.435
story:0.4305
silly fun:0.4295
pointless:0.41675
mentor:0.414
relationships:0.4105
crude humor:0.4055
adapted from:book:0.40325
dumb:0.401
kids and family:0.3955
parenthood:0.39475
fantasy:0.3915
unfunny:0.39125
amy smart:0.3895
based on a book:0.38925
lame:0.387
shallow:0.38525
feel-good:0.38425
san francisco:0.38425
culture clash:0.3785
better than expected:0.37825
fight scenes:0.37775
idiotic:0.37625
teens:0.3745
adaptation:0.3735
redemption:0.37175
nudity (rear):0.36875
feel good movie:0.368
bad ending:0.36775
dreams:0.36675
life philosophy:0.365
new york city:0.3635
runaway:0.3595
fun movie:0.35275
brutality:0.34725
first contact:0.3455
crappy sequel:0.3425
very funny:0.3425
stupid as hell:0.33725
destiny:0.332
overrated:0.3265
multiple storylines:0.322
ridiculous:0.3175
light:0.31675
bad:0.31275
switching places:0.312
entertaining:0.31125
awful:0.30775
visually appealing:0.30675
technology:0.306
shopping:0.30575
workplace:0.30525
dysfunctional family:0.29875
coming-of-age:0.291
unlikely friendships:0.288
campy:0.2875
dreamlike:0.28325
road trip:0.28275
transformation:0.282
cancer:0.28075
storytelling:0.27975
stupid:0.27975
pornography:0.27925
bullshit history:0.27875
romance:0.27825
absurd:0.277
