sci-fi:0.9595
comedy:0.937
end of the world:0.90875
drinking:0.88725
great ending:0.88275
original:0.87525
aliens:0.87275
british comedy:0.872
scifi:0.86725
apocalypse:0.85325
science fiction:0.81925
good soundtrack:0.816
trilogy:0.8085
sci fi:0.80175
alien:0.79475
alien invasion:0.7895
weird:0.78075
alone in the world:0.77875
british:0.774
storytelling:0.7615
satire:0.75075
robots:0.749
visually appealing:0.74875
clever:0.74475
dialogue:0.73225
allegory:0.73125
parody:0.729
social commentary:0.72175
robot:0.71225
funny:0.711
chase:0.70275
story:0.674
unlikely friendships:0.67025
friendship:0.66425
humor:0.6585
humorous:0.657
dark humor:0.64575
hilarious:0.6425
melancholic:0.63125
nostalgic:0.62875
imdb top 250:0.626
beer:0.623
bittersweet:0.62175
technology:0.61775
dystopia:0.61575
life philosophy:0.612
twists & turns:0.6075
loneliness:0.60625
childhood:0.60525
violence:0.60125
bad ending:0.6
absurd:0.59375
plot:0.58825
cult classic:0.57425
witty:0.571
cerebral:0.568
visually stunning:0.5665
first contact:0.56575
fantasy world:0.5635
fun:0.563
pg-13:0.56275
post apocalyptic:0.5625
visual:0.5495
whimsical:0.54425
england:0.54375
fight scenes:0.5395
existentialism:0.53325
great:0.5315
very funny:0.5295
action:0.52475
redemption:0.522
fun movie:0.51975
quotable:0.519
silly fun:0.5035
violent:0.5
creativity:0.4965
plot twist:0.491
fast paced:0.488
good:0.48525
complex:0.48325
catastrophe:0.4815
irreverent:0.48
spoof:0.47925
post-apocalyptic:0.47925
cinematography:0.47425
gunfight:0.47075
enigmatic:0.47
entirely dialogue:0.465
small town:0.46325
special effects:0.46325
silly:0.4615
space:0.45875
action packed:0.45775
goofy:0.45575
interesting:0.452
ensemble cast:0.45
stylized:0.44975
futuristic:0.449
unusual plot structure:0.44875
funny as hell:0.44825
