assassin:0.9915
action:0.987
good action:0.94175
assassins:0.94025
hit men:0.94
spies:0.92
assassination:0.91925
action packed:0.9145
spy:0.91275
espionage:0.907
fast paced:0.9015
comedy:0.89575
pg-13:0.89525
chase:0.89425
spying:0.85975
fight scenes:0.8505
guns:0.84675
marriage:0.837
big budget:0.81975
romance:0.79175
car chase:0.7755
secrets:0.76725
entertaining:0.76375
romantic comedy:0.73075
original:0.7275
cool:0.72725
sexy:0.72275
silly fun:0.70875
secret service:0.69875
plot:0.6905
vengeance:0.68425
dialogue:0.671
explosions:0.6675
fun movie:0.66575
hitman:0.656
weapons:0.63575
fun:0.63475
violence:0.6225
good:0.61875
predictable:0.618
funny:0.6155
murder:0.61325
exciting:0.60925
silly:0.6085
betrayal:0.597
realistic action:0.59525
conspiracy:0.58
great:0.57875
gunfight:0.556
revenge:0.5535
lone hero:0.55275
better than expected:0.54875
visually appealing:0.54575
story:0.539
happy ending:0.53
catastrophe:0.52825
latin america:0.52775
good soundtrack:0.5275
great ending:0.512
adventure:0.5035
romantic:0.49125
love story:0.4685
cars:0.468
mentor:0.467
special effects:0.4665
surveillance:0.4655
destiny:0.461
gratuitous violence:0.4595
beautiful scenery:0.4585
fighting:0.456
very good:0.45375
unrealistic:0.4525
very funny:0.45
arms dealer:0.42625
suspense:0.42575
family:0.416
runaway:0.409
intense:0.407
clever:0.407
plot holes:0.40225
culture clash:0.397
stylish:0.39525
great movie:0.388
dynamic cgi action:0.385
bad plot:0.38225
technology:0.382
cia:0.378
violent:0.36625
bad acting:0.3655
divorce:0.36525
slapstick:0.3645
pulp:0.3645
alter ego:0.36
kick-butt women:0.35925
crude humor:0.35625
bad ending:0.35475
franchise:0.35275
girlie movie:0.34925
dumb:0.34725
natural disaster:0.34725
