vampires:0.989
classic:0.9745
vampire:0.95675
imdb top 250:0.9515
silent:0.90175
masterpiece:0.898
black and white:0.89375
talky:0.8775
horror:0.847
atmospheric:0.8465
creepy:0.84325
eerie:0.8335
original:0.81475
criterion:0.80575
frightening:0.737
ominous:0.724
gothic:0.72175
adapted from:book:0.72175
weird:0.7165
adaptation:0.71375
nocturnal:0.70775
1920s:0.7075
cult classic:0.706
goth:0.69425
dark:0.68475
macabre:0.67025
cinematography:0.6575
cult film:0.65525
german:0.64825
tense:0.628
spiders:0.62475
grindhouse:0.62025
based on a book:0.61725
stylized:0.60875
good soundtrack:0.5995
enigmatic:0.59175
social commentary:0.588
blood:0.58125
disturbing:0.57975
highly quotable:0.5775
bleak:0.573
great:0.572
based on book:0.5675
dreamlike:0.56325
biting:0.561
visceral:0.553
melancholy:0.5515
insanity:0.54775
runaway:0.53925
dialogue:0.53625
powerful ending:0.5355
visual:0.5325
scary:0.52675
grim:0.526
oscar (best actress):0.52425
monster:0.523
visually appealing:0.519
stop motion:0.50825
breathtaking:0.493
claustrophobic:0.49225
quotable:0.491
afi 100 (movie quotes):0.4905
drinking:0.48725
transformation:0.48425
suspense:0.483
narrated:0.48225
germany:0.47925
great cinematography:0.4775
great ending:0.476
death:0.47275
oscar (best supporting actress):0.47
gunfight:0.46425
affectionate:0.46375
great movie:0.46225
great acting:0.46125
oscar (best directing):0.4595
surreal:0.45775
supernatural:0.4545
moody:0.44625
light:0.44525
golden palm:0.443
stylish:0.4365
sacrifice:0.43525
free to download:0.43325
obsession:0.433
storytelling:0.43225
dark humor:0.42275
melancholic:0.422
culture clash:0.42075
crime gone awry:0.417
gory:0.41625
harsh:0.40425
downbeat:0.3955
moral ambiguity:0.38925
demons:0.389
story:0.388
suprisingly clever:0.38725
catastrophe:0.386
mentor:0.38475
photography:0.384
