road movie:0.94375
series:0.87775
utopia:0.8615
franchise:0.84825
destiny:0.81725
family:0.803
romantic:0.76975
1930s:0.7595
musical:0.73125
original:0.7115
talking animals:0.67975
comedy:0.669
fun movie:0.6435
dialogue:0.6165
island:0.58075
chase:0.55175
story:0.51675
future:0.49475
great:0.48375
light:0.47575
dance:0.462
culture clash:0.4565
life philosophy:0.45575
silly fun:0.452
great ending:0.44925
adventure:0.449
catastrophe:0.44875
sexy:0.4465
good:0.44425
kids:0.442
first contact:0.42875
vengeance:0.41875
affectionate:0.41525
adapted from:book:0.40575
weapons:0.40125
criterion:0.4005
humorous:0.3945
science fiction:0.3945
music:0.39275
lone hero:0.38925
childhood:0.389
silly:0.38375
mentor:0.383
runaway:0.37575
made for tv:0.36825
classic car:0.36725
fun:0.3585
cinematography:0.3555
clever:0.3485
good soundtrack:0.34325
classic:0.3395
family drama:0.334
surreal:0.3325
kids and family:0.32725
good action:0.32325
redemption:0.32325
very funny:0.323
drama:0.322
visually appealing:0.32125
hawaii:0.3205
predictable:0.32
parallel universe:0.31975
children:0.31875
fast paced:0.317
brutality:0.3165
storytelling:0.316
unfunny:0.3145
dynamic cgi action:0.314
fantasy world:0.31325
entirely dialogue:0.31325
melancholic:0.31075
script:0.30825
creativity:0.3075
oscar (best music - original song):0.3075
imdb top 250:0.303
quotable:0.30125
suprisingly clever:0.298
stereotypes:0.29625
vampire human love:0.296
marriage:0.29325
awesome soundtrack:0.29125
comic:0.2865
based on book:0.286
oscar (best directing):0.2855
not funny:0.2845
happy ending:0.28375
foreign:0.28325
witty:0.28225
dysfunctional family:0.2815
plot:0.28075
pornography:0.28075
pointless:0.27625
nocturnal:0.27625
hong kong:0.27625
existentialism:0.275
big budget:0.274
divorce:0.2735
transformation:0.273
highly quotable:0.2725
twists & turns:0.2715
