drugs:0.99225
oscar (best directing):0.992
oscar (best supporting actor):0.9915
drug abuse:0.9845
drug addiction:0.98225
addiction:0.961
corruption:0.95425
oscar (best cinematography):0.95425
social commentary:0.94125
multiple storylines:0.93375
great acting:0.925
police corruption:0.90525
complex:0.88925
oscar (best picture):0.8865
dramatic:0.86125
moral ambiguity:0.8485
original:0.84725
realistic:0.83975
politics:0.8375
forceful:0.83325
undercover cop:0.8275
stylized:0.827
good acting:0.8045
gritty:0.803
tense:0.793
interesting:0.79125
excellent script:0.79025
ensemble cast:0.78875
imdb top 250:0.78825
intense:0.78125
storytelling:0.77875
latin america:0.7785
good soundtrack:0.7775
mexico:0.77675
assassin:0.772
assassination:0.77075
oscar:0.7655
race issues:0.754
drama:0.7445
cinematography:0.7415
criterion:0.73275
great ending:0.727
oscar (best actress):0.72625
greed:0.72275
powerful ending:0.72025
political:0.71625
runaway:0.70925
innocence lost:0.6965
idealism:0.693
bleak:0.688
good:0.68775
harsh:0.687
honest:0.67875
heroin:0.6615
redemption:0.66125
dialogue:0.661
complicated:0.65525
story:0.65175
thought-provoking:0.6415
talky:0.6405
exceptional acting:0.637
surveillance:0.63475
great movie:0.63175
visceral:0.63175
oscar winner:0.6295
narrated:0.6285
brutality:0.62075
betrayal:0.61125
earnest:0.60625
pornography:0.605
depression:0.605
violent:0.6045
mentor:0.604
war:0.60075
california:0.59225
very good:0.58725
violence:0.587
world politics:0.585
clever:0.58125
suspense:0.56925
morality:0.56525
crime gone awry:0.56475
excellent:0.56175
great:0.559
very interesting:0.558
golden palm:0.557
culture clash:0.55525
justice:0.5545
secrets:0.54425
drinking:0.5415
twists & turns:0.5405
intelligent:0.53075
independent film:0.5295
tragedy:0.528
oscar (best supporting actress):0.52425
stereotypes:0.5205
organized crime:0.52
poignant:0.52
cerebral:0.51975
marijuana:0.519
