super hero:0.99175
superhero:0.988
superheroes:0.98575
comics:0.95125
super-hero:0.9495
dc comics:0.93425
marvel:0.90425
vigilante:0.8845
comic book:0.8725
alter ego:0.854
fight scenes:0.84625
comic book adaption:0.83525
firefly:0.82025
goofy:0.8165
mentor:0.80975
animation:0.7715
adapted from:comic:0.72825
based on a comic:0.6805
original:0.6515
action:0.6455
destiny:0.629
too short:0.5995
mutants:0.5965
george orwell:0.5815
story:0.56275
dark hero:0.53375
good sequel:0.5205
transformation:0.5135
sequels:0.50925
giant robots:0.50375
adaptation:0.48875
silly fun:0.471
life & death:0.4665
dumb but funny:0.46075
dialogue:0.45575
great ending:0.45275
big budget:0.444
betrayal:0.4345
storytelling:0.42675
great:0.4245
splatter:0.42375
artist:0.42125
pg-13:0.4185
space opera:0.41725
melancholic:0.41375
catastrophe:0.4045
screwball:0.40125
bad plot:0.39275
weapons:0.3895
blindness:0.38725
not funny:0.384
franchise:0.36925
good action:0.365
nudity (full frontal - brief):0.357
nocturnal:0.35325
lone hero:0.35225
justice:0.34675
predictable:0.34525
ninja:0.343
geeks:0.341
comic:0.341
multiple storylines:0.33275
animal movie:0.3235
vengeance:0.31675
mythology:0.31625
grindhouse:0.31625
based on comic:0.31625
revenge:0.31525
pulp:0.31475
harsh:0.312
nostalgic:0.31025
classic car:0.3075
unfunny:0.301
culture clash:0.296
camp:0.29425
silly:0.29225
parody:0.28875
narrated:0.2835
brutality:0.282
graphic novel:0.274
sacrifice:0.27375
vigilantism:0.26225
entirely dialogue:0.26125
heroine in tight suit:0.2585
disaster:0.25725
first contact:0.24725
fighting:0.2455
animals:0.24475
slackers:0.24375
sports:0.24075
fun:0.24
complex:0.24
life philosophy:0.23925
new jersey:0.239
goth:0.234
beautiful scenery:0.23375
overrated:0.23
crude humor:0.2295
greed:0.229
3d:0.2285
