police corruption:0.99
police:0.974
corruption:0.962
police investigation:0.96175
los angeles:0.95875
character study:0.91175
original:0.82225
downbeat:0.785
complex:0.77375
cinematography:0.7715
crime:0.748
story:0.74625
violent:0.733
adultery:0.725
paranoid:0.713
dysfunctional family:0.701
relationships:0.69125
bad ending:0.6905
brutality:0.682
greed:0.6805
manipulation:0.6745
california:0.6725
runaway:0.66775
dialogue:0.66725
criterion:0.64925
interesting:0.633
lawyers:0.631
culture clash:0.621
pointless:0.617
investigation:0.614
drama:0.61175
visceral:0.60925
light:0.6075
dialogue driven:0.601
family:0.594
stylized:0.5905
obsession:0.58875
great ending:0.5775
depression:0.55325
bleak:0.54925
storytelling:0.5485
redemption:0.54725
talky:0.54625
cerebral:0.54025
gritty:0.53975
based on a play:0.53675
guilt:0.53475
intense:0.53275
neo-noir:0.5315
mentor:0.52125
very interesting:0.5165
crime gone awry:0.513
sexual abuse:0.509
reflective:0.509
great acting:0.50475
allegory:0.5035
violence:0.50275
pornography:0.502
intimate:0.501
enigmatic:0.49475
writers:0.49425
noir:0.494
chase:0.491
suspense:0.48825
melancholic:0.488
dark:0.4875
excellent script:0.48625
drinking:0.479
justice:0.47875
weird:0.47675
brutal:0.4755
gangsters:0.4735
forceful:0.4735
oscar (best actress):0.47175
disturbing:0.47075
golden palm:0.47025
sexualized violence:0.4645
rape:0.4605
artsy:0.4505
tense:0.443
exceptional acting:0.4375
nudity (full frontal - brief):0.437
surveillance:0.4235
nudity (full frontal - notable):0.4205
visually appealing:0.40875
death:0.4085
addiction:0.4075
imdb top 250:0.407
loneliness:0.40625
dramatic:0.39625
adaptation:0.39475
very good:0.39275
social commentary:0.387
psychological:0.3785
drugs:0.37775
ironic:0.37125
good soundtrack:0.3705
paranoia:0.36875
hospital:0.368
oscar (best supporting actress):0.36725
