spy:0.9785
comedy:0.97
spying:0.961
secret service:0.93575
assassin:0.901
funny:0.8765
parody:0.8665
espionage:0.8645
silly fun:0.83025
spies:0.827
spoof:0.7975
silly:0.76175
hilarious:0.7535
good sequel:0.72725
sequel:0.70525
original:0.6935
chase:0.68025
crude humor:0.669
very funny:0.65675
goofy:0.65575
sequels:0.6545
franchise:0.633
predictable:0.61425
slapstick:0.61275
assassination:0.522
british comedy:0.5215
humorous:0.48725
007:0.4815
unfunny:0.467
bad plot:0.46525
farce:0.46475
assassins:0.46275
dialogue:0.44725
secrets:0.44375
mentor:0.44
fun:0.41675
betrayal:0.416
catastrophe:0.407
fantasy world:0.40175
culture clash:0.38825
good:0.38525
fight scenes:0.38025
action:0.376
creativity:0.376
great ending:0.3535
humor:0.34825
weapons:0.34775
so bad it's funny:0.343
redemption:0.339
story:0.339
adventure:0.3385
pg-13:0.33525
dumb but funny:0.3345
suprisingly clever:0.3315
family:0.33025
melancholic:0.3105
absurd:0.30825
fun movie:0.30825
british:0.30575
england:0.30225
hong kong:0.3
product placement:0.29925
great:0.2935
bond:0.29025
overrated:0.28775
clever:0.2815
funny as hell:0.2765
runaway:0.275
crappy sequel:0.274
adaptation:0.27325
surveillance:0.2715
lame:0.27125
better than expected:0.2675
destiny:0.26125
brutality:0.25875
original plot:0.25325
car chase:0.25025
conspiracy:0.24975
not funny:0.24875
transformation:0.2465
lone hero:0.24575
first contact:0.2425
entirely dialogue:0.24225
london:0.23675
stereotypes:0.23325
life philosophy:0.22725
action packed:0.227
adapted from:book:0.22475
witty:0.22275
criterion:0.2225
storytelling:0.2215
parallel universe:0.221
stupidity:0.2205
entertaining:0.218
good soundtrack:0.21425
unlikely friendships:0.213
vengeance:0.211
satirical:0.20775
good action:0.2075
no plot:0.206
