surreal:0.94375
paris:0.90275
whimsical:0.89925
colourful:0.81125
visually appealing:0.79225
stop motion:0.7815
weird:0.75375
french:0.746
creativity:0.7305
psychedelic:0.72825
surrealism:0.6985
visual:0.696
mentor:0.69
beautifully filmed:0.6875
original:0.68225
quirky:0.6685
visuals:0.665
melancholic:0.6245
grindhouse:0.61125
unusual plot structure:0.5655
life philosophy:0.56475
loneliness:0.557
existentialism:0.54925
immortality:0.54425
fantasy world:0.524
blood:0.5195
golden palm:0.51875
art house:0.51775
strange:0.51025
special:0.50175
absurd:0.499
distopia:0.49575
storytelling:0.48575
allegory:0.48275
childhood:0.48
stylish:0.47075
vengeance:0.46175
idealism:0.4615
france:0.46125
story:0.46025
visually stunning:0.45925
artsy:0.44675
transformation:0.44225
hallucinatory:0.43625
dreamlike:0.434
stylized:0.4325
drugs:0.43075
light:0.42825
life & death:0.42525
catastrophe:0.42075
romance:0.417
imagination:0.41275
sexualized violence:0.41175
obsession:0.39275
classic car:0.386
good soundtrack:0.3815
breathtaking:0.37425
affectionate:0.3735
beautiful scenery:0.3725
touching:0.36825
gilliam:0.364
children:0.362
segregation:0.35825
brutality:0.355
great ending:0.35075
hotel:0.35075
artistic:0.35025
death:0.3495
destiny:0.3475
entirely dialogue:0.3435
not funny:0.33975
fight scenes:0.3395
culture clash:0.33525
criterion:0.33125
books:0.33075
chase:0.32375
love story:0.3215
adaptation:0.32075
suprisingly clever:0.3175
sacrifice:0.31575
dreams:0.31325
off-beat comedy:0.3095
silly fun:0.306
poetry:0.30375
solitude:0.30225
cinematography:0.29825
depression:0.29825
psychiatry:0.29275
stunning:0.29225
lone hero:0.28875
cerebral:0.28425
fantasy:0.28425
runaway:0.2825
philosophical:0.28225
religion:0.281
disturbing:0.2805
dystopic future:0.27325
bizarre:0.27325
modern fantasy:0.273
underrated:0.2695
