teen movie:0.9985
teen:0.998
geeks:0.99225
teens:0.988
1980s:0.987
high school:0.987
teenager:0.97075
80s:0.96775
adolescence:0.95625
teenagers:0.91975
geek:0.9
quotable:0.89875
chick flick:0.88775
sweet:0.86725
nerds:0.8655
nostalgic:0.86425
good soundtrack:0.8355
classic:0.83275
comedy:0.8255
pg-13:0.81675
girlie movie:0.8035
stereotypes:0.7705
coming-of-age:0.77025
funny:0.75725
original:0.74625
mentor:0.7415
funniest movies:0.72875
school:0.7285
cult classic:0.7285
great soundtrack:0.7195
coming of age:0.71725
hilarious:0.70525
awesome soundtrack:0.695
drinking:0.69375
fun movie:0.6865
relationships:0.67225
romantic comedy:0.66175
virginity:0.6575
very funny:0.65675
runaway:0.641
highly quotable:0.63525
goofy:0.63275
good:0.62875
great ending:0.6265
romantic:0.6255
happy ending:0.617
childhood:0.615
great:0.602
feel-good:0.58275
fun:0.57425
cheerleading:0.57225
chase:0.55725
directorial debut:0.54975
cool:0.54875
pornography:0.54775
great movie:0.5415
dialogue:0.5405
friendship:0.533
unlikely friendships:0.524
honest:0.517
pg:0.50725
nostalgia:0.50575
bullying:0.498
family:0.48725
love:0.48325
fashion:0.47525
social commentary:0.474
suprisingly clever:0.47
sentimental:0.46925
vengeance:0.4675
destiny:0.46525
sisters:0.46375
revenge:0.45875
cute:0.4585
nudity:0.455
excellent script:0.4515
love story:0.44925
cult film:0.4465
stoner movie:0.44375
feel good movie:0.44375
gunfight:0.44275
censorship:0.43725
culture clash:0.43475
catastrophe:0.43475
based on book:0.4335
storytelling:0.4305
crude humor:0.4265
adapted from:book:0.42275
guilty pleasure:0.418
romance:0.412
teacher:0.40975
dysfunctional family:0.40925
drama:0.402
great music:0.39775
humorous:0.39575
oscar (best directing):0.3885
light:0.3855
clever:0.38225
weird:0.38175
great acting:0.37475
