adapted from:book:0.9895
george orwell:0.9855
dystopia:0.979
based on a book:0.97625
surveillance:0.97575
based on book:0.97575
book:0.95175
literary adaptation:0.89675
fighting the system:0.89375
rebellion:0.87725
adaptation:0.86425
books:0.85075
brainwashing:0.8365
original:0.82425
pornography:0.816
future:0.796
literature:0.78925
book was better:0.7845
futuristic:0.777
criterion:0.763
fascism:0.7535
distopia:0.7535
nudity (full frontal - notable):0.72225
censorship:0.72075
visually appealing:0.70925
good soundtrack:0.6975
visual:0.695
visually stunning:0.6575
brutality:0.6445
narrated:0.63325
bleak:0.629
excellent:0.62525
complex:0.62375
cinematography:0.62
technology:0.6095
dystopic future:0.59325
post-apocalyptic:0.58975
disturbing:0.5885
dark:0.58525
drama:0.577
atmospheric:0.562
greed:0.558
imagination:0.55075
sexualized violence:0.5425
cult classic:0.5415
classic:0.53875
betrayal:0.5205
corruption:0.5195
sci-fi:0.51575
weird:0.5135
interesting:0.5125
social commentary:0.505
freedom:0.501
quotable:0.49675
talky:0.49475
mentor:0.4945
alternate history:0.4895
harsh:0.4825
nudity (full frontal):0.476
grim:0.47325
great ending:0.4695
great:0.4695
psychology:0.46325
good:0.45875
torture:0.45575
justice:0.45175
stylized:0.4515
paranoia:0.4515
runaway:0.44975
science fiction:0.448
secrets:0.44775
post apocalyptic:0.44475
dialogue:0.444
surreal:0.444
cyberpunk:0.43775
psychological:0.43675
revolution:0.436
story:0.43025
catastrophe:0.42925
beautiful scenery:0.4275
alone in the world:0.42525
sci fi:0.42475
paranoid:0.41
exceptional acting:0.4085
satire:0.4065
enigmatic:0.40375
melancholic:0.3995
philosophy:0.39925
violent:0.39875
brutal:0.3985
political:0.398
loneliness:0.38925
18th century:0.386
cult film:0.382
male nudity:0.382
suprisingly clever:0.37875
mindfuck:0.377
fantasy world:0.37425
storytelling:0.37075
not funny:0.37
