holocaust:0.997
jews:0.995
nazis:0.98175
world war ii:0.963
jewish:0.959
train:0.95075
anti-semitism:0.90875
nazi:0.90625
wwii:0.89225
magic realism:0.89175
original:0.83925
allegory:0.79275
judaism:0.79
beautifully filmed:0.79
good soundtrack:0.7835
storytelling:0.7805
germany:0.77625
intimate:0.72975
prejudice:0.7065
movielens top pick:0.70225
trains:0.6975
humor:0.696
humorous:0.69425
social commentary:0.69025
oscar (best foreign language film):0.6705
bittersweet:0.6545
wartime:0.64525
plot:0.62175
cerebral:0.60375
narrated:0.6035
visual:0.586
great ending:0.585
german:0.5825
fascism:0.582
ethnic conflict:0.58025
communism:0.58
destiny:0.57725
life & death:0.57075
visually stunning:0.5625
absurd:0.55075
comedy:0.5465
great:0.5365
unusual plot structure:0.52575
criterion:0.5205
foreign:0.51875
golden palm:0.518
weird:0.51125
justice:0.506
culture clash:0.4915
poland:0.481
visually appealing:0.4795
suprisingly clever:0.476
first contact:0.473
idiotic:0.46875
complex:0.4685
fantasy world:0.4685
brutality:0.4655
technology:0.46125
independent film:0.459
melancholic:0.4555
nocturnal:0.453
whimsical:0.452
harsh:0.44975
thought-provoking:0.44625
very funny:0.444
distopia:0.4425
emotional:0.44225
imagination:0.43675
quirky:0.42775
multiple storylines:0.42725
entirely dialogue:0.427
great cinematography:0.42525
mentor:0.425
loneliness:0.425
humanity:0.4245
shallow:0.424
pointless:0.415
death:0.4145
melancholy:0.40775
enigmatic:0.4045
catastrophe:0.40325
off-beat comedy:0.40325
story:0.403
dark fantasy:0.4015
irish accent:0.3995
existentialism:0.398
poignant:0.398
alternate history:0.39475
dystopic future:0.39425
reflective:0.39425
guilt:0.39325
best of 2005:0.392
special:0.391
cinematography:0.38725
beautiful scenery:0.382
life philosophy:0.38125
grindhouse:0.38075
survival:0.38025
powerful ending:0.3795
intellectual:0.37625
