holocaust:0.99775
criterion:0.99425
poland:0.97575
genocide:0.9755
camp:0.9705
documentary:0.96875
black and white:0.9655
nazis:0.9455
jews:0.93925
disturbing:0.931
narrated:0.92975
nazi:0.91625
imdb top 250:0.8695
memory:0.84625
visceral:0.804
bleak:0.79825
grim:0.79
forceful:0.76025
original:0.75775
breathtaking:0.7555
oscar (best directing):0.7515
masterpiece:0.7415
runaway:0.73225
talky:0.728
golden palm:0.7275
tragedy:0.72125
history:0.71275
death:0.70725
oscar (best foreign language film):0.707
insanity:0.706
wwii:0.701
poignant:0.693
wartime:0.68975
tense:0.689
macabre:0.67825
factual:0.66725
harsh:0.65275
silent:0.6435
guilt:0.64225
anti-semitism:0.64125
brutality:0.641
intimate:0.641
interesting:0.6375
enigmatic:0.63325
world war ii:0.62
reflective:0.607
powerful ending:0.60175
social commentary:0.59175
movielens top pick:0.5915
greed:0.5855
oscar (best actress):0.576
us history:0.57025
atmospheric:0.563
intense:0.56275
israel:0.55825
historical:0.55075
torture:0.5465
amazing photography:0.52275
obsession:0.52225
melancholy:0.5195
corruption:0.50925
weird:0.50925
storytelling:0.508
doctors:0.505
jewish:0.4985
affectionate:0.4925
secrets:0.48775
ethnic conflict:0.48475
photography:0.48375
violent:0.48275
great ending:0.47825
downbeat:0.4775
surreal:0.4775
highly quotable:0.47675
stylized:0.47325
humanity:0.47025
french:0.465
foreign:0.46425
adapted from:book:0.45775
crime gone awry:0.44625
unusual plot structure:0.44475
suprisingly clever:0.4445
identity:0.4425
police investigation:0.44025
german:0.439
beautifully filmed:0.43675
pornography:0.43575
earnest:0.4345
oscar (best supporting actress):0.4265
brainwashing:0.426
melancholic:0.4235
germany:0.4195
cinematography:0.41525
survival:0.415
nudity (full frontal - brief):0.41475
brutal:0.41425
idealism:0.413
free to download:0.406
great:0.40575
crime:0.4
