romantic comedy:0.988
chick flick:0.969
romantic:0.932
girlie movie:0.88325
feel-good:0.861
romance:0.844
comedy:0.82525
happy ending:0.80275
sweet:0.78775
music:0.7855
feel good movie:0.73275
love story:0.72275
music business:0.72
love:0.7165
cute:0.713
good romantic comedies:0.7125
fun movie:0.69425
light:0.692
funny:0.69
pg-13:0.6715
teen movie:0.649
good soundtrack:0.6335
good music:0.62775
fun:0.62275
predictable:0.62225
original:0.60425
cheesy:0.58425
cute!:0.57775
relationships:0.5665
mentor:0.5645
dialogue:0.5195
british:0.51175
shallow:0.50525
silly:0.4995
lyrical:0.498
good:0.498
better than expected:0.49625
80s:0.49325
teen:0.48575
great ending:0.47875
musical:0.47575
catastrophe:0.45575
guilty pleasure:0.44175
great:0.43525
1980s:0.423
destiny:0.40725
watch the credits:0.407
so bad it's funny:0.40275
writers:0.3965
awesome soundtrack:0.39625
witty:0.39075
very funny:0.3805
stereotypes:0.3735
culture clash:0.36975
writing:0.3585
hip hop:0.34325
dancing:0.337
family:0.3345
fashion:0.334
life philosophy:0.333
clever:0.3285
sexy:0.31575
entertaining:0.3135
crude humor:0.3065
new york:0.30575
runaway:0.30425
quirky:0.30275
unfunny:0.3
creativity:0.29575
wedding:0.29575
bollywood:0.2955
london:0.29375
entirely dialogue:0.2855
funny as hell:0.28475
not funny:0.2845
nostalgic:0.2805
twists & turns:0.279
sappy:0.27625
story:0.269
shopping:0.26575
absurd:0.26475
dance:0.26375
lone hero:0.26325
fantasy world:0.2625
cool:0.2615
brutality:0.258
adaptation:0.255
silly fun:0.25425
plot:0.2515
first contact:0.251
transformation:0.24825
musicians:0.2475
beautiful scenery:0.24575
high school:0.24325
bad plot:0.23975
whimsical:0.2385
teens:0.2365
storytelling:0.233
corny:0.2325
hilarious:0.2245
