gulf war:0.99175
military:0.98025
courage:0.975
war:0.9685
dramatic:0.91025
war movie:0.84575
drama:0.819
best war films:0.81225
corruption:0.80475
conspiracy:0.77925
wartime:0.777
sacrifice:0.7555
guilt:0.75
death:0.737
good:0.72775
politics:0.7245
story:0.71925
secrets:0.702
iraq:0.688
original:0.68125
great:0.67025
action:0.663
investigation:0.65875
excellent:0.65025
desert:0.643
intense:0.64125
courtroom:0.6275
civil war:0.61975
great acting:0.61425
political:0.607
catastrophe:0.607
iraq war:0.59775
complex:0.587
redemption:0.584
survival:0.58025
mentor:0.5725
destiny:0.56725
runaway:0.56
great movie:0.55125
tense:0.5365
very interesting:0.53525
pg-13:0.531
us history:0.52975
sad but good:0.5285
forceful:0.52825
earnest:0.5225
culture clash:0.5195
sentimental:0.518
justice:0.51725
thriller:0.517
talky:0.516
good acting:0.51175
great ending:0.50925
realistic:0.503
torture:0.5015
dialogue:0.4995
stereotypes:0.48725
historical:0.48625
oscar winner:0.483
ensemble cast:0.48175
oscar:0.4805
weapons:0.47875
plot:0.47525
suspense:0.47525
propaganda:0.47475
thought-provoking:0.47
interesting:0.461
exceptional acting:0.45575
storytelling:0.4485
idealism:0.443
predictable:0.441
girlie movie:0.4405
doctors:0.439
oscar (best directing):0.43
police investigation:0.4245
betrayal:0.419
suicide:0.418
light:0.4115
romantic:0.4095
morality:0.40625
president:0.40425
vengeance:0.3995
honest:0.39525
women:0.391
ethnic conflict:0.3905
brutality:0.3885
manipulation:0.38675
not funny:0.38375
feel-good:0.38025
suprisingly clever:0.3765
very good:0.3755
oscar (best actress):0.37125
oscar (best supporting actress):0.3705
political corruption:0.36925
oscar (best supporting actor):0.36425
prejudice:0.36425
powerful ending:0.3635
revenge:0.36275
romantic comedy:0.362
tragedy:0.361
