splatter:0.98925
gruesome:0.98775
horror:0.9855
gore:0.98425
torture:0.9585
gory:0.95525
franchise:0.942
twist:0.89
pornography:0.88825
brutality:0.88775
bdsm:0.88625
bloody:0.8805
slasher:0.86775
serial killer:0.866
kidnapping:0.84175
suspense:0.832
original:0.809
nudity:0.8065
twists & turns:0.77975
brutal:0.7775
clever:0.7765
sexualized violence:0.77375
blood:0.77225
twist ending:0.76525
violence:0.75875
predictable:0.75675
scary:0.756
las vegas:0.75325
murder:0.7445
controversial:0.73475
bad acting:0.7325
nudity (topless):0.71125
teens:0.702
grindhouse:0.68375
goretastic:0.68375
mindfuck:0.679
gratuitous violence:0.67775
pointless:0.65425
disturbing:0.65375
creepy:0.6525
great ending:0.649
unlikeable characters:0.637
sexual abuse:0.6305
plot twist:0.619
so bad it's funny:0.61175
death:0.5845
reality tv:0.57025
surprise ending:0.5685
hunting:0.55125
nudity (topless - notable):0.551
intense:0.548
apocalypse:0.50375
nudity (full frontal - notable):0.50025
suspenseful:0.49475
cult film:0.49175
low budget:0.48825
violent:0.485
revenge:0.48125
weapons:0.4805
male nudity:0.47325
stereotypes:0.47025
stupid as hell:0.46225
zombie:0.45875
catastrophe:0.447
mentor:0.44025
harsh:0.42725
bad cgi:0.425
teen movie:0.419
sex:0.41725
horrible:0.4105
doctors:0.40975
stupid:0.4045
sexy:0.40225
not as good as the first:0.4
paranoia:0.39775
downbeat:0.39325
good soundtrack:0.39225
unintentionally funny:0.3865
idiotic:0.38375
dialogue:0.3825
weird:0.3815
overrated:0.381
storytelling:0.378
bad ending:0.37675
plot:0.371
not funny:0.36725
lame:0.3665
cannibalism:0.36475
psychological:0.364
cult classic:0.3635
notable nudity:0.36275
dumb:0.36275
nudity (full frontal):0.35375
writers:0.348
good:0.3445
adaptation:0.3425
relationships:0.33875
nudity (full frontal - brief):0.3365
life & death:0.336
entirely dialogue:0.33225
