hitchcock:0.98575
voyeurism:0.96725
pornography:0.9395
erotic:0.923
nudity (topless - notable):0.922
murder mystery:0.91475
obsession:0.90025
murder:0.8745
sexual:0.8295
suspenseful:0.8205
twists & turns:0.807
thriller:0.77675
sexy:0.73625
spying:0.712
mystery:0.7095
nudity (topless):0.70075
enigmatic:0.6425
police investigation:0.6335
stylish:0.632
nudity (full frontal - notable):0.6145
weird:0.611
secrets:0.6085
brutality:0.60025
suspense:0.579
unusual plot structure:0.57075
detective:0.564
mentor:0.54775
original:0.5435
chase:0.535
manipulation:0.53425
so bad it's funny:0.51025
film noir:0.501
sexualized violence:0.46975
paranoid:0.4585
catastrophe:0.45575
great ending:0.4535
grindhouse:0.4525
twist:0.448
claustrophobic:0.44675
sex:0.44075
investigation:0.43375
tense:0.429
paranoia:0.421
dreamlike:0.40325
stylized:0.39925
atmospheric:0.399
ominous:0.39525
vengeance:0.39525
serial killer:0.394
cult classic:0.38875
runaway:0.37125
dialogue:0.368
80s:0.36325
nudity:0.36275
art house:0.36025
satirical:0.35975
identity:0.3545
suprisingly clever:0.35275
storytelling:0.35
noir thriller:0.34975
indians:0.3415
classic car:0.341
very interesting:0.3385
visual:0.33775
bad ending:0.33375
hotel:0.3305
light:0.3295
twist ending:0.329
nudity (full frontal - brief):0.3255
guilt:0.322
entirely dialogue:0.32125
visually stunning:0.3205
art:0.31975
fun movie:0.3195
culture clash:0.316
allegory:0.315
first contact:0.31125
cult film:0.3085
underrated:0.308
plot:0.30075
kidnapping:0.2975
spies:0.297
conspiracy:0.297
clever:0.29675
1980s:0.2965
talky:0.29475
melancholic:0.29225
passionate:0.2915
assassination:0.291
cheating:0.2905
lynch:0.28975
life philosophy:0.2885
complex:0.28725
bdsm:0.28675
psychological:0.28525
not funny:0.28375
harsh:0.28125
violence:0.27775
criterion:0.275
bizarre:0.272
