germany:0.989
olympics:0.96975
israel:0.953
german:0.93925
hostage:0.93025
documentary:0.88175
corruption:0.864
police:0.85725
surveillance:0.85575
assassination:0.85525
manipulation:0.84725
narrated:0.83975
politics:0.82625
terrorism:0.8225
tense:0.80475
true story:0.80275
palestine:0.79975
original:0.7975
political:0.79675
police investigation:0.7635
violence:0.75325
jews:0.74675
brutality:0.7465
interesting:0.7425
propaganda:0.74125
complex:0.7345
brainwashing:0.73325
dramatic:0.724
runaway:0.71975
tragedy:0.71
islam:0.706
nazis:0.70275
oscar (best directing):0.69925
melancholic:0.6945
social commentary:0.68875
kidnapping:0.68775
suspense:0.684
anti-semitism:0.6815
murder:0.674
pornography:0.65975
factual:0.65225
forceful:0.649
visceral:0.64375
oscar (best actress):0.6415
police corruption:0.63825
greed:0.6365
segregation:0.63175
imdb top 250:0.631
east germany:0.62225
idealism:0.614
unusual plot structure:0.612
historical:0.606
excellent script:0.6015
powerful ending:0.598
good:0.587
conspiracy:0.58625
great ending:0.5835
nazi:0.58
criterion:0.57925
thriller:0.5765
culture clash:0.5755
based on book:0.57425
justice:0.5645
honest:0.55625
clever:0.54525
secrets:0.544
very interesting:0.5415
africa:0.53475
based on true story:0.53425
light:0.53175
based on a true story:0.5305
drama:0.52975
violent:0.52825
gunfight:0.51775
talky:0.51675
history:0.51625
catastrophe:0.51475
movielens top pick:0.5135
mentor:0.51275
weapons:0.504
suprisingly clever:0.50375
reflective:0.50275
us history:0.5015
absurd:0.499
betrayal:0.4985
world politics:0.495
investigation:0.49425
adapted from:book:0.493
suspenseful:0.4925
amazing photography:0.484
oscar (best supporting actress):0.484
stylized:0.483
realistic:0.48225
disturbing:0.48
artistic:0.48
fighting the system:0.47725
great acting:0.4755
great movie:0.475
moral ambiguity:0.47375
harsh:0.4715
