anime:0.97975
animation:0.95325
original:0.88925
fantasy world:0.85875
japan:0.84725
animated:0.84275
childhood:0.82575
weird:0.79675
great:0.77325
creativity:0.7705
japanese:0.7485
melancholic:0.707
imagination:0.7045
surveillance:0.69875
so bad it's funny:0.69875
downbeat:0.68875
steampunk:0.674
gunfight:0.67075
good:0.66875
criterion:0.6675
art:0.65525
dystopic future:0.64125
runaway:0.63925
transformation:0.619
allegory:0.61775
clever:0.61325
twist:0.609
visually stunning:0.604
narrated:0.58375
amazing photography:0.58375
interesting:0.5805
catastrophe:0.58025
studio ghibli:0.578
twists & turns:0.566
great ending:0.56525
good soundtrack:0.562
oscar (best animated feature):0.5595
adventure:0.55475
murder mystery:0.5545
idealism:0.5505
coming of age:0.545
environment:0.5445
insanity:0.543
brutality:0.53925
self discovery:0.53775
story:0.53625
based on book:0.535
children:0.53125
suprisingly clever:0.52825
oscar winner:0.528
social commentary:0.526
police investigation:0.522
friendship:0.517
animal movie:0.51325
oscar (best directing):0.50975
dark:0.50975
sweet:0.50675
island:0.5035
unlikely friendships:0.49475
vengeance:0.48475
great movie:0.48025
twist ending:0.47725
light:0.475
demons:0.47475
whimsical:0.4685
visual:0.4675
tokyo:0.46675
technology:0.466
foreign:0.45625
life philosophy:0.4555
rebellion:0.45375
unusual plot structure:0.453
environmental:0.45175
storytelling:0.45125
beautiful scenery:0.45
very funny:0.449
mars:0.446
conspiracy:0.43975
beautiful:0.4385
aging:0.43675
culture clash:0.4365
bad ending:0.43325
great acting:0.43175
cute!:0.43125
irish accent:0.4285
fighting the system:0.42425
loneliness:0.42275
simple:0.419
colourful:0.413
investigation:0.41125
good acting:0.41125
mentor:0.41075
stunning:0.40925
corruption:0.408
sci-fi:0.4045
movielens top pick:0.40275
feel-good:0.40125
dreamlike:0.4005
lone hero:0.39975
weapons:0.39575
