women:0.9905
politics:0.94125
islam:0.86425
history:0.83575
england:0.83225
adoption:0.8035
political:0.79125
oscar (best actress):0.77475
idealism:0.74575
rebellion:0.74175
workplace:0.732
british:0.70125
drama:0.68675
dramatic:0.6805
original:0.66075
runaway:0.65275
pg-13:0.652
historical:0.64475
segregation:0.63875
propaganda:0.6355
revolution:0.6345
courage:0.61475
true story:0.577
london:0.575
doctors:0.55325
corruption:0.5355
excellent script:0.533
prejudice:0.52
brutality:0.514
world politics:0.50575
mentor:0.5005
ireland:0.491
pornography:0.48875
sacrifice:0.4875
manipulation:0.48675
destiny:0.46025
assassination:0.4595
working class:0.459
violence:0.45825
great:0.4555
educational:0.44775
justice:0.4415
death:0.4335
oscar (best supporting actress):0.43025
terrorism:0.427
bombs:0.424
interesting:0.42125
secrets:0.41375
passionate:0.41175
catastrophe:0.4085
oscar:0.408
absurd:0.40125
moral ambiguity:0.40125
factual:0.3985
storytelling:0.39675
realistic action:0.3905
freedom:0.3895
biopic:0.38575
great ending:0.38475
not funny:0.38025
biographical:0.37875
relationships:0.376
good soundtrack:0.36525
teen:0.3635
harsh:0.363
israel:0.3625
suprisingly clever:0.35375
spelling bee:0.35025
us history:0.348
brutal:0.3445
betrayal:0.34325
happy ending:0.34175
story:0.3415
emotional:0.3405
surveillance:0.33975
honest:0.3395
friendship:0.3335
glbt:0.3325
police investigation:0.33
violent:0.31575
life philosophy:0.31325
jews:0.313
argentina:0.3095
family:0.309
cinematography:0.30725
divorce:0.306
school:0.3055
good:0.30525
culture clash:0.30175
earnest:0.3005
wartime:0.30025
inspirational:0.29975
revenge:0.29925
poland:0.2985
visually appealing:0.29725
intimate:0.29725
hospital:0.2925
adaptation:0.29025
censorship:0.28825
depression:0.28625
