obsession:0.9245
indie:0.92325
independent film:0.91525
quirky:0.90225
weird:0.86275
gay:0.85425
loneliness:0.82975
original:0.82275
disturbing:0.79375
workplace:0.777
unlikely friendships:0.7715
relationships:0.77
visually appealing:0.76425
intimate:0.72725
good soundtrack:0.71375
homosexuality:0.70925
very interesting:0.688
friendship:0.677
childhood:0.645
mental illness:0.6435
sexual:0.63275
pornography:0.61675
character study:0.611
social commentary:0.60575
depression:0.59575
brutality:0.59
melancholic:0.5875
adolescence:0.57625
enigmatic:0.5595
dark humor:0.5545
dialogue:0.55125
psychological:0.542
affectionate:0.531
honest:0.51375
talky:0.50425
harsh:0.49325
writers:0.4845
dysfunctional family:0.481
sexuality:0.46475
psychology:0.458
existentialism:0.45675
bleak:0.45525
interesting:0.452
off-beat comedy:0.44775
unlikeable characters:0.446
grindhouse:0.44575
criterion:0.444
life philosophy:0.44075
storytelling:0.438
creepy:0.434
entirely dialogue:0.428
creativity:0.426
great ending:0.42575
mentor:0.425
stereotypes:0.423
greed:0.418
thought-provoking:0.41725
golden palm:0.41725
pointless:0.41625
gay character:0.41
visceral:0.4055
sexualized violence:0.39875
nudity (full frontal - notable):0.39725
queer:0.3945
culture clash:0.39325
crime gone awry:0.3885
catastrophe:0.388
homophobia:0.38525
complex:0.3845
life & death:0.38425
redemption:0.382
intellectual:0.37475
bullying:0.37225
reflective:0.37075
male nudity:0.367
depressing:0.367
tragedy:0.36375
runaway:0.36325
addiction:0.3595
gritty:0.357
melancholy:0.347
very funny:0.34475
drinking:0.3435
artsy:0.343
stylized:0.34
story:0.3355
black comedy:0.33125
clever:0.33025
insanity:0.32875
small town:0.32275
low budget:0.32075
eccentricity:0.32075
downbeat:0.312
manipulation:0.31
not funny:0.3055
emotional:0.30475
transformation:0.29925
stoner movie:0.298
gory:0.297
ironic:0.29675
