70mm:0.961
rock and roll:0.93275
las vegas:0.7855
original:0.76325
musicians:0.7195
1970s:0.677
documentary:0.584
immortality:0.5835
life philosophy:0.50525
classic car:0.46125
grindhouse:0.43475
catastrophe:0.42575
criterion:0.42525
love:0.41975
great:0.415
biographical:0.413
drug abuse:0.41125
fun movie:0.386
mentor:0.385
artistic:0.37775
romantic:0.375
finnish:0.3735
special:0.3695
intimate:0.364
culture clash:0.3535
sexy:0.3535
unlikely friendships:0.34425
biography:0.337
hotel:0.33075
movielens top pick:0.33025
melancholic:0.3185
not funny:0.318
pornography:0.31475
nostalgic:0.3145
lone hero:0.314
narrated:0.31275
storytelling:0.3055
oscar (best directing):0.30425
runaway:0.298
drinking:0.29725
dialogue:0.29475
childhood:0.29425
good:0.294
free to download:0.28225
great ending:0.281
family:0.28025
mafia:0.27525
obsession:0.26675
enigmatic:0.26575
musical:0.26425
us history:0.263
talky:0.26
family drama:0.25825
first contact:0.2575
no dialogue:0.255
nudity (full frontal - brief):0.25475
relationships:0.253
made for tv:0.25275
brutality:0.24975
male nudity:0.247
greed:0.2435
based on a play:0.24275
justice:0.2415
suprisingly clever:0.24075
quirky:0.23925
music:0.234
social commentary:0.232
entirely dialogue:0.23125
photography:0.231
unusual plot structure:0.225
harsh:0.22475
queer:0.22425
oscar (best actress):0.2215
honest:0.221
death:0.21975
women:0.2195
hawaii:0.21625
clever:0.21625
good action:0.216
dysfunctional family:0.216
historical:0.2155
affectionate:0.21525
cult classic:0.21525
adaptation:0.215
marriage:0.2145
interracial romance:0.21275
propaganda:0.20975
gangsters:0.20975
light:0.2095
redemption:0.208
intense:0.20725
very funny:0.207
silent:0.20625
adolescence:0.20375
sweet:0.20325
adapted from:book:0.20275
friendship:0.202
80s:0.19975
crime gone awry:0.198
classic:0.19775
