politics:0.999
political:0.9985
documentary:0.95975
president:0.95725
world politics:0.954
corruption:0.8895
iraq war:0.8715
propaganda:0.85975
assassination:0.8185
factual:0.817
intimate:0.775
iraq:0.76625
conspiracy:0.727
very interesting:0.72175
business:0.715
social commentary:0.7025
history:0.6745
texas:0.6675
manipulation:0.65275
greed:0.64
journalism:0.6325
original:0.62775
lesbian:0.62725
brainwashing:0.627
us history:0.57625
justice:0.5145
pornography:0.5125
educational:0.5085
islam:0.5025
censorship:0.5005
satire:0.5
life philosophy:0.49825
stereotypes:0.493
global warming:0.4875
oil:0.4875
based on a book:0.48275
nudity (full frontal - brief):0.479
interesting:0.47425
women:0.47275
idealism:0.46325
adaptation:0.4475
great ending:0.44525
glbt:0.43625
pg-13:0.43175
communism:0.4315
conspiracy theory:0.4235
graphic design:0.4195
queer:0.41825
mentor:0.41575
based on book:0.41225
ethnic conflict:0.404
criterion:0.40325
free to download:0.403
gay character:0.388
not funny:0.38725
corporate america:0.3855
revenge:0.3845
catastrophe:0.38375
biographical:0.381
palestine:0.378
kick-butt women:0.36925
revolution:0.369
absurd:0.3685
good soundtrack:0.3675
potential oscar nom:0.36675
capitalism:0.35875
israel:0.35775
culture clash:0.3565
fascism:0.3565
cia:0.348
9/11:0.3465
atheism:0.34625
sacrifice:0.34275
vengeance:0.3415
latin america:0.3415
hard to watch:0.3385
prejudice:0.3385
weapons:0.33325
internet:0.325
good:0.3225
gay:0.31725
stand-up comedy:0.314
wartime:0.3105
storytelling:0.30775
feel-good:0.3045
controversial:0.30375
anti-war:0.3025
distopia:0.302
sexual abuse:0.29975
dialogue:0.29775
ecology:0.29675
melancholic:0.29375
political corruption:0.29075
race issues:0.2905
family:0.29025
talky:0.28975
interracial romance:0.28875
betrayal:0.2885
feel good movie:0.28525
homophobia:0.2835
