lawyers:0.972
courtroom:0.9315
lawyer:0.9245
comedy:0.7915
original:0.67075
predictable:0.66625
court:0.6415
small town:0.6175
very funny:0.5295
romance:0.52
funny:0.49675
farce:0.4905
romantic:0.4795
mentor:0.45925
great ending:0.4515
catastrophe:0.4005
pg-13:0.38575
hilarious:0.3795
life philosophy:0.3705
dialogue:0.36475
so bad it's funny:0.35775
bad plot:0.35675
quirky:0.3545
absurd:0.35425
great:0.3435
police investigation:0.33925
redemption:0.33525
first contact:0.32625
destiny:0.32575
fun movie:0.3235
disaster:0.3195
story:0.31625
overrated:0.31225
goofy:0.312
brutality:0.311
justice:0.30975
talky:0.30675
slapstick:0.305
runaway:0.30325
lone hero:0.303
light:0.2995
unfunny:0.29575
nudity (full frontal - brief):0.28825
greed:0.28625
weird:0.28475
pornography:0.28375
unusual plot structure:0.28125
not funny:0.27925
chase:0.275
vengeance:0.27475
bittersweet:0.27125
very interesting:0.261
corruption:0.25375
entirely dialogue:0.2525
visually appealing:0.25025
good soundtrack:0.24325
culture clash:0.24
adaptation:0.23975
melancholic:0.23875
entertaining:0.23625
natural disaster:0.23325
existentialism:0.22925
unlikely friendships:0.229
dreamlike:0.229
fantasy world:0.22775
fight scenes:0.2275
new jersey:0.2265
transformation:0.2265
action:0.225
silly fun:0.225
good:0.2225
oscar:0.2225
humorous:0.2205
criterion:0.21975
happy ending:0.21675
betrayal:0.21575
sexy:0.2155
identity:0.21375
weapons:0.2125
gangsters:0.2125
romantic comedy:0.21
alter ego:0.2075
violence:0.2075
boring:0.207
women:0.20575
good action:0.205
workplace:0.20475
cult film:0.20425
death:0.2035
sci fi:0.2035
surreal:0.20275
crude humor:0.20025
storytelling:0.2
family:0.19825
imdb top 250:0.19775
complex:0.1975
cinematography:0.197
suspense:0.19625
fun:0.19475
police corruption:0.1945
