martial arts:0.99375
fight scenes:0.98
action:0.97625
kung fu:0.97475
comedy:0.96475
buddy movie:0.9555
good sequel:0.8705
good action:0.8555
silly fun:0.85325
fighting:0.8485
funny:0.84475
action packed:0.83475
pg-13:0.82025
sequels:0.81375
england:0.809
fun movie:0.794
london:0.786
sword fight:0.7835
hong kong:0.77475
goofy:0.73325
original:0.72325
franchise:0.71575
fun:0.70875
adventure:0.706
sequel:0.6985
china:0.6945
funny as hell:0.68175
very funny:0.68025
entertaining:0.66625
silly:0.65625
big budget:0.64625
chris tucker:0.62725
humorous:0.604
good:0.5955
chase:0.59225
hilarious:0.582
vengeance:0.55525
great:0.5495
fast paced:0.54475
story:0.50725
predictable:0.5045
better than expected:0.48925
dynamic cgi action:0.48825
slapstick:0.48675
mentor:0.4865
revenge:0.484
historical:0.47875
destiny:0.47
dialogue:0.46925
lone hero:0.4665
visually stunning:0.46425
crude humor:0.4465
ninja:0.43575
stereotypes:0.434
great ending:0.42725
transformation:0.42475
car chase:0.41475
family:0.4135
great movie:0.411
catastrophe:0.41075
so bad it's funny:0.4085
culture clash:0.405
unfunny:0.40075
humor:0.38125
bad plot:0.37325
kick-butt women:0.3695
queer:0.366
alter ego:0.36025
scotland:0.3555
exciting:0.35475
not funny:0.353
dumb but funny:0.3525
clever:0.347
cool:0.33825
sword fighting:0.3325
comic:0.33125
special effects:0.32625
lame:0.325
life philosophy:0.324
crappy sequel:0.32375
british:0.3235
brutality:0.32125
creativity:0.3185
fantasy world:0.3115
plot:0.31025
good soundtrack:0.308
suprisingly clever:0.3035
betrayal:0.30325
murder:0.3005
whimsical:0.3005
weapons:0.2995
assassin:0.29925
swashbuckler:0.298
assassination:0.29575
runaway:0.29325
kidnapping:0.29325
factual:0.29125
childhood:0.291
beautiful scenery:0.28975
stupid:0.28925
