goofy:0.943
silly fun:0.9125
silly:0.9
comedy:0.87625
dumb:0.8515
funny as hell:0.7725
so bad it's funny:0.75325
stupid:0.752
original:0.74
quirky:0.709
funny:0.7015
stupidity:0.69925
fun:0.696
fun movie:0.68975
stereotypes:0.689
road trip:0.64
very funny:0.635
slapstick:0.629
humorous:0.62075
bad plot:0.62
absurd:0.6025
hilarious:0.59125
teen movie:0.58825
predictable:0.587
idiotic:0.579
dumb but funny:0.57675
weird:0.56225
lame:0.561
cult film:0.56025
stupid as hell:0.544
great ending:0.5415
saturday night live:0.522
cult classic:0.519
parody:0.51675
feel-good:0.5165
adventure:0.4795
feel good movie:0.477
humor:0.473
ridiculous:0.45475
first contact:0.44875
destiny:0.44875
mentor:0.44625
satirical:0.437
unfunny:0.4325
crazy:0.42325
storytelling:0.422
pointless:0.4215
road movie:0.42
splatter:0.41625
horrible:0.4125
pg-13:0.4045
catastrophe:0.403
spoof:0.403
light:0.4025
great:0.391
stoner movie:0.39025
chase:0.389
life philosophy:0.37875
good soundtrack:0.37475
fantasy world:0.35175
overrated:0.35175
teen:0.346
funniest movies:0.34525
crude humor:0.3445
brutality:0.336
beer:0.334
shallow:0.32375
amy smart:0.31725
story:0.31375
better than expected:0.31225
surreal:0.3085
action packed:0.30225
dialogue:0.30125
pornography:0.30125
lone hero:0.30025
adaptation:0.29925
satire:0.29175
creativity:0.2915
gross-out:0.2855
family:0.28525
runaway:0.283
bad:0.28025
happy ending:0.27475
fight scenes:0.27425
allegory:0.27275
harsh:0.269
entertaining:0.2685
culture clash:0.26775
clever:0.26675
inspirational:0.266
good:0.2655
teens:0.2655
off-beat comedy:0.26425
melancholic:0.26025
suprisingly clever:0.254
natural disaster:0.25175
visually appealing:0.24675
irreverent:0.2455
police investigation:0.24525
transformation:0.24425
