gay:0.89725
complex:0.89525
love:0.89125
very interesting:0.87275
intimate:0.86275
visually appealing:0.83675
melancholic:0.8325
weird:0.8155
loneliness:0.81475
relationships:0.80975
sexy:0.80675
enigmatic:0.80225
pornography:0.78025
realistic:0.77225
nudity (topless - notable):0.76425
stylish:0.754
talky:0.719
off-beat comedy:0.7185
original:0.7155
erotic:0.698
nudity (topless):0.69375
criterion:0.684
brutality:0.67225
claustrophobic:0.67125
dumb but funny:0.66775
so bad it's funny:0.65475
sex:0.65275
cerebral:0.64425
sexual:0.644
passionate:0.63375
stereotypes:0.6305
visceral:0.625
male nudity:0.624
ensemble cast:0.62275
entirely dialogue:0.6195
grim:0.5935
obsession:0.59
golden palm:0.57525
classic car:0.5745
dialogue:0.56875
manipulation:0.5685
intense:0.5545
nudity (full frontal - notable):0.554
adolescence:0.54975
drama:0.53175
train:0.53025
transgender:0.52975
art:0.52575
interesting:0.52425
mentor:0.522
love story:0.50425
death:0.493
gay character:0.48575
french:0.4825
pointless:0.48075
women:0.47375
stylized:0.47175
runaway:0.46675
queer:0.46425
complicated:0.46325
childhood:0.451
art house:0.45075
drugs:0.4495
sexualized violence:0.44525
predictable:0.441
great ending:0.4405
quirky:0.43875
bdsm:0.436
good music:0.4305
plot:0.43
narrated:0.4275
boring!:0.42725
life & death:0.42725
spanish:0.42575
nudity (rear):0.42375
marriage:0.42
hotel:0.4175
drinking:0.40925
pg-13:0.40725
catastrophe:0.39625
splatter:0.39425
writers:0.39125
psychological:0.389
affectionate:0.38725
dysfunctional family:0.385
betrayal:0.38025
romantic:0.37775
existentialism:0.3715
gratuitous violence:0.36925
independent film:0.36575
not funny:0.364
nocturnal:0.3625
teens:0.3515
lesbian:0.34975
cult classic:0.34575
bittersweet:0.3435
storytelling:0.32925
cinematography:0.3275
gangs:0.32625
paris:0.32
