mummy:0.99975
egypt:0.99575
horror:0.8765
original:0.80275
monster:0.7575
sequels:0.74225
good sequel:0.6955
cult classic:0.6775
immortality:0.65825
life & death:0.6395
creepy:0.634
sequel:0.60975
mad scientist:0.545
archaeology:0.51175
so bad it's funny:0.497
cult film:0.49575
transformation:0.4945
campy:0.48775
wilderness:0.486
mentor:0.48425
vampire human love:0.47575
zombie:0.46675
cult:0.4515
life philosophy:0.44125
fun movie:0.4355
splatter:0.43525
hospital:0.4345
brutality:0.43275
werewolf:0.432
adventure:0.4305
good soundtrack:0.42575
fun:0.4225
goofy:0.42125
classic:0.41975
franchise:0.41425
special effects:0.392
predictable:0.388
weird:0.38775
great ending:0.38675
fight scenes:0.386
catastrophe:0.38575
violence:0.38575
dialogue:0.38025
camp:0.3785
demons:0.36075
vengeance:0.36025
great:0.35575
scary:0.355
eerie:0.35175
adaptation:0.34825
redemption:0.34225
atmospheric:0.34
new jersey:0.33775
good:0.33325
death:0.327
sci fi:0.32325
solitude:0.32075
storytelling:0.31925
justice:0.317
monsters:0.31525
suspense:0.315
first contact:0.3065
happy ending:0.30125
not funny:0.30125
criterion:0.2985
silly:0.2915
gothic:0.29125
lone hero:0.289
melancholic:0.28725
alternate reality:0.28725
quirky:0.2865
overrated:0.28625
gory:0.28325
entirely dialogue:0.2825
effects:0.28175
story:0.2815
slapstick:0.28075
revenge:0.279
blood:0.27625
existentialism:0.2685
nocturnal:0.26225
stylized:0.25975
bad plot:0.254
stereotypes:0.25325
entertaining:0.25175
intense:0.25
comic:0.24725
allegory:0.24525
exciting:0.24425
secrets:0.24225
grindhouse:0.23875
dark hero:0.23725
supernatural:0.23725
culture clash:0.23625
multiple storylines:0.23525
teleportation:0.23475
pornography:0.2335
ensemble cast:0.2305
remade:0.2305
fantasy world:0.23025
