alien:0.97425
aliens:0.96575
kids:0.85825
children:0.84825
family:0.7645
foul language:0.74875
weapons:0.7285
alien invasion:0.67825
dialogue:0.676
original:0.671
bad plot:0.66225
crude humor:0.6175
story:0.6025
predictable:0.5975
teen movie:0.55325
kids and family:0.53825
script:0.51975
first contact:0.51125
dysfunctional family:0.5105
cute:0.5
special effects:0.488
childhood:0.48175
fun:0.47975
cute!:0.456
adventure:0.45525
mentor:0.454
silly:0.453
single father:0.4425
slapstick:0.43775
spelling bee:0.43525
cgi:0.43325
fun movie:0.429
great ending:0.42525
fantasy world:0.42475
pointless:0.40825
camp:0.40525
holiday:0.40075
catastrophe:0.3985
fantasy:0.3895
storytelling:0.388
pulp:0.388
sci fi:0.3815
comedy:0.3645
good:0.3565
computer animation:0.35125
so bad it's funny:0.347
entertaining:0.33975
overrated:0.335
teen:0.32775
bullying:0.32575
brutality:0.3255
fight scenes:0.325
very funny:0.31775
talking animals:0.3145
not funny:0.309
action:0.3
sci-fi:0.294
adaptation:0.287
natural disaster:0.28575
entirely dialogue:0.27575
redemption:0.2715
silly fun:0.2645
feel-good:0.25975
boring:0.25125
clever:0.24725
fbi:0.2435
good soundtrack:0.24325
plot holes:0.2415
cool:0.2405
corny:0.2405
science fiction:0.2395
geek:0.23875
writers:0.23875
life philosophy:0.2375
creativity:0.236
weird:0.2355
absurd:0.2355
bad cgi:0.233
betrayal:0.2305
unfunny:0.22875
police investigation:0.2285
better than expected:0.228
family drama:0.228
exceptional acting:0.22625
vengeance:0.22625
goofy:0.22575
high school:0.22575
culture clash:0.22425
cult film:0.22375
scifi:0.223
superheroes:0.2205
unusual plot structure:0.21825
lone hero:0.21825
twists & turns:0.2175
great:0.21575
franchise:0.21125
destiny:0.2095
runaway:0.209
chase:0.20875
pornography:0.20725
