werewolves:0.99975
werewolf:0.997
original:0.89975
remake:0.88425
horror:0.88275
horrible:0.871
vampire human love:0.83375
pointless:0.83175
special effects:0.809
franchise:0.8035
so bad it's funny:0.80325
demons:0.73075
predictable:0.72075
crappy sequel:0.69825
sequels:0.691
sequel:0.6855
effects:0.66975
great ending:0.66125
bad cgi:0.65025
bad acting:0.63925
scary:0.6375
bad plot:0.632
fantasy world:0.63125
disaster:0.61075
campy:0.58475
writers:0.5785
teens:0.5705
ghosts:0.54425
suspenseful:0.543
dialogue:0.53
small town:0.5155
suspense:0.5075
monster:0.49575
fight scenes:0.492
overrated:0.4855
stupid as hell:0.48375
boring:0.48375
adapted from:book:0.48025
adaptation:0.4775
surreal:0.47675
awful:0.46375
nocturnal:0.45875
transformation:0.444
bad:0.4255
nudity (topless - notable):0.424
first contact:0.421
author:neil gaiman:0.4155
violence:0.415
catastrophe:0.413
lone hero:0.407
splatter:0.40175
boring!:0.39975
death:0.39925
ridiculous:0.39425
mentor:0.392
silly:0.3905
natural disaster:0.3875
lame:0.38625
nudity (topless):0.384
gore:0.38325
weird:0.3725
low budget:0.37025
supernatural:0.36875
product placement:0.3655
entirely dialogue:0.36525
erotic:0.358
brutality:0.3575
cult film:0.3555
cheesy:0.3535
books:0.35325
weapons:0.35125
action packed:0.3505
grindhouse:0.34775
slasher:0.34725
gothic:0.34675
quirky:0.346
family:0.3455
dreamlike:0.33525
idiotic:0.332
fantasy:0.32875
serial killer:0.326
adultery:0.32525
camp:0.32475
wilderness:0.32375
pulp:0.321
sci fi:0.3205
murder:0.32
destiny:0.31075
talky:0.309
remade:0.3065
not funny:0.306
twist ending:0.30375
sexy:0.3005
parallel universe:0.3
series:0.29925
unusual plot structure:0.298
technology:0.29775
storytelling:0.29175
crude humor:0.2915
multiple storylines:0.29025
