irish:0.983
ireland:0.9425
bond:0.886
original:0.87675
cool:0.8275
entertaining:0.70425
plot holes:0.701
good:0.69325
pg-13:0.684
fun movie:0.663
storytelling:0.65325
good soundtrack:0.65225
dialogue:0.6415
underdog:0.6385
betrayal:0.63475
irish accent:0.6325
life:0.63175
great:0.62125
shallow:0.6165
80s:0.61
interesting:0.60675
stereotypes:0.5975
intense:0.59525
hospital:0.5765
fun:0.5725
fight scenes:0.5705
family:0.5595
internet:0.55775
mentor:0.546
sexy:0.53225
great ending:0.531
action:0.52675
violence:0.52525
small town:0.525
silly fun:0.51325
relationships:0.50725
nostalgic:0.49675
very good:0.486
greed:0.48375
friendship:0.48125
gay character:0.4725
gory:0.46625
brutality:0.46275
plot:0.45875
predictable:0.455
heartwarming:0.452
story:0.4515
catastrophe:0.4485
kids and family:0.44725
violent:0.44475
loneliness:0.4405
goofy:0.44025
007 (series):0.4385
bad acting:0.4365
whimsical:0.4365
gangsters:0.43425
blood:0.42575
light:0.41775
lone hero:0.41575
special:0.41
kids:0.40675
teens:0.40075
gay:0.4005
first contact:0.39525
drinking:0.3945
franchise:0.391
good action:0.389
great movie:0.3835
life philosophy:0.3835
simple:0.38275
chase:0.3795
secret service:0.37675
fantasy world:0.37575
earnest:0.37525
amy smart:0.37525
adventure:0.37525
sentimental:0.358
computer animation:0.357
humorous:0.356
007:0.354
nocturnal:0.35325
gunfight:0.35275
adapted from:book:0.35275
feel good movie:0.3495
fast paced:0.3435
intimate:0.34175
psychological:0.3415
ethnic conflict:0.3405
classic car:0.34025
nudity (topless - notable):0.33925
oscar (best directing):0.338
redemption:0.33625
entirely dialogue:0.33525
visually stunning:0.332
western:0.32825
not funny:0.3275
twists & turns:0.32725
nudity (full frontal - brief):0.32575
adaptation:0.32575
multiple storylines:0.3245
