horror:0.9935
slasher:0.99025
franchise:0.98925
splatter:0.96925
teens:0.907
bloody:0.873
gory:0.8665
teen movie:0.84475
original:0.79275
blood:0.787
goofy:0.77325
scary:0.7705
camp:0.74275
brutality:0.73575
view askew:0.72025
gore:0.71325
violence:0.711
monster:0.70025
gruesome:0.69
serial killer:0.6875
dialogue:0.67825
dreams:0.674
nudity (topless):0.66975
fun movie:0.645
predictable:0.64475
great ending:0.64025
bad plot:0.6375
teen:0.63625
bad acting:0.622
sexualized violence:0.616
murder:0.61425
nudity:0.60325
silly fun:0.598
fight scenes:0.596
pointless:0.58225
destiny:0.57525
monsters:0.564
supernatural:0.555
brutal:0.5485
death:0.548
stupid:0.5415
demons:0.54125
good soundtrack:0.53725
silly:0.51225
cult film:0.50875
fun:0.501
cult classic:0.498
80s:0.487
weapons:0.484
creativity:0.48025
special effects:0.47825
cool:0.47425
bad cgi:0.4695
action:0.4665
violent:0.46275
fighting:0.461
parody:0.46
so bad it's funny:0.44875
stereotypes:0.44625
crappy sequel:0.44575
transformation:0.44025
mentor:0.43675
suspense:0.43625
action packed:0.43475
nocturnal:0.43275
campy:0.4255
funny as hell:0.41625
stupid as hell:0.414
grindhouse:0.41375
torture:0.411
overrated:0.40925
visually appealing:0.40925
halloween:0.409
idiotic:0.40425
effects:0.40275
mad scientist:0.40125
creepy:0.40125
vengeance:0.4005
oscar (best directing):0.39775
series:0.39575
dumb:0.392
catastrophe:0.39
ridiculous:0.38775
cheesy:0.38475
goretastic:0.378
revenge:0.3755
awesome soundtrack:0.3755
storytelling:0.37325
teenagers:0.37125
story:0.37
suspenseful:0.3665
graphic novel:0.36325
fast paced:0.36075
apocalypse:0.36
great:0.3595
entirely dialogue:0.35425
dumb but funny:0.35025
adaptation:0.34975
fantasy world:0.34775
chase:0.347
