orphans:0.93475
adoption:0.89025
australia:0.88875
adolescence:0.8835
drama:0.87175
mentor:0.8415
feel-good:0.8405
excellent script:0.82025
narrated:0.81375
unlikely friendships:0.805
nostalgic:0.8
coming of age:0.79025
destiny:0.79
original:0.7875
beautifully filmed:0.7855
oscar (best directing):0.783
cinematography:0.7745
dreams:0.734
holiday:0.72875
heartbreaking:0.71425
friendship:0.70475
pg-13:0.69875
good soundtrack:0.6985
depression:0.6955
love story:0.67525
melancholic:0.675
australian:0.66125
1930s:0.661
feel good movie:0.6455
emotional:0.64325
relationships:0.6335
great acting:0.60975
nudity (topless - brief):0.581
romantic:0.56925
childhood:0.56925
coming-of-age:0.569
sweet:0.567
life & death:0.56525
sentimental:0.565
bittersweet:0.56175
teen movie:0.5495
runaway:0.547
romantic comedy:0.54475
poignant:0.54425
british:0.5305
oscar (best actress):0.53
realistic:0.52325
family:0.51925
nudity:0.51725
intimate:0.513
whimsical:0.51
secrets:0.5045
dramatic:0.501
storytelling:0.5005
great ending:0.4975
sad:0.49575
dialogue:0.49375
life philosophy:0.49
nudity (topless - notable):0.48375
england:0.466
story:0.466
exceptional acting:0.463
culture clash:0.461
light:0.45475
photography:0.44825
great:0.448
idealism:0.4475
brutality:0.44625
death:0.44625
sexualized violence:0.44525
good acting:0.44275
criterion:0.44025
adaptation:0.4395
aging:0.43925
greed:0.438
multiple storylines:0.437
loneliness:0.437
breathtaking:0.43475
fun movie:0.4315
predictable:0.42775
suburbia:0.4245
scenic:0.424
cancer:0.42275
gangsters:0.42225
1980s:0.4195
visually appealing:0.4165
love:0.41275
sad but good:0.409
adapted from:book:0.409
catastrophe:0.4005
stunning:0.39725
sexy:0.396
london:0.39075
amazing photography:0.389
beautiful scenery:0.38825
oscar (best supporting actress):0.38775
life:0.3845
reflective:0.3845
period piece:0.38425
talky:0.38375
