splatter:0.99725
horror:0.9915
dark humor:0.9875
cult classic:0.9875
demons:0.98
gory:0.9455
cult film:0.94175
zombie:0.92975
gore:0.92775
original:0.90775
wilderness:0.90125
humorous:0.876
bloody:0.8645
violence:0.844
visceral:0.816
low budget:0.815
blood:0.8015
macabre:0.79275
great ending:0.785
comedy:0.7805
creepy:0.7775
black comedy:0.77225
cult:0.76825
gruesome:0.7635
stylized:0.752
zombies:0.751
atmospheric:0.74475
grindhouse:0.74
goofy:0.7305
weird:0.7295
anti-hero:0.717
tense:0.7165
quotable:0.715
stop motion:0.71225
good sequel:0.709
insanity:0.69875
violent:0.69775
dark comedy:0.69475
brutality:0.69325
humor:0.68325
hilarious:0.67675
fun movie:0.67325
original plot:0.6725
campy:0.66775
highly quotable:0.66375
good soundtrack:0.6605
special effects:0.659
narrated:0.64875
classic:0.64275
great movie:0.63875
monster:0.63775
great:0.63675
masterpiece:0.629
effects:0.62625
scary:0.62125
stylish:0.60675
dark hero:0.60025
cool:0.59775
suprisingly clever:0.59675
very funny:0.5935
vengeance:0.59225
transformation:0.588
sequels:0.587
funny:0.5795
forceful:0.5635
social commentary:0.55725
sequel:0.55575
trilogy:0.5395
weapons:0.5235
parody:0.5055
good:0.50375
sexualized violence:0.50375
disturbing:0.5005
oscar (best effects - visual effects):0.5
dialogue:0.4955
fun:0.49475
so bad it's funny:0.49275
talky:0.49225
gunfight:0.49025
goretastic:0.48975
funny as hell:0.4835
intense:0.4825
storytelling:0.4805
isolation:0.475
suspense:0.469
apocalypse:0.4685
mentor:0.46425
gratuitous violence:0.46275
over the top:0.462
imdb top 250:0.46175
criterion:0.46075
adaptation:0.45125
nocturnal:0.448
honest:0.44675
fast paced:0.44475
silly:0.44175
supernatural:0.43775
chase:0.43725
harsh:0.437
grim:0.43425
