alien:0.984
horror:0.97225
high school:0.964
sci-fi:0.96225
teen:0.9615
teen movie:0.94425
aliens:0.943
alien invasion:0.90875
fun movie:0.89625
scary:0.892
teens:0.867
sci fi:0.787
cult classic:0.7755
goth:0.761
original:0.7555
splatter:0.7495
cheerleading:0.747
scifi:0.74575
special effects:0.7455
suspense:0.72725
silly fun:0.71275
cool:0.66625
nerds:0.6555
good soundtrack:0.65225
science fiction:0.647
fun:0.643
geek:0.63525
monster:0.63475
predictable:0.631
stereotypes:0.626
geeks:0.6185
mars:0.601
so bad it's funny:0.58425
dialogue:0.57425
goofy:0.56275
first contact:0.5615
great ending:0.5575
teenagers:0.53775
great:0.53475
gory:0.531
remake:0.529
entertaining:0.523
weird:0.51425
transformation:0.487
school:0.48275
twists & turns:0.47425
cult film:0.47325
catastrophe:0.466
effects:0.4565
teacher:0.45375
slasher:0.4445
good:0.4385
monsters:0.4385
mentor:0.43275
bullying:0.427
paranoia:0.41875
nudity (topless - brief):0.408
great movie:0.40675
better than expected:0.40575
life philosophy:0.404
great acting:0.39975
nudity (topless - notable):0.39625
action:0.396
clever:0.39325
small town:0.39275
ensemble cast:0.39225
weapons:0.3855
suspenseful:0.37825
bad cgi:0.37325
action packed:0.37025
lame:0.36825
80s:0.366
bad plot:0.36425
culture clash:0.3615
supernatural:0.359
parody:0.3585
campy:0.35825
writers:0.352
bad acting:0.3515
teenager:0.35075
big budget:0.3495
silly:0.344
creepy:0.34375
story:0.34325
apocalypse:0.343
demons:0.34225
cheesy:0.34025
entirely dialogue:0.34025
chase:0.3365
overrated:0.33075
satirical:0.32875
pg-13:0.32375
not funny:0.32175
adaptation:0.3155
fight scenes:0.3135
light:0.311
grindhouse:0.31025
quirky:0.30675
brutality:0.3035
nudity (topless):0.303
