superhero:0.9845
superheroes:0.9835
super hero:0.981
based on a comic:0.97225
dc comics:0.91825
super-hero:0.863
cyborgs:0.83775
action:0.80825
mentor:0.788
animation:0.76625
original:0.7555
comic book:0.75275
pg-13:0.7495
fight scenes:0.7455
dialogue:0.74525
alternate universe:0.7425
mutants:0.728
comics:0.7105
justice:0.70675
visually appealing:0.6975
marvel:0.6765
comic:0.66875
dark hero:0.66575
franchise:0.65525
story:0.64925
firefly:0.64025
cool:0.61
fighting:0.60125
alter ego:0.59125
batman:0.58875
based on comic:0.58525
transformation:0.582
awesome soundtrack:0.56825
teleportation:0.565
action packed:0.5545
cartoon:0.5305
nocturnal:0.5235
adapted from:comic:0.50975
grindhouse:0.504
great ending:0.50275
vengeance:0.48825
geeks:0.43925
good versus evil:0.43575
giant robots:0.4325
adaptation:0.42275
violence:0.41775
catastrophe:0.40175
vigilante:0.39825
apocalypse:0.39825
weapons:0.39325
series:0.391
new jersey:0.38925
animated:0.382
culture clash:0.3805
harsh:0.37725
lone hero:0.375
entirely dialogue:0.373
technology:0.36975
visually stunning:0.3645
stand-up comedy:0.3585
moral ambiguity:0.356
corruption:0.35525
goofy:0.353
crude humor:0.35275
war:0.35125
gritty:0.35
runaway:0.347
gunfight:0.34425
great:0.34225
alternate history:0.34075
plot:0.3355
robert downey jr:0.333
not funny:0.3305
big budget:0.32675
predictable:0.32625
monsters:0.3225
shallow:0.31275
good soundtrack:0.31225
free speech:0.30925
graphic novel:0.30875
redemption:0.30875
witty:0.30525
vigilantism:0.30125
fantasy world:0.2995
blindness:0.29725
storytelling:0.2925
classic car:0.29125
drinking:0.28925
very funny:0.28825
unfunny:0.28675
good action:0.2865
sarcasm:0.28625
geek:0.28475
first contact:0.281
humor:0.28025
revenge:0.28025
sci fi:0.279
notable nudity:0.27675
ninja:0.2765
good:0.275
