jews:0.98925
nazis:0.98675
holocaust:0.98475
nazi:0.9765
world war ii:0.97
germany:0.95775
anti-semitism:0.93875
jewish:0.93025
wwii:0.9285
dramatic:0.92775
poland:0.90575
based on true story:0.89925
true story:0.886
vienna:0.8795
lawyer:0.8625
history:0.82525
based on a true story:0.8185
historical:0.7955
courtroom drama:0.787
art:0.74475
lawyers:0.732
good:0.7035
guilt:0.684
family:0.683
oscar (best actress):0.67975
drama:0.675
courtroom:0.6695
us history:0.66575
court:0.66125
original:0.63525
assassination:0.62425
story:0.62375
mentor:0.59975
culture clash:0.574
justice:0.566
redemption:0.5625
wartime:0.5555
1930s:0.5345
german:0.52425
pg-13:0.51875
prejudice:0.51575
judaism:0.51175
tragedy:0.511
emotional:0.51
great ending:0.50575
suprisingly clever:0.5045
catastrophe:0.50225
unusual plot structure:0.50175
corruption:0.49575
doctors:0.4815
ethnic conflict:0.47425
runaway:0.473
excellent script:0.46875
biographical:0.4645
good acting:0.462
reflective:0.4605
finnish:0.46
oscar (best supporting actress):0.45625
great acting:0.45475
poignant:0.45
heartwarming:0.44975
secrets:0.4465
oscar (best directing):0.43925
prohibition:0.435
based on a play:0.43375
great:0.42625
intense:0.42475
politics:0.42375
touching:0.4205
death:0.41475
unlikely friendships:0.4135
idealism:0.408
vengeance:0.40675
childhood:0.406
oscar (best foreign language film):0.40225
feel good movie:0.39925
light:0.3955
france:0.38675
narrated:0.386
artist:0.38475
melancholic:0.382
exceptional acting:0.38075
twists & turns:0.3805
berlin:0.379
dialogue:0.37725
conspiracy:0.37475
england:0.37275
oscar:0.3715
honest:0.3705
foreign:0.36925
police investigation:0.36775
nudity (full frontal - brief):0.36675
complex:0.36625
moral ambiguity:0.364
mozart:0.36325
earnest:0.36
beautiful scenery:0.356
manipulation:0.35575
betrayal:0.355
courage:0.34125
