kidnapping:0.933
suspense:0.78625
original:0.75175
twists & turns:0.7375
tense:0.73275
betrayal:0.67525
thriller:0.6725
suspenseful:0.6665
drama:0.6635
very interesting:0.6335
psychological:0.62825
police investigation:0.623
infidelity:0.614
complex:0.6065
dialogue:0.60425
great ending:0.58425
family drama:0.57475
tricky:0.55525
greed:0.55
secrets:0.54975
surprise ending:0.54925
family:0.541
twist:0.5405
storytelling:0.526
writers:0.51625
cheating:0.50725
character study:0.505
cerebral:0.48
plot:0.47625
predictable:0.4725
slow:0.465
dysfunctional family:0.4595
twist ending:0.4545
interesting:0.4545
pointless:0.45275
guilt:0.4485
plot twist:0.4475
corruption:0.4435
culture clash:0.4385
adultery:0.43675
first contact:0.43325
story:0.43275
depression:0.42825
intense:0.42775
catastrophe:0.42375
marriage:0.419
psychology:0.418
obsession:0.41325
boring!:0.41225
good soundtrack:0.41225
relationships:0.4085
intimate:0.4085
melancholic:0.407
slow paced:0.40075
entirely dialogue:0.395
manipulation:0.39225
clever:0.381
bad ending:0.37925
fbi:0.37875
exceptional acting:0.37575
mentor:0.375
dramatic:0.3695
non-hollywood ending:0.3695
redemption:0.36925
caper:0.36725
wilderness:0.36675
loneliness:0.36375
not funny:0.36125
good acting:0.3575
brutality:0.35725
criterion:0.35375
great acting:0.35325
great:0.351
paranoia:0.3485
sexualized violence:0.34775
chase:0.34325
fantasy world:0.3425
multiple storylines:0.33925
cinematography:0.33425
pornography:0.3325
crime gone awry:0.33125
good:0.331
harsh:0.3305
imdb top 250:0.329
creativity:0.3275
absurd:0.327
nudity (full frontal - notable):0.327
enigmatic:0.32675
death:0.3265
destiny:0.32525
divorce:0.3235
sexy:0.3225
plot holes:0.3215
gangsters:0.32
paranoid:0.31775
nudity (full frontal - brief):0.31575
entertaining:0.31375
light:0.31325
great movie:0.31225
life philosophy:0.31025
