romantic comedy:0.9515
romantic:0.90925
fun movie:0.90825
love story:0.89675
fantasy:0.8945
80s:0.88375
1980s:0.84225
romance:0.83825
feel-good:0.79475
cute!:0.78425
silly:0.7725
gay character:0.7425
cute:0.7355
destiny:0.72725
teen movie:0.71575
girlie movie:0.715
fun:0.71025
happy ending:0.70675
comedy:0.705
original:0.6955
sweet:0.69225
cheesy:0.6885
goofy:0.68725
silly fun:0.67925
nostalgic:0.66225
chick flick:0.6595
egypt:0.65875
predictable:0.64175
feel good movie:0.63175
guilty pleasure:0.608
excellent script:0.6015
good soundtrack:0.574
light:0.57225
sexy:0.56175
mentor:0.55375
screwball comedy:0.526
nostalgia:0.52325
so bad it's funny:0.51375
life philosophy:0.48975
stereotypes:0.4805
gay:0.48025
fantasy world:0.4545
catastrophe:0.448
chase:0.448
great ending:0.442
family:0.44125
good:0.43475
love:0.43125
teen:0.43025
switching places:0.42925
childhood:0.4275
shopping:0.42475
great:0.411
bad plot:0.40425
adventure:0.3865
motorcycle:0.37675
good romantic comedies:0.3735
quirky:0.36675
lone hero:0.35975
big budget:0.35625
cool:0.35525
fairy tale:0.3525
magic:0.348
first contact:0.3475
brutality:0.34325
dialogue:0.34225
transformation:0.33975
overrated:0.3385
pg-13:0.33425
story:0.33225
cult classic:0.32875
very funny:0.32725
campy:0.31875
vengeance:0.31325
nudity (topless - notable):0.3125
fight scenes:0.31225
special effects:0.3095
slapstick:0.30925
runaway:0.30775
storytelling:0.3065
great soundtrack:0.30625
life:0.304
classic:0.3015
entertaining:0.3
creativity:0.29575
not funny:0.29525
oscar winner:0.293
culture clash:0.2925
natural disaster:0.28925
adaptation:0.28225
whimsical:0.27875
corny:0.2775
passionate:0.2695
redemption:0.269
unfunny:0.26625
cult film:0.2635
teens:0.2635
dog:0.25875
good action:0.25375
psychological:0.25325
