organized crime:0.99525
dark hero:0.99325
mafia:0.991
violence:0.984
violent:0.97675
brutality:0.974
male nudity:0.95825
gangsters:0.939
complex:0.929
tense:0.92375
russian:0.92375
bloody:0.92275
mob:0.922
gangster:0.921
crime:0.90875
visceral:0.9075
gratuitous violence:0.90075
brutal:0.85925
bleak:0.84725
hit men:0.84375
intense:0.83525
great acting:0.83025
dark:0.81875
original:0.8165
enigmatic:0.81525
drama:0.809
london:0.803
undercover cop:0.7995
good soundtrack:0.7985
complex characters:0.79575
stylish:0.7945
moral ambiguity:0.791
realistic:0.78725
twists & turns:0.78275
betrayal:0.779
secrets:0.769
harsh:0.7665
nudity (topless - brief):0.76625
suspense:0.76375
nudity (full frontal - notable):0.7635
police investigation:0.762
sexualized violence:0.75925
stylized:0.75825
vengeance:0.7565
social commentary:0.754
grim:0.7395
atmospheric:0.7345
corruption:0.727
exceptional acting:0.727
forceful:0.72475
storytelling:0.72375
oscar (best directing):0.7155
gritty:0.715
cinematography:0.7065
interesting:0.70625
thriller:0.70275
oscar (best actress):0.69925
prostitution:0.69075
imdb top 250:0.68925
visually appealing:0.6865
mentor:0.676
redemption:0.6755
dramatic:0.6685
complicated:0.667
drinking:0.66075
disturbing:0.65425
good acting:0.654
murder:0.65
hitman:0.6455
pornography:0.64225
downbeat:0.63825
plot twist:0.63525
crime gone awry:0.635
gangs:0.63475
dialogue:0.63475
psychological:0.6315
rape:0.62625
story:0.62125
dark humor:0.618
tragedy:0.6175
runaway:0.61075
assassination:0.6085
hospital:0.60475
culture clash:0.5985
foreign:0.59675
revenge:0.5905
good:0.58975
criterion:0.58875
talky:0.58875
golden palm:0.5865
great ending:0.58375
very interesting:0.577
weird:0.57375
plot:0.57
best of 2005:0.567
narrated:0.56
oscar:0.55825
sacrifice:0.5515
claustrophobic:0.546
nudity (full frontal):0.54175
