midlife crisis:0.98125
hit men:0.95575
drama:0.9325
father son relationship:0.91125
great acting:0.86025
hitman:0.8485
original:0.83025
melancholic:0.82975
loneliness:0.783
complex:0.78275
family drama:0.77475
father-son relationship:0.75725
dramatic:0.749
good:0.749
character study:0.7475
good acting:0.7405
depression:0.7355
secrets:0.729
psychology:0.72125
murder:0.721
great ending:0.71975
psychological:0.71675
interesting:0.69975
destiny:0.69475
suspense:0.6935
excellent script:0.69225
redemption:0.689
guilt:0.6635
relationships:0.6605
family:0.657
intense:0.65225
assassination:0.64975
vengeance:0.63525
good soundtrack:0.618
tense:0.613
storytelling:0.6075
dialogue:0.606
oscar (best actress):0.60375
dark:0.60025
very good:0.59925
runaway:0.59725
tragedy:0.597
workplace:0.5795
story:0.577
emotional:0.57075
psychiatrist:0.56475
dysfunctional family:0.5575
betrayal:0.5565
greed:0.555
childhood:0.55075
great:0.54775
parenthood:0.547
black comedy:0.54675
disturbing:0.53825
touching:0.53575
mentor:0.53425
reflective:0.515
police investigation:0.515
suspenseful:0.51375
very interesting:0.51125
corruption:0.51
cinematography:0.50775
excellent:0.5075
crime:0.506
exceptional acting:0.50375
identity:0.502
oscar (best supporting actress):0.50125
great movie:0.5005
melancholy:0.497
depressing:0.495
creepy:0.492
bleak:0.48
business:0.47325
twists & turns:0.473
oscar (best directing):0.47075
assassin:0.4695
culture clash:0.45975
allegory:0.4555
suprisingly clever:0.45475
dark comedy:0.4525
downbeat:0.45075
unusual plot structure:0.45025
california:0.444
violence:0.44225
crime gone awry:0.441
chase:0.44
writers:0.4395
moral ambiguity:0.436
catastrophe:0.43525
twist:0.432
realistic:0.428
harsh:0.4265
new jersey:0.425
stylized:0.42375
criterion:0.42075
honest:0.4205
hospital:0.42025
life:0.42
enigmatic:0.4175
life & death:0.414
