goofy:0.9785
dumb:0.976
comedy:0.95075
sequel:0.9415
dumb but funny:0.93975
sequels:0.9155
original:0.885
good sequel:0.8735
silly fun:0.84375
silly:0.78875
funny:0.7745
stupid:0.71675
road trip:0.71075
crude humor:0.7035
stupidity:0.69575
predictable:0.64675
humor:0.646
slapstick:0.64425
idiotic:0.62
crappy sequel:0.61825
very funny:0.6105
lame:0.6075
stupid as hell:0.602
so bad it's funny:0.60025
pg-13:0.58325
pointless:0.582
absurd:0.57875
humorous:0.57475
bad plot:0.5675
unfunny:0.51725
franchise:0.50525
story:0.49975
prequel:0.49475
parody:0.49075
adoption:0.4905
hilarious:0.49
dialogue:0.4885
great ending:0.474
gross-out:0.464
cult film:0.447
adventure:0.44675
funny as hell:0.4425
mentor:0.44
nostalgic:0.438
cult classic:0.43475
brutality:0.43075
buddy movie:0.42725
catastrophe:0.423
family:0.419
twists & turns:0.40525
brothers:0.405
road movie:0.39775
overrated:0.393
ridiculous:0.38675
funniest movies:0.38575
chase:0.37925
destiny:0.3715
fun:0.3695
original plot:0.36825
first contact:0.36325
adaptation:0.35625
writers:0.3405
fantasy world:0.34025
redemption:0.33625
good soundtrack:0.335
lone hero:0.333
fun movie:0.33125
melancholic:0.32675
bad acting:0.32175
entirely dialogue:0.314
awful:0.31275
childhood:0.31075
dynamic cgi action:0.307
clever:0.30475
fantasy:0.30475
imdb top 250:0.30325
suprisingly clever:0.3025
horrible:0.29975
good:0.29925
storytelling:0.29875
runaway:0.2955
visually appealing:0.29475
special effects:0.294
pornography:0.292
sci fi:0.289
fight scenes:0.28575
stylized:0.28375
death:0.28175
bad sequel:0.2805
teen movie:0.28
disaster:0.27675
life philosophy:0.27675
stereotypes:0.27475
nudity (full frontal - brief):0.27175
harsh:0.2715
dreamlike:0.2715
culture clash:0.27025
drinking:0.268
twist ending:0.26475
shallow:0.26025
