women:0.99025
workplace:0.951
comedy:0.88325
1980s:0.82175
girlie movie:0.732
chick flick:0.72025
original:0.633
fun movie:0.62675
80s:0.588
classic:0.56575
mentor:0.55825
great:0.55775
fantasy:0.55775
hilarious:0.533
chase:0.53
runaway:0.52975
office:0.526
fun:0.51875
screwball:0.51825
revenge:0.51775
satirical:0.48725
teen movie:0.48475
funny:0.472
humorous:0.46775
silly:0.46725
good:0.46375
teen:0.45725
divorce:0.44925
oscar (best supporting actress):0.441
sexy:0.43875
funny as hell:0.43775
very funny:0.43675
light:0.4365
sweet:0.42475
corporate america:0.424
great ending:0.41925
police investigation:0.4135
childhood:0.411
storytelling:0.409
secrets:0.407
culture clash:0.40075
catastrophe:0.40075
farce:0.39975
oscar (best actress):0.39175
kidnapping:0.36975
witty:0.367
family:0.34725
unfunny:0.34675
pg:0.3425
story:0.33575
fashion:0.33425
hospital:0.33125
suprisingly clever:0.3305
clever:0.32875
alter ego:0.327
destiny:0.3215
dialogue:0.3205
prejudice:0.31725
slapstick:0.3165
oscar winner:0.316
cute:0.315
screwball comedy:0.3135
lone hero:0.3135
predictable:0.30775
corruption:0.30725
happy ending:0.30225
adaptation:0.30125
earnest:0.29025
surreal:0.28875
pg-13:0.284
life philosophy:0.28275
romantic:0.2795
fantasy world:0.2735
great movie:0.2715
afi 100 (laughs):0.27075
not funny:0.26975
brutality:0.26725
affectionate:0.26675
good soundtrack:0.2615
criterion:0.25975
pregnancy:0.259
satire:0.25675
unlikely friendships:0.254
oscar:0.252
prostitution:0.2505
doctors:0.2495
stereotypes:0.247
texas:0.24175
quotable:0.2395
death:0.2395
justice:0.2385
pornography:0.23325
imdb top 250:0.23275
social commentary:0.23075
1970s:0.22975
absurd:0.2295
idealism:0.22825
good action:0.22675
first contact:0.2265
overrated:0.22425
