best war films:0.98775
war:0.97925
world war ii:0.975
wwii:0.96125
war movie:0.89925
forceful:0.84925
brutality:0.81275
camp:0.795
original:0.78125
realistic action:0.7565
german:0.737
germany:0.71875
survival:0.697
dramatic:0.685
gunfight:0.68225
bleak:0.682
violence:0.65375
dialogue:0.649
wartime:0.648
tense:0.63475
history:0.63275
sacrifice:0.621
grim:0.6165
realistic:0.61625
gritty:0.60175
genocide:0.60175
narrated:0.59875
harsh:0.59325
nazis:0.58675
africa:0.5805
fighting:0.57975
visceral:0.575
grindhouse:0.5655
world war i:0.55925
action:0.55675
ethnic conflict:0.5495
culture clash:0.54375
runaway:0.54325
insanity:0.5175
death:0.5155
irreverent:0.5125
claustrophobic:0.511
us history:0.49925
absurd:0.494
anti-war:0.49075
fight scenes:0.48775
murder:0.483
historical:0.48275
splatter:0.47975
social commentary:0.47675
factual:0.47425
cinematography:0.45975
catastrophe:0.45925
jews:0.45775
epic:0.45625
good soundtrack:0.4555
talky:0.4545
bloody:0.45225
unusual plot structure:0.44475
intense:0.44275
storytelling:0.4415
loneliness:0.436
nazi:0.43525
censorship:0.4325
great ending:0.4295
pornography:0.42925
alter ego:0.429
mentor:0.4285
stylized:0.4225
entirely dialogue:0.42
violent:0.42
golden palm:0.418
criterion:0.417
reflective:0.416
oscar (best directing):0.4105
honest:0.41025
quirky:0.4085
1980s:0.4025
revenge:0.4015
intimate:0.39425
weapons:0.394
powerful ending:0.384
story:0.3815
melancholic:0.37875
classic:0.3775
stereotypes:0.37325
brutal:0.37125
light:0.3685
suprisingly clever:0.36825
character study:0.36825
poignant:0.36625
vengeance:0.3655
suspense:0.365
adapted from:book:0.35925
israel:0.35775
moral ambiguity:0.356
courage:0.35225
redemption:0.35125
drama:0.35075
fantasy world:0.3475
