rock and roll:0.99825
musicians:0.9955
music:0.983
good music:0.88875
music business:0.874
great music:0.85825
documentary:0.85
original:0.838
mentor:0.83525
musical:0.7955
criterion:0.77075
oscar (best actress):0.7645
good soundtrack:0.76375
great:0.76375
great movie:0.76275
imdb top 250:0.76125
road movie:0.7365
artistic:0.7345
very interesting:0.72975
oscar (best directing):0.72825
storytelling:0.728
runaway:0.72
talky:0.69475
social commentary:0.68375
bittersweet:0.68225
cult classic:0.67375
jazz:0.667
interesting:0.62825
creativity:0.61975
highly quotable:0.615
artist:0.61325
great acting:0.61325
culture clash:0.6115
life philosophy:0.5965
corruption:0.59525
melancholy:0.59175
golden palm:0.5855
mozart:0.58375
awesome soundtrack:0.58025
enigmatic:0.57975
biography:0.57825
weird:0.578
unusual plot structure:0.57525
san francisco:0.5735
greed:0.5715
intense:0.57075
drinking:0.56975
masterpiece:0.569
great ending:0.56575
affectionate:0.565
good acting:0.5625
intimate:0.5615
excellent script:0.56
us history:0.55925
history:0.5585
exceptional acting:0.554
based on book:0.552
cinematography:0.54225
movielens top pick:0.541
oscar (best supporting actress):0.5385
dialogue:0.53775
good:0.5375
narrated:0.5365
earnest:0.53075
dramatic:0.53
rebellion:0.529
nostalgic:0.52525
light:0.525
crime gone awry:0.52025
atmospheric:0.52
passionate:0.5195
clever:0.51725
melancholic:0.516
honest:0.51475
suprisingly clever:0.5095
biographical:0.50375
classic:0.493
downbeat:0.49225
adapted from:book:0.49175
reflective:0.48225
bleak:0.47875
pornography:0.47775
witty:0.47775
cool:0.476
character study:0.473
redemption:0.46675
stylized:0.4625
complex:0.4525
violent:0.44775
obsession:0.4465
visually appealing:0.44625
period piece:0.446
underrated:0.4455
cult film:0.442
gunfight:0.44175
harsh:0.43875
art:0.43775
tragedy:0.43775
brutality:0.4365
drama:0.436
