indians:0.9695
satirical:0.9205
native americans:0.89675
cynical:0.886
sarcasm:0.86475
original:0.73875
quirky:0.71275
satire:0.697
dialogue:0.635
enigmatic:0.6345
crime gone awry:0.60175
brutality:0.5835
adaptation:0.578
grindhouse:0.54775
harsh:0.5395
culture clash:0.52675
nudity (full frontal - notable):0.5115
ironic:0.49475
criterion:0.48275
mentor:0.478
moral ambiguity:0.4725
pointless:0.47075
california:0.46
corruption:0.45925
melancholic:0.456
great ending:0.45125
character study:0.4495
greed:0.444
controversial:0.44125
western:0.42875
gunfight:0.42075
storytelling:0.4185
grim:0.41675
drugs:0.39625
murder:0.3945
catastrophe:0.38975
cerebral:0.38775
historical:0.382
stylized:0.37725
entirely dialogue:0.36975
pornography:0.36575
sexualized violence:0.36475
genocide:0.36175
dreams:0.359
talky:0.356
writers:0.35525
factual:0.35125
insanity:0.34875
science fiction:0.34875
surreal:0.34525
life & death:0.345
stereotypes:0.341
deadpan:0.33375
absurd:0.32775
cinematography:0.32775
light:0.32775
affectionate:0.3255
mythology:0.321
obsession:0.3095
redemption:0.30875
coen bros:0.3085
runaway:0.30725
not funny:0.30375
irreverent:0.2995
great:0.2975
canada:0.296
gangsters:0.294
paranoid:0.29275
off-beat comedy:0.2925
complex:0.29
narrated:0.28075
unusual plot structure:0.27875
weird:0.276
dysfunctional family:0.27475
loneliness:0.27075
first contact:0.2705
overrated:0.26875
hotel:0.26525
movielens top pick:0.264
visually appealing:0.264
cult film:0.26275
fighting the system:0.261
life philosophy:0.261
dreamlike:0.25975
sexual:0.2595
whimsical:0.25875
politics:0.2585
surveillance:0.25775
cult classic:0.2565
dark hero:0.256
drug addiction:0.2555
mob:0.255
so bad it's funny:0.25275
melancholy:0.25225
predictable:0.2515
nudity (full frontal - brief):0.2505
lone hero:0.2505
distopia:0.25025
police investigation:0.24625
twists & turns:0.2455
