adolescence:0.9945
small town:0.98075
teen:0.96925
teenagers:0.96025
coming of age:0.9595
teenager:0.94925
teen movie:0.942
bittersweet:0.93425
loneliness:0.90775
social commentary:0.89575
teens:0.8825
friendship:0.87
realistic:0.86
sexuality:0.85975
swedish:0.844
relationships:0.84375
lesbian:0.84075
love story:0.8395
coming-of-age:0.835
touching:0.83475
great acting:0.824
drinking:0.809
unlikely friendships:0.807
love:0.8055
school:0.79975
bullying:0.7955
good soundtrack:0.78825
original:0.78225
stereotypes:0.7615
compassionate:0.76075
glbt:0.74925
criterion:0.7485
melancholic:0.74325
foreign:0.7125
runaway:0.70875
intimate:0.691
homosexuality:0.686
pornography:0.664
great movie:0.653
great:0.65175
mentor:0.64975
honest:0.647
poignant:0.641
courage:0.634
special:0.62975
feel-good:0.62375
life philosophy:0.60825
virginity:0.60675
childhood:0.60225
dreams:0.59575
high school:0.593
sad:0.591
dialogue:0.59
emotional:0.5895
great soundtrack:0.5895
secrets:0.587
drama:0.58625
romance:0.5815
good acting:0.5775
prejudice:0.5775
spanish:0.5765
heartbreaking:0.5725
independent film:0.561
beautifully filmed:0.5545
awesome soundtrack:0.5525
depression:0.545
obsession:0.544
feel good movie:0.538
harsh:0.53675
reflective:0.532
nostalgic:0.52825
life:0.51525
passionate:0.5085
good:0.50225
interesting:0.502
golden palm:0.502
women:0.4935
cool:0.49325
aging:0.4905
culture clash:0.49
sexual:0.48875
oscar (best actress):0.484
disability:0.483
great ending:0.483
cheerleading:0.48225
affectionate:0.4805
gay:0.47925
very interesting:0.47
brutality:0.463
quirky:0.4615
destiny:0.4575
girlie movie:0.45575
oscar (best directing):0.45325
melancholy:0.45125
idealism:0.45
cult classic:0.44825
movielens top pick:0.44575
weird:0.44175
sexy:0.43825
cinematography:0.4375
