writers:0.9615
story:0.90375
storytelling:0.902
books:0.8985
pg-13:0.75825
mentor:0.74475
writing:0.7445
dramatic:0.71275
original:0.70825
creativity:0.7005
based on book:0.68475
intellectual:0.6725
based on a book:0.66225
adaptation:0.6385
catastrophe:0.63375
first contact:0.6165
literature:0.6075
great ending:0.60675
good:0.59875
romantic:0.59275
book:0.589
unusual plot structure:0.57825
twists & turns:0.578
so bad it's funny:0.5655
visually appealing:0.5555
clever:0.5535
twist ending:0.5435
good story:0.54325
drama:0.5425
secrets:0.54125
great acting:0.53625
redemption:0.52475
suspense:0.52375
solitude:0.5175
romance:0.509
beautiful scenery:0.502
dialogue:0.49475
plot:0.49325
complex:0.48175
adapted from:book:0.48175
happy ending:0.481
police investigation:0.47025
book was better:0.46875
cerebral:0.4595
transformation:0.4545
greed:0.45325
reflective:0.451
good acting:0.45075
excellent script:0.44175
twist:0.4395
predictable:0.4355
melancholic:0.4315
suprisingly clever:0.42925
big budget:0.42825
life & death:0.42825
great:0.4245
vengeance:0.42025
touching:0.4195
narrated:0.41625
technology:0.414
excellent:0.41
thought-provoking:0.4095
visually stunning:0.40875
love story:0.40575
destiny:0.4
sacrifice:0.39825
philosophy:0.396
love:0.38975
runaway:0.3875
fantasy world:0.385
life:0.3845
bad ending:0.38275
philip k. dick:0.3765
absurd:0.373
fast paced:0.36725
better than expected:0.3595
harsh:0.35875
life philosophy:0.35775
sci fi:0.3575
cinematography:0.357
betrayal:0.3545
survival:0.353
relationships:0.35025
good soundtrack:0.34825
flashbacks:0.34825
inspiring:0.34675
not funny:0.3435
plot twist:0.34
complicated plot:0.33525
interesting:0.3345
manipulation:0.3345
natural disaster:0.3335
great movie:0.33225
unfunny:0.32525
end of the world:0.32475
swashbuckler:0.32125
alter ego:0.31875
plot holes:0.317
feel-good:0.31575
guilt:0.31425
