music:0.97475
segregation:0.9635
south africa:0.929
musical:0.8905
vampire human love:0.7675
good soundtrack:0.7435
dramatic:0.74325
original:0.71825
runaway:0.66775
teacher:0.666
dancing:0.663
drama:0.65775
brutality:0.64575
mentor:0.6355
complex:0.6315
poverty:0.63075
race issues:0.62575
school:0.62
great music:0.6195
story:0.61925
ethnic conflict:0.602
great ending:0.576
social commentary:0.5655
so bad it's funny:0.55475
africa:0.55325
exceptional acting:0.55225
prejudice:0.551
dance:0.538
family:0.53575
culture clash:0.53375
light:0.533
bollywood:0.5325
great:0.50525
racism:0.49525
stereotypes:0.481
violent:0.47625
unusual plot structure:0.46775
storytelling:0.4615
adapted from:book:0.44025
catastrophe:0.42875
broadway:0.4285
realistic:0.4225
redemption:0.41125
great acting:0.4095
brutal:0.40675
us history:0.399
history:0.39875
dialogue:0.39825
justice:0.3975
good music:0.39525
talky:0.39175
life philosophy:0.38925
small town:0.37725
unlikely friendships:0.37575
based on book:0.37125
harsh:0.37
gangsters:0.36775
fantasy world:0.367
based on a book:0.3665
gangs:0.36175
awesome soundtrack:0.35775
very interesting:0.3575
women:0.35625
adaptation:0.34775
criterion:0.34525
children:0.34525
police investigation:0.342
allegory:0.33725
entertaining:0.33075
relationships:0.3305
musicians:0.3285
predictable:0.32425
notable soundtrack:0.32225
creativity:0.32125
suspense:0.3205
destiny:0.31975
gritty:0.31175
corruption:0.31125
visually appealing:0.30975
childhood:0.3085
freedom:0.30825
road movie:0.3045
high school:0.30375
race:0.3015
suprisingly clever:0.30025
friendship:0.30025
melancholic:0.29625
good:0.29375
feel-good:0.29375
manipulation:0.288
awful:0.288
pointless:0.28725
emotional:0.2865
crime:0.2865
golden palm:0.286
not funny:0.2855
classic car:0.282
reflective:0.28175
psychology:0.2785
based on a play:0.274
