finnish:0.9985
comedy:0.8845
goofy:0.81325
original:0.80925
war:0.765
great movie:0.7595
humorous:0.7535
nazis:0.74575
humor:0.7245
very funny:0.7155
survival:0.66325
pornography:0.6555
mentor:0.6465
nazi:0.6365
brutality:0.626
courage:0.60175
good action:0.5985
gunfight:0.59075
catastrophe:0.587
foul language:0.586
so bad it's funny:0.58575
enormously long battle scene:0.58075
end of the world:0.57325
dialogue:0.5685
culture clash:0.56775
great ending:0.5535
social commentary:0.5515
highly quotable:0.54275
suprisingly clever:0.538
quotable:0.537
good:0.53075
scifi cult:0.51275
apocalypse:0.5065
redemption:0.5065
gangsters:0.505
satire:0.486
original plot:0.482
buddy movie:0.4745
great:0.46375
fun movie:0.4615
cult film:0.459
immortality:0.4585
light:0.45775
hilarious:0.4565
absurd:0.456
narrated:0.45425
sports:0.45125
unusual plot structure:0.44375
intense:0.44175
harsh:0.441
good soundtrack:0.43825
story:0.4375
weapons:0.43725
cult classic:0.4335
irreverent:0.433
crude humor:0.42975
life philosophy:0.4265
android(s)/cyborg(s):0.42575
male nudity:0.4215
transformation:0.418
anti-hero:0.41175
silly fun:0.40725
corruption:0.407
very good:0.4035
parody:0.40225
weird:0.39825
off-beat comedy:0.39525
drinking:0.39525
storytelling:0.39325
talky:0.39275
adaptation:0.39225
sci fi:0.384
vengeance:0.3825
funny:0.37825
lone hero:0.37475
unfunny:0.374
gangster:0.37175
scifi:0.36975
existentialism:0.36525
interesting:0.363
feel-good:0.36225
drama:0.35975
fight scenes:0.35075
criterion:0.34825
exceptional acting:0.34825
entirely dialogue:0.34675
very interesting:0.34625
destiny:0.341
justice:0.33975
special effects:0.33875
spoof:0.33675
violent:0.336
oscar (best effects - visual effects):0.33575
death:0.33475
potential oscar nom:0.334
best war films:0.33175
silly:0.33025
war movie:0.3295
great acting:0.32825
multiple storylines:0.32675
