satire:0.82
goofy:0.80475
death:0.7795
original:0.76975
comedy:0.7495
satirical:0.73
funny:0.7275
very funny:0.65225
predictable:0.635
dumb:0.61675
so bad it's funny:0.59425
weed:0.5785
humorous:0.566
great ending:0.55825
brutality:0.555
silly fun:0.536
stupidity:0.53425
lame:0.52525
shallow:0.51175
whimsical:0.50575
idiotic:0.4995
parody:0.49425
fun movie:0.4905
bad plot:0.484
nudity (topless - notable):0.4835
unfunny:0.47725
spoof:0.474
life & death:0.471
overrated:0.46925
melancholic:0.46525
story:0.4595
cult classic:0.4595
storytelling:0.44925
family:0.44775
dumb but funny:0.43925
life philosophy:0.43525
cult film:0.43225
pornography:0.4275
pointless:0.426
great:0.42075
fun:0.41925
nudity (topless):0.418
dialogue:0.417
stupid:0.41625
mentor:0.41475
comic:0.4125
dark comedy:0.40875
bad acting:0.40475
absurd:0.40425
road movie:0.40425
directorial debut:0.40425
catastrophe:0.40175
crude humor:0.399
silly:0.387
mockumentary:0.38625
first contact:0.383
hilarious:0.379
good soundtrack:0.379
fantasy world:0.37875
adaptation:0.37575
vengeance:0.36525
creativity:0.36325
disaster:0.3575
bad:0.355
internet:0.355
god:0.3545
justice:0.35175
stupid as hell:0.34925
lone hero:0.3405
clever:0.3395
splatter:0.3375
funny as hell:0.335
sexualized violence:0.33
unusual plot structure:0.328
franchise:0.3265
feel good movie:0.32375
redemption:0.3235
good:0.32175
doctors:0.32075
quirky:0.3205
true story:0.31825
dysfunctional family:0.318
sci fi:0.31675
dreamlike:0.313
destiny:0.3125
revenge:0.30925
nocturnal:0.30875
feel-good:0.30875
criterion:0.3075
saturday night live:0.307
weird:0.3065
stylized:0.3065
ridiculous:0.30375
entirely dialogue:0.30325
imdb top 250:0.30275
fight scenes:0.2985
pulp:0.29675
humor:0.2955
corruption:0.29375
harsh:0.29375
