new orleans:0.94775
drugs:0.88975
corruption:0.8555
addiction:0.80725
drug addiction:0.8065
surreal:0.73575
original:0.7345
weird:0.7035
criterion:0.619
pornography:0.6125
life philosophy:0.58775
surrealism:0.5875
crime:0.5795
gangsters:0.57
noir thriller:0.537
dark comedy:0.5255
drug abuse:0.52175
character study:0.49675
talky:0.4905
black comedy:0.482
greed:0.47775
redemption:0.465
police corruption:0.46125
insanity:0.46025
police:0.45975
brutality:0.45175
prostitution:0.437
dysfunctional family:0.421
police investigation:0.418
catastrophe:0.412
crime gone awry:0.40775
surveillance:0.406
gritty:0.402
absurd:0.4
enigmatic:0.3985
pointless:0.39425
runaway:0.39125
investigation:0.38675
harsh:0.38575
natural disaster:0.3855
cinematography:0.38525
dreamlike:0.383
great ending:0.3795
melancholic:0.37925
stylized:0.36175
eccentricity:0.35975
drama:0.359
so bad it's funny:0.35225
quirky:0.349
obsession:0.33825
nudity (full frontal - notable):0.3375
bad plot:0.33625
hallucinatory:0.3345
dialogue:0.33025
dark humor:0.32975
marijuana:0.32725
detective:0.3255
drinking:0.3245
guilt:0.3235
paranoid:0.32325
mentor:0.32275
cult classic:0.31975
storytelling:0.3185
twists & turns:0.31725
adaptation:0.31625
sexy:0.3085
reflective:0.30225
very interesting:0.29975
murder mystery:0.2955
exceptional acting:0.29225
downbeat:0.2915
justice:0.28975
good soundtrack:0.28475
disturbing:0.28275
golden palm:0.277
entirely dialogue:0.27325
heroin:0.26925
unusual plot structure:0.26575
suprisingly clever:0.26225
culture clash:0.25675
interesting:0.255
loneliness:0.251
murder:0.24975
great acting:0.247
sexualized violence:0.24675
great:0.24625
grindhouse:0.24325
narrated:0.23425
art house:0.23375
happy ending:0.23175
original plot:0.23175
intimate:0.2285
cerebral:0.22775
life & death:0.22775
multiple storylines:0.22725
immigrants:0.22575
satirical:0.22425
existentialism:0.2235
nudity (full frontal - brief):0.2195
first contact:0.218
