future:0.9995
dystopic future:0.997
time loop:0.99425
time travel:0.99275
futuristic:0.99225
science fiction:0.989
scifi:0.9875
sci-fi:0.98375
plot holes:0.978
original:0.967
sci fi:0.9655
visually appealing:0.95575
complicated plot:0.95175
complicated:0.9475
dystopia:0.93975
action:0.93925
assassin:0.937
hit men:0.93575
complex:0.93075
technology:0.90625
mindfuck:0.903
great ending:0.895
cerebral:0.88325
cyberpunk:0.86525
twists & turns:0.8565
plot twist:0.8525
memory:0.8515
storytelling:0.84225
suspense:0.83625
violent:0.81725
original plot:0.814
interesting:0.805
plot:0.80325
intelligent sci-fi:0.8005
chase:0.7995
clever:0.79325
great acting:0.793
visually stunning:0.7925
story:0.7925
violence:0.78525
visual:0.78525
murder:0.7805
fast paced:0.78025
imdb top 250:0.76475
thought-provoking:0.7545
tricky:0.74275
intense:0.7385
destiny:0.73675
pg-13:0.73575
assassination:0.734
guns:0.72525
mentor:0.72325
alternate reality:0.72225
organized crime:0.7175
tense:0.71525
good soundtrack:0.71425
distopia:0.714
twist:0.709
stylish:0.70875
hitman:0.703
good acting:0.703
sacrifice:0.70075
thriller:0.68825
confusing:0.68275
good:0.68175
bad science:0.68
survival:0.673
existentialism:0.67125
redemption:0.6705
cinematography:0.665
amazing cinematography:0.66425
dialogue:0.66375
parallel universe:0.659
vengeance:0.655
twist ending:0.65175
gunfight:0.64825
weapons:0.648
special effects:0.64275
teleportation:0.64125
philosophy:0.6145
bad ending:0.611
very interesting:0.611
social commentary:0.60875
science:0.60875
identity:0.60775
narrated:0.6025
crime:0.60125
alternate universe:0.601
unusual plot structure:0.59725
corruption:0.596
revenge:0.5955
philosophical:0.58725
catastrophe:0.58525
greed:0.58525
action packed:0.58425
allegory:0.58225
intelligent:0.5805
suspenseful:0.5795
clones:0.5765
surveillance:0.57525
