space:0.99625
series:0.979
scifi:0.973
based on a tv show:0.973
sci fi:0.943
sci-fi:0.938
made for tv:0.8485
alternate universe:0.8425
first contact:0.831
aliens:0.81925
special effects:0.8165
alien:0.7945
story:0.78575
science fiction:0.75075
technology:0.7405
franchise:0.713
great ending:0.71125
plot:0.6935
space opera:0.6855
dialogue:0.68525
computer animation:0.67675
original:0.66175
action:0.65175
fight scenes:0.61325
visually stunning:0.608
great:0.6075
catastrophe:0.60275
visual:0.59175
futuristic:0.58575
mentor:0.5725
adventure:0.5595
weapons:0.55025
future:0.499
transformation:0.4815
fighting:0.4805
pulp:0.47225
space travel:0.47075
weird:0.4675
scifi cult:0.46725
fantasy world:0.45975
very interesting:0.4595
existentialism:0.447
predictable:0.43875
immortality:0.43675
big budget:0.43575
destiny:0.43125
star trek:0.4175
fantasy:0.4175
android(s)/cyborg(s):0.41675
bad acting:0.415
chase:0.40975
life philosophy:0.40925
cerebral:0.40825
mythology:0.4025
exciting:0.3965
natural disaster:0.3955
absurd:0.39375
nudity (full frontal - brief):0.3865
high fantasy:0.38225
no plot:0.378
redemption:0.37675
space program:0.37475
culture clash:0.36675
alternate reality:0.366
visually appealing:0.364
pg-13:0.36375
doctors:0.3635
stunning:0.36
parallel universe:0.3515
good:0.34875
humanity:0.3365
visuals:0.336
creativity:0.335
effects:0.3345
awesome soundtrack:0.33425
giant robots:0.334
ominous:0.33375
melancholic:0.33175
brutality:0.3275
apocalypse:0.31975
vengeance:0.3195
lone hero:0.3175
betrayal:0.3145
dystopia:0.31425
good action:0.30825
not funny:0.30725
enigmatic:0.3045
memory:0.3035
dynamic cgi action:0.3035
entirely dialogue:0.30175
storytelling:0.3015
nocturnal:0.30125
unusual plot structure:0.30125
bad plot:0.29975
violent:0.29925
great movie:0.29675
clever:0.29
prequel:0.28875
suspense:0.285
mars:0.28425
