brothers:0.976
revenge:0.94075
action:0.9365
vengeance:0.92275
vigilante:0.86825
violence:0.8585
good action:0.855
adoption:0.84425
justice:0.81975
gunfight:0.804
crime:0.80375
corruption:0.75775
murder:0.75175
action packed:0.74475
violent:0.7395
chase:0.73325
gangsters:0.70875
realistic action:0.708
car chase:0.708
fight scenes:0.69675
original:0.66125
gratuitous violence:0.66
good soundtrack:0.63825
hitman:0.63775
good:0.6325
police corruption:0.62575
mentor:0.61275
betrayal:0.60725
twists & turns:0.5895
pg-13:0.58925
brutality:0.585
great ending:0.58225
fast paced:0.5805
vigilantism:0.5785
best of 2005:0.5745
race issues:0.56425
better than expected:0.56375
dialogue:0.56325
stereotypes:0.5615
intense:0.53425
assassination:0.51925
family drama:0.51425
plot:0.51125
nudity (full frontal - brief):0.508
cool:0.50725
redemption:0.48675
predictable:0.485
family:0.48275
guns:0.4795
drama:0.476
family bonds:0.46675
gangs:0.461
lone hero:0.461
great:0.46075
so bad it's funny:0.45775
good acting:0.457
police investigation:0.45625
catastrophe:0.45325
runaway:0.44875
great acting:0.43275
classic car:0.43
culture clash:0.42975
torture:0.415
weapons:0.4085
conspiracy:0.4035
harsh:0.40175
shallow:0.39975
gritty:0.396
storytelling:0.394
life philosophy:0.392
assassin:0.3845
very good:0.381
death:0.38025
suspense:0.37725
enigmatic:0.3755
great movie:0.374
bad acting:0.372
bad ending:0.36775
anti-hero:0.357
dumb:0.357
good dialogue:0.35225
guilt:0.35125
watch the credits:0.351
entertaining:0.34925
plot holes:0.3445
story:0.33875
dysfunctional family:0.3385
not funny:0.335
hit men:0.33475
assassins:0.33225
hip hop:0.329
stylish:0.32725
unfunny:0.32275
buddy movie:0.32225
secrets:0.32075
excellent:0.32025
underrated:0.32
robbery:0.318
fantasy world:0.31775
drinking:0.316
