tense:0.9855
hostage:0.9575
police corruption:0.9545
conspiracy:0.947
action:0.945
police:0.945
good action:0.94325
plot twist:0.92225
suspenseful:0.92075
thriller:0.9185
twists & turns:0.91025
intense:0.9065
action packed:0.903
corruption:0.8965
suspense:0.88975
fast paced:0.85775
chase:0.85725
great acting:0.85675
police investigation:0.84
big budget:0.81675
great ending:0.81525
good:0.81075
plot:0.79075
exciting:0.79
political corruption:0.788
excellent:0.78075
good acting:0.77775
murder:0.75075
vengeance:0.74925
mentor:0.73775
dialogue:0.7235
drama:0.72175
original:0.714
great:0.6945
secrets:0.69225
twist ending:0.69025
moral ambiguity:0.66825
clever:0.6565
investigation:0.6455
murder mystery:0.64475
great movie:0.63325
interesting:0.63275
oscar winner:0.632
lawyer:0.63125
claustrophobic:0.629
surveillance:0.61825
crime:0.60525
pg-13:0.603
runaway:0.60175
catastrophe:0.60025
twist:0.5935
plot holes:0.5925
predictable:0.587
psychological:0.58625
entertaining:0.569
revenge:0.56525
detective:0.538
story:0.53375
gunfight:0.52875
assassination:0.527
lone hero:0.52125
kidnapping:0.5175
surprise ending:0.517
underrated:0.51275
justice:0.50575
vigilante:0.50175
forceful:0.496
greed:0.489
explosions:0.48825
very good:0.4835
betrayal:0.4645
guns:0.463
natural disaster:0.45825
tom clancy:0.45825
lawyers:0.45525
very interesting:0.454
life philosophy:0.4505
dramatic:0.44925
fun movie:0.447
entirely dialogue:0.447
heist:0.44375
identity:0.4405
excellent script:0.44
fight scenes:0.4395
car chase:0.43925
oscar:0.43525
violence:0.435
script:0.43175
disability:0.428
kids and family:0.42575
destiny:0.423
happy ending:0.4085
mystery:0.40625
buddy movie:0.40475
better than expected:0.3975
gratuitous violence:0.39475
unrealistic:0.3905
hitman:0.389
fbi:0.3835
intelligent:0.38325
