astronauts:0.96525
future:0.9565
allegory:0.9505
science fiction:0.922
sequels:0.87625
social commentary:0.8755
scifi:0.87125
good sequel:0.86775
original:0.8515
humanity:0.807
futuristic:0.7985
franchise:0.78875
sci fi:0.7785
time travel:0.76625
slavery:0.75475
sequel:0.74725
series:0.69025
sci-fi:0.6785
destiny:0.625
space:0.62175
1970s:0.61675
plot holes:0.6005
end of the world:0.5865
great ending:0.54975
paranoid:0.516
mutants:0.51425
dialogue:0.49875
special effects:0.498
paranoia:0.49625
first contact:0.475
adventure:0.47475
story:0.4635
catastrophe:0.455
transformation:0.434
storytelling:0.4335
satirical:0.431
mentor:0.4305
greed:0.42825
life & death:0.4275
adaptation:0.42325
technology:0.42075
original plot:0.41825
dystopia:0.4155
survival:0.4085
whimsical:0.401
life philosophy:0.39725
predictable:0.3955
clever:0.39175
island:0.3785
utopia:0.372
chase:0.367
talky:0.36625
doctors:0.3635
crappy sequel:0.36175
alone in the world:0.3595
los angeles:0.359
suprisingly clever:0.358
natural disaster:0.35225
post-apocalyptic:0.34175
race:0.339
brutality:0.33775
revolution:0.336
sacrifice:0.335
family:0.334
suspense:0.333
good:0.3325
bad plot:0.33175
creativity:0.33125
good soundtrack:0.32925
great:0.3275
science:0.32675
silly:0.326
cerebral:0.319
alternate reality:0.31725
humorous:0.317
parallel universe:0.31325
weapons:0.3115
narrated:0.3095
not funny:0.307
android(s)/cyborg(s):0.303
runaway:0.29675
immortality:0.2965
writers:0.29425
prejudice:0.29225
culture clash:0.292
lone hero:0.29175
grindhouse:0.2915
tokyo:0.29075
visually appealing:0.28875
prequel:0.28825
fun movie:0.28825
so bad it's funny:0.2875
thought-provoking:0.28725
unusual plot structure:0.28675
dynamic cgi action:0.28625
adapted from:book:0.28575
existentialism:0.284
idiotic:0.283
redemption:0.27975
bad ending:0.279
