sports:0.9915
comedy:0.94475
basketball:0.931
goofy:0.87025
drama:0.83825
golf:0.82425
gangsters:0.81675
buddy movie:0.78425
great movie:0.773
race issues:0.76825
fun:0.764
good soundtrack:0.76125
original:0.73475
fun movie:0.734
court:0.6985
good:0.69225
mentor:0.69
entertaining:0.6825
underdog:0.6805
con men:0.678
great:0.64925
dialogue:0.633
fast paced:0.62475
greed:0.622
los angeles:0.607
multiple storylines:0.5895
gangster:0.5865
very funny:0.57875
cool:0.557
hip hop:0.5475
funny:0.5135
great ending:0.5025
bad plot:0.49675
nudity (topless):0.48625
feel-good:0.4835
stereotypes:0.479
action:0.47825
unlikely friendships:0.467
corruption:0.4605
brutality:0.4525
storytelling:0.44775
witty:0.44475
family:0.4405
very good:0.43475
betrayal:0.432
predictable:0.428
clever:0.4195
catastrophe:0.418
quotable:0.4175
dark hero:0.41575
dramatic:0.41175
interesting:0.40925
oscar winner:0.409
honest:0.406
humorous:0.40125
underrated:0.39575
melancholic:0.39325
good action:0.39225
feel good movie:0.39025
redemption:0.3895
adaptation:0.389
excellent:0.38825
oscar (best supporting actress):0.3875
poker:0.385
lone hero:0.37875
inspirational:0.37625
gambling:0.367
runaway:0.3645
story:0.3645
entirely dialogue:0.36425
fight scenes:0.359
pg-13:0.35425
chase:0.3495
oscar (best directing):0.34675
oscar (best supporting actor):0.344
hilarious:0.34325
mob:0.34175
culture clash:0.3405
exciting:0.33825
relationships:0.33775
very interesting:0.334
alter ego:0.3225
excellent script:0.3215
life philosophy:0.32075
new jersey:0.31825
social commentary:0.31775
talky:0.31775
silly fun:0.31575
twists & turns:0.314
foul language:0.31325
light:0.3115
violence:0.31125
friendship:0.3095
not funny:0.30825
drinking:0.307
oscar:0.30625
intense:0.305
bloody:0.30425
vengeance:0.303
transformation:0.298
