graphic novel:0.96675
superheroes:0.963
adapted from:comic:0.95625
superhero:0.94175
super hero:0.93
comic book:0.88625
original:0.882
animation:0.8605
super-hero:0.83725
complex:0.81025
story:0.80275
mythology:0.79
comics:0.7835
stylish:0.7795
macabre:0.758
dark hero:0.75575
video game adaptation:0.74175
vengeance:0.7255
adaptation:0.725
stylized:0.71025
too short:0.69475
storytelling:0.69175
visually appealing:0.66525
alter ego:0.65325
dark:0.6365
animated:0.62375
comic:0.6175
distopia:0.61425
adapted from:book:0.605
visual:0.5995
based on a book:0.59375
author:alan moore:0.54975
insanity:0.544
books:0.54025
cult film:0.53375
violence:0.531
cartoon:0.52325
cult classic:0.51275
brutality:0.512
interesting:0.50775
violent:0.49775
creativity:0.495
pirates:0.494
supernatural:0.49225
fantasy world:0.48925
based on a comic:0.48225
great ending:0.48125
surreal:0.47975
dialogue:0.47475
betrayal:0.45675
narrated:0.4525
sexualized violence:0.45225
vigilante:0.44625
catastrophe:0.4255
runaway:0.42375
revenge:0.408
book was better:0.40775
transformation:0.40675
anime:0.40425
atmospheric:0.40175
good soundtrack:0.396
unusual plot structure:0.3945
crime gone awry:0.394
police investigation:0.38475
pg-13:0.383
childhood:0.38075
grim:0.378
demons:0.37275
mentor:0.37075
psychological:0.36625
weird:0.36525
great:0.36
animals:0.3595
alternate history:0.35925
corruption:0.35325
book:0.35125
based on book:0.34275
dark fantasy:0.337
splatter:0.3355
doctors:0.33475
pornography:0.3335
not funny:0.33175
horror:0.33125
good:0.32775
grindhouse:0.32725
computer animation:0.32625
chase:0.31775
secrets:0.317
nudity (full frontal - brief):0.3155
visuals:0.31425
gory:0.31375
comic book adaption:0.312
writers:0.30875
clever:0.3075
short:0.3075
visceral:0.306
destiny:0.305
technology:0.30375
pulp:0.3025
bloody:0.29725
