franchise:0.9895
horror:0.9465
demons:0.88125
original:0.877
prequel:0.87
archaeology:0.8605
pointless:0.856
devil:0.7675
egypt:0.72425
scary:0.719
supernatural:0.70575
sexualized violence:0.7055
so bad it's funny:0.69525
bad cgi:0.67925
gory:0.66875
predictable:0.66375
sequels:0.65925
special effects:0.64625
sequel:0.63575
horrible:0.6155
crappy sequel:0.615
bloody:0.60625
big budget:0.57
visually appealing:0.56075
brutality:0.555
pornography:0.54275
finnish:0.534
bad plot:0.5325
god:0.51675
idiotic:0.50825
dynamic cgi action:0.505
great ending:0.50075
gore:0.499
remake:0.491
serial killer:0.48825
mentor:0.486
lame:0.475
storytelling:0.47225
violence:0.4605
computer animation:0.46
stupid as hell:0.45
disturbing:0.44925
first contact:0.449
fantasy world:0.4405
dialogue:0.43475
splatter:0.42825
good sequel:0.428
suspense:0.4275
catastrophe:0.42025
visceral:0.41475
twist ending:0.41325
psychological:0.407
torture:0.39875
adaptation:0.3985
bad script:0.394
disaster:0.39375
blood:0.39225
story:0.38425
bad ending:0.3815
violent:0.379
fight scenes:0.37825
vengeance:0.37475
not funny:0.3745
life philosophy:0.373
bad:0.3665
unfunny:0.3605
ridiculous:0.35825
creativity:0.3565
intense:0.35325
religion:0.34775
sci fi:0.3465
overrated:0.345
effects:0.3445
action:0.34225
bad acting:0.34125
good versus evil:0.34
good:0.33825
creepy:0.33625
good soundtrack:0.335
jesus:0.3335
entirely dialogue:0.32875
not as good as the first:0.327
psychology:0.3235
pg-13:0.3235
brutal:0.3215
writers:0.3195
nudity (topless - notable):0.319
slasher:0.316
stylized:0.313
quirky:0.3115
hospital:0.3075
natural disaster:0.306
shallow:0.305
teens:0.30075
multiple storylines:0.3005
destiny:0.2995
silly:0.29725
exciting:0.2965
weird:0.2955
camp:0.293
