psychological:0.98675
twist ending:0.97925
plot twist:0.979
psychology:0.9765
insanity:0.96975
twists & turns:0.9625
thriller:0.9465
mystery:0.935
great ending:0.93075
twist:0.9295
intense:0.92825
cerebral:0.9235
island:0.91775
suspense:0.9175
psychiatry:0.916
mindfuck:0.91425
great acting:0.9065
storytelling:0.9055
cinematography:0.896
complex:0.88725
complicated:0.88725
original:0.874
story:0.8735
tense:0.86925
weird:0.8655
investigation:0.8655
enigmatic:0.86475
surreal:0.86125
atmospheric:0.85275
surprise ending:0.85225
secrets:0.842
stylized:0.838
paranoia:0.83475
conspiracy:0.82875
suspenseful:0.82675
interesting:0.82625
ominous:0.817
creepy:0.81075
police investigation:0.81075
dreamlike:0.80575
plot:0.798
noir thriller:0.79275
brainwashing:0.7925
drama:0.78325
mental illness:0.77975
dreams:0.7795
imdb top 250:0.774
good acting:0.77125
clever:0.7705
amazing cinematography:0.76625
thought-provoking:0.76175
powerful ending:0.75375
visually appealing:0.7485
complicated plot:0.74525
eerie:0.742
scary:0.7395
obsession:0.73525
dark:0.7325
excellent script:0.72425
doctors:0.71625
alternate endings:0.71425
masterpiece:0.7085
visually stunning:0.70725
claustrophobic:0.7045
adapted from:book:0.70275
original plot:0.70175
confusing:0.6985
identity:0.69725
imagination:0.6905
good:0.6885
talky:0.68725
psychiatrist:0.68575
guilt:0.6855
bad ending:0.68
violence:0.678
allegory:0.67725
isolation:0.67725
memory:0.675
corruption:0.6725
oscar (best directing):0.669
intellectual:0.66525
social commentary:0.661
good soundtrack:0.66075
disturbing:0.65825
paranoid:0.6535
murder:0.653
prison escape:0.64725
pg-13:0.646
based on book:0.64275
great movie:0.64
boston:0.634
visual:0.62925
adaptation:0.6275
maze:0.62625
dialogue:0.6175
hospital:0.61225
visceral:0.607
neo-noir:0.60625
unusual plot structure:0.60325
stylish:0.60325
