creepy:0.9105
tense:0.90675
thriller:0.90675
suspense:0.89025
suspenseful:0.8615
serial killer:0.857
original:0.8415
murder:0.841
violence:0.81675
chase:0.777
twist:0.775
conspiracy:0.76475
twist ending:0.743
horror:0.73325
psychological:0.72575
violent:0.72125
pornography:0.7125
twists & turns:0.6945
intense:0.68975
interesting:0.67625
sexualized violence:0.666
secrets:0.662
police investigation:0.63425
mystery:0.6315
manipulation:0.624
boston:0.6235
torture:0.61725
psychology:0.61075
identity:0.592
brutality:0.5885
dark:0.581
great ending:0.5765
vengeance:0.567
kidnapping:0.567
adaptation:0.56
clever:0.557
gruesome:0.55625
plot twist:0.556
supernatural:0.53975
nudity (topless - notable):0.53825
psychiatrist:0.534
mad scientist:0.5335
paranoid:0.531
atmospheric:0.5305
bad ending:0.51975
cerebral:0.51425
visually appealing:0.5115
predictable:0.51125
grindhouse:0.5065
eerie:0.50525
mentor:0.50525
good:0.5025
cinematography:0.493
survival:0.48275
nudity (full frontal - notable):0.48
greed:0.4725
doctors:0.46975
dialogue:0.46425
blood:0.4595
nudity (topless):0.45875
hitchcock:0.44925
sexy:0.44075
story:0.43575
plot holes:0.434
spiders:0.43325
plot:0.43225
catastrophe:0.42775
remake:0.4265
paranoia:0.4265
runaway:0.42075
obsession:0.417
scary:0.41475
revenge:0.41375
claustrophobic:0.4125
insanity:0.4065
fantasy world:0.40425
adapted from:book:0.40325
moral ambiguity:0.398
nudity (topless - brief):0.3975
visceral:0.39375
surprise ending:0.39375
farce:0.393
classic car:0.391
good soundtrack:0.391
not funny:0.388
ominous:0.38375
disaster:0.38375
nudity (full frontal - brief):0.37825
very interesting:0.37725
murder mystery:0.37625
enigmatic:0.37475
criterion:0.374
stylized:0.3735
disturbing:0.37075
weird:0.37025
stylish:0.37
frightening:0.3675
erotic:0.36575
dark fantasy:0.363
great:0.36225
