marijuana:0.99975
weed:0.98975
california:0.91925
documentary:0.871
drugs:0.8615
stand-up comedy:0.83475
original:0.80325
los angeles:0.77875
corruption:0.768
funny:0.75675
very interesting:0.7335
pornography:0.6695
stoner movie:0.66175
comedy:0.654
life philosophy:0.6185
police:0.615
greed:0.5895
doctors:0.57175
police investigation:0.55625
educational:0.546
great ending:0.53575
controversial:0.52875
manipulation:0.52725
so bad it's funny:0.50275
drug abuse:0.49675
interesting:0.496
humorous:0.49225
police corruption:0.48825
intellectual:0.4865
sexualized violence:0.48
good soundtrack:0.479
catastrophe:0.47525
politics:0.46525
murder:0.452
dialogue:0.446
very funny:0.445
obsession:0.43875
hilarious:0.432
texas:0.42675
mentor:0.4235
narrated:0.42225
cool:0.42025
entertaining:0.4115
pointless:0.40975
brutality:0.40075
internet:0.4
fun movie:0.39975
artistic:0.3985
cult classic:0.3905
propaganda:0.38525
creativity:0.38275
good:0.3785
pg-13:0.3765
political:0.374
storytelling:0.3725
talky:0.36925
stereotypes:0.365
sexy:0.361
unfunny:0.35775
harsh:0.35625
gangsters:0.3555
shopping:0.3515
clever:0.35075
great:0.35025
melancholic:0.34925
visually appealing:0.34875
predictable:0.34575
suprisingly clever:0.344
absurd:0.34375
farce:0.34275
suspense:0.341
male nudity:0.34
stylized:0.33925
paranoid:0.335
geek:0.33175
addiction:0.328
paranoia:0.32775
bad ending:0.3195
idiotic:0.319
queer:0.318
dark hero:0.31725
psychological:0.31725
adaptation:0.31525
nudity (full frontal - brief):0.3145
crude humor:0.3145
drinking:0.3145
torture:0.31425
buddy movie:0.31325
nudity (topless - notable):0.3105
unusual plot structure:0.3085
nudity (topless):0.30825
happy ending:0.30575
runaway:0.30525
excellent script:0.3045
twists & turns:0.2995
vengeance:0.299
social commentary:0.29875
weird:0.29875
gay character:0.29825
better than expected:0.296
