comedy:0.91975
silly fun:0.75625
original:0.7235
gangsters:0.71275
nudity (topless - notable):0.7025
fun movie:0.64625
corruption:0.61725
runaway:0.613
bank robbery:0.6
heist:0.58875
caper:0.582
humorous:0.57975
nudity (full frontal - brief):0.57875
silly:0.57475
so bad it's funny:0.55025
great ending:0.53975
dialogue:0.53425
entertaining:0.53375
london:0.533
crime:0.526
fantasy world:0.5235
predictable:0.5125
suspense:0.51
british comedy:0.50725
stereotypes:0.507
bad plot:0.49875
unfunny:0.4885
mentor:0.4855
british:0.4805
chase:0.477
police investigation:0.47375
story:0.455
light:0.45125
hospital:0.44975
robbery:0.43875
workplace:0.43325
internet:0.42675
drama:0.421
fun:0.41675
women:0.41425
based on a play:0.411
catastrophe:0.41075
gangster:0.407
weapons:0.4065
destiny:0.39825
action:0.39025
storytelling:0.3885
horrible:0.38125
technology:0.381
happy ending:0.38
nudity (full frontal - notable):0.37925
great:0.37675
redemption:0.37325
feel-good:0.367
good:0.364
hitchcock:0.36175
melancholic:0.35975
intense:0.35875
fast paced:0.35525
slapstick:0.35375
secrets:0.35125
funny:0.34575
visually stunning:0.339
bullshit history:0.33325
first contact:0.32625
suprisingly clever:0.32475
oscar winner:0.3145
visual:0.31325
life philosophy:0.31275
computer animation:0.31225
very funny:0.31175
camp:0.3115
murder:0.31
obsession:0.30875
sexy:0.30725
remake:0.306
thriller:0.30575
quirky:0.304
teens:0.30375
clever:0.29925
detective:0.29725
creativity:0.29525
script:0.295
excellent script:0.2945
farce:0.29125
manipulation:0.2895
passionate:0.28725
adaptation:0.287
sci fi:0.28625
violence:0.28575
feel good movie:0.2855
entirely dialogue:0.284
stylized:0.28125
special effects:0.28025
bad ending:0.27925
excellent:0.27925
los angeles:0.2785
twists & turns:0.27775
interesting:0.2775
chick flick:0.275
