christmas:0.95875
holiday:0.9285
touching:0.919
family:0.8905
original:0.76375
natural disaster:0.691
predictable:0.6745
death:0.6645
fantasy:0.66075
sentimental:0.63425
special effects:0.62125
bittersweet:0.60725
heartwarming:0.603
chase:0.59075
feel-good:0.58075
tear jerker:0.56875
destiny:0.55925
life & death:0.55525
children:0.54675
fun movie:0.546
mentor:0.53875
catastrophe:0.52775
feel good movie:0.5215
lame:0.50875
so bad it's funny:0.4955
emotional:0.48975
bad cgi:0.47175
family drama:0.47175
sappy:0.469
cute!:0.4685
horrible:0.4655
first contact:0.46525
bad plot:0.45075
single father:0.45
silly:0.4415
good soundtrack:0.432
bullying:0.4265
kids:0.42425
life philosophy:0.423
great ending:0.41875
silly fun:0.4125
disaster:0.4055
cheesy:0.40375
childhood:0.40075
cute:0.39175
great:0.387
fun:0.3815
good:0.369
slapstick:0.364
runaway:0.35775
unfunny:0.35675
fantasy world:0.3525
magic:0.35175
story:0.35075
lone hero:0.34525
adventure:0.33275
redemption:0.3325
comedy:0.3315
not funny:0.3285
overrated:0.32575
kids and family:0.32375
corny:0.32225
writers:0.31575
road movie:0.31475
dysfunctional family:0.31425
dialogue:0.314
culture clash:0.308
storytelling:0.30375
bad:0.30075
pointless:0.30075
police investigation:0.294
happy ending:0.2925
bad acting:0.28775
fight scenes:0.2875
big budget:0.2845
family bonds:0.2835
franchise:0.2755
pg-13:0.27375
inspirational:0.27175
women:0.26525
vengeance:0.2615
divorce:0.255
adaptation:0.2535
melancholic:0.2525
girlie movie:0.24775
action:0.24625
remake:0.2355
brutality:0.23375
dreamlike:0.233
multiple storylines:0.23225
quirky:0.23175
drama:0.23125
transformation:0.23
very funny:0.22975
idiotic:0.2285
solitude:0.228
entirely dialogue:0.22575
justice:0.2245
existentialism:0.22225
boring:0.22225
