remake:0.994
horror:0.9585
haunted house:0.949
ghosts:0.9435
supernatural:0.8735
original:0.86625
based on a book:0.86125
creepy:0.81475
scary:0.786
splatter:0.74475
demons:0.722
pg-13:0.658
murder:0.64225
true story:0.63125
best of 2005:0.601
suspense:0.601
predictable:0.59325
torture:0.5645
family:0.56125
based on true story:0.55825
imaginary friend:0.553
good:0.5485
bad acting:0.524
great ending:0.52
gory:0.503
blood:0.49125
mentor:0.4895
pointless:0.48775
catastrophe:0.4875
special effects:0.48675
bad cgi:0.48625
transformation:0.47175
brutality:0.47025
dynamic cgi action:0.4685
so bad it's funny:0.437
story:0.424
adaptation:0.4075
pornography:0.40725
better than expected:0.39375
franchise:0.392
based on book:0.39175
serial killer:0.389
first contact:0.3815
death:0.37775
frightening:0.373
original plot:0.3695
not funny:0.3695
slasher:0.36625
idiotic:0.363
dialogue:0.36075
horrible:0.35975
bad plot:0.349
chase:0.34575
lame:0.3455
life philosophy:0.339
silly:0.3365
big budget:0.33525
goretastic:0.3345
nudity (full frontal - brief):0.33375
good soundtrack:0.33325
unfunny:0.3325
silly fun:0.3325
overrated:0.32775
psychological:0.32675
sequel:0.32225
revenge:0.31825
bad ending:0.31475
solitude:0.31425
suspenseful:0.31175
natural disaster:0.309
factual:0.3055
survival:0.3035
bad:0.302
intense:0.30075
sexualized violence:0.30025
goth:0.29975
storytelling:0.29825
great:0.2975
fight scenes:0.29525
fantasy world:0.29425
stylized:0.2935
vengeance:0.2855
greed:0.285
indians:0.28225
justice:0.27925
gore:0.27825
police investigation:0.27525
teens:0.27475
culture clash:0.274
books:0.27075
based on a true story:0.269
based on a comic:0.268
zombie:0.2665
island:0.266
very funny:0.26475
sexy:0.2645
betrayal:0.26325
disturbing:0.263
not as good as the first:0.26225
crappy sequel:0.26125
