fake documentary:0.99775
mockumentary:0.954
original:0.931
narrated:0.90475
psychology:0.90225
1930s:0.86325
satire:0.86175
black and white:0.8145
criterion:0.77575
talky:0.76
social commentary:0.75975
clever:0.75525
1920s:0.75225
imdb top 250:0.74575
biographical:0.73675
psychological:0.721
cerebral:0.711
masterpiece:0.71025
highly quotable:0.69275
intellectual:0.68825
existentialism:0.687
absurd:0.68275
greed:0.6795
witty:0.678
reflective:0.675
storytelling:0.646
interesting:0.639
identity:0.633
philosophy:0.63175
humorous:0.6295
deadpan:0.6055
satirical:0.59475
complex:0.59175
enigmatic:0.58375
weird:0.57125
dialogue:0.5675
cinematography:0.5635
funny as hell:0.55375
adapted from:book:0.55275
visually appealing:0.547
visual:0.54675
great ending:0.54575
redemption:0.5455
stylized:0.54525
adaptation:0.5445
unusual plot structure:0.5425
paranoia:0.541
allegory:0.53975
documentary:0.53425
obsession:0.534
good soundtrack:0.5295
oscar (best directing):0.5265
suprisingly clever:0.5265
life philosophy:0.52575
goofy:0.522
biopic:0.515
oscar (best supporting actress):0.5145
great movie:0.51275
movielens top pick:0.50875
psychiatry:0.50425
golden palm:0.5025
spoof:0.50125
humor:0.50025
great acting:0.49975
loneliness:0.4995
jazz:0.49875
relationships:0.49625
screwball:0.49575
very funny:0.4915
computer animation:0.48825
life & death:0.487
very interesting:0.485
hilarious:0.484
comedy:0.483
melancholy:0.482
philosophical:0.48175
twists & turns:0.48075
parody:0.48025
biography:0.475
oscar (best actress):0.4745
underrated:0.4725
meditative:0.461
affectionate:0.4605
compassionate:0.458
great:0.45675
quirky:0.455
breathtaking:0.45175
art:0.44975
mentor:0.44875
psychiatrist:0.448
character study:0.4455
funny:0.43825
melancholic:0.4375
harsh:0.4325
downbeat:0.43225
humanity:0.43225
based on book:0.43125
cult classic:0.424
atmospheric:0.4215
intimate:0.42075
