sexual:0.98
sexuality:0.96425
nudity (topless - notable):0.92975
disturbing:0.892
pornography:0.89
violent:0.87125
sex:0.86675
violence:0.85125
drugs:0.836
women:0.7875
drug abuse:0.781
dark:0.7745
nudity (full frontal - notable):0.76525
workplace:0.757
visceral:0.746
erotic:0.741
obsession:0.71625
relationships:0.7135
controversial:0.70875
sexualized violence:0.7065
addiction:0.70575
dysfunctional family:0.6925
brutal:0.678
murder:0.67725
drinking:0.674
intimate:0.674
loneliness:0.669
sexy:0.6535
censorship:0.648
teacher:0.64075
psychological:0.63025
original:0.623
death:0.61625
good soundtrack:0.61175
downbeat:0.61125
intense:0.6
guilt:0.59425
male nudity:0.59275
psychology:0.58125
gay:0.58025
freedom:0.57725
runaway:0.577
manipulation:0.57475
brutality:0.5735
revenge:0.56925
oscar (best directing):0.56425
nudity:0.55975
adapted from:book:0.55675
stylized:0.551
gay character:0.54625
depressing:0.54425
depression:0.544
drama:0.53025
oscar (best actress):0.5265
adaptation:0.525
great ending:0.52075
compassionate:0.51975
tragedy:0.51425
powerful ending:0.50475
redemption:0.5015
harsh:0.50125
satirical:0.49975
catastrophe:0.499
golden palm:0.49725
new york city:0.49475
adultery:0.4945
social commentary:0.48525
ominous:0.483
childhood:0.48
family:0.477
based on a book:0.47175
bleak:0.46975
adoption:0.4545
based on true story:0.45425
melancholic:0.454
complex:0.453
honest:0.451
tense:0.44975
notable nudity:0.4425
nudity (full frontal - brief):0.43875
passionate:0.4375
weird:0.43275
interesting:0.42825
1970s:0.4265
story:0.42575
creepy:0.42225
destiny:0.42025
suicide:0.415
oscar (best supporting actress):0.40725
police investigation:0.40625
mentor:0.40525
character study:0.40425
adolescence:0.40025
parenthood:0.39975
cinematography:0.39925
life philosophy:0.398
dialogue:0.39775
realistic:0.397
pointless:0.3955
mental illness:0.384
