romantic:0.9645
romance:0.92675
destiny:0.9225
love story:0.9045
love:0.862
feel-good:0.856
eccentricity:0.82175
chick flick:0.81425
sweet:0.7795
dreams:0.762
fantasy:0.68475
original:0.67775
feel good movie:0.67325
quirky:0.67125
romantic comedy:0.6245
reality tv:0.60725
great ending:0.603
scenic:0.5945
beautiful scenery:0.56225
touching:0.5285
sexy:0.52475
magic:0.52275
mistaken identity:0.51475
finnish:0.49625
fairy tale:0.484
passionate:0.4785
great:0.47175
beautiful:0.4645
nocturnal:0.45925
very interesting:0.454
catastrophe:0.425
fantasy world:0.419
screwball:0.41825
texas:0.4165
mentor:0.41225
whimsical:0.40675
relationships:0.39875
beautifully filmed:0.3945
internet:0.392
runaway:0.3905
transformation:0.38725
heartwarming:0.37175
fight scenes:0.36575
weird:0.36325
dialogue:0.36225
story:0.36175
obsession:0.36025
cinematography:0.3505
simple:0.346
san francisco:0.344
parallel universe:0.343
not funny:0.34175
first contact:0.3385
life & death:0.3385
unlikeable characters:0.33675
cult classic:0.33525
so bad it's funny:0.3345
good soundtrack:0.333
predictable:0.332
family:0.32025
los angeles:0.3165
loneliness:0.3165
entirely dialogue:0.3155
cute:0.3155
memory loss:0.31425
happy ending:0.31425
adaptation:0.31125
dark hero:0.3105
police investigation:0.30975
wistful:0.309
light:0.3045
affectionate:0.30125
sexualized violence:0.299
goofy:0.2985
fun movie:0.29375
melancholic:0.29
erotic:0.28925
fashion:0.286
chase:0.286
inspirational:0.28575
art:0.28525
idiotic:0.28475
visually stunning:0.283
cynical:0.2815
murder:0.27925
greed:0.27825
storytelling:0.27425
atheism:0.27375
drama:0.2735
magic realism:0.27275
self discovery:0.272
dreamlike:0.27125
memory:0.271
great movie:0.26875
criterion:0.26275
good romantic comedies:0.2595
lone hero:0.2585
culture clash:0.25775
bittersweet:0.25675
adapted from:book:0.256
