horror:0.995
haunted house:0.962
ghosts:0.96075
splatter:0.95925
creepy:0.95475
supernatural:0.9375
family:0.8725
weird:0.85725
gory:0.8335
tense:0.8235
mentor:0.81475
scary:0.765
suspenseful:0.76475
original:0.74125
atmospheric:0.726
death:0.72425
light:0.69225
small town:0.6845
ominous:0.67825
cult classic:0.66325
sacrifice:0.66175
dialogue:0.66025
demons:0.6485
mythology:0.63875
culture clash:0.6315
first contact:0.628
great:0.61475
dark:0.60275
great ending:0.601
good acting:0.58625
violence:0.5835
80s:0.57925
story:0.57725
devil:0.5615
gruesome:0.54625
good:0.54475
macabre:0.54275
predictable:0.54125
ghosts/afterlife:0.541
fantasy world:0.53575
bloody:0.5355
effects:0.53
franchise:0.52775
nudity (topless - notable):0.51825
revenge:0.51575
claustrophobic:0.50725
blood:0.505
police investigation:0.50475
great movie:0.50425
eerie:0.503
slasher:0.49175
family drama:0.49
transformation:0.4855
secrets:0.48475
violent:0.47925
criterion:0.4715
vengeance:0.47125
awesome soundtrack:0.46975
melancholic:0.46775
cult film:0.462
kids and family:0.46
happy ending:0.45975
goretastic:0.4575
girlie movie:0.45425
dumb but funny:0.44725
based on a play:0.447
1970s:0.442
redemption:0.43975
suspense:0.43825
spelling bee:0.43775
doctors:0.437
1980s:0.43575
low budget:0.4355
gothic:0.4345
catastrophe:0.43375
cinematography:0.43
monsters:0.42375
women:0.4235
brutality:0.421
creativity:0.418
unlikely friendships:0.41775
isolation:0.41725
fashion:0.4125
oscar (best directing):0.405
feel-good:0.40125
camp:0.401
script:0.3995
cult:0.39725
good versus evil:0.39275
fun movie:0.39075
spiders:0.38825
torture:0.38675
bad acting:0.38375
visceral:0.383
romantic:0.38275
writers:0.3815
oscar (best actress):0.38125
monster:0.3785
beautiful scenery:0.3775
life & death:0.375
