creepy:0.98725
eerie:0.9575
horror:0.93875
stylish:0.9345
macabre:0.929
cult classic:0.9085
atmospheric:0.89025
ghosts:0.87975
tense:0.8705
supernatural:0.843
better than the american version:0.8425
vampires:0.82475
gothic:0.82
frightening:0.79425
claustrophobic:0.78975
criterion:0.77725
grindhouse:0.77175
nocturnal:0.771
enigmatic:0.761
ominous:0.76
masterpiece:0.74525
weird:0.7425
dreamlike:0.7275
vampire:0.7195
grim:0.70925
suspenseful:0.69825
scary:0.6975
colourful:0.6865
original:0.68225
melancholic:0.677
downbeat:0.67075
classic:0.66825
disturbing:0.6565
gory:0.6545
nudity (full frontal - notable):0.6525
cerebral:0.6495
harsh:0.6495
beautifully filmed:0.6455
allegory:0.63925
tokyo:0.63625
cinematography:0.63475
stylized:0.62975
brutality:0.62675
italian:0.62525
blood:0.62475
cult film:0.61275
psychological:0.5855
visceral:0.5805
goth:0.5725
ironic:0.55575
suspense:0.54925
transformation:0.54625
storytelling:0.5415
dark:0.54
splatter:0.537
gruesome:0.53675
revenge:0.5355
paranoid:0.52525
intimate:0.51825
bleak:0.51275
paranoia:0.5105
witches:0.50825
death:0.5055
demons:0.5035
sexualized violence:0.4935
low budget:0.48775
visually appealing:0.48275
life & death:0.46975
cult:0.45625
great ending:0.45075
witch:0.45025
great:0.446
moody:0.43725
biting:0.437
pornography:0.43325
adaptation:0.43125
male nudity:0.42825
social commentary:0.427
campy:0.42325
visual:0.42025
murder:0.41925
breathtaking:0.4185
mentor:0.41675
melancholy:0.41525
suprisingly clever:0.4115
light:0.40675
greed:0.40475
effects:0.40275
dark fantasy:0.401
insanity:0.4005
sexy:0.396
catastrophe:0.3955
violent:0.39475
surreal:0.3805
farce:0.3755
good soundtrack:0.37525
unusual plot structure:0.3745
monster:0.373
vengeance:0.37275
isolation:0.37
