father son relationship:0.96225
family drama:0.91475
father-son relationship:0.89975
redemption:0.87825
drama:0.853
guilt:0.7585
crime:0.73675
original:0.733
murder:0.731
great acting:0.69875
detective:0.67275
melancholic:0.66725
police investigation:0.653
parenthood:0.64775
dysfunctional family:0.64025
dramatic:0.638
too long:0.61125
new jersey:0.6045
good:0.60375
story:0.58575
predictable:0.57875
mentor:0.54975
corruption:0.54725
dialogue:0.545
single father:0.542
noir thriller:0.526
true story:0.52075
exceptional acting:0.50075
secrets:0.48325
family:0.47725
culture clash:0.4745
storytelling:0.4585
kidnapping:0.4575
homeless:0.4535
brutality:0.452
great ending:0.45075
brothers:0.44475
based on true story:0.44425
catastrophe:0.44225
chase:0.43875
police corruption:0.43125
justice:0.42975
complex:0.428
long:0.4225
intense:0.41025
runaway:0.4085
good acting:0.396
emotional:0.3955
gritty:0.38725
excellent:0.378
divorce:0.376
great:0.37425
computer animation:0.3725
not funny:0.3625
pg-13:0.361
happy ending:0.36075
life & death:0.35975
oscar winner:0.3575
good soundtrack:0.353
stereotypes:0.349
harsh:0.34775
nudity (full frontal - brief):0.34675
revenge:0.34225
action:0.3385
small town:0.33725
suspense:0.33625
violence:0.33325
investigation:0.331
unfunny:0.329
life philosophy:0.32675
adaptation:0.32425
very good:0.3225
depression:0.3135
relationships:0.31325
family bonds:0.309
road movie:0.30875
entirely dialogue:0.3075
talky:0.3055
vengeance:0.29975
fantasy world:0.29775
childhood:0.2975
adoption:0.296
sexualized violence:0.2955
cinematography:0.29525
feel-good:0.29425
bad plot:0.29425
new york city:0.294
gangsters:0.28875
first contact:0.28575
touching:0.28475
death:0.2845
police:0.283
plot:0.28225
hospital:0.2795
lone hero:0.27925
tragedy:0.27875
boring!:0.2725
violent:0.2725
cathartic:0.267
character study:0.2665
