criterion:0.95225
bleak:0.95125
working class:0.9395
childhood:0.86875
bullying:0.84325
grim:0.8095
england:0.802
british:0.78725
adolescence:0.76125
lone hero:0.758
runaway:0.714
teacher:0.69075
london:0.6685
social commentary:0.65875
life:0.6295
melancholy:0.6215
friendship:0.60725
mentor:0.60125
brutality:0.59825
school:0.5975
golden palm:0.593
gritty:0.57825
original:0.563
poignant:0.55625
depressing:0.555
melancholic:0.553
crime gone awry:0.54875
beautifully filmed:0.54775
talky:0.547
british comedy:0.53725
based on a book:0.53625
oscar (best foreign language film):0.5325
coming of age:0.51775
artistic:0.51525
downbeat:0.50875
reflective:0.5055
harsh:0.5035
depression:0.4975
good soundtrack:0.4965
enigmatic:0.485
intimate:0.48175
nostalgic:0.47725
destiny:0.47425
brutal:0.4705
drama:0.46275
masterpiece:0.451
dreams:0.449
realistic:0.446
affectionate:0.446
unlikely friendships:0.4445
unusual plot structure:0.43975
classic:0.43975
idealism:0.43025
suprisingly clever:0.429
black and white:0.421
scotland:0.42075
nocturnal:0.41425
solitude:0.41375
whimsical:0.41
great:0.40275
great ending:0.40075
mining:0.39625
catastrophe:0.3875
based on a play:0.38475
movielens top pick:0.3835
meditative:0.38225
redemption:0.372
directorial debut:0.37125
transformation:0.368
coming-of-age:0.367
relationships:0.366
inspirational:0.36575
life philosophy:0.3625
1960s:0.3535
teenager:0.3515
oscar (best supporting actress):0.3515
stoner movie:0.35125
drinking:0.34525
not funny:0.34525
gunfight:0.34375
loneliness:0.34325
atmospheric:0.34175
macabre:0.34075
obsession:0.335
honest:0.33275
allegory:0.327
underrated:0.32675
earnest:0.31725
independent film:0.31675
1970s:0.31475
fighting the system:0.31425
weird:0.314
character study:0.3125
adaptation:0.31225
photography:0.3095
dialogue:0.30875
soccer:0.30775
cinematography:0.307
small town:0.3065
absurd:0.3045
