screwball comedy:0.9915
screwball:0.96
farce:0.9515
paris:0.95
criterion:0.72975
witty:0.71825
1930s:0.702
movielens top pick:0.6465
idealism:0.606
great:0.6005
original:0.58875
culture clash:0.55975
beautiful scenery:0.55625
black and white:0.534
imdb top 250:0.5295
runaway:0.50825
queer:0.50775
based on a play:0.50675
clever:0.49325
suprisingly clever:0.493
eccentricity:0.4795
art:0.46475
greed:0.45475
entirely dialogue:0.44675
enigmatic:0.43575
hotel:0.42425
affectionate:0.42175
court:0.40925
gunfight:0.4025
homeless:0.37875
dialogue:0.37
mentor:0.36675
unusual plot structure:0.3645
obsession:0.356
sacrifice:0.35
mozart:0.33925
catastrophe:0.3375
childhood:0.3345
grim:0.31925
comedy:0.3165
sexy:0.31625
talky:0.31025
bollywood:0.3095
marriage:0.30575
great ending:0.30175
courtroom:0.29275
divorce:0.2925
quotable:0.29125
1920s:0.279
storytelling:0.276
irish accent:0.27325
good:0.273
foreign:0.27025
cynical:0.2665
melancholy:0.26475
classic:0.2635
light:0.2585
lone hero:0.256
ethnic conflict:0.25025
oscar (best supporting actress):0.24875
perfect:0.2435
fun movie:0.2355
grindhouse:0.234
not funny:0.234
silent:0.2325
remade:0.23075
sweet:0.2275
redemption:0.22675
stylized:0.226
slapstick:0.225
stop motion:0.22475
film noir:0.22475
brainwashing:0.22425
chase:0.2215
adapted from:book:0.21925
kids and family:0.218
insanity:0.21425
stunning:0.21125
identity:0.21
rags to riches:0.2095
police investigation:0.20675
very funny:0.2065
fantasy world:0.2055
artistic:0.20525
funny as hell:0.204
story:0.20325
holiday:0.20275
romantic:0.20225
highly quotable:0.19975
england:0.19825
brutality:0.198
pornography:0.19725
animals:0.1965
very good:0.1965
great acting:0.19575
romance:0.19525
writers:0.19475
noir thriller:0.1945
whimsical:0.1945
beautifully filmed:0.19425
