japan:0.87875
weird:0.85675
melancholic:0.849
golden palm:0.845
guilt:0.8405
surreal:0.7365
intimate:0.7145
enigmatic:0.696
loneliness:0.6955
life philosophy:0.688
redemption:0.6725
adultery:0.65675
criterion:0.65275
meditative:0.643
brutality:0.633
japanese:0.62025
obsession:0.6145
nocturnal:0.60575
existentialism:0.58325
reflective:0.5635
prison:0.555
downbeat:0.5505
original:0.54775
unusual plot structure:0.505
very interesting:0.49975
light:0.49925
melancholy:0.49675
character study:0.492
cheating:0.48725
art house:0.48575
bleak:0.48525
creativity:0.47875
vengeance:0.46575
suprisingly clever:0.4605
culture clash:0.4365
quirky:0.428
life & death:0.424
pornography:0.4215
mentor:0.41775
art:0.4145
drama:0.40875
catastrophe:0.4025
affectionate:0.40225
tokyo:0.40025
absurd:0.39775
queer:0.3945
dreamlike:0.39275
male nudity:0.392
disturbing:0.3885
solitude:0.37
insanity:0.3675
crime:0.36125
sexual:0.36
utopia:0.35975
women:0.35375
self discovery:0.3495
complex:0.34275
talky:0.3395
giant robots:0.3265
childhood:0.32425
strange:0.323
drinking:0.32025
not funny:0.3195
death:0.31775
voyeurism:0.3105
off-beat comedy:0.30975
beautifully filmed:0.3055
stylized:0.30525
dialogue:0.30475
sexual abuse:0.3005
artist:0.29725
oscar (best foreign language film):0.28925
murder:0.288
great ending:0.28725
passionate:0.286
workplace:0.28575
whimsical:0.282
coming-of-age:0.2785
unlikely friendships:0.27825
suicide:0.2765
classic car:0.27625
entirely dialogue:0.27125
movie business:0.27
runaway:0.2695
crime gone awry:0.262
fantasy world:0.25725
isolation:0.2535
cinematography:0.24625
suicide attempt:0.24625
cerebral:0.2445
unfunny:0.243
first contact:0.2425
good soundtrack:0.2415
movielens top pick:0.23925
new jersey:0.23875
small town:0.23825
animal movie:0.234
gangsters:0.22975
bizarre:0.22925
marriage:0.229
