fun movie:0.94825
father daughter relationship:0.92225
single father:0.84275
silly fun:0.728
comedy:0.72425
original:0.7085
predictable:0.6925
teen movie:0.67375
80s:0.67025
fun:0.6185
teen:0.59325
silly:0.5535
nostalgic:0.55
family:0.54225
girlie movie:0.527
splatter:0.50625
pornography:0.505
mentor:0.49625
high school:0.48425
entertaining:0.48175
life philosophy:0.477
cheesy:0.457
great ending:0.43425
catastrophe:0.4205
sports:0.41775
overrated:0.3995
destiny:0.39225
humorous:0.38375
funny:0.381
very funny:0.3805
teens:0.377
dreams:0.37525
brutality:0.37025
adaptation:0.36775
cool:0.36725
stereotypes:0.36275
good:0.3595
pg-13:0.3575
slapstick:0.35725
unusual plot structure:0.35375
remake:0.3515
good soundtrack:0.3495
goofy:0.34575
vampire human love:0.345
bad plot:0.34475
storytelling:0.33825
dialogue:0.332
so bad it's funny:0.32675
first contact:0.32125
hilarious:0.31475
nudity (full frontal - brief):0.31425
natural disaster:0.3095
light:0.30525
violence:0.2995
fantasy world:0.29775
culture clash:0.297
coming of age:0.295
fashion:0.2935
unfunny:0.29225
quirky:0.28875
good music:0.288
crude humor:0.287
complex:0.2865
intellectual:0.28275
runaway:0.2825
campy:0.27825
lone hero:0.2775
guilty pleasure:0.27275
oscar:0.271
entirely dialogue:0.2665
clever:0.26625
not funny:0.266
justice:0.259
happy ending:0.25875
doctors:0.25825
great:0.25775
cult film:0.2525
surreal:0.2465
dysfunctional family:0.24575
demons:0.2435
absurd:0.2415
boring:0.23975
sexy:0.2385
vengeance:0.23775
shallow:0.235
feel-good:0.23225
gangsters:0.23175
childhood:0.22975
disaster:0.229
music:0.228
sexualized violence:0.22525
grindhouse:0.22425
multiple storylines:0.224
story:0.22325
coming-of-age:0.22275
pulp:0.22025
male nudity:0.21725
feel good movie:0.21675
cheerleading:0.2165
redemption:0.21625
