enigmatic:0.979
iran:0.933
meditative:0.921
cinematography:0.911
life & death:0.8985
melancholic:0.89
reflective:0.877
art house:0.87625
criterion:0.876
intimate:0.82175
talky:0.81575
existentialism:0.815
poignant:0.805
beautifully filmed:0.80425
golden palm:0.79725
poetry:0.77475
downbeat:0.76625
cerebral:0.766
visually appealing:0.759
whimsical:0.751
environment:0.7505
weird:0.7475
loneliness:0.7375
childhood:0.735
affectionate:0.73425
art:0.72975
breathtaking:0.724
obsession:0.708
life philosophy:0.707
intellectual:0.68275
greed:0.6795
bleak:0.6665
solitude:0.66475
death:0.6645
harsh:0.653
relationships:0.6495
slow:0.6485
social commentary:0.6475
photography:0.64675
beautiful:0.638
unusual plot structure:0.63275
melancholy:0.63
imdb top 250:0.62775
original:0.62575
very interesting:0.6225
narrated:0.621
life:0.61375
oscar (best foreign language film):0.609
philosophy:0.60575
visual:0.60125
scenic:0.59825
light:0.596
nudity (full frontal - notable):0.58
artistic:0.578
moody:0.571
suprisingly clever:0.5615
artist:0.547
metaphysics:0.546
runaway:0.529
culture clash:0.52125
beautiful scenery:0.51625
visually stunning:0.509
humorous:0.50625
foreign:0.5045
isolation:0.50225
imagination:0.5
stunning:0.49975
movielens top pick:0.49825
boring:0.49375
strange:0.4905
dreams:0.48975
dialogue:0.4895
small town:0.488
absurd:0.4835
deadpan:0.4815
road movie:0.48125
dreamlike:0.47575
philosophical:0.47475
boring!:0.46975
very funny:0.4695
creativity:0.46525
allegory:0.45575
claustrophobic:0.45175
stylized:0.44575
stoner movie:0.4445
masterpiece:0.44425
compassionate:0.443
complex:0.44075
surreal:0.43725
good soundtrack:0.42875
story:0.42375
nocturnal:0.42125
self discovery:0.4205
memory:0.418
amazing cinematography:0.4175
bittersweet:0.41575
forceful:0.41575
storytelling:0.40975
entirely dialogue:0.40875
catastrophe:0.39225
