dysfunctional family:0.92325
visually appealing:0.863
criterion:0.84125
original:0.7875
culture clash:0.77
quirky:0.753
gunfight:0.745
off-beat comedy:0.7335
relationships:0.7115
irish accent:0.67775
grim:0.66425
male nudity:0.65575
movielens top pick:0.63425
crime gone awry:0.63325
nudity (full frontal - notable):0.628
australian:0.618
dark humor:0.61725
vengeance:0.59675
pornography:0.596
working class:0.5945
biting:0.58775
golden palm:0.5865
obsession:0.55225
secrets:0.53475
true story:0.53275
affectionate:0.52875
eccentricity:0.52325
enigmatic:0.5175
adapted from:book:0.511
independent film:0.51075
talky:0.50925
indie:0.50225
mental illness:0.49825
humorous:0.4965
weird:0.496
brutality:0.4945
insanity:0.4935
irreverent:0.49275
whimsical:0.4845
intimate:0.48425
paranoid:0.47875
mentor:0.459
family bonds:0.4575
special:0.454
disturbing:0.4505
cynical:0.4475
stand-up comedy:0.44275
melancholic:0.442
depressing:0.4375
interracial romance:0.426
family drama:0.4245
great ending:0.4235
corruption:0.41725
very interesting:0.41375
sarcasm:0.40975
black comedy:0.4075
fighting the system:0.4065
assassination:0.4045
george orwell:0.402
catastrophe:0.401
oscar (best foreign language film):0.401
brutal:0.398
dialogue:0.397
social commentary:0.39125
bleak:0.387
british:0.3795
narrated:0.37875
runaway:0.3775
ironic:0.377
twists & turns:0.375
censorship:0.37425
witty:0.37275
great:0.3725
nudity (topless - brief):0.37175
drug addiction:0.3675
harsh:0.36375
gory:0.36375
hard to watch:0.3605
adaptation:0.36
crazy:0.3585
fantasy world:0.35675
satirical:0.35075
good soundtrack:0.34625
horrible:0.33925
stylish:0.3355
allegory:0.33325
stylized:0.33125
family:0.331
cars:0.32925
sad:0.3255
satire:0.325
cathartic:0.3245
adultery:0.322
surreal:0.32175
ethnic conflict:0.3195
very funny:0.31775
parenthood:0.316
tokyo:0.31325
queer:0.31075
life philosophy:0.3105
