coming of age:0.943
bleak:0.91825
adolescence:0.917
criterion:0.887
poverty:0.84625
loneliness:0.842
road movie:0.78825
realistic:0.782
dysfunctional family:0.761
depressing:0.75375
melancholic:0.75175
depression:0.7505
coming-of-age:0.75
good soundtrack:0.7465
pornography:0.74275
teenager:0.7315
workplace:0.7205
drinking:0.7185
character study:0.718
golden palm:0.7015
runaway:0.6995
downbeat:0.6935
intimate:0.69325
california:0.68975
drama:0.6845
childhood:0.67825
gritty:0.66475
grim:0.64775
mentor:0.6315
brutality:0.627
original:0.62525
harsh:0.6215
hip hop:0.61325
working class:0.6075
independent film:0.6035
relationships:0.5935
enigmatic:0.585
honest:0.58075
indie:0.58
family drama:0.57225
oscar (best actress):0.56925
betrayal:0.565
teen movie:0.56475
dance:0.557
reflective:0.55225
dancing:0.54875
social commentary:0.53625
school:0.52225
friendship:0.518
sexual:0.5095
teenagers:0.509
suprisingly clever:0.506
gangs:0.50075
redemption:0.49075
dramatic:0.48975
forceful:0.48925
cinematography:0.482
sisters:0.4735
disturbing:0.4715
visceral:0.461
irish accent:0.45825
destiny:0.451
ironic:0.4445
tense:0.43825
grindhouse:0.43825
bullying:0.43
bittersweet:0.42625
nudity (full frontal - notable):0.426
catastrophe:0.42425
guilt:0.4235
solitude:0.416
violent:0.41575
multiple storylines:0.41225
life:0.41075
storytelling:0.4105
poignant:0.408
british:0.405
gangsters:0.4035
unlikely friendships:0.396
great acting:0.396
sexy:0.38525
parenthood:0.383
classic car:0.38275
sex:0.3795
culture clash:0.37875
bloody:0.3785
complex:0.37725
dialogue:0.37325
very interesting:0.37075
stoner movie:0.36825
teen:0.368
life philosophy:0.3665
male nudity:0.36475
prejudice:0.3615
emotional:0.358
hard to watch:0.35175
great ending:0.3485
nocturnal:0.3475
melancholy:0.346
lyrical:0.3385
