friendship:0.9265
male nudity:0.9205
unlikely friendships:0.896
coming of age:0.8875
nudity (topless - notable):0.83175
women:0.81425
adolescence:0.80125
good soundtrack:0.795
mentor:0.79
teen:0.7735
high school:0.7685
teen movie:0.757
pornography:0.722
chick flick:0.7195
school:0.71075
sexual abuse:0.7095
teacher:0.706
runaway:0.70325
original:0.683
teenager:0.648
bullying:0.63025
lesbian:0.627
girlie movie:0.625
revenge:0.5795
coming-of-age:0.57925
teens:0.5735
sexy:0.571
gangs:0.55675
goth:0.55175
nudity (topless):0.547
secret service:0.544
stereotypes:0.541
cheerleading:0.54
storytelling:0.518
adaptation:0.51425
teenagers:0.507
adapted from:book:0.49875
erotic:0.49675
based on a book:0.49675
very interesting:0.4955
books:0.4745
virginity:0.45425
great ending:0.44675
good:0.433
bad plot:0.42775
relationships:0.4275
catastrophe:0.4265
drugs:0.426
life philosophy:0.413
fantasy world:0.409
nudity (full frontal - brief):0.40325
dialogue:0.40125
story:0.396
nudity:0.3885
pg-13:0.386
great:0.38225
awesome soundtrack:0.3795
melancholic:0.37625
betrayal:0.3735
culture clash:0.36925
predictable:0.36125
classic car:0.3515
kidnapping:0.3445
queer:0.34375
drama:0.3435
bad acting:0.34225
based on book:0.34125
childhood:0.33475
sexual:0.33175
boarding school:0.32225
sexualized violence:0.31875
sex:0.31775
writers:0.3175
justice:0.31625
not funny:0.315
fun movie:0.313
visually appealing:0.31225
police investigation:0.31225
vengeance:0.3115
california:0.30825
brutality:0.30775
bdsm:0.30575
intense:0.30525
fight scenes:0.30425
violence:0.30275
lone hero:0.30075
drug addiction:0.30025
period piece:0.29575
guilty pleasure:0.2945
dysfunctional family:0.2935
small town:0.292
loneliness:0.291
shallow:0.2905
so bad it's funny:0.28975
unfunny:0.28925
redemption:0.289
internet:0.287
harsh:0.2865
secrets:0.2845
suspense:0.28075
