alien:0.87375
aliens:0.8425
chase:0.793
clowns:0.78825
spying:0.7755
comedy:0.75825
great ending:0.681
original:0.6665
humorous:0.59675
80s:0.5825
goofy:0.559
predictable:0.5555
funny:0.5475
destiny:0.54675
mentor:0.53375
gunfight:0.51125
catastrophe:0.48675
road movie:0.4805
very funny:0.47075
quotable:0.45175
betrayal:0.4485
good soundtrack:0.44375
spy:0.44275
life philosophy:0.4345
quirky:0.4325
first contact:0.42375
absurd:0.4205
adventure:0.39525
fantasy world:0.39325
good:0.37825
underrated:0.372
cult classic:0.37075
runaway:0.36675
fun movie:0.363
camp:0.3625
culture clash:0.36025
beautiful scenery:0.3575
brutality:0.3555
slapstick:0.355
story:0.355
suprisingly clever:0.351
storytelling:0.34925
cult film:0.345
dialogue:0.3445
unlikely friendships:0.344
friendship:0.3425
guilty pleasure:0.33825
great:0.3335
redemption:0.33275
crude humor:0.32675
vengeance:0.318
mission from god:0.3165
natural disaster:0.3165
happy ending:0.31375
love story:0.3045
oscar (best directing):0.30275
science fiction:0.30175
internet:0.3015
sacrifice:0.29925
weapons:0.29575
bad plot:0.29125
hilarious:0.28875
ethnic conflict:0.282
melancholic:0.28125
bad:0.27425
spies:0.2695
writers:0.26875
fight scenes:0.2665
cinematography:0.26475
unfunny:0.26375
pulp:0.2635
feel-good:0.2585
touching:0.25825
brainwashing:0.2575
survival:0.25475
clever:0.254
action:0.2535
overrated:0.25325
allegory:0.2525
not funny:0.25175
transformation:0.25125
silly fun:0.25125
black comedy:0.24625
feel good movie:0.24525
fun:0.245
russian:0.2445
imdb top 250:0.2435
so bad it's funny:0.23575
harsh:0.23525
romantic:0.2345
entirely dialogue:0.233
good action:0.23175
adaptation:0.23075
police investigation:0.2295
indians:0.22925
silly:0.228
drinking:0.22625
loneliness:0.224
death:0.22175
revenge:0.2205
