muppets:0.99625
talking animals:0.96825
franchise:0.95675
kids and family:0.89975
based on a tv show:0.86825
puppets:0.867
original:0.805
musical:0.74325
new york city:0.70275
spying:0.684
fun movie:0.647
light:0.63825
broadway:0.6325
nostalgic:0.57775
great:0.56825
dialogue:0.565
affectionate:0.55375
eccentricity:0.52525
multiple storylines:0.52425
rats:0.52175
new york:0.50725
new jersey:0.49825
family:0.49525
childhood:0.4885
mentor:0.47025
great ending:0.45825
children:0.4465
weird:0.44275
catastrophe:0.43425
fantasy world:0.4205
unusual plot structure:0.41925
clever:0.4185
kids:0.4175
holiday:0.41525
creativity:0.41425
good soundtrack:0.41375
amnesia:0.41375
humorous:0.4105
awesome soundtrack:0.40525
memory loss:0.40225
entirely dialogue:0.38475
suprisingly clever:0.3845
mythology:0.38225
storytelling:0.3745
story:0.36475
culture clash:0.35825
music:0.3555
trilogy:0.35325
dysfunctional family:0.35275
entertaining:0.352
great movie:0.351
redemption:0.34975
fashion:0.3475
good:0.346
criterion:0.344
funny:0.34275
fun:0.34225
complex:0.34
life philosophy:0.323
very funny:0.32125
series:0.3185
non-linear:0.311
parallel universe:0.31025
witty:0.31025
runaway:0.30875
melancholic:0.3055
dancing:0.3025
writers:0.293
relationships:0.292
dance:0.28925
gangsters:0.2885
alter ego:0.28525
loneliness:0.28525
road trip:0.283
cult film:0.27775
hotel:0.27675
adaptation:0.2735
family drama:0.27325
independent film:0.271
social commentary:0.26225
destiny:0.261
gangs:0.25725
crime gone awry:0.257
melancholy:0.25625
brutality:0.255
not funny:0.25425
romantic:0.252
pornography:0.25175
first contact:0.2515
cute:0.251
dramatic:0.2505
drama:0.2505
exceptional acting:0.2445
oscar (best directing):0.243
honest:0.2425
talky:0.24225
predictable:0.23925
pigs:0.23825
quirky:0.238
unlikely friendships:0.23725
