series:0.86975
criterion:0.83075
original:0.7925
documentary:0.781
children:0.7785
very interesting:0.77375
england:0.7595
mentor:0.74775
talky:0.73775
runaway:0.7245
childhood:0.71975
astronauts:0.6815
reflective:0.68025
imdb top 250:0.67375
golden palm:0.658
unusual plot structure:0.6545
great ending:0.6535
social commentary:0.645
oscar (best actress):0.6265
interesting:0.6225
oscar (best directing):0.62
enigmatic:0.617
homeless:0.605
great:0.5885
good soundtrack:0.578
black and white:0.572
school:0.568
crime gone awry:0.5665
great movie:0.56625
affectionate:0.5635
loneliness:0.56325
cerebral:0.56225
british:0.559
drinking:0.55775
pornography:0.55425
culture clash:0.54775
internet:0.54775
movielens top pick:0.53825
life philosophy:0.53725
clever:0.531
weird:0.522
drama:0.47825
melancholic:0.469
suprisingly clever:0.4655
bleak:0.46
corruption:0.45375
excellent script:0.4525
male nudity:0.4515
great acting:0.44725
twists & turns:0.44325
catastrophe:0.4395
narrated:0.4325
depression:0.4245
brutality:0.421
oscar (best supporting actress):0.42
witty:0.41525
harsh:0.41275
obsession:0.41275
nostalgic:0.41125
complex:0.4095
secrets:0.4095
classic car:0.40875
police investigation:0.4065
nudity (full frontal - brief):0.40425
breathtaking:0.39575
character study:0.39325
friendship:0.39075
unlikely friendships:0.39
aging:0.389
downbeat:0.38875
storytelling:0.385
murder mystery:0.37775
violence:0.37725
dialogue:0.37575
melancholy:0.37575
good:0.37225
earnest:0.36675
redemption:0.36525
awesome soundtrack:0.36275
afi 100 (laughs):0.35775
stylized:0.35775
complex characters:0.353
forceful:0.353
vengeance:0.35275
intimate:0.35275
kids:0.3505
poignant:0.35
ironic:0.34425
coming of age:0.344
memory:0.34175
1970s:0.34175
adaptation:0.34025
assassination:0.33975
grindhouse:0.33825
not funny:0.33675
race issues:0.336
death:0.3355
bittersweet:0.33125
dreams:0.33025
atmospheric:0.32675
