documentary:0.97475
social commentary:0.8965
greed:0.8895
ecology:0.88675
animal movie:0.78525
environmental:0.76025
life & death:0.75
oil:0.729
environment:0.689
criterion:0.6655
animals:0.6255
internet:0.6065
narrated:0.60625
classic car:0.586
global warming:0.5665
lions:0.5615
corruption:0.5535
grindhouse:0.55325
disturbing:0.54725
harsh:0.54475
original:0.54325
good soundtrack:0.543
factual:0.542
amazing photography:0.5305
downbeat:0.51725
censorship:0.5145
hospital:0.507
very interesting:0.504
pornography:0.50275
life philosophy:0.496
food:0.4855
islam:0.469
relationships:0.46725
serial killer:0.463
honest:0.46275
movielens top pick:0.45925
survival:0.4575
catastrophe:0.45675
women:0.446
fish:0.441
death:0.439
business:0.43875
suprisingly clever:0.4335
police investigation:0.42775
africa:0.4255
animated:0.42125
very funny:0.41425
hunting:0.40825
melancholic:0.4075
eccentricity:0.402
unusual plot structure:0.39625
mentor:0.39475
graphic novel:0.39125
race issues:0.39
world politics:0.388
intimate:0.3875
psychiatry:0.386
depressing:0.38325
character study:0.37825
conspiracy:0.377
creativity:0.376
great ending:0.37425
idiotic:0.37325
death penalty:0.36925
sacrifice:0.36875
manipulation:0.367
brutality:0.36125
conspiracy theory:0.359
controversial:0.3535
brainwashing:0.35075
israel:0.34875
humanity:0.3485
idealism:0.34775
loneliness:0.3465
courage:0.346
sexualized violence:0.3455
oscar (best directing):0.34475
culture clash:0.3405
segregation:0.33725
stand-up comedy:0.33075
great:0.32325
new jersey:0.322
nudity (topless - notable):0.32125
not funny:0.31775
foreign:0.31025
gory:0.31
adaptation:0.307
too short:0.30325
macabre:0.29975
antarctica:0.2975
interesting:0.29525
wilderness:0.29525
pigs:0.29425
transformation:0.29175
excellent script:0.291
artistic:0.288
spelling bee:0.2875
justice:0.2845
oscar:0.28425
self discovery:0.28375
