original:0.70975
teens:0.6505
slasher:0.57375
franchise:0.56425
predictable:0.55175
death:0.53525
horror:0.493
teen movie:0.48675
brutality:0.48375
small town:0.46575
nudity (topless):0.443
runaway:0.43875
violence:0.4235
pornography:0.4225
splatter:0.4145
mentor:0.413
sequels:0.4085
weird:0.3995
dreams:0.39375
good sequel:0.39075
catastrophe:0.39025
great ending:0.38475
bad plot:0.375
dialogue:0.37175
overrated:0.36775
scary:0.3615
virus:0.3585
life philosophy:0.35625
suspense:0.35225
adaptation:0.351
not funny:0.35025
violent:0.3335
halloween:0.33325
murder:0.32825
happy ending:0.328
teen:0.3235
first contact:0.3195
writers:0.31575
pointless:0.3135
unusual plot structure:0.3075
chase:0.30625
entirely dialogue:0.302
good:0.3
nudity (topless - notable):0.295
nudity (full frontal - brief):0.29475
bad ending:0.29225
demons:0.27975
childhood:0.27625
quirky:0.274
grindhouse:0.273
vengeance:0.273
creepy:0.27275
children:0.2705
fight scenes:0.2705
gory:0.26875
lone hero:0.2665
series:0.266
dreamlike:0.265
natural disaster:0.26275
revenge:0.26175
good soundtrack:0.25625
fantasy world:0.254
too long:0.253
cult film:0.25225
slapstick:0.25225
storytelling:0.24775
bloody:0.24575
serial killer:0.2455
criterion:0.243
gangsters:0.2425
boring:0.24225
goretastic:0.24
surreal:0.24
disaster:0.2395
bad acting:0.23875
so bad it's funny:0.23775
disturbing:0.2375
clever:0.2325
island:0.23125
destiny:0.231
sexualized violence:0.22625
crude humor:0.22575
suspenseful:0.2225
corruption:0.22075
very funny:0.22
pulp:0.21925
redemption:0.217
ridiculous:0.2165
supernatural:0.21425
weapons:0.21325
romance:0.2105
exceptional acting:0.21
twists & turns:0.21
complex:0.20875
intense:0.20825
campy:0.20675
silly fun:0.20375
classic car:0.2025
life & death:0.198
family:0.19775
