cyborgs:0.98925
franchise:0.98875
crappy sequel:0.94025
sequel:0.9175
sequels:0.9115
robots:0.9055
good sequel:0.85825
sci fi:0.83725
violence:0.83475
original:0.82175
bad plot:0.82025
ninja:0.808
action:0.79275
horrible:0.7815
futuristic:0.75075
future:0.74
so bad it's funny:0.71525
sci-fi:0.6755
pg-13:0.6615
predictable:0.6515
scifi:0.64875
special effects:0.6445
androids:0.64175
superhero:0.60975
cyberpunk:0.587
science fiction:0.58275
super-hero:0.582
surreal:0.576
good action:0.573
android(s)/cyborg(s):0.566
lame:0.5625
big budget:0.5585
realistic action:0.55725
fight scenes:0.556
weapons:0.541
brutality:0.535
bad acting:0.5275
bad:0.51675
pointless:0.51675
mentor:0.5025
bad script:0.49875
violent:0.4985
great ending:0.495
family:0.47875
action packed:0.4715
satirical:0.46925
ridiculous:0.45425
bad cgi:0.44625
overrated:0.4455
dialogue:0.4425
series:0.4425
robot:0.439
homeless:0.437
trilogy:0.4365
vengeance:0.436
disaster:0.43575
runaway:0.4315
awful:0.42625
super hero:0.41825
catastrophe:0.4125
cool:0.40975
dynamic cgi action:0.40475
first contact:0.3975
story:0.38425
splatter:0.37525
not funny:0.3725
stupid as hell:0.3645
good:0.3615
comic book:0.3605
slapstick:0.36
destiny:0.3585
dreamlike:0.35825
natural disaster:0.3545
idiotic:0.3485
cheesy:0.34725
superheroes:0.34475
fantasy world:0.34
creativity:0.33925
technology:0.339
shallow:0.33575
camp:0.33575
lone hero:0.33125
chase:0.33125
death:0.33
stupid:0.32775
stylized:0.32275
satire:0.32175
writers:0.319
life philosophy:0.31675
quirky:0.30375
bad sequel:0.3015
cult film:0.30025
happy ending:0.30025
entirely dialogue:0.29675
silly:0.2965
adaptation:0.2965
corruption:0.29575
imdb top 250:0.286
80s:0.28025
dinosaurs:0.27975
