disney animated feature:0.9905
story:0.97325
animation:0.94725
cartoon:0.91575
disney:0.91375
classic:0.84975
fun movie:0.83675
original:0.79775
animated:0.79125
narrated:0.73975
unlikely friendships:0.7345
good:0.72625
goofy:0.7195
adapted from:book:0.719
storytelling:0.70175
adaptation:0.693
animals:0.6845
literature:0.64925
children:0.63
literary adaptation:0.6175
kids and family:0.6155
dialogue:0.61375
cute:0.606
fairy tale:0.60525
based on book:0.605
runaway:0.57325
entertaining:0.573
adventure:0.566
friendship:0.5625
humorous:0.55625
clever:0.548
small town:0.54475
greed:0.54
based on a book:0.5245
fun:0.52125
great ending:0.51825
mentor:0.51575
obsession:0.51275
simple:0.50325
chase:0.503
too short:0.49225
family:0.49175
stereotypes:0.48975
talking animals:0.48175
weapons:0.46375
bullying:0.4635
colourful:0.463
light:0.458
sweet:0.45475
great:0.44575
british:0.43875
nostalgic:0.43675
childhood:0.43475
excellent:0.431
culture clash:0.42525
visually appealing:0.4215
animal movie:0.41675
underrated:0.4125
whimsical:0.406
great movie:0.40175
redemption:0.4015
catastrophe:0.3965
witty:0.39175
good soundtrack:0.3895
cerebral:0.383
suprisingly clever:0.38125
idealism:0.377
good versus evil:0.35925
criterion:0.35625
stop motion:0.34975
original plot:0.34875
beautiful scenery:0.348
talky:0.3475
oscar (best directing):0.3415
transformation:0.34125
kids:0.338
cute!:0.33725
fantasy:0.33275
very good:0.33175
not funny:0.33125
death:0.3295
computer animation:0.32725
oscar (best music - original song):0.3255
creativity:0.3245
betrayal:0.32325
destiny:0.321
weird:0.319
movielens top pick:0.31725
funny:0.31675
prejudice:0.31675
life philosophy:0.315
allegory:0.31475
lone hero:0.31425
interesting:0.31125
police investigation:0.31075
crime gone awry:0.31025
visual:0.309
artistic:0.30875
mad scientist:0.30825
musical:0.30475
