mafia:0.993
hit men:0.9845
assassin:0.957
stylized:0.953
hip hop:0.93325
organized crime:0.93275
gangsters:0.9315
mob:0.91225
meditative:0.89475
narrated:0.8905
stylish:0.88625
hitman:0.8715
good soundtrack:0.865
gangster:0.8525
amazing cinematography:0.8515
original:0.85
samurai:0.83175
melancholy:0.813
melancholic:0.81225
weird:0.811
surreal:0.80575
quirky:0.8
new jersey:0.795
assassination:0.77225
cool:0.754
loneliness:0.7405
violent:0.73725
guns:0.73475
gratuitous violence:0.73175
great soundtrack:0.71375
visually appealing:0.7075
independent film:0.69375
enigmatic:0.69125
existentialism:0.68775
vengeance:0.6855
reflective:0.678
artistic:0.67675
deadpan:0.67675
culture clash:0.67175
storytelling:0.66625
violence:0.6655
books:0.6605
social commentary:0.66025
criterion:0.656
lone hero:0.651
dialogue:0.64075
philosophy:0.6385
off-beat comedy:0.63475
cult classic:0.63375
life & death:0.62925
talky:0.6085
highly quotable:0.596
cult film:0.58425
assassins:0.5795
based on a book:0.57525
mentor:0.568
intimate:0.5675
very interesting:0.566
runaway:0.55925
dark humor:0.55775
philosophical:0.552
adapted from:book:0.55
visceral:0.54725
unlikely friendships:0.5305
dreamlike:0.52625
brutality:0.52625
based on book:0.525
cerebral:0.51975
suprisingly clever:0.513
life philosophy:0.5055
great ending:0.50425
gunfight:0.49725
great cinematography:0.49725
adaptation:0.495
friendship:0.49275
golden palm:0.48775
pornography:0.48225
crime:0.481
revenge:0.47775
cinematography:0.47675
noir thriller:0.47075
anti-hero:0.4665
redemption:0.4645
art house:0.46325
betrayal:0.46175
corruption:0.46
absurd:0.45875
fight scenes:0.45875
slow paced:0.45625
solitude:0.4535
indie:0.45225
entirely dialogue:0.452
crime gone awry:0.451
quotable:0.44625
dark hero:0.44175
masterpiece:0.44125
witty:0.437
nocturnal:0.435
bloody:0.433
action:0.43275
