spying:0.997
espionage:0.98825
spy:0.97625
british comedy:0.95675
secrets:0.95175
spies:0.9425
cold war:0.93175
criterion:0.9025
secret service:0.89525
black and white:0.878
based on a book:0.87725
corruption:0.8725
british:0.8665
satirical:0.8495
imdb top 250:0.845
oscar (best directing):0.81625
drama:0.80975
dramatic:0.8045
england:0.80375
life & death:0.7895
black comedy:0.766
satire:0.7565
classic:0.7535
light:0.7465
weapons:0.74325
farce:0.743
politics:0.743
cerebral:0.733
betrayal:0.732
forceful:0.72425
surveillance:0.71825
paranoia:0.71175
assassination:0.70925
original:0.7085
greed:0.7025
talky:0.702
clever:0.696
paranoid:0.677
suspense:0.67475
twists & turns:0.669
depression:0.667
complex:0.6665
melancholic:0.6605
masterpiece:0.65575
chase:0.654
great acting:0.6455
murder:0.64525
witty:0.64075
great:0.63725
runaway:0.63375
manipulation:0.633
biography:0.624
allegory:0.62175
oscar (best supporting actress):0.6185
dark:0.61425
childhood:0.6135
oscar (best actress):0.6075
culture clash:0.60525
realistic:0.60225
poignant:0.60225
cuba:0.5995
atmospheric:0.59925
adaptation:0.59875
bleak:0.59725
tragedy:0.5965
narrated:0.59325
cinematography:0.59175
noir:0.59075
affectionate:0.58875
movielens top pick:0.5825
based on a play:0.57775
story:0.56975
pigs:0.56925
comedy:0.569
hitman:0.56825
assassin:0.5675
adapted from:book:0.56725
great movie:0.56425
unusual plot structure:0.5635
police investigation:0.5565
oscar winner:0.54825
earnest:0.5405
absurd:0.53775
tense:0.53025
visual:0.53025
idealism:0.52875
humorous:0.52725
mentor:0.52675
conspiracy:0.51625
suprisingly clever:0.5105
hotel:0.50475
london:0.50075
biographical:0.496
oscar (best actor):0.4955
based on true story:0.49475
breathtaking:0.4935
ironic:0.49325
grim:0.49325
california:0.4925
brutality:0.491
