criterion:0.99025
enigmatic:0.9755
cerebral:0.9705
masterpiece:0.937
existentialism:0.93625
stylized:0.9345
melancholic:0.92075
meditative:0.91375
reflective:0.91125
artistic:0.911
hit men:0.89575
beautifully filmed:0.87475
intimate:0.8485
golden palm:0.823
breathtaking:0.82
intellectual:0.81825
art:0.814
talky:0.81125
visceral:0.8095
melancholy:0.79975
visually appealing:0.79225
obsession:0.74975
weird:0.74475
visual:0.73825
cinematography:0.73575
affectionate:0.7285
narrated:0.728
artist:0.72175
original:0.718
stylish:0.7125
poetry:0.7005
non-linear:0.7
french:0.6975
surreal:0.6815
philosophical:0.679
artsy:0.6705
ironic:0.66825
loneliness:0.65725
france:0.65275
quirky:0.64
lyrical:0.62975
life philosophy:0.625
storytelling:0.619
unusual plot structure:0.61725
dreamlike:0.6155
off-beat comedy:0.615
oscar (best foreign language film):0.6095
imdb top 250:0.6075
relationships:0.6065
absurd:0.605
nocturnal:0.5955
gangsters:0.59475
atmospheric:0.5865
dialogue:0.5835
photography:0.5745
pornography:0.5745
grindhouse:0.56225
colourful:0.55825
visually stunning:0.557
runaway:0.54825
creativity:0.54675
surrealism:0.5465
light:0.545
pretentious:0.543
culture clash:0.54025
witty:0.54025
cynical:0.53975
beautiful scenery:0.5385
suprisingly clever:0.53825
perfect:0.533
art house:0.52575
paris:0.51825
complex:0.5145
passionate:0.50275
very interesting:0.502
social commentary:0.5005
good soundtrack:0.49875
crime gone awry:0.49875
psychedelic:0.49325
allegory:0.49225
sexy:0.48875
bizarre:0.4815
entirely dialogue:0.4805
nonlinear:0.47275
classic car:0.46925
strange:0.468
bleak:0.4655
imagination:0.46425
beautiful:0.45575
boring!:0.45425
lynch:0.454
silent:0.45125
whimsical:0.4445
life & death:0.44275
distopia:0.438
catastrophe:0.435
great ending:0.43125
love story:0.41875
downbeat:0.418
twists & turns:0.41575
