based on a tv show:0.97775
franchise:0.92275
ninja:0.92175
original:0.8765
predictable:0.86675
fantasy:0.745
special effects:0.74375
pointless:0.74225
family:0.724
fight scenes:0.7215
series:0.7
action:0.69825
bad plot:0.687
space:0.6525
silly fun:0.6435
giant robots:0.63775
horrible:0.61475
bad cgi:0.597
destiny:0.587
dialogue:0.5855
overrated:0.5835
mentor:0.58325
disaster:0.56
first contact:0.55525
violence:0.5525
pulp:0.55175
cars:0.5455
adventure:0.52925
goofy:0.52925
brutality:0.52575
fantasy world:0.52125
redemption:0.5135
island:0.5125
vengeance:0.50275
natural disaster:0.49525
childhood:0.495
clones:0.49325
weapons:0.483
great ending:0.476
adapted from:comic:0.4715
so bad it's funny:0.469
computer animation:0.46075
action packed:0.46025
multiple storylines:0.446
wizards:0.43575
entirely dialogue:0.4325
slapstick:0.424
cool:0.42025
adaptation:0.41675
teens:0.41575
stupid as hell:0.41525
catastrophe:0.395
nudity (topless - notable):0.39425
teen:0.39225
dreamlike:0.388
jungle:0.3875
romance:0.38575
teen movie:0.3835
unusual plot structure:0.3835
too long:0.383
bad:0.37975
dysfunctional family:0.37475
sci fi:0.37325
death:0.373
lame:0.369
dinosaurs:0.3645
cult film:0.36325
runaway:0.3605
submarine:0.3595
futuristic:0.358
intense:0.356
shallow:0.35575
crude humor:0.355
light:0.35325
magic:0.3495
nocturnal:0.34675
justice:0.34575
gangsters:0.344
superheroes:0.3435
martial arts:0.34325
boring:0.3425
violent:0.34125
alien:0.34
storytelling:0.33975
story:0.33725
cheesy:0.336
greed:0.336
animals:0.3345
stupid:0.33425
based on a book:0.3305
complex:0.33
stupidity:0.32975
pornography:0.32575
crappy sequel:0.324
alter ego:0.32325
chase:0.3225
culture clash:0.316
science fiction:0.315
surreal:0.31225
sacrifice:0.312
