documentary:0.9
political:0.82425
greed:0.70475
criterion:0.673
original:0.6405
politics:0.62125
spelling bee:0.59325
drinking:0.58225
free to download:0.57
so bad it's funny:0.5675
movielens top pick:0.528
fascism:0.46175
guilt:0.44775
mentor:0.43725
made for tv:0.41
catastrophe:0.40875
world politics:0.406
artist:0.405
internet:0.3925
life & death:0.389
talky:0.387
betrayal:0.38675
life philosophy:0.36875
macabre:0.34875
melancholic:0.33575
pornography:0.32875
great ending:0.32525
intimate:0.32225
manipulation:0.312
teleportation:0.312
culture clash:0.30425
not funny:0.303
bollywood:0.297
good:0.29375
suprisingly clever:0.29025
dialogue:0.29
classic car:0.28475
intellectual:0.284
beautifully filmed:0.2835
communism:0.28275
musicians:0.2825
writers:0.282
brutality:0.282
rock and roll:0.27725
adapted from:book:0.257
photography:0.25225
nudity (full frontal - brief):0.2485
disturbing:0.247
animal movie:0.2465
beautiful scenery:0.2425
hospital:0.24125
fantasy world:0.23975
violence:0.2395
enigmatic:0.23775
good sequel:0.23325
great:0.22625
video game:0.223
canada:0.2225
fight scenes:0.219
dolphins:0.21825
corporate america:0.2165
environment:0.21525
entirely dialogue:0.20975
biographical:0.2075
satirical:0.2045
reflective:0.204
queer:0.20325
death:0.201
downbeat:0.20075
death penalty:0.2005
runaway:0.2
journalism:0.198
adaptation:0.19575
weird:0.195
cuba:0.1945
bad plot:0.19225
costume drama:0.192
too long:0.18
romance:0.18
storytelling:0.1785
very funny:0.17725
assassination:0.17625
sexualized violence:0.176
cult film:0.17425
lone hero:0.174
first contact:0.17325
black comedy:0.173
environmental:0.17175
clever:0.17075
stylized:0.17075
immigrants:0.17025
unlikely friendships:0.17
overrated:0.16925
foreign:0.16725
allegory:0.1665
twists & turns:0.16375
new jersey:0.16075
dysfunctional family:0.15775
splatter:0.1575
obsession:0.15675
