talking animals:0.98525
animation:0.979
animated:0.97575
dog:0.97
dogs:0.96075
kids and family:0.94825
cartoon:0.93475
animals:0.9105
computer animation:0.847
disney animated feature:0.81625
alaska:0.759
disney:0.756
animal movie:0.74225
original:0.65575
based on true story:0.643
good:0.628
family:0.628
great:0.6235
true story:0.57325
story:0.5325
cute:0.5265
cute!:0.484
adventure:0.48375
children:0.47725
heartwarming:0.47675
catastrophe:0.4455
childhood:0.4365
happy ending:0.43025
mentor:0.419
stereotypes:0.40575
redemption:0.385
underdog:0.36975
sweet:0.365
excellent:0.35325
great ending:0.3415
kids:0.33225
not funny:0.328
dialogue:0.322
culture clash:0.3205
beautiful scenery:0.318
based on a true story:0.314
greed:0.314
fun:0.3105
fun movie:0.298
suprisingly clever:0.28825
life philosophy:0.286
great movie:0.28575
adaptation:0.28525
dramatic:0.28475
predictable:0.28225
runaway:0.2775
fairy tale:0.27475
creativity:0.27225
storytelling:0.271
inspirational:0.2695
touching:0.26775
betrayal:0.26475
underrated:0.264
lone hero:0.26075
prejudice:0.2565
transformation:0.25625
courage:0.25475
good soundtrack:0.25175
unusual plot structure:0.2505
clever:0.2485
feel-good:0.24025
first contact:0.23725
pulp:0.23475
wilderness:0.2345
stylized:0.23325
jungle:0.23275
chase:0.23075
drama:0.23025
unfunny:0.2275
bad plot:0.226
overrated:0.22275
too short:0.22075
brutality:0.22075
interracial romance:0.219
entirely dialogue:0.217
romance:0.21575
lions:0.21525
entertaining:0.214
fight scenes:0.2135
great acting:0.212
light:0.209
nudity (full frontal - brief):0.20725
visually stunning:0.20475
oscar (best animated feature):0.20425
police investigation:0.20325
destiny:0.20325
feel good movie:0.20225
unlikely friendships:0.20075
pornography:0.2
visually appealing:0.19975
dreamworks:0.19925
justice:0.198
historical:0.19725
very funny:0.19675
adapted from:book:0.19675
