horror:0.99475
slasher:0.98775
scary:0.969
predictable:0.8855
sequels:0.883
horrible:0.87625
good sequel:0.87275
teen movie:0.86225
original:0.844
teens:0.83375
suspense:0.828
natural disaster:0.795
sequel:0.7705
fun movie:0.76975
franchise:0.7485
stupid:0.7465
lame:0.742
bad plot:0.7315
pointless:0.708
bad acting:0.69375
twist ending:0.6675
island:0.6615
crappy sequel:0.65825
so bad it's funny:0.6385
death:0.59025
teen:0.58225
idiotic:0.582
bad:0.577
stupid as hell:0.55925
splatter:0.55225
great ending:0.53025
overrated:0.51975
dialogue:0.51025
suspenseful:0.5095
sexy:0.50575
nudity (topless - notable):0.49925
bad script:0.49125
halloween:0.485
bad ending:0.47725
gory:0.477
silly:0.47475
twists & turns:0.47125
goofy:0.46775
big budget:0.4635
stereotypes:0.46275
family:0.46225
catastrophe:0.462
mentor:0.459
chase:0.45075
violence:0.44275
love:0.435
revenge:0.432
bad cgi:0.42575
good:0.41775
bloody:0.41775
dynamic cgi action:0.41625
stupidity:0.4155
stranded:0.414
ridiculous:0.40475
murder:0.4045
plot twist:0.4
writers:0.399
fun:0.388
destiny:0.38575
awful:0.38525
first contact:0.37975
fight scenes:0.3745
brutality:0.372
cheesy:0.37125
disaster:0.36925
plot holes:0.36875
story:0.367
shallow:0.3625
action:0.3605
silly fun:0.359
not as good as the first:0.35875
special effects:0.356
not funny:0.3545
werewolves:0.3485
based on a book:0.3445
entirely dialogue:0.34375
survival:0.34025
entertaining:0.335
adaptation:0.334
fantasy world:0.3215
pg-13:0.32025
runaway:0.3195
original plot:0.314
boring:0.3135
life philosophy:0.3085
vengeance:0.30725
80s:0.30225
monster:0.29925
weapons:0.29875
pornography:0.2955
camp:0.2925
imdb top 250:0.2915
intense:0.2895
clever:0.28925
dreams:0.2885
