dark humor:0.95225
original:0.9445
weird:0.93
imagination:0.917
loneliness:0.91175
life & death:0.89975
surreal:0.8895
wilderness:0.8375
dark comedy:0.8365
cult film:0.82675
black comedy:0.8205
absurd:0.7935
insanity:0.7845
surrealism:0.78175
allegory:0.779
poignant:0.7755
narrated:0.77075
depression:0.7605
solitude:0.75825
off-beat comedy:0.7465
goofy:0.7435
destiny:0.735
existentialism:0.7335
indie:0.72825
meditative:0.722
quirky:0.6965
breathtaking:0.69375
creativity:0.692
storytelling:0.68975
oscar (best directing):0.68225
whimsical:0.67875
life:0.67575
good soundtrack:0.6715
hallucinatory:0.67
intellectual:0.66625
strange:0.665
great ending:0.65675
obsession:0.65425
enigmatic:0.654
death:0.648
intimate:0.6435
cult:0.63325
pointless:0.63175
suicide attempt:0.6255
macabre:0.62375
free speech:0.60625
character study:0.59775
beautifully filmed:0.59425
cynical:0.5895
mental illness:0.58475
cult classic:0.57825
suprisingly clever:0.578
oscar (best foreign language film):0.577
melancholy:0.5765
cerebral:0.576
touching:0.57275
fantasy world:0.569
stoner movie:0.566
isolation:0.5595
social commentary:0.55625
grindhouse:0.55375
psychological:0.5475
scenic:0.544
desert:0.54375
crazy:0.543
bleak:0.53925
bizarre:0.535
passionate:0.535
dreams:0.53125
oscar:0.531
multiple storylines:0.53025
suicide:0.52925
cinematography:0.52825
affectionate:0.5215
honest:0.5165
criterion:0.51425
independent film:0.5105
disturbing:0.5105
nudity (full frontal - notable):0.50725
runaway:0.50125
golden palm:0.49825
transformation:0.4975
mentor:0.48675
life philosophy:0.48475
humanity:0.48025
stylized:0.475
cathartic:0.47425
satire:0.4735
philosophical:0.4715
dialogue:0.47075
clever:0.468
great:0.46425
melancholic:0.46375
suburbia:0.46275
movielens top pick:0.462
artistic:0.45475
special:0.454
childhood:0.452
stand-up comedy:0.451
dreamlike:0.449
