biblical:0.99825
god:0.99675
religion:0.93025
story:0.92425
mythology:0.9235
fantasy:0.9075
visually stunning:0.90275
visually appealing:0.88475
christianity:0.8785
christian:0.874
based on a book:0.87125
visual:0.8705
storytelling:0.86225
big budget:0.8485
bad cgi:0.8355
islam:0.826
special effects:0.8185
original:0.81025
jesus:0.778
emma watson:0.7685
natural disaster:0.76375
first contact:0.75575
fantasy world:0.731
sci fi:0.72425
dark fantasy:0.71525
humanity:0.7015
catastrophe:0.6975
visuals:0.68725
allegory:0.676
sacrifice:0.6725
cinematography:0.66725
fairy tale:0.66375
science fiction:0.63525
pg-13:0.63425
cgi:0.62475
predictable:0.613
adaptation:0.60425
epic:0.6005
technology:0.588
plot holes:0.5855
scifi:0.57925
redemption:0.56675
atheism:0.56575
dialogue:0.564
creativity:0.55975
great ending:0.55625
sci-fi:0.55175
alone in the world:0.55125
apocalypse:0.54325
destiny:0.53475
family:0.532
imagination:0.5305
high fantasy:0.5185
futuristic:0.514
stunning:0.5075
absurd:0.506
end of the world:0.504
greed:0.50275
dystopia:0.5
dark:0.49175
survival:0.48475
parallel universe:0.48275
long:0.48225
betrayal:0.46825
shallow:0.46325
horrible:0.46175
plot:0.459
intense:0.4565
good versus evil:0.44975
beautiful scenery:0.4465
transformation:0.43925
pointless:0.43875
brutality:0.4355
writers:0.43475
life & death:0.43325
magic:0.4325
animals:0.429
so bad it's funny:0.42825
thought-provoking:0.42625
dynamic cgi action:0.42475
bad plot:0.4225
weird:0.4215
effects:0.421
dysfunctional family:0.42075
dramatic:0.42
science:0.41825
suspense:0.415
bad acting:0.41425
complex:0.4115
judaism:0.41075
adapted from:book:0.4075
great acting:0.404
fight scenes:0.40325
action:0.40075
adventure:0.399
post apocalyptic:0.39775
cerebral:0.39125
disaster:0.38575
mentor:0.38475
true story:0.38325
