gangster:0.98075
criterion:0.97375
mafia:0.96475
gangsters:0.96175
powerful ending:0.9185
gritty:0.90575
mob:0.8925
brutality:0.8865
hit men:0.8695
grim:0.84425
london:0.80275
british:0.79675
stylish:0.793
harsh:0.783
bleak:0.77225
crime gone awry:0.77025
violence:0.76675
original:0.7525
greed:0.747
organized crime:0.7255
betrayal:0.71775
anti-hero:0.715
violent:0.70625
stylized:0.706
crime:0.70525
great acting:0.696
excellent script:0.68375
great:0.67775
affectionate:0.6575
complex:0.6565
forceful:0.65175
great ending:0.6475
murder:0.63575
complex characters:0.61925
oscar (best directing):0.613
gangs:0.611
talky:0.6045
interesting:0.603
corruption:0.6005
character study:0.59475
england:0.5825
downbeat:0.57075
brutal:0.56925
culture clash:0.5645
dialogue:0.5635
police corruption:0.54775
runaway:0.54675
clever:0.54675
oscar (best actress):0.54425
golden palm:0.54425
narrated:0.54175
drama:0.538
bloody:0.531
good soundtrack:0.52925
sexy:0.518
moral ambiguity:0.516
unusual plot structure:0.516
nudity (topless):0.51125
assassination:0.5105
cinematography:0.509
great movie:0.495
bombs:0.4935
1980s:0.4915
hotel:0.4895
witty:0.4885
twists & turns:0.48825
atmospheric:0.48225
social commentary:0.48075
nostalgic:0.48
1970s:0.47925
reflective:0.47025
dark humor:0.467
enigmatic:0.46475
tense:0.46425
mentor:0.45925
imdb top 250:0.452
gunfight:0.4415
entirely dialogue:0.43925
maze:0.43625
revenge:0.43425
excellent:0.43425
british comedy:0.4335
nocturnal:0.4285
classic:0.41925
catastrophe:0.41475
very interesting:0.411
movielens top pick:0.40975
storytelling:0.40825
oscar (best supporting actress):0.408
melancholic:0.40275
drinking:0.4
great soundtrack:0.39875
redemption:0.39675
caper:0.39575
obsession:0.3915
adaptation:0.391
gratuitous violence:0.38875
suprisingly clever:0.38825
assassin:0.38325
police investigation:0.3795
