scifi cult:1.0
mars:0.99875
space:0.997
science fiction:0.99525
scifi:0.995
astronauts:0.9935
space travel:0.99225
sci-fi:0.989
sci fi:0.9865
first contact:0.95725
space opera:0.9525
special effects:0.9465
space program:0.94475
bad science:0.938
big budget:0.93175
science:0.93075
nasa:0.92275
alien:0.9025
future:0.8565
technology:0.8465
catastrophe:0.79875
visually stunning:0.77875
end of the world:0.76925
original:0.764
futuristic:0.7615
death:0.75475
horrible:0.75225
intelligent sci-fi:0.74025
dialogue:0.739
plot holes:0.73575
alternate reality:0.73225
natural disaster:0.72025
bad ending:0.69525
predictable:0.695
bad plot:0.694
aliens:0.6875
lame:0.68075
visually appealing:0.65775
lone hero:0.6555
so bad it's funny:0.648
bad acting:0.6425
disaster:0.62825
visual:0.6245
great ending:0.62225
stranded:0.62175
cerebral:0.62025
awful:0.6075
bad cgi:0.58725
apocalypse:0.5855
clones:0.579
story:0.56175
bad script:0.5605
effects:0.556
pointless:0.5395
mentor:0.53725
plot:0.53325
product placement:0.53225
existentialism:0.53175
cloning:0.5075
adventure:0.50725
storytelling:0.50425
stupid:0.504
suspense:0.502
genetics:0.501
stupidity:0.49525
destiny:0.493
dynamic cgi action:0.4885
visuals:0.48225
writers:0.479
action:0.46525
god:0.45625
solitude:0.452
good:0.45175
carrie-anne moss:0.448
survival:0.444
idiotic:0.442
life philosophy:0.436
humanity:0.4245
entirely dialogue:0.4225
silly fun:0.41325
creativity:0.4125
life & death:0.40525
script:0.40475
dystopia:0.39625
cheesy:0.39125
70mm:0.3885
transformation:0.384
great:0.3815
fantasy:0.37925
bad:0.376
enigmatic:0.375
dinosaurs:0.37425
nudity (topless - notable):0.37225
better than expected:0.3715
silly:0.36925
redemption:0.36925
dystopic future:0.3635
robot:0.362
dramatic:0.35875
chase:0.3565
