vampires:0.996
vampire:0.9915
splatter:0.9605
horror:0.922
fun movie:0.9065
goth:0.86925
demons:0.84625
gory:0.80525
blood:0.80075
awesome soundtrack:0.79525
nudity (topless):0.76775
campy:0.745
goofy:0.706
original:0.6955
bloody:0.65275
nudity:0.63225
violence:0.6275
based on a comic:0.62625
silly fun:0.62275
silly:0.6045
humorous:0.58025
cheesy:0.5615
sexy:0.561
fun:0.548
macabre:0.517
cult classic:0.5055
brutality:0.47575
weird:0.462
cult film:0.457
scary:0.45675
very funny:0.45325
entertaining:0.4525
comedy:0.4495
gratuitous violence:0.4375
predictable:0.43125
mentor:0.431
camp:0.43
gothic:0.425
great ending:0.41825
twist ending:0.41475
great:0.411
mad scientist:0.41025
adaptation:0.401
parody:0.39825
gore:0.3965
special effects:0.3915
sexualized violence:0.39125
good soundtrack:0.38825
grindhouse:0.38775
catastrophe:0.3855
teens:0.378
mummy:0.37475
funny:0.374
nocturnal:0.373
funny as hell:0.3685
nudity (topless - notable):0.367
dialogue:0.35775
so bad it's funny:0.35775
gruesome:0.348
transformation:0.34775
graphic novel:0.3445
fight scenes:0.344
bad acting:0.3405
monster:0.34
censorship:0.33225
bad plot:0.32725
goretastic:0.3265
life philosophy:0.3215
oscar winner:0.31775
vengeance:0.315
death:0.31425
zombie:0.3135
teen movie:0.31125
not funny:0.3095
storytelling:0.3065
good:0.306
lone hero:0.304
melancholic:0.30175
cool:0.3015
excellent script:0.2955
first contact:0.2945
pulp:0.2945
absurd:0.29275
nudity (full frontal - brief):0.29275
quirky:0.29025
violent:0.288
great acting:0.28525
prostitution:0.28325
overrated:0.2765
pornography:0.2765
slapstick:0.2745
low budget:0.2715
chase:0.26525
story:0.2645
redemption:0.263
destiny:0.261
entirely dialogue:0.25575
slasher:0.25525
satirical:0.2535
corruption:0.25275
