independent film:0.96475
relationships:0.94075
based on a play:0.9065
new york city:0.90475
loneliness:0.8475
new york:0.8455
gay:0.8435
moral ambiguity:0.83375
character study:0.8255
intimate:0.80175
talky:0.73925
original:0.72575
good soundtrack:0.6715
glbt:0.627
realistic:0.625
secrets:0.6115
indie:0.605
intellectual:0.59025
life philosophy:0.569
solitude:0.5685
depression:0.568
dysfunctional family:0.565
passionate:0.564
gay character:0.55975
dramatic:0.54875
drama:0.54725
writers:0.53
betrayal:0.52925
social commentary:0.5225
pg-13:0.51875
artistic:0.5125
criterion:0.51
mentor:0.50975
golden palm:0.5065
crime gone awry:0.501
destiny:0.50025
entirely dialogue:0.4905
dialogue driven:0.48825
exceptional acting:0.481
homosexuality:0.47475
artist:0.469
multiple storylines:0.4635
complex:0.463
bleak:0.46125
gangsters:0.45725
melancholic:0.45275
existentialism:0.45125
drinking:0.44825
friendship:0.436
enigmatic:0.43325
queer:0.43
great ending:0.42875
great acting:0.422
adaptation:0.42125
tricky:0.42
harsh:0.416
adultery:0.41375
redemption:0.41325
good acting:0.40425
jewish:0.40275
writing:0.40225
interesting:0.40175
catastrophe:0.40175
gritty:0.40125
cinematography:0.4005
culture clash:0.3935
intense:0.39325
good:0.39275
dialogue:0.3875
pornography:0.38
nocturnal:0.3785
unlikely friendships:0.3775
homophobia:0.3745
good dialogue:0.37425
visually appealing:0.374
cerebral:0.36825
not funny:0.36725
marriage:0.36425
infidelity:0.364
pretentious:0.36275
clever:0.36275
justice:0.35925
storytelling:0.35775
reflective:0.35775
corruption:0.35725
aids:0.355
stereotypes:0.3445
tragedy:0.34375
journalism:0.342
drugs:0.34
ethnic conflict:0.339
movielens top pick:0.33775
stylized:0.3325
underrated:0.331
erotic:0.33025
oscar (best supporting actress):0.32975
complicated:0.3285
witty:0.3265
very interesting:0.32625
suprisingly clever:0.325
