depression:0.9885
loneliness:0.9565
independent film:0.897
relationships:0.89375
dysfunctional family:0.88775
depressing:0.8595
drinking:0.84125
small town:0.78725
liv tyler:0.7695
dark humor:0.765
melancholic:0.73875
bleak:0.69925
writers:0.692
original:0.65825
life:0.60625
indie:0.594
bittersweet:0.56525
dark comedy:0.56025
life philosophy:0.55675
pornography:0.55475
brutality:0.549
grim:0.5315
weed:0.52625
honest:0.50725
cancer:0.49225
stoner movie:0.48325
suicide:0.48225
hospital:0.47475
death:0.465
quirky:0.46425
drugs:0.464
drug abuse:0.4605
suicide attempt:0.45725
addiction:0.4565
talky:0.45575
poignant:0.455
criterion:0.45375
melancholy:0.451
cinematography:0.44625
nudity (full frontal - notable):0.4415
male nudity:0.43775
pointless:0.436
redemption:0.4325
directorial debut:0.42875
golden palm:0.42725
suburbia:0.42625
parenthood:0.424
great ending:0.418
catastrophe:0.41075
road movie:0.4055
mentor:0.39775
storytelling:0.39475
reflective:0.3875
multiple storylines:0.38525
weird:0.382
intimate:0.382
harsh:0.378
character study:0.37775
emotional:0.376
dialogue:0.375
greed:0.36175
unlikeable characters:0.3535
mental illness:0.35275
good soundtrack:0.35225
sad:0.3495
drug addiction:0.3455
social commentary:0.3415
complex:0.33775
runaway:0.33525
adaptation:0.32925
crime gone awry:0.32925
great acting:0.326
ironic:0.32225
thought-provoking:0.3195
dreams:0.31925
disturbing:0.3135
childhood:0.308
midlife crisis:0.3075
stylized:0.30725
entirely dialogue:0.3055
new jersey:0.288
downbeat:0.288
road trip:0.28725
lone hero:0.2855
nudity (full frontal):0.28525
alcoholism:0.28375
nocturnal:0.2815
solitude:0.27925
boring!:0.2775
touching:0.2775
nudity (topless - notable):0.2765
oscar (best directing):0.27625
good:0.27425
absurd:0.2705
existentialism:0.2705
not funny:0.2675
destiny:0.267
drama:0.26575
fantasy world:0.26525
happy ending:0.2645
