nudity (topless - notable):0.97125
women:0.96725
sexual:0.94975
strippers:0.9025
sex:0.87
nudity (topless):0.8655
pornography:0.84775
lesbian:0.798
sexy:0.796
relationships:0.79175
nudity:0.78675
sexuality:0.68275
erotic:0.6035
friendship:0.588
original:0.57425
nudity (full frontal - notable):0.56275
nudity (full frontal - brief):0.55475
corruption:0.5535
very interesting:0.52125
catastrophe:0.488
notable nudity:0.483
very funny:0.48075
chick flick:0.4675
obsession:0.43775
unlikely friendships:0.437
teen movie:0.41425
mentor:0.41025
good soundtrack:0.39075
bdsm:0.38775
great ending:0.38675
teen:0.38475
intimate:0.37375
dialogue:0.355
censorship:0.34975
male nudity:0.34925
culture clash:0.34025
melancholic:0.33625
reflective:0.3265
runaway:0.324
secrets:0.3195
childhood:0.316
storytelling:0.31175
good:0.30875
teens:0.306
writers:0.30175
criterion:0.3
unfunny:0.2975
honest:0.297
drinking:0.29225
stylized:0.287
fantasy:0.285
courage:0.28225
great:0.27275
fight scenes:0.272
sexualized violence:0.27
not funny:0.27
enigmatic:0.2665
suprisingly clever:0.26325
foul language:0.262
entirely dialogue:0.26025
funny:0.25725
so bad it's funny:0.257
brutality:0.25625
first contact:0.255
dreams:0.255
voyeurism:0.2545
fantasy world:0.25225
boring:0.249
marriage:0.24875
weird:0.2455
shallow:0.24475
girlie movie:0.24025
controversial:0.239
loneliness:0.23775
adaptation:0.2375
lone hero:0.236
bad ending:0.2355
vengeance:0.23425
visually appealing:0.2335
adapted from:book:0.23275
virginity:0.2315
talky:0.22625
dreamlike:0.226
classic car:0.22525
passionate:0.22525
natural disaster:0.2225
excellent script:0.2195
multiple storylines:0.21875
crude humor:0.21875
nudity (full frontal):0.21725
police investigation:0.21725
predictable:0.21575
murder:0.215
better than expected:0.21275
adolescence:0.2105
social commentary:0.21
alter ego:0.21
pg-13:0.20975
workplace:0.20425
oscar:0.203
