sci fi:0.93775
classic:0.92925
scifi:0.927
criterion:0.9175
cult classic:0.901
horror:0.90025
monster:0.8855
sci-fi:0.868
science fiction:0.8465
small town:0.81675
fun movie:0.81225
original:0.8005
special effects:0.7985
1950s:0.79025
low budget:0.7895
campy:0.74925
remade:0.686
effects:0.663
monsters:0.655
goofy:0.655
creepy:0.651
mad scientist:0.6445
teens:0.63925
mars:0.63475
cult film:0.609
80s:0.59925
suspense:0.58925
scary:0.577
camp:0.57125
space:0.5685
fun:0.55675
suspenseful:0.5405
alien:0.53475
teen movie:0.53275
great ending:0.528
stop motion:0.5235
dialogue:0.51875
so bad it's funny:0.5095
cult:0.50525
doctors:0.49925
transformation:0.4955
life & death:0.4935
story:0.4925
catastrophe:0.4915
spiders:0.48725
weapons:0.483
atmospheric:0.48
allegory:0.472
chase:0.4675
teen:0.466
paranoia:0.45675
nostalgic:0.45
mentor:0.4485
first contact:0.439
cool:0.42675
cheesy:0.42025
grindhouse:0.41125
silly:0.41125
island:0.4035
zombie:0.40175
not funny:0.40075
teenager:0.39825
light:0.39725
ominous:0.39125
splatter:0.38125
hospital:0.3795
frightening:0.37925
runaway:0.37875
remake:0.3665
good soundtrack:0.36475
good:0.36425
paranoid:0.35925
predictable:0.35725
simple:0.35675
childhood:0.351
weird:0.34725
demons:0.3455
great:0.344
teenagers:0.3425
aliens:0.33425
police investigation:0.33275
death:0.32725
adaptation:0.32525
talky:0.319
quotable:0.31375
original plot:0.3125
earnest:0.31225
melancholic:0.31025
tense:0.308
great movie:0.3045
imdb top 250:0.3035
violence:0.30325
storytelling:0.302
oscar (best effects - visual effects):0.30125
eerie:0.29825
social commentary:0.29725
unusual plot structure:0.29675
culture clash:0.294
gunfight:0.2935
classic car:0.29175
