russian:0.96525
social commentary:0.9585
criterion:0.9505
masterpiece:0.93325
satire:0.90125
dog:0.88975
allegory:0.86825
satirical:0.853
intellectual:0.84875
based on a book:0.84825
imdb top 250:0.82825
narrated:0.7805
based on book:0.7695
idealism:0.75025
bleak:0.74075
political:0.7305
greed:0.72775
great acting:0.72375
cold war:0.72175
oscar (best directing):0.7205
adaptation:0.7055
obsession:0.70525
cerebral:0.70025
excellent script:0.68825
historical:0.67175
black and white:0.665
oscar (best actress):0.6545
life philosophy:0.65425
philosophical:0.64825
destiny:0.63625
dramatic:0.6355
enigmatic:0.63325
communism:0.63275
talky:0.6315
russia:0.62275
original:0.61875
adapted from:book:0.61775
oscar (best foreign language film):0.61525
clever:0.608
classic:0.60625
interesting:0.586
runaway:0.58525
storytelling:0.5785
downbeat:0.565
powerful ending:0.565
suprisingly clever:0.56325
catastrophe:0.562
1920s:0.56075
culture clash:0.55625
weird:0.555
beautiful scenery:0.55275
reflective:0.5515
philosophy:0.55125
stylized:0.5505
unusual plot structure:0.54175
civil war:0.54125
very interesting:0.53625
very funny:0.53175
excellent:0.53175
oscar (best actor):0.528
oscar (best supporting actress):0.527
distopia:0.518
great:0.51525
mentor:0.51425
ethnic conflict:0.51325
movielens top pick:0.512
quotable:0.51175
free to download:0.51
good:0.4995
paranoia:0.499
revolution:0.49775
great ending:0.492
justice:0.487
tragedy:0.4855
good soundtrack:0.483
book:0.48125
melancholy:0.48
imagination:0.479
photography:0.47375
witty:0.469
history:0.466
absurd:0.4645
psychiatry:0.4605
foreign:0.45875
books:0.458
humanity:0.4575
oscar winner:0.45675
corruption:0.44925
great movie:0.448
creativity:0.44775
whimsical:0.44725
good acting:0.4455
atmospheric:0.44125
art:0.44125
literature:0.43425
insanity:0.43375
earnest:0.4335
finnish:0.4315
intelligent:0.43075
brainwashing:0.43025
