corruption:0.9545
action:0.951
undercover cop:0.94575
fun movie:0.87725
buddy movie:0.87025
fast paced:0.85525
good action:0.852
action packed:0.84425
entertaining:0.8125
conspiracy:0.8085
based on a comic:0.8055
drugs:0.78775
twists & turns:0.784
chase:0.75825
bank robbery:0.75375
plot:0.731
heist:0.73025
betrayal:0.7205
original:0.69725
cia:0.67475
gunfight:0.65875
dialogue:0.63975
car chase:0.6275
mentor:0.61275
violence:0.612
fun:0.608
gangsters:0.60025
revenge:0.594
greed:0.593
great ending:0.59225
organized crime:0.576
guns:0.573
police corruption:0.572
pg-13:0.55625
cool:0.553
predictable:0.55025
fight scenes:0.53925
vengeance:0.52825
comedy:0.52225
good:0.50625
story:0.49275
silly fun:0.4905
justice:0.48975
hitman:0.455
great:0.451
life philosophy:0.4465
nudity (topless):0.44275
violent:0.4425
better than expected:0.43275
brutality:0.429
good soundtrack:0.42875
catastrophe:0.41475
torture:0.41025
humor:0.407
clever:0.40675
adapted from:comic:0.40625
military:0.4015
so bad it's funny:0.3995
arms dealer:0.39675
kidnapping:0.39475
stylish:0.3935
absurd:0.391
assassination:0.386
thriller:0.38425
explosions:0.37875
bad ending:0.37725
secrets:0.37675
silly:0.37325
crime:0.37275
runaway:0.37025
very funny:0.36725
anti-hero:0.3665
not funny:0.36075
no plot:0.36
storytelling:0.359
money:0.35625
weapons:0.3505
stylized:0.345
lone hero:0.33875
robbery:0.338
twist:0.33575
entirely dialogue:0.3335
adaptation:0.3335
great acting:0.33125
murder:0.3275
nudity (full frontal - brief):0.327
police investigation:0.327
suspense:0.32475
spy:0.3165
funny:0.31425
mob:0.31325
pornography:0.30575
unfunny:0.30525
based on comic:0.30025
exciting:0.29775
good dialogue:0.29375
sexy:0.2925
complex:0.29025
fbi:0.29
plot twist:0.2825
