bleak:0.85
intense:0.82975
brutality:0.791
violence:0.78225
original:0.78
small town:0.77925
drama:0.76775
violent:0.76625
new jersey:0.7635
revenge:0.72825
great acting:0.7175
gritty:0.71475
great ending:0.7055
drinking:0.69825
story:0.6875
vengeance:0.67425
cinematography:0.66075
harsh:0.64975
dramatic:0.644
dialogue:0.6415
complex:0.64125
redemption:0.641
powerful ending:0.64
mentor:0.62
realistic:0.61625
corruption:0.599
storytelling:0.599
depression:0.5865
crime:0.582
good acting:0.578
tragedy:0.5645
tense:0.5545
downbeat:0.5425
exceptional acting:0.53925
good soundtrack:0.53475
justice:0.53275
brutal:0.52225
social commentary:0.52125
survival:0.52125
slow:0.5135
drugs:0.50625
interesting:0.506
brothers:0.505
race issues:0.50275
twists & turns:0.499
dysfunctional family:0.4885
depressing:0.48825
allegory:0.48725
great:0.4835
crime gone awry:0.48275
betrayal:0.47825
predictable:0.47725
visceral:0.47325
stylized:0.47325
visually appealing:0.4685
happy ending:0.46275
underrated:0.45425
gangsters:0.452
prison:0.4485
pornography:0.44625
intimate:0.44625
death:0.4425
catastrophe:0.441
pointless:0.44025
sacrifice:0.43025
dark:0.42875
working class:0.4255
classic car:0.42275
character study:0.42175
good:0.41925
cerebral:0.413
family drama:0.4055
grim:0.39175
guilt:0.3905
independent film:0.38875
life philosophy:0.38725
family:0.38675
suspense:0.3865
slow paced:0.38375
greed:0.38075
oscar:0.3795
melancholic:0.37725
gambling:0.374
thriller:0.37375
not funny:0.3735
ensemble cast:0.37175
first contact:0.37125
entirely dialogue:0.3675
feel-good:0.36675
atmospheric:0.36325
complex characters:0.362
life & death:0.359
dark humor:0.35875
shallow:0.35825
plot holes:0.3575
honest:0.3535
quirky:0.34775
existentialism:0.34725
fight scenes:0.34425
plot twist:0.34175
