thriller:0.89
tense:0.88175
hitchcock:0.8815
lawyer:0.858
suspense:0.811
good:0.766
police investigation:0.7445
fun movie:0.7405
suspenseful:0.73775
chase:0.73125
original:0.73
entertaining:0.71075
runaway:0.6905
murder:0.687
lawyers:0.677
corruption:0.63075
great ending:0.62275
nudity (topless):0.62175
mentor:0.61125
detective:0.601
sexy:0.586
pg-13:0.58275
plot:0.56875
earnest:0.56625
destiny:0.562
predictable:0.561
nudity (full frontal - brief):0.5515
conspiracy:0.536
murder mystery:0.53475
clever:0.5325
dialogue:0.53125
twists & turns:0.52575
story:0.522
good action:0.514
secrets:0.51075
police:0.51075
silly fun:0.506
revenge:0.5015
classic car:0.48175
twist ending:0.47675
exciting:0.47425
interesting:0.473
unusual plot structure:0.4725
oscar winner:0.471
series:0.4685
fast paced:0.46525
excellent:0.4475
catastrophe:0.44725
pornography:0.446
light:0.44275
oscar (best supporting actress):0.4395
storytelling:0.42825
surveillance:0.428
fun:0.423
fantasy world:0.41975
girlie movie:0.4185
happy ending:0.41225
drama:0.41175
greed:0.41075
nudity (topless - notable):0.409
action:0.4035
adaptation:0.3995
culture clash:0.39225
plot holes:0.39225
intense:0.392
vengeance:0.391
heist:0.3865
court:0.38475
adventure:0.37075
first contact:0.368
not funny:0.3675
sci fi:0.36525
plot twist:0.36075
surprise ending:0.3585
imdb top 250:0.35725
oscar (best directing):0.35325
feel-good:0.35025
obsession:0.35
romantic:0.348
silly:0.3475
stylish:0.346
twist:0.34475
justice:0.34375
cinematography:0.33775
very interesting:0.3375
supernatural:0.33625
excellent script:0.33525
adapted from:book:0.33275
special effects:0.32675
lone hero:0.32625
life philosophy:0.3245
creativity:0.3235
crime:0.3185
very good:0.31825
crime gone awry:0.31425
courtroom:0.3115
weapons:0.31075
brutality:0.30925
whimsical:0.30775
underdog:0.30625
