werewolves:0.998
werewolf:0.99275
horror:0.97375
special effects:0.9295
serial killer:0.90325
cult classic:0.879
nudity (full frontal - notable):0.858
creepy:0.851
effects:0.833
tense:0.8145
nudity (full frontal):0.8145
original:0.794
suspense:0.752
violent:0.722
cult film:0.71375
atmospheric:0.709
great ending:0.70475
low budget:0.69925
scary:0.69025
suspenseful:0.674
dark:0.6665
monster:0.66025
80s:0.65925
transformation:0.65925
violence:0.65225
classic:0.64925
pornography:0.642
weird:0.639
goofy:0.63175
visceral:0.62225
dark humor:0.6175
frightening:0.6125
cult:0.602
grindhouse:0.5875
supernatural:0.57825
gory:0.57325
1980s:0.56425
splatter:0.54775
mythology:0.541
dialogue:0.53725
mentor:0.53325
police investigation:0.52775
monsters:0.5145
adaptation:0.514
murder:0.5095
camp:0.5005
eerie:0.5
great:0.49875
good:0.49275
stop motion:0.4905
quotable:0.48575
satirical:0.48
brutality:0.47825
great movie:0.47675
adapted from:book:0.47325
claustrophobic:0.472
blood:0.4655
bloody:0.46425
good soundtrack:0.46375
story:0.46375
gruesome:0.4595
slasher:0.44575
stylish:0.4455
demons:0.441
based on a book:0.43925
imdb top 250:0.4385
nocturnal:0.42475
affectionate:0.42375
franchise:0.42275
teens:0.41925
fun movie:0.41675
intense:0.411
oscar (best effects - visual effects):0.40675
gunfight:0.4035
catastrophe:0.4015
chase:0.39875
fantasy world:0.3955
overrated:0.39225
california:0.391
campy:0.38275
sexualized violence:0.38025
nudity:0.3785
strange:0.3755
based on book:0.36475
talky:0.36375
storytelling:0.36375
revenge:0.3615
macabre:0.36125
cinematography:0.36125
humorous:0.3605
criterion:0.3565
cool:0.3555
humor:0.3545
stylized:0.35325
spiders:0.34675
cheesy:0.34375
clever:0.34375
social commentary:0.34325
fun:0.33725
goretastic:0.336
