franchise:0.97875
monsters:0.96975
monster:0.9585
story:0.93725
special effects:0.92125
action:0.898
big budget:0.8825
original:0.8575
natural disaster:0.857
visually appealing:0.82775
dialogue:0.79875
military:0.7905
pg-13:0.78325
cgi:0.775
visually stunning:0.77325
fighting:0.7445
plot holes:0.74
sci fi:0.73975
mythology:0.73725
weapons:0.72875
superheroes:0.727
visual:0.72425
effects:0.71525
scifi:0.70375
fight scenes:0.69625
dynamic cgi action:0.689
super hero:0.67325
allegory:0.67025
free to download:0.6525
science fiction:0.64925
plot:0.64675
bad plot:0.64575
intense:0.64475
first contact:0.63925
epic:0.62925
technology:0.62875
bad cgi:0.62775
storytelling:0.625
survival:0.62075
predictable:0.6065
shallow:0.6015
disaster:0.5975
great ending:0.596
catastrophe:0.596
cinematography:0.5935
tokyo:0.5825
nuclear bomb:0.5815
humanity:0.5625
mutants:0.54625
superhero:0.5405
robots:0.533
apocalypse:0.53275
family:0.52825
visuals:0.52425
japan:0.5145
dinosaurs:0.51375
action packed:0.5085
transformation:0.5075
great:0.49975
cool:0.49775
mad scientist:0.49275
pointless:0.48975
adventure:0.48675
3d:0.48575
super-hero:0.48375
destiny:0.4825
silly:0.47775
so bad it's funny:0.47175
family drama:0.4705
exciting:0.4695
fast paced:0.46875
bad acting:0.46575
space:0.46425
mentor:0.46375
suspense:0.46325
script:0.45975
original plot:0.45525
san francisco:0.4475
fantasy world:0.44
chase:0.43825
giant robots:0.4365
betrayal:0.4295
life philosophy:0.428
anti-hero:0.41675
better than expected:0.41675
dark hero:0.4165
bad science:0.415
fun:0.4115
redemption:0.4075
alien:0.40125
end of the world:0.40025
futuristic:0.3905
sacrifice:0.39025
brutality:0.3855
parallel universe:0.3845
happy ending:0.383
good action:0.38125
not funny:0.3795
bad script:0.37575
god:0.3755
