parody:0.99925
spoof:0.99725
stupid:0.96675
silly fun:0.94125
lame:0.91125
product placement:0.9065
horrible:0.90525
stupidity:0.893
so bad it's funny:0.872
stupid as hell:0.8695
idiotic:0.85925
predictable:0.85825
pointless:0.8205
dumb but funny:0.80675
original:0.79725
awful:0.79325
comedy:0.77525
disaster:0.76225
humorous:0.71775
ridiculous:0.7055
funny as hell:0.6945
goofy:0.68425
silly:0.67925
writers:0.67825
dumb:0.6775
death:0.65225
bad:0.63125
slapstick:0.60125
fantasy world:0.5945
bad plot:0.5905
funny:0.58875
pg-13:0.584
crude humor:0.57875
shallow:0.57675
humor:0.537
overrated:0.52525
absurd:0.515
satirical:0.51275
catastrophe:0.508
mentor:0.50125
family:0.498
satire:0.4915
great ending:0.4775
gay:0.47425
destiny:0.454
unfunny:0.45175
teen movie:0.4485
very funny:0.44575
fun:0.43975
natural disaster:0.43775
superheroes:0.43225
bad acting:0.43225
nudity (topless - notable):0.42775
dialogue:0.42475
internet:0.4245
pornography:0.4235
franchise:0.423
splatter:0.4215
fantasy:0.418
fight scenes:0.4175
special effects:0.4135
bad ending:0.407
first contact:0.40425
gangsters:0.3945
redemption:0.3945
superhero:0.3915
fun movie:0.3845
brutality:0.3835
storytelling:0.38025
adaptation:0.37625
too long:0.3735
bad cgi:0.36925
saturday night live:0.368
reality tv:0.36575
super-hero:0.36175
justice:0.3605
crappy sequel:0.35075
waste of time:0.34825
boring:0.348
super hero:0.3385
happy ending:0.3385
entirely dialogue:0.3295
big budget:0.32725
scary:0.3225
life philosophy:0.3225
story:0.3215
violence:0.3195
quirky:0.31775
action:0.31525
stereotypes:0.3145
remake:0.314
chase:0.31025
nudity (full frontal - brief):0.302
weapons:0.299
sci fi:0.29875
teen:0.2975
whimsical:0.2955
god:0.295
lone hero:0.294
unusual plot structure:0.29375
