london:0.85075
serial killer:0.72475
action:0.7185
detective:0.70625
undercover cop:0.64825
police:0.61525
police corruption:0.565
original:0.55125
realistic action:0.54725
car chase:0.5095
queer:0.5025
brutality:0.497
police investigation:0.48475
fight scenes:0.477
fast paced:0.451
justice:0.44175
vigilantism:0.43725
mentor:0.4365
vigilante:0.4335
revenge:0.42575
not funny:0.42
british:0.41975
gangsters:0.405
violence:0.4005
catastrophe:0.39775
crime:0.3935
investigation:0.3925
predictable:0.378
chase:0.3585
surveillance:0.34225
so bad it's funny:0.339
corruption:0.33375
gritty:0.321
dialogue:0.31625
plot holes:0.2915
assassination:0.2865
murder:0.2825
good action:0.2785
better than expected:0.274
drama:0.27225
absurd:0.268
first contact:0.26775
vengeance:0.264
england:0.26275
story:0.26025
adaptation:0.2555
plot:0.2535
violent:0.25325
destiny:0.25275
kidnapping:0.25175
bad plot:0.24975
fantasy world:0.24825
great ending:0.2435
lone hero:0.24075
life philosophy:0.235
runaway:0.23375
natural disaster:0.22725
action packed:0.22425
grindhouse:0.2225
storytelling:0.218
entirely dialogue:0.21775
homeless:0.216
bad acting:0.21275
good:0.21275
twists & turns:0.21125
clever:0.21
weapons:0.206
stylish:0.20125
overrated:0.197
hunting:0.197
happy ending:0.18825
unfunny:0.1845
thriller:0.18375
british comedy:0.18025
pulp:0.176
stereotypes:0.1755
moral ambiguity:0.17525
new orleans:0.175
good soundtrack:0.1705
unusual plot structure:0.1695
brutal:0.16875
boring:0.16825
irish accent:0.16775
culture clash:0.1655
torture:0.165
crude humor:0.162
special effects:0.16075
drinking:0.16075
gay:0.16075
very funny:0.158
fbi:0.1575
classic car:0.1545
multiple storylines:0.153
quirky:0.1505
cerebral:0.1495
distopia:0.14925
great:0.14775
inspirational:0.14775
visually appealing:0.1475
satirical:0.14675
