loneliness:0.97475
relationships:0.9355
drama:0.9265
corporate america:0.9095
mentor:0.883
life philosophy:0.8715
complex:0.856
excellent script:0.8555
original:0.85425
honest:0.84675
business:0.84525
oscar (best supporting actress):0.83025
reflective:0.8
coming of age:0.789
great acting:0.7845
life:0.78275
social commentary:0.768
witty:0.7565
solitude:0.75225
philosophy:0.752
oscar:0.75025
feel-good:0.74125
interesting:0.73775
good soundtrack:0.73575
realistic:0.734
dramatic:0.733
road movie:0.72175
travel:0.7185
oscar (best actress):0.71675
greed:0.715
depression:0.69925
workplace:0.69875
good acting:0.69175
great ending:0.69125
melancholic:0.689
thought-provoking:0.68625
destiny:0.68625
existentialism:0.6835
pg-13:0.68325
clever:0.68225
bittersweet:0.681
emotional:0.68075
good:0.67925
character study:0.67775
love story:0.677
capitalism:0.66075
dialogue:0.6575
cinematography:0.65375
airport:0.6505
based on a book:0.64225
life & death:0.63725
california:0.63375
adapted from:book:0.63225
storytelling:0.62875
indie:0.625
independent film:0.6215
narrated:0.62075
oscar (best directing):0.61575
feel good movie:0.6115
unlikely friendships:0.6075
imdb top 250:0.6055
depressing:0.59975
drinking:0.59975
intense:0.58725
harsh:0.58275
intelligent:0.5825
oscar (best actor):0.581
internet:0.5785
talky:0.57575
technology:0.574
story:0.571
intimate:0.5665
happy ending:0.56325
hotel:0.561
philosophical:0.554
friendship:0.54625
self discovery:0.5435
romance:0.54325
redemption:0.54275
great movie:0.54225
oscar winner:0.54225
corruption:0.541
cerebral:0.536
suspense:0.53375
great:0.53175
sacrifice:0.52975
cheating:0.52525
poignant:0.52325
plot twist:0.5215
quirky:0.52125
romantic:0.5185
cool:0.516
heartbreaking:0.51325
based on book:0.5095
parenthood:0.50875
cynical:0.50725
tragedy:0.507
sarcasm:0.50125
psychology:0.499
great dialogue:0.497
