animation:0.9845
monsters:0.95875
father daughter relationship:0.92875
computer animation:0.89525
animated:0.89125
single father:0.88425
cartoon:0.83875
fun:0.80675
cute:0.79825
hotel:0.77925
kids:0.73625
fun movie:0.69525
children:0.6715
coming of age:0.67075
original:0.666
monster:0.663
funny:0.63875
creativity:0.62125
good:0.5985
story:0.59375
animals:0.5785
humanity:0.577
family:0.5695
goofy:0.5355
free to download:0.529
kids and family:0.528
catastrophe:0.52175
parallel universe:0.5205
fairy tale:0.5
mad scientist:0.4985
silly:0.49725
talking animals:0.49525
very funny:0.49025
comedy:0.482
crude humor:0.47775
childhood:0.46575
dialogue:0.4595
transformation:0.444
storytelling:0.44275
werewolf:0.438
destiny:0.43525
great:0.43225
fast paced:0.43
clever:0.427
cute!:0.42575
fantasy world:0.4225
adventure:0.4205
predictable:0.415
3d:0.40325
silly fun:0.391
mentor:0.38025
vampires:0.37675
good soundtrack:0.375
better than expected:0.3745
bad plot:0.37375
great ending:0.36725
entertaining:0.366
heartwarming:0.349
werewolves:0.34875
happy ending:0.336
pg-13:0.33475
romance:0.3335
suprisingly clever:0.33325
stereotypes:0.32775
simple:0.32625
humorous:0.32525
good versus evil:0.3225
feel good movie:0.321
original plot:0.32
unfunny:0.3195
weird:0.31825
runaway:0.317
witty:0.31675
disney:0.311
stop motion:0.308
visuals:0.3035
redemption:0.3005
teen movie:0.2995
not funny:0.29475
cgi:0.294
vampire:0.29175
life philosophy:0.2805
feel-good:0.2805
adaptation:0.2725
first contact:0.27125
visually appealing:0.268
criterion:0.26625
slapstick:0.26075
chase:0.2605
animal movie:0.26025
culture clash:0.257
so bad it's funny:0.2565
lone hero:0.25325
adapted from:book:0.2515
witches:0.25125
bad ending:0.251
light:0.25
twists & turns:0.24925
mummy:0.249
humor:0.24775
