afterlife:0.993
life & death:0.98625
death:0.97575
supernatural:0.95625
thriller:0.84425
sci-fi:0.839
original:0.82425
psychological:0.81775
great ending:0.79275
good:0.78675
suspense:0.7845
ghosts:0.77775
suspenseful:0.7685
mentor:0.74975
intense:0.74725
science fiction:0.74725
psychology:0.73375
creepy:0.723
very interesting:0.71175
first contact:0.7085
redemption:0.70675
ghosts/afterlife:0.6995
alternate universe:0.693
interesting:0.691
life philosophy:0.69075
doctors:0.685
alternate reality:0.67875
good soundtrack:0.677
reflective:0.65375
visually stunning:0.65075
sci fi:0.65075
scifi:0.64825
tense:0.648
thought-provoking:0.64575
memory:0.6345
survival:0.6335
story:0.62975
scary:0.6275
storytelling:0.623
weird:0.61725
destiny:0.617
horror:0.6155
eerie:0.60775
pg-13:0.60125
dark:0.59275
cult classic:0.58675
demons:0.57775
existentialism:0.57625
great:0.575
revenge:0.5685
futuristic:0.565
transformation:0.565
cheating:0.56175
gothic:0.561
suicide:0.55725
pornography:0.55575
technology:0.55475
excellent:0.5535
macabre:0.553
twist:0.548
great movie:0.54775
light:0.54775
plot twist:0.54275
childhood:0.5385
plot holes:0.538
creativity:0.536
secrets:0.536
catastrophe:0.5355
plot:0.53175
future:0.53125
atmospheric:0.52125
predictable:0.517
dialogue:0.514
clever:0.51225
underrated:0.5005
twists & turns:0.49675
bullying:0.492
complex:0.49175
good acting:0.4865
school:0.4865
original plot:0.4845
allegory:0.48075
twist ending:0.4785
visually appealing:0.476
manipulation:0.4745
nudity (topless - notable):0.474
runaway:0.465
80s:0.46475
guilt:0.4645
special effects:0.45875
sexualized violence:0.455
bad ending:0.4455
cool:0.4435
alternate endings:0.44275
very good:0.44225
identity:0.4385
science:0.43775
paranoia:0.434
cerebral:0.43125
dystopic future:0.4295
