screwball:0.919
talky:0.8535
original:0.85225
melancholic:0.84
bittersweet:0.82475
heartbreaking:0.81025
lawyer:0.80275
screwball comedy:0.79
lawyers:0.775
complex:0.7715
dramatic:0.7565
marriage:0.753
oscar (best actress):0.743
great ending:0.74175
drinking:0.7305
runaway:0.724
gunfight:0.7095
intimate:0.7
downbeat:0.69025
oscar (best directing):0.68225
greed:0.6605
storytelling:0.6595
harsh:0.6505
life:0.648
gangsters:0.64775
boston:0.63375
golden palm:0.62175
drama:0.62
oscar (best supporting actress):0.6195
sentimental:0.61875
betrayal:0.588
scenic:0.5875
redemption:0.583
writers:0.58175
criterion:0.5795
noir:0.57825
relationships:0.57675
family drama:0.57
family:0.56675
twists & turns:0.56575
touching:0.56575
police investigation:0.5605
original plot:0.55675
adultery:0.555
culture clash:0.54125
exceptional acting:0.541
brutality:0.539
ethnic conflict:0.53125
poignant:0.52375
sexualized violence:0.521
oscar (best supporting actor):0.519
mentor:0.51525
race issues:0.51325
life & death:0.5075
great movie:0.50725
gangster:0.5065
gangs:0.5045
complicated:0.503
good soundtrack:0.4975
good:0.497
story:0.492
tragedy:0.4885
earnest:0.488
oscar (best cinematography):0.4875
1930s:0.48675
chase:0.485
affectionate:0.4825
cinematography:0.4825
nudity (full frontal - brief):0.4805
unusual plot structure:0.47775
hospital:0.47625
beautiful scenery:0.4645
dialogue:0.46425
allegory:0.46375
artistic:0.4615
depressing:0.46025
heartwarming:0.45725
suprisingly clever:0.455
oscar (best writing - screenplay written directly for the screen):0.45375
adapted from:book:0.4535
loneliness:0.45225
imdb top 250:0.45
mob:0.44675
jesus:0.44475
romantic:0.44425
sad:0.4425
based on a play:0.441
divorce:0.4405
slow paced:0.44025
cerebral:0.437
destiny:0.437
beautifully filmed:0.43525
oscar winner:0.4145
sexy:0.413
catastrophe:0.41175
solitude:0.4115
hotel:0.4115
kidnapping:0.41025
passionate:0.40925
notable nudity:0.407
