murder:0.88825
suspense:0.7965
suspenseful:0.78475
teen movie:0.7475
original:0.719
sexy:0.69775
teens:0.69575
silly fun:0.69225
fun movie:0.66125
pornography:0.615
teen:0.6005
runaway:0.59175
police investigation:0.58825
thriller:0.58325
predictable:0.572
teenagers:0.563
serial killer:0.557
good soundtrack:0.543
brutality:0.51275
sexualized violence:0.48025
storytelling:0.467
teenager:0.4635
guilt:0.43775
mentor:0.4345
great ending:0.42875
chase:0.4245
remake:0.4245
camp:0.42175
scary:0.4215
catastrophe:0.41375
dialogue:0.40325
silly:0.3965
tense:0.38275
creepy:0.38175
family:0.3735
fun:0.36525
multiple storylines:0.3615
girlie movie:0.35825
horror:0.358
first contact:0.3555
unusual plot structure:0.35525
pulp:0.34775
nudity (full frontal - brief):0.34675
voyeurism:0.34675
bad plot:0.346
violence:0.34175
not funny:0.3415
light:0.339
grindhouse:0.337
destiny:0.33525
so bad it's funny:0.33275
ireland:0.33225
corruption:0.331
spelling bee:0.3215
culture clash:0.3185
80s:0.316
intense:0.31525
stupid as hell:0.313
melancholic:0.30975
adaptation:0.3055
stereotypes:0.30225
entirely dialogue:0.3005
atmospheric:0.2995
nocturnal:0.298
entertaining:0.29725
lone hero:0.29
idiotic:0.28875
ridiculous:0.282
campy:0.27975
adapted from:book:0.27875
overrated:0.2785
life philosophy:0.27725
murder mystery:0.2765
good:0.2745
fantasy world:0.27425
cute!:0.27375
story:0.2735
fast paced:0.27125
big budget:0.268
slasher:0.2675
pg-13:0.263
obsession:0.262
nudity (topless - notable):0.26175
potential oscar nom:0.2605
cool:0.259
fight scenes:0.259
suprisingly clever:0.25775
cult classic:0.257
harsh:0.25625
redemption:0.25575
california:0.255
cinematography:0.253
vengeance:0.2525
film noir:0.2475
clever:0.2475
pointless:0.2465
gangsters:0.24575
twists & turns:0.24475
criterion:0.24175
betrayal:0.24075
