horror:0.99725
supernatural:0.99075
psychological:0.9605
creepy:0.945
original:0.886
scary:0.88575
free to download:0.8705
suspenseful:0.8625
suspense:0.86075
psychology:0.85225
demons:0.80775
great ending:0.8065
twist:0.76925
ghosts:0.767
insanity:0.76375
weird:0.75975
gory:0.757
frightening:0.751
splatter:0.70475
bad ending:0.68225
plot twist:0.65375
clever:0.6535
twist ending:0.6525
story:0.65225
storytelling:0.65175
surveillance:0.638
twists & turns:0.638
atmospheric:0.63175
tense:0.62825
eerie:0.62375
haunted house:0.6115
surprise ending:0.58775
thriller:0.585
death:0.57775
disturbing:0.576
doctors:0.57225
pg-13:0.56825
complex:0.55325
blood:0.55075
good acting:0.5495
good:0.54725
predictable:0.54225
ominous:0.536
murder:0.52875
mindfuck:0.52675
survival:0.526
plot holes:0.517
monster:0.5165
intense:0.51275
dark:0.50775
low budget:0.5075
gruesome:0.50275
social commentary:0.5005
life & death:0.5
gore:0.49625
bloody:0.49275
sexualized violence:0.4895
visceral:0.48475
sacrifice:0.47225
claustrophobic:0.47075
cerebral:0.463
happy ending:0.45925
revenge:0.458
mental hospital:0.45525
effects:0.45425
mentor:0.44475
violence:0.4415
brutality:0.43625
family drama:0.43625
pointless:0.4345
goth:0.434
childhood:0.434
catastrophe:0.4245
reflective:0.41975
cult classic:0.41075
good soundtrack:0.41
zombie:0.40875
torture:0.408
exceptional acting:0.407
better than expected:0.402
tricky:0.4005
macabre:0.4
cult film:0.39875
serial killer:0.3985
mystery:0.39775
flashbacks:0.3955
secrets:0.395
police investigation:0.3905
not funny:0.3885
original plot:0.388
dialogue:0.38175
monsters:0.38125
family:0.3795
dark humor:0.37825
bad acting:0.378
crazy:0.369
bad cgi:0.367
great acting:0.36525
cinematography:0.36375
writers:0.36325
