heist:0.99425
noir thriller:0.98925
noir:0.983
film noir:0.92225
tense:0.90575
criterion:0.8875
obsession:0.8835
crime:0.87175
sexy:0.86875
downbeat:0.836
greed:0.8185
los angeles:0.81675
betrayal:0.801
suspense:0.80025
adapted from:book:0.79625
black and white:0.79275
robbery:0.79
stylish:0.787
gangsters:0.785
narrated:0.78075
crime gone awry:0.76725
dialogue:0.757
twists & turns:0.75625
moody:0.72175
claustrophobic:0.7155
talky:0.71525
nocturnal:0.7135
gritty:0.7095
suspenseful:0.702
original:0.69475
classic:0.6905
enigmatic:0.6895
movielens top pick:0.68775
murder:0.68525
gangster:0.68075
violent:0.67825
stylized:0.67675
light:0.67025
assassination:0.669
complex:0.66475
oscar (best actress):0.6585
runaway:0.6545
police investigation:0.6545
forceful:0.65325
atmospheric:0.64175
gunfight:0.641
marriage:0.6405
story:0.628
interesting:0.62175
cynical:0.6215
corruption:0.61775
visually appealing:0.61625
chase:0.61325
caper:0.5995
intense:0.592
san francisco:0.5795
harsh:0.574
neo-noir:0.5715
great:0.569
relationships:0.558
bleak:0.55625
oscar (best directing):0.548
grim:0.54475
moral ambiguity:0.544
cinematography:0.53925
complicated:0.53875
paranoia:0.5385
manipulation:0.5365
imdb top 250:0.52775
ominous:0.524
mob:0.5235
affectionate:0.51975
passionate:0.51925
dark hero:0.5115
photography:0.50975
adultery:0.50725
masterpiece:0.50175
secrets:0.5015
unusual plot structure:0.5005
great ending:0.50025
thriller:0.50025
cerebral:0.49425
anti-hero:0.49175
witty:0.488
based on a play:0.48675
vengeance:0.485
investigation:0.48225
drama:0.47775
adaptation:0.47175
great movie:0.471
fast paced:0.46825
amazing photography:0.46675
violence:0.46175
detective:0.45975
kidnapping:0.45925
visual:0.456
excellent:0.45525
classic car:0.45
clever:0.44725
good:0.44525
