innocence lost:0.9735
wartime:0.9435
orphans:0.89575
war:0.89275
war movie:0.8475
fantasy:0.8455
childhood:0.8435
sentimental:0.82375
cross dressing:0.82125
runaway:0.7195
irish accent:0.6955
stereotypes:0.6785
children:0.67675
original:0.67625
fantasy world:0.65925
nostalgic:0.64825
fun movie:0.646
dramatic:0.63625
mentor:0.6155
allegory:0.6085
fairy tale:0.604
great ending:0.59275
gunfight:0.58325
complex:0.583
catastrophe:0.579
friendship:0.5665
world war ii:0.56575
moral ambiguity:0.54675
love story:0.5435
gangsters:0.54175
great:0.534
police investigation:0.52625
anti-war:0.526
awesome soundtrack:0.51975
powerful ending:0.519
happy ending:0.51275
quirky:0.496
romantic:0.49475
jews:0.47725
brutality:0.46675
school:0.46375
coming of age:0.463
best war films:0.4525
dance:0.44975
wwii:0.449
time:0.44225
feel-good:0.44175
psychiatry:0.4365
epic:0.435
storytelling:0.428
russian:0.423
cinematography:0.42025
christian:0.42025
destiny:0.42
bullying:0.41425
life philosophy:0.4135
corruption:0.41
silly fun:0.41
family:0.40975
psychiatrist:0.4095
predictable:0.407
not funny:0.407
oscar (best directing):0.4035
oscar (best supporting actor):0.40275
drama:0.401
nudity (full frontal - brief):0.4005
shallow:0.4
sappy:0.39125
justice:0.39025
courage:0.39
excellent:0.3895
cold war:0.38575
bad:0.38475
jesus:0.38475
story:0.38425
world war i:0.384
absurd:0.37825
fun:0.37625
interracial romance:0.37625
idealism:0.37525
teacher:0.3725
good versus evil:0.3695
good soundtrack:0.369
brothers:0.36775
magic:0.36775
transgender:0.36525
finnish:0.36525
tokyo:0.36475
weed:0.35975
redemption:0.35775
ghosts/afterlife:0.357
historical:0.356
oscar (best cinematography):0.35025
dialogue:0.3495
weird:0.34925
morality:0.34725
culture clash:0.34625
goofy:0.3435
stylized:0.3375
vengeance:0.33675
