loneliness:0.994
relationships:0.98125
melancholic:0.97975
bittersweet:0.96525
tokyo:0.95975
midlife crisis:0.9515
sophia coppola:0.95
visually appealing:0.9305
intimate:0.90875
reflective:0.90325
slow paced:0.88575
poignant:0.88475
unlikely friendships:0.862
friendship:0.854
very interesting:0.84175
amazing cinematography:0.8385
original:0.831
meditative:0.82975
nocturnal:0.827
weird:0.8195
life philosophy:0.81875
melancholy:0.818
character study:0.811
cinematography:0.81025
imdb top 250:0.80875
storytelling:0.79675
good soundtrack:0.79625
japan:0.795
enigmatic:0.7865
wistful:0.783
stylized:0.7795
beautifully filmed:0.767
independent film:0.76625
life:0.76325
cerebral:0.75875
isolation:0.75425
social commentary:0.7515
great acting:0.75125
depression:0.7475
foreign:0.74625
interesting:0.74425
love story:0.74275
oscar (best directing):0.73725
existentialism:0.731
philosophy:0.727
dialogue:0.7235
drinking:0.71875
visually stunning:0.711
emotional:0.70525
francis ford copolla:0.703
great ending:0.7025
philosophical:0.702
complex:0.70125
hotel:0.685
talky:0.6745
art house:0.67225
culture clash:0.65775
sarcasm:0.6565
affectionate:0.64675
artistic:0.64175
atmospheric:0.6365
solitude:0.63475
excellent script:0.63425
off-beat comedy:0.62925
intellectual:0.622
narrated:0.6185
breathtaking:0.6155
boring!:0.6125
golden palm:0.6105
complicated:0.606
drama:0.6055
touching:0.60175
honest:0.6005
good acting:0.598
realistic:0.59375
thought-provoking:0.59075
slow:0.5895
very good:0.58775
visual:0.585
intelligent:0.583
indie:0.582
nonlinear:0.578
life & death:0.575
depressing:0.5745
dreamlike:0.57075
criterion:0.57025
pornography:0.56425
romance:0.55425
self discovery:0.55375
deadpan:0.542
artsy:0.53975
dramatic:0.5395
complex characters:0.5395
handycam:0.53775
bleak:0.5375
quirky:0.53025
powerful ending:0.52975
pointless:0.529
clever:0.52775
entirely dialogue:0.527
