private detective:0.98975
neo-noir:0.9425
mystery:0.94075
downbeat:0.9105
nudity (topless - notable):0.904
melancholic:0.8965
detective:0.8855
investigation:0.8825
criterion:0.87925
intimate:0.868
runaway:0.863
noir:0.86125
character study:0.85625
complicated:0.8555
enigmatic:0.8545
crime:0.83825
complex:0.83225
greed:0.8315
sexy:0.83025
bleak:0.827
golden palm:0.82575
weird:0.8245
film noir:0.82225
twists & turns:0.8155
obsession:0.807
police investigation:0.80475
psychological:0.7965
1970s:0.7875
cinematography:0.785
sexual:0.7845
adultery:0.77525
talky:0.77275
tricky:0.7655
cerebral:0.75
visually appealing:0.74225
cynical:0.74
dark:0.73025
thriller:0.72775
relationships:0.7265
tense:0.72475
murder:0.716
atmospheric:0.712
moody:0.70675
masterpiece:0.6815
pornography:0.678
culture clash:0.67425
disturbing:0.669
affectionate:0.66875
crime gone awry:0.66875
psychology:0.66325
harsh:0.661
spanish:0.66
off-beat comedy:0.658
original:0.65325
breathtaking:0.65275
manipulation:0.645
secrets:0.6445
art:0.64125
infidelity:0.63625
drinking:0.636
photography:0.6325
visual:0.62775
nudity (full frontal - notable):0.6275
noir thriller:0.622
oscar (best actress):0.61175
stylized:0.61175
sexuality:0.60325
complex characters:0.59675
clever:0.59425
chess:0.594
suspense:0.589
california:0.588
meditative:0.5855
cheating:0.58475
loneliness:0.58475
reflective:0.5845
great ending:0.58375
ominous:0.58325
sex:0.58275
grim:0.5805
very interesting:0.57875
oscar (best directing):0.5775
great acting:0.577
brutality:0.57075
nocturnal:0.5635
dialogue:0.5615
imdb top 250:0.5605
melancholy:0.55575
drama:0.55
violent:0.54875
paranoid:0.5475
dreamlike:0.53725
murder mystery:0.53725
social commentary:0.5365
visceral:0.521
storytelling:0.52025
tragedy:0.52025
black and white:0.51875
assassination:0.51175
creepy:0.5095
