jazz:0.99925
musicians:0.9985
paris:0.967
music:0.928
musical:0.875
drinking:0.84025
biopic:0.81925
addiction:0.79525
great:0.7065
rock and roll:0.68725
artistic:0.6865
hip hop:0.66575
melancholic:0.66475
artist:0.659
redemption:0.64925
original:0.641
relationships:0.63525
good music:0.599
unlikely friendships:0.5985
character study:0.58325
obsession:0.583
great music:0.582
intimate:0.57375
compassionate:0.5725
breathtaking:0.5695
alcoholism:0.569
criterion:0.567
great movie:0.56025
good soundtrack:0.55925
unusual plot structure:0.5515
radio:0.551
segregation:0.5445
1930s:0.5295
nostalgic:0.5275
creativity:0.5165
art:0.51375
transformation:0.50175
dialogue:0.49925
destiny:0.4945
talky:0.49425
nocturnal:0.49375
solitude:0.48975
music business:0.48725
allegory:0.484
enigmatic:0.48
affectionate:0.4755
based on a play:0.475
cerebral:0.472
french:0.46675
downbeat:0.4635
depression:0.46325
life:0.462
great soundtrack:0.46025
mentor:0.4415
aging:0.436
awesome soundtrack:0.43175
golden palm:0.43025
light:0.43
oscar (best directing):0.423
1960s:0.41975
great ending:0.4185
racism:0.41075
france:0.40775
wine:0.3985
poignant:0.39825
catastrophe:0.3915
suprisingly clever:0.3865
harsh:0.386
gangsters:0.38475
melancholy:0.3815
crime gone awry:0.3805
narrated:0.3795
friendship:0.37425
dramatic:0.3725
gunfight:0.36875
meditative:0.36375
brutality:0.36325
love:0.36175
story:0.3615
loneliness:0.36
culture clash:0.356
great acting:0.35025
stoner movie:0.34775
gangs:0.3445
oscar (best foreign language film):0.344
atmospheric:0.34075
visually appealing:0.34075
passionate:0.338
not funny:0.33775
visual:0.33625
exceptional acting:0.3355
coming of age:0.33
classic car:0.329
humanity:0.32875
dancing:0.3265
oscar (best supporting actor):0.324
inspiring:0.324
slow:0.32375
life philosophy:0.32275
bollywood:0.31875
