russian:0.9735
russia:0.91225
foreign:0.8485
sacrifice:0.82425
cold war:0.8055
harsh:0.78875
oscar (best foreign language film):0.6915
idealism:0.655
spying:0.6315
france:0.63025
realistic:0.62925
brutality:0.627
brainwashing:0.61925
beautiful scenery:0.60375
communism:0.60375
beautifully filmed:0.60125
love story:0.5955
life & death:0.5835
original:0.57675
tragedy:0.56525
freedom:0.5605
story:0.55775
heartbreaking:0.55375
surveillance:0.553
ethnic conflict:0.55075
emotional:0.5455
culture clash:0.544
historical:0.54025
wwii:0.53775
betrayal:0.53725
reflective:0.53575
storytelling:0.53525
drama:0.52675
destiny:0.5265
dramatic:0.52175
criterion:0.51825
french:0.51125
downbeat:0.5075
good acting:0.506
bleak:0.503
depression:0.482
courage:0.48175
true story:0.47875
based on true story:0.47575
suprisingly clever:0.473
history:0.46975
catastrophe:0.4655
world war ii:0.457
touching:0.455
jews:0.45375
cathartic:0.45075
great acting:0.44525
life philosophy:0.43975
finnish:0.4325
germany:0.42675
childhood:0.42425
islam:0.424
classic car:0.4195
revolution:0.41825
life:0.41525
cinematography:0.413
death:0.4105
sentimental:0.40925
political:0.407
civil war:0.4045
secrets:0.402
intense:0.397
melancholic:0.39575
enigmatic:0.39375
honest:0.391
mentor:0.39
paranoia:0.38675
capitalism:0.386
intimate:0.386
propaganda:0.385
complex:0.38375
based on a true story:0.38125
social commentary:0.37375
solitude:0.37225
transformation:0.372
redemption:0.3715
good:0.36525
justice:0.36425
sad:0.3635
oscar (best directing):0.35925
breathtaking:0.3565
forceful:0.35325
hospital:0.35275
great ending:0.352
runaway:0.3485
us history:0.3465
ironic:0.3425
first contact:0.3405
amazing photography:0.34
heartwarming:0.3365
unusual plot structure:0.33525
allegory:0.327
corruption:0.32525
oscar (best actress):0.325
alternate endings:0.322
