teen movie:0.99625
high school:0.98875
teen:0.98275
teens:0.961
girlie movie:0.96
adolescence:0.94525
teenager:0.94275
comedy:0.92275
teenagers:0.9225
africa:0.8925
based on a book:0.8825
pg-13:0.864
chick flick:0.856
school:0.835
coming of age:0.83125
friendship:0.82875
geeks:0.822
good soundtrack:0.8045
bullying:0.80275
stereotypes:0.78725
funny:0.786
gay character:0.76775
dumb but funny:0.732
goth:0.7315
cheerleading:0.72025
saturday night live:0.70625
unlikely friendships:0.685
original:0.68475
manipulation:0.683
runaway:0.67875
drama:0.66425
based on book:0.6415
spelling bee:0.63625
pornography:0.6275
hilarious:0.62125
women:0.60625
dumb:0.59825
suprisingly clever:0.58625
teacher:0.5855
quotable:0.579
very funny:0.567
virginity:0.5595
mentor:0.5455
crude humor:0.5395
childhood:0.53625
drinking:0.5315
nerds:0.52925
betrayal:0.496
fun:0.48275
sexy:0.48175
great:0.47625
good:0.47475
better than expected:0.4725
coming-of-age:0.46975
geek:0.467
revenge:0.467
fun movie:0.4625
great ending:0.44625
fantasy world:0.44225
boarding school:0.426
culture clash:0.4255
adaptation:0.41925
catastrophe:0.40975
california:0.40225
clever:0.4015
storytelling:0.39725
prejudice:0.391
cool:0.3905
honest:0.38625
shallow:0.38575
dialogue:0.379
witty:0.37625
happy ending:0.3735
adapted from:book:0.36625
brutality:0.3615
cute:0.36025
satirical:0.36
great acting:0.351
romantic:0.35
predictable:0.34775
transformation:0.3465
sweet:0.34275
fashion:0.342
relationships:0.34125
awesome soundtrack:0.34075
gay:0.34025
harsh:0.33875
stupidity:0.3365
narrated:0.333
light:0.32975
destiny:0.3295
social commentary:0.32325
alter ego:0.32175
goofy:0.31325
vengeance:0.3115
stupid as hell:0.31025
based on true story:0.306
guilty pleasure:0.3055
silly:0.30475
story:0.29925
