indians:0.914
sports:0.87375
baseball:0.83925
franchise:0.80775
new jersey:0.77825
original:0.75525
predictable:0.693
minnesota:0.69275
fun movie:0.56925
mentor:0.54175
underdog:0.52675
destiny:0.49675
silly:0.4925
shallow:0.48225
bad plot:0.48075
pg-13:0.4775
comedy:0.477
great ending:0.47625
sequels:0.43675
dialogue:0.4305
family:0.43
series:0.4275
catastrophe:0.41425
road movie:0.41225
fun:0.39725
brutality:0.391
silly fun:0.38575
adapted from:comic:0.38425
fantasy world:0.379
sequel:0.375
overrated:0.3685
trilogy:0.365
fight scenes:0.365
golf:0.358
slapstick:0.35725
story:0.35275
first contact:0.344
so bad it's funny:0.34275
adventure:0.3415
very funny:0.3395
special effects:0.3365
storytelling:0.33525
life philosophy:0.32925
good:0.3285
vengeance:0.32325
action:0.3115
humorous:0.3095
pornography:0.3055
entirely dialogue:0.30225
unusual plot structure:0.3015
not funny:0.301
melancholic:0.30025
runaway:0.295
adaptation:0.2945
unfunny:0.2935
redemption:0.2895
violence:0.28875
goofy:0.2885
drinking:0.28825
lone hero:0.287
entertaining:0.28475
culture clash:0.2845
great:0.28125
too long:0.2795
crappy sequel:0.277
natural disaster:0.27625
justice:0.27275
feel-good:0.26425
big budget:0.26375
high school:0.2635
quirky:0.26025
chase:0.25875
cult film:0.258
disaster:0.258
idiotic:0.24825
nudity (full frontal - brief):0.2475
feel good movie:0.24575
childhood:0.24325
gangsters:0.242
happy ending:0.2415
transformation:0.24025
good soundtrack:0.24
police investigation:0.23825
crude humor:0.237
good action:0.237
weapons:0.23525
twists & turns:0.2325
alter ego:0.228
action packed:0.2275
writers:0.22575
corruption:0.22275
fantasy:0.22225
multiple storylines:0.22125
drama:0.221
splatter:0.21775
dreamlike:0.2175
camp:0.21675
sci fi:0.214
based on a book:0.21275
nudity (topless - notable):0.21175
