jungle:0.9935
cartoon:0.98325
silly fun:0.98025
goofy:0.94075
silly:0.935
fun movie:0.9235
talking animals:0.91925
comedy:0.84825
lions:0.83125
kids:0.83025
slapstick:0.83025
kids and family:0.817
fun:0.81
based on a tv show:0.80975
funny:0.807
family:0.80625
disney:0.8015
original:0.80075
children:0.74475
animals:0.69425
cute!:0.66425
cute:0.63725
san francisco:0.624
narrated:0.62375
predictable:0.61075
parody:0.586
adventure:0.583
very funny:0.55
hilarious:0.539
idiotic:0.51825
great:0.51375
special effects:0.5135
whimsical:0.50825
good:0.49675
childhood:0.49375
light:0.48475
entertaining:0.47425
dialogue:0.47225
africa:0.471
humorous:0.456
catastrophe:0.444
great ending:0.443
mentor:0.437
chase:0.42475
big budget:0.4105
nudity (full frontal - brief):0.3985
crude humor:0.3955
absurd:0.3925
redemption:0.38875
dog:0.38825
stereotypes:0.37725
adaptation:0.3755
spoof:0.372
las vegas:0.371
destiny:0.36725
pg:0.36125
first contact:0.3555
action:0.354
life philosophy:0.354
story:0.35225
clever:0.352
humor:0.3475
stupid:0.34425
fight scenes:0.34325
natural disaster:0.336
great movie:0.33575
overrated:0.33275
lame:0.32725
feel-good:0.327
dumb but funny:0.32675
so bad it's funny:0.325
series:0.32275
stupidity:0.32075
ninja:0.32025
culture clash:0.319
funny as hell:0.319
unfunny:0.318
bad plot:0.312
funniest movies:0.3115
indians:0.3115
storytelling:0.30525
brutality:0.30475
computer animation:0.30225
runaway:0.30175
fashion:0.30175
lone hero:0.301
pg-13:0.2995
good soundtrack:0.29675
quotable:0.29175
corny:0.2915
dumb:0.286
entirely dialogue:0.284
cinematography:0.28225
suspense:0.27075
feel good movie:0.267
good dialogue:0.25925
quirky:0.257
melancholic:0.2535
teen movie:0.253
mad scientist:0.25125
