strippers:0.889
death:0.815
original:0.8095
brutality:0.77675
bloody:0.76675
violence:0.74825
drugs:0.69275
dialogue:0.671
splatter:0.613
intense:0.608
dark comedy:0.60725
bad script:0.60525
great ending:0.6035
twist:0.59275
stupid as hell:0.58825
good soundtrack:0.58625
runaway:0.55975
crude humor:0.54875
talky:0.54425
pornography:0.52075
bad ending:0.517
pointless:0.50675
sexy:0.5015
moral ambiguity:0.4965
vigilantism:0.49025
gangsters:0.47825
hit men:0.47725
storytelling:0.47
plot twist:0.46725
allegory:0.466
gratuitous violence:0.46475
predictable:0.4635
so bad it's funny:0.45275
lame:0.44575
brutal:0.44075
social commentary:0.4365
entertaining:0.43475
crime:0.42175
harsh:0.4215
mentor:0.4175
greed:0.415
happy ending:0.41125
unlikely friendships:0.41075
island:0.408
adaptation:0.40575
catastrophe:0.4015
male nudity:0.39825
fantasy world:0.398
entirely dialogue:0.3925
not funny:0.39125
corporate america:0.38825
light:0.38625
imdb top 250:0.3845
redemption:0.37975
dumb but funny:0.3745
nerds:0.37425
mob:0.37225
story:0.37175
teen movie:0.36975
very funny:0.3685
teens:0.36775
disaster:0.36625
guilt:0.3645
multiple storylines:0.36425
vengeance:0.363
cult film:0.3585
weapons:0.3585
police corruption:0.3485
twists & turns:0.34525
thought-provoking:0.341
family:0.34075
satirical:0.34025
quirky:0.33725
vigilante:0.33725
nudity (topless):0.337
80s:0.33525
obsession:0.33375
independent film:0.33225
pulp:0.33225
disturbing:0.33125
cult classic:0.33025
betrayal:0.329
queer:0.32625
stylized:0.3255
fight scenes:0.32525
camp:0.324
nudity (full frontal - brief):0.32225
interesting:0.32025
twist ending:0.31925
bad plot:0.3185
melancholic:0.31825
manipulation:0.3175
nocturnal:0.312
suicide:0.31075
ironic:0.31025
psychological:0.3095
cheating:0.307
weird:0.3065
absurd:0.3045
drinking:0.30225
