notable nudity:1.0
splatter:0.9885
torture:0.971
horror:0.94725
gory:0.9245
sexualized violence:0.90375
bloody:0.90075
gore:0.89525
gruesome:0.8915
pornography:0.8785
male nudity:0.85725
kidnapping:0.8525
brutal:0.842
brutality:0.829
murder:0.8205
controversial:0.80875
original:0.80575
violence:0.79725
pointless:0.795
franchise:0.78075
cannibalism:0.75525
serial killer:0.75
goretastic:0.744
disturbing:0.738
blood:0.73125
nudity (topless):0.731
sequels:0.72975
nudity:0.71625
slasher:0.686
nudity (full frontal):0.6745
revenge:0.6725
graphic novel:0.6575
predictable:0.657
good sequel:0.65
great ending:0.635
sequel:0.6245
stereotypes:0.6235
unlikeable characters:0.5935
teens:0.57775
bad plot:0.57775
violent:0.56875
suspense:0.56775
crappy sequel:0.55675
twist ending:0.5555
idiotic:0.5525
gratuitous violence:0.533
nudity (full frontal - notable):0.52375
visceral:0.489
so bad it's funny:0.487
bad acting:0.47725
hard to watch:0.46925
stupid:0.4685
visually appealing:0.45475
mentor:0.4545
grindhouse:0.44625
scary:0.44525
catastrophe:0.443
sexy:0.442
stupid as hell:0.439
horrible:0.4375
cult film:0.42975
vengeance:0.40875
teen movie:0.3985
reality tv:0.397
dialogue:0.39275
overrated:0.392
storytelling:0.3785
paranoia:0.37325
intense:0.367
clever:0.36675
disappointing:0.3665
creepy:0.36425
not funny:0.35475
weapons:0.352
twists & turns:0.3505
twist:0.339
first contact:0.33675
good soundtrack:0.33675
chase:0.3275
ridiculous:0.32575
remake:0.3255
nudity (topless - notable):0.3255
bad ending:0.32425
fantasy world:0.32125
redemption:0.3175
nudity (full frontal - brief):0.31625
cult classic:0.31175
adaptation:0.307
weird:0.30575
moral ambiguity:0.2995
shallow:0.29925
rape:0.298
stupidity:0.29775
plot holes:0.29475
unfunny:0.29275
internet:0.29275
psychological:0.29125
harsh:0.29125
death:0.29
crude humor:0.2885
