chase:0.963
action:0.94275
hunting:0.9225
realistic action:0.90375
weapons:0.8765
mentor:0.83025
fight scenes:0.8185
good action:0.8175
vengeance:0.80375
bloody:0.74425
survival:0.72525
violent:0.725
violence:0.7165
original:0.6995
assassination:0.6915
assassin:0.681
brutality:0.675
dialogue:0.67075
fast paced:0.67
predictable:0.64725
intense:0.64375
car chase:0.62825
revenge:0.62375
plot:0.6135
murder:0.59
runaway:0.575
pointless:0.57275
corruption:0.55075
story:0.5475
great ending:0.5295
visceral:0.52475
suspense:0.51775
first contact:0.5145
prison escape:0.5075
good soundtrack:0.4895
not funny:0.48575
melancholic:0.48175
plot holes:0.47675
lone hero:0.476
justice:0.47075
catastrophe:0.463
pornography:0.4615
action packed:0.449
underrated:0.449
horrible:0.44025
cinematography:0.4375
bad ending:0.431
assassins:0.4295
torture:0.4255
fbi:0.421
bad acting:0.4185
storytelling:0.4165
nudity (full frontal - brief):0.41625
grindhouse:0.41175
big budget:0.40925
fighting:0.4085
thriller:0.39925
brutal:0.397
absurd:0.3915
redemption:0.3885
bad plot:0.38525
silly:0.3825
stylized:0.3815
father son relationship:0.37775
better than expected:0.37675
good:0.37275
allegory:0.36875
entirely dialogue:0.36525
gratuitous violence:0.36375
unrealistic:0.36325
vigilante:0.35975
jungle:0.35875
unfunny:0.357
shallow:0.357
guilt:0.35475
guns:0.35375
life philosophy:0.351
adaptation:0.349
culture clash:0.348
death:0.3445
gory:0.34025
harsh:0.34
serial killer:0.3375
pg-13:0.32975
conspiracy:0.32925
very interesting:0.32725
crime:0.327
ridiculous:0.3265
stereotypes:0.32625
hitman:0.32625
insanity:0.3255
so bad it's funny:0.3255
secrets:0.32375
bad cgi:0.322
wartime:0.31725
arms dealer:0.31575
gangsters:0.3135
visually appealing:0.30975
cerebral:0.30925
anti-hero:0.309
