kung fu:0.99925
martial arts:0.99575
animation:0.9905
talking animals:0.9555
computer animation:0.94425
visually stunning:0.9045
visually appealing:0.90025
china:0.8995
fun movie:0.89175
fight scenes:0.8905
animated:0.88375
destiny:0.8775
animals:0.83925
comedy:0.8195
franchise:0.8155
dragons:0.799
storytelling:0.793
family:0.78875
good:0.7705
kids:0.76275
original:0.74225
story:0.73175
silly:0.726
cartoon:0.72575
childhood:0.7165
fun:0.704
adventure:0.70375
kids and family:0.69575
funny:0.682
clever:0.66125
heartwarming:0.6605
children:0.655
good soundtrack:0.65275
very funny:0.6395
visuals:0.63375
fast paced:0.63
underdog:0.6295
mentor:0.627
goofy:0.62575
nostalgic:0.62525
superheroes:0.61675
good sequel:0.61425
great:0.612
creativity:0.60425
unlikely friendships:0.60275
3d:0.602
visual:0.5915
runaway:0.584
cute:0.57825
great ending:0.5775
stunning:0.57225
humorous:0.5615
melancholic:0.56075
action packed:0.56
emotional:0.5585
hilarious:0.5535
action:0.55225
pixar animation:0.53775
animal movie:0.53075
trilogy:0.53075
humor:0.50925
transformation:0.5075
redemption:0.50675
oscar (best animated feature):0.506
entertaining:0.50375
dragon:0.4915
feel good movie:0.49075
fighting:0.48975
colourful:0.48225
crude humor:0.47375
super hero:0.46925
life philosophy:0.465
stereotypes:0.46425
alter ego:0.45825
whimsical:0.45525
complex:0.4545
touching:0.45325
light:0.45275
pg-13:0.4505
disney:0.4435
sacrifice:0.43775
great movie:0.43775
catastrophe:0.43325
witty:0.43225
cool:0.426
anti-hero:0.41975
technology:0.4165
life & death:0.41575
inspirational:0.4125
predictable:0.40925
weird:0.4045
fantasy world:0.3985
friendship:0.39375
good versus evil:0.392
allegory:0.39
dramatic:0.38925
dialogue:0.383
ninja:0.37825
silly fun:0.37625
inspiring:0.37525
