biographical:0.98725
biopic:0.98275
biography:0.9535
life & death:0.90225
life:0.90125
suicide:0.89475
writers:0.893
depression:0.88725
melancholic:0.8785
poetry:0.85775
loneliness:0.844
relationships:0.83025
death:0.814
infidelity:0.81
artist:0.8015
mental illness:0.79575
terminal illness:0.77175
intimate:0.728
passionate:0.71675
original:0.70075
adultery:0.69825
reflective:0.69525
destiny:0.69275
based on a book:0.68225
life philosophy:0.68
art:0.6795
depressing:0.679
storytelling:0.66275
visually appealing:0.648
adapted from:book:0.6455
marriage:0.61575
nocturnal:0.59875
betrayal:0.59725
nudity (topless):0.59625
emotional:0.5865
cancer:0.5805
drinking:0.57775
dramatic:0.57625
sad:0.56675
bittersweet:0.56625
good soundtrack:0.55225
enigmatic:0.53325
england:0.51975
heartbreaking:0.5145
based on book:0.51175
cheating:0.51125
very interesting:0.51
melancholy:0.487
pg-13:0.482
bleak:0.47875
suicide attempt:0.478
creativity:0.47725
mentor:0.47425
cinematography:0.46475
intense:0.46275
dysfunctional family:0.46
ironic:0.45975
adaptation:0.45975
stylized:0.45675
complex:0.45375
honest:0.4445
dialogue:0.44175
artistic:0.43975
sexualized violence:0.43625
nudity (full frontal - notable):0.43125
transformation:0.42875
great ending:0.42025
great acting:0.42
nudity (topless - notable):0.41625
social commentary:0.4145
poignant:0.41275
literature:0.412
existentialism:0.4075
writing:0.39975
cerebral:0.397
catastrophe:0.397
oscar (best actress):0.38625
story:0.3855
oscar (best directing):0.37275
paranoia:0.371
books:0.36825
childhood:0.368
guilt:0.3605
solitude:0.36
london:0.3575
great:0.3555
tragedy:0.354
brutality:0.35125
redemption:0.35025
costume drama:0.34825
hospital:0.34775
drama:0.34775
narrated:0.34725
fantasy world:0.3405
drug abuse:0.3385
schizophrenia:0.336
friendship:0.3355
intellectual:0.333
love story:0.325
good:0.32275
