anime:0.9705
japan:0.96675
visually appealing:0.89875
black and white:0.88625
colourful:0.84125
visual:0.81
japanese:0.80675
homeless:0.79825
animation:0.79175
stylized:0.77975
criterion:0.76925
life & death:0.75575
visually stunning:0.74975
based on a comic:0.749
original:0.73775
cyberpunk:0.721
childhood:0.70275
firefly:0.65925
stylish:0.656
tokyo:0.65225
violence:0.6295
art:0.62625
fantasy world:0.621
atmospheric:0.6065
giant robots:0.60325
allegory:0.57875
violent:0.56925
weird:0.5585
animated:0.556
bleak:0.5495
gangsters:0.54775
brutality:0.5425
very interesting:0.5405
transformation:0.533
artistic:0.5275
imagination:0.5245
unusual plot structure:0.5225
loneliness:0.518
good soundtrack:0.51175
dark:0.51175
social commentary:0.5065
storytelling:0.50425
melancholic:0.49875
beautiful:0.497
dreamlike:0.49375
suprisingly clever:0.49375
bloody:0.493
complex:0.4875
downbeat:0.478
intimate:0.478
corruption:0.4655
visceral:0.46375
cerebral:0.46075
creativity:0.45925
based on comic:0.459
insanity:0.45725
free to download:0.45725
grim:0.45125
harsh:0.44425
friendship:0.43925
catastrophe:0.43425
story:0.43325
oscar (best foreign language film):0.4305
gangster:0.42525
psychedelic:0.4245
segregation:0.42375
reflective:0.42175
stunning:0.42
breathtaking:0.41675
enigmatic:0.4145
oscar (best supporting actress):0.413
runaway:0.4075
disturbing:0.404
macabre:0.3995
character study:0.396
movielens top pick:0.39175
great ending:0.38875
narrated:0.38575
vengeance:0.38475
surreal:0.38025
sexualized violence:0.37775
adaptation:0.37575
orphans:0.3725
quirky:0.369
heartbreaking:0.364
melancholy:0.35875
studio ghibli:0.35825
pulp:0.3515
passionate:0.35075
mentor:0.3505
talky:0.34925
visuals:0.34925
police investigation:0.34825
culture clash:0.34775
dialogue:0.34675
miyazaki:0.3445
grindhouse:0.34325
demons:0.34025
strange:0.335
cinematography:0.3305
