based on a play:0.94625
shakespeare:0.94425
witty:0.9075
surreal:0.87575
original:0.863
absurd:0.85525
dialogue:0.829
clever:0.8095
great dialogue:0.7965
cerebral:0.76875
existentialism:0.76475
quirky:0.7585
literature:0.733
quotable:0.72325
adaptation:0.719
talky:0.718
intellectual:0.68825
interesting:0.659
dramatic:0.637
oscar (best actress):0.6365
entirely dialogue:0.6075
good soundtrack:0.60575
mentor:0.59625
criterion:0.592
dialogue driven:0.58875
oscar (best supporting actress):0.579
humorous:0.5725
great:0.566
corruption:0.56325
intelligent:0.55875
great acting:0.558
storytelling:0.55525
dark hero:0.54575
complex:0.5455
ironic:0.538
artistic:0.5375
crime gone awry:0.53725
very interesting:0.53575
great movie:0.532
hilarious:0.532
irreverent:0.52875
great ending:0.5275
life & death:0.526
comedy:0.52425
affectionate:0.52225
excellent:0.5125
underrated:0.50925
justice:0.49775
dark humor:0.49225
greed:0.49225
destiny:0.482
insanity:0.4805
funny:0.4765
fast paced:0.473
suprisingly clever:0.47075
obsession:0.4705
cult classic:0.462
narrated:0.46175
good:0.46125
macabre:0.461
england:0.45175
tricky:0.44775
imdb top 250:0.4465
adapted from:book:0.445
entertaining:0.44475
sarcasm:0.4415
social commentary:0.44125
british:0.43925
fun movie:0.43625
runaway:0.43325
excellent script:0.43075
thought-provoking:0.43025
weird:0.4295
tragedy:0.42925
funny as hell:0.429
catastrophe:0.42325
very funny:0.42325
gangsters:0.41825
life philosophy:0.416
good acting:0.41325
twists & turns:0.4115
movielens top pick:0.4035
atmospheric:0.40325
drama:0.39825
light:0.39775
unusual plot structure:0.39725
betrayal:0.39425
very good:0.393
visual:0.39175
writers:0.391
philosophical:0.38975
fun:0.3845
visually appealing:0.379
melancholy:0.37625
highly quotable:0.37375
enigmatic:0.372
pretentious:0.3715
oscar (best directing):0.371
surrealism:0.37025
brutality:0.36775
