camp:0.9865
jungle:0.9065
action:0.87875
realistic action:0.838
prison escape:0.8235
good action:0.81375
prequel:0.79325
original:0.77975
predictable:0.729
fight scenes:0.6985
violence:0.696
action packed:0.68675
weapons:0.673
revenge:0.6685
franchise:0.62875
brutality:0.625
prison:0.55875
mentor:0.54575
sequels:0.53675
bad plot:0.53325
lone hero:0.533
sequel:0.5315
80s:0.518
fighting:0.503
torture:0.5025
vietnam war:0.482
great ending:0.478
explosions:0.464
war:0.45775
survival:0.44825
family:0.4405
fantasy world:0.43625
unusual plot structure:0.43625
splatter:0.43275
good:0.4285
bad acting:0.4265
catastrophe:0.42075
betrayal:0.418
guilty pleasure:0.41275
vengeance:0.40725
dialogue:0.4
overrated:0.39625
shallow:0.38775
pornography:0.3835
vigilante:0.377
first contact:0.373
crappy sequel:0.372
ridiculous:0.372
rats:0.36925
so bad it's funny:0.3635
runaway:0.3595
boring:0.35625
not funny:0.35475
bloody:0.349
chase:0.34725
redemption:0.346
fun movie:0.342
nudity (full frontal - brief):0.34175
beautiful scenery:0.33525
harsh:0.33025
adaptation:0.3235
storytelling:0.3205
nostalgic:0.31425
destiny:0.3125
cult film:0.31175
island:0.3115
culture clash:0.30925
series:0.3055
feel-good:0.305
guilt:0.302
vietnam:0.301
fantasy:0.29925
multiple storylines:0.2975
stereotypes:0.2975
life philosophy:0.29375
slapstick:0.2935
quirky:0.2885
tear jerker:0.2885
entirely dialogue:0.284
murder:0.284
pulp:0.281
sci fi:0.28075
campy:0.27825
disaster:0.27625
happy ending:0.275
story:0.274
psychological:0.2735
claustrophobic:0.273
natural disaster:0.272
gangsters:0.26775
death:0.267
best war films:0.26575
silly fun:0.26475
writers:0.26425
fun:0.2635
violent:0.25975
martial arts:0.25425
military:0.25325
imdb top 250:0.251
unfunny:0.25025
