heist:0.97
mentor:0.93
short-term memory loss:0.91275
character study:0.90875
disability:0.902
story:0.8905
original:0.87775
complex:0.854
drama:0.84925
nudity (topless - brief):0.84725
great acting:0.82125
neo-noir:0.795
storytelling:0.79475
tense:0.79225
excellent script:0.7835
crime:0.77775
friendship:0.77025
dialogue:0.7695
interesting:0.7675
violent:0.7665
unlikely friendships:0.76125
intense:0.74625
manipulation:0.73775
redemption:0.73675
bank robbery:0.734
thriller:0.7305
pg-13:0.73
cerebral:0.72125
complex characters:0.7155
suspense:0.71125
betrayal:0.71
twists & turns:0.70875
plot twist:0.70725
social commentary:0.707
nudity (rear):0.704
independent film:0.70275
corruption:0.701
tragedy:0.7005
drinking:0.69975
bleak:0.6995
good soundtrack:0.6975
clever:0.6935
destiny:0.69325
visually appealing:0.693
dramatic:0.68875
directorial debut:0.68025
violence:0.67225
runaway:0.66475
california:0.6625
good acting:0.6615
great ending:0.66075
loneliness:0.6515
good:0.6505
small town:0.6455
relationships:0.6435
imdb top 250:0.64275
life philosophy:0.64
memory loss:0.63175
life:0.6275
gunfight:0.6265
greed:0.62575
realistic:0.62375
very interesting:0.618
oscar (best directing):0.6125
crime gone awry:0.6055
narrated:0.603
nudity (topless):0.59825
brutality:0.59675
road movie:0.59425
psychology:0.592
cinematography:0.5905
downbeat:0.589
depression:0.58775
high school:0.58725
guilt:0.587
dark hero:0.58
exceptional acting:0.57175
fighting the system:0.5705
gangsters:0.5685
harsh:0.565
indie:0.56325
light:0.5555
cool:0.55375
heartbreaking:0.55375
oscar (best actress):0.55075
complicated:0.5495
existentialism:0.545
pornography:0.53675
quotable:0.53625
very good:0.5335
twist:0.5315
movielens top pick:0.52975
stylish:0.529
suspenseful:0.5285
great movie:0.528
honest:0.52125
oscar (best supporting actress):0.5165
excellent:0.513
twist ending:0.50275
murder:0.4975
