abortion:0.99325
documentary:0.96775
politics:0.93525
intimate:0.85875
movielens top pick:0.76675
original:0.749
christianity:0.7475
death penalty:0.747
doctors:0.73925
corruption:0.72775
religion:0.71275
black and white:0.68875
manipulation:0.68875
complex:0.67475
depression:0.66975
social commentary:0.66825
propaganda:0.66125
honest:0.6445
life:0.638
sacrifice:0.6295
life & death:0.6195
political:0.61875
oscar (best actress):0.6175
greed:0.61325
pornography:0.6035
runaway:0.60025
tragedy:0.59975
life philosophy:0.59375
criterion:0.58475
interesting:0.58475
intellectual:0.57475
pregnancy:0.574
talky:0.57175
passionate:0.56375
parenthood:0.563
melancholic:0.54775
hard to watch:0.54375
canada:0.53925
destiny:0.53475
idealism:0.53125
great:0.5295
suprisingly clever:0.48775
guilt:0.48575
oscar (best supporting actress):0.48325
british:0.47925
emotional:0.477
depressing:0.473
assassination:0.47175
childhood:0.4695
mentor:0.46925
capitalism:0.46725
conspiracy theory:0.464
loneliness:0.4595
islam:0.454
cerebral:0.45325
relationships:0.4515
women:0.45025
obsession:0.448
betrayal:0.44575
great ending:0.443
culture clash:0.43175
surveillance:0.42775
adapted from:book:0.427
brainwashing:0.42575
violence:0.42575
cancer:0.4255
oscar (best directing):0.421
clever:0.41925
crime:0.418
california:0.412
artist:0.41175
affectionate:0.41075
drinking:0.41075
intense:0.40725
censorship:0.40525
imdb top 250:0.4025
good soundtrack:0.39825
oil:0.396
beautifully filmed:0.39575
art:0.39575
police investigation:0.39425
god:0.38725
eccentricity:0.3845
catastrophe:0.3835
visceral:0.383
indie:0.38275
character study:0.37575
reflective:0.3745
unusual plot structure:0.37325
golden palm:0.36775
very interesting:0.366
heartbreaking:0.359
redemption:0.3585
glbt:0.35825
artistic:0.3565
brutality:0.3555
not funny:0.3545
amazing photography:0.3505
highly quotable:0.3465
business:0.3465
