end of the world:0.9765
natural disaster:0.9655
so bad it's funny:0.85075
bad acting:0.82575
horrible:0.82425
bad ending:0.81225
original:0.80125
catastrophe:0.79225
disaster:0.788
apocalypse:0.7565
plot holes:0.7535
free to download:0.74175
idiotic:0.73575
bad science:0.7335
predictable:0.73225
bad plot:0.6995
pointless:0.68725
awful:0.669
dialogue:0.66875
twist ending:0.64925
survival:0.60875
suspense:0.6015
great ending:0.5945
sci fi:0.5925
so bad it's good:0.57625
stupid:0.5745
scifi:0.5735
first contact:0.56875
lame:0.566
death:0.55925
absurd:0.5485
ridiculous:0.5435
pg-13:0.50525
shallow:0.50125
bad cgi:0.4995
sci-fi:0.49
storytelling:0.47625
suspenseful:0.4725
stupidity:0.472
global warming:0.46725
big budget:0.4545
virus:0.45375
special effects:0.45375
mentor:0.444
bad:0.4395
story:0.43925
life philosophy:0.436
overrated:0.43425
bad script:0.42675
science:0.42575
surprise ending:0.41775
science fiction:0.41275
internet:0.4005
paranoia:0.4
destiny:0.3975
scary:0.39225
plot:0.389
supernatural:0.3865
entirely dialogue:0.38575
weird:0.38425
existentialism:0.3785
silly:0.3755
family:0.37325
solitude:0.371
happy ending:0.37075
better than expected:0.36375
zombie:0.3635
cult film:0.35725
not funny:0.35475
stupid as hell:0.35375
nudity (topless - notable):0.3485
twist:0.34675
good:0.34275
twists & turns:0.34025
plot twist:0.33875
lone hero:0.3355
good soundtrack:0.33475
suicide:0.32325
quirky:0.3185
fight scenes:0.3175
environment:0.3155
runaway:0.3155
redemption:0.31425
adaptation:0.3135
unfunny:0.313
intense:0.312
brutality:0.31075
violence:0.31
humanity:0.307
writers:0.30475
unintentionally funny:0.30475
crappy sequel:0.304
chase:0.304
script:0.30175
conspiracy theory:0.30125
action:0.29475
stranded:0.29475
fantasy:0.288
lions:0.2845
good dialogue:0.28375
