documentary:0.85975
life philosophy:0.77425
obsession:0.65975
pornography:0.6135
original:0.57275
indie:0.4895
judaism:0.48225
brazil:0.47675
male nudity:0.4695
israel:0.4485
melancholic:0.448
glbt:0.44225
intimate:0.432
corporate america:0.429
mentor:0.42225
spelling bee:0.41675
1930s:0.41325
loneliness:0.40775
queer:0.40325
catastrophe:0.40325
bollywood:0.38425
hip hop:0.38175
culture clash:0.37025
transgender:0.36725
music business:0.36375
great ending:0.3525
criterion:0.34675
wistful:0.3455
childhood:0.3275
grindhouse:0.32025
not funny:0.315
finnish:0.308
fantasy world:0.28875
brutality:0.27975
hard to watch:0.2785
fake documentary:0.27325
writers:0.27225
narrated:0.2665
classic car:0.26625
drinking:0.2655
very interesting:0.26125
rio de janeiro:0.25975
adaptation:0.25525
nudity (full frontal - brief):0.25225
lone hero:0.251
dysfunctional family:0.24425
overrated:0.24325
slapstick:0.241
weird:0.24075
enigmatic:0.236
cartoon:0.2355
predictable:0.2335
storytelling:0.23
author:neil gaiman:0.2295
hospital:0.2285
good:0.2275
poverty:0.22375
nudity (topless - notable):0.2225
stand-up comedy:0.22025
adoption:0.22025
runaway:0.21775
fight scenes:0.217
capitalism:0.21625
homophobia:0.21375
interracial romance:0.21025
divorce:0.2095
dialogue:0.20925
sacrifice:0.2085
gay character:0.2085
entirely dialogue:0.20825
bad plot:0.208
first contact:0.20675
nudity (full frontal - notable):0.20675
harsh:0.20475
family:0.20425
spanish:0.20375
oscar (best foreign language film):0.20325
jewish:0.20325
depression:0.203
adapted from:book:0.20275
happy ending:0.202
death:0.2015
greed:0.20125
artist:0.2005
life & death:0.2005
redemption:0.20025
movielens top pick:0.1995
guilt:0.19475
destiny:0.19475
visually appealing:0.1945
tokyo:0.19075
too long:0.19
homeless:0.1895
suprisingly clever:0.18925
islam:0.18725
music:0.18625
off-beat comedy:0.1845
unlikely friendships:0.18275
unfunny:0.182
sexual abuse:0.1815
