loneliness:0.91125
based on a play:0.90275
talky:0.89825
drinking:0.884
hotel:0.84975
criterion:0.839
drama:0.83
oscar (best actress):0.80975
sexy:0.79225
reflective:0.75675
compassionate:0.73
runaway:0.68675
intimate:0.6655
downbeat:0.66125
social commentary:0.6555
black and white:0.6545
gunfight:0.64175
original:0.64
enigmatic:0.63875
complex characters:0.637
good soundtrack:0.627
classic:0.62525
mentor:0.62425
adaptation:0.601
crime gone awry:0.59625
dramatic:0.59425
oscar (best supporting actress):0.59375
greed:0.5715
corruption:0.56525
witty:0.55975
character study:0.54825
affectionate:0.548
golden palm:0.5465
bleak:0.5405
insanity:0.53575
great acting:0.52875
redemption:0.5255
texas:0.5195
narrated:0.49275
dark humor:0.49225
melancholy:0.49025
black comedy:0.4895
dialogue:0.489
death:0.4865
entirely dialogue:0.47775
movielens top pick:0.47575
sexual:0.475
passionate:0.4505
relationships:0.44775
depressing:0.4425
life & death:0.4415
satirical:0.44025
interesting:0.43775
poignant:0.4375
atmospheric:0.43675
cathartic:0.4365
nudity (full frontal - notable):0.432
mexico:0.42975
cynical:0.42775
oscar (best directing):0.42575
mental illness:0.4225
demons:0.4185
cinematography:0.41825
harsh:0.41425
catastrophe:0.39925
great:0.39775
idealism:0.39575
ironic:0.3945
photography:0.39325
gangsters:0.3905
melancholic:0.38775
pornography:0.38725
brutality:0.383
meditative:0.38275
powerful ending:0.373
quirky:0.37175
small town:0.3695
dialogue driven:0.3675
british:0.3655
poetry:0.36425
depression:0.3635
great ending:0.36075
underrated:0.3595
thought-provoking:0.358
life philosophy:0.3575
intellectual:0.35625
not funny:0.3545
stylized:0.3525
nocturnal:0.3505
grim:0.3485
very interesting:0.3465
culture clash:0.344
eccentricity:0.34375
sexuality:0.34325
teacher:0.33775
cult classic:0.33575
biting:0.33475
complex:0.3345
justice:0.3345
macabre:0.33175
