disaster:0.973
so bad it's funny:0.91425
camp:0.85325
monster:0.8525
bad plot:0.822
special effects:0.81675
bad acting:0.81075
pointless:0.80625
predictable:0.7725
original:0.7645
dialogue:0.753
campy:0.7315
natural disaster:0.718
horrible:0.713
idiotic:0.672
silly:0.66925
weapons:0.64325
bad cgi:0.626
bad script:0.61625
unintentionally funny:0.61425
awful:0.5995
ridiculous:0.598
grindhouse:0.594
bad:0.578
spiders:0.5555
mad scientist:0.54825
catastrophe:0.544
sci fi:0.531
ensemble cast:0.526
death:0.52525
sci-fi:0.52175
survival:0.52
franchise:0.51925
great ending:0.515
mentor:0.5075
horror:0.50075
scary:0.499
big budget:0.49575
plot holes:0.4815
first contact:0.469
allegory:0.464
bad science:0.46175
splatter:0.45875
cult film:0.454
entirely dialogue:0.45
so bad it's good:0.44225
script:0.436
cheesy:0.4235
action:0.42275
fantasy world:0.402
pulp:0.4
scifi:0.397
overrated:0.39625
runaway:0.39625
island:0.393
silly fun:0.39075
story:0.3905
stupid:0.38725
life philosophy:0.386
small town:0.38175
adaptation:0.38125
destiny:0.381
brutality:0.3785
unusual plot structure:0.3785
lame:0.37725
monsters:0.376
family:0.3745
not funny:0.37325
1970s:0.368
bombs:0.3555
guilty pleasure:0.35175
stupid as hell:0.34975
boring:0.3465
fun:0.34325
crappy sequel:0.33375
fight scenes:0.331
zombie:0.33025
suspense:0.3245
violence:0.32375
alien:0.31875
snakes:0.318
chase:0.31625
absurd:0.315
romance:0.3115
too long:0.311
good action:0.307
mutants:0.30525
imdb top 250:0.3035
gangsters:0.30025
dreamlike:0.29975
fantasy:0.29475
hospital:0.2945
bad ending:0.2935
slapstick:0.29175
quirky:0.291
effects:0.28925
storytelling:0.28375
lone hero:0.28375
virus:0.282
vengeance:0.28025
