christian:0.9935
god:0.97775
christianity:0.96875
courage:0.96425
jesus:0.951
religion:0.93175
story:0.90975
single father:0.8535
biblical:0.84125
parenthood:0.8385
action:0.77
family:0.76925
pg-13:0.769
feel-good:0.73675
inspirational:0.732
inspiring:0.727
mentor:0.72275
runaway:0.691
dialogue:0.6595
emotional:0.64475
better than expected:0.64475
children:0.6415
touching:0.63175
fight scenes:0.617
father-son relationship:0.615
feel good movie:0.6055
original:0.6055
drama:0.5865
brothers:0.54425
marriage:0.5435
father son relationship:0.5395
excellent script:0.535
happy ending:0.534
propaganda:0.52825
big budget:0.52725
heartwarming:0.527
beautiful scenery:0.51825
good action:0.5105
great:0.509
reflective:0.49275
divorce:0.4915
made for tv:0.491
catastrophe:0.484
good:0.47825
apocalypse:0.4755
family drama:0.46725
idealism:0.467
sad:0.46375
sacrifice:0.4615
good acting:0.45975
redemption:0.45125
predictable:0.4435
car chase:0.43875
action packed:0.438
sappy:0.427
dramatic:0.42625
family bonds:0.426
sentimental:0.422
storytelling:0.42025
poverty:0.41675
brutality:0.40775
brainwashing:0.39675
morality:0.391
dysfunctional family:0.38975
transformation:0.3885
police corruption:0.38475
father daughter relationship:0.384
stereotypes:0.3825
chase:0.3825
childhood:0.378
secrets:0.36825
honest:0.365
small town:0.361
life philosophy:0.3605
hospital:0.35675
so bad it's funny:0.354
relationships:0.3455
justice:0.344
very good:0.341
plot:0.3325
catholicism:0.32925
police investigation:0.3265
guilt:0.324
torture:0.31325
nocturnal:0.3125
special effects:0.3125
world politics:0.308
adapted from:book:0.30725
grindhouse:0.30475
great ending:0.30325
adoption:0.30225
hip hop:0.3015
script:0.2995
life:0.29775
culture clash:0.2935
suprisingly clever:0.29175
excellent:0.29075
unfunny:0.2895
tokyo:0.28525
entertaining:0.28275
