kids:0.9405
children:0.92975
kids and family:0.9
action:0.81975
spies:0.81275
fun:0.79925
spying:0.797
spy:0.77175
fight scenes:0.75475
original:0.6665
espionage:0.666
family:0.5895
predictable:0.5655
fun movie:0.555
dialogue:0.5165
ninja:0.51625
martial arts:0.51275
cute!:0.51225
mentor:0.501
so bad it's funny:0.47125
slapstick:0.4665
cute:0.44725
silly:0.44475
good action:0.43425
bad plot:0.42725
entertaining:0.42675
bullying:0.41825
bad acting:0.3855
catastrophe:0.37975
lone hero:0.37325
great ending:0.37025
overrated:0.36825
silly fun:0.362
chase:0.361
action packed:0.3575
pg:0.35425
fantasy world:0.3495
adventure:0.345
idiotic:0.342
kung fu:0.34
secrets:0.3305
comedy:0.324
not funny:0.324
storytelling:0.32175
happy ending:0.3125
hong kong:0.30675
mad scientist:0.29675
special effects:0.2935
childhood:0.28975
destiny:0.2875
entirely dialogue:0.28375
secret service:0.2765
runaway:0.27225
first contact:0.268
good:0.2675
superheroes:0.266
great:0.26325
life philosophy:0.2565
relationships:0.25475
pg-13:0.2535
cool:0.249
natural disaster:0.24625
clever:0.2445
brutality:0.2435
russian:0.2415
cia:0.238
unfunny:0.2355
race:0.23525
adaptation:0.2345
romance:0.23275
dog:0.232
corny:0.229
gangsters:0.225
writers:0.223
spelling bee:0.22125
remake:0.216
plot:0.21575
redemption:0.21575
crude humor:0.2155
single father:0.2155
franchise:0.2155
story:0.21325
culture clash:0.21125
stereotypes:0.20875
violence:0.20875
betrayal:0.2075
dysfunctional family:0.2065
superhero:0.2065
multiple storylines:0.20625
shallow:0.20375
disaster:0.20325
computer game:0.1995
very funny:0.1975
twists & turns:0.197
car chase:0.19625
fighting:0.196
bad:0.194
light:0.1935
pointless:0.18975
fantasy:0.18425
