comedy:0.85575
parody:0.80675
silly fun:0.75
silly:0.71675
original:0.60875
absurd:0.60575
goofy:0.59575
unfunny:0.59275
pointless:0.5625
based on a book:0.55275
spying:0.551
so bad it's funny:0.54975
british:0.54725
slapstick:0.51325
british comedy:0.51075
catastrophe:0.4965
adventure:0.491
predictable:0.4875
bad plot:0.47025
spy:0.44775
art:0.4325
very funny:0.41775
quirky:0.414
fun movie:0.4095
action:0.40875
dialogue:0.4
great ending:0.399
secret service:0.39125
funny:0.39125
farce:0.38025
mentor:0.38
ridiculous:0.3775
life philosophy:0.372
humorous:0.3705
weird:0.35825
caper:0.3535
entirely dialogue:0.348
storytelling:0.3445
spoof:0.342
fight scenes:0.319
obsession:0.318
not funny:0.31725
humor:0.312
idiotic:0.31
adaptation:0.30975
fun:0.3085
writers:0.3065
london:0.30275
clever:0.3005
first contact:0.2985
overrated:0.2975
brutality:0.29575
crude humor:0.28925
pornography:0.28675
cult film:0.284
police investigation:0.2825
bad acting:0.277
fantasy world:0.2765
adapted from:book:0.273
better than expected:0.267
destiny:0.26625
hilarious:0.26225
chase:0.2605
stereotypes:0.26
lone hero:0.25575
good soundtrack:0.2555
franchise:0.25325
melancholic:0.25275
boring:0.24875
boring!:0.24725
twists & turns:0.236
detective:0.234
runaway:0.234
gangsters:0.231
shallow:0.23
nudity (full frontal - brief):0.22775
adapted from:comic:0.22575
pg-13:0.21825
nudity (full frontal - notable):0.216
eccentricity:0.2155
justice:0.21475
entertaining:0.21075
disaster:0.2075
good:0.20425
suprisingly clever:0.201
secrets:0.20075
light:0.20075
enigmatic:0.19925
dark humor:0.1975
vengeance:0.19725
bad ending:0.196
greed:0.1955
excellent script:0.19275
passionate:0.192
existentialism:0.1915
criterion:0.191
stupid as hell:0.19075
creativity:0.19075
spies:0.189
culture clash:0.18675
