teen movie:0.99725
teen:0.99675
virginity:0.9945
teens:0.98875
comedy:0.98775
high school:0.986
teenager:0.98475
adolescence:0.98475
geeks:0.9695
coming of age:0.955
teenagers:0.946
sex comedy:0.94425
dumb:0.9405
humor:0.939
funny:0.937
hilarious:0.93
funniest movies:0.9245
sexual:0.91625
stupid as hell:0.9105
sexuality:0.89075
humorous:0.89
pornography:0.879
goofy:0.864
stereotypes:0.858
nudity (topless - notable):0.857
sex:0.842
pg-13:0.83525
gross-out:0.83325
coming-of-age:0.8325
beer:0.82075
very funny:0.81
stupidity:0.80525
funny as hell:0.79825
cheerleading:0.78325
crude humor:0.7695
male nudity:0.7325
geek:0.732
girlie movie:0.72975
original:0.72675
good soundtrack:0.72525
drinking:0.717
silly fun:0.71275
good:0.69275
dumb but funny:0.6895
sexy:0.686
amy smart:0.68
school:0.65375
fun movie:0.64975
runaway:0.64975
foul language:0.635
road trip:0.63275
nudity:0.63225
stupid:0.63125
nerds:0.6095
chase:0.602
dialogue:0.5855
friendship:0.584
quotable:0.582
parody:0.58175
bullying:0.581
great ending:0.579
camp:0.57675
excellent script:0.5685
80s:0.565
hillarious:0.5625
honest:0.55825
silly:0.55
internet:0.54975
story:0.5485
idiotic:0.54525
nudity (topless):0.5425
predictable:0.54225
lame:0.53675
unlikely friendships:0.53
censorship:0.52975
fun:0.52775
mentor:0.52525
saturday night live:0.52225
great movie:0.52025
vengeance:0.519
highly quotable:0.51475
catastrophe:0.5135
realistic:0.511
slapstick:0.50875
awesome soundtrack:0.5075
cult classic:0.50375
suspense:0.49675
enormously long battle scene:0.49425
revenge:0.4915
shallow:0.4855
good action:0.47575
violence:0.473
cool:0.47225
intense:0.46725
great:0.4645
plot:0.459
better than expected:0.457
nudity (full frontal - brief):0.4525
storytelling:0.449
adapted from:book:0.449
