paris:0.96725
new york:0.9545
french:0.8425
original:0.806
life philosophy:0.76975
feel-good:0.7655
friendship:0.76
france:0.75075
feel good movie:0.7355
drinking:0.71475
new york city:0.71175
foreign:0.7105
relationships:0.7085
complicated:0.6835
social commentary:0.68
unlikely friendships:0.65975
mentor:0.653
sarcasm:0.63075
magic realism:0.6295
dialogue:0.62625
very funny:0.616
childhood:0.604
parenthood:0.59375
solitude:0.59275
great ending:0.58725
good soundtrack:0.5785
drama:0.5685
humorous:0.55775
loneliness:0.54575
existentialism:0.54225
movielens top pick:0.5365
idealism:0.535
cool:0.53175
fun movie:0.5315
talky:0.52675
trilogy:0.5265
new jersey:0.52225
adultery:0.51925
pg-13:0.51825
excellent script:0.51725
classic car:0.509
interesting:0.5045
runaway:0.49875
humor:0.49725
imdb top 250:0.49575
dark hero:0.48975
gunfight:0.48725
destiny:0.481
witty:0.48025
story:0.479
ethnic conflict:0.47875
melancholic:0.47525
quotable:0.47175
melancholy:0.47175
literature:0.469
reflective:0.46725
intense:0.467
harsh:0.4655
honest:0.46225
entirely dialogue:0.45375
plot twist:0.45325
technology:0.45225
comedy:0.4465
oscar (best directing):0.43775
crime gone awry:0.4335
bittersweet:0.43325
holiday:0.433
powerful ending:0.4315
lesbian:0.43025
mindfuck:0.42475
happy ending:0.423
suprisingly clever:0.4225
first contact:0.4195
dialogue driven:0.41475
underrated:0.41425
culture clash:0.41375
brutality:0.41225
redemption:0.41
catastrophe:0.40875
great:0.4
touching:0.39925
oscar (best writing - screenplay written directly for the screen):0.39875
realistic:0.398
clever:0.3885
sentimental:0.3775
stylized:0.37575
suspense:0.37375
poignant:0.37375
storytelling:0.3705
excellent:0.3675
romantic:0.3625
moral ambiguity:0.36125
writers:0.35375
unusual plot structure:0.3485
complex:0.34775
lone hero:0.3445
hotel:0.34425
philosophical:0.3425
creativity:0.3395
based on a play:0.338
