romantic comedy:0.97525
paris:0.962
romantic:0.958
romance:0.9045
marriage:0.85775
comedy:0.85425
love story:0.764
good romantic comedies:0.761
happy ending:0.759
funny:0.7465
destiny:0.7445
feel-good:0.69475
story:0.678
original:0.67675
france:0.627
feel good movie:0.589
relationships:0.579
mentor:0.561
storytelling:0.5555
life philosophy:0.547
very funny:0.54525
light:0.54125
great:0.526
predictable:0.5025
sweet:0.5
great ending:0.486
good:0.479
catastrophe:0.465
screwball:0.449
drama:0.441
sentimental:0.4405
redemption:0.44
pg-13:0.4395
first contact:0.434
beautiful scenery:0.4255
narrated:0.41775
dialogue:0.41725
unfunny:0.39675
road movie:0.39625
girlie movie:0.3955
chick flick:0.3935
transformation:0.38925
basketball:0.38525
sacrifice:0.3835
betrayal:0.38125
unusual plot structure:0.38125
culture clash:0.37825
dramatic:0.37575
clever:0.375
divorce:0.35825
sappy:0.355
witty:0.35225
sports:0.34475
good soundtrack:0.34375
quirky:0.341
melancholic:0.339
creativity:0.338
humorous:0.3345
earnest:0.33175
chase:0.3185
suprisingly clever:0.3175
plot:0.3165
overrated:0.3145
family:0.31225
inspirational:0.3115
reflective:0.31
great movie:0.30925
tricky:0.309
runaway:0.30775
brutality:0.30675
hospital:0.30525
cute:0.299
harsh:0.29875
lone hero:0.29575
writers:0.2945
entertaining:0.293
shallow:0.2895
visually stunning:0.2885
fantasy world:0.2885
intense:0.2855
natural disaster:0.2855
macabre:0.28325
adaptation:0.28175
suspense:0.28125
mozart:0.2775
not funny:0.27725
honest:0.27325
wedding:0.2705
fun movie:0.2675
childhood:0.267
vengeance:0.2625
unlikely friendships:0.258
justice:0.255
hilarious:0.25325
multiple storylines:0.252
interesting:0.2515
entirely dialogue:0.25
slapstick:0.2485
absurd:0.24725
doctors:0.24725
