horror:0.9485
splatter:0.929
murder:0.904
dark humor:0.90125
police investigation:0.89525
macabre:0.88125
suspense:0.8655
gruesome:0.85375
violent:0.8365
death:0.83575
original:0.828
brutality:0.81925
violence:0.806
gory:0.80275
bloody:0.7775
cult classic:0.7725
great:0.76875
fight scenes:0.76475
shakespeare:0.7555
revenge:0.74575
blood:0.74375
vengeance:0.74025
stylish:0.72675
dark:0.717
intense:0.71475
serial killer:0.70425
grim:0.70275
creepy:0.67825
black comedy:0.6675
dark hero:0.663
claustrophobic:0.65775
corruption:0.6515
great movie:0.64675
dialogue:0.64525
suspenseful:0.6395
atmospheric:0.634
cult film:0.6245
adaptation:0.6245
visceral:0.62225
interesting:0.61775
fun movie:0.61575
oscar (best directing):0.607
original plot:0.6045
chase:0.60325
crime:0.597
great ending:0.594
tense:0.5925
obsession:0.5875
thriller:0.576
camp:0.5735
entertaining:0.571
oscar (best effects - visual effects):0.57
harsh:0.56875
tragedy:0.56275
gratuitous violence:0.56125
survival:0.557
good:0.55525
awesome soundtrack:0.545
good acting:0.54325
nocturnal:0.53925
cult:0.539
brutal:0.536
justice:0.5325
demons:0.532
censorship:0.5285
oscar (best actress):0.5245
campy:0.522
fun:0.51825
disturbing:0.516
imdb top 250:0.51175
zombie:0.51075
great acting:0.5075
catastrophe:0.50525
gothic:0.5005
stylized:0.495
investigation:0.49025
runaway:0.488
alter ego:0.48525
goth:0.48375
visual:0.47875
ensemble cast:0.47775
story:0.47375
cinematography:0.471
lone hero:0.47
dark comedy:0.4645
greed:0.4625
scary:0.46175
mad scientist:0.46075
criterion:0.45825
eerie:0.456
witty:0.45475
light:0.45225
gritty:0.44775
humorous:0.44525
oscar (best supporting actress):0.43825
monster:0.438
exceptional acting:0.437
forceful:0.4365
slasher:0.43325
weird:0.4295
