homeless:0.89775
horror:0.87775
social commentary:0.871
plot holes:0.84875
violence:0.83125
suspense:0.794
original:0.78725
family:0.7815
dystopia:0.7555
murder:0.75475
survival:0.74925
predictable:0.7405
crime:0.7225
stupid as hell:0.70625
stupid:0.6935
so bad it's funny:0.692
pg-13:0.657
surveillance:0.65675
natural disaster:0.637
idiotic:0.627
catastrophe:0.6175
absurd:0.6005
weapons:0.599
suspenseful:0.5985
serial killer:0.59825
scary:0.5935
intense:0.575
violent:0.57425
thriller:0.5715
brutality:0.56425
bad plot:0.5615
horrible:0.5565
twist:0.5275
bad ending:0.52725
unlikeable characters:0.5225
stupidity:0.50825
action:0.508
torture:0.50725
bad acting:0.50275
twist ending:0.4995
dumb:0.49
revenge:0.4885
pointless:0.488
shallow:0.48275
bloody:0.48225
plot:0.482
futuristic:0.48075
silly:0.48
brutal:0.47825
twists & turns:0.46075
police investigation:0.459
gratuitous violence:0.455
dialogue:0.45425
creepy:0.45425
allegory:0.45425
great ending:0.45325
future:0.449
better than expected:0.44775
ridiculous:0.4425
unrealistic:0.43825
reality tv:0.42525
stereotypes:0.42375
bad cgi:0.4155
chase:0.40975
mentor:0.40675
story:0.40425
lame:0.40175
pornography:0.401
interesting:0.3955
vengeance:0.39175
satire:0.38875
family drama:0.3875
justice:0.38625
fight scenes:0.38375
betrayal:0.37825
greed:0.373
apocalypse:0.36925
writers:0.3625
lone hero:0.3625
sci fi:0.3495
demons:0.34425
life philosophy:0.34175
blood:0.34075
tense:0.33775
fantasy world:0.3355
technology:0.3355
runaway:0.33475
not funny:0.33275
corruption:0.3275
internet:0.326
alternate reality:0.3255
psychological:0.32225
good soundtrack:0.32225
dysfunctional family:0.32225
moral ambiguity:0.31625
vigilante:0.316
genocide:0.3135
great:0.31325
police corruption:0.3125
storytelling:0.31225
