horses:0.99775
animals:0.846
adventure:0.8395
family:0.7795
story:0.7735
good:0.7585
original:0.737
hunting:0.72475
destiny:0.708
classic:0.6745
girlie movie:0.66425
fun movie:0.59475
mentor:0.55825
chase:0.55675
biopic:0.554
beautiful scenery:0.53125
inspirational:0.52475
animal movie:0.5075
suprisingly clever:0.4975
creativity:0.494
betrayal:0.4835
light:0.4755
dialogue:0.4725
based on a book:0.46425
redemption:0.46175
costume drama:0.4585
catastrophe:0.4425
scotland:0.441
cinematography:0.434
period piece:0.41575
based on true story:0.4145
childhood:0.4135
animation:0.4065
england:0.40525
romantic:0.401
adaptation:0.3705
storytelling:0.36
solitude:0.35925
not funny:0.35775
great ending:0.35275
oscar:0.34725
great:0.34725
1970s:0.34625
runaway:0.343
adapted from:book:0.3385
predictable:0.33475
life philosophy:0.33075
idealism:0.32975
children:0.3265
oscar (best actress):0.3225
feel good movie:0.322
melancholic:0.32175
silly:0.31525
culture clash:0.315
fun:0.31475
happy ending:0.30225
unlikely friendships:0.29475
animated:0.29375
original plot:0.2875
love story:0.28575
art:0.28025
brutality:0.27875
sweet:0.2785
indians:0.27675
death:0.2755
earnest:0.27525
rags to riches:0.2745
cute:0.2735
oscar (best directing):0.27175
lone hero:0.27175
disney:0.27075
first contact:0.264
friendship:0.26175
literature:0.26075
san francisco:0.26025
dramatic:0.2585
women:0.25575
romantic comedy:0.25575
hospital:0.255
depression:0.25475
tear jerker:0.25125
alternate history:0.24975
honest:0.24925
entirely dialogue:0.249
secrets:0.24875
oscar (best supporting actress):0.246
biographical:0.2445
beautiful:0.244
great movie:0.2435
entertaining:0.2435
criterion:0.24175
unfunny:0.239
talking animals:0.23725
war:0.233
justice:0.23125
life:0.2285
emotional:0.22725
breathtaking:0.22575
bittersweet:0.22475
loneliness:0.22275
