teen:0.9895
geeks:0.9785
teen movie:0.9755
nerds:0.9705
college:0.96575
teens:0.9595
comedy:0.95075
high school:0.94875
goofy:0.941
1980s:0.90425
80s:0.90275
stereotypes:0.89475
fun movie:0.8895
quotable:0.88
beer:0.85
bullying:0.838
geek:0.83475
cult classic:0.817
franchise:0.79925
hilarious:0.795
funny:0.78475
cheerleading:0.763
nostalgic:0.74425
nudity:0.72925
very funny:0.72125
notable nudity:0.70225
drinking:0.6965
weed:0.69625
revenge:0.69575
road trip:0.694
nudity (full frontal - notable):0.681
original:0.681
good soundtrack:0.6785
classic:0.641
silly fun:0.64
mentor:0.622
awesome soundtrack:0.6205
sex comedy:0.6175
funniest movies:0.61625
school:0.61125
fun:0.60075
silly:0.58625
humorous:0.58225
good:0.578
dumb but funny:0.56375
pg-13:0.55975
pornography:0.557
chase:0.55475
dumb:0.552
highly quotable:0.53725
humor:0.53575
crude humor:0.52625
dialogue:0.5255
virginity:0.521
underdog:0.521
great ending:0.51725
adolescence:0.513
teenager:0.50425
stoner movie:0.488
cult film:0.4785
stupidity:0.4665
runaway:0.46425
irreverent:0.458
parody:0.45775
great movie:0.454
culture clash:0.4505
coming of age:0.44575
feel-good:0.4445
predictable:0.4415
great soundtrack:0.4255
buddy movie:0.42425
great:0.422
coming-of-age:0.422
childhood:0.4195
catastrophe:0.418
nudity (topless - notable):0.41675
nostalgia:0.41525
nudity (full frontal):0.40625
slapstick:0.40125
story:0.40125
storytelling:0.3985
gross-out:0.3975
amy smart:0.3865
unlikely friendships:0.3835
suprisingly clever:0.3815
feel good movie:0.38075
slackers:0.37775
funny as hell:0.374
brutality:0.37175
unfunny:0.36675
vengeance:0.36675
guilty pleasure:0.36625
cool:0.3655
good dialogue:0.3655
friendship:0.36175
weapons:0.355
good sequel:0.35475
adaptation:0.3525
nudity (full frontal - brief):0.34475
harsh:0.34375
