splatter:0.987
horror:0.97925
zombie:0.91625
monster:0.89525
cult classic:0.824
original:0.8205
mutants:0.814
zombies:0.7815
bad plot:0.77825
grindhouse:0.75
demons:0.7305
silly fun:0.7235
goofy:0.7125
camp:0.70425
bloody:0.68975
cheesy:0.6865
predictable:0.67875
stupid:0.6675
teens:0.6645
scary:0.6575
cult film:0.636
pointless:0.633
stupid as hell:0.632
horrible:0.631
silly:0.61625
mad scientist:0.596
gory:0.586
so bad it's funny:0.58425
comedy:0.57175
monsters:0.5605
campy:0.558
teen movie:0.5235
idiotic:0.51975
bad acting:0.5195
humorous:0.50525
80s:0.49475
brutality:0.48875
slapstick:0.48475
overrated:0.477
blood:0.46725
mentor:0.459
goretastic:0.455
teen:0.4525
halloween:0.4475
dialogue:0.44475
homeless:0.44075
high school:0.4365
low budget:0.4335
sequels:0.429
fun:0.42625
so bad it's good:0.42425
disaster:0.42375
great ending:0.4225
good soundtrack:0.40425
nerds:0.403
weird:0.40025
1980s:0.39825
sci-fi:0.39475
sexy:0.3945
sequel:0.38975
violence:0.389
afterlife:0.38425
first contact:0.37425
fantasy world:0.37175
catastrophe:0.36475
ridiculous:0.36175
lame:0.361
creepy:0.3605
vampire human love:0.35925
sci fi:0.353
fight scenes:0.353
gore:0.3505
nocturnal:0.3495
graphic novel:0.34725
stupidity:0.34725
virus:0.3455
weapons:0.33925
funny as hell:0.3365
entirely dialogue:0.3325
hospital:0.332
melancholic:0.3305
voodoo:0.33025
adaptation:0.32775
lone hero:0.316
cult:0.316
vengeance:0.31575
storytelling:0.312
quirky:0.311
boring:0.31
redemption:0.3095
great:0.3085
crappy sequel:0.3065
not funny:0.30625
snakes:0.306
franchise:0.30225
fun movie:0.30025
greed:0.2955
slasher:0.2945
special effects:0.29325
dreamlike:0.28925
