women:0.8335
girlie movie:0.7335
predictable:0.71375
chick flick:0.6975
bad plot:0.655
cheating:0.64675
original:0.627
catastrophe:0.5995
revenge:0.588
idiotic:0.57275
divorce:0.564
drama:0.5635
internet:0.529
sexy:0.528
bad:0.51075
so bad it's funny:0.50775
pornography:0.49725
teen movie:0.48925
bad acting:0.48775
action:0.48525
vengeance:0.4815
mentor:0.47875
violence:0.463
horrible:0.463
happy ending:0.45725
fight scenes:0.448
chase:0.447
car chase:0.4465
dialogue:0.43925
unrealistic:0.4325
plot holes:0.42875
pg-13:0.42125
family:0.41625
great ending:0.41375
natural disaster:0.4085
stupid:0.40725
good:0.40225
brutality:0.40175
betrayal:0.40075
kidnapping:0.399
san francisco:0.39275
murder:0.387
thriller:0.38325
runaway:0.3815
nudity (full frontal - brief):0.3735
guilty pleasure:0.37225
not funny:0.36625
manipulation:0.3565
police investigation:0.35525
better than expected:0.35325
fantasy world:0.34675
stereotypes:0.34175
silly:0.341
suspense:0.3385
marriage:0.33825
blindness:0.3375
romantic comedy:0.336
first contact:0.33575
ridiculous:0.33525
bad cgi:0.33525
life philosophy:0.32375
disaster:0.3115
lawyers:0.30125
lone hero:0.2995
suspenseful:0.29825
great:0.29575
justice:0.292
culture clash:0.28625
bullying:0.28575
destiny:0.2815
fantasy:0.27325
lawyer:0.26925
overrated:0.26825
slapstick:0.26425
unfunny:0.26025
intense:0.2595
entirely dialogue:0.256
fun movie:0.254
franchise:0.251
bad ending:0.2505
good soundtrack:0.24675
adaptation:0.246
good action:0.24575
big budget:0.23625
crappy sequel:0.234
storytelling:0.2305
classic car:0.22925
pulp:0.22875
action packed:0.2285
story:0.2235
teen:0.221
fashion:0.22025
unintentionally funny:0.21925
moral ambiguity:0.2165
weapons:0.216
good versus evil:0.21425
entertaining:0.2135
crude humor:0.21175
violent:0.211
redemption:0.21075
