kung fu:0.9865
martial arts:0.9805
fight scenes:0.976
action:0.889
fighting:0.86425
adventure:0.84375
hong kong:0.814
action packed:0.79175
fun movie:0.78875
chase:0.7775
original:0.761
great:0.71325
comedy:0.69275
good action:0.6765
fast paced:0.66325
motorcycle:0.638
fun:0.6335
runaway:0.60475
desert:0.596
goofy:0.589
entertaining:0.5645
mentor:0.5475
good:0.53025
dialogue:0.50625
very funny:0.50325
car chase:0.50325
slapstick:0.50075
funny:0.491
humorous:0.48075
great movie:0.47775
cool:0.46875
beautiful scenery:0.45625
pg-13:0.45575
kick-butt women:0.44
silly:0.4125
women:0.41175
good soundtrack:0.40875
transformation:0.40775
catastrophe:0.4055
stereotypes:0.39
indiana jones:0.38825
story:0.38825
nazi:0.38375
vengeance:0.38125
great ending:0.3805
ninja:0.37625
franchise:0.37375
life philosophy:0.3705
visually stunning:0.37
nazis:0.3675
culture clash:0.35425
grindhouse:0.34625
egypt:0.34275
wuxia:0.3415
awesome soundtrack:0.3415
dark hero:0.327
sequels:0.3265
suprisingly clever:0.32625
exciting:0.3255
big budget:0.32425
lone hero:0.3235
gunfight:0.32325
storytelling:0.3215
sword fight:0.3185
redemption:0.318
corny:0.3135
sexy:0.31175
africa:0.3095
treasure:0.30825
criterion:0.3065
entirely dialogue:0.3035
melancholic:0.30325
clever:0.2985
weird:0.297
childhood:0.2915
nudity (full frontal - brief):0.29
silly fun:0.29
light:0.28825
007:0.28525
violence:0.2845
fantasy world:0.283
explosions:0.28125
so bad it's funny:0.28125
brutality:0.27625
adaptation:0.27625
distopia:0.2755
breathtaking:0.274
hilarious:0.273
visually appealing:0.273
dynamic cgi action:0.2685
unusual plot structure:0.268
destiny:0.268
end of the world:0.26675
very good:0.262
unfunny:0.26025
visual:0.2595
quirky:0.25775
harsh:0.25675
tokyo:0.25525
first contact:0.25275
