magic:0.951
children:0.9405
witch:0.90575
witches:0.88025
london:0.87625
disney:0.868
musical:0.85575
family:0.8305
cartoon:0.8265
animation:0.80175
animals:0.79225
adventure:0.787
adapted from:book:0.77525
fun movie:0.775
original:0.74375
childhood:0.74325
fantasy:0.73475
fairy tale:0.73375
fantasy world:0.729
whimsical:0.71175
classic:0.71
road movie:0.6665
fun:0.66025
kids:0.6465
kids and family:0.6425
world war ii:0.633
england:0.609
special effects:0.58325
lions:0.56575
good:0.561
british:0.551
animated:0.53575
island:0.5205
orphans:0.51525
computer animation:0.50275
cute:0.4945
great:0.493
adaptation:0.48525
wizards:0.47475
cute!:0.4705
story:0.47
rabbits:0.4695
runaway:0.45525
nazis:0.45275
great ending:0.444
entertaining:0.44175
snakes:0.44
nazi:0.42625
good music:0.41575
greed:0.41275
catastrophe:0.41025
sweet:0.40475
mentor:0.40175
dragons:0.4015
culture clash:0.395
dialogue:0.391
beautiful scenery:0.3855
talking animals:0.3685
good versus evil:0.36525
dancing:0.3635
dark fantasy:0.36
light:0.358
good soundtrack:0.35525
medieval:0.35475
silly fun:0.352
based on book:0.3505
chase:0.35025
animal movie:0.34075
brothers:0.3315
destiny:0.3295
imagination:0.3255
great movie:0.324
secrets:0.323
high fantasy:0.31725
storytelling:0.31125
stereotypes:0.309
not funny:0.3055
loneliness:0.30225
clever:0.30125
fairy tales:0.30075
disney animated feature:0.298
based on a play:0.29275
supernatural:0.2915
books:0.2915
1970s:0.28775
silly:0.2865
melancholic:0.28625
wwii:0.28575
music:0.2745
heartwarming:0.2735
switching places:0.2675
oscar winner:0.267
oscar:0.26575
action:0.26525
justice:0.26475
brutality:0.263
life philosophy:0.25625
quirky:0.25525
pg-13:0.2545
underrated:0.25275
