sequels:0.97125
good sequel:0.97075
sequel:0.955
disney:0.88725
animation:0.86175
original:0.7945
treasure hunt:0.79325
cartoon:0.7065
family:0.69325
animals:0.68725
good:0.67725
computer animation:0.6745
bad plot:0.6735
crappy sequel:0.59075
story:0.52
great ending:0.51875
happy ending:0.512
nostalgic:0.4945
childhood:0.46525
mentor:0.453
catastrophe:0.448
great:0.44125
not as good as the first:0.4365
stereotypes:0.425
destiny:0.4225
kids:0.41975
adventure:0.40175
animated:0.39625
animal movie:0.39575
predictable:0.39525
franchise:0.3915
transformation:0.3885
original plot:0.382
talking animals:0.3775
suprisingly clever:0.3715
not funny:0.36525
dynamic cgi action:0.36225
dialogue:0.35125
children:0.349
culture clash:0.3425
greed:0.34225
kids and family:0.341
fun:0.328
nudity (full frontal - brief):0.32675
big budget:0.32375
disney animated feature:0.3155
fight scenes:0.30825
runaway:0.30725
enigmatic:0.30725
storytelling:0.307
good soundtrack:0.305
life philosophy:0.29975
indians:0.29225
mythology:0.29175
good action:0.28775
magic:0.28525
adaptation:0.2845
very funny:0.284
redemption:0.28
brutality:0.27925
trilogy:0.27225
lone hero:0.272
very good:0.27075
dysfunctional family:0.26325
creativity:0.2595
first contact:0.25775
series:0.2555
unusual plot structure:0.25375
oscar (best music - original song):0.25325
pg-13:0.24975
natural disaster:0.249
fun movie:0.24825
clever:0.248
shallow:0.24425
goofy:0.24425
action:0.244
pornography:0.24375
overrated:0.243
adapted from:book:0.23975
cute:0.239
cancer:0.2375
betrayal:0.2365
so bad it's funny:0.23525
action packed:0.23475
unfunny:0.2345
adoption:0.23425
sentimental:0.2285
vengeance:0.2275
crude humor:0.22575
melancholic:0.2245
island:0.22325
plot holes:0.223
entertaining:0.22225
visually appealing:0.22125
death:0.219
clones:0.21725
revenge:0.21475
entirely dialogue:0.214
silly:0.21175
great movie:0.202
