stand-up comedy:0.8735
original:0.85975
documentary:0.799
goofy:0.76975
chase:0.7545
highly quotable:0.75225
relationships:0.74975
television:0.74275
interesting:0.7395
talky:0.73575
criterion:0.72775
intimate:0.7235
complex:0.7005
hilarious:0.69
death:0.6845
very funny:0.678
oscar (best supporting actress):0.672
suspense:0.671
reflective:0.66875
dark:0.65575
drama:0.65275
comedy:0.64475
funny as hell:0.64425
sarcasm:0.63725
cynical:0.62
affectionate:0.61375
psychological:0.61375
great movie:0.61225
cathartic:0.60625
depression:0.59875
violence:0.5935
male nudity:0.58875
clever:0.584
sexualized violence:0.5795
passionate:0.57575
imdb top 250:0.575
character study:0.5745
dark hero:0.57275
obsession:0.57225
vengeance:0.5665
witty:0.56275
internet:0.55675
humor:0.55575
very interesting:0.555
great ending:0.52525
insanity:0.519
quotable:0.51875
oscar (best directing):0.5145
honest:0.5145
stylized:0.49575
funny:0.49525
creativity:0.49075
cinematography:0.4845
farce:0.4825
fast paced:0.4785
melancholy:0.4775
storytelling:0.473
awesome soundtrack:0.46725
psychology:0.466
mentor:0.46575
social commentary:0.465
splatter:0.461
gory:0.45975
destiny:0.459
atmospheric:0.45875
life:0.453
tense:0.4495
runaway:0.4495
humorous:0.44525
great:0.44475
hip hop:0.4445
cerebral:0.444
writers:0.44325
visually appealing:0.4425
enigmatic:0.438
good soundtrack:0.43525
irreverent:0.43375
biting:0.43325
cult film:0.4325
tragedy:0.432
visceral:0.4315
free to download:0.43125
entertaining:0.42875
love:0.4285
harsh:0.4245
crazy:0.424
british:0.424
alter ego:0.4225
catastrophe:0.4205
satire:0.4195
los angeles:0.419
unusual plot structure:0.4165
light:0.41225
weird:0.41175
dialogue:0.41075
family:0.40575
macabre:0.4025
controversial:0.40175
dark comedy:0.39925
loneliness:0.39525
