sexual:0.95775
cult classic:0.9335
cult film:0.9305
pornography:0.883
satirical:0.863
campy:0.84875
camp:0.8185
male nudity:0.79275
psychedelic:0.789
weird:0.77675
sexy:0.764
multiple storylines:0.737
criterion:0.7085
splatter:0.6905
satire:0.64
sex:0.62625
original:0.625
drugs:0.603
absurd:0.5965
erotic:0.58725
bizarre:0.57775
innocence lost:0.569
so bad it's funny:0.568
grindhouse:0.5465
dialogue:0.544
weed:0.52775
nudity (full frontal - notable):0.519
controversial:0.49125
violence:0.4775
drug abuse:0.4705
parody:0.45675
good soundtrack:0.44875
cult:0.43725
eccentricity:0.42675
drug addiction:0.4215
entirely dialogue:0.41925
catastrophe:0.41925
enigmatic:0.419
rock and roll:0.417
insanity:0.40275
censorship:0.389
obsession:0.385
nudity:0.382
stylized:0.37925
gay character:0.37775
runaway:0.37775
brutality:0.375
art house:0.3675
not funny:0.36025
pointless:0.358
biting:0.35125
quotable:0.34775
surreal:0.34725
addiction:0.3435
cynical:0.3255
women:0.32325
harsh:0.32275
mentor:0.30775
los angeles:0.302
melancholic:0.301
violent:0.30025
ridiculous:0.29975
black comedy:0.296
ironic:0.29525
creepy:0.29175
silly:0.28925
slapstick:0.288
lone hero:0.288
overrated:0.2805
road movie:0.27825
music business:0.27775
twists & turns:0.27675
goofy:0.27625
lesbian:0.2755
disturbing:0.2735
nudity (full frontal):0.27325
off-beat comedy:0.27075
social commentary:0.2695
bdsm:0.26825
life philosophy:0.2675
wilderness:0.26275
deadpan:0.26075
irreverent:0.259
nudity (topless - notable):0.25625
rags to riches:0.25325
talky:0.252
vengeance:0.2485
golden palm:0.2445
writers:0.24325
mad scientist:0.24225
great ending:0.24025
adaptation:0.24025
stylish:0.2395
awesome soundtrack:0.2375
culture clash:0.229
quirky:0.22775
unusual plot structure:0.2235
first contact:0.22175
imdb top 250:0.22125
humorous:0.2205
