coen bros:0.99975
off-beat comedy:0.994
comedy:0.95325
coen brothers:0.9485
cult classic:0.9365
quirky:0.918
goofy:0.918
narrated:0.90975
prison escape:0.9095
quotable:0.89925
classic:0.8945
parenthood:0.88375
hilarious:0.88075
weird:0.8795
kidnapping:0.878
dark humor:0.87175
original:0.8585
amazing cinematography:0.85175
imdb top 250:0.85125
absurd:0.84825
surreal:0.8385
witty:0.836
funny:0.832
crime:0.82125
affectionate:0.79725
masterpiece:0.7735
excellent script:0.76625
dialogue:0.746
satirical:0.7445
screwball comedy:0.73675
chase:0.73275
very funny:0.729
storytelling:0.726
talky:0.725
clever:0.7235
highly quotable:0.71575
cult film:0.70225
adoption:0.694
great movie:0.69225
good soundtrack:0.69175
caper:0.68625
humorous:0.67825
funniest movies:0.67275
cinematography:0.67175
neo-noir:0.67025
crime gone awry:0.6695
suprisingly clever:0.65775
great:0.65375
social commentary:0.6505
insanity:0.64475
deadpan:0.6245
great dialogue:0.62075
fast paced:0.6205
great acting:0.61725
gunfight:0.615
cult:0.606
criterion:0.6055
surrealism:0.6005
farce:0.591
black comedy:0.587
golden palm:0.5815
visual:0.568
great ending:0.566
humor:0.56425
stylized:0.5625
violence:0.5585
whimsical:0.55825
brothers:0.54425
eccentricity:0.5415
crazy:0.53675
twists & turns:0.53375
adapted from:book:0.53325
original plot:0.533
interesting:0.524
life & death:0.52275
entirely dialogue:0.52225
strange:0.52125
drama:0.5205
cerebral:0.517
existentialism:0.5155
enigmatic:0.5145
stylish:0.5105
brutality:0.51025
culture clash:0.50875
loneliness:0.50875
satire:0.5035
macabre:0.495
road movie:0.49275
melancholic:0.49
perfect:0.48725
oscar (best directing):0.48625
screwball:0.482
slapstick:0.479
bizarre:0.47675
great cinematography:0.47575
story:0.4755
atmospheric:0.47475
apocalypse:0.47425
afi 100 (laughs):0.46725
adaptation:0.4625
