tense:0.994
suspenseful:0.9485
creepy:0.947
ominous:0.907
claustrophobic:0.89175
weird:0.889
paranoia:0.883
twist ending:0.87775
suspense:0.877
psychological:0.8685
twist:0.858
psychology:0.857
thriller:0.85125
twists & turns:0.83775
original:0.8305
plot twist:0.78675
conspiracy:0.7705
paranoid:0.7645
great ending:0.76175
good soundtrack:0.74875
intense:0.7355
death:0.73525
clever:0.7345
cult film:0.7085
violent:0.70825
dialogue:0.70025
visceral:0.6895
catastrophe:0.67525
allegory:0.65975
surprise ending:0.6585
horror:0.653
mystery:0.65225
atmospheric:0.637
cinematography:0.63625
apocalypse:0.636
very interesting:0.633
wine:0.631
cult:0.63025
secrets:0.62675
indie:0.624
slow:0.60925
surveillance:0.6015
enigmatic:0.60025
interesting:0.59825
dark:0.5945
violence:0.5945
great acting:0.58575
cerebral:0.5825
bleak:0.57175
visually appealing:0.5695
off-beat comedy:0.568
manipulation:0.56275
murder:0.56225
low budget:0.561
runaway:0.55225
police investigation:0.55225
social commentary:0.54825
complicated:0.54325
talky:0.543
mindfuck:0.543
eerie:0.54275
good acting:0.54075
pornography:0.53975
melancholic:0.539
california:0.5375
life & death:0.52475
good:0.51725
brutality:0.50775
torture:0.5045
nonlinear:0.50125
first contact:0.5005
thought-provoking:0.50025
bloody:0.497
independent film:0.49375
character study:0.492
serial killer:0.4895
intimate:0.48525
unlikeable characters:0.48375
loneliness:0.48325
pointless:0.48275
mentor:0.48025
drama:0.47775
story:0.47575
dark humor:0.4715
obsession:0.4685
scary:0.46725
stylized:0.464
existentialism:0.4635
complex:0.46275
gory:0.46275
tricky:0.45525
predictable:0.45225
relationships:0.44875
harsh:0.4475
boring!:0.44425
guilt:0.4435
bizarre:0.442
plot:0.434
natural disaster:0.4335
so bad it's funny:0.42975
