astronauts:0.99225
post apocalyptic:0.99025
post-apocalyptic:0.975
space:0.94725
sci fi:0.93875
scifi:0.93625
nuclear war:0.90425
end of the world:0.8875
sci-fi:0.8765
survival:0.8405
science fiction:0.8275
so bad it's funny:0.82075
weapons:0.80675
original:0.7675
apocalypse:0.7555
low budget:0.74225
bad acting:0.738
bad science:0.71975
nuclear:0.711
natural disaster:0.6415
disaster:0.634
brutality:0.59175
mars:0.57275
predictable:0.55775
camp:0.55725
special effects:0.55475
unintentionally funny:0.5235
fantasy:0.51575
bombs:0.5135
nudity (topless):0.5135
idiotic:0.5025
80s:0.49775
mentor:0.49575
allegory:0.49575
lame:0.49
bad plot:0.48825
teens:0.4655
fun movie:0.42775
first contact:0.4245
catastrophe:0.42375
finnish:0.417
fantasy world:0.416
action:0.41375
cold war:0.40775
cheesy:0.401
teen movie:0.391
dialogue:0.39
transformation:0.38975
horrible:0.3825
absurd:0.3795
mad scientist:0.379
great ending:0.37575
splatter:0.375
lone hero:0.374
science:0.3655
justice:0.362
homeless:0.361
bad:0.35975
grindhouse:0.3515
mutants:0.35125
alone in the world:0.34725
monster:0.345
cult classic:0.3365
adventure:0.3365
not funny:0.33375
good:0.32725
cult film:0.3235
memory:0.32325
solitude:0.32225
fight scenes:0.321
pulp:0.31775
unusual plot structure:0.312
campy:0.3105
future:0.3015
overrated:0.301
shallow:0.3005
writers:0.2995
space travel:0.29875
destiny:0.2975
adaptation:0.2945
death:0.2935
fun:0.29225
big budget:0.29125
quirky:0.29075
story:0.28575
alternate reality:0.28475
nudity (topless - notable):0.28275
alternate history:0.2755
so bad it's good:0.27475
nudity (full frontal - brief):0.2745
redemption:0.273
plot holes:0.27225
russia:0.271
storytelling:0.27075
clones:0.27025
culture clash:0.26625
melancholic:0.26575
revenge:0.26475
vengeance:0.2645
silly fun:0.2615
