horror:0.92425
awesome soundtrack:0.866
so bad it's funny:0.8535
cult classic:0.845
original:0.82775
splatter:0.79225
goofy:0.77275
bad acting:0.765
horrible:0.75025
cult film:0.7365
weapons:0.7365
campy:0.7365
cheesy:0.73275
good soundtrack:0.72775
fun movie:0.7265
lame:0.721
stupid:0.69725
special effects:0.69425
idiotic:0.6935
sci fi:0.67975
scary:0.67425
pulp:0.65775
scifi:0.65725
predictable:0.65425
survival:0.618
silly:0.6155
awful:0.61325
story:0.613
great ending:0.6045
adaptation:0.59375
80s:0.593
ridiculous:0.5925
action:0.5895
silly fun:0.5805
cool:0.579
supernatural:0.56925
mentor:0.5685
demons:0.55325
bad ending:0.54775
stupidity:0.54525
weird:0.5445
bad plot:0.5445
based on a book:0.537
violence:0.53425
catastrophe:0.53225
entertaining:0.52775
man versus machine:0.52675
bad:0.52125
fun:0.521
first contact:0.519
dumb:0.518
science fiction:0.51525
stranded:0.51075
stupid as hell:0.50625
dialogue:0.5055
death:0.49925
zombie:0.499
good:0.487
cult:0.48125
unintentionally funny:0.48075
chase:0.479
sci-fi:0.474
pointless:0.47
suspense:0.4685
alien:0.46675
shallow:0.465
storytelling:0.4645
end of the world:0.45925
plot holes:0.459
bloody:0.458
big budget:0.457
destiny:0.45525
gory:0.45275
nudity (topless):0.44825
god:0.44325
blood:0.44225
nudity (topless - notable):0.441
brutality:0.435
runaway:0.4265
low budget:0.42375
camp:0.41475
bad science:0.4145
writers:0.4115
overrated:0.406
monster:0.40525
pg-13:0.40475
nudity (topless - brief):0.404
directorial debut:0.404
good action:0.4025
quirky:0.3995
technology:0.39725
grindhouse:0.395
crazy:0.39425
natural disaster:0.39225
absurd:0.39025
corny:0.38925
transformation:0.3865
so bad it's good:0.3805
family:0.378
remake:0.37675
