dialogue driven:0.975
great acting:0.925
drugs:0.92325
dialogue:0.884
ensemble cast:0.87725
talky:0.81975
based on a play:0.81625
good soundtrack:0.80525
original:0.80525
pointless:0.77325
sarcasm:0.76225
loneliness:0.7315
entirely dialogue:0.68725
great dialogue:0.68375
drug abuse:0.678
pretentious:0.66875
shallow:0.6395
drug addiction:0.62425
addiction:0.62425
gangsters:0.6195
good dialogue:0.61925
marijuana:0.61775
crime gone awry:0.6075
multiple storylines:0.60125
independent film:0.596
redemption:0.58825
intellectual:0.584
writers:0.564
great ending:0.56075
character study:0.5595
social commentary:0.5585
pornography:0.55025
very interesting:0.53425
life philosophy:0.53075
insanity:0.52475
adaptation:0.5155
drinking:0.514
dysfunctional family:0.51075
destiny:0.505
brutality:0.503
complex:0.501
nudity (full frontal - notable):0.49825
greed:0.4935
intimate:0.493
writing:0.48925
homeless:0.479
paranoia:0.46825
great:0.45925
imdb top 250:0.45825
runaway:0.457
relationships:0.45125
depression:0.45025
melancholic:0.4445
violence:0.4435
new jersey:0.44275
honest:0.436
stylized:0.42275
storytelling:0.421
moral ambiguity:0.42
clever:0.41925
black comedy:0.418
harsh:0.417
dark comedy:0.41375
psychology:0.41225
life & death:0.41175
philosophical:0.411
unlikely friendships:0.408
mentor:0.407
weed:0.4055
oscar (best directing):0.40025
thought-provoking:0.39525
satirical:0.3865
disturbing:0.38625
satire:0.3855
catastrophe:0.3835
obsession:0.37875
boring!:0.37325
indie:0.371
weird:0.3705
fantasy world:0.36675
interesting:0.363
psychological:0.3585
male nudity:0.357
criterion:0.35225
violent:0.35225
good acting:0.3515
overrated:0.3495
quirky:0.34925
not funny:0.34925
dark humor:0.349
very good:0.34875
visually appealing:0.34875
nudity (topless - notable):0.3465
exceptional acting:0.34325
stylish:0.33875
good:0.33825
nudity (full frontal - brief):0.33675
underrated:0.333
twists & turns:0.332
cerebral:0.32925
