hospital:0.95625
surreal:0.9515
weird:0.9435
criterion:0.9395
doctors:0.932
enigmatic:0.91875
drama:0.90225
series:0.89525
dark humor:0.8925
creepy:0.8895
tense:0.8725
masterpiece:0.872
life & death:0.86625
eerie:0.866
original:0.85825
macabre:0.8545
obsession:0.80925
cerebral:0.804
supernatural:0.785
storytelling:0.76925
atmospheric:0.76775
surrealism:0.766
imdb top 250:0.76075
great ending:0.74975
cinematography:0.74375
stylish:0.7405
strange:0.735
ominous:0.728
loneliness:0.7125
secrets:0.712
dark:0.71125
dreamlike:0.70475
talky:0.7005
visual:0.69325
ghosts:0.6915
bleak:0.68625
visceral:0.685
suspense:0.682
black comedy:0.68175
sarcasm:0.67725
disturbing:0.66925
golden palm:0.6625
melancholic:0.6605
insanity:0.65975
lynch:0.65975
suspenseful:0.65175
intimate:0.64925
cult classic:0.64925
relationships:0.6445
interesting:0.63875
breathtaking:0.6365
bizarre:0.63425
stylized:0.63025
social commentary:0.62925
unusual plot structure:0.62625
absurd:0.62325
narrated:0.61875
crime gone awry:0.617
horror:0.61525
melancholy:0.602
vengeance:0.6015
claustrophobic:0.6015
oscar (best directing):0.58525
dialogue:0.58
runaway:0.57825
downbeat:0.5705
psychological:0.57025
paranoid:0.56925
forceful:0.5675
complex:0.56725
violent:0.55825
reflective:0.558
great:0.5535
oscar (best supporting actress):0.5495
death:0.545
deadpan:0.541
catastrophe:0.53825
finnish:0.52175
eccentricity:0.51525
suprisingly clever:0.50575
oscar (best actress):0.50225
transformation:0.50125
meditative:0.50025
great acting:0.50025
compassionate:0.4995
heartbreaking:0.49925
demons:0.49325
grim:0.48875
first contact:0.4815
harsh:0.4795
movielens top pick:0.4755
allegory:0.474
nonlinear:0.47225
ironic:0.46575
satirical:0.4645
entirely dialogue:0.4605
serial killer:0.4595
existentialism:0.45925
brutality:0.45625
biting:0.453
