80s:0.98025
cult film:0.971
kids:0.88925
so bad it's funny:0.85375
original:0.843
predictable:0.83
1980s:0.82775
horrible:0.82775
bullying:0.82675
cheesy:0.823
bad acting:0.81175
nostalgia:0.8095
nostalgic:0.782
teen movie:0.779
fashion:0.77325
camp:0.766
lame:0.75875
puppets:0.753
cult classic:0.743
awful:0.6955
fun:0.69475
bad:0.689
family:0.68125
shallow:0.6745
goofy:0.6685
dialogue:0.664
splatter:0.63675
silly:0.6245
kids and family:0.62325
disaster:0.6045
bad plot:0.60125
violence:0.593
good soundtrack:0.58925
stupid:0.58025
mentor:0.57675
fantasy world:0.5755
guilty pleasure:0.57525
nudity (topless - notable):0.572
idiotic:0.571
overrated:0.561
fun movie:0.55825
surreal:0.55775
franchise:0.5475
humorous:0.5465
childhood:0.54525
teen:0.545
corny:0.5315
special effects:0.5295
brutality:0.517
fantasy:0.51525
stupidity:0.51425
fight scenes:0.5135
destiny:0.50475
silly fun:0.49975
slapstick:0.4965
great ending:0.494
feel-good:0.4915
teens:0.49025
sci fi:0.48425
entirely dialogue:0.47275
stupid as hell:0.472
cool:0.46975
so bad it's good:0.465
pointless:0.46475
good:0.45725
high school:0.4525
storytelling:0.4515
not funny:0.45125
ridiculous:0.4505
sexualized violence:0.448
children:0.44675
adaptation:0.441
story:0.43975
satirical:0.4335
adolescence:0.431
happy ending:0.431
melancholic:0.4285
feel good movie:0.4265
redemption:0.4265
internet:0.424
weird:0.4205
crude humor:0.41375
catastrophe:0.41275
parody:0.406
nudity (full frontal - notable):0.40375
school:0.40075
pulp:0.399
justice:0.3965
nerds:0.393
quotable:0.392
pg-13:0.389
magic:0.386
quirky:0.383
romantic:0.38275
first contact:0.381
nocturnal:0.38025
vengeance:0.38
girlie movie:0.3785
dreamlike:0.3755
stereotypes:0.37325
