almodovar:0.9755
obsession:0.9605
sexual:0.94775
sexualized violence:0.93
murder mystery:0.92625
spanish:0.9165
censorship:0.91
spain:0.88625
pornography:0.88375
male nudity:0.87175
sexuality:0.85475
disturbing:0.84825
death:0.8355
weird:0.823
women:0.82025
police investigation:0.81875
murder:0.79775
black comedy:0.79175
violent:0.791
catholicism:0.7835
sexy:0.7765
relationships:0.77225
serial killer:0.74175
nudity (full frontal - notable):0.7395
brutality:0.73725
original:0.73625
sex:0.7285
criterion:0.724
guilt:0.7225
psychological:0.7115
complex:0.70925
violence:0.7025
drama:0.7025
erotic:0.6945
absurd:0.6925
stylish:0.67875
nudity (full frontal):0.669
life & death:0.6475
very interesting:0.64525
tragedy:0.64075
runaway:0.63875
good soundtrack:0.629
intimate:0.62825
talky:0.61875
loneliness:0.606
passionate:0.60025
golden palm:0.5925
dark:0.58
ironic:0.57
social commentary:0.56825
enigmatic:0.562
rape:0.5605
dark comedy:0.559
art:0.5555
dark humor:0.53775
cinematography:0.5365
melancholic:0.53375
twists & turns:0.52525
psychology:0.52525
complex characters:0.51675
mentor:0.5105
hitman:0.506
bizarre:0.49175
brutal:0.4855
nudity (topless - notable):0.48475
grindhouse:0.483
unusual plot structure:0.47725
macabre:0.46125
downbeat:0.451
culture clash:0.44925
stylized:0.44925
affectionate:0.4485
moral ambiguity:0.44425
crime gone awry:0.43825
character study:0.4305
vengeance:0.42875
witty:0.42825
art house:0.422
great:0.42075
satirical:0.41975
colourful:0.4175
artistic:0.41275
teacher:0.41025
life philosophy:0.40975
controversial:0.40925
insanity:0.40825
surreal:0.407
catastrophe:0.40475
great ending:0.4035
oscar (best writing - screenplay written directly for the screen):0.39725
interesting:0.39675
assassination:0.39525
dialogue:0.3945
identity:0.39325
entirely dialogue:0.39175
gangsters:0.388
drinking:0.3875
forceful:0.38675
hit men:0.38525
visually appealing:0.383
