germany:0.99825
world war ii:0.99725
wwii:0.97975
nazis:0.97825
history:0.9725
assassination:0.94975
wartime:0.9455
assassin:0.9455
conspiracy:0.944
historical:0.92275
german:0.91425
based on a true story:0.892
nazi:0.887
true story:0.86825
dramatic:0.85925
us history:0.8565
genocide:0.8205
courage:0.8055
jews:0.8
based on true story:0.79775
sacrifice:0.7535
suspense:0.75225
tense:0.73775
catastrophe:0.73625
bombs:0.735
espionage:0.73075
good:0.7265
thriller:0.7195
lone hero:0.7125
factual:0.70675
intense:0.7065
original:0.68325
suspenseful:0.6685
betrayal:0.66525
best war films:0.657
good acting:0.644
story:0.6405
survival:0.634
interesting:0.62675
war:0.61925
exciting:0.61525
drama:0.612
pg-13:0.6115
politics:0.60825
corruption:0.6075
powerful ending:0.59325
excellent:0.59075
big budget:0.59
poland:0.5885
action:0.58
spying:0.5795
dialogue:0.5795
surveillance:0.57925
culture clash:0.57275
anti-semitism:0.5725
great ending:0.5495
secrets:0.549
berlin:0.54875
plot:0.547
africa:0.539
end of the world:0.527
great acting:0.519
ensemble cast:0.518
complex:0.514
propaganda:0.504
forceful:0.4935
spy:0.4825
murder:0.48125
entertaining:0.47975
brutality:0.476
prejudice:0.47375
justice:0.47325
torture:0.47225
runaway:0.468
mentor:0.45925
secret service:0.45875
caper:0.4545
natural disaster:0.44975
weapons:0.44025
unusual plot structure:0.43725
assassins:0.43625
fast paced:0.4345
greed:0.4325
chase:0.424
predictable:0.4215
twists & turns:0.4205
realistic:0.41825
spies:0.4125
better than expected:0.4125
realistic action:0.4105
storytelling:0.40775
good soundtrack:0.4025
political:0.4015
period piece:0.3985
tricky:0.395
ethnic conflict:0.39025
military:0.38575
islam:0.38525
first contact:0.37825
idealism:0.3755
