gunfight:0.99825
western:0.995
great acting:0.89575
vengeance:0.87575
oscar (best cinematography):0.82075
guns:0.81625
great movie:0.81125
dialogue:0.78875
historical:0.78725
action:0.7805
quotable:0.76075
good:0.7605
mentor:0.75375
highly quotable:0.7295
revenge:0.726
action packed:0.725
great:0.724
dramatic:0.7175
gangs:0.69725
excellent:0.6905
original:0.68925
story:0.6835
organized crime:0.67325
entertaining:0.6285
oscar:0.6145
great ending:0.6075
violence:0.6035
violent:0.60325
script:0.60275
good soundtrack:0.6015
based on true story:0.59475
runaway:0.5885
friendship:0.58275
fun movie:0.57925
gritty:0.57625
unlikely friendships:0.57375
intense:0.573
justice:0.56975
history:0.564
oscar (best directing):0.56225
destiny:0.558
visually appealing:0.55775
great dialogue:0.5555
good action:0.554
based on a true story:0.55125
factual:0.54875
us history:0.5485
drama:0.545
spaghetti western:0.5395
cool:0.533
redemption:0.53075
betrayal:0.52975
harsh:0.52475
good acting:0.52075
chase:0.514
ensemble cast:0.51325
weapons:0.508
transformation:0.5065
biopic:0.50575
corruption:0.5015
pg-13:0.5005
beautiful scenery:0.49825
drinking:0.4965
period piece:0.492
tense:0.487
realistic:0.4815
oscar winner:0.4805
cult classic:0.47875
courage:0.47
very good:0.466
brothers:0.462
gangsters:0.46
imdb top 250:0.45775
brutality:0.45725
excellent script:0.45725
fight scenes:0.4555
life & death:0.45125
lone hero:0.447
narrated:0.44
exciting:0.43275
catastrophe:0.43
dark hero:0.42975
underrated:0.42475
honest:0.422
classic car:0.42125
greed:0.42125
suprisingly clever:0.41975
suspense:0.41975
true story:0.4195
forceful:0.416
sacrifice:0.41575
storytelling:0.4145
life philosophy:0.41175
classic:0.409
unusual plot structure:0.40875
holiday:0.40675
anti-hero:0.4055
complex:0.40025
interesting:0.39875
moral ambiguity:0.38775
