cartoon:0.91675
animation:0.842
based on a tv show:0.81675
original:0.7925
superheroes:0.59875
super hero:0.53925
weird:0.52875
pornography:0.498
cute:0.48375
kids:0.481
bad plot:0.4795
superhero:0.47925
violence:0.45625
brutality:0.448
melancholic:0.42775
runaway:0.425
series:0.42375
stylish:0.421
colourful:0.41125
fantasy world:0.40825
dialogue:0.40525
fun:0.3925
animated:0.39225
catastrophe:0.38625
adaptation:0.38125
great ending:0.37725
fun movie:0.3755
mentor:0.36775
childhood:0.364
visual:0.36275
stylized:0.3605
violent:0.36025
storytelling:0.3565
light:0.35425
harsh:0.35225
nudity (full frontal - brief):0.34525
good soundtrack:0.3385
surreal:0.3375
cute!:0.336
overrated:0.332
great:0.3305
grindhouse:0.32775
action:0.3245
imdb top 250:0.3135
obsession:0.3085
story:0.3035
satirical:0.3
life philosophy:0.29675
clever:0.2965
criterion:0.296
not funny:0.2955
family:0.295
entirely dialogue:0.295
unusual plot structure:0.29225
greed:0.292
giant robots:0.29075
narrated:0.2895
intense:0.28775
predictable:0.28775
quirky:0.2855
art:0.284
justice:0.284
good:0.2815
too long:0.28075
fight scenes:0.27575
children:0.27375
geek:0.27125
first contact:0.26575
cinematography:0.26575
very funny:0.26575
slapstick:0.26525
multiple storylines:0.26425
pulp:0.2625
super-hero:0.26025
visually appealing:0.26025
destiny:0.259
pointless:0.2585
goofy:0.25825
graphic novel:0.2565
weapons:0.25625
cult classic:0.2545
redemption:0.25325
cool:0.2525
monkey:0.25175
cult film:0.25025
culture clash:0.24975
vengeance:0.24875
dreamlike:0.248
affectionate:0.24575
lone hero:0.2445
silly fun:0.23925
police investigation:0.23875
television:0.233
tokyo:0.23075
demons:0.2305
talky:0.23
irreverent:0.2275
whimsical:0.22575
bombs:0.225
complex:0.225
