kids:0.98475
sequels:0.97675
sequel:0.966
good sequel:0.9615
las vegas:0.9225
crappy sequel:0.87425
family:0.84675
original:0.80625
children:0.78425
predictable:0.76425
fun movie:0.73175
kids and family:0.727
special effects:0.7215
cute!:0.69175
adventure:0.6805
goofy:0.62675
fun:0.6015
cute:0.55475
so bad it's funny:0.55075
mentor:0.537
childhood:0.53175
good soundtrack:0.4985
mad scientist:0.49125
fantasy:0.4785
natural disaster:0.4735
great ending:0.46225
silly fun:0.46
bad plot:0.45675
silly:0.4515
overrated:0.451
franchise:0.44625
pointless:0.44375
disney:0.4405
dinosaurs:0.43575
bullying:0.41475
bad sequel:0.41325
sci fi:0.41275
dialogue:0.40275
disaster:0.40075
first contact:0.399
catastrophe:0.3965
destiny:0.3965
very funny:0.39175
romance:0.37875
lame:0.373
toys:0.371
brutality:0.36975
runaway:0.36825
lone hero:0.36025
story:0.3585
fantasy world:0.3565
not funny:0.35575
life philosophy:0.339
writers:0.334
death:0.33025
bad acting:0.3295
big budget:0.32775
fight scenes:0.324
redemption:0.3225
teen movie:0.32
culture clash:0.32
great acting:0.312
slapstick:0.3115
adaptation:0.309
funny:0.30575
camp:0.30425
entertaining:0.30275
sci-fi:0.3025
quirky:0.30025
unusual plot structure:0.2995
light:0.299
clever:0.299
melancholic:0.29875
plot holes:0.2915
teen:0.29
stupid as hell:0.2875
action:0.2845
great:0.28175
science fiction:0.27825
entirely dialogue:0.2755
storytelling:0.27025
end of the world:0.2665
weapons:0.26525
imdb top 250:0.263
animals:0.2625
bad cgi:0.2625
boring:0.2625
technology:0.26075
gangsters:0.26
scifi:0.25925
dysfunctional family:0.25825
comedy:0.2575
stupid:0.25675
nostalgia:0.2555
creativity:0.25475
police investigation:0.25425
chase:0.2535
good:0.25175
vengeance:0.2515
android(s)/cyborg(s):0.2505
