terminal illness:0.94675
life & death:0.86775
mentor:0.841
dreams:0.8225
friendship:0.822
cult classic:0.81625
goofy:0.7865
drugs:0.785
independent film:0.78175
dark humor:0.77975
suicide:0.77
cancer:0.745
original:0.73125
life philosophy:0.71625
life:0.69425
unlikely friendships:0.6795
bowling:0.678
quirky:0.66525
weird:0.65475
storytelling:0.62575
good soundtrack:0.62025
destiny:0.58825
existentialism:0.57775
great:0.562
hospital:0.5235
death:0.52325
story:0.52325
loneliness:0.51825
drug abuse:0.5145
brutality:0.49625
touching:0.492
san francisco:0.49175
clever:0.48675
social commentary:0.48425
transformation:0.4815
mental illness:0.4765
harsh:0.47475
feel-good:0.47425
fish:0.47175
whimsical:0.467
sentimental:0.463
bittersweet:0.458
depression:0.45525
great ending:0.4525
surreal:0.4485
underrated:0.4385
redemption:0.4375
quotable:0.43575
nudity (topless - notable):0.4355
catastrophe:0.4325
hunting:0.42925
greed:0.42625
weed:0.4185
first contact:0.41275
beautifully filmed:0.40875
brutal:0.407
road trip:0.406
good:0.40575
drinking:0.4035
very funny:0.39575
insanity:0.3895
fantasy world:0.38575
melancholic:0.38375
violence:0.38275
great movie:0.38125
dialogue:0.37075
eccentricity:0.366
drama:0.365
narrated:0.36225
crude humor:0.36175
dramatic:0.36025
cerebral:0.36
cult film:0.35775
suprisingly clever:0.3555
prejudice:0.3555
stoner movie:0.35425
sexualized violence:0.3535
interesting:0.352
drug addiction:0.34775
immortality:0.34525
oscar (best supporting actor):0.344
excellent script:0.3415
police investigation:0.341
gangsters:0.34025
oscar (best directing):0.338
sad:0.336
great acting:0.33425
not funny:0.332
cinematography:0.33175
nudity (full frontal - notable):0.3305
very interesting:0.3305
exceptional acting:0.32875
classic car:0.32775
adaptation:0.3195
oscar:0.31325
childhood:0.31175
nudity (topless):0.311
low budget:0.31075
fun movie:0.31025
enigmatic:0.31
