very interesting:0.79525
documentary:0.795
original:0.76975
pornography:0.74075
brothers:0.7305
brutality:0.70325
stylish:0.67175
drug addiction:0.65025
prostitution:0.64625
homeless:0.63275
business:0.6295
interesting:0.614
hip hop:0.60875
blaxploitation:0.59525
women:0.563
stereotypes:0.55825
life philosophy:0.5365
entertaining:0.51925
drugs:0.4895
1970s:0.4875
weird:0.47825
great ending:0.47425
good soundtrack:0.4735
obsession:0.472
narrated:0.47075
manipulation:0.4615
honest:0.458
foul language:0.45275
melancholic:0.45025
mentor:0.44475
prejudice:0.44375
greed:0.4325
dialogue:0.42875
corruption:0.428
guilt:0.428
sexy:0.42575
factual:0.4225
nudity (full frontal - brief):0.417
catastrophe:0.416
journalism:0.4025
california:0.4
fun movie:0.39575
relationships:0.39525
segregation:0.393
intimate:0.39125
mob:0.38975
social commentary:0.38875
educational:0.38275
talky:0.3815
harsh:0.37875
goofy:0.376
queer:0.3695
so bad it's funny:0.3635
criterion:0.3625
racism:0.36125
race issues:0.36025
sexualized violence:0.35875
storytelling:0.357
cool:0.3545
male nudity:0.354
internet:0.3535
violent:0.35
politics:0.346
thought-provoking:0.34325
very funny:0.341
cult classic:0.34
violence:0.33875
censorship:0.3385
suprisingly clever:0.338
disability:0.333
crime gone awry:0.3295
not funny:0.329
ironic:0.328
adaptation:0.328
runaway:0.327
splatter:0.31725
police investigation:0.31725
multiple storylines:0.31675
gay:0.316
great:0.315
nudity (topless):0.31325
intense:0.31125
mental illness:0.3085
absurd:0.30675
clever:0.30425
nudity (topless - notable):0.30425
fantasy world:0.304
fight scenes:0.304
spelling bee:0.30125
gangsters:0.296
drinking:0.29525
culture clash:0.294
brutal:0.29275
nudity (full frontal - notable):0.29275
twists & turns:0.29025
witty:0.29025
quirky:0.28975
stylized:0.28975
golden palm:0.27975
excellent script:0.2785
