life philosophy:0.74825
vigilante:0.7205
original:0.70425
satirical:0.6875
los angeles:0.668
satire:0.613
predictable:0.5825
non-hollywood ending:0.518
great ending:0.5165
hollywood:0.5095
brutality:0.5015
pointless:0.49675
mentor:0.472
fantasy world:0.46075
destiny:0.43525
nudity (topless - notable):0.42725
melancholic:0.42325
catastrophe:0.41525
great acting:0.406
dialogue:0.40525
underrated:0.3955
cult film:0.395
writers:0.394
life & death:0.39275
bittersweet:0.38
drama:0.377
first contact:0.3715
storytelling:0.3705
shallow:0.36825
vigilantism:0.368
death:0.3625
big budget:0.35175
bad plot:0.34925
great:0.34875
good soundtrack:0.34375
fight scenes:0.34275
redemption:0.34
runaway:0.3375
romance:0.33625
overrated:0.33125
vengeance:0.328
nudity (full frontal - brief):0.32725
clever:0.3255
story:0.3215
good:0.31675
not funny:0.31575
pornography:0.31425
very funny:0.313
entirely dialogue:0.311
police investigation:0.31
happy ending:0.306
entertaining:0.29975
lone hero:0.29975
nostalgic:0.29975
visual:0.29875
allegory:0.298
sci fi:0.298
christian:0.29775
existentialism:0.297
violence:0.296
harsh:0.28975
loneliness:0.28675
silly fun:0.2865
greed:0.28325
bad ending:0.28175
bad acting:0.27975
visually appealing:0.2795
weird:0.2765
exceptional acting:0.27625
sexualized violence:0.27625
adaptation:0.276
crime:0.276
unlikely friendships:0.2755
unusual plot structure:0.27375
quirky:0.272
grindhouse:0.26975
talky:0.2695
buddy movie:0.26875
slapstick:0.26775
teen movie:0.26725
california:0.26675
sad but good:0.26475
nocturnal:0.26375
goofy:0.263
childhood:0.2615
dreamlike:0.25975
culture clash:0.2595
complex:0.258
doctors:0.2575
twists & turns:0.25525
crude humor:0.2535
too long:0.25275
cool:0.25125
family:0.251
fantasy:0.24775
gangsters:0.2475
god:0.24675
feel-good:0.2465
distopia:0.24625
comedy:0.24475
