emma watson:0.9715
drama:0.96625
based on true story:0.94375
true story:0.92825
based on a true story:0.91425
suspenseful:0.885
intense:0.88025
sacrifice:0.864
brainwashing:0.85925
latin america:0.816
powerful ending:0.792
love story:0.7845
interesting:0.77525
survival:0.766
original:0.751
story:0.7375
thriller:0.72625
police investigation:0.72375
segregation:0.70975
doctors:0.707
dramatic:0.6995
suspense:0.68975
kidnapping:0.6895
oscar (best actress):0.67875
complicated:0.6765
mentor:0.6765
catastrophe:0.66725
germany:0.667
runaway:0.656
psychology:0.653
pornography:0.6345
nudity (full frontal - brief):0.6195
oscar:0.6175
politics:0.61675
history:0.615
historical:0.6105
first contact:0.60775
great acting:0.604
so bad it's funny:0.59625
insanity:0.58775
corruption:0.582
us history:0.57975
romantic:0.5765
clever:0.576
nazi:0.56925
romance:0.56725
relationships:0.563
very interesting:0.56125
nudity (topless - notable):0.557
good acting:0.55175
political corruption:0.5475
manipulation:0.5445
based on book:0.53775
psychological:0.52975
fascism:0.52025
memory loss:0.50725
brutality:0.50525
tragedy:0.505
underrated:0.5005
great ending:0.499
betrayal:0.49675
courage:0.4965
stereotypes:0.495
nazis:0.48025
oscar winner:0.4765
teen:0.4735
plot holes:0.47075
world politics:0.4645
natural disaster:0.46175
nudity (full frontal - notable):0.459
death:0.45875
predictable:0.44975
life philosophy:0.44925
biting:0.44625
mental illness:0.44475
great:0.4405
paranoid:0.439
entertaining:0.4285
chase:0.428
twists & turns:0.4265
investigation:0.42525
blindness:0.424
light:0.423
greed:0.42075
visually stunning:0.42025
hospital:0.41875
emotional:0.4155
good soundtrack:0.411
new jersey:0.4075
german:0.4065
adaptation:0.4035
melancholic:0.4015
cerebral:0.401
paranoia:0.3985
not funny:0.39775
sexual abuse:0.3965
honest:0.39225
teen movie:0.39175
1970s:0.3855
good:0.385
