true story:0.981
based on true story:0.97175
musicians:0.96925
feel-good:0.93475
inspirational:0.9285
mentor:0.9235
based on a true story:0.9135
music:0.91125
inspiring:0.90125
sentimental:0.8765
teacher:0.8755
feel good movie:0.8745
touching:0.835
biopic:0.82725
destiny:0.72975
runaway:0.7145
girlie movie:0.7135
good music:0.69175
good:0.68725
happy ending:0.6855
childhood:0.66475
courage:0.66375
life:0.65675
heartwarming:0.65375
mozart:0.64275
underdog:0.63725
great:0.62875
story:0.62625
school:0.6245
original:0.61275
good soundtrack:0.61175
creativity:0.608
sappy:0.5965
dramatic:0.5935
drama:0.5845
pg-13:0.56675
catastrophe:0.5635
poverty:0.54775
sacrifice:0.533
children:0.52625
predictable:0.5055
biographical:0.5025
romantic comedy:0.5015
great acting:0.4915
hip hop:0.4905
oscar:0.48775
excellent:0.4685
unlikely friendships:0.46425
fun movie:0.4575
kids:0.454
segregation:0.44675
great ending:0.442
math:0.4405
good story:0.4395
jazz:0.432
survival:0.43025
emotional:0.42775
honest:0.4235
musical:0.419
tear jerker:0.4145
nostalgic:0.4135
friendship:0.40875
new york:0.40775
life philosophy:0.40725
rags to riches:0.40225
foul language:0.4
culture clash:0.39375
new york city:0.39175
love story:0.388
new jersey:0.38575
moving:0.3835
books:0.3835
storytelling:0.37875
great movie:0.374
lone hero:0.37375
great music:0.37225
dialogue:0.37
rock and roll:0.35925
divorce:0.3575
transformation:0.35325
earnest:0.35075
disability:0.3505
unusual plot structure:0.343
not funny:0.33725
oscar winner:0.33375
music business:0.32825
biography:0.328
natural disaster:0.3255
single father:0.32125
first contact:0.321
sad but good:0.31825
factual:0.31725
chick flick:0.31525
women:0.31325
family:0.312
light:0.311
big budget:0.30925
gangsters:0.30525
fantasy world:0.30475
chase:0.30125
