action:0.989
good action:0.95525
arnold:0.951
buddy movie:0.92675
chase:0.91375
fight scenes:0.86225
russia:0.84125
fun movie:0.8325
police:0.792
good:0.68025
weapons:0.672
original:0.6635
action packed:0.65875
lone hero:0.63075
car chase:0.6295
80s:0.62075
fighting:0.61
fun:0.59525
comedy:0.58425
predictable:0.58025
cool:0.57525
fast paced:0.56975
violence:0.56525
so bad it's funny:0.56325
mentor:0.5455
entertaining:0.538
hunting:0.534
dialogue:0.53125
russian:0.52825
vengeance:0.52025
silly:0.5195
culture clash:0.51625
corruption:0.50875
police corruption:0.50075
justice:0.5
revenge:0.49475
stereotypes:0.48225
big budget:0.48125
cyborgs:0.47725
chicago:0.4745
brutality:0.47325
gangsters:0.45575
great ending:0.44
police investigation:0.4395
life philosophy:0.43375
silly fun:0.4185
runaway:0.416
violent:0.40875
catastrophe:0.40775
capitalism:0.4025
bad plot:0.39975
gunfight:0.3885
crime:0.387
detective:0.3845
twists & turns:0.3845
underrated:0.377
pornography:0.37175
explosions:0.371
nudity (full frontal - brief):0.363
unintentionally funny:0.36075
goofy:0.36075
stylish:0.3595
cold war:0.359
great:0.3545
los angeles:0.3515
transformation:0.3515
1980s:0.34875
guns:0.33125
murder:0.33025
pg-13:0.32525
storytelling:0.32475
multiple storylines:0.32475
dark hero:0.32375
fantasy world:0.3195
arms dealer:0.315
sci fi:0.3125
nudity (topless):0.31125
very funny:0.3095
quotable:0.30925
family:0.30825
mob:0.30775
classic car:0.30175
grindhouse:0.30175
plot:0.29975
campy:0.29825
story:0.29775
first contact:0.2975
entirely dialogue:0.29375
redemption:0.29325
childhood:0.2885
not funny:0.287
franchise:0.28425
thriller:0.2825
good soundtrack:0.28175
adaptation:0.27975
harsh:0.2755
bad:0.273
mafia:0.2715
pulp:0.26775
unfunny:0.2665
