horror:0.97225
supernatural:0.94525
creepy:0.92275
suspense:0.90075
splatter:0.88275
original:0.8825
tense:0.86925
boarding school:0.7875
scary:0.77675
story:0.77525
school:0.74475
weird:0.73675
witches:0.71975
gory:0.706
ominous:0.70375
violent:0.693
sexualized violence:0.67825
eerie:0.6715
underrated:0.66825
runaway:0.664
mythology:0.64875
disturbing:0.64
bullying:0.63375
pornography:0.62825
witch:0.6195
psychological:0.615
cinematography:0.59575
fantasy world:0.592
bloody:0.58175
dialogue:0.573
gore:0.562
atmospheric:0.5615
macabre:0.55225
brutality:0.532
intense:0.52925
dark fantasy:0.5285
suspenseful:0.5225
nocturnal:0.521
visceral:0.51675
stylized:0.50325
pointless:0.5
secrets:0.49475
survival:0.493
stylish:0.4875
hospital:0.481
gothic:0.4775
great ending:0.47525
effects:0.47325
frightening:0.46875
monster:0.463
special effects:0.461
so bad it's funny:0.4395
catastrophe:0.437
first contact:0.432
bad cgi:0.4305
demons:0.42925
predictable:0.4245
grindhouse:0.42325
chase:0.42275
family drama:0.4195
script:0.41825
quirky:0.40325
mentor:0.403
forceful:0.39975
serial killer:0.3945
violence:0.3895
sexy:0.389
weapons:0.3875
strange:0.38425
bdsm:0.38275
visually stunning:0.38225
dreamlike:0.3805
british:0.38
simple:0.3795
teens:0.3785
visual:0.3785
storytelling:0.375
death:0.3715
teen movie:0.3695
sacrifice:0.3585
loneliness:0.35825
light:0.3495
adolescence:0.34825
destiny:0.34825
childhood:0.3475
visually appealing:0.34425
slasher:0.341
80s:0.339
cult:0.33875
sexual abuse:0.336
spelling bee:0.33425
exceptional acting:0.3315
brutal:0.3305
not funny:0.327
creativity:0.326
teacher:0.324
fairy tales:0.3215
criterion:0.317
redemption:0.31675
claustrophobic:0.31625
