obsession:0.95775
pornography:0.95425
disturbing:0.89575
life & death:0.88025
death:0.86975
sexual:0.868
intimate:0.84025
nudity (full frontal):0.82375
weird:0.818
good soundtrack:0.80225
relationships:0.79425
love:0.78875
erotic:0.7875
controversial:0.7855
sexy:0.767
original:0.76525
nudity (full frontal - notable):0.75025
passionate:0.747
sexualized violence:0.73775
very interesting:0.7375
sex:0.73675
sexuality:0.71725
love story:0.66225
brutality:0.65975
life philosophy:0.65775
melancholic:0.652
psychological:0.635
suicide:0.627
pretentious:0.6215
artsy:0.61
psychology:0.57825
nudity (topless):0.56975
loneliness:0.55875
great ending:0.553
culture clash:0.52725
lesbian:0.49775
censorship:0.49025
criterion:0.487
drinking:0.48375
insanity:0.47825
beautifully filmed:0.477
cerebral:0.47175
male nudity:0.4715
social commentary:0.46975
intense:0.46875
runaway:0.46725
canada:0.46
manipulation:0.4595
police investigation:0.45625
enigmatic:0.452
adaptation:0.45175
romantic:0.44625
cult film:0.446
twist:0.43875
goth:0.43825
bad ending:0.43575
gory:0.43375
cult classic:0.4285
independent film:0.42775
narrated:0.42625
grindhouse:0.424
bloody:0.4235
interesting:0.416
cinematography:0.41225
talky:0.4115
dialogue:0.41
honest:0.40975
mentor:0.40975
tragedy:0.408
artistic:0.4055
quirky:0.4
macabre:0.39825
twists & turns:0.39775
catastrophe:0.39325
splatter:0.39175
drama:0.39075
stylish:0.39025
not funny:0.38675
visually appealing:0.38575
creepy:0.3835
stylized:0.3825
complex:0.3805
sweet:0.3795
thought-provoking:0.378
betrayal:0.36625
good:0.366
beautiful scenery:0.3605
bdsm:0.35925
queer:0.35875
intellectual:0.35775
dark humor:0.3575
nocturnal:0.35525
gay character:0.3545
vengeance:0.354
surreal:0.354
storytelling:0.35325
blood:0.3505
entirely dialogue:0.34775
indie:0.34575
mad scientist:0.3445
