francis ford copolla:0.998
criterion:0.9975
golden palm:0.99275
japan:0.98925
kurosawa:0.98225
masterpiece:0.9725
long:0.906
samurai:0.905
stunning:0.895
imdb top 250:0.89175
intimate:0.868
cinematography:0.86625
meditative:0.8525
bleak:0.81825
beautifully filmed:0.8175
forceful:0.80225
storytelling:0.801
oscar (best directing):0.793
enigmatic:0.79175
visual:0.791
colourful:0.787
tragedy:0.78575
tokyo:0.78425
visually stunning:0.76875
breathtaking:0.76175
epic:0.7605
reflective:0.75975
great:0.75625
japanese:0.739
unusual plot structure:0.73875
great movie:0.7345
melancholy:0.7315
original:0.7275
stylized:0.7255
scenic:0.71825
black and white:0.71575
culture clash:0.70625
18th century:0.6975
melancholic:0.6875
life & death:0.68675
dramatic:0.67975
sacrifice:0.675
visually appealing:0.67375
great ending:0.66525
historical:0.66325
dialogue:0.66
complex characters:0.6585
talky:0.65225
social commentary:0.64975
oscar (best foreign language film):0.64925
amazing cinematography:0.645
oscar (best actress):0.63875
identity:0.61725
drama:0.616
costume drama:0.61425
runaway:0.609
atmospheric:0.5985
assassination:0.5965
weapons:0.5955
war:0.58725
good soundtrack:0.5845
complex:0.58425
story:0.57875
photography:0.57
movielens top pick:0.563
beautiful scenery:0.56125
oscar (best cinematography):0.55825
suprisingly clever:0.55525
great acting:0.55475
cerebral:0.55225
catastrophe:0.5515
harsh:0.55075
tense:0.54825
poignant:0.54775
grim:0.5465
gunfight:0.53925
art:0.53475
childhood:0.5275
transformation:0.5235
medieval:0.5185
realistic:0.51475
police investigation:0.51175
visceral:0.50975
beautiful:0.507
death:0.50625
mentor:0.50525
redemption:0.50225
dreamlike:0.4945
oscar (best supporting actress):0.4945
foreign:0.494
affectionate:0.48575
passionate:0.48525
downbeat:0.48425
powerful ending:0.48225
ironic:0.4815
dreams:0.4815
loneliness:0.47675
vengeance:0.47425
character study:0.474
political:0.47275
