sci-fi:0.99525
futuristic:0.993
future:0.99225
prison escape:0.988
scifi:0.9795
prison:0.96625
sci fi:0.95825
cyborgs:0.95675
science fiction:0.90925
action:0.8545
good action:0.8385
technology:0.732
lone hero:0.73125
fun movie:0.7295
splatter:0.729
original:0.72
robots:0.684
cloning:0.6645
fight scenes:0.6425
so bad it's funny:0.64
dystopic future:0.63475
bad plot:0.62525
mad scientist:0.624
plot holes:0.6135
special effects:0.60775
bad acting:0.5915
end of the world:0.58475
good:0.57375
predictable:0.561
silly:0.55775
first contact:0.54325
big budget:0.538
dystopia:0.529
mentor:0.52275
so bad it's good:0.50525
action packed:0.504
life philosophy:0.50325
complex:0.49825
catastrophe:0.47875
cool:0.4715
dreams:0.46
chase:0.4545
great:0.451
entertaining:0.4445
creativity:0.44325
natural disaster:0.43425
brutality:0.432
great ending:0.42925
violence:0.4275
alternate reality:0.4075
fun:0.40725
low budget:0.39925
underrated:0.39725
gory:0.394
male nudity:0.3885
pulp:0.386
80s:0.383
not funny:0.3805
transformation:0.37925
dialogue:0.37025
apocalypse:0.37
mutants:0.36425
exciting:0.364
story:0.362
destiny:0.36175
distopia:0.36175
suspense:0.348
campy:0.34375
memory:0.34275
explosions:0.34125
android(s)/cyborg(s):0.33525
weapons:0.335
cheesy:0.32575
disaster:0.3255
storytelling:0.31975
runaway:0.3175
desert:0.317
violent:0.317
bad science:0.315
good soundtrack:0.31325
cult film:0.31075
effects:0.30375
cult classic:0.3035
death:0.30275
bad:0.3025
plot:0.3005
robot:0.2925
scifi cult:0.2895
silly fun:0.289
nudity (topless - notable):0.284
adventure:0.28125
very interesting:0.275
existentialism:0.27425
post apocalyptic:0.2735
visually stunning:0.27125
crappy sequel:0.27125
bullying:0.27075
nudity (full frontal - brief):0.27025
nudity (topless):0.26875
virus:0.26875
