vigilante:0.99825
violence:0.9875
vigilantism:0.9855
vengeance:0.972
revenge:0.96475
violent:0.89875
action:0.892
justice:0.88
gunfight:0.86875
chase:0.861
gratuitous violence:0.85725
murder:0.85675
brutality:0.856
intense:0.81975
suspense:0.8075
good action:0.7975
original:0.78725
gangs:0.7775
weapons:0.7725
brutal:0.75775
plot:0.7465
visceral:0.745
survival:0.70275
parenthood:0.6995
blood:0.69725
sexualized violence:0.69475
realistic action:0.693
bloody:0.677
guns:0.67525
gangsters:0.6665
pornography:0.66625
action packed:0.662
arms dealer:0.6535
thriller:0.6495
betrayal:0.6475
family:0.6455
corruption:0.6405
death:0.63
fight scenes:0.625
tense:0.62225
great ending:0.61825
pg-13:0.616
graphic novel:0.60975
good soundtrack:0.60975
plot holes:0.6095
fast paced:0.60575
splatter:0.60075
crime:0.59375
predictable:0.578
stereotypes:0.576
anti-hero:0.5735
hitman:0.571
surveillance:0.5685
bad ending:0.5635
moral ambiguity:0.56175
dysfunctional family:0.558
hospital:0.555
assassination:0.546
story:0.545
serial killer:0.54275
redemption:0.5385
catastrophe:0.53375
harsh:0.53025
classic car:0.53
storytelling:0.514
psychological:0.508
good:0.50625
dialogue:0.50525
suspenseful:0.49775
bad acting:0.49425
social commentary:0.4925
mentor:0.49075
happy ending:0.49075
life & death:0.4865
car chase:0.48625
nudity (topless - notable):0.48475
stylish:0.48375
guilt:0.478
unrealistic:0.47025
gritty:0.4695
twists & turns:0.46475
better than expected:0.46225
drama:0.46075
twist:0.451
idiotic:0.45025
based on a comic:0.448
stylized:0.4475
good acting:0.4415
torture:0.43825
grindhouse:0.43075
plot twist:0.42975
culture clash:0.42575
interesting:0.423
emotional:0.42075
big budget:0.41125
nudity (full frontal - brief):0.404
lone hero:0.3955
absurd:0.3935
gory:0.39325
entertaining:0.393
