horrible:0.9635
so bad it's funny:0.84625
bad plot:0.8355
predictable:0.81825
special effects:0.7635
kids:0.758
original:0.72475
cheesy:0.72125
bad acting:0.70425
family:0.69225
bad:0.65525
destiny:0.65325
fun:0.6485
awful:0.63925
sports:0.634
basketball:0.62475
stupid:0.62425
idiotic:0.57825
childhood:0.57375
fantasy:0.5595
overrated:0.55725
mentor:0.53475
natural disaster:0.52875
pointless:0.50475
children:0.4965
catastrophe:0.49175
whimsical:0.48975
multiple storylines:0.48725
corny:0.46325
bad cgi:0.462
dialogue:0.4505
chase:0.43625
great ending:0.43475
magic:0.42975
fight scenes:0.42675
story:0.41925
wizards:0.4185
stupid as hell:0.413
first contact:0.40925
disaster:0.409
brutality:0.404
cult film:0.4005
big budget:0.397
happy ending:0.39325
nudity (topless - notable):0.387
fun movie:0.3845
writers:0.383
goofy:0.37675
teen movie:0.37075
not funny:0.36725
great acting:0.367
bullying:0.36675
justice:0.3655
fantasy world:0.36475
light:0.35675
bad script:0.351
life philosophy:0.35025
adaptation:0.3455
talky:0.341
shallow:0.338
super-hero:0.33125
unlikely friendships:0.32975
entirely dialogue:0.32175
stupidity:0.318
romantic:0.3175
dreamlike:0.3175
slapstick:0.317
nudity (full frontal - brief):0.316
alter ego:0.313
storytelling:0.31275
camp:0.30875
gangsters:0.30575
bad ending:0.3055
dinosaurs:0.30375
guilty pleasure:0.30275
pulp:0.30125
feel-good:0.2955
80s:0.29525
great:0.2945
campy:0.29125
action:0.2875
oscar winner:0.28675
lone hero:0.28475
adventure:0.28225
quirky:0.28
weapons:0.28
kids and family:0.27675
friendship:0.276
death:0.27225
lame:0.27125
silly:0.2675
inspirational:0.267
runaway:0.26675
silly fun:0.26625
girlie movie:0.26475
culture clash:0.26275
good soundtrack:0.2615
melancholic:0.261
unusual plot structure:0.26025
mad scientist:0.2595
