plot twist:0.983
twist:0.9535
twist ending:0.943
claustrophobic:0.94175
great ending:0.933
horror:0.92675
apocalypse:0.925
virus:0.92025
twists & turns:0.9005
thriller:0.89975
survival:0.897
surprise ending:0.89425
family:0.86175
monsters:0.85025
post-apocalyptic:0.8485
post apocalyptic:0.8435
clever:0.83975
family drama:0.819
original:0.80875
monster:0.805
suspense:0.78
catastrophe:0.7775
psychological:0.7515
conspiracy:0.74425
pg-13:0.7115
isolation:0.7045
complicated plot:0.70325
plot:0.70125
gory:0.69025
tense:0.6725
blood:0.66875
good acting:0.6525
end of the world:0.64675
splatter:0.63975
better than expected:0.638
big budget:0.63625
plot holes:0.6285
first contact:0.62125
action:0.618
mindfuck:0.6155
natural disaster:0.61325
coen bros:0.60925
suspenseful:0.6085
zombie:0.60325
original plot:0.602
tricky:0.58925
mystery:0.58575
paranoia:0.5855
scary:0.575
excellent script:0.5655
science fiction:0.5585
supernatural:0.55825
memory loss:0.555
cerebral:0.55075
bad ending:0.54975
story:0.5395
scifi:0.5355
psychology:0.5285
dynamic cgi action:0.52825
low budget:0.51925
goretastic:0.518
suburbia:0.51325
predictable:0.5035
weird:0.503
slow paced:0.49725
alternate endings:0.49725
memory:0.49475
idiotic:0.492
sci-fi:0.487
interesting:0.48625
kids:0.48325
sci fi:0.483
storytelling:0.481
betrayal:0.4705
complex:0.45975
visually stunning:0.44825
creepy:0.447
nudity (topless):0.44275
not funny:0.44
zombies:0.43675
lone hero:0.4345
sacrifice:0.431
atmospheric:0.417
fast paced:0.41675
dysfunctional family:0.4165
effects:0.41575
notable nudity:0.414
potential oscar nom:0.41025
technology:0.40675
werewolves:0.4055
guilt:0.4
shopping:0.39525
based on a book:0.3935
cute!:0.39225
bloody:0.39
dark:0.39
excellent:0.3885
life philosophy:0.385
transformation:0.384
kids and family:0.38325
