robert downey jr:0.95975
biographical:0.934
biopic:0.90425
artistic:0.89875
weird:0.8805
male nudity:0.87125
art:0.82425
nudity (full frontal - notable):0.80425
original:0.74725
photography:0.73275
nudity (full frontal):0.73275
enigmatic:0.7315
obsession:0.7305
visually stunning:0.72725
visual:0.7195
artist:0.719
erotic:0.6855
surreal:0.682
cinematography:0.673
love story:0.67225
visually appealing:0.666
life philosophy:0.65325
relationships:0.64925
life & death:0.62025
existentialism:0.613
very interesting:0.60875
mentor:0.608
destiny:0.60375
melancholy:0.59825
beautifully filmed:0.59675
life:0.59425
loneliness:0.58525
psychological:0.57075
good soundtrack:0.54775
so bad it's funny:0.545
shallow:0.54475
passionate:0.529
sexualized violence:0.5275
artsy:0.52075
betrayal:0.52
nudity (topless - notable):0.5175
factual:0.511
depression:0.48
fantasy world:0.4765
biography:0.47075
storytelling:0.4655
cerebral:0.46275
thought-provoking:0.44425
eccentricity:0.4275
philosophy:0.426
story:0.4165
psychology:0.41525
interesting:0.41525
art house:0.41275
catastrophe:0.40725
fantasy:0.407
creativity:0.40025
surrealism:0.3985
photographer:0.3975
poetry:0.39625
intimate:0.39475
meditative:0.392
intellectual:0.391
breathtaking:0.38725
dreamlike:0.3775
underrated:0.37525
transformation:0.374
beautiful:0.37275
reflective:0.3725
adaptation:0.361
stylized:0.35275
mental illness:0.35025
solitude:0.349
talky:0.34725
mozart:0.34475
strange:0.34275
dialogue:0.33825
melancholic:0.338
nudity (topless):0.33575
pornography:0.334
beautiful scenery:0.332
great ending:0.32325
prejudice:0.3225
not funny:0.31875
visuals:0.317
great cinematography:0.3165
pretentious:0.3155
scenic:0.3125
classic car:0.311
love:0.311
plot:0.3065
nonlinear:0.299
period piece:0.2985
suprisingly clever:0.2945
brutality:0.29325
first contact:0.292
intense:0.28775
redemption:0.28775
psychiatry:0.2865
sex:0.28525
