stylized:0.93525
visually stunning:0.93375
dreams:0.906
visually appealing:0.85675
imagination:0.85175
visual:0.83625
original:0.8295
artsy:0.82775
weird:0.8265
beautifully filmed:0.8265
surreal:0.823
enigmatic:0.8115
whimsical:0.80925
pornography:0.804
cinematography:0.8005
dreamlike:0.7765
surrealism:0.776
colourful:0.7745
golden palm:0.745
melancholy:0.7145
melancholic:0.70775
cerebral:0.7025
social commentary:0.687
artistic:0.68525
independent film:0.6845
dialogue:0.67575
oscar (best foreign language film):0.674
art:0.66475
foreign:0.6635
loneliness:0.65525
allegory:0.6535
intimate:0.6525
criterion:0.62825
bleak:0.62025
male nudity:0.6085
light:0.60475
brutality:0.60025
entirely dialogue:0.59325
childhood:0.585
unusual plot structure:0.5805
very interesting:0.5675
nudity (full frontal - notable):0.56625
indie:0.56025
silent:0.55775
bizarre:0.5525
sexualized violence:0.54825
good soundtrack:0.54625
existentialism:0.544
meditative:0.543
narrated:0.5405
nocturnal:0.53975
talky:0.534
quirky:0.5225
fantasy world:0.51975
black and white:0.5135
storytelling:0.5125
harsh:0.51075
breathtaking:0.504
art house:0.49525
mindfuck:0.49475
nudity (topless - notable):0.49375
mentor:0.49325
beautiful:0.492
irish accent:0.4805
great ending:0.4795
visuals:0.479
pretentious:0.4785
parallel universe:0.4755
suprisingly clever:0.47175
dark fantasy:0.47075
transformation:0.469
crime gone awry:0.46775
movielens top pick:0.45325
strange:0.452
intellectual:0.45075
atmospheric:0.4495
hospital:0.44325
complex:0.44125
life philosophy:0.4355
hotel:0.4315
obsession:0.4205
amazing cinematography:0.41825
finnish:0.41775
nonlinear:0.412
fantasy:0.412
stylish:0.4075
catastrophe:0.407
special:0.4065
eccentricity:0.40575
dark:0.40275
post apocalyptic:0.3855
absurd:0.38525
lynch:0.37975
amazing photography:0.37125
erotic:0.37
interesting:0.369
german:0.36875
life:0.36175
creativity:0.35975
hallucinatory:0.3595
