werewolves:0.99925
werewolf:0.99225
sisters:0.9755
prequel:0.91425
goth:0.83325
original:0.76575
great ending:0.737
pornography:0.6795
gothic:0.6735
horror:0.66575
brutality:0.656
splatter:0.65425
sexy:0.65225
weird:0.65025
transformation:0.63075
creepy:0.6005
sequels:0.575
pointless:0.551
19th century:0.54925
dark:0.5395
macabre:0.532
finnish:0.532
franchise:0.53025
wilderness:0.52725
fantasy world:0.50225
demons:0.5015
scary:0.48525
cinematography:0.484
harsh:0.48225
great acting:0.47725
talky:0.47475
twist ending:0.4675
atmospheric:0.4655
suburbia:0.43825
dark humor:0.432
nocturnal:0.42475
parallel universe:0.42425
criterion:0.4235
period piece:0.42325
dialogue:0.423
immortality:0.419
gory:0.416
exceptional acting:0.3975
good sequel:0.38925
catastrophe:0.373
life & death:0.3685
bloody:0.366
series:0.35625
indians:0.35375
doctors:0.351
gay character:0.35025
good soundtrack:0.34725
cult classic:0.34575
police investigation:0.345
teen movie:0.34475
remake:0.34325
adaptation:0.34125
dysfunctional family:0.3385
enigmatic:0.335
predictable:0.33325
stylized:0.3315
life philosophy:0.329
trilogy:0.32875
bad ending:0.328
camp:0.3265
clever:0.32525
destiny:0.31925
runaway:0.31075
teens:0.304
nudity (full frontal - brief):0.29725
mentor:0.29725
dreamlike:0.29675
eerie:0.29625
not funny:0.29525
social commentary:0.293
dreams:0.2895
storytelling:0.2865
great:0.28475
disturbing:0.283
death:0.28075
cheerleading:0.27925
entirely dialogue:0.277
dark fantasy:0.277
plot:0.271
melancholic:0.2705
coming-of-age:0.26875
cool:0.2685
murder:0.267
bad acting:0.266
isolation:0.26375
lone hero:0.26275
suprisingly clever:0.25675
based on a play:0.25575
supernatural:0.253
crappy sequel:0.2525
native americans:0.251
bleak:0.25075
mythology:0.248
sequel:0.24675
teen:0.246
