espionage:0.9965
spying:0.9955
spy:0.9685
twists & turns:0.95525
spies:0.947
mentor:0.9385
surveillance:0.923
secrets:0.92175
suspense:0.91225
plot twist:0.8995
fast paced:0.892
thriller:0.8915
pg-13:0.84525
action:0.837
chase:0.832
conspiracy:0.83
cia:0.811
good:0.79325
entertaining:0.786
technology:0.7755
plot:0.7725
suspenseful:0.7705
betrayal:0.76325
twist ending:0.76125
twist:0.7455
predictable:0.731
surprise ending:0.7225
plot holes:0.70075
catastrophe:0.69175
good acting:0.663
great ending:0.64925
intense:0.63725
sexy:0.63525
bad ending:0.631
interesting:0.62425
big budget:0.61775
great acting:0.615
paranoia:0.60875
original:0.6085
corruption:0.60625
manipulation:0.5885
silly fun:0.587
hacking:0.58675
caper:0.5865
alternate endings:0.583
assassin:0.58175
car chase:0.5785
computers:0.57375
secret service:0.57325
cool:0.57275
exciting:0.57225
hackers:0.57075
fun movie:0.5645
dialogue:0.54075
tense:0.5405
good action:0.53675
bad plot:0.5255
internet:0.51275
natural disaster:0.50925
better than expected:0.502
clever:0.49825
unrealistic:0.49625
assassination:0.486
very good:0.47475
irish accent:0.4715
story:0.4715
greed:0.46875
torture:0.46825
runaway:0.46175
so bad it's funny:0.4555
action packed:0.45225
very interesting:0.452
vengeance:0.45
tom clancy:0.4455
first contact:0.44475
great:0.444
confusing:0.439
revenge:0.4325
mystery:0.431
murder:0.4275
train:0.419
life philosophy:0.4185
excellent:0.4105
police investigation:0.40875
heist:0.3965
storytelling:0.3945
silly:0.3845
good soundtrack:0.38325
complex:0.38275
futuristic:0.38225
happy ending:0.37925
conspiracy theory:0.3715
identity:0.36025
robert ludlum:0.348
assassins:0.34675
entirely dialogue:0.342
complicated:0.33675
pornography:0.3355
kidnapping:0.3355
con men:0.33525
