melancholic:0.94325
enigmatic:0.93575
criterion:0.91725
downbeat:0.913
black and white:0.8875
meditative:0.877
talky:0.84375
road movie:0.83575
childhood:0.83275
loneliness:0.82275
bleak:0.8195
reflective:0.8045
oscar (best actress):0.759
parenthood:0.729
german:0.7245
intimate:0.71075
artistic:0.67575
original:0.672
atmospheric:0.6655
oscar (best foreign language film):0.6525
masterpiece:0.6515
cinematography:0.63425
existentialism:0.63275
allegory:0.6285
police investigation:0.6235
social commentary:0.6225
runaway:0.61925
suprisingly clever:0.612
melancholy:0.60775
imdb top 250:0.601
poignant:0.58875
creepy:0.5815
psychological:0.57425
unusual plot structure:0.5655
hotel:0.565
obsession:0.55375
pornography:0.54825
germany:0.54425
insanity:0.54225
women:0.529
golden palm:0.52175
art house:0.51725
dreamlike:0.51125
tense:0.5025
vengeance:0.5025
nudity (full frontal - brief):0.49775
friendship:0.4805
cult classic:0.48025
dreams:0.478
weird:0.47575
beautifully filmed:0.4705
road trip:0.4605
surveillance:0.44775
cerebral:0.4475
foreign:0.4435
surreal:0.4405
texas:0.44
stylized:0.438
paranoid:0.435
secrets:0.431
japan:0.428
transformation:0.41875
tokyo:0.4165
identity:0.41575
writers:0.41425
catastrophe:0.41125
absurd:0.41075
paranoia:0.40425
memory:0.40375
disturbing:0.4035
sexual:0.4015
movielens top pick:0.39675
storytelling:0.395
moody:0.39475
segregation:0.3945
bittersweet:0.3925
dialogue:0.39075
biting:0.39
investigation:0.3865
character study:0.37925
macabre:0.379
harsh:0.3755
based on a play:0.3725
apocalypse:0.37125
tricky:0.3705
cynical:0.36575
story:0.36
breathtaking:0.358
guilt:0.34925
colourful:0.34675
classical music:0.346
innocence lost:0.33975
ironic:0.338
great ending:0.3375
afi 100 (movie quotes):0.33675
oscar (best directing):0.33475
death:0.33175
sexual abuse:0.331
forceful:0.3285
suicide attempt:0.325
