fantasy world:0.99425
adapted from:game:0.992
fantasy:0.99125
imagination:0.97425
magic:0.97
fairy tales:0.9655
fairy tale:0.95525
high fantasy:0.91075
surreal:0.88925
muppets:0.88675
good versus evil:0.879
maze:0.8735
adventure:0.8735
weird:0.86475
childhood:0.85025
dark fantasy:0.836
cult classic:0.82225
puppets:0.819
whimsical:0.80975
original:0.79825
cult film:0.77575
visually stunning:0.7485
dreamlike:0.74225
good soundtrack:0.70525
mythology:0.68625
nostalgic:0.686
great:0.6575
fun movie:0.644
love:0.635
wizards:0.63325
storytelling:0.63075
creativity:0.63
children:0.6215
quotable:0.5915
special effects:0.58725
music:0.57
great ending:0.5595
awesome soundtrack:0.556
modern fantasy:0.55225
colourful:0.55
dreams:0.5465
visual:0.53675
dragons:0.533
love story:0.53125
parallel universe:0.5305
coming-of-age:0.5255
fun:0.5235
great soundtrack:0.518
good:0.5105
mentor:0.50575
great movie:0.505
special:0.5035
beautifully filmed:0.49775
underrated:0.4885
musical:0.48825
dialogue:0.487
cool:0.4825
based on book:0.4745
80s:0.47225
feel-good:0.46875
life philosophy:0.4665
transformation:0.466
witches:0.45475
destiny:0.45025
alone in the world:0.44825
beautiful scenery:0.44825
catastrophe:0.44425
visually appealing:0.4405
dance:0.42875
romance:0.42575
1980s:0.4185
sweet:0.416
visuals:0.414
story:0.41225
artistic:0.41075
original plot:0.40975
surrealism:0.4065
cult:0.4005
classic:0.39525
great music:0.38825
runaway:0.38725
plot:0.3865
nostalgia:0.3825
light:0.379
kids:0.36775
scenic:0.36475
allegory:0.36275
computer animation:0.36025
adolescence:0.35875
romantic:0.3585
so bad it's funny:0.357
clever:0.35675
crude humor:0.3565
based on a book:0.3565
feel good movie:0.355
teen movie:0.35125
teen:0.35025
friendship:0.34875
magic realism:0.3485
unlikely friendships:0.34225
