based on a book:0.98925
horror:0.954
adapted from:book:0.91825
adaptation:0.869
supernatural:0.868
books:0.82
creepy:0.8085
writers:0.7955
splatter:0.7735
mentor:0.75725
original:0.753
gory:0.74525
great ending:0.69375
based on book:0.67775
book:0.67175
book was better:0.669
cult classic:0.6665
pulp:0.66425
cult film:0.60875
murder:0.60775
scary:0.577
so bad it's funny:0.56975
alter ego:0.56125
writing:0.5455
special effects:0.539
predictable:0.522
literature:0.51425
great:0.5135
psychological:0.5125
cerebral:0.507
weird:0.50575
underrated:0.50575
gruesome:0.49875
death:0.49
good:0.487
suspense:0.482
vengeance:0.47925
great acting:0.47525
good soundtrack:0.4725
violence:0.4645
doctors:0.44625
graphic novel:0.44475
violent:0.44375
catastrophe:0.4435
zombie:0.44175
psychology:0.4415
big budget:0.437
brutality:0.43175
creativity:0.43175
macabre:0.42175
storytelling:0.4145
demons:0.41325
story:0.40975
dialogue:0.409
goretastic:0.40675
transformation:0.406
silly:0.4055
not funny:0.40475
blood:0.39525
surreal:0.3915
nudity (topless - notable):0.3895
dark:0.388
pg-13:0.38675
destiny:0.38
bad ending:0.37875
shallow:0.37125
sexualized violence:0.359
life philosophy:0.3585
bloody:0.3575
family:0.356
classic car:0.35325
first contact:0.34975
unusual plot structure:0.34725
great movie:0.3455
overrated:0.34425
multiple storylines:0.344
cult:0.3425
thriller:0.3425
clever:0.339
serial killer:0.33675
devil:0.33475
slasher:0.334
gratuitous violence:0.33175
bad cgi:0.32425
gore:0.323
disturbing:0.32275
police investigation:0.32275
campy:0.32025
effects:0.31725
imdb top 250:0.3145
nudity (full frontal - brief):0.30825
atmospheric:0.306
bad plot:0.304
mad scientist:0.30175
humorous:0.29975
black comedy:0.29925
nudity (topless):0.299
fantasy world:0.29825
hospital:0.29825
visually appealing:0.29775
