splatter:0.99
zombies:0.95325
zombie:0.951
horror:0.9355
original:0.918
demons:0.91375
franchise:0.91325
apocalypse:0.90125
gory:0.85
gore:0.81425
cult classic:0.80325
bloody:0.8005
cult film:0.7685
claustrophobic:0.723
fun movie:0.718
pointless:0.701
brutality:0.69425
supernatural:0.66775
dark humor:0.66675
grindhouse:0.65
parody:0.614
scary:0.59875
family:0.5935
predictable:0.59025
virus:0.58875
pornography:0.576
sexy:0.571
transformation:0.568
sexualized violence:0.5555
bad plot:0.54925
blood:0.54275
violence:0.54125
great ending:0.5325
sequels:0.52475
black comedy:0.52425
suspense:0.517
multiple storylines:0.51175
bad cgi:0.51025
ironic:0.50875
storytelling:0.50825
wedding:0.491
sarcasm:0.489
good soundtrack:0.48425
fun:0.48
nudity (full frontal - notable):0.47075
dysfunctional family:0.469
happy ending:0.465
gratuitous violence:0.464
dialogue:0.464
mentor:0.4545
clever:0.45075
stylized:0.4395
goofy:0.42975
destiny:0.42875
dark comedy:0.4265
stereotypes:0.41675
weapons:0.41025
creativity:0.41
story:0.4095
love story:0.40825
bad acting:0.404
monster:0.401
hospital:0.399
bad ending:0.39825
overrated:0.393
cult:0.3885
very funny:0.384
murder:0.384
action:0.3835
catastrophe:0.38275
narrated:0.378
complex:0.37725
stupid as hell:0.37575
imdb top 250:0.3715
adaptation:0.371
intense:0.36775
nocturnal:0.366
weird:0.36225
death:0.358
nudity (topless):0.35675
so bad it's funny:0.35375
stylish:0.35275
pulp:0.352
entirely dialogue:0.351
nudity:0.3505
mad scientist:0.348
talky:0.3475
idiotic:0.34675
gruesome:0.3465
low budget:0.346
campy:0.34575
suprisingly clever:0.34475
cinematography:0.34375
creepy:0.34325
dark:0.34275
fantasy world:0.342
corruption:0.34
feel-good:0.339
twist ending:0.3365
crappy sequel:0.33375
