visually stunning:0.991
visual:0.99025
surreal:0.97625
serial killer:0.968
stunning:0.95725
psychological:0.945
visuals:0.93125
virtual reality:0.92625
visually appealing:0.9125
weird:0.9055
dreamlike:0.89175
sexualized violence:0.8875
dreams:0.87825
futuristic:0.876
psychology:0.871
stylized:0.86825
original:0.858
imagination:0.85525
alternate reality:0.84975
cinematography:0.8455
disturbing:0.84
mindfuck:0.8335
technology:0.82125
storytelling:0.8095
cerebral:0.80325
surrealism:0.80125
scary:0.7885
dark:0.7845
complex:0.777
fantasy world:0.76725
amazing cinematography:0.764
bizarre:0.762
sci fi:0.76
science fiction:0.75375
special effects:0.7345
creativity:0.7235
scifi:0.71175
very interesting:0.71
suspense:0.70975
schizophrenia:0.709
first contact:0.7075
twist:0.7005
hallucinatory:0.688
intense:0.664
story:0.66375
insanity:0.65825
psychiatry:0.655
pornography:0.655
graphic design:0.63975
effects:0.6335
brutality:0.619
plot:0.61425
thriller:0.609
dialogue:0.6065
enigmatic:0.6065
bdsm:0.60525
unique:0.60125
visceral:0.5985
strange:0.59325
stylish:0.59275
fantasy:0.59275
great ending:0.5915
confusing:0.5915
psychiatrist:0.58425
violence:0.58125
bad acting:0.57125
interesting:0.5675
plot holes:0.56625
twists & turns:0.55875
existentialism:0.55675
cult film:0.54975
kidnapping:0.5485
secrets:0.546
dark fantasy:0.53725
colourful:0.526
natural disaster:0.5195
predictable:0.51625
so bad it's funny:0.51325
police investigation:0.51225
suspenseful:0.509
absurd:0.50775
great cinematography:0.494
psychedelic:0.4885
good soundtrack:0.4835
sci-fi:0.48225
art:0.4805
original plot:0.48
pointless:0.47775
allegory:0.4765
graphic novel:0.475
obsession:0.4735
beautiful scenery:0.47075
violent:0.47025
bad plot:0.46525
atmospheric:0.4615
catastrophe:0.459
creepy:0.457
thought-provoking:0.44875
artsy:0.4455
gory:0.44375
