zombies:0.94525
zombie:0.92425
apocalypse:0.901
splatter:0.89875
horror:0.8585
social commentary:0.78325
original:0.74175
reality tv:0.595
virus:0.58225
dialogue:0.5535
life philosophy:0.55
bad acting:0.54375
fake documentary:0.51825
death:0.51825
great ending:0.51425
scary:0.506
gory:0.501
bad cgi:0.4965
internet:0.494
predictable:0.49175
catastrophe:0.4895
idiotic:0.48775
good soundtrack:0.48575
life & death:0.4565
so bad it's funny:0.4545
franchise:0.454
awesome soundtrack:0.45375
low budget:0.43375
shallow:0.407
narrated:0.38825
fantasy world:0.37525
brutality:0.36675
mentor:0.36675
grindhouse:0.359
cult film:0.352
hospital:0.339
special effects:0.33825
survival:0.33675
bad plot:0.33575
independent film:0.33325
stereotypes:0.333
fight scenes:0.33
surveillance:0.3275
satirical:0.32275
storytelling:0.32
end of the world:0.3175
computer game:0.30725
suspense:0.306
nudity (topless):0.305
pointless:0.302
violence:0.2995
entirely dialogue:0.29775
lame:0.2915
action:0.28975
adaptation:0.288
transformation:0.286
story:0.283
camp:0.2825
redemption:0.28175
blood:0.281
video game:0.28075
first contact:0.2805
better than expected:0.27825
gore:0.276
runaway:0.27375
great:0.27225
bad ending:0.27125
crude humor:0.26725
technology:0.26675
pg-13:0.2665
dysfunctional family:0.265
weapons:0.263
destiny:0.262
male nudity:0.2585
trilogy:0.25575
mad scientist:0.2535
monster:0.25
good:0.2485
satire:0.246
pornography:0.2455
horrible:0.243
overrated:0.24175
nudity (topless - brief):0.23825
stylized:0.2365
clever:0.23625
culture clash:0.234
gangsters:0.234
weird:0.2335
harsh:0.23275
slapstick:0.23
big budget:0.22975
nudity (full frontal - brief):0.227
dark humor:0.227
unlikeable characters:0.227
talky:0.22625
great acting:0.2245
cult classic:0.2245
absurd:0.224
not funny:0.22375
lone hero:0.22175
