mad scientist:0.99125
sci-fi:0.95525
science fiction:0.84025
horror:0.8345
low budget:0.7355
original:0.7115
sci fi:0.693
monster:0.6495
strippers:0.633
splatter:0.6325
grindhouse:0.6255
cult classic:0.603
censorship:0.59075
scifi:0.5395
cult film:0.51875
predictable:0.51125
brutality:0.48425
dialogue:0.48125
80s:0.45775
great ending:0.45575
so bad it's funny:0.45075
science:0.44575
sexy:0.4415
mentor:0.43025
first contact:0.42675
bad plot:0.41925
catastrophe:0.418
scary:0.41325
transformation:0.406
campy:0.40275
storytelling:0.399
quirky:0.38675
adaptation:0.36975
overrated:0.36025
weapons:0.35775
silly:0.357
pulp:0.357
lone hero:0.3485
not funny:0.344
entirely dialogue:0.34325
doctors:0.34325
sexualized violence:0.337
cars:0.33275
allegory:0.33
masterpiece:0.325
violence:0.3185
slasher:0.313
good soundtrack:0.3125
fight scenes:0.3105
monsters:0.3065
mars:0.30375
camp:0.3
gruesome:0.29
criterion:0.28825
special effects:0.28475
vengeance:0.2845
runaway:0.28225
pornography:0.28075
weird:0.2775
internet:0.2745
destiny:0.2715
writers:0.26775
gore:0.266
fantasy world:0.26025
gangsters:0.26
imdb top 250:0.25975
nudity (topless - notable):0.25775
visually appealing:0.25675
existentialism:0.25325
story:0.25225
life & death:0.251
adapted from:book:0.25075
macabre:0.25025
talky:0.25
redemption:0.25
nudity (full frontal - brief):0.2485
silly fun:0.24825
nudity (rear):0.2475
police investigation:0.2475
bloody:0.2455
melancholic:0.24375
twists & turns:0.24275
nudity (full frontal - notable):0.24225
classic car:0.24025
very funny:0.23875
women:0.23775
android(s)/cyborg(s):0.23775
death:0.235
suspense:0.23475
violent:0.23425
dysfunctional family:0.23425
demons:0.234
entertaining:0.234
gory:0.2335
queer:0.23275
male nudity:0.23275
slapstick:0.23275
surreal:0.2325
crude humor:0.23075
creepy:0.23025
