oscar (best actress):0.97275
dark humor:0.93775
relationships:0.908
loneliness:0.89675
character study:0.8905
depression:0.88125
tragedy:0.87275
drama:0.8725
depressing:0.8665
great acting:0.85925
original:0.84675
oscar:0.8295
greed:0.8115
dramatic:0.797
downbeat:0.7915
life:0.77725
mental illness:0.77025
intimate:0.768
sisters:0.766
social commentary:0.76325
san francisco:0.76175
bleak:0.756
melancholic:0.7555
exceptional acting:0.74225
oscar (best directing):0.7185
honest:0.717
heartbreaking:0.71525
new jersey:0.71075
bittersweet:0.6985
psychology:0.69675
reflective:0.69275
oscar (best supporting actress):0.689
existentialism:0.6835
emotional:0.682
complex characters:0.675
complex:0.66925
poignant:0.66925
drinking:0.66075
melancholy:0.6595
working class:0.6565
cerebral:0.65125
good soundtrack:0.646
dysfunctional family:0.64025
life philosophy:0.63325
psychological:0.62575
good acting:0.62275
life & death:0.61625
infidelity:0.611
storytelling:0.608
obsession:0.6035
talky:0.602
realistic:0.60175
dialogue:0.601
compassionate:0.59
interesting:0.588
writing:0.58575
redemption:0.58575
cinematography:0.583
criterion:0.58275
adultery:0.5815
harsh:0.5795
dark:0.5705
sad:0.56525
cheating:0.5645
great ending:0.559
enigmatic:0.55475
imdb top 250:0.5545
very interesting:0.552
great dialogue:0.55075
independent film:0.543
suicide attempt:0.5375
destiny:0.533
catastrophe:0.52675
insanity:0.517
cynical:0.51325
crime gone awry:0.5095
narrated:0.504
mentor:0.504
new york:0.503
dark comedy:0.503
twists & turns:0.49225
homeless:0.4905
california:0.489
nudity (full frontal - notable):0.488
golden palm:0.48775
great:0.48625
grim:0.48625
weird:0.486
runaway:0.4845
brutality:0.481
sarcasm:0.47675
excellent script:0.47275
clever:0.4725
eccentricity:0.4725
suicide:0.47
stylized:0.4635
nocturnal:0.4615
adaptation:0.46075
visually appealing:0.45975
drug abuse:0.45925
