tokyo:0.9935
surreal:0.98675
modern fantasy:0.95
loneliness:0.9425
japan:0.8845
melancholic:0.883
surrealism:0.851
weird:0.82975
homeless:0.78975
talky:0.77175
art house:0.76425
pornography:0.75975
criterion:0.7275
creativity:0.71025
art:0.70225
enigmatic:0.70175
relationships:0.68
golden palm:0.664
off-beat comedy:0.66325
melancholy:0.6525
absurd:0.64625
nonlinear:0.643
artistic:0.64025
dreamlike:0.63625
brutality:0.62275
independent film:0.621
runaway:0.62075
quirky:0.62025
strange:0.60625
breathtaking:0.604
good soundtrack:0.59625
original:0.5945
life philosophy:0.59125
intimate:0.57675
mentor:0.57625
oscar (best actress):0.56975
depression:0.56075
stylized:0.55925
sexualized violence:0.5415
cerebral:0.5395
foreign:0.53075
suprisingly clever:0.523
secrets:0.51575
meditative:0.51575
coming of age:0.513
storytelling:0.51125
dreams:0.5045
male nudity:0.4945
artist:0.494
obsession:0.48975
unlikely friendships:0.48875
existentialism:0.48225
coming-of-age:0.482
imagination:0.467
nudity (full frontal - notable):0.466
ironic:0.452
harsh:0.449
indie:0.44575
very interesting:0.4435
solitude:0.43625
gunfight:0.43425
life & death:0.433
multiple storylines:0.4275
reflective:0.4275
visually appealing:0.427
affectionate:0.42075
entirely dialogue:0.41775
dark comedy:0.41775
dance:0.41625
unfunny:0.41625
culture clash:0.4095
catastrophe:0.4055
oscar (best writing - screenplay written directly for the screen):0.40425
notable nudity:0.4035
lawyer:0.40325
nudity (topless - notable):0.40025
unique:0.399
classic car:0.3975
twists & turns:0.38675
gangsters:0.38675
drugs:0.38625
dialogue:0.38425
hitman:0.382
sexual abuse:0.37925
bizarre:0.37525
paris:0.375
cult classic:0.37225
intellectual:0.36775
japanese:0.366
social commentary:0.36525
french:0.36475
shopping:0.35775
hospital:0.35675
black comedy:0.351
visual:0.34975
crime gone awry:0.347
short:0.345
nerds:0.344
workplace:0.3375
narrated:0.33575
