australia:0.9885
new york city:0.9575
comedy:0.94275
adventure:0.94175
australian:0.88575
fish:0.86125
new york:0.85975
1980s:0.8585
fun movie:0.7865
story:0.7765
good:0.76525
good action:0.76025
jungle:0.7595
funny:0.75325
big budget:0.75275
mentor:0.74625
chase:0.74325
destiny:0.73625
chick flick:0.7305
survival:0.72375
culture clash:0.7205
action:0.71875
80s:0.70825
romantic:0.69675
nostalgic:0.69175
original:0.675
romance:0.6665
feel-good:0.66525
solitude:0.65675
humorous:0.655
lone hero:0.65475
light:0.6485
romantic comedy:0.6425
great:0.6365
predictable:0.631
very funny:0.6295
sentimental:0.62525
catastrophe:0.60325
action packed:0.592
saturn award (best special effects):0.5845
happy ending:0.582
goofy:0.581
sequel:0.5765
fun:0.57275
love story:0.56675
dynamic cgi action:0.5605
franchise:0.55025
girlie movie:0.5465
pg-13:0.54475
great movie:0.5435
transformation:0.52625
oscar (best effects - visual effects):0.52325
simple:0.5215
special effects:0.51675
natural disaster:0.51425
silly fun:0.497
nudity (rear):0.496
quotable:0.49225
family:0.492
childhood:0.4895
feel good movie:0.4815
sequels:0.4805
entertaining:0.4775
underdog:0.47075
oscar winner:0.465
great ending:0.46125
original plot:0.45925
buddy movie:0.452
brutality:0.45
end of the world:0.4495
life:0.44925
travel:0.43
treasure hunt:0.428
fantasy:0.42675
superheroes:0.4265
funniest movies:0.4255
life philosophy:0.424
fashion:0.42125
creativity:0.41625
dialogue:0.41625
based on true story:0.4155
oscar:0.414
humor:0.413
los angeles:0.412
alter ego:0.39825
fight scenes:0.39675
island:0.39575
stereotypes:0.3925
mythology:0.39175
cool:0.38725
hilarious:0.38475
adaptation:0.383
redemption:0.3825
sacrifice:0.381
honest:0.37925
first contact:0.379
suprisingly clever:0.37825
great acting:0.3775
unfunny:0.3725
shallow:0.37175
