disney animated feature:0.99475
animation:0.98525
cartoon:0.96425
animated:0.9505
classic:0.91075
disney:0.90825
children:0.88875
based on book:0.885
magic:0.88175
wizards:0.8815
fun movie:0.86675
animals:0.86525
witch:0.855
fairy tale:0.85225
cute:0.81325
king arthur:0.80775
childhood:0.78225
talking animals:0.7705
medieval:0.74725
mentor:0.747
original:0.7405
based on a book:0.7375
good:0.72525
kids and family:0.706
adapted from:book:0.703
fun:0.6985
great:0.676
story:0.66025
england:0.64925
sweet:0.62425
great ending:0.6205
kids:0.60975
adventure:0.6045
witches:0.59275
fantasy:0.59275
family:0.59175
dragons:0.568
destiny:0.557
clever:0.55075
greed:0.55025
funny:0.53975
entertaining:0.5365
animal movie:0.52975
simple:0.5265
cute!:0.525
fantasy world:0.52425
runaway:0.51775
great movie:0.49875
underrated:0.48975
good music:0.4825
london:0.47375
stereotypes:0.4715
transformation:0.46675
adaptation:0.464
good versus evil:0.4595
musical:0.459
goofy:0.45375
friendship:0.449
whimsical:0.4325
unlikely friendships:0.42775
good soundtrack:0.4225
catastrophe:0.4215
suprisingly clever:0.41475
culture clash:0.4135
brutality:0.41225
dialogue:0.397
light:0.39325
hunting:0.393
creativity:0.39175
oscar (best music - original song):0.39125
witty:0.38925
humorous:0.3875
romantic:0.382
very funny:0.366
storytelling:0.35925
quotable:0.35675
courage:0.34775
beautiful scenery:0.342
original plot:0.34125
peter pan:0.33925
rabbits:0.33925
fairy tales:0.33225
redemption:0.3315
visually appealing:0.3285
computer animation:0.328
life philosophy:0.32725
books:0.3235
heartwarming:0.3235
1930s:0.3225
very good:0.31275
prejudice:0.3085
futuristic:0.30775
stylized:0.30725
happy ending:0.3035
love story:0.303
chase:0.2955
pg-13:0.29525
unusual plot structure:0.29175
silly fun:0.29125
parallel universe:0.29075
