horror:0.9915
frightening:0.97125
creepy:0.96775
demons:0.963
scary:0.961
supernatural:0.952
devil:0.948
imdb top 250:0.914
classic:0.88275
suspense:0.8825
disturbing:0.882
psychological:0.87975
visceral:0.8745
original:0.8475
based on a book:0.84625
suspenseful:0.8415
violent:0.8405
tense:0.8385
intense:0.83625
masterpiece:0.827
psychology:0.82275
excellent script:0.80125
dark:0.779
cult:0.77775
controversial:0.76075
cult classic:0.75025
effects:0.747
splatter:0.73875
ominous:0.725
violence:0.72075
great ending:0.71575
gory:0.7125
atmospheric:0.7125
good soundtrack:0.71225
great acting:0.712
biblical:0.7085
religion:0.70525
oscar (best actress):0.6975
multiple storylines:0.69225
oscar (best directing):0.68425
based on book:0.67875
good versus evil:0.677
eerie:0.66775
gruesome:0.66525
good:0.65275
social commentary:0.6505
runaway:0.64925
adapted from:book:0.6425
highly quotable:0.64125
weird:0.6395
special effects:0.63875
insanity:0.6265
franchise:0.6265
brutality:0.62425
serial killer:0.622
adaptation:0.61475
dialogue:0.614
grindhouse:0.612
good acting:0.60925
macabre:0.60725
police investigation:0.604
storytelling:0.59825
great movie:0.59775
story:0.596
interesting:0.58975
childhood:0.58175
psychiatrist:0.56925
cult film:0.568
blood:0.56525
psychiatry:0.56
sacrifice:0.5585
oscar (best supporting actress):0.553
original plot:0.5525
spiders:0.5525
oscar (best effects - visual effects):0.552
mental illness:0.55075
grim:0.55025
sexualized violence:0.55
monster:0.54675
censorship:0.54575
transformation:0.54175
foul language:0.5365
drama:0.53625
talky:0.5355
exceptional acting:0.53025
child abuse:0.52975
downbeat:0.5145
criterion:0.51325
doctors:0.5125
torture:0.509
murder:0.50775
pornography:0.50425
excellent:0.50275
claustrophobic:0.49475
very good:0.49425
mentor:0.48175
honest:0.4765
thriller:0.47575
drinking:0.4755
forceful:0.4755
