divorce:0.97175
relationships:0.96625
dysfunctional family:0.9625
parenthood:0.95575
drama:0.9205
writers:0.8995
independent film:0.89075
intimate:0.8865
weird:0.84775
family drama:0.83825
adolescence:0.83225
original:0.82125
honest:0.79975
childhood:0.7915
depressing:0.79025
new york:0.78675
depression:0.77075
indie:0.7605
dark humor:0.7545
loneliness:0.7545
quirky:0.74975
complex:0.73425
exceptional acting:0.7315
great acting:0.7265
eccentricity:0.723
bittersweet:0.72025
drinking:0.7175
infidelity:0.71425
family:0.7135
foul language:0.708
dramatic:0.706
good soundtrack:0.68975
realistic:0.687
storytelling:0.68275
melancholic:0.67975
social commentary:0.67925
intellectual:0.67425
disturbing:0.6735
marriage:0.6715
talky:0.66225
sexuality:0.66
crime gone awry:0.66
reflective:0.653
pornography:0.652
dark comedy:0.651
golden palm:0.6465
poignant:0.6395
character study:0.637
sarcasm:0.627
coming of age:0.625
affectionate:0.61975
melancholy:0.61925
criterion:0.6165
mentor:0.60725
downbeat:0.60325
psychology:0.59525
cinematography:0.59475
bleak:0.58575
interesting:0.58075
emotional:0.579
cathartic:0.57875
pretentious:0.5765
oscar (best directing):0.57175
dialogue:0.56175
brutality:0.56025
adoption:0.56
best of 2005:0.5585
runaway:0.5575
very interesting:0.55575
psychological:0.55175
absurd:0.55
excellent script:0.549
off-beat comedy:0.5465
children:0.54525
stylized:0.5435
tragedy:0.53525
ironic:0.5315
secrets:0.52925
culture clash:0.52625
great ending:0.51675
adultery:0.51075
visceral:0.50875
redemption:0.507
nudity (full frontal - notable):0.49975
guilt:0.499
adapted from:book:0.49025
visually appealing:0.48825
black comedy:0.485
cerebral:0.4845
harsh:0.48125
suprisingly clever:0.4805
good acting:0.474
complex characters:0.47275
writing:0.46625
death:0.46525
humorous:0.462
enigmatic:0.45875
coming-of-age:0.4555
unlikeable characters:0.4555
life philosophy:0.4545
