space:0.9995
androids:0.99725
scifi:0.99625
sci-fi:0.99175
science fiction:0.99
sci fi:0.98725
weird:0.90425
first contact:0.87325
low budget:0.866
mad scientist:0.861
special effects:0.83175
robot:0.8215
mindfuck:0.77725
underrated:0.77575
solitude:0.75325
cerebral:0.75
cult film:0.74375
future:0.73975
allegory:0.73875
existentialism:0.7275
space travel:0.71875
original:0.70225
unusual plot structure:0.6985
technology:0.6895
quirky:0.6775
dystopia:0.66875
life & death:0.66875
mars:0.65675
so bad it's funny:0.649
survival:0.638
enigmatic:0.63325
brutality:0.62975
great ending:0.6285
creepy:0.625
visual:0.61875
dystopic future:0.616
horror:0.60925
life philosophy:0.5965
finnish:0.59125
science:0.5885
alien:0.578
cult classic:0.5725
post apocalyptic:0.56575
robots:0.56125
transformation:0.559
plot:0.5585
scifi cult:0.553
futuristic:0.544
silly fun:0.5395
fantasy:0.537
stupid as hell:0.53
franchise:0.519
parallel universe:0.514
humanity:0.51325
campy:0.50625
natural disaster:0.499
bad ending:0.49425
violent:0.4935
grindhouse:0.493
catastrophe:0.48725
pornography:0.4725
mentor:0.463
bad science:0.4605
twist ending:0.46025
artificial intelligence:0.45625
aliens:0.45425
twists & turns:0.45175
cloning:0.44825
monster:0.44525
claustrophobic:0.4445
giant robots:0.44225
paranoid:0.4405
free to download:0.44
android(s)/cyborg(s):0.439
predictable:0.42975
conspiracy:0.42725
strange:0.4255
whimsical:0.42225
silly:0.41525
greed:0.41375
visuals:0.4135
dialogue:0.4065
visually stunning:0.39975
alternate reality:0.3995
teleportation:0.39925
dark fantasy:0.39575
male nudity:0.3945
underdog:0.391
story:0.391
sexualized violence:0.38825
not funny:0.38725
lone hero:0.38425
post-apocalyptic:0.38225
grim:0.37225
doctors:0.37125
utopia:0.36575
dreamlike:0.363
very interesting:0.3625
imagination:0.3615
suspenseful:0.35825
