football:0.99825
sports:0.99
comedy:0.91275
high school:0.89725
silly fun:0.88075
fun movie:0.85975
soccer:0.7825
underdog:0.761
80s:0.76
feel-good:0.75975
cheerleading:0.71925
predictable:0.708
mentor:0.69675
original:0.6955
fun:0.6845
feel good movie:0.63725
1980s:0.602
silly:0.5975
school:0.578
goofy:0.5705
teen movie:0.57025
girlie movie:0.53575
sexy:0.495
pg-13:0.472
good:0.466
entertaining:0.4585
great ending:0.454
funny:0.44525
transformation:0.4325
cool:0.4325
very funny:0.419
family:0.4075
catastrophe:0.4065
destiny:0.40325
revenge:0.40025
teens:0.39975
great:0.39075
light:0.389
fight scenes:0.38825
inspirational:0.3855
good soundtrack:0.3815
bad plot:0.3775
alter ego:0.37725
dialogue:0.3745
adaptation:0.373
stereotypes:0.3705
teen:0.36925
fighting:0.364
unfunny:0.357
notable nudity:0.34175
fantasy world:0.3395
nudity (full frontal - brief):0.3345
life philosophy:0.322
brutality:0.31975
story:0.3085
lone hero:0.3065
culture clash:0.30225
vengeance:0.30175
cute!:0.3005
redemption:0.2995
storytelling:0.29875
teacher:0.297
excellent:0.29375
happy ending:0.28575
dumb but funny:0.283
first contact:0.282
dreams:0.279
childhood:0.279
cute:0.2765
women:0.275
bullying:0.275
amy smart:0.26775
pornography:0.26675
boring:0.2645
police investigation:0.26275
fashion:0.262
not funny:0.2615
so bad it's funny:0.25975
overrated:0.2595
unusual plot structure:0.2595
natural disaster:0.25925
unlikely friendships:0.25225
runaway:0.252
drama:0.24825
intense:0.24775
internet:0.2475
divorce:0.24725
betrayal:0.246
cheesy:0.24575
underrated:0.24425
nudity (topless - notable):0.24025
melancholic:0.24
dark hero:0.23875
clowns:0.2385
stylized:0.23825
classic car:0.237
entirely dialogue:0.237
new jersey:0.23625
comic:0.23625
friendship:0.235
