espionage:0.9965
spy:0.95525
assassin:0.946
spying:0.887
conspiracy:0.887
spies:0.79125
thriller:0.7585
suspenseful:0.7295
original:0.70725
pornography:0.68225
conspiracy theory:0.68075
surveillance:0.67375
story:0.65125
assassins:0.64525
chase:0.62325
action:0.61775
cia:0.6095
secrets:0.59975
assassination:0.595
claustrophobic:0.58475
mentor:0.56375
product placement:0.51325
car chase:0.4835
dialogue:0.45825
predictable:0.45175
murder:0.44575
catastrophe:0.4325
blindness:0.42775
brutality:0.42775
paranoid:0.42375
culture clash:0.4205
life & death:0.41875
hitman:0.41775
intense:0.41625
psychological:0.402
tense:0.38825
mad scientist:0.3865
great ending:0.38475
death:0.37675
runaway:0.3755
violence:0.353
psychology:0.3495
first contact:0.34725
plot:0.34025
twist ending:0.335
twists & turns:0.3335
overrated:0.3335
storytelling:0.3285
exciting:0.32825
suspense:0.3215
life philosophy:0.31
cerebral:0.3085
lone hero:0.30825
sexy:0.2965
suprisingly clever:0.296
action packed:0.28625
new jersey:0.283
twist:0.28175
enigmatic:0.2805
good:0.27925
happy ending:0.27875
not funny:0.2725
talky:0.271
vengeance:0.27
plot holes:0.2695
sci fi:0.26825
terrorism:0.26375
complex:0.26325
maze:0.263
boring:0.26175
transformation:0.2595
gunfight:0.257
secret service:0.25525
entirely dialogue:0.25475
special effects:0.2545
grindhouse:0.2515
crude humor:0.2485
gangsters:0.24575
guns:0.24475
melancholic:0.24475
adaptation:0.23975
guilt:0.2385
bad ending:0.2365
quirky:0.233
bad plot:0.23175
hit men:0.23025
unfunny:0.23025
pointless:0.22875
moral ambiguity:0.22375
fantasy world:0.2205
idiotic:0.216
redemption:0.2155
natural disaster:0.215
stereotypes:0.21325
good soundtrack:0.21175
destiny:0.21175
very funny:0.2115
disaster:0.211
pulp:0.20975
time:0.2085
