glbt:0.9945
gay:0.9935
biographical:0.988
gay character:0.98225
homosexuality:0.98125
biopic:0.97525
san francisco:0.96825
politics:0.96675
queer:0.9555
homophobia:0.9425
oscar (best supporting actor):0.9405
political:0.91075
biography:0.90275
oscar (best actor):0.893
true story:0.8885
drama:0.87925
dramatic:0.87125
based on a true story:0.84875
oscar (best actress):0.84675
oscar (best picture):0.841
original:0.8355
oscar:0.835
touching:0.834
mentor:0.814
history:0.807
social commentary:0.78925
great acting:0.77575
california:0.77125
oscar (best directing):0.75775
transgender:0.75275
oscar (best writing - screenplay written directly for the screen):0.752
tragedy:0.74725
1970s:0.742
inspiring:0.73825
intimate:0.7365
corruption:0.729
character study:0.7125
aids:0.7115
heartbreaking:0.7115
world politics:0.708
interesting:0.7055
oscar (best supporting actress):0.69075
life & death:0.68275
courage:0.68175
good:0.679
excellent script:0.67375
thought-provoking:0.67125
good soundtrack:0.6635
prejudice:0.65925
imdb top 250:0.659
oscar winner:0.6495
life:0.6315
narrated:0.63025
honest:0.629
compassionate:0.6265
idealism:0.62525
storytelling:0.624
runaway:0.61525
historical:0.6125
based on true story:0.60525
assassination:0.604
passionate:0.60175
good acting:0.5955
redemption:0.5865
very interesting:0.58575
relationships:0.58075
destiny:0.5805
poignant:0.5795
emotional:0.578
life philosophy:0.577
great:0.5765
cinematography:0.57325
talky:0.56975
realistic:0.5665
inspirational:0.56125
greed:0.56125
us history:0.56
loneliness:0.56
story:0.55875
reflective:0.55425
factual:0.55
segregation:0.54975
great movie:0.54575
intense:0.54175
friendship:0.541
feel-good:0.53925
depression:0.53875
justice:0.53825
death:0.53625
stereotypes:0.53025
sad:0.52975
brutality:0.521
earnest:0.51975
unlikely friendships:0.51225
affectionate:0.512
melancholic:0.51175
drinking:0.5115
heartwarming:0.50775
criterion:0.50675
independent film:0.50525
