comedy:0.9005
funny:0.78225
very funny:0.747
so bad it's funny:0.74325
stupid:0.72
original:0.6875
idiotic:0.66875
parody:0.66325
spoof:0.65725
stupidity:0.6475
cult film:0.62875
horrible:0.62675
silly:0.61075
bad:0.598
goofy:0.5935
justice:0.58175
lame:0.57425
silly fun:0.57375
homeless:0.57075
predictable:0.55475
unfunny:0.509
too long:0.48975
first contact:0.475
bad plot:0.46725
dumb but funny:0.4645
mentor:0.45925
catastrophe:0.44575
internet:0.41925
las vegas:0.41575
destiny:0.4095
hilarious:0.39575
dumb:0.38825
great ending:0.383
shallow:0.38225
funny as hell:0.3805
satirical:0.37825
natural disaster:0.37275
fantasy world:0.371
overrated:0.36825
life philosophy:0.365
awful:0.36125
family:0.35975
saturday night live:0.344
stupid as hell:0.342
nudity (full frontal - brief):0.3315
crude humor:0.32775
brutality:0.3235
good:0.3205
courtroom:0.319
fight scenes:0.31675
lone hero:0.30925
vengeance:0.307
dialogue:0.3035
absurd:0.30225
light:0.294
story:0.29325
runaway:0.29075
humorous:0.2875
hotel:0.2875
nudity (topless - notable):0.28475
bad ending:0.284
adaptation:0.28075
greed:0.279
oscar winner:0.27725
police investigation:0.27675
quirky:0.27175
not funny:0.27175
crappy sequel:0.26575
lawyer:0.2635
good action:0.26
ridiculous:0.25825
pg-13:0.258
storytelling:0.25725
happy ending:0.255
slapstick:0.25325
fantasy:0.25225
big budget:0.2495
fun:0.247
fun movie:0.24675
dreamlike:0.245
boring:0.24425
long:0.2435
farce:0.24275
capitalism:0.24275
chase:0.242
melancholic:0.242
culture clash:0.23925
disaster:0.2385
pornography:0.2385
bad cgi:0.238
entirely dialogue:0.23725
sci fi:0.22625
murder:0.22575
imdb top 250:0.2255
oscar (best directing):0.22075
childhood:0.21775
pointless:0.21625
good soundtrack:0.21475
technology:0.211
franchise:0.2105
