mozart:0.997
18th century:0.95875
stylized:0.93525
criterion:0.93475
opera:0.86725
lyrical:0.866
swedish:0.84925
light:0.783
enigmatic:0.777
allegory:0.7755
intimate:0.76275
unusual plot structure:0.72825
affectionate:0.72175
classical music:0.7105
original:0.71025
melancholy:0.7095
nocturnal:0.707
cinematography:0.664
stunning:0.65525
adaptation:0.64275
visual:0.6365
artistic:0.6355
storytelling:0.6325
oscar (best supporting actress):0.62325
oscar (best actress):0.61
oscar (best foreign language film):0.5865
vengeance:0.5825
dramatic:0.57425
visually stunning:0.56125
compassionate:0.56075
childhood:0.5515
visually appealing:0.54775
great ending:0.5315
whimsical:0.526
art house:0.51925
weird:0.51675
dreamlike:0.5135
fairy tale:0.5125
breathtaking:0.5045
greed:0.504
cerebral:0.5015
masterpiece:0.4995
runaway:0.4955
talky:0.494
german:0.47575
suprisingly clever:0.45825
oscar (best directing):0.45625
culture clash:0.4555
drama:0.4535
adapted from:book:0.45125
music:0.4435
golden palm:0.43925
atmospheric:0.43625
great:0.43525
earnest:0.434
narrated:0.433
perfect:0.43275
amazing photography:0.43075
art:0.42875
catastrophe:0.428
passionate:0.426
based on book:0.41225
story:0.4075
reflective:0.40725
alter ego:0.405
meditative:0.40225
beautiful:0.40025
melancholic:0.39875
good:0.396
british:0.39425
bittersweet:0.389
poignant:0.3855
dialogue:0.385
revolution:0.38175
based on a book:0.37875
bleak:0.371
oscar (best cinematography):0.369
forceful:0.36775
exceptional acting:0.36675
fairy tales:0.36525
secrets:0.361
good soundtrack:0.3555
mentor:0.35425
assassination:0.35125
entirely dialogue:0.351
existentialism:0.34875
vienna:0.34775
england:0.3445
obsession:0.343
beautiful scenery:0.33875
witty:0.33875
sacrifice:0.3375
harsh:0.3365
fantasy world:0.33525
classic car:0.335
social commentary:0.3335
not funny:0.33125
nudity (full frontal - brief):0.331
fight scenes:0.3255
brutality:0.3245
