franchise:0.98675
series:0.98425
scifi:0.967
sci fi:0.94625
space:0.92025
firefly:0.91375
science fiction:0.87625
special effects:0.85775
plot:0.84075
dialogue:0.818
original:0.7975
sci-fi:0.79175
complex:0.745
visual:0.73
prequel:0.723
intense:0.714
blood:0.71325
vengeance:0.69075
pg-13:0.68725
story:0.663
cgi:0.65225
technology:0.64325
sexualized violence:0.6305
adventure:0.61775
action:0.608
big budget:0.59775
great ending:0.59675
original plot:0.591
space opera:0.57275
visually appealing:0.56125
internet:0.55
tense:0.549
predictable:0.53025
visually stunning:0.502
unusual plot structure:0.49975
good:0.4975
bad plot:0.48675
parenthood:0.48375
doctors:0.4785
mentor:0.476
transformation:0.47575
idiotic:0.47025
cool:0.46775
effects:0.4655
family drama:0.46375
weird:0.46325
light:0.46075
catastrophe:0.46025
weapons:0.46025
exciting:0.45925
dysfunctional family:0.4555
suspense:0.45125
clones:0.448
parallel universe:0.4475
chase:0.44525
dynamic cgi action:0.444
robots:0.43775
war:0.43125
pointless:0.42675
made for tv:0.42575
great acting:0.422
brainwashing:0.4195
great:0.41925
future:0.4115
alternate reality:0.4095
computer game:0.40725
awesome soundtrack:0.40675
stylized:0.402
too short:0.40125
immortality:0.40025
silly:0.398
crude humor:0.39275
violent:0.39225
cinematography:0.38625
oscar (best supporting actress):0.38425
betrayal:0.38225
creativity:0.37975
action packed:0.3785
fight scenes:0.378
fighting:0.3775
dark hero:0.376
redemption:0.37575
drama:0.372
first contact:0.36775
life philosophy:0.36375
adaptation:0.36175
storytelling:0.359
trilogy:0.3555
survival:0.35525
brutality:0.355
secrets:0.35475
nostalgic:0.3545
fast paced:0.349
plot twist:0.34675
entertaining:0.3455
not funny:0.34225
quotable:0.3395
destiny:0.33525
space travel:0.33475
entirely dialogue:0.33125
