oscar (best effects - visual effects):0.99975
treasure hunt:0.99375
adventure:0.9935
indiana jones:0.99175
archaeology:0.989
action:0.97
spielberg:0.95075
chase:0.94975
franchise:0.9495
good action:0.94125
series:0.9045
trilogy:0.8825
action packed:0.8725
sequel:0.866
exciting:0.85
snakes:0.84925
treasure:0.845
fun movie:0.83675
fast paced:0.83625
pg-13:0.8295
mythology:0.82125
good:0.80525
big budget:0.80125
special effects:0.76725
original:0.76325
violent:0.76275
indians:0.72975
intense:0.72025
vengeance:0.717
india:0.70625
saturn award (best special effects):0.70525
original plot:0.70175
fighting:0.69875
entertaining:0.689
sacrifice:0.68875
fight scenes:0.68825
childhood:0.68625
silly fun:0.6815
mentor:0.6805
father son relationship:0.67875
plot:0.675
great ending:0.67425
runaway:0.663
classic:0.66075
sword fight:0.65875
storytelling:0.65775
pulp:0.65075
scenic:0.64125
great movie:0.6405
violence:0.6295
cult:0.626
prequel:0.6205
fun:0.61875
jungle:0.61825
dialogue:0.603
dynamic cgi action:0.603
great:0.5975
cool:0.596
good sequel:0.59325
highly quotable:0.5925
kids:0.583
catastrophe:0.57175
good soundtrack:0.563
destiny:0.5605
father-son relationship:0.55525
fantasy:0.55275
desert:0.55025
sequels:0.5345
car chase:0.53425
beautiful scenery:0.5325
lone hero:0.53225
goofy:0.5315
story:0.5295
suspense:0.5265
imdb top 250:0.5235
humorous:0.522
humor:0.5205
dark hero:0.51675
brutality:0.514
nostalgic:0.5135
interesting:0.512
visual:0.50575
fantasy world:0.50375
survival:0.48975
awesome soundtrack:0.48775
quotable:0.4845
revenge:0.48325
light:0.47975
very good:0.47
cult film:0.46775
good versus evil:0.4665
pg:0.465
nazi:0.46075
children:0.4545
silly:0.45375
voodoo:0.45375
excellent:0.449
torture:0.44675
1930s:0.44525
underrated:0.43925
