small town:0.947
weird:0.94425
narrated:0.85525
texas:0.83025
quirky:0.82325
surreal:0.798
off-beat comedy:0.7795
life philosophy:0.7545
good soundtrack:0.7515
loneliness:0.74775
enigmatic:0.7385
cult classic:0.709
indie:0.70575
original:0.69975
meditative:0.68725
eccentricity:0.67575
wistful:0.66225
cerebral:0.64075
dark humor:0.636
suburbia:0.616
character study:0.6075
deadpan:0.5985
absurd:0.59725
great ending:0.59275
music:0.59125
surrealism:0.5905
black comedy:0.57325
obsession:0.54775
criterion:0.54625
melancholic:0.545
intimate:0.542
whimsical:0.54125
cult film:0.52975
dysfunctional family:0.52625
independent film:0.5205
insanity:0.51975
stylized:0.519
poignant:0.51225
complex:0.492
social commentary:0.48975
great music:0.4895
artistic:0.475
life & death:0.468
dreams:0.4605
talky:0.46025
underrated:0.46
intellectual:0.4575
bizarre:0.44125
catastrophe:0.441
pornography:0.4395
writers:0.437
nocturnal:0.43475
special:0.43425
dreamlike:0.42075
gunfight:0.42
reflective:0.418
visually appealing:0.41675
existentialism:0.41075
very interesting:0.4055
melancholy:0.40325
creativity:0.4
gay character:0.3985
ironic:0.3955
great:0.39475
storytelling:0.38525
satirical:0.384
entirely dialogue:0.3835
indians:0.3785
art:0.37825
cinematography:0.37525
artist:0.3735
irreverent:0.369
lynch:0.36875
dialogue:0.3675
lyrical:0.3655
rock and roll:0.365
vengeance:0.36475
mentor:0.3645
violent:0.36125
strange:0.3575
bleak:0.35125
crime gone awry:0.34875
death:0.34625
bad ending:0.34375
1980s:0.34225
shopping:0.34025
suprisingly clever:0.33925
technology:0.338
male nudity:0.3375
downbeat:0.331
brutality:0.329
great soundtrack:0.32425
crazy:0.32025
musical:0.31475
nudity (full frontal - notable):0.312
depression:0.30975
grindhouse:0.308
dark comedy:0.30775
clever:0.30725
great acting:0.30675
