oscar (best supporting actor):0.987
germany:0.98125
francis ford copolla:0.9745
oscar (best actress):0.9605
nazis:0.94
musical:0.94
broadway:0.89075
1930s:0.88225
oscar (best directing):0.88125
good music:0.8245
based on a play:0.82225
world war ii:0.8215
fascism:0.81475
nazi:0.80925
music:0.80625
jews:0.771
dramatic:0.765
new york:0.7585
berlin:0.7535
great acting:0.74225
great music:0.7275
oscar (best supporting actress):0.72025
lyrical:0.7185
original:0.716
imdb top 250:0.70125
oscar (best picture):0.69075
good soundtrack:0.6875
oscar:0.67775
anti-semitism:0.66975
stylized:0.6685
oscar (best cinematography):0.6445
social commentary:0.63425
dance:0.63175
queer:0.6285
transgender:0.624
drama:0.61525
exceptional acting:0.615
cinematography:0.581
politics:0.56975
dancing:0.56875
jewish:0.5655
runaway:0.55425
criterion:0.54875
cross dressing:0.548
talky:0.541
german:0.5395
good acting:0.537
culture clash:0.536
wistful:0.535
catastrophe:0.5345
golden palm:0.52725
glbt:0.52125
great cinematography:0.50825
atmospheric:0.49675
brutality:0.49525
masterpiece:0.48875
great:0.48575
complex:0.47425
loneliness:0.473
melancholic:0.4725
prejudice:0.465
suprisingly clever:0.46425
artistic:0.46225
intimate:0.46225
oscar winner:0.46225
visually stunning:0.4535
reflective:0.453
weird:0.45275
adaptation:0.45075
mentor:0.44975
dialogue:0.44875
love triangles:0.435
stunning:0.434
biographical:0.426
bleak:0.425
great ending:0.4225
breathtaking:0.421
storytelling:0.4205
idealism:0.42025
irreverent:0.42
harsh:0.4165
very interesting:0.4155
poignant:0.41475
depression:0.41
historical:0.40675
visceral:0.4025
drinking:0.4015
relationships:0.40075
bittersweet:0.3975
satirical:0.39725
character study:0.397
downbeat:0.3965
unusual plot structure:0.39625
not funny:0.39225
forceful:0.3905
awesome soundtrack:0.389
witty:0.38325
art:0.38025
story:0.3795
entirely dialogue:0.3775
