arnold:0.99425
action:0.99275
good action:0.9585
chase:0.94825
spying:0.94725
comedy:0.919
spies:0.905
espionage:0.87675
terrorism:0.8735
action packed:0.86575
weapons:0.849
special effects:0.8425
big budget:0.84075
fun movie:0.83475
spy:0.8325
silly fun:0.771
fight scenes:0.7445
vengeance:0.7305
fast paced:0.72475
mentor:0.72225
good:0.71375
explosions:0.70825
entertaining:0.708
secrets:0.707
motorcycle:0.691
secret service:0.68925
great:0.6855
original:0.68225
adventure:0.66725
violence:0.659
pg-13:0.6535
exciting:0.6455
cyborgs:0.625
family:0.5935
runaway:0.5935
surveillance:0.5845
dynamic cgi action:0.58275
marriage:0.5795
story:0.57175
gunfight:0.56475
lone hero:0.55625
fighting:0.5535
humorous:0.55
great movie:0.5495
revenge:0.54625
fun:0.53825
destiny:0.53475
funny:0.52725
islam:0.51925
suspense:0.51875
conspiracy:0.51825
thriller:0.51525
transformation:0.50875
plot:0.50625
catastrophe:0.49925
cool:0.491
stereotypes:0.48675
assassination:0.48225
hilarious:0.4805
oscar (best effects - visual effects):0.46975
oscar winner:0.461
dialogue:0.46
car chase:0.4565
quirky:0.44775
goofy:0.4475
sexy:0.4435
very funny:0.4425
culture clash:0.442
silly:0.4415
dark hero:0.43775
funny as hell:0.4275
excellent:0.427
cloning:0.4255
apocalypse:0.42175
classic car:0.41925
alter ego:0.418
beautiful scenery:0.41775
007:0.40825
futuristic:0.40075
saturn award (best special effects):0.3965
predictable:0.394
superheroes:0.38825
intense:0.38275
good acting:0.3815
natural disaster:0.378
violent:0.37725
great ending:0.376
dystopic future:0.37575
comic:0.3695
humor:0.369
scifi:0.363
buddy movie:0.361
ridiculous:0.3605
identity:0.36
tense:0.3565
family drama:0.3545
alternate reality:0.3515
science fiction:0.349
first contact:0.34825
nuclear bomb:0.3435
