christmas:0.9965
doctors:0.95975
sci-fi:0.93075
science fiction:0.88375
series:0.84675
great ending:0.84125
scifi:0.7515
aliens:0.7505
pg-13:0.747
technology:0.7315
original:0.73025
dreams:0.71125
special:0.689
imagination:0.686
visually stunning:0.67975
first contact:0.662
silly:0.658
grindhouse:0.6515
dialogue:0.642
hospital:0.63775
dark:0.6335
suspense:0.62725
catastrophe:0.6265
great:0.6255
storytelling:0.62375
unusual plot structure:0.61175
holiday:0.60725
mad scientist:0.597
manipulation:0.58675
alien:0.5865
fantasy world:0.58425
clever:0.58125
sci fi:0.57825
creativity:0.56575
time loop:0.5595
original plot:0.5525
light:0.54725
visual:0.5425
big budget:0.54075
atmospheric:0.54
writers:0.53825
sacrifice:0.5275
computer game:0.52475
franchise:0.52175
alter ego:0.52
loneliness:0.518
cerebral:0.51625
special effects:0.51425
runaway:0.513
complex:0.5045
melancholic:0.504
redemption:0.50025
fight scenes:0.499
transformation:0.495
good versus evil:0.49325
story:0.491
scenic:0.48525
fun movie:0.48425
chase:0.48025
twists & turns:0.4785
movielens top pick:0.47575
great movie:0.47225
suprisingly clever:0.461
space:0.45925
classic car:0.45875
visually appealing:0.454
future:0.45325
cult:0.45175
secrets:0.451
time:0.45075
awesome soundtrack:0.44225
great cinematography:0.44
interesting:0.43875
adventure:0.43775
police investigation:0.436
mentor:0.435
better than expected:0.4345
beautifully filmed:0.434
made for tv:0.42475
childhood:0.42125
very funny:0.41825
good soundtrack:0.41725
england:0.41475
intense:0.40775
weird:0.406
life & death:0.40375
stunning:0.40275
space opera:0.394
parallel universe:0.39125
london:0.38975
underrated:0.384
dynamic cgi action:0.3825
best of 2005:0.382
psychiatry:0.3805
based on a tv show:0.37875
sexualized violence:0.37775
fantasy:0.377
bittersweet:0.37575
apocalypse:0.37425
investigation:0.374
