jews:0.9905
nazis:0.982
holocaust:0.98
poland:0.94625
nazi:0.92025
wwii:0.9015
jewish:0.8735
wartime:0.87025
destiny:0.85725
oscar (best foreign language film):0.8225
dramatic:0.80575
radio:0.7975
world war ii:0.7975
camp:0.78575
original:0.77225
survival:0.769
happy ending:0.73825
courage:0.71775
adapted from:book:0.70525
anti-semitism:0.69475
good:0.63625
pg-13:0.608
drama:0.59675
story:0.59625
germany:0.5915
history:0.58775
feel-good:0.57425
big budget:0.57375
catastrophe:0.5695
remake:0.56375
mentor:0.54025
great ending:0.53625
sacrifice:0.5355
predictable:0.511
sentimental:0.5095
alternate history:0.509
true story:0.48575
us history:0.4855
historical:0.48325
great:0.48125
dynamic cgi action:0.4775
humanity:0.47125
stereotypes:0.4585
dialogue:0.4545
shallow:0.4515
fantasy world:0.45075
islam:0.4485
factual:0.444
adaptation:0.429
prejudice:0.42425
splatter:0.4115
first contact:0.405
storytelling:0.39775
feel good movie:0.39025
good story:0.3895
freedom:0.38775
horrible:0.3865
war:0.386
russian:0.382
touching:0.379
brutality:0.37825
life philosophy:0.376
unfunny:0.37525
based on true story:0.37425
oscar:0.369
compassionate:0.3665
internet:0.3615
heartbreaking:0.3605
nudity (full frontal - brief):0.3585
death:0.3535
underrated:0.35125
justice:0.34875
fight scenes:0.34775
betrayal:0.3465
judaism:0.34625
propaganda:0.3455
intense:0.34425
culture clash:0.3415
excellent:0.3405
family:0.339
good soundtrack:0.33825
inspirational:0.33825
overrated:0.33475
light:0.334
redemption:0.33325
vengeance:0.333
doctors:0.328
bad plot:0.328
russia:0.3215
narrated:0.31975
special effects:0.3195
runaway:0.31525
comedy:0.315
atheism:0.31475
utopia:0.314
sad but good:0.30775
not funny:0.30425
lame:0.304
lone hero:0.3015
ethnic conflict:0.29825
