stop motion:0.991
franchise:0.8785
horror:0.8465
original:0.8305
puppets:0.77225
predictable:0.765
pointless:0.73525
murder:0.73325
police investigation:0.70525
violence:0.6935
nudity (topless):0.67825
brutality:0.60625
nudity (topless - notable):0.58875
bloody:0.58275
revenge:0.569
monster:0.56175
special effects:0.55775
teens:0.534
splatter:0.53025
great ending:0.52425
suspense:0.52375
overrated:0.5215
bad plot:0.50225
series:0.50075
cult film:0.48925
sexualized violence:0.4795
fantasy world:0.45375
fun movie:0.45225
gory:0.452
demons:0.44975
reality tv:0.44075
adaptation:0.43775
serial killer:0.4365
doctors:0.434
mentor:0.43175
fight scenes:0.42875
death:0.41675
good sequel:0.41525
bullying:0.41275
dialogue:0.41075
first contact:0.40975
catastrophe:0.40775
action:0.4045
secrets:0.40325
scary:0.3995
bad acting:0.3975
pornography:0.3965
fun:0.39425
stupid as hell:0.39075
vengeance:0.38225
slasher:0.38225
family:0.37525
good soundtrack:0.37475
violent:0.3725
romantic:0.36575
weird:0.36575
idiotic:0.36425
not funny:0.3635
camp:0.357
vampire human love:0.35225
quirky:0.35175
storytelling:0.349
disaster:0.34525
dreamlike:0.34475
boring:0.3435
based on a book:0.33975
solitude:0.339
weapons:0.33675
classic car:0.335
gore:0.33475
redemption:0.3315
story:0.32925
slapstick:0.32875
so bad it's funny:0.32875
entirely dialogue:0.3275
remake:0.3255
blood:0.32425
twists & turns:0.32375
life philosophy:0.32225
surreal:0.32225
shallow:0.31825
lone hero:0.31325
nocturnal:0.308
imdb top 250:0.3075
magic:0.3075
cool:0.3065
grindhouse:0.30425
pg-13:0.30425
multiple storylines:0.304
silly fun:0.30325
writers:0.3025
twist ending:0.2995
dysfunctional family:0.29925
bad ending:0.29625
adapted from:book:0.2945
fantasy:0.2935
nudity (full frontal - brief):0.29325
natural disaster:0.292
destiny:0.292
sci fi:0.29075
