based on a book:0.9515
books:0.89225
based on book:0.84425
teen movie:0.84225
adapted from:book:0.79475
camp:0.7455
original:0.702
family:0.6865
book:0.676
adaptation:0.66175
book was better:0.628
childhood:0.60625
teen:0.60575
children:0.574
predictable:0.55225
fun movie:0.5345
girlie movie:0.52925
high school:0.5255
nostalgic:0.5185
teens:0.4555
mentor:0.45475
friendship:0.453
fun:0.45025
dialogue:0.42775
runaway:0.42125
catastrophe:0.41625
adolescence:0.41075
cute:0.41
good:0.4085
great ending:0.3805
unlikely friendships:0.3745
story:0.36975
vampire human love:0.36525
disaster:0.362
guilty pleasure:0.3605
bullying:0.36025
great:0.3525
life philosophy:0.3485
pointless:0.345
kids:0.33875
bad plot:0.337
fantasy world:0.33175
not funny:0.33075
good soundtrack:0.33025
stereotypes:0.326
overrated:0.316
bad acting:0.313
cute!:0.31
shallow:0.3095
brutality:0.30925
silly fun:0.30475
pornography:0.30125
destiny:0.294
so bad it's funny:0.29225
first contact:0.29025
storytelling:0.28875
natural disaster:0.2825
culture clash:0.281
multiple storylines:0.27375
entirely dialogue:0.271
series:0.271
literature:0.2695
lone hero:0.2665
school:0.26175
drama:0.25925
slapstick:0.25825
very funny:0.25175
horrible:0.24925
teenager:0.243
melancholic:0.243
redemption:0.242
sexy:0.23975
nudity (full frontal - brief):0.23525
betrayal:0.227
switching places:0.226
writers:0.22575
teenagers:0.2245
pg-13:0.2245
chase:0.21975
criterion:0.21575
teacher:0.21375
fight scenes:0.21375
creativity:0.21275
cult film:0.21075
light:0.209
gangsters:0.2075
goofy:0.20575
unfunny:0.2055
crude humor:0.20375
happy ending:0.20275
greed:0.202
justice:0.201
death:0.19975
oscar (best directing):0.1975
unusual plot structure:0.1965
dreamlike:0.196
women:0.1955
sci fi:0.19475
twists & turns:0.1945
idiotic:0.19375
