social commentary:0.95025
life & death:0.88525
reflective:0.838
life:0.83
adapted from:book:0.81375
oscar (best directing):0.7335
good soundtrack:0.697
oscar (best supporting actress):0.691
original:0.68525
philosophy:0.685
masterpiece:0.66825
mentor:0.66575
existentialism:0.66425
storytelling:0.65375
oscar (best actress):0.643
life philosophy:0.642
great acting:0.63625
melancholic:0.61575
cinematography:0.61175
literature:0.6115
great:0.60425
culture clash:0.6005
dance:0.6
tragedy:0.59925
character study:0.5965
adaptation:0.59175
idealism:0.591
intellectual:0.5895
drinking:0.5825
intimate:0.566
based on a book:0.5635
allegory:0.5625
great movie:0.5615
bittersweet:0.5585
narrated:0.558
destiny:0.5535
catastrophe:0.5445
philosophical:0.54125
harsh:0.53825
criterion:0.53175
runaway:0.52575
greed:0.52525
friendship:0.52325
loneliness:0.52
redemption:0.5055
depressing:0.4975
depression:0.49525
beautiful scenery:0.49
transformation:0.48975
art:0.48075
great ending:0.477
eccentricity:0.47425
dialogue:0.46875
oscar (best actor):0.466
melancholy:0.465
suprisingly clever:0.46425
fighting the system:0.4605
biographical:0.453
imdb top 250:0.45175
black and white:0.4515
gunfight:0.449
visually appealing:0.44825
golden palm:0.4465
great soundtrack:0.444
prejudice:0.444
oscar:0.44175
based on book:0.43775
oscar (best cinematography):0.4295
good:0.42625
inspiring:0.4245
solitude:0.42275
dramatic:0.41575
passionate:0.41375
honest:0.41225
talky:0.41
bleak:0.408
books:0.4065
jesus:0.40525
good acting:0.402
race issues:0.397
book:0.39425
story:0.39025
enigmatic:0.389
death:0.38675
emotional:0.3865
happy ending:0.385
suicide:0.37675
pg-13:0.3755
unlikely friendships:0.374
excellent script:0.3725
entirely dialogue:0.36825
not funny:0.36725
cerebral:0.36675
based on a play:0.357
oscar (best supporting actor):0.34925
writers:0.34725
exceptional acting:0.34475
distopia:0.3445
island:0.34325
creativity:0.34025
