comedy:0.8125
sports:0.73575
original:0.7055
parody:0.703
fun movie:0.6965
goofy:0.68425
fight scenes:0.659
idiotic:0.65425
predictable:0.598
silly:0.5975
stupid:0.5785
silly fun:0.57
fantasy world:0.5695
dumb:0.56875
fake documentary:0.48725
redemption:0.4635
fun:0.458
hilarious:0.45625
mentor:0.45275
brutality:0.45125
humorous:0.44675
great ending:0.4415
so bad it's funny:0.4395
catastrophe:0.41275
unfunny:0.4105
great:0.40725
pulp:0.40075
bad plot:0.39475
stupidity:0.39375
slapstick:0.391
crude humor:0.39
teen movie:0.389
hillarious:0.38
justice:0.3745
dialogue:0.37
obsession:0.367
very funny:0.3635
first contact:0.3565
lame:0.35025
humor:0.34125
fantasy:0.3375
adaptation:0.33375
action:0.32225
gangsters:0.3145
entertaining:0.3115
stupid as hell:0.309
runaway:0.3045
pornography:0.30225
franchise:0.3005
pointless:0.299
lone hero:0.297
overrated:0.295
corruption:0.2945
disaster:0.29425
underdog:0.29425
destiny:0.2935
feel-good:0.29175
funny:0.29075
good:0.2855
life & death:0.284
story:0.28325
guilty pleasure:0.28275
pg-13:0.28
immortality:0.276
betrayal:0.274
family:0.27375
superheroes:0.2705
cult film:0.269
light:0.2675
nudity (topless - notable):0.2655
dumb but funny:0.261
violence:0.2595
storytelling:0.25875
over the top:0.2585
funniest movies:0.2585
writers:0.25775
feel good movie:0.256
entirely dialogue:0.2545
shallow:0.2495
natural disaster:0.24875
funny as hell:0.2465
police investigation:0.24175
cerebral:0.241
good soundtrack:0.24075
sci fi:0.2395
teen:0.2395
not funny:0.239
clever:0.2385
big budget:0.237
weapons:0.23675
horrible:0.23375
bad:0.2335
great acting:0.23125
vengeance:0.23
stereotypes:0.227
male nudity:0.2265
absurd:0.22575
high fantasy:0.2255
censorship:0.2245
alter ego:0.22425
