dancing:0.9945
dance:0.98675
visually stunning:0.895
romance:0.85825
australia:0.8525
love story:0.8495
weird:0.7895
australian:0.76725
affectionate:0.75925
colourful:0.746
original:0.746
quirky:0.73275
stylized:0.728
great ending:0.691
fun movie:0.691
feel-good:0.66675
beautifully filmed:0.65975
visual:0.641
whimsical:0.63125
light:0.6225
passionate:0.6175
chick flick:0.6065
melancholic:0.5955
love:0.5945
good soundtrack:0.58425
romantic:0.5745
cinematography:0.56575
feel good movie:0.561
creativity:0.5565
beautiful scenery:0.55275
great:0.5335
sweet:0.52775
stunning:0.52475
childhood:0.4875
dialogue:0.48675
awesome soundtrack:0.48475
sexy:0.483
spanish:0.48125
suprisingly clever:0.47525
intimate:0.47275
culture clash:0.4685
competition:0.46175
satirical:0.46125
girlie movie:0.45825
nostalgic:0.458
fun:0.45575
obsession:0.4515
beautiful:0.445
story:0.443
unusual plot structure:0.43575
storytelling:0.4315
catastrophe:0.4275
absurd:0.42325
self discovery:0.42225
life philosophy:0.4205
clever:0.41425
enigmatic:0.41325
visually appealing:0.40975
loneliness:0.4005
entirely dialogue:0.397
breathtaking:0.39375
secrets:0.39175
mentor:0.3915
great music:0.3875
melancholy:0.387
humorous:0.3845
witty:0.384
musical:0.38325
great movie:0.38275
bittersweet:0.375
heartwarming:0.37475
criterion:0.37175
transformation:0.36575
foreign:0.364
surreal:0.36225
destiny:0.35675
good acting:0.355
comedy:0.353
good versus evil:0.35025
runaway:0.349
allegory:0.34
talky:0.33825
dreamlike:0.338
artistic:0.3335
drama:0.3315
touching:0.329
dreams:0.32525
narrated:0.325
redemption:0.3245
very funny:0.32375
golden palm:0.323
good:0.31925
fairy tales:0.3185
good music:0.31775
fight scenes:0.3175
not funny:0.31575
bollywood:0.3145
oscar (best actress):0.314
cult classic:0.31025
macabre:0.30825
