monster:0.9785
monsters:0.975
mad scientist:0.95725
gothic:0.94225
horror:0.91625
franchise:0.80375
creepy:0.7845
ghosts:0.7665
original:0.756
hospital:0.72525
goth:0.67825
mentor:0.674
immortality:0.67025
doctors:0.653
transformation:0.64925
dark hero:0.6385
scary:0.627
bad ending:0.61575
nocturnal:0.5835
goretastic:0.56375
macabre:0.56225
werewolves:0.54825
dark:0.5355
werewolf:0.535
stop motion:0.5305
blood:0.53
ghosts/afterlife:0.52175
cult film:0.50475
allegory:0.49675
campy:0.49425
life & death:0.476
depp & burton:0.4705
dialogue:0.4645
author:neil gaiman:0.46075
great ending:0.45875
story:0.45625
demons:0.45375
atmospheric:0.45125
cult classic:0.44875
violence:0.4355
fight scenes:0.43225
special effects:0.43075
sci fi:0.415
intense:0.409
predictable:0.408
stop-motion:0.40425
vampire human love:0.4035
eerie:0.40275
spiders:0.398
science fiction:0.39675
gruesome:0.39625
adaptation:0.39575
not funny:0.39575
vampire:0.3935
series:0.38975
good sequel:0.383
gory:0.382
dark fantasy:0.381
giant robots:0.38025
stylized:0.378
oscar (best effects - visual effects):0.3775
violent:0.37275
action:0.37125
mummy:0.36775
revenge:0.36725
zombie:0.36425
melancholic:0.35975
so bad it's funny:0.3595
weird:0.35725
camp:0.355
survival:0.354
catastrophe:0.35275
effects:0.351
harsh:0.34925
betrayal:0.34575
1930s:0.34575
mutants:0.34175
splatter:0.34075
family:0.335
bad plot:0.33425
supernatural:0.32775
visual:0.32775
first contact:0.32725
weapons:0.32625
imdb top 250:0.32275
cinematography:0.322
classic:0.318
brutality:0.312
grim:0.30925
blindness:0.30725
fantasy world:0.30575
death:0.3
science:0.2975
suspense:0.29725
haunted house:0.29625
storytelling:0.29375
fun movie:0.293
overrated:0.29275
alter ego:0.29025
police investigation:0.28975
