unlikely friendships:0.986
friendship:0.9785
oscar (best foreign language film):0.87325
comedy:0.863
original:0.77225
life philosophy:0.76375
good soundtrack:0.714
runaway:0.697
great ending:0.688
fast paced:0.67925
bittersweet:0.6785
betrayal:0.67725
drama:0.66325
relationships:0.6595
pg-13:0.65475
harsh:0.65325
plot:0.6515
technology:0.63825
visually appealing:0.62975
justice:0.6225
stylish:0.606
adolescence:0.60475
mentor:0.60075
brutality:0.588
obsession:0.56025
disability:0.553
fight scenes:0.55275
visually stunning:0.5465
teacher:0.5355
clever:0.533
farce:0.5315
philosophy:0.5295
kids and family:0.5265
torture:0.52575
dialogue:0.51875
complex:0.51825
moral ambiguity:0.5125
redemption:0.511
culture clash:0.5
story:0.5
social commentary:0.498
intellectual:0.496
affectionate:0.4855
shallow:0.48325
storytelling:0.48275
french:0.47425
intimate:0.471
existentialism:0.47025
life & death:0.46125
art:0.459
revenge:0.45225
interesting:0.44525
idealism:0.442
good:0.44175
feel-good:0.44
police investigation:0.43825
internet:0.4315
exceptional acting:0.42625
loneliness:0.42525
predictable:0.4245
catastrophe:0.417
dreams:0.41675
funny:0.41625
excellent script:0.41225
fun:0.4115
cool:0.4095
rebellion:0.409
plot twist:0.408
very funny:0.39875
crude humor:0.39825
foreign:0.398
so bad it's funny:0.393
psychology:0.389
childhood:0.381
oscar:0.378
sexy:0.37725
alter ego:0.37575
golden palm:0.374
coming-of-age:0.37375
fairy tale:0.373
business:0.3725
movielens top pick:0.366
plot holes:0.3655
adaptation:0.36375
fantasy world:0.363
melancholic:0.362
depression:0.36075
violence:0.3605
complicated:0.359
cinematography:0.35775
drinking:0.35775
intense:0.3565
good acting:0.35575
feel good movie:0.3515
sexualized violence:0.3515
dark hero:0.34575
unusual plot structure:0.343
sweet:0.333
touching:0.3325
bad cgi:0.332
