action:0.96175
vigilante:0.94925
revenge:0.94825
good action:0.93675
action packed:0.89825
violence:0.82125
vengeance:0.814
fight scenes:0.80925
chase:0.74175
original:0.70725
brutality:0.6985
justice:0.6285
great ending:0.62575
violent:0.6195
bloody:0.61875
good soundtrack:0.616
predictable:0.60725
emotional:0.6065
nudity (topless):0.602
drugs:0.597
car chase:0.58825
plot:0.5675
murder:0.567
vigilantism:0.55125
mentor:0.53175
corruption:0.52825
fast paced:0.52725
police corruption:0.52625
guns:0.518
lone hero:0.51775
dialogue:0.51225
death:0.49975
great acting:0.49625
mexico:0.469
pointless:0.468
undercover cop:0.46525
nudity (full frontal - brief):0.46375
betrayal:0.463
life philosophy:0.463
bad ending:0.45975
drama:0.45825
so bad it's funny:0.4565
bad acting:0.4435
police:0.43725
good:0.437
gunfight:0.43325
catastrophe:0.4285
explosions:0.42775
weapons:0.42225
great:0.41325
better than expected:0.413
cool:0.41175
hitman:0.41025
pg-13:0.40675
gangsters:0.406
gritty:0.39675
gratuitous violence:0.393
harsh:0.38825
sexualized violence:0.38375
redemption:0.37525
not funny:0.37525
sexy:0.375
bad plot:0.369
visceral:0.36875
suspense:0.362
hip hop:0.359
pornography:0.3575
police investigation:0.357
runaway:0.356
buddy movie:0.3545
story:0.3515
shallow:0.3475
blood:0.337
intense:0.33675
family drama:0.327
storytelling:0.32625
entirely dialogue:0.32575
fantasy world:0.324
good dialogue:0.3235
stereotypes:0.3205
dark hero:0.31475
hospital:0.3115
entertaining:0.309
dramatic:0.3065
first contact:0.3015
gory:0.301
assassination:0.298
gangs:0.2965
culture clash:0.29525
great movie:0.29225
kick-butt women:0.2865
torture:0.28625
adaptation:0.28425
classic car:0.28375
writers:0.2835
plot twist:0.28325
assassins:0.28075
hunting:0.27875
overrated:0.2735
exciting:0.26875
