action:0.93875
hostage:0.89425
good action:0.892
kidnapping:0.8865
thriller:0.881
action packed:0.82275
fast paced:0.819
twists & turns:0.8135
intense:0.8025
pg-13:0.789
suspense:0.77025
vengeance:0.7645
original:0.7585
best of 2005:0.74125
mars:0.7245
good:0.72225
violence:0.7155
tense:0.71525
plot:0.71425
police:0.70725
chase:0.706
surveillance:0.7045
plot twist:0.704
suspenseful:0.686
family drama:0.67325
plot holes:0.6625
vigilante:0.61975
family:0.6125
corruption:0.60275
violent:0.5905
police corruption:0.58775
revenge:0.58125
crime:0.57025
catastrophe:0.569
police investigation:0.56575
twist:0.55875
better than expected:0.55575
great ending:0.55475
predictable:0.554
brutality:0.541
foul language:0.53075
mafia:0.5245
assassination:0.52125
lone hero:0.5125
hitman:0.50725
big budget:0.50025
exciting:0.499
good acting:0.498
fight scenes:0.49625
mob:0.496
small town:0.49325
redemption:0.49275
los angeles:0.4805
unrealistic:0.4725
car chase:0.4685
runaway:0.46775
mentor:0.46625
bad plot:0.4655
murder:0.46525
torture:0.46475
stylish:0.46225
secrets:0.46
dialogue:0.4585
survival:0.45325
great:0.45325
natural disaster:0.45225
stereotypes:0.4465
entertaining:0.439
sexualized violence:0.43725
storytelling:0.43525
good soundtrack:0.433
based on a comic:0.4315
betrayal:0.429
conspiracy:0.42
so bad it's funny:0.4155
gratuitous violence:0.41375
idiotic:0.41375
world politics:0.41125
teen movie:0.40875
silly:0.4085
buddy movie:0.406
conspiracy theory:0.3965
kids and family:0.393
gory:0.388
crude humor:0.386
clever:0.38475
excellent script:0.38425
bad acting:0.384
explosions:0.38325
cool:0.38175
based on book:0.3815
interesting:0.377
justice:0.3755
bloody:0.37475
not funny:0.373
gangsters:0.3725
very good:0.36525
story:0.364
guns:0.36275
vigilantism:0.35975
