action:0.9875
good action:0.973
action packed:0.93425
big budget:0.9325
secret service:0.89325
explosions:0.87075
fight scenes:0.858
franchise:0.851
car chase:0.8385
predictable:0.83625
so bad it's funny:0.8165
horrible:0.79325
bad cgi:0.7875
hip hop:0.7705
special effects:0.76825
bad acting:0.75825
original:0.746
lone hero:0.69875
silly:0.69
better than expected:0.687
tom clancy:0.67925
cars:0.67925
pg-13:0.677
chase:0.66575
stupid:0.6635
bad plot:0.65175
fast paced:0.64275
sequels:0.6385
unrealistic:0.62725
mentor:0.612
president:0.6105
ridiculous:0.60475
crappy sequel:0.60175
video game:0.5895
dialogue:0.58725
007:0.5855
pointless:0.583
idiotic:0.56725
cool:0.5625
stupid as hell:0.5575
conspiracy:0.555
natural disaster:0.54375
weapons:0.54125
plot holes:0.53125
bad script:0.52175
stereotypes:0.513
catastrophe:0.50975
spy:0.50675
sequel:0.5005
conspiracy theory:0.4855
cheesy:0.48375
espionage:0.4805
spying:0.4695
fun:0.4555
bad:0.4525
sexy:0.43675
fantasy:0.436
family:0.431
destiny:0.42725
gangsters:0.424
fighting:0.4225
exciting:0.41925
runaway:0.4105
overrated:0.41025
guilty pleasure:0.40375
first contact:0.4035
fantasy world:0.4035
motorcycle:0.403
lame:0.40075
cgi:0.39225
silly fun:0.39225
dynamic cgi action:0.38925
entertaining:0.38825
based on a video game:0.3865
shallow:0.38525
story:0.385
disaster:0.384
assassins:0.38375
great ending:0.3765
kick-butt women:0.3755
teen movie:0.37375
assassin:0.3685
snakes:0.36375
no plot:0.36025
betrayal:0.3585
fun movie:0.35575
corny:0.35325
adventure:0.35275
absurd:0.3455
not funny:0.345
awful:0.33875
life philosophy:0.3375
computer game:0.33275
superheroes:0.33225
entirely dialogue:0.33
vengeance:0.32825
good:0.32675
redemption:0.32425
dragons:0.32325
script:0.318
