serial killer:0.99675
police investigation:0.869
mentor:0.85725
twist ending:0.83025
suspense:0.81025
very interesting:0.80825
thriller:0.8005
murder:0.77175
psychological:0.766
psychology:0.7505
fbi:0.745
terminal illness:0.74475
original:0.743
brainwashing:0.7425
twist:0.7265
murder mystery:0.72175
life & death:0.712
interesting:0.7075
crime:0.702
intense:0.6915
plot holes:0.68475
moral ambiguity:0.68425
plot twist:0.68325
plot:0.68125
vengeance:0.6575
bad ending:0.65525
revenge:0.649
detective:0.641
twists & turns:0.63975
supernatural:0.62975
clever:0.61025
hannibal lecter:0.6035
corruption:0.59975
investigation:0.59425
enormously long battle scene:0.582
brutality:0.58175
nudity (full frontal - brief):0.56425
sexualized violence:0.5565
mystery:0.55575
drama:0.53325
obsession:0.52525
nudity (topless):0.52375
pornography:0.521
good acting:0.51125
secrets:0.511
stylish:0.50975
runaway:0.50725
cancer:0.503
kidnapping:0.50225
predictable:0.49675
catastrophe:0.488
psychiatrist:0.48125
great acting:0.476
suspenseful:0.472
doctors:0.47175
so bad it's funny:0.47125
culture clash:0.46875
gory:0.459
exceptional acting:0.4535
absurd:0.45
justice:0.44375
alternate endings:0.44025
bad acting:0.435
violent:0.43425
great ending:0.4295
police corruption:0.424
creativity:0.418
good:0.4085
greed:0.4075
solitude:0.40575
storytelling:0.40175
bizarre:0.40025
dialogue:0.39775
insanity:0.3945
gangsters:0.38975
mission from god:0.38225
not funny:0.37975
assassination:0.37675
mindfuck:0.37625
car chase:0.37375
very good:0.3735
internet:0.367
unusual plot structure:0.36575
good soundtrack:0.3655
manipulation:0.36025
lawyer:0.35825
blindness:0.3565
cinematography:0.35575
entirely dialogue:0.355
mob:0.3495
stylized:0.34875
surprise ending:0.34725
bullshit history:0.34225
irish accent:0.34175
adaptation:0.3375
torture:0.337
disturbing:0.335
first contact:0.3325
enigmatic:0.33025
police:0.32975
