france:0.99525
french:0.98925
18th century:0.95525
male nudity:0.9345
period piece:0.89825
paris:0.875
pornography:0.85725
costume drama:0.856
witty:0.8185
original:0.803
foreign:0.789
revolution:0.7615
court:0.723
clever:0.7205
historical:0.7185
interesting:0.7005
destiny:0.69375
beautiful scenery:0.67025
dialogue:0.65325
corruption:0.6475
relationships:0.64
earnest:0.6285
very interesting:0.6145
secrets:0.61425
sexy:0.61375
women:0.61025
romance:0.606
drama:0.60525
oscar (best actress):0.58375
talky:0.58325
beautifully filmed:0.57675
great ending:0.573
culture clash:0.5715
unusual plot structure:0.57
suprisingly clever:0.56925
good:0.55875
oscar (best directing):0.55575
cinematography:0.5555
criterion:0.55425
romantic:0.54425
excellent:0.54225
excellent script:0.5365
visually stunning:0.53475
passionate:0.53275
greed:0.52775
love:0.5235
mentor:0.51575
runaway:0.51025
visually appealing:0.50375
narrated:0.50225
entirely dialogue:0.49675
art:0.4965
stylish:0.4925
life philosophy:0.48975
manipulation:0.4875
love story:0.48625
twists & turns:0.4855
brutality:0.48425
obsession:0.48275
great:0.48025
beautiful:0.47625
great acting:0.475
intelligent:0.47425
politics:0.46725
humorous:0.465
sacrifice:0.46425
light:0.46425
england:0.4625
police investigation:0.46075
absurd:0.45975
catastrophe:0.45975
enigmatic:0.459
farce:0.45825
oscar (best foreign language film):0.45725
story:0.456
great movie:0.45475
idealism:0.45475
guilt:0.454
dramatic:0.45
wine:0.44975
good soundtrack:0.44825
morality:0.443
intimate:0.44225
oscar (best supporting actress):0.441
happy ending:0.441
distopia:0.42875
very good:0.4255
storytelling:0.42375
pg-13:0.4235
movielens top pick:0.41925
justice:0.41775
social commentary:0.4145
vengeance:0.4105
intellectual:0.408
good acting:0.4055
breathtaking:0.40475
plot:0.40475
complicated:0.40125
melancholic:0.40025
visual:0.3975
