based on a tv show:0.9535
romantic comedy:0.8975
magic:0.86675
remake:0.8425
witch:0.8305
original:0.83
predictable:0.7085
cute:0.66575
fantasy world:0.649
romantic:0.6195
girlie movie:0.59075
series:0.5855
comedy:0.563
franchise:0.53475
destiny:0.524
pg-13:0.50925
chick flick:0.50775
bad plot:0.48775
idiotic:0.481
bad:0.48075
pointless:0.4775
horrible:0.473
silly:0.46775
mentor:0.46775
family:0.45475
great ending:0.44675
adaptation:0.432
feel-good:0.4295
silly fun:0.4275
happy ending:0.42625
catastrophe:0.41
romance:0.40825
reality tv:0.4045
writers:0.4035
dialogue:0.388
bad script:0.3875
first contact:0.38575
funny:0.38225
feel good movie:0.3795
slapstick:0.374
very funny:0.3675
cute!:0.36575
quirky:0.3655
disaster:0.3655
disappointing:0.35975
good soundtrack:0.35975
witches:0.359
fantasy:0.35675
overrated:0.34775
fight scenes:0.3465
good:0.3455
fun:0.3425
love story:0.34125
unfunny:0.3265
crude humor:0.3215
light:0.3185
runaway:0.31675
fairy tale:0.313
good romantic comedies:0.312
story:0.30875
whimsical:0.308
storytelling:0.30475
life philosophy:0.302
redemption:0.3005
stereotypes:0.3
justice:0.2985
brutality:0.295
fun movie:0.2925
pornography:0.2815
shallow:0.2785
great:0.27675
television:0.2715
clever:0.2705
product placement:0.27025
special effects:0.2695
awful:0.26875
big budget:0.26825
culture clash:0.26775
sweet:0.2625
saturday night live:0.262
parallel universe:0.26175
sexy:0.259
not funny:0.25675
greed:0.2565
script:0.254
so bad it's funny:0.2505
entirely dialogue:0.2465
touching:0.2465
immortality:0.24225
bad cgi:0.23925
visually appealing:0.238
surreal:0.23725
better than expected:0.2325
boring:0.2325
melancholic:0.23125
vengeance:0.231
creativity:0.228
weird:0.22775
transformation:0.22475
dreamlike:0.223
