sequels:0.946
las vegas:0.90275
silly fun:0.87625
comedy:0.82725
so bad it's funny:0.776
predictable:0.77175
crappy sequel:0.73325
original:0.73025
stupid:0.72675
good sequel:0.70725
idiotic:0.70475
slapstick:0.688
horrible:0.68325
family:0.665
sequel:0.66025
goofy:0.64925
silly:0.6285
new jersey:0.625
funny:0.6055
crude humor:0.60225
bad plot:0.60175
very funny:0.6
disaster:0.58825
dumb but funny:0.5865
fun movie:0.58575
unfunny:0.58375
stupid as hell:0.57225
pointless:0.559
parody:0.5575
teen movie:0.55575
overrated:0.4765
mentor:0.46375
weapons:0.44575
dumb:0.444
dialogue:0.443
hotel:0.43075
great ending:0.4305
destiny:0.4015
lame:0.4
stereotypes:0.39425
romance:0.393
storytelling:0.3895
first contact:0.387
natural disaster:0.3835
catastrophe:0.38275
stupidity:0.37875
brutality:0.36725
redemption:0.3605
franchise:0.35975
action:0.35925
justice:0.355
solitude:0.35425
humorous:0.35075
ridiculous:0.347
writers:0.344
violence:0.3435
art:0.34175
runaway:0.33625
melancholic:0.33025
entirely dialogue:0.32
life & death:0.31925
fun:0.31675
heist:0.31625
lone hero:0.31375
pg-13:0.31375
pornography:0.301
bad cgi:0.299
not funny:0.29425
fight scenes:0.294
dysfunctional family:0.292
adaptation:0.28875
romantic:0.28825
gangsters:0.286
happy ending:0.28425
life philosophy:0.284
fantasy world:0.283
shallow:0.272
feel-good:0.27125
shopping:0.269
passionate:0.26825
police investigation:0.26275
quirky:0.25975
teen:0.259
notable nudity:0.258
creativity:0.2555
death:0.255
multiple storylines:0.252
loneliness:0.252
bad:0.25175
farce:0.24975
spoof:0.249
no plot:0.247
drinking:0.24175
bad acting:0.24125
good:0.23825
culture clash:0.23775
feel good movie:0.23575
single father:0.23475
simple:0.23175
funny as hell:0.23075
