blaxploitation:0.9835
drugs:0.9525
forceful:0.94375
mentor:0.93275
gritty:0.92475
addiction:0.90025
drug abuse:0.893
hip hop:0.8515
1970s:0.83175
good soundtrack:0.827
original:0.81975
cult classic:0.8025
grim:0.78375
cool:0.7835
gunfight:0.77475
violence:0.74025
downbeat:0.72225
grindhouse:0.722
stylized:0.7065
hit men:0.70525
intimate:0.701
anti-hero:0.69175
crime gone awry:0.68575
violent:0.68275
social commentary:0.67575
notable soundtrack:0.67225
stereotypes:0.65325
gangsters:0.6475
greed:0.63525
golden palm:0.626
tense:0.616
bleak:0.61
dialogue:0.60875
life philosophy:0.60525
harsh:0.597
goofy:0.5785
drama:0.57775
multiple storylines:0.57625
crime:0.5745
life:0.574
redemption:0.5675
character study:0.56725
gangs:0.56575
drug addiction:0.564
runaway:0.5595
brutality:0.55725
independent film:0.54975
music:0.5495
cult film:0.54625
great ending:0.54125
gangster:0.54075
criterion:0.53825
corruption:0.5355
visceral:0.53325
talky:0.514
oscar (best directing):0.504
nudity (full frontal - notable):0.50325
honest:0.50175
indie:0.5005
catastrophe:0.49725
splatter:0.4955
great soundtrack:0.494
adapted from:book:0.48925
loneliness:0.48725
highly quotable:0.48425
culture clash:0.47725
low budget:0.47375
moral ambiguity:0.4715
depression:0.4695
life & death:0.46725
melancholic:0.463
new jersey:0.4615
visually appealing:0.46
great acting:0.45425
classic:0.45375
imdb top 250:0.45225
nudity (topless - notable):0.45175
death:0.44675
vengeance:0.44575
great:0.445
drinking:0.444
fantasy world:0.43275
ironic:0.43225
great music:0.42975
movielens top pick:0.42975
light:0.423
race issues:0.4225
nudity (full frontal - brief):0.41975
superheroes:0.4155
irreverent:0.41475
british:0.4125
sexualized violence:0.4115
narrated:0.4075
exceptional acting:0.40675
intense:0.40275
prejudice:0.4005
controversial:0.3955
not funny:0.39325
new york:0.388
stylish:0.388
