oscar (best cinematography):0.99775
oscar (best picture):0.9965
world war ii:0.9895
wartime:0.983
oscar (best actress):0.975
oscar (best directing):0.9625
oscar (best supporting actress):0.9575
wwii:0.94
england:0.93175
war:0.9025
british:0.89875
london:0.8485
bombs:0.84675
best war films:0.84075
idealism:0.81475
oscar:0.80475
great acting:0.801
drama:0.801
exceptional acting:0.7925
sentimental:0.7845
propaganda:0.76
poignant:0.7595
poland:0.75675
historical:0.74575
courage:0.7405
germany:0.73675
witty:0.73575
sacrifice:0.728
1930s:0.72125
oscar winner:0.71775
original:0.71275
war movie:0.70325
affectionate:0.6905
dramatic:0.677
nazis:0.6765
oscar (best supporting actor):0.67625
realistic:0.67025
prejudice:0.65425
family:0.64575
beautiful scenery:0.644
imdb top 250:0.619
adapted from:book:0.61125
culture clash:0.6075
based on a play:0.5945
tragedy:0.59125
german:0.57975
costume drama:0.56175
oscar (best actor):0.55475
earnest:0.54875
jews:0.543
good:0.52925
classic:0.5265
nazi:0.52
romance:0.513
forceful:0.50825
stereotypes:0.50725
movielens top pick:0.50525
oscar (best foreign language film):0.49325
catastrophe:0.49275
cinematography:0.4785
runaway:0.47825
nostalgic:0.468
dialogue:0.46775
great ending:0.46675
us history:0.46675
talky:0.4645
story:0.4635
period piece:0.463
betrayal:0.46225
intense:0.455
love story:0.44925
politics:0.449
world politics:0.44725
criterion:0.44125
world war i:0.43825
unusual plot structure:0.43725
tense:0.433
emotional:0.42975
political:0.428
ethnic conflict:0.42725
black and white:0.42675
harsh:0.41775
intimate:0.4145
children:0.41225
women:0.41225
touching:0.41025
passionate:0.40875
interracial romance:0.4085
stylized:0.40275
survival:0.402
great:0.4015
sappy:0.40125
heartwarming:0.39975
mentor:0.394
powerful ending:0.39125
grim:0.38925
good acting:0.3885
storytelling:0.38775
long:0.387
epic:0.38525
