neo-noir:0.987
storytelling:0.98475
noir thriller:0.98
twists & turns:0.96825
twist ending:0.94925
cerebral:0.948
coen bros:0.94575
plot twist:0.943
complex:0.941
non-linear:0.93875
great ending:0.9375
mindfuck:0.93625
black and white:0.9335
complicated:0.92675
surprise ending:0.92025
original:0.912
directorial debut:0.9115
psychology:0.9105
noir:0.90925
masterpiece:0.9025
interesting:0.89625
twist:0.895
clever:0.89325
very interesting:0.89175
enigmatic:0.88975
imdb top 250:0.8895
crime:0.881
psychological:0.8695
obsession:0.8665
suspense:0.865
weird:0.85425
criterion:0.8535
thriller:0.85175
independent film:0.85025
narrated:0.845
low budget:0.83025
film noir:0.8255
great movie:0.825
complicated plot:0.82125
cinematography:0.81825
social commentary:0.81575
dialogue:0.8005
moral ambiguity:0.79675
flashbacks:0.79525
nonlinear:0.78675
tense:0.7855
intellectual:0.77975
powerful ending:0.77375
visually appealing:0.77275
loneliness:0.7705
story:0.7685
talky:0.7635
identity:0.762
good acting:0.7585
great acting:0.7545
intelligent:0.75325
plot:0.7445
secrets:0.743
excellent script:0.73475
manipulation:0.73075
great:0.7285
confusing:0.7235
atmospheric:0.71325
stylized:0.70875
claustrophobic:0.698
good soundtrack:0.69725
existentialism:0.6935
suprisingly clever:0.68875
police investigation:0.68675
stylish:0.68625
genius:0.68425
alternate endings:0.6795
dark:0.67925
mystery:0.67325
thought-provoking:0.6695
creativity:0.66675
mentor:0.65575
oscar (best directing):0.6545
visual:0.65325
unusual plot structure:0.6515
tricky:0.65125
corruption:0.65
character study:0.648
violence:0.643
intense:0.63575
greed:0.63575
conspiracy:0.63025
gangsters:0.6285
crime gone awry:0.62825
writers:0.62675
excellent:0.6255
insanity:0.624
unique:0.619
exceptional acting:0.61775
imagination:0.61375
memory:0.6135
original plot:0.60975
good:0.6035
special:0.59975
philosophy:0.592
