latin america:0.997
gangs:0.99125
violence:0.94825
immigrants:0.9475
brutality:0.9085
violent:0.8995
mexico:0.88725
realistic:0.87075
new jersey:0.86275
poverty:0.85425
drama:0.85375
harsh:0.85275
original:0.84975
storytelling:0.8485
gangsters:0.84575
brutal:0.84
social commentary:0.83325
redemption:0.8315
tragedy:0.82775
cinematography:0.815
good soundtrack:0.791
culture clash:0.78825
spanish:0.77525
foreign:0.76625
bleak:0.76375
mentor:0.76325
dramatic:0.75575
gritty:0.74775
intense:0.7285
childhood:0.72775
heartbreaking:0.7245
grim:0.7185
forceful:0.71425
runaway:0.71025
corruption:0.6965
movielens top pick:0.693
independent film:0.68875
oscar (best directing):0.68875
imdb top 250:0.6755
friendship:0.6715
nudity (topless):0.6625
adolescence:0.651
reflective:0.64825
unlikely friendships:0.6445
earnest:0.64325
california:0.633
road movie:0.633
great acting:0.62975
melancholic:0.61175
gangster:0.6115
los angeles:0.606
life & death:0.60425
survival:0.603
bittersweet:0.601
life philosophy:0.59225
justice:0.589
courage:0.5885
loneliness:0.588
depressing:0.5855
emotional:0.583
great ending:0.569
drinking:0.55675
depression:0.55625
life:0.55225
solitude:0.55075
drugs:0.5485
criterion:0.54625
story:0.5455
touching:0.54475
sexual abuse:0.53975
stylized:0.53775
melancholy:0.5325
interesting:0.5305
nocturnal:0.52325
talky:0.51775
oscar (best foreign language film):0.5145
idealism:0.514
suprisingly clever:0.509
good acting:0.5075
disturbing:0.50075
good:0.5
honest:0.494
oscar:0.49
oscar (best supporting actress):0.4865
allegory:0.486
destiny:0.486
exceptional acting:0.483
bloody:0.48025
classic car:0.47375
teenager:0.472
character study:0.47075
bullying:0.4685
visceral:0.46625
highly quotable:0.46175
intimate:0.46175
greed:0.461
vengeance:0.45975
pg-13:0.45925
great soundtrack:0.45825
death:0.44725
