homeless:0.9855
hunting:0.982
wilderness:0.94475
survival:0.9345
action:0.83125
good action:0.828
chase:0.77475
original:0.717
vengeance:0.6435
lone hero:0.62125
action packed:0.60925
so bad it's funny:0.588
fast paced:0.5645
predictable:0.556
death:0.5145
dialogue:0.50125
catastrophe:0.48375
redemption:0.4725
mentor:0.47125
life philosophy:0.466
not funny:0.4445
good:0.42625
brutality:0.41525
great ending:0.41225
violence:0.4105
destiny:0.39625
fight scenes:0.38725
solitude:0.3855
entertaining:0.37825
quotable:0.3705
transformation:0.3665
story:0.3635
clever:0.35325
revenge:0.34025
demons:0.33975
natural disaster:0.33525
fun movie:0.33475
suspense:0.331
adaptation:0.33
zombie:0.33
unintentionally funny:0.3295
bad ending:0.32825
intense:0.32575
great:0.3225
corruption:0.32225
entirely dialogue:0.31825
hitman:0.318
runaway:0.31425
futuristic:0.31275
cool:0.3075
family:0.30325
bad plot:0.30325
harsh:0.3025
storytelling:0.3
animals:0.295
first contact:0.294
good soundtrack:0.28
great acting:0.2785
cinematography:0.2765
cult film:0.27625
good music:0.27575
nudity (topless - notable):0.2735
oscar winner:0.27225
justice:0.272
fun:0.27175
pornography:0.2705
absurd:0.27025
adventure:0.26875
nudity (full frontal - brief):0.2685
island:0.266
greed:0.264
motorcycle:0.2635
unfunny:0.262
life & death:0.26175
snakes:0.26175
unusual plot structure:0.26
violent:0.259
weapons:0.2545
multiple storylines:0.25425
jungle:0.25325
beautiful scenery:0.25225
bad cgi:0.25225
guns:0.2485
overrated:0.24375
very interesting:0.2415
based on a video game:0.241
video game:0.23625
stylized:0.23225
sacrifice:0.23175
fantasy world:0.2315
very funny:0.22875
mad scientist:0.22275
light:0.222
loneliness:0.221
visually appealing:0.22075
adapted from:book:0.2205
happy ending:0.21775
existentialism:0.2115
road movie:0.21125
irish accent:0.211
