tense:0.989
hitchcock:0.966
suspenseful:0.949
murder:0.94125
talky:0.9185
suspense:0.9025
thriller:0.875
oscar (best actress):0.861
greed:0.855
film noir:0.853
classic:0.83575
claustrophobic:0.8215
twists & turns:0.81275
paranoia:0.806
nocturnal:0.802
original:0.77975
runaway:0.7635
noir:0.76175
drama:0.758
great ending:0.74925
twist ending:0.71775
manipulation:0.7175
story:0.713
interesting:0.70975
paranoid:0.70375
clever:0.69075
assassination:0.68775
complicated plot:0.6875
complex:0.68625
oscar (best supporting actress):0.68625
police investigation:0.6835
black and white:0.67925
good:0.663
radio:0.65275
chase:0.644
oscar (best directing):0.62575
criterion:0.625
dialogue:0.62425
ominous:0.6215
atmospheric:0.618
great:0.61275
flashbacks:0.6105
enigmatic:0.61025
imdb top 250:0.60725
secrets:0.6
mystery:0.6
sexy:0.598
1930s:0.5955
forceful:0.59075
good acting:0.58475
betrayal:0.5845
dramatic:0.58325
cerebral:0.57475
psychological:0.57375
intense:0.55975
oscar:0.5565
unusual plot structure:0.553
oscar winner:0.551
light:0.54625
based on a play:0.542
crime:0.5415
frightening:0.5405
adaptation:0.53825
complicated:0.5315
corruption:0.51375
conspiracy:0.513
obsession:0.50625
censorship:0.5045
investigation:0.49675
very interesting:0.489
cinematography:0.47925
storytelling:0.47725
murder mystery:0.4665
great acting:0.4625
catastrophe:0.4605
creepy:0.46025
mental illness:0.46
crime gone awry:0.456
marriage:0.456
assassin:0.4555
identity:0.45475
mentor:0.4545
excellent:0.4485
surveillance:0.44325
witty:0.42475
very good:0.41925
earnest:0.419
great cinematography:0.411
plot twist:0.41025
suprisingly clever:0.40875
adultery:0.40125
not funny:0.39825
adapted from:book:0.3945
fun movie:0.3935
underrated:0.3905
great movie:0.38825
moral ambiguity:0.38375
guilt:0.3695
twist:0.36225
creativity:0.36025
