teen movie:0.90575
high school:0.88875
cheerleading:0.86125
comedy:0.8515
romantic comedy:0.84375
chick flick:0.7855
silly fun:0.7645
predictable:0.6895
teen:0.663
teens:0.57725
revenge:0.5355
bullying:0.53475
original:0.52225
great ending:0.51625
stereotypes:0.51575
women:0.4915
horrible:0.48875
happy ending:0.485
girlie movie:0.48425
wedding:0.45625
crude humor:0.4555
catastrophe:0.4475
funny:0.40825
slapstick:0.40325
geeks:0.4005
bad plot:0.38975
geek:0.38625
unfunny:0.383
dialogue:0.379
silly:0.35875
lame:0.3455
pg-13:0.34275
bad script:0.34225
dumb:0.33825
mars:0.33575
so bad it's funny:0.335
workplace:0.3285
fantasy world:0.32375
redemption:0.32275
very funny:0.32
saturday night live:0.313
good soundtrack:0.3125
absurd:0.30925
fight scenes:0.30575
dumb but funny:0.30325
nudity (rear):0.29
adolescence:0.2895
ridiculous:0.2875
mentor:0.284
shallow:0.28375
betrayal:0.28075
dysfunctional family:0.278
cute!:0.274
melancholic:0.27
destiny:0.26775
idiotic:0.26625
runaway:0.2645
not funny:0.26075
brutality:0.2605
natural disaster:0.25925
culture clash:0.25875
sexy:0.25525
suprisingly clever:0.25425
romantic:0.25125
first contact:0.25125
lone hero:0.24925
better than expected:0.24675
secret service:0.2455
life philosophy:0.24525
disaster:0.24375
harsh:0.24225
overrated:0.24
romance:0.23775
feel-good:0.23475
stupid as hell:0.2345
good dialogue:0.23425
fashion:0.23175
adoption:0.229
light:0.22875
adaptation:0.22825
family:0.22675
great:0.2245
police investigation:0.2235
cute:0.22275
virginity:0.22125
entirely dialogue:0.2205
bad acting:0.21825
storytelling:0.2175
stupidity:0.2165
hilarious:0.214
nerds:0.2095
writers:0.208
fun movie:0.205
pointless:0.20375
teenagers:0.20325
hotel:0.2025
good:0.19925
farce:0.19725
feel good movie:0.193
sarcasm:0.19075
