sci-fi:0.99675
scifi:0.99575
futuristic:0.9935
science fiction:0.989
sci fi:0.989
dystopic future:0.9885
space:0.98325
clones:0.975
cloning:0.9735
technology:0.973
future:0.9695
visually appealing:0.962
visual:0.96
post-apocalyptic:0.9595
visually stunning:0.959
post apocalyptic:0.95875
plot holes:0.9395
action:0.925
aliens:0.91625
big budget:0.90375
intelligent sci-fi:0.90225
astronauts:0.884
natural disaster:0.88125
twists & turns:0.87875
space travel:0.8785
dystopia:0.87675
pg-13:0.87325
alien invasion:0.86775
alien:0.8655
special effects:0.864
end of the world:0.8535
original:0.841
plot twist:0.83925
mars:0.8275
plot:0.81625
space opera:0.81425
amazing cinematography:0.814
visuals:0.81375
nasa:0.813
apocalypse:0.8
great ending:0.7995
stunning:0.79125
storytelling:0.786
first contact:0.78525
survival:0.78475
cerebral:0.7735
catastrophe:0.77275
story:0.7655
science:0.76525
beautiful scenery:0.7435
original plot:0.741
mindfuck:0.74075
cinematography:0.73425
humanity:0.73175
twist ending:0.723
good soundtrack:0.71775
man versus machine:0.70225
solitude:0.69875
adventure:0.69375
good:0.693
cyberpunk:0.69275
complex:0.6925
memory:0.68925
suspense:0.68275
memory loss:0.67975
effects:0.6675
good acting:0.66425
thought-provoking:0.65375
twist:0.65175
chase:0.639
predictable:0.61975
better than expected:0.6135
allegory:0.61275
robots:0.612
adapted from:comic:0.61025
scenic:0.60775
dialogue:0.6045
existentialism:0.60075
weapons:0.60075
intense:0.59975
philosophical:0.58475
teleportation:0.58425
complicated:0.572
love story:0.56825
interesting:0.56725
philosophy:0.56575
conspiracy:0.56475
transformation:0.5635
secrets:0.562
great:0.56025
bad ending:0.559
robot:0.5585
dynamic cgi action:0.5555
fast paced:0.55525
bad science:0.55475
sacrifice:0.54
destiny:0.53725
moon:0.537
great cinematography:0.53425
complicated plot:0.5295
