road trip:0.9705
family bonds:0.95125
father son relationship:0.93975
oscar:0.918
black and white:0.91025
poignant:0.89875
cinematography:0.89525
family drama:0.892
father-son relationship:0.87225
loneliness:0.86775
dramatic:0.86175
bleak:0.85075
small town:0.83525
original:0.8335
dysfunctional family:0.8335
melancholic:0.82975
bittersweet:0.8245
family:0.82
great acting:0.814
imdb top 250:0.81025
oscar (best supporting actress):0.8065
oscar (best actress):0.80475
redemption:0.792
social commentary:0.78475
oscar (best directing):0.7795
road movie:0.778
depression:0.77075
dark humor:0.76575
character study:0.7655
greed:0.76375
aging:0.7635
storytelling:0.755
independent film:0.7415
relationships:0.73425
father daughter relationship:0.7325
drama:0.70975
oscar (best actor):0.70875
reflective:0.7055
melancholy:0.68575
touching:0.68125
dialogue:0.678
life & death:0.6775
depressing:0.676
intimate:0.6755
heartwarming:0.66975
photography:0.66525
tragedy:0.6605
eccentricity:0.66025
drinking:0.65775
realistic:0.64625
talky:0.643
quirky:0.62675
exceptional acting:0.61825
humorous:0.61825
excellent script:0.60825
culture clash:0.60725
wistful:0.60325
criterion:0.59725
good acting:0.5895
witty:0.5865
brothers:0.57925
emotional:0.5775
runaway:0.57725
good soundtrack:0.57625
meditative:0.55
childhood:0.54575
slow:0.54425
weird:0.54375
honest:0.54375
feel-good:0.53925
artsy:0.5365
story:0.53625
coen bros:0.5335
affectionate:0.53075
life:0.5265
oscar winner:0.52625
slow paced:0.52325
complex:0.523
secrets:0.52225
movielens top pick:0.5215
great ending:0.518
off-beat comedy:0.5125
great:0.50875
unlikely friendships:0.503
good:0.49925
beautifully filmed:0.4985
existentialism:0.49825
cathartic:0.49775
hospital:0.4955
chase:0.49325
whimsical:0.49225
vengeance:0.48575
parenthood:0.48475
visually appealing:0.48425
golden palm:0.48375
interesting:0.4825
beautiful scenery:0.479
earnest:0.47875
downbeat:0.478
crime gone awry:0.4775
