sports:0.98775
olympics:0.985
feel-good:0.96475
feel good movie:0.95175
inspirational:0.90625
comedy:0.872
fun movie:0.86975
great:0.8215
based on true story:0.81725
true story:0.768
based on a true story:0.75725
great movie:0.747
inspiring:0.7405
original:0.68025
good:0.67725
fun:0.659
underdog:0.64575
mentor:0.61775
family:0.61225
funny:0.56725
touching:0.56475
heartwarming:0.5275
story:0.52175
happy ending:0.51925
sentimental:0.50675
destiny:0.5055
catastrophe:0.499
chase:0.49825
entertaining:0.4975
great ending:0.49125
goofy:0.49075
silly fun:0.4905
quotable:0.486
predictable:0.48
very funny:0.45775
adventure:0.45675
racing:0.44325
unlikely friendships:0.4345
courage:0.41525
light:0.414
silly:0.41025
humorous:0.40675
kids:0.40225
great acting:0.398
good soundtrack:0.38925
cool:0.38525
childhood:0.38525
pg-13:0.37825
friendship:0.3775
creativity:0.37125
competition:0.37075
excellent:0.365
runaway:0.36275
life philosophy:0.353
dialogue:0.35275
kids and family:0.34625
not funny:0.343
culture clash:0.34275
storytelling:0.341
hilarious:0.331
race:0.32875
island:0.32225
underrated:0.322
passionate:0.31675
transformation:0.31575
nostalgic:0.3155
indians:0.31525
unfunny:0.314
redemption:0.31375
death:0.30975
slapstick:0.306
lone hero:0.305
time:0.3015
girlie movie:0.30025
justice:0.29775
children:0.29325
clever:0.2895
unusual plot structure:0.289
humor:0.2855
suprisingly clever:0.28525
canada:0.282
irish accent:0.281
first contact:0.27925
brutality:0.27825
factual:0.27825
oscar winner:0.277
big budget:0.27675
natural disaster:0.2745
disney:0.2715
80s:0.262
suspense:0.26025
basketball:0.258
vengeance:0.257
computer animation:0.2555
greed:0.253
adaptation:0.25275
oscar:0.252
special effects:0.252
simple:0.24725
melancholic:0.247
