teen:0.99325
teen movie:0.98675
80s:0.95375
nudity (full frontal - notable):0.94325
teens:0.93075
virginity:0.9175
high school:0.8945
nudity (full frontal):0.881
adolescence:0.84925
sexy:0.816
pornography:0.80175
notable nudity:0.7985
silly fun:0.791
dumb:0.781
cheerleading:0.77775
nudity:0.7765
stereotypes:0.751
teenager:0.7375
goofy:0.73725
1980s:0.7365
sex:0.7245
teenagers:0.7085
original:0.70675
nerds:0.68575
sexual:0.67875
amy smart:0.6645
nudity (topless - notable):0.6595
stupid as hell:0.6445
nudity (topless):0.6355
dumb but funny:0.63225
school:0.618
predictable:0.611
camp:0.609
mentor:0.60575
erotic:0.59375
brutality:0.585
silly:0.57775
lame:0.54525
idiotic:0.535
nostalgic:0.5335
stupid:0.52275
stupidity:0.513
runaway:0.5005
geeks:0.49725
very funny:0.49575
chase:0.48375
crude humor:0.4745
sex comedy:0.47375
so bad it's funny:0.4635
disaster:0.4585
comedy:0.45
dialogue:0.44
life philosophy:0.4365
good soundtrack:0.43275
catastrophe:0.42725
great ending:0.42675
horrible:0.41675
teacher:0.41025
cult film:0.40475
bullying:0.4015
nudity (full frontal - brief):0.401
slapstick:0.40075
plot:0.4
bad plot:0.39925
voyeurism:0.3945
fun movie:0.379
great:0.3715
awesome soundtrack:0.36375
splatter:0.361
male nudity:0.35975
bad:0.35475
father daughter relationship:0.35125
storytelling:0.34825
beer:0.33425
entirely dialogue:0.33375
sarcasm:0.3325
fantasy world:0.3315
lone hero:0.331
cult classic:0.322
weapons:0.3105
adaptation:0.3065
overrated:0.2985
shallow:0.29375
unusual plot structure:0.29275
bad acting:0.29225
family:0.29
first contact:0.289
coming of age:0.289
nudity (rear):0.28825
fun:0.28675
fight scenes:0.2845
sexualized violence:0.283
humorous:0.2805
boarding school:0.27925
ninja:0.27675
revenge:0.2765
chick flick:0.276
destiny:0.276
redemption:0.27425
coming-of-age:0.27375
