stylish:0.89475
futuristic:0.8825
satirical:0.837
rome:0.83
cult film:0.82725
criterion:0.79825
original:0.7565
scifi:0.7275
art:0.71475
sci fi:0.71125
irreverent:0.704
future:0.6875
weird:0.683
camp:0.63975
biting:0.601
life & death:0.5905
cult classic:0.59025
science fiction:0.5855
life philosophy:0.5765
murder:0.5765
grindhouse:0.56875
so bad it's funny:0.563
farce:0.55275
allegory:0.526
affectionate:0.50475
dialogue:0.49275
sexy:0.49125
enigmatic:0.481
talky:0.47825
italian:0.47825
cinematography:0.47575
good soundtrack:0.473
not funny:0.47175
obsession:0.4715
mad scientist:0.46475
masterpiece:0.458
space opera:0.45625
brutality:0.449
colourful:0.4475
adaptation:0.44725
absurd:0.44575
melancholic:0.4435
cult:0.435
clever:0.4345
beautifully filmed:0.43425
light:0.43075
foreign:0.428
macabre:0.4275
catastrophe:0.421
tense:0.41975
reality tv:0.41775
post apocalyptic:0.41575
cerebral:0.4135
stereotypes:0.40925
stylized:0.40925
bleak:0.39875
fashion:0.39525
solitude:0.39425
witty:0.39075
male nudity:0.3905
mentor:0.385
tokyo:0.379
notable soundtrack:0.3775
visually appealing:0.377
great:0.3745
zombie:0.372
violent:0.36875
classic car:0.36525
post-apocalyptic:0.3645
silent:0.36025
romance:0.3575
lone hero:0.35675
great ending:0.35375
low budget:0.3535
cynical:0.353
spoof:0.3505
harsh:0.348
grim:0.34675
glbt:0.3445
visually stunning:0.34425
satire:0.34425
sci-fi:0.3405
entirely dialogue:0.33925
television:0.33875
campy:0.33325
alternate reality:0.33325
imdb top 250:0.3295
vengeance:0.3285
social commentary:0.3265
splatter:0.32425
fun:0.32075
transformation:0.3185
visual:0.318
sexualized violence:0.317
hunting:0.31375
intimate:0.31225
perfect:0.31125
artsy:0.31075
story:0.3105
paranoid:0.30725
