violence:0.973
undercover cop:0.95225
mafia:0.94225
violent:0.93875
hit men:0.93
gratuitous violence:0.919
fast paced:0.889
stylish:0.869
action:0.8525
stylized:0.84275
twists & turns:0.8415
mob:0.841
gunfight:0.83375
pornography:0.833
brutality:0.814
bloody:0.814
weapons:0.814
runaway:0.81025
gangsters:0.80725
foul language:0.80075
original:0.7955
guns:0.79175
vengeance:0.785
intense:0.78475
chase:0.77
crime:0.742
good action:0.729
plot twist:0.71725
gangster:0.712
visceral:0.709
action packed:0.69975
corruption:0.698
gory:0.694
mentor:0.69175
brutal:0.68475
good soundtrack:0.67775
dialogue:0.6625
pulp:0.6615
twist ending:0.655
organized crime:0.652
anti-hero:0.64175
gritty:0.63925
plot:0.6345
twist:0.63275
hitman:0.6155
vigilante:0.6125
revenge:0.6105
suspense:0.60775
storytelling:0.6055
murder:0.6015
stupid as hell:0.59825
great ending:0.589
sexualized violence:0.5855
thriller:0.58275
redemption:0.56975
visually appealing:0.561
good:0.55
cult classic:0.5425
new jersey:0.54225
great acting:0.534
lone hero:0.52625
graphic novel:0.52425
bad ending:0.5215
justice:0.51725
cool:0.51025
stereotypes:0.5035
good acting:0.5
absurd:0.49475
tense:0.4895
clever:0.485
kidnapping:0.473
story:0.46975
cinematography:0.46875
grindhouse:0.46675
entertaining:0.46175
amazing cinematography:0.45725
weird:0.4565
pg-13:0.456
nudity (full frontal):0.4555
exceptional acting:0.454
betrayal:0.453
complicated plot:0.449
harsh:0.44775
police corruption:0.447
crime gone awry:0.44625
happy ending:0.44325
great:0.443
fun movie:0.44175
life philosophy:0.4415
entirely dialogue:0.4415
over the top:0.43775
vigilantism:0.43325
catastrophe:0.432
disturbing:0.42825
assassin:0.424
nudity (full frontal - notable):0.41925
torture:0.419
drugs:0.41075
nudity (full frontal - brief):0.40575
assassination:0.40475
