based on book:0.952
single father:0.93825
adapted from:book:0.93225
based on a book:0.9295
comedy:0.91625
coming of age:0.9105
friendship:0.903
mentor:0.89675
feel-good:0.89175
british comedy:0.889
unlikely friendships:0.8875
chick flick:0.8875
heartwarming:0.87825
drama:0.877
relationships:0.8765
girlie movie:0.864
books:0.84825
romantic comedy:0.8435
british:0.84075
narrated:0.81625
london:0.816
childhood:0.8085
original:0.80725
adaptation:0.80525
runaway:0.7995
depression:0.7965
adolescence:0.775
pg-13:0.7665
oscar (best directing):0.76525
feel good movie:0.758
destiny:0.7305
literature:0.729
funny:0.729
good soundtrack:0.72275
good:0.72
bullying:0.71575
great:0.7005
romantic:0.6985
touching:0.6905
book was better:0.687
awesome soundtrack:0.685
children:0.67825
great movie:0.67025
happy ending:0.66475
excellent script:0.65525
story:0.65425
life:0.636
witty:0.62825
melancholic:0.628
parenthood:0.624
great acting:0.6215
great ending:0.619
book:0.61675
storytelling:0.6165
quirky:0.612
sweet:0.599
coming-of-age:0.59875
clever:0.59875
cool:0.5945
sentimental:0.5905
redemption:0.5865
very funny:0.58575
loneliness:0.585
school:0.57725
dramatic:0.57525
light:0.56725
shallow:0.5525
very good:0.548
good acting:0.54625
oscar (best actress):0.544
drinking:0.5385
excellent:0.53725
quotable:0.527
father son relationship:0.51175
fantasy world:0.5065
interesting:0.5065
culture clash:0.50425
transformation:0.4935
whimsical:0.4925
bittersweet:0.47925
humorous:0.47175
alter ego:0.468
oscar (best supporting actress):0.46725
honest:0.46575
women:0.46225
dialogue:0.4575
realistic:0.45625
teen movie:0.4555
fun:0.45325
oscar winner:0.45275
predictable:0.452
hilarious:0.44725
great soundtrack:0.44575
eccentricity:0.4445
fun movie:0.4375
england:0.437
emotional:0.43175
dysfunctional family:0.43175
love story:0.42975
family:0.4275
