wuxia:0.9965
cinematography:0.975
meditative:0.90225
breathtaking:0.901
art house:0.86325
slow:0.818
off-beat comedy:0.805
slow paced:0.79025
assassin:0.78975
weird:0.759
boring!:0.75825
criterion:0.75175
melancholic:0.73725
stunning:0.737
stylized:0.73525
china:0.72975
dialogue:0.6695
original:0.64625
visual:0.632
affectionate:0.63075
enigmatic:0.62325
beautiful scenery:0.62225
sword fighting:0.60775
storytelling:0.594
character study:0.58
allegory:0.57475
pornography:0.5715
light:0.57025
assassination:0.56675
colourful:0.56525
story:0.557
solitude:0.543
entirely dialogue:0.53775
beautifully filmed:0.53775
masterpiece:0.52875
talky:0.521
mentor:0.521
dreamlike:0.5185
life philosophy:0.5125
assassins:0.5045
francis ford copolla:0.504
intimate:0.4785
great cinematography:0.47125
surreal:0.46825
photography:0.4615
reflective:0.4585
runaway:0.4565
artsy:0.44175
pointless:0.43725
police investigation:0.43725
golden palm:0.43475
fight scenes:0.42675
foreign:0.42225
family drama:0.4165
martial arts:0.414
family:0.3995
nudity (full frontal - notable):0.396
coen bros:0.3915
dysfunctional family:0.391
beautiful:0.373
loneliness:0.37175
cerebral:0.371
childhood:0.37075
catastrophe:0.36925
sexy:0.367
visceral:0.3645
atmospheric:0.358
oscar (best actress):0.34375
cult classic:0.33325
imdb top 250:0.332
ironic:0.33125
period piece:0.33075
great:0.32925
art:0.32825
too long:0.32375
drama:0.317
not funny:0.31525
narrated:0.31225
heroine:0.311
oscar (best supporting actress):0.30975
cult film:0.30725
unusual plot structure:0.30075
nudity (full frontal - brief):0.30025
absurd:0.2965
quirky:0.29375
insanity:0.2905
lone hero:0.29
paranoid:0.289
pretentious:0.28475
kung fu:0.2835
awesome soundtrack:0.28225
boring:0.28225
amazing cinematography:0.2815
culture clash:0.28125
visually appealing:0.28075
whimsical:0.28025
harsh:0.274
fantasy world:0.27375
action:0.27125
magic realism:0.26875
