workplace:0.91125
road movie:0.837
affectionate:0.7815
humorous:0.7635
corporate america:0.72625
comedy:0.70475
original:0.66625
life & death:0.65675
classic:0.65475
great ending:0.62925
las vegas:0.62025
dialogue:0.62025
cerebral:0.606
deadpan:0.598
melancholic:0.59775
absurd:0.5965
humor:0.596
loneliness:0.591
greed:0.58975
satire:0.576
afi 100 (laughs):0.53875
hilarious:0.5385
quirky:0.537
mentor:0.52925
talky:0.5265
writers:0.524
suprisingly clever:0.52275
new york:0.51625
road trip:0.51475
existentialism:0.51375
very funny:0.5095
off-beat comedy:0.505
criterion:0.4985
relationships:0.48975
satirical:0.4845
funny:0.48225
crime gone awry:0.47725
imdb top 250:0.477
weird:0.474
funniest movies:0.473
cult classic:0.45775
unusual plot structure:0.45675
black comedy:0.45625
brutality:0.45
drinking:0.44525
runaway:0.444
great:0.4435
culture clash:0.443
clever:0.44125
social commentary:0.4355
enigmatic:0.43275
quotable:0.4295
hotel:0.42825
underrated:0.42725
entirely dialogue:0.4185
farce:0.413
non-hollywood ending:0.412
life philosophy:0.41175
storytelling:0.40775
funny as hell:0.40275
dark humor:0.39975
solitude:0.39775
visually appealing:0.397
catastrophe:0.39375
slapstick:0.39225
sarcasm:0.3915
goofy:0.39125
cynical:0.385
harsh:0.38425
los angeles:0.37975
light:0.37975
small town:0.37825
golden palm:0.3755
transformation:0.37225
witty:0.36975
indians:0.36925
cathartic:0.3645
adventure:0.36375
distopia:0.36325
nudity (full frontal - brief):0.3605
masterpiece:0.3465
bleak:0.34425
highly quotable:0.34025
character study:0.34025
reflective:0.338
complex:0.333
nudity (full frontal - notable):0.33225
adaptation:0.3305
story:0.3305
adapted from:book:0.32575
lone hero:0.324
california:0.32375
secrets:0.323
good soundtrack:0.32225
narrated:0.3175
great movie:0.3155
tragedy:0.31325
classic car:0.313
oscar (best supporting actress):0.311
grindhouse:0.3105
