sisters:0.829
beautiful scenery:0.7625
1930s:0.75725
england:0.747
touching:0.65675
mentor:0.6545
story:0.65
love:0.63375
period piece:0.62575
original:0.6135
beautifully filmed:0.601
dramatic:0.59925
great:0.582
sweet:0.57925
runaway:0.55875
british:0.5515
nostalgic:0.54725
love story:0.51075
exceptional acting:0.5065
childhood:0.496
london:0.4955
passionate:0.47
bittersweet:0.4645
idealism:0.4645
drama:0.45625
life & death:0.44875
oscar (best actress):0.44425
romance:0.444
romantic:0.4395
storytelling:0.4375
light:0.43725
doctors:0.437
good:0.431
betrayal:0.4295
catastrophe:0.4265
great ending:0.4225
destiny:0.3965
creativity:0.39125
poland:0.3905
feel-good:0.38675
suprisingly clever:0.384
poignant:0.384
compassionate:0.38275
new jersey:0.379
amazing photography:0.3775
cinematography:0.37525
adaptation:0.36775
dialogue:0.3645
colourful:0.3595
not funny:0.35575
nudity (full frontal - brief):0.3505
emotional:0.34825
good acting:0.34475
good soundtrack:0.34475
unusual plot structure:0.34375
beautiful:0.34075
loneliness:0.34075
talky:0.3365
excellent:0.33425
unlikely friendships:0.3295
macabre:0.32375
happy ending:0.31975
first contact:0.31525
culture clash:0.31225
dance:0.3085
life philosophy:0.30675
literature:0.29975
simple:0.2975
melancholy:0.2905
friendship:0.28925
death:0.28675
artistic:0.28475
too short:0.28425
foreign:0.284
pg-13:0.27225
visually stunning:0.27
stunning:0.262
visually appealing:0.26125
adapted from:book:0.2585
sacrifice:0.2575
alternate endings:0.2555
great acting:0.24875
sentimental:0.2475
unfunny:0.247
musicians:0.247
enigmatic:0.2465
island:0.24425
entirely dialogue:0.24375
heartwarming:0.24325
solitude:0.24225
aging:0.242
melancholic:0.23875
criterion:0.2375
blindness:0.2365
predictable:0.23575
feel good movie:0.23575
fantasy world:0.235
atmospheric:0.231
whimsical:0.231
hospital:0.227
