espionage:0.99
spy:0.9365
conspiracy:0.89775
original:0.89675
spying:0.85825
spies:0.852
complex:0.82775
secrets:0.8175
twists & turns:0.804
futuristic:0.779
interesting:0.7695
moral ambiguity:0.76125
high fantasy:0.76125
technology:0.7585
fantasy world:0.7555
special effects:0.75075
first contact:0.749
assassination:0.746
1980s:0.73925
corruption:0.73475
science fiction:0.7295
greed:0.72875
nazi:0.72825
gunfight:0.72
plot twist:0.7135
visually appealing:0.713
based on a book:0.708
story:0.7035
plot holes:0.6995
fantasy:0.697
betrayal:0.68975
chase:0.68825
mindfuck:0.68025
distopia:0.67975
light:0.6795
dystopia:0.6785
nazis:0.67425
stylized:0.66825
sexy:0.66325
hitman:0.66175
dialogue:0.65525
assassin:0.651
cinematography:0.648
80s:0.64175
tense:0.641
paranoid:0.6395
adapted from:book:0.6385
great movie:0.63825
vengeance:0.6365
sci fi:0.62375
brutality:0.6175
great ending:0.606
mystery:0.6
dystopic future:0.5995
culture clash:0.59925
underrated:0.59375
violence:0.591
android(s)/cyborg(s):0.58925
very interesting:0.5885
mentor:0.58825
pulp:0.58325
classic car:0.581
excellent:0.57975
irish accent:0.57925
nocturnal:0.57875
robert ludlum:0.577
fast paced:0.574
thriller:0.56925
great:0.568
germany:0.56725
complicated plot:0.567
good versus evil:0.563
philip k. dick:0.562
assassins:0.557
good:0.5555
dark fantasy:0.54875
scifi:0.548
potential oscar nom:0.546
alternate reality:0.5445
bad:0.54425
destiny:0.54375
justice:0.5395
nudity (full frontal - notable):0.53875
nudity (rear):0.53875
pg-13:0.537
action:0.533
utopia:0.52675
fascism:0.52525
future:0.5235
good soundtrack:0.52275
bad plot:0.5225
unlikely friendships:0.52175
alternate endings:0.51975
twist ending:0.516
space travel:0.51525
nudity (full frontal - brief):0.51375
enigmatic:0.51325
visual:0.51
runaway:0.50775
effects:0.5045
