meditative:0.98975
golden palm:0.972
existentialism:0.95675
loneliness:0.94775
artistic:0.92025
humanity:0.91
criterion:0.89575
enigmatic:0.8805
lyrical:0.87975
dreamlike:0.8755
visual:0.87025
cinematography:0.869
immortality:0.86625
beautifully filmed:0.85975
berlin:0.8355
life & death:0.8235
breathtaking:0.8155
melancholy:0.8135
reflective:0.812
black and white:0.80725
melancholic:0.80075
cerebral:0.79975
visually stunning:0.79875
surreal:0.79325
visually appealing:0.7915
art house:0.7845
philosophical:0.77575
philosophy:0.76675
original:0.7625
beautiful scenery:0.7485
intellectual:0.74725
masterpiece:0.746
weird:0.73925
storytelling:0.726
wistful:0.726
stunning:0.71675
bleak:0.71175
photography:0.69425
imdb top 250:0.68925
metaphysics:0.67975
narrated:0.668
intimate:0.66575
poetry:0.6615
life philosophy:0.66025
thought-provoking:0.657
talky:0.63525
dialogue:0.63325
social commentary:0.633
slow paced:0.60875
german:0.594
atmospheric:0.591
beautiful:0.58675
art:0.58675
colourful:0.582
love:0.579
imagination:0.568
good soundtrack:0.56025
touching:0.55475
suprisingly clever:0.55075
dreams:0.5495
childhood:0.546
catastrophe:0.54275
compassionate:0.5295
love story:0.52625
first contact:0.525
slow:0.51675
isolation:0.5155
solitude:0.5075
great ending:0.5065
life:0.503
artist:0.50225
destiny:0.499
harsh:0.4985
unusual plot structure:0.498
idealism:0.48675
stylized:0.47275
interesting:0.468
complex:0.4675
cult classic:0.4675
culture clash:0.46575
technology:0.4605
movielens top pick:0.46025
allegory:0.45425
oscar (best foreign language film):0.454
poignant:0.45225
entirely dialogue:0.45125
bittersweet:0.44875
transformation:0.44525
pretentious:0.44475
mentor:0.444
emotional:0.44175
very interesting:0.43725
story:0.43375
nonlinear:0.42475
passionate:0.41825
great:0.417
absurd:0.41325
scenic:0.40775
nocturnal:0.40275
foreign:0.3985
