kung fu:0.9975
martial arts:0.99725
fight scenes:0.97775
fighting:0.92825
wuxia:0.916
lions:0.91075
china:0.87575
series:0.7555
great:0.703
action:0.69325
mentor:0.6745
vengeance:0.66225
romance:0.61025
original:0.61
kick-butt women:0.609
cool:0.6
fun movie:0.57975
comic:0.56275
ninja:0.53775
awesome soundtrack:0.5355
hong kong:0.50675
superheroes:0.49125
good soundtrack:0.485
dark hero:0.47175
goofy:0.4685
giant robots:0.46175
weapons:0.4445
good:0.43975
amazing photography:0.43625
alter ego:0.43475
violence:0.43425
fun:0.41725
catastrophe:0.413
humorous:0.41225
life philosophy:0.41125
assassination:0.41075
love triangles:0.38975
good action:0.3825
brutality:0.38075
competition:0.38025
great ending:0.37975
stylized:0.37325
foreign:0.3705
visually stunning:0.36275
japan:0.36275
redemption:0.3585
samurai:0.348
visually appealing:0.34725
weird:0.34525
gory:0.34125
runaway:0.33925
criterion:0.3345
dialogue:0.33075
sexualized violence:0.329
culture clash:0.32425
stunning:0.32325
social commentary:0.31825
silly:0.318
grindhouse:0.312
great movie:0.308
action packed:0.307
crime gone awry:0.29975
nudity (full frontal - brief):0.29925
colourful:0.29825
based on a comic:0.297
better than expected:0.29675
tokyo:0.29675
campy:0.29625
entirely dialogue:0.2925
franchise:0.29225
cult classic:0.29175
ironic:0.29
oscar (best foreign language film):0.29
stereotypes:0.28925
narrated:0.288
trilogy:0.285
police corruption:0.2795
absurd:0.27775
plot:0.27725
melancholic:0.27725
dragons:0.27725
assassins:0.2755
slapstick:0.27425
not funny:0.27375
corruption:0.2725
adapted from:comic:0.2725
based on a video game:0.27225
very good:0.2705
cerebral:0.27025
fast paced:0.26825
pg-13:0.26775
revenge:0.26425
story:0.2615
entertaining:0.2585
assassin:0.25775
crazy:0.255
very funny:0.255
unlikely friendships:0.252
lone hero:0.25175
light:0.24975
