obsession:0.9915
tense:0.96075
directorial debut:0.95125
suspenseful:0.93725
thriller:0.93275
oscar (best actress):0.92525
suspense:0.91325
oscar (best directing):0.90325
psychology:0.87
psychological:0.85425
claustrophobic:0.81875
mentor:0.774
original:0.7735
sexy:0.765
intense:0.762
ominous:0.75325
twists & turns:0.745
good:0.74375
creepy:0.7255
interesting:0.71175
violent:0.7115
dialogue:0.709
california:0.70425
runaway:0.69325
enigmatic:0.69325
chase:0.6865
murder:0.68375
police investigation:0.68175
great ending:0.664
very interesting:0.664
jazz:0.65275
insanity:0.651
stylish:0.647
paranoia:0.64
great movie:0.62175
paranoid:0.6155
macabre:0.601
relationships:0.59825
radio:0.597
talky:0.595
oscar (best supporting actress):0.595
classic:0.58325
atmospheric:0.5775
secrets:0.57625
manipulation:0.55625
revenge:0.546
violence:0.54425
good acting:0.544
clever:0.54325
corruption:0.54
twist:0.533
story:0.532
disturbing:0.531
cinematography:0.5295
adultery:0.51975
based on a play:0.51375
great:0.51275
pornography:0.51225
1970s:0.5115
criterion:0.50625
character study:0.50375
good soundtrack:0.501
nocturnal:0.49825
fun movie:0.496
crime gone awry:0.49425
serial killer:0.4895
classic car:0.47225
unusual plot structure:0.4685
cool:0.46775
witty:0.46775
eerie:0.4645
small town:0.46325
mystery:0.463
hitchcock:0.4575
drama:0.456
passionate:0.454
dark:0.452
moral ambiguity:0.45
culture clash:0.44725
loneliness:0.44525
assassination:0.44175
surveillance:0.4385
great acting:0.436
adaptation:0.436
storytelling:0.4355
narrated:0.4275
very good:0.4255
imdb top 250:0.42475
sexualized violence:0.42425
light:0.421
brutality:0.42
gory:0.41675
redemption:0.4155
anti-hero:0.4125
not funny:0.41225
cult film:0.40875
justice:0.408
nudity (full frontal - brief):0.4075
death:0.4075
erotic:0.40575
