relationships:0.9635
complex:0.9605
cerebral:0.9505
original:0.9055
nudity (topless):0.90075
bittersweet:0.8885
life:0.8785
beautifully filmed:0.876
enigmatic:0.8725
melancholic:0.865
reflective:0.865
stylish:0.85025
loneliness:0.8445
poignant:0.8405
oscar (best foreign language film):0.819
foreign:0.8135
compassionate:0.80475
storytelling:0.798
rome:0.7965
good soundtrack:0.7945
drama:0.78425
dreams:0.78325
criterion:0.77925
oscar winner:0.77825
emotional:0.7765
narrated:0.773
intense:0.7695
cinematography:0.76775
melancholy:0.76725
social commentary:0.758
vengeance:0.7405
passionate:0.735
italy:0.73425
mindfuck:0.73425
goofy:0.73275
existentialism:0.7245
mentor:0.72375
queer:0.7215
golden palm:0.72
interesting:0.71775
destiny:0.716
nudity (topless - notable):0.711
realistic:0.7105
life philosophy:0.70675
weird:0.70575
intimate:0.69825
unlikely friendships:0.68525
great acting:0.685
marriage:0.67625
life & death:0.6735
clever:0.66625
very interesting:0.66075
touching:0.66
unusual plot structure:0.6565
depressing:0.65625
excellent script:0.65425
good:0.65325
tragedy:0.6515
dark hero:0.6465
drinking:0.63975
complicated:0.63525
brutality:0.6335
self discovery:0.63325
romantic:0.63175
psychological:0.63175
great ending:0.6315
family drama:0.6315
culture clash:0.62975
british:0.6285
sexualized violence:0.62625
tricky:0.621
solitude:0.61625
harsh:0.61475
memory:0.61425
shopping:0.60925
male nudity:0.60825
gay:0.6045
twists & turns:0.5995
good acting:0.5995
multiple storylines:0.59925
sad:0.5965
biographical:0.594
honest:0.59225
secrets:0.5905
very good:0.587
breathtaking:0.58575
visual:0.58425
oscar (best supporting actress):0.58075
intellectual:0.58025
downbeat:0.57875
stylized:0.5765
redemption:0.57425
nudity (full frontal - notable):0.57225
great movie:0.57175
imdb top 250:0.5705
flashbacks:0.56875
dark:0.56825
dramatic:0.5675
hitman:0.56675
philosophy:0.5655
