war:0.939
irish accent:0.933
revenge:0.90525
sacrifice:0.889
world war ii:0.8875
war movie:0.882
original:0.88125
irish:0.8795
vengeance:0.87825
violence:0.8685
boat:0.86625
german:0.86175
wwii:0.852
submarine:0.852
wartime:0.82675
great acting:0.82475
great movie:0.783
70mm:0.7815
cinematography:0.7745
melancholic:0.77075
complex:0.76575
gunfight:0.75725
justice:0.748
harsh:0.73575
obsession:0.73125
dramatic:0.7255
powerful ending:0.71775
great ending:0.7125
insanity:0.7035
good soundtrack:0.702
story:0.697
doctors:0.69075
culture clash:0.68075
great:0.6755
murder:0.67175
talky:0.66775
criterion:0.66325
visceral:0.66275
corruption:0.646
moral ambiguity:0.64525
anti-war:0.64225
drama:0.642
morality:0.639
cult classic:0.63775
best war films:0.63475
interesting:0.63175
oscar (best directing):0.62925
realistic:0.62875
plot:0.62525
violent:0.625
ethnic conflict:0.6185
intense:0.617
sexualized violence:0.60475
visually stunning:0.60325
nazis:0.60025
stylized:0.6
brutality:0.599
psychology:0.599
anti-hero:0.59875
dialogue:0.59825
visual:0.5965
africa:0.59625
blood:0.58825
germany:0.58375
british:0.57925
historical:0.57925
oscar (best cinematography):0.5785
england:0.57375
narrated:0.57225
tokyo:0.56725
happy ending:0.56725
bloody:0.56675
ireland:0.55925
excellent:0.55875
redemption:0.55775
great dialogue:0.5565
tense:0.551
mentor:0.5505
island:0.5495
visually appealing:0.5495
forceful:0.54925
storytelling:0.547
twists & turns:0.5405
golden palm:0.53825
clever:0.533
distopia:0.52875
exceptional acting:0.52325
psychological:0.52275
unusual plot structure:0.52075
based on a play:0.51575
psychiatry:0.51525
social commentary:0.51075
gritty:0.5095
whimsical:0.50125
islam:0.4985
nazi:0.49775
prejudice:0.49175
good:0.48375
intelligent:0.482
world war i:0.476
