musical:0.9415
dancing:0.934
music:0.92
surreal:0.8205
original:0.7615
creativity:0.7435
musicians:0.73775
weird:0.7335
good soundtrack:0.685
good music:0.679
dance:0.611
so bad it's funny:0.56675
dreamlike:0.56275
spiders:0.54125
parody:0.52675
giant robots:0.51775
storytelling:0.50075
cool:0.49325
bad plot:0.48925
hip hop:0.48425
silly:0.47725
great music:0.47375
fantasy:0.4735
chase:0.47125
children:0.46225
childhood:0.45675
silly fun:0.44875
1930s:0.4365
cult film:0.41175
special effects:0.40925
stupid as hell:0.4075
catastrophe:0.405
crude humor:0.40025
predictable:0.39925
robot:0.39575
surrealism:0.37725
dialogue:0.3705
not funny:0.36725
gangsters:0.367
writers:0.36275
mentor:0.348
great ending:0.34125
artistic:0.335
great:0.334
fantasy world:0.3325
runaway:0.3285
camp:0.322
weapons:0.317
art:0.312
melancholic:0.30325
artist:0.302
family:0.2985
drugs:0.298
brutality:0.296
quirky:0.2915
bizarre:0.28775
insanity:0.28675
good:0.28325
small town:0.28275
entirely dialogue:0.2805
unfunny:0.278
life philosophy:0.27575
existentialism:0.275
sci fi:0.27225
grindhouse:0.27075
rock and roll:0.2705
complex:0.26525
story:0.26375
first contact:0.2635
adaptation:0.26325
visually appealing:0.25975
happy ending:0.2585
pointless:0.2565
destiny:0.25625
dysfunctional family:0.24975
culture clash:0.248
new orleans:0.2445
fun:0.2415
redemption:0.24025
visual:0.2385
pornography:0.23725
cerebral:0.235
nonlinear:0.235
natural disaster:0.23375
directorial debut:0.2325
horrible:0.2305
fight scenes:0.23
overrated:0.22975
music business:0.2295
life & death:0.22675
lone hero:0.22625
light:0.2255
idiotic:0.2245
exceptional acting:0.22275
criterion:0.22225
pulp:0.22225
cult classic:0.22125
slapstick:0.221
visuals:0.22025
unlikely friendships:0.22
