western:0.86775
gunfight:0.8475
japan:0.84475
original:0.843
stylized:0.817
visually stunning:0.8065
vengeance:0.79425
cult film:0.76825
surreal:0.768
weird:0.7595
japanese:0.755
gratuitous violence:0.74
bloody:0.7105
splatter:0.68675
tokyo:0.66425
fight scenes:0.65075
violence:0.65
spaghetti western:0.64775
dialogue:0.63175
cinematography:0.629
action:0.61275
grindhouse:0.60825
violent:0.6035
post-apocalyptic:0.589
brutality:0.58525
storytelling:0.5805
stylish:0.55825
kung fu:0.55625
visual:0.55575
good soundtrack:0.54575
blood:0.5395
dreamlike:0.5315
weapons:0.5315
absurd:0.527
pulp:0.525
art house:0.5235
cult classic:0.517
visually appealing:0.51175
samurai:0.5115
destiny:0.50675
gory:0.484
criterion:0.478
catastrophe:0.4565
transformation:0.4525
cool:0.44925
post apocalyptic:0.44675
hallucinatory:0.44475
loneliness:0.4425
twists & turns:0.44075
allegory:0.44025
entirely dialogue:0.43975
quirky:0.4395
fighting:0.4355
great ending:0.42075
pointless:0.405
queer:0.404
action packed:0.3915
distopia:0.38875
enigmatic:0.38775
revenge:0.38375
stereotypes:0.38275
mentor:0.38075
sci fi:0.38025
fast paced:0.3765
surrealism:0.3725
existentialism:0.37175
alternate universe:0.36725
tarantino:0.3665
fantasy world:0.3625
martial arts:0.36175
gangs:0.3605
life philosophy:0.36
culture clash:0.35975
kick-butt women:0.35775
brutal:0.35525
macabre:0.35425
lone hero:0.35275
multiple storylines:0.3525
not funny:0.351
mythology:0.34875
betrayal:0.3485
adaptation:0.3475
anti-hero:0.346
redemption:0.346
sexualized violence:0.343
colourful:0.341
overrated:0.335
satirical:0.328
insanity:0.32725
melancholic:0.326
trilogy:0.32475
imdb top 250:0.3195
predictable:0.315
story:0.3135
masterpiece:0.3095
complex:0.30875
good action:0.3075
sword fighting:0.303
nudity (full frontal - brief):0.30275
wuxia:0.3005
