murder mystery:0.92725
murder:0.882
nudity (topless - notable):0.87025
story:0.86575
very interesting:0.85375
mystery:0.8385
complex:0.83675
based on a book:0.782
original:0.68225
secrets:0.6675
visually appealing:0.66525
visual:0.66425
storytelling:0.6565
police investigation:0.65575
stunning:0.63075
first contact:0.60975
dialogue:0.603
plot:0.58625
alternate history:0.5845
guilt:0.5755
cinematography:0.572
psychological:0.5675
enigmatic:0.56675
writers:0.55825
visually stunning:0.549
loneliness:0.547
catastrophe:0.53575
drama:0.53125
character study:0.5265
tricky:0.5255
great ending:0.52125
costume drama:0.51425
reflective:0.5105
predictable:0.50525
dramatic:0.49875
brutality:0.495
sexy:0.47625
adaptation:0.47575
pornography:0.4725
sci fi:0.46675
cerebral:0.4495
infidelity:0.44675
melancholic:0.44225
relationships:0.439
flashbacks:0.4385
pointless:0.4245
period piece:0.42275
mentor:0.42275
investigation:0.41525
literary adaptation:0.402
crime:0.38275
pg-13:0.382
moral ambiguity:0.38175
nudity (full frontal - notable):0.3765
parallel universe:0.37475
weird:0.3745
life philosophy:0.372
twist:0.37075
stylized:0.3695
suspense:0.369
underrated:0.368
shallow:0.36775
19th century:0.36775
culture clash:0.3615
nudity (rear):0.36075
betrayal:0.35675
allegory:0.35625
great acting:0.35425
twists & turns:0.35375
interesting:0.35375
suprisingly clever:0.35325
not funny:0.353
justice:0.35175
good:0.35125
harsh:0.3475
obsession:0.3475
complicated:0.3455
manipulation:0.3445
multiple storylines:0.34325
absurd:0.3425
erotic:0.342
redemption:0.342
island:0.342
fantasy world:0.33925
clever:0.33875
creativity:0.33775
women:0.33325
entirely dialogue:0.3325
san francisco:0.329
artsy:0.32525
stylish:0.3235
talky:0.3165
confusing:0.31625
intellectual:0.31375
sexual:0.313
bad plot:0.31275
moody:0.30975
product placement:0.308
science fiction:0.3065
corruption:0.30475
