superhero:0.99875
super hero:0.9985
superheroes:0.99775
marvel:0.99625
adapted from:comic:0.989
action:0.9855
based on a comic:0.98375
comic book:0.96925
super-hero:0.96125
pg-13:0.9505
watch the credits:0.95
story:0.94325
big budget:0.92875
action packed:0.91575
conspiracy:0.904
visually appealing:0.895
franchise:0.88925
based on comic:0.88625
fight scenes:0.884
fast paced:0.88325
good action:0.882
comics:0.8805
special effects:0.85925
mutants:0.85675
weapons:0.8525
dialogue:0.85
technology:0.84225
espionage:0.84075
plot:0.8265
cool:0.81725
assassin:0.798
chase:0.79775
imdb top 250:0.7935
spying:0.7815
alter ego:0.7755
comic book adaption:0.7715
cgi:0.752
great:0.7465
robert downey jr:0.7455
humor:0.73625
dark hero:0.728
fighting:0.72375
original:0.7165
dynamic cgi action:0.709
vigilante:0.6935
good:0.683
betrayal:0.674
better than expected:0.6725
mentor:0.66625
great movie:0.66075
intense:0.659
spy:0.6475
exciting:0.6435
mythology:0.64125
cyborgs:0.638
surveillance:0.635
product placement:0.6195
assassination:0.61925
vengeance:0.619
fun:0.61375
adventure:0.61225
anti-hero:0.603
good sequel:0.60225
thriller:0.5845
great ending:0.58225
secrets:0.56425
visually stunning:0.55225
futuristic:0.54425
transformation:0.54325
awesome:0.53925
entertaining:0.53725
explosions:0.52475
catastrophe:0.51875
graphic novel:0.51775
storytelling:0.51725
plot holes:0.51525
good soundtrack:0.51475
revenge:0.51425
political:0.5085
witty:0.5085
violent:0.50425
car chase:0.50225
friendship:0.498
adaptation:0.4975
visuals:0.49675
giant robots:0.49575
brothers:0.49475
apocalypse:0.4935
sequels:0.4905
awesome soundtrack:0.48925
sequel:0.48725
sci fi:0.48525
alien invasion:0.48475
enormously long battle scene:0.48275
humorous:0.481
great dialogue:0.4795
visual:0.47925
twists & turns:0.47225
life philosophy:0.47225
arms dealer:0.46925
