snakes:0.99075
cult film:0.9085
absurd:0.83425
so bad it's funny:0.82825
ridiculous:0.79525
fun movie:0.7945
silly:0.77375
original:0.77125
silly fun:0.7565
goofy:0.74175
bad plot:0.7055
cult classic:0.703
idiotic:0.689
campy:0.6815
predictable:0.64275
action:0.63775
splatter:0.6115
entertaining:0.6105
fun:0.6015
so bad it's good:0.60125
action packed:0.57125
bad acting:0.571
quotable:0.56875
stereotypes:0.5665
dialogue:0.555
violence:0.54575
stupid:0.53875
great ending:0.52825
stupidity:0.5275
dumb:0.52375
disaster:0.516
cheesy:0.5015
brutality:0.50075
special effects:0.4945
pg-13:0.4745
los angeles:0.4725
sexualized violence:0.4725
catastrophe:0.47225
camp:0.46675
bad cgi:0.462
twists & turns:0.46175
stupid as hell:0.461
good action:0.44825
parody:0.44675
mentor:0.445
computer animation:0.44425
overrated:0.44025
pulp:0.43675
fast paced:0.428
gory:0.42325
cool:0.423
internet:0.42125
death:0.4175
product placement:0.415
pointless:0.401
bad:0.39675
plot holes:0.39125
pornography:0.3905
horror:0.38925
awful:0.3875
nudity (topless):0.38575
horrible:0.38525
slapstick:0.385
storytelling:0.3775
shallow:0.37575
sci fi:0.37375
good soundtrack:0.36825
suspense:0.367
lame:0.35825
adaptation:0.35725
not funny:0.35725
corny:0.35525
good:0.3515
murder:0.35075
better than expected:0.35
multiple storylines:0.34475
entirely dialogue:0.33975
comedy:0.3385
suspenseful:0.33725
weapons:0.33525
sexy:0.33125
natural disaster:0.32925
humor:0.3285
hawaii:0.3285
scary:0.328
story:0.32425
light:0.32375
big budget:0.3235
grindhouse:0.3215
imdb top 250:0.3215
chase:0.32125
first contact:0.317
family:0.316
twist ending:0.31275
vengeance:0.311
weird:0.306
violent:0.306
gore:0.3035
unfunny:0.30325
funny as hell:0.3
