assassin:0.96375
single father:0.9375
chase:0.93025
hit men:0.905
action:0.896
secret service:0.88
assassination:0.868
predictable:0.79125
suspense:0.78275
bad acting:0.73275
original:0.7325
bad script:0.73175
plot holes:0.7175
thriller:0.71125
big budget:0.709
pg-13:0.65225
good action:0.63025
suspenseful:0.62725
adventure:0.62225
plot:0.614
moral ambiguity:0.6055
script:0.5945
stupid:0.578
dialogue:0.5625
catastrophe:0.55775
conspiracy:0.54275
natural disaster:0.53075
lame:0.53025
violence:0.51775
lone hero:0.5175
horrible:0.5165
hitman:0.51625
exciting:0.50725
great ending:0.50675
assassins:0.489
betrayal:0.48375
life philosophy:0.48175
mentor:0.4705
awful:0.46875
idiotic:0.4565
plot twist:0.4435
destiny:0.439
murder:0.437
story:0.437
car chase:0.436
beautiful scenery:0.42675
life & death:0.426
good soundtrack:0.425
so bad it's funny:0.425
bad plot:0.42425
scenic:0.423
revenge:0.42125
happy ending:0.4165
sexualized violence:0.41375
entertaining:0.41225
corruption:0.406
unrealistic:0.4045
fbi:0.40425
bad ending:0.40325
survival:0.402
absurd:0.3995
fantasy world:0.39725
fast paced:0.39175
stereotypes:0.38875
road movie:0.3875
twist ending:0.3815
surveillance:0.381
writers:0.3785
good:0.37675
redemption:0.37575
romance:0.369
family:0.36875
better than expected:0.36725
kidnapping:0.36425
anti-hero:0.36325
pornography:0.3625
guns:0.362
good acting:0.351
shallow:0.3505
bad:0.34525
conspiracy theory:0.342
silly:0.342
action packed:0.34175
lawyer:0.34175
nudity (rear):0.33925
unfunny:0.338
nudity (full frontal - brief):0.3375
product placement:0.335
pointless:0.334
small town:0.334
san francisco:0.334
not funny:0.334
vengeance:0.333
good dialogue:0.333
storytelling:0.32225
end of the world:0.3165
runaway:0.31625
wilderness:0.3155
great:0.31425
brutality:0.31
