conspiracy theory:0.94975
obsession:0.86975
documentary:0.7525
pornography:0.7465
original:0.738
kubrick:0.70325
narrated:0.70025
off-beat comedy:0.6835
weird:0.669
native americans:0.6605
genocide:0.626
hotel:0.58675
very interesting:0.581
sexualized violence:0.57625
conspiracy:0.5635
internet:0.5575
nudity (full frontal - brief):0.53025
pointless:0.49375
insanity:0.483
enigmatic:0.48
good soundtrack:0.4765
great ending:0.46025
maze:0.45675
homeless:0.45225
secrets:0.44875
indians:0.44475
catastrophe:0.433
life philosophy:0.43075
male nudity:0.409
absurd:0.40675
paranoia:0.4
mentor:0.397
adapted from:book:0.39125
adaptation:0.3895
fun movie:0.389
storytelling:0.38875
holocaust:0.38475
masterpiece:0.3835
imdb top 250:0.3825
interesting:0.38175
nudity (full frontal - notable):0.35525
cult film:0.3525
mockumentary:0.35
writers:0.3455
twists & turns:0.345
controversial:0.33775
quirky:0.331
visual:0.32825
passionate:0.32425
dialogue:0.32375
fight scenes:0.3225
criterion:0.31925
oscar (best directing):0.319
israel:0.3185
art:0.31725
ridiculous:0.315
entertaining:0.3135
unfunny:0.3075
talky:0.307
jews:0.30675
not funny:0.3065
bad ending:0.3055
erotic:0.2955
astronauts:0.28875
culture clash:0.28825
runaway:0.285
sexual:0.2845
dreamlike:0.28375
psychology:0.281
cinematography:0.281
brutality:0.27875
crazy:0.277
satirical:0.27675
vengeance:0.27675
first contact:0.2765
so bad it's funny:0.27625
allegory:0.27625
clever:0.27575
cult classic:0.2755
complex:0.27175
greed:0.27175
stylized:0.271
disturbing:0.26975
family drama:0.267
distopia:0.2655
police investigation:0.26475
eccentricity:0.26275
psychological:0.2615
intellectual:0.2615
visually stunning:0.26125
based on a book:0.26125
visually appealing:0.2595
cult:0.25575
predictable:0.2555
overrated:0.254
corruption:0.249
existentialism:0.247
good:0.24525
cerebral:0.245
chase:0.2445
