future:0.99975
time travel:0.98
trilogy:0.972
science fiction:0.96925
time:0.94725
fun movie:0.9395
futuristic:0.93525
adventure:0.9285
great ending:0.913
sci-fi:0.8805
alternate universe:0.84525
sequel:0.839
scifi:0.83425
series:0.82225
complex:0.81425
good:0.81
destiny:0.80825
alternate reality:0.80075
sci fi:0.789
chase:0.783
franchise:0.77675
western:0.76425
saturn award (best special effects):0.75775
fantasy:0.7565
original:0.751
travel:0.6925
great:0.68725
time loop:0.664
comedy:0.661
love story:0.6445
whimsical:0.63825
good sequel:0.61875
special effects:0.61125
1980s:0.6065
romance:0.60475
1950s:0.577
irish accent:0.5765
fun:0.57
happy ending:0.565
great movie:0.56425
catastrophe:0.558
gunfight:0.5455
plot holes:0.5355
bullying:0.5335
parallel universe:0.529
first contact:0.52275
dynamic cgi action:0.5125
clever:0.507
mentor:0.50625
technology:0.506
stranded:0.50525
end of the world:0.49625
exciting:0.4915
kids:0.48725
bad ending:0.4815
humorous:0.48075
original plot:0.46675
romantic:0.463
story:0.45775
dialogue:0.454
nostalgic:0.44975
big budget:0.44425
affectionate:0.4425
science:0.4395
cool:0.43725
storytelling:0.43025
family:0.428
sequels:0.42275
action:0.42025
cloning:0.4165
space:0.4105
silly fun:0.407
70mm:0.4
predictable:0.397
transformation:0.38625
plot:0.38475
not funny:0.38175
spielberg:0.37175
childhood:0.3705
runaway:0.3665
life philosophy:0.36375
creativity:0.361
entertaining:0.3525
island:0.3495
lone hero:0.3465
mad scientist:0.34575
nostalgia:0.34425
action packed:0.33475
light:0.33425
android(s)/cyborg(s):0.33425
culture clash:0.3325
pg-13:0.329
saturn award (best science fiction film):0.32825
80s:0.328
classic:0.3265
crappy sequel:0.32425
memory:0.323
dystopia:0.32275
fantasy world:0.322
good action:0.3215
