horror:0.98725
splatter:0.98125
gory:0.8915
firefly:0.88475
cult classic:0.87675
clowns:0.8395
bloody:0.83775
creepy:0.81975
cult film:0.8025
zombie:0.77875
serial killer:0.76375
violence:0.7625
brutality:0.7615
gore:0.74175
violent:0.7285
original:0.72375
sexualized violence:0.72125
disturbing:0.72025
grindhouse:0.714
weird:0.69625
torture:0.67875
nudity (topless - brief):0.673
scary:0.664
blood:0.6605
good soundtrack:0.655
gruesome:0.649
cannibalism:0.64625
visceral:0.6375
slasher:0.6335
insanity:0.633
macabre:0.611
nudity (rear):0.598
mad scientist:0.585
brutal:0.54875
pointless:0.54625
great ending:0.51
stupid as hell:0.50825
demons:0.492
pornography:0.47525
goth:0.4715
dark humor:0.47025
graphic novel:0.469
road movie:0.46825
cult:0.4665
bad acting:0.464
dialogue:0.4475
stylish:0.44725
goretastic:0.44375
devil:0.44325
murder:0.441
stylized:0.43725
awesome soundtrack:0.43625
mentor:0.43125
low budget:0.40675
predictable:0.40375
adaptation:0.4035
halloween:0.39875
male nudity:0.39375
suspense:0.39275
storytelling:0.37075
supernatural:0.3665
zombies:0.362
gratuitous violence:0.362
teens:0.3575
catastrophe:0.35575
crazy:0.351
not funny:0.3445
life philosophy:0.3435
nudity (full frontal - notable):0.341
atmospheric:0.3395
so bad it's funny:0.339
monster:0.33475
vengeance:0.32825
texas:0.32575
gangsters:0.321
overrated:0.319
campy:0.31875
intense:0.31525
police investigation:0.3105
apocalypse:0.31
bad plot:0.3095
fantasy world:0.307
great:0.305
dysfunctional family:0.3025
entirely dialogue:0.30225
transformation:0.2995
harsh:0.2945
haunted house:0.2905
bizarre:0.286
culture clash:0.286
silly fun:0.286
dark:0.2845
first contact:0.282
lone hero:0.27725
nocturnal:0.27425
revenge:0.274
twists & turns:0.272
dark hero:0.271
psychological:0.271
classic car:0.27075
