original:0.779
life philosophy:0.71975
latin america:0.66925
music business:0.65725
rock and roll:0.65075
musical:0.6465
pointless:0.64225
hip hop:0.623
musicians:0.59575
dialogue:0.59425
lyrical:0.57325
off-beat comedy:0.5555
music:0.5495
mentor:0.5485
pornography:0.52225
enigmatic:0.52125
surreal:0.50975
satirical:0.4825
alternate reality:0.476
cult film:0.472
quirky:0.46775
poetry:0.448
weird:0.44025
gangsters:0.4295
pretentious:0.416
powerful ending:0.41475
writers:0.4135
ensemble cast:0.405
entirely dialogue:0.405
good soundtrack:0.40175
destiny:0.3975
science fiction:0.392
predictable:0.383
creativity:0.38075
great ending:0.34575
absurd:0.34375
satire:0.34075
bad plot:0.3405
complex:0.334
not funny:0.3325
life & death:0.32925
catastrophe:0.32775
mad scientist:0.326
criterion:0.3215
so bad it's funny:0.321
cult classic:0.31625
overrated:0.3125
greed:0.31175
redemption:0.3065
good dialogue:0.303
disaster:0.302
existentialism:0.2965
runaway:0.2905
culture clash:0.288
great:0.28625
storytelling:0.28575
coen bros:0.28575
lone hero:0.28225
dystopia:0.282
brutality:0.278
crime gone awry:0.2745
talky:0.273
surrealism:0.272
dysfunctional family:0.27025
queer:0.27
insanity:0.26925
corruption:0.26475
nudity (full frontal - brief):0.26475
political:0.26425
camp:0.26225
too long:0.262
artist:0.26175
futuristic:0.2615
eccentricity:0.26125
tricky:0.2575
melancholic:0.2565
road movie:0.2545
multiple storylines:0.25375
twists & turns:0.25375
first contact:0.253
san francisco:0.2515
fight scenes:0.24575
fun movie:0.24525
fantasy world:0.24475
zombie:0.244
directorial debut:0.24225
justice:0.23875
good music:0.2355
boring:0.2355
crude humor:0.23375
slapstick:0.23325
intellectual:0.23225
adaptation:0.22975
clever:0.22925
art:0.2285
allegory:0.2285
awesome soundtrack:0.22675
splatter:0.22525
feel-good:0.22225
shallow:0.222
