rock and roll:0.997
musicians:0.908
music:0.903
comedy:0.89125
destiny:0.856
music business:0.83325
hilarious:0.792
original:0.77875
stoner movie:0.71225
musical:0.7065
parody:0.694
devil:0.6735
funny as hell:0.6735
good soundtrack:0.673
great music:0.66775
cult film:0.6545
irreverent:0.65075
funny:0.6065
very funny:0.5995
weird:0.591
hip hop:0.5675
creativity:0.55725
foul language:0.5565
great:0.55125
cult classic:0.54875
satire:0.5425
mentor:0.5015
great ending:0.4995
crude humor:0.48325
runaway:0.473
silly fun:0.468
weed:0.4655
great soundtrack:0.4545
sexualized violence:0.43975
stupidity:0.421
storytelling:0.4195
awesome soundtrack:0.41925
dialogue:0.41875
great movie:0.41325
pg-13:0.41275
spoof:0.40975
funniest movies:0.407
pornography:0.4065
absurd:0.405
visually stunning:0.39675
good music:0.3865
idiotic:0.38625
brutality:0.38525
catastrophe:0.384
silly:0.3835
segregation:0.38125
pointless:0.3805
unfunny:0.37925
clever:0.3765
road trip:0.37525
highly quotable:0.36725
fantasy world:0.36325
humor:0.36125
not funny:0.35975
stupid:0.3485
life philosophy:0.34825
satirical:0.34725
vengeance:0.34575
humorous:0.3445
stereotypes:0.34325
social commentary:0.34125
surreal:0.33875
suprisingly clever:0.333
predictable:0.33275
adaptation:0.332
farce:0.3295
insanity:0.32525
goofy:0.3225
chase:0.321
culture clash:0.3135
lyrical:0.31325
stylized:0.313
harsh:0.31175
classic car:0.31025
story:0.30975
fight scenes:0.30525
good:0.303
fun movie:0.30025
melancholic:0.298
twists & turns:0.294
cult:0.29375
obsession:0.28975
dark hero:0.2885
splatter:0.28575
entertaining:0.284
grindhouse:0.28375
drugs:0.278
nudity (full frontal - brief):0.2775
watch the credits:0.27675
cool:0.27625
quirky:0.27275
entirely dialogue:0.2725
underrated:0.2725
gory:0.2675
redemption:0.264
