true story:0.958
based on true story:0.9035
police investigation:0.84875
manipulation:0.827
original:0.82625
surveillance:0.81
stupidity:0.7955
based on a true story:0.792
brainwashing:0.76825
workplace:0.72775
disturbing:0.7175
stupid as hell:0.71725
hard to watch:0.7095
tense:0.70475
weird:0.6905
sexual abuse:0.6495
crime:0.64925
absurd:0.62625
psychology:0.60825
story:0.561
runaway:0.54925
internet:0.54475
stupid:0.54425
pornography:0.523
psychological:0.51225
torture:0.4965
great ending:0.4825
investigation:0.48225
dialogue:0.4725
social commentary:0.4685
so bad it's funny:0.465
thought-provoking:0.45825
guilt:0.45525
catastrophe:0.452
light:0.43625
brutality:0.4305
paranoid:0.4265
clever:0.42575
greed:0.41575
idiotic:0.41475
mentor:0.41125
suspenseful:0.3945
criterion:0.3935
corporate america:0.3895
paranoia:0.37925
cerebral:0.36725
not funny:0.36225
lawyer:0.36075
corruption:0.356
interesting:0.35475
unusual plot structure:0.3435
suspense:0.34075
childhood:0.33925
dramatic:0.3385
tragedy:0.32875
complex:0.31925
great acting:0.31825
visually appealing:0.31725
enigmatic:0.31325
controversial:0.313
honest:0.30925
office:0.308
imdb top 250:0.3075
harsh:0.307
new jersey:0.3065
obsession:0.3065
fantasy world:0.305
life & death:0.302
survival:0.30025
good:0.296
storytelling:0.29575
scary:0.2925
identity:0.2895
morality:0.28825
kidnapping:0.288
small town:0.2855
crude humor:0.2855
islam:0.28425
adaptation:0.28425
good soundtrack:0.2835
thriller:0.28175
sexy:0.28
children:0.276
adapted from:book:0.2755
twists & turns:0.27475
ridiculous:0.2745
predictable:0.27225
low budget:0.2715
fun movie:0.27125
justice:0.2705
talky:0.27
drama:0.2665
first contact:0.265
culture clash:0.26225
bizarre:0.262
detective:0.261
character study:0.25775
humanity:0.257
bullying:0.254
great:0.25375
