comedy:0.98675
buddy movie:0.93175
funny:0.9085
hilarious:0.8745
parody:0.86
absurd:0.85375
spoof:0.84875
very funny:0.75125
humor:0.7445
police:0.7255
original:0.718
silly fun:0.688
chase:0.673
silly:0.66625
humorous:0.66225
goofy:0.653
quotable:0.65075
funny as hell:0.645
dialogue:0.63375
police investigation:0.629
action:0.62775
so bad it's funny:0.627
pg-13:0.61825
saturday night live:0.59775
crime:0.574
new york city:0.56675
detective:0.5605
dumb:0.54875
unfunny:0.53975
crude humor:0.53975
funniest movies:0.5285
catastrophe:0.52575
great ending:0.50675
plot:0.50675
satire:0.493
stupidity:0.4915
lame:0.477
satirical:0.46375
ridiculous:0.45125
stupid:0.4425
corruption:0.4415
story:0.4405
slapstick:0.42725
mentor:0.41725
pornography:0.41575
runaway:0.40725
storytelling:0.401
twists & turns:0.3975
clever:0.39525
suprisingly clever:0.3785
greed:0.3755
idiotic:0.3745
sarcasm:0.37025
off-beat comedy:0.366
justice:0.36575
weed:0.3655
comic:0.363
fantasy world:0.35975
predictable:0.35975
farce:0.3575
police corruption:0.354
good action:0.353
weird:0.3485
drinking:0.34825
adaptation:0.34275
workplace:0.3245
good:0.32425
great:0.32325
action packed:0.322
queer:0.319
social commentary:0.3185
brutality:0.31825
life philosophy:0.318
dumb but funny:0.3145
good soundtrack:0.31125
fun:0.311
vengeance:0.3095
stoner movie:0.30825
culture clash:0.30575
fun movie:0.30475
male nudity:0.29875
lone hero:0.29725
stereotypes:0.29625
better than expected:0.2935
car chase:0.29175
witty:0.29175
underrated:0.291
entirely dialogue:0.2905
visually appealing:0.2905
fight scenes:0.2895
investigation:0.288
fast paced:0.28525
allegory:0.2795
new jersey:0.2765
complex:0.276
creativity:0.2735
gangsters:0.27325
weapons:0.2725
light:0.269
cult classic:0.26775
