dystopic future:0.9985
futuristic:0.98925
action:0.9795
dystopia:0.977
sci-fi:0.9645
future:0.95175
fight scenes:0.949
scifi:0.947
martial arts:0.94625
sci fi:0.93775
gunfight:0.93675
visually stunning:0.93325
guns:0.9185
science fiction:0.9095
post-apocalyptic:0.902
good action:0.89975
distopia:0.89675
stylized:0.88825
original:0.87725
visually appealing:0.8765
visual:0.8655
plot:0.86175
lone hero:0.85475
violence:0.83475
post apocalyptic:0.82875
emotional:0.81075
fighting:0.80975
cyberpunk:0.80875
amazing cinematography:0.80475
revolution:0.798
philosophy:0.79425
vengeance:0.79325
thought-provoking:0.793
technology:0.792
good:0.78175
intense:0.78075
cinematography:0.77575
cool:0.769
storytelling:0.7685
action packed:0.76575
story:0.7615
utopia:0.754
stylish:0.748
good acting:0.7475
rebellion:0.738
mentor:0.72975
pg-13:0.72625
big budget:0.7225
fast paced:0.7195
plot holes:0.708
kung fu:0.70325
good soundtrack:0.691
sword fight:0.6865
great ending:0.68225
original plot:0.68075
complex:0.6725
ninja:0.663
special effects:0.6605
unrealistic:0.65675
great:0.655
weapons:0.655
fascism:0.644
wuxia:0.643
cerebral:0.6395
apocalypse:0.6355
dark hero:0.6335
clones:0.633
violent:0.6285
dramatic:0.62775
dialogue:0.627
life philosophy:0.6245
interesting:0.61975
dynamic cgi action:0.61325
plot twist:0.613
philosophical:0.6115
visceral:0.61075
surveillance:0.606
revenge:0.6035
great movie:0.5985
transformation:0.59725
beautiful scenery:0.59675
cult classic:0.594
fighting the system:0.59275
alternate reality:0.5925
redemption:0.5895
christian:0.588
chase:0.5845
cult film:0.582
destiny:0.57475
catastrophe:0.5665
great cinematography:0.56575
excellent:0.56375
stunning:0.56325
existentialism:0.56175
anti-hero:0.55825
based on a book:0.55825
sacrifice:0.5565
survival:0.55625
war:0.549
justice:0.5475
