geeks:0.98125
computers:0.94275
conspiracy:0.91975
thriller:0.89525
hackers:0.88875
technology:0.8715
hacking:0.8585
internet:0.82925
espionage:0.80525
graphic design:0.8045
surveillance:0.773
big budget:0.734
spying:0.73025
plot holes:0.692
betrayal:0.68975
catastrophe:0.68425
geek:0.6805
greed:0.679
twists & turns:0.67025
conspiracy theory:0.6585
original:0.6545
murder:0.653
very interesting:0.63075
plot:0.6265
predictable:0.62025
good:0.62
suspense:0.60875
futuristic:0.597
business:0.5865
natural disaster:0.5855
mentor:0.58525
so bad it's funny:0.578
secrets:0.56825
chase:0.5555
first contact:0.5265
cloning:0.52075
plot twist:0.51425
oscar (best cinematography):0.5125
paranoia:0.511
creativity:0.50775
suspenseful:0.5055
life philosophy:0.501
free to download:0.482
entertaining:0.47875
spy:0.476
better than expected:0.471
special effects:0.46275
pg-13:0.4565
dialogue:0.4295
unrealistic:0.427
sci fi:0.42575
fantasy world:0.42125
great ending:0.41075
nudity (topless - notable):0.4105
interesting:0.41025
science:0.405
bad plot:0.40025
bad ending:0.3995
teen movie:0.39875
bad:0.3955
exciting:0.395
corruption:0.3945
police investigation:0.3755
bad acting:0.3745
not funny:0.373
spies:0.37275
fast paced:0.36875
manipulation:0.3665
action:0.365
story:0.35725
sexy:0.35025
computer animation:0.34575
cool:0.34325
twist ending:0.338
lame:0.33775
great:0.33675
unfunny:0.3315
computer game:0.33075
lawyer:0.32975
silly:0.32375
stereotypes:0.3235
clones:0.31975
horrible:0.31725
bad science:0.31475
justice:0.313
bad script:0.3125
stupid:0.312
shallow:0.31125
good soundtrack:0.3105
good acting:0.3065
good action:0.3045
pornography:0.3045
clever:0.3045
twist:0.303
bad cgi:0.29275
identity:0.291
paranoid:0.291
no plot:0.2815
secret service:0.28125
destiny:0.28125
