drama:0.965
friendship:0.964
unlikely friendships:0.94825
obsession:0.948
great ending:0.934
war:0.9155
psychology:0.88025
original:0.8655
storytelling:0.852
psychological:0.8435
vietnam:0.83575
insanity:0.8275
dramatic:0.82675
great acting:0.807
mental hospital:0.801
reflective:0.799
mental illness:0.7965
melancholic:0.7865
character study:0.784
oscar (best directing):0.78075
mentor:0.78025
good soundtrack:0.77575
vietnam war:0.77525
childhood:0.77325
nudity (topless - brief):0.76475
powerful ending:0.76275
enigmatic:0.7565
story:0.75325
cinematography:0.75075
imdb top 250:0.74625
social commentary:0.732
narrated:0.72675
great:0.69575
dreams:0.69425
great movie:0.69275
intense:0.68525
allegory:0.6825
loneliness:0.6705
war movie:0.66725
hospital:0.664
coming of age:0.6635
idealism:0.65475
freedom:0.65025
depression:0.64475
thought-provoking:0.631
oscar (best actress):0.6305
interesting:0.62475
whimsical:0.61275
fighting the system:0.6035
quirky:0.603
culture clash:0.6025
exceptional acting:0.5935
visually appealing:0.59325
visual:0.59225
criterion:0.5875
suprisingly clever:0.58575
weird:0.58425
emotional:0.5825
forceful:0.582
cerebral:0.576
flashbacks:0.57325
dialogue:0.573
downbeat:0.57075
visually stunning:0.56775
good:0.5665
beautifully filmed:0.5665
excellent script:0.56225
realistic:0.56125
amazing photography:0.5585
harsh:0.556
guilt:0.5545
golden palm:0.55
poignant:0.5485
queer:0.5455
excellent:0.54425
adolescence:0.54075
photography:0.538
death:0.53775
depressing:0.5355
life & death:0.53475
complex:0.533
disturbing:0.5325
coming-of-age:0.531
touching:0.5305
atmospheric:0.528
destiny:0.52625
good acting:0.525
oscar (best cinematography):0.525
oscar (best foreign language film):0.52025
transformation:0.51825
clever:0.51825
runaway:0.50875
talky:0.50475
drinking:0.5045
grim:0.49975
bleak:0.49925
betrayal:0.4975
oscar (best supporting actor):0.4975
oscar (best supporting actress):0.49075
sad but good:0.4905
