original:0.70275
satirical:0.67625
fun movie:0.67225
predictable:0.66725
so bad it's funny:0.64975
satire:0.6195
parody:0.59675
comedy:0.57725
80s:0.55175
rock and roll:0.48875
1980s:0.48775
mentor:0.48375
romance:0.47125
bad plot:0.463
shallow:0.46
boring:0.4595
love:0.455
too long:0.438
dialogue:0.4365
bad cgi:0.4205
great ending:0.42
overrated:0.41225
mafia:0.4095
brutality:0.40225
catastrophe:0.4015
fun:0.39575
writers:0.391
first contact:0.3825
silly fun:0.35375
sexy:0.35375
cult film:0.34975
silly:0.34625
entirely dialogue:0.34275
good:0.34025
hilarious:0.33925
lone hero:0.337
great:0.3305
fantasy world:0.329
life philosophy:0.32475
slapstick:0.3245
goofy:0.31925
weapons:0.315
special effects:0.31475
teen movie:0.313
campy:0.302
adaptation:0.30025
adolescence:0.2965
pg-13:0.29625
cute:0.295
disaster:0.294
multiple storylines:0.291
runaway:0.29075
quirky:0.2875
fight scenes:0.285
culture clash:0.282
life & death:0.28175
road movie:0.28025
pointless:0.27525
destiny:0.27375
storytelling:0.27275
not funny:0.27275
original plot:0.26775
very funny:0.2665
redemption:0.25975
franchise:0.25975
grindhouse:0.2575
story:0.25475
humorous:0.254
zombie:0.25325
unfunny:0.2525
boring!:0.252
crude humor:0.24575
virus:0.2455
nudity (topless - notable):0.24375
drama:0.24275
splatter:0.2425
clever:0.24125
dreamlike:0.238
alternate reality:0.236
good soundtrack:0.23175
pulp:0.23125
surreal:0.231
dysfunctional family:0.23075
obsession:0.22925
death:0.22825
fantasy:0.22725
intense:0.227
pornography:0.226
big budget:0.225
adventure:0.223
sci fi:0.22275
queer:0.22
natural disaster:0.21875
happy ending:0.21525
god:0.21475
twists & turns:0.21425
family:0.20875
sports:0.20825
feel-good:0.20625
dinosaurs:0.20375
