original:0.823
twists & turns:0.75375
quirky:0.7375
good soundtrack:0.65
dark comedy:0.6415
sexualized violence:0.6355
violence:0.63525
violent:0.6325
brutality:0.61075
black comedy:0.604
road movie:0.59175
dialogue:0.587
goofy:0.57825
fight scenes:0.575
pornography:0.56975
great:0.5435
pointless:0.533
weird:0.532
very interesting:0.526
great ending:0.52275
entertaining:0.51375
runaway:0.51375
horrible:0.50975
bad ending:0.50225
sexy:0.501
grindhouse:0.50025
surreal:0.497
predictable:0.49225
romance:0.4885
intense:0.48325
mentor:0.4825
independent film:0.47475
brothers:0.47475
crime gone awry:0.46425
shallow:0.46125
gangsters:0.459
nudity (full frontal - brief):0.4405
nudity (full frontal - notable):0.43575
awesome soundtrack:0.434
catastrophe:0.43
destiny:0.42975
nudity (topless - notable):0.42975
great movie:0.41375
melancholic:0.413
minnesota:0.41175
las vegas:0.40575
love:0.401
entirely dialogue:0.401
cult film:0.394
harsh:0.37875
fun movie:0.378
murder:0.37325
original plot:0.3725
bad plot:0.372
so bad it's funny:0.36825
clever:0.36725
fighting:0.3645
visually stunning:0.364
dark hero:0.359
talky:0.356
gritty:0.35325
disaster:0.35225
family:0.34975
visually appealing:0.34925
stylized:0.34775
corruption:0.3455
good:0.34475
not funny:0.3445
awful:0.34375
nudity (topless):0.3415
plot twist:0.34025
very funny:0.34
distopia:0.33775
cool:0.33675
criterion:0.3365
drama:0.33275
male nudity:0.33225
gratuitous violence:0.32525
culture clash:0.32475
life philosophy:0.3245
dysfunctional family:0.323
special effects:0.3205
cerebral:0.317
interesting:0.3165
existentialism:0.3165
story:0.316
adaptation:0.315
sci fi:0.3145
complex:0.31225
redemption:0.311
storytelling:0.30925
vengeance:0.3065
cult classic:0.304
pulp:0.30125
california:0.30075
stylish:0.30075
relationships:0.299
pg-13:0.299
narrated:0.29875
twist:0.297
