future:0.978
futuristic:0.96925
complex:0.96525
storytelling:0.96075
visually appealing:0.957
post-apocalyptic:0.94825
dystopia:0.93325
visually stunning:0.90125
post apocalyptic:0.884
adapted from:book:0.87875
cerebral:0.86875
original:0.856
social commentary:0.8535
visual:0.85325
multiple storylines:0.85025
philosophical:0.8495
cinematography:0.82975
story:0.82125
based on a book:0.821
science fiction:0.82075
philosophy:0.812
destiny:0.81175
complicated:0.80775
sacrifice:0.80675
sci-fi:0.80425
non-linear:0.80275
interesting:0.7855
thought-provoking:0.785
intellectual:0.7805
existentialism:0.78025
epic:0.776
life & death:0.773
pretentious:0.77025
masterpiece:0.76825
technology:0.76775
clones:0.76225
sci fi:0.76
great acting:0.75825
rebellion:0.74875
amazing photography:0.7445
scifi:0.73825
greed:0.732
great ending:0.73125
special effects:0.72525
imagination:0.70025
slavery:0.69775
allegory:0.696
adaptation:0.68175
beautiful scenery:0.6755
plot holes:0.66875
catastrophe:0.6685
confusing:0.66475
drama:0.66175
enigmatic:0.65425
imdb top 250:0.653
stunning:0.6505
weird:0.65
solitude:0.6375
plot:0.63075
based on book:0.623
1930s:0.62275
big budget:0.61625
humanity:0.61125
life philosophy:0.6085
dialogue:0.60475
reflective:0.6035
apocalypse:0.60075
island:0.597
love:0.59675
distopia:0.5955
great cinematography:0.59475
first contact:0.594
revolution:0.5885
mindfuck:0.58575
love story:0.5825
creativity:0.58025
immortality:0.5775
slow paced:0.57475
good soundtrack:0.56825
fight scenes:0.56675
good acting:0.565
mentor:0.5645
clever:0.5595
beautifully filmed:0.55575
death:0.555
utopia:0.54925
justice:0.54525
nonlinear:0.5425
19th century:0.5375
dystopic future:0.5355
visuals:0.52925
cloning:0.52825
long:0.5265
parallel universe:0.5225
breathtaking:0.521
too long:0.51875
artistic:0.51825
intelligent:0.51075
unusual plot structure:0.509
good versus evil:0.5015
