horror:0.9965
original:0.95725
splatter:0.9395
social commentary:0.91325
gory:0.87925
weird:0.86675
suspense:0.856
gore:0.85475
cult classic:0.85225
sacrifice:0.84975
bloody:0.848
dark humor:0.84
satire:0.83125
parody:0.82925
plot twist:0.82275
monsters:0.81875
great ending:0.79075
original plot:0.77675
clever:0.7645
twists & turns:0.76275
firefly:0.75125
modern fantasy:0.735
dark:0.72475
creepy:0.7095
scary:0.709
violence:0.6975
twist:0.69525
monster:0.695
good soundtrack:0.6745
zombies:0.6715
tense:0.669
blood:0.666
fun movie:0.66475
mythology:0.65525
witty:0.652
dialogue:0.646
stereotypes:0.644
visceral:0.6345
fun:0.62325
apocalypse:0.621
surveillance:0.61075
violent:0.60275
pg-13:0.6015
twist ending:0.6
brutality:0.5995
satirical:0.5995
comedy:0.5815
torture:0.5725
dark comedy:0.5705
slasher:0.57025
demons:0.569
cult:0.5675
good acting:0.56175
zombie:0.5595
story:0.5585
werewolf:0.55275
atmospheric:0.548
entertaining:0.54675
conspiracy:0.5465
werewolves:0.53425
quotable:0.53275
good:0.5305
absurd:0.5295
humor:0.529
supernatural:0.5285
interesting:0.52625
cult film:0.525
survival:0.5135
bad ending:0.512
sarcasm:0.511
chase:0.51075
great acting:0.50675
suspenseful:0.506
cool:0.505
great:0.50125
funny:0.501
macabre:0.4985
humorous:0.49625
drinking:0.49175
ghosts:0.4915
grindhouse:0.4865
storytelling:0.48425
creativity:0.48425
good dialogue:0.48375
gratuitous violence:0.4825
family drama:0.48075
intense:0.48
death:0.48
goofy:0.48
stoner movie:0.474
excellent script:0.46925
idiotic:0.4665
great movie:0.466
imdb top 250:0.46575
dark hero:0.46525
scifi:0.46375
reality tv:0.461
weapons:0.46
spoof:0.453
black comedy:0.45275
