dog:0.95275
justice:0.9175
revenge:0.8355
mentor:0.82325
vengeance:0.8125
dogs:0.7475
original:0.7255
story:0.72025
secrets:0.72
corruption:0.70275
police investigation:0.69
redemption:0.678
storytelling:0.662
vigilante:0.6615
thriller:0.65925
betrayal:0.65725
great ending:0.60425
twist:0.59625
twists & turns:0.59025
hunting:0.587
great acting:0.584
tense:0.57775
brutality:0.57425
violent:0.56825
happy ending:0.55725
heartwarming:0.5555
manipulation:0.54625
dramatic:0.54175
adapted from:book:0.53975
emotional:0.53475
good:0.5305
life & death:0.5245
drama:0.51975
family:0.508
forceful:0.5035
small town:0.4955
lawyer:0.483
touching:0.48175
conspiracy:0.4795
chase:0.47825
good acting:0.47775
excellent:0.476
visual:0.46875
tragedy:0.46625
greed:0.46375
runaway:0.46275
cinematography:0.45875
aging:0.44325
destiny:0.44225
morality:0.436
feel-good:0.436
childhood:0.43575
catastrophe:0.431
violence:0.4305
excellent script:0.428
light:0.4255
character study:0.425
murder:0.425
clever:0.4125
life philosophy:0.40825
intense:0.4065
enigmatic:0.406
unusual plot structure:0.40425
great:0.40125
breathtaking:0.4005
adaptation:0.39525
beautiful scenery:0.39475
lawyers:0.39475
guilt:0.3855
predictable:0.37925
great movie:0.37775
dialogue:0.3685
vigilantism:0.367
social commentary:0.36525
not funny:0.36525
political corruption:0.36475
good soundtrack:0.36475
animals:0.35925
death:0.3545
children:0.35125
obsession:0.3485
moral ambiguity:0.34475
exceptional acting:0.3385
dysfunctional family:0.33775
meditative:0.33425
interesting:0.33325
suspense:0.33075
doctors:0.33025
hitman:0.32875
oscar (best directing):0.327
culture clash:0.32425
visually appealing:0.32275
classic car:0.3145
bad ending:0.31175
murder mystery:0.3095
bullying:0.3085
better than expected:0.306
nudity (full frontal - brief):0.30575
homeless:0.30525
investigation:0.30125
