almodovar:0.993
spanish:0.98925
sexual abuse:0.965
visually appealing:0.95825
enigmatic:0.921
obsession:0.90925
storytelling:0.86475
child abuse:0.8635
complex:0.857
sexuality:0.85525
homosexuality:0.855
queer:0.8545
weird:0.8475
spain:0.84125
sexual:0.809
melancholic:0.80775
twists & turns:0.80575
drama:0.801
male nudity:0.79625
reflective:0.796
colourful:0.795
transgender:0.79225
secrets:0.78925
sexy:0.78525
stylized:0.7835
good soundtrack:0.77
cinematography:0.768
art house:0.76525
glbt:0.763
catholicism:0.7375
original:0.72625
love:0.723
pornography:0.71425
gay:0.7125
intimate:0.70575
story:0.694
relationships:0.6905
complex characters:0.689
erotic:0.68175
cross dressing:0.67275
foreign:0.6695
loneliness:0.6635
childhood:0.6585
social commentary:0.6575
cerebral:0.6515
censorship:0.6435
manipulation:0.641
neo-noir:0.63175
vengeance:0.63
school:0.6275
moral ambiguity:0.62675
passionate:0.62025
golden palm:0.619
disturbing:0.61825
dark:0.6175
criterion:0.6115
stylish:0.6065
women:0.602
great acting:0.6015
very interesting:0.59875
narrated:0.59575
bleak:0.59475
visual:0.5925
runaway:0.5915
plot twist:0.58475
creativity:0.5825
clever:0.582
confusing:0.573
interesting:0.57275
unusual plot structure:0.57025
mentor:0.56625
betrayal:0.565
film noir:0.56225
life philosophy:0.55975
coming of age:0.55675
drug addiction:0.54525
existentialism:0.5445
independent film:0.54425
non-linear:0.54
visually stunning:0.536
dialogue:0.5355
drugs:0.535
identity:0.531
melancholy:0.5285
revenge:0.51825
sex:0.51675
teacher:0.513
art:0.511
dreamlike:0.508
plot:0.507
allegory:0.505
artistic:0.50225
controversial:0.49575
coming-of-age:0.4955
tragedy:0.49125
talky:0.49025
nocturnal:0.487
complicated:0.48525
imdb top 250:0.48525
redemption:0.48125
