sci fi:0.98575
mars:0.98125
scifi:0.979
science fiction:0.972
alien:0.97125
alien invasion:0.971
aliens:0.96825
sci-fi:0.95275
adapted from:book:0.94625
special effects:0.94425
futuristic:0.92875
classic:0.92825
weapons:0.9235
effects:0.85675
visual:0.8475
space:0.84725
technology:0.84275
space travel:0.831
first contact:0.819
original:0.819
based on a book:0.81125
end of the world:0.8085
imdb top 250:0.78525
story:0.76325
1950s:0.763
science:0.7585
good acting:0.752
paranoia:0.74075
alone in the world:0.73675
religion:0.72225
visually stunning:0.712
based on book:0.67175
great ending:0.658
allegory:0.65575
storytelling:0.646
ominous:0.64425
adaptation:0.64275
cerebral:0.641
forceful:0.64025
tense:0.63725
catastrophe:0.63325
visually appealing:0.6325
big budget:0.63225
suspense:0.63075
dialogue:0.62825
childhood:0.6265
paranoid:0.61825
dramatic:0.61575
imagination:0.611
alternate history:0.6035
great:0.601
greed:0.60075
apocalypse:0.59875
narrated:0.5825
christianity:0.58175
god:0.58125
oscar winner:0.58
good:0.57325
transformation:0.56875
bad science:0.56775
cold war:0.567
masterpiece:0.5665
clones:0.54925
great movie:0.54675
original plot:0.5405
survival:0.53575
breathtaking:0.534
great acting:0.52775
suprisingly clever:0.51825
suspenseful:0.518
spielberg:0.517
black and white:0.51625
best of 2005:0.51225
cinematography:0.5055
fantasy world:0.50475
monster:0.50325
humanity:0.49925
exciting:0.4965
natural disaster:0.49525
earnest:0.49225
stunning:0.49225
colourful:0.49125
beautiful scenery:0.4905
light:0.48375
talky:0.47575
sacrifice:0.47425
creativity:0.47425
nuclear bomb:0.47425
radio:0.47325
dynamic cgi action:0.47175
distopia:0.469
california:0.4665
chase:0.46475
oscar (best directing):0.4645
biblical:0.45425
destiny:0.454
christian:0.45175
adventure:0.4505
so bad it's funny:0.447
mentor:0.44425
