remake:0.98725
original:0.8415
sci fi:0.604
science fiction:0.55
catastrophe:0.5165
small town:0.51475
predictable:0.49725
sci-fi:0.4785
violence:0.47425
splatter:0.47225
horror:0.471
mentor:0.46125
cult film:0.45275
special effects:0.435
children:0.41575
great ending:0.41075
adaptation:0.4095
pointless:0.40375
scary:0.38525
not funny:0.38125
good:0.378
dialogue:0.3755
suspense:0.3675
death:0.36575
first contact:0.36325
women:0.35775
brutality:0.35775
horrible:0.3515
scifi:0.34425
so bad it's funny:0.343
bad plot:0.337
creepy:0.331
good soundtrack:0.3145
nudity (full frontal - brief):0.313
life philosophy:0.31125
twists & turns:0.31
goofy:0.30425
sequel:0.30375
storytelling:0.302
destiny:0.2995
unusual plot structure:0.29775
eerie:0.294
runaway:0.2925
story:0.292
betrayal:0.29175
transformation:0.29175
allegory:0.28925
end of the world:0.289
overrated:0.288
natural disaster:0.288
melancholic:0.2875
doctors:0.28475
nudity (topless - notable):0.28275
pornography:0.2805
survival:0.27925
camp:0.2775
crappy sequel:0.27375
remade:0.2705
disaster:0.27
weapons:0.26875
lone hero:0.26825
1960s:0.26575
fight scenes:0.2645
boring:0.2645
cinematography:0.26275
entirely dialogue:0.26025
cool:0.2585
great:0.25775
greed:0.25775
cerebral:0.25275
suprisingly clever:0.2525
paranoid:0.251
grindhouse:0.2485
dynamic cgi action:0.24675
classic car:0.2455
fantasy world:0.2455
gangsters:0.24525
vengeance:0.243
criterion:0.24225
bad ending:0.24175
stylized:0.24175
bad cgi:0.24075
halloween:0.23825
unfunny:0.237
police investigation:0.2365
classic:0.2355
childhood:0.23275
underrated:0.2325
cult classic:0.231
redemption:0.23
revenge:0.22925
mutants:0.22825
atmospheric:0.22725
alien:0.227
visually appealing:0.22575
existentialism:0.2245
life & death:0.22425
very funny:0.2225
teens:0.2215
creativity:0.21875
