bleak:0.96225
loneliness:0.9355
depression:0.902
working class:0.89225
depressing:0.89025
poverty:0.87975
golden palm:0.876
criterion:0.8705
grim:0.86575
adolescence:0.8255
childhood:0.79475
drinking:0.77875
allegory:0.7755
unlikely friendships:0.7745
indie:0.77075
poland:0.764
oscar (best foreign language film):0.7495
harsh:0.7185
friendship:0.7185
downbeat:0.71425
art house:0.7025
intimate:0.671
original:0.66975
horses:0.664
existentialism:0.657
movielens top pick:0.64675
social commentary:0.6315
environment:0.6235
solitude:0.6215
england:0.617
gritty:0.61625
melancholic:0.61525
affectionate:0.5955
independent film:0.576
death:0.5735
quotable:0.5715
enigmatic:0.5715
mentor:0.56775
crime gone awry:0.5665
brutality:0.56125
breathtaking:0.55975
british:0.5545
oscar:0.551
cinematography:0.54575
hotel:0.54375
character study:0.54325
dysfunctional family:0.541
greed:0.5355
school:0.5325
honest:0.5275
heartbreaking:0.527
directorial debut:0.51525
drama:0.50725
culture clash:0.50675
reflective:0.5035
tragedy:0.50325
stoner movie:0.50175
sacrifice:0.49975
runaway:0.496
bullying:0.48625
sad:0.48525
realistic:0.479
immigrants:0.4785
creativity:0.476
paranoid:0.47275
claustrophobic:0.4665
storytelling:0.46575
atmospheric:0.45825
drugs:0.4575
coming-of-age:0.456
melancholy:0.45025
weird:0.44825
suprisingly clever:0.44725
suburbia:0.44225
redemption:0.44025
artistic:0.43575
forceful:0.43375
dramatic:0.4335
narrated:0.43325
coming of age:0.4305
biting:0.42775
nerds:0.426
male nudity:0.4245
catastrophe:0.4185
cult classic:0.414
capitalism:0.413
transformation:0.4125
alone in the world:0.412
visceral:0.41
segregation:0.40525
very interesting:0.403
weed:0.40275
grindhouse:0.40125
gangsters:0.401
classic car:0.39775
innocence lost:0.3975
good soundtrack:0.39375
disturbing:0.3935
great ending:0.389
underrated:0.38725
