noir thriller:0.942
political corruption:0.90775
crime:0.89425
corruption:0.89375
based on true story:0.88075
police corruption:0.87325
investigation:0.8595
murder:0.8365
justice:0.8305
original:0.82275
dramatic:0.821
drinking:0.8075
based on a true story:0.798
noir:0.78025
1930s:0.7645
film noir:0.76425
guilt:0.754
very interesting:0.74225
true story:0.73525
story:0.724
suspense:0.717
runaway:0.7025
lawyers:0.70175
greed:0.69725
oscar (best actress):0.69675
unusual plot structure:0.6895
police investigation:0.68475
criterion:0.6795
great ending:0.66925
factual:0.66675
journalism:0.66475
tricky:0.6585
murder mystery:0.6585
pornography:0.65675
cerebral:0.65575
narrated:0.65325
gangsters:0.653
courtroom:0.6525
complicated:0.6445
interesting:0.6435
tense:0.641
chicago:0.639
oscar (best supporting actress):0.6325
technology:0.62475
mentor:0.6215
lawyer:0.621
drama:0.6185
melancholic:0.61025
cinematography:0.6035
prohibition:0.59725
great:0.59125
depression:0.5825
secrets:0.57725
idealism:0.57525
brutality:0.57125
gritty:0.56325
betrayal:0.5625
prison:0.561
culture clash:0.56075
complex:0.5465
small town:0.54125
storytelling:0.531
black and white:0.52525
stylized:0.5245
survival:0.5175
talky:0.514
suprisingly clever:0.5135
distopia:0.513
good:0.51075
documentary:0.51025
moody:0.499
nudity (full frontal - brief):0.49875
light:0.49725
cynical:0.49625
biography:0.49
visual:0.4895
period piece:0.483
world politics:0.48225
atmospheric:0.47425
catastrophe:0.47225
transformation:0.4715
moral ambiguity:0.468
alternate endings:0.4665
passionate:0.45475
classic:0.4545
capitalism:0.45375
harsh:0.44925
censorship:0.4485
costume drama:0.444
enigmatic:0.44025
oscar (best directing):0.44
reflective:0.43625
photography:0.43225
oscar winner:0.4315
identity:0.4285
pg-13:0.42725
earnest:0.424
race:0.41825
underrated:0.417
visually appealing:0.413
