werewolves:0.9955
werewolf:0.98
sequel:0.948
sequels:0.89175
crappy sequel:0.87925
special effects:0.86375
nudity (topless - notable):0.80325
original:0.8
good sequel:0.78925
bad cgi:0.74325
goofy:0.6975
london:0.697
horror:0.669
fun movie:0.60325
lame:0.59525
bad plot:0.59525
good:0.5725
dynamic cgi action:0.572
predictable:0.56775
horrible:0.51225
silly:0.508
splatter:0.50525
so bad it's funny:0.504
computer animation:0.50275
remake:0.46375
great ending:0.4585
scary:0.4545
humorous:0.4535
catastrophe:0.4495
fight scenes:0.44625
mentor:0.4375
dialogue:0.42825
pg-13:0.416
effects:0.415
big budget:0.412
violence:0.41
life philosophy:0.40975
comedy:0.4045
chase:0.39675
sexy:0.39575
pointless:0.395
not as good as the first:0.3865
awful:0.381
transformation:0.3805
teen movie:0.376
overrated:0.3675
action:0.36725
death:0.367
suspense:0.3665
stereotypes:0.36575
cgi:0.36075
fun:0.35125
adventure:0.3505
technology:0.3465
fantasy world:0.34625
destiny:0.3415
entertaining:0.334
paris:0.33325
campy:0.33325
franchise:0.33075
prequel:0.3305
cool:0.33
story:0.32675
nudity (full frontal - brief):0.3255
notable nudity:0.32425
very funny:0.322
satirical:0.32075
writers:0.3205
first contact:0.31975
unfunny:0.3175
natural disaster:0.31425
camp:0.309
sci fi:0.30875
teen:0.30525
not funny:0.305
pornography:0.3
teens:0.2955
mythology:0.29475
lone hero:0.29375
slapstick:0.292
adaptation:0.292
stupid as hell:0.29075
bad acting:0.2875
vengeance:0.28125
entirely dialogue:0.28
romance:0.27875
mad scientist:0.27625
storytelling:0.27525
stylized:0.272
suicide:0.267
zombie:0.26625
brutality:0.266
silly fun:0.266
happy ending:0.264
imdb top 250:0.26
crude humor:0.259
runaway:0.258
bad ending:0.25775
bad:0.25725
secrets:0.25175
