original:0.8325
70mm:0.70875
good:0.6745
pg-13:0.62625
mentor:0.62625
destiny:0.6075
sentimental:0.6
1970s:0.59875
remake:0.59325
great ending:0.574
life philosophy:0.553
love:0.54
intense:0.53275
pornography:0.53225
underrated:0.53
justice:0.5135
dialogue:0.50225
family:0.4965
predictable:0.496
revenge:0.48575
oscar:0.483
catastrophe:0.4745
storytelling:0.47075
happy ending:0.4675
teen movie:0.45
boxing:0.44375
good action:0.44075
vengeance:0.43375
franchise:0.4285
good soundtrack:0.42125
life & death:0.42
original plot:0.41725
lone hero:0.417
underdog:0.412
culture clash:0.40475
shallow:0.4035
story:0.3935
oscar (best directing):0.3915
chase:0.38975
natural disaster:0.3845
childhood:0.377
excellent script:0.37375
teen:0.373
brutality:0.37025
immortality:0.367
drama:0.366
nostalgic:0.363
80s:0.3585
not funny:0.35825
dark hero:0.358
bittersweet:0.35225
girlie movie:0.352
runaway:0.3515
fun:0.35075
horses:0.3475
adaptation:0.342
death:0.3385
dysfunctional family:0.33825
greed:0.338
fun movie:0.337
family drama:0.33525
great acting:0.33475
redemption:0.333
imdb top 250:0.332
doctors:0.323
oscar winner:0.322
unusual plot structure:0.32175
sexy:0.31975
narrated:0.31825
special effects:0.3175
bad ending:0.31675
overrated:0.31625
nudity (full frontal - brief):0.3155
plot:0.3125
clever:0.312
adventure:0.31125
twists & turns:0.3095
stereotypes:0.306
fighting:0.30525
interesting:0.30475
action packed:0.30175
police investigation:0.298
unfunny:0.2965
visually appealing:0.2965
sacrifice:0.29475
fantasy world:0.2935
relationships:0.29325
great:0.29275
visually stunning:0.292
classic car:0.2895
earnest:0.289
feel-good:0.289
weapons:0.285
very good:0.28325
very funny:0.28275
fantasy:0.28175
idiotic:0.2805
silly fun:0.279
stylized:0.27825
fight scenes:0.2765
