ireland:0.969
irish accent:0.94575
irish:0.913
history:0.889
violent:0.8515
visceral:0.8405
violence:0.83175
realistic:0.82625
civil war:0.82325
original:0.81975
forceful:0.81875
factual:0.81725
politics:0.7925
british:0.78075
tragedy:0.7805
documentary:0.77425
dramatic:0.74675
corruption:0.725
tense:0.71675
historical:0.715
intimate:0.71375
gritty:0.709
military:0.7075
us history:0.70625
bloody:0.7055
intense:0.7045
political:0.70325
drama:0.69775
interesting:0.69725
weapons:0.66625
confrontational:0.666
harsh:0.6605
brutality:0.6455
criterion:0.64325
social commentary:0.63825
narrated:0.637
guilt:0.6325
oscar (best directing):0.63025
dialogue:0.6295
complex:0.62675
light:0.62075
england:0.60625
runaway:0.5905
secrets:0.59025
murder:0.59025
good soundtrack:0.58575
talky:0.575
manipulation:0.573
assassination:0.565
honest:0.56225
cinematography:0.55425
terrorism:0.547
police investigation:0.545
atmospheric:0.52825
vengeance:0.527
imdb top 250:0.52325
culture clash:0.522
bleak:0.518
hard to watch:0.51725
great ending:0.5135
death:0.51325
pornography:0.5125
propaganda:0.50525
multiple storylines:0.5025
obsession:0.5025
controversial:0.50075
sexualized violence:0.4975
adapted from:book:0.49325
catastrophe:0.4845
justice:0.4845
greed:0.47875
complicated:0.47475
california:0.47375
grim:0.4725
good:0.47075
psychological:0.46725
stylized:0.463
conspiracy:0.463
chase:0.46225
suspense:0.4575
clever:0.457
very interesting:0.45625
drinking:0.456
rebellion:0.45325
passionate:0.4525
excellent:0.4505
israel:0.4475
ethnic conflict:0.441
heartbreaking:0.4405
witty:0.44025
storytelling:0.43875
moral ambiguity:0.4385
oscar (best actress):0.43625
disturbing:0.4335
enigmatic:0.43125
dark:0.43075
1970s:0.4305
black and white:0.42325
investigation:0.4225
great:0.4215
