romantic comedy:0.9455
chick flick:0.86275
gay:0.85525
queer:0.84675
glbt:0.78075
teen movie:0.7715
cute!:0.755
relationships:0.743
cute:0.7245
romantic:0.72275
stereotypes:0.70525
original:0.686
lesbian:0.6825
bad acting:0.68075
romance:0.662
shallow:0.6615
dialogue:0.65425
gay character:0.64325
nudity (topless - notable):0.63525
predictable:0.61825
light:0.6175
quirky:0.57175
feel-good:0.564
comedy:0.534
sexy:0.53375
homophobia:0.5315
plot:0.52575
homosexuality:0.51675
pg-13:0.5165
family:0.5135
life philosophy:0.51325
writers:0.505
destiny:0.496
women:0.4905
fantasy world:0.4885
parallel universe:0.4875
girlie movie:0.47175
story:0.4675
screwball comedy:0.4535
script:0.44775
pornography:0.4405
sweet:0.43875
marriage:0.4375
fashion:0.43725
silly:0.4295
nudity (topless):0.41825
culture clash:0.41675
mentor:0.41675
great:0.406
horrible:0.4025
catastrophe:0.3995
funny:0.3945
great ending:0.3915
crude humor:0.39
fantasy:0.38875
san francisco:0.386
dysfunctional family:0.382
storytelling:0.35975
unfunny:0.3595
silly fun:0.35575
notable nudity:0.3545
bad script:0.35025
comic:0.34975
shopping:0.34725
dog:0.346
lame:0.34425
fight scenes:0.3435
sisters:0.34325
feel good movie:0.3405
so bad it's funny:0.3375
passionate:0.3365
awesome soundtrack:0.3285
better than expected:0.328
screwball:0.3245
transformation:0.324
bad plot:0.32375
too short:0.32125
underrated:0.32025
bad:0.31525
adaptation:0.313
erotic:0.30975
teen:0.30925
ridiculous:0.30775
fairy tale:0.30725
identity:0.3055
love story:0.30475
not funny:0.30325
pointless:0.30175
absurd:0.301
bdsm:0.2995
camp:0.2955
first contact:0.29525
entirely dialogue:0.29475
very funny:0.294
great cinematography:0.294
fun movie:0.29375
redemption:0.292
good soundtrack:0.28975
overrated:0.289
drinking:0.28825
