vampires:0.99725
vampire:0.99575
splatter:0.94775
horror:0.93025
cult classic:0.92125
strippers:0.90425
camp:0.879
80s:0.87275
nocturnal:0.8655
blood:0.773
original:0.75825
cult film:0.7525
1980s:0.72075
demons:0.69925
stylish:0.6925
supernatural:0.685
fun movie:0.6805
comedy:0.67575
nostalgic:0.67
quotable:0.61325
harsh:0.59475
sexualized violence:0.58275
low budget:0.58125
macabre:0.56525
campy:0.5605
cool:0.56
weird:0.54925
teen movie:0.54725
dark humor:0.53725
goofy:0.53375
great ending:0.52525
nudity (full frontal - notable):0.5215
scary:0.51825
teen:0.518
lone hero:0.514
stylized:0.512
creepy:0.50725
monster:0.5055
sexy:0.50125
cult:0.49925
predictable:0.49825
mentor:0.4975
brutality:0.4955
so bad it's funny:0.4945
adaptation:0.4935
teens:0.4855
dark hero:0.48525
fun:0.4815
monsters:0.4785
surreal:0.477
bloody:0.47525
mad scientist:0.467
quirky:0.465
finnish:0.4635
futuristic:0.4415
fight scenes:0.4405
suspense:0.4285
goth:0.4225
violence:0.4225
light:0.4215
transformation:0.4155
nudity (topless - notable):0.4125
dreamlike:0.4055
great:0.4025
buddy movie:0.40175
fantasy world:0.399
dialogue:0.3945
special effects:0.3905
good soundtrack:0.389
unlikely friendships:0.384
catastrophe:0.38275
gory:0.38
survival:0.37975
zombie:0.37675
not funny:0.3705
storytelling:0.36625
los angeles:0.3635
silly fun:0.361
bad plot:0.36
cheesy:0.3585
melancholic:0.34975
friendship:0.349
nudity:0.3445
justice:0.33375
humorous:0.33275
notable nudity:0.33175
good dialogue:0.3255
college:0.3235
gruesome:0.31675
vengeance:0.31475
overrated:0.3135
nerds:0.31325
parody:0.3125
family:0.31225
sci fi:0.3095
redemption:0.30925
silly:0.3025
stereotypes:0.302
dumb but funny:0.302
atmospheric:0.3005
