teen movie:0.991
high school:0.98675
teen:0.9865
80s:0.9695
geeks:0.95975
teens:0.90325
comedy:0.87
1980s:0.85375
bullying:0.79375
teenager:0.79325
geek:0.786
virginity:0.7825
adolescence:0.72775
girlie movie:0.72675
nudity (topless - notable):0.72025
nerds:0.717
good soundtrack:0.71175
teenagers:0.698
school:0.68025
teacher:0.6485
original:0.642
pg-13:0.62275
mentor:0.61275
coming-of-age:0.5945
cheerleading:0.58175
fun movie:0.58025
buddy movie:0.571
silly fun:0.56225
queer:0.522
alternate reality:0.521
pornography:0.51975
stereotypes:0.51425
notable nudity:0.4995
coming of age:0.4975
so bad it's funny:0.47725
catastrophe:0.462
fight scenes:0.4555
predictable:0.435
runaway:0.4275
cool:0.4275
very funny:0.4275
funny:0.41275
childhood:0.411
sexy:0.408
underrated:0.4045
great ending:0.4015
women:0.40025
visually stunning:0.39725
nudity (topless):0.39325
fun:0.38075
dialogue:0.37475
unlikely friendships:0.368
nostalgia:0.357
awesome soundtrack:0.351
fantasy world:0.35025
shallow:0.34675
friendship:0.34525
life philosophy:0.33825
culture clash:0.3365
first contact:0.33475
lone hero:0.33175
good:0.32575
good action:0.323
classic car:0.32125
cute:0.3175
goofy:0.31675
journalism:0.3155
destiny:0.31225
camp:0.30525
beer:0.30275
overrated:0.299
story:0.29675
amy smart:0.29575
dumb but funny:0.29525
great:0.292
transformation:0.29125
adaptation:0.29
storytelling:0.286
new jersey:0.28
not funny:0.27825
fashion:0.277
cute!:0.276
chick flick:0.2685
nudity (full frontal - brief):0.2665
crude humor:0.266
feel-good:0.25625
homeless:0.25325
unfunny:0.2525
erotic:0.2515
entirely dialogue:0.24275
unusual plot structure:0.2425
humorous:0.2415
bad plot:0.24075
adventure:0.2405
identity:0.24025
drinking:0.23975
happy ending:0.23925
shopping:0.23875
california:0.2385
quotable:0.238
