sentimental:0.956
mentor:0.95225
feel-good:0.927
inspiring:0.89675
coming of age:0.8925
feel good movie:0.884
touching:0.877
fighting the system:0.87625
good soundtrack:0.87325
terminal illness:0.861
coming-of-age:0.84925
childhood:0.82525
pg-13:0.8085
boston:0.80225
bittersweet:0.783
storytelling:0.772
inspirational:0.76875
adolescence:0.7615
destiny:0.7595
hospital:0.75225
compassionate:0.74875
earnest:0.72575
foul language:0.72475
original:0.7225
story:0.719
friendship:0.715
unlikely friendships:0.70825
beautifully filmed:0.7075
tear jerker:0.7005
good:0.7
emotional:0.699
courage:0.69775
nostalgic:0.675
sappy:0.671
great ending:0.6685
unrealistic:0.6645
solitude:0.6505
cancer:0.647
great acting:0.64375
redemption:0.6355
girlie movie:0.63525
life & death:0.63475
bullying:0.632
sacrifice:0.6195
school:0.6115
teen movie:0.60975
dramatic:0.60525
oscar (best foreign language film):0.60225
visually stunning:0.5995
poignant:0.5975
drinking:0.58925
teen:0.58625
comedy:0.56925
drama:0.5605
humorous:0.55725
original plot:0.557
dreams:0.54525
corny:0.5445
fight scenes:0.54325
catastrophe:0.5415
based on true story:0.54075
sports:0.54075
teenager:0.535
fantasy world:0.53375
nudity (topless - notable):0.5275
excellent:0.5235
culture clash:0.52
runaway:0.5195
heartwarming:0.51075
depression:0.50575
existentialism:0.49425
reflective:0.4915
suprisingly clever:0.4885
good acting:0.483
family:0.4815
great:0.48
realistic:0.475
children:0.475
transformation:0.466
life:0.463
death:0.4615
oscar (best directing):0.45925
spying:0.45625
sweet:0.45625
underdog:0.45575
prejudice:0.45475
excellent script:0.45325
simple:0.449
cinematography:0.44775
religion:0.4465
dialogue:0.43975
oscar:0.4395
beautiful:0.43725
happy ending:0.437
creativity:0.43675
sad but good:0.4295
life philosophy:0.41925
light:0.417
1950s:0.4145
harsh:0.414
