biopic:0.99475
biographical:0.98775
musicians:0.97125
biography:0.9545
oscar (best actress):0.9535
drug addiction:0.9435
great acting:0.9355
drug abuse:0.93
oscar (best directing):0.9285
music:0.927
imdb top 250:0.92625
rock and roll:0.907
great music:0.89525
oscar (best actor):0.88075
music business:0.8805
bittersweet:0.8695
rags to riches:0.86025
oscar:0.86
good soundtrack:0.85675
love:0.852
dramatic:0.83625
good music:0.83625
great movie:0.8275
love story:0.81075
original:0.8095
best of 2005:0.8085
good:0.80075
touching:0.79925
true story:0.79625
redemption:0.796
mentor:0.78825
good acting:0.787
storytelling:0.778
oscar winner:0.7725
drugs:0.77125
excellent script:0.7595
based on a true story:0.758
oscar (best picture):0.75225
great:0.74525
pg-13:0.743
life:0.74
addiction:0.73675
drinking:0.729
musical:0.71425
story:0.712
intense:0.6925
artistic:0.68625
great ending:0.68575
excellent:0.679
interesting:0.67275
based on true story:0.6625
life & death:0.66125
honest:0.66
oscar (best supporting actress):0.65875
exceptional acting:0.6585
destiny:0.64375
drama:0.6405
runaway:0.634
emotional:0.62625
feel-good:0.6245
childhood:0.61725
earnest:0.61575
road movie:0.609
inspiring:0.599
oscar (best supporting actor):0.5955
tragedy:0.5855
very good:0.5805
feel good movie:0.57875
talky:0.563
great soundtrack:0.56075
cinematography:0.5565
friendship:0.554
narrated:0.553
creativity:0.5435
death:0.54025
based on book:0.53625
sentimental:0.5325
poignant:0.52825
harsh:0.528
transformation:0.526
highly quotable:0.5245
heartwarming:0.5215
depression:0.52
realistic:0.517
heartbreaking:0.51675
amazing cinematography:0.51475
dialogue:0.5135
nostalgic:0.51175
passionate:0.51125
prison:0.50825
inspirational:0.5035
family:0.50275
unlikely friendships:0.5025
corruption:0.5015
social commentary:0.50025
parenthood:0.497
affectionate:0.4945
clever:0.4915
justice:0.486
culture clash:0.48125
