biblical:0.98775
god:0.8785
animals:0.7975
based on a book:0.7675
sacrifice:0.752
original:0.6935
adaptation:0.63775
adventure:0.558
series:0.54175
dinosaurs:0.54075
male nudity:0.5375
greed:0.534
story:0.53325
mentor:0.51375
family:0.5085
catastrophe:0.49225
egypt:0.48675
great ending:0.44275
creativity:0.44
desert:0.42725
predictable:0.423
plot holes:0.40375
christian:0.401
family drama:0.3885
light:0.37975
animation:0.3785
destiny:0.366
books:0.36575
dialogue:0.3625
first contact:0.359
passionate:0.35575
children:0.35375
snakes:0.35
distopia:0.35
narrated:0.348
great:0.348
political corruption:0.345
fantasy world:0.343
not funny:0.342
bad:0.34
storytelling:0.33025
israel:0.3275
book was better:0.3265
visual:0.3225
talking animals:0.322
bad plot:0.32
multiple storylines:0.3185
sci fi:0.31475
murder:0.3125
boring:0.31225
christianity:0.30175
natural disaster:0.29775
good soundtrack:0.29525
religion:0.2945
unusual plot structure:0.29325
mythology:0.28625
good versus evil:0.27825
fun:0.27625
redemption:0.27625
visually stunning:0.275
overrated:0.26975
racing:0.26925
fight scenes:0.269
good action:0.26675
childhood:0.2635
vengeance:0.25975
beautiful scenery:0.2585
quirky:0.25475
fun movie:0.253
made for tv:0.2505
drama:0.25025
special:0.24825
lone hero:0.24675
boring!:0.24525
pulp:0.24475
chase:0.244
too long:0.239
island:0.2385
jesus:0.23525
special effects:0.23325
action packed:0.232
spelling bee:0.232
surreal:0.2315
complex:0.23025
slapstick:0.2295
indians:0.2225
crappy sequel:0.21875
brutality:0.217
space opera:0.215
based on book:0.21475
pg-13:0.21275
entirely dialogue:0.212
nuclear bomb:0.21125
inspirational:0.20875
unfunny:0.208
good:0.20725
life & death:0.20575
disaster:0.20575
big budget:0.205
franchise:0.203
