london:0.94675
surveillance:0.87875
spying:0.812
spy:0.79625
based on a book:0.79575
secrets:0.778
adaptation:0.696
great ending:0.681
1930s:0.675
cerebral:0.66775
costume drama:0.66275
original:0.64225
spies:0.6285
british:0.6195
betrayal:0.6055
19th century:0.5935
very interesting:0.58325
pornography:0.5385
conspiracy:0.53025
brainwashing:0.49325
political:0.49075
obsession:0.46675
non-hollywood ending:0.451
england:0.447
life philosophy:0.44025
good:0.43775
politics:0.42875
catastrophe:0.42825
happy ending:0.418
hitchcock:0.4165
interesting:0.401
psychological:0.39925
books:0.399
downbeat:0.38825
dialogue:0.383
story:0.37975
absurd:0.378
fantasy world:0.377
mentor:0.37575
visually appealing:0.374
murder mystery:0.374
adapted from:book:0.37375
distopia:0.36875
scotland:0.36825
not funny:0.36625
greed:0.35825
criterion:0.35275
cold war:0.35175
russian:0.35
writers:0.34625
light:0.3305
good soundtrack:0.32875
intimate:0.323
beautiful scenery:0.31875
twists & turns:0.3185
parallel universe:0.3185
melancholic:0.31575
unlikeable characters:0.301
god:0.30025
runaway:0.29925
terrorism:0.29775
nudity (full frontal - brief):0.2915
alternate endings:0.291
talky:0.29075
corruption:0.2885
weird:0.2875
007:0.28575
beautifully filmed:0.28575
psychiatry:0.2855
cinematography:0.28475
intellectual:0.2845
brutality:0.2805
great:0.2795
bad plot:0.2785
police investigation:0.27725
entirely dialogue:0.277
clever:0.27675
complex:0.2765
crime gone awry:0.2755
unfunny:0.27425
british comedy:0.27425
enigmatic:0.27325
suprisingly clever:0.27175
vengeance:0.2705
russia:0.26825
technology:0.26575
lone hero:0.25875
dramatic:0.25825
internet:0.258
period piece:0.25775
culture clash:0.25775
good acting:0.25575
18th century:0.25375
reflective:0.25325
harsh:0.24925
thriller:0.2475
destiny:0.24575
atmospheric:0.24525
colourful:0.24475
identity:0.24375
