weird:0.94225
lynch:0.93025
enigmatic:0.9065
art house:0.847
surreal:0.83375
pretentious:0.798
original:0.7185
insanity:0.64975
strange:0.6355
criterion:0.6175
surrealism:0.60325
pointless:0.60275
cerebral:0.5555
quirky:0.527
artsy:0.50925
runaway:0.5065
bizarre:0.506
meditative:0.49775
disturbing:0.4975
storytelling:0.4925
dreamlike:0.4885
brutality:0.45675
obsession:0.44825
nudity (full frontal - notable):0.447
new orleans:0.4205
hallucinatory:0.417
crime gone awry:0.41525
melancholic:0.41225
greed:0.405
catastrophe:0.401
existentialism:0.39225
mentor:0.384
unusual plot structure:0.382
nudity (full frontal):0.366
dysfunctional family:0.3505
psychological:0.34925
entirely dialogue:0.3385
dialogue:0.33825
cinematography:0.33
dreams:0.3265
suburbia:0.319
complex:0.31725
absurd:0.3165
god:0.3145
good soundtrack:0.31425
hotel:0.3125
great ending:0.3085
pornography:0.30025
exceptional acting:0.29425
art:0.29375
not funny:0.29325
grindhouse:0.2925
crazy:0.289
first contact:0.28025
suprisingly clever:0.279
black comedy:0.27525
artistic:0.275
off-beat comedy:0.26475
stoner movie:0.2555
overrated:0.25525
visually appealing:0.25
depression:0.24725
adaptation:0.247
stylized:0.2455
multiple storylines:0.24425
life philosophy:0.241
nonlinear:0.23775
character study:0.2345
paranoid:0.23275
memory:0.232
gangsters:0.232
classic car:0.2315
intellectual:0.22975
schizophrenia:0.22625
paranoia:0.224
eccentricity:0.224
masterpiece:0.22325
cult film:0.2215
bad plot:0.2215
golden palm:0.21875
erotic:0.2155
women:0.2125
inspirational:0.211
culture clash:0.20975
breathtaking:0.2095
life & death:0.209
atmospheric:0.20875
talky:0.20825
very interesting:0.208
mindfuck:0.20525
so bad it's funny:0.20475
loneliness:0.2045
boring:0.202
cult classic:0.20025
satirical:0.19675
visual:0.1965
visually stunning:0.195
based on true story:0.182
no dialogue:0.18125
slapstick:0.181
