holiday:0.845
comedy:0.7385
original:0.67825
based on a tv show:0.6595
dumb but funny:0.6535
hilarious:0.5875
slapstick:0.52925
silly fun:0.51275
very funny:0.50975
catastrophe:0.49825
crude humor:0.4955
funny as hell:0.49225
funny:0.47075
predictable:0.44825
disaster:0.4345
parody:0.426
creativity:0.423
idiotic:0.4145
silly:0.41175
mentor:0.397
goofy:0.3945
melancholic:0.39425
feel-good:0.37475
great ending:0.36975
dialogue:0.369
series:0.358
runaway:0.33725
fun movie:0.33675
humorous:0.33625
life philosophy:0.3335
great:0.33075
adventure:0.32675
feel good movie:0.321
storytelling:0.32025
family:0.317
stupid:0.3145
fantasy world:0.31
stupidity:0.30775
unfunny:0.3045
destiny:0.3045
first contact:0.297
vengeance:0.29125
adaptation:0.28225
farce:0.2765
good:0.2725
entirely dialogue:0.26975
franchise:0.26575
absurd:0.261
british comedy:0.2605
brutality:0.26025
good soundtrack:0.25875
chase:0.25675
pg-13:0.2495
so bad it's funny:0.24825
culture clash:0.23725
weird:0.2365
natural disaster:0.23575
shallow:0.23175
happy ending:0.2275
fun:0.22725
bad plot:0.225
quirky:0.2235
pornography:0.2235
british:0.221
overrated:0.22075
adapted from:book:0.21625
clever:0.21625
boring:0.215
gangsters:0.21475
road movie:0.21325
cute:0.21275
teen movie:0.212
lone hero:0.2115
fight scenes:0.2105
spoof:0.209
redemption:0.2055
funniest movies:0.20275
humor:0.19825
whimsical:0.1965
london:0.1925
visual:0.1925
better than expected:0.18925
suprisingly clever:0.18825
criterion:0.188
nostalgic:0.18775
sentimental:0.18475
pointless:0.18375
story:0.18375
inspirational:0.1825
police investigation:0.1805
art:0.17925
simple:0.17925
greed:0.17725
mad scientist:0.1765
reality tv:0.17475
unlikely friendships:0.1685
life & death:0.16775
justice:0.1675
entertaining:0.16425
unusual plot structure:0.16275
