character study:0.86875
nudity (topless - notable):0.857
con artists:0.8075
dreams:0.79375
wistful:0.7735
loneliness:0.753
mob:0.73525
drugs:0.73125
oscar (best actress):0.72
great acting:0.7005
gangsters:0.69625
gangster:0.69
oscar (best directing):0.68525
redemption:0.6845
crime gone awry:0.674
criterion:0.67025
downbeat:0.66775
great ending:0.66125
drama:0.66
oscar (best supporting actress):0.659
original:0.6575
organized crime:0.65325
great:0.652
melancholy:0.65075
affectionate:0.64675
melancholic:0.6425
casino:0.64075
talky:0.63875
imdb top 250:0.63825
golden palm:0.6355
compassionate:0.629
aging:0.62525
greed:0.6205
mafia:0.6185
gritty:0.618
mentor:0.61025
betrayal:0.60425
complex:0.5985
depression:0.5985
enigmatic:0.591
bittersweet:0.585
runaway:0.581
hotel:0.56975
oscar (best actor):0.56925
good soundtrack:0.564
great movie:0.563
life philosophy:0.5585
witty:0.55525
bleak:0.55175
suprisingly clever:0.5505
drinking:0.55
dialogue:0.546
crime:0.541
reflective:0.53925
new jersey:0.5285
small town:0.52425
relationships:0.524
cult classic:0.52225
depressing:0.52025
las vegas:0.5195
atmospheric:0.5155
social commentary:0.51225
cinematography:0.509
transformation:0.49725
corruption:0.49675
catastrophe:0.48475
gunfight:0.47125
erotic:0.466
harsh:0.465
complex characters:0.4615
intimate:0.4585
life & death:0.4485
nudity (full frontal - notable):0.448
cerebral:0.44775
culture clash:0.44
dramatic:0.4345
twists & turns:0.4345
sexy:0.4325
murder:0.43
oscar:0.42925
nudity (full frontal - brief):0.4275
stylized:0.4275
oscar (best supporting actor):0.427
good acting:0.4265
gambling:0.42525
passionate:0.42425
interesting:0.41475
understated:0.41125
california:0.40775
unusual plot structure:0.3955
1970s:0.3935
quirky:0.38975
fighting the system:0.3835
story:0.383
honest:0.38275
anti-hero:0.37475
mental illness:0.374
exceptional acting:0.37075
visually appealing:0.37
excellent:0.3675
