tense:0.99175
chase:0.97975
spielberg:0.9615
suspenseful:0.95875
suspense:0.9295
road movie:0.914
cars:0.91125
imdb top 250:0.88475
original:0.865
storytelling:0.85475
intense:0.83975
masterpiece:0.80925
great ending:0.804
criterion:0.783
desert:0.78225
paranoia:0.78125
paranoid:0.7605
ominous:0.752
claustrophobic:0.74225
psychological:0.73925
cerebral:0.7305
man versus machine:0.73025
cinematography:0.7215
visceral:0.71725
thriller:0.71625
dialogue:0.705
interesting:0.694
enigmatic:0.6845
visual:0.68325
directorial debut:0.67525
complex:0.6685
great movie:0.66525
story:0.662
california:0.6585
runaway:0.6515
clever:0.64575
based on a book:0.64525
oscar (best directing):0.64425
greed:0.64025
good acting:0.63575
life & death:0.63175
first contact:0.6275
secrets:0.6085
frightening:0.60825
forceful:0.6075
weird:0.60575
plot:0.60575
narrated:0.60425
classic:0.604
visually appealing:0.60325
murder:0.6015
futuristic:0.59375
unusual plot structure:0.5925
obsession:0.59225
imagination:0.5915
exceptional acting:0.5855
atmospheric:0.57925
breathtaking:0.56225
serial killer:0.561
identity:0.561
harsh:0.55825
social commentary:0.55725
creepy:0.55525
macabre:0.554
allegory:0.55275
very interesting:0.551
conspiracy:0.5495
great acting:0.54925
twists & turns:0.548
catastrophe:0.5475
good:0.5465
talky:0.5455
mentor:0.545
cult classic:0.544
suprisingly clever:0.53775
car chase:0.5365
violent:0.53475
good soundtrack:0.53425
survival:0.53375
light:0.53
great:0.52875
existentialism:0.52475
exciting:0.5185
redemption:0.5185
death:0.51525
police investigation:0.5135
simple:0.51125
excellent:0.5095
weapons:0.505
dark:0.5005
destiny:0.498
classic car:0.49425
nonlinear:0.4895
cult film:0.4875
technology:0.485
visually stunning:0.481
absurd:0.48
psychology:0.479
snakes:0.47875
corruption:0.47725
