weird:0.98225
horror:0.95475
splatter:0.93875
loneliness:0.9295
creepy:0.92425
psychological:0.91025
gory:0.9
cult classic:0.8875
insanity:0.8635
good soundtrack:0.84775
disturbing:0.83675
original:0.83225
macabre:0.823
violent:0.7975
bloody:0.797
cult film:0.78625
gruesome:0.78375
dark humor:0.767
brutality:0.745
dark:0.72625
obsession:0.718
blood:0.713
violence:0.70125
unlikely friendships:0.6835
grindhouse:0.681
strange:0.67525
visceral:0.6725
great ending:0.6665
psychology:0.6415
friendship:0.6245
quirky:0.62225
social commentary:0.618
serial killer:0.613
great acting:0.60975
cult:0.6055
mental illness:0.59175
atmospheric:0.5885
low budget:0.586
black comedy:0.58375
goth:0.57975
brutal:0.561
stylish:0.556
pornography:0.555
character study:0.5535
gore:0.54875
twist:0.5445
ominous:0.5435
revenge:0.54225
scary:0.53025
imaginary friend:0.526
sexualized violence:0.52325
drama:0.51725
very interesting:0.51625
sexy:0.5155
crazy:0.51125
suspense:0.4975
dark comedy:0.49675
intense:0.49425
independent film:0.49125
drinking:0.49075
storytelling:0.48675
bizarre:0.48425
workplace:0.48125
murder:0.47875
cannibalism:0.47625
mentor:0.46975
catastrophe:0.4685
harsh:0.4585
dialogue:0.457
interesting:0.44625
great:0.446
depression:0.43975
lesbian:0.42925
transformation:0.429
goofy:0.42475
hospital:0.42325
excellent script:0.4205
good:0.41175
mad scientist:0.40675
goretastic:0.40525
awesome soundtrack:0.399
melancholic:0.39875
enigmatic:0.39575
great movie:0.39525
honest:0.39275
grim:0.39025
torture:0.3815
childhood:0.377
stylized:0.376
shallow:0.3745
story:0.37325
pointless:0.37225
good acting:0.37125
eerie:0.3695
intimate:0.369
demons:0.36875
male nudity:0.368
cinematography:0.36625
creativity:0.3625
runaway:0.3615
