action:0.99025
franchise:0.98375
espionage:0.98075
good action:0.959
action packed:0.94375
fast paced:0.93275
chase:0.931
007 (series):0.908
spying:0.895
pg-13:0.8835
story:0.8825
spy:0.88125
big budget:0.8715
assassin:0.84675
technology:0.84525
plot:0.84
futuristic:0.8315
fight scenes:0.82975
spies:0.81825
intense:0.81625
nuclear war:0.813
amazing photography:0.804
cool:0.801
based on a tv show:0.79775
vengeance:0.78275
assassination:0.781
weapons:0.7715
secrets:0.76975
original:0.75375
car chase:0.736
suspense:0.72525
dialogue:0.72125
mentor:0.72125
special effects:0.714
conspiracy:0.707
realistic action:0.706
exciting:0.7015
superheroes:0.69725
breathtaking:0.694
stylish:0.6925
prison escape:0.688
entertaining:0.68575
product placement:0.68425
series:0.68375
betrayal:0.68175
explosions:0.68175
visually stunning:0.67225
murder:0.662
good:0.66
great ending:0.65
fun movie:0.6475
visually appealing:0.6465
thriller:0.64525
adventure:0.63475
tense:0.6295
guns:0.6235
super hero:0.6115
revenge:0.60825
cinematography:0.60325
visual:0.59975
great:0.59275
arms dealer:0.58825
awesome soundtrack:0.5785
dark hero:0.57825
drama:0.57325
fun:0.56675
assassins:0.56675
catastrophe:0.56625
secret service:0.5605
silly fun:0.55775
visuals:0.55475
lone hero:0.55225
hunting:0.54775
great movie:0.5365
ghosts:0.53175
survival:0.517
suspenseful:0.51275
fighting:0.509
better than expected:0.50475
surveillance:0.5035
amazing cinematography:0.496
scenic:0.492
twists & turns:0.482
hitman:0.48
runaway:0.474
culture clash:0.467
silly:0.46625
superhero:0.46125
predictable:0.45925
violent:0.459
san francisco:0.454
complex:0.45225
apocalypse:0.44825
transformation:0.44725
trilogy:0.44
redemption:0.43975
dynamic cgi action:0.439
comic:0.436
good soundtrack:0.4305
storytelling:0.427
