based on a play:0.96
social commentary:0.956
dialogue driven:0.8695
great acting:0.86175
psychological:0.82475
claustrophobic:0.81975
original:0.81
parenthood:0.79575
good acting:0.7295
good soundtrack:0.72825
sarcasm:0.71975
ensemble cast:0.71725
dark humor:0.70975
psychology:0.7045
satire:0.70425
dialogue:0.70425
great ending:0.69875
talky:0.6975
twists & turns:0.663
greed:0.6605
drama:0.64375
independent film:0.64325
crime gone awry:0.6385
clever:0.627
interesting:0.59
corruption:0.58875
cerebral:0.58725
justice:0.586
dramatic:0.5725
very interesting:0.5725
storytelling:0.564
intense:0.5625
adaptation:0.56225
bullying:0.55975
exceptional acting:0.55425
brutality:0.54875
multiple storylines:0.54425
violence:0.543
allegory:0.538
loneliness:0.53175
excellent script:0.531
tense:0.52725
entirely dialogue:0.5265
cinematography:0.52625
oscar:0.52475
weird:0.52025
black comedy:0.514
complex:0.5095
intelligent:0.509
unusual plot structure:0.5065
stylized:0.50475
insanity:0.50375
runaway:0.50275
reflective:0.4935
narrated:0.486
obsession:0.48525
dark comedy:0.4835
drinking:0.47925
mentor:0.47525
culture clash:0.47175
realistic:0.47075
twist:0.46925
character study:0.459
pornography:0.457
violent:0.4545
golden palm:0.45425
enigmatic:0.453
confrontational:0.451
suspense:0.45075
intellectual:0.443
witty:0.437
great dialogue:0.435
guilt:0.4325
relationships:0.43225
criterion:0.43225
foul language:0.431
ironic:0.42475
complicated:0.4215
lawyer:0.4175
oscar (best directing):0.41525
plot:0.41275
depression:0.40775
absurd:0.4075
lawyers:0.4055
suprisingly clever:0.40225
great:0.4
oscar winner:0.399
good dialogue:0.3935
murder mystery:0.39275
catastrophe:0.392
underrated:0.3895
adoption:0.3855
prejudice:0.38425
plot twist:0.383
life philosophy:0.38075
oscar (best supporting actress):0.3795
existentialism:0.37625
downbeat:0.37475
very funny:0.3745
drugs:0.37325
