natural disaster:0.98375
space:0.9775
disaster:0.97375
special effects:0.9725
big budget:0.934
end of the world:0.93225
sci fi:0.91475
scifi:0.9125
science fiction:0.896
sci-fi:0.861
weapons:0.84625
cold war:0.82725
first contact:0.77525
bad science:0.7545
nasa:0.74825
astronauts:0.7355
catastrophe:0.7285
predictable:0.72125
so bad it's funny:0.7075
original:0.70625
science:0.703
effects:0.608
dialogue:0.58875
technology:0.586
survival:0.58
russia:0.5585
great ending:0.55275
cult film:0.55225
russian:0.531
silly:0.526
nuclear:0.52225
mars:0.50775
campy:0.5015
bad plot:0.50075
mentor:0.493
cheesy:0.487
suspense:0.48325
dynamic cgi action:0.47325
story:0.4665
pointless:0.4505
chase:0.44525
new york city:0.444
lame:0.43775
adventure:0.43775
fantasy:0.433
good:0.42525
destiny:0.42475
bad cgi:0.42325
family:0.42325
awful:0.41675
talky:0.41625
alien:0.415
island:0.41425
franchise:0.4045
future:0.402
silly fun:0.397
space travel:0.39675
horrible:0.395
lone hero:0.39325
espionage:0.383
splatter:0.38225
camp:0.37525
brutality:0.3725
overrated:0.36675
submarine:0.36325
dinosaurs:0.359
not funny:0.359
ridiculous:0.357
idiotic:0.3505
fight scenes:0.34875
fantasy world:0.34575
vengeance:0.345
good action:0.3425
drama:0.34175
space opera:0.3415
bad:0.34
entirely dialogue:0.3395
death:0.3385
computers:0.336
plot:0.334
fun movie:0.33275
1970s:0.33175
visually stunning:0.32975
70mm:0.3295
adaptation:0.326
entertaining:0.3255
visual:0.3225
action:0.32175
light:0.32175
paranoid:0.32125
007:0.32
police investigation:0.32
script:0.31725
redemption:0.316
pornography:0.31475
romantic:0.31425
futuristic:0.313
oscar (best sound):0.3125
space program:0.3125
intense:0.30525
