action:0.97225
good action:0.9645
lone hero:0.9635
fight scenes:0.91525
undercover cop:0.91375
martial arts:0.9135
action packed:0.8505
chase:0.835
police corruption:0.79025
weapons:0.78425
assassination:0.72625
fun movie:0.7125
corruption:0.68775
fighting:0.671
original:0.6705
police investigation:0.6565
conspiracy:0.6265
violence:0.6185
assassins:0.61
gunfight:0.60075
vengeance:0.59475
mentor:0.5895
car chase:0.585
good:0.57325
cool:0.57325
explosions:0.57225
justice:0.55925
predictable:0.531
great ending:0.52575
dialogue:0.51575
buddy movie:0.51025
assassin:0.5095
silly fun:0.50925
80s:0.50675
runaway:0.50025
violent:0.49875
fun:0.49725
fast paced:0.48375
hitman:0.478
police:0.4645
torture:0.455
great:0.435
catastrophe:0.4255
cia:0.413
arms dealer:0.41225
revenge:0.39125
chicago:0.39025
family drama:0.38525
life philosophy:0.3765
bad plot:0.37475
fantasy world:0.363
brutality:0.3625
storytelling:0.3615
great movie:0.35675
bad:0.3555
family:0.3465
ninja:0.34275
realistic action:0.341
vigilante:0.33175
sexy:0.33175
entertaining:0.322
redemption:0.30775
dark hero:0.307
nudity (full frontal - brief):0.30325
suspense:0.30125
adaptation:0.29975
unusual plot structure:0.29775
dragons:0.2975
destiny:0.29475
entirely dialogue:0.2935
pulp:0.29225
so bad it's funny:0.2915
narrated:0.29125
first contact:0.29075
story:0.284
nudity (topless):0.28375
guns:0.2745
big budget:0.2735
good soundtrack:0.2725
not funny:0.271
multiple storylines:0.2685
bad acting:0.26525
censorship:0.26425
superheroes:0.26375
gritty:0.26225
gangs:0.259
california:0.2585
guilty pleasure:0.258
intense:0.25725
unfunny:0.253
culture clash:0.2515
pornography:0.25075
adventure:0.24975
pg-13:0.2475
secrets:0.24625
death:0.24525
honest:0.24475
gangsters:0.24475
natural disaster:0.244
kidnapping:0.24375
