vampires:0.9995
werewolves:0.99875
vampire:0.99775
action:0.9785
werewolf:0.97175
nocturnal:0.95575
goth:0.947
fight scenes:0.92225
mythology:0.91575
gothic:0.90375
supernatural:0.89775
good action:0.87225
immortality:0.83675
special effects:0.8265
big budget:0.81525
cool:0.81175
awesome soundtrack:0.7855
action packed:0.77875
dark fantasy:0.7785
pg-13:0.74025
original:0.698
fantasy:0.68175
transformation:0.68125
fighting:0.6785
blood:0.66775
computer game:0.6515
weapons:0.643
visually appealing:0.634
gory:0.62675
bad plot:0.62475
better than expected:0.621
bad cgi:0.62075
mentor:0.62025
sci-fi:0.617
dialogue:0.6155
good:0.60575
vengeance:0.6045
apocalypse:0.59925
heroine in tight suit:0.599
good soundtrack:0.59575
survival:0.58725
betrayal:0.58225
fast paced:0.58225
franchise:0.579
great:0.57525
dark hero:0.574
dynamic cgi action:0.5635
story:0.55725
bad acting:0.551
great ending:0.54675
video game:0.545
good versus evil:0.54375
stylish:0.5345
horror:0.53225
sequels:0.53075
technology:0.522
lone hero:0.51
fantasy world:0.50525
catastrophe:0.496
effects:0.49425
superheroes:0.48925
visual:0.48575
predictable:0.4845
graphic novel:0.4825
dark:0.48075
stylized:0.47625
futuristic:0.47425
plot:0.46875
revenge:0.4665
sexy:0.457
love story:0.44825
comic book:0.44275
monsters:0.4355
not funny:0.423
cgi:0.42025
silly:0.4175
sci fi:0.41725
destiny:0.41625
monster:0.40975
storytelling:0.409
post apocalyptic:0.40775
post-apocalyptic:0.40725
interesting:0.4055
super hero:0.4015
romance:0.398
splatter:0.39425
silly fun:0.3935
demons:0.39025
adaptation:0.39025
vampire human love:0.3875
great movie:0.3845
ghosts/afterlife:0.384
irish accent:0.38275
war:0.38025
sacrifice:0.37925
entertaining:0.3755
disappointing:0.37225
violence:0.37225
fun movie:0.3715
shallow:0.368
