satire:0.9645
coen bros:0.9615
social commentary:0.946
comedy:0.90625
satirical:0.8635
destiny:0.86275
quirky:0.769
sarcasm:0.749
original:0.74075
pornography:0.73075
fun movie:0.72125
competition:0.69275
small town:0.6855
funny:0.676
very funny:0.66
ensemble cast:0.65925
off-beat comedy:0.65725
absurd:0.65325
culture clash:0.6345
black comedy:0.62825
humorous:0.62575
good soundtrack:0.6145
clever:0.5955
independent film:0.592
feel-good:0.584
stereotypes:0.57175
dark humor:0.571
runaway:0.55925
sexy:0.552
farce:0.53075
dark comedy:0.5225
grindhouse:0.5185
crime gone awry:0.5135
crude humor:0.4935
weird:0.49325
cheating:0.47125
nudity (full frontal - notable):0.47075
race issues:0.468
catastrophe:0.464
quotable:0.46325
humor:0.45875
political:0.44575
story:0.44475
witty:0.44125
gory:0.4345
great ending:0.428
silly:0.428
allegory:0.42675
police investigation:0.424
mentor:0.42375
brutality:0.4215
rebellion:0.4125
melancholic:0.41025
storytelling:0.40225
nudity (full frontal - brief):0.4005
hilarious:0.4
directorial debut:0.39875
predictable:0.39375
feel good movie:0.3935
drama:0.39275
life philosophy:0.39175
plot:0.39
suprisingly clever:0.38925
dialogue:0.38725
segregation:0.3825
narrated:0.38125
suspense:0.3805
pg-13:0.378
weapons:0.3775
corruption:0.3755
good:0.36925
pointless:0.36025
surveillance:0.355
unfunny:0.3535
adaptation:0.3495
sexualized violence:0.345
shallow:0.3445
cute:0.34175
oscar:0.34125
light:0.33575
twists & turns:0.3345
childhood:0.3335
hard to watch:0.328
suburbia:0.32625
sexual:0.3255
writers:0.32125
women:0.32075
family:0.32075
vengeance:0.31925
great:0.31725
sweet:0.317
adoption:0.3105
adapted from:book:0.306
drinking:0.30425
visually appealing:0.30375
secrets:0.29925
redemption:0.29875
ironic:0.29675
ethnic conflict:0.2945
oscar (best actress):0.2865
