horror:0.948
fun movie:0.939
comedy:0.93775
splatter:0.9095
gory:0.8955
goofy:0.888
cult classic:0.873
violence:0.85
original:0.84475
bloody:0.837
violent:0.82275
brutality:0.82225
parody:0.793
silly:0.7875
irreverent:0.776
fun:0.76
weird:0.7565
zombie:0.75525
silly fun:0.741
cult film:0.7295
visceral:0.7225
grindhouse:0.714
dark humor:0.705
satire:0.7
humorous:0.686
nudity (topless):0.678
drinking:0.67125
brutal:0.66625
hilarious:0.6385
zombies:0.637
good soundtrack:0.6245
80s:0.6235
saturday night live:0.62075
gore:0.6205
so bad it's funny:0.6175
sexualized violence:0.6155
funny:0.6145
stereotypes:0.61425
nocturnal:0.60875
dialogue:0.608
stoner movie:0.60475
teacher:0.598
sports:0.5905
spelling bee:0.589
harsh:0.58725
dumb but funny:0.5835
quirky:0.577
blood:0.5755
very funny:0.575
runaway:0.56325
nudity (topless - notable):0.55575
goretastic:0.5535
beer:0.5535
storytelling:0.55325
virus:0.54925
alter ego:0.528
humor:0.52475
creativity:0.52475
creepy:0.52225
entertaining:0.51775
murder:0.51775
stupid as hell:0.51675
dark comedy:0.51
small town:0.5085
highly quotable:0.5045
life & death:0.5025
stupidity:0.49975
apocalypse:0.4985
camp:0.49225
cult:0.48975
high school:0.4875
great:0.48525
stylized:0.4795
radio:0.479
fantasy world:0.47825
story:0.475
mad scientist:0.4745
ridiculous:0.4735
quotable:0.4725
funny as hell:0.472
childhood:0.4685
low budget:0.4615
foul language:0.46
predictable:0.459
amy smart:0.45825
school:0.4535
pornography:0.4465
unfunny:0.44575
dark hero:0.44175
mentor:0.44125
original plot:0.43525
great movie:0.435
weapons:0.4345
social commentary:0.43375
crime gone awry:0.43025
ironic:0.428
awesome soundtrack:0.427
kids:0.42675
good action:0.4265
satirical:0.4255
