modern fantasy:0.99725
fantasy:0.9845
criterion:0.9595
fairy tale:0.95375
magic:0.9475
oscar (best cinematography):0.94225
classic:0.93325
stunning:0.92725
adventure:0.92575
special effects:0.91575
colourful:0.912
fantasy world:0.90075
imagination:0.87675
storytelling:0.8545
wizards:0.849
imdb top 250:0.8325
cinematography:0.824
wartime:0.7855
childhood:0.77575
visually stunning:0.77475
beautifully filmed:0.7615
talky:0.75675
fairy tales:0.745
breathtaking:0.72775
original:0.719
beautiful scenery:0.704
unusual plot structure:0.682
masterpiece:0.681
beautiful:0.6735
visual:0.669
allegory:0.64875
fun movie:0.6425
visually appealing:0.6425
dark fantasy:0.6415
period piece:0.61175
art:0.60025
destiny:0.58875
scenic:0.587
mythology:0.57875
good versus evil:0.5785
dialogue:0.57675
good:0.5725
enigmatic:0.56775
passionate:0.56225
suprisingly clever:0.54875
light:0.5335
romance:0.5295
reflective:0.52675
transformation:0.5245
effects:0.52425
harsh:0.52375
nostalgic:0.521
romantic:0.5175
murder:0.516
dreamlike:0.5155
oscar (best directing):0.51325
life & death:0.5095
gunfight:0.509
stop motion:0.5065
story:0.504
great ending:0.50275
sacrifice:0.5
perfect:0.49425
forceful:0.49425
visuals:0.4915
macabre:0.48775
atmospheric:0.48625
silent:0.4805
witches:0.478
high fantasy:0.477
black and white:0.46275
runaway:0.46225
very good:0.4615
entirely dialogue:0.46075
oscar (best writing - screenplay written directly for the screen):0.458
great movie:0.45075
greed:0.4505
grindhouse:0.4455
whimsical:0.44425
catastrophe:0.43825
photography:0.43675
stylized:0.433
great:0.431
mentor:0.42925
spiders:0.42925
tense:0.42875
stop-motion:0.42675
weird:0.4265
fun:0.424
medieval:0.42325
witch:0.42275
melancholy:0.42275
good acting:0.415
artistic:0.41125
oscar (best supporting actress):0.41025
adapted from:book:0.40625
culture clash:0.4055
brutality:0.3975
love story:0.39275
melancholic:0.38975
