mythology:0.98725
bad acting:0.87
bad cgi:0.84075
horrible:0.8375
bad plot:0.832
so bad it's funny:0.82675
egypt:0.7975
awful:0.78075
bad script:0.7765
special effects:0.773
god:0.735
fight scenes:0.72925
original:0.7265
predictable:0.65275
mentor:0.647
dialogue:0.63675
action:0.62475
stupid as hell:0.60975
natural disaster:0.598
idiotic:0.58325
destiny:0.57375
cgi:0.55875
shallow:0.555
disaster:0.53525
ridiculous:0.52675
superheroes:0.51125
video game:0.4935
good action:0.47675
big budget:0.4675
great ending:0.44725
fantasy:0.44475
grindhouse:0.444
catastrophe:0.4395
immortality:0.43525
romance:0.42225
3d:0.41675
story:0.41375
unintentionally funny:0.4085
bad:0.3975
storytelling:0.39675
betrayal:0.39225
super hero:0.38625
action packed:0.386
adventure:0.38025
not funny:0.379
brutality:0.3735
fantasy world:0.372
jesus:0.368
transformation:0.36225
overrated:0.3555
entirely dialogue:0.3505
franchise:0.3505
first contact:0.34925
adaptation:0.3485
redemption:0.34625
computer game:0.33675
pointless:0.33625
campy:0.33575
cheesy:0.33425
clones:0.33425
pg-13:0.3255
good dialogue:0.31175
unfunny:0.3115
crude humor:0.308
sci fi:0.30725
better than expected:0.30525
love story:0.29975
effects:0.299
boring:0.2975
visually stunning:0.29475
fighting:0.292
pulp:0.29
so bad it's good:0.29
writers:0.28875
pornography:0.2875
melancholic:0.287
lone hero:0.28175
corruption:0.27925
violence:0.27725
harsh:0.275
nocturnal:0.274
jay and silent bob:0.27275
runaway:0.2665
weapons:0.265
nudity (full frontal - brief):0.26325
visual:0.26075
sacrifice:0.25675
bad ending:0.256
dysfunctional family:0.25475
sequels:0.252
islam:0.24925
graphic design:0.248
superhero:0.24475
script:0.24075
culture clash:0.238
snakes:0.23675
nudity (full frontal - notable):0.2345
slapstick:0.22775
cult film:0.2255
justice:0.22525
