horror:0.996
creepy:0.989
ghosts:0.969
supernatural:0.91775
eerie:0.887
great ending:0.85725
suspense:0.85075
frightening:0.84975
scary:0.79925
dark:0.7955
original:0.778
atmospheric:0.74775
storytelling:0.70925
weird:0.701
twist ending:0.6965
good soundtrack:0.65
original plot:0.6465
ghosts/afterlife:0.643
macabre:0.6385
psychological:0.63675
story:0.63425
tense:0.62425
social commentary:0.6095
splatter:0.60425
demons:0.59525
excellent script:0.58525
mythology:0.58375
good:0.5655
pg-13:0.5535
cult classic:0.55225
brutality:0.5515
road movie:0.54075
dialogue:0.53675
twists & turns:0.528
nocturnal:0.52525
vengeance:0.52075
life philosophy:0.51525
cult film:0.4955
cinematography:0.49075
blood:0.482
witches:0.481
light:0.47525
suspenseful:0.4685
awesome soundtrack:0.46825
sexualized violence:0.466
special effects:0.46475
psychology:0.45925
mystery:0.45075
great:0.4505
twist:0.44875
disturbing:0.4445
revenge:0.44425
visually appealing:0.44075
effects:0.438
werewolf:0.437
violent:0.437
foreign:0.43425
allegory:0.4325
mentor:0.4315
gory:0.431
violence:0.42975
betrayal:0.42875
ominous:0.42025
photography:0.42
goth:0.4195
transformation:0.4165
hospital:0.413
zombie:0.4125
predictable:0.4055
good acting:0.403
visceral:0.401
fantasy world:0.398
grim:0.395
oscar (best actress):0.39025
adapted from:book:0.389
catastrophe:0.38875
adaptation:0.38725
better than the american version:0.38575
not funny:0.375
haunted house:0.3705
great cinematography:0.3635
goretastic:0.361
visually stunning:0.35825
excellent:0.356
unlikely friendships:0.35375
nudity (full frontal - notable):0.3505
thriller:0.347
torture:0.345
murder:0.342
great movie:0.3395
pornography:0.3365
police investigation:0.33575
multiple storylines:0.3355
monsters:0.3355
imdb top 250:0.3335
life & death:0.33325
stylish:0.33275
classic car:0.331
exceptional acting:0.3285
monster:0.3285
