world war ii:0.9895
wwii:0.98825
best war films:0.98475
historical:0.94725
war:0.93925
history:0.935
us history:0.93225
wartime:0.91475
dramatic:0.89725
japanese:0.896
japan:0.881
factual:0.82875
bombs:0.77025
realistic:0.73775
tense:0.728
original:0.72725
special effects:0.727
drama:0.708
forceful:0.6965
war movie:0.68975
military:0.6875
hawaii:0.68375
excellent:0.663
tokyo:0.643
based on book:0.64225
courage:0.6415
catastrophe:0.617
dialogue:0.60275
oscar (best directing):0.5955
good:0.58825
intense:0.586
love story:0.58
culture clash:0.579
story:0.579
epic:0.5775
action:0.5695
sacrifice:0.562
aviation:0.558
computer animation:0.552
brutality:0.544
submarine:0.53775
survival:0.53075
great movie:0.52575
great:0.52475
espionage:0.52325
based on a book:0.518
suspense:0.5105
powerful ending:0.507
runaway:0.503
1970s:0.501
70mm:0.48575
weapons:0.48125
great ending:0.479
pg-13:0.47525
technology:0.472
idealism:0.4695
ethnic conflict:0.46525
world war i:0.461
beautiful scenery:0.4505
mentor:0.442
corruption:0.44125
interesting:0.44
ensemble cast:0.4325
honest:0.42625
oscar (best cinematography):0.42625
prejudice:0.426
breathtaking:0.4235
period piece:0.41625
politics:0.416
visceral:0.411
torture:0.409
visual:0.4065
fighting:0.406
revenge:0.40375
justice:0.39825
talky:0.3935
betrayal:0.39175
destiny:0.391
vengeance:0.39075
island:0.3905
harsh:0.3895
chase:0.3885
good acting:0.37725
oscar winner:0.374
not funny:0.37225
suprisingly clever:0.369
good soundtrack:0.36875
cinematography:0.3665
adapted from:book:0.365
imdb top 250:0.36325
enormously long battle scene:0.358
suspenseful:0.35075
books:0.3485
secrets:0.34
propaganda:0.33775
narrated:0.3365
adaptation:0.336
violence:0.336
earnest:0.33375
fight scenes:0.3335
