assassin:0.99725
hit men:0.991
mentor:0.989
hitman:0.95775
assassins:0.939
assassination:0.93325
action:0.91725
good action:0.88275
chase:0.85575
father son relationship:0.853
action packed:0.8105
vengeance:0.78825
mob:0.7735
classic car:0.77025
stylish:0.76475
revenge:0.75325
secrets:0.71775
original:0.71375
violence:0.7035
gunfight:0.70325
betrayal:0.70125
violent:0.701
spying:0.6875
murder:0.68125
mafia:0.672
tense:0.662
great ending:0.65175
dialogue:0.6495
brutality:0.64875
car chase:0.646
runaway:0.6425
cool:0.61775
nocturnal:0.6155
gangsters:0.61025
motorcycle:0.6085
fight scenes:0.60775
fast paced:0.59825
intense:0.58475
twist ending:0.57825
vigilante:0.57625
lone hero:0.57475
plot:0.57425
good soundtrack:0.571
thriller:0.568
dark hero:0.556
loneliness:0.54475
storytelling:0.539
brutal:0.53475
weapons:0.5275
corruption:0.523
death:0.507
anti-hero:0.5065
gay character:0.504
nostalgic:0.4825
story:0.48025
vigilantism:0.475
guns:0.471
highly quotable:0.47075
twists & turns:0.46625
underrated:0.4655
good:0.45675
suspenseful:0.4495
suspense:0.44925
cinematography:0.449
classic:0.4485
distopia:0.44525
gory:0.42975
justice:0.42675
stylized:0.42325
father-son relationship:0.4215
explosions:0.4215
cult classic:0.42125
excellent:0.42075
suprisingly clever:0.41875
fighting:0.418
visceral:0.417
gangs:0.4165
gritty:0.41625
ireland:0.41
pornography:0.4045
nudity (topless):0.40375
adaptation:0.40275
1970s:0.3985
exciting:0.38575
catastrophe:0.38475
psychological:0.3845
adapted from:book:0.379
culture clash:0.375
espionage:0.3715
sacrifice:0.368
crime:0.36375
great:0.3615
interesting:0.3595
life philosophy:0.3595
childhood:0.3585
harsh:0.35525
coming-of-age:0.3545
guilt:0.35375
crime gone awry:0.352
redemption:0.3505
