emma watson:0.998
wizards:0.99575
magic:0.9915
fantasy world:0.99
adapted from:book:0.98775
harry potter:0.9855
boarding school:0.9695
based on a book:0.96825
franchise:0.96775
based on book:0.9565
books:0.9525
fantasy:0.94725
book was better:0.941
children:0.94025
secrets:0.9185
witch:0.9175
adventure:0.916
imagination:0.90825
big budget:0.8945
coming of age:0.89375
mythology:0.87225
school:0.8705
special effects:0.8565
fairy tale:0.852
pg-13:0.831
action:0.83
book:0.82875
series:0.82025
sequel:0.81
good versus evil:0.8085
high fantasy:0.798
kids:0.79475
parallel universe:0.7865
destiny:0.77225
great:0.75925
maze:0.72275
family:0.71525
dark fantasy:0.71325
spiders:0.70375
good:0.68575
childhood:0.68575
adaptation:0.6795
witches:0.67675
original:0.66475
story:0.649
entertaining:0.64225
computer animation:0.62125
mentor:0.61875
dialogue:0.60475
fun:0.598
literature:0.59675
exciting:0.57525
fun movie:0.56975
kids and family:0.56775
runaway:0.55425
dynamic cgi action:0.55425
dark:0.55375
dragons:0.55225
snakes:0.552
cgi:0.54725
visually appealing:0.53475
genocide:0.529
trilogy:0.524
great ending:0.516
teen:0.50625
fast paced:0.50125
visually stunning:0.501
catastrophe:0.4885
nerds:0.4855
prejudice:0.484
england:0.48275
original plot:0.4825
sequels:0.482
suspense:0.4715
werewolf:0.467
better than expected:0.4545
great movie:0.445
superheroes:0.44325
chase:0.44275
girlie movie:0.4425
whimsical:0.438
storytelling:0.43125
ghosts/afterlife:0.4245
fight scenes:0.423
creativity:0.42275
alter ego:0.421
predictable:0.4145
ghosts:0.40825
action packed:0.3975
scenic:0.39575
awesome soundtrack:0.3915
excellent:0.38975
crude humor:0.38675
friendship:0.38375
visual:0.3835
humorous:0.3745
london:0.37375
light:0.37325
good soundtrack:0.37275
werewolves:0.371
