robots:0.9935
androids:0.99025
futuristic:0.983
post-apocalyptic:0.983
robot:0.9755
post apocalyptic:0.974
future:0.97225
scifi:0.9635
sci-fi:0.95975
sci fi:0.93975
cult film:0.85275
science fiction:0.83225
desert:0.75775
dystopic future:0.7505
original:0.74625
clones:0.74075
dystopia:0.719
apocalypse:0.7035
technology:0.6995
mars:0.6945
action:0.69325
lone hero:0.67825
artificial intelligence:0.65
cult classic:0.623
android(s)/cyborg(s):0.599
so bad it's funny:0.57875
fantasy:0.56375
sexy:0.5375
80s:0.5335
adventure:0.51875
love story:0.51775
memory:0.516
predictable:0.50225
special effects:0.491
first contact:0.48875
catastrophe:0.466
fight scenes:0.45475
satirical:0.452
mad scientist:0.44825
alternate reality:0.43725
runaway:0.4365
camp:0.4345
weird:0.431
life philosophy:0.42775
mentor:0.424
romance:0.422
cyborgs:0.4215
grindhouse:0.41975
end of the world:0.4125
dialogue:0.40975
low budget:0.3965
story:0.38975
silly fun:0.38125
nudity (topless):0.3785
good action:0.37725
adaptation:0.37075
bad plot:0.36825
distopia:0.36025
not funny:0.3585
brutality:0.35325
fun movie:0.3515
erotic:0.34925
gangs:0.34175
wilderness:0.34075
chase:0.33625
las vegas:0.3345
visually stunning:0.33425
great ending:0.32975
solitude:0.3295
visual:0.32475
campy:0.323
pulp:0.3175
gangsters:0.3175
pornography:0.3155
cloning:0.3135
existentialism:0.3105
destiny:0.3065
visually appealing:0.3065
bad science:0.3055
vengeance:0.305
quirky:0.2995
cult:0.2955
utopia:0.29425
action packed:0.29025
cool:0.28975
giant robots:0.2835
overrated:0.28325
cars:0.27925
007:0.275
slapstick:0.2735
cyberpunk:0.27325
bleak:0.27125
fantasy world:0.27025
science:0.26825
entirely dialogue:0.26775
nocturnal:0.2675
violence:0.26425
melancholic:0.26325
great:0.2625
natural disaster:0.26025
