meditative:0.947
cerebral:0.9365
loneliness:0.9115
enigmatic:0.90775
existentialism:0.9065
storytelling:0.89725
reflective:0.8885
intimate:0.86175
weird:0.86025
original:0.84475
melancholic:0.8435
relationships:0.83025
imagination:0.8255
visual:0.80375
talky:0.80225
affectionate:0.80125
beautifully filmed:0.80075
visually stunning:0.79025
stylized:0.77375
visually appealing:0.76875
love story:0.76375
social commentary:0.7605
philosophy:0.7565
quirky:0.751
destiny:0.743
criterion:0.7415
imdb top 250:0.739
thought-provoking:0.7115
life & death:0.70625
very interesting:0.7035
visceral:0.6985
cinematography:0.6975
good soundtrack:0.695
golden palm:0.68625
artistic:0.677
great ending:0.67575
dialogue:0.66975
melancholy:0.66925
poignant:0.6655
interesting:0.662
foreign:0.65125
dreamlike:0.6475
oscar (best foreign language film):0.6455
compassionate:0.64075
narrated:0.63575
life philosophy:0.63475
obsession:0.63275
ironic:0.63175
metaphysics:0.62175
vengeance:0.61375
drama:0.609
idealism:0.604
masterpiece:0.603
bittersweet:0.6
violence:0.59975
suprisingly clever:0.59825
art:0.596
silent:0.59575
violent:0.593
breathtaking:0.59125
culture clash:0.5905
complex:0.59
great acting:0.58625
intellectual:0.58375
unlikely friendships:0.5805
dreams:0.579
movielens top pick:0.5755
philosophical:0.571
love:0.565
great cinematography:0.56225
clever:0.558
emotional:0.55575
entirely dialogue:0.55325
beautiful scenery:0.549
strange:0.549
passionate:0.54025
independent film:0.53575
lyrical:0.53325
redemption:0.52575
surreal:0.52225
romance:0.52
allegory:0.518
solitude:0.51525
creativity:0.51425
brutality:0.50875
complicated:0.5085
plot:0.507
amazing photography:0.50275
psychological:0.5005
unusual plot structure:0.49575
downbeat:0.4945
sexualized violence:0.4945
police investigation:0.49175
touching:0.49075
whimsical:0.49025
beautiful:0.4875
tragedy:0.48
good acting:0.47925
absurd:0.476
honest:0.4755
