world war ii:0.9985
wwii:0.992
germany:0.9905
wartime:0.99025
nazis:0.98125
espionage:0.96025
action:0.944
best war films:0.94325
70mm:0.938
spies:0.93075
german:0.923
amazing photography:0.92275
nazi:0.91875
adventure:0.90575
good action:0.905
chase:0.88825
spying:0.864
spy:0.86375
tense:0.86275
great movie:0.84375
plot twist:0.83
twists & turns:0.81425
suspense:0.8135
prison escape:0.812
great acting:0.808
action packed:0.8035
secrets:0.7995
realistic action:0.793
original:0.7855
imdb top 250:0.7835
classic:0.76125
great:0.75575
beautiful scenery:0.752
war:0.7515
fast paced:0.74975
dialogue:0.73375
exciting:0.73025
dramatic:0.7235
mentor:0.72325
cool:0.71475
story:0.71375
fight scenes:0.71225
oscar (best directing):0.7105
fun movie:0.71
weapons:0.7075
runaway:0.704
scenic:0.7025
excellent:0.694
gunfight:0.6935
talky:0.68725
realistic:0.673
violence:0.6705
good:0.66525
intense:0.662
assassination:0.66175
thriller:0.6555
idealism:0.6505
vengeance:0.64575
good acting:0.64175
cinematography:0.64025
drama:0.6395
assassin:0.638
british:0.63275
secret service:0.621
great ending:0.61925
forceful:0.61225
clever:0.6105
explosions:0.6095
entertaining:0.6055
storytelling:0.59525
good soundtrack:0.5905
fighting:0.58625
oscar winner:0.5745
unusual plot structure:0.57425
excellent script:0.57275
historical:0.56825
lone hero:0.564
pg-13:0.5595
breathtaking:0.556
betrayal:0.554
guns:0.5465
based on book:0.54625
factual:0.54575
bombs:0.54425
visceral:0.5415
conspiracy:0.53875
oscar (best effects - visual effects):0.5375
anti-hero:0.53725
violent:0.53225
suspenseful:0.5305
culture clash:0.529
adapted from:book:0.523
quotable:0.51175
revenge:0.511
corruption:0.50925
catastrophe:0.509
fun:0.50625
original plot:0.50525
earnest:0.50175
courage:0.501
