drama:0.8695
suburbia:0.85525
dysfunctional family:0.83725
original:0.812
coming of age:0.81075
dark humor:0.796
relationships:0.773
violence:0.767
new jersey:0.7665
depression:0.7485
pornography:0.7405
family:0.72225
independent film:0.711
good soundtrack:0.709
story:0.696
dialogue:0.68925
brutality:0.673
melancholic:0.66075
divorce:0.65425
great acting:0.6515
violent:0.624
ensemble cast:0.62225
revenge:0.62125
excellent script:0.615
indie:0.6145
parenthood:0.60925
quirky:0.609
coming-of-age:0.6055
weird:0.58925
crime gone awry:0.5835
family drama:0.5825
ironic:0.5775
intense:0.57475
cinematography:0.572
great ending:0.571
1970s:0.56575
nudity (topless - notable):0.563
nudity (topless):0.556
brothers:0.54925
complex:0.54
humor:0.5345
realistic:0.53425
visceral:0.5265
infidelity:0.52525
loneliness:0.519
vengeance:0.51525
social commentary:0.50675
adaptation:0.50025
nocturnal:0.498
destiny:0.492
twists & turns:0.49125
complex characters:0.49
talky:0.4835
betrayal:0.4825
stoner movie:0.4795
murder:0.46225
solitude:0.462
multiple storylines:0.4615
sexualized violence:0.4615
intimate:0.4555
crude humor:0.45425
reflective:0.44825
very funny:0.447
nudity (full frontal - brief):0.44475
awesome soundtrack:0.43975
storytelling:0.431
drinking:0.426
runaway:0.4255
pg-13:0.42475
brutal:0.4245
dark hero:0.42275
foul language:0.42125
catastrophe:0.42125
transformation:0.42075
gratuitous violence:0.41975
dark:0.419
adapted from:book:0.41775
disturbing:0.41675
obsession:0.41625
exceptional acting:0.4145
plot:0.4145
absurd:0.414
road movie:0.414
censorship:0.414
mentor:0.41225
gangsters:0.40625
drugs:0.4055
nudity (full frontal - notable):0.40425
nudity (topless - brief):0.40325
redemption:0.40175
island:0.4005
sexy:0.3975
dramatic:0.39675
funny:0.3955
culture clash:0.39475
chase:0.39225
narrated:0.3915
stylized:0.39
hitman:0.3895
greed:0.38925
