road trip:0.98125
comedy:0.97125
robert downey jr:0.926
funny:0.8625
weed:0.7895
very funny:0.75625
hilarious:0.751
marijuana:0.74425
drinking:0.70275
plot:0.686
original:0.68375
buddy movie:0.645
crude humor:0.643
road movie:0.621
los angeles:0.5695
dialogue:0.55275
predictable:0.55025
good soundtrack:0.5475
stoner movie:0.53475
great ending:0.52075
absurd:0.515
so bad it's funny:0.5095
unfunny:0.5085
pg-13:0.499
catastrophe:0.49475
humorous:0.4785
goofy:0.454
unlikeable characters:0.4365
weird:0.43575
mentor:0.4315
silly:0.4165
story:0.41625
chase:0.4045
destiny:0.3755
culture clash:0.375
better than expected:0.3555
justice:0.35475
idiotic:0.35475
brutality:0.35025
good:0.35
humor:0.34975
storytelling:0.344
clever:0.34
life philosophy:0.3365
stupidity:0.3315
shallow:0.328
drugs:0.3245
harsh:0.32225
runaway:0.321
stereotypes:0.32075
greed:0.32075
suprisingly clever:0.31375
foul language:0.3125
great:0.31125
slapstick:0.30125
ridiculous:0.29525
dumb:0.2945
redemption:0.29175
adventure:0.2905
entirely dialogue:0.28975
adaptation:0.2855
pornography:0.2835
social commentary:0.27775
fight scenes:0.27775
first contact:0.275
crazy:0.2745
pointless:0.27225
feel-good:0.272
overrated:0.271
melancholic:0.27075
stupid:0.2695
not funny:0.26825
life & death:0.26725
unlikely friendships:0.2635
boring:0.2635
fantasy world:0.263
happy ending:0.2595
revenge:0.25875
bad plot:0.25825
twists & turns:0.25675
action:0.25475
comic:0.252
big budget:0.2505
gay character:0.25
off-beat comedy:0.25
visually appealing:0.24725
betrayal:0.24625
california:0.24375
vengeance:0.243
no plot:0.24
male nudity:0.239
friendship:0.23825
writers:0.2355
plot holes:0.23525
feel good movie:0.23275
bad ending:0.23225
dumb but funny:0.2315
quirky:0.231
sarcasm:0.2275
creativity:0.22575
