remake:0.996
slasher:0.992
serial killer:0.931
franchise:0.93075
horror:0.89425
teens:0.869
original:0.83525
teen movie:0.80575
pornography:0.775
predictable:0.7685
camp:0.7635
free to download:0.74025
nudity (topless):0.721
halloween:0.71725
murder:0.70675
pointless:0.695
bloody:0.68225
brutality:0.68075
male nudity:0.67525
unlikeable characters:0.6735
torture:0.59175
scary:0.58825
nudity:0.5805
shallow:0.51425
bad plot:0.511
crappy sequel:0.51025
weed:0.5075
bad acting:0.50625
sequel:0.504
teleportation:0.4965
idiotic:0.4795
stereotypes:0.47075
mentor:0.47075
death:0.46925
dialogue:0.46575
great ending:0.46125
gore:0.454
suspense:0.44675
sex:0.44575
revenge:0.445
blood:0.44025
weapons:0.44
gory:0.43275
violence:0.422
catastrophe:0.4185
survival:0.4035
horrible:0.3975
not funny:0.381
storytelling:0.37525
brutal:0.36825
supernatural:0.36675
teen:0.366
goofy:0.3585
vengeance:0.35325
splatter:0.34925
adaptation:0.34925
suspenseful:0.343
violent:0.34225
story:0.336
first contact:0.3345
fight scenes:0.32925
fantasy world:0.329
overrated:0.32525
intense:0.3215
sexy:0.316
fun movie:0.3155
stupid:0.31325
reality tv:0.312
nudity (topless - notable):0.3105
remade:0.31025
marijuana:0.30925
natural disaster:0.30825
entirely dialogue:0.302
nudity (full frontal - brief):0.30075
sci fi:0.30025
crude humor:0.299
visually appealing:0.298
series:0.293
fun:0.29225
runaway:0.29
gruesome:0.28875
disaster:0.28775
action:0.2865
good soundtrack:0.2865
writers:0.28625
silly:0.28425
sequels:0.2835
bad cgi:0.2825
virginity:0.2795
plot holes:0.27875
lone hero:0.27875
teenagers:0.2785
zombie:0.27375
lame:0.27175
transformation:0.27075
original plot:0.26475
police investigation:0.2645
culture clash:0.26425
creativity:0.26425
destiny:0.263
