violent:0.892
mentor:0.8715
violence:0.87075
thriller:0.86075
original:0.78475
corruption:0.7765
vengeance:0.772
underrated:0.75675
good:0.70725
crime:0.6995
revenge:0.69775
action:0.696
very interesting:0.69075
greed:0.6875
1980s:0.68075
life philosophy:0.67025
complex:0.6465
dark hero:0.64275
good action:0.623
action packed:0.616
story:0.60525
cool:0.58875
redemption:0.58575
plot:0.58025
gunfight:0.5785
conspiracy:0.57725
brutal:0.5685
hitman:0.56625
great ending:0.56375
assassin:0.555
talky:0.53375
runaway:0.53375
fast paced:0.53325
intense:0.53175
mob:0.52825
dialogue:0.52575
interesting:0.518
twists & turns:0.51425
based on book:0.51425
conspiracy theory:0.503
good soundtrack:0.498
crime gone awry:0.49475
gory:0.49025
brutality:0.48475
stylish:0.48425
adaptation:0.48375
original plot:0.47975
great:0.47375
chase:0.473
80s:0.469
california:0.46375
predictable:0.46325
suspense:0.44775
catastrophe:0.44675
gangsters:0.44275
nudity (topless):0.439
betrayal:0.4385
secrets:0.43725
lone hero:0.436
fight scenes:0.43525
destiny:0.4345
highly quotable:0.43175
suspenseful:0.42775
organized crime:0.427
anti-hero:0.4225
caper:0.422
writers:0.42075
shallow:0.416
clever:0.41025
great movie:0.40325
based on a book:0.40075
fantasy world:0.39275
cancer:0.38975
entertaining:0.38875
great acting:0.3885
books:0.38575
storytelling:0.38475
irish accent:0.38075
police corruption:0.38
justice:0.374
pulp:0.373
cerebral:0.372
hit men:0.372
sexualized violence:0.3715
unusual plot structure:0.37075
nudity (full frontal - brief):0.3695
script:0.369
stylized:0.3625
police investigation:0.36175
excellent script:0.361
dark:0.36025
gypsy accent:0.3595
psychological:0.35925
touching:0.357
not funny:0.35675
unlikely friendships:0.354
dystopic future:0.35375
murder:0.34875
excellent:0.34725
plot twist:0.347
