emotional:0.9905
oscar (best animated feature):0.9765
touching:0.97375
pixar animation:0.9705
childhood:0.97025
computer animation:0.96825
pixar:0.96575
children:0.96175
animation:0.95975
heartbreaking:0.956
kids:0.94875
bittersweet:0.947
imaginary friend:0.94325
sad:0.9415
visually stunning:0.9315
kids and family:0.9215
storytelling:0.9155
nostalgic:0.90425
memory:0.903
original:0.888
san francisco:0.8795
heartwarming:0.8775
coming of age:0.86525
imagination:0.84675
depression:0.8385
cartoon:0.83725
sad but good:0.829
complex:0.82525
loneliness:0.8235
cerebral:0.7855
poignant:0.7845
feel-good:0.783
moving:0.76875
tear jerker:0.768
creativity:0.76625
unlikely friendships:0.7635
cute!:0.752
friendship:0.752
family:0.751
depressing:0.748
runaway:0.748
sentimental:0.74725
cute:0.74725
animated:0.74325
feel good movie:0.73125
melancholic:0.72975
clever:0.72825
drama:0.7235
story:0.71525
toys:0.7055
imdb top 250:0.70425
visually appealing:0.7
tragedy:0.6965
honest:0.68125
mentor:0.681
fun:0.67175
colourful:0.67
good soundtrack:0.66875
great:0.667
dreams:0.666
good:0.64525
simple:0.64525
reflective:0.6445
original plot:0.63275
light:0.63025
sacrifice:0.61975
minnesota:0.619
weird:0.61875
sweet:0.61875
adventure:0.60975
life:0.6095
innocence lost:0.608
destiny:0.6
great ending:0.59975
whimsical:0.592
artistic:0.591
great movie:0.58975
fun movie:0.5875
beautifully filmed:0.5825
visual:0.581
life philosophy:0.5805
adolescence:0.57625
social commentary:0.57
pg:0.5635
transformation:0.56225
very funny:0.55675
allegory:0.55475
comedy:0.554
happy ending:0.5525
animals:0.55
funny:0.55
life & death:0.5465
pg-13:0.544
catastrophe:0.5395
psychology:0.5355
thought-provoking:0.53325
oscar winner:0.532
coming-of-age:0.531
inspirational:0.52275
melancholy:0.5165
