franchise:0.995
serial killer:0.98325
twist ending:0.981
torture:0.9695
gore:0.96125
gory:0.94975
series:0.924
great ending:0.91575
mindfuck:0.90275
brutal:0.89325
horror:0.87725
clever:0.8765
suspense:0.872
gruesome:0.85125
original:0.84775
twists & turns:0.841
blood:0.829
detective:0.796
twist:0.78725
slasher:0.7855
surprise ending:0.76775
bloody:0.7295
brutality:0.72775
police investigation:0.71425
flashbacks:0.71325
great movie:0.68175
plot holes:0.651
revenge:0.61775
predictable:0.58
death:0.569
sequels:0.56325
creativity:0.5215
violence:0.516
insanity:0.512
plot twist:0.512
scary:0.51025
corruption:0.49825
claustrophobic:0.48925
mentor:0.48375
trilogy:0.46
not funny:0.45925
creepy:0.4545
complex:0.4515
psychological:0.44525
murder:0.439
nudity (full frontal):0.437
sequel:0.4355
vengeance:0.43125
pointless:0.421
catastrophe:0.42
police corruption:0.407
great:0.4035
dialogue:0.39175
teens:0.3905
storytelling:0.39025
intense:0.38525
doctors:0.3845
writers:0.38425
not as good as the first:0.36575
destiny:0.364
interesting:0.36325
story:0.35775
sexualized violence:0.35525
suspenseful:0.353
vigilantism:0.35125
weird:0.34675
splatter:0.3445
bad ending:0.3405
adaptation:0.337
male nudity:0.3315
stereotypes:0.32925
drama:0.32825
maze:0.32475
disturbing:0.3225
justice:0.32075
action:0.3185
overrated:0.317
vigilante:0.315
first contact:0.3115
pornography:0.31075
halloween:0.30725
unfunny:0.303
survival:0.30075
nudity (full frontal - brief):0.29975
bad plot:0.294
crappy sequel:0.29325
3d:0.293
reality tv:0.2915
transformation:0.29075
good soundtrack:0.284
violent:0.28
cult film:0.2795
giant robots:0.275
fight scenes:0.27325
life philosophy:0.272
unintentionally funny:0.2695
great acting:0.2675
unusual plot structure:0.26575
cancer:0.26175
runaway:0.2585
