war:0.972
journalism:0.9075
photography:0.86075
reflective:0.85025
social commentary:0.84525
original:0.836
interesting:0.81825
war movie:0.8165
documentary:0.815
poverty:0.80575
intense:0.7905
movielens top pick:0.773
brutality:0.7645
criterion:0.759
narrated:0.75225
political:0.7405
photographer:0.72875
meditative:0.7275
violence:0.7215
iraq:0.71525
politics:0.69175
ethnic conflict:0.6855
powerful ending:0.6495
breathtaking:0.641
storytelling:0.625
oscar (best foreign language film):0.6185
great ending:0.61
silent:0.60575
life philosophy:0.60125
culture clash:0.59675
brutal:0.59425
black and white:0.5835
amazing photography:0.5745
pornography:0.5655
golden palm:0.562
corruption:0.56025
highly quotable:0.55775
philosophy:0.55675
oscar (best actress):0.5565
oscar (best directing):0.55575
harsh:0.54925
imdb top 250:0.548
good:0.54675
intimate:0.54575
realistic:0.54175
dramatic:0.53775
life & death:0.537
stylized:0.53
great:0.5295
psychology:0.5265
wartime:0.5255
good soundtrack:0.5255
life:0.519
mentor:0.5105
justice:0.51025
best war films:0.509
visceral:0.508
grim:0.50175
male nudity:0.50125
honest:0.496
talky:0.493
gunfight:0.4925
melancholic:0.49025
tragedy:0.4845
vietnam:0.48325
stunning:0.483
beautiful scenery:0.47975
courage:0.4785
nocturnal:0.47725
censorship:0.47725
cinematography:0.474
islam:0.47325
destiny:0.46975
complex:0.46825
very good:0.468
thought-provoking:0.46725
adapted from:book:0.46075
visually stunning:0.45925
suprisingly clever:0.45875
enigmatic:0.45825
based on book:0.457
twists & turns:0.45625
allegory:0.4555
anti-war:0.453
feel-good:0.45175
technology:0.4515
excellent script:0.4495
cult classic:0.44925
catastrophe:0.44725
mental illness:0.4465
intelligent:0.444
unusual plot structure:0.443
tense:0.44225
drama:0.437
dialogue:0.43675
runaway:0.42925
psychological:0.427
tricky:0.42675
forceful:0.4265
happy ending:0.424
