drinking:0.96675
alcoholism:0.88075
biographical:0.857
original:0.836
existentialism:0.82275
cult classic:0.819
good soundtrack:0.79975
loneliness:0.7905
life:0.78875
writers:0.7625
depression:0.74525
great movie:0.74025
addiction:0.73175
great acting:0.7285
philosophy:0.71975
character study:0.7155
melancholic:0.70075
relationships:0.69125
great ending:0.68075
life philosophy:0.68075
great:0.662
biopic:0.64825
dialogue:0.6385
homeless:0.616
social commentary:0.61025
storytelling:0.60525
narrated:0.6015
dark hero:0.6005
violent:0.59325
dark humor:0.593
highly quotable:0.5755
writing:0.57325
mentor:0.5695
talky:0.5665
cerebral:0.56625
los angeles:0.55975
gritty:0.55025
criterion:0.54975
reflective:0.54875
very interesting:0.546
life & death:0.544
brutality:0.543
honest:0.535
redemption:0.5295
bleak:0.5285
based on a play:0.52325
depressing:0.52225
stylized:0.52175
biography:0.51825
poignant:0.51675
california:0.5165
books:0.51625
weird:0.51525
adaptation:0.5065
harsh:0.50325
melancholy:0.50275
drama:0.501
quotable:0.49975
pulp:0.4925
adapted from:book:0.48525
enigmatic:0.48475
cult film:0.4775
wistful:0.459
multiple storylines:0.4585
quirky:0.45525
sarcasm:0.45475
drugs:0.44875
intimate:0.44475
visually appealing:0.4445
solitude:0.44225
poetry:0.44125
nudity (full frontal - notable):0.44075
golden palm:0.44
entirely dialogue:0.43375
great soundtrack:0.428
greed:0.423
nocturnal:0.42175
mental illness:0.42075
dark:0.42
fighting the system:0.419
crazy:0.419
crime gone awry:0.41775
intellectual:0.417
good dialogue:0.4165
black comedy:0.41575
underrated:0.41575
based on a book:0.4145
alter ego:0.414
death:0.413
obsession:0.41225
suprisingly clever:0.412
twists & turns:0.41175
creativity:0.40825
philosophical:0.4075
intense:0.4065
oscar (best supporting actress):0.406
dark comedy:0.39975
transformation:0.397
special:0.3935
goofy:0.3905
