loneliness:0.87275
criterion:0.7485
original:0.73475
relationships:0.7275
paris:0.72425
golden palm:0.62375
life philosophy:0.618
melancholic:0.617
existentialism:0.60975
intimate:0.58775
quirky:0.563
bittersweet:0.55175
french:0.5415
independent film:0.52925
good soundtrack:0.4975
entirely dialogue:0.4975
dialogue:0.47625
unlikely friendships:0.47175
unusual plot structure:0.4695
talky:0.46575
solitude:0.46575
melancholy:0.44825
working class:0.4275
suprisingly clever:0.4235
pointless:0.42225
gay character:0.41975
catastrophe:0.419
enigmatic:0.41575
life:0.4095
ironic:0.4035
reflective:0.4025
very interesting:0.40075
life & death:0.39725
weird:0.39125
light:0.388
harsh:0.378
pornography:0.3745
very funny:0.3655
indie:0.3655
feel-good:0.3615
social commentary:0.35225
great ending:0.35175
bleak:0.346
mentor:0.34325
feel good movie:0.34225
obsession:0.341
friendship:0.33625
identity:0.332
brutality:0.33125
redemption:0.33025
affectionate:0.32725
gay:0.32
love:0.31675
oscar (best foreign language film):0.31675
nocturnal:0.31175
culture clash:0.311
character study:0.31075
not funny:0.30375
philosophical:0.3025
depressing:0.30175
drinking:0.30175
nudity (full frontal - brief):0.296
downbeat:0.29425
intellectual:0.29275
crime gone awry:0.29275
queer:0.288
cinematography:0.2875
grindhouse:0.28375
witty:0.28125
destiny:0.2795
storytelling:0.277
runaway:0.275
simple:0.26975
author:neil gaiman:0.269
meditative:0.26875
stylized:0.26675
eccentricity:0.264
nudity (full frontal - notable):0.2635
interesting:0.26275
movielens top pick:0.26
new jersey:0.259
cerebral:0.255
finnish:0.2515
dysfunctional family:0.2515
sexy:0.251
transformation:0.25075
stereotypes:0.25
great:0.25
realistic:0.24875
france:0.2485
writers:0.24675
entertaining:0.23225
bollywood:0.23225
passionate:0.231
visually appealing:0.23025
tokyo:0.23
depression:0.229
foreign:0.22725
gritty:0.2245
fantasy world:0.22275
