touching:0.97025
humanity:0.87775
emotional:0.8735
poignant:0.8415
tear jerker:0.837
male nudity:0.83275
compassionate:0.812
life & death:0.77525
bittersweet:0.773
sentimental:0.767
cancer:0.74775
technology:0.7455
original:0.73075
life philosophy:0.728
first contact:0.721
destiny:0.71825
loneliness:0.70475
earnest:0.693
alone in the world:0.68075
feel-good:0.659
catastrophe:0.6535
death:0.64925
sappy:0.6475
natural disaster:0.6415
mentor:0.59125
science:0.58825
existentialism:0.5835
transformation:0.57425
end of the world:0.56725
pg-13:0.56675
heartwarming:0.552
redemption:0.5475
disability:0.5425
passionate:0.53775
sad:0.53475
thought-provoking:0.53375
heartbreaking:0.5285
story:0.52475
honest:0.51475
feel good movie:0.5105
inspiring:0.50725
reflective:0.5045
sad but good:0.50175
jesus:0.499
childhood:0.49625
predictable:0.494
internet:0.49375
inspirational:0.4905
special effects:0.48675
supernatural:0.486
good:0.48325
apocalypse:0.478
bullying:0.4655
life:0.464
love story:0.4635
survival:0.46225
philosophy:0.4585
science fiction:0.45725
bad plot:0.45075
great ending:0.4505
small town:0.4505
visually stunning:0.449
great:0.4475
solitude:0.4425
scifi:0.43825
sci fi:0.43475
good soundtrack:0.426
moving:0.42575
weird:0.41425
big budget:0.41325
simple:0.4
unlikely friendships:0.39525
storytelling:0.395
shallow:0.39075
dramatic:0.38975
underrated:0.38725
great acting:0.3855
courage:0.382
special:0.3805
drama:0.38
nudity (topless - notable):0.37175
friendship:0.3695
stereotypes:0.36775
cerebral:0.3665
sacrifice:0.36325
fantasy:0.36175
dialogue:0.35875
melancholic:0.358
culture clash:0.3555
family:0.352
vengeance:0.3515
intimate:0.3505
god:0.34875
happy ending:0.348
hospital:0.344
bad cgi:0.341
philosophical:0.34075
original plot:0.33825
beautiful scenery:0.3355
future:0.33025
