girlie movie:0.99475
teen movie:0.9925
chick flick:0.98025
teen:0.94625
romantic comedy:0.9365
happy ending:0.915
teens:0.871
high school:0.85725
romance:0.85175
romantic:0.826
teenagers:0.71875
cute!:0.70575
cute:0.69775
cheerleading:0.68075
predictable:0.652
sweet:0.635
original:0.59825
pg-13:0.56925
fun movie:0.54225
geeks:0.5365
teenager:0.52775
stereotypes:0.51325
better than expected:0.5115
great:0.51
internet:0.507
love story:0.5045
horrible:0.45675
catastrophe:0.45175
feel-good:0.4385
fun:0.43225
based on a book:0.42175
good soundtrack:0.41025
school:0.40175
great ending:0.3835
switching places:0.382
so bad it's funny:0.369
feel good movie:0.365
women:0.3645
good romantic comedies:0.36175
silly:0.36175
good:0.3565
mentor:0.35575
dialogue:0.3535
drama:0.3505
fairy tale:0.34675
cool:0.32625
not funny:0.3255
cheesy:0.3195
sappy:0.301
fairy tales:0.29675
overrated:0.296
adaptation:0.29425
geek:0.2855
sexy:0.2845
family:0.28425
great acting:0.28425
story:0.282
transformation:0.27425
fantasy world:0.2725
runaway:0.27075
very funny:0.26625
bad plot:0.266
life philosophy:0.26125
bad acting:0.25725
suprisingly clever:0.25575
destiny:0.25575
nerds:0.25325
shallow:0.253
awesome soundtrack:0.2525
unfunny:0.24825
unrealistic:0.2475
storytelling:0.2465
shopping:0.24325
fight scenes:0.243
crude humor:0.2415
first contact:0.2395
dance:0.23925
corny:0.239
brutality:0.23475
stupid:0.2345
great movie:0.23325
sisters:0.22825
bad:0.22375
lone hero:0.22275
stupid as hell:0.222
bullying:0.22125
san francisco:0.21925
funny:0.219
dreams:0.21375
vampire human love:0.2115
culture clash:0.21025
friendship:0.20975
dumb:0.2095
fantasy:0.209
silly fun:0.207
police investigation:0.2045
entirely dialogue:0.20125
comedy:0.19975
slapstick:0.19875
light:0.198
