wartime:0.99175
world war ii:0.9915
wwii:0.96425
adventure:0.959
action:0.9545
70mm:0.95425
best war films:0.9535
story:0.924
tense:0.9
foul language:0.891
classic:0.8745
gunfight:0.865
good action:0.84925
imdb top 250:0.847
war:0.83975
great movie:0.83775
german:0.83125
dramatic:0.81725
dialogue:0.81375
sacrifice:0.813
forceful:0.8105
action packed:0.80125
oscar (best directing):0.795
special effects:0.7865
nazis:0.77525
original:0.7715
island:0.7715
runaway:0.7665
suspense:0.75225
great acting:0.749
exciting:0.7465
weapons:0.74375
intense:0.74225
great:0.74225
drama:0.734
realistic:0.7325
oscar winner:0.7105
mentor:0.69175
moral ambiguity:0.6855
guns:0.68375
good acting:0.68325
good:0.66475
chase:0.66475
betrayal:0.6615
survival:0.656
script:0.6485
justice:0.6485
lone hero:0.64525
british:0.6385
espionage:0.63325
excellent:0.63225
fun movie:0.632
war movie:0.62825
suspenseful:0.628
nazi:0.61825
violence:0.6155
germany:0.60775
culture clash:0.5905
entertaining:0.587
breathtaking:0.582
great ending:0.581
beautiful scenery:0.577
cinematography:0.57675
historical:0.568
ensemble cast:0.566
stranded:0.56475
oscar (best supporting actor):0.563
excellent script:0.56125
vengeance:0.5585
violent:0.556
harsh:0.55325
oscar:0.55175
explosions:0.5495
visceral:0.545
oscar (best supporting actress):0.5425
fight scenes:0.5415
clever:0.5405
twists & turns:0.53625
highly quotable:0.533
desert:0.5325
assassination:0.5315
exceptional acting:0.5305
anti-war:0.52975
courage:0.52775
factual:0.522
idealism:0.52175
fast paced:0.519
good soundtrack:0.51725
over the top:0.51475
oscar (best cinematography):0.5145
powerful ending:0.51425
affectionate:0.51
epic:0.50925
unusual plot structure:0.50075
adaptation:0.5
adapted from:book:0.4965
brutality:0.49575
quotable:0.493
oscar (best actress):0.492
based on book:0.48825
