space travel:0.99
space:0.98775
astronauts:0.97275
imagination:0.9565
surreal:0.94825
science fiction:0.93375
sci-fi:0.9265
scifi:0.9045
sci fi:0.90375
moon:0.89725
weird:0.876
visually appealing:0.874
original:0.85375
aliens:0.8535
black and white:0.8525
whimsical:0.84925
storytelling:0.8465
imdb top 250:0.84375
criterion:0.8395
masterpiece:0.8355
narrated:0.818
silent:0.80375
creativity:0.801
cerebral:0.7925
talky:0.781
classic:0.77625
enigmatic:0.773
surrealism:0.74975
mars:0.7495
visual:0.74425
dreamlike:0.73775
space program:0.72375
childhood:0.7165
stop motion:0.714
artistic:0.71175
breathtaking:0.68975
golden palm:0.6765
fantasy:0.669
stylized:0.6495
existentialism:0.6475
alien:0.6435
oscar (best directing):0.643
cult classic:0.64175
dreams:0.63675
absurd:0.6345
unusual plot structure:0.628
social commentary:0.62775
oscar (best actress):0.627
very interesting:0.622
strange:0.6215
technology:0.61975
special effects:0.6195
visually stunning:0.6175
cinematography:0.615
light:0.61375
free to download:0.612
allegory:0.61125
interesting:0.602
story:0.5985
greed:0.585
melancholic:0.58375
art:0.572
clever:0.55875
atmospheric:0.55825
reflective:0.5545
first contact:0.55425
loneliness:0.554
great ending:0.54325
suprisingly clever:0.5345
runaway:0.532
nonlinear:0.52025
alternate reality:0.51475
beautifully filmed:0.5115
based on book:0.51125
affectionate:0.5105
melancholy:0.50875
based on a book:0.507
satirical:0.50175
cult film:0.49775
meditative:0.4935
afi 100 (laughs):0.48975
thought-provoking:0.4835
nudity (full frontal - notable):0.48175
paranoid:0.471
culture clash:0.46975
humorous:0.46825
oscar (best foreign language film):0.4675
adventure:0.4645
adaptation:0.46425
mindfuck:0.463
good soundtrack:0.45975
afi 100 (movie quotes):0.4575
oscar (best writing - screenplay written directly for the screen):0.453
great movie:0.45225
fun movie:0.4485
dialogue:0.447
life & death:0.44625
tense:0.44525
1950s:0.44475
fantasy world:0.44325
