quirky:0.89775
independent film:0.886
existentialism:0.883
writers:0.87625
intellectual:0.84325
original:0.8375
deadpan:0.835
pornography:0.805
storytelling:0.799
artistic:0.79625
dialogue:0.778
cerebral:0.77675
weird:0.76725
pretentious:0.7535
loneliness:0.74375
mentor:0.73625
great ending:0.7295
good soundtrack:0.7185
stylized:0.715
philosophical:0.71075
redemption:0.7035
enigmatic:0.696
indie:0.695
talky:0.675
philosophy:0.6685
visually appealing:0.6645
life philosophy:0.6615
writing:0.65475
social commentary:0.6425
life & death:0.6385
reflective:0.637
bittersweet:0.63625
art house:0.62975
poetry:0.62875
unlikely friendships:0.6265
mental illness:0.61525
melancholic:0.61275
thought-provoking:0.60875
allegory:0.59925
artist:0.5895
off-beat comedy:0.58925
creativity:0.58775
entirely dialogue:0.5835
suburbia:0.58275
drinking:0.5665
melancholy:0.56275
art:0.55575
ironic:0.5545
life:0.55075
bad ending:0.54925
great:0.54775
intimate:0.533
obsession:0.5325
complex:0.52675
criterion:0.5265
meditative:0.52225
writer's life:0.51175
interesting:0.51
cult classic:0.50725
honest:0.50025
bleak:0.497
grim:0.49125
harsh:0.486
understated:0.48475
literature:0.4805
humorous:0.472
story:0.4705
very interesting:0.467
greed:0.46375
distopia:0.4635
depression:0.46
underrated:0.4545
catastrophe:0.4485
culture clash:0.44275
small town:0.438
brutality:0.436
relationships:0.43325
compassionate:0.43025
suicide:0.429
original plot:0.42675
golden palm:0.42575
drama:0.42325
affectionate:0.421
dysfunctional family:0.41975
solitude:0.4175
character study:0.41475
dark hero:0.40325
whimsical:0.4005
satirical:0.39975
cult film:0.39925
bad acting:0.398
crime gone awry:0.39425
narrated:0.39375
transformation:0.387
dark humor:0.3845
violence:0.37
friendship:0.37
adaptation:0.369
suprisingly clever:0.36625
nudity (topless - notable):0.3625
