slasher:0.99025
franchise:0.99
teens:0.978
horror:0.95725
serial killer:0.95675
dreams:0.911
murder:0.89825
good sequel:0.884
sequels:0.8755
original:0.85725
crappy sequel:0.8085
sequel:0.788
revenge:0.788
scary:0.72225
male nudity:0.69075
goofy:0.6525
bad acting:0.6265
special effects:0.61975
teen movie:0.619
series:0.606
brutality:0.58625
gay:0.583
predictable:0.5725
halloween:0.56925
police investigation:0.5685
great ending:0.555
bad plot:0.55275
teenagers:0.5415
horrible:0.5415
camp:0.541
pointless:0.529
80s:0.52
queer:0.51725
violence:0.505
creepy:0.5035
supernatural:0.4985
vengeance:0.4975
demons:0.491
fantasy world:0.49075
pornography:0.4735
nudity (topless):0.467
gory:0.46525
bloody:0.46425
suspense:0.46075
mentor:0.456
weird:0.433
teen:0.4315
original plot:0.42775
gay character:0.42375
surreal:0.42375
overrated:0.423
family:0.41725
lame:0.414
campy:0.4135
dialogue:0.41125
nudity:0.40575
dreamlike:0.398
catastrophe:0.38975
adaptation:0.38875
death:0.38725
not funny:0.38325
fantasy:0.36675
first contact:0.3625
good soundtrack:0.36175
weapons:0.3535
cheesy:0.347
writers:0.346
stupid as hell:0.34125
effects:0.33675
fight scenes:0.33675
idiotic:0.33675
grindhouse:0.334
splatter:0.32875
cool:0.32175
bizarre:0.32
sci fi:0.31625
stupid:0.3145
bad:0.3145
good:0.31325
sexualized violence:0.313
blood:0.3125
cult film:0.3105
creativity:0.30975
suspenseful:0.30925
violent:0.308
erotic:0.30775
fun movie:0.307
nudity (full frontal - notable):0.306
slapstick:0.30425
high school:0.2985
visually stunning:0.29675
so bad it's funny:0.29525
gruesome:0.29325
quirky:0.292
entirely dialogue:0.2915
story:0.29075
insanity:0.288
shallow:0.2875
transformation:0.2875
storytelling:0.2835
