serial killer:0.97225
stylish:0.94525
violence:0.93175
twists & turns:0.92025
tense:0.901
nocturnal:0.8915
original:0.88975
violent:0.84075
investigation:0.838
brutality:0.83775
grindhouse:0.83275
nudity (topless - brief):0.82375
murder:0.805
mystery:0.8025
dark:0.7955
gory:0.794
cinematography:0.79325
murder mystery:0.79
70mm:0.78575
suspenseful:0.774
psychological:0.76425
sexualized violence:0.755
brutal:0.75
pornography:0.7465
very interesting:0.7455
insanity:0.7295
supernatural:0.7195
ennio morricone:0.703
male nudity:0.69625
suspense:0.692
complex:0.6895
bloody:0.68675
cult film:0.6855
genetics:0.6815
mindfuck:0.6535
complicated plot:0.64475
gruesome:0.63825
blindness:0.634
claustrophobic:0.63275
creepy:0.63125
macabre:0.63075
kidnapping:0.62675
thriller:0.62625
special:0.614
voyeurism:0.5905
surreal:0.58975
visually appealing:0.5895
detective:0.58925
twist:0.588
atmospheric:0.5845
horror:0.57775
enigmatic:0.5685
splatter:0.56475
great ending:0.56425
dialogue:0.56125
nudity (full frontal - notable):0.54925
psychology:0.54525
dreamlike:0.542
weird:0.53575
interesting:0.532
disturbing:0.52575
cult classic:0.52575
storytelling:0.52425
criterion:0.518
narrated:0.51625
chase:0.51225
dark humor:0.506
visceral:0.50425
cerebral:0.504
underrated:0.4985
runaway:0.4875
clever:0.483
obsession:0.48
paranoid:0.477
allegory:0.47225
stylized:0.47225
good soundtrack:0.4715
cynical:0.465
visual:0.46175
nudity (rear):0.461
tricky:0.45675
drugs:0.448
mentor:0.435
paranoia:0.4325
nudity (topless):0.43225
adaptation:0.43125
bad ending:0.42425
harsh:0.424
not funny:0.4205
identity:0.4165
downbeat:0.41575
slasher:0.41525
crime:0.407
police investigation:0.405
vengeance:0.4025
eerie:0.402
grim:0.40175
blood:0.40025
secrets:0.39875
twist ending:0.39775
