based on a book:0.989
alien:0.987
adapted from:book:0.976
aliens:0.974
alien invasion:0.964
based on book:0.958
sci-fi:0.9515
scifi:0.9495
science fiction:0.9325
sci fi:0.9215
futuristic:0.85475
book:0.823
adaptation:0.8205
books:0.79975
special effects:0.78325
mars:0.76925
original:0.74
book was better:0.73975
so bad it's funny:0.7275
first contact:0.6975
story:0.60275
action:0.59275
paranoia:0.56525
suspense:0.56025
effects:0.526
dialogue:0.5195
predictable:0.5105
bad plot:0.50325
great ending:0.49425
great:0.49075
happy ending:0.49075
big budget:0.4905
visually appealing:0.48125
transformation:0.4595
catastrophe:0.4545
chase:0.451
literature:0.43975
monster:0.43725
adventure:0.4285
life philosophy:0.42675
cerebral:0.41875
mentor:0.41825
weird:0.4045
good:0.4
plot holes:0.3975
original plot:0.3815
distopia:0.38125
pg-13:0.38025
runaway:0.37125
pointless:0.36975
romantic:0.36225
writers:0.357
science:0.3515
cult film:0.34825
alternate universe:0.346
campy:0.3445
not funny:0.3435
allegory:0.34325
fantasy:0.34275
action packed:0.3425
fantasy world:0.33825
mythology:0.337
better than expected:0.334
entertaining:0.33075
absurd:0.32725
brutality:0.32725
justice:0.3265
good soundtrack:0.319
weapons:0.31825
storytelling:0.315
destiny:0.31325
visual:0.31225
redemption:0.30875
beautiful scenery:0.3085
fun movie:0.3075
violent:0.3015
silly:0.30075
visually stunning:0.29875
vengeance:0.29625
entirely dialogue:0.2955
natural disaster:0.28975
satirical:0.285
harsh:0.28275
small town:0.282
police investigation:0.282
bad cgi:0.2795
creativity:0.27625
franchise:0.2755
unfunny:0.27475
cult classic:0.27475
scary:0.2745
awful:0.27275
family:0.2725
nudity (topless):0.272
fun:0.269
suprisingly clever:0.26775
space:0.2665
pornography:0.2665
fight scenes:0.2665
overrated:0.26575
