christmas:0.998
holiday:0.988
story:0.92725
dr. seuss:0.92125
based on a book:0.91625
children:0.898
adapted from:book:0.86825
original:0.7905
remake:0.77225
cartoon:0.77075
fantasy:0.7685
adaptation:0.74175
family:0.73975
based on book:0.73075
whimsical:0.66725
big budget:0.6665
good:0.663
fantasy world:0.66275
books:0.651
kids and family:0.6325
dialogue:0.627
destiny:0.625
childhood:0.62475
fairy tale:0.613
goofy:0.612
special effects:0.59975
silly:0.59825
fun movie:0.5845
silly fun:0.584
comedy:0.57825
computer animation:0.578
predictable:0.57
fun:0.53725
narrated:0.53575
catastrophe:0.5355
crude humor:0.533
magic:0.52825
script:0.52425
greed:0.52025
visually stunning:0.5125
pg-13:0.5125
classic:0.50675
kids:0.50175
imagination:0.49975
redemption:0.4945
creativity:0.49375
great:0.49225
mentor:0.4625
cute:0.4615
storytelling:0.4585
funny:0.45325
great ending:0.43875
visuals:0.4365
horrible:0.434
so bad it's funny:0.43325
very funny:0.4315
slapstick:0.42175
unfunny:0.4215
dynamic cgi action:0.41925
transformation:0.411
visual:0.41075
feel-good:0.40425
natural disaster:0.398
first contact:0.3955
cute!:0.39525
bad plot:0.38825
chocolate:0.38675
light:0.3695
great movie:0.36675
book was better:0.3595
god:0.355
bad cgi:0.3515
entertaining:0.349
adventure:0.34775
literature:0.34275
weird:0.341
stylized:0.338
runaway:0.3365
original plot:0.328
feel good movie:0.32575
absurd:0.3245
heartwarming:0.3245
book:0.32425
overrated:0.3105
special:0.3105
fairy tales:0.30975
clever:0.3055
action:0.2995
loneliness:0.299
life philosophy:0.297
disaster:0.29625
mythology:0.293
culture clash:0.292
beautiful scenery:0.2915
brutality:0.29125
visually appealing:0.28925
queer:0.28725
fight scenes:0.2855
death:0.2835
island:0.283
