iraq war:0.981
documentary:0.97475
politics:0.96975
iraq:0.96275
corruption:0.95525
islam:0.94375
military:0.93075
oil:0.90575
weapons:0.8735
civil war:0.8605
political:0.85125
war:0.80975
complex:0.79325
propaganda:0.7885
journalism:0.7775
greed:0.77425
foreign:0.76825
iran:0.76575
factual:0.7655
original:0.76275
israel:0.7615
manipulation:0.7435
wartime:0.6845
oscar (best directing):0.68425
honest:0.68125
war movie:0.678
idealism:0.66075
social commentary:0.65975
forceful:0.6545
movielens top pick:0.63925
middle east:0.63625
culture clash:0.6095
interesting:0.59275
dramatic:0.5885
business:0.58325
world politics:0.5775
tragedy:0.575
powerful ending:0.54325
intimate:0.54225
violence:0.5395
us history:0.52975
brutality:0.5285
realistic:0.52175
catastrophe:0.51925
oscar (best foreign language film):0.516
women:0.515
president:0.51475
9/11:0.5145
pornography:0.508
criterion:0.50475
narrated:0.50425
guilt:0.50375
great ending:0.501
mentor:0.501
twists & turns:0.496
prejudice:0.49575
beautiful scenery:0.4955
california:0.49
betrayal:0.4805
ethnic conflict:0.48
talky:0.4745
terrorism:0.4655
capitalism:0.46075
sacrifice:0.45825
history:0.45675
cinematography:0.45625
suprisingly clever:0.4515
imdb top 250:0.44425
thought-provoking:0.43825
cold war:0.43175
harsh:0.42675
stupidity:0.418
excellent script:0.41625
censorship:0.4155
heartbreaking:0.4105
torture:0.41
earnest:0.4085
breathtaking:0.40625
not funny:0.40525
investigation:0.40425
great acting:0.40225
good soundtrack:0.401
good acting:0.4
police investigation:0.399
poland:0.39875
good:0.398
light:0.39725
melancholic:0.3935
radio:0.3905
intense:0.383
morality:0.3815
dialogue:0.38
absurd:0.37225
storytelling:0.37175
amazing photography:0.37175
intellectual:0.3715
drama:0.36825
brainwashing:0.36575
very interesting:0.3625
runaway:0.36175
