jews:0.99225
talky:0.981
imdb top 250:0.98
nazis:0.9795
world war ii:0.97725
nazi:0.977
fascism:0.97125
satire:0.93975
wartime:0.9295
political:0.926
criterion:0.9225
poland:0.919
germany:0.91625
anti-semitism:0.915
wwii:0.884
satirical:0.883
masterpiece:0.87575
holocaust:0.87425
classic:0.86325
silent:0.8495
propaganda:0.83925
social commentary:0.83225
jewish:0.83225
dramatic:0.82475
comedy:0.8075
oscar (best directing):0.806
original:0.7955
war:0.7915
humorous:0.79025
greed:0.78
idealism:0.77975
great ending:0.7725
black and white:0.755
politics:0.7515
powerful ending:0.74575
afi 100 (laughs):0.739
great movie:0.716
sarcasm:0.70825
oscar (best foreign language film):0.7065
hilarious:0.70375
great:0.6955
witty:0.6935
oscar (best actress):0.68875
clever:0.68875
dialogue:0.6885
absurd:0.68075
drama:0.68075
funny:0.6785
1930s:0.6785
movielens top pick:0.67175
tragedy:0.67025
narrated:0.66825
suprisingly clever:0.6645
melancholic:0.6515
great acting:0.65125
golden palm:0.63725
very funny:0.636
brutality:0.6275
humor:0.62725
german:0.62725
unusual plot structure:0.62175
genocide:0.62175
judaism:0.6215
sacrifice:0.6115
parody:0.6095
allegory:0.60875
earnest:0.60475
anti-war:0.602
culture clash:0.59875
grim:0.595
runaway:0.59425
forceful:0.59275
quotable:0.58925
poignant:0.5875
mistaken identity:0.58275
world war i:0.58125
compassionate:0.57975
courage:0.57825
affectionate:0.57175
ethnic conflict:0.56475
storytelling:0.5625
best war films:0.56225
oscar (best supporting actress):0.56225
highly quotable:0.55975
camp:0.55825
breathtaking:0.55775
historical:0.55675
us history:0.54875
corruption:0.54825
artistic:0.542
visual:0.54025
history:0.5365
visually appealing:0.53025
harsh:0.53
assassination:0.53
excellent script:0.52175
prejudice:0.5195
good soundtrack:0.51725
cynical:0.51425
atmospheric:0.5045
