surveillance:0.944
violence:0.89075
weird:0.859
enigmatic:0.85875
cerebral:0.76
hit men:0.74325
existentialism:0.73975
poetry:0.7315
pointless:0.70725
original:0.695
pretentious:0.65625
art house:0.6455
los angeles:0.61475
dialogue:0.60075
sexualized violence:0.59925
very interesting:0.59475
twists & turns:0.59325
intellectual:0.5905
absurd:0.58225
visual:0.582
stylized:0.55125
entirely dialogue:0.5465
lynch:0.54475
surreal:0.5435
mindfuck:0.542
spying:0.5415
paranoia:0.539
loneliness:0.52975
brutality:0.52075
artsy:0.50725
visually appealing:0.498
no plot:0.48075
complex:0.478
fantasy world:0.46975
melancholic:0.4595
good soundtrack:0.459
violent:0.459
mentor:0.45225
visceral:0.45075
visually stunning:0.44875
life philosophy:0.44725
writers:0.4405
thought-provoking:0.43825
pornography:0.42925
art:0.42575
satirical:0.4245
confusing:0.42425
great ending:0.42325
catastrophe:0.42325
nudity (full frontal - notable):0.423
ensemble cast:0.421
greed:0.42025
visuals:0.41275
so bad it's funny:0.407
allegory:0.406
first contact:0.40325
nocturnal:0.39975
nudity (full frontal - brief):0.3995
cinematography:0.39825
pulp:0.398
corruption:0.3945
multiple storylines:0.39425
parallel universe:0.39275
nudity (rear):0.38775
life & death:0.38725
conspiracy:0.38175
betrayal:0.373
social commentary:0.37275
nudity (topless - notable):0.37225
vengeance:0.37125
bad ending:0.368
talky:0.36725
sci fi:0.36475
storytelling:0.35525
bizarre:0.353
futuristic:0.35125
crime:0.351
adaptation:0.35025
creativity:0.347
philosophical:0.343
slow paced:0.339
harsh:0.339
natural disaster:0.33825
death:0.33575
fashion:0.333
not funny:0.3275
quirky:0.32675
ironic:0.32525
technology:0.324
predictable:0.322
interesting:0.3215
cult film:0.32125
dreamlike:0.32
dysfunctional family:0.32
destiny:0.3175
off-beat comedy:0.31725
story:0.31425
redemption:0.31175
relationships:0.3095
drama:0.3035
