animals:0.97225
dog:0.92475
family:0.9065
animal movie:0.895
dogs:0.85575
lions:0.825
children:0.81325
original:0.73775
camp:0.708
predictable:0.661
kids:0.65025
talking animals:0.64
animated:0.6025
cute!:0.58275
animation:0.5575
hunting:0.547
disney:0.54175
cute:0.54075
tear jerker:0.51525
mentor:0.5115
kids and family:0.50975
dialogue:0.49775
bad plot:0.46775
death:0.4535
cartoon:0.44775
natural disaster:0.44625
fun:0.44
catastrophe:0.43675
great ending:0.433
silly fun:0.42325
chase:0.4215
great:0.411
survival:0.40525
story:0.4045
overrated:0.39875
lone hero:0.391
childhood:0.38525
special effects:0.38225
touching:0.38225
adventure:0.38075
destiny:0.378
brutality:0.3755
storytelling:0.37225
adaptation:0.36875
unusual plot structure:0.3675
not funny:0.36675
passionate:0.364
life philosophy:0.361
violence:0.359
fantasy:0.35375
entertaining:0.34975
good:0.34925
humanity:0.347
cinematography:0.335
first contact:0.33125
slapstick:0.331
fun movie:0.32875
fight scenes:0.32825
based on a book:0.32325
emotional:0.321
fantasy world:0.317
entirely dialogue:0.31675
disaster:0.31675
foul language:0.31175
absurd:0.30675
birds:0.30425
happy ending:0.30375
culture clash:0.29975
heartbreaking:0.29675
unlikely friendships:0.29625
adapted from:book:0.2955
cult film:0.29275
nostalgic:0.28725
greed:0.28375
intense:0.28275
drama:0.28275
multiple storylines:0.2825
high school:0.2825
runaway:0.278
redemption:0.2775
based on book:0.2695
crappy sequel:0.2655
goofy:0.265
art:0.2645
good soundtrack:0.26375
courage:0.2635
franchise:0.26325
twists & turns:0.26175
solitude:0.2605
male nudity:0.25425
simple:0.2535
pulp:0.2535
nocturnal:0.25325
twist ending:0.253
allegory:0.2525
too short:0.251
feel-good:0.2485
loneliness:0.24575
vengeance:0.244
inspirational:0.24325
