hallucinatory:0.9875
science fiction:0.96275
psychedelic:0.95775
visual:0.94125
cerebral:0.93375
weird:0.9065
visually stunning:0.893
scifi:0.87825
sci fi:0.865
based on a book:0.85675
obsession:0.84925
mad scientist:0.8405
ominous:0.818
futuristic:0.8175
surreal:0.8175
paranoid:0.816
creepy:0.81175
visually appealing:0.811
science:0.80775
schizophrenia:0.78975
special effects:0.78725
enigmatic:0.78575
life & death:0.78425
intellectual:0.7785
original:0.76725
intelligent sci-fi:0.767
technology:0.7565
very interesting:0.75425
metaphysics:0.74975
psychological:0.74825
philosophical:0.748
mindfuck:0.746
sci-fi:0.74575
psychology:0.74125
effects:0.737
humanity:0.73325
stoner movie:0.72225
philosophy:0.718
meditative:0.71575
genetics:0.71025
thought-provoking:0.70625
first contact:0.696
existentialism:0.69525
bizarre:0.6945
nudity (topless - notable):0.68975
isolation:0.68775
imagination:0.676
great ending:0.67575
storytelling:0.67025
cult classic:0.67025
drugs:0.66475
visuals:0.66025
dialogue:0.65925
visceral:0.62525
disturbing:0.623
complex:0.61475
allegory:0.6125
talky:0.6115
transformation:0.6115
loneliness:0.60925
stunning:0.6065
memory:0.60475
redemption:0.5835
story:0.57775
based on book:0.57
life philosophy:0.56325
space:0.563
cult film:0.5615
strange:0.55725
bad ending:0.557
absurd:0.54175
eerie:0.5405
cinematography:0.54
breathtaking:0.53975
eccentricity:0.53975
social commentary:0.5375
love:0.53
drug abuse:0.517
insanity:0.516
dystopic future:0.5075
melancholic:0.507
catastrophe:0.505
writers:0.49975
astronauts:0.49725
criterion:0.496
greed:0.49275
tense:0.48625
dreamlike:0.48
distopia:0.48
nonlinear:0.475
indians:0.47375
dreams:0.47275
interesting:0.4685
doctors:0.4685
pretentious:0.46725
sexualized violence:0.46625
surrealism:0.44675
narrated:0.44025
good soundtrack:0.4395
masterpiece:0.437
