kids and family:0.966
animation:0.92525
animated:0.8585
cartoon:0.85225
talking animals:0.77425
animals:0.765
childhood:0.71225
fairy tale:0.71075
children:0.70725
disney animated feature:0.685
kids:0.67325
original:0.66025
humanity:0.656
nostalgic:0.6535
environment:0.651
fun movie:0.64725
jungle:0.6245
great:0.59825
fantasy:0.57175
greed:0.54325
cute:0.54275
cute!:0.52375
magic:0.52025
life philosophy:0.509
good:0.50825
environmental:0.49775
disney:0.49125
fun:0.486
catastrophe:0.4835
family:0.4605
story:0.4275
good soundtrack:0.4225
adventure:0.42175
too short:0.421
mentor:0.421
fairy tales:0.41125
dialogue:0.407
destiny:0.39975
natural disaster:0.39775
predictable:0.384
great ending:0.37375
love:0.3685
redemption:0.35425
so bad it's funny:0.343
teen movie:0.34225
fantasy world:0.341
goofy:0.337
silly fun:0.3335
transformation:0.32975
not funny:0.32675
animal movie:0.32575
storytelling:0.32475
creativity:0.314
entertaining:0.31225
musical:0.312
great movie:0.30525
visually stunning:0.30075
brutality:0.298
visuals:0.29775
mythology:0.29
bad cgi:0.2875
first contact:0.28625
technology:0.2855
culture clash:0.28475
bad plot:0.284
lone hero:0.28275
simple:0.282
very funny:0.28125
adaptation:0.27625
stereotypes:0.27425
computer animation:0.2735
underrated:0.2675
unlikely friendships:0.2655
thought-provoking:0.26425
sentimental:0.263
good versus evil:0.262
multiple storylines:0.25975
whimsical:0.25825
touching:0.257
fight scenes:0.25175
high fantasy:0.249
romance:0.248
shallow:0.2465
suprisingly clever:0.24475
clever:0.2435
sweet:0.24325
girlie movie:0.2405
dinosaurs:0.23825
entirely dialogue:0.238
light:0.238
adapted from:book:0.2375
ecology:0.23375
quotable:0.23275
beautiful scenery:0.232
oscar (best music - original song):0.2315
disturbing:0.23025
unfunny:0.23025
reflective:0.22975
nudity (full frontal - brief):0.22725
unusual plot structure:0.22575
