politics:0.99075
social commentary:0.97425
capitalism:0.95875
political:0.94875
greed:0.93175
documentary:0.9245
poverty:0.9125
factual:0.8895
corruption:0.856
mentor:0.84125
oscar (best directing):0.83825
oscar (best actress):0.83075
powerful ending:0.8185
manipulation:0.81775
excellent script:0.81625
idealism:0.80825
narrated:0.7985
business:0.77975
revolution:0.775
money:0.77425
culture clash:0.7595
interesting:0.7575
environmental:0.7495
great acting:0.74325
race issues:0.73625
thought-provoking:0.73025
good:0.72875
intelligent:0.71475
fun movie:0.7145
passionate:0.7025
propaganda:0.6935
dramatic:0.6925
morality:0.68975
depression:0.689
obsession:0.6705
earnest:0.66875
censorship:0.64525
suspense:0.64325
oscar winner:0.6325
runaway:0.6315
very interesting:0.6245
california:0.6205
based on book:0.62
destiny:0.6095
life & death:0.6
forceful:0.59825
movielens top pick:0.595
tragedy:0.5915
adapted from:book:0.588
police investigation:0.584
criterion:0.582
cheating:0.5745
corporate america:0.572
twists & turns:0.57025
heartwarming:0.56725
feel-good:0.566
teacher:0.55475
transformation:0.5545
drama:0.55325
pornography:0.5495
beautiful scenery:0.548
lawyer:0.547
clever:0.54025
original:0.5395
working class:0.53375
history:0.53075
excellent:0.5295
prejudice:0.52525
based on a book:0.52075
conspiracy:0.52025
underdog:0.52
drinking:0.518
courage:0.51525
secrets:0.515
justice:0.51125
technology:0.51125
good acting:0.51075
tense:0.50225
great:0.4995
foreign:0.4925
independent film:0.49225
courtroom:0.491
amazing photography:0.4905
oscar (best supporting actress):0.48375
allegory:0.48275
1980s:0.4825
too short:0.4795
imdb top 250:0.47875
graphic design:0.475
court:0.474
paranoid:0.47225
catastrophe:0.471
sad:0.46725
sad but good:0.46675
downbeat:0.46625
ethnic conflict:0.46
entertaining:0.45925
oscar:0.459
feel good movie:0.45725
berlin:0.457
