germany:0.97125
german:0.9445
berlin:0.89825
police investigation:0.86025
criterion:0.8525
oscar (best foreign language film):0.81625
unusual plot structure:0.76375
original:0.72825
bombs:0.722
male nudity:0.68825
social commentary:0.682
unlikely friendships:0.665
harsh:0.63125
revolution:0.61375
political:0.601
sexy:0.5775
stereotypes:0.57625
indie:0.57375
allegory:0.56175
islam:0.558
golden palm:0.55175
glbt:0.54975
brutality:0.54525
spanish:0.53125
bleak:0.5215
friendship:0.51825
idealism:0.5155
nudity (full frontal - notable):0.50875
ironic:0.50175
foreign:0.4955
politics:0.49475
enigmatic:0.48675
feel-good:0.45325
fighting the system:0.44625
affectionate:0.44075
feel good movie:0.43625
stylized:0.43025
forceful:0.428
irreverent:0.427
sexual abuse:0.41625
catastrophe:0.41575
vampire human love:0.41025
tragedy:0.409
adolescence:0.40875
imagination:0.407
brazil:0.4065
downbeat:0.40625
cinematography:0.3985
better than expected:0.397
runaway:0.39675
prejudice:0.396
segregation:0.39575
entirely dialogue:0.38825
off-beat comedy:0.38375
rio de janeiro:0.37975
culture clash:0.37775
parallel universe:0.375
homeless:0.37375
rebellion:0.369
finnish:0.36125
weird:0.35875
movielens top pick:0.3585
quirky:0.358
transgender:0.35775
queer:0.34825
light:0.34825
life & death:0.3455
compassionate:0.3415
fantasy world:0.34
melancholic:0.33875
destiny:0.3375
great ending:0.33425
bollywood:0.334
nudity (topless):0.33225
workplace:0.332
grindhouse:0.32875
weed:0.32775
nudity (topless - notable):0.3255
fascism:0.32475
loneliness:0.32225
classic car:0.31875
world war ii:0.31525
suprisingly clever:0.31425
mentor:0.31425
dialogue:0.31375
life philosophy:0.30875
erotic:0.3025
wartime:0.29775
propaganda:0.2975
hard to watch:0.296
french:0.29525
poetry:0.29425
talky:0.29075
storytelling:0.2905
shallow:0.288
visual:0.286
beautifully filmed:0.2855
alternate endings:0.27975
melancholy:0.27775
drugs:0.277
