world war ii:0.9855
wartime:0.98175
france:0.9665
wwii:0.94625
spies:0.905
spying:0.87725
nazis:0.86825
love story:0.8665
romance:0.83425
espionage:0.818
beautiful scenery:0.79175
war:0.7345
secrets:0.71075
jews:0.6855
betrayal:0.6825
french:0.68025
idealism:0.67575
germany:0.66775
happy ending:0.65225
spy:0.64325
destiny:0.6365
original:0.61975
survival:0.60675
jewish:0.6045
girlie movie:0.57175
romantic:0.56625
german:0.565
chick flick:0.5565
nazi:0.5365
story:0.53575
stereotypes:0.525
sacrifice:0.51575
catastrophe:0.50625
anti-semitism:0.50325
courage:0.49775
unusual plot structure:0.49275
beautifully filmed:0.49175
england:0.48075
predictable:0.47925
cinematography:0.4715
excellent:0.4685
unrealistic:0.46575
secret service:0.46425
mentor:0.4595
runaway:0.45525
foreign:0.45475
moral ambiguity:0.44275
great:0.4395
passionate:0.431
culture clash:0.4285
scenic:0.42025
first contact:0.40925
london:0.40575
islam:0.39975
historical:0.39875
chase:0.39625
dialogue:0.3955
big budget:0.389
great ending:0.3775
sexy:0.373
complex:0.3685
sentimental:0.3685
drama:0.359
fairy tale:0.3555
vengeance:0.3495
war movie:0.34325
prejudice:0.33525
not funny:0.323
good:0.3225
best war films:0.317
period piece:0.3165
island:0.31075
identity:0.3095
beautiful:0.30925
action:0.3075
melancholic:0.30625
shallow:0.3045
brutality:0.3015
politics:0.29925
emotional:0.29825
nudity (full frontal - brief):0.29775
fantasy world:0.2935
special effects:0.2865
good soundtrack:0.28625
guilt:0.28625
sad but good:0.28475
suspense:0.28375
fun movie:0.28225
family:0.27675
dramatic:0.27475
books:0.27475
love:0.2735
british:0.27275
absurd:0.2725
adventure:0.27075
light:0.2705
love triangles:0.27
world war i:0.26825
good versus evil:0.26775
better than expected:0.267
