racing:0.96225
dark hero:0.9505
satirical:0.9275
cult classic:0.9225
cult film:0.92
futuristic:0.90475
splatter:0.8825
sci-fi:0.829
violence:0.82
campy:0.81
cars:0.78675
low budget:0.75025
original:0.72625
cynical:0.723
future:0.7225
silly fun:0.68325
violent:0.6785
brutality:0.664
quirky:0.6625
grindhouse:0.65475
fun movie:0.6445
road movie:0.63275
goofy:0.6325
sci fi:0.631
silly:0.58825
race:0.587
cult:0.577
sports:0.56825
satire:0.559
scifi:0.54525
nudity:0.544
lone hero:0.53675
humorous:0.51925
motorcycle:0.5105
so bad it's funny:0.49925
kung fu:0.48825
fun:0.488
absurd:0.4875
dialogue:0.484
dystopia:0.481
video game:0.48
fight scenes:0.4715
sexy:0.47075
bloody:0.463
mentor:0.4565
visceral:0.4435
nudity (topless):0.442
obsession:0.441
cool:0.44025
gratuitous violence:0.434
post-apocalyptic:0.43325
computer game:0.43
sexualized violence:0.4265
action:0.42075
anti-hero:0.418
catastrophe:0.41675
mad scientist:0.3965
camp:0.396
not funny:0.3865
special effects:0.383
bad acting:0.38025
ironic:0.379
dark humor:0.37875
weapons:0.369
end of the world:0.36825
entertaining:0.36675
1970s:0.36425
good soundtrack:0.3625
gangsters:0.362
life philosophy:0.3595
weird:0.3575
classic:0.35625
stylized:0.35575
storytelling:0.35475
science fiction:0.35325
criterion:0.35075
great:0.34925
grim:0.3475
nudity (topless - notable):0.34675
reality tv:0.34325
parody:0.33725
post apocalyptic:0.3355
black comedy:0.33
great ending:0.32725
culture clash:0.326
entirely dialogue:0.326
adaptation:0.322
social commentary:0.31975
pornography:0.31575
fast paced:0.31525
pulp:0.3125
harsh:0.3105
vengeance:0.30925
runaway:0.308
brutal:0.303
dark comedy:0.3025
distopia:0.3025
good action:0.2985
corruption:0.2925
hunting:0.2855
