horror:0.99825
franchise:0.994
splatter:0.97925
slasher:0.90775
scary:0.88
original:0.83775
gory:0.82775
bloody:0.79825
teens:0.788
silly fun:0.78775
serial killer:0.7785
parody:0.7665
goofy:0.738
dark humor:0.7285
gruesome:0.7285
new jersey:0.71875
murder:0.7115
fun movie:0.70025
death:0.696
violence:0.6795
predictable:0.65375
creepy:0.64775
great ending:0.6465
series:0.63525
blood:0.63125
awesome soundtrack:0.6065
demons:0.6035
brutality:0.588
cult film:0.5875
gore:0.5865
camp:0.5855
humorous:0.58275
voodoo:0.57825
zombie:0.5735
comedy:0.568
goth:0.5625
monster:0.55825
campy:0.52375
crappy sequel:0.51875
visually appealing:0.50625
sexy:0.492
80s:0.49
suspense:0.485
great:0.47925
bad plot:0.46975
fun:0.462
violent:0.461
so bad it's funny:0.44675
halloween:0.4465
great movie:0.44275
mentor:0.44
silly:0.43925
sequels:0.432
goretastic:0.42675
black comedy:0.421
cult classic:0.421
dark comedy:0.41825
funny as hell:0.4165
writers:0.41175
teen movie:0.41075
supernatural:0.41075
gay character:0.40925
family:0.4075
macabre:0.407
dialogue:0.40575
entertaining:0.404
pointless:0.4035
sexualized violence:0.4035
special effects:0.399
adaptation:0.395
overrated:0.38925
grindhouse:0.388
stylish:0.386
runaway:0.38225
very funny:0.37125
first contact:0.36775
creativity:0.367
stupid:0.365
pornography:0.36325
transformation:0.36275
cool:0.35675
nudity (topless - notable):0.3565
fight scenes:0.356
stupid as hell:0.35375
multiple storylines:0.3535
catastrophe:0.35025
suspenseful:0.347
hilarious:0.346
weird:0.34425
fantasy world:0.34375
slapstick:0.34375
cult:0.343
storytelling:0.33575
dumb but funny:0.33475
justice:0.3295
good soundtrack:0.32875
good dialogue:0.327
entirely dialogue:0.32475
nudity (full frontal - notable):0.3215
humor:0.3155
