australia:0.9935
australian:0.9855
crime:0.96575
gangsters:0.9635
gangster:0.95925
bank robbery:0.959
stylish:0.926
mob:0.871
crime gone awry:0.85575
gratuitous violence:0.85325
black comedy:0.82625
violence:0.817
corruption:0.8065
dark humor:0.80225
original:0.802
violent:0.7855
organized crime:0.776
great:0.77175
talky:0.73825
good soundtrack:0.712
weird:0.698
quirky:0.667
pulp:0.6665
dark comedy:0.65375
great acting:0.65025
gangs:0.648
mafia:0.6365
brutality:0.63575
bloody:0.63375
gunfight:0.6335
gritty:0.6325
criterion:0.6215
cinematography:0.59075
great movie:0.579
obsession:0.578
great soundtrack:0.577
harsh:0.574
excellent:0.5685
twists & turns:0.562
nocturnal:0.55575
justice:0.55175
tense:0.549
hitman:0.5465
foul language:0.53075
anti-hero:0.5305
narrated:0.5255
surveillance:0.5255
good acting:0.5235
melancholic:0.51675
social commentary:0.51575
hit men:0.515
wilderness:0.51275
stylized:0.51125
cult classic:0.5035
humorous:0.496
dialogue:0.492
fun movie:0.49025
clever:0.48775
entirely dialogue:0.4845
loneliness:0.48425
murder:0.483
drama:0.47225
male nudity:0.47025
runaway:0.46775
greed:0.467
insanity:0.46
entertaining:0.45775
comedy:0.45325
suprisingly clever:0.4515
cool:0.45075
exceptional acting:0.44775
catastrophe:0.4465
off-beat comedy:0.44625
mentor:0.43625
good dialogue:0.436
tragedy:0.4355
character study:0.4325
very funny:0.4305
unusual plot structure:0.4295
adapted from:book:0.427
writers:0.42375
very interesting:0.41775
disturbing:0.41325
realistic:0.412
finnish:0.4115
nudity (topless - brief):0.40875
great ending:0.40625
caper:0.40125
low budget:0.4005
goofy:0.399
heist:0.3965
ironic:0.39375
original plot:0.38475
suburbia:0.376
golden palm:0.3755
pg-13:0.37425
redemption:0.374
brutal:0.373
funny:0.36975
melancholy:0.3695
