dreams:0.998
meditative:0.98775
visually appealing:0.9875
amazing cinematography:0.951
visually stunning:0.943
kurosawa:0.93925
childhood:0.9275
reflective:0.9215
beautifully filmed:0.91875
japan:0.9085
surreal:0.905
dreamlike:0.898
masterpiece:0.892
storytelling:0.88475
visual:0.87425
cerebral:0.856
criterion:0.8535
art:0.844
cinematography:0.8435
artistic:0.83625
imdb top 250:0.823
imagination:0.8195
enigmatic:0.8125
breathtaking:0.809
weird:0.8055
existentialism:0.79475
melancholic:0.76725
surrealism:0.7645
stunning:0.76275
social commentary:0.7625
life:0.7525
talky:0.7455
loneliness:0.74125
original:0.7335
golden palm:0.71875
allegory:0.6975
melancholy:0.6975
unusual plot structure:0.688
great ending:0.68725
philosophy:0.67675
art house:0.67475
beautiful scenery:0.6715
foreign:0.65475
beautiful:0.6545
philosophical:0.6525
life & death:0.6505
transformation:0.6505
life philosophy:0.65025
tokyo:0.65025
intimate:0.63175
bleak:0.6235
mentor:0.6215
oscar (best foreign language film):0.616
stylized:0.61375
thought-provoking:0.60875
complex:0.60575
artist:0.59025
guilt:0.58775
death:0.571
harsh:0.5645
catastrophe:0.563
environment:0.55975
solitude:0.559
very interesting:0.556
first contact:0.55325
japanese:0.55275
downbeat:0.55175
absurd:0.5515
demons:0.55
fantasy world:0.54875
narrated:0.548
greed:0.5455
colourful:0.5445
atmospheric:0.5445
movielens top pick:0.537
great cinematography:0.53275
visceral:0.52375
good soundtrack:0.5135
mythology:0.51125
suprisingly clever:0.508
technology:0.507
creativity:0.506
slow:0.50575
nature:0.5025
aging:0.5005
mental illness:0.49525
oscar (best directing):0.49425
dialogue:0.494
powerful ending:0.49225
photography:0.479
lyrical:0.47775
story:0.476
nocturnal:0.47375
weapons:0.4715
light:0.47125
great acting:0.47
culture clash:0.46325
slow paced:0.4575
drinking:0.45375
visuals:0.45225
