too short:0.982
short:0.975
animation:0.97225
pixar:0.9615
pixar animation:0.96075
love story:0.959
computer animation:0.947
romantic:0.8835
mentor:0.877
original:0.87325
story:0.86975
heartwarming:0.8665
love:0.8605
girlie movie:0.83125
pg-13:0.821
destiny:0.81875
happy ending:0.8175
visually stunning:0.814
cute!:0.80925
touching:0.806
sweet:0.80425
good:0.79675
cute:0.78925
clever:0.788
suspense:0.78275
technology:0.7745
excellent script:0.772
good soundtrack:0.765
plot:0.764
visually appealing:0.747
catastrophe:0.7425
visual:0.728
family:0.72625
storytelling:0.72225
great movie:0.708
allegory:0.70675
animals:0.69925
fun movie:0.6975
interesting:0.6935
beautiful scenery:0.69075
feel-good:0.69025
oscar winner:0.6835
good action:0.6825
underwater:0.674
animal movie:0.6655
animated:0.6655
creativity:0.66175
intense:0.6605
alter ego:0.658
disney:0.6555
predictable:0.6545
great ending:0.654
fantasy world:0.65
light:0.6475
emotional:0.64675
stupid as hell:0.64575
violence:0.644
island:0.643
transformation:0.64275
redemption:0.64175
big budget:0.641
beautiful:0.63
enormously long battle scene:0.6265
fun:0.623
humor:0.62275
underdog:0.61925
dark hero:0.6155
revenge:0.61375
dialogue:0.613
action:0.61125
drama:0.609
dynamic cgi action:0.6005
unusual plot structure:0.597
heartbreaking:0.597
great:0.589
betrayal:0.58675
vengeance:0.58575
chase:0.58575
teen:0.58325
cartoon:0.57775
bollywood:0.562
twist ending:0.56
torture:0.558
unlikely friendships:0.55775
very funny:0.55175
teen movie:0.55075
runaway:0.543
race issues:0.5395
good acting:0.53875
simple:0.53875
feel good movie:0.53725
vigilantism:0.53425
sacrifice:0.52475
natural disaster:0.5225
inspirational:0.51575
fast paced:0.51225
goofy:0.51125
visuals:0.51075
crude humor:0.503
suspenseful:0.50275
