alien:0.9555
scifi:0.9295
mars:0.87675
monsters:0.8735
aliens:0.86375
sci-fi:0.8565
monster:0.8265
sci fi:0.8215
alien invasion:0.81575
science fiction:0.80425
so bad it's funny:0.79775
special effects:0.78825
space:0.756
first contact:0.74625
horror:0.7225
original:0.6855
supernatural:0.625
campy:0.61925
low budget:0.598
pulp:0.523
mad scientist:0.493
predictable:0.4835
sisters:0.469
camp:0.4605
vampire human love:0.45125
eerie:0.4355
scary:0.41875
catastrophe:0.4055
solitude:0.40275
united nations:0.3995
weapons:0.39775
bombs:0.39575
natural disaster:0.3935
effects:0.39125
zombie:0.38875
ghosts:0.3855
bad cgi:0.38075
mentor:0.37425
death:0.3725
dialogue:0.37225
life philosophy:0.36
plot holes:0.35875
bad plot:0.3585
great ending:0.3525
creepy:0.35
silly fun:0.3475
cheesy:0.343
unusual plot structure:0.33875
bad science:0.338
fantasy world:0.335
allegory:0.3315
nocturnal:0.32975
weird:0.326
mutants:0.32475
atmospheric:0.32325
werewolf:0.32075
silly:0.31875
story:0.31375
overrated:0.3075
transformation:0.307
horrible:0.30275
spiders:0.302
entirely dialogue:0.299
mountain climbing:0.29875
grindhouse:0.289
lone hero:0.28825
talky:0.2855
secrets:0.28075
cult film:0.2725
destiny:0.27075
ghosts/afterlife:0.269
1950s:0.264
fantasy:0.26325
brutality:0.2595
dinosaurs:0.2585
idiotic:0.257
writers:0.25675
science:0.2555
gory:0.25175
dysfunctional family:0.25075
adaptation:0.2465
disaster:0.2395
computer game:0.23675
demons:0.23325
crude humor:0.2325
cinematography:0.232
suspense:0.2315
family:0.22475
loneliness:0.2235
existentialism:0.22275
boring:0.22225
good:0.2215
stop motion:0.21775
great acting:0.215
parallel universe:0.2125
fight scenes:0.212
fun:0.21025
pointless:0.2095
gothic:0.2095
gangsters:0.2095
