horror:0.97675
nudity (topless - notable):0.94775
sexy:0.92875
erotic:0.8375
nudity (topless):0.81225
supernatural:0.8075
so bad it's funny:0.80525
splatter:0.764
pornography:0.75525
demons:0.73775
creepy:0.6975
original:0.68375
horrible:0.67
weird:0.66775
writers:0.61975
immortality:0.57775
nudity (full frontal - notable):0.5775
grindhouse:0.55825
cult film:0.554
special effects:0.54875
sex:0.5405
bad:0.538
scary:0.521
predictable:0.514
mentor:0.50625
surreal:0.5005
silly:0.49175
bad cgi:0.47575
great ending:0.47275
bad plot:0.468
catastrophe:0.44675
first contact:0.44575
campy:0.44375
pointless:0.4435
monster:0.43975
slasher:0.43875
teens:0.43075
intimate:0.425
murder:0.42125
quirky:0.421
cult classic:0.415
fantasy world:0.413
violence:0.4115
ghosts:0.409
stupidity:0.404
brutality:0.3995
satirical:0.3965
fight scenes:0.38725
overrated:0.38425
nudity:0.38125
dysfunctional family:0.3645
melancholic:0.36125
zombie:0.36125
teen movie:0.34475
silly fun:0.3445
goth:0.344
not funny:0.3425
dreamlike:0.336
dreams:0.33125
dialogue:0.33025
sexual:0.32925
bad ending:0.3265
nudity (full frontal - brief):0.32475
doctors:0.32025
bad acting:0.316
life philosophy:0.3135
adaptation:0.312
werewolf:0.3105
entirely dialogue:0.3085
paranoid:0.2975
pulp:0.29575
alter ego:0.2955
transformation:0.29275
80s:0.292
macabre:0.292
slapstick:0.28975
based on a video game:0.28925
goofy:0.289
los angeles:0.28875
stupid as hell:0.2885
very interesting:0.2865
sci fi:0.28475
halloween:0.2845
passionate:0.28425
weapons:0.28225
unfunny:0.281
great acting:0.2755
notable nudity:0.275
sexualized violence:0.2735
cheesy:0.27325
dumb but funny:0.27325
franchise:0.2725
culture clash:0.27175
psychological:0.27075
gruesome:0.2705
awful:0.2695
good soundtrack:0.269
camp:0.26875
family:0.26875
great:0.26775
