golden palm:0.9975
criterion:0.996
intimate:0.96125
poignant:0.961
wartime:0.94475
bittersweet:0.94375
cinematography:0.934
russian:0.92775
masterpiece:0.91975
war:0.90225
heartbreaking:0.89475
tragedy:0.86975
imdb top 250:0.85825
poland:0.8575
love:0.85625
love story:0.85225
death:0.849
emotional:0.83025
oscar (best foreign language film):0.8235
talky:0.82025
war movie:0.82
sacrifice:0.80275
harsh:0.802
visually stunning:0.7975
beautifully filmed:0.7955
best war films:0.79475
russia:0.79375
wwii:0.788
downbeat:0.78475
breathtaking:0.77625
reflective:0.7725
melancholy:0.7715
wistful:0.76825
original:0.76675
oscar (best actress):0.762
world war ii:0.762
runaway:0.75425
bleak:0.74975
stylized:0.74625
dramatic:0.7415
affectionate:0.73625
based on a play:0.73625
powerful ending:0.73375
romantic:0.72325
oscar (best directing):0.722
culture clash:0.72025
sentimental:0.71825
grim:0.7175
black and white:0.7055
meditative:0.6875
compassionate:0.67825
heartwarming:0.67525
stunning:0.66825
melancholic:0.6545
silent:0.64375
forceful:0.64075
artistic:0.64
childhood:0.6395
movielens top pick:0.6355
classic:0.6335
ethnic conflict:0.6315
touching:0.631
dreamlike:0.6275
brutality:0.6255
oscar (best supporting actress):0.61675
earnest:0.61
light:0.60325
great acting:0.60125
unusual plot structure:0.59925
cathartic:0.59425
romance:0.5915
hospital:0.5895
drama:0.589
beautiful:0.5875
idealism:0.58725
realistic:0.58175
destiny:0.58175
enigmatic:0.5765
visually appealing:0.57225
passionate:0.5645
intense:0.5625
atmospheric:0.5595
guilt:0.55425
sad:0.54775
beautiful scenery:0.54675
storytelling:0.5295
foreign:0.525
narrated:0.52475
suprisingly clever:0.52475
memory:0.52425
existentialism:0.5225
women:0.519
oscar (best cinematography):0.51325
loneliness:0.513
anti-war:0.508
photography:0.5045
historical:0.50275
nazis:0.50125
great ending:0.50075
visceral:0.49825
