space travel:0.9905
science fiction:0.98975
space:0.98825
science:0.98075
sci-fi:0.9735
scifi:0.969
first contact:0.95775
sci fi:0.95025
alien:0.9475
aliens:0.93375
intelligent sci-fi:0.91375
adapted from:book:0.88925
visually stunning:0.8785
cerebral:0.87525
based on a book:0.87525
religion:0.872
thought-provoking:0.867
god:0.86175
future:0.8565
philosophical:0.855
philosophy:0.8515
technology:0.84575
astronauts:0.844
big budget:0.84125
intellectual:0.8395
special effects:0.83325
based on book:0.82725
earnest:0.8165
mars:0.8145
visual:0.81
space opera:0.80925
great ending:0.8025
existentialism:0.80125
original:0.788
interesting:0.78675
mentor:0.768
storytelling:0.744
original plot:0.7405
catastrophe:0.74
nasa:0.73125
good:0.72875
excellent script:0.72125
visually appealing:0.71925
idealism:0.7105
good acting:0.7085
loneliness:0.707
destiny:0.7035
exciting:0.69525
end of the world:0.69175
enigmatic:0.6885
inspirational:0.688
complex:0.6865
great acting:0.6855
story:0.6765
mathematics:0.65275
life & death:0.64775
humanity:0.646
intelligent:0.643
breathtaking:0.64025
long:0.64025
futuristic:0.638
redemption:0.635
great:0.632
inspiring:0.625
beautiful scenery:0.61525
life philosophy:0.61
reflective:0.607
pg-13:0.59175
plot:0.5915
great movie:0.5915
sentimental:0.58525
scifi cult:0.5795
alien invasion:0.575
radio:0.57375
dramatic:0.56975
stunning:0.56775
teleportation:0.56675
effects:0.5665
dialogue:0.562
very interesting:0.56125
touching:0.55925
drama:0.558
natural disaster:0.5535
atheism:0.5525
emotional:0.53225
imagination:0.532
creativity:0.52575
love story:0.524
transformation:0.51925
sacrifice:0.518
adventure:0.5135
allegory:0.51275
self discovery:0.5125
mindfuck:0.5055
apocalypse:0.50225
secrets:0.50125
suspense:0.498
dynamic cgi action:0.4955
childhood:0.4945
greed:0.49275
