criterion:0.9715
creepy:0.95625
low budget:0.9495
cult classic:0.945
cult film:0.93625
eerie:0.93475
horror:0.92675
weird:0.91225
dreamlike:0.89525
atmospheric:0.84425
surreal:0.83825
strange:0.8055
ghosts:0.804
macabre:0.7985
supernatural:0.78575
life & death:0.77
psychological:0.76325
original:0.76225
ominous:0.742
nocturnal:0.70875
insanity:0.699
hallucinatory:0.698
dark:0.68425
isolation:0.66325
cinematography:0.6355
cult:0.63425
enigmatic:0.63175
disturbing:0.6205
dark fantasy:0.6165
demons:0.616
scary:0.609
black and white:0.58675
goth:0.58675
grindhouse:0.58075
frightening:0.5725
grim:0.53775
claustrophobic:0.5095
masterpiece:0.50925
gory:0.50225
visceral:0.49575
psychology:0.49375
allegory:0.49175
good soundtrack:0.4895
stylish:0.489
lynch:0.487
surrealism:0.4845
transformation:0.4845
zombie:0.48425
splatter:0.4805
great ending:0.46575
moody:0.46525
gothic:0.4575
loneliness:0.45425
social commentary:0.45225
dreams:0.44975
dialogue:0.44875
cars:0.44825
harsh:0.4375
bizarre:0.43025
dark humor:0.42925
classic:0.42425
so bad it's funny:0.41525
melancholic:0.4135
small town:0.41225
suspense:0.40975
nudity (full frontal - notable):0.40625
mad scientist:0.40575
road movie:0.40425
paranoia:0.404
catastrophe:0.4025
goofy:0.40125
crime gone awry:0.401
downbeat:0.3995
talky:0.39875
visual:0.39875
tense:0.39
spiders:0.3825
brutality:0.3785
twist ending:0.378
gunfight:0.3735
existentialism:0.373
camp:0.37
adaptation:0.36325
creativity:0.363
wilderness:0.36225
bleak:0.35875
obsession:0.357
pornography:0.355
mental illness:0.34825
quirky:0.348
stylized:0.348
violent:0.34575
serial killer:0.3455
blood:0.344
zombies:0.343
great:0.34125
independent film:0.341
mentor:0.3365
interesting:0.33425
campy:0.33
