imagination:0.9985
fantasy:0.991
gilliam:0.97875
surreal:0.97875
18th century:0.97225
fantasy world:0.9685
visual:0.962
visually stunning:0.9335
adventure:0.92725
storytelling:0.879
original:0.85525
surrealism:0.85225
weird:0.84875
whimsical:0.84525
dark fantasy:0.83775
mythology:0.80025
fairy tale:0.79675
fairy tales:0.778
visually appealing:0.77025
visuals:0.77
allegory:0.76275
dreams:0.758
cult film:0.7555
childhood:0.7505
medieval:0.74925
hallucinatory:0.728
magic:0.7145
high fantasy:0.7115
stunning:0.69075
absurd:0.68575
dreamlike:0.67625
cerebral:0.6755
creativity:0.67475
story:0.6685
existentialism:0.649
cinematography:0.648
nudity (topless - brief):0.64675
masterpiece:0.64
imdb top 250:0.638
modern fantasy:0.633
enigmatic:0.62825
cult classic:0.6245
insanity:0.6205
special effects:0.6
breathtaking:0.59475
moon:0.5925
great:0.57925
mentor:0.579
runaway:0.5745
stylized:0.57325
criterion:0.5685
unusual plot structure:0.558
great ending:0.54675
distopia:0.53825
adaptation:0.535
bizarre:0.53275
talky:0.5315
clever:0.53
based on book:0.52725
dialogue:0.52675
eccentricity:0.52625
harsh:0.5255
beautiful scenery:0.52025
transformation:0.514
death:0.51175
satirical:0.50375
underrated:0.5025
quirky:0.50025
science fiction:0.4985
life & death:0.493
light:0.48575
good versus evil:0.4835
quotable:0.4805
social commentary:0.48025
alone in the world:0.4775
based on a book:0.47575
dragons:0.4735
alternate reality:0.471
adapted from:book:0.46925
trilogy:0.4615
great movie:0.445
life philosophy:0.4435
atmospheric:0.44325
first contact:0.4405
melancholy:0.437
humorous:0.43325
good soundtrack:0.431
redemption:0.42525
beautifully filmed:0.41925
complex:0.41825
futuristic:0.414
philosophical:0.41325
colourful:0.41175
mars:0.4065
greed:0.406
grim:0.40375
sci fi:0.403
dark:0.39775
suprisingly clever:0.39675
unlikely friendships:0.395
