classic:0.927
comedy:0.9185
romantic comedy:0.87975
fun movie:0.80125
chase:0.77175
romantic:0.76875
romance:0.73425
funny:0.73275
mistaken identity:0.72075
great movie:0.711
light:0.699
runaway:0.698
girlie movie:0.6615
great:0.65875
mentor:0.656
great ending:0.6505
wartime:0.6405
silly:0.6295
original:0.628
dialogue:0.61175
beautifully filmed:0.60425
farce:0.5985
screwball:0.58475
good:0.57275
marriage:0.57125
beautiful scenery:0.56675
story:0.55825
hotel:0.5575
idealism:0.55725
conspiracy:0.5475
police investigation:0.527
suspense:0.526
pg-13:0.52375
sweet:0.5215
love story:0.51975
childhood:0.51475
divorce:0.51425
oscar (best actress):0.51275
assassination:0.5115
drinking:0.50725
clever:0.50625
excellent:0.49325
aging:0.4905
alter ego:0.48975
fun:0.48125
suprisingly clever:0.4785
oscar (best supporting actress):0.47825
happy ending:0.4755
drama:0.4745
women:0.47425
culture clash:0.47275
sexy:0.4695
catastrophe:0.466
criterion:0.4645
murder mystery:0.46375
family:0.4635
obsession:0.4625
transformation:0.4585
secrets:0.4575
teen movie:0.4465
pornography:0.43925
witty:0.4385
screwball comedy:0.4345
unlikely friendships:0.4285
virginity:0.41475
love:0.41275
new jersey:0.41225
1980s:0.41125
80s:0.4105
feel-good:0.4075
fashion:0.40625
nudity (full frontal - brief):0.40125
sentimental:0.401
cute:0.40025
original plot:0.3985
stereotypes:0.396
fantasy:0.392
predictable:0.38875
entertaining:0.38825
very funny:0.3845
male nudity:0.38025
thriller:0.37875
amazing photography:0.37525
unfunny:0.37225
1960s:0.3705
1970s:0.36925
greed:0.3625
friendship:0.36175
corruption:0.3595
oscar:0.35925
psychiatrist:0.3585
fast paced:0.35725
hilarious:0.35575
twists & turns:0.355
oscar winner:0.353
spying:0.35275
mad scientist:0.35225
whimsical:0.34975
based on a play:0.34725
oscar (best directing):0.347
