military:0.94025
sports:0.833
mentor:0.73025
so bad it's funny:0.708
girlie movie:0.69775
life philosophy:0.67875
predictable:0.63525
original:0.63
teen movie:0.5845
boxing:0.5825
catastrophe:0.57575
college:0.5725
good soundtrack:0.568
natural disaster:0.5385
good:0.4935
pg-13:0.48875
inspirational:0.484
bad acting:0.47625
big budget:0.47575
feel-good:0.445
racing:0.441
better than expected:0.44025
remake:0.43825
underdog:0.426
football:0.4165
stupid as hell:0.40975
not funny:0.4095
unrealistic:0.406
dialogue:0.404
feel good movie:0.40325
horrible:0.3965
transformation:0.39575
unfunny:0.38675
amy smart:0.3775
fight scenes:0.37675
bad plot:0.37025
brutality:0.37
stereotypes:0.357
intense:0.35375
lame:0.35225
idiotic:0.35225
bad:0.3495
camp:0.348
storytelling:0.346
destiny:0.3455
based on a video game:0.34375
great ending:0.3435
first contact:0.3415
shallow:0.33975
romance:0.33925
disaster:0.3335
high school:0.31925
redemption:0.31475
bad cgi:0.313
love story:0.311
harsh:0.30275
romantic comedy:0.298
good action:0.29325
lone hero:0.2925
hip hop:0.29025
great:0.283
crappy sequel:0.28025
entertaining:0.2785
silly:0.27725
story:0.2755
not as good as the first:0.27475
video game:0.274
basketball:0.273
plot:0.2715
chick flick:0.267
pointless:0.26625
new jersey:0.2655
nudity (full frontal - brief):0.264
overrated:0.2595
entirely dialogue:0.25875
happy ending:0.258
nudity (topless - notable):0.25675
bad ending:0.25525
honest:0.254
culture clash:0.25175
action:0.251
vengeance:0.249
very funny:0.2485
romantic:0.24775
god:0.2465
teen:0.244
ridiculous:0.2435
fighting:0.23975
light:0.23975
fantasy world:0.238
runaway:0.23775
relationships:0.23675
golf:0.236
stupid:0.23275
visually appealing:0.23075
competition:0.23025
franchise:0.2255
awful:0.224
boring:0.221
fun movie:0.2205
