snakes:0.9955
jungle:0.969
special effects:0.915
silly fun:0.87125
bad plot:0.85975
monster:0.854
predictable:0.83625
so bad it's funny:0.8285
fun movie:0.824
big budget:0.79875
bad cgi:0.79475
bad acting:0.7815
natural disaster:0.777
animals:0.7765
action:0.7755
silly:0.77525
horrible:0.76575
monsters:0.74125
original:0.73625
computer animation:0.73575
disaster:0.73525
mad scientist:0.70925
cheesy:0.691
stranded:0.68725
ridiculous:0.64925
chase:0.64925
goofy:0.6425
horror:0.63
adventure:0.624
bad:0.6105
stupid:0.60875
dumb:0.6025
entertaining:0.59775
idiotic:0.591
campy:0.586
stupid as hell:0.58525
dialogue:0.5685
fun:0.561
suspense:0.545
first contact:0.52775
family:0.526
effects:0.52275
catastrophe:0.5205
pulp:0.506
lame:0.499
action packed:0.4985
awful:0.4955
suspenseful:0.4775
lone hero:0.477
bad script:0.4765
scary:0.4755
overrated:0.4585
sci fi:0.4485
guilty pleasure:0.44425
good:0.443
pg-13:0.43925
not funny:0.43875
pointless:0.436
sci-fi:0.4285
great ending:0.42
mentor:0.42
dinosaurs:0.41525
nudity (topless - notable):0.4145
unintentionally funny:0.412
stereotypes:0.40875
cgi:0.39125
fight scenes:0.3845
fantasy world:0.38375
death:0.38075
indians:0.38025
camp:0.378
good action:0.378
great acting:0.37575
story:0.37275
weapons:0.371
intense:0.369
scifi:0.3685
runaway:0.368
bad science:0.36725
adaptation:0.36675
hunting:0.366
destiny:0.3575
survival:0.35475
bad ending:0.3545
based on a comic:0.3525
franchise:0.3505
slapstick:0.3495
entirely dialogue:0.34825
boat:0.344
sexy:0.34075
redemption:0.332
boring:0.33125
violence:0.331
storytelling:0.33025
quirky:0.33025
cult film:0.32975
spiders:0.32875
brutality:0.32675
imdb top 250:0.3145
fast paced:0.31325
