robot:0.99675
robots:0.996
scifi:0.93875
80s:0.88675
science fiction:0.87875
comedy:0.853
technology:0.839
artificial intelligence:0.825
fun movie:0.812
military:0.81075
sci fi:0.77925
childhood:0.77675
giant robots:0.77625
sci-fi:0.73825
original:0.71575
special effects:0.701
children:0.6905
weapons:0.6555
android(s)/cyborg(s):0.6475
1980s:0.646
cute!:0.64575
good:0.64525
kids:0.64125
chase:0.63625
computer animation:0.635
future:0.62975
end of the world:0.6135
family:0.61125
catastrophe:0.58925
runaway:0.58625
first contact:0.574
alien:0.5665
funny:0.562
great ending:0.55825
nostalgia:0.5515
silly fun:0.54625
adventure:0.5455
love story:0.5425
goofy:0.52825
mentor:0.52425
destiny:0.5165
fun:0.51375
cute:0.51175
entertaining:0.48825
computers:0.47325
silly:0.472
memory:0.4705
creativity:0.46325
pg-13:0.46175
very funny:0.44775
light:0.4465
futuristic:0.444
franchise:0.437
big budget:0.43075
time:0.42375
life philosophy:0.42325
story:0.415
dialogue:0.41175
predictable:0.406
underrated:0.40225
so bad it's funny:0.4005
humanity:0.4
kids and family:0.39475
great:0.38175
nostalgic:0.3775
fantasy:0.37375
good action:0.3735
natural disaster:0.3675
romance:0.36475
transformation:0.361
existentialism:0.3585
action packed:0.35775
unfunny:0.35225
sequel:0.351
beautiful scenery:0.3465
oscar (best effects - visual effects):0.346
indians:0.34575
culture clash:0.34525
space:0.33625
alternate reality:0.33225
overrated:0.33175
suprisingly clever:0.3275
dynamic cgi action:0.3255
saturn award (best special effects):0.31425
cloning:0.31375
action:0.31375
feel-good:0.312
quirky:0.30875
internet:0.30875
cool:0.308
not funny:0.3075
doctors:0.30625
sentimental:0.30475
clever:0.30475
storytelling:0.303
pg:0.29925
visually stunning:0.298
happy ending:0.29775
humorous:0.29675
greed:0.29675
