parody:0.99875
spoof:0.99875
superhero:0.9705
silly fun:0.9565
super hero:0.949
dumb but funny:0.92825
superheroes:0.921
super-hero:0.91375
stupid:0.90475
silly:0.81075
comedy:0.80225
lame:0.77075
stupidity:0.76825
predictable:0.752
so bad it's funny:0.7465
pg-13:0.744
original:0.74175
disaster:0.72025
slapstick:0.71075
idiotic:0.69325
funny:0.6915
bad plot:0.67625
crude humor:0.64925
absurd:0.63375
genetics:0.6315
humorous:0.6295
humor:0.629
stupid as hell:0.61375
dumb:0.5615
goofy:0.5525
very funny:0.54125
franchise:0.5395
satirical:0.53225
unfunny:0.52925
destiny:0.512
ridiculous:0.49225
product placement:0.4875
great ending:0.48425
horrible:0.4735
fantasy world:0.457
catastrophe:0.45125
bad:0.451
teen movie:0.44425
alter ego:0.44175
funny as hell:0.44025
family:0.44
hilarious:0.4345
dialogue:0.4245
writers:0.424
story:0.42375
fun:0.42325
natural disaster:0.422
mentor:0.42025
fun movie:0.40375
teens:0.39475
pointless:0.3935
airplane:0.382
awful:0.37975
satire:0.3735
special effects:0.36675
fight scenes:0.36475
comics:0.36425
overrated:0.34825
weapons:0.34775
adaptation:0.341
brutality:0.34
mutants:0.337
transformation:0.3355
first contact:0.3155
storytelling:0.31525
good:0.3145
big budget:0.311
justice:0.3105
teen:0.30725
mad scientist:0.303
death:0.30125
melancholic:0.29775
immortality:0.28575
clever:0.2855
life philosophy:0.28525
high school:0.2845
watch the credits:0.28275
redemption:0.282
better than expected:0.27825
entirely dialogue:0.2765
bad cgi:0.27625
good soundtrack:0.2725
great:0.27175
scary:0.26625
bad acting:0.265
shallow:0.26225
romantic:0.26075
too long:0.26075
runaway:0.2605
sci fi:0.26
greed:0.258
adapted from:comic:0.2575
lone hero:0.25475
unusual plot structure:0.24575
pulp:0.24225
