terrorism:0.99375
undercover cop:0.9875
chase:0.9435
good action:0.9125
action:0.87825
tense:0.84125
suspenseful:0.7965
original:0.78075
new york city:0.7795
weapons:0.77175
surveillance:0.762
violence:0.75725
corruption:0.75025
thriller:0.746
good:0.74425
mentor:0.7215
fast paced:0.7
action packed:0.69925
suspense:0.697
new york:0.69625
assassin:0.68125
brutality:0.67375
police:0.66775
lone hero:0.6635
intense:0.65525
police corruption:0.646
assassination:0.64525
runaway:0.63775
great ending:0.63175
violent:0.6255
gritty:0.6195
assassins:0.601
dialogue:0.593
80s:0.59275
vengeance:0.58725
conspiracy:0.585
guns:0.578
buddy movie:0.57025
visceral:0.56575
stylish:0.5655
underrated:0.548
detective:0.53725
hitman:0.5325
twists & turns:0.53125
murder:0.53125
sexualized violence:0.5285
good soundtrack:0.51475
great movie:0.50775
cool:0.50775
los angeles:0.49975
moral ambiguity:0.4945
very good:0.49125
dark hero:0.485
police investigation:0.48225
twist ending:0.47925
hostage:0.479
predictable:0.475
cross dressing:0.474
revenge:0.47025
fun movie:0.46425
great:0.46425
exciting:0.4535
talky:0.445
very interesting:0.443
entertaining:0.44275
interesting:0.44225
crime:0.43425
nocturnal:0.43275
great acting:0.4285
car chase:0.42625
anti-hero:0.4235
plot holes:0.42075
gangsters:0.4195
fight scenes:0.4165
forceful:0.41425
bombs:0.4085
life philosophy:0.3995
gunfight:0.397
harsh:0.39125
united nations:0.39075
story:0.3885
catastrophe:0.3875
drama:0.387
not funny:0.38475
hunting:0.3825
culture clash:0.38225
survival:0.377
adaptation:0.369
oscar (best supporting actress):0.36825
clever:0.367
excellent:0.367
plot:0.36675
stylized:0.36525
bloody:0.3635
london:0.36225
greed:0.35025
melancholic:0.35
nudity (full frontal - brief):0.3495
happy ending:0.34925
original plot:0.349
