goofy:0.867
funny:0.85575
original:0.81325
hilarious:0.80725
very funny:0.7785
nudity (full frontal - brief):0.74125
mentor:0.74025
pornography:0.707
comedy:0.68825
male nudity:0.64575
nudity (topless - notable):0.64375
grindhouse:0.61575
nudity (topless):0.61375
teen movie:0.6125
saturday night live:0.6045
crude humor:0.5995
notable nudity:0.58575
teens:0.547
sequel:0.54425
stupidity:0.54
sequels:0.53425
parody:0.532
unfunny:0.5205
hillarious:0.51975
silly:0.50175
absurd:0.4885
alternate reality:0.4625
brutality:0.43175
teen:0.41975
survival:0.41925
catastrophe:0.417
adultery:0.4145
cheerleading:0.4095
suprisingly clever:0.406
weed:0.3975
remake:0.39175
buddy movie:0.3815
pointless:0.372
dialogue:0.367
dysfunctional family:0.356
predictable:0.3535
road trip:0.35325
melancholic:0.3525
life philosophy:0.3515
hip hop:0.346
so bad it's funny:0.34525
cannibalism:0.34475
stupid as hell:0.34425
controversial:0.337
narrated:0.33575
slapstick:0.33375
fun movie:0.3325
amy smart:0.3325
nerds:0.3285
cult classic:0.327
transformation:0.3255
silly fun:0.32525
good soundtrack:0.32025
not funny:0.3195
nudity (rear):0.31325
adaptation:0.309
wilderness:0.30775
idiotic:0.3035
great ending:0.30325
storytelling:0.30275
satire:0.29625
bad plot:0.2955
clever:0.294
nudity (full frontal):0.2885
stoner movie:0.28775
satirical:0.286
journalism:0.2845
life & death:0.282
police investigation:0.28175
nudity (full frontal - notable):0.2775
kidnapping:0.27525
pg-13:0.2745
stereotypes:0.26975
splatter:0.26875
runaway:0.26875
product placement:0.26775
weird:0.2665
quirky:0.265
entirely dialogue:0.26
first contact:0.257
marijuana:0.2565
lone hero:0.254
dumb but funny:0.25225
world politics:0.2505
crappy sequel:0.25
stupid:0.24875
lame:0.245
overrated:0.2445
weapons:0.24375
romance:0.23125
gross-out:0.23025
adventure:0.22925
hospital:0.22875
loneliness:0.22725
bad ending:0.22475
