alien:0.99325
aliens:0.9885
space:0.98075
alien invasion:0.967
sci-fi:0.967
sci fi:0.95925
scifi:0.94975
silly:0.8895
fun movie:0.8525
science fiction:0.803
goofy:0.797
stupid:0.75625
so bad it's funny:0.74075
first contact:0.739
original:0.7315
fun:0.73075
humorous:0.711
special effects:0.6955
silly fun:0.678
weapons:0.65775
predictable:0.649
kids:0.61525
halloween:0.5985
small town:0.58775
mars:0.581
great ending:0.57175
big budget:0.567
fantasy:0.56325
dialogue:0.56175
natural disaster:0.549
astronauts:0.5315
space opera:0.53025
humor:0.52925
bad plot:0.52625
great:0.525
family:0.52175
comedy:0.51425
feel-good:0.499
catastrophe:0.4915
mentor:0.4875
kids and family:0.4825
adventure:0.47975
children:0.478
quirky:0.47425
spoof:0.47075
destiny:0.4675
idiotic:0.45375
very funny:0.45175
fantasy world:0.448
dumb:0.44375
redemption:0.43925
funny:0.438
violence:0.43675
cult classic:0.4285
parody:0.42775
brutality:0.41175
slapstick:0.407
action:0.40625
light:0.4035
stupidity:0.399
bad science:0.398
monsters:0.3965
story:0.39425
monster:0.3925
clever:0.3925
entertaining:0.3915
intelligent sci-fi:0.39025
transformation:0.39025
overrated:0.378
parallel universe:0.376
scifi cult:0.371
radio:0.36975
cult film:0.3645
fight scenes:0.36175
stupid as hell:0.3615
foul language:0.35725
feel good movie:0.357
entirely dialogue:0.35325
adaptation:0.35275
great movie:0.351
childhood:0.349
chase:0.34325
good:0.34125
storytelling:0.341
shallow:0.338
good soundtrack:0.3335
pulp:0.3335
cool:0.332
camp:0.33175
bad:0.33075
franchise:0.3285
whimsical:0.32825
bad cgi:0.328
technology:0.32725
death:0.32325
robot:0.32175
gangsters:0.3215
cute!:0.317
vengeance:0.31575
plot:0.3155
