mining:0.97425
based on a true story:0.969
based on true story:0.9505
true story:0.94075
courage:0.8505
stranded:0.797
first contact:0.77275
desert:0.77275
dramatic:0.75575
great ending:0.7445
feel-good:0.737
survival:0.71725
good:0.69475
biographical:0.6875
runaway:0.67925
disaster:0.65675
drama:0.6235
claustrophobic:0.6195
culture clash:0.573
original:0.56275
based on a book:0.5525
life philosophy:0.54875
sacrifice:0.5395
based on book:0.536
finnish:0.53425
president:0.531
mentor:0.51975
good acting:0.50775
homeless:0.50475
catastrophe:0.5005
destiny:0.4955
visually appealing:0.49
very funny:0.48275
radio:0.481
great:0.4775
dumb but funny:0.47225
secrets:0.4665
great movie:0.46025
inspirational:0.457
good story:0.4545
islam:0.4525
emotional:0.45
intense:0.44125
death:0.43875
politics:0.438
family drama:0.43275
simple:0.43
hospital:0.4205
story:0.413
ensemble cast:0.40775
greed:0.406
camp:0.39925
natural disaster:0.391
nudity (topless - notable):0.39
alternate history:0.38875
lone hero:0.38825
dialogue:0.38075
silly fun:0.3795
doctors:0.379
redemption:0.37125
melancholic:0.36925
oscar (best supporting actress):0.362
corruption:0.3615
mental illness:0.3565
idealism:0.35625
utopia:0.35575
scary:0.3555
touching:0.3555
absurd:0.35125
1970s:0.34525
romantic:0.3355
brutality:0.3355
justice:0.33
not funny:0.32925
honest:0.3285
humorous:0.328
adapted from:book:0.3275
life:0.32475
predictable:0.32475
happy ending:0.31525
unfunny:0.31025
feel good movie:0.309
passionate:0.30875
nudity (full frontal - brief):0.3075
excellent:0.2985
biopic:0.298
very good:0.2975
beautiful scenery:0.29175
tense:0.28825
transformation:0.2875
period piece:0.2865
road movie:0.28525
biography:0.28275
criterion:0.28025
depression:0.27875
adaptation:0.27825
storytelling:0.27775
fun movie:0.27575
war:0.27425
suprisingly clever:0.27225
