franchise:0.99525
serial killer:0.986
twist ending:0.974
torture:0.9725
horror:0.97225
gore:0.9675
gory:0.963
mindfuck:0.95975
great ending:0.9345
detective:0.88875
brutal:0.88275
gruesome:0.87625
twist:0.8655
clever:0.864
suspense:0.8455
original:0.84475
twists & turns:0.833
plot holes:0.78275
surprise ending:0.73425
great movie:0.71525
flashbacks:0.71375
insanity:0.7105
series:0.70625
sexualized violence:0.70075
scary:0.698
slasher:0.67925
police investigation:0.6765
complex:0.675
bloody:0.66275
pointless:0.6325
brutality:0.6135
psychological:0.56825
creepy:0.5645
blood:0.55925
claustrophobic:0.559
predictable:0.55225
sequels:0.552
vigilante:0.54875
plot twist:0.5405
revenge:0.522
life & death:0.521
vigilantism:0.51025
violence:0.5095
creativity:0.5085
splatter:0.50225
bad ending:0.48375
storytelling:0.4835
catastrophe:0.473
death:0.46525
sequel:0.4495
good sequel:0.44425
not funny:0.44025
stereotypes:0.43775
writers:0.436
pornography:0.435
disturbing:0.42675
weird:0.4255
corruption:0.42375
bad plot:0.4215
dialogue:0.4195
nudity (full frontal):0.41375
obsession:0.3995
halloween:0.3985
police corruption:0.3905
idiotic:0.38725
suspenseful:0.38625
life philosophy:0.381
story:0.379
mentor:0.372
trilogy:0.37075
great:0.36
teens:0.35825
vengeance:0.3555
destiny:0.3515
absurd:0.3505
violent:0.34875
overrated:0.3345
cancer:0.33375
shallow:0.331
adaptation:0.32825
intense:0.32725
good soundtrack:0.32525
murder:0.321
transformation:0.32025
not as good as the first:0.31975
interesting:0.31525
cult film:0.315
existentialism:0.311
male nudity:0.30775
cerebral:0.303
confusing:0.303
unlikeable characters:0.301
visceral:0.299
original plot:0.2965
justice:0.2935
gothic:0.29125
prequel:0.28925
first contact:0.28825
unfunny:0.2855
crappy sequel:0.27625
