disney animated feature:0.99325
animation:0.9885
cartoon:0.98125
dog:0.979
animals:0.97675
talking animals:0.96775
romantic:0.955
dogs:0.955
classic:0.95425
children:0.939
disney:0.932
animated:0.91325
family:0.908
love story:0.90275
sweet:0.88075
kids and family:0.871
fairy tale:0.86025
cute:0.841
based on book:0.7885
original:0.77325
romance:0.758
beautiful scenery:0.7575
heartwarming:0.749
kids:0.7385
cute!:0.733
stereotypes:0.71825
rats:0.716
fun movie:0.714
love:0.685
great:0.67325
good:0.665
animal movie:0.65425
story:0.64625
adventure:0.6435
happy ending:0.62575
fun:0.59975
childhood:0.59175
great movie:0.5825
musical:0.57775
simple:0.571
based on a book:0.57
fairy tales:0.557
greed:0.54675
light:0.52325
oscar (best music - original song):0.50975
oscar (best actress):0.50925
great ending:0.4775
catastrophe:0.4775
drama:0.477
clever:0.47675
witty:0.46175
chase:0.45875
dialogue:0.45525
adapted from:book:0.45525
culture clash:0.45025
girlie movie:0.44625
lions:0.44525
runaway:0.433
sentimental:0.42925
entertaining:0.4145
mentor:0.413
destiny:0.41275
romantic comedy:0.41075
oscar (best supporting actress):0.40575
redemption:0.40575
suprisingly clever:0.403
suburbia:0.38725
sexy:0.38175
oscar winner:0.37725
oscar (best directing):0.37375
interracial romance:0.3705
unlikely friendships:0.366
sacrifice:0.36575
adaptation:0.36575
whimsical:0.36575
computer animation:0.365
friendship:0.36425
literature:0.353
hunting:0.352
not funny:0.348
good soundtrack:0.345
magic:0.34175
masterpiece:0.33525
feel-good:0.33425
allegory:0.32725
witches:0.31975
honest:0.3185
switching places:0.31725
marriage:0.31675
storytelling:0.315
prejudice:0.31025
based on a play:0.31
earnest:0.31
good versus evil:0.31
touching:0.30775
period piece:0.305
beautiful:0.29725
life philosophy:0.29575
passionate:0.295
unusual plot structure:0.293
