anime:0.98
animation:0.97725
space program:0.95675
space:0.92575
animated:0.911
japan:0.86925
space travel:0.84475
giant robots:0.78575
assassination:0.78
violent:0.7735
visually appealing:0.77275
original:0.76675
forceful:0.756
futuristic:0.726
criterion:0.72125
science fiction:0.712
melancholic:0.7105
weird:0.70425
fantasy world:0.701
sci-fi:0.68425
stunning:0.66275
complex:0.6505
space opera:0.64275
enigmatic:0.637
japanese:0.61475
social commentary:0.61175
breathtaking:0.61025
animal movie:0.59725
tense:0.5905
tokyo:0.58925
drama:0.5695
violence:0.56575
rape:0.56175
great ending:0.55875
art:0.551
sexualized violence:0.54975
animals:0.54725
visual:0.545
greed:0.5395
sci fi:0.52775
talky:0.5245
imagination:0.523
creativity:0.51975
surreal:0.5185
corruption:0.51675
stylish:0.5085
visually stunning:0.506
great:0.5025
story:0.49925
disturbing:0.49875
assassin:0.49525
culture clash:0.4875
atmospheric:0.48725
suspense:0.48725
brutality:0.484
cartoon:0.48375
stylized:0.482
alternate universe:0.47025
police investigation:0.45875
secrets:0.4555
obsession:0.45525
mentor:0.44875
inspirational:0.44525
loneliness:0.4385
good soundtrack:0.43825
runaway:0.4375
suprisingly clever:0.43725
masterpiece:0.43425
gory:0.43325
grim:0.4325
religion:0.429
robots:0.4235
nocturnal:0.41725
catastrophe:0.41425
dialogue:0.4105
bloody:0.4045
visceral:0.40275
transformation:0.4
distopia:0.399
stop motion:0.398
death:0.3935
character study:0.389
technology:0.389
cerebral:0.388
paranoid:0.388
interesting:0.38475
insanity:0.383
vengeance:0.383
allegory:0.374
parallel universe:0.3715
beautiful:0.3705
excellent:0.3705
psychological:0.3695
stereotypes:0.36925
oscar (best actress):0.36275
downbeat:0.36225
cinematography:0.36125
murder:0.36
nudity (full frontal - brief):0.35875
studio ghibli:0.358
