crime:0.9675
police investigation:0.96675
detective:0.963
murder mystery:0.93775
murder:0.877
investigation:0.87375
serial killer:0.84075
twists & turns:0.818
thriller:0.79125
predictable:0.6845
teen movie:0.674
original:0.66325
suspense:0.6455
girlie movie:0.64525
mystery:0.6295
manipulation:0.62725
twist ending:0.5925
secrets:0.58325
very interesting:0.57875
plot holes:0.5565
surprise ending:0.546
suspenseful:0.51725
sexy:0.51
corruption:0.5055
twist:0.5055
pornography:0.50425
justice:0.502
good:0.501
plot twist:0.49375
teen:0.486
catastrophe:0.47125
great ending:0.469
high school:0.46575
plot:0.4635
guilt:0.4625
mentor:0.46
dialogue:0.4555
psychological:0.453
drama:0.4425
lawyer:0.43375
horrible:0.4325
interesting:0.42925
pg-13:0.42825
complex:0.41325
bad plot:0.411
runaway:0.399
teens:0.39775
great:0.3845
surveillance:0.38
so bad it's funny:0.36975
story:0.36875
great acting:0.36575
writers:0.36075
not funny:0.35375
good soundtrack:0.3525
better than expected:0.3515
police:0.34975
psychology:0.34925
clever:0.348
pointless:0.34425
betrayal:0.3395
cheating:0.336
stereotypes:0.334
entertaining:0.33075
caper:0.3285
identity:0.32325
bad ending:0.32
intellectual:0.32
bullying:0.3165
storytelling:0.315
police corruption:0.31375
shallow:0.31275
internet:0.31125
bad:0.31025
brutality:0.31025
gangsters:0.308
cerebral:0.30375
first contact:0.30325
fbi:0.3015
nudity (topless - notable):0.301
silly:0.2965
unfunny:0.2925
life philosophy:0.29125
no plot:0.28825
good acting:0.28825
fantasy world:0.288
conspiracy:0.28725
entirely dialogue:0.2805
heist:0.27975
lawyers:0.27975
fun movie:0.277
teenagers:0.276
moral ambiguity:0.2725
destiny:0.2705
bad acting:0.2675
torture:0.26175
relationships:0.259
chase:0.25875
redemption:0.258
adaptation:0.25525
