romantic:0.854
romantic comedy:0.8505
conspiracy:0.82825
predictable:0.782
romance:0.69075
chase:0.6815
good romantic comedies:0.678
original:0.667
screwball comedy:0.654
destiny:0.64425
fun movie:0.62625
entertaining:0.568
cute!:0.562
story:0.5535
mentor:0.53375
love story:0.523
storytelling:0.52275
screwball:0.49525
pulp:0.49425
dialogue:0.47575
first contact:0.462
cute:0.45175
plot:0.447
catastrophe:0.44525
silly fun:0.44075
runaway:0.43675
bad plot:0.435
feel-good:0.42425
adventure:0.42375
silly:0.4105
thriller:0.40125
great ending:0.397
good action:0.3965
mystery:0.395
fun:0.38675
divorce:0.37675
feel good movie:0.36575
life philosophy:0.363
good:0.35625
identity:0.3495
1930s:0.349
family:0.346
complex:0.3455
overrated:0.344
no plot:0.3435
light:0.3425
internet:0.34
happy ending:0.34
natural disaster:0.32975
police investigation:0.3285
absurd:0.32475
suspense:0.32475
great:0.32325
action:0.31875
comedy:0.3145
not funny:0.312
lawyer:0.30775
exciting:0.3055
sexy:0.2935
adaptation:0.29125
unusual plot structure:0.291
big budget:0.28925
so bad it's funny:0.288
entirely dialogue:0.28775
brutality:0.27925
pg-13:0.27925
girlie movie:0.27775
betrayal:0.26525
fight scenes:0.26475
fantasy world:0.264
doctors:0.2635
twists & turns:0.2625
lone hero:0.25875
culture clash:0.25825
intense:0.2575
unfunny:0.255
nudity (full frontal - brief):0.2545
shallow:0.25375
clever:0.2515
chicago:0.25075
death:0.25
slapstick:0.249
thought-provoking:0.24875
fast paced:0.24675
quirky:0.24575
vengeance:0.24375
bad:0.24325
good soundtrack:0.24
too long:0.2385
stereotypes:0.2365
beautiful scenery:0.23625
train:0.23475
very funny:0.23275
creativity:0.232
melancholic:0.22725
teen movie:0.227
detective:0.22375
justice:0.22225
witty:0.22225
childhood:0.22175
