fighting:0.96275
intense:0.896
good:0.89125
good soundtrack:0.8815
boxing:0.8775
fight scenes:0.87325
mentor:0.8595
action:0.84925
good acting:0.8435
pg-13:0.83425
sports:0.81025
friendship:0.8
very good:0.79575
vengeance:0.79525
entertaining:0.78275
dramatic:0.776
fast paced:0.768
great movie:0.7395
revenge:0.7375
realistic:0.7275
good action:0.72725
violence:0.716
redemption:0.70225
violent:0.69825
oscar (best directing):0.6965
inspiring:0.6815
gambling:0.67
original:0.66775
unlikely friendships:0.66075
interesting:0.654
greed:0.654
feel-good:0.64025
drama:0.632
forceful:0.629
great:0.62275
corruption:0.609
oscar winner:0.60725
great acting:0.6035
inspirational:0.59925
story:0.5975
feel good movie:0.59675
great soundtrack:0.57675
oscar (best effects - visual effects):0.57625
cuba:0.5735
dark hero:0.57075
plot:0.57075
cool:0.56675
visual:0.56425
gritty:0.56175
brutality:0.561
runaway:0.55875
oscar:0.54525
gangsters:0.5385
transformation:0.5345
action packed:0.52775
honest:0.52275
awesome soundtrack:0.5185
cancer:0.516
great ending:0.5075
chase:0.50325
dialogue:0.49925
betrayal:0.49725
earnest:0.492
original plot:0.49175
courage:0.4805
oscar (best supporting actress):0.47725
excellent script:0.474
touching:0.471
highly quotable:0.46875
fun movie:0.46575
exciting:0.463
dynamic cgi action:0.44925
catastrophe:0.44425
sentimental:0.441
suprisingly clever:0.43325
brutal:0.4295
good versus evil:0.42875
visceral:0.4265
storytelling:0.42075
childhood:0.4205
culture clash:0.4195
big budget:0.419
oscar (best actor):0.41375
survival:0.41025
girlie movie:0.409
unusual plot structure:0.40875
lone hero:0.40625
oscar (best supporting actor):0.39925
imdb top 250:0.39625
harsh:0.391
not funny:0.38825
classic car:0.3865
gangster:0.386
good story:0.3855
life philosophy:0.384
sword fight:0.37975
justice:0.37075
drinking:0.37
gangs:0.367
california:0.36625
