1980s:0.95775
kung fu:0.9485
martial arts:0.93225
80s:0.88025
nostalgic:0.85
original:0.8475
cool:0.8455
cult classic:0.817
action:0.8155
fight scenes:0.81175
fun movie:0.78725
nostalgia:0.736
action packed:0.736
great soundtrack:0.71775
fun:0.713
time travel:0.71175
fast paced:0.7075
parody:0.7
violent:0.6995
goofy:0.69825
good soundtrack:0.688
cheesy:0.66525
awesome soundtrack:0.64875
fighting:0.6405
absurd:0.63925
chase:0.63925
visual:0.63325
ninja:0.628
ridiculous:0.62675
dialogue:0.62625
mentor:0.60375
silly:0.59775
hacking:0.5975
highly quotable:0.58775
insanity:0.57675
great:0.5725
awesome:0.55775
nazis:0.543
great movie:0.5425
life philosophy:0.539
cult film:0.53775
storytelling:0.5345
great ending:0.5255
nazi:0.523
stylized:0.52025
unusual plot structure:0.51975
brutality:0.51025
mythology:0.50675
good:0.50675
creativity:0.50325
weapons:0.503
hilarious:0.5
dark hero:0.49975
visually appealing:0.4895
clever:0.48875
runaway:0.487
visually stunning:0.48425
quotable:0.4755
silly fun:0.47325
too short:0.46975
plot:0.46725
vengeance:0.45875
childhood:0.45825
entertaining:0.45775
weird:0.44725
spoof:0.4465
entirely dialogue:0.434
good action:0.43325
technology:0.4315
police investigation:0.4295
over the top:0.42675
very funny:0.4205
cult:0.41675
special effects:0.416
future:0.4125
gunfight:0.41075
cinematography:0.406
justice:0.4045
sci fi:0.404
catastrophe:0.4025
fantasy world:0.39725
bloody:0.395
violence:0.393
story:0.39
melancholic:0.38575
suprisingly clever:0.37825
suspense:0.378
redemption:0.375
interesting:0.37175
low budget:0.37075
ironic:0.3685
immortality:0.3675
complex:0.36725
short:0.36675
beautiful scenery:0.36575
so bad it's funny:0.3655
intense:0.364
video games:0.36275
sexualized violence:0.35875
assassination:0.35825
