germany:0.99675
holocaust:0.99325
world war ii:0.99025
nazis:0.9805
documentary:0.97625
jews:0.96775
anti-semitism:0.947
wwii:0.935
jewish:0.90375
wartime:0.89625
nazi:0.88825
genocide:0.8635
children:0.85675
1930s:0.84625
foreign:0.81275
german:0.7265
pornography:0.719
childhood:0.7035
guilt:0.666
culture clash:0.6585
poland:0.6425
corruption:0.6325
unusual plot structure:0.62175
original:0.62075
criterion:0.6155
runaway:0.60725
tragedy:0.6025
nudity (full frontal - brief):0.5995
adoption:0.5825
touching:0.58
talky:0.56175
honest:0.55625
oscar (best directing):0.5485
amazing photography:0.54425
judaism:0.539
poignant:0.5345
suprisingly clever:0.534
assassination:0.53125
hard to watch:0.5305
golden palm:0.52825
true story:0.52725
brutality:0.51925
disturbing:0.51025
harsh:0.5025
narrated:0.493
heartbreaking:0.4925
depressing:0.49225
beautifully filmed:0.4825
england:0.4815
propaganda:0.4795
death:0.4795
storytelling:0.475
drama:0.472
oscar (best foreign language film):0.4695
beautiful scenery:0.46375
brainwashing:0.4625
parenthood:0.45925
catastrophe:0.4565
spanish:0.45575
great ending:0.45175
historical:0.45
oscar (best actress):0.4395
us history:0.43425
ethnic conflict:0.4315
adaptation:0.42825
intimate:0.427
islam:0.42175
emotional:0.42075
movielens top pick:0.41975
british:0.4135
sad:0.4115
family:0.40325
social commentary:0.4025
realistic:0.4
cinematography:0.39475
history:0.393
idealism:0.38975
segregation:0.3885
interracial romance:0.3855
pg:0.38475
great:0.3845
good soundtrack:0.38425
free to download:0.384
spelling bee:0.38075
compassionate:0.37625
downbeat:0.373
very interesting:0.3725
identity:0.3665
world politics:0.3655
mentor:0.3625
not funny:0.35975
enigmatic:0.3585
good:0.35675
reflective:0.35675
orphans:0.35275
prejudice:0.3525
california:0.3495
life philosophy:0.34875
politics:0.34475
black and white:0.34375
