animation:0.98
cute:0.94875
computer animation:0.93575
kids and family:0.9175
adoption:0.889
cute!:0.88725
heartwarming:0.87125
funny:0.867
animated:0.85125
comedy:0.84325
family:0.82675
children:0.82075
kids:0.81325
pixar animation:0.81175
original:0.7865
cartoon:0.78625
anti-hero:0.7575
visually appealing:0.75725
clever:0.75125
orphans:0.74275
3d:0.742
mad scientist:0.734
story:0.71975
pixar:0.71925
childhood:0.71925
talking animals:0.71675
watch the credits:0.6965
humorous:0.69475
redemption:0.6945
very funny:0.683
fast paced:0.67675
plot:0.674
sweet:0.6735
storytelling:0.67325
good:0.669
pg-13:0.66175
entertaining:0.65475
runaway:0.652
humor:0.64425
fun:0.64325
animals:0.6325
fun movie:0.6275
great:0.6265
hilarious:0.62225
creativity:0.60625
mentor:0.6015
visually stunning:0.59075
good soundtrack:0.59025
feel good movie:0.58425
friendship:0.57875
witty:0.55225
touching:0.55075
oscar (best animated feature):0.5425
nerds:0.53975
segregation:0.5365
whimsical:0.535
unlikely friendships:0.531
light:0.511
silly:0.50875
crude humor:0.5075
chase:0.507
happy ending:0.5065
dialogue:0.50475
original plot:0.5005
feel-good:0.49775
good versus evil:0.497
stereotypes:0.496
animal movie:0.49475
technology:0.48025
superheroes:0.47875
great ending:0.4735
quirky:0.473
catastrophe:0.472
heist:0.47125
fantasy world:0.46625
great movie:0.46
nostalgic:0.4535
culture clash:0.45175
predictable:0.4485
adventure:0.44625
destiny:0.4455
visuals:0.43325
better than expected:0.43125
goofy:0.425
transformation:0.42325
pornography:0.39775
cgi:0.3975
robots:0.38925
colourful:0.3845
brothers:0.3805
competition:0.37775
pg:0.36925
suprisingly clever:0.36675
visual:0.35975
girlie movie:0.35825
disney:0.358
movielens top pick:0.3545
police investigation:0.35125
secrets:0.343
stylized:0.34275
