toys:0.9915
computer animation:0.924
fun movie:0.907
kids:0.80425
fun:0.79725
special effects:0.764
weapons:0.7565
goofy:0.75225
original:0.729
entertaining:0.722
action:0.688
children:0.68275
violence:0.65525
good:0.61025
satirical:0.60225
cool:0.57975
cute!:0.5685
great:0.5635
adventure:0.5625
technology:0.54225
pg-13:0.5325
childhood:0.52975
big budget:0.529
kids and family:0.526
mentor:0.522
predictable:0.5155
silly fun:0.51225
cute:0.5105
family:0.50125
underdog:0.49825
dialogue:0.487
violent:0.48675
great ending:0.4765
bad cgi:0.4745
story:0.4685
fight scenes:0.4665
clever:0.46475
girlie movie:0.462
military:0.461
catastrophe:0.459
brutality:0.451
good action:0.448
stereotypes:0.44125
so bad it's funny:0.4395
monsters:0.43675
teen movie:0.43525
destiny:0.43375
not as good as the first:0.423
satire:0.419
runaway:0.41675
mars:0.4145
alter ego:0.41375
monster:0.40225
action packed:0.4
not funny:0.39775
vengeance:0.383
silly:0.381
storytelling:0.37425
death:0.37425
good soundtrack:0.37225
very good:0.372
light:0.37
fantasy world:0.36675
dinosaurs:0.36475
very funny:0.363
superheroes:0.35775
affectionate:0.3505
magic:0.35
great movie:0.3475
feel-good:0.34725
sci fi:0.3385
life philosophy:0.338
overrated:0.3355
first contact:0.32625
quirky:0.322
bittersweet:0.31475
scary:0.314
teen:0.31175
multiple storylines:0.30575
suspense:0.3055
intense:0.30325
sci-fi:0.30275
bad plot:0.29875
super hero:0.2975
humor:0.29675
absurd:0.2965
chase:0.29525
lone hero:0.29425
complex:0.29325
nudity (full frontal - brief):0.29275
stylized:0.29275
teens:0.29075
writers:0.28975
nostalgic:0.28975
funny:0.288
adaptation:0.28725
entirely dialogue:0.2825
cgi:0.28225
camp:0.2815
visually appealing:0.2815
