german:0.87225
germany:0.87175
berlin:0.7855
drinking:0.7715
nazis:0.74425
criterion:0.68675
jews:0.682
light:0.673
oscar (best actress):0.6595
original:0.63825
nazi:0.6165
black and white:0.57525
relationships:0.50475
pornography:0.50375
runaway:0.49175
melancholic:0.48375
women:0.47925
based on a play:0.45075
downbeat:0.44875
twists & turns:0.4335
intimate:0.43
british:0.42575
catastrophe:0.417
girlie movie:0.409
finnish:0.40375
great ending:0.38225
very good:0.3745
wwii:0.37225
obsession:0.37
independent film:0.3645
so bad it's funny:0.35525
mentor:0.3515
oscar (best foreign language film):0.35
life philosophy:0.3485
sacrifice:0.32225
jewish:0.3195
golden palm:0.3095
not funny:0.3055
dialogue:0.302
enigmatic:0.30125
art:0.29725
brutality:0.294
loneliness:0.29225
fantasy world:0.291
masterpiece:0.29
culture clash:0.286
controversial:0.2835
grindhouse:0.28075
imdb top 250:0.2805
hip hop:0.27025
writers:0.2695
absurd:0.26825
corruption:0.26775
unusual plot structure:0.26675
suprisingly clever:0.26125
movielens top pick:0.26075
police investigation:0.25925
overrated:0.258
storytelling:0.25525
talky:0.24975
wartime:0.249
good:0.24825
entirely dialogue:0.24725
new jersey:0.2455
allegory:0.24175
infidelity:0.23975
exceptional acting:0.23875
social commentary:0.2375
clever:0.2315
forceful:0.2315
gangsters:0.23075
nudity (full frontal - brief):0.22925
oscar (best directing):0.22875
first contact:0.22825
crime gone awry:0.22825
adapted from:book:0.228
indie:0.2275
lone hero:0.226
predictable:0.2255
good soundtrack:0.22225
atmospheric:0.22175
world war ii:0.2205
whimsical:0.21975
excellent script:0.2195
ethnic conflict:0.219
story:0.217
quirky:0.2125
dreams:0.211
great:0.20725
witty:0.207
male nudity:0.20675
childhood:0.2055
musical:0.20525
vienna:0.2045
suicide attempt:0.20425
free to download:0.1995
greed:0.1995
drama:0.19875
depression:0.198
nudity (topless - brief):0.1975
