toys:0.9985
oscar (best animated feature):0.99675
pixar animation:0.99025
computer animation:0.99025
pixar:0.98075
animation:0.9705
bittersweet:0.96625
childhood:0.96625
nostalgic:0.94025
friendship:0.931
franchise:0.926
emotional:0.92175
adventure:0.9155
children:0.911
story:0.90875
imdb top 250:0.8955
touching:0.894
storytelling:0.89375
original:0.88275
kids:0.87325
great ending:0.87275
unlikely friendships:0.86175
visually appealing:0.826
light:0.804
prison escape:0.79775
heartbreaking:0.7945
heartwarming:0.791
great movie:0.7835
oscar (best directing):0.77775
animated:0.77375
trilogy:0.7695
clever:0.76875
kids and family:0.767
tear jerker:0.762
visually stunning:0.73475
love:0.73175
family:0.731
witty:0.725
good:0.705
cgi:0.70225
comedy:0.70225
betrayal:0.6955
great:0.6885
runaway:0.684
loneliness:0.68325
sentimental:0.6775
melancholic:0.67225
poignant:0.67125
imagination:0.6685
destiny:0.6645
sequel:0.661
oscar winner:0.65925
fun movie:0.653
3d:0.65175
aging:0.64925
affectionate:0.63475
sad:0.63425
creativity:0.6285
series:0.62725
cartoon:0.62075
feel-good:0.618
talking animals:0.61325
chase:0.612
mentor:0.61025
dialogue:0.608
fun:0.603
original plot:0.6025
funny:0.60175
happy ending:0.601
sacrifice:0.59675
intense:0.58275
good versus evil:0.58025
humorous:0.5795
good sequel:0.57575
redemption:0.5735
tragedy:0.572
visual:0.57025
humor:0.568
love story:0.5645
awesome soundtrack:0.56275
weird:0.56125
movielens top pick:0.55875
feel good movie:0.553
oscar (best picture):0.5435
sweet:0.539
good soundtrack:0.53775
cute:0.53275
very funny:0.52375
technology:0.5225
very good:0.519
talky:0.51875
pg-13:0.5145
interesting:0.51225
transformation:0.5065
allegory:0.5065
drama:0.496
social commentary:0.4955
masterpiece:0.49425
fantasy world:0.491
tense:0.48475
