teen:0.993
teen movie:0.98675
girlie movie:0.9845
teens:0.88975
high school:0.887
sports:0.88025
teenagers:0.82075
teenager:0.794
so bad it's funny:0.72025
chick flick:0.647
cheerleading:0.644
original:0.63025
good soundtrack:0.6135
competition:0.60975
mentor:0.57275
rebellion:0.56775
hip hop:0.55675
predictable:0.5415
pg-13:0.53975
guilty pleasure:0.52975
stereotypes:0.5145
bad acting:0.5135
catastrophe:0.4895
adolescence:0.48825
better than expected:0.48675
coming of age:0.4805
shallow:0.47375
bad plot:0.4715
good:0.461
amy smart:0.4555
feel-good:0.44625
fun movie:0.44525
school:0.42225
transformation:0.4105
women:0.38975
great:0.3875
teacher:0.3775
idiotic:0.3735
feel good movie:0.373
dialogue:0.37025
coming-of-age:0.37
great ending:0.36975
redemption:0.361
happy ending:0.36075
inspirational:0.359
bad:0.354
creativity:0.345
fantasy world:0.34125
chase:0.33875
geeks:0.33175
storytelling:0.32275
dancing:0.3225
dance:0.3185
lame:0.30825
not as good as the first:0.30775
fun:0.30175
very funny:0.2965
writers:0.29425
friendship:0.29075
vampire human love:0.28875
stupid as hell:0.28825
clever:0.288
not funny:0.2875
camp:0.2865
funny:0.28575
great acting:0.28475
horrible:0.28425
dumb:0.283
culture clash:0.281
story:0.2805
brutality:0.27875
betrayal:0.27725
pornography:0.276
silly:0.27125
unfunny:0.268
prejudice:0.265
adaptation:0.26475
life philosophy:0.26275
stupid:0.25825
bad cgi:0.25775
stupidity:0.256
twists & turns:0.25525
first contact:0.2535
very good:0.25
family:0.24975
overrated:0.24875
destiny:0.24725
cute:0.24575
romantic comedy:0.24525
cute!:0.2435
lone hero:0.23775
manipulation:0.2355
bad ending:0.23525
natural disaster:0.234
parallel universe:0.23325
runaway:0.22825
unlikely friendships:0.2265
visually appealing:0.22425
honest:0.224
oscar winner:0.2215
