writer's life:0.972
original:0.76775
dialogue:0.6555
life philosophy:0.583
cerebral:0.565
good soundtrack:0.54025
new jersey:0.5265
farce:0.48525
destiny:0.48425
great ending:0.47775
mentor:0.467
drama:0.4665
adaptation:0.461
writers:0.46
cinematography:0.453
existentialism:0.451
melancholic:0.44425
passionate:0.44125
entirely dialogue:0.43325
shallow:0.42875
catastrophe:0.413
fantasy:0.411
very interesting:0.40075
storytelling:0.3835
predictable:0.383
gay:0.3745
multiple storylines:0.373
goofy:0.373
puppets:0.3685
brutality:0.36
runaway:0.355
culture clash:0.353
criterion:0.34575
gunfight:0.34325
fantasy world:0.33425
not funny:0.33075
story:0.32775
male nudity:0.32625
fun movie:0.32625
pornography:0.32575
art:0.324
quirky:0.319
stylized:0.31675
witty:0.315
betrayal:0.31125
life:0.30975
imdb top 250:0.3075
talky:0.30325
romantic:0.30175
visually appealing:0.30025
redemption:0.2985
relationships:0.2975
reflective:0.29625
twists & turns:0.29525
great acting:0.29475
period piece:0.29125
oscar:0.291
dark hero:0.2895
chase:0.2885
good:0.2875
corruption:0.2865
lone hero:0.28525
idiotic:0.28375
very funny:0.282
first contact:0.28175
interesting:0.2815
silly fun:0.28125
nudity (topless):0.28
poker:0.2795
love:0.279
great:0.277
sexy:0.277
oscar (best directing):0.2765
bad plot:0.2755
magic:0.27525
humorous:0.27475
absurd:0.2745
excellent script:0.2735
19th century:0.27075
comedy:0.2705
artsy:0.27
overrated:0.2695
alter ego:0.269
gangsters:0.2685
visual:0.2675
women:0.26625
complex:0.26625
bad acting:0.25825
parody:0.258
artist:0.257
loneliness:0.2565
death:0.25425
police investigation:0.254
literature:0.25375
oscar (best supporting actress):0.25375
unlikely friendships:0.2525
harsh:0.25125
independent film:0.25
fight scenes:0.24975
fun:0.24825
