goofy:0.99275
detective:0.98925
comedy:0.98925
dumb:0.9885
funniest movies:0.987
hilarious:0.9665
silly fun:0.9565
stupid as hell:0.9285
very funny:0.9205
stupidity:0.90775
funny:0.898
silly:0.88675
stupid:0.87025
crude humor:0.8575
dumb but funny:0.839
funny as hell:0.8085
saturday night live:0.76475
original:0.75475
humorous:0.72725
quotable:0.70425
crazy:0.7005
humor:0.692
slapstick:0.68625
buddy movie:0.6855
private detective:0.6845
idiotic:0.68075
irreverent:0.65425
hillarious:0.646
gross-out:0.629
fun movie:0.6155
sarcasm:0.59925
great ending:0.59325
suprisingly clever:0.58725
stand-up comedy:0.5735
kidnapping:0.56925
screwball:0.54925
weird:0.5485
chase:0.53675
over the top:0.51775
parody:0.51375
excellent script:0.51125
story:0.503
spoof:0.5005
absurd:0.49225
investigation:0.49175
dialogue:0.47325
dolphins:0.4675
good:0.4675
police investigation:0.45475
great acting:0.447
comic:0.444
farce:0.44175
runaway:0.43275
twists & turns:0.4255
great:0.4255
complex:0.42325
pg-13:0.423
fun:0.4195
highly quotable:0.419
original plot:0.415
storytelling:0.4095
simple:0.40825
mentor:0.40425
so bad it's funny:0.40025
censorship:0.39575
great movie:0.39425
catastrophe:0.39325
creativity:0.38825
predictable:0.374
pornography:0.366
clever:0.36375
cult classic:0.36
brutality:0.35725
cult film:0.3525
plot twist:0.35075
redemption:0.3505
talky:0.34725
good soundtrack:0.34525
awesome:0.344
revenge:0.343
destiny:0.34125
action:0.34
alter ego:0.3395
fight scenes:0.3325
bad ending:0.33225
classic:0.33225
entertaining:0.328
adaptation:0.325
family:0.3245
death:0.324
vengeance:0.31425
animals:0.31425
justice:0.314
overrated:0.3115
lone hero:0.31125
melancholic:0.30975
fantasy world:0.305
off-beat comedy:0.30475
imdb top 250:0.303
unfunny:0.2955
