pornography:0.9675
relationships:0.95575
sexy:0.9485
sex:0.93725
sexual:0.93075
intimate:0.925
romantic comedy:0.89725
erotic:0.7705
obsession:0.75125
life philosophy:0.74425
original:0.67775
sexuality:0.675
sexualized violence:0.66725
nudity:0.65775
male nudity:0.64525
nudity (rear):0.629
passionate:0.5945
good soundtrack:0.57925
magic realism:0.5545
happy ending:0.54575
nudity (topless):0.54175
nudity (full frontal - notable):0.53875
loneliness:0.536
bdsm:0.52925
nudity (topless - notable):0.52025
women:0.49025
controversial:0.465
melancholic:0.46475
whimsical:0.453
romantic:0.4525
catastrophe:0.43225
fun movie:0.42925
glbt:0.42675
predictable:0.423
great ending:0.4185
betrayal:0.4095
romance:0.405
mentor:0.396
moral ambiguity:0.39575
dark hero:0.389
great:0.38575
interracial romance:0.38575
girlie movie:0.37525
quirky:0.37
so bad it's funny:0.36875
torture:0.36225
entirely dialogue:0.35375
nudity (full frontal - brief):0.351
honest:0.3485
brutality:0.342
emotional:0.341
internet:0.34
interesting:0.3385
good romantic comedies:0.3355
queer:0.3355
drinking:0.33075
love story:0.326
gay character:0.325
mars:0.3245
adaptation:0.32325
pointless:0.32175
storytelling:0.31425
grindhouse:0.30925
childhood:0.30575
very funny:0.304
australian:0.30325
murder:0.302
clever:0.30175
nudity (topless - brief):0.3015
solitude:0.30075
dialogue:0.29725
chase:0.296
first contact:0.29525
chick flick:0.295
oscar (best actress):0.29375
good music:0.29025
adultery:0.28975
crime gone awry:0.28625
culture clash:0.2845
good:0.28025
weird:0.278
golden palm:0.2745
excellent script:0.27175
voyeurism:0.2685
revenge:0.268
manipulation:0.26775
feel-good:0.267
not funny:0.266
stereotypes:0.2655
police investigation:0.26475
very interesting:0.2645
writers:0.26375
lone hero:0.2635
ethnic conflict:0.26125
talky:0.2605
nudity (full frontal):0.25875
allegory:0.2575
fight scenes:0.25675
enigmatic:0.25475
intellectual:0.2525
