hip hop:0.99375
coming of age:0.9905
drugs:0.9715
coming-of-age:0.95075
geeks:0.89775
weed:0.8875
social commentary:0.87575
adolescence:0.87375
original:0.87225
marijuana:0.869
good soundtrack:0.8625
independent film:0.84875
mentor:0.847
geek:0.8245
teen movie:0.81175
stereotypes:0.7885
indie:0.7845
gangsters:0.77175
teens:0.76525
teen:0.76425
california:0.75625
stoner movie:0.75125
unlikely friendships:0.75075
teenagers:0.74825
pg-13:0.7355
friendship:0.726
narrated:0.72575
great soundtrack:0.715
plot twist:0.711
storytelling:0.7015
amazing cinematography:0.69825
runaway:0.69425
teenager:0.69075
bullying:0.68725
high school:0.68725
gangs:0.686
clever:0.68125
great ending:0.67825
drama:0.67625
cool:0.6685
cult classic:0.6615
school:0.66025
dialogue:0.653
realistic:0.651
interesting:0.643
suspense:0.6375
violence:0.636
comedy:0.63275
nerds:0.62575
twists & turns:0.601
great acting:0.59825
grindhouse:0.597
good:0.59625
pornography:0.593
depression:0.59075
honest:0.58925
drinking:0.58575
complex:0.58125
allegory:0.58075
los angeles:0.574
underdog:0.57225
addiction:0.57125
fun movie:0.5695
crime:0.569
dialogue driven:0.56225
drug abuse:0.5475
funny:0.542
nostalgic:0.54175
stylish:0.5405
weird:0.5355
good acting:0.53475
quotable:0.5295
story:0.52675
humor:0.524
excellent script:0.52275
virginity:0.52225
very funny:0.5175
corruption:0.513
intense:0.5095
good music:0.508
bad ending:0.50375
witty:0.50275
entertaining:0.49925
satire:0.49825
sacrifice:0.49725
visually appealing:0.4955
chase:0.49125
awesome soundtrack:0.4905
oscar:0.48625
feel good movie:0.48525
childhood:0.48525
technology:0.47975
great:0.476
crime gone awry:0.47525
stylized:0.4735
feel-good:0.473
drug addiction:0.472
moral ambiguity:0.469
whimsical:0.4675
destiny:0.467
