original:0.8785
journalism:0.878
torture:0.858
islam:0.85225
pornography:0.84825
iran:0.84525
prison:0.833
history:0.83275
very interesting:0.83175
psychological:0.80975
suspense:0.808
based on book:0.80725
corruption:0.794
based on a book:0.78875
interesting:0.7805
violent:0.764
story:0.75225
psychology:0.7425
satire:0.73375
artistic:0.72925
brutality:0.72525
world politics:0.72325
dramatic:0.71725
satirical:0.7125
intense:0.7105
brainwashing:0.70425
spying:0.69475
brutal:0.694
guilt:0.67925
true story:0.676
light:0.67375
pg-13:0.67
violence:0.6615
future:0.65325
directorial debut:0.64525
earnest:0.644
runaway:0.64275
storytelling:0.63675
investigation:0.62825
sacrifice:0.62625
cinematography:0.6215
manipulation:0.62025
drama:0.62
historical:0.599
macabre:0.598
nudity (full frontal - brief):0.59375
sexualized violence:0.5905
thought-provoking:0.58575
serial killer:0.56875
great acting:0.55575
great ending:0.55525
dark:0.55125
cerebral:0.5475
political:0.54475
adaptation:0.5375
suspenseful:0.53075
magic realism:0.528
nocturnal:0.5205
spy:0.52
plot twist:0.5195
memory:0.51875
clever:0.5175
allegory:0.50725
biopic:0.505
good:0.504
good soundtrack:0.50375
great:0.503
happy ending:0.5025
mentor:0.5015
twist:0.4955
controversial:0.49475
fast paced:0.49475
paranoid:0.4935
creepy:0.48925
distopia:0.4885
reflective:0.48825
mindfuck:0.4855
surreal:0.47925
catastrophe:0.473
death:0.4695
emotional:0.46675
frightening:0.46525
revolution:0.46375
moral ambiguity:0.458
vengeance:0.4515
middle east:0.451
fight scenes:0.44775
prejudice:0.44775
excellent:0.4445
us history:0.44375
politics:0.44275
complex:0.4405
twists & turns:0.4395
flashbacks:0.4355
tragedy:0.43175
freedom:0.42575
family:0.4195
excellent script:0.4195
police investigation:0.41775
fantasy world:0.417
