time travel:0.97375
love story:0.973
based on a book:0.96225
adapted from:book:0.93975
romantic:0.935
romance:0.90525
time loop:0.902
chick flick:0.88575
based on book:0.8705
destiny:0.7915
future:0.77975
scifi:0.77425
original:0.7555
romantic comedy:0.75375
life & death:0.712
pg-13:0.7085
books:0.70425
adaptation:0.70275
happy ending:0.67625
touching:0.666
book:0.65775
beautiful scenery:0.646
plot holes:0.64425
death:0.6435
time:0.643
science fiction:0.64275
complex:0.64225
relationships:0.6295
emotional:0.6195
bittersweet:0.615
catastrophe:0.60525
heartbreaking:0.601
love:0.60025
book was better:0.59875
story:0.59875
travel:0.597
sci fi:0.594
visually appealing:0.58375
melancholic:0.57825
life philosophy:0.56975
drama:0.56875
distopia:0.55225
great ending:0.54725
storytelling:0.54325
sentimental:0.53675
sci-fi:0.5345
genetics:0.5265
sad:0.49025
visually stunning:0.48925
weird:0.48225
confusing:0.48025
transformation:0.474
predictable:0.45925
passionate:0.45275
immortality:0.45125
imagination:0.44925
first contact:0.44825
non-linear:0.444
cinematography:0.4435
girlie movie:0.442
literature:0.44125
parallel universe:0.44125
mentor:0.44025
technology:0.43725
good:0.436
dialogue:0.42875
tear jerker:0.425
suprisingly clever:0.42125
cerebral:0.41825
fantasy:0.41475
interesting:0.41125
fight scenes:0.41025
twists & turns:0.40675
bad ending:0.40575
dramatic:0.39925
good soundtrack:0.39275
childhood:0.3875
clever:0.38475
intellectual:0.37925
philosophy:0.37725
complicated:0.375
science:0.36525
great:0.36125
alternate endings:0.3595
sweet:0.35775
family drama:0.35175
justice:0.34975
nudity (full frontal - brief):0.3465
memory loss:0.3445
runaway:0.3435
better than expected:0.34125
complicated plot:0.3405
not funny:0.34
memory:0.33725
good acting:0.327
sappy:0.32275
dystopia:0.32225
writers:0.32075
secrets:0.31975
good romantic comedies:0.316
