criterion:0.91225
silent:0.9015
oscar (best actress):0.872
talky:0.86475
1920s:0.823
black and white:0.79975
oscar (best foreign language film):0.759
intimate:0.74525
glbt:0.74075
affectionate:0.72975
melancholic:0.7275
secrets:0.72175
downbeat:0.7115
runaway:0.70625
tragedy:0.69425
ironic:0.68075
paris:0.68025
masterpiece:0.64675
police investigation:0.63425
original:0.63275
golden palm:0.62575
poignant:0.623
drama:0.6095
murder:0.60175
greed:0.5935
art:0.5915
artist:0.59125
french:0.587
afi 100 (laughs):0.5855
sexy:0.572
mozart:0.57
assassination:0.56775
enigmatic:0.5655
movielens top pick:0.552
film noir:0.552
dramatic:0.54275
afi 100 (movie quotes):0.5355
pornography:0.534
relationships:0.531
based on a play:0.52875
solitude:0.5245
classic:0.52425
gangsters:0.52375
noir:0.521
oscar (best supporting actress):0.5195
imdb top 250:0.51375
entirely dialogue:0.5105
costume drama:0.5035
passionate:0.48475
storytelling:0.48425
dialogue:0.484
obsession:0.47525
witty:0.4725
idealism:0.44825
fun movie:0.43975
oscar (best directing):0.438
writers:0.4365
social commentary:0.4285
chase:0.42575
photography:0.42025
slapstick:0.418
screwball:0.414
redemption:0.4105
cynical:0.41025
great ending:0.40975
mentor:0.4095
gay character:0.407
musical:0.4045
catastrophe:0.4035
suprisingly clever:0.40125
childhood:0.4
crime gone awry:0.39625
paranoid:0.395
adapted from:book:0.3935
stylized:0.38525
interracial romance:0.382
culture clash:0.3805
great:0.3775
murder mystery:0.37525
twists & turns:0.3735
artistic:0.36925
multiple storylines:0.366
nocturnal:0.363
intellectual:0.36125
noir thriller:0.36
atmospheric:0.35525
harsh:0.3545
finnish:0.354
poland:0.3495
drinking:0.3465
melancholy:0.34475
poetry:0.34025
gunfight:0.3385
suspenseful:0.3375
unusual plot structure:0.33725
perfect:0.3355
blindness:0.333
bittersweet:0.32925
death:0.329
spelling bee:0.3285
