vampires:0.9995
vampire:0.99775
small town:0.94225
splatter:0.91825
alaska:0.913
blood:0.891
survival:0.8895
horror:0.87425
based on a comic:0.855
original:0.827
gory:0.813
adapted from:comic:0.81275
goth:0.8095
violence:0.76625
brutality:0.732
creepy:0.7195
graphic novel:0.68925
violent:0.67475
bloody:0.6665
werewolves:0.65525
monster:0.63475
cult classic:0.6345
suspense:0.608
nocturnal:0.6075
scary:0.6005
visceral:0.58625
bad plot:0.58575
intense:0.5825
apocalypse:0.58025
action:0.576
drinking:0.57475
gore:0.5685
goofy:0.554
monsters:0.54825
adaptation:0.54575
zombie:0.53475
grindhouse:0.532
great ending:0.525
cool:0.523
dialogue:0.5195
fight scenes:0.51575
good soundtrack:0.5155
dark:0.51475
so bad it's funny:0.51275
cult film:0.49975
supernatural:0.4975
good:0.49175
catastrophe:0.489
predictable:0.4825
transformation:0.48075
stylized:0.478
death:0.47775
brutal:0.475
story:0.4745
atmospheric:0.4735
pg-13:0.463
life philosophy:0.46125
mentor:0.4595
tense:0.45925
bad cgi:0.457
suspenseful:0.44625
melancholic:0.44275
weapons:0.44175
plot holes:0.435
fun movie:0.43475
weird:0.434
shallow:0.43325
great:0.43075
special effects:0.4265
good action:0.426
effects:0.41725
chase:0.413
bad acting:0.4125
lone hero:0.41175
adapted from:book:0.406
gothic:0.403
light:0.4
cinematography:0.39925
stereotypes:0.3965
not funny:0.39525
low budget:0.394
demons:0.39325
pointless:0.38925
runaway:0.389
gratuitous violence:0.388
mythology:0.38725
awesome soundtrack:0.38425
ridiculous:0.37925
redemption:0.37425
sexualized violence:0.36975
dark hero:0.36725
gruesome:0.3665
silly:0.366
claustrophobic:0.35725
storytelling:0.356
vengeance:0.35475
mad scientist:0.35375
hunting:0.35125
pornography:0.35025
based on a book:0.34575
