pornography:0.987
rape:0.9635
controversial:0.9495
violence:0.9215
nudity (full frontal - notable):0.9105
male nudity:0.90475
sex:0.898
sexual:0.88875
brutality:0.8755
sexualized violence:0.81525
nudity (full frontal):0.808
sexy:0.78125
original:0.744
nudity (topless - notable):0.67725
revenge:0.6485
road movie:0.6425
erotic:0.625
nudity (topless):0.57
harsh:0.54225
brutal:0.5265
mentor:0.5095
predictable:0.5065
splatter:0.503
nudity (full frontal - brief):0.49525
downbeat:0.495
vengeance:0.48125
good soundtrack:0.4545
women:0.45425
con men:0.45275
great ending:0.4415
prostitution:0.4405
runaway:0.41875
bdsm:0.41725
graphic novel:0.4135
catastrophe:0.4085
pretentious:0.39675
cult film:0.39625
sexuality:0.38775
pointless:0.38075
so bad it's funny:0.38
overrated:0.37675
criterion:0.37125
adaptation:0.36025
storytelling:0.3565
disturbing:0.35575
bad plot:0.35575
dialogue:0.35325
redemption:0.35
fight scenes:0.3465
twists & turns:0.34425
first contact:0.3435
grindhouse:0.341
melancholic:0.33775
nudity (rear):0.33475
not funny:0.33125
stylized:0.3295
notable nudity:0.329
weapons:0.32875
fantasy world:0.32425
police investigation:0.32
french:0.31975
entirely dialogue:0.31525
art:0.31425
bloody:0.311
sexual abuse:0.3105
destiny:0.3085
good:0.30525
bad ending:0.3045
life philosophy:0.3025
murder:0.295
horrible:0.29375
quirky:0.29225
happy ending:0.292
multiple storylines:0.2895
gangsters:0.28875
bleak:0.28825
violent:0.28625
moral ambiguity:0.286
justice:0.2855
camp:0.28475
lone hero:0.28475
culture clash:0.2835
queer:0.28025
boring:0.27975
stereotypes:0.27675
cinematography:0.27625
visceral:0.275
pulp:0.27275
passionate:0.27075
talky:0.262
cult classic:0.2575
unfunny:0.2565
weird:0.254
enigmatic:0.25275
adapted from:book:0.25275
loneliness:0.25175
gangs:0.25
stylish:0.24925
imdb top 250:0.24675
greed:0.24625
