intellectual:0.901
philosophical:0.89
weird:0.88825
documentary:0.87975
philosophy:0.841
very interesting:0.8315
enigmatic:0.80075
narrated:0.79525
existentialism:0.7805
original:0.774
off-beat comedy:0.7675
criterion:0.75925
stylish:0.74225
imagination:0.738
talky:0.727
artistic:0.72425
complex:0.723
intimate:0.7105
cerebral:0.7045
storytelling:0.69975
visually appealing:0.6885
grindhouse:0.678
pretentious:0.67525
obsession:0.66875
adaptation:0.6465
secrets:0.632
social commentary:0.6245
nudity (full frontal - notable):0.61525
biographical:0.6135
insanity:0.598
reflective:0.5955
life philosophy:0.583
distopia:0.57875
manipulation:0.5755
eccentricity:0.55625
creativity:0.55225
loneliness:0.55025
life:0.547
artist:0.54275
meditative:0.54175
non-linear:0.54075
stylized:0.5355
surreal:0.5205
movielens top pick:0.5175
life & death:0.517
dysfunctional family:0.51525
art house:0.51125
harsh:0.50975
sexual abuse:0.5055
dark humor:0.50525
artsy:0.501
glbt:0.49725
pornography:0.49675
sexualized violence:0.49175
confusing:0.487
psychological:0.478
math:0.47775
greed:0.4745
dreamlike:0.4615
parallel universe:0.45925
quirky:0.4565
so bad it's funny:0.45275
male nudity:0.4515
ironic:0.44475
good soundtrack:0.4355
great ending:0.4265
cult film:0.41925
hallucinatory:0.415
grim:0.41325
art:0.4125
hip hop:0.408
identity:0.406
twists & turns:0.402
catastrophe:0.40125
psychology:0.40025
mentor:0.396
anti-hero:0.39475
funny as hell:0.39275
mental illness:0.38825
bad ending:0.38475
free to download:0.38225
corruption:0.374
light:0.3735
writers:0.37275
nudity (full frontal):0.368
complicated:0.3645
judaism:0.36075
nonlinear:0.35875
melancholic:0.3545
police investigation:0.3545
author:neil gaiman:0.35325
brutality:0.353
golden palm:0.35075
absurd:0.349
books:0.3475
visually stunning:0.347
workplace:0.34675
intelligent:0.34175
not funny:0.34125
biography:0.34025
