boarding school:0.98375
cinematography:0.78775
runaway:0.67625
beautifully filmed:0.66125
spanish:0.64325
pornography:0.64125
vengeance:0.6265
childhood:0.6235
sexy:0.61875
adolescence:0.603
teacher:0.59575
school:0.5945
nudity (topless):0.58425
spain:0.572
police investigation:0.56975
adaptation:0.53675
insanity:0.53575
women:0.535
so bad it's funny:0.52725
catastrophe:0.5185
disturbing:0.51725
unusual plot structure:0.511
original:0.50625
oscar (best supporting actress):0.4985
great cinematography:0.49025
erotic:0.48825
drama:0.48325
lesbian:0.48
fantasy world:0.478
good soundtrack:0.474
brutality:0.47025
harsh:0.46725
storytelling:0.46475
melancholic:0.44725
weird:0.43575
corruption:0.42375
mentor:0.4215
suprisingly clever:0.41475
friendship:0.4095
foreign:0.403
sexual abuse:0.4
coming of age:0.39875
great ending:0.3965
dialogue:0.39025
bullying:0.387
unlikely friendships:0.38025
beautiful:0.37975
obsession:0.3765
grindhouse:0.37375
passionate:0.3675
redemption:0.366
child abuse:0.36575
golden palm:0.361
not funny:0.3545
story:0.347
relationships:0.3425
nudity (topless - notable):0.3355
sexualized violence:0.334
psychology:0.32975
manipulation:0.32425
bad ending:0.32275
books:0.321
life philosophy:0.3195
isolation:0.31875
mission from god:0.31725
slow paced:0.31225
twists & turns:0.31025
male nudity:0.3085
hospital:0.3055
bdsm:0.305
chase:0.30075
talky:0.3005
visually appealing:0.299
teen movie:0.29725
guilt:0.296
excellent script:0.293
revenge:0.291
depression:0.28875
police corruption:0.28575
crime gone awry:0.28525
intense:0.28425
girlie movie:0.2815
twist:0.28025
period piece:0.278
plot:0.27575
dreams:0.27275
teenager:0.2725
writers:0.2725
life & death:0.2725
atmospheric:0.272
great:0.271
culture clash:0.26675
good:0.266
enigmatic:0.265
moral ambiguity:0.26475
investigation:0.263
complex:0.2595
coming-of-age:0.259
swedish:0.2575
good acting:0.257
