utopia:0.9465
adapted from:book:0.91175
1930s:0.91075
destiny:0.83425
fantasy:0.81025
idealism:0.78925
based on book:0.7705
imdb top 250:0.767
oscar (best directing):0.76025
beautifully filmed:0.759
classic:0.752
original:0.73825
greed:0.7355
visually stunning:0.73375
fairy tale:0.69625
literature:0.686
mentor:0.68075
fantasy world:0.679
humanity:0.67175
alone in the world:0.662
earnest:0.65875
beautiful scenery:0.64925
imagination:0.6435
immortality:0.6355
runaway:0.62975
story:0.626
catastrophe:0.6145
oscar (best actress):0.5955
magic:0.59475
dramatic:0.593
storytelling:0.59075
reflective:0.58275
cinematography:0.58225
sentimental:0.58175
adventure:0.581
allegory:0.56225
great:0.54175
redemption:0.5405
criterion:0.54025
unusual plot structure:0.5395
transformation:0.53875
courage:0.53675
romantic:0.529
breathtaking:0.52725
suprisingly clever:0.522
childhood:0.5205
adaptation:0.51875
good:0.5165
books:0.51525
poignant:0.51475
aging:0.512
sacrifice:0.51025
great acting:0.51025
foreign:0.50775
talky:0.505
great movie:0.4975
british:0.496
culture clash:0.4955
love story:0.491
secrets:0.48225
black and white:0.48125
philosophy:0.4675
great ending:0.46325
oscar (best cinematography):0.46225
solitude:0.4605
dialogue:0.4585
great cinematography:0.458
scenic:0.45775
visually appealing:0.45725
politics:0.4545
harsh:0.4525
mythology:0.4365
oscar (best supporting actress):0.431
memory loss:0.429
prejudice:0.42875
corruption:0.42425
survival:0.424
jesus:0.42125
masterpiece:0.421
amazing photography:0.42
first contact:0.41825
drama:0.41075
book:0.4055
friendship:0.40525
revolution:0.403
enigmatic:0.402
book was better:0.39775
death:0.39675
historical:0.39675
fairy tales:0.39525
good acting:0.395
political:0.39475
oscar:0.3945
oscar winner:0.3945
narrated:0.39075
war:0.38725
epic:0.38575
long:0.384
oscar (best supporting actor):0.38225
life philosophy:0.382
