original:0.8395
fun movie:0.82675
screwball comedy:0.79225
destiny:0.7735
comedy:0.7725
vengeance:0.75625
light:0.7525
complex:0.7315
pornography:0.72975
nostalgic:0.727
great movie:0.7085
1930s:0.7075
new jersey:0.6935
writers:0.66275
dialogue driven:0.6535
hotel:0.6435
greed:0.63775
distopia:0.624
prostitution:0.6195
ensemble cast:0.61425
sexualized violence:0.6065
nudity (topless):0.605
funny:0.605
cinematography:0.604
interesting:0.60175
storytelling:0.599
very funny:0.599
wine:0.594
good soundtrack:0.5825
farce:0.5735
relationships:0.566
visually appealing:0.56025
1980s:0.54975
depression:0.5385
violent:0.52825
psychology:0.52425
dialogue:0.524
drama:0.5235
very good:0.5215
stylish:0.52125
nudity (topless - notable):0.5175
sexy:0.5155
obsession:0.49975
stylized:0.4985
quirky:0.4965
witty:0.493
corruption:0.487
talky:0.4855
great ending:0.484
criterion:0.478
oscar (best supporting actress):0.478
drinking:0.47675
nudity (full frontal - notable):0.4685
whimsical:0.46725
violence:0.46375
melancholic:0.46
1970s:0.45875
runaway:0.4585
revenge:0.454
adultery:0.44675
oscar (best directing):0.43025
tricky:0.42925
alternate reality:0.428
fashion:0.427
great:0.42575
great acting:0.424
pointless:0.4235
surreal:0.42225
cynical:0.4165
clever:0.416
adaptation:0.4105
childhood:0.41
catastrophe:0.40725
notable nudity:0.40575
suspense:0.40175
unusual plot structure:0.4
screwball:0.39925
mentor:0.39575
predictable:0.39525
dysfunctional family:0.3945
brutality:0.394
visual:0.3935
masterpiece:0.393
imdb top 250:0.3925
80s:0.389
infidelity:0.3885
memory:0.38825
business:0.386
police investigation:0.3855
tragedy:0.3825
intense:0.373
story:0.372
dark hero:0.37075
good:0.36975
creativity:0.36925
british:0.36875
bloody:0.3675
cult film:0.3665
family:0.36475
based on true story:0.36425
