based on a book:0.97725
rabbits:0.97675
adapted from:book:0.97575
animation:0.96125
based on book:0.9495
cartoon:0.925
talking animals:0.9235
violence:0.8995
animated:0.885
violent:0.88075
original:0.84225
animals:0.8365
sexualized violence:0.824
adaptation:0.7955
storytelling:0.78425
life & death:0.76075
childhood:0.7605
books:0.7575
allegory:0.748
animal movie:0.727
book:0.71975
good soundtrack:0.70725
story:0.7065
criterion:0.69725
literature:0.69675
bloody:0.67775
adventure:0.66775
weird:0.6605
friendship:0.66
computer animation:0.65875
children:0.65525
brutality:0.652
intense:0.6465
good:0.644
narrated:0.64175
dark:0.6405
unlikely friendships:0.63425
classic:0.62425
great:0.611
imagination:0.61025
mythology:0.6005
book was better:0.60025
dialogue:0.5935
disturbing:0.591
mentor:0.59075
great movie:0.5905
cult film:0.58875
blood:0.5855
beautiful scenery:0.57925
social commentary:0.5775
courage:0.57725
interesting:0.56875
sad:0.56775
touching:0.56
atmospheric:0.55825
fantasy world:0.549
gory:0.5465
justice:0.53975
runaway:0.5375
scenic:0.5365
highly quotable:0.5355
70mm:0.53125
suprisingly clever:0.5295
great ending:0.525
death:0.524
visually appealing:0.519
surreal:0.50925
british:0.50275
harsh:0.5025
excellent:0.5015
distopia:0.4975
masterpiece:0.496
pg-13:0.489
bleak:0.48575
george orwell:0.4835
censorship:0.48075
cult classic:0.47075
visually stunning:0.46725
pornography:0.4655
excellent script:0.46475
clever:0.459
culture clash:0.4565
art:0.45575
earnest:0.4495
beautiful:0.445
survival:0.445
1970s:0.443
imdb top 250:0.43925
artistic:0.43725
drama:0.43625
underrated:0.43175
visual:0.431
grim:0.42725
brutal:0.42675
greed:0.42525
catastrophe:0.425
nostalgic:0.42125
psychedelic:0.42075
original plot:0.42075
disney animated feature:0.419
