surreal:0.93675
satirical:0.82875
surrealism:0.81925
awesome soundtrack:0.80925
innocence lost:0.76725
mad scientist:0.75875
weird:0.73325
enigmatic:0.714
existentialism:0.71075
cerebral:0.704
golden palm:0.6745
allegory:0.66125
greed:0.636
cynical:0.6225
original:0.61675
nudity (topless - brief):0.609
long:0.608
criterion:0.599
reflective:0.586
mentor:0.564
british:0.5565
police corruption:0.539
hospital:0.5305
biting:0.527
harsh:0.5235
corruption:0.52075
bizarre:0.5145
melancholic:0.51175
sexual:0.487
cult film:0.47575
england:0.473
police investigation:0.4565
very interesting:0.45475
runaway:0.4515
unusual plot structure:0.4405
hotel:0.43675
macabre:0.43425
brutality:0.427
catastrophe:0.41975
dialogue:0.41925
violent:0.4115
art house:0.4095
disturbing:0.40925
redemption:0.40575
con artists:0.4035
tokyo:0.40025
ironic:0.39075
nudity (full frontal - notable):0.38925
life philosophy:0.383
distopia:0.3825
strange:0.378
intimate:0.37775
insanity:0.37675
loneliness:0.369
rebellion:0.3685
whimsical:0.3655
bleak:0.36175
capitalism:0.361
suprisingly clever:0.35875
breathtaking:0.3585
movielens top pick:0.3525
chase:0.3515
atmospheric:0.35125
satire:0.3435
social commentary:0.3395
absurd:0.33875
fantasy world:0.3355
great ending:0.33525
fighting the system:0.33525
great acting:0.33475
justice:0.33225
classic car:0.331
oscar (best supporting actress):0.33075
destiny:0.3265
crime gone awry:0.324
visceral:0.321
trilogy:0.31925
transformation:0.319
imdb top 250:0.31875
meditative:0.31875
great:0.31625
nudity (rear):0.31625
masterpiece:0.315
complex:0.31375
author:neil gaiman:0.31075
talky:0.31025
cinematography:0.31
black comedy:0.3095
creativity:0.309
adaptation:0.30475
road movie:0.2985
thought-provoking:0.29475
sci fi:0.29275
oscar (best actress):0.2905
philosophy:0.28725
bullying:0.287
grindhouse:0.2835
weapons:0.2835
not funny:0.28075
british comedy:0.28025
