germany:0.9995
world war ii:0.997
nazis:0.99525
oscar (best foreign language film):0.9835
wwii:0.98075
german:0.97825
nazi:0.973
courage:0.95775
true story:0.947
based on a true story:0.94075
jews:0.9395
wartime:0.932
dramatic:0.92275
sacrifice:0.8925
fascism:0.88575
holocaust:0.88
history:0.871
idealism:0.86625
historical:0.86475
drama:0.82025
based on true story:0.8125
intense:0.7965
imdb top 250:0.796
genocide:0.78625
original:0.785
tragedy:0.7595
anti-semitism:0.74725
fighting the system:0.74125
us history:0.73875
social commentary:0.7365
brutality:0.733
oscar (best directing):0.731
survival:0.7275
politics:0.72375
justice:0.70925
powerful ending:0.707
realistic:0.691
propaganda:0.68725
great acting:0.66175
forceful:0.661
foreign:0.65
cinematography:0.643
thought-provoking:0.64175
free speech:0.6415
life & death:0.64025
oscar (best actress):0.63975
story:0.63875
assassination:0.636
narrated:0.63125
touching:0.62825
excellent script:0.6275
mentor:0.6265
political:0.62525
corruption:0.61975
freedom:0.6175
pg-13:0.61325
war:0.61075
feel-good:0.60825
poignant:0.6
ethnic conflict:0.59175
culture clash:0.5895
storytelling:0.5875
movielens top pick:0.586
guilt:0.58175
good acting:0.5755
heartbreaking:0.575
interesting:0.56175
death:0.561
unlikely friendships:0.5595
childhood:0.55525
great ending:0.5515
oscar:0.5435
friendship:0.5435
east germany:0.54225
runaway:0.53775
emotional:0.537
oscar winner:0.5365
betrayal:0.53525
poland:0.528
honest:0.5265
catholicism:0.5235
complex:0.523
intelligent:0.5215
catastrophe:0.519
suspense:0.519
torture:0.5185
morality:0.518
intimate:0.51675
based on book:0.5165
suprisingly clever:0.51525
berlin:0.515
humanity:0.512
great:0.509
prejudice:0.50775
feel good movie:0.50525
tense:0.503
good:0.502
talky:0.4995
rebellion:0.49825
excellent:0.49825
