casino:0.9705
las vegas:0.9655
gambling:0.88925
great acting:0.85625
original:0.85525
quirky:0.8435
violence:0.83475
greed:0.8205
nudity (full frontal - notable):0.81525
violent:0.8115
interesting:0.80175
independent film:0.79375
drama:0.79125
twists & turns:0.78275
love story:0.77925
dialogue:0.7585
good:0.75125
organized crime:0.75
very interesting:0.74675
good soundtrack:0.736
brutality:0.72675
corruption:0.725
complicated:0.7225
destiny:0.71
stylish:0.7005
whimsical:0.698
crime gone awry:0.696
sexualized violence:0.6935
loneliness:0.69175
mentor:0.69125
feel-good:0.68
intense:0.67975
relationships:0.67875
plot:0.67475
redemption:0.6705
cinematography:0.664
gangsters:0.6635
love:0.661
sexy:0.65975
story:0.65175
happy ending:0.64925
storytelling:0.64475
good acting:0.64275
very good:0.63975
oscar (best actress):0.637
oscar:0.63575
clever:0.62125
character study:0.612
nudity (full frontal):0.605
downbeat:0.6025
twist ending:0.601
complex:0.6005
suspense:0.5925
crime:0.59175
corporate america:0.591
gritty:0.58875
cerebral:0.588
great movie:0.586
visually appealing:0.586
stylized:0.5815
great ending:0.58075
drinking:0.5775
romance:0.5775
runaway:0.57225
entertaining:0.5665
mafia:0.56625
pornography:0.56475
plot twist:0.5635
pg-13:0.551
nocturnal:0.5505
oscar (best supporting actress):0.548
indie:0.54275
realistic:0.5415
social commentary:0.53925
gratuitous violence:0.5375
cool:0.53675
entirely dialogue:0.529
mob:0.529
twist:0.52125
oscar (best directing):0.5195
feel good movie:0.51925
pulp:0.51625
male nudity:0.5125
gangster:0.50875
honest:0.5045
betrayal:0.50375
dark:0.5
melancholic:0.49675
harsh:0.496
justice:0.495
talky:0.4935
great:0.4875
dark humor:0.48525
narrated:0.484
revenge:0.483
psychology:0.482
underdog:0.47825
life philosophy:0.4745
con artists:0.47425
business:0.474
