gunfight:0.99625
western:0.995
moral ambiguity:0.884
drinking:0.726
hunting:0.713
spaghetti western:0.6985
harsh:0.6835
original:0.64275
california:0.62475
culture clash:0.61725
violent:0.616
runaway:0.613
guns:0.59
justice:0.567
downbeat:0.56075
vengeance:0.54075
dialogue:0.53575
ennio morricone:0.515
enigmatic:0.5145
criterion:0.51
bleak:0.48775
corruption:0.48625
chase:0.48275
great movie:0.47425
oscar (best directing):0.46775
melancholic:0.46525
great ending:0.45925
great:0.4335
classic:0.43125
storytelling:0.4285
violence:0.4275
imdb top 250:0.4215
lone hero:0.4195
catastrophe:0.41525
gangs:0.41475
redemption:0.409
oscar (best cinematography):0.4065
forceful:0.40625
nocturnal:0.40375
horses:0.39975
not funny:0.39875
mentor:0.39775
hitman:0.38975
small town:0.387
police investigation:0.38525
life & death:0.38375
fighting the system:0.37325
affectionate:0.371
complex:0.3695
goofy:0.36675
action:0.36275
bloody:0.36225
very interesting:0.36125
cinematography:0.3545
entirely dialogue:0.3535
good soundtrack:0.35
texas:0.3485
mexico:0.3465
story:0.34425
gangsters:0.342
ironic:0.34175
scenic:0.341
quirky:0.34075
cult film:0.34025
earnest:0.33925
loneliness:0.339
talky:0.337
light:0.33675
indians:0.334
stylized:0.3325
civil war:0.331
oscar (best supporting actor):0.32475
childhood:0.32475
good:0.323
based on book:0.32125
intense:0.31825
breathtaking:0.3155
idealism:0.315
anti-hero:0.31225
bittersweet:0.309
honest:0.30575
1970s:0.3045
adapted from:book:0.3005
destiny:0.299
revenge:0.2975
murder:0.29675
police corruption:0.29525
golden palm:0.295
weapons:0.29225
gritty:0.2915
dark hero:0.29025
predictable:0.28775
overrated:0.287
writers:0.287
brutality:0.287
hotel:0.284
great acting:0.282
fantasy world:0.2805
suspense:0.2765
action packed:0.27475
