werewolves:0.9975
horror:0.988
werewolf:0.9815
splatter:0.974
cult classic:0.90425
low budget:0.8815
gory:0.8735
bloody:0.86075
cult film:0.854
claustrophobic:0.83925
action:0.83225
original:0.832
survival:0.81375
british:0.8115
cult:0.78825
fun:0.77375
dark humor:0.76425
special effects:0.74075
monster:0.72775
weapons:0.715
blood:0.70725
wilderness:0.7015
dialogue:0.691
gruesome:0.69025
creepy:0.68975
good:0.68875
great movie:0.67575
atmospheric:0.674
scary:0.66875
great:0.657
good action:0.6505
gore:0.649
scotland:0.63625
cool:0.62825
good soundtrack:0.62425
violent:0.62425
zombie:0.6175
violence:0.61125
suspense:0.61
supernatural:0.6095
brutality:0.59575
effects:0.5915
gratuitous violence:0.58675
grindhouse:0.58275
england:0.57875
nocturnal:0.575
visceral:0.5745
so bad it's funny:0.5625
action packed:0.56
great ending:0.548
tense:0.541
transformation:0.53725
monsters:0.53575
good acting:0.53125
macabre:0.524
very good:0.5145
chase:0.51225
pg-13:0.509
sci fi:0.49325
realistic action:0.489
quotable:0.485
demons:0.473
better than expected:0.47275
weird:0.4715
entertaining:0.469
fast paced:0.459
excellent script:0.458
apocalypse:0.449
campy:0.4485
camp:0.447
aliens:0.4465
post-apocalyptic:0.44575
hunting:0.445
torture:0.43375
predictable:0.42825
mentor:0.4255
scifi:0.418
good dialogue:0.4175
clever:0.414
goofy:0.40675
plot twist:0.4065
bad acting:0.40325
catastrophe:0.401
entirely dialogue:0.39925
fun movie:0.39625
black comedy:0.3935
sexualized violence:0.39275
dark:0.38875
social commentary:0.38725
story:0.38325
graphic novel:0.3805
fight scenes:0.3775
post apocalyptic:0.375
excellent:0.37375
not funny:0.373
intense:0.37125
goth:0.36925
great acting:0.36825
dark hero:0.368
bad cgi:0.365
