bank robbery:0.943
drama:0.906
dramatic:0.90225
police corruption:0.898
great acting:0.8935
exceptional acting:0.89325
storytelling:0.88075
complex:0.85
corruption:0.8435
cinematography:0.83975
guilt:0.83925
original:0.83675
intense:0.8325
crime:0.8275
father son relationship:0.81425
great ending:0.807
psychological:0.78875
moral ambiguity:0.76775
good acting:0.74325
redemption:0.72575
twists & turns:0.7195
violent:0.71925
cerebral:0.71625
vengeance:0.71225
character study:0.705
melancholic:0.704
existentialism:0.701
loneliness:0.69825
violence:0.69125
tense:0.69025
story:0.68525
motorcycle:0.68025
solitude:0.6655
tragedy:0.65525
emotional:0.65225
mentor:0.652
talky:0.6515
police investigation:0.65075
social commentary:0.65
good soundtrack:0.6345
brutality:0.61925
depression:0.61625
enigmatic:0.614
family drama:0.61
plot twist:0.609
reflective:0.6085
justice:0.6045
powerful ending:0.604
parenthood:0.5985
non-linear:0.58825
forceful:0.58825
psychology:0.586
secrets:0.5835
father-son relationship:0.5745
revenge:0.57275
visceral:0.56225
golden palm:0.55875
dialogue:0.554
bleak:0.55275
visually appealing:0.549
masterpiece:0.54825
gritty:0.54725
complicated:0.54425
nonlinear:0.53975
oscar:0.53
weird:0.52775
dark:0.52575
imdb top 250:0.52325
suspense:0.5225
realistic:0.522
beautifully filmed:0.521
criterion:0.52025
intimate:0.516
stylized:0.51375
great:0.51325
great movie:0.5125
greed:0.508
grim:0.5015
heist:0.4985
interesting:0.4975
realistic action:0.49225
thriller:0.485
drugs:0.484
destiny:0.48175
suprisingly clever:0.47825
thought-provoking:0.478
plot:0.47275
claustrophobic:0.47175
oscar (best directing):0.467
chase:0.46575
downbeat:0.465
crime gone awry:0.461
harsh:0.46
complex characters:0.45
bad ending:0.4495
gangsters:0.44825
atmospheric:0.446
oscar (best actress):0.44525
excellent script:0.44475
runaway:0.4445
