nature:0.9215
stunning:0.88975
narrated:0.86025
underwater:0.84475
ocean:0.78575
environment:0.7825
environmental:0.77075
documentary:0.7515
weird:0.72725
animation:0.71525
fish:0.68875
very interesting:0.6875
visuals:0.6725
visual:0.67225
3d:0.66175
life philosophy:0.656
life & death:0.582
australia:0.5595
original:0.53825
animals:0.53325
self discovery:0.53025
beautifully filmed:0.52925
too short:0.518
criterion:0.51525
catastrophe:0.5085
animal movie:0.4895
great:0.4835
ecology:0.479
computer animation:0.478
cool:0.475
amazing photography:0.47125
breathtaking:0.45525
silly:0.44675
chase:0.44425
greed:0.441
photography:0.43475
visually appealing:0.43175
beautiful scenery:0.429
childhood:0.42775
wilderness:0.4175
effects:0.4145
made for tv:0.41275
culture clash:0.409
cinematography:0.40775
free to download:0.39575
visually stunning:0.39525
scenic:0.39475
educational:0.39425
talking animals:0.38425
harsh:0.3765
meditative:0.37275
not funny:0.36225
creativity:0.3585
beautiful:0.35075
cartoon:0.34975
technology:0.3485
brutality:0.341
penguins:0.3365
mentor:0.3345
fantasy world:0.3275
george orwell:0.319
children:0.319
survival:0.31625
video game:0.316
stand-up comedy:0.31075
life:0.31025
storytelling:0.30775
transformation:0.30275
animated:0.29925
stylized:0.299
graphic design:0.297
great ending:0.2965
shark:0.296
suprisingly clever:0.29575
natural disaster:0.294
author:neil gaiman:0.29175
adaptation:0.29025
reflective:0.28575
computer game:0.279
family:0.2785
dreams:0.276
global warming:0.27325
social commentary:0.27
dialogue:0.2675
internet:0.2625
art:0.26075
good:0.2585
special effects:0.258
alter ego:0.2495
melancholic:0.248
enigmatic:0.24275
good soundtrack:0.242
allegory:0.236
fight scenes:0.235
corruption:0.23225
pg-13:0.23225
first contact:0.232
imagination:0.22975
existentialism:0.227
artistic:0.2265
