erotic:0.97825
sexy:0.969
sex:0.96425
sexual:0.9515
nudity (topless - notable):0.9515
nudity (full frontal - notable):0.93525
pornography:0.91
sexuality:0.76025
nudity (full frontal):0.7585
original:0.66425
notable nudity:0.66
fantasy:0.65225
camp:0.6465
passionate:0.6425
nudity:0.641
predictable:0.624
romance:0.61
nudity (rear):0.589
silly:0.5755
dialogue:0.5755
bad script:0.564
bad acting:0.553
love story:0.5495
fun movie:0.54625
great:0.51675
mentor:0.50775
destiny:0.50675
nudity (topless):0.4925
women:0.46725
bad plot:0.4665
relationships:0.46225
shallow:0.456
great ending:0.44825
bdsm:0.4475
lame:0.44125
catastrophe:0.441
grindhouse:0.43775
family:0.4335
plot:0.429
beautiful scenery:0.427
sexualized violence:0.4265
so bad it's funny:0.4235
story:0.42225
nudity (full frontal - brief):0.41325
male nudity:0.413
chase:0.40275
bad:0.401
vengeance:0.39925
island:0.392
horrible:0.3915
disaster:0.38775
life philosophy:0.38225
manipulation:0.38
campy:0.37975
romantic:0.3795
entirely dialogue:0.3735
fantasy world:0.369
fight scenes:0.357
first contact:0.356
ridiculous:0.3555
strippers:0.34575
dreamlike:0.34425
very interesting:0.3355
stylized:0.33525
plot holes:0.3315
80s:0.33075
boring:0.3285
overrated:0.32825
runaway:0.3245
marriage:0.3235
not funny:0.32125
storytelling:0.32025
police investigation:0.32
happy ending:0.31625
complex:0.3155
cult film:0.311
revenge:0.3105
cinematography:0.30975
good:0.30875
adaptation:0.305
lone hero:0.30475
oscar winner:0.3035
idiotic:0.3015
murder:0.2985
sci fi:0.298
corruption:0.29675
culture clash:0.29575
visually appealing:0.295
pg-13:0.29375
great acting:0.28925
natural disaster:0.28775
stylish:0.287
stereotypes:0.285
teen movie:0.28375
nocturnal:0.28225
brutality:0.28175
pulp:0.281
silly fun:0.27525
nudity (topless - brief):0.274
great movie:0.27125
