stop motion:0.9985
monster:0.98375
stop-motion:0.97075
monsters:0.955
special effects:0.92775
scifi:0.87975
dinosaurs:0.87775
weapons:0.857
intelligent sci-fi:0.84575
sci-fi:0.834
sci fi:0.8155
effects:0.807
suspenseful:0.8005
cult classic:0.79675
island:0.78725
science fiction:0.783
mad scientist:0.77325
survival:0.76525
creepy:0.732
original:0.73075
mentor:0.73
tokyo:0.7185
low budget:0.67725
antarctica:0.65625
bombs:0.6485
allegory:0.64525
transformation:0.6315
ominous:0.6265
cult film:0.61775
grim:0.61175
grindhouse:0.60425
gory:0.58125
so bad it's funny:0.57175
scary:0.565
gruesome:0.56125
vampire human love:0.56075
wilderness:0.56075
horror:0.55725
spiders:0.555
creativity:0.5535
chase:0.5505
nuclear:0.55
paranoid:0.54925
life & death:0.54375
story:0.53175
japan:0.5245
android(s)/cyborg(s):0.51375
great:0.5135
mythology:0.508
dreams:0.5065
alien:0.5015
dark fantasy:0.50025
first contact:0.49975
paranoia:0.4875
nuclear war:0.48175
frightening:0.47925
dialogue:0.46625
free to download:0.4635
great ending:0.4605
catastrophe:0.45175
new york city:0.4505
snakes:0.44675
zombie:0.4425
harsh:0.44225
atmospheric:0.4395
runaway:0.42375
campy:0.42325
splatter:0.4205
dark hero:0.42025
blood:0.41025
vengeance:0.4075
classic:0.407
suspense:0.40475
visual:0.40325
imdb top 250:0.40275
shark:0.3975
gothic:0.38975
dystopic future:0.38925
cult:0.38875
narrated:0.3855
alone in the world:0.3825
criterion:0.37975
nocturnal:0.3785
oscar:0.3765
demons:0.37525
science:0.37525
1950s:0.37375
cerebral:0.37275
silly fun:0.37075
natural disaster:0.3695
claustrophobic:0.36325
good soundtrack:0.35975
sexualized violence:0.354
tense:0.35375
cinematography:0.348
good action:0.34625
giant robots:0.34625
fantasy world:0.3425
unusual plot structure:0.34125
mars:0.34075
