college:0.9755
robert downey jr:0.968
comedy:0.9605
goofy:0.95275
fun movie:0.86725
1980s:0.86575
hilarious:0.843
funny:0.82075
mentor:0.7705
80s:0.77
original:0.73775
great movie:0.73725
very funny:0.7195
beer:0.7155
fun:0.70025
nudity (topless):0.69625
great:0.67075
good:0.659
pg-13:0.63575
silly fun:0.62125
story:0.594
classic:0.57975
funniest movies:0.56625
teacher:0.5585
silly:0.55775
quotable:0.54775
teen:0.5285
golf:0.52075
great ending:0.51875
chase:0.513
predictable:0.51
humor:0.50875
school:0.504
crude humor:0.48025
bullying:0.47975
childhood:0.47675
teen movie:0.476
dumb but funny:0.475
good soundtrack:0.47475
adaptation:0.44725
dialogue:0.44425
high school:0.443
over the top:0.44125
buddy movie:0.43775
runaway:0.43475
storytelling:0.43025
highly quotable:0.429
brutality:0.428
destiny:0.42275
revenge:0.4225
underdog:0.42125
transformation:0.42025
humorous:0.4185
vengeance:0.41325
catastrophe:0.41275
good action:0.40925
redemption:0.407
shallow:0.402
nostalgic:0.40125
light:0.4
happy ending:0.3925
farce:0.3825
inspirational:0.3825
lone hero:0.38125
fight scenes:0.37275
culture clash:0.37175
corruption:0.369
feel-good:0.36825
justice:0.36225
violence:0.359
alter ego:0.3555
intense:0.35525
life:0.354
us history:0.35375
drinking:0.34475
family:0.33975
multiple storylines:0.33925
harsh:0.3385
feel good movie:0.33675
nudity (topless - notable):0.336
foul language:0.33175
comic:0.33075
cool:0.33
unlikely friendships:0.325
fighting:0.32125
funny as hell:0.31925
teens:0.3115
future:0.31125
unfunny:0.30725
imdb top 250:0.30325
clever:0.3015
suprisingly clever:0.30125
stereotypes:0.2995
cult film:0.29825
time:0.296
oscar (best effects - visual effects):0.29525
slackers:0.29475
life philosophy:0.29125
business:0.29125
cult classic:0.29025
