women:0.98175
world war ii:0.94825
wwii:0.89925
based on true story:0.83875
camp:0.7825
true story:0.7725
survival:0.764
courage:0.70575
sacrifice:0.7005
based on a true story:0.692
brutality:0.671
holocaust:0.65425
story:0.65425
drama:0.6515
historical:0.63925
war:0.63525
prejudice:0.62625
wartime:0.62375
japanese:0.61625
original:0.6115
unlikely friendships:0.61025
dramatic:0.6055
prison:0.593
japan:0.59275
island:0.5915
culture clash:0.58425
chick flick:0.577
pg-13:0.54875
mentor:0.54375
friendship:0.52525
girlie movie:0.52025
good:0.51575
catastrophe:0.50875
great ending:0.498
australian:0.48575
sentimental:0.481
ensemble cast:0.46275
good soundtrack:0.461
justice:0.4545
jews:0.454
islam:0.45225
brutal:0.45175
corruption:0.4465
australia:0.43625
jungle:0.4285
light:0.427
nudity (topless - brief):0.42575
excellent:0.421
beautiful scenery:0.41325
british:0.4085
nazis:0.407
doctors:0.40625
fantasy world:0.40575
shallow:0.404
interracial romance:0.40225
politics:0.3975
torture:0.39475
runaway:0.3925
german:0.38525
pornography:0.3805
passionate:0.37675
betrayal:0.3765
better than expected:0.37025
harsh:0.36875
destiny:0.3665
social commentary:0.36625
very interesting:0.36425
notable nudity:0.36375
dialogue:0.36325
plot:0.36275
stereotypes:0.3545
idealism:0.35175
germany:0.351
male nudity:0.34725
alternate history:0.347
nazi:0.3455
storytelling:0.3415
oscar:0.34
good music:0.34
revolution:0.33625
unusual plot structure:0.3355
jewish:0.335
death:0.33375
us history:0.3335
morality:0.33
revenge:0.3265
hospital:0.3225
adapted from:book:0.32225
touching:0.31875
race issues:0.3175
tragedy:0.31475
nudity (full frontal - brief):0.31375
adaptation:0.30875
feel-good:0.30775
honest:0.30575
awesome soundtrack:0.302
based on a play:0.30075
greed:0.3
realistic:0.2985
childhood:0.29625
