french:0.98475
teen:0.98325
paris:0.97625
teen movie:0.96225
dreams:0.89625
adolescence:0.88575
high school:0.88325
teens:0.87475
nostalgic:0.87075
teenager:0.857
girlie movie:0.83775
cheerleading:0.826
france:0.7995
coming of age:0.7715
teenagers:0.768
good soundtrack:0.73375
love:0.73025
destiny:0.71675
foreign:0.694
life philosophy:0.68225
pornography:0.651
original:0.63025
coming-of-age:0.6285
so bad it's funny:0.62375
melancholic:0.6235
mentor:0.60775
nudity (topless - notable):0.60775
romantic:0.59725
goofy:0.574
great:0.56325
social commentary:0.53875
beautifully filmed:0.53825
harsh:0.5245
relationships:0.50825
cinematography:0.50825
unusual plot structure:0.49975
romantic comedy:0.4885
predictable:0.48525
unlikely friendships:0.48025
love story:0.478
runaway:0.477
feel good movie:0.4685
teacher:0.46
fantasy world:0.45625
80s:0.4465
male nudity:0.44625
catastrophe:0.4425
divorce:0.442
nudity (full frontal - notable):0.4405
finnish:0.4405
pg-13:0.44
dance:0.43675
fantasy:0.4365
sexualized violence:0.43625
fashion:0.423
beautiful:0.4185
special:0.4125
loneliness:0.4115
marriage:0.4115
tokyo:0.408
stereotypes:0.4
drama:0.3985
grindhouse:0.39775
silly fun:0.39675
school:0.3965
feel-good:0.3965
underrated:0.3915
great ending:0.391
dialogue:0.38725
bullying:0.38675
adaptation:0.3845
brutality:0.37725
bittersweet:0.3705
story:0.36875
fun:0.367
light:0.364
gay:0.362
sexuality:0.35425
fun movie:0.34975
storytelling:0.3465
redemption:0.3445
sweet:0.34125
women:0.34025
visually stunning:0.33825
bdsm:0.33725
nudity (topless):0.33625
nudity (full frontal - brief):0.335
sexy:0.33025
friendship:0.32475
dancing:0.323
rebellion:0.323
gangsters:0.322
emotional:0.32125
1980s:0.32075
childhood:0.32025
passionate:0.31875
period piece:0.31725
plot:0.31025
great acting:0.30975
romance:0.3095
