martial arts:1.0
wuxia:0.9995
kung fu:0.9995
china:0.995
fight scenes:0.98275
hong kong:0.9555
fighting:0.942
action:0.85725
mentor:0.81025
original:0.80875
good action:0.772
foreign:0.75475
rebellion:0.73125
great:0.7165
cult classic:0.7055
visually stunning:0.69
story:0.6895
18th century:0.683
brutality:0.67775
stunning:0.674
complex:0.66525
great movie:0.66025
breathtaking:0.652
awesome soundtrack:0.64975
imdb top 250:0.64775
amazing photography:0.6395
cool:0.63475
dark hero:0.6325
epic:0.6225
violence:0.61775
vengeance:0.59225
cinematography:0.58525
life philosophy:0.58475
sexualized violence:0.584
dragons:0.5795
good:0.57225
good soundtrack:0.5605
highly quotable:0.5575
dialogue:0.55725
oscar (best foreign language film):0.555
gangs:0.55425
classic:0.5525
grindhouse:0.54025
stylized:0.52425
transformation:0.519
visual:0.5175
visually appealing:0.5025
nostalgic:0.4985
runaway:0.4965
weapons:0.49625
movielens top pick:0.49625
redemption:0.48825
kick-butt women:0.4855
violent:0.483
criterion:0.48175
great ending:0.48125
beautifully filmed:0.472
awesome:0.4615
fast paced:0.46
masterpiece:0.45775
culture clash:0.4575
19th century:0.455
historical:0.45475
sword fight:0.45375
very good:0.45325
intense:0.45225
childhood:0.452
ironic:0.44725
fantasy world:0.44625
quotable:0.44525
social commentary:0.44475
cult film:0.4445
fun movie:0.44375
corruption:0.43675
allegory:0.433
distopia:0.432
friendship:0.431
sacrifice:0.42725
dramatic:0.4255
forceful:0.42125
talky:0.419
revolution:0.417
narrated:0.408
harsh:0.4075
colourful:0.40725
doctors:0.40625
catastrophe:0.404
storytelling:0.4035
suprisingly clever:0.40325
guns:0.402
great cinematography:0.39725
oscar (best directing):0.3935
fun:0.39025
revenge:0.38825
oscar (best effects - visual effects):0.38525
good acting:0.37825
better than the american version:0.3745
cerebral:0.373
superheroes:0.37075
fighting the system:0.3685
