disturbing:0.93025
loneliness:0.922
brutality:0.92175
pornography:0.919
bleak:0.8985
existentialism:0.89375
life philosophy:0.84025
grim:0.831
incest:0.82675
art house:0.82175
sexualized violence:0.8215
vengeance:0.78925
harsh:0.78775
hard to watch:0.7835
visceral:0.74975
nocturnal:0.7405
enigmatic:0.72475
weird:0.7185
reflective:0.6975
psychological:0.6855
violent:0.67975
relationships:0.6595
criterion:0.64725
insanity:0.63
brutal:0.61375
narrated:0.59575
obsession:0.58775
violence:0.5865
social commentary:0.5845
controversial:0.5835
stylized:0.57375
midlife crisis:0.567
melancholic:0.56675
macabre:0.56325
depression:0.55725
philosophical:0.555
downbeat:0.54475
dark:0.5445
storytelling:0.54425
golden palm:0.54275
original:0.54075
nonlinear:0.531
suprisingly clever:0.513
redemption:0.48475
hotel:0.47975
talky:0.478
drinking:0.47725
paranoia:0.46925
gory:0.46725
dialogue:0.45925
confrontational:0.45625
masterpiece:0.454
underrated:0.45375
vigilantism:0.45125
art:0.4365
male nudity:0.4315
pointless:0.43075
good soundtrack:0.43
crime gone awry:0.42925
entirely dialogue:0.4285
philosophy:0.42575
mental illness:0.41775
cynical:0.415
great acting:0.411
great ending:0.41075
movielens top pick:0.40875
destiny:0.4045
revenge:0.40425
psychology:0.3955
nudity (full frontal - notable):0.39075
ironic:0.3905
mentor:0.39025
artistic:0.38925
sexual:0.386
gritty:0.37475
catastrophe:0.3745
not funny:0.374
intense:0.37275
intellectual:0.3575
life:0.35675
melancholy:0.35425
cerebral:0.3535
intimate:0.35
artist:0.3475
women:0.346
pretentious:0.3455
very interesting:0.34175
parenthood:0.33975
childhood:0.3375
claustrophobic:0.336
bloody:0.3355
foreign:0.333
allegory:0.3285
character study:0.32675
great cinematography:0.3245
depressing:0.32225
unique:0.31425
censorship:0.3115
dark humor:0.31025
hospital:0.309
