abortion:0.9435
pornography:0.91575
pregnancy:0.8985
disturbing:0.8575
controversial:0.85375
sexual abuse:0.819
runaway:0.78975
indie:0.77
child abuse:0.76925
storytelling:0.7635
weird:0.75325
relationships:0.74075
social commentary:0.73775
independent film:0.7315
original:0.7215
loneliness:0.7185
sexual:0.7175
art house:0.70725
golden palm:0.70575
adolescence:0.67875
christianity:0.6715
bleak:0.65225
religion:0.64325
reflective:0.63575
dysfunctional family:0.62625
pointless:0.62475
good soundtrack:0.62075
brainwashing:0.6
parenthood:0.5995
intimate:0.595
nudity (full frontal - notable):0.5925
brutality:0.585
melancholic:0.58375
artsy:0.57675
grim:0.56975
existentialism:0.56325
depressing:0.5555
sexualized violence:0.548
insanity:0.544
harsh:0.53525
dark humor:0.53275
thought-provoking:0.5315
sex:0.5255
male nudity:0.522
adoption:0.513
depression:0.50625
enigmatic:0.50425
suburbia:0.501
criterion:0.4945
ironic:0.4935
redemption:0.49025
obsession:0.486
psychological:0.47925
guilt:0.47625
complex:0.471
catholicism:0.47075
rape:0.4705
god:0.46275
surreal:0.46
violent:0.45775
stylized:0.45725
visceral:0.455
pretentious:0.45425
dialogue:0.45275
disability:0.45225
vengeance:0.444
very interesting:0.44075
sexuality:0.43425
great ending:0.432
psychology:0.428
doctors:0.41375
downbeat:0.409
life philosophy:0.40875
road trip:0.40775
drinking:0.40425
nudity (full frontal):0.404
cerebral:0.39875
macabre:0.39575
black comedy:0.3955
talky:0.39375
intellectual:0.39375
jesus:0.39325
visually appealing:0.39275
mentor:0.39175
satirical:0.38575
allegory:0.38175
parallel universe:0.38025
catastrophe:0.3725
culture clash:0.37225
bullying:0.37225
addiction:0.369
mental illness:0.3685
censorship:0.368
compassionate:0.36625
distopia:0.36575
suicide:0.36375
new jersey:0.36325
absurd:0.35925
hit men:0.35725
dark:0.357
