spying:0.98575
wartime:0.976
spy:0.96625
espionage:0.9325
spies:0.9215
secrets:0.90175
thriller:0.90025
suspenseful:0.893
world war ii:0.87825
tense:0.8415
wwii:0.8415
suspense:0.8205
conspiracy:0.81875
germany:0.7965
beautiful scenery:0.761
nazis:0.75025
german:0.74225
war:0.7135
assassination:0.6915
best war films:0.68
betrayal:0.67425
great ending:0.6725
original:0.65375
drama:0.6535
love story:0.64925
romantic:0.6395
dramatic:0.627
great acting:0.6235
claustrophobic:0.61575
oscar (best actress):0.61225
nazi:0.606
good:0.604
chase:0.60325
murder:0.6025
runaway:0.59975
identity:0.59775
island:0.5925
culture clash:0.57475
surveillance:0.5625
stranded:0.5575
historical:0.5425
moral ambiguity:0.53425
oscar (best directing):0.5235
twists & turns:0.513
scotland:0.51125
adaptation:0.5095
clever:0.50725
1930s:0.50425
loneliness:0.49625
tricky:0.485
police investigation:0.4795
war movie:0.4785
england:0.478
dialogue:0.477
sexy:0.4755
romance:0.46725
catastrophe:0.4665
intense:0.45875
brutality:0.45175
berlin:0.4515
oscar (best supporting actress):0.44175
excellent:0.44075
brainwashing:0.4365
psychology:0.434
story:0.432
twist ending:0.4315
affectionate:0.43075
survival:0.42775
cinematography:0.42075
british:0.4195
good acting:0.41875
great:0.4145
mentor:0.413
assassin:0.41275
boat:0.40925
suprisingly clever:0.4035
storytelling:0.3915
pornography:0.38975
submarine:0.38575
twist:0.38175
great movie:0.38025
classic:0.37925
forceful:0.37775
murder mystery:0.375
assassins:0.37025
exceptional acting:0.3645
erotic:0.36325
not funny:0.35975
ethnic conflict:0.3585
passionate:0.35775
crime gone awry:0.3555
mystery:0.355
imdb top 250:0.35175
oscar:0.35125
plot:0.3465
atmospheric:0.34575
irish accent:0.3425
bad ending:0.34
unusual plot structure:0.33775
good soundtrack:0.33475
