true story:0.981
world war ii:0.98
wwii:0.97925
history:0.964
historical:0.93525
based on a true story:0.93375
germany:0.919
based on true story:0.89375
us history:0.85375
biographical:0.835
forceful:0.83075
realistic:0.8245
survival:0.82425
great:0.82075
original:0.81375
german:0.79975
dramatic:0.7925
racism:0.78875
courage:0.78875
civil war:0.784
runaway:0.781
amazing photography:0.77975
gunfight:0.775
story:0.7445
war:0.7435
mentor:0.74175
intense:0.73975
sacrifice:0.736
wartime:0.73025
powerful ending:0.7275
corruption:0.71725
berlin:0.704
destiny:0.70125
aviation:0.6995
prejudice:0.6925
social commentary:0.67925
segregation:0.677
life & death:0.67425
poignant:0.64825
unlikely friendships:0.646
brutality:0.64525
africa:0.6395
friendship:0.63525
educational:0.63375
tragedy:0.63125
good:0.5975
great acting:0.5965
dialogue:0.5895
factual:0.58575
excellent script:0.585
islam:0.5825
dark hero:0.5795
drama:0.5795
oscar (best foreign language film):0.57925
catastrophe:0.57875
bittersweet:0.5765
bombs:0.5725
best war films:0.5705
emotional:0.56925
ethnic conflict:0.566
movielens top pick:0.56525
idealism:0.56175
politics:0.55975
fighting:0.55375
great movie:0.54525
inspirational:0.5365
great ending:0.53375
harsh:0.52125
military:0.52125
very good:0.5195
transformation:0.51
special:0.50775
ensemble cast:0.5075
inspiring:0.5065
violence:0.5045
weapons:0.503
violent:0.503
enormously long battle scene:0.50175
childhood:0.50175
justice:0.4925
adaptation:0.492
fighting the system:0.49175
life philosophy:0.48625
greed:0.48525
fairy tale:0.481
honest:0.479
earnest:0.47725
twists & turns:0.4765
torture:0.46075
good soundtrack:0.459
made for tv:0.45375
oscar:0.451
feel good movie:0.449
very interesting:0.44875
fight scenes:0.44575
oscar (best supporting actor):0.4445
japanese:0.44375
excellent:0.44375
revenge:0.443
tense:0.42875
