snakes:0.94125
original:0.82975
new york:0.81375
sequels:0.7925
good sequel:0.7545
los angeles:0.752
sequel:0.717
action:0.71025
special effects:0.671
so bad it's funny:0.647
weapons:0.636
cyberpunk:0.63475
satirical:0.60125
futuristic:0.595
good action:0.58675
lone hero:0.57425
utopia:0.56625
future:0.5595
end of the world:0.55675
president:0.55325
sci-fi:0.5455
bad plot:0.54375
bad cgi:0.5375
natural disaster:0.5315
fun movie:0.52875
pointless:0.52825
campy:0.52575
sci fi:0.52575
cult classic:0.514
original plot:0.504
cult film:0.49825
new york city:0.494
action packed:0.491
silly:0.4885
scifi:0.47825
catastrophe:0.474
horrible:0.46675
predictable:0.462
post-apocalyptic:0.4605
post apocalyptic:0.4595
dialogue:0.45925
gunfight:0.45475
adventure:0.44625
chase:0.441
based on a comic:0.4285
big budget:0.4235
remake:0.41825
crappy sequel:0.41325
mentor:0.408
island:0.408
great ending:0.39975
computer animation:0.39975
stupid:0.39575
great:0.38325
absurd:0.38275
anti-hero:0.382
dystopia:0.38025
cool:0.3755
good:0.37475
weird:0.37325
disaster:0.369
franchise:0.36725
apocalypse:0.36575
bad:0.362
satire:0.36175
fun:0.3515
islam:0.35
runaway:0.35
latin america:0.349
first contact:0.34775
parody:0.34775
fight scenes:0.347
ridiculous:0.343
life philosophy:0.3315
cheesy:0.3285
good soundtrack:0.3275
transformation:0.3275
melancholic:0.3255
visual:0.323
science fiction:0.32275
nocturnal:0.32025
lame:0.31975
dynamic cgi action:0.31975
god:0.31575
foul language:0.30975
dreamlike:0.3095
life & death:0.30775
brutality:0.30575
violence:0.3055
not funny:0.3045
camp:0.3005
storytelling:0.29975
goofy:0.2975
awful:0.294
redemption:0.29225
survival:0.2915
entirely dialogue:0.29075
immortality:0.28625
destiny:0.286
pornography:0.28475
