comedy:0.96525
pornography:0.9355
funny:0.92375
stupid as hell:0.916
male nudity:0.90475
hilarious:0.90075
parody:0.8725
humorous:0.86375
humor:0.86175
satire:0.85325
funny as hell:0.837
goofy:0.8305
funniest movies:0.8155
very funny:0.794
irreverent:0.78975
original:0.77875
queer:0.7515
religion:0.72
superhero:0.71875
crude humor:0.71475
spoof:0.7105
cult classic:0.68875
foul language:0.68225
stupidity:0.67475
silly:0.671
satirical:0.65775
superheroes:0.634
absurd:0.629
kung fu:0.626
cult film:0.61525
nudity:0.612
weird:0.61175
so bad it's funny:0.60625
idiotic:0.60325
off-beat comedy:0.587
jesus:0.56625
fight scenes:0.56525
super hero:0.559
weapons:0.557
super-hero:0.5525
stupid:0.52875
dumb:0.5155
god:0.5035
unfunny:0.49325
brutality:0.48975
mentor:0.4775
fun movie:0.47725
good soundtrack:0.47275
great ending:0.461
dumb but funny:0.4475
silly fun:0.4435
hillarious:0.442
suprisingly clever:0.4375
social commentary:0.43375
dialogue:0.43125
great:0.4245
sexual:0.42125
fantasy world:0.4145
story:0.40125
sarcasm:0.39225
catastrophe:0.3875
storytelling:0.38325
slapstick:0.38175
adaptation:0.38
light:0.37725
nudity (full frontal - brief):0.37525
sexualized violence:0.3745
controversial:0.37
campy:0.368
bad plot:0.3615
harsh:0.35725
los angeles:0.3565
cerebral:0.35475
twists & turns:0.3515
fun:0.34975
creativity:0.34625
pg-13:0.3435
predictable:0.3425
workplace:0.34
splatter:0.338
violence:0.336
nudity (full frontal - notable):0.33525
stoner movie:0.33125
censorship:0.32475
clever:0.3245
bad acting:0.32125
comic:0.32075
quotable:0.31475
weed:0.31475
directorial debut:0.31275
writers:0.311
dark comedy:0.30475
underrated:0.29925
talky:0.29875
highly quotable:0.2985
distopia:0.29775
culture clash:0.297
redemption:0.29675
stylized:0.29675
good:0.2965
