espionage:0.981
spying:0.96825
francis ford copolla:0.932
oscar (best directing):0.8785
cold war:0.8695
complex:0.86875
spies:0.847
secrets:0.844
spy:0.82325
betrayal:0.8065
mentor:0.718
great acting:0.70575
dialogue:0.6875
original:0.677
world war ii:0.67575
dramatic:0.632
twists & turns:0.63125
storytelling:0.6235
wartime:0.62075
cerebral:0.61275
cinematography:0.6115
slow paced:0.6085
story:0.59925
exceptional acting:0.58875
boring!:0.58725
enigmatic:0.572
greed:0.5635
drama:0.5625
history:0.5535
intense:0.553
loneliness:0.55025
melancholic:0.5495
corruption:0.54925
world politics:0.54275
slow:0.5395
paranoia:0.52675
cia:0.52125
character study:0.51325
long:0.50975
wwii:0.50775
moral ambiguity:0.5075
great ending:0.502
assassination:0.49925
too long:0.49475
very interesting:0.49125
assassin:0.49025
catastrophe:0.48575
family drama:0.48125
interesting:0.48075
destiny:0.46775
ensemble cast:0.4675
social commentary:0.45475
male nudity:0.45475
good acting:0.454
confusing:0.45375
good soundtrack:0.45325
potential oscar nom:0.45025
intelligent:0.4495
sacrifice:0.44775
dysfunctional family:0.44525
pointless:0.43975
historical:0.4285
harsh:0.42575
culture clash:0.4225
complicated:0.4225
relationships:0.421
intellectual:0.419
brutality:0.4185
conspiracy:0.40925
thought-provoking:0.4055
jews:0.40325
bleak:0.401
us history:0.3995
visually appealing:0.393
multiple storylines:0.389
reflective:0.3835
surveillance:0.37975
good:0.37925
non-linear:0.378
gangsters:0.37775
great:0.37425
guilt:0.36925
talky:0.3675
life philosophy:0.36725
entirely dialogue:0.36525
runaway:0.36425
justice:0.3585
oscar winner:0.3585
existentialism:0.3575
imdb top 250:0.35475
factual:0.347
great movie:0.3435
criterion:0.3395
brainwashing:0.3395
adaptation:0.338
organized crime:0.33625
narrated:0.3345
suspense:0.3325
realistic:0.33175
stylized:0.3315
