witch:0.9895
supernatural:0.95325
witches:0.94875
fantasy:0.90975
dark fantasy:0.895
pg-13:0.864
big budget:0.85025
special effects:0.85
action:0.84875
bad cgi:0.837
bad plot:0.827
demons:0.8205
predictable:0.809
horrible:0.7645
medieval:0.75925
adventure:0.7415
fantasy world:0.74075
magic:0.7375
good versus evil:0.72075
bad acting:0.70725
devil:0.70525
original:0.68025
cgi:0.6785
plot holes:0.6415
dialogue:0.6395
fight scenes:0.623
bad ending:0.57275
so bad it's funny:0.559
great ending:0.55725
plot:0.54575
good action:0.5265
silly:0.51775
catastrophe:0.51475
story:0.50525
cheesy:0.50475
effects:0.5045
bad script:0.489
better than expected:0.47775
christianity:0.467
silly fun:0.451
natural disaster:0.444
entertaining:0.43
disaster:0.42475
storytelling:0.42375
betrayal:0.42075
redemption:0.4205
mentor:0.419
shallow:0.416
suspense:0.412
twist ending:0.41175
good:0.40375
god:0.39925
unlikeable characters:0.397
death:0.39125
lame:0.39
bad:0.381
visual:0.378
high fantasy:0.3695
visuals:0.36625
pointless:0.3635
brutality:0.35875
melancholic:0.35525
fast paced:0.34975
chase:0.34525
destiny:0.34175
ridiculous:0.341
stupid as hell:0.338
first contact:0.3325
fun movie:0.33025
awful:0.32725
sci fi:0.3235
bad science:0.32125
script:0.3205
life philosophy:0.32
adaptation:0.31925
not funny:0.3185
not as good as the first:0.31325
exciting:0.31225
happy ending:0.3115
culture clash:0.3105
transformation:0.3105
islam:0.30875
entirely dialogue:0.306
religion:0.30525
scary:0.302
visually stunning:0.29525
dynamic cgi action:0.29425
visually appealing:0.293
cinematography:0.28975
werewolves:0.2895
revenge:0.288
desert:0.28775
nocturnal:0.287
fun:0.2865
sword fight:0.28625
technology:0.2845
unrealistic:0.28275
absurd:0.28125
torture:0.278
sexy:0.276
