child abuse:0.9835
sexual abuse:0.91
documentary:0.902
tragedy:0.8155
guilt:0.7985
honest:0.7915
original:0.7905
social commentary:0.77225
psychology:0.77175
manipulation:0.753
depression:0.73275
life philosophy:0.72575
life:0.72425
complex:0.715
compassionate:0.708
good soundtrack:0.702
heartbreaking:0.69475
interesting:0.687
mentor:0.67875
corruption:0.67525
cathartic:0.66875
drug abuse:0.66575
mental illness:0.6565
depressing:0.65175
criterion:0.64
disturbing:0.63525
justice:0.631
intimate:0.63025
greed:0.61725
childhood:0.613
character study:0.60175
realistic:0.5955
bleak:0.589
sad:0.58575
reflective:0.58525
harsh:0.584
dramatic:0.5795
thought-provoking:0.577
weird:0.56475
brutality:0.56425
pornography:0.56225
movielens top pick:0.55725
intellectual:0.5455
psychological:0.545
drinking:0.54
good:0.53775
islam:0.53225
sexualized violence:0.532
runaway:0.52525
talky:0.52275
loneliness:0.519
disability:0.5185
great ending:0.516
culture clash:0.5125
adoption:0.512
crime:0.51075
melancholic:0.4955
great:0.4835
controversial:0.47675
narrated:0.4765
suprisingly clever:0.476
dark hero:0.47125
storytelling:0.46875
oscar (best actress):0.4675
dysfunctional family:0.45925
small town:0.4575
police investigation:0.45575
downbeat:0.4525
relationships:0.452
poverty:0.44325
excellent script:0.44225
independent film:0.4355
insanity:0.42925
moral ambiguity:0.42625
indie:0.4235
emotional:0.423
very good:0.421
life & death:0.4205
nudity (full frontal - brief):0.42025
prejudice:0.419
oscar (best directing):0.41875
golden palm:0.418
philosophy:0.4165
good acting:0.40975
catastrophe:0.4085
intense:0.408
prison:0.40725
sad but good:0.3995
destiny:0.3975
highly quotable:0.394
based on book:0.394
twists & turns:0.39325
betrayal:0.39025
violent:0.3865
complicated:0.386
california:0.3815
educational:0.381
enigmatic:0.381
secrets:0.3805
politics:0.379
