espionage:0.988
spying:0.982
tom clancy:0.97525
tense:0.94725
thriller:0.9435
spies:0.94225
spy:0.92
twists & turns:0.904
intense:0.903
action:0.89425
suspenseful:0.8775
israel:0.87725
assassination:0.86525
surveillance:0.86425
terrorism:0.85875
irish accent:0.85525
assassin:0.85325
secrets:0.85125
good action:0.83925
moral ambiguity:0.8275
fast paced:0.82325
chase:0.80875
stylish:0.79325
psychological:0.779
great acting:0.77825
suspense:0.75525
plot twist:0.745
good:0.736
complex:0.72875
original:0.72
cia:0.714
plot:0.713
violent:0.70825
conspiracy:0.70625
vengeance:0.69425
exciting:0.666
good acting:0.665
psychology:0.6595
great ending:0.6505
mentor:0.649
nudity (topless):0.6415
corruption:0.639
dialogue:0.63875
action packed:0.63875
great:0.62225
hitman:0.621
twist:0.6185
car chase:0.61625
excellent:0.609
interesting:0.604
bombs:0.59975
obsession:0.58325
paranoia:0.5775
tricky:0.57525
pg-13:0.56625
betrayal:0.56425
assassins:0.562
story:0.5545
fight scenes:0.542
great movie:0.53975
adaptation:0.5345
violence:0.53125
underrated:0.529
weapons:0.5255
runaway:0.52425
police investigation:0.5235
clever:0.52075
sexualized violence:0.51525
bollywood:0.51525
identity:0.51425
excellent script:0.51425
entertaining:0.51325
pulp:0.486
very good:0.4845
revenge:0.48325
twist ending:0.4825
culture clash:0.46675
caper:0.466
pornography:0.45575
plot holes:0.45175
predictable:0.45175
sexy:0.4515
brutality:0.449
storytelling:0.437
catastrophe:0.436
good soundtrack:0.428
cinematography:0.4195
guns:0.40925
cool:0.409
intelligent:0.408
greed:0.40425
amazing photography:0.4025
visceral:0.40125
dark hero:0.4
bad ending:0.39825
realistic action:0.397
cerebral:0.3965
family drama:0.394
guilt:0.38875
death:0.38475
