cancer:0.9555
jungle:0.92725
adventure:0.81275
first contact:0.7525
original:0.7
love story:0.694
futuristic:0.68625
007:0.6825
big budget:0.677
life philosophy:0.66425
catastrophe:0.647
mentor:0.64175
chase:0.62875
spying:0.62525
natural disaster:0.6135
predictable:0.60775
action:0.57725
story:0.57175
destiny:0.556
science:0.5555
good:0.5355
so bad it's funny:0.51175
romantic:0.50875
ecology:0.50775
good dialogue:0.48825
life & death:0.48725
entertaining:0.48075
dialogue:0.47675
romance:0.4735
plot:0.47225
doctors:0.46025
death:0.452
great ending:0.4515
drama:0.44875
twists & turns:0.44525
bad plot:0.43375
disaster:0.43225
storytelling:0.4255
road movie:0.42425
bittersweet:0.424
conspiracy:0.42275
beautiful scenery:0.41575
exciting:0.4145
end of the world:0.40875
spies:0.403
technology:0.40075
secret service:0.39925
quirky:0.3955
touching:0.395
environmental:0.3885
greed:0.384
happy ending:0.3815
humanity:0.37875
fantasy world:0.37775
existentialism:0.3775
great:0.37575
creativity:0.37475
scenic:0.37375
snakes:0.37375
bad ending:0.3665
sci fi:0.366
betrayal:0.3655
cerebral:0.3565
secrets:0.3565
transformation:0.354
survival:0.354
special effects:0.3505
franchise:0.34625
fight scenes:0.34525
mad scientist:0.34325
scifi:0.3405
irish accent:0.33725
lone hero:0.33425
weird:0.3325
adaptation:0.32975
vengeance:0.32725
spy:0.323
good action:0.3225
espionage:0.319
pulp:0.3185
conspiracy theory:0.31575
family:0.3145
redemption:0.3145
unusual plot structure:0.3125
runaway:0.31125
excellent:0.3085
science fiction:0.30375
good soundtrack:0.30275
underrated:0.3015
suspense:0.301
unlikeable characters:0.29425
bad science:0.294
enigmatic:0.29175
action packed:0.28925
fast paced:0.289
feel-good:0.28825
very interesting:0.285
treasure hunt:0.283
internet:0.28225
dramatic:0.28125
