alien:0.998
sci-fi:0.99525
scifi:0.987
aliens:0.98625
science fiction:0.981
sci fi:0.9765
space:0.9735
space travel:0.9275
futuristic:0.90775
alien invasion:0.90475
special effects:0.8875
dark hero:0.87525
first contact:0.81175
big budget:0.8015
stranded:0.7995
visual:0.79425
survival:0.7895
nocturnal:0.77825
action:0.7775
mars:0.761
suspense:0.753
anti-hero:0.752
intelligent sci-fi:0.73225
original:0.7315
catastrophe:0.717
great ending:0.70225
effects:0.68625
desert:0.68575
visually stunning:0.684
clones:0.6695
dialogue:0.6685
great:0.65775
cool:0.651
light:0.651
monster:0.6465
good:0.643
claustrophobic:0.6395
weapons:0.63075
visually appealing:0.6185
original plot:0.6155
plot:0.59975
technology:0.59775
cloning:0.5975
redemption:0.59725
good acting:0.59025
weird:0.58125
story:0.57975
storytelling:0.566
life philosophy:0.56175
dark:0.56
cinematography:0.55625
better than expected:0.55325
cult classic:0.5435
existentialism:0.543
cerebral:0.54
plot holes:0.53775
future:0.53475
amazing photography:0.53275
atmospheric:0.53125
transformation:0.527
cult film:0.525
monsters:0.5185
predictable:0.515
astronauts:0.5115
natural disaster:0.511
allegory:0.49625
intense:0.49225
visuals:0.48975
pg-13:0.48725
so bad it's funny:0.48575
low budget:0.48075
good versus evil:0.478
bad ending:0.47525
chase:0.47125
suspenseful:0.46375
tense:0.462
thriller:0.45825
good soundtrack:0.455
creativity:0.451
interesting:0.4505
entirely dialogue:0.4485
scifi cult:0.44375
twists & turns:0.441
great movie:0.44075
thought-provoking:0.4405
solitude:0.43425
harsh:0.434
mentor:0.4315
very good:0.4295
enigmatic:0.42825
gory:0.428
very interesting:0.4275
scary:0.424
alternate reality:0.4215
amazing cinematography:0.41525
good action:0.41475
horror:0.4125
greed:0.40725
mythology:0.40325
clever:0.403
