shakespeare:0.991
criterion:0.97925
based on a play:0.9035
wartime:0.8865
literary adaptation:0.8235
historical:0.81875
adaptation:0.77
france:0.741
oscar (best directing):0.738
politics:0.7135
oscar (best actress):0.70775
original:0.68
british:0.656
oscar (best supporting actress):0.64675
england:0.637
dialogue:0.63675
courage:0.6125
runaway:0.61
dramatic:0.605
grim:0.6015
history:0.58875
fascism:0.57875
earnest:0.57475
forceful:0.573
1930s:0.57
us history:0.5555
propaganda:0.554
black and white:0.54225
french:0.53975
talky:0.5385
greed:0.52725
great:0.51825
morality:0.51775
great acting:0.51525
atmospheric:0.514
classic:0.514
tragedy:0.5135
great ending:0.509
moral ambiguity:0.5085
macabre:0.502
london:0.48875
realistic:0.487
factual:0.47825
medieval:0.47675
betrayal:0.475
stunning:0.4725
world war ii:0.47225
world war i:0.46525
very good:0.46125
costume drama:0.46
cinematography:0.45625
court:0.44775
breathtaking:0.444
amazing photography:0.4335
afi 100 (movie quotes):0.43225
tense:0.4315
catastrophe:0.43125
corruption:0.427
colourful:0.425
political:0.42075
oscar:0.4095
oscar (best supporting actor):0.408
melancholic:0.40775
screwball:0.4055
light:0.4045
police investigation:0.40425
oscar (best picture):0.3995
intimate:0.3995
adapted from:book:0.38875
weapons:0.38575
war:0.3825
period piece:0.38125
passionate:0.37825
idealism:0.37825
ireland:0.3775
epic:0.374
mentor:0.368
oscar (best cinematography):0.36725
culture clash:0.36
based on book:0.359
suprisingly clever:0.3535
wwii:0.3515
visceral:0.3495
fighting the system:0.3485
brutality:0.3455
nudity (full frontal - brief):0.34475
foreign:0.33925
based on true story:0.33925
unusual plot structure:0.33825
based on a book:0.33475
oscar (best actor):0.33425
good:0.332
imdb top 250:0.331
entirely dialogue:0.3285
literature:0.328
not funny:0.32775
silent:0.32625
sexy:0.326
clever:0.32425
world politics:0.3105
