amnesia:0.98575
plot twist:0.98025
memory loss:0.9775
twists & turns:0.96
twist ending:0.94675
paranoia:0.94175
short-term memory loss:0.93325
claustrophobic:0.9185
psychological:0.907
twist:0.90225
secrets:0.872
memory:0.8645
thriller:0.85875
suspense:0.857
original:0.84425
great ending:0.83225
plot:0.83225
survival:0.81975
good:0.81175
clever:0.79475
story:0.773
very interesting:0.76475
alternate endings:0.75725
interesting:0.7555
suspenseful:0.744
mystery:0.74375
identity:0.743
intense:0.7235
corruption:0.72225
fast paced:0.71625
surprise ending:0.707
complicated:0.704
kidnapping:0.7035
dialogue:0.699
very good:0.69475
betrayal:0.68775
conspiracy:0.68775
complex:0.6755
tense:0.6695
psychology:0.668
plot holes:0.6615
pg-13:0.65725
mindfuck:0.65125
storytelling:0.65075
caper:0.6455
good acting:0.62825
cerebral:0.62175
murder:0.6155
complicated plot:0.615
ensemble cast:0.6085
first contact:0.60575
entertaining:0.59925
tricky:0.59025
catastrophe:0.58175
technology:0.575
mentor:0.5665
intelligent:0.553
life philosophy:0.5435
violence:0.53575
action:0.5265
bad ending:0.5205
undercover cop:0.5195
happy ending:0.51275
justice:0.509
runaway:0.49825
greed:0.49275
predictable:0.48575
redemption:0.48525
chase:0.48
police investigation:0.479
great acting:0.4785
paranoid:0.47425
torture:0.469
existentialism:0.467
good soundtrack:0.46475
internet:0.461
so bad it's funny:0.4605
spying:0.459
sexualized violence:0.4575
great:0.45625
desert:0.44925
not funny:0.44175
adapted from:book:0.4325
visually appealing:0.4325
revenge:0.43075
sci fi:0.42975
excellent script:0.427
thought-provoking:0.424
confusing:0.423
stereotypes:0.42225
unusual plot structure:0.42
intellectual:0.42
cinematography:0.41275
absurd:0.4095
entirely dialogue:0.4025
drama:0.402
nudity (full frontal - brief):0.39825
original plot:0.39525
cheating:0.3935
solitude:0.389
