natural disaster:0.99825
disaster:0.9855
big budget:0.96675
special effects:0.95525
end of the world:0.94075
sci-fi:0.93075
father daughter relationship:0.85625
catastrophe:0.85175
los angeles:0.84725
unrealistic:0.84025
predictable:0.77125
first contact:0.7625
action:0.75775
science:0.73775
so bad it's funny:0.71925
bad science:0.71525
stupid:0.6955
plot holes:0.677
scifi:0.666
bad cgi:0.664
original:0.66225
chase:0.635
good action:0.63425
good:0.629
silly:0.59975
realistic action:0.5915
cheesy:0.58525
sci fi:0.57525
action packed:0.57075
apocalypse:0.55825
lone hero:0.55675
horrible:0.547
science fiction:0.5395
idiotic:0.52825
survival:0.52325
bad acting:0.52225
stranded:0.52175
antarctica:0.50575
bad plot:0.49225
stupidity:0.485
ridiculous:0.4775
story:0.477
suspense:0.473
destiny:0.47
happy ending:0.46775
effects:0.467
dialogue:0.46575
sacrifice:0.46325
corny:0.46325
fun movie:0.458
fantasy:0.44675
alien invasion:0.44625
exciting:0.443
bombs:0.436
technology:0.435
pg-13:0.42925
very interesting:0.42875
family:0.4275
intense:0.426
mentor:0.4225
great ending:0.4205
explosions:0.42025
plot:0.411
lame:0.40975
stupid as hell:0.404
dumb:0.401
life philosophy:0.3985
entertaining:0.39725
silly fun:0.39125
mars:0.377
internet:0.3735
dynamic cgi action:0.3685
death:0.36825
snakes:0.36525
adventure:0.3645
campy:0.3595
better than expected:0.35875
script:0.358
doctors:0.35675
not funny:0.35525
awful:0.35275
family drama:0.3455
runaway:0.329
hawaii:0.32775
good acting:0.32725
bad:0.32625
bad ending:0.32625
overrated:0.326
san francisco:0.32475
writers:0.32175
weapons:0.31075
fun:0.3075
space:0.303
culture clash:0.29975
stereotypes:0.29875
visual:0.29225
fight scenes:0.29225
conspiracy theory:0.29175
california:0.287
drama:0.28525
