violence:0.962
violent:0.95125
gangs:0.95075
good soundtrack:0.9425
prison:0.93425
brutal:0.92875
brutality:0.927
los angeles:0.85925
mentor:0.85825
original:0.7915
blood:0.79125
drugs:0.79
life:0.78275
harsh:0.78
vengeance:0.75925
social commentary:0.75275
friendship:0.75
fight scenes:0.74775
gangsters:0.74625
great movie:0.741
story:0.72725
true story:0.71125
drama:0.70625
relationships:0.703
mafia:0.694
life philosophy:0.689
great ending:0.68875
character study:0.6765
redemption:0.669
unlikely friendships:0.66575
destiny:0.664
intense:0.6625
queer:0.66225
stylized:0.65225
drinking:0.64525
awesome soundtrack:0.64425
tragedy:0.6425
realistic:0.639
revenge:0.6365
disturbing:0.63575
great:0.62275
cool:0.619
cult classic:0.61875
hospital:0.6145
visceral:0.61125
honest:0.60975
highly quotable:0.6065
melancholic:0.5995
gangster:0.59825
male nudity:0.58725
crime:0.5795
dialogue:0.576
betrayal:0.5685
pornography:0.56275
california:0.562
loneliness:0.55125
talky:0.551
gritty:0.55025
forceful:0.549
life & death:0.54025
rape:0.5385
childhood:0.53725
bloody:0.5365
good:0.5335
dramatic:0.53225
depression:0.5315
runaway:0.528
directorial debut:0.528
corruption:0.524
1970s:0.52025
storytelling:0.51825
reflective:0.518
narrated:0.51775
biographical:0.513
stereotypes:0.51275
dark hero:0.50525
original plot:0.50525
fantasy world:0.50025
teen:0.48625
culture clash:0.48
philosophy:0.478
oscar (best directing):0.47575
cinematography:0.46725
justice:0.46675
goretastic:0.4655
poignant:0.46225
oscar:0.45975
transformation:0.45875
great acting:0.458
mental illness:0.45725
action:0.45475
adaptation:0.44
solitude:0.43875
death:0.43875
poetry:0.43325
catastrophe:0.432
nudity (full frontal - notable):0.43
underrated:0.42825
golden palm:0.428
adolescence:0.42725
