political:0.83375
original:0.772
satirical:0.73325
politics:0.71
political corruption:0.694
very interesting:0.63
dialogue:0.58175
good soundtrack:0.57775
pointless:0.57575
ensemble cast:0.55125
corruption:0.535
great ending:0.52825
complex:0.52675
catastrophe:0.512
murder mystery:0.5105
corporate america:0.50275
satire:0.48225
enigmatic:0.481
life philosophy:0.47925
storytelling:0.47175
family:0.45825
environmental:0.452
predictable:0.44125
investigation:0.4305
stereotypes:0.4305
culture clash:0.42875
conspiracy:0.422
betrayal:0.42125
fantasy world:0.41475
greed:0.40525
plot holes:0.39475
bad ending:0.38975
interesting:0.38675
great:0.383
mentor:0.38175
clever:0.37975
unusual plot structure:0.37825
environment:0.37225
melancholic:0.362
story:0.36
good:0.35775
entirely dialogue:0.34975
weird:0.3485
made for tv:0.342
first contact:0.34125
secrets:0.341
not funny:0.337
shallow:0.33325
social commentary:0.33075
manipulation:0.3285
happy ending:0.32675
free speech:0.3215
alternate endings:0.3215
oil:0.31575
idiotic:0.31325
writers:0.3115
bad cgi:0.31025
multiple storylines:0.31
pornography:0.309
runaway:0.308
paranoia:0.30525
allegory:0.3005
immigrants:0.2995
solitude:0.2985
visually appealing:0.29775
world politics:0.29675
thought-provoking:0.2925
destiny:0.2905
brainwashing:0.29025
death:0.286
fight scenes:0.2845
adaptation:0.28425
absurd:0.27925
bad plot:0.2785
justice:0.27825
redemption:0.27775
natural disaster:0.27625
nudity (topless - notable):0.27425
cinematography:0.2685
vengeance:0.2665
so bad it's funny:0.26625
nudity (full frontal - brief):0.26325
pulp:0.26275
criterion:0.261
brutality:0.26025
suspense:0.259
lone hero:0.25725
internet:0.257
adapted from:book:0.25675
queer:0.255
quirky:0.25475
reflective:0.254
detective:0.25275
existentialism:0.25225
stylized:0.2515
talky:0.24975
dramatic:0.2495
harsh:0.24875
big budget:0.24825
sci fi:0.24625
