violence:0.90925
marijuana:0.863
visually appealing:0.84125
drugs:0.79525
brutality:0.785
intense:0.762
weed:0.7585
crime:0.75325
kidnapping:0.74975
original:0.73675
good soundtrack:0.72575
plot:0.71225
betrayal:0.70925
revenge:0.69875
corruption:0.682
culture clash:0.6665
pornography:0.6645
great ending:0.664
violent:0.6625
twist ending:0.6565
gangsters:0.6505
sex:0.64225
bad ending:0.62475
mentor:0.59925
love triangles:0.5935
predictable:0.58775
happy ending:0.577
twists & turns:0.56975
pg-13:0.568
vengeance:0.561
suspense:0.5355
narrated:0.53525
dialogue:0.5335
good:0.53025
plot twist:0.529
moral ambiguity:0.52825
interesting:0.52775
powerful ending:0.527
entertaining:0.52475
anti-hero:0.5235
catastrophe:0.51575
runaway:0.5125
storytelling:0.51025
shallow:0.508
action:0.50375
plot holes:0.503
pulp:0.501
drug abuse:0.501
complex:0.49825
justice:0.4875
fast paced:0.48175
torture:0.475
bad acting:0.467
horrible:0.45275
thriller:0.4515
stereotypes:0.45025
gratuitous violence:0.448
sexy:0.44675
bloody:0.44275
murder:0.43825
california:0.4355
realistic action:0.4355
adapted from:book:0.43225
stylized:0.43175
so bad it's funny:0.42875
drama:0.426
twist:0.42275
relationships:0.4225
survival:0.416
greed:0.4065
teen:0.4045
destiny:0.402
nudity (topless - notable):0.40125
gritty:0.399
brutal:0.391
drinking:0.389
story:0.38675
action packed:0.385
visually stunning:0.384
addiction:0.3795
not funny:0.37725
based on a book:0.36925
graphic novel:0.368
romantic:0.359
death:0.3585
fantasy world:0.35675
adaptation:0.35575
life philosophy:0.354
chase:0.35225
multiple storylines:0.35175
teen movie:0.3515
pointless:0.34325
complicated plot:0.342
internet:0.329
alternate endings:0.325
great:0.32025
gangster:0.318
unrealistic:0.31575
love:0.315
propaganda:0.31475
