remake:0.96475
alien:0.96
aliens:0.921
alien invasion:0.877
sci fi:0.7895
sci-fi:0.785
original:0.76575
first contact:0.746
virus:0.73275
science fiction:0.6895
scifi:0.63025
happy ending:0.624
space:0.61625
action:0.57525
special effects:0.574
paranoia:0.571
catastrophe:0.55875
so bad it's funny:0.5575
predictable:0.55625
good:0.5415
natural disaster:0.5385
disaster:0.509
suspense:0.50825
plot holes:0.4995
big budget:0.489
great ending:0.48575
pointless:0.48575
chase:0.48
mentor:0.4795
plot:0.4775
adaptation:0.47425
better than expected:0.46375
story:0.4595
silly:0.44975
life philosophy:0.4275
betrayal:0.4235
destiny:0.423
good soundtrack:0.4205
nudity (full frontal - brief):0.4195
weapons:0.417
not funny:0.414
brutality:0.40875
action packed:0.406
psychiatrist:0.4045
pg-13:0.4
transformation:0.39725
dialogue:0.38075
mutants:0.38025
bad plot:0.3765
storytelling:0.373
fun:0.372
runaway:0.3695
humanity:0.36425
mars:0.36125
culture clash:0.351
doctors:0.34925
redemption:0.3295
survival:0.3275
bad cgi:0.32575
unfunny:0.32475
stereotypes:0.3235
idiotic:0.322
adventure:0.321
race:0.31375
absurd:0.31275
fight scenes:0.3115
clever:0.30925
melancholic:0.305
suprisingly clever:0.30175
bad:0.3005
fun movie:0.3005
paranoid:0.29675
product placement:0.293
bad acting:0.2905
vengeance:0.29025
cars:0.28725
bad ending:0.28525
very good:0.28525
police investigation:0.2835
weird:0.2805
suspenseful:0.2805
intense:0.27975
gangsters:0.27525
shallow:0.272
horrible:0.26925
great:0.26825
car chase:0.26625
sexualized violence:0.26525
overrated:0.265
cerebral:0.26175
twists & turns:0.2595
pornography:0.2595
claustrophobic:0.25525
cgi:0.2545
gory:0.254
life & death:0.25275
violence:0.25125
nudity (rear):0.25
corruption:0.24825
good acting:0.24625
