meditative:0.987
golden palm:0.983
enigmatic:0.98125
trilogy:0.97125
reflective:0.954
loneliness:0.945
criterion:0.94375
melancholy:0.938
visually appealing:0.9375
relationships:0.91825
masterpiece:0.8905
french:0.88
melancholic:0.8315
colourful:0.83075
storytelling:0.8215
surveillance:0.82
visual:0.81275
solitude:0.80075
cinematography:0.8
existentialism:0.78975
imdb top 250:0.781
visually stunning:0.7805
destiny:0.772
life & death:0.77
complex:0.7595
great ending:0.759
downbeat:0.74975
art house:0.7475
cerebral:0.7335
philosophical:0.73025
philosophy:0.725
original:0.72225
intimate:0.71975
spying:0.70975
foreign:0.7095
lyrical:0.69975
weird:0.6965
beautifully filmed:0.689
atmospheric:0.6865
life philosophy:0.656
isolation:0.65425
intellectual:0.64725
allegory:0.64175
compassionate:0.63125
love:0.625
talky:0.62325
obsession:0.61275
suprisingly clever:0.61225
passionate:0.60625
artistic:0.60075
photography:0.6005
oscar (best cinematography):0.59675
social commentary:0.5935
friendship:0.59275
unusual plot structure:0.58325
breathtaking:0.5815
art:0.57975
great acting:0.5775
poland:0.5765
betrayal:0.5725
dialogue:0.57175
wistful:0.56725
stunning:0.564
bleak:0.562
non-linear:0.56075
love story:0.5575
oscar (best actress):0.549
beautiful:0.5465
cynical:0.54575
dreamlike:0.54275
affectionate:0.54225
nocturnal:0.5385
twists & turns:0.53525
harsh:0.52825
redemption:0.528
interesting:0.527
beautiful scenery:0.5205
mentor:0.51975
oscar (best foreign language film):0.5095
unlikely friendships:0.508
good soundtrack:0.50775
clever:0.49475
thought-provoking:0.492
idealism:0.48225
oscar (best supporting actress):0.48225
wine:0.48075
secrets:0.478
story:0.4755
death:0.4715
humanity:0.46275
creativity:0.4585
emotional:0.45825
catastrophe:0.444
bittersweet:0.4415
black and white:0.4385
psychology:0.43825
movielens top pick:0.43675
tokyo:0.43525
poignant:0.432
runaway:0.4315
