stranded:0.98325
island:0.9535
adventure:0.94425
romance:0.9435
romantic comedy:0.93275
romantic:0.859
comedy:0.82525
predictable:0.784
chick flick:0.7775
action:0.77575
fun movie:0.76375
good:0.73
swashbuckler:0.69825
chase:0.69225
good romantic comedies:0.682
original:0.6675
happy ending:0.662
love story:0.6525
big budget:0.62275
desert:0.61075
good action:0.59875
catastrophe:0.59025
survival:0.58575
entertaining:0.582
beautiful scenery:0.57475
fun:0.5525
so bad it's funny:0.552
pirates:0.5495
solitude:0.544
sexy:0.5415
bad plot:0.53925
dialogue:0.49475
great:0.4885
feel-good:0.48825
silly:0.4875
destiny:0.477
natural disaster:0.472
first contact:0.4705
girlie movie:0.467
cute!:0.4615
story:0.45775
great ending:0.45325
dynamic cgi action:0.44575
jungle:0.441
life philosophy:0.4395
mentor:0.4375
light:0.427
pg-13:0.3985
violence:0.38375
hawaii:0.3765
plot:0.37375
not funny:0.37
lone hero:0.369
exciting:0.368
cute:0.359
unfunny:0.35775
feel good movie:0.357
better than expected:0.349
family:0.3475
treasure hunt:0.34575
brutality:0.33725
shallow:0.3295
goofy:0.32875
cool:0.3255
violent:0.32375
very funny:0.32
adaptation:0.31875
stereotypes:0.31675
silly fun:0.315
disaster:0.31475
special effects:0.3075
culture clash:0.30575
action packed:0.30275
unrealistic:0.301
fantasy world:0.3005
clones:0.3
bad acting:0.299
snakes:0.29625
great acting:0.29625
very good:0.29475
nudity (topless - notable):0.29475
intense:0.29275
funny:0.29225
great movie:0.29075
very interesting:0.288
harsh:0.28675
runaway:0.28675
overrated:0.28575
storytelling:0.28525
boring:0.283
transformation:0.28125
enigmatic:0.278
lame:0.27425
suspense:0.271
entirely dialogue:0.27
cheating:0.26775
fantasy:0.2655
not as good as the first:0.265
fight scenes:0.265
underrated:0.26375
