horror:0.984
weird:0.961
gory:0.95125
splatter:0.93875
alien:0.92975
gore:0.91775
original:0.9035
creepy:0.863
zombie:0.826
supernatural:0.8075
story:0.7935
bloody:0.79225
aliens:0.7845
ghosts:0.7815
goofy:0.7675
cult:0.764
apocalypse:0.75575
scary:0.75125
suspense:0.74125
so bad it's funny:0.739
great ending:0.72825
storytelling:0.72675
fun:0.72475
cult classic:0.71475
zombies:0.70875
too short:0.70575
intense:0.69775
macabre:0.67675
low budget:0.6725
good soundtrack:0.66325
drinking:0.641
creativity:0.64075
nudity (topless):0.63675
demons:0.6345
light:0.625
alien invasion:0.6145
tense:0.614
life & death:0.5885
chase:0.585
good:0.5815
survival:0.56825
cult film:0.56725
stupid as hell:0.55725
monster:0.5565
clever:0.5555
disturbing:0.54825
blood:0.545
death:0.53875
childhood:0.53625
cinematography:0.53175
dark humor:0.5255
monsters:0.524
pornography:0.522
crazy:0.52125
pointless:0.51675
silly:0.5075
life philosophy:0.503
gruesome:0.50175
twist:0.49775
atmospheric:0.48925
violence:0.486
redemption:0.48575
visually appealing:0.48525
predictable:0.47575
entertaining:0.4755
social commentary:0.4725
transformation:0.472
original plot:0.46975
bad acting:0.46275
family:0.46125
catastrophe:0.45775
fairy tale:0.455
psychological:0.4525
interesting:0.45225
runaway:0.44075
investigation:0.44
violent:0.43675
strange:0.43625
plot twist:0.43525
dialogue:0.435
claustrophobic:0.433
technology:0.43
brutality:0.4275
allegory:0.42675
talky:0.4255
fun movie:0.4255
witches:0.42525
murder:0.42475
surveillance:0.42325
stylized:0.4205
oscar (best actress):0.4185
effects:0.41775
insanity:0.417
happy ending:0.417
bad ending:0.41575
cool:0.411
whimsical:0.409
doctors:0.398
destiny:0.39625
greed:0.393
