nudity (rear):0.99875
narrated:0.98075
destiny:0.95475
existentialism:0.94475
storytelling:0.91675
original:0.90075
writers:0.89475
quirky:0.89025
life:0.88775
life & death:0.8835
touching:0.862
literature:0.83875
cerebral:0.83725
life philosophy:0.8225
heartwarming:0.8185
writing:0.802
philosophy:0.79325
clever:0.79
mentor:0.7815
dramatic:0.7785
whimsical:0.7745
feel-good:0.76175
imdb top 250:0.74825
comedy:0.74725
philosophical:0.74
books:0.7395
bittersweet:0.73425
drama:0.733
pg-13:0.732
loneliness:0.731
surreal:0.728
metaphysics:0.72675
story:0.7215
weird:0.72125
melancholic:0.71825
humorous:0.71675
social commentary:0.7155
intellectual:0.704
visually appealing:0.7015
solitude:0.69825
creativity:0.69675
reflective:0.693
death:0.6905
good soundtrack:0.68875
love:0.67075
witty:0.66975
magic realism:0.66775
great acting:0.66775
feel good movie:0.66425
great ending:0.664
great:0.66
thought-provoking:0.65675
interesting:0.65575
affectionate:0.654
redemption:0.63775
good:0.63225
schizophrenia:0.62675
original plot:0.62625
love story:0.62225
good acting:0.61675
tragedy:0.60975
great movie:0.606
dialogue:0.59825
fantasy:0.5955
very interesting:0.59325
transformation:0.59125
complex:0.5905
happy ending:0.58675
imagination:0.57525
melancholy:0.5735
quotable:0.5715
excellent script:0.5715
modern fantasy:0.5705
eccentricity:0.56725
sweet:0.5625
talky:0.55825
indie:0.5565
independent film:0.547
graphic design:0.5415
poignant:0.53775
adaptation:0.535
romance:0.53425
movielens top pick:0.5275
allegory:0.5265
funny:0.52
artistic:0.508
oscar:0.50375
idealism:0.49825
adapted from:book:0.4965
friendship:0.494
fantasy world:0.49
depression:0.48925
very funny:0.4855
alternate endings:0.47875
intelligent:0.47825
memory loss:0.4765
emotional:0.47575
relationships:0.4755
oscar winner:0.4755
culture clash:0.4735
