anti-semitism:0.99175
jews:0.9865
spelling bee:0.9405
prejudice:0.879
jewish:0.877
israel:0.7675
thought-provoking:0.76
dramatic:0.7035
destiny:0.69
corruption:0.68325
social commentary:0.682
original:0.67425
intense:0.6495
mentor:0.639
drama:0.633
judaism:0.63125
nazis:0.599
world war ii:0.583
segregation:0.567
us history:0.558
depression:0.5535
culture clash:0.546
oscar (best supporting actress):0.5435
good:0.5385
twists & turns:0.532
good acting:0.52775
racism:0.52475
wartime:0.52375
oscar (best actress):0.5215
life philosophy:0.52125
new york city:0.51925
disturbing:0.518
genocide:0.51525
oscar (best directing):0.5085
brutality:0.502
idealism:0.49825
secrets:0.49325
interesting:0.49025
great acting:0.48975
forceful:0.48675
guilt:0.47675
excellent:0.47275
visually appealing:0.47075
ethnic conflict:0.47025
history:0.46725
honest:0.4605
cinematography:0.45975
stylized:0.45875
nazi:0.4465
catastrophe:0.44575
powerful ending:0.4425
redemption:0.442
great cinematography:0.44175
talky:0.43675
great ending:0.435
stereotypes:0.432
emotional:0.42075
exceptional acting:0.4195
runaway:0.41825
best of 2005:0.41675
courage:0.41525
violence:0.41525
islam:0.41325
death:0.413
small town:0.41275
nudity (full frontal - brief):0.40375
intellectual:0.4025
fascism:0.40125
justice:0.39625
pg-13:0.39575
criterion:0.39475
good soundtrack:0.39375
based on a play:0.39325
harsh:0.393
adapted from:book:0.39025
writers:0.38975
period piece:0.38075
greed:0.38075
holocaust:0.37925
story:0.3785
complex:0.37375
morality:0.3725
plot:0.36875
politics:0.36875
dialogue:0.36875
adaptation:0.36775
nudity (full frontal - notable):0.36675
mental illness:0.36675
survival:0.3655
oscar:0.36375
storytelling:0.3605
narrated:0.352
poignant:0.34825
gay:0.348
not funny:0.34775
radio:0.3415
murder:0.34075
business:0.33975
loneliness:0.3395
beautifully filmed:0.339
