irish:0.97625
gangs:0.92225
childhood:0.89875
scenic:0.85525
friendship:0.819
adolescence:0.796
kids:0.77875
unlikely friendships:0.767
based on book:0.759
war:0.7515
ireland:0.72575
original:0.7115
children:0.7035
talky:0.7005
runaway:0.69075
adventure:0.61925
criterion:0.60025
great:0.5985
irish accent:0.5905
fighting:0.5755
oscar (best supporting actress):0.56975
beautiful scenery:0.56725
touching:0.566
tragedy:0.55825
great movie:0.55375
great ending:0.55075
based on a book:0.54725
school:0.5455
oscar (best foreign language film):0.544
love story:0.5335
fantasy world:0.52825
dramatic:0.528
very interesting:0.52425
drama:0.522
sentimental:0.51875
love:0.5175
ethnic conflict:0.5115
courage:0.4985
light:0.49575
visually appealing:0.49175
family:0.479
coming of age:0.47625
mentor:0.47175
storytelling:0.468
good:0.46675
good soundtrack:0.45975
cool:0.4575
golden palm:0.457
oscar (best directing):0.45625
fun:0.45275
brutality:0.45225
nostalgic:0.452
teacher:0.4505
awesome soundtrack:0.44925
beautifully filmed:0.44075
catastrophe:0.43275
reflective:0.432
boarding school:0.43075
feel-good:0.43075
oscar (best cinematography):0.42925
culture clash:0.42775
story:0.4275
dialogue:0.427
whimsical:0.41275
kids and family:0.41125
redemption:0.4105
world war ii:0.40775
war movie:0.40775
moral ambiguity:0.40725
allegory:0.40425
emotional:0.40375
fun movie:0.40375
sad:0.4035
small town:0.402
suprisingly clever:0.401
imdb top 250:0.39825
special:0.39225
powerful ending:0.38375
finnish:0.38125
cinematography:0.3795
1970s:0.37575
excellent:0.36975
entertaining:0.367
multiple storylines:0.36625
heartwarming:0.3655
bittersweet:0.36125
gangsters:0.361
affectionate:0.35775
wartime:0.35725
heartbreaking:0.3545
revenge:0.352
destiny:0.35125
adapted from:book:0.34675
social commentary:0.34375
quirky:0.34275
stylized:0.3425
good acting:0.33725
melancholy:0.33525
stunning:0.33525
harsh:0.33425
