dinosaurs:0.99425
stop motion:0.9765
special effects:0.96175
spiders:0.8935
stop-motion:0.8775
dynamic cgi action:0.85725
desert:0.788
survival:0.76075
big budget:0.75975
original:0.7415
fantasy:0.7315
adventure:0.723
fun movie:0.71375
monster:0.707
camp:0.66375
goofy:0.66275
science fiction:0.66225
effects:0.65425
dialogue:0.6355
monsters:0.62875
natural disaster:0.62025
island:0.61225
sci fi:0.60525
fighting:0.59325
franchise:0.588
good action:0.587
brutality:0.58325
silly:0.57375
cult classic:0.57275
campy:0.57125
nudity (topless - notable):0.56975
exciting:0.56925
entertaining:0.56725
allegory:0.546
technology:0.542
scifi:0.54175
fight scenes:0.53225
chase:0.52975
action:0.52625
sexy:0.51525
catastrophe:0.5115
animals:0.50925
space:0.492
hunting:0.48925
predictable:0.48875
transformation:0.48725
weapons:0.48725
story:0.48725
gunfight:0.4865
animation:0.48425
lone hero:0.479
harsh:0.47175
nostalgic:0.47175
wilderness:0.46975
fun:0.448
fantasy world:0.44275
futuristic:0.4385
mentor:0.432
great:0.42525
mad scientist:0.42225
alone in the world:0.41975
so bad it's funny:0.41975
end of the world:0.41925
mythology:0.41775
visual:0.39875
violence:0.3985
family:0.3935
first contact:0.3925
remake:0.39175
snakes:0.389
cool:0.38675
violent:0.38625
immortality:0.3825
dystopia:0.38225
doctors:0.3785
storytelling:0.37725
lame:0.37175
computer animation:0.36925
destiny:0.36625
childhood:0.365
80s:0.362
entirely dialogue:0.3595
oscar (best effects - visual effects):0.35825
future:0.3575
good versus evil:0.35475
sacrifice:0.35125
great ending:0.34975
adaptation:0.342
cinematography:0.3415
epic:0.34075
dystopic future:0.3385
bad acting:0.33625
silly fun:0.32825
70mm:0.32675
underrated:0.32675
cult film:0.3245
vengeance:0.32275
bad plot:0.32025
action packed:0.32
cgi:0.3155
