rock and roll:0.99
silly fun:0.91725
musical:0.917
great music:0.81575
weird:0.8045
cult classic:0.79025
good music:0.77225
dancing:0.77125
original:0.72275
fun movie:0.7095
parody:0.6905
silly:0.6895
camp:0.68
1950s:0.65725
spoof:0.65325
good soundtrack:0.647
campy:0.62075
love:0.62
cult film:0.61775
music:0.61325
teen:0.55475
goofy:0.55425
satirical:0.54325
motorcycle:0.534
great:0.5325
visually appealing:0.52775
vengeance:0.5275
quotable:0.5185
nostalgic:0.518
teen movie:0.5145
absurd:0.47
cult:0.4685
so bad it's funny:0.457
fun:0.456
dialogue:0.43925
weapons:0.41025
catastrophe:0.4065
sexy:0.39725
awesome soundtrack:0.39375
great ending:0.3895
grindhouse:0.3845
suprisingly clever:0.378
runaway:0.373
dance:0.37225
great soundtrack:0.3675
pornography:0.36525
quirky:0.36025
unusual plot structure:0.3565
mad scientist:0.35425
stylized:0.343
satire:0.3395
good:0.337
small town:0.33675
brutality:0.33625
mentor:0.33225
storytelling:0.33025
surreal:0.3265
light:0.32625
cars:0.32525
ridiculous:0.322
teens:0.3195
entirely dialogue:0.31625
happy ending:0.316
lone hero:0.31575
criterion:0.311
stereotypes:0.311
gangs:0.3095
great movie:0.30775
splatter:0.30725
slapstick:0.30625
underrated:0.30125
life philosophy:0.29925
sexualized violence:0.29775
affectionate:0.29725
beautiful scenery:0.29375
transformation:0.29225
childhood:0.28575
melancholic:0.283
80s:0.2815
coming-of-age:0.278
chase:0.2735
adaptation:0.27025
culture clash:0.2685
enigmatic:0.266
cool:0.26525
love story:0.2645
pointless:0.2605
loneliness:0.2575
harsh:0.25625
hilarious:0.256
very funny:0.25575
segregation:0.25525
classic car:0.25475
whimsical:0.2545
goth:0.254
not funny:0.254
fantasy world:0.25375
comedy:0.24825
queer:0.2475
redemption:0.24675
