espionage:0.99525
franchise:0.99025
action:0.98875
chase:0.9795
spying:0.9785
007 (series):0.96275
fast paced:0.96225
good action:0.95425
spy:0.94625
action packed:0.943
car chase:0.93175
spies:0.9285
pg-13:0.919
secret service:0.87725
series:0.86825
big budget:0.86475
exciting:0.8535
plot:0.8475
assassin:0.84275
assassination:0.84
secrets:0.83375
motorcycle:0.82675
adventure:0.80375
fight scenes:0.79525
cool:0.78325
vengeance:0.763
technology:0.74
assassins:0.736
intense:0.73425
entertaining:0.73275
dialogue:0.725
superheroes:0.722
conspiracy:0.7
good:0.696
fun movie:0.68725
betrayal:0.67875
tom clancy:0.6785
original:0.67825
story:0.65425
breathtaking:0.65075
007:0.64675
suspense:0.631
product placement:0.627
weapons:0.61775
special effects:0.60975
great ending:0.60875
cia:0.608
fighting:0.60675
fun:0.60275
murder:0.5955
super hero:0.58475
twists & turns:0.58075
mentor:0.5775
dark hero:0.568
surveillance:0.54575
runaway:0.54125
catastrophe:0.54075
great:0.5395
humor:0.535
revenge:0.5345
thriller:0.53325
hunting:0.53225
scenic:0.53
silly fun:0.52325
lone hero:0.522
visually stunning:0.51125
plot twist:0.51075
better than expected:0.50975
london:0.503
explosions:0.493
predictable:0.4925
heist:0.49025
bond:0.48875
stylish:0.4855
visually appealing:0.47525
terrorism:0.47375
suspenseful:0.46425
torture:0.46375
alter ego:0.456
dumb:0.456
girlie movie:0.44475
excellent:0.444
transformation:0.442
trilogy:0.437
dynamic cgi action:0.43675
great movie:0.4325
destiny:0.43125
bad cgi:0.4255
plot holes:0.425
culture clash:0.42375
good soundtrack:0.41725
violent:0.41725
clever:0.41625
family:0.41575
enormously long battle scene:0.41425
original plot:0.41425
survival:0.41375
awesome soundtrack:0.41325
unrealistic:0.41175
storytelling:0.40975
