talking animals:0.997
animals:0.99675
animal movie:0.975
comedy:0.9135
funny:0.86675
family:0.84775
computer animation:0.83975
silly fun:0.83575
children:0.82225
original:0.7865
dog:0.78375
kids:0.77875
pg-13:0.75725
cute!:0.72275
animation:0.69975
fun movie:0.69625
predictable:0.67775
animated:0.657
goofy:0.657
good:0.656
hilarious:0.64
crude humor:0.6395
very funny:0.63675
fun:0.62925
cute:0.616
pigs:0.606
great:0.60275
silly:0.58225
cartoon:0.5675
chase:0.566
childhood:0.56325
kids and family:0.5595
entertaining:0.5475
mentor:0.54225
rats:0.5415
great ending:0.53025
story:0.51425
unfunny:0.51025
dogs:0.50125
great movie:0.49075
dialogue:0.48975
san francisco:0.48225
catastrophe:0.48075
disney:0.462
light:0.459
doctors:0.45575
remake:0.4555
big budget:0.455
special effects:0.44175
destiny:0.42825
police investigation:0.42725
nudity (full frontal - brief):0.42125
alter ego:0.4205
death:0.41875
stereotypes:0.41625
girlie movie:0.3955
franchise:0.39275
bad plot:0.3925
script:0.38375
pg:0.38025
lame:0.3765
storytelling:0.369
runaway:0.369
foul language:0.36775
clever:0.36275
fight scenes:0.3615
lone hero:0.35375
first contact:0.34875
nudity (topless - notable):0.346
suspense:0.3415
saturday night live:0.34
creativity:0.33925
great acting:0.3375
culture clash:0.33375
redemption:0.3325
happy ending:0.32975
disaster:0.32825
sentimental:0.32625
adaptation:0.3255
mad scientist:0.31725
teen movie:0.31675
natural disaster:0.31525
corny:0.315
brutality:0.3125
adventure:0.31175
overrated:0.308
not funny:0.30675
life philosophy:0.30625
good action:0.29975
mental illness:0.2995
action:0.29875
dumb but funny:0.2955
technology:0.2905
pornography:0.28925
vengeance:0.28875
entirely dialogue:0.288
feel-good:0.285
underrated:0.28325
humorous:0.28
twist ending:0.278
