world war ii:0.945
wwii:0.908
wartime:0.85075
germany:0.8395
noir:0.8095
nazis:0.76625
moral ambiguity:0.70925
cinematography:0.7035
original:0.69975
film noir:0.658
betrayal:0.64175
stylish:0.638
berlin:0.61375
black and white:0.60675
complex:0.605
nudity (topless - brief):0.59725
twists & turns:0.589
stylized:0.57425
greed:0.5635
war:0.561
narrated:0.54475
jews:0.528
neo-noir:0.50225
dialogue:0.49025
secrets:0.4895
good soundtrack:0.481
noir thriller:0.4785
murder mystery:0.464
nazi:0.46125
parallel universe:0.44175
great ending:0.434
storytelling:0.43375
talky:0.433
german:0.4275
visual:0.425
adapted from:book:0.4145
light:0.412
1930s:0.40725
entirely dialogue:0.402
based on book:0.398
downbeat:0.39775
catastrophe:0.39025
not funny:0.3875
adaptation:0.37425
dysfunctional family:0.37025
pointless:0.36975
potential oscar nom:0.369
historical:0.36675
runaway:0.3665
mentor:0.361
enigmatic:0.35975
melancholic:0.35975
brutality:0.354
guilt:0.351
nudity (full frontal - notable):0.3475
pornography:0.3425
culture clash:0.3385
cynical:0.3365
gangsters:0.3295
stereotypes:0.3265
mystery:0.3265
visually appealing:0.31575
life philosophy:0.3155
good:0.31475
colourful:0.31475
period piece:0.3145
dreamlike:0.3125
predictable:0.30675
cerebral:0.306
plot twist:0.306
war movie:0.306
weird:0.30325
adultery:0.30175
violence:0.301
criterion:0.29875
british:0.2975
corruption:0.295
nostalgic:0.29425
nudity (topless - notable):0.293
bleak:0.2925
prostitution:0.29175
best war films:0.288
oscar (best directing):0.2875
clever:0.28625
male nudity:0.28225
grindhouse:0.27875
imdb top 250:0.278
foreign:0.2715
unusual plot structure:0.27025
spying:0.2685
nocturnal:0.2685
vengeance:0.2685
first contact:0.263
oscar (best actress):0.26225
atmospheric:0.262
exceptional acting:0.26075
great:0.26025
quirky:0.25975
jewish:0.259
murder:0.2585
