college:0.98525
teen movie:0.9695
comedy:0.94075
slackers:0.92475
goofy:0.9145
pg-13:0.89825
teen:0.8805
funny:0.8155
stereotypes:0.81075
road trip:0.8015
high school:0.778
teens:0.76175
better than expected:0.68875
silly fun:0.67725
very funny:0.66525
original:0.6445
hilarious:0.63325
beer:0.63175
light:0.62625
crude humor:0.6155
good soundtrack:0.6105
drinking:0.588
dumb:0.58025
so bad it's funny:0.57875
silly:0.5765
school:0.566
idiotic:0.56275
predictable:0.542
humorous:0.54075
funny as hell:0.539
humor:0.51625
fun:0.4915
nerds:0.48675
mentor:0.47675
absurd:0.4725
ridiculous:0.47075
fun movie:0.46675
stupidity:0.46525
amy smart:0.46275
catastrophe:0.45575
teenager:0.45425
unfunny:0.453
slapstick:0.43825
life philosophy:0.42225
creativity:0.416
storytelling:0.4035
stoner movie:0.40275
too long:0.39725
good:0.39075
geeks:0.385
clever:0.38225
dialogue:0.379
unrealistic:0.37775
dumb but funny:0.3775
shallow:0.372
lone hero:0.37125
friendship:0.3695
revenge:0.369
stupid:0.364
pornography:0.3625
great ending:0.362
technology:0.359
camp:0.35575
feel-good:0.35375
unlikely friendships:0.34375
educational:0.34375
chase:0.3355
weed:0.33
great:0.329
story:0.3245
destiny:0.322
feel good movie:0.31875
transformation:0.3165
nudity (topless - notable):0.313
parody:0.30925
coming of age:0.308
cheerleading:0.30375
bad plot:0.2975
teenagers:0.293
happy ending:0.28575
visually appealing:0.2855
male nudity:0.2845
original plot:0.28425
not funny:0.28375
first contact:0.28325
culture clash:0.282
lame:0.27575
long:0.2755
fantasy world:0.26775
bad ending:0.2655
buddy movie:0.26425
suprisingly clever:0.26175
runaway:0.26125
gross-out:0.259
vengeance:0.2585
sex comedy:0.25675
teacher:0.25275
action:0.24675
stupid as hell:0.24675
social commentary:0.24325
