criterion:0.97525
loneliness:0.90625
dreams:0.85525
original:0.853
affectionate:0.8185
reflective:0.81825
working class:0.80275
black and white:0.80175
bittersweet:0.79475
imagination:0.7885
life:0.78575
quirky:0.78525
whimsical:0.7715
forceful:0.76875
imdb top 250:0.76825
melancholic:0.765
childhood:0.742
talky:0.74025
harsh:0.722
downbeat:0.71875
bleak:0.7175
social commentary:0.715
compassionate:0.71125
oscar (best actress):0.70775
runaway:0.7025
golden palm:0.69475
england:0.6905
eccentricity:0.68775
oscar (best directing):0.6825
fantasy world:0.678
culture clash:0.67175
intimate:0.67125
british comedy:0.66625
drama:0.666
disturbing:0.664
dramatic:0.65975
workplace:0.65975
poignant:0.655
good soundtrack:0.65
british:0.63825
obsession:0.638
meditative:0.6375
drinking:0.63375
new jersey:0.6335
fantasy:0.63025
melancholy:0.61
cinematography:0.5975
oscar (best supporting actress):0.59275
depressing:0.57775
suprisingly clever:0.57175
courage:0.56875
friendship:0.56575
realistic:0.562
witty:0.54675
gritty:0.54025
london:0.53975
mentor:0.53775
transformation:0.53625
dialogue:0.53325
storytelling:0.5305
stylized:0.52725
story:0.518
small town:0.51325
breathtaking:0.511
coming of age:0.5085
writers:0.5035
great:0.5025
great ending:0.4975
adapted from:book:0.4945
atmospheric:0.49425
mental illness:0.481
enigmatic:0.48025
life & death:0.4795
gunfight:0.4785
artistic:0.47525
violent:0.47475
1960s:0.4725
depression:0.4725
tragedy:0.4715
wartime:0.46825
crime gone awry:0.4665
quotable:0.46175
redemption:0.4615
visually appealing:0.46075
cynical:0.46025
male nudity:0.4585
interesting:0.4575
greed:0.4555
nocturnal:0.451
humorous:0.44975
weird:0.44775
good acting:0.44575
prejudice:0.44575
light:0.43775
earnest:0.42875
very good:0.4285
period piece:0.42525
masterpiece:0.416
brutality:0.415
great acting:0.4105
