technology:0.86225
documentary:0.85925
ocean:0.8495
original:0.833
visually stunning:0.83025
very interesting:0.81925
3d:0.79375
life philosophy:0.77975
underwater:0.7635
visual:0.75
history:0.746
interesting:0.74225
good:0.737
dynamic cgi action:0.7235
family:0.721
robots:0.7195
narrated:0.7035
story:0.69575
mythology:0.69425
effects:0.68675
us history:0.68125
catastrophe:0.67275
big budget:0.654
submarine:0.6525
destiny:0.652
great:0.64175
exciting:0.64075
special effects:0.63525
investigation:0.601
light:0.59975
first contact:0.587
greed:0.57875
computer animation:0.57325
great ending:0.56675
visuals:0.55525
shallow:0.5515
original plot:0.54975
humanity:0.5465
robot:0.546
storytelling:0.543
parallel universe:0.5395
great movie:0.5315
fantasy world:0.52825
science:0.52325
love story:0.51975
life & death:0.51625
long:0.5125
historical:0.51225
dialogue:0.50275
natural disaster:0.5025
chase:0.499
intense:0.496
imagination:0.495
oscar winner:0.49275
dramatic:0.49225
mentor:0.4885
cerebral:0.4805
clever:0.47875
disaster:0.47525
sentimental:0.47125
tense:0.46925
pg-13:0.469
scenic:0.46775
visually appealing:0.4595
whimsical:0.4475
complex:0.4445
reality tv:0.4425
stunning:0.43925
good versus evil:0.43675
death:0.433
tragedy:0.43125
manipulation:0.42775
creativity:0.4245
assassination:0.4195
corruption:0.41925
so bad it's funny:0.41575
not funny:0.414
predictable:0.4125
suspense:0.41225
based on true story:0.40925
culture clash:0.40775
oscar:0.40625
very good:0.406
space:0.4
touching:0.399
sci fi:0.399
artistic:0.39525
based on a true story:0.3915
graphic design:0.39075
self discovery:0.3885
artist:0.388
propaganda:0.37725
weird:0.3765
alternate history:0.3755
biographical:0.37375
police investigation:0.3735
kids and family:0.37325
melancholic:0.37275
adaptation:0.37075
android(s)/cyborg(s):0.37075
