loneliness:0.98625
bittersweet:0.968
romantic:0.8755
melancholic:0.843
original:0.8335
dialogue:0.821
good soundtrack:0.81425
indie:0.81125
love story:0.7995
independent film:0.76025
relationships:0.75925
poignant:0.737
romance:0.718
intimate:0.71725
realistic:0.70025
los angeles:0.6945
cinematography:0.689
honest:0.68875
visually appealing:0.67025
sweet:0.66575
destiny:0.6535
runaway:0.6485
drama:0.62875
quirky:0.6265
social commentary:0.61575
melancholy:0.5845
stunning:0.57425
weird:0.57125
emotional:0.56725
wistful:0.5565
talky:0.55025
life philosophy:0.54425
depression:0.54175
great soundtrack:0.53525
unlikely friendships:0.5325
mentor:0.529
black and white:0.52125
very interesting:0.52075
entirely dialogue:0.52025
stylized:0.515
romantic comedy:0.50975
pornography:0.50775
narrated:0.50575
dreams:0.49925
nocturnal:0.48225
california:0.472
feel-good:0.4715
catastrophe:0.469
interesting:0.46725
solitude:0.4665
childhood:0.463
low budget:0.4615
writers:0.459
photography:0.459
beautifully filmed:0.458
vengeance:0.45525
friendship:0.45375
great:0.44325
feel good movie:0.434
enigmatic:0.43225
dreamlike:0.43175
storytelling:0.43125
coming of age:0.431
suprisingly clever:0.4305
light:0.426
great ending:0.42525
love:0.42475
sentimental:0.412
fantasy world:0.41075
cynical:0.40575
male nudity:0.3995
pg-13:0.39275
cute!:0.392
touching:0.3915
beautiful scenery:0.389
nostalgic:0.38825
passionate:0.3835
transformation:0.3825
grindhouse:0.3815
artistic:0.38075
criterion:0.3785
adolescence:0.37825
allegory:0.378
beautiful:0.37675
heartwarming:0.37125
oscar (best foreign language film):0.36875
original plot:0.368
gritty:0.36775
brutality:0.3655
life:0.36075
gunfight:0.36
affectionate:0.359
hotel:0.3585
cute:0.357
artsy:0.3515
witty:0.35125
funny:0.3475
clever:0.34375
violence:0.342
drinking:0.3415
