christmas:0.9815
comedy:0.84925
holiday:0.827
original:0.80125
funny:0.67
saturday night live:0.643
so bad it's funny:0.64025
hilarious:0.63225
cross dressing:0.5595
unfunny:0.5395
very funny:0.53
absurd:0.52175
bad plot:0.50875
humorous:0.5045
pointless:0.502
predictable:0.4925
slapstick:0.48675
catastrophe:0.46225
mentor:0.45875
quirky:0.451
remake:0.43775
great:0.43
black comedy:0.40925
feel-good:0.4045
suicide:0.3995
horrible:0.398
adaptation:0.39425
dysfunctional family:0.385
great ending:0.3845
brutality:0.38175
life philosophy:0.37675
dialogue:0.3725
natural disaster:0.372
love story:0.3695
weird:0.3635
feel good movie:0.35925
screwball comedy:0.357
silly:0.35325
family:0.34875
farce:0.34725
screwball:0.34025
cult classic:0.329
shallow:0.32575
first contact:0.3215
melancholic:0.312
light:0.31025
fantasy world:0.309
runaway:0.30825
nudity (topless - notable):0.302
idiotic:0.3
irreverent:0.2985
destiny:0.298
vengeance:0.29175
culture clash:0.2905
dark comedy:0.28825
lone hero:0.2855
happy ending:0.2765
childhood:0.27625
clever:0.2745
crude humor:0.272
fun movie:0.26925
fight scenes:0.2655
cancer:0.265
storytelling:0.2635
good soundtrack:0.2635
ridiculous:0.262
entirely dialogue:0.257
quotable:0.25625
greed:0.256
boring:0.256
pg-13:0.25375
dark humor:0.252
story:0.252
chase:0.248
women:0.2475
death:0.247
comic:0.24675
silly fun:0.246
off-beat comedy:0.24525
writers:0.24425
betrayal:0.24225
cult film:0.24
goofy:0.23875
nocturnal:0.2385
overrated:0.2375
redemption:0.23725
bad acting:0.2345
pornography:0.2345
loneliness:0.23375
suprisingly clever:0.2335
satire:0.231
crazy:0.23075
underrated:0.23
spoof:0.22975
justice:0.22675
disaster:0.22475
visually appealing:0.2245
multiple storylines:0.22225
sci fi:0.222
parallel universe:0.22075
