father daughter relationship:0.997
baseball:0.99025
sports:0.97225
single father:0.85725
mentor:0.84325
pg-13:0.82925
predictable:0.7415
good:0.71575
original:0.71
dialogue:0.7085
big budget:0.70825
family:0.70325
girlie movie:0.69825
feel-good:0.68125
romantic comedy:0.67575
romantic:0.65975
boston:0.6585
story:0.655
redemption:0.61325
feel good movie:0.6075
drama:0.58775
happy ending:0.5845
lawyer:0.58325
light:0.574
great:0.57225
romance:0.57175
kids and family:0.5695
chase:0.56675
destiny:0.555
family drama:0.55325
fast paced:0.5485
football:0.53725
action:0.532
great ending:0.5315
fun movie:0.52875
plot:0.5245
underdog:0.51075
first contact:0.50375
catastrophe:0.50125
entertaining:0.494
interesting:0.48475
lawyers:0.48325
good versus evil:0.476
betrayal:0.47025
great movie:0.461
technology:0.44875
adventure:0.44025
silly:0.43825
aging:0.43625
fun:0.425
great acting:0.41925
very interesting:0.415
love story:0.4145
murder:0.40675
justice:0.40475
relationships:0.4045
fight scenes:0.39925
life philosophy:0.398
not funny:0.39675
kids:0.3955
dramatic:0.39075
parenthood:0.387
runaway:0.3825
sentimental:0.381
storytelling:0.3765
natural disaster:0.376
good action:0.37375
alter ego:0.37025
franchise:0.36925
transformation:0.364
secret service:0.36125
chick flick:0.361
good acting:0.35975
teen movie:0.34625
special effects:0.345
superheroes:0.3445
shallow:0.344
doctors:0.343
drinking:0.3415
enormously long battle scene:0.3405
culture clash:0.33975
script:0.33175
bad plot:0.3295
swashbuckler:0.3295
california:0.326
very good:0.32275
dynamic cgi action:0.32125
corruption:0.32025
classic car:0.319
crude humor:0.318
unfunny:0.3165
sci fi:0.3155
inspirational:0.3145
childhood:0.3145
fantasy world:0.31375
vengeance:0.31175
clever:0.311
anti-hero:0.30975
manipulation:0.30875
earnest:0.30475
