marx brothers:0.98675
classic:0.933
comedy:0.9095
affectionate:0.85875
afi 100 (laughs):0.8425
hilarious:0.81425
criterion:0.81
brothers:0.8065
talky:0.79025
absurd:0.7895
hotel:0.77375
gangsters:0.7735
funny:0.76975
satire:0.745
satirical:0.74375
1930s:0.732
surreal:0.71825
original:0.71425
imdb top 250:0.696
silent:0.68575
very funny:0.6855
pornography:0.6835
witty:0.67025
kidnapping:0.65775
goofy:0.6575
runaway:0.65725
oscar (best actress):0.651
farce:0.64875
drinking:0.64875
humorous:0.647
natural disaster:0.6465
funny as hell:0.64625
suprisingly clever:0.646
highly quotable:0.64
gangster:0.63625
off-beat comedy:0.5955
clever:0.59125
weird:0.5865
deadpan:0.5805
firefly:0.5705
quotable:0.5605
mob:0.56025
unusual plot structure:0.556
chase:0.548
fun movie:0.5435
slapstick:0.5395
opera:0.536
humor:0.5215
enigmatic:0.5185
golden palm:0.5145
movielens top pick:0.5045
masterpiece:0.49825
culture clash:0.494
artistic:0.49375
screwball:0.49225
nocturnal:0.48775
prohibition:0.481
storytelling:0.47875
silly:0.4715
funniest movies:0.46625
1920s:0.459
police investigation:0.45825
dialogue:0.455
atmospheric:0.454
sexy:0.44875
irreverent:0.44525
grindhouse:0.4355
oscar (best supporting actress):0.427
crime gone awry:0.423
mentor:0.42175
obsession:0.41525
gunfight:0.41225
stylized:0.41125
afi 100 (movie quotes):0.4065
puppets:0.403
melancholic:0.39775
surrealism:0.3975
romantic:0.39525
spain:0.3935
adapted from:book:0.39125
censorship:0.39125
depression:0.39
catastrophe:0.38925
good soundtrack:0.38675
great:0.38425
cynical:0.38275
entirely dialogue:0.38225
cult classic:0.382
melancholy:0.38
fight scenes:0.3795
secrets:0.3755
light:0.37475
nudity (full frontal - brief):0.3725
adaptation:0.37175
greed:0.37175
art:0.36975
visceral:0.3695
based on a play:0.36875
great ending:0.3685
visual:0.3675
