ethnic conflict:0.97275
big budget:0.93425
visually appealing:0.91575
special effects:0.908
egypt:0.81475
fantasy:0.812
bad plot:0.77475
bad acting:0.77
predictable:0.76725
action:0.76525
cgi:0.76325
lone hero:0.762
horrible:0.74775
bad cgi:0.7425
original:0.7365
destiny:0.73525
visually stunning:0.7335
adventure:0.69875
pg-13:0.68525
fantasy world:0.68125
historical:0.677
shallow:0.67675
plot holes:0.67075
jungle:0.66425
natural disaster:0.664
catastrophe:0.65875
desert:0.644
dynamic cgi action:0.643
visual:0.63975
so bad it's funny:0.63925
story:0.637
bad script:0.625
mythology:0.62425
dialogue:0.61875
fight scenes:0.59925
first contact:0.5985
visuals:0.58225
silly fun:0.58125
silly:0.57025
action packed:0.567
sci fi:0.56025
end of the world:0.559
survival:0.557
mentor:0.54825
factual:0.5475
plot:0.544
great ending:0.53825
happy ending:0.51675
idiotic:0.516
god:0.5085
lame:0.50625
technology:0.506
disaster:0.49325
alternate reality:0.4925
bad science:0.4735
ridiculous:0.47125
science fiction:0.47125
love story:0.46475
pointless:0.4625
culture clash:0.45225
disappointing:0.452
us history:0.4515
cheesy:0.45125
parallel universe:0.449
storytelling:0.4455
beautiful scenery:0.4445
slavery:0.4315
better than expected:0.426
entertaining:0.42325
computer animation:0.42075
alternate history:0.42025
betrayal:0.41925
epic:0.40725
awful:0.40675
stupid:0.4065
bad:0.403
family:0.397
not funny:0.39375
history:0.39
crappy sequel:0.389
dinosaurs:0.38875
absurd:0.38725
stunning:0.386
life philosophy:0.384
good action:0.3825
dumb:0.38225
computer game:0.38075
exciting:0.374
war:0.3725
overrated:0.368
sci-fi:0.367
cinematography:0.3635
transformation:0.363
revolution:0.362
nocturnal:0.35525
brutality:0.35475
scenic:0.35125
sacrifice:0.34975
animals:0.3425
entirely dialogue:0.33825
