gilliam:0.93075
dark fantasy:0.85625
weird:0.824
surreal:0.78625
original:0.75875
low budget:0.704
absurd:0.6955
cult film:0.68325
cult classic:0.66
medieval:0.65875
fantasy:0.65275
imagination:0.64775
visual:0.61475
satirical:0.60975
british comedy:0.5895
satire:0.57575
humorous:0.57325
cinematography:0.5665
comedy:0.56175
monty python:0.5345
storytelling:0.53
whimsical:0.523
good soundtrack:0.5225
directorial debut:0.51575
fantasy world:0.5085
very funny:0.495
death:0.49125
parody:0.4785
mentor:0.47775
dialogue:0.46925
quotable:0.4615
great ending:0.4575
off-beat comedy:0.45175
monster:0.44925
visually stunning:0.44825
hilarious:0.44825
irreverent:0.44675
stylized:0.44475
brutality:0.44
clever:0.42525
suprisingly clever:0.423
adventure:0.4145
bizarre:0.40975
funny:0.4065
good:0.4055
adaptation:0.4055
pornography:0.4035
enigmatic:0.40175
redemption:0.397
so bad it's funny:0.39475
slapstick:0.394
existentialism:0.39175
sexualized violence:0.38975
stylish:0.38775
bloody:0.38125
criterion:0.3805
humor:0.3785
strange:0.37575
fight scenes:0.375
insanity:0.37175
melancholic:0.366
unfunny:0.36325
nudity (full frontal - notable):0.35375
splatter:0.35
goofy:0.34875
fun:0.34675
social commentary:0.3465
catastrophe:0.34525
cult:0.34375
adapted from:book:0.343
lone hero:0.33875
vengeance:0.33825
harsh:0.337
entirely dialogue:0.33375
period piece:0.3335
violent:0.3325
light:0.33125
allegory:0.33
quirky:0.32875
life & death:0.328
silly:0.3275
british:0.325
great:0.31725
england:0.315
predictable:0.3075
intellectual:0.30525
gritty:0.3045
nocturnal:0.3035
talky:0.30325
mad scientist:0.303
deadpan:0.30175
culture clash:0.289
imdb top 250:0.28525
transformation:0.28475
sci fi:0.28125
very interesting:0.281
distopia:0.2795
visually appealing:0.2765
monsters:0.276
creativity:0.27525
