based on a book:0.95975
based on book:0.958
adapted from:book:0.89275
books:0.8485
original:0.82675
mentor:0.7905
biographical:0.7755
pg-13:0.7295
book:0.72425
humorous:0.7235
drinking:0.71725
aging:0.70225
based on true story:0.69525
unlikely friendships:0.69475
midlife crisis:0.6935
adaptation:0.67775
adventure:0.67625
life philosophy:0.65275
destiny:0.6315
writers:0.62875
comedy:0.61525
good soundtrack:0.61275
loneliness:0.61125
feel good movie:0.6095
dialogue:0.60475
classic car:0.60125
girlie movie:0.5995
friendship:0.57875
very funny:0.57625
reflective:0.5705
great ending:0.56975
california:0.56875
story:0.566
excellent script:0.56225
narrated:0.56175
feel-good:0.55925
scenic:0.5545
melancholic:0.5485
witty:0.5455
book was better:0.54025
literature:0.5295
greed:0.52725
silly fun:0.52625
true story:0.51975
chase:0.5165
women:0.5155
travel:0.50775
censorship:0.5045
culture clash:0.50325
drama:0.4985
catastrophe:0.495
family:0.493
runaway:0.4875
pornography:0.477
road trip:0.4765
whimsical:0.47375
coming of age:0.47275
beautiful scenery:0.47225
good:0.4675
18th century:0.466
distopia:0.45825
life & death:0.45475
doctors:0.45425
nudity (topless - notable):0.45025
funny as hell:0.44975
complex:0.4495
storytelling:0.4405
dramatic:0.43725
great:0.4365
light:0.4255
touching:0.422
road movie:0.42175
meditative:0.4185
first contact:0.41575
transformation:0.41575
philosophy:0.40775
life:0.4045
talky:0.40275
childhood:0.39675
predictable:0.3935
shallow:0.38725
humor:0.3865
wilderness:0.3845
honest:0.38225
relationships:0.381
entertaining:0.381
cinematography:0.3805
quirky:0.379
very interesting:0.37775
solitude:0.37725
based on a true story:0.375
interesting:0.373
fight scenes:0.369
cerebral:0.36825
based on a comic:0.36525
brutality:0.36
oscar:0.3565
inspirational:0.3545
foul language:0.35375
romantic:0.3535
