batman:0.98275
super-hero:0.96225
camp:0.95725
franchise:0.93675
superhero:0.93575
vigilante:0.92775
super hero:0.90625
based on a tv show:0.89175
alter ego:0.88475
superheroes:0.85525
series:0.79975
comic book:0.799
campy:0.7935
silly fun:0.71875
original:0.7085
silly:0.704
comics:0.699
fun:0.63075
parody:0.6065
dark hero:0.58875
fun movie:0.5715
nostalgic:0.5475
dialogue:0.51225
sexy:0.49725
adaptation:0.47475
cult film:0.46725
great ending:0.4525
hilarious:0.4455
censorship:0.44075
goofy:0.43425
mentor:0.43325
dc comics:0.42925
cult classic:0.4115
fight scenes:0.40625
vengeance:0.39225
cool:0.38575
comic:0.385
action:0.38275
absurd:0.3815
brutality:0.38075
catastrophe:0.37675
weapons:0.376
adapted from:comic:0.37
great:0.3615
vigilantism:0.36025
weird:0.35325
funny as hell:0.3525
united nations:0.34875
special effects:0.3455
surreal:0.34425
good:0.33425
satirical:0.333
television:0.33075
entirely dialogue:0.3265
bad plot:0.324
immortality:0.32375
so bad it's funny:0.32275
light:0.318
corny:0.31375
sacrifice:0.31325
comedy:0.312
not funny:0.31125
very funny:0.3075
1960s:0.30225
pornography:0.30225
runaway:0.30175
fighting:0.2995
graphic novel:0.2985
bombs:0.2975
chase:0.29525
mad scientist:0.295
obsession:0.2875
adventure:0.28675
storytelling:0.28525
nocturnal:0.277
ridiculous:0.27575
submarine:0.27375
police investigation:0.27275
revenge:0.271
whimsical:0.268
good soundtrack:0.26675
good versus evil:0.2665
comic book adaption:0.2665
shark:0.26575
life philosophy:0.265
predictable:0.26075
criterion:0.25925
slapstick:0.258
overrated:0.25675
justice:0.2565
doctors:0.2555
unusual plot structure:0.2535
ninja:0.25075
death:0.24825
clever:0.2465
creativity:0.24525
lone hero:0.24275
pg-13:0.2425
farce:0.24175
destiny:0.24125
