south africa:0.991
true story:0.93925
segregation:0.93325
based on a true story:0.923
drama:0.907
africa:0.9025
based on a book:0.868
historical:0.81025
dramatic:0.80075
courage:0.75325
good:0.74325
corruption:0.73
friendship:0.716
mentor:0.70575
based on book:0.70475
heartbreaking:0.70275
politics:0.69775
original:0.68875
biographical:0.67725
based on true story:0.67525
social commentary:0.67425
unlikely friendships:0.67025
prejudice:0.65625
race issues:0.638
freedom:0.62925
prison:0.62025
interesting:0.61275
history:0.61
political:0.606
good acting:0.58775
biopic:0.584
story:0.5835
books:0.5805
death:0.58025
lawyer:0.57875
slavery:0.5715
pg-13:0.5665
great movie:0.55725
excellent:0.553
courtroom:0.54675
very interesting:0.542
racism:0.5415
narrated:0.54
england:0.54
runaway:0.53225
family:0.53075
us history:0.52775
excellent script:0.524
violence:0.52375
journalism:0.51775
good soundtrack:0.508
catastrophe:0.5075
culture clash:0.50625
adaptation:0.50575
british:0.50225
oscar (best directing):0.49925
great:0.49925
life & death:0.49525
greed:0.48975
inspirational:0.489
oscar:0.48475
idealism:0.48475
adapted from:book:0.47925
emotional:0.47875
forceful:0.47275
indians:0.4705
world politics:0.47025
great ending:0.46875
oscar (best actress):0.459
justice:0.4575
feel-good:0.4575
thought-provoking:0.456
very good:0.45375
free speech:0.453
movielens top pick:0.45175
capitalism:0.4435
oscar winner:0.4435
cinematography:0.4415
stereotypes:0.441
powerful ending:0.439
clever:0.436
ethnic conflict:0.4335
intense:0.43025
great acting:0.42975
exceptional acting:0.4255
secrets:0.421
witty:0.41825
suprisingly clever:0.41625
storytelling:0.4155
tragedy:0.405
harsh:0.40075
literature:0.392
1970s:0.392
dialogue:0.386
life philosophy:0.377
brutality:0.37425
survival:0.36925
islam:0.36675
destiny:0.36225
honest:0.3615
