western:0.998
gunfight:0.98825
civil war:0.97125
gangs:0.95175
brothers:0.927
violence:0.8765
violent:0.8635
harsh:0.7635
vengeance:0.74425
original:0.743
gangsters:0.742
historical:0.73875
american civil war:0.705
redemption:0.66425
runaway:0.6555
dramatic:0.64725
highly quotable:0.63575
oscar (best cinematography):0.6335
gritty:0.627
great movie:0.62175
greed:0.61625
brutality:0.61175
oscar (best directing):0.61025
classic:0.60725
guns:0.6065
bleak:0.592
culture clash:0.5905
mentor:0.588
good soundtrack:0.587
melancholy:0.58525
anti-hero:0.584
oscar (best supporting actor):0.57975
assassination:0.5725
scenic:0.55975
story:0.55825
great ending:0.5525
bank robbery:0.54775
history:0.54325
excellent:0.54075
moral ambiguity:0.53875
criterion:0.534
classic car:0.53175
great:0.52975
imdb top 250:0.51475
great acting:0.51175
hitman:0.50975
light:0.4995
murder:0.496
forceful:0.49425
visceral:0.49375
crime gone awry:0.4875
cult classic:0.48525
unlikely friendships:0.4845
storytelling:0.475
mythology:0.472
good:0.468
life & death:0.46575
tense:0.464
fighting the system:0.46275
dialogue:0.4625
very good:0.457
corruption:0.45525
social commentary:0.453
catastrophe:0.4425
visually stunning:0.43725
us history:0.43375
cinematography:0.421
gangster:0.4195
assassin:0.41825
period piece:0.417
grim:0.41575
oscar (best supporting actress):0.415
visually appealing:0.41375
death:0.41325
childhood:0.413
good action:0.41075
drinking:0.41075
stylish:0.40575
lone hero:0.4055
slavery:0.404
prejudice:0.40125
suprisingly clever:0.39875
talky:0.39825
affectionate:0.395
atmospheric:0.395
drama:0.393
factual:0.392
fun movie:0.39125
true story:0.38775
action:0.38675
oscar (best actress):0.38625
idealism:0.385
melancholic:0.38375
nocturnal:0.3795
race issues:0.3775
stylized:0.37575
family:0.37275
afi 100 (movie quotes):0.37225
unusual plot structure:0.3695
friendship:0.3685
