romantic:0.9845
love story:0.9845
time travel:0.96425
time loop:0.963
love:0.9615
romance:0.9595
hotel:0.87525
mentor:0.8325
beautiful scenery:0.82
chick flick:0.79725
destiny:0.78825
happy ending:0.78225
beautifully filmed:0.7785
romantic comedy:0.759
science fiction:0.751
original:0.733
fantasy:0.7175
sappy:0.71425
time:0.71175
based on a book:0.7095
nostalgic:0.7
sweet:0.696
island:0.6895
touching:0.679
sentimental:0.666
beautiful:0.61225
good:0.605
girlie movie:0.59775
idealism:0.5925
heartwarming:0.59175
story:0.58775
great ending:0.584
catastrophe:0.57175
feel-good:0.5715
sci fi:0.565
plot:0.5445
travel:0.54425
dialogue:0.54025
life & death:0.54
alternate universe:0.529
memory:0.5275
earnest:0.52425
pg-13:0.52425
scifi:0.5235
great:0.52325
enigmatic:0.5225
first contact:0.5155
transformation:0.515
period piece:0.513
adventure:0.5045
cinematography:0.50225
futuristic:0.50075
life philosophy:0.5005
fun movie:0.497
1980s:0.49225
scenic:0.488
future:0.4845
chase:0.47725
space travel:0.475
fairy tale:0.4645
storytelling:0.4585
obsession:0.458
light:0.4515
loneliness:0.448
breathtaking:0.445
immortality:0.44125
classic:0.43875
metaphysics:0.43325
feel good movie:0.43075
great movie:0.42775
special effects:0.4255
bittersweet:0.425
sacrifice:0.42075
death:0.41675
suprisingly clever:0.41525
passionate:0.4145
sci-fi:0.41325
childhood:0.4125
powerful ending:0.409
drama:0.398
plot holes:0.392
cult film:0.387
clever:0.3865
good romantic comedies:0.386
culture clash:0.3845
dreams:0.38075
whimsical:0.37075
twists & turns:0.37
underrated:0.36925
predictable:0.36275
adaptation:0.36275
supernatural:0.3595
runaway:0.358
unusual plot structure:0.3575
stunning:0.35625
visually stunning:0.35525
emotional:0.35175
not funny:0.34875
excellent:0.348
tear jerker:0.34725
