anime:0.994
japan:0.9845
animation:0.9065
action:0.88525
japanese:0.86775
original:0.847
cyborgs:0.8425
visually stunning:0.83175
giant robots:0.831
fight scenes:0.82375
fantasy world:0.79325
based on a comic:0.78575
tokyo:0.748
dialogue:0.71725
animated:0.709
fast paced:0.70775
kung fu:0.62525
violence:0.62525
ninja:0.62375
brutality:0.61425
action packed:0.60975
weird:0.60675
mythology:0.5955
visually appealing:0.595
sexualized violence:0.57875
story:0.57225
violent:0.57075
visual:0.56825
weapons:0.564
nocturnal:0.56125
world politics:0.5605
animal movie:0.54975
dark hero:0.5465
mentor:0.5345
secrets:0.53325
stylized:0.52925
no plot:0.52725
catastrophe:0.5235
bloody:0.5035
ghosts:0.50225
pornography:0.49825
complex:0.496
nudity (topless - notable):0.49225
great ending:0.4915
corruption:0.48925
fighting:0.48075
gory:0.47775
cyberpunk:0.47325
sci fi:0.46775
art:0.46475
demons:0.463
adventure:0.45775
transformation:0.4545
technology:0.45225
melancholic:0.446
good soundtrack:0.44375
cartoon:0.44225
stylish:0.441
good:0.434
criterion:0.43125
sexy:0.42825
computer animation:0.42775
philosophical:0.418
stunning:0.418
allegory:0.417
twists & turns:0.4135
sci-fi:0.413
nudity (full frontal - brief):0.41125
big budget:0.40625
entirely dialogue:0.39775
interesting:0.39725
vengeance:0.39425
goretastic:0.39125
dark:0.38975
pg-13:0.3875
greed:0.38475
animals:0.38425
clever:0.375
death:0.3735
philosophy:0.37275
imdb top 250:0.36975
firefly:0.36925
intense:0.36525
male nudity:0.36025
storytelling:0.35875
very interesting:0.35775
based on comic:0.35575
predictable:0.3525
intimate:0.35175
explosions:0.346
breathtaking:0.34575
splatter:0.34475
drama:0.34475
not funny:0.3425
highly quotable:0.34125
samurai:0.3395
distopia:0.33925
metaphysics:0.338
family drama:0.3375
harsh:0.33675
