french:0.9795
france:0.966
murder mystery:0.9455
paris:0.935
mystery:0.93225
thriller:0.92175
police investigation:0.9165
investigation:0.8985
twist ending:0.888
plot twist:0.8595
secrets:0.84775
surprise ending:0.8455
suspense:0.8425
complicated plot:0.8415
detective:0.8305
twists & turns:0.83025
plot:0.82325
psychological:0.816
conspiracy:0.809
enigmatic:0.805
tense:0.8025
great ending:0.80175
murder:0.80125
cinematography:0.78675
serial killer:0.78525
suspenseful:0.77325
bad ending:0.765
chase:0.763
good:0.7505
original:0.7505
visually stunning:0.74675
twist:0.74575
storytelling:0.7405
story:0.704
clever:0.6985
crime:0.69675
great:0.688
complex:0.68075
psychology:0.66775
original plot:0.66475
plot holes:0.6625
interesting:0.6615
dark:0.66025
dialogue:0.6535
pg-13:0.6525
complicated:0.6485
intense:0.6445
good acting:0.64025
visual:0.6355
cerebral:0.628
adapted from:book:0.62725
identity:0.6255
visually appealing:0.61325
beautiful scenery:0.60875
unusual plot structure:0.6005
revenge:0.599
stylish:0.59525
big budget:0.5945
atmospheric:0.5945
good soundtrack:0.59175
torture:0.58375
pornography:0.58225
excellent:0.5635
great acting:0.55775
fast paced:0.55425
mentor:0.553
genetics:0.547
very interesting:0.5465
happy ending:0.54325
ominous:0.53675
light:0.53525
foreign:0.52775
great movie:0.5275
corruption:0.52175
action:0.52025
manipulation:0.51975
fascism:0.51425
weird:0.51125
confusing:0.51075
fantasy world:0.50675
mindfuck:0.50625
creativity:0.501
stunning:0.5
predictable:0.499
justice:0.49575
catastrophe:0.4945
alternate endings:0.48725
stylized:0.48275
first contact:0.47575
sexualized violence:0.47425
betrayal:0.4715
technology:0.46675
runaway:0.46575
violence:0.456
thought-provoking:0.455
vengeance:0.45375
very good:0.45175
shallow:0.4515
obsession:0.4485
absurd:0.441
