world war ii:0.9915
best war films:0.98375
wwii:0.977
germany:0.9745
german:0.95675
wartime:0.95
war:0.92525
brutality:0.91475
violent:0.9125
violence:0.905
bloody:0.88775
visceral:0.881
sacrifice:0.8695
nazis:0.85975
brutal:0.853
intense:0.8385
realistic:0.83675
forceful:0.8365
original:0.83075
grim:0.81875
war movie:0.809
imdb top 250:0.80225
anti-war:0.80125
harsh:0.79975
russian:0.788
bleak:0.772
tense:0.748
ironic:0.74425
survival:0.74075
nazi:0.736
history:0.724
social commentary:0.71175
drama:0.70775
dramatic:0.70525
weapons:0.698
oscar (best directing):0.6935
drinking:0.684
good soundtrack:0.68325
criterion:0.6825
claustrophobic:0.68175
absurd:0.67975
dialogue:0.67575
corruption:0.6725
vengeance:0.6725
masterpiece:0.672
based on book:0.67175
cult classic:0.6715
allegory:0.67025
great ending:0.66725
culture clash:0.66625
cinematography:0.6635
historical:0.66125
insanity:0.653
quotable:0.6495
talky:0.63975
idealism:0.63975
courage:0.6385
gunfight:0.63825
based on a book:0.63075
cynical:0.6285
great movie:0.62825
very good:0.624
fighting:0.61575
gritty:0.61225
mentor:0.606
dark hero:0.5945
politics:0.58925
morality:0.589
russia:0.584
powerful ending:0.579
brainwashing:0.5755
story:0.5695
honest:0.56825
classic:0.56225
grindhouse:0.556
betrayal:0.55525
great acting:0.555
stylized:0.55325
visual:0.5515
narrated:0.55075
runaway:0.54725
ethnic conflict:0.54675
hospital:0.5455
great:0.54325
revenge:0.54125
assassination:0.5405
blood:0.53975
political:0.53325
highly quotable:0.5315
sexualized violence:0.52975
nocturnal:0.529
interesting:0.525
propaganda:0.52325
storytelling:0.519
atmospheric:0.5105
suprisingly clever:0.508
action:0.506
tragedy:0.50075
downbeat:0.4965
justice:0.49425
