wuxia:0.9985
martial arts:0.99625
kung fu:0.9735
ghosts:0.97275
hong kong:0.92375
china:0.881
splatter:0.8805
stunning:0.8665
stop motion:0.86475
fight scenes:0.856
cinematography:0.82
visual:0.81325
breathtaking:0.81275
mentor:0.80925
original:0.8035
romantic:0.80025
visually appealing:0.791
masterpiece:0.78575
criterion:0.7785
18th century:0.77675
melancholic:0.77525
sword fighting:0.775
fantasy:0.76225
romance:0.75775
great:0.75325
supernatural:0.747
classic:0.73975
visually stunning:0.73425
childhood:0.7285
stop-motion:0.7265
beautiful:0.715
ghosts/afterlife:0.7035
love story:0.69325
special effects:0.69075
action:0.69
based on a book:0.68875
fighting:0.68525
cult classic:0.67925
creepy:0.67675
atmospheric:0.6655
beautifully filmed:0.66475
fun movie:0.6495
stylized:0.6335
witches:0.63025
good soundtrack:0.62375
beautiful scenery:0.6215
culture clash:0.61875
imdb top 250:0.61475
vengeance:0.607
runaway:0.6025
frightening:0.59725
demons:0.59375
horror:0.5795
transformation:0.5755
weird:0.5745
allegory:0.57325
witch:0.56975
great movie:0.56675
sword fight:0.565
fun:0.56
affectionate:0.559
cult film:0.5575
great ending:0.5565
humorous:0.554
melancholy:0.54375
ominous:0.5415
forceful:0.5415
fast paced:0.53725
colourful:0.53475
oscar (best foreign language film):0.533
chase:0.5315
story:0.52875
1980s:0.52825
dialogue:0.52225
good:0.521
monster:0.512
quotable:0.5075
magic:0.50225
suprisingly clever:0.5005
comedy:0.49625
scary:0.4885
sacrifice:0.488
sexy:0.48625
life & death:0.4855
light:0.484
tokyo:0.48225
fantasy world:0.48025
macabre:0.474
storytelling:0.469
life philosophy:0.469
talky:0.4655
cool:0.45925
tragedy:0.45375
male nudity:0.452
foreign:0.44475
silly:0.4445
fairy tale:0.4435
scenic:0.43775
dreamlike:0.436
redemption:0.42725
