007 (series):1.0
007:0.99975
bond:0.9995
espionage:0.99375
assassin:0.9915
franchise:0.98975
spying:0.982
secret service:0.979
spies:0.97225
james bond:0.92125
spy:0.9135
chase:0.87325
action:0.7885
arms dealer:0.75925
secrets:0.7185
series:0.70075
murder:0.6915
original:0.6895
silly fun:0.68775
adventure:0.679
good action:0.65675
tom clancy:0.64375
cold war:0.63775
good:0.634
nuclear bomb:0.58275
car chase:0.5465
mentor:0.53525
assassination:0.53425
silly:0.53125
action packed:0.50025
betrayal:0.4985
weapons:0.49
runaway:0.4845
great:0.475
plot:0.458
exciting:0.4535
great ending:0.44675
catastrophe:0.44575
conspiracy:0.438
twists & turns:0.4325
underrated:0.425
first contact:0.418
london:0.415
cool:0.409
assassins:0.39425
fight scenes:0.39225
fun movie:0.3895
dialogue:0.38625
pg-13:0.37875
complex:0.3585
predictable:0.3545
story:0.346
excellent:0.34
thriller:0.339
brutality:0.337
russian:0.33675
excellent script:0.33275
goofy:0.33
big budget:0.3295
culture clash:0.3225
british:0.321
bad plot:0.31975
fast paced:0.314
fantasy world:0.311
not funny:0.3055
great movie:0.30475
romance:0.2995
life philosophy:0.29925
destiny:0.29775
clever:0.29575
storytelling:0.28675
good soundtrack:0.28675
vengeance:0.286
suspense:0.2825
sci fi:0.2815
light:0.27875
space:0.27075
books:0.26775
suprisingly clever:0.26725
80s:0.2645
unfunny:0.262
entertaining:0.261
sexy:0.258
romantic:0.257
intense:0.25475
good music:0.25325
original plot:0.25175
fun:0.2515
feel-good:0.251
island:0.24975
tense:0.24925
quirky:0.2485
gunfight:0.24775
adaptation:0.24775
alter ego:0.24675
very good:0.2425
slapstick:0.2405
lone hero:0.24025
feel good movie:0.23775
special effects:0.2325
