comedy:0.87225
black comedy:0.869
satire:0.8425
dark comedy:0.82375
original:0.81325
off-beat comedy:0.804
politics:0.7995
revolution:0.787
dark humor:0.77975
funny:0.778
weird:0.777
australia:0.76925
political:0.767
australian:0.74025
drama:0.71375
very funny:0.71
quirky:0.693
satirical:0.6825
parenthood:0.67225
humorous:0.658
macabre:0.65725
obsession:0.6295
secrets:0.627
hilarious:0.6135
absurd:0.6055
pornography:0.593
twists & turns:0.58325
surreal:0.55625
great:0.54775
paranoia:0.547
communism:0.54225
pg-13:0.5415
betrayal:0.5385
clever:0.53725
suprisingly clever:0.53675
culture clash:0.534
good soundtrack:0.521
dysfunctional family:0.517
narrated:0.51675
great ending:0.51625
storytelling:0.51225
very interesting:0.50975
dramatic:0.5015
bizarre:0.487
talky:0.477
brutality:0.47625
dialogue:0.47425
visually stunning:0.4705
visual:0.4705
harsh:0.4685
criterion:0.4625
visually appealing:0.46075
light:0.4515
unfunny:0.44625
mentor:0.4455
surrealism:0.44125
idealism:0.4335
affectionate:0.4235
world politics:0.4215
greed:0.42125
enigmatic:0.421
catastrophe:0.41325
life & death:0.40575
story:0.404
male nudity:0.39925
workplace:0.3985
movielens top pick:0.394
nudity (full frontal - brief):0.393
great movie:0.39275
manipulation:0.39175
ironic:0.39
melancholic:0.3835
insanity:0.3815
comic:0.37525
british:0.375
stylized:0.37425
plot twist:0.374
mockumentary:0.37325
beautiful scenery:0.37125
family drama:0.365
farce:0.362
love:0.35975
murder:0.35425
redemption:0.3525
interesting:0.35175
self discovery:0.349
based on true story:0.34875
allegory:0.34775
dark:0.3465
corruption:0.3445
destiny:0.34275
alternate endings:0.33975
cold war:0.33925
sacrifice:0.33625
nudity (full frontal - notable):0.33575
twist:0.33525
moral ambiguity:0.33175
unusual plot structure:0.33125
first contact:0.331
good:0.329
