oscar (best cinematography):0.98375
criterion:0.98275
silent:0.968
amazing cinematography:0.95825
intimate:0.9495
stylized:0.944
poignant:0.94375
masterpiece:0.9425
visual:0.9385
talky:0.937
oscar (best actress):0.9315
cinematography:0.92375
dreamlike:0.904
enigmatic:0.896
visually stunning:0.88275
breathtaking:0.881
black and white:0.8805
adultery:0.8685
artistic:0.86575
affectionate:0.856
reflective:0.85325
imdb top 250:0.8515
loneliness:0.8465
melancholy:0.84325
stunning:0.83975
melancholic:0.835
nocturnal:0.83225
passionate:0.82775
beautifully filmed:0.825
1920s:0.82125
meditative:0.8035
storytelling:0.803
downbeat:0.794
tragedy:0.78025
golden palm:0.778
visually appealing:0.774
greed:0.77125
cerebral:0.77
bittersweet:0.7655
atmospheric:0.76475
bleak:0.73025
lyrical:0.72475
weird:0.7165
scenic:0.7015
oscar (best foreign language film):0.68425
oscar (best directing):0.681
compassionate:0.67975
original:0.67875
marriage:0.67325
grim:0.668
great cinematography:0.66475
classic:0.6455
harsh:0.639
light:0.628
photography:0.62675
perfect:0.6215
tense:0.616
art:0.61575
culture clash:0.60775
obsession:0.607
narrated:0.6035
suprisingly clever:0.601
childhood:0.5985
betrayal:0.5855
gunfight:0.58475
redemption:0.5745
love story:0.57175
moody:0.5665
story:0.56
allegory:0.5575
runaway:0.5525
amazing photography:0.54875
magic realism:0.537
beautiful scenery:0.53
great ending:0.52125
beautiful:0.515
free to download:0.5115
insanity:0.50875
murder:0.50475
german:0.49175
dramatic:0.484
visuals:0.48275
oscar (best supporting actress):0.4815
character study:0.48
artist:0.47425
movielens top pick:0.4665
unusual plot structure:0.45975
existentialism:0.459
emotional:0.45875
drama:0.4555
imagination:0.45425
tokyo:0.453
humanity:0.44825
forceful:0.44625
colourful:0.4455
love triangles:0.443
noir:0.44
eerie:0.43975
dialogue:0.43875
catastrophe:0.43775
