japan:0.99625
tokyo:0.99
criterion:0.97625
affectionate:0.94575
parenthood:0.87625
childhood:0.87425
japanese:0.85925
oscar (best foreign language film):0.85675
talky:0.8505
imdb top 250:0.84325
melancholic:0.8115
melancholy:0.8065
golden palm:0.804
silent:0.779
light:0.7545
masterpiece:0.7455
bleak:0.74475
intimate:0.74425
samurai:0.73925
downbeat:0.739
social commentary:0.72775
reflective:0.71625
meditative:0.70375
foreign:0.70225
harsh:0.6985
beautifully filmed:0.69825
culture clash:0.69125
stylized:0.687
brothers:0.68675
movielens top pick:0.68425
black and white:0.6785
runaway:0.6785
obsession:0.65625
original:0.647
drinking:0.64475
enigmatic:0.639
working class:0.62775
drama:0.623
humorous:0.6205
rebellion:0.6045
finnish:0.5985
visual:0.59225
fantasy world:0.58925
dramatic:0.587
depressing:0.583
allegory:0.58075
visually appealing:0.57475
mentor:0.57375
forceful:0.56725
suprisingly clever:0.56375
cerebral:0.55275
crime gone awry:0.541
unusual plot structure:0.529
breathtaking:0.527
suburbia:0.51375
brutality:0.51225
life & death:0.5115
character study:0.5095
cinematography:0.509
idealism:0.50725
amazing photography:0.50625
atmospheric:0.50325
poignant:0.50325
colourful:0.48575
existentialism:0.48275
satirical:0.47775
dialogue:0.4775
greed:0.468
ironic:0.45175
isolation:0.449
fighting the system:0.4475
understated:0.447
storytelling:0.442
based on a play:0.4405
oscar (best directing):0.437
prejudice:0.43375
narrated:0.43325
loneliness:0.42675
quirky:0.4265
morality:0.42475
exceptional acting:0.423
catastrophe:0.42125
bittersweet:0.41975
tragedy:0.417
gunfight:0.4165
compassionate:0.41575
scenic:0.414
weird:0.411
dreamlike:0.4075
destiny:0.40525
bullying:0.405
adapted from:book:0.402
imagination:0.39825
life philosophy:0.394
story:0.3875
good soundtrack:0.37375
family drama:0.37225
art:0.36825
great ending:0.36675
redemption:0.365
