hitman:0.98
gangsters:0.897
mob:0.81875
mafia:0.80925
original:0.76475
assassin:0.76175
assassination:0.7285
gangster:0.71325
based on a book:0.6985
greed:0.6875
guilt:0.685
suspenseful:0.66775
psychological:0.6655
murder:0.66475
enigmatic:0.65975
neo-noir:0.6585
twists & turns:0.65825
hit men:0.6515
gunfight:0.63775
tense:0.62275
stylish:0.6095
dark humor:0.6005
very interesting:0.577
moral ambiguity:0.5715
corruption:0.5695
based on book:0.5635
crime:0.5555
runaway:0.55525
brutality:0.542
dialogue:0.5355
weird:0.531
mentor:0.531
gay character:0.52925
assassins:0.526
revenge:0.5255
great ending:0.513
thriller:0.5105
italy:0.5025
crime gone awry:0.47725
nudity (full frontal - notable):0.47675
adaptation:0.4765
pornography:0.47225
adapted from:book:0.45675
melancholic:0.4415
suprisingly clever:0.441
chase:0.43425
good soundtrack:0.43275
absurd:0.431
violence:0.42775
disturbing:0.4245
violent:0.42275
excellent script:0.422
nudity (full frontal - brief):0.40825
nudity (topless - notable):0.402
excellent:0.39825
pointless:0.395
vengeance:0.394
exceptional acting:0.39
drama:0.3885
catastrophe:0.386
storytelling:0.385
dark comedy:0.38475
cinematography:0.38325
organized crime:0.38275
interesting:0.3795
character study:0.379
criterion:0.375
bloody:0.3725
obsession:0.37075
unlikely friendships:0.3705
betrayal:0.3645
suspense:0.36325
books:0.36175
surveillance:0.35575
harsh:0.3555
serial killer:0.35025
stylized:0.349
oscar (best directing):0.34075
redemption:0.33975
splatter:0.338
guns:0.33775
entirely dialogue:0.33625
lone hero:0.3355
first contact:0.335
con artists:0.33375
psychology:0.3325
police investigation:0.3325
talky:0.33125
manipulation:0.331
paranoid:0.33075
multiple storylines:0.3305
culture clash:0.3275
secrets:0.3275
life philosophy:0.32525
art:0.32175
black comedy:0.31675
great:0.31425
cerebral:0.31325
existentialism:0.30575
not funny:0.30525
