western:0.98075
nudity (rear):0.87725
good sequel:0.869
sequels:0.843
sequel:0.76075
fun movie:0.7595
original:0.75025
gunfight:0.73525
gangs:0.66125
runaway:0.6575
kids:0.6535
good soundtrack:0.63625
action:0.635
mexico:0.629
good:0.601
mentor:0.59875
redemption:0.55325
pg-13:0.5415
big budget:0.537
adventure:0.49925
nudity (topless - brief):0.4985
predictable:0.49275
story:0.4845
good action:0.48325
catastrophe:0.48125
great ending:0.47275
revenge:0.4625
life philosophy:0.45325
silly fun:0.44925
destiny:0.44725
chase:0.446
vengeance:0.443
dynamic cgi action:0.43075
life & death:0.4265
childhood:0.42325
dialogue:0.41975
brutality:0.41725
fun:0.417
goofy:0.414
lone hero:0.411
entertaining:0.4105
justice:0.40825
fantasy world:0.39975
underdog:0.3975
civil war:0.38725
historical:0.387
notable nudity:0.37925
bullying:0.3785
franchise:0.37775
factual:0.37425
shallow:0.37325
great:0.3715
unlikely friendships:0.367
crappy sequel:0.36375
transformation:0.35875
bad acting:0.35625
fight scenes:0.339
betrayal:0.335
nudity (topless - notable):0.332
corruption:0.3295
desert:0.32675
culture clash:0.326
cool:0.32425
guns:0.324
adolescence:0.3225
friendship:0.3225
fighting:0.32225
based on true story:0.32025
oscar:0.32
nostalgic:0.319
gangsters:0.3165
survival:0.316
first contact:0.313
harsh:0.3105
silly:0.309
plot:0.30775
80s:0.30725
not funny:0.30625
pornography:0.3055
unfunny:0.303
teen movie:0.30275
storytelling:0.3025
us history:0.30175
true story:0.30025
natural disaster:0.29875
oscar (best directing):0.2955
violence:0.29475
nudity (full frontal - brief):0.294
weapons:0.29075
death:0.2845
action packed:0.28325
adaptation:0.2825
bad plot:0.27975
camp:0.2795
greed:0.275
great movie:0.27325
visually appealing:0.273
immortality:0.27225
very funny:0.26925
special effects:0.26775
