action:0.99125
good action:0.98275
lone hero:0.966
action packed:0.94325
jungle:0.9305
camp:0.9235
weapons:0.90125
chase:0.8845
explosions:0.84725
franchise:0.81525
mentor:0.81125
fighting:0.7995
vengeance:0.79675
violence:0.79325
fight scenes:0.7815
revenge:0.7465
original:0.73975
80s:0.731
good sequel:0.723
violent:0.72
silly fun:0.706
torture:0.70375
betrayal:0.69975
brutality:0.67125
survival:0.63325
war:0.629
predictable:0.59025
good:0.58975
70mm:0.58725
dialogue:0.58
oscar (best sound):0.57725
sequel:0.57025
prison:0.565
fast paced:0.55975
crappy sequel:0.55
redemption:0.5355
adventure:0.5345
cool:0.52825
1980s:0.52
intense:0.50625
fun movie:0.50175
guns:0.5015
big budget:0.5005
bloody:0.48975
entertaining:0.4875
military:0.48375
vietnam war:0.481
great ending:0.47975
special effects:0.478
bad plot:0.476
ninja:0.47175
gratuitous violence:0.464
catastrophe:0.456
story:0.45375
silly:0.451
realistic action:0.4405
unintentionally funny:0.42925
dark hero:0.4285
guilty pleasure:0.4245
goofy:0.42275
not funny:0.412
sacrifice:0.41025
cheesy:0.4055
sequels:0.40375
ridiculous:0.40325
buddy movie:0.399
snakes:0.3965
vietnam:0.391
culture clash:0.3865
exciting:0.3855
gunfight:0.378
pg-13:0.3705
car chase:0.36675
family:0.364
super hero:0.36275
storytelling:0.35875
fun:0.35875
series:0.3535
arms dealer:0.353
happy ending:0.353
corruption:0.352
nostalgic:0.35175
feel-good:0.35175
harsh:0.3415
destiny:0.3405
russia:0.34
runaway:0.33975
first contact:0.3395
suspense:0.339
fantasy:0.33875
good soundtrack:0.3355
dynamic cgi action:0.3345
superheroes:0.334
over the top:0.33125
script:0.32925
underdog:0.325
grindhouse:0.32225
motorcycle:0.31925
stereotypes:0.3185
honest:0.31325
