martial arts:0.99025
kung fu:0.9825
cult classic:0.982
wuxia:0.949
cult film:0.948
action:0.94325
goofy:0.9365
fun movie:0.93225
fight scenes:0.92375
awesome soundtrack:0.9195
adventure:0.89275
anti-hero:0.87725
good action:0.87575
action packed:0.86625
mythology:0.847
special effects:0.84125
quotable:0.841
original:0.83125
cool:0.82875
fantasy:0.8175
chase:0.79875
san francisco:0.79625
good versus evil:0.79325
great:0.7895
magic:0.78825
1980s:0.78175
sword fight:0.78075
fast paced:0.7785
fun:0.7725
fighting:0.7715
campy:0.7705
comedy:0.76875
gunfight:0.76725
80s:0.7515
great movie:0.75125
mentor:0.74525
silly:0.74375
humorous:0.734
cult:0.734
sword fighting:0.72375
immortality:0.721
demons:0.69825
scifi cult:0.698
dark fantasy:0.6875
supernatural:0.68725
weapons:0.683
china:0.677
dialogue:0.654
quirky:0.65225
good soundtrack:0.6465
highly quotable:0.644
buddy movie:0.63475
silly fun:0.62575
monster:0.6215
entertaining:0.61925
vengeance:0.61725
ninja:0.61425
hong kong:0.6125
oscar (best effects - visual effects):0.6095
parody:0.6035
gangs:0.602
classic:0.59025
great ending:0.568
wizards:0.56775
humor:0.5675
good:0.561
lone hero:0.5585
snakes:0.5555
dark hero:0.541
sci fi:0.53375
weird:0.5315
storytelling:0.52975
violence:0.528
visual:0.52275
light:0.5225
violent:0.52225
surreal:0.52175
life & death:0.519
nostalgic:0.5185
cheesy:0.51575
sacrifice:0.51025
corny:0.50825
stylized:0.50775
hilarious:0.5005
unlikely friendships:0.499
grindhouse:0.49125
revenge:0.49125
transformation:0.48675
life philosophy:0.48425
fantasy world:0.48025
underrated:0.47925
childhood:0.4785
story:0.4775
exciting:0.4735
destiny:0.47175
pulp:0.46275
kidnapping:0.462
effects:0.456
friendship:0.45275
time:0.44225
