robert downey jr:0.99425
dark:0.85475
psychological:0.84075
complex:0.831
original:0.8255
storytelling:0.79775
weird:0.79725
fantasy:0.777
noir thriller:0.765
psychology:0.75625
surreal:0.745
creativity:0.71125
pulp:0.7095
hallucinatory:0.7
cerebral:0.69425
dark fantasy:0.69325
dialogue:0.691
stylized:0.68725
stylish:0.68675
writers:0.67475
fantasy world:0.6695
detective:0.66525
confusing:0.65675
dark comedy:0.65575
psychiatrist:0.639
mystery:0.63375
doctors:0.6135
demons:0.606
story:0.606
pointless:0.5975
hospital:0.59375
good soundtrack:0.59075
great ending:0.5835
adultery:0.57975
quirky:0.5695
based on a book:0.56925
enigmatic:0.56825
visually appealing:0.5675
film noir:0.567
murder mystery:0.56225
bizarre:0.557
brutality:0.54425
very interesting:0.5425
intense:0.541
hit men:0.5315
adaptation:0.52425
pornography:0.518
great movie:0.50725
mentor:0.50375
great:0.497
original plot:0.47825
absurd:0.4775
melancholic:0.477
predictable:0.4705
sexualized violence:0.46475
noir:0.46325
harsh:0.4625
greed:0.46225
interesting:0.462
horrible:0.46175
cult classic:0.4575
catastrophe:0.45675
music:0.4525
murder:0.44425
clever:0.44
plot:0.43875
based on book:0.43875
dreamlike:0.4375
childhood:0.4365
disturbing:0.43425
parallel universe:0.43375
talky:0.42725
weapons:0.42475
drama:0.4205
art:0.415
dysfunctional family:0.413
exceptional acting:0.4065
visually stunning:0.40175
visual:0.40125
independent film:0.39925
betrayal:0.3985
death:0.398
series:0.398
paranoia:0.39725
culture clash:0.39325
strange:0.39025
dark humor:0.3885
justice:0.387
destiny:0.382
humor:0.3755
violence:0.37475
guilt:0.3745
not funny:0.3745
twists & turns:0.37
black comedy:0.3695
vengeance:0.36875
paranoid:0.36825
light:0.36425
surrealism:0.3625
bad plot:0.3615
