road trip:0.99
nudity (full frontal - brief):0.98875
comedy:0.98
teen movie:0.97975
teen:0.96175
male nudity:0.946
silly fun:0.94075
stupidity:0.94075
stereotypes:0.924
teens:0.9205
high school:0.91825
hilarious:0.91325
dumb but funny:0.90075
funny:0.8985
very funny:0.886
funniest movies:0.8755
dumb:0.857
funny as hell:0.85375
stupid:0.83975
virginity:0.805
crude humor:0.76875
pg-13:0.765
beer:0.76
parody:0.75725
teenager:0.754
silly:0.74175
sex comedy:0.723
goofy:0.718
coming of age:0.6885
idiotic:0.6885
pornography:0.67675
adolescence:0.654
humorous:0.646
geeks:0.6415
original:0.6415
humor:0.6365
awesome soundtrack:0.6345
good soundtrack:0.63425
stupid as hell:0.63225
amy smart:0.60475
nudity (topless):0.60175
fun movie:0.57425
teenagers:0.5685
stoner movie:0.55075
lame:0.5485
so bad it's funny:0.54475
drinking:0.526
girlie movie:0.519
gross-out:0.51325
spoof:0.511
suprisingly clever:0.51025
nudity:0.5085
better than expected:0.50225
hillarious:0.4955
good:0.4895
catastrophe:0.4855
sexy:0.4845
predictable:0.4835
absurd:0.482
chase:0.47975
cheerleading:0.46725
nudity (topless - notable):0.45625
great ending:0.44325
nerds:0.436
germany:0.43225
notable nudity:0.4235
mentor:0.42325
internet:0.39825
weed:0.392
foul language:0.38975
fight scenes:0.3895
ridiculous:0.38475
culture clash:0.3765
fun:0.36875
unfunny:0.366
farce:0.36425
runaway:0.36425
college:0.363
great:0.3605
buddy movie:0.359
dialogue:0.35425
islam:0.35125
slapstick:0.34775
torture:0.34625
spying:0.3405
prejudice:0.3345
shallow:0.3335
storytelling:0.3295
school:0.32775
berlin:0.3215
london:0.32125
guilty pleasure:0.3195
sex:0.3145
quotable:0.31125
plot:0.309
fantasy world:0.3085
story:0.308
clever:0.30275
horrible:0.30225
overrated:0.29525
