sports:0.94325
new jersey:0.92575
greed:0.92425
imdb top 250:0.9125
corruption:0.903
black and white:0.87625
mentor:0.87575
oscar (best actress):0.87175
boxing:0.866
oscar (best directing):0.856
drama:0.8525
talky:0.85175
great acting:0.83725
character study:0.81525
original:0.8085
criterion:0.79825
social commentary:0.78775
tragedy:0.78675
runaway:0.78575
dramatic:0.78325
redemption:0.774
manipulation:0.75325
storytelling:0.752
film noir:0.742
cynical:0.73675
gritty:0.729
grim:0.72725
fascism:0.72425
california:0.70125
argentina:0.697
movielens top pick:0.6925
good versus evil:0.682
affectionate:0.6805
brutality:0.6795
unlikely friendships:0.67225
idealism:0.66525
business:0.65975
fighting the system:0.65375
great movie:0.65125
excellent script:0.651
narrated:0.6505
cinematography:0.65025
oscar (best supporting actress):0.6445
gangsters:0.6345
life & death:0.6295
noir:0.62675
oscar winner:0.62675
intense:0.6145
oscar (best supporting actor):0.6125
drinking:0.6105
story:0.609
interesting:0.607
dark hero:0.597
mob:0.5915
crime gone awry:0.58525
allegory:0.5835
good soundtrack:0.5765
bleak:0.575
based on a play:0.5725
melancholic:0.5705
great:0.5695
biting:0.56925
light:0.568
cerebral:0.564
fighting:0.56325
fight scenes:0.55975
violence:0.54425
very good:0.541
death:0.53725
afi 100 (laughs):0.536
forceful:0.534
1930s:0.52275
good:0.522
quotable:0.521
golden palm:0.519
unusual plot structure:0.5165
classic:0.5165
great ending:0.51275
notable soundtrack:0.51075
murder:0.51025
downbeat:0.507
depression:0.50525
cancer:0.4965
brutal:0.49425
afi 100 (movie quotes):0.49425
harsh:0.49075
gangster:0.4905
destiny:0.48975
police investigation:0.48625
dialogue:0.482
loneliness:0.48175
exceptional acting:0.48075
very interesting:0.48075
solitude:0.479
witty:0.477
excellent:0.4715
self discovery:0.46975
adaptation:0.46875
justice:0.4685
macabre:0.4645
