complex:0.93925
relationships:0.928
dysfunctional family:0.8885
intimate:0.88025
family drama:0.86725
life philosophy:0.789
loneliness:0.7815
solitude:0.76925
criterion:0.7295
original:0.7055
pornography:0.70275
dialogue:0.68625
talky:0.66625
incest:0.65325
exceptional acting:0.645
marriage:0.645
reflective:0.5875
passionate:0.5795
enigmatic:0.565
family:0.55125
complex characters:0.551
melancholic:0.5505
culture clash:0.54875
golden palm:0.54175
secrets:0.53625
beautifully filmed:0.48775
sexual abuse:0.48675
nudity (topless):0.483
character study:0.475
weird:0.47375
entirely dialogue:0.471
affectionate:0.46975
good soundtrack:0.468
childhood:0.46675
sisters:0.45075
great ending:0.4495
catastrophe:0.42175
depressing:0.41325
unusual plot structure:0.411
children:0.41075
bollywood:0.4105
brutality:0.41025
crime gone awry:0.40825
emotional:0.4075
mentor:0.40425
very interesting:0.404
melancholy:0.4025
obsession:0.395
downbeat:0.39225
nudity (full frontal - notable):0.391
drama:0.38675
suprisingly clever:0.3835
bleak:0.382
drinking:0.3805
family bonds:0.378
male nudity:0.372
grindhouse:0.3715
social commentary:0.36825
bittersweet:0.3675
not funny:0.36725
dramatic:0.36525
atmospheric:0.3635
writers:0.361
nudity (full frontal - brief):0.35575
cerebral:0.35375
transformation:0.3515
foreign:0.35
witty:0.34425
existentialism:0.34175
adultery:0.34175
adaptation:0.33925
great:0.339
storytelling:0.33
parenthood:0.32675
dialogue driven:0.326
sexy:0.32575
california:0.32225
runaway:0.32125
multiple storylines:0.32025
disturbing:0.312
quirky:0.30925
sexualized violence:0.309
classic car:0.304
guilt:0.3035
visually appealing:0.30175
twists & turns:0.29725
adapted from:book:0.29725
redemption:0.2965
psychological:0.293
depression:0.29225
meditative:0.2905
stylized:0.28925
intense:0.2855
dark humor:0.28525
indie:0.28375
ironic:0.28175
art house:0.27775
hospital:0.2765
fight scenes:0.2745
aging:0.2735
