death:0.9545
touching:0.932
weird:0.921
imagination:0.918
children:0.91425
based on book:0.913
storytelling:0.91025
kids:0.88675
fantasy world:0.8775
whimsical:0.872
adventure:0.839
childhood:0.8385
runaway:0.83775
melancholy:0.81675
based on a book:0.81175
visual:0.81
family:0.8075
cinematography:0.80625
story:0.78725
emotional:0.7855
beautifully filmed:0.7835
colourful:0.782
quirky:0.7675
heartwarming:0.75175
original:0.734
depression:0.72475
visuals:0.72
fun movie:0.7165
magic:0.7145
visually stunning:0.714
books:0.70825
tragedy:0.706
ghosts/afterlife:0.7055
surreal:0.69175
loneliness:0.6915
oscar (best foreign language film):0.66025
adapted from:book:0.64675
aging:0.6465
narrated:0.6455
island:0.632
earnest:0.629
big budget:0.6285
great ending:0.62725
unlikely friendships:0.62225
mentor:0.61925
animals:0.6045
stylized:0.6035
giant robots:0.6035
family bonds:0.5935
dark fantasy:0.5915
redemption:0.58975
3d:0.5885
bad cgi:0.588
criterion:0.58275
pg:0.582
great:0.57475
existentialism:0.5745
transformation:0.56975
adaptation:0.56775
suspense:0.565
silly fun:0.563
kids and family:0.5565
very interesting:0.55325
great movie:0.54825
dialogue:0.5455
nerds:0.54075
visually appealing:0.53875
lone hero:0.53625
catastrophe:0.536
harsh:0.53175
allegory:0.5255
heartbreaking:0.5255
so bad it's funny:0.52275
crime gone awry:0.5225
sentimental:0.51875
coming of age:0.51825
fantasy:0.51775
alter ego:0.51675
life philosophy:0.5155
forceful:0.51425
life & death:0.5125
poignant:0.51
clever:0.5075
super hero:0.5065
creativity:0.4945
beautiful scenery:0.49125
nostalgic:0.4815
simple:0.4805
bleak:0.48
alternate endings:0.47825
cute:0.4775
feel-good:0.4715
talky:0.4695
bittersweet:0.4695
foreign:0.46875
sacrifice:0.4665
scenic:0.46625
sweet:0.4655
road movie:0.4595
dreamlike:0.45925
