japan:0.98125
anime:0.972
surreal:0.95625
tokyo:0.951
weird:0.9265
criterion:0.814
imagination:0.80675
psychedelic:0.806
masterpiece:0.7785
art:0.73375
animation:0.71425
japanese:0.68675
surrealism:0.6795
talky:0.67
artistic:0.649
fantasy world:0.6465
melancholic:0.639
animal movie:0.6325
dreamlike:0.61775
colourful:0.6135
creativity:0.6075
gangsters:0.60425
golden palm:0.60425
firefly:0.6015
atmospheric:0.59975
quirky:0.5905
storytelling:0.58775
stylized:0.582
childhood:0.5815
life & death:0.57775
animated:0.5695
visually stunning:0.56825
downbeat:0.56525
suprisingly clever:0.56325
visually appealing:0.547
brutality:0.5465
original:0.5425
breathtaking:0.53125
strange:0.5285
complex characters:0.522
existentialism:0.521
intimate:0.51875
great:0.51675
allegory:0.51275
oscar (best supporting actress):0.50975
hallucinatory:0.50875
great ending:0.5
enigmatic:0.49575
life philosophy:0.495
artist:0.49475
crime gone awry:0.49075
lynch:0.49025
disturbing:0.485
violent:0.483
beautifully filmed:0.48075
vengeance:0.4685
gunfight:0.4565
oscar (best foreign language film):0.453
melancholy:0.4525
art house:0.44075
catastrophe:0.42975
good soundtrack:0.4245
culture clash:0.419
life:0.415
visual:0.41125
unusual plot structure:0.40725
stylish:0.4065
visceral:0.405
runaway:0.40475
eccentricity:0.40175
character study:0.4005
affectionate:0.39875
hospital:0.3975
mentor:0.3795
harsh:0.3695
bleak:0.36825
loneliness:0.36775
entirely dialogue:0.36725
pornography:0.36725
reflective:0.35875
bizarre:0.35775
self discovery:0.344
cinematography:0.343
based on a play:0.34275
hotel:0.33875
miyazaki:0.33775
macabre:0.337
homeless:0.33125
earnest:0.32775
censorship:0.321
oscar (best actress):0.3205
cerebral:0.31875
not funny:0.31825
amazing cinematography:0.31775
dialogue:0.31675
dreams:0.3155
very interesting:0.31325
hitman:0.30975
movielens top pick:0.30975
obsession:0.30675
