biopic:0.925
original:0.84675
drugs:0.82275
biography:0.82
visually appealing:0.8095
good soundtrack:0.7705
addiction:0.7535
drug addiction:0.71975
drug abuse:0.704
artistic:0.691
biographical:0.66575
art:0.65775
mentor:0.622
artist:0.616
based on true story:0.6145
pornography:0.61125
innocence lost:0.60775
mental illness:0.5965
creativity:0.58225
death:0.575
great ending:0.56625
relationships:0.55375
nudity (topless):0.55375
rock and roll:0.5485
depression:0.548
life:0.53
story:0.5065
runaway:0.48975
artsy:0.4875
shallow:0.47475
dysfunctional family:0.47175
storytelling:0.4665
writers:0.4665
life philosophy:0.466
destiny:0.463
interesting:0.45975
enigmatic:0.4585
drinking:0.45825
plot:0.45225
teen movie:0.45075
suicide:0.43625
intense:0.43625
redemption:0.4295
dialogue:0.429
sexualized violence:0.419
independent film:0.4175
brutality:0.41725
catastrophe:0.4135
very interesting:0.406
good:0.39875
fight scenes:0.39475
honest:0.394
stereotypes:0.39275
good acting:0.3895
complex:0.387
passionate:0.37925
coming of age:0.37525
pg-13:0.37525
vengeance:0.36925
period piece:0.36825
stylish:0.36725
factual:0.36675
gay:0.3585
revenge:0.35825
bad ending:0.3575
adaptation:0.35425
teen:0.35175
predictable:0.35125
gay character:0.3485
psychology:0.345
dark hero:0.34175
cool:0.34125
family:0.341
sentimental:0.33925
life & death:0.33425
not funny:0.333
very funny:0.33225
suprisingly clever:0.3285
harsh:0.32325
twists & turns:0.322
transformation:0.32175
loneliness:0.31875
nudity (topless - notable):0.3175
1970s:0.31725
quirky:0.316
narrated:0.31375
stylized:0.31025
clever:0.3075
california:0.30625
melancholic:0.304
reflective:0.3035
adolescence:0.299
culture clash:0.295
girlie movie:0.2935
obsession:0.29125
based on a book:0.28975
oscar (best directing):0.28875
true story:0.2875
romantic:0.287
great acting:0.286
