documentary:0.97725
oscar (best directing):0.969
lawyers:0.9625
sexual:0.95975
corruption:0.90325
lawyer:0.90025
crime:0.8905
controversial:0.87525
pornography:0.8575
guilt:0.831
murder:0.82875
1970s:0.817
sex:0.805
police investigation:0.80425
original:0.80325
sexual abuse:0.7945
courtroom:0.7915
california:0.79
interesting:0.78
tragedy:0.764
rape:0.7575
greed:0.742
justice:0.73275
court:0.7265
very interesting:0.72275
runaway:0.722
biography:0.70975
obsession:0.70825
brutality:0.70275
manipulation:0.69425
relationships:0.693
moral ambiguity:0.68525
oscar (best actress):0.67775
factual:0.67775
drugs:0.66925
oscar (best supporting actress):0.66875
journalism:0.66175
sexuality:0.66175
chase:0.6565
criterion:0.64575
sexy:0.6455
psychological:0.6335
twists & turns:0.63275
investigation:0.6285
biographical:0.61825
childhood:0.60375
homosexuality:0.58425
art:0.582
disturbing:0.57825
excellent script:0.57625
censorship:0.57325
great ending:0.57125
death:0.571
honest:0.56425
culture clash:0.558
politics:0.5505
women:0.54775
suspense:0.5475
artist:0.5445
intimate:0.54125
betrayal:0.5395
violence:0.539
great:0.53675
amazing photography:0.53025
nudity (full frontal - brief):0.52325
adapted from:book:0.51875
gay:0.51475
gunfight:0.5125
sexualized violence:0.508
harsh:0.50625
social commentary:0.50525
talky:0.50325
afi 100 (movie quotes):0.503
poland:0.49525
imdb top 250:0.49125
girlie movie:0.4885
forceful:0.4855
mentor:0.48425
los angeles:0.483
good soundtrack:0.47775
nudity (topless - notable):0.47275
artistic:0.468
earnest:0.46775
based on a book:0.463
passionate:0.46175
identity:0.452
internet:0.45125
morality:0.449
narrated:0.44775
business:0.445
surveillance:0.44475
oscar (best writing - screenplay written directly for the screen):0.443
based on a true story:0.44125
san francisco:0.44125
suprisingly clever:0.438
storytelling:0.43475
nudity (full frontal - notable):0.43475
psychology:0.433
complex:0.43225
educational:0.429
