comedy:0.93275
goofy:0.8775
very funny:0.85075
silly fun:0.84075
cult film:0.81575
stupid:0.78975
dumb but funny:0.7765
teen movie:0.74075
original:0.73775
stupid as hell:0.72625
predictable:0.712
funny:0.673
lame:0.61925
brutality:0.61225
fun:0.60475
great ending:0.59725
stupidity:0.597
humor:0.594
dumb:0.592
unfunny:0.58725
hilarious:0.58525
humorous:0.583
shallow:0.573
bad plot:0.553
franchise:0.542
twists & turns:0.53875
idiotic:0.5345
bad:0.53325
slapstick:0.526
family:0.524
women:0.51625
overrated:0.51625
pg-13:0.51575
god:0.5115
stereotypes:0.50625
religion:0.5035
fun movie:0.49775
good:0.489
parody:0.48575
fantasy world:0.4805
awful:0.47125
silly:0.46275
amy smart:0.4605
sexualized violence:0.4555
mentor:0.44225
fashion:0.4265
crude humor:0.42475
funny as hell:0.4195
manipulation:0.41475
dialogue:0.40875
multiple storylines:0.4035
catastrophe:0.39925
comic:0.395
male nudity:0.38425
storytelling:0.38125
first contact:0.377
unusual plot structure:0.37625
absurd:0.37125
imdb top 250:0.37
sisters:0.3645
sexy:0.36325
adaptation:0.3605
melancholic:0.35775
80s:0.35525
bloody:0.35425
horrible:0.3505
lone hero:0.3495
saturday night live:0.34825
teens:0.348
vengeance:0.3465
sci fi:0.34425
destiny:0.342
harsh:0.34075
redemption:0.3405
nocturnal:0.33225
exceptional acting:0.327
science fiction:0.3265
chase:0.3265
life philosophy:0.3255
criterion:0.3215
fantasy:0.32025
police investigation:0.3195
splatter:0.31875
dysfunctional family:0.31475
finnish:0.31375
murder:0.3135
fight scenes:0.31325
gross-out:0.31125
based on a book:0.3095
satire:0.30775
high school:0.3075
crappy sequel:0.304
entirely dialogue:0.30375
ridiculous:0.3035
special effects:0.30325
oscar:0.3005
childhood:0.2995
disaster:0.2985
stylized:0.29775
fbi:0.29325
