based on a book:0.89925
solitude:0.89425
wilderness:0.88425
reflective:0.825
redemption:0.822
biographical:0.79925
cinematography:0.792
melancholic:0.75725
life:0.7555
life & death:0.75225
survival:0.74875
mentor:0.748
depression:0.747
original:0.7325
self discovery:0.72525
california:0.72475
destiny:0.72275
loneliness:0.71625
based on true story:0.70875
childhood:0.70775
good soundtrack:0.6845
life philosophy:0.68125
drug abuse:0.67775
emotional:0.667
road movie:0.66675
storytelling:0.64125
flashbacks:0.63925
oscar (best directing):0.628
dramatic:0.62525
addiction:0.62225
existentialism:0.61325
runaway:0.6055
relationships:0.59875
tragedy:0.593
drama:0.592
drugs:0.59125
oscar:0.5905
true story:0.584
scenic:0.58075
story:0.5765
oscar (best actress):0.57575
visually appealing:0.57375
honest:0.56975
great cinematography:0.563
beautifully filmed:0.56225
cancer:0.561
drug addiction:0.55675
catastrophe:0.5555
mother daughter relationship:0.5445
pornography:0.54325
drinking:0.541
intense:0.5325
interesting:0.52325
based on book:0.5205
non-linear:0.5195
memory:0.518
courage:0.51425
narrated:0.5135
adapted from:book:0.5075
death:0.497
inspiring:0.4945
great:0.488
good:0.48475
coming of age:0.483
adaptation:0.48025
meditative:0.47675
depressing:0.47575
very interesting:0.4635
transformation:0.46325
feel-good:0.461
desert:0.4535
intimate:0.44825
social commentary:0.444
biography:0.4435
breathtaking:0.44175
enigmatic:0.43275
character study:0.43025
inspirational:0.42925
oscar (best supporting actress):0.42325
bleak:0.4225
suprisingly clever:0.415
great ending:0.4125
complex:0.41075
harsh:0.40875
poignant:0.40625
pg-13:0.40275
exceptional acting:0.40075
melancholy:0.4
touching:0.39875
great acting:0.39825
based on a true story:0.3965
friendship:0.396
great movie:0.39175
road trip:0.39175
beautiful scenery:0.3835
terminal illness:0.3795
cathartic:0.37825
dialogue:0.375
culture clash:0.374
not funny:0.372
