shark:0.99875
franchise:0.9855
good sequel:0.98
sequel:0.9695
sequels:0.95175
crappy sequel:0.91075
original:0.85
teens:0.7595
boat:0.7595
revenge:0.7365
fish:0.72575
original plot:0.70275
suspense:0.67025
survival:0.634
teen movie:0.61475
predictable:0.61225
island:0.606
good:0.6025
suspenseful:0.588
special effects:0.583
dynamic cgi action:0.58
intense:0.56575
mentor:0.56225
stranded:0.5235
dialogue:0.5175
so bad it's funny:0.51125
family:0.508
bad sequel:0.50425
big budget:0.50075
story:0.49525
goofy:0.491
animals:0.487
spielberg:0.482
great ending:0.4755
catastrophe:0.4755
destiny:0.475
scary:0.47225
teen:0.46825
vengeance:0.46225
action:0.4615
not as good as the first:0.4595
pg-13:0.4565
fun movie:0.4535
adventure:0.451
effects:0.4435
shallow:0.4415
bad plot:0.441
short-term memory loss:0.434
death:0.42575
great:0.42325
greed:0.419
not funny:0.4085
horror:0.3985
great movie:0.39725
pointless:0.39525
silly:0.39475
disaster:0.39375
underwater:0.39275
chase:0.3845
natural disaster:0.383
lame:0.3765
brutality:0.37425
runaway:0.3735
series:0.37325
camp:0.366
first contact:0.365
violence:0.3615
bad cgi:0.36125
tense:0.36075
good action:0.3495
overrated:0.3465
slasher:0.345
monster:0.34175
sci fi:0.34175
adaptation:0.33325
nudity (full frontal - brief):0.331
fight scenes:0.325
exciting:0.323
storytelling:0.3205
pornography:0.31925
transformation:0.3185
bad ending:0.31775
ocean:0.315
silly fun:0.315
redemption:0.315
entertaining:0.31375
fantasy world:0.3065
culture clash:0.3055
horrible:0.3035
paranoid:0.3025
imdb top 250:0.30225
action packed:0.29825
melancholic:0.29825
life philosophy:0.29675
very good:0.2965
immortality:0.29325
memory loss:0.2925
good soundtrack:0.29125
quirky:0.29
entirely dialogue:0.2885
