70mm:0.943
love story:0.94175
beautiful scenery:0.919
love:0.913
beautifully filmed:0.881
melancholic:0.86425
dolphins:0.8445
cinematography:0.83
unlikely friendships:0.7705
visual:0.76825
original:0.76025
visually stunning:0.75375
stunning:0.749
relationships:0.73225
passionate:0.7175
breathtaking:0.70275
friendship:0.70225
life & death:0.69625
enigmatic:0.685
nudity (topless - brief):0.67925
solitude:0.664
childhood:0.65325
obsession:0.6445
great:0.643
visually appealing:0.64225
loneliness:0.623
beautiful:0.6075
melancholy:0.6015
romance:0.6015
mentor:0.59675
good soundtrack:0.5965
better than the american version:0.5945
happy ending:0.58375
meditative:0.5815
emotional:0.573
storytelling:0.57175
touching:0.571
whimsical:0.56
life philosophy:0.55875
transformation:0.554
alternate endings:0.55175
photography:0.54725
bittersweet:0.54025
masterpiece:0.54025
great ending:0.532
culture clash:0.51175
destiny:0.50875
reflective:0.50625
special:0.5055
great movie:0.5
imagination:0.49825
romantic:0.49725
suprisingly clever:0.49
story:0.48975
alone in the world:0.487
poetry:0.48475
dialogue:0.48075
intimate:0.48
humanity:0.4775
weird:0.47375
philosophy:0.47225
criterion:0.47075
narrated:0.46125
complex:0.46075
idealism:0.458
drama:0.4535
cerebral:0.45325
betrayal:0.45325
underwater:0.4515
foreign:0.4495
interesting:0.44925
catastrophe:0.44625
death:0.44525
philosophical:0.4405
sad:0.43325
dreamlike:0.43025
love triangles:0.42225
dreams:0.41775
movielens top pick:0.41725
atmospheric:0.4145
underrated:0.40625
downbeat:0.4045
harsh:0.401
life:0.39825
amazing photography:0.3975
talky:0.393
male nudity:0.39275
justice:0.391
greed:0.38675
cult classic:0.385
redemption:0.3845
chase:0.3805
sexualized violence:0.38
thought-provoking:0.3785
oscar (best directing):0.37775
first contact:0.37675
existentialism:0.37675
plot:0.37625
utopia:0.374
sacrifice:0.37125
