70mm:0.98725
oscar (best cinematography):0.987
irish accent:0.9695
cinematography:0.92875
irish:0.90825
ireland:0.85775
visual:0.85625
beautiful scenery:0.8385
breathtaking:0.80225
passionate:0.79125
stunning:0.7445
scenic:0.719
adultery:0.6665
original:0.659
visually stunning:0.64925
epic:0.63675
betrayal:0.61825
historical:0.603
beautifully filmed:0.578
british:0.5705
oscar:0.543
storytelling:0.5335
masterpiece:0.5285
great ending:0.52775
great movie:0.51925
long:0.51775
forceful:0.49025
wartime:0.49
catastrophe:0.48075
photography:0.47775
suprisingly clever:0.471
mentor:0.47025
multiple storylines:0.4625
weapons:0.46075
enigmatic:0.44925
melancholy:0.44325
love story:0.43975
melancholic:0.4325
suspense:0.42875
earnest:0.4255
affectionate:0.418
dialogue:0.414
beautiful:0.4135
dreamlike:0.406
sacrifice:0.4045
indians:0.3955
good soundtrack:0.3805
oscar (best directing):0.37625
rebellion:0.376
moral ambiguity:0.3755
transformation:0.37325
unusual plot structure:0.373
intimate:0.37
period piece:0.36975
great:0.36825
great acting:0.36575
criterion:0.36425
story:0.36425
adaptation:0.36175
talky:0.36075
downbeat:0.36075
chase:0.35875
england:0.35825
entirely dialogue:0.358
depression:0.3575
drama:0.35125
no dialogue:0.34675
reflective:0.346
tragedy:0.342
too long:0.34075
adapted from:book:0.34025
revolution:0.34025
brutality:0.33925
dramatic:0.3355
1970s:0.33325
nudity (full frontal - brief):0.33025
atmospheric:0.3295
clones:0.323
justice:0.3215
visuals:0.3205
medieval:0.3205
romantic:0.318
russian:0.31775
dreams:0.316
erotic:0.31375
guilt:0.31
courage:0.30775
nocturnal:0.30675
secrets:0.30175
culture clash:0.301
loneliness:0.3
imdb top 250:0.296
good:0.29575
pornography:0.29325
greed:0.29225
grim:0.2825
excellent script:0.276
not funny:0.276
meditative:0.26925
grindhouse:0.26825
