irish:0.954
whimsical:0.9165
original:0.9085
heartwarming:0.90775
clever:0.8725
nocturnal:0.855
feel-good:0.848
fantasy world:0.837
witty:0.83225
sexy:0.82175
criterion:0.8115
rebellion:0.798
independent film:0.77825
unlikely friendships:0.77625
light:0.77425
british:0.773
based on book:0.7635
visually appealing:0.76075
caper:0.76025
friendship:0.742
quirky:0.7335
affectionate:0.72825
spoof:0.72425
weird:0.70925
cinematography:0.701
colourful:0.70075
stereotypes:0.69975
cerebral:0.699
male nudity:0.69325
talky:0.69
drinking:0.6845
relationships:0.6805
teacher:0.67975
ireland:0.67475
crime gone awry:0.6675
mentor:0.667
absurd:0.64575
goofy:0.6455
love story:0.64125
allegory:0.6405
funny:0.6335
adapted from:book:0.62975
fun:0.62675
hilarious:0.621
depression:0.621
romance:0.6205
melancholic:0.62
satire:0.6165
great:0.61575
obsession:0.61375
adaptation:0.61275
very interesting:0.61175
harsh:0.6085
adolescence:0.60825
humorous:0.60525
family:0.603
feel good movie:0.6
writers:0.59775
fashion:0.59775
quotable:0.59625
based on a play:0.5905
dysfunctional family:0.587
life & death:0.583
life philosophy:0.58025
moral ambiguity:0.57975
insanity:0.57875
sexualized violence:0.57675
cult classic:0.57625
runaway:0.57425
fairy tale:0.573
intimate:0.55825
car chase:0.55675
computer animation:0.5475
unusual plot structure:0.5455
narrated:0.54525
school:0.544
movielens top pick:0.54275
so bad it's funny:0.54075
childhood:0.53525
violence:0.53275
exceptional acting:0.52975
notable nudity:0.52975
dialogue:0.5285
beautifully filmed:0.52425
off-beat comedy:0.52425
cult film:0.5205
sex:0.52
gunfight:0.51925
torture:0.519
cynical:0.5185
superheroes:0.50825
melancholy:0.5055
irreverent:0.4985
golden palm:0.49525
romantic:0.49425
corruption:0.4915
glbt:0.48975
multiple storylines:0.48825
alter ego:0.4875
happy ending:0.48525
