gunfight:0.9845
weird:0.96975
western:0.93675
chase:0.924
stylized:0.91275
desert:0.8955
visually appealing:0.89375
treasure hunt:0.88875
fun movie:0.8655
stylish:0.8485
awesome soundtrack:0.845
cinematography:0.8345
very good:0.834
good action:0.82825
action:0.826
good soundtrack:0.80775
life philosophy:0.77875
original:0.77725
violence:0.77575
moral ambiguity:0.773
good:0.758
visceral:0.75625
brutality:0.745
bittersweet:0.7355
fast paced:0.73025
fight scenes:0.7175
vengeance:0.708
violent:0.69475
cool:0.69125
runaway:0.682
mentor:0.67975
goofy:0.669
gangsters:0.66275
foreign:0.6295
social commentary:0.6205
meditative:0.6195
culture clash:0.613
gangs:0.59625
criterion:0.59425
narrated:0.5925
talky:0.591
good music:0.58775
fun:0.58675
action packed:0.58425
grindhouse:0.57475
storytelling:0.566
intense:0.565
1930s:0.5645
dialogue:0.55875
brutal:0.55825
quirky:0.5555
anti-hero:0.5455
great:0.54475
assassination:0.53975
highly quotable:0.536
spaghetti western:0.5315
gangster:0.524
movielens top pick:0.52275
visually stunning:0.51825
bloody:0.5145
humorous:0.5095
scenic:0.5055
cult classic:0.50125
dark hero:0.49375
nocturnal:0.4905
lone hero:0.48275
bad:0.482
golden palm:0.48075
corruption:0.4725
sexualized violence:0.472
great ending:0.4695
melancholic:0.46625
absurd:0.4635
visual:0.4625
classic car:0.462
entertaining:0.45975
comedy:0.45575
harsh:0.4535
breathtaking:0.452
nudity (full frontal - brief):0.4465
oscar (best directing):0.4465
catastrophe:0.44525
realistic:0.44
twists & turns:0.4385
china:0.4365
complex:0.43475
redemption:0.42775
gratuitous violence:0.4265
imdb top 250:0.42575
motorcycle:0.425
light:0.42425
dark humor:0.422
dreamlike:0.41975
entirely dialogue:0.41525
drama:0.4135
honest:0.407
wilderness:0.4045
great soundtrack:0.4035
cult film:0.403
hitman:0.40275
