love:0.993
romantic:0.98875
relationships:0.98525
based on a book:0.98475
romantic comedy:0.974
love story:0.95025
girlie movie:0.911
chick flick:0.88375
romance:0.86175
irish accent:0.82125
good romantic comedies:0.7995
sweet:0.79425
friendship:0.77975
based on book:0.778
teen movie:0.77125
books:0.72425
destiny:0.69125
happy ending:0.684
boston:0.68375
beautiful scenery:0.6685
catastrophe:0.63475
unlikely friendships:0.63225
sacrifice:0.6215
pg-13:0.61625
women:0.6135
original:0.61275
cute:0.60675
drama:0.59925
feel-good:0.59175
so bad it's funny:0.5645
transformation:0.564
feel good movie:0.56225
heartwarming:0.553
predictable:0.545
life philosophy:0.5435
england:0.5135
adaptation:0.511
honest:0.5005
better than expected:0.494
teen:0.485
wedding:0.477
good soundtrack:0.47575
good:0.46225
pregnancy:0.43625
mentor:0.4255
unusual plot structure:0.42325
prejudice:0.417
light:0.416
manipulation:0.4135
touching:0.4125
loneliness:0.40825
immortality:0.40825
high school:0.406
suprisingly clever:0.3995
witty:0.39925
dialogue:0.39875
marriage:0.3985
comedy:0.3915
great ending:0.3895
bad acting:0.38275
literature:0.3815
story:0.381
not funny:0.37575
teenager:0.37525
childhood:0.37425
alternate endings:0.37325
cute!:0.37325
adapted from:book:0.3545
teenagers:0.34625
divorce:0.339
fun movie:0.333
coming of age:0.33275
melancholic:0.32525
life:0.325
chase:0.3185
sappy:0.3175
betrayal:0.317
runaway:0.315
unrealistic:0.31
unfunny:0.30825
british:0.29975
doctors:0.299
book was better:0.29825
hotel:0.29675
bittersweet:0.2955
culture clash:0.2945
funny:0.29425
tear jerker:0.292
storytelling:0.28425
good acting:0.28175
great:0.27925
good music:0.2775
drinking:0.27725
segregation:0.2715
police investigation:0.27
cancer:0.267
absurd:0.26575
vengeance:0.26425
bdsm:0.2625
natural disaster:0.262
