comedy:0.957
dumb but funny:0.93125
silly fun:0.92625
saturday night live:0.88675
hilarious:0.86675
dumb:0.85875
goofy:0.85575
funny:0.853
funny as hell:0.844
parody:0.7785
very funny:0.7535
stupidity:0.75125
so bad it's funny:0.745
idiotic:0.74125
stupid:0.73975
original:0.7335
humor:0.725
humorous:0.70575
funniest movies:0.70575
silly:0.67475
crude humor:0.643
story:0.61275
sarcasm:0.6105
good soundtrack:0.6105
storytelling:0.59225
unfunny:0.59175
absurd:0.55425
lame:0.55375
great ending:0.5535
predictable:0.553
stoner movie:0.5375
stupid as hell:0.53075
adventure:0.50075
happy ending:0.4965
suprisingly clever:0.481
slapstick:0.473
fun movie:0.47075
feel-good:0.45725
spoof:0.457
mentor:0.454
destiny:0.44225
feel good movie:0.43375
good:0.42575
catastrophe:0.42
great:0.415
overrated:0.41175
pg-13:0.40625
fun:0.3885
weird:0.38325
brutality:0.3785
quirky:0.37775
dialogue:0.37725
imdb top 250:0.37475
chase:0.374
los angeles:0.36625
pointless:0.36125
first contact:0.3575
radio:0.3545
bad plot:0.3545
hillarious:0.35
gross-out:0.3495
redemption:0.348
creativity:0.34225
cult film:0.3395
stereotypes:0.327
pornography:0.32475
classic:0.3225
twists & turns:0.31975
vengeance:0.31825
homeless:0.317
runaway:0.3155
bad ending:0.31075
nudity (topless - notable):0.3075
sci fi:0.30525
splatter:0.30425
road movie:0.3035
nudity (full frontal - brief):0.2955
justice:0.2945
beer:0.2945
family:0.29425
gangsters:0.293
underdog:0.292
horrible:0.2875
multiple storylines:0.287
ridiculous:0.286
cult classic:0.286
life philosophy:0.28575
entirely dialogue:0.28475
fantasy world:0.2845
adaptation:0.282
highly quotable:0.28125
fast paced:0.2765
fight scenes:0.276
good music:0.27525
lone hero:0.27375
culture clash:0.27275
melancholic:0.27225
screwball comedy:0.27125
better than expected:0.26775
satirical:0.2675
