war:0.991
vietnam war:0.98975
vietnam:0.971
war movie:0.97025
wartime:0.9135
documentary:0.9035
best war films:0.85375
us history:0.82975
history:0.80725
original:0.756
dramatic:0.7445
culture clash:0.738
women:0.7315
honest:0.72325
silent:0.7205
criterion:0.68625
ethnic conflict:0.668
death:0.6615
world war i:0.65825
brutality:0.65025
tragedy:0.64475
beautiful scenery:0.63375
bombs:0.63125
politics:0.61725
light:0.59275
great ending:0.581
intense:0.5725
courage:0.57225
islam:0.568
propaganda:0.566
exceptional acting:0.54875
iraq:0.518
powerful ending:0.51275
movielens top pick:0.50875
oscar (best foreign language film):0.505
great:0.49975
corruption:0.49125
melancholic:0.4855
stand-up comedy:0.48225
poignant:0.472
political:0.4655
story:0.46475
intimate:0.46125
civil war:0.4605
dialogue:0.46025
family:0.45025
reflective:0.44775
life philosophy:0.44725
radio:0.44275
finnish:0.442
oscar:0.44175
unusual plot structure:0.44125
forceful:0.43675
brutal:0.43375
vampire human love:0.43125
storytelling:0.431
clever:0.42675
awesome soundtrack:0.42025
sentimental:0.41925
catastrophe:0.41525
stunning:0.41525
anti-war:0.41225
golden palm:0.40375
very good:0.40125
historical:0.39425
twists & turns:0.3915
social commentary:0.39025
stereotypes:0.38925
suprisingly clever:0.38725
earnest:0.38575
oscar (best directing):0.38475
witty:0.38425
oscar (best supporting actress):0.38075
emotional:0.37925
great acting:0.37925
mentor:0.3775
passionate:0.37575
foreign:0.374
sarcasm:0.3725
censorship:0.3655
black and white:0.365
interracial romance:0.3635
atmospheric:0.3555
adaptation:0.354
excellent script:0.35275
not funny:0.34625
good soundtrack:0.34525
realistic:0.34075
bittersweet:0.33975
segregation:0.33475
factual:0.3345
based on book:0.33275
aardman studios:0.33225
children:0.33125
good acting:0.33075
gulf war:0.32975
drama:0.32875
suicide:0.3285
unlikely friendships:0.32575
moral ambiguity:0.3225
