snakes:0.902
grindhouse:0.885
so bad it's funny:0.86275
pornography:0.85375
harsh:0.8325
camp:0.81925
melancholic:0.811
cult film:0.8065
campy:0.805
jungle:0.8025
visually appealing:0.78925
cult classic:0.78175
nudity (full frontal - notable):0.74775
hong kong:0.74575
mad scientist:0.74
original:0.73025
brutality:0.7235
male nudity:0.7155
sexy:0.71475
death:0.69825
violence:0.683
transformation:0.66725
tense:0.651
island:0.6505
weird:0.6365
downbeat:0.63625
animals:0.63225
splatter:0.629
kidnapping:0.60825
silly:0.60625
kung fu:0.60225
first contact:0.599
cinematography:0.598
weapons:0.59275
brothers:0.58375
desert:0.57625
gruesome:0.57575
sexualized violence:0.572
low budget:0.56775
fun movie:0.5675
unintentionally funny:0.55675
dialogue:0.544
nudity (topless - notable):0.539
hospital:0.5305
art:0.525
bad plot:0.5215
nocturnal:0.521
loneliness:0.506
japan:0.50375
allegory:0.501
action:0.49775
monster:0.497
nudity (topless):0.494
erotic:0.4935
bad acting:0.4795
enigmatic:0.47925
runaway:0.47675
adventure:0.4755
intimate:0.46775
story:0.45875
zombie:0.457
bad:0.453
biting:0.4515
idiotic:0.4505
absurd:0.4485
wilderness:0.44775
dreamlike:0.44725
good action:0.446
criterion:0.44225
new jersey:0.43675
ridiculous:0.42975
drinking:0.4265
sex:0.4245
art house:0.41925
catastrophe:0.4175
visceral:0.41475
tokyo:0.4095
great ending:0.4035
insanity:0.39525
social commentary:0.393
romance:0.39125
not funny:0.3865
nudity (full frontal):0.38575
lone hero:0.38275
forceful:0.38275
entirely dialogue:0.3775
violent:0.3775
stylized:0.36975
disaster:0.366
sci fi:0.36575
motorcycle:0.362
mentor:0.358
surreal:0.358
martial arts:0.357
solitude:0.35525
goofy:0.355
demons:0.353
bloody:0.3515
mutants:0.346
so bad it's good:0.345
