undercover cop:0.923
prequel:0.91475
good sequel:0.90025
story:0.879
original:0.87325
trilogy:0.8445
mentor:0.81225
good:0.8075
crime:0.807
hong kong:0.80075
storytelling:0.79725
intense:0.79475
excellent script:0.79175
very interesting:0.749
revenge:0.736
great ending:0.7255
plot:0.7215
dark hero:0.7155
drama:0.70525
betrayal:0.703
vengeance:0.68875
sequel:0.6815
dynamic cgi action:0.67925
dialogue:0.6755
complex:0.67275
interesting:0.671
sequels:0.66
good soundtrack:0.65125
gangsters:0.649
life & death:0.63325
original plot:0.632
brutality:0.6235
pg-13:0.62175
violence:0.6195
survival:0.60825
honest:0.60575
destiny:0.60475
runaway:0.59975
murder:0.59675
great:0.5875
very good:0.58225
police investigation:0.5815
oscar winner:0.58
violent:0.57725
thriller:0.56675
sexualized violence:0.564
dramatic:0.56275
catastrophe:0.5615
gangster:0.55675
forceful:0.55675
fight scenes:0.545
justice:0.543
corruption:0.54025
redemption:0.53775
greed:0.534
allegory:0.5325
family:0.53175
earnest:0.52775
social commentary:0.522
better than the american version:0.52175
oscar:0.51725
downbeat:0.516
culture clash:0.512
good versus evil:0.51025
good acting:0.5075
fantasy world:0.505
big budget:0.50475
oscar (best directing):0.49925
realistic:0.49175
transformation:0.49125
relationships:0.489
friendship:0.48575
stylized:0.48425
action:0.48175
suprisingly clever:0.48025
cinematography:0.47475
better than expected:0.4735
exceptional acting:0.47325
oscar (best effects - visual effects):0.46875
franchise:0.46575
underrated:0.4655
creativity:0.464
clever:0.463
death:0.45975
so bad it's funny:0.45875
epic:0.452
blood:0.4515
crime gone awry:0.4475
melancholic:0.4445
very funny:0.442
bleak:0.4405
male nudity:0.43875
guilt:0.43725
nocturnal:0.434
tense:0.43375
shallow:0.43375
reflective:0.43025
confusing:0.429
coming of age:0.42625
british:0.41925
