vigilante:0.99825
vigilantism:0.978
revenge:0.94325
justice:0.889
vengeance:0.84875
crime:0.80975
new york city:0.7975
nudity (topless - brief):0.797
murder:0.7875
detective:0.73175
original:0.6945
corruption:0.661
pg-13:0.633
brutality:0.6125
happy ending:0.61175
life philosophy:0.5915
superhero:0.58825
death:0.58125
life & death:0.5785
interesting:0.57475
plot:0.5725
mentor:0.5625
superheroes:0.5605
weapons:0.5535
nudity (rear):0.53775
underrated:0.53725
great ending:0.5335
radio:0.5195
police investigation:0.51475
dialogue:0.5055
betrayal:0.5045
sexualized violence:0.5035
good:0.50325
violent:0.48675
secrets:0.481
destiny:0.4785
conspiracy:0.47825
moral ambiguity:0.477
manipulation:0.47225
catastrophe:0.4655
nudity (full frontal - brief):0.46425
predictable:0.45775
action:0.45375
guns:0.453
great:0.45175
chase:0.449
culture clash:0.448
intense:0.444
suspense:0.43925
lone hero:0.436
queer:0.43575
super hero:0.42775
survival:0.42325
police corruption:0.42225
investigation:0.42025
bad ending:0.418
violence:0.41
very interesting:0.40975
torture:0.40525
not funny:0.39975
good soundtrack:0.3935
love story:0.3895
special effects:0.38
thriller:0.377
passionate:0.37225
nudity (topless - notable):0.36825
talky:0.36025
first contact:0.3575
morality:0.357
natural disaster:0.356
surveillance:0.35525
clever:0.35475
super-hero:0.3535
assassination:0.34775
drama:0.347
love:0.3465
fun movie:0.3455
shallow:0.345
redemption:0.3445
classic car:0.34025
lawyer:0.33925
obsession:0.3375
gritty:0.33575
courtroom:0.33525
storytelling:0.335
new york:0.334
mythology:0.33125
pornography:0.32975
internet:0.329
blindness:0.32725
runaway:0.32725
tragedy:0.326
twist:0.32525
story:0.324
doctors:0.323
police:0.31975
fight scenes:0.3175
bad plot:0.31475
brutal:0.3145
romantic comedy:0.31175
