western:0.9675
civil war:0.82275
mentor:0.7495
gunfight:0.74675
predictable:0.68575
original:0.6475
texas:0.63575
vigilante:0.58825
justice:0.56925
bad plot:0.542
horrible:0.53525
action:0.52275
so bad it's funny:0.495
moral ambiguity:0.47725
gangs:0.469
life philosophy:0.46575
catastrophe:0.463
pg-13:0.46025
story:0.443
camp:0.43675
american civil war:0.42925
splatter:0.424
disaster:0.42125
revenge:0.41875
dialogue:0.41025
violence:0.40925
natural disaster:0.3835
big budget:0.37875
historical:0.37
fun movie:0.36725
not funny:0.3465
horses:0.34575
weapons:0.34525
great ending:0.338
destiny:0.335
first contact:0.32725
lone hero:0.32675
teen movie:0.32225
canada:0.32225
bad acting:0.3215
family:0.32125
bad:0.317
brutality:0.3145
murder:0.30775
chase:0.307
script:0.30675
pointless:0.2995
history:0.299
good:0.29875
overrated:0.298
harsh:0.29325
fantasy world:0.27725
romance:0.2705
adaptation:0.268
fight scenes:0.268
adventure:0.266
vengeance:0.26275
mexico:0.262
shallow:0.25675
entirely dialogue:0.252
pornography:0.25125
good soundtrack:0.24925
technology:0.2475
factual:0.24625
police investigation:0.2395
absurd:0.23825
waste of time:0.23725
suspense:0.23725
bad cgi:0.23325
excellent:0.23
slapstick:0.229
idiotic:0.22825
runaway:0.22775
guns:0.2255
unfunny:0.2225
betrayal:0.22225
great:0.2215
good action:0.21875
complex:0.218
nudity (full frontal - brief):0.21725
multiple storylines:0.21625
silly fun:0.2155
storytelling:0.2135
culture clash:0.2125
visually appealing:0.21025
crude humor:0.2065
quirky:0.206
no plot:0.20575
teen:0.2055
franchise:0.20175
drama:0.2015
childhood:0.2015
gangsters:0.20125
sci fi:0.19975
computer animation:0.19925
feel-good:0.198
true story:0.19775
dreamlike:0.197
nudity (rear):0.19575
inspirational:0.19525
