neo-noir:0.98925
noir thriller:0.97275
small town:0.96
noir:0.9585
sexy:0.93275
manipulation:0.93
greed:0.9065
film noir:0.896
oscar (best actress):0.89125
stylish:0.87075
twists & turns:0.8365
tense:0.8335
erotic:0.821
talky:0.81675
clever:0.81375
surveillance:0.803
interesting:0.78925
suspense:0.78775
original:0.787
thriller:0.786
crime gone awry:0.7745
great ending:0.77275
murder:0.77
runaway:0.76575
corruption:0.755
plot twist:0.75225
dialogue:0.74925
betrayal:0.7475
twist:0.74025
culture clash:0.7245
conspiracy:0.71325
complicated:0.7105
lawyer:0.6985
complex:0.69525
police investigation:0.6715
very interesting:0.671
intelligent:0.66775
enigmatic:0.66
secrets:0.64575
obsession:0.64425
criterion:0.64225
relationships:0.6375
black comedy:0.63475
chase:0.63225
witty:0.626
great:0.625
pornography:0.62375
dramatic:0.6165
good acting:0.61575
crime:0.614
anti-hero:0.6095
good soundtrack:0.606
suspenseful:0.60575
great movie:0.6025
private detective:0.602
intimate:0.59625
social commentary:0.59425
psychological:0.592
happy ending:0.584
morality:0.58325
character study:0.58125
great acting:0.563
narrated:0.5595
heist:0.552
drinking:0.5445
dark:0.53725
moral ambiguity:0.537
entirely dialogue:0.5325
oscar (best directing):0.53125
plot:0.5285
twist ending:0.527
mentor:0.5265
dark humor:0.52475
atmospheric:0.52325
adultery:0.5175
redemption:0.517
suprisingly clever:0.5145
cheating:0.514
imdb top 250:0.5125
excellent:0.50975
sexual:0.5085
whimsical:0.50325
foul language:0.49575
good:0.495
lawyers:0.49125
very good:0.488
brutality:0.487
sexuality:0.487
sex:0.4855
storytelling:0.47725
weird:0.477
oscar (best supporting actress):0.47675
stylized:0.47025
downbeat:0.47
drugs:0.46975
plot holes:0.4685
complicated plot:0.46525
disturbing:0.463
oscar (best writing - screenplay written directly for the screen):0.4595
nudity (topless - notable):0.4555
