horror:0.985
serial killer:0.983
gory:0.982
franchise:0.97525
twist ending:0.975
sequels:0.9455
gore:0.944
torture:0.93575
suspense:0.931
good sequel:0.9295
scary:0.927
detective:0.92675
great ending:0.925
brutal:0.91825
twist:0.91675
sequel:0.91375
gruesome:0.90275
original:0.8935
splatter:0.8925
surprise ending:0.88925
twists & turns:0.85625
blood:0.82325
bloody:0.81925
creepy:0.79625
claustrophobic:0.7905
police investigation:0.79
mindfuck:0.78275
clever:0.77425
great movie:0.7575
psychological:0.75
plot holes:0.70325
slasher:0.6975
brutality:0.68475
plot twist:0.6565
violence:0.64775
life philosophy:0.62525
disturbing:0.61025
gratuitous violence:0.60075
intense:0.5965
vigilantism:0.5875
vigilante:0.57925
not as good as the first:0.5675
bad ending:0.564
pointless:0.561
death:0.56025
predictable:0.5565
alternate endings:0.5515
original plot:0.5495
stereotypes:0.549
crappy sequel:0.54575
interesting:0.534
revenge:0.53175
suspenseful:0.53025
sexualized violence:0.52225
creativity:0.50525
thriller:0.504
catastrophe:0.502
corruption:0.486
good:0.485
idiotic:0.48
bad acting:0.477
insanity:0.46775
mentor:0.46075
life & death:0.45875
pornography:0.45475
cancer:0.4535
reality tv:0.445
survival:0.43525
vengeance:0.43325
police:0.43175
dialogue:0.4275
psychology:0.4265
not funny:0.42325
violent:0.42025
pg-13:0.41925
better than expected:0.4185
destiny:0.41125
gothic:0.4105
best of 2005:0.39825
transformation:0.392
stupid as hell:0.384
good soundtrack:0.3795
so bad it's funny:0.37825
murder:0.3775
overrated:0.37425
police corruption:0.37425
storytelling:0.37375
nudity (full frontal - brief):0.3735
cult film:0.36175
writers:0.35925
kidnapping:0.347
goretastic:0.34525
manipulation:0.3405
shallow:0.3345
justice:0.33375
great:0.32975
tense:0.32475
stupidity:0.32375
visceral:0.32325
story:0.3145
