weed:0.98225
marijuana:0.957
stoner movie:0.95425
road trip:0.945
comedy:0.89525
funny:0.88325
hilarious:0.87275
stereotypes:0.838
sequel:0.827
very funny:0.762
social commentary:0.7505
sequels:0.737
crude humor:0.72725
original:0.7155
satire:0.70475
parody:0.70225
funny as hell:0.695
humor:0.693
good sequel:0.6505
buddy movie:0.62625
drugs:0.62525
absurd:0.624
stupid:0.61775
stupidity:0.60175
idiotic:0.59
pornography:0.5885
goofy:0.57875
funniest movies:0.56725
nudity (topless):0.55875
male nudity:0.55875
humorous:0.53125
irreverent:0.53075
gross-out:0.5305
satirical:0.49675
so bad it's funny:0.49575
unfunny:0.468
good soundtrack:0.468
notable nudity:0.4515
silly:0.4485
suprisingly clever:0.44175
dumb:0.4365
drinking:0.42825
race issues:0.4275
mentor:0.41125
adventure:0.41025
stupid as hell:0.4075
predictable:0.40575
great ending:0.40025
ridiculous:0.40025
catastrophe:0.38875
dumb but funny:0.38775
crappy sequel:0.3695
not funny:0.36375
life philosophy:0.35425
politics:0.35375
prejudice:0.34775
drug abuse:0.3455
weird:0.34525
cult classic:0.344
silly fun:0.34325
nudity (full frontal):0.3395
culture clash:0.33875
teen movie:0.33475
slapstick:0.331
dialogue:0.328
slackers:0.3255
writers:0.32525
franchise:0.31175
pg-13:0.30875
chase:0.30825
teens:0.30825
betrayal:0.3065
nudity (topless - notable):0.3065
amy smart:0.306
nudity (full frontal - notable):0.30525
nudity (full frontal - brief):0.30225
brutality:0.30175
pointless:0.296
lame:0.293
nudity:0.29125
fantasy world:0.2855
censorship:0.28225
creativity:0.28
sex comedy:0.27825
clever:0.271
storytelling:0.27075
political:0.266
bad plot:0.264
weapons:0.2635
indians:0.26275
teen:0.2625
melancholic:0.26125
great:0.25725
nerds:0.25675
fun movie:0.25625
first contact:0.255
unlikely friendships:0.254
adaptation:0.25225
story:0.25125
lone hero:0.25025
