original:0.96025
serial killer:0.94675
slasher:0.909
brutality:0.90625
gory:0.904
1980s:0.89625
remake:0.8945
bloody:0.8935
horror:0.881
insanity:0.876
violence:0.873
creepy:0.872
brutal:0.85175
splatter:0.841
gore:0.8405
cult classic:0.81625
stylish:0.81425
intense:0.798
gruesome:0.756
disturbing:0.72075
violent:0.704
visceral:0.68725
cult film:0.68075
cinematography:0.67375
nudity (topless):0.66525
murder:0.64225
psychology:0.64075
psychological:0.62025
obsession:0.60725
blood:0.6025
good soundtrack:0.597
80s:0.575
great ending:0.56575
revenge:0.56075
suspense:0.5535
grindhouse:0.54675
mental illness:0.54575
loneliness:0.54525
predictable:0.53225
reflective:0.527
hard to watch:0.52675
goretastic:0.50525
pornography:0.504
stylized:0.50275
melancholic:0.50125
remade:0.499
adaptation:0.45925
vengeance:0.45875
suspenseful:0.44975
police investigation:0.44875
storytelling:0.44
torture:0.438
not funny:0.43575
women:0.43475
tense:0.4285
interesting:0.42575
dialogue:0.424
cult:0.41575
mentor:0.39975
pointless:0.3975
original plot:0.396
1970s:0.3955
scary:0.39525
complex:0.39375
macabre:0.39225
relationships:0.39025
nudity (full frontal - notable):0.389
internet:0.389
chase:0.389
catastrophe:0.38525
neo-noir:0.38525
stereotypes:0.385
weird:0.3835
visual:0.3835
justice:0.38175
gratuitous violence:0.3795
goofy:0.3755
teens:0.374
dysfunctional family:0.37225
narrated:0.371
death:0.368
story:0.3665
allegory:0.36475
gritty:0.3605
sexualized violence:0.35675
dark:0.3555
good:0.35375
doctors:0.353
culture clash:0.35225
gay:0.34975
childhood:0.3495
kick-butt women:0.347
happy ending:0.34625
hospital:0.34425
character study:0.34
social commentary:0.33725
clever:0.33275
demons:0.3325
visually appealing:0.3325
quirky:0.33225
