music:0.921
life & death:0.91
life philosophy:0.90025
feel-good:0.89975
touching:0.86
bittersweet:0.8565
mentor:0.84875
sentimental:0.826
emotional:0.8045
disability:0.7975
musicians:0.7675
love:0.767
heartwarming:0.766
heartbreaking:0.7465
feel good movie:0.74525
loneliness:0.7445
foreign:0.713
small town:0.70225
honest:0.6855
dramatic:0.685
great acting:0.67575
solitude:0.669
reflective:0.66675
good music:0.66125
character study:0.659
catastrophe:0.6505
runaway:0.64325
beautiful scenery:0.62725
culture clash:0.62475
passionate:0.606
childhood:0.59825
artistic:0.59625
friendship:0.59425
drama:0.592
lyrical:0.5915
excellent script:0.5835
grindhouse:0.57725
melancholic:0.575
tragedy:0.575
original:0.568
australia:0.5515
depression:0.54725
oscar (best foreign language film):0.545
intimate:0.5415
earnest:0.538
criterion:0.523
unlikely friendships:0.5095
beautifully filmed:0.5095
redemption:0.50525
social commentary:0.50425
relationships:0.494
movielens top pick:0.487
good acting:0.47775
swedish:0.46925
life:0.45925
destiny:0.459
inspirational:0.44675
love story:0.43175
jesus:0.43125
suicide attempt:0.43025
allegory:0.4275
nudity (full frontal - brief):0.41975
storytelling:0.4165
courage:0.41525
self discovery:0.414
classic car:0.41025
sacrifice:0.40675
existentialism:0.4055
natural disaster:0.4055
unusual plot structure:0.40425
moving:0.39925
inspiring:0.393
creativity:0.391
bollywood:0.39075
great ending:0.3875
oscar:0.38725
harsh:0.386
suprisingly clever:0.38475
simple:0.38275
best of 2005:0.378
nostalgic:0.3745
beautiful:0.3715
story:0.37
great:0.3665
brutality:0.3655
indie:0.36175
transformation:0.3605
forceful:0.359
poignant:0.3575
musical:0.35625
humanity:0.356
good soundtrack:0.35175
finnish:0.3515
talky:0.3505
melancholy:0.35
thought-provoking:0.349
stereotypes:0.34825
compassionate:0.34825
sad:0.34625
morality:0.34525
