scifi:0.90925
science fiction:0.884
sci fi:0.8445
mad scientist:0.74
sci-fi:0.729
science:0.721
original:0.714
nuclear:0.70475
bollywood:0.68025
ethnic conflict:0.64175
unusual plot structure:0.613
monster:0.57925
melancholic:0.5605
british:0.56
criterion:0.55025
author:neil gaiman:0.4965
fantasy world:0.49625
pornography:0.492
1950s:0.46475
grindhouse:0.45475
mentor:0.453
imagination:0.4485
weapons:0.438
low budget:0.4365
tokyo:0.43025
mars:0.418
culture clash:0.4095
ironic:0.406
catastrophe:0.404
great ending:0.40325
adaptation:0.40175
goofy:0.3995
so bad it's funny:0.39775
memory:0.397
transformation:0.39625
monsters:0.39375
whimsical:0.38325
special effects:0.37725
scotland:0.376
thought-provoking:0.369
not funny:0.36675
technology:0.36375
storytelling:0.3615
pulp:0.3575
intelligent sci-fi:0.35675
life philosophy:0.3565
bad ending:0.35525
talky:0.355
doctors:0.355
brutality:0.35325
parallel universe:0.35275
dreamlike:0.3515
spiders:0.34975
wartime:0.34875
allegory:0.348
atmospheric:0.3415
predictable:0.334
atheism:0.332
macabre:0.331
death:0.329
creepy:0.3235
first contact:0.31825
finnish:0.3175
hallucinatory:0.3165
visuals:0.3115
black and white:0.3105
runaway:0.29775
japan:0.2925
wine:0.2875
surreal:0.279
giant robots:0.27775
overrated:0.27725
good:0.27525
dialogue:0.2745
biting:0.271
story:0.26975
bombs:0.26675
very good:0.26675
good soundtrack:0.2665
nudity (full frontal - brief):0.266
dreams:0.26475
loneliness:0.2645
nudity (full frontal - notable):0.26325
special:0.2625
cinematography:0.2615
life & death:0.26025
ecology:0.25975
gangsters:0.259
dysfunctional family:0.2565
mindfuck:0.25525
jesus:0.255
suprisingly clever:0.2535
photography:0.2525
entirely dialogue:0.25
artist:0.2455
scary:0.24325
period piece:0.24275
multiple storylines:0.2415
suspense:0.2405
1920s:0.23875
