indians:0.95325
sexualized violence:0.922
brutality:0.87975
true story:0.87675
revenge:0.82975
rape:0.82575
india:0.82225
intimate:0.81525
poignant:0.81325
violence:0.80575
life & death:0.8035
vengeance:0.78725
poverty:0.77425
original:0.7655
surveillance:0.76275
sad:0.761
social commentary:0.75575
oscar (best actress):0.7425
women:0.7285
life:0.72475
runaway:0.72225
hospital:0.71475
harsh:0.71275
biopic:0.71175
controversial:0.7105
emotional:0.6925
criterion:0.69125
mentor:0.67725
pornography:0.64825
compassionate:0.63925
graphic novel:0.633
culture clash:0.6265
drama:0.62325
foreign:0.60625
bollywood:0.6035
death:0.5965
violent:0.59425
touching:0.592
artistic:0.58875
oscar (best foreign language film):0.58625
dramatic:0.5805
based on book:0.57375
disturbing:0.565
betrayal:0.56325
childhood:0.5515
justice:0.54625
bittersweet:0.546
corruption:0.54125
movielens top pick:0.5385
adolescence:0.53275
melancholy:0.5295
sexuality:0.5255
gangs:0.516
loneliness:0.5145
brutal:0.51275
oscar (best directing):0.51175
male nudity:0.508
ethnic conflict:0.50725
honest:0.5045
story:0.50425
good soundtrack:0.50375
based on a book:0.495
excellent:0.48775
secrets:0.48675
redemption:0.486
heartbreaking:0.48575
small town:0.48225
great:0.482
assassination:0.47525
nudity (full frontal - brief):0.47225
vampire human love:0.47125
earnest:0.4655
prison:0.46125
adaptation:0.4565
political:0.4545
hard to watch:0.4535
storytelling:0.45125
aging:0.4495
nocturnal:0.44675
adapted from:book:0.4465
stereotypes:0.4405
beautifully filmed:0.43425
great ending:0.4335
reflective:0.42925
passionate:0.427
catastrophe:0.426
unusual plot structure:0.42425
melancholic:0.42425
enigmatic:0.4225
road movie:0.41975
bleak:0.4165
downbeat:0.41625
sexual abuse:0.40925
psychology:0.4055
sexual:0.40475
oscar (best supporting actress):0.4045
suprisingly clever:0.39925
morality:0.397
factual:0.396
friendship:0.3955
