free speech:0.992
politics:0.99175
political:0.9845
iraq war:0.94
music:0.92025
documentary:0.918
censorship:0.8765
girlie movie:0.873
original:0.86725
women:0.86675
musicians:0.85825
world politics:0.85275
london:0.846
president:0.8055
corruption:0.801
interesting:0.79375
good soundtrack:0.75425
greed:0.7175
idealism:0.71025
propaganda:0.70575
pg-13:0.69475
intense:0.6895
terrorism:0.686
intimate:0.67775
radio:0.6635
oil:0.66275
oscar (best actress):0.6505
powerful ending:0.6495
honest:0.6495
social commentary:0.64625
iraq:0.6455
canada:0.645
freedom:0.64075
complex:0.6395
affectionate:0.6355
clever:0.63475
potential oscar nom:0.6345
excellent script:0.626
destiny:0.617
islam:0.614
fun movie:0.61175
courage:0.60175
controversial:0.6005
bittersweet:0.60025
good:0.5995
mentor:0.5895
culture clash:0.58875
very interesting:0.588
business:0.58725
pornography:0.58525
oscar (best music - original song):0.58525
love story:0.584
texas:0.58125
hip hop:0.5775
death:0.5755
revolution:0.574
light:0.5715
family:0.56925
ethnic conflict:0.5645
artistic:0.5625
sacrifice:0.55825
suspense:0.5495
great movie:0.54825
foreign:0.544
oscar (best directing):0.543
oscar (best supporting actress):0.53925
great ending:0.5385
capitalism:0.5385
best of 2005:0.53575
life & death:0.533
romantic:0.5205
runaway:0.51525
catastrophe:0.5105
male nudity:0.509
very good:0.507
conspiracy:0.50225
realistic:0.49675
unusual plot structure:0.496
brainwashing:0.495
entertaining:0.49225
artist:0.492
history:0.48925
good music:0.488
good acting:0.48775
feel-good:0.48625
highly quotable:0.4845
tragedy:0.484
adapted from:book:0.47975
feel good movie:0.47775
dramatic:0.47475
based on book:0.47475
vengeance:0.4665
enigmatic:0.45425
movielens top pick:0.45325
great:0.45275
war:0.45075
touching:0.4505
assassination:0.44725
oscar winner:0.44525
betrayal:0.4445
