golden palm:0.99175
criterion:0.98725
rebellion:0.95625
surrealism:0.91525
allegory:0.913
surreal:0.90325
boarding school:0.87325
social commentary:0.8375
violent:0.83225
satire:0.82325
enigmatic:0.817
black and white:0.81375
original:0.76175
school:0.744
england:0.73975
good soundtrack:0.731
adolescence:0.73025
satirical:0.72675
weird:0.7215
brutality:0.6955
runaway:0.69225
talky:0.68475
childhood:0.67925
cult film:0.6765
reflective:0.6755
british:0.66875
violence:0.66825
loneliness:0.661
harsh:0.66
imdb top 250:0.65875
existentialism:0.64875
1960s:0.6345
brainwashing:0.6315
narrated:0.62275
masterpiece:0.61925
absurd:0.60775
bullying:0.607
melancholic:0.60175
disturbing:0.6005
stylized:0.59625
cerebral:0.596
mentor:0.59575
storytelling:0.592
cult classic:0.5905
dystopia:0.58725
dialogue:0.57775
bleak:0.57175
grim:0.5635
colourful:0.5525
drinking:0.5425
unusual plot structure:0.5385
controversial:0.53575
dreams:0.531
dreamlike:0.5305
atmospheric:0.52875
great ending:0.5215
censorship:0.51
suprisingly clever:0.50925
teacher:0.50875
weapons:0.505
vengeance:0.5025
brutal:0.4965
distopia:0.49375
downbeat:0.49075
complex:0.489
insanity:0.4855
imagination:0.479
movielens top pick:0.47675
forceful:0.4745
friendship:0.4715
melancholy:0.4685
fantasy:0.45825
visually appealing:0.45775
cynical:0.457
ironic:0.45575
nocturnal:0.448
pornography:0.4455
culture clash:0.443
adaptation:0.44025
sexual:0.432
sexualized violence:0.432
gunfight:0.42575
confrontational:0.42575
fantasy world:0.42375
unlikely friendships:0.42175
art:0.4205
surveillance:0.42025
moral ambiguity:0.41975
catastrophe:0.419
psychology:0.41575
cinematography:0.4145
educational:0.41375
oscar (best supporting actress):0.41275
visceral:0.412
motorcycle:0.411
morality:0.40775
male nudity:0.40525
classic:0.405
oscar (best foreign language film):0.40375
teenager:0.40125
