terminal illness:0.985
death:0.9795
doctors:0.96425
suicide:0.956
life & death:0.92625
eccentricity:0.91825
biopic:0.90275
genocide:0.894
biography:0.884
true story:0.88025
cancer:0.86075
based on a true story:0.8565
original:0.84725
compassionate:0.84075
mentor:0.80575
great acting:0.8055
dramatic:0.80125
interesting:0.788
oscar (best actress):0.77475
cerebral:0.758
oscar (best directing):0.73975
depression:0.73725
philosophy:0.73675
greed:0.7215
passionate:0.7145
drama:0.71075
social commentary:0.70575
great ending:0.70125
good acting:0.6945
great movie:0.69125
loneliness:0.68925
imdb top 250:0.68875
oscar winner:0.6815
talky:0.6775
obsession:0.67125
corruption:0.66675
runaway:0.66625
excellent script:0.66075
hospital:0.66025
touching:0.65825
very interesting:0.65825
based on true story:0.657
oscar (best supporting actress):0.655
emotional:0.6515
relationships:0.63775
pornography:0.63675
complex:0.631
homeless:0.6285
great:0.627
tragedy:0.6235
bittersweet:0.62075
poignant:0.62
manipulation:0.61975
cinematography:0.61825
biographical:0.61575
meditative:0.611
story:0.60575
drinking:0.604
segregation:0.60225
grim:0.59875
heartbreaking:0.59725
controversial:0.5915
enigmatic:0.5905
oscar:0.57625
storytelling:0.57475
reflective:0.5635
life:0.55975
childhood:0.55975
intellectual:0.5595
good soundtrack:0.55775
aids:0.5535
intense:0.54975
suicide attempt:0.543
good:0.5415
earnest:0.5405
redemption:0.53925
unusual plot structure:0.538
movielens top pick:0.53775
powerful ending:0.53575
witty:0.52375
nudity (topless - notable):0.52125
politics:0.51875
sacrifice:0.51675
idealism:0.5165
mental illness:0.514
oscar (best actor):0.5125
clever:0.51
honest:0.50875
survival:0.50775
dark:0.50425
depressing:0.5035
exceptional acting:0.50225
california:0.4995
melancholic:0.49375
gunfight:0.493
courtroom:0.48475
feel-good:0.48375
bleak:0.483
downbeat:0.482
lawyer:0.4815
