series:0.781
original:0.661
drinking:0.63075
brutality:0.61325
hilarious:0.4695
suprisingly clever:0.42875
catastrophe:0.42375
pornography:0.4225
criterion:0.41625
golden palm:0.41325
franchise:0.406
dialogue:0.39725
storytelling:0.38775
vengeance:0.3735
enigmatic:0.3715
ensemble cast:0.36925
canada:0.36775
nudity (full frontal - brief):0.365
male nudity:0.35425
sexualized violence:0.34975
great:0.34225
cult classic:0.33875
adaptation:0.331
writers:0.32775
not funny:0.321
very funny:0.31025
mentor:0.30775
sarcasm:0.299
crude humor:0.29875
quotable:0.2985
irreverent:0.2945
firefly:0.294
entirely dialogue:0.29375
great ending:0.2935
brutal:0.27725
stylish:0.27475
good soundtrack:0.269
runaway:0.26475
talky:0.26225
weapons:0.261
dumb but funny:0.257
multiple storylines:0.25425
good:0.25425
bloody:0.25225
tokyo:0.24325
affectionate:0.24275
creativity:0.24125
police investigation:0.2405
highly quotable:0.239
cult film:0.23875
unusual plot structure:0.2345
disturbing:0.231
honest:0.227
comic:0.2255
parallel universe:0.2255
immortality:0.2235
alter ego:0.223
slapstick:0.22225
stylized:0.22225
first contact:0.22175
splatter:0.22175
kick-butt women:0.21725
romance:0.2155
dark hero:0.21475
twists & turns:0.21475
life philosophy:0.214
visually appealing:0.2095
fight scenes:0.20825
fantasy world:0.208
intimate:0.2075
story:0.2035
lone hero:0.2015
awesome soundtrack:0.198
violent:0.19575
nostalgic:0.195
culture clash:0.1935
art:0.19175
good dialogue:0.18975
dysfunctional family:0.18775
blood:0.1865
social commentary:0.1845
movielens top pick:0.18275
melancholic:0.1825
interesting:0.182
oscar (best foreign language film):0.18025
redemption:0.17925
cerebral:0.179
gangsters:0.179
unfunny:0.17875
puppets:0.178
view askew:0.1765
allegory:0.175
clever:0.1745
bad plot:0.17275
prison:0.1725
underrated:0.1725
overrated:0.171
harsh:0.17
dreamlike:0.16975
nocturnal:0.16875
