glbt:0.9995
gay character:0.9915
transgender:0.98975
lesbian:0.98875
gay:0.9815
queer:0.97275
sexuality:0.93375
love story:0.917
pornography:0.905
homophobia:0.8965
relationships:0.8955
women:0.8955
sexual:0.89275
stereotypes:0.884
homosexuality:0.85725
censorship:0.85475
sexy:0.84475
romance:0.8055
love:0.78375
erotic:0.77525
good soundtrack:0.755
romantic:0.74975
canada:0.714
sex:0.68925
original:0.66225
male nudity:0.66175
passionate:0.6505
nudity (topless - notable):0.64225
great ending:0.609
romantic comedy:0.60675
great:0.5885
dialogue:0.58825
awesome soundtrack:0.587
girlie movie:0.57425
story:0.5675
coming of age:0.55975
divorce:0.55325
intimate:0.54775
unlikely friendships:0.54125
very interesting:0.54075
fun movie:0.54
obsession:0.5165
aids:0.5045
teen:0.493
mentor:0.4865
sweet:0.47875
friendship:0.47225
artist:0.4555
good romantic comedies:0.45325
culture clash:0.4515
feel-good:0.444
bdsm:0.44225
coming-of-age:0.4415
chick flick:0.42425
teen movie:0.422
independent film:0.41975
nudity (full frontal - brief):0.41175
interracial romance:0.4105
catastrophe:0.41
good:0.409
melancholic:0.4065
dysfunctional family:0.4055
pg-13:0.401
prejudice:0.3985
nudity (full frontal - notable):0.39725
writers:0.39425
brutality:0.39075
fight scenes:0.3865
social commentary:0.3825
entirely dialogue:0.38075
runaway:0.37625
psychiatry:0.3755
criterion:0.37375
quirky:0.3715
books:0.3645
notable nudity:0.36425
very good:0.359
predictable:0.358
classic car:0.35725
intense:0.35575
loneliness:0.3525
screwball:0.34875
very funny:0.34375
life philosophy:0.3425
bittersweet:0.3375
cheerleading:0.33575
drinking:0.3325
death:0.33225
betrayal:0.3295
skinhead:0.32925
funny:0.3275
visually appealing:0.327
vengeance:0.32575
depression:0.325
nudity:0.3245
dramatic:0.32375
sexualized violence:0.319
affectionate:0.317
good acting:0.31625
graphic novel:0.316
