tense:0.99075
kidnapping:0.98
thriller:0.93075
suspenseful:0.9125
action:0.9105
intense:0.9045
drama:0.89225
conspiracy theory:0.88825
suspense:0.883
vengeance:0.88125
chase:0.872
twists & turns:0.85925
good action:0.82325
great acting:0.80875
good:0.80775
good acting:0.77825
corruption:0.772
catastrophe:0.75425
fast paced:0.733
mentor:0.73125
plot twist:0.723
revenge:0.72275
plot:0.72025
conspiracy:0.717
happy ending:0.7005
action packed:0.66175
realistic action:0.6565
police investigation:0.65425
exciting:0.651
psychological:0.6455
parenthood:0.643
big budget:0.64275
runaway:0.63925
original:0.639
vigilante:0.62675
betrayal:0.62275
police corruption:0.6185
secrets:0.59825
great:0.5955
excellent:0.5895
greed:0.5805
great ending:0.57975
excellent script:0.56875
great movie:0.567
oscar winner:0.566
interesting:0.55425
natural disaster:0.55025
very good:0.5475
pg-13:0.546
twist:0.5435
dramatic:0.54125
story:0.5325
plot holes:0.5305
predictable:0.5295
manipulation:0.5275
murder:0.524
lone hero:0.5195
dialogue:0.51625
car chase:0.51025
detective:0.5095
crime:0.49575
tom clancy:0.49075
family:0.48975
girlie movie:0.48825
first contact:0.4865
justice:0.48375
surveillance:0.47725
identity:0.462
secret service:0.46175
hostage:0.44875
entertaining:0.448
forceful:0.447
business:0.445
divorce:0.44475
oscar:0.4435
underrated:0.4415
twist ending:0.439
psychology:0.436
destiny:0.435
exceptional acting:0.43425
clever:0.43325
better than expected:0.4285
fun movie:0.423
fbi:0.42175
lawyer:0.42025
nudity (full frontal - brief):0.4185
single father:0.40425
investigation:0.40025
not funny:0.3975
culture clash:0.39625
spying:0.38125
redemption:0.3765
internet:0.3735
family drama:0.367
unusual plot structure:0.36325
assassination:0.3625
vigilantism:0.3585
unfunny:0.358
storytelling:0.35725
gangsters:0.3555
