horror:0.991
splatter:0.984
snakes:0.9805
based on a video game:0.9785
slasher:0.94
zombie:0.93375
predictable:0.91725
teen movie:0.907
voodoo:0.90625
teens:0.90475
lame:0.89075
idiotic:0.888
supernatural:0.87325
original:0.863
gory:0.83725
computer game:0.836
so bad it's funny:0.83025
death:0.82925
teen:0.82725
survival:0.8065
blood:0.757
goofy:0.7435
great ending:0.74225
gore:0.73725
horrible:0.73725
suspense:0.733
80s:0.7275
scary:0.726
chase:0.70675
monster:0.701
gay character:0.691
pointless:0.67125
bad acting:0.66725
serial killer:0.65875
pg-13:0.6555
good soundtrack:0.64875
bad plot:0.6485
sexualized violence:0.64525
stupid:0.642
stupid as hell:0.6295
fun movie:0.62425
stereotypes:0.62375
cheesy:0.61875
good:0.61375
creepy:0.6125
cult film:0.6095
remake:0.60775
shallow:0.6055
goretastic:0.605
demons:0.5965
bad cgi:0.5915
action:0.588
bad:0.5825
violence:0.576
special effects:0.5705
catastrophe:0.5685
silly:0.561
camp:0.561
disaster:0.5545
entertaining:0.554
murder:0.5405
bloody:0.54025
fun:0.53375
life & death:0.53075
nudity (full frontal - brief):0.52975
campy:0.5295
small town:0.5265
story:0.52575
mentor:0.5245
dumb:0.51475
family:0.50925
apocalypse:0.50225
brutality:0.496
plot holes:0.4845
franchise:0.48425
stupidity:0.48175
suspenseful:0.47875
adaptation:0.47575
unintentionally funny:0.46775
revenge:0.4655
cult:0.4645
new orleans:0.4615
life philosophy:0.45825
crappy sequel:0.45575
twist:0.4525
natural disaster:0.44375
nudity:0.443
not as good as the first:0.44
brutal:0.43525
not funny:0.43275
overrated:0.42825
cool:0.4265
big budget:0.42225
so bad it's good:0.422
monsters:0.42075
cult classic:0.41625
nudity (topless - notable):0.41625
dialogue:0.414
cars:0.414
low budget:0.41325
