scifi:0.97425
science fiction:0.9655
sci fi:0.9425
end of the world:0.9305
sci-fi:0.88725
bombs:0.8745
science:0.799
space:0.797
natural disaster:0.7935
cerebral:0.7855
light:0.77725
unusual plot structure:0.777
great ending:0.758
dialogue:0.74225
special effects:0.74175
original:0.70775
solitude:0.69125
nuclear:0.68875
effects:0.6785
paranoid:0.67775
story:0.67475
enigmatic:0.6715
storytelling:0.66625
visual:0.663
cold war:0.65825
cinematography:0.63475
criterion:0.63425
london:0.63125
mentor:0.63125
first contact:0.61125
weapons:0.6105
atmospheric:0.60925
paranoia:0.6075
alone in the world:0.6035
destiny:0.58025
visually appealing:0.57125
catastrophe:0.5685
claustrophobic:0.568
great movie:0.5565
clever:0.54325
talky:0.54075
character study:0.5395
imdb top 250:0.5375
drama:0.5355
suprisingly clever:0.53025
plot:0.52525
greed:0.52525
disaster:0.51575
allegory:0.512
existentialism:0.50825
entirely dialogue:0.501
black and white:0.493
fantasy world:0.4905
nuclear bomb:0.48775
complex:0.4755
mindfuck:0.474
dramatic:0.44725
ominous:0.4435
twists & turns:0.43925
space travel:0.4285
downbeat:0.42825
gunfight:0.428
philosophical:0.42725
breathtaking:0.4215
classic:0.4205
visually stunning:0.4145
intelligent:0.4125
british:0.408
art:0.40375
desert:0.40175
mars:0.3995
future:0.3975
pulp:0.39475
secrets:0.394
interesting:0.3905
good soundtrack:0.377
idealism:0.377
great acting:0.37375
suspense:0.3735
exceptional acting:0.37175
scenic:0.36775
social commentary:0.3665
forceful:0.3645
futuristic:0.363
not funny:0.36275
gritty:0.3595
imagination:0.3555
golden palm:0.3555
humanity:0.35425
technology:0.352
fast paced:0.35075
beautifully filmed:0.34775
1950s:0.34325
crime gone awry:0.343
excellent script:0.337
disturbing:0.33325
witty:0.33175
silly:0.33125
utopia:0.3305
great:0.32975
