meditative:0.99625
amazing cinematography:0.976
imdb top 250:0.95275
coming of age:0.93525
reflective:0.93425
beautifully filmed:0.9235
mentor:0.9205
life & death:0.916
loneliness:0.91275
life:0.90575
scenic:0.897
compassionate:0.89575
visual:0.8935
cinematography:0.884
bittersweet:0.87025
storytelling:0.86825
enigmatic:0.86375
masterpiece:0.85775
childhood:0.85675
isolation:0.85575
adolescence:0.85325
melancholic:0.85325
philosophy:0.83525
redemption:0.83325
original:0.82425
destiny:0.82425
culture clash:0.81025
visually appealing:0.81025
breathtaking:0.80025
criterion:0.799
visually stunning:0.79775
allegory:0.793
golden palm:0.79075
narrated:0.79
poignant:0.78675
solitude:0.77375
foreign:0.76275
social commentary:0.7615
good soundtrack:0.75675
harsh:0.755
complex:0.73525
oscar (best foreign language film):0.73475
snakes:0.73425
nature:0.73425
philosophical:0.72475
oscar (best directing):0.72125
stunning:0.72075
idealism:0.7205
existentialism:0.71775
lyrical:0.71225
talky:0.70925
intimate:0.702
cerebral:0.69625
tragedy:0.69525
melancholy:0.69325
beautiful:0.69275
great ending:0.68575
atmospheric:0.68425
brutality:0.6835
runaway:0.6795
art:0.67675
bleak:0.65925
suprisingly clever:0.65675
character study:0.641
amazing photography:0.63975
emotional:0.6385
drama:0.6325
dialogue:0.63075
slow paced:0.62825
touching:0.62675
oscar (best actress):0.6265
thought-provoking:0.623
affectionate:0.6185
religion:0.6145
beautiful scenery:0.6145
coming-of-age:0.6145
interesting:0.614
excellent script:0.61225
weird:0.611
forceful:0.6075
stylized:0.60075
story:0.59875
photography:0.59425
downbeat:0.59125
imagination:0.59075
simple:0.5905
obsession:0.586
life philosophy:0.582
great acting:0.5795
greed:0.57425
movielens top pick:0.573
vengeance:0.565
disturbing:0.56325
artistic:0.563
guilt:0.55975
humanity:0.55525
intense:0.55375
art house:0.548
unlikely friendships:0.5455
morality:0.5455
