teacher:0.9545
documentary:0.936
educational:0.93025
segregation:0.914
social commentary:0.8985
school:0.89025
mentor:0.81925
kids and family:0.80975
original:0.787
children:0.775
political corruption:0.75525
math:0.73725
interesting:0.7265
good:0.7235
earnest:0.7185
childhood:0.70875
corruption:0.6845
politics:0.684
kids:0.68075
runaway:0.6755
intense:0.65875
vengeance:0.658
heartbreaking:0.653
pg-13:0.65275
factual:0.65225
destiny:0.6315
very interesting:0.62425
canada:0.6005
good soundtrack:0.596
honest:0.59
internet:0.57525
friendship:0.56525
unlikely friendships:0.56225
prejudice:0.56225
great ending:0.56125
inspirational:0.55975
bullying:0.556
propaganda:0.55325
chase:0.5455
harsh:0.54425
greed:0.528
based on book:0.52425
touching:0.518
pornography:0.5175
excellent script:0.51725
justice:0.51575
poverty:0.5035
dramatic:0.503
story:0.50275
adapted from:book:0.4935
oscar (best directing):0.49125
gangs:0.49025
political:0.486
homeless:0.484
amazing photography:0.4795
boarding school:0.4795
spelling bee:0.4715
conspiracy:0.47
inspiring:0.46925
based on a book:0.46775
light:0.46575
catastrophe:0.4655
great:0.46425
movielens top pick:0.463
death:0.4625
police investigation:0.4615
realistic:0.4555
emotional:0.454
california:0.45275
foreign:0.45175
dialogue:0.44925
complex:0.44825
original plot:0.44175
great acting:0.441
drama:0.43925
family:0.437
suspense:0.43425
sentimental:0.433
adaptation:0.4325
feel-good:0.43075
storytelling:0.42825
happy ending:0.41925
sad:0.41875
good acting:0.4185
unusual plot structure:0.415
thought-provoking:0.4135
fantasy world:0.41125
narrated:0.41025
very good:0.40825
oscar:0.408
new york city:0.40775
sexualized violence:0.406
life philosophy:0.40525
competition:0.40125
redemption:0.4005
criterion:0.39875
oscar winner:0.39825
entertaining:0.397
capitalism:0.39375
race:0.38725
