girlie movie:0.97
romantic comedy:0.959
chick flick:0.95575
women:0.93625
comedy:0.88975
horrible:0.86625
amy smart:0.86125
view askew:0.861
sexy:0.84425
dumb but funny:0.79925
san francisco:0.73575
silly:0.71275
teen movie:0.70725
funny:0.67625
predictable:0.66875
original:0.637
pg-13:0.633
pornography:0.61475
happy ending:0.59875
so bad it's funny:0.5855
lame:0.58475
shallow:0.57725
pointless:0.5475
idiotic:0.529
unfunny:0.527
crude humor:0.52525
stupid:0.5225
very funny:0.5205
sex comedy:0.52025
catastrophe:0.518
teen:0.5085
fun movie:0.5045
dumb:0.49925
sex:0.485
romantic:0.46325
dialogue:0.4625
stereotypes:0.4505
stupidity:0.44975
mentor:0.44625
wedding:0.443
storytelling:0.4135
great ending:0.40825
good soundtrack:0.4045
notable nudity:0.4025
bad plot:0.39825
hilarious:0.39475
road trip:0.39075
sexual:0.389
runaway:0.382
bad:0.38025
better than expected:0.3685
teens:0.36825
awful:0.367
romance:0.36375
destiny:0.3585
erotic:0.3565
humorous:0.3535
nudity (topless - notable):0.346
nudity (full frontal - brief):0.34525
overrated:0.3395
family:0.337
shopping:0.33625
absurd:0.331
life philosophy:0.3245
writers:0.324
unlikely friendships:0.32225
cute!:0.32025
culture clash:0.31825
plot:0.3165
feel-good:0.3165
cute:0.31525
adaptation:0.31175
fun:0.3115
slapstick:0.31
first contact:0.308
gross-out:0.30525
police investigation:0.3045
not funny:0.30425
stupid as hell:0.30125
fantasy world:0.298
great:0.2935
brutality:0.29
fight scenes:0.28725
love story:0.28575
good:0.28125
bad acting:0.2795
entirely dialogue:0.27725
camp:0.274
light:0.273
friendship:0.271
bad script:0.27
redemption:0.27
whimsical:0.26925
relationships:0.26775
high school:0.26525
guilty pleasure:0.2645
quirky:0.2615
chase:0.26
ridiculous:0.25475
silly fun:0.25175
