visually appealing:0.93225
art house:0.83225
brutality:0.80275
enigmatic:0.7995
cinematography:0.79425
violence:0.793
allegory:0.7535
existentialism:0.752
meditative:0.7355
visual:0.73525
original:0.7005
life & death:0.69225
mythology:0.685
visceral:0.675
visually stunning:0.66025
pointless:0.6415
artsy:0.63925
weird:0.627
melancholic:0.62
storytelling:0.616
first contact:0.59975
beautiful scenery:0.598
sacrifice:0.58725
slow paced:0.58025
stylized:0.58
dialogue:0.57325
bloody:0.56875
surreal:0.56225
art:0.55325
stunning:0.54925
god:0.54675
weapons:0.5385
harsh:0.51975
brutal:0.51925
violent:0.50825
breathtaking:0.502
cerebral:0.498
scenic:0.49325
non-linear:0.4905
vengeance:0.478
slow:0.47525
absurd:0.47125
pretentious:0.46925
prison escape:0.45775
psychological:0.45325
strange:0.44875
artistic:0.44425
runaway:0.44025
entirely dialogue:0.43925
awesome soundtrack:0.43775
bleak:0.4305
grindhouse:0.41875
destiny:0.41775
dreamlike:0.4175
paranoid:0.41475
death:0.41275
mentor:0.41
catastrophe:0.403
religion:0.401
great ending:0.39625
solitude:0.3935
visuals:0.39125
so bad it's funny:0.38375
beautifully filmed:0.37975
redemption:0.3775
indians:0.372
christianity:0.36725
intense:0.364
unusual plot structure:0.3595
fight scenes:0.35575
mindfuck:0.35225
story:0.352
claustrophobic:0.3485
good soundtrack:0.34475
boat:0.34175
not funny:0.33925
atmospheric:0.3375
great cinematography:0.337
creativity:0.33075
boring:0.32875
reflective:0.3265
nonlinear:0.32225
masterpiece:0.321
criterion:0.31725
suspense:0.30825
nudity (full frontal - notable):0.30775
complex:0.3065
afterlife:0.30425
islam:0.30325
pulp:0.30225
wilderness:0.29975
greed:0.295
quirky:0.29325
pornography:0.29075
sci fi:0.29025
lynch:0.28825
philosophical:0.2865
classic car:0.27925
cult film:0.2785
loneliness:0.278
