witch:0.98825
witches:0.984
halloween:0.97575
childhood:0.90125
fun movie:0.85075
children:0.84175
kids:0.78225
fun:0.7655
sisters:0.739
family:0.6995
original:0.6695
magic:0.6555
cute!:0.612
great:0.60725
disney:0.59025
immortality:0.55725
cute:0.54925
kids and family:0.5255
bullying:0.46575
supernatural:0.4565
fairy tale:0.44625
fantasy:0.44425
good:0.439
light:0.432
catastrophe:0.4155
teen movie:0.41525
mentor:0.4045
adventure:0.403
happy ending:0.3995
sweet:0.392
fantasy world:0.38875
predictable:0.3825
so bad it's funny:0.38075
silly fun:0.35725
scary:0.35625
not funny:0.34725
great ending:0.34575
feel-good:0.34475
camp:0.34325
entertaining:0.34125
life philosophy:0.33475
destiny:0.33025
love:0.3215
dialogue:0.31775
dumb but funny:0.31725
special effects:0.31675
very funny:0.31425
transformation:0.31325
virginity:0.3075
storytelling:0.3045
comedy:0.301
teen:0.288
story:0.2865
death:0.28125
feel good movie:0.28025
great movie:0.2795
bad plot:0.27425
first contact:0.27275
mad scientist:0.27025
adaptation:0.266
women:0.2655
brutality:0.26475
lone hero:0.261
great acting:0.2605
runaway:0.2575
campy:0.25575
good soundtrack:0.2505
cheesy:0.2475
culture clash:0.246
sexy:0.24025
dreamlike:0.23875
fight scenes:0.23875
girlie movie:0.2285
cult film:0.2265
entirely dialogue:0.22525
redemption:0.2245
pg:0.22175
silly:0.2215
holiday:0.2215
nostalgic:0.22025
natural disaster:0.21775
eerie:0.21725
weird:0.21475
unfunny:0.214
zombie:0.213
oscar winner:0.21025
pornography:0.20975
chase:0.208
melancholic:0.20625
overrated:0.2045
goofy:0.20275
revenge:0.20075
vengeance:0.20025
goth:0.19975
stereotypes:0.1995
whimsical:0.1995
adapted from:book:0.1995
dysfunctional family:0.19825
classic:0.19575
police investigation:0.19175
