so bad it's funny:0.79475
dialogue:0.777
weird:0.729
original:0.727
off-beat comedy:0.7045
quirky:0.69525
1930s:0.642
music:0.609
whimsical:0.6085
parody:0.58475
independent film:0.54775
good soundtrack:0.542
spoof:0.53825
farce:0.52775
nostalgic:0.527
visually appealing:0.51725
fun:0.49975
absurd:0.49425
jazz:0.4895
clever:0.485
entirely dialogue:0.48425
cult classic:0.4795
fantasy world:0.47525
light:0.46875
gangsters:0.46825
great ending:0.4635
talky:0.46325
melancholic:0.46075
drama:0.46
pg-13:0.45775
great:0.45475
creativity:0.45125
catastrophe:0.44475
1920s:0.438
plot twist:0.437
story:0.434
existentialism:0.42975
visual:0.4295
mentor:0.42875
hilarious:0.4275
criterion:0.42
vengeance:0.41975
pornography:0.4125
dark humor:0.40875
fun movie:0.40575
musical:0.40075
grindhouse:0.3995
surreal:0.39425
narrated:0.39175
social commentary:0.39025
goofy:0.38825
chase:0.3875
screwball comedy:0.385
stylized:0.3825
feel-good:0.37725
black and white:0.37675
awesome soundtrack:0.37425
screwball:0.373
very funny:0.3725
distopia:0.37075
cult film:0.36825
storytelling:0.36575
musicians:0.35425
nudity (full frontal - brief):0.354
80s:0.34975
visually stunning:0.34325
satirical:0.3425
cerebral:0.3385
adaptation:0.33825
destiny:0.335
brutality:0.3345
funny as hell:0.333
crime gone awry:0.3325
predictable:0.332
unlikely friendships:0.329
witty:0.32875
bollywood:0.31825
death:0.31775
underrated:0.3175
funny:0.31175
quotable:0.3105
stylish:0.30825
loneliness:0.306
enormously long battle scene:0.30475
cinematography:0.30325
entertaining:0.30225
justice:0.30075
life philosophy:0.298
fight scenes:0.297
satire:0.29675
comedy:0.29325
mindfuck:0.29025
not funny:0.2895
weapons:0.28775
oscar (best directing):0.287
hip hop:0.286
black comedy:0.2835
gay:0.2835
humorous:0.2795
unusual plot structure:0.27925
