splatter:0.99275
zombies:0.9855
zombie:0.97275
creepy:0.96275
gory:0.95925
horror:0.95825
gruesome:0.9515
cult classic:0.91725
voodoo:0.9165
grindhouse:0.874
visceral:0.832
mad scientist:0.8075
low budget:0.792
cult film:0.7675
atmospheric:0.75425
brutality:0.7265
ominous:0.72625
apocalypse:0.71775
gore:0.702
weird:0.6985
blood:0.69075
original:0.66925
scary:0.665
claustrophobic:0.6465
grim:0.635
bloody:0.63225
macabre:0.609
cannibalism:0.60325
harsh:0.59425
cult:0.577
tense:0.5635
eerie:0.5505
nudity (full frontal - notable):0.543
effects:0.53775
demons:0.53075
so bad it's funny:0.52475
social commentary:0.521
island:0.51925
good soundtrack:0.50475
transformation:0.50275
italian:0.499
monster:0.49375
nudity (topless - notable):0.4805
downbeat:0.4695
nocturnal:0.469
disturbing:0.46025
goretastic:0.456
criterion:0.44875
afi 100 (movie quotes):0.44675
mentor:0.4335
great ending:0.41425
dialogue:0.40875
campy:0.4075
catastrophe:0.402
camp:0.40025
shark:0.3945
frightening:0.3945
hospital:0.39175
brutal:0.3905
supernatural:0.38875
finnish:0.3785
doctors:0.3695
dark humor:0.36625
overrated:0.35675
goofy:0.35425
insanity:0.35125
violence:0.35
paranoid:0.34525
not funny:0.343
great:0.33925
classic:0.33425
life & death:0.3335
adaptation:0.329
runaway:0.3235
entirely dialogue:0.313
gothic:0.311
enigmatic:0.3105
biting:0.30925
80s:0.30775
special effects:0.30525
melancholic:0.3045
slasher:0.3
violent:0.297
virus:0.2925
nudity:0.28575
survival:0.28525
creativity:0.28375
masterpiece:0.28
hotel:0.27375
death:0.27
monsters:0.26675
storytelling:0.26575
satirical:0.26575
cinematography:0.26
haunted house:0.25875
visually appealing:0.2575
imdb top 250:0.25425
pornography:0.25325
weapons:0.25325
suspense:0.2505
