kids:0.97775
children:0.954
kids and family:0.87825
family:0.86075
fun:0.83
adapted from:comic:0.82725
childhood:0.82525
cute!:0.7395
original:0.73725
predictable:0.6695
fun movie:0.61125
cartoon:0.589
cute:0.553
mentor:0.53975
good:0.53675
whimsical:0.5325
silly fun:0.499
teen movie:0.493
spying:0.48725
comedy:0.481
bad plot:0.4735
unlikely friendships:0.46075
adolescence:0.4425
slapstick:0.43625
destiny:0.429
entertaining:0.4255
great ending:0.4225
so bad it's funny:0.409
shallow:0.405
runaway:0.39925
silly:0.395
adaptation:0.3935
catastrophe:0.38725
not funny:0.38475
overrated:0.3845
great:0.3815
fantasy world:0.379
friendship:0.37525
weapons:0.37175
story:0.3635
first contact:0.359
storytelling:0.35
money:0.35
feel-good:0.3405
bullying:0.339
dialogue:0.33275
gangsters:0.331
bad:0.32925
action:0.327
unfunny:0.32675
feel good movie:0.32275
death:0.321
adoption:0.319
light:0.31875
life philosophy:0.318
single father:0.31075
violence:0.31
brutality:0.3095
fight scenes:0.30825
stereotypes:0.308
lone hero:0.30175
pg-13:0.2945
comics:0.2935
stupid:0.293
natural disaster:0.29125
vengeance:0.2905
special effects:0.2905
chase:0.29025
adventure:0.2895
sports:0.288
toys:0.28675
culture clash:0.2865
horrible:0.28625
greed:0.2855
very funny:0.281
happy ending:0.27075
melancholic:0.26975
big budget:0.2665
pornography:0.26625
goofy:0.263
good soundtrack:0.26275
cult film:0.261
humorous:0.25875
betrayal:0.258
redemption:0.25425
franchise:0.2535
clever:0.25275
justice:0.2495
bad cgi:0.249
complex:0.24775
alter ego:0.2465
visually stunning:0.24475
disaster:0.24475
entirely dialogue:0.24425
suspense:0.2435
animals:0.24325
imdb top 250:0.242
spelling bee:0.23875
teacher:0.23675
identity:0.2365
