small town:0.9695
loneliness:0.9625
bleak:0.96
criterion:0.91175
downbeat:0.9065
melancholic:0.89875
isolation:0.896
cinematography:0.889
allegory:0.869
meditative:0.8615
reflective:0.8595
depression:0.85775
solitude:0.85225
coming of age:0.84675
intimate:0.84
harsh:0.8165
talky:0.7925
enigmatic:0.78875
depressing:0.78675
beautifully filmed:0.781
mentor:0.781
melancholy:0.777
coming-of-age:0.77375
bittersweet:0.75925
dreams:0.75775
social commentary:0.75425
drinking:0.74875
good soundtrack:0.7395
weird:0.69975
destiny:0.69375
quirky:0.6915
natural disaster:0.68275
original:0.67825
slow paced:0.6645
life & death:0.6635
rebellion:0.6625
love:0.65975
drama:0.6595
golden palm:0.656
life philosophy:0.65275
touching:0.65275
foreign:0.652
adolescence:0.64225
existentialism:0.63125
childhood:0.62725
realistic:0.617
life:0.61625
deadpan:0.615
visually appealing:0.60575
storytelling:0.602
movielens top pick:0.6015
oscar (best foreign language film):0.59575
emotional:0.59525
breathtaking:0.59025
eccentricity:0.5815
surreal:0.57775
great acting:0.57275
vengeance:0.56875
culture clash:0.5675
friendship:0.5655
dark humor:0.56475
school:0.558
teenager:0.554
unlikely friendships:0.55375
great ending:0.54875
teacher:0.54575
relationships:0.54325
narrated:0.54175
math:0.53625
absurd:0.5355
creativity:0.528
death:0.5255
very interesting:0.52025
classic car:0.51625
runaway:0.5085
nudity (full frontal - notable):0.504
poetry:0.50275
complex:0.5005
artsy:0.49925
pornography:0.49025
redemption:0.49
honest:0.48975
slow:0.481
beautiful:0.47525
visual:0.4665
feel-good:0.4655
stylized:0.44625
brutality:0.446
cerebral:0.44275
suprisingly clever:0.44075
complex characters:0.43775
road movie:0.437
suicide attempt:0.421
catastrophe:0.41875
nostalgic:0.41875
dark comedy:0.418
visually stunning:0.40775
segregation:0.407
grim:0.4025
male nudity:0.40125
