women:0.9325
censorship:0.91
poland:0.831
fascism:0.8145
nudity (full frontal - notable):0.80025
excellent script:0.77375
nudity (full frontal):0.74
allegory:0.7265
harsh:0.7215
original:0.718
erotic:0.66775
suprisingly clever:0.6525
sci fi:0.64075
satire:0.6395
runaway:0.638
pornography:0.63775
satirical:0.62975
brainwashing:0.62625
psychological:0.61525
unusual plot structure:0.602
courage:0.5915
political:0.58625
catastrophe:0.5785
criterion:0.5725
storytelling:0.5655
beautiful scenery:0.5625
scifi:0.556
science fiction:0.5455
dramatic:0.53575
very funny:0.5355
male nudity:0.533
talky:0.519
russian:0.515
good acting:0.51075
narrated:0.50475
good:0.49075
art:0.486
cold war:0.47275
identity:0.471
brutality:0.46775
freedom:0.46775
sci-fi:0.467
so bad it's funny:0.46125
mentor:0.45975
absurd:0.45325
police investigation:0.44825
great ending:0.43475
social commentary:0.4345
reflective:0.43275
oscar (best actress):0.4305
oscar (best foreign language film):0.42775
post apocalyptic:0.42525
nudity:0.42
farce:0.4175
masterpiece:0.41725
islam:0.41275
good soundtrack:0.41025
thought-provoking:0.40925
us history:0.40775
futuristic:0.403
visually stunning:0.40125
oscar winner:0.40025
world politics:0.4
enigmatic:0.39725
twists & turns:0.39625
sexy:0.396
story:0.39425
justice:0.393
corruption:0.3915
chase:0.39
breathtaking:0.389
melancholic:0.38875
doctors:0.38775
oscar (best directing):0.3835
politics:0.3795
culture clash:0.37875
weird:0.377
dialogue:0.377
idealism:0.373
golden palm:0.36675
based on book:0.366
sexual:0.365
cinematography:0.3625
artistic:0.36175
clever:0.36175
vengeance:0.36
dystopia:0.35775
powerful ending:0.3495
torture:0.3455
unfunny:0.34475
loneliness:0.34375
brothers:0.34375
childhood:0.3435
comedy:0.34275
classic car:0.33875
witty:0.338
great acting:0.33475
oscar (best supporting actor):0.33425
humorous:0.334
internet:0.33375
