violent:0.9475
violence:0.939
original:0.9185
vengeance:0.87725
very interesting:0.877
shallow:0.87375
bank robbery:0.842
family:0.82175
dialogue:0.81
chase:0.807
romance:0.7935
absurd:0.784
story:0.76975
brutality:0.766
good soundtrack:0.765
action:0.75475
notable nudity:0.751
plot:0.74875
gangsters:0.7475
fantasy world:0.7395
quirky:0.69775
amazing photography:0.69025
bloody:0.68725
fight scenes:0.679
predictable:0.67475
love story:0.65775
harsh:0.65125
intense:0.64925
dynamic cgi action:0.64125
vampire human love:0.6405
destiny:0.63475
pointless:0.6345
drama:0.60875
ethnic conflict:0.60425
big budget:0.59975
mentor:0.59775
japan:0.59375
visually appealing:0.59325
scenic:0.5925
complex:0.59025
interesting:0.588
romantic:0.567
nudity (full frontal - notable):0.56575
oscar:0.5655
storytelling:0.56475
cinematography:0.564
pornography:0.562
road movie:0.5615
assassination:0.56075
gratuitous violence:0.5595
no plot:0.549
surreal:0.54825
revenge:0.546
suspense:0.544
great:0.54225
erotic:0.53575
insanity:0.53575
transformation:0.5325
disturbing:0.5235
justice:0.51725
male nudity:0.516
obsession:0.51575
great ending:0.5105
stylized:0.5095
good:0.5055
dark hero:0.502
stylish:0.49675
nudity (topless - notable):0.4925
crazy:0.48775
special:0.47875
gay character:0.4765
action packed:0.469
heist:0.46375
idiotic:0.45825
first contact:0.4535
hit men:0.44675
fantasy:0.446
hitman:0.44425
teen movie:0.441
police investigation:0.43925
brutal:0.43875
pulp:0.438
weapons:0.437
whimsical:0.437
women:0.435
earnest:0.434
superheroes:0.433
stereotypes:0.43275
solitude:0.43075
divorce:0.4305
underrated:0.43
survival:0.427
weird:0.42425
fun:0.424
realistic:0.42125
alternate history:0.419
script:0.41675
unusual plot structure:0.41325
based on a book:0.41275
so bad it's funny:0.41125
