mafia:0.99775
mob:0.9835
hit men:0.9765
coen bros:0.9655
organized crime:0.92625
dark comedy:0.84225
drama:0.8415
complicated:0.8375
gangsters:0.83125
dark humor:0.81275
relationships:0.79175
black comedy:0.77925
twists & turns:0.77825
original:0.777
neo-noir:0.764
hitman:0.76075
assassination:0.7595
murder:0.74025
nudity (topless - brief):0.737
crime:0.7355
romance:0.7335
assassin:0.72825
greed:0.72325
oscar (best writing - screenplay written directly for the screen):0.72275
oscar (best supporting actress):0.712
violence:0.7085
stylized:0.70575
betrayal:0.698
gangster:0.6965
secrets:0.667
oscar (best directing):0.666
absurd:0.66
off-beat comedy:0.65975
talky:0.65875
dialogue:0.6495
love:0.647
suspense:0.64
clever:0.64
sexy:0.62875
dysfunctional family:0.61525
stylish:0.61225
romantic:0.60975
passionate:0.59625
california:0.58875
family:0.58725
beautiful scenery:0.586
oscar (best actress):0.5855
masterpiece:0.57775
culture clash:0.57675
narrated:0.5765
multiple storylines:0.57175
complex:0.563
love story:0.5625
great ending:0.5565
good soundtrack:0.5475
criterion:0.5465
dark:0.5455
interesting:0.545
satirical:0.53825
macabre:0.53775
character study:0.53325
visually stunning:0.533
weird:0.53225
suprisingly clever:0.5315
imdb top 250:0.52775
humorous:0.51225
highly quotable:0.512
cinematography:0.51175
enigmatic:0.509
very good:0.50775
kidnapping:0.507
runaway:0.5005
obsession:0.49875
good acting:0.498
gunfight:0.497
marriage:0.497
chase:0.4955
adapted from:book:0.49425
violent:0.492
good:0.48575
manipulation:0.485
great acting:0.483
pornography:0.4705
very interesting:0.46775
great:0.46675
ironic:0.46275
cynical:0.4595
brutality:0.45725
oscar:0.45575
crime gone awry:0.45375
adultery:0.45275
corruption:0.45025
guns:0.44875
quirky:0.441
farce:0.438
adaptation:0.438
tense:0.437
affectionate:0.43225
classic:0.4295
excellent script:0.4285
