teen movie:0.909
music business:0.88475
fun movie:0.85725
product placement:0.8315
cartoon:0.82775
satirical:0.82275
girlie movie:0.8075
original:0.791
music:0.778
good soundtrack:0.77675
musicians:0.7415
silly:0.731
fun:0.718
based on a comic:0.69975
teens:0.69575
teen:0.6685
cute:0.66175
hip hop:0.6375
brainwashing:0.6325
satire:0.62025
parody:0.62
bad plot:0.6135
predictable:0.60875
goofy:0.588
rock and roll:0.5745
pg-13:0.567
absurd:0.549
adapted from:comic:0.54625
shallow:0.52025
feel-good:0.5175
destiny:0.51075
good music:0.50225
chick flick:0.50175
light:0.4995
teenagers:0.4975
guilty pleasure:0.497
clever:0.49625
dumb:0.4885
feel good movie:0.47925
silly fun:0.4545
rags to riches:0.454
humorous:0.44825
so bad it's funny:0.44775
great ending:0.44125
sexy:0.43575
overrated:0.4355
adaptation:0.43275
runaway:0.4205
mentor:0.42025
comedy:0.41675
cute!:0.41525
spoof:0.41025
writers:0.40975
stereotypes:0.40775
great:0.405
not funny:0.39925
good:0.3975
quirky:0.39425
weird:0.38725
whimsical:0.38075
high school:0.38
campy:0.3785
dialogue:0.375
idiotic:0.37375
comic book:0.373
happy ending:0.37225
dancing:0.3685
lame:0.3635
entertaining:0.362
comics:0.3615
catastrophe:0.361
camp:0.35825
musical:0.3525
very funny:0.3525
brutality:0.34025
family:0.3395
unfunny:0.3345
punk:0.334
storytelling:0.333
slapstick:0.33125
stupid as hell:0.323
humor:0.3215
first contact:0.31775
pointless:0.3165
great music:0.3155
nudity (full frontal - brief):0.31375
fight scenes:0.311
weapons:0.3105
cult classic:0.30625
childhood:0.30475
justice:0.3005
comic:0.295
sweet:0.2945
cool:0.29025
teenager:0.28875
dumb but funny:0.28425
fantasy world:0.284
funny:0.28375
entirely dialogue:0.28275
bad acting:0.28225
