dystopic future:0.997
drug abuse:0.99225
drugs:0.9875
drug addiction:0.9865
undercover cop:0.98425
cerebral:0.969
surveillance:0.967
visually appealing:0.96425
hallucinatory:0.95425
paranoia:0.95325
addiction:0.951
social commentary:0.945
surreal:0.943
weird:0.94275
adapted from:book:0.94
robert downey jr:0.93325
visually stunning:0.90275
stylized:0.889
original:0.87075
complex:0.86725
based on a book:0.84375
psychedelic:0.84075
storytelling:0.83825
visual:0.83425
weed:0.82175
surrealism:0.814
adaptation:0.78475
animation:0.78225
philosophical:0.7735
good soundtrack:0.7545
talky:0.753
paranoid:0.75225
stoner movie:0.73725
very interesting:0.726
existentialism:0.72425
allegory:0.71825
dreamlike:0.71375
twists & turns:0.71025
cult classic:0.71025
philip k. dick:0.709
dark:0.70875
psychology:0.69
marijuana:0.684
artistic:0.68325
dystopia:0.6815
insanity:0.6815
interesting:0.673
mindfuck:0.67175
narrated:0.66975
philosophy:0.669
sci-fi:0.668
thought-provoking:0.664
conspiracy:0.659
identity:0.6545
futuristic:0.65
confusing:0.63675
cult film:0.63575
based on book:0.6335
psychological:0.6295
stylish:0.6295
distopia:0.609
life philosophy:0.605
enigmatic:0.59725
great ending:0.59325
corruption:0.59
clever:0.5885
twist ending:0.58425
dialogue:0.584
plot twist:0.579
depression:0.5785
independent film:0.56625
dark humor:0.564
bleak:0.564
brutality:0.556
mental illness:0.55325
imagination:0.55275
depressing:0.55075
cyberpunk:0.54925
heroin:0.53975
non-linear:0.53925
story:0.53525
science fiction:0.532
intellectual:0.51925
crime gone awry:0.5175
schizophrenia:0.5165
creativity:0.50875
criterion:0.5085
disturbing:0.50675
harsh:0.5015
violent:0.497
pornography:0.494
visceral:0.49375
complicated:0.49325
greed:0.49325
spying:0.48375
sci fi:0.48125
justice:0.47575
great acting:0.4755
violence:0.46075
melancholy:0.46075
