vampire:0.9955
blaxploitation:0.988
vampires:0.98425
voodoo:0.96225
horror:0.913
creepy:0.87725
sequel:0.849
grindhouse:0.82575
splatter:0.82525
goofy:0.8225
original:0.80975
demons:0.783
slasher:0.73175
campy:0.69775
brutality:0.657
fun movie:0.632
great ending:0.598
violence:0.5715
revenge:0.5575
criterion:0.5515
zombie:0.54475
predictable:0.5315
scary:0.52775
cult film:0.4925
stupid as hell:0.48725
life & death:0.481
nocturnal:0.4805
gore:0.48025
mentor:0.4745
biting:0.45475
monster:0.443
bad plot:0.4325
transformation:0.43125
crappy sequel:0.42175
goth:0.411
nudity (full frontal - notable):0.4105
serial killer:0.40175
special effects:0.40075
franchise:0.39575
cult classic:0.39575
dreamlike:0.39375
gothic:0.3915
overrated:0.38825
weapons:0.3765
dialogue:0.36075
harsh:0.3575
sequels:0.35325
catastrophe:0.35025
lone hero:0.3475
camp:0.34325
satirical:0.33875
so bad it's funny:0.33625
not as good as the first:0.334
werewolves:0.3295
slapstick:0.326
first contact:0.32125
not funny:0.32075
death:0.317
teens:0.3165
silly:0.316
classic car:0.31525
entirely dialogue:0.31325
bloody:0.3125
gruesome:0.3075
silly fun:0.3015
allegory:0.30125
humorous:0.29925
mad scientist:0.29925
nudity:0.299
werewolf:0.2985
solitude:0.29
fun:0.28725
sexy:0.2865
18th century:0.28575
culture clash:0.283
redemption:0.28225
snakes:0.282
suspense:0.28175
surreal:0.2805
reflective:0.28
adaptation:0.27825
nudity (topless):0.27375
science fiction:0.27
fight scenes:0.27
enigmatic:0.26925
boring:0.26525
destiny:0.263
good soundtrack:0.26225
writers:0.25975
male nudity:0.2595
dreams:0.25875
bad acting:0.2585
very funny:0.258
romance:0.2575
pointless:0.257
clowns:0.256
childhood:0.2555
imdb top 250:0.25525
fantasy world:0.255
quirky:0.25325
