reality tv:0.98975
arnold:0.987
futuristic:0.97725
future:0.95975
action:0.95175
good action:0.9145
based on a book:0.88575
prison escape:0.87025
based on book:0.8525
violence:0.81525
80s:0.8145
chase:0.789
fight scenes:0.7875
television:0.771
original:0.7685
violent:0.75275
fun movie:0.75075
adapted from:book:0.7395
sci fi:0.7395
scifi:0.721
silly fun:0.72
nostalgic:0.70425
dystopia:0.70175
brutality:0.70175
weapons:0.70125
dystopic future:0.6895
action packed:0.68825
corruption:0.674
1980s:0.67
sci-fi:0.662
literary adaptation:0.658
fighting:0.6505
motorcycle:0.6465
fast paced:0.641
mentor:0.6295
adaptation:0.628
lone hero:0.6185
survival:0.618
cyborgs:0.58725
good:0.5845
entertaining:0.58225
campy:0.58
hunting:0.5765
quotable:0.5735
great ending:0.57275
silly:0.56925
science fiction:0.56525
video game:0.5575
dark hero:0.549
cool:0.53775
satire:0.53575
vengeance:0.5335
satirical:0.51275
police corruption:0.51
dialogue:0.508
cheesy:0.5055
runaway:0.50225
exciting:0.496
murder:0.49475
gratuitous violence:0.4855
post apocalyptic:0.48275
bloody:0.4795
post-apocalyptic:0.478
great:0.47425
predictable:0.47
catastrophe:0.46125
death:0.461
revenge:0.457
fun:0.4515
books:0.44525
alter ego:0.4405
cult classic:0.44
franchise:0.42825
grindhouse:0.419
justice:0.41875
happy ending:0.416
camp:0.411
original plot:0.4105
pornography:0.407
life philosophy:0.405
criterion:0.40475
bad acting:0.40425
good soundtrack:0.39975
goofy:0.399
los angeles:0.3925
california:0.3875
maze:0.385
prison:0.38325
highly quotable:0.38125
censorship:0.3755
so bad it's funny:0.37225
great movie:0.37075
storytelling:0.37
social commentary:0.36975
anti-hero:0.3695
not funny:0.3685
story:0.36575
special effects:0.36425
cult film:0.35925
suspense:0.35875
