military:0.9935
iraq:0.98175
iraq war:0.98175
politics:0.9795
complex:0.97275
war:0.95725
corruption:0.93475
political:0.93175
documentary:0.93175
9/11:0.905
middle east:0.90025
bombs:0.894
weapons:0.891
business:0.886
propaganda:0.883
greed:0.8675
capitalism:0.84375
history:0.83775
original:0.83325
factual:0.81825
oil:0.80875
gulf war:0.80825
dramatic:0.784
censorship:0.778
islam:0.773
foreign:0.77075
interesting:0.769
civil war:0.769
brainwashing:0.7645
journalism:0.763
corporate america:0.75575
war movie:0.7555
forceful:0.742
social commentary:0.74075
powerful ending:0.73775
thought-provoking:0.7305
controversial:0.7175
sacrifice:0.71325
manipulation:0.69325
us history:0.68475
historical:0.6785
freedom:0.672
death:0.65275
oscar (best directing):0.6435
very interesting:0.637
tragedy:0.6345
talky:0.63275
good:0.6225
culture clash:0.618
cold war:0.61575
vietnam:0.613
movielens top pick:0.6125
secrets:0.6115
catastrophe:0.61025
betrayal:0.6075
idealism:0.60375
ethnic conflict:0.602
fascism:0.593
brutality:0.58975
honest:0.58125
imdb top 250:0.58
morality:0.573
president:0.569
nuclear:0.56525
narrated:0.562
world politics:0.5535
great ending:0.55
pg-13:0.5425
excellent script:0.542
justice:0.53475
anti-war:0.53125
good acting:0.53
pornography:0.52775
revenge:0.52725
earnest:0.513
beautiful scenery:0.50825
criterion:0.50625
storytelling:0.503
intimate:0.5025
psychological:0.49725
reflective:0.4935
conspiracy:0.49225
suprisingly clever:0.49175
guilt:0.4895
intelligent:0.4855
psychology:0.48475
realistic:0.479
great acting:0.479
good soundtrack:0.477
iran:0.4745
runaway:0.4675
canada:0.464
british:0.457
israel:0.454
vietnam war:0.45025
best of 2005:0.45
prejudice:0.44725
visually appealing:0.443
dialogue:0.44075
mentor:0.43975
