road trip:0.9765
dumb:0.9055
goofy:0.8745
funny as hell:0.85325
comedy:0.84125
stupidity:0.79375
sex comedy:0.768
stupid:0.741
off-beat comedy:0.738
teen movie:0.73375
so bad it's funny:0.69525
absurd:0.6935
original:0.6865
hilarious:0.65425
crude humor:0.654
bad acting:0.6235
dumb but funny:0.617
predictable:0.611
idiotic:0.59875
stoner movie:0.595
funny:0.585
parody:0.58425
stereotypes:0.566
stupid as hell:0.555
nudity (topless):0.546
funniest movies:0.539
humorous:0.528
ridiculous:0.5265
buddy movie:0.5125
unfunny:0.499
virginity:0.49725
silly fun:0.4905
slapstick:0.4785
very funny:0.47525
teens:0.472
pornography:0.47125
silly:0.45725
great ending:0.4415
teen:0.43675
male nudity:0.4365
dialogue:0.43375
awful:0.42525
catastrophe:0.4175
bad plot:0.41025
bad script:0.407
high school:0.4025
gross-out:0.39975
mentor:0.395
humor:0.39075
lame:0.3845
weird:0.3795
shallow:0.37325
bad:0.35375
melancholic:0.3525
writers:0.346
storytelling:0.344
redemption:0.343
life philosophy:0.34275
horrible:0.3295
nudity (full frontal - brief):0.32625
overrated:0.3235
nocturnal:0.3175
amy smart:0.3165
finnish:0.31625
happy ending:0.31125
drinking:0.31
unusual plot structure:0.308
harsh:0.30475
brutality:0.30275
lone hero:0.30275
disaster:0.3025
first contact:0.30025
fun:0.29875
story:0.292
plot holes:0.28725
fantasy world:0.28675
weed:0.28675
vengeance:0.286
adaptation:0.28275
cult film:0.28175
not funny:0.279
corruption:0.27575
road movie:0.27325
runaway:0.27325
obsession:0.26675
good soundtrack:0.26425
hillarious:0.26425
dreamlike:0.263
entirely dialogue:0.26125
saturday night live:0.2605
farce:0.2595
good:0.2575
bizarre:0.256
sexy:0.25575
death:0.25525
police investigation:0.25375
criterion:0.248
chase:0.24775
cinematography:0.24675
nudity (full frontal - notable):0.24575
