drama:0.95725
mental illness:0.944
oscar:0.94225
oscar (best actress):0.929
romantic comedy:0.9285
good soundtrack:0.886
great acting:0.8855
feel-good:0.88325
oscar (best editing):0.871
love:0.85775
relationships:0.851
quirky:0.8365
loneliness:0.8345
original:0.8345
oscar (best supporting actress):0.8275
obsession:0.82575
happy ending:0.80525
oscar (best picture):0.8045
intense:0.79925
race issues:0.7975
feel good movie:0.783
romantic:0.7685
depression:0.76
romance:0.75525
dramatic:0.751
excellent script:0.74425
mentor:0.744
destiny:0.735
love story:0.7345
exceptional acting:0.71025
family bonds:0.70525
good acting:0.697
heartwarming:0.69275
dialogue:0.691
dark humor:0.68825
emotional:0.68225
interesting:0.6815
pg-13:0.67225
family drama:0.666
cheating:0.6655
adapted from:book:0.662
great ending:0.65275
dysfunctional family:0.65125
honest:0.649
oscar (best directing):0.6435
oscar winner:0.6435
sweet:0.64175
good:0.64075
realistic:0.634
social commentary:0.632
friendship:0.6195
family:0.61225
off-beat comedy:0.60825
based on a book:0.606
imdb top 250:0.60175
unlikely friendships:0.59975
great:0.599
touching:0.59625
story:0.5935
plot:0.59275
indie:0.58925
crazy:0.5885
comedy:0.5885
redemption:0.588
great movie:0.57925
bittersweet:0.5725
clever:0.5725
independent film:0.56075
dance:0.5585
adaptation:0.5585
runaway:0.54725
complex characters:0.54425
psychology:0.54425
based on book:0.54425
psychiatry:0.5345
storytelling:0.5325
life philosophy:0.522
cinematography:0.51675
witty:0.51625
hospital:0.51275
catastrophe:0.5105
complex:0.51
oscar (best actor):0.507
underdog:0.50675
depressing:0.5045
culture clash:0.49975
drinking:0.498
eccentricity:0.49425
funny:0.48675
character study:0.48475
predictable:0.4845
addiction:0.47575
violent:0.4755
survival:0.4705
oscar (best supporting actor):0.469
parenthood:0.46825
suspense:0.4675
gambling:0.466
very funny:0.46575
tragedy:0.46325
