noir thriller:0.9935
crime:0.9925
noir:0.95975
tense:0.94325
gangster:0.93125
heist:0.9265
gangsters:0.90725
film noir:0.891
prison:0.86425
suspense:0.86
murder:0.828
criterion:0.82675
runaway:0.823
lawyer:0.815
mob:0.795
complex:0.77925
oscar (best actress):0.7745
original:0.77425
classic:0.75725
narrated:0.75575
gritty:0.73825
oscar (best supporting actress):0.73325
talky:0.724
complicated:0.70775
corruption:0.69575
ominous:0.6955
oscar (best directing):0.69375
moody:0.69225
lawyers:0.68975
crime gone awry:0.68925
police investigation:0.6855
brutality:0.68375
violence:0.68175
betrayal:0.681
dramatic:0.672
drama:0.671
black and white:0.67025
forceful:0.6675
caper:0.63875
light:0.63825
robbery:0.63825
suspenseful:0.62475
cinematography:0.62325
thriller:0.61375
silent:0.60125
based on true story:0.6
stylized:0.5925
sacrifice:0.58825
san francisco:0.5825
interesting:0.57925
great movie:0.578
hitman:0.5715
intimate:0.57025
organized crime:0.56825
moral ambiguity:0.5645
atmospheric:0.564
gangs:0.54825
twists & turns:0.548
investigation:0.547
violent:0.54675
melancholic:0.546
grim:0.538
great acting:0.5295
unusual plot structure:0.5185
great:0.5155
detective:0.51225
good:0.4965
obsession:0.49525
intense:0.495
drinking:0.491
gunfight:0.489
neo-noir:0.4845
imdb top 250:0.46975
vengeance:0.46725
guilt:0.46575
new york city:0.464
exceptional acting:0.4565
greed:0.4565
lone hero:0.455
redemption:0.448
story:0.4455
assassination:0.43875
courtroom drama:0.4345
manipulation:0.43025
downbeat:0.429
clever:0.4265
mafia:0.42525
british:0.42225
insanity:0.421
great ending:0.4205
suprisingly clever:0.4145
catastrophe:0.413
paranoid:0.41275
afi 100 (movie quotes):0.41125
adolescence:0.40875
storytelling:0.402
movielens top pick:0.402
fun movie:0.40025
oscar (best supporting actor):0.39825
excellent:0.39725
