race issues:0.9975
social commentary:0.9675
criterion:0.917
violence:0.9025
racism:0.86325
segregation:0.828
original:0.80175
violent:0.7815
golden palm:0.76875
drama:0.76725
good soundtrack:0.76625
culture clash:0.75375
political:0.73825
stereotypes:0.72325
relationships:0.71075
dialogue:0.69975
prejudice:0.691
oscar (best directing):0.69075
new york city:0.6895
imdb top 250:0.68825
loneliness:0.67625
brutality:0.67
talky:0.66025
controversial:0.65925
visceral:0.655
radio:0.6535
interesting:0.64875
greed:0.63075
powerful ending:0.62825
intimate:0.628
weird:0.6135
crime gone awry:0.61225
thought-provoking:0.6065
character study:0.6015
realistic:0.58175
honest:0.575
independent film:0.572
stylized:0.547
complex:0.54675
hip hop:0.546
morality:0.544
reflective:0.54375
masterpiece:0.53775
pornography:0.52825
tragedy:0.52725
life philosophy:0.5265
narrated:0.52475
highly quotable:0.51875
gangsters:0.51825
unlikely friendships:0.5145
melancholic:0.514
new york:0.51225
oscar (best writing - screenplay written directly for the screen):0.50875
entirely dialogue:0.5045
suburbia:0.5
ethnic conflict:0.49975
affectionate:0.49925
mob:0.4985
forceful:0.498
off-beat comedy:0.49375
corruption:0.49325
intense:0.48975
intellectual:0.4895
ensemble cast:0.4785
great ending:0.4755
black and white:0.4745
tense:0.47175
great acting:0.47125
very interesting:0.469
cinematography:0.464
disturbing:0.462
dark humor:0.458
oscar (best supporting actress):0.45575
runaway:0.4555
mentor:0.454
oscar (best actress):0.45125
drinking:0.45
gunfight:0.44825
politics:0.4475
downbeat:0.4465
atmospheric:0.44025
catastrophe:0.43825
cult classic:0.4375
pointless:0.425
storytelling:0.423
awesome soundtrack:0.42125
melancholy:0.42025
bleak:0.42
very good:0.41925
clever:0.416
good acting:0.4155
grindhouse:0.41475
harsh:0.41175
friendship:0.4095
visually appealing:0.40725
exceptional acting:0.4065
police corruption:0.406
foul language:0.4015
good:0.40025
movielens top pick:0.39975
