relationships:0.96975
dreams:0.94425
suburbia:0.90725
depressing:0.88975
life philosophy:0.84325
marriage:0.84175
depression:0.8375
loneliness:0.833
intimate:0.78225
nudity (topless - brief):0.7805
great acting:0.76975
tragedy:0.7485
infidelity:0.73525
adultery:0.73325
life:0.728
emotional:0.728
mental illness:0.71975
melancholic:0.71575
reflective:0.71475
original:0.708
drama:0.70125
heartbreaking:0.69825
existentialism:0.69125
bleak:0.67575
oscar (best supporting actor):0.66475
road movie:0.6635
dramatic:0.66325
social commentary:0.657
greed:0.64525
cinematography:0.64
complex:0.63275
character study:0.61325
1950s:0.60775
parenthood:0.6055
bittersweet:0.5905
drinking:0.574
midlife crisis:0.57375
bad ending:0.565
life & death:0.559
good soundtrack:0.5455
harsh:0.54425
oscar:0.54175
honest:0.541
storytelling:0.5395
dysfunctional family:0.534
poignant:0.53075
oscar (best actress):0.519
based on a book:0.50125
mentor:0.4985
destiny:0.494
passionate:0.488
exceptional acting:0.4845
death:0.48325
cerebral:0.478
sad:0.478
insanity:0.4755
multiple storylines:0.47375
catastrophe:0.47225
adaptation:0.46675
thought-provoking:0.4605
great ending:0.4435
nudity (topless - notable):0.443
good acting:0.442
melancholy:0.4375
independent film:0.43675
downbeat:0.43675
oscar (best supporting actress):0.43225
realistic:0.42925
solitude:0.42425
complex characters:0.42025
intense:0.41625
psychiatry:0.414
powerful ending:0.4135
dialogue driven:0.41325
nudity (full frontal - notable):0.4115
dialogue:0.3995
redemption:0.39525
philosophy:0.39425
psychology:0.3935
oscar (best directing):0.39325
interesting:0.39025
brutality:0.38875
runaway:0.38325
talky:0.38275
period piece:0.38225
adapted from:book:0.3795
visually appealing:0.3795
unusual plot structure:0.37025
unlikely friendships:0.3695
visually stunning:0.36775
pregnancy:0.367
weird:0.36425
not funny:0.364
california:0.36075
narrated:0.3605
visceral:0.353
grim:0.35125
stylized:0.3495
indie:0.348
manipulation:0.3465
