based on a comic:0.995
adapted from:comic:0.99475
adapted from:book:0.982
comics:0.958
superheroes:0.93425
comic book:0.92925
big budget:0.91325
based on comic:0.8855
super hero:0.8635
comic:0.8455
adaptation:0.844
good:0.828
special effects:0.8255
goofy:0.82125
pg-13:0.80975
silly:0.8035
cartoon:0.8015
humor:0.797
original:0.75075
dialogue:0.74725
action:0.73975
books:0.73625
fight scenes:0.7205
hilarious:0.69625
franchise:0.677
silly fun:0.66625
superhero:0.6645
graphic novel:0.65725
bad cgi:0.656
story:0.64225
comedy:0.63825
very funny:0.62725
dynamic cgi action:0.6265
humorous:0.6135
dumb but funny:0.58125
book was better:0.57625
funny:0.5685
family:0.5675
so bad it's funny:0.55725
fun:0.55175
alter ego:0.54575
computer animation:0.5395
slapstick:0.537
adventure:0.5315
catastrophe:0.5225
torture:0.5015
mutants:0.49675
cgi:0.49025
mad scientist:0.488
watch the credits:0.48575
great:0.48375
predictable:0.479
brutality:0.47625
technology:0.4675
marvel:0.46525
crude humor:0.46175
script:0.4545
based on book:0.45325
enormously long battle scene:0.451
stereotypes:0.45075
nudity (topless - notable):0.44975
rome:0.4475
author:alan moore:0.435
drinking:0.434
destiny:0.42475
great ending:0.42325
comic book adaption:0.42225
dumb:0.4165
mentor:0.40675
france:0.406
sequels:0.4015
unfunny:0.395
fighting:0.39425
childhood:0.392
entertaining:0.3915
better than expected:0.3895
mythology:0.386
light:0.38425
absurd:0.38325
shallow:0.38075
goth:0.3775
bad:0.37475
spiders:0.37475
island:0.37375
french:0.37225
betrayal:0.37075
bad plot:0.3685
nudity (full frontal - brief):0.3655
awful:0.365
visually appealing:0.3645
good soundtrack:0.3535
idiotic:0.35125
happy ending:0.34625
fantasy world:0.3425
book:0.341
dark hero:0.33975
visuals:0.33525
creativity:0.33325
visual:0.33275
fun movie:0.33175
