germany:0.99875
world war ii:0.9985
jews:0.99775
nazis:0.997
holocaust:0.99625
nazi:0.99375
wwii:0.98875
german:0.984
true story:0.976
poland:0.9755
based on a true story:0.96125
based on true story:0.94425
anti-semitism:0.94375
dramatic:0.90775
jewish:0.89025
foreign:0.88025
genocide:0.86625
israel:0.85975
survival:0.832
brainwashing:0.82725
imdb top 250:0.82325
russian:0.81775
wartime:0.814
oscar (best foreign language film):0.81175
judaism:0.8115
drama:0.80275
propaganda:0.79275
criterion:0.779
best war films:0.77375
unlikely friendships:0.75975
oscar (best directing):0.75775
factual:0.755
social commentary:0.7535
idealism:0.74225
brutality:0.73875
historical:0.73225
runaway:0.7315
original:0.73125
political:0.7305
history:0.7285
friendship:0.72775
politics:0.70425
childhood:0.70275
beautifully filmed:0.7025
mentor:0.70075
oscar (best actress):0.69975
powerful ending:0.687
coming of age:0.6855
culture clash:0.68425
life & death:0.6775
talky:0.677
tragedy:0.67575
great acting:0.67
feel-good:0.664
storytelling:0.65925
courage:0.65175
golden palm:0.64975
adolescence:0.649
prejudice:0.6475
sacrifice:0.64675
identity:0.64075
forceful:0.63975
good soundtrack:0.63425
war:0.63375
unusual plot structure:0.62925
reflective:0.62075
us history:0.6205
camp:0.61675
teenager:0.61525
guilt:0.615
story:0.613
feel good movie:0.60875
harsh:0.6045
cinematography:0.60375
excellent script:0.5875
bleak:0.58725
movielens top pick:0.5835
adapted from:book:0.583
great ending:0.5745
suprisingly clever:0.5705
oscar (best supporting actress):0.5695
beautiful scenery:0.564
ethnic conflict:0.56225
morality:0.56225
great movie:0.55975
coming-of-age:0.55925
heartbreaking:0.55875
good acting:0.55325
based on book:0.54725
excellent:0.5365
corruption:0.5305
grim:0.52925
good:0.5275
realistic:0.52425
great:0.52375
russia:0.5175
school:0.51675
fighting the system:0.51325
narrated:0.50525
world politics:0.50525
