dog:0.996
dogs:0.973
childhood:0.90025
sentimental:0.82475
heartwarming:0.8025
touching:0.797
family:0.7885
cute!:0.76725
children:0.76675
cute:0.75075
tear jerker:0.735
nostalgic:0.72125
kids:0.70825
original:0.702
based on book:0.701
sweet:0.699
kids and family:0.674
unlikely friendships:0.6735
small town:0.66
animals:0.64275
based on a book:0.63575
animal movie:0.62125
great:0.62025
friendship:0.59125
good:0.591
story:0.591
mentor:0.54525
great movie:0.53275
feel-good:0.529
sad but good:0.52
sappy:0.5165
fun movie:0.516
excellent:0.51325
based on true story:0.509
segregation:0.5045
catastrophe:0.48825
beautiful scenery:0.4815
drama:0.4675
emotional:0.46275
great ending:0.46
love story:0.45225
bullying:0.45175
death:0.4455
dialogue:0.4345
runaway:0.427
great acting:0.423
chase:0.42125
culture clash:0.417
love:0.41225
loneliness:0.40525
life philosophy:0.404
feel good movie:0.40325
wartime:0.4015
storytelling:0.38125
entertaining:0.38
very good:0.37975
oscar (best supporting actress):0.3785
courage:0.37
secrets:0.36875
true story:0.35975
world war ii:0.3575
dramatic:0.35725
fun:0.35675
heartbreaking:0.3565
not funny:0.35525
adventure:0.35525
aging:0.342
good acting:0.34
twists & turns:0.3395
based on a true story:0.334
coming-of-age:0.3295
pg:0.32675
adaptation:0.32675
relationships:0.32275
talking animals:0.32
poignant:0.31775
race:0.31575
narrated:0.3155
melancholic:0.3115
destiny:0.3115
transformation:0.308
adapted from:book:0.308
natural disaster:0.30775
happy ending:0.30725
oscar (best directing):0.307
honest:0.30075
memory:0.3
clever:0.29925
interesting:0.29825
vengeance:0.293
sad:0.2895
good soundtrack:0.28875
oscar (best actress):0.2875
coming of age:0.284
brutality:0.28225
lone hero:0.2815
unusual plot structure:0.27025
predictable:0.268
girlie movie:0.26725
dysfunctional family:0.2655
