series:0.99025
anime:0.976
fantasy world:0.9405
dark:0.9255
animation:0.8885
visually stunning:0.8855
good soundtrack:0.871
fight scenes:0.84675
violent:0.789
great ending:0.78625
original:0.7825
vengeance:0.764
japan:0.73525
violence:0.73375
weird:0.72225
stunning:0.69625
franchise:0.6895
dark hero:0.681
dialogue:0.68075
high fantasy:0.661
fantasy:0.657
story:0.6565
parallel universe:0.6485
great movie:0.64675
complex:0.64175
plot:0.63275
awesome soundtrack:0.63275
visual:0.62075
visceral:0.60875
intense:0.584
visually appealing:0.5805
tokyo:0.577
sexualized violence:0.5765
animated:0.57325
storytelling:0.57225
great:0.57225
magic:0.569
brutality:0.56725
stylized:0.56225
nocturnal:0.53425
loneliness:0.5335
action:0.531
mentor:0.531
good music:0.52925
romance:0.5205
gory:0.51775
graphic novel:0.516
stylish:0.5145
pornography:0.5085
interesting:0.5055
psychology:0.5
complex characters:0.49975
giant robots:0.474
reflective:0.4715
samurai:0.47125
grim:0.46725
revenge:0.46225
pg-13:0.45875
secrets:0.45675
japanese:0.45625
betrayal:0.45375
adventure:0.4525
adaptation:0.44875
cool:0.44325
underrated:0.4275
light:0.413
stereotypes:0.41225
music:0.4085
transformation:0.40825
mythology:0.40725
relationships:0.40725
fighting:0.407
drama:0.40575
redemption:0.40525
excellent:0.39775
alter ego:0.3945
good:0.39275
chase:0.392
dragons:0.392
catastrophe:0.38925
culture clash:0.3865
imdb top 250:0.385
crime gone awry:0.3835
police investigation:0.383
crude humor:0.38225
life philosophy:0.3765
dramatic:0.375
melancholic:0.36925
big budget:0.3685
runaway:0.36425
depression:0.36275
allegory:0.3625
nudity (full frontal - brief):0.362
atmospheric:0.36
entirely dialogue:0.3545
suprisingly clever:0.35175
very interesting:0.35025
sexy:0.349
criterion:0.3475
kick-butt women:0.34625
