rock and roll:0.9485
loneliness:0.9085
documentary:0.907
music:0.895
musicians:0.8945
original:0.89175
affectionate:0.879
melancholic:0.86275
punk:0.836
reflective:0.8305
biographical:0.8265
social commentary:0.8225
good soundtrack:0.7975
intimate:0.788
cult classic:0.787
death:0.7585
storytelling:0.74825
artistic:0.7465
poignant:0.7315
life:0.727
highly quotable:0.72475
narrated:0.72175
enigmatic:0.7205
creativity:0.6845
radio:0.6705
life & death:0.662
criterion:0.66
weird:0.657
pornography:0.6525
runaway:0.64125
life philosophy:0.634
intense:0.63025
awesome soundtrack:0.62875
harsh:0.616
colourful:0.6095
imdb top 250:0.602
biography:0.6
brutality:0.5945
memory:0.5825
suicide:0.57925
gunfight:0.578
childhood:0.575
nudity (full frontal - brief):0.5715
depression:0.57025
honest:0.56025
off-beat comedy:0.549
depressing:0.54775
character study:0.544
great:0.532
artist:0.5315
touching:0.52475
fighting the system:0.5195
melancholy:0.5195
lyrical:0.51775
great soundtrack:0.51525
tragedy:0.51
solitude:0.509
visually appealing:0.5005
very interesting:0.5
london:0.49725
great ending:0.496
art:0.4955
bittersweet:0.49475
violent:0.491
ironic:0.48975
talky:0.48925
suprisingly clever:0.481
sad:0.47975
musical:0.4735
inspiring:0.4725
original plot:0.47
finnish:0.4625
vengeance:0.46075
oscar (best writing - screenplay written directly for the screen):0.4595
dark hero:0.452
stylized:0.45125
cult:0.43975
sexualized violence:0.4385
philosophy:0.4365
story:0.43525
dysfunctional family:0.435
emotional:0.4345
dark humor:0.4345
catastrophe:0.4325
interesting:0.42925
indie:0.42925
corruption:0.4265
downbeat:0.4255
idealism:0.42375
dialogue:0.422
golden palm:0.41975
drinking:0.41725
mental illness:0.41675
friendship:0.41625
movielens top pick:0.413
cult film:0.408
good music:0.4075
unusual plot structure:0.4065
nocturnal:0.4055
mentor:0.404
