space:0.99075
documentary:0.91025
life philosophy:0.882
pornography:0.8525
hip hop:0.8515
intimate:0.799
fun movie:0.7905
nasa:0.779
assassination:0.76725
nudity (topless - notable):0.735
finnish:0.72875
space program:0.70275
censorship:0.69525
amy smart:0.692
corruption:0.68775
mentor:0.67625
very interesting:0.6745
teen movie:0.64875
criterion:0.62325
shopping:0.57725
catastrophe:0.568
segregation:0.55725
original:0.5515
murder mystery:0.537
indie:0.5335
capitalism:0.52125
culture clash:0.51375
bleak:0.5035
relationships:0.48675
propaganda:0.4825
teen:0.4755
race:0.4715
alter ego:0.47125
sacrifice:0.4685
based on a play:0.465
interracial romance:0.46475
natural disaster:0.46425
poetry:0.46075
stunning:0.4505
nudity (full frontal - brief):0.439
death:0.439
love:0.4385
dumb but funny:0.43425
gangsters:0.423
biting:0.42175
first contact:0.419
politics:0.41725
loneliness:0.417
free speech:0.41575
women:0.39725
greed:0.39675
oscar (best directing):0.39575
forceful:0.39
new jersey:0.3885
complex:0.382
made for tv:0.377
dog:0.37475
poker:0.37375
tragedy:0.371
great ending:0.37
science:0.36775
amazing photography:0.3655
sci fi:0.36375
talky:0.36225
astronauts:0.361
classic car:0.35875
free to download:0.35825
judaism:0.3555
harsh:0.35325
antarctica:0.34975
corporate america:0.34475
police corruption:0.34425
unfunny:0.33375
love story:0.32975
brutality:0.3295
great:0.317
predictable:0.31275
not funny:0.3015
sports:0.29675
romance:0.29625
stupidity:0.29425
father daughter relationship:0.29275
male nudity:0.2925
artistic:0.2925
silly fun:0.29225
romantic:0.28775
dialogue:0.286
transformation:0.281
social commentary:0.2785
anti-semitism:0.27825
stoner movie:0.27675
cheating:0.27375
california:0.2735
destiny:0.27325
passionate:0.273
heartbreaking:0.2725
meditative:0.27125
goofy:0.27125
death penalty:0.27075
honest:0.27
