ninja:0.9855
anime:0.97475
vengeance:0.94575
stylish:0.93175
violence:0.9275
bloody:0.916
samurai:0.90575
animation:0.904
cyborgs:0.89875
violent:0.8975
japan:0.8825
cool:0.86575
revenge:0.853
fight scenes:0.826
futuristic:0.8215
original:0.8095
psychology:0.7975
series:0.7965
hip hop:0.795
blood:0.78625
action:0.771
stylized:0.765
tokyo:0.755
intense:0.75275
suspense:0.75275
visceral:0.74225
storytelling:0.74125
good soundtrack:0.723
brutality:0.715
highly quotable:0.7035
splatter:0.662
chase:0.647
dialogue:0.6465
gore:0.6445
psychological:0.6405
interesting:0.6395
crime:0.6385
colourful:0.634
sexualized violence:0.633
nudity (full frontal - brief):0.631
dark hero:0.6245
great movie:0.6215
animated:0.59975
great ending:0.5975
pornography:0.59175
japanese:0.58825
nudity (topless):0.588
gory:0.58325
social commentary:0.579
talky:0.57575
justice:0.5695
weird:0.56875
dark humor:0.53575
assassin:0.53125
sword fight:0.5285
twists & turns:0.5265
grim:0.5245
mentor:0.52275
corruption:0.51725
reflective:0.51425
culture clash:0.5125
good music:0.50125
male nudity:0.49925
fast paced:0.4975
harsh:0.4965
weapons:0.49525
insanity:0.4945
technology:0.49275
guilt:0.49225
survival:0.492
good:0.49175
realistic:0.48975
nudity (topless - brief):0.4855
murder:0.48475
plot:0.484
adaptation:0.48125
betrayal:0.47825
enigmatic:0.478
cinematography:0.47325
giant robots:0.46725
great:0.4665
story:0.462
kick-butt women:0.45975
tense:0.45375
amazing photography:0.452
visual:0.4515
blaxploitation:0.45
police investigation:0.4495
suprisingly clever:0.44925
melancholic:0.448
death:0.44625
transformation:0.44225
atmospheric:0.44125
classic car:0.43975
surreal:0.4345
dark:0.434
visually stunning:0.431
very good:0.431
sexy:0.43075
narrated:0.42975
