classical music:0.99225
animation:0.9735
music:0.968
cartoon:0.964
disney animated feature:0.9605
mythology:0.89325
animated:0.8875
artistic:0.88125
original:0.85375
classic:0.82725
animals:0.822
visual:0.8105
disney:0.78175
surreal:0.76975
masterpiece:0.7385
fairy tale:0.72225
musical:0.71125
colourful:0.69825
visuals:0.65775
good music:0.64725
visually appealing:0.642
animal movie:0.61125
whimsical:0.60025
storytelling:0.59675
computer animation:0.591
stunning:0.57975
breathtaking:0.557
imagination:0.55125
beautiful:0.5475
runaway:0.53775
dance:0.5285
creativity:0.51675
weird:0.51575
narrated:0.51575
catastrophe:0.5075
talky:0.503
light:0.50125
art:0.4995
children:0.495
dreamlike:0.495
story:0.49075
notable soundtrack:0.48175
oscar (best directing):0.47075
great:0.47
oscar (best actress):0.47
fantasy:0.46875
nocturnal:0.46275
visually stunning:0.45925
culture clash:0.459
imdb top 250:0.45575
good soundtrack:0.452
criterion:0.44875
stylized:0.437
dialogue:0.436
interesting:0.43075
great ending:0.42925
suprisingly clever:0.42825
greed:0.4275
childhood:0.426
family:0.4195
enigmatic:0.41925
good:0.41275
adapted from:book:0.409
witches:0.40725
magic:0.4045
cinematography:0.39775
musicians:0.395
mentor:0.3925
adaptation:0.378
simple:0.377
clever:0.376
unique:0.37575
great music:0.3745
dancing:0.374
fantasy world:0.3675
unusual plot structure:0.359
dinosaurs:0.3575
cute:0.357
very interesting:0.356
life & death:0.35425
melancholic:0.35425
based on book:0.35275
beautiful scenery:0.34975
demons:0.34925
dramatic:0.34
social commentary:0.33975
oscar (best supporting actress):0.33875
atmospheric:0.33675
great movie:0.3315
witty:0.3275
transformation:0.327
fun movie:0.32475
beautifully filmed:0.32175
surrealism:0.319
psychedelic:0.311
good versus evil:0.31
very good:0.309
not funny:0.307
brutality:0.30075
redemption:0.299
