animals:0.9855
documentary:0.974
humanity:0.90475
genocide:0.894
hard to watch:0.8835
brainwashing:0.8415
propaganda:0.74575
narrated:0.7275
life & death:0.71625
environment:0.714
honest:0.70975
social commentary:0.70125
original:0.69675
brutality:0.6825
grim:0.68
disturbing:0.67675
animal movie:0.65775
harsh:0.6565
amazing photography:0.64775
sad:0.6455
pornography:0.6345
greed:0.625
guilt:0.622
hunting:0.611
animated:0.606
good:0.5855
nature:0.56525
food:0.5645
interesting:0.556
internet:0.55175
holocaust:0.55
idealism:0.542
passionate:0.534
graphic novel:0.5295
thought-provoking:0.50825
excellent script:0.505
emotional:0.50325
torture:0.489
lions:0.48825
criterion:0.483
mentor:0.47575
factual:0.4745
corruption:0.47225
psychology:0.4705
politics:0.47025
political:0.46225
cancer:0.4605
revolution:0.4555
survival:0.45425
downbeat:0.4475
good soundtrack:0.4475
justice:0.4475
catastrophe:0.442
tragedy:0.438
sacrifice:0.4375
violence:0.43275
morality:0.431
death:0.43075
violent:0.4295
manipulation:0.4275
sexualized violence:0.42525
culture clash:0.42275
life philosophy:0.42275
intelligent:0.42225
heartbreaking:0.42075
great ending:0.41975
destiny:0.4195
depressing:0.41475
storytelling:0.40775
philosophy:0.407
runaway:0.40425
race:0.404
oscar (best directing):0.4025
jews:0.40075
capitalism:0.4005
islam:0.3995
life:0.39725
talky:0.39475
distopia:0.3945
prejudice:0.39375
reflective:0.39275
adapted from:book:0.39225
free to download:0.3905
very interesting:0.38025
artistic:0.37975
talking animals:0.3795
environmental:0.3775
suprisingly clever:0.37725
fighting the system:0.377
controversial:0.375
psychological:0.36525
oscar (best foreign language film):0.36125
macabre:0.3605
sad but good:0.35875
movielens top pick:0.35725
race issues:0.35675
stunning:0.3555
visually appealing:0.3505
weird:0.3485
beautiful scenery:0.348
