family:0.9105
disney:0.906
children:0.8885
fun movie:0.792
kids:0.7565
cute:0.73375
comedy:0.7315
story:0.72275
dialogue:0.71175
kids and family:0.7065
chase:0.70125
action:0.69475
original:0.68
fun:0.6525
cute!:0.62275
childhood:0.617
silly fun:0.5935
predictable:0.57875
foul language:0.576
storytelling:0.5505
script:0.53525
mentor:0.534
goofy:0.491
slapstick:0.468
great ending:0.45825
1970s:0.45075
good:0.44625
catastrophe:0.44125
beautiful scenery:0.43975
great:0.43525
lone hero:0.43425
stereotypes:0.43
destiny:0.399
orphans:0.397
natural disaster:0.396
california:0.39325
runaway:0.393
fashion:0.38225
western:0.36075
good soundtrack:0.35
splatter:0.34775
culture clash:0.346
vengeance:0.34425
special effects:0.34325
unusual plot structure:0.343
sacrifice:0.337
redemption:0.33575
pointless:0.335
life philosophy:0.33475
bad plot:0.334
light:0.33375
drinking:0.33175
sweet:0.33125
new orleans:0.33
greed:0.32675
first contact:0.324
adaptation:0.323
animals:0.32275
gangsters:0.3225
family drama:0.321
adapted from:book:0.31925
underdog:0.31875
brutality:0.31825
not funny:0.317
talking animals:0.31475
entertaining:0.3145
pg-13:0.31025
disaster:0.30875
adventure:0.308
so bad it's funny:0.3015
fantasy world:0.30075
bad acting:0.29525
great movie:0.28975
adoption:0.28875
entirely dialogue:0.2865
poker:0.28575
police investigation:0.2845
good action:0.283
happy ending:0.28225
fight scenes:0.2815
very funny:0.27925
melancholic:0.279
overrated:0.2765
visually appealing:0.2765
courage:0.27225
animation:0.2695
big budget:0.26625
transformation:0.26325
race:0.26175
disney animated feature:0.25875
internet:0.2585
clever:0.25825
sci fi:0.2565
treasure hunt:0.25225
classic:0.2515
family bonds:0.251
silly:0.24975
racing:0.2485
feel-good:0.24825
nerds:0.2465
