criterion:0.93525
enigmatic:0.87675
reflective:0.87425
complex:0.8565
art house:0.825
relationships:0.783
golden palm:0.76025
meditative:0.75725
talky:0.7535
intimate:0.752
intellectual:0.7405
original:0.716
non-linear:0.714
pretentious:0.71
loneliness:0.707
melancholic:0.7055
bleak:0.7045
harsh:0.699
cerebral:0.69625
visceral:0.66775
downbeat:0.63025
weird:0.6285
disturbing:0.6275
social commentary:0.6255
ironic:0.62325
pornography:0.6215
grim:0.58725
voyeurism:0.574
very interesting:0.56625
nonlinear:0.56525
pointless:0.56125
surreal:0.5575
stylized:0.5525
multiple storylines:0.5295
dysfunctional family:0.51825
artsy:0.513
storytelling:0.51275
confusing:0.50925
nudity (full frontal - notable):0.50575
obsession:0.50125
entirely dialogue:0.49625
life philosophy:0.483
guilt:0.4815
suprisingly clever:0.47075
brutality:0.45875
melancholy:0.458
good soundtrack:0.45475
great ending:0.4525
existentialism:0.44775
dark humor:0.44575
psychological:0.43575
dialogue:0.42875
homeless:0.41875
catastrophe:0.408
dreams:0.398
greed:0.38675
identity:0.379
betrayal:0.377
paris:0.37375
absurd:0.37325
dreamlike:0.37025
cinematography:0.367
artistic:0.35975
immigrants:0.3525
thought-provoking:0.343
not funny:0.34225
suicide attempt:0.34175
independent film:0.33325
depression:0.33025
suburbia:0.32975
indie:0.32625
affectionate:0.322
mentor:0.32125
art:0.32
surrealism:0.31625
violence:0.312
interesting:0.3115
visually stunning:0.31075
twists & turns:0.309
runaway:0.30725
deadpan:0.303
visually appealing:0.3025
ethnic conflict:0.30175
cynical:0.30025
gangsters:0.29925
crime gone awry:0.29875
lynch:0.29425
black comedy:0.29375
sexual abuse:0.29175
moody:0.28575
tokyo:0.28375
oscar (best foreign language film):0.283
solitude:0.28075
erotic:0.28
dark:0.2785
redemption:0.27575
dramatic:0.2735
writers:0.26725
quirky:0.2665
satirical:0.26625
