murder mystery:0.97225
lawyers:0.96525
police investigation:0.961
courtroom:0.95375
murder:0.94
lawyer:0.9355
twists & turns:0.925
detective:0.92375
twist ending:0.923
suspense:0.91325
twist:0.89825
thriller:0.89225
plot twist:0.87925
great ending:0.878
courtroom drama:0.8695
crime:0.85925
irish accent:0.84175
alternate endings:0.8385
great acting:0.83
clever:0.82675
plot holes:0.815
manipulation:0.812
justice:0.81025
tricky:0.791
mystery:0.7845
investigation:0.77475
corruption:0.765
psychological:0.7625
plot:0.7465
excellent script:0.74375
cheating:0.7395
interesting:0.725
mentor:0.7155
adultery:0.7055
good acting:0.698
suspenseful:0.68925
complex:0.6855
pg-13:0.68475
secrets:0.681
good:0.67
intense:0.668
court:0.6635
guilt:0.66025
original:0.65825
surprise ending:0.65
very interesting:0.6315
complicated:0.62175
tense:0.61275
revenge:0.6055
obsession:0.5915
greed:0.58825
chase:0.581
drama:0.577
catastrophe:0.56925
psychology:0.56725
conspiracy:0.556
intellectual:0.54725
complicated plot:0.53125
betrayal:0.524
runaway:0.51675
better than expected:0.5105
intelligent:0.50975
excellent:0.5085
police:0.5055
serial killer:0.5035
bad ending:0.50125
dialogue:0.493
dramatic:0.48525
moral ambiguity:0.4825
cerebral:0.47675
infidelity:0.469
weapons:0.46375
predictable:0.46
happy ending:0.457
hostage:0.454
police corruption:0.4475
unusual plot structure:0.437
enigmatic:0.4365
great:0.436
pornography:0.433
identity:0.431
entertaining:0.43075
storytelling:0.4285
life philosophy:0.42825
exceptional acting:0.4215
fast paced:0.41525
nudity (full frontal - brief):0.41
story:0.40075
doctors:0.39475
suprisingly clever:0.39225
torture:0.38575
not funny:0.38325
action:0.38
redemption:0.379
entirely dialogue:0.3775
spying:0.36825
caper:0.36675
surveillance:0.35425
vengeance:0.343
assassination:0.343
