true story:0.98375
based on a true story:0.96775
lawyers:0.96425
based on true story:0.944
lawyer:0.857
courtroom:0.8505
business:0.8405
dramatic:0.78375
biographical:0.76325
biopic:0.7385
cars:0.7285
justice:0.71425
story:0.69925
corruption:0.69575
mentor:0.681
courtroom drama:0.66975
original:0.66925
greed:0.6645
good:0.64725
catastrophe:0.64225
first contact:0.63875
family:0.63175
betrayal:0.6175
feel-good:0.594
superheroes:0.59025
technology:0.57475
earnest:0.567
survival:0.5595
life philosophy:0.54425
oscar:0.541
happy ending:0.52925
court:0.51525
sacrifice:0.5145
biography:0.51325
underdog:0.50675
pg-13:0.49725
great ending:0.487
super hero:0.48575
courage:0.47875
unusual plot structure:0.46625
runaway:0.455
creativity:0.45375
destiny:0.4525
predictable:0.4485
chase:0.437
inspirational:0.43675
weapons:0.4335
family drama:0.42775
feel good movie:0.4235
factual:0.41825
oscar (best directing):0.4145
money:0.4125
superhero:0.41025
drama:0.40725
reflective:0.4065
manipulation:0.4015
cerebral:0.397
brutality:0.39475
great:0.3915
transformation:0.38475
very interesting:0.38325
dialogue:0.379
humanity:0.37425
oscar winner:0.37375
underrated:0.37275
storytelling:0.3685
not funny:0.3655
best of 2005:0.36225
culture clash:0.35725
suprisingly clever:0.35575
alter ego:0.35475
thought-provoking:0.35025
good story:0.34975
idealism:0.3455
compassionate:0.34375
intense:0.342
dynamic cgi action:0.34025
suspense:0.33975
alone in the world:0.33725
immortality:0.33325
oil:0.333
great movie:0.33175
good action:0.32875
police investigation:0.32725
doctors:0.324
science:0.32275
natural disaster:0.32175
secrets:0.3195
plot twist:0.31625
redemption:0.315
sci fi:0.314
nudity (full frontal - brief):0.31325
inspiring:0.31325
obsession:0.312
fight scenes:0.312
nudity (topless - notable):0.31175
lone hero:0.30725
tragedy:0.306
classic car:0.3055
excellent:0.30475
