world war ii:0.99975
wwii:0.99725
wartime:0.99075
best war films:0.94525
submarine:0.93825
japanese:0.81725
war:0.80025
life & death:0.78175
island:0.77425
japan:0.74925
tokyo:0.739
weapons:0.737
criterion:0.7195
propaganda:0.714
sacrifice:0.70975
ethnic conflict:0.685
original:0.6585
dramatic:0.62925
nazis:0.62725
allegory:0.6215
idealism:0.6065
germany:0.6005
brothers:0.5895
historical:0.586
gunfight:0.571
1930s:0.565
censorship:0.56125
finnish:0.55925
drama:0.558
war movie:0.557
beautiful scenery:0.5465
light:0.5465
gangs:0.5395
courage:0.539
brutality:0.523
runaway:0.5165
dialogue:0.51075
culture clash:0.50425
history:0.501
great movie:0.4985
california:0.49675
nocturnal:0.49625
world war i:0.4895
silent:0.4845
based on a play:0.48225
israel:0.47975
boat:0.47825
nazi:0.47725
us history:0.469
great ending:0.46775
great:0.464
tense:0.46025
melancholic:0.46
suspenseful:0.4585
mentor:0.45
german:0.442
catastrophe:0.4275
talky:0.4225
macabre:0.4215
poland:0.41175
golden palm:0.40475
oscar (best foreign language film):0.40425
politics:0.4035
stereotypes:0.39275
cynical:0.38775
action:0.373
harsh:0.36725
san francisco:0.36725
classic car:0.3655
movielens top pick:0.3655
weird:0.365
male nudity:0.36375
forceful:0.36175
islam:0.36075
bleak:0.354
unusual plot structure:0.35075
drinking:0.3485
goretastic:0.3425
jews:0.33875
middle east:0.3355
police investigation:0.3275
betrayal:0.32675
british:0.3265
not funny:0.32375
beautifully filmed:0.32275
realistic:0.32225
unlikely friendships:0.319
lone hero:0.31775
imdb top 250:0.314
ireland:0.31
enigmatic:0.30875
understated:0.303
dreamlike:0.302
life philosophy:0.2945
story:0.29425
adaptation:0.29325
russian:0.292
bdsm:0.291
gritty:0.29025
prejudice:0.29025
