wuxia:0.99975
martial arts:0.99825
stunning:0.99175
amazing photography:0.9915
visually stunning:0.98675
kung fu:0.9865
china:0.9845
visually appealing:0.9785
visual:0.97575
cinematography:0.97525
beautifully filmed:0.97375
sword fight:0.96925
fight scenes:0.9685
amazing cinematography:0.96825
oscar (best foreign language film):0.96825
breathtaking:0.9625
imdb top 250:0.949
stylized:0.939
colourful:0.92975
storytelling:0.9295
sword fighting:0.92
action:0.89775
beautiful:0.89175
oscar (best directing):0.8715
beautiful scenery:0.8625
sacrifice:0.85225
masterpiece:0.8515
epic:0.84975
story:0.84625
original:0.845
scenic:0.829
great cinematography:0.827
dramatic:0.82425
fighting:0.822
cerebral:0.8115
vengeance:0.79875
assassination:0.798
visuals:0.78425
photography:0.7755
complex:0.76825
philosophy:0.763
assassin:0.7425
mentor:0.74025
mythology:0.73775
idealism:0.73475
allegory:0.73225
political:0.728
destiny:0.72025
narrated:0.71625
artistic:0.71575
reflective:0.71425
passionate:0.714
love story:0.7115
imagination:0.70725
melancholic:0.70625
violence:0.706
enigmatic:0.7005
foreign:0.696
great ending:0.6935
dragons:0.6905
stylish:0.6865
great movie:0.681
good soundtrack:0.669
atmospheric:0.668
absurd:0.66425
great:0.65775
twists & turns:0.65625
dialogue:0.64225
great acting:0.639
awesome soundtrack:0.63875
assassins:0.6315
plot:0.63125
art:0.63125
life & death:0.62875
good acting:0.628
samurai:0.62475
revenge:0.62125
brainwashing:0.61825
intense:0.61625
fantasy world:0.61375
pg-13:0.612
kick-butt women:0.6115
brutality:0.61125
social commentary:0.609
powerful ending:0.6075
meditative:0.606
politics:0.60525
melancholy:0.602
drama:0.59175
weapons:0.59125
betrayal:0.58775
hong kong:0.5785
clever:0.5765
revolution:0.5705
transformation:0.56175
emotional:0.55625
interesting:0.55575
good:0.55375
fast paced:0.5525
philosophical:0.54825
