horrible:0.8975
predictable:0.82975
bad acting:0.8225
so bad it's funny:0.81
awful:0.80425
stupid:0.79875
family:0.76625
original:0.748
pointless:0.74275
bad plot:0.73875
special effects:0.73725
idiotic:0.7275
lame:0.69625
bad:0.684
dialogue:0.6385
children:0.624
kids:0.61
overrated:0.5995
cult film:0.5935
stupid as hell:0.57575
silly:0.5725
catastrophe:0.562
natural disaster:0.55025
disaster:0.5255
computer animation:0.51875
mentor:0.5185
big budget:0.499
fantasy world:0.4775
slapstick:0.47075
ridiculous:0.47
cute!:0.469
fantasy:0.46675
stupidity:0.46075
great ending:0.46
fight scenes:0.44975
bad script:0.44325
destiny:0.43475
fun:0.4345
storytelling:0.433
secrets:0.43225
entirely dialogue:0.4315
cute:0.4275
humorous:0.427
silly fun:0.425
bad cgi:0.41725
first contact:0.4135
action:0.4115
spying:0.4085
teen movie:0.40275
violence:0.398
unfunny:0.39675
shallow:0.3915
fun movie:0.38875
boring:0.38275
internet:0.37275
technology:0.37275
writers:0.36625
multiple storylines:0.359
life philosophy:0.35575
adaptation:0.35425
surreal:0.3535
comedy:0.35325
action packed:0.34925
foul language:0.3455
imdb top 250:0.34
franchise:0.33725
brutality:0.33225
pulp:0.33125
childhood:0.33075
quirky:0.33025
camp:0.32925
redemption:0.32825
feel-good:0.32775
crappy sequel:0.31725
melancholic:0.31225
unusual plot structure:0.30975
cerebral:0.3075
not funny:0.30425
story:0.30375
kung fu:0.30325
feel good movie:0.30275
adventure:0.30225
crude humor:0.30175
runaway:0.299
chase:0.29275
intense:0.29225
lone hero:0.292
entertaining:0.29075
light:0.29075
sci fi:0.29075
rats:0.29025
pornography:0.29
happy ending:0.28925
dumb:0.287
nudity (topless - notable):0.28325
good dialogue:0.282
great acting:0.28025
police investigation:0.2795
clever:0.27875
bad science:0.27875
