relationships:0.986
loneliness:0.93625
independent film:0.93475
drinking:0.933
psychiatry:0.9005
intellectual:0.85675
good soundtrack:0.837
original:0.83525
intimate:0.81525
dialogue:0.805
talky:0.80325
life & death:0.802
social commentary:0.79425
great ending:0.79375
secrets:0.78675
writers:0.7725
pornography:0.76925
life philosophy:0.76575
unlikely friendships:0.7635
drama:0.75375
mentor:0.748
interesting:0.74425
pretentious:0.7365
character study:0.706
great movie:0.7
dark humor:0.69925
depression:0.6965
sex:0.696
cult film:0.6855
unlikeable characters:0.682
great acting:0.6815
melancholic:0.6745
dysfunctional family:0.66475
life:0.66175
excellent script:0.66
humorous:0.657
very interesting:0.655
brutality:0.6495
infidelity:0.6455
friendship:0.63725
entirely dialogue:0.62625
ghosts:0.621
multiple storylines:0.6135
realistic:0.60675
based on a play:0.6045
greed:0.60425
adaptation:0.6035
death:0.599
fun movie:0.596
crime gone awry:0.596
dialogue driven:0.59375
criterion:0.59
narrated:0.5885
male nudity:0.5855
reflective:0.585
weird:0.5825
thought-provoking:0.581
witty:0.581
clever:0.57725
great dialogue:0.576
honest:0.567
complex:0.55925
tragedy:0.5585
underrated:0.55525
cult classic:0.54975
corruption:0.54775
poignant:0.5475
philosophy:0.54575
storytelling:0.544
intense:0.53875
great:0.53125
ensemble cast:0.53075
oscar (best actress):0.5305
melancholy:0.5265
very good:0.52375
mental illness:0.516
tricky:0.51475
artsy:0.51325
nudity (topless - notable):0.51325
very funny:0.51275
good acting:0.50925
catastrophe:0.509
dark hero:0.5085
quirky:0.504
good:0.4995
suicide:0.499
sad:0.49875
grindhouse:0.48825
philosophical:0.4845
new jersey:0.48325
wine:0.4825
powerful ending:0.48
destiny:0.4785
pointless:0.4775
redemption:0.47425
awesome soundtrack:0.473
hotel:0.4665
obsession:0.46475
dark comedy:0.46475
emotional:0.46425
