funniest movies:0.96275
comedy:0.94925
funny as hell:0.9255
hilarious:0.90875
funny:0.88875
chase:0.82625
classic:0.8215
screwball:0.78475
farce:0.76475
absurd:0.75975
original:0.75025
suprisingly clever:0.7405
humorous:0.71675
very funny:0.712
gunfight:0.673
great:0.66775
clever:0.65125
twists & turns:0.6485
screwball comedy:0.64425
movielens top pick:0.64175
unusual plot structure:0.60775
quotable:0.6015
great movie:0.59025
criterion:0.57775
enigmatic:0.5765
dialogue:0.57425
imdb top 250:0.5655
latin america:0.56
great ending:0.55725
humor:0.54275
highly quotable:0.54275
cult classic:0.53975
talky:0.52525
spying:0.5245
secrets:0.5225
culture clash:0.521
runaway:0.5115
time:0.506
fun movie:0.505
witty:0.49775
fast paced:0.48725
goofy:0.48225
conspiracy:0.474
kidnapping:0.47
storytelling:0.46375
parenthood:0.46
suspense:0.452
transformation:0.43675
caper:0.436
insanity:0.433
catastrophe:0.422
affectionate:0.41925
story:0.41675
sarcasm:0.41175
identity:0.4105
original plot:0.40775
slapstick:0.4025
adaptation:0.4025
fun:0.40225
remake:0.39625
vengeance:0.389
cult film:0.3825
perfect:0.382
artistic:0.38075
silly:0.378
silly fun:0.3765
revenge:0.37575
crazy:0.3755
light:0.375
divorce:0.37275
marriage:0.3725
deadpan:0.37125
crude humor:0.36925
dumb but funny:0.36875
off-beat comedy:0.3685
male nudity:0.366
parody:0.36325
saturday night live:0.36225
pg-13:0.36175
alter ego:0.3605
forceful:0.3585
life & death:0.354
classic car:0.35225
espionage:0.35125
lone hero:0.35
beautiful scenery:0.3495
mentor:0.34875
dramatic:0.34625
comic:0.34625
gangsters:0.34525
family:0.3425
art:0.3395
race issues:0.33725
1930s:0.336
redemption:0.3335
visually appealing:0.333
family drama:0.3315
whimsical:0.33
buddy movie:0.3285
action packed:0.3285
