japan:0.94625
hawaii:0.7705
tokyo:0.74275
storytelling:0.733
original:0.72725
scenic:0.72075
cinematography:0.69925
visual:0.69525
story:0.679
harsh:0.6675
great:0.657
visually stunning:0.632
survival:0.62375
allegory:0.622
historical:0.6215
beautifully filmed:0.60875
courage:0.60175
friendship:0.5995
life & death:0.5935
mentor:0.58875
destiny:0.57475
melancholic:0.55875
visually appealing:0.552
island:0.5515
social commentary:0.541
great ending:0.53975
foreign:0.53475
reflective:0.527
suprisingly clever:0.523
beautiful:0.5115
childhood:0.50625
fantasy world:0.49875
19th century:0.49525
great movie:0.49325
breathtaking:0.49225
stunning:0.4905
loneliness:0.4875
unlikely friendships:0.4865
pg-13:0.47725
alien:0.4745
sacrifice:0.4685
life philosophy:0.46575
catastrophe:0.46525
romantic:0.46175
emotional:0.46
1920s:0.458
narrated:0.44675
movielens top pick:0.44275
brutality:0.43925
drama:0.43625
imagination:0.43575
japanese:0.4325
excellent:0.4325
touching:0.43025
immigrants:0.427
aging:0.42675
good soundtrack:0.425
death:0.424
golden palm:0.4215
dramatic:0.41775
transformation:0.40975
secrets:0.40375
redemption:0.40275
dialogue:0.3995
beautiful scenery:0.39875
self discovery:0.3975
culture clash:0.39175
oscar (best foreign language film):0.3895
existentialism:0.38475
cerebral:0.38325
poignant:0.383
enigmatic:0.38175
whimsical:0.377
criterion:0.37475
tragedy:0.3725
solitude:0.37125
good acting:0.36225
irish accent:0.36175
superheroes:0.36025
giant robots:0.35375
art:0.3535
weird:0.34575
melancholy:0.33975
not funny:0.338
unusual plot structure:0.337
bittersweet:0.33225
great acting:0.33175
visuals:0.33025
atheism:0.32625
wartime:0.326
inspirational:0.325
thought-provoking:0.32225
multiple storylines:0.31925
predictable:0.3155
sentimental:0.31525
bleak:0.31425
talky:0.31325
based on true story:0.30675
downbeat:0.3065
clever:0.30575
