medieval:0.98775
king arthur:0.96425
wizards:0.961
mythology:0.91875
magic:0.90075
fantasy:0.90075
visual:0.88875
fantasy world:0.8875
storytelling:0.88025
betrayal:0.86875
sword fight:0.854
adapted from:book:0.84975
good versus evil:0.8495
imagination:0.848
visually stunning:0.841
story:0.835
cinematography:0.82075
historical:0.81925
adaptation:0.81475
original:0.808
high fantasy:0.80725
irish accent:0.8
masterpiece:0.7905
scenic:0.78175
special effects:0.781
quotable:0.76775
beautifully filmed:0.76425
epic:0.75975
based on a book:0.75375
destiny:0.7535
adventure:0.75225
fairy tale:0.74075
mentor:0.7335
good soundtrack:0.70225
imdb top 250:0.69825
great ending:0.695
breathtaking:0.69025
based on book:0.684
england:0.67925
dialogue:0.67625
visually appealing:0.66925
dragons:0.66425
brutality:0.6545
beautiful scenery:0.6545
great movie:0.64925
stunning:0.647
sacrifice:0.64375
enigmatic:0.6425
light:0.63775
interesting:0.6325
good:0.63075
intense:0.6265
childhood:0.6205
classic:0.6185
weapons:0.60975
immortality:0.6055
dark:0.60525
dark fantasy:0.60175
great acting:0.59775
great cinematography:0.5955
history:0.5915
chase:0.5795
vengeance:0.57825
excellent:0.57725
future:0.57325
allegory:0.56525
great:0.56125
bloody:0.5505
fairy tales:0.55025
cult classic:0.54825
literature:0.54675
fight scenes:0.5425
brutal:0.54075
violence:0.5395
redemption:0.53925
harsh:0.53475
whimsical:0.53075
suprisingly clever:0.52625
weird:0.52125
atmospheric:0.51725
modern fantasy:0.51375
original plot:0.51325
excellent script:0.51325
violent:0.51225
transformation:0.51
highly quotable:0.50875
british:0.50425
dramatic:0.50025
good acting:0.5
oscar (best effects - visual effects):0.4995
plot:0.498
bad acting:0.4935
greed:0.491
talky:0.48925
forceful:0.48875
catastrophe:0.488
passionate:0.48575
period piece:0.48475
clever:0.48275
runaway:0.47875
