space:0.9945
astronauts:0.9945
cold war:0.87475
nasa:0.859
space program:0.81525
unusual plot structure:0.81325
parallel universe:0.7765
mars:0.7045
light:0.67875
russian:0.674
fun movie:0.64175
original:0.60475
science:0.60025
space travel:0.571
catastrophe:0.5505
moon:0.549
greed:0.52375
destiny:0.51825
beautiful scenery:0.516
great:0.504
sexual abuse:0.4975
sci fi:0.4725
betrayal:0.4675
mentor:0.466
family drama:0.44475
kung fu:0.43225
unlikely friendships:0.42425
first contact:0.41575
vengeance:0.4085
assassination:0.40225
underrated:0.38775
tokyo:0.3835
island:0.382
scifi cult:0.3765
free speech:0.3735
oil:0.36925
visually appealing:0.3665
too short:0.36125
utopia:0.36125
free to download:0.3605
wilderness:0.35725
great ending:0.3445
storytelling:0.3375
interracial romance:0.33725
irish accent:0.33525
very interesting:0.327
allegory:0.3195
romantic:0.315
nostalgic:0.31375
spanish civil war:0.31325
nocturnal:0.31225
stranded:0.30875
fight scenes:0.30725
culture clash:0.30675
solitude:0.306
bad science:0.306
post apocalyptic:0.30375
low budget:0.30375
race issues:0.30325
teen:0.30175
foreign:0.29975
predictable:0.29575
dialogue:0.2945
bollywood:0.29025
melancholic:0.28625
good soundtrack:0.2835
natural disaster:0.2815
talky:0.27975
redemption:0.27925
japan:0.2785
oscar (best actress):0.27775
snakes:0.27725
made for tv:0.27725
childhood:0.274
canada:0.2735
spy:0.27175
futuristic:0.27175
not funny:0.2655
honest:0.2645
life philosophy:0.26375
brutality:0.26275
dinosaurs:0.25825
father daughter relationship:0.2535
indians:0.25275
grindhouse:0.2525
race:0.24975
secrets:0.24925
pg-13:0.24825
story:0.247
travel:0.2455
monsters:0.2455
gory:0.24525
weapons:0.24275
suprisingly clever:0.242
radio:0.2415
stunning:0.241
stylized:0.23925
reflective:0.239
competition:0.23775
giant robots:0.23675
