comedy:0.94025
pg-13:0.92875
funny:0.826
romantic comedy:0.78325
predictable:0.75325
very funny:0.74175
crude humor:0.67875
original:0.67525
life philosophy:0.66
buddy movie:0.65475
goofy:0.6355
hilarious:0.63375
great ending:0.6215
catastrophe:0.61525
shallow:0.59575
chick flick:0.5605
big budget:0.54775
better than expected:0.543
homeless:0.5415
silly:0.53975
stupid:0.53525
teen movie:0.52
unlikely friendships:0.512
mentor:0.47425
idiotic:0.46125
girlie movie:0.453
fun movie:0.433
funny as hell:0.42775
silly fun:0.4275
unfunny:0.42425
slapstick:0.42025
happy ending:0.42025
bad plot:0.41125
good soundtrack:0.4105
stereotypes:0.403
notable nudity:0.393
family:0.391
dialogue:0.38775
nudity (topless - notable):0.375
twists & turns:0.3685
horrible:0.3675
lame:0.366
destiny:0.36375
stupidity:0.362
drinking:0.3605
friendship:0.35825
wedding:0.357
sexy:0.3525
feel-good:0.34125
so bad it's funny:0.33925
good:0.338
betrayal:0.33225
hawaii:0.326
pointless:0.3165
dumb but funny:0.316
culture clash:0.3145
fight scenes:0.3115
stoner movie:0.30775
fantasy world:0.3055
slackers:0.3015
teen:0.30075
pornography:0.30025
adaptation:0.2995
brutality:0.29675
fun:0.29575
superheroes:0.29425
natural disaster:0.29075
light:0.2875
romantic:0.2855
feel good movie:0.2835
storytelling:0.28325
quirky:0.28325
first contact:0.28175
marriage:0.28175
stupid as hell:0.281
great:0.28075
humorous:0.27925
redemption:0.27675
entertaining:0.27625
story:0.276
dumb:0.27425
runaway:0.27325
amy smart:0.271
alter ego:0.27025
plot:0.26975
nudity (full frontal - brief):0.2695
watch the credits:0.26175
transformation:0.26075
teens:0.2605
disaster:0.26025
franchise:0.25725
special effects:0.25425
sarcasm:0.2535
unlikeable characters:0.253
overrated:0.25225
chase:0.25
bad cgi:0.247
boring:0.247
entirely dialogue:0.2465
childhood:0.24525
