vampires:0.9895
vampire:0.95275
demons:0.9205
ninja:0.89375
samurai:0.883
blood:0.8755
original:0.82825
splatter:0.79075
fight scenes:0.766
brutality:0.761
action:0.7435
anime:0.73275
violence:0.726
sword fight:0.72225
gore:0.71775
gory:0.71375
graphic novel:0.71025
adaptation:0.68325
stylized:0.67775
sword fighting:0.67475
bloody:0.6465
revenge:0.64125
goretastic:0.637
immortality:0.61675
dark hero:0.61625
japan:0.61625
bad cgi:0.605
nocturnal:0.57525
tokyo:0.5645
hunting:0.56325
weapons:0.549
fantasy world:0.54825
storytelling:0.544
stylish:0.54075
vengeance:0.5095
special effects:0.49275
good action:0.487
alter ego:0.4865
so bad it's funny:0.47025
predictable:0.46825
story:0.46275
dialogue:0.4625
animation:0.46125
murder:0.443
finnish:0.43525
cgi:0.43325
mentor:0.4315
harsh:0.41925
fast paced:0.409
fighting:0.39825
monster:0.3965
brutal:0.3925
bad plot:0.39125
nudity (topless):0.3895
transformation:0.37075
cool:0.366
great ending:0.3645
catastrophe:0.36275
good soundtrack:0.3555
based on a comic:0.35225
visually stunning:0.34725
stop motion:0.3435
cult classic:0.342
not funny:0.3405
grindhouse:0.3385
gratuitous violence:0.33675
vigilante:0.33075
alternate history:0.32675
corruption:0.32475
super hero:0.3195
lone hero:0.3185
greed:0.3165
adventure:0.315
violent:0.314
bad acting:0.30125
destiny:0.29875
torture:0.29575
alternate reality:0.29525
nudity (full frontal - brief):0.293
hit men:0.291
heroine:0.2905
chase:0.29025
multiple storylines:0.29
male nudity:0.2885
life philosophy:0.28675
entirely dialogue:0.28575
dragons:0.2835
comic:0.278
unusual plot structure:0.27775
assassination:0.27725
monsters:0.274
visually appealing:0.26875
martial arts:0.268
betrayal:0.266
visual:0.26425
twists & turns:0.2635
fun:0.26225
melancholic:0.26225
adapted from:book:0.2595
weird:0.25825
