70mm:0.981
history:0.97975
historical:0.95125
us history:0.915
gunfight:0.89775
slavery:0.895
mentor:0.86425
courage:0.822
sacrifice:0.80925
texas:0.786
great movie:0.749
original:0.74075
great:0.7195
factual:0.658
epic:0.6495
california:0.62475
vengeance:0.61825
great ending:0.59725
beautiful scenery:0.596
oscar (best sound):0.5805
destiny:0.573
forceful:0.564
runaway:0.5625
mexico:0.54225
civil war:0.54
freedom:0.53475
dialogue:0.5335
adventure:0.52525
justice:0.525
death:0.5215
oscar (best cinematography):0.52025
story:0.5025
chase:0.494
good:0.491
western:0.48225
good soundtrack:0.482
harsh:0.48125
dramatic:0.47825
catastrophe:0.47675
period piece:0.47625
culture clash:0.476
cinematography:0.4635
highly quotable:0.45875
talky:0.4575
great cinematography:0.45275
action:0.4505
scenic:0.44975
revenge:0.44525
true story:0.4235
oscar (best directing):0.42275
war:0.41575
excellent:0.41575
greed:0.41425
brutality:0.41
quotable:0.397
suprisingly clever:0.3905
big budget:0.3815
oscar:0.381
lone hero:0.3795
rebellion:0.3775
revolution:0.3695
violent:0.36825
fun movie:0.3675
time:0.3655
drama:0.3605
indians:0.35675
adaptation:0.3565
drinking:0.3545
long:0.35325
corruption:0.353
not funny:0.35
unlikely friendships:0.348
romantic:0.346
murder:0.34325
prejudice:0.34275
too long:0.34075
1960s:0.33925
good action:0.33875
best war films:0.333
storytelling:0.3325
complex:0.331
imdb top 250:0.33075
sentimental:0.32875
intense:0.3265
redemption:0.326
predictable:0.32425
fighting:0.323
underrated:0.323
melancholic:0.32275
clever:0.321
pornography:0.32075
nudity (full frontal - brief):0.3195
obsession:0.316
violence:0.3155
based on a book:0.3155
friendship:0.31525
betrayal:0.31475
military:0.30325
irish accent:0.30225
race:0.301
