1960s:0.9475
nostalgic:0.8695
pornography:0.81525
sexuality:0.8105
teen movie:0.80625
sex:0.7945
sexy:0.7445
fun movie:0.7425
original:0.741
sexual:0.71425
teen:0.68825
good soundtrack:0.6875
adolescence:0.635
friendship:0.6175
runaway:0.6055
period piece:0.59075
romantic:0.574
shallow:0.5645
story:0.56075
girlie movie:0.5545
women:0.5345
teens:0.5335
storytelling:0.515
fun:0.514
coming of age:0.50975
nostalgia:0.50825
dialogue:0.5025
childhood:0.501
light:0.49575
1950s:0.4925
romance:0.469
great ending:0.46475
censorship:0.464
life philosophy:0.4485
mentor:0.4455
classic:0.444
goofy:0.44375
criterion:0.43725
revenge:0.42225
entertaining:0.418
nudity:0.41775
comedy:0.41625
honest:0.4145
bittersweet:0.41325
camp:0.41325
coming-of-age:0.413
catastrophe:0.41175
justice:0.405
bullying:0.3975
80s:0.3955
slapstick:0.39225
relationships:0.38875
nudity (full frontal - brief):0.37125
school:0.36375
erotic:0.36075
predictable:0.3605
chocolate:0.359
unlikely friendships:0.3555
new jersey:0.35475
silly fun:0.34925
not funny:0.3475
good:0.33675
entirely dialogue:0.3345
new york city:0.33
fast paced:0.33
fish:0.3285
great:0.32575
brutality:0.32525
family:0.325
drama:0.3195
jazz:0.31875
multiple storylines:0.312
stereotypes:0.31
guilty pleasure:0.302
dancing:0.29925
talky:0.29425
nudity (topless - notable):0.29375
nudity (rear):0.2915
virginity:0.2895
road movie:0.28825
passionate:0.288
bad plot:0.2875
cult classic:0.283
underrated:0.281
dramatic:0.2785
gangsters:0.27825
good action:0.27675
alternate history:0.276
teacher:0.2745
witty:0.274
quirky:0.2735
notable nudity:0.27175
transformation:0.27175
very funny:0.27075
destiny:0.2665
nudity (topless):0.2655
classic car:0.265
remake:0.265
life & death:0.26325
emotional:0.26275
