space:0.999
scifi:0.9935
sci fi:0.98875
sci-fi:0.97775
space opera:0.96375
science fiction:0.92575
special effects:0.867
androids:0.8075
mars:0.80175
first contact:0.791
original:0.75875
robot:0.72725
mad scientist:0.68
so bad it's funny:0.6715
future:0.63025
robots:0.61575
silly:0.615
science:0.61225
alien:0.6105
stranded:0.60675
adventure:0.60575
big budget:0.59375
predictable:0.59
bad:0.58225
futuristic:0.57725
aliens:0.56575
dialogue:0.55375
catastrophe:0.54325
effects:0.53625
fun movie:0.5335
astronauts:0.53075
visual:0.52225
story:0.52125
weird:0.52025
bad science:0.515
natural disaster:0.50275
campy:0.48975
absurd:0.4895
awful:0.48775
lame:0.475
visually appealing:0.4625
great ending:0.4545
parallel universe:0.444
transformation:0.43275
mentor:0.43175
action:0.4285
god:0.426
idiotic:0.4165
low budget:0.409
giant robots:0.40025
monster:0.39525
fun:0.392
stupid as hell:0.3785
creativity:0.36725
bad plot:0.36575
cool:0.36225
bad ending:0.36025
very funny:0.35975
stupidity:0.3505
pg-13:0.34875
unusual plot structure:0.3465
entertaining:0.34575
silly fun:0.3435
stupid:0.34175
quirky:0.34
redemption:0.3385
pulp:0.33425
brutality:0.333
cheesy:0.3315
pointless:0.32775
great:0.32575
nudity (topless - notable):0.3255
cult film:0.32325
family:0.32325
fantasy world:0.3215
melancholic:0.319
bad acting:0.31775
light:0.31375
visceral:0.3135
overrated:0.313
surreal:0.31175
fight scenes:0.3105
runaway:0.30975
entirely dialogue:0.3065
good soundtrack:0.304
action packed:0.30025
fantasy:0.29925
life philosophy:0.293
clones:0.28925
clever:0.2875
bad cgi:0.28725
utopia:0.28575
destiny:0.28275
visually stunning:0.2815
humorous:0.2815
adaptation:0.2815
plot:0.281
romance:0.281
franchise:0.2795
crude humor:0.276
