cartoon:0.96325
animation:0.8805
animals:0.85975
children:0.8495
talking animals:0.837
innocence lost:0.80625
kids:0.7645
cute!:0.759
original:0.759
childhood:0.72675
animated:0.7065
cute:0.698
kids and family:0.6895
violence:0.62125
family:0.60225
computer animation:0.56525
80s:0.56375
predictable:0.544
storytelling:0.5225
toys:0.48875
violent:0.47425
mentor:0.468
adoption:0.4635
dialogue:0.45175
brainwashing:0.44675
catastrophe:0.433
franchise:0.42625
fantasy:0.4215
death:0.421
bad plot:0.41975
friendship:0.41225
great ending:0.4085
overrated:0.40575
brutality:0.405
unlikely friendships:0.398
adaptation:0.369
fantasy world:0.36575
destiny:0.363
first contact:0.36225
sweet:0.361
1980s:0.35775
redemption:0.35225
adventure:0.3425
cult film:0.3415
camp:0.34
entirely dialogue:0.334
pornography:0.33225
fun:0.33125
fight scenes:0.33125
fun movie:0.32725
great:0.32675
pointless:0.326
ninja:0.325
not funny:0.32475
unusual plot structure:0.321
so bad it's funny:0.32075
jungle:0.30975
good soundtrack:0.3075
compassionate:0.3075
natural disaster:0.30575
good:0.30525
happy ending:0.303
writers:0.29475
greed:0.29325
disney:0.293
silly fun:0.29125
teen movie:0.291
story:0.289
lone hero:0.2835
scary:0.2825
shallow:0.28125
nostalgic:0.2765
orphans:0.2735
melancholic:0.2725
vengeance:0.266
culture clash:0.26425
weird:0.2555
police investigation:0.25475
life philosophy:0.251
simple:0.2485
sci fi:0.24825
morality:0.246
lions:0.246
social commentary:0.24525
product placement:0.245
stylized:0.24425
clones:0.244
bullying:0.243
visually stunning:0.24175
disaster:0.24075
runaway:0.24
dinosaurs:0.23825
classic:0.23775
memory:0.2375
oscar (best directing):0.2365
quirky:0.2365
technology:0.2345
criterion:0.23175
visuals:0.23175
romantic:0.2285
