vigilante:0.976
sequel:0.94325
sequels:0.93925
good sequel:0.92775
vigilantism:0.9275
irish:0.8575
irish accent:0.835
boston:0.83325
original:0.79925
action:0.7945
vengeance:0.748
dialogue:0.6805
bad acting:0.66625
crappy sequel:0.6495
justice:0.6455
original plot:0.588
revenge:0.57475
plot:0.552
corruption:0.54725
disappointing:0.547
gunfight:0.54325
queer:0.54
pointless:0.52
brothers:0.51675
horrible:0.51375
action packed:0.51325
cult classic:0.50475
mentor:0.48775
violence:0.4875
coen bros:0.48125
crime:0.48125
betrayal:0.4795
gangsters:0.4795
stylized:0.466
organized crime:0.461
fight scenes:0.46
great ending:0.45825
catastrophe:0.45625
lame:0.45325
franchise:0.45025
murder:0.443
good soundtrack:0.439
so bad it's funny:0.43375
story:0.43325
good:0.42925
brutality:0.41425
dynamic cgi action:0.411
stereotypes:0.40575
life philosophy:0.401
nudity (topless):0.396
fun movie:0.39025
great:0.384
predictable:0.38375
suprisingly clever:0.3835
good action:0.38225
pg-13:0.37825
bad plot:0.37625
storytelling:0.37525
nudity (topless - notable):0.3585
entirely dialogue:0.3555
sexy:0.35275
cool:0.3505
immortality:0.348
shallow:0.34775
violent:0.34475
mafia:0.3435
redemption:0.34075
nudity (full frontal - brief):0.33625
better than expected:0.3285
awful:0.32125
goofy:0.31975
culture clash:0.3135
bad ending:0.31175
pornography:0.31
quirky:0.30975
ireland:0.304
gratuitous violence:0.30375
cult film:0.303
notable nudity:0.2995
twist ending:0.2945
mission from god:0.2915
trilogy:0.29025
gay:0.29
twists & turns:0.28775
dark humor:0.287
male nudity:0.28475
harsh:0.28175
stylish:0.28175
entertaining:0.2815
slapstick:0.2815
clever:0.2805
solitude:0.27675
life & death:0.273
adaptation:0.2705
bad:0.27
comedy:0.26475
silly:0.26325
lone hero:0.26275
visually appealing:0.26175
assassin:0.2605
