stop motion:0.98975
based on book:0.98325
adapted from:book:0.9815
based on a book:0.9775
stop-motion:0.97525
animation:0.96825
fantasy:0.89925
surreal:0.89275
imagination:0.85775
original:0.84725
fantasy world:0.81525
adaptation:0.802
books:0.79675
good soundtrack:0.7755
visually stunning:0.76275
book:0.76025
animated:0.75875
roald dahl:0.7585
computer animation:0.74375
weird:0.7315
disney:0.7115
children:0.70075
family:0.70075
animals:0.695
colourful:0.67825
childhood:0.669
adventure:0.667
talking animals:0.66375
book was better:0.66225
magic:0.649
spiders:0.648
dreams:0.64075
dark fantasy:0.62275
story:0.58925
chocolate:0.57875
fairy tale:0.572
visually appealing:0.56225
great:0.55475
musical:0.55025
great movie:0.52925
good:0.5265
animal movie:0.5165
distopia:0.50775
whimsical:0.49225
great ending:0.481
runaway:0.4655
claymation:0.4525
surrealism:0.4505
orphans:0.4365
new york city:0.43375
visual:0.43225
dialogue:0.428
storytelling:0.4265
dreamlike:0.42225
author:neil gaiman:0.41675
unlikely friendships:0.41375
cartoon:0.4085
catastrophe:0.40825
fun movie:0.4055
pg:0.39175
melancholic:0.384
literature:0.381
clever:0.3785
absurd:0.37625
stylized:0.3695
fun:0.36875
mentor:0.3675
cult film:0.36725
classic:0.36725
happy ending:0.3635
brutality:0.35925
artistic:0.3545
kids and family:0.34375
friendship:0.3395
suprisingly clever:0.33875
dark:0.33775
pirates:0.335
quirky:0.33425
greed:0.3335
entertaining:0.33025
action:0.3265
very good:0.3205
bizarre:0.319
pornography:0.318
visuals:0.31375
sexualized violence:0.31225
disney animated feature:0.31175
redemption:0.31025
dark hero:0.3075
culture clash:0.306
life philosophy:0.3045
harsh:0.30275
witches:0.30225
creativity:0.29875
talky:0.29825
modern fantasy:0.29825
violence:0.2945
beautifully filmed:0.29425
stylish:0.29325
eccentricity:0.293
