world war ii:0.998
wartime:0.98525
germany:0.97925
nazis:0.94525
dramatic:0.941
german:0.93325
history:0.90725
historical:0.90525
best war films:0.89825
nazi:0.8885
wwii:0.874
war:0.785
factual:0.76375
british:0.71775
drama:0.7035
us history:0.6855
original:0.6695
catastrophe:0.6525
true story:0.629
jews:0.60425
dialogue:0.5875
propaganda:0.57325
black and white:0.5455
based on a book:0.54525
great:0.5335
war movie:0.52675
submarine:0.52425
based on book:0.52075
story:0.515
ethnic conflict:0.51425
excellent:0.49725
sacrifice:0.4935
realistic:0.493
special effects:0.487
mentor:0.482
oscar winner:0.46375
oscar (best directing):0.462
courage:0.46175
runaway:0.4615
light:0.4385
bombs:0.43825
politics:0.43825
allegory:0.43425
good:0.43075
good acting:0.43
culture clash:0.4295
good action:0.42225
very good:0.42125
great ending:0.4195
classic:0.415
movielens top pick:0.4125
suprisingly clever:0.40525
london:0.40475
forceful:0.40375
exciting:0.39925
oscar (best foreign language film):0.39525
england:0.39275
imdb top 250:0.3915
idealism:0.39075
prejudice:0.38475
epic:0.3795
good soundtrack:0.373
berlin:0.37125
adventure:0.36775
world war i:0.363
unlikely friendships:0.3625
transformation:0.36075
betrayal:0.35775
fighting:0.357
spying:0.35675
segregation:0.3505
adapted from:book:0.3505
unusual plot structure:0.34825
not funny:0.34825
earnest:0.34375
original plot:0.3425
powerful ending:0.3415
brutality:0.335
torture:0.331
awesome soundtrack:0.3295
beautiful scenery:0.329
fantasy world:0.328
weapons:0.327
moral ambiguity:0.326
survival:0.32375
good versus evil:0.323
action:0.32275
narrated:0.322
poland:0.31775
period piece:0.31675
race issues:0.31
books:0.30175
honest:0.29875
fun movie:0.297
friendship:0.29225
criterion:0.291
based on true story:0.29025
melancholic:0.2865
oscar (best cinematography):0.28575
family drama:0.281
