drug abuse:0.996
drug addiction:0.9955
drugs:0.99025
addiction:0.983
mentor:0.93625
heroin:0.93025
true story:0.919
based on a book:0.914
based on true story:0.906
based on a true story:0.8845
great acting:0.843
weed:0.834
good soundtrack:0.82625
pornography:0.797
school:0.76025
sexualized violence:0.7495
original:0.741
adolescence:0.73925
violence:0.73275
powerful ending:0.7285
adapted from:book:0.72825
intense:0.72525
redemption:0.72325
social commentary:0.691
independent film:0.68275
teen movie:0.66775
brutality:0.66575
harsh:0.65675
friendship:0.6505
based on book:0.65025
male nudity:0.6405
very good:0.6405
drinking:0.63975
teen:0.6365
drama:0.635
violent:0.63025
runaway:0.6205
corruption:0.61475
gangsters:0.60375
life philosophy:0.602
teenager:0.6015
unlikely friendships:0.595
storytelling:0.57525
teens:0.57525
new york city:0.5715
adaptation:0.57
gritty:0.5635
good:0.56075
rebellion:0.55825
underrated:0.558
childhood:0.54075
high school:0.53
life:0.5215
disturbing:0.51975
great:0.5165
coming of age:0.5145
books:0.514
realistic:0.5135
very interesting:0.513
journalism:0.505
depression:0.50425
crime gone awry:0.504
narrated:0.50275
cult film:0.50225
teenagers:0.4995
cult classic:0.499
honest:0.492
great ending:0.49
brutal:0.4875
dreams:0.48625
gangs:0.486
great movie:0.48275
dramatic:0.481
heartbreaking:0.47475
free speech:0.4735
interesting:0.46475
basketball:0.462
censorship:0.462
good acting:0.4595
life & death:0.4575
pg-13:0.4575
revenge:0.44625
dialogue:0.4405
book:0.44025
catastrophe:0.44025
prostitution:0.43875
vengeance:0.4205
story:0.419
justice:0.41825
bullying:0.413
nudity (topless - notable):0.4115
new york:0.41
sexual abuse:0.4095
new jersey:0.40325
1970s:0.39925
dark hero:0.3975
stereotypes:0.392
downbeat:0.39125
road movie:0.38725
coming-of-age:0.38625
