relationships:0.9785
drama:0.96675
loneliness:0.9635
melancholic:0.945
love:0.9385
depression:0.89275
intimate:0.88225
romantic:0.873
obsession:0.86775
love triangles:0.826
downbeat:0.81825
character study:0.8135
suicide attempt:0.7795
california:0.76625
romance:0.7645
marriage:0.75075
new york city:0.74625
depressing:0.7415
jewish:0.7415
nocturnal:0.73575
great acting:0.7235
talky:0.71275
love story:0.7095
complex:0.6905
good soundtrack:0.6795
intense:0.67175
parenthood:0.66775
family drama:0.66525
sexy:0.657
exceptional acting:0.65025
reflective:0.643
original:0.63925
very interesting:0.626
melancholy:0.6245
visually appealing:0.62375
bleak:0.62225
bittersweet:0.6125
suicide:0.61075
realistic:0.60425
mental illness:0.6035
life philosophy:0.59325
indie:0.58975
nudity (full frontal - notable):0.58275
dysfunctional family:0.581
criterion:0.57825
psychological:0.576
great ending:0.56675
crime gone awry:0.56625
family bonds:0.564
gangsters:0.55825
divorce:0.555
pornography:0.555
infidelity:0.54025
independent film:0.53475
dialogue:0.53175
grindhouse:0.52925
enigmatic:0.52375
brutality:0.52025
oscar (best supporting actress):0.518
new york:0.50975
cinematography:0.50975
emotional:0.507
multiple storylines:0.50425
honest:0.5005
immigrants:0.49525
jews:0.48075
stylized:0.479
cathartic:0.478
shallow:0.476
happy ending:0.468
culture clash:0.46225
drinking:0.4605
great soundtrack:0.459
tense:0.45725
interracial romance:0.4555
1970s:0.45375
complicated:0.45375
sweet:0.4505
adultery:0.449
twists & turns:0.44725
complex characters:0.44425
good acting:0.44225
narrated:0.44025
claustrophobic:0.43725
psychology:0.43625
heartbreaking:0.43625
affectionate:0.43375
suprisingly clever:0.43275
suburbia:0.4325
oscar (best writing - screenplay written directly for the screen):0.43225
oscar (best actress):0.43075
harsh:0.42975
weird:0.4295
runaway:0.4295
oscar (best directing):0.4235
women:0.423
drugs:0.42025
catastrophe:0.41775
quirky:0.4165
judaism:0.41575
