police investigation:0.8785
murder:0.8535
chase:0.846
revenge:0.83075
lawyer:0.79475
thriller:0.78075
lawyers:0.7255
suspense:0.695
murder mystery:0.66525
prison:0.659
plot holes:0.65625
catastrophe:0.65175
plot:0.647
crime:0.6445
predictable:0.63875
original:0.631
betrayal:0.629
good:0.60225
new orleans:0.599
girlie movie:0.59475
women:0.583
vengeance:0.582
runaway:0.578
corruption:0.57275
nudity (topless - brief):0.56875
great ending:0.55175
good action:0.55025
pg-13:0.5345
suspenseful:0.5345
sexualized violence:0.53325
action:0.51625
secrets:0.50275
conspiracy:0.49725
mentor:0.49175
first contact:0.4915
manipulation:0.49025
sexy:0.467
investigation:0.46325
courtroom:0.46275
internet:0.45675
twists & turns:0.451
justice:0.445
happy ending:0.4345
guilt:0.434
nudity (rear):0.42675
bad plot:0.42625
better than expected:0.4245
san francisco:0.42275
big budget:0.4215
story:0.4185
cheating:0.412
destiny:0.40975
bad script:0.4045
dialogue:0.398
secret service:0.393
very interesting:0.38375
fast paced:0.3825
identity:0.3815
entertaining:0.37275
not funny:0.37175
pornography:0.36775
life philosophy:0.36725
divorce:0.36525
culture clash:0.365
plot twist:0.365
clever:0.36275
drama:0.361
natural disaster:0.3565
adoption:0.35375
nudity (full frontal - brief):0.35
bad ending:0.344
action packed:0.33875
chick flick:0.33575
greed:0.32975
great:0.3295
unfunny:0.3285
car chase:0.326
stereotypes:0.322
fantasy world:0.32075
interesting:0.31575
family:0.31525
marriage:0.315
lone hero:0.3115
unrealistic:0.31075
so bad it's funny:0.31075
lame:0.3055
twist:0.3055
cars:0.29975
good acting:0.2985
no plot:0.2865
surprise ending:0.2865
alternate universe:0.28575
weapons:0.28325
oscar winner:0.28275
adaptation:0.27575
light:0.2735
blindness:0.26625
romantic:0.2655
death:0.2635
great acting:0.263
