history:0.9685
indians:0.96125
historical:0.893
us history:0.8735
adventure:0.8675
civil war:0.815
fun movie:0.80875
courage:0.7375
original:0.70075
childhood:0.70025
native americans:0.69325
factual:0.69325
family:0.65725
series:0.6535
buddy movie:0.61575
dialogue:0.61225
fun:0.61125
destiny:0.611
good:0.588
mentor:0.5835
weapons:0.5815
texas:0.56775
great movie:0.56
kids:0.55175
disney:0.55075
immortality:0.54975
fighting:0.542
runaway:0.52825
action:0.523
story:0.522
war:0.505
honest:0.4995
great:0.49875
california:0.4935
nostalgic:0.49125
sacrifice:0.4895
great ending:0.48925
catastrophe:0.48925
gunfight:0.4865
kids and family:0.47
children:0.45625
special effects:0.4545
good action:0.42525
fight scenes:0.42075
franchise:0.4035
lone hero:0.3985
culture clash:0.398
toys:0.39775
cool:0.395
magic:0.39425
underdog:0.39375
cartoon:0.39075
pg-13:0.3895
exciting:0.38525
good soundtrack:0.384
epic:0.3825
light:0.37925
period piece:0.3785
love story:0.37725
camp:0.3765
alternate history:0.369
chase:0.36475
vengeance:0.3605
goofy:0.36025
fantasy:0.3595
friendship:0.35225
oscar (best directing):0.35125
ethnic conflict:0.351
politics:0.34525
stereotypes:0.3415
nostalgia:0.341
earnest:0.34025
storytelling:0.34
romantic:0.3395
political:0.33925
original plot:0.338
entertaining:0.33775
redemption:0.3305
predictable:0.32875
silly:0.3285
prejudice:0.324
clever:0.32375
unusual plot structure:0.32225
freedom:0.32025
brutality:0.31925
awesome soundtrack:0.31775
slavery:0.31225
not funny:0.31075
narrated:0.30525
technology:0.30475
happy ending:0.303
oscar winner:0.30175
sentimental:0.30125
swashbuckler:0.301
simple:0.299
silly fun:0.29775
good versus evil:0.2965
unlikely friendships:0.293
computer animation:0.2925
death:0.2905
