pornography:0.99625
sexual:0.847
documentary:0.845
disturbing:0.81175
sexual abuse:0.782
sex:0.765
social commentary:0.7605
sexy:0.72625
controversial:0.70875
brutal:0.69275
original:0.67725
erotic:0.6465
internet:0.62125
male nudity:0.6055
brutality:0.60275
sexualized violence:0.59825
rape:0.59525
torture:0.58625
betrayal:0.5725
harsh:0.54425
runaway:0.54075
corruption:0.53875
psychological:0.5255
very interesting:0.519
goofy:0.51375
weird:0.505
great ending:0.496
nudity (topless):0.49475
pointless:0.4945
manipulation:0.48075
nudity (full frontal - brief):0.4785
demons:0.4775
allegory:0.4705
obsession:0.46875
sexuality:0.46675
intense:0.464
suspense:0.462
interesting:0.45975
hard to watch:0.45825
good:0.45275
mentor:0.44
melancholic:0.43975
violence:0.4375
drug abuse:0.425
predictable:0.4245
california:0.42125
grindhouse:0.42025
enigmatic:0.41775
serial killer:0.41675
goretastic:0.41175
life philosophy:0.41175
catastrophe:0.407
murder:0.40525
existentialism:0.39775
destiny:0.39775
gangs:0.396
nudity (full frontal - notable):0.3955
dialogue:0.3925
psychology:0.38775
franchise:0.376
vengeance:0.365
good soundtrack:0.3585
police investigation:0.35825
family:0.356
bad plot:0.35575
guilt:0.3475
not funny:0.34625
life & death:0.3395
lone hero:0.337
mockumentary:0.3345
adaptation:0.332
censorship:0.32825
character study:0.328
paranoid:0.32525
death:0.32275
storytelling:0.32025
voyeurism:0.3185
80s:0.317
good action:0.31675
honest:0.31575
queer:0.31475
workplace:0.3135
sad:0.3115
stylized:0.311
first contact:0.31
overrated:0.30975
women:0.3065
redemption:0.3005
prostitution:0.29875
thought-provoking:0.297
identity:0.297
intimate:0.2965
criterion:0.29525
fake documentary:0.295
oil:0.29475
slapstick:0.29225
kidnapping:0.292
fantasy world:0.29
morality:0.29
nudity (topless - notable):0.289
