historical:0.98725
costume drama:0.986
england:0.96525
history:0.952
biographical:0.93475
period piece:0.9225
us history:0.872
18th century:0.83525
spain:0.7885
betrayal:0.78775
destiny:0.7765
cinematography:0.739
visually stunning:0.7295
swashbuckler:0.685
revolution:0.68325
dramatic:0.682
original:0.67225
spanish:0.653
love story:0.643
good:0.63075
british:0.62625
drama:0.60425
medieval:0.59025
factual:0.5885
biopic:0.58525
oscar (best actress):0.56875
passionate:0.565
stunning:0.558
romantic:0.55325
catholicism:0.53675
catastrophe:0.534
rebellion:0.5275
sacrifice:0.51725
great:0.51475
london:0.511
girlie movie:0.5075
romance:0.5075
pg-13:0.507
transformation:0.50675
oscar:0.5065
great cinematography:0.503
epic:0.503
beautiful scenery:0.4995
based on true story:0.4885
story:0.4845
dialogue:0.4785
big budget:0.47825
biography:0.47525
great acting:0.46675
sequels:0.4635
visually appealing:0.458
light:0.455
complex:0.44825
good soundtrack:0.4435
enigmatic:0.44025
storytelling:0.43475
adaptation:0.43375
great ending:0.4335
conspiracy:0.42925
aging:0.42825
fantasy world:0.42425
plot:0.42375
1930s:0.41825
good acting:0.418
visual:0.416
culture clash:0.415
great movie:0.40875
freedom:0.3905
mentor:0.389
oscar (best directing):0.38875
politics:0.38725
scotland:0.3865
brutality:0.38575
writers:0.3815
very interesting:0.3815
entertaining:0.37725
vengeance:0.3705
adventure:0.366
oscar (best supporting actress):0.363
excellent:0.36125
civil war:0.3565
runaway:0.35575
beautifully filmed:0.3525
shallow:0.35225
assassin:0.351
1920s:0.3495
prejudice:0.349
intense:0.34875
justice:0.34825
not funny:0.34475
good sequel:0.3425
greed:0.3415
idealism:0.3365
fairy tale:0.336
based on a book:0.33325
suprisingly clever:0.32625
original plot:0.326
predictable:0.31575
scenic:0.3155
better than expected:0.3135
