golf:0.99675
sports:0.97625
mentor:0.9195
feel-good:0.90025
feel good movie:0.8585
redemption:0.769
oscar (best directing):0.752
great:0.727
story:0.71725
destiny:0.7045
original:0.67175
inspirational:0.6705
inspiring:0.66725
great movie:0.66475
good:0.65975
life philosophy:0.6545
football:0.6165
underdog:0.6155
sentimental:0.60825
life & death:0.60775
nostalgic:0.58275
life:0.579
big budget:0.57775
cinematography:0.5715
storytelling:0.571
dramatic:0.56675
predictable:0.55175
catastrophe:0.544
pg-13:0.5425
mythology:0.53325
1930s:0.52625
transformation:0.52325
narrated:0.522
poker:0.49975
great ending:0.49675
existentialism:0.49025
good story:0.486
excellent:0.46975
fantasy:0.46825
dialogue:0.451
first contact:0.436
period piece:0.431
based on a book:0.42675
powerful ending:0.4265
allegory:0.41075
whimsical:0.40575
good soundtrack:0.39075
childhood:0.386
drama:0.38125
happy ending:0.37725
adaptation:0.37325
based on book:0.37075
love story:0.3705
basketball:0.3705
beautiful scenery:0.36775
segregation:0.36525
earnest:0.36375
not funny:0.359
touching:0.35425
based on true story:0.35325
beautifully filmed:0.35075
video game:0.3425
underrated:0.3425
very good:0.33625
oscar:0.336
courage:0.3345
fantasy world:0.33425
fight scenes:0.32825
romance:0.32025
adventure:0.31975
adapted from:book:0.31925
special effects:0.316
oscar winner:0.315
entertaining:0.31475
fighting:0.3145
romantic:0.3135
good acting:0.31325
reflective:0.3125
visual:0.31125
sappy:0.31075
shallow:0.3105
metaphysics:0.30875
runaway:0.308
oscar (best supporting actress):0.30725
fun movie:0.307
overrated:0.30525
great acting:0.3045
light:0.30325
chase:0.3025
vengeance:0.2965
small town:0.2955
justice:0.2925
enigmatic:0.292
honest:0.29025
culture clash:0.28925
friendship:0.284
lone hero:0.28225
solitude:0.27775
alternate history:0.2755
interesting:0.27475
