father daughter relationship:0.9355
chick flick:0.92775
girlie movie:0.90025
sisters:0.88025
family:0.78
predictable:0.74875
original:0.71375
drama:0.6895
shallow:0.677
comedy:0.624
bad plot:0.603
family bonds:0.60075
dysfunctional family:0.597
destiny:0.5575
romantic comedy:0.52925
feel-good:0.5215
horrible:0.5155
relationships:0.5065
bittersweet:0.489
family drama:0.48875
mentor:0.47875
catastrophe:0.4775
pg-13:0.46725
happy ending:0.4665
death:0.464
tear jerker:0.459
exceptional acting:0.457
divorce:0.455
writers:0.44975
dialogue:0.441
first contact:0.4345
overrated:0.4345
based on a book:0.4275
fantasy world:0.425
feel good movie:0.42175
great ending:0.4205
story:0.41525
pointless:0.40575
based on book:0.39825
women:0.3815
light:0.38025
brutality:0.378
hospital:0.36025
storytelling:0.359
emotional:0.35725
boring:0.35525
sentimental:0.353
runaway:0.35175
unfunny:0.351
gangsters:0.349
childhood:0.34875
life philosophy:0.34225
good:0.3395
bad:0.33825
life & death:0.3375
great:0.3375
stereotypes:0.33575
culture clash:0.3345
not funny:0.332
natural disaster:0.331
shopping:0.33
fun:0.32975
adaptation:0.32275
internet:0.3225
quirky:0.32125
love story:0.321
good soundtrack:0.3195
romantic:0.31775
nudity (full frontal - brief):0.31
disaster:0.306
chase:0.30025
single father:0.299
justice:0.2985
slapstick:0.29825
vengeance:0.29675
so bad it's funny:0.29625
touching:0.296
life:0.295
entirely dialogue:0.29175
memory loss:0.2915
lone hero:0.29
melancholic:0.28975
remake:0.28275
very funny:0.2815
fight scenes:0.277
multiple storylines:0.27475
cute:0.2735
cancer:0.266
pornography:0.262
doctors:0.2575
weapons:0.2565
books:0.256
idiotic:0.254
no plot:0.2525
parenthood:0.25225
sweet:0.25075
absurd:0.24525
dramatic:0.2435
boring!:0.24325
crude humor:0.24325
