road trip:0.96825
meditative:0.9665
melancholic:0.9455
intimate:0.91725
weird:0.8575
solitude:0.84425
nature:0.7885
original:0.78125
scenic:0.7675
existentialism:0.759
visually appealing:0.751
loneliness:0.74375
reflective:0.72925
talky:0.72625
independent film:0.72025
stoner movie:0.71875
unlikely friendships:0.707
enigmatic:0.705
friendship:0.701
dialogue:0.6945
pretentious:0.685
golden palm:0.67775
cinematography:0.673
wilderness:0.66075
lyrical:0.659
road movie:0.622
cerebral:0.6165
relationships:0.61225
stylized:0.611
pointless:0.607
bleak:0.5935
beautifully filmed:0.5715
storytelling:0.56525
philosophy:0.55575
social commentary:0.55075
affectionate:0.53525
indie:0.52975
artistic:0.52575
homeless:0.508
criterion:0.50025
visually stunning:0.49825
life philosophy:0.4945
visual:0.49225
imagination:0.48725
harsh:0.48275
melancholy:0.47975
breathtaking:0.469
story:0.465
culture clash:0.4585
intellectual:0.4575
art:0.4565
surreal:0.451
entirely dialogue:0.44675
catastrophe:0.44575
adultery:0.4455
depression:0.445
complex:0.43975
new jersey:0.4395
dreamlike:0.43225
fantasy world:0.42875
greed:0.428
bittersweet:0.4245
dreams:0.42425
art house:0.424
first contact:0.42025
obsession:0.416
plot:0.412
downbeat:0.4105
boring!:0.405
beautiful:0.40425
distopia:0.402
photography:0.39975
drugs:0.39525
atmospheric:0.3905
imdb top 250:0.39025
life & death:0.389
writers:0.3865
camp:0.38425
short:0.378
suprisingly clever:0.37575
thought-provoking:0.372
unusual plot structure:0.368
humanity:0.368
mentor:0.3675
environmental:0.36525
philosophical:0.3615
biting:0.3615
so bad it's funny:0.354
awesome soundtrack:0.352
stunning:0.34975
cult film:0.34825
environment:0.3445
great ending:0.34025
redemption:0.338
complicated:0.3365
simple:0.3355
low budget:0.335
dialogue driven:0.332
good soundtrack:0.3245
strange:0.32425
