documentary:0.988
greed:0.96775
ecology:0.95075
oil:0.9355
business:0.9255
environment:0.8935
intimate:0.89
environmental:0.886
capitalism:0.8295
corruption:0.8105
global warming:0.7935
propaganda:0.75975
original:0.75975
narrated:0.7385
interesting:0.7325
social commentary:0.69625
politics:0.68875
drinking:0.66925
criterion:0.64075
wilderness:0.63425
idealism:0.61925
very interesting:0.619
disturbing:0.6055
nature:0.5925
mining:0.5835
middle east:0.58075
runaway:0.56225
new jersey:0.5575
passionate:0.553
political:0.5415
obsession:0.5375
talky:0.5295
honest:0.52525
oscar (best directing):0.51525
excellent script:0.4895
macabre:0.4885
insanity:0.48125
california:0.4805
complex:0.47075
great ending:0.47
drama:0.46875
oscar:0.46225
thought-provoking:0.46225
catastrophe:0.45475
intellectual:0.45
suprisingly clever:0.44075
australia:0.43925
internet:0.437
censorship:0.432
good soundtrack:0.43125
grim:0.4305
mental illness:0.42575
road trip:0.42575
corporate america:0.425
destiny:0.42375
culture clash:0.419
pornography:0.414
manipulation:0.40525
great:0.3995
good:0.395
justice:0.395
conspiracy:0.3915
sad:0.39125
unusual plot structure:0.3905
mentor:0.39025
nudity (topless - notable):0.3885
journalism:0.38775
melancholic:0.38625
movielens top pick:0.38425
oscar (best supporting actress):0.37975
distopia:0.3795
ethnic conflict:0.37675
death:0.37275
intelligent:0.3715
depression:0.37075
cerebral:0.3705
light:0.367
beautiful scenery:0.36625
enigmatic:0.36625
not funny:0.3615
earnest:0.35675
world politics:0.35275
natural disaster:0.35025
atheism:0.34975
money:0.34625
new york:0.34525
guilt:0.34175
storytelling:0.3405
hospital:0.33975
weird:0.33675
investigation:0.3345
oscar (best actress):0.3345
loneliness:0.333
dramatic:0.33275
harsh:0.33275
great acting:0.33075
educational:0.3295
philosophy:0.32875
photography:0.328
free to download:0.3275
