based on true story:0.92525
god:0.913
true story:0.888
africa:0.84725
courage:0.82525
redemption:0.7995
christian:0.78825
sacrifice:0.76925
based on a true story:0.75175
dramatic:0.7405
jesus:0.7345
biopic:0.7335
story:0.66875
original:0.6645
destiny:0.662
religion:0.63725
intense:0.615
feel-good:0.6045
drama:0.6005
christianity:0.6
life:0.5795
brutality:0.5795
inspiring:0.5645
thought-provoking:0.564
genocide:0.5615
depression:0.552
catastrophe:0.53375
great ending:0.5275
emotional:0.5135
mentor:0.50575
storytelling:0.50175
transformation:0.4995
inspirational:0.49675
life philosophy:0.48225
biography:0.48125
biographical:0.48025
culture clash:0.47775
honest:0.4675
homeless:0.456
touching:0.43625
orphans:0.43375
violent:0.431
life & death:0.42975
civil war:0.424
humanity:0.42175
violence:0.4205
harsh:0.41925
not funny:0.41475
runaway:0.4145
biblical:0.4025
drug abuse:0.39375
heartwarming:0.39375
islam:0.389
childhood:0.38575
gunfight:0.3845
justice:0.384
fight scenes:0.377
compassionate:0.36575
feel good movie:0.35725
suprisingly clever:0.355
weapons:0.35425
interesting:0.352
beautiful scenery:0.35025
oscar:0.34775
lone hero:0.3475
earnest:0.346
corruption:0.344
alone in the world:0.34
greed:0.34
great acting:0.33925
drug addiction:0.337
predictable:0.3325
family:0.326
sentimental:0.3255
addiction:0.3235
natural disaster:0.322
tear jerker:0.32125
good soundtrack:0.32025
underdog:0.3165
children:0.31325
reflective:0.313
goofy:0.31225
action:0.309
hospital:0.30725
light:0.30725
workplace:0.307
oscar (best directing):0.30575
based on book:0.30225
realistic:0.302
great:0.29175
atheism:0.29025
nudity (full frontal - brief):0.28975
unlikely friendships:0.28625
good:0.283
betrayal:0.282
prison:0.2805
bad ending:0.278
criterion:0.274
dialogue:0.27175
poverty:0.2695
