stranded:0.939
spielberg:0.90425
story:0.898
based on true story:0.873
airport:0.85975
feel-good:0.85975
drama:0.84175
feel good movie:0.81175
love story:0.78575
destiny:0.77425
survival:0.76
dramatic:0.74425
good:0.7345
pg-13:0.719
sentimental:0.71725
comedy:0.716
romance:0.7115
great acting:0.707
dialogue:0.70325
interesting:0.69875
original:0.698
storytelling:0.694
romantic comedy:0.68775
happy ending:0.6865
touching:0.681
based on a true story:0.68
good acting:0.679
great ending:0.67875
unrealistic:0.6775
catastrophe:0.67
original plot:0.66625
romantic:0.6635
plot:0.6495
whimsical:0.61825
entertaining:0.614
life philosophy:0.60825
true story:0.608
oscar:0.5955
big budget:0.5905
natural disaster:0.57425
heartwarming:0.57375
script:0.564
greed:0.55275
good soundtrack:0.54975
very funny:0.5495
oscar winner:0.5375
redemption:0.5365
foreign:0.53475
beautiful scenery:0.53475
first contact:0.531
culture clash:0.52825
predictable:0.52475
sappy:0.52425
funny:0.52025
great:0.51775
mentor:0.5155
product placement:0.5145
better than expected:0.50725
clever:0.5045
thought-provoking:0.495
social commentary:0.48
loneliness:0.4795
very interesting:0.47875
emotional:0.4765
new york city:0.47325
unlikely friendships:0.46575
light:0.45875
courage:0.44925
bad ending:0.44775
dynamic cgi action:0.4405
humorous:0.438
honest:0.438
runaway:0.438
intense:0.43525
sacrifice:0.433
humanity:0.43
compassionate:0.41875
fun movie:0.41825
twists & turns:0.413
very good:0.4095
justice:0.40475
alternate endings:0.4025
creativity:0.4015
absurd:0.40125
life & death:0.39975
shallow:0.39575
intelligent:0.395
friendship:0.39025
great movie:0.389
corruption:0.38825
oscar (best directing):0.387
betrayal:0.387
earnest:0.3865
suspense:0.386
good story:0.38525
revolution:0.384
quirky:0.38325
idealism:0.38175
inspirational:0.37875
adventure:0.37525
