horror:0.984
cult classic:0.9765
doctors:0.9705
macabre:0.946
revenge:0.9235
serial killer:0.91525
cult film:0.91225
gruesome:0.90725
mad scientist:0.867
creepy:0.85725
murder:0.82875
death:0.82225
original:0.822
stylish:0.796
camp:0.794
weird:0.79325
insanity:0.76225
vengeance:0.74575
campy:0.7405
atmospheric:0.739
gory:0.7385
visceral:0.73575
black comedy:0.716
splatter:0.68675
slasher:0.676
egypt:0.66475
police investigation:0.66225
obsession:0.659
melancholic:0.657
dark humor:0.641
dark:0.64075
suspense:0.64075
great ending:0.6345
disturbing:0.6085
bloody:0.59725
grindhouse:0.59525
downbeat:0.5865
stylized:0.585
cult:0.571
great:0.55275
blood:0.54825
gothic:0.54675
transformation:0.5425
surreal:0.53875
hospital:0.53
psychological:0.525
goofy:0.51925
adaptation:0.5175
violence:0.51475
eccentricity:0.509
brutality:0.50475
criterion:0.5045
scary:0.502
low budget:0.49725
suspenseful:0.4895
harsh:0.47725
1920s:0.4765
grim:0.473
great movie:0.46825
bizarre:0.46575
creativity:0.4575
tense:0.455
dialogue:0.45475
nocturnal:0.45325
demons:0.45125
humorous:0.451
fun movie:0.45025
eerie:0.44875
visually stunning:0.44575
life & death:0.44475
violent:0.442
good soundtrack:0.43825
wilderness:0.43575
satirical:0.43525
monster:0.4315
goth:0.43125
torture:0.42425
dark comedy:0.4155
goretastic:0.415
catastrophe:0.4085
silly:0.40475
humor:0.4015
mentor:0.40025
sexualized violence:0.3915
narrated:0.39075
wizards:0.3905
not funny:0.38275
zombie:0.38225
nudity (full frontal - notable):0.37975
entertaining:0.37275
sexy:0.3685
social commentary:0.36575
witty:0.3615
rats:0.3585
justice:0.35825
clever:0.35825
enigmatic:0.35625
light:0.35375
paranoid:0.35225
lone hero:0.35175
