relationships:0.92425
indie:0.8625
brothers:0.8335
independent film:0.811
original:0.7985
gay:0.73075
very interesting:0.721
complicated:0.71125
magic realism:0.7105
love:0.70725
los angeles:0.7045
pg-13:0.69125
loneliness:0.687
feel-good:0.685
pornography:0.65625
unlikely friendships:0.6475
dialogue:0.642
friendship:0.638
sexualized violence:0.63325
dark hero:0.63275
intimate:0.6205
feel good movie:0.62
life:0.619
brutality:0.61675
glbt:0.6155
male nudity:0.6105
great ending:0.59
social commentary:0.5685
nudity (full frontal - notable):0.55975
great:0.55925
hip hop:0.5465
mentor:0.5335
obsession:0.50375
melancholic:0.502
quirky:0.49425
twists & turns:0.49375
romance:0.4905
ironic:0.49025
destiny:0.4895
special:0.482
fight scenes:0.479
awesome soundtrack:0.476
oscar (best supporting actress):0.473
shallow:0.47275
cynical:0.4685
nudity (topless - notable):0.46525
good soundtrack:0.4615
story:0.459
criterion:0.45725
fun movie:0.4545
adaptation:0.45425
narrated:0.45125
queer:0.44675
great movie:0.444
light:0.44225
cute!:0.4405
storytelling:0.44025
visually appealing:0.434
crime gone awry:0.43225
teens:0.43175
violent:0.43175
hotel:0.4275
dysfunctional family:0.425
catastrophe:0.42475
bdsm:0.424
redemption:0.42375
mad scientist:0.4225
writers:0.4205
violence:0.4195
based on a play:0.41825
california:0.4165
culture clash:0.4045
cult film:0.40325
drugs:0.40275
depression:0.401
dark humor:0.3995
harsh:0.398
drama:0.39675
very good:0.3965
lesbian:0.39
vengeance:0.3865
character study:0.386
multiple storylines:0.3705
great soundtrack:0.3655
talky:0.36525
mental illness:0.36525
predictable:0.36475
very funny:0.36375
off-beat comedy:0.36125
good dialogue:0.36075
entirely dialogue:0.36
affectionate:0.3595
stylish:0.35875
finnish:0.3555
runaway:0.3535
original plot:0.3525
pointless:0.3515
teen:0.35125
bleak:0.35025
cerebral:0.3475
