holiday:0.9865
classic:0.93975
dancing:0.9295
dance:0.91025
christmas:0.8905
musical:0.884
wartime:0.7875
berlin:0.76925
good music:0.71125
1930s:0.6935
nostalgic:0.66425
mentor:0.64375
original:0.63375
romantic:0.6325
great:0.625
light:0.60925
lyrical:0.6085
betrayal:0.60775
period piece:0.60025
runaway:0.5705
oscar winner:0.56975
fun movie:0.5675
feel-good:0.5635
oscar (best directing):0.563
great movie:0.54325
music:0.54175
story:0.54175
girlie movie:0.52975
good soundtrack:0.51525
catastrophe:0.51375
romantic comedy:0.50125
broadway:0.49025
culture clash:0.474
oscar (best actress):0.4725
great ending:0.4695
chase:0.4685
hotel:0.4655
family:0.463
good:0.46225
sentimental:0.4615
childhood:0.46025
great music:0.45625
happy ending:0.45475
feel good movie:0.44625
destiny:0.44475
stereotypes:0.4405
idealism:0.4395
black and white:0.4365
awesome soundtrack:0.4345
good acting:0.41825
love story:0.41575
dialogue:0.41125
breathtaking:0.41
suprisingly clever:0.40875
unusual plot structure:0.4065
dramatic:0.40075
entertaining:0.39325
heartwarming:0.391
beautiful scenery:0.38275
prejudice:0.38275
earnest:0.38125
creativity:0.3805
pg-13:0.3775
oscar (best supporting actress):0.3765
sweet:0.37425
comedy:0.3695
underrated:0.369
england:0.3645
friendship:0.35875
adapted from:book:0.3585
storytelling:0.346
based on a play:0.3395
clever:0.3385
visually appealing:0.33675
plot:0.3355
witty:0.335
fun:0.3345
simple:0.33325
oscar:0.33275
children:0.3295
romance:0.32825
scenic:0.32775
imdb top 250:0.32725
freedom:0.32325
unlikely friendships:0.323
courage:0.323
criterion:0.32175
silly fun:0.3215
talky:0.31725
fantasy world:0.3105
not funny:0.30925
artistic:0.306
drama:0.30175
excellent:0.301
adaptation:0.2995
transformation:0.29925
segregation:0.29675
vengeance:0.29325
fight scenes:0.29275
road movie:0.29
