neo-noir:0.9905
noir thriller:0.9885
corruption:0.93275
mob:0.917
noir:0.91675
assassin:0.90475
organized crime:0.8805
mafia:0.872
anti-hero:0.85025
stylish:0.84025
sexy:0.82925
film noir:0.8245
police:0.79275
greed:0.7905
great ending:0.789
violence:0.789
crime:0.76
amazing cinematography:0.7575
original:0.7505
narrated:0.739
police corruption:0.7315
dark:0.72675
violent:0.72225
complex:0.71025
stylized:0.702
hitman:0.6885
police investigation:0.68125
dialogue:0.66925
assassination:0.66375
brutality:0.65675
gangsters:0.6535
murder:0.651
talky:0.64025
pornography:0.636
intense:0.60675
secrets:0.59425
interesting:0.5925
plot twist:0.58975
good soundtrack:0.58875
psychological:0.58575
twists & turns:0.58275
clever:0.57925
crime gone awry:0.57525
nudity (topless):0.57325
very interesting:0.562
great:0.555
twist:0.555
plot:0.55275
thriller:0.549
caper:0.54725
twist ending:0.54175
detective:0.53475
cerebral:0.53175
harsh:0.52325
story:0.523
mindfuck:0.51375
obsession:0.51325
enigmatic:0.504
disturbing:0.50175
weird:0.5015
bloody:0.48875
absurd:0.4845
dark humor:0.483
redemption:0.48225
atmospheric:0.4795
exceptional acting:0.479
betrayal:0.47725
storytelling:0.47575
cheating:0.47425
complicated:0.4715
underrated:0.47125
entirely dialogue:0.466
cinematography:0.46325
great acting:0.46075
surprise ending:0.45475
alternate endings:0.45075
suspense:0.45025
hit men:0.449
good:0.449
nocturnal:0.44825
bad ending:0.44725
censorship:0.44575
pulp:0.436
great movie:0.43025
assassins:0.42925
nudity (topless - notable):0.423
moral ambiguity:0.42225
unusual plot structure:0.421
drama:0.42
catastrophe:0.417
visually appealing:0.41625
brutal:0.4155
gangster:0.41425
surreal:0.41075
good acting:0.4065
light:0.4065
complicated plot:0.406
mentor:0.40575
life philosophy:0.3975
suprisingly clever:0.3955
