drugs:0.89025
gangsters:0.878
good soundtrack:0.82675
corruption:0.77525
revenge:0.75025
predictable:0.7325
crime:0.729
original:0.71475
hip hop:0.69825
violence:0.68475
gangster:0.682
betrayal:0.68125
good action:0.67375
mafia:0.653
gangs:0.6345
gunfight:0.612
stereotypes:0.60675
greed:0.584
good:0.583
mentor:0.574
money:0.5395
girlie movie:0.51625
horrible:0.5005
narrated:0.50025
dialogue:0.493
action:0.4905
brutality:0.48825
stylized:0.4825
runaway:0.47825
drama:0.475
pornography:0.46975
story:0.463
guns:0.4615
chase:0.45675
great ending:0.44575
plot:0.43925
catastrophe:0.435
lone hero:0.42225
lawyers:0.41375
shallow:0.413
violent:0.41075
action packed:0.406
very interesting:0.40425
crime gone awry:0.402
nudity (full frontal - brief):0.401
pulp:0.38775
redemption:0.386
nudity (topless - notable):0.386
bad plot:0.3805
not funny:0.37675
vengeance:0.37425
drug abuse:0.3725
so bad it's funny:0.36825
great acting:0.359
very good:0.35675
sexualized violence:0.35075
nudity (topless):0.34925
pg-13:0.34825
mob:0.348
bad script:0.3465
life philosophy:0.3425
plot holes:0.33925
gritty:0.33675
pointless:0.3365
cheating:0.3365
organized crime:0.33625
storytelling:0.334
heroin:0.33
cinematography:0.32975
suspense:0.3295
great:0.32675
lawyer:0.3245
family:0.3225
weed:0.3205
adaptation:0.31275
reflective:0.312
drinking:0.31175
police corruption:0.30875
love story:0.305
good acting:0.30475
overrated:0.3045
visually appealing:0.301
survival:0.2985
twists & turns:0.29675
entirely dialogue:0.2955
natural disaster:0.29375
fight scenes:0.2935
entertaining:0.29275
fantasy world:0.29125
intense:0.2905
80s:0.29025
police investigation:0.28975
harsh:0.2885
culture clash:0.2875
melancholic:0.28675
childhood:0.28275
destiny:0.28225
nudity (rear):0.2805
amy smart:0.2805
first contact:0.28
