ghosts:0.98475
supernatural:0.93
original:0.72625
irish:0.71925
family:0.7065
comedy:0.7005
special effects:0.698
so bad it's funny:0.66325
afterlife:0.641
fun movie:0.63475
predictable:0.58575
fun:0.51375
silly:0.49375
sexy:0.48425
18th century:0.48075
mentor:0.475
great:0.471
campy:0.46425
zombie:0.4625
haunted house:0.45925
dialogue:0.4585
hotel:0.44275
bad plot:0.44075
fantasy world:0.43725
catastrophe:0.43675
ireland:0.4345
funny:0.432
romance:0.422
love story:0.42
light:0.41525
bad acting:0.41275
great ending:0.40475
entertaining:0.3995
cult film:0.39625
1930s:0.3885
goofy:0.38525
feel-good:0.3835
pg-13:0.3815
magic:0.38125
first contact:0.38025
whimsical:0.37025
unfunny:0.367
murder:0.3665
ghosts/afterlife:0.3625
quirky:0.36175
ethnic conflict:0.3545
romantic:0.353
nocturnal:0.3465
silly fun:0.345
fight scenes:0.34425
good:0.3415
bad cgi:0.34075
slapstick:0.3385
irish accent:0.335
life & death:0.32875
pornography:0.327
lone hero:0.3255
80s:0.3215
feel good movie:0.31575
entirely dialogue:0.3145
culture clash:0.31325
destiny:0.3085
no plot:0.308
vengeance:0.30675
scary:0.30575
adapted from:book:0.30575
humorous:0.30325
not funny:0.30225
weird:0.302
overrated:0.30175
storytelling:0.2955
life philosophy:0.2955
story:0.29425
fantasy:0.2915
melancholic:0.28925
very funny:0.28825
multiple storylines:0.27925
adaptation:0.27725
chase:0.2755
unusual plot structure:0.275
original plot:0.27475
effects:0.27175
transformation:0.27025
natural disaster:0.26975
stereotypes:0.26325
halloween:0.261
childhood:0.25975
camp:0.25925
better than expected:0.257
comic:0.25525
lame:0.2515
nudity (topless - notable):0.2505
witty:0.24525
good action:0.24475
dreamlike:0.24175
marriage:0.2415
redemption:0.24125
alternate reality:0.2405
brutality:0.23975
happy ending:0.23975
