vigilante:0.993
gangs:0.92
vigilantism:0.90075
violence:0.84675
weapons:0.7975
action:0.76775
original:0.703
revenge:0.6915
vengeance:0.67475
bad plot:0.669
brutality:0.64725
action packed:0.64625
violent:0.633
franchise:0.6205
crime:0.57
gangsters:0.56875
new york:0.56
death:0.559
new york city:0.551
predictable:0.5475
lone hero:0.53375
justice:0.5055
good action:0.49475
so bad it's funny:0.488
murder:0.47575
sequel:0.475
dialogue:0.46975
mentor:0.45375
80s:0.4285
unintentionally funny:0.40625
pointless:0.40225
moral ambiguity:0.40225
catastrophe:0.398
ridiculous:0.395
overrated:0.39225
guns:0.38575
drama:0.365
fantasy:0.363
great ending:0.35875
entirely dialogue:0.35675
pornography:0.35525
fun movie:0.35325
pulp:0.352
first contact:0.3475
bloody:0.3475
nudity (full frontal - brief):0.33225
los angeles:0.33175
series:0.33175
chase:0.32475
not funny:0.3235
romance:0.323
slapstick:0.32175
disaster:0.32125
harsh:0.3195
fantasy world:0.31925
writers:0.3155
nudity (topless):0.31475
camp:0.31025
gritty:0.3065
adventure:0.3055
sequels:0.30175
runaway:0.297
adaptation:0.29225
fight scenes:0.28975
cult classic:0.28775
good soundtrack:0.2845
science fiction:0.28275
cult film:0.28175
storytelling:0.279
london:0.27825
crappy sequel:0.278
quirky:0.27775
motorcycle:0.2745
melancholic:0.2745
stylized:0.27125
idiotic:0.26975
grindhouse:0.26425
police investigation:0.2585
unusual plot structure:0.25725
silly fun:0.253
nocturnal:0.2525
culture clash:0.25
intense:0.25
redemption:0.25
imdb top 250:0.24825
detective:0.248
destiny:0.24675
bad:0.2445
good:0.24225
satirical:0.24
silly:0.239
family:0.2375
police:0.236
campy:0.233
splatter:0.23275
very funny:0.23225
brainwashing:0.232
dreamlike:0.2305
natural disaster:0.2305
fun:0.22975
