irish:0.9995
ireland:0.95175
irish accent:0.867
great movie:0.795
great:0.79225
feel-good:0.7805
feel good movie:0.73625
mentor:0.71325
whimsical:0.712
fun movie:0.695
original:0.6855
touching:0.6765
storytelling:0.65425
great ending:0.6475
life philosophy:0.64325
england:0.6135
runaway:0.609
comedy:0.60625
sentimental:0.60425
breathtaking:0.5935
oscar (best actress):0.58625
quirky:0.57725
visually appealing:0.5745
childhood:0.56675
beautiful scenery:0.5635
chase:0.55725
london:0.556
twists & turns:0.5545
suprisingly clever:0.55175
excellent:0.55025
melancholy:0.54775
good soundtrack:0.546
witty:0.53925
dramatic:0.53825
culture clash:0.53375
beautifully filmed:0.52775
light:0.523
fairy tales:0.5145
funny:0.51175
oscar (best supporting actress):0.5095
british:0.504
pg-13:0.49725
dialogue:0.49575
criterion:0.49175
drinking:0.486
great acting:0.4855
bittersweet:0.48325
friendship:0.482
adaptation:0.48125
death:0.4805
heartwarming:0.476
fantasy world:0.4725
unlikely friendships:0.46625
nocturnal:0.46625
affectionate:0.46575
fantasy:0.46025
multiple storylines:0.45775
transformation:0.45425
story:0.44825
good:0.4455
very funny:0.441
enigmatic:0.4325
music:0.42475
stunning:0.4245
redemption:0.42075
secrets:0.4185
adapted from:book:0.4155
oscar (best directing):0.415
catastrophe:0.415
weird:0.41425
talky:0.412
cinematography:0.412
eccentricity:0.409
fun:0.40325
gunfight:0.4015
unusual plot structure:0.3995
harsh:0.39725
awesome soundtrack:0.395
atmospheric:0.38525
romantic:0.3825
sweet:0.3805
oscar (best supporting actor):0.37425
based on true story:0.3715
happy ending:0.37025
visual:0.36725
coming-of-age:0.3665
visually stunning:0.365
fairy tale:0.3615
great cinematography:0.35975
based on book:0.35975
stylized:0.359
ethnic conflict:0.35425
radio:0.3535
police investigation:0.3535
humorous:0.34825
movielens top pick:0.34725
earnest:0.3445
vengeance:0.34325
brutality:0.343
great music:0.34075
