gunfight:0.9895
spaghetti western:0.966
western:0.95325
criterion:0.8375
violent:0.756
harsh:0.7545
stylized:0.73125
vengeance:0.728
visceral:0.7095
original:0.7045
violence:0.67875
anti-hero:0.6745
ennio morricone:0.67125
gritty:0.6575
good soundtrack:0.65525
brutality:0.6495
grindhouse:0.6485
runaway:0.63975
gangs:0.63425
bloody:0.63325
bleak:0.6115
downbeat:0.60325
talky:0.59375
allegory:0.5765
cult film:0.56325
culture clash:0.5575
dialogue:0.544
melancholic:0.5425
weapons:0.517
enigmatic:0.51075
grim:0.50175
italian:0.484
intimate:0.478
tense:0.47775
quirky:0.46925
golden palm:0.463
cult classic:0.449
reflective:0.44625
masterpiece:0.437
pulp:0.434
betrayal:0.41925
mentor:0.41425
gratuitous violence:0.41175
catastrophe:0.41125
forceful:0.40125
atmospheric:0.39275
pornography:0.39175
entirely dialogue:0.3895
stylish:0.38725
classic:0.3785
suprisingly clever:0.37825
great:0.375
cynical:0.36825
italy:0.36475
melancholy:0.352
desert:0.34575
macabre:0.341
meditative:0.3375
existentialism:0.317
life & death:0.313
chase:0.30325
great ending:0.29925
not funny:0.29925
lone hero:0.29625
imdb top 250:0.29275
cool:0.2915
prostitution:0.285
american civil war:0.28175
overrated:0.2765
weird:0.276
tokyo:0.2735
cinematography:0.273
classic car:0.27275
satirical:0.266
oscar (best directing):0.2655
visually appealing:0.265
unusual plot structure:0.2635
guns:0.25575
redemption:0.25525
civil war:0.25525
good dialogue:0.255
multiple storylines:0.25425
complex characters:0.2535
surreal:0.25175
movielens top pick:0.244
social commentary:0.24325
transformation:0.23975
loneliness:0.23975
small town:0.2375
adapted from:book:0.23725
affectionate:0.236
storytelling:0.23375
revenge:0.23325
sequels:0.233
life philosophy:0.233
death:0.23025
gangsters:0.23
good:0.2295
1970s:0.22775
goth:0.22775
