criterion:0.99775
france:0.936
enigmatic:0.903
secrets:0.887
wartime:0.875
masterpiece:0.86775
bleak:0.8665
tense:0.865
black and white:0.8565
french:0.84225
allegory:0.8365
censorship:0.81775
small town:0.8175
complex:0.79275
spying:0.787
reflective:0.75975
fascism:0.7585
adultery:0.74225
intimate:0.73525
classic:0.73475
golden palm:0.72375
paranoia:0.72075
intellectual:0.71625
greed:0.7125
imdb top 250:0.7075
german:0.69975
character study:0.687
runaway:0.68425
cerebral:0.67925
insanity:0.67575
twists & turns:0.6585
nazis:0.65375
talky:0.65275
cinematography:0.64725
downbeat:0.63975
original:0.63025
mystery:0.6255
passionate:0.6215
atmospheric:0.598
oscar (best directing):0.595
suprisingly clever:0.5915
disturbing:0.5845
biting:0.5755
stylized:0.5745
grim:0.57425
visually appealing:0.56925
very interesting:0.55875
tragedy:0.55625
social commentary:0.55475
dramatic:0.5485
culture clash:0.54775
visceral:0.54775
catastrophe:0.547
light:0.547
assassination:0.54675
breathtaking:0.54175
unusual plot structure:0.5405
melancholic:0.54025
melancholy:0.53875
storytelling:0.537
paranoid:0.536
forceful:0.5265
weapons:0.521
idealism:0.519
hitchcock:0.51775
corruption:0.51575
identity:0.5075
betrayal:0.507
thriller:0.50075
hospital:0.49975
germany:0.49925
suspenseful:0.49875
narrated:0.49575
humanity:0.489
film noir:0.4875
controversial:0.482
cynical:0.471
obsession:0.46575
great ending:0.464
nazi:0.461
meditative:0.459
political:0.45625
morality:0.4525
dialogue:0.445
crime gone awry:0.44425
macabre:0.44125
political corruption:0.43825
oscar (best supporting actress):0.43
manipulation:0.4255
mentor:0.42525
satirical:0.4245
life & death:0.4225
great acting:0.41875
police investigation:0.418
writers:0.4175
drama:0.41575
ethnic conflict:0.413
entirely dialogue:0.412
beautifully filmed:0.4085
deadpan:0.4015
