conspiracy:0.9935
espionage:0.9515
thriller:0.9325
corruption:0.92975
assassination:0.9025
action:0.88025
twists & turns:0.87025
secrets:0.865
arms dealer:0.84325
assassin:0.8275
weapons:0.797
chase:0.78225
tense:0.7765
greed:0.771
investigation:0.77075
tom clancy:0.754
political corruption:0.75075
suspenseful:0.7465
visually appealing:0.7405
assassins:0.7215
conspiracy theory:0.7075
plot:0.69675
spy:0.6945
justice:0.692
suspense:0.6875
complex:0.6825
realistic action:0.68025
police investigation:0.67625
intense:0.67525
betrayal:0.67475
fast paced:0.65825
hit men:0.6525
spying:0.64875
original:0.642
social commentary:0.6215
great ending:0.61275
twist ending:0.59025
murder:0.59
dialogue:0.58925
story:0.574
plot holes:0.57025
paranoia:0.5695
surveillance:0.567
first contact:0.5545
twist:0.533
complicated plot:0.52625
cinematography:0.52425
moral ambiguity:0.5155
cerebral:0.5075
exciting:0.50525
plot twist:0.5045
catastrophe:0.50025
good action:0.5
gunfight:0.49725
car chase:0.486
bad ending:0.477
mystery:0.47675
interesting:0.4575
mentor:0.45
predictable:0.446
vengeance:0.444
melancholic:0.44275
long:0.43825
life philosophy:0.4325
action packed:0.423
enigmatic:0.41725
manipulation:0.417
so bad it's funny:0.41675
bad plot:0.412
islam:0.4065
spies:0.39925
very interesting:0.39925
police corruption:0.397
shallow:0.39575
tricky:0.395
middle east:0.39225
big budget:0.39025
scenic:0.383
better than expected:0.38025
destiny:0.3785
revenge:0.374
absurd:0.37375
new york city:0.37225
natural disaster:0.36825
clever:0.3655
not funny:0.3635
unusual plot structure:0.36225
complicated:0.362
world politics:0.362
good:0.36175
culture clash:0.3575
politics:0.356
kidnapping:0.356
storytelling:0.3555
fbi:0.35375
pointless:0.3485
business:0.34775
excellent script:0.34425
great acting:0.34375
good acting:0.342
