dance:0.916
music:0.91025
dancing:0.8945
talky:0.773
visually appealing:0.764
original:0.67
complex:0.663
1930s:0.6385
rio de janeiro:0.62175
musical:0.621
distopia:0.60775
hotel:0.59575
censorship:0.59
runaway:0.5495
great music:0.53975
romance:0.52475
melancholic:0.518
good soundtrack:0.512
enigmatic:0.503
criterion:0.49975
nudity (full frontal - brief):0.492
intimate:0.47975
nocturnal:0.47225
mentor:0.467
culture clash:0.4555
plot:0.438
brutality:0.4345
pornography:0.43
catastrophe:0.427
divorce:0.42475
visual:0.42075
great ending:0.41725
harsh:0.416
stylized:0.40075
surreal:0.4005
betrayal:0.39975
gangsters:0.39225
storytelling:0.39175
weird:0.38475
dialogue:0.37825
foreign:0.3765
immortality:0.3745
technology:0.3715
indie:0.3685
entirely dialogue:0.36275
oscar (best actress):0.3615
suprisingly clever:0.36
story:0.355
forceful:0.35425
not funny:0.35425
road movie:0.3535
dramatic:0.3505
cinematography:0.3435
greed:0.341
visually stunning:0.33975
shallow:0.33125
good music:0.33075
corruption:0.32025
oscar (best directing):0.32025
cerebral:0.3145
passionate:0.31075
unusual plot structure:0.31
adapted from:book:0.30875
android(s)/cyborg(s):0.3085
golden palm:0.3075
interesting:0.30725
atmospheric:0.3025
life philosophy:0.30025
movielens top pick:0.30025
great:0.298
sexual:0.29725
downbeat:0.29725
adaptation:0.2965
imdb top 250:0.292
cult classic:0.2835
sexy:0.2825
solitude:0.28075
lone hero:0.2805
crime gone awry:0.28025
melancholy:0.28
gunfight:0.278
lyrical:0.276
multiple storylines:0.2755
mistaken identity:0.2725
narrated:0.271
so bad it's funny:0.26775
cult film:0.26625
broadway:0.26375
dark hero:0.2635
depression:0.2585
chase:0.2585
realistic:0.25825
light:0.25775
exceptional acting:0.257
gritty:0.25575
entertaining:0.2535
clever:0.25175
fantasy world:0.2505
weapons:0.2485
very funny:0.24775
