psychiatrist:0.9635
hitchcock:0.9105
twists & turns:0.896
san francisco:0.896
murder:0.8915
murder mystery:0.8825
neo-noir:0.87675
thriller:0.84775
suspense:0.84675
psychiatry:0.84525
sexy:0.83875
psychology:0.75525
secrets:0.7535
suspenseful:0.74975
psychological:0.7405
lawyer:0.7355
gangsters:0.73025
great ending:0.67
original:0.659
manipulation:0.652
twist:0.64875
predictable:0.634
first contact:0.616
prison escape:0.61425
police investigation:0.6025
plot twist:0.59475
twist ending:0.56525
catastrophe:0.55975
betrayal:0.55125
obsession:0.53225
enigmatic:0.527
erotic:0.522
mentor:0.4835
corruption:0.48075
idiotic:0.47725
plot holes:0.474
lawyers:0.473
surprise ending:0.4695
pornography:0.467
mystery:0.4655
very interesting:0.46125
nudity (full frontal - brief):0.4595
weapons:0.453
mob:0.45075
crime:0.43525
dialogue:0.43075
sisters:0.429
brutality:0.4265
life philosophy:0.42275
detective:0.41725
nudity (rear):0.41675
courtroom drama:0.4135
guilt:0.41075
conspiracy:0.40975
romantic:0.409
so bad it's funny:0.405
exceptional acting:0.40125
no plot:0.39625
police corruption:0.3925
nudity (topless - brief):0.38925
good:0.38425
culture clash:0.3825
courtroom:0.3775
destiny:0.3775
overrated:0.37425
good soundtrack:0.3705
dramatic:0.366
light:0.35975
gangster:0.3525
shallow:0.35175
not funny:0.349
film noir:0.34825
excellent script:0.3465
complex:0.3455
nudity (topless):0.34375
identity:0.3425
intense:0.339
bad plot:0.337
entirely dialogue:0.3365
suprisingly clever:0.33625
natural disaster:0.336
justice:0.3345
stylish:0.328
violent:0.32725
unlikely friendships:0.32375
storytelling:0.3175
assassination:0.31375
adaptation:0.3095
fantasy world:0.3085
bad ending:0.30325
internet:0.30125
serial killer:0.30125
revenge:0.3
excellent:0.29475
runaway:0.29425
bad acting:0.292
moral ambiguity:0.28775
drama:0.28525
clever:0.28325
vengeance:0.28275
