artist:0.97625
music:0.97475
artistic:0.969
mental illness:0.96875
bittersweet:0.9565
genius:0.93175
creativity:0.90825
depression:0.90775
weird:0.88525
musicians:0.85175
insanity:0.8455
art:0.83925
original:0.83475
indie:0.834
good soundtrack:0.8285
obsession:0.80975
documentary:0.777
life:0.76875
melancholic:0.76575
drug abuse:0.74425
lyrical:0.74175
cult classic:0.73725
sad:0.733
childhood:0.728
criterion:0.72625
honest:0.723
solitude:0.71625
depressing:0.71575
loneliness:0.71575
schizophrenia:0.713
enigmatic:0.6995
1980s:0.6885
feel-good:0.68725
biopic:0.6865
social commentary:0.68275
heartbreaking:0.6785
psychology:0.6685
psychological:0.66475
life & death:0.64975
melancholy:0.649
life philosophy:0.6465
intimate:0.646
storytelling:0.645
interesting:0.6405
great ending:0.6395
eccentricity:0.63325
imdb top 250:0.63025
reflective:0.6275
narrated:0.6265
talky:0.625
character study:0.624
redemption:0.6205
new jersey:0.62025
good:0.62025
independent film:0.62
harsh:0.609
musical:0.6065
downbeat:0.606
great acting:0.59875
crazy:0.59575
excellent script:0.5945
visually appealing:0.591
disturbing:0.5905
movielens top pick:0.58575
dark humor:0.58025
mentor:0.576
biographical:0.573
pornography:0.57125
feel good movie:0.57125
emotional:0.5645
very interesting:0.5645
hospital:0.55525
cult film:0.551
quirky:0.5475
runaway:0.54675
exceptional acting:0.53925
touching:0.537
highly quotable:0.53575
culture clash:0.533
golden palm:0.52225
mozart:0.52075
cult:0.52
good acting:0.5175
good music:0.51425
greed:0.51325
brutality:0.50975
clever:0.5
adolescence:0.499
suprisingly clever:0.49725
relationships:0.49525
corruption:0.4915
humorous:0.49125
crime gone awry:0.487
complex:0.48575
stylized:0.48425
pg-13:0.483
cerebral:0.4825
classic car:0.4825
dysfunctional family:0.47675
parenthood:0.476
