remake:0.99525
original:0.80075
mentor:0.584
las vegas:0.54825
good:0.53175
predictable:0.494
destiny:0.488
comedy:0.47975
catastrophe:0.46925
fun movie:0.44175
oscar:0.424
classic:0.40325
justice:0.398
overrated:0.376
so bad it's funny:0.36575
corruption:0.36175
great ending:0.35925
dialogue:0.34775
bad plot:0.34625
natural disaster:0.338
disaster:0.33525
lone hero:0.328
first contact:0.3165
transformation:0.3135
family:0.308
sequel:0.2975
not funny:0.2965
holiday:0.292
great:0.281
life philosophy:0.2755
unfunny:0.27525
farce:0.26875
adaptation:0.26525
crappy sequel:0.26175
suprisingly clever:0.26125
runaway:0.26075
horrible:0.25925
storytelling:0.25475
culture clash:0.2535
dynamic cgi action:0.25
entertaining:0.248
romance:0.2475
redemption:0.243
multiple storylines:0.24275
entirely dialogue:0.2415
clever:0.2405
betrayal:0.2385
creativity:0.23775
fun:0.2375
satirical:0.236
nudity (rear):0.236
absurd:0.23575
unusual plot structure:0.23575
story:0.2355
fight scenes:0.23475
thought-provoking:0.23125
death:0.228
girlie movie:0.227
very funny:0.227
irish accent:0.2265
happy ending:0.22475
sci fi:0.224
slapstick:0.223
switching places:0.2225
1950s:0.2205
silly fun:0.22025
good soundtrack:0.21875
excellent script:0.21875
atheism:0.21575
sexy:0.21575
brutality:0.2155
jungle:0.21475
nudity (full frontal - brief):0.21375
fantasy world:0.2125
humorous:0.21125
pg-13:0.211
bad cgi:0.20875
feel-good:0.20725
action packed:0.20675
passionate:0.206
idiotic:0.2045
adapted from:comic:0.204
gangsters:0.2035
action:0.20275
crude humor:0.2005
good action:0.2005
swashbuckler:0.19725
pointless:0.197
oscar winner:0.19625
boring:0.19525
oscar (best directing):0.19475
big budget:0.1935
scary:0.192
franchise:0.184
childhood:0.18325
vengeance:0.183
shopping:0.183
pornography:0.18175
san francisco:0.18125
adventure:0.18075
