touching:0.93
lawyer:0.92675
feel-good:0.911
good:0.9025
mentor:0.88175
disability:0.84275
feel good movie:0.8405
amnesia:0.828
drama:0.80825
sappy:0.79275
happy ending:0.78225
lawyers:0.76225
dramatic:0.748
family drama:0.7365
redemption:0.734
destiny:0.7155
sentimental:0.6945
life:0.691
original:0.68525
pg-13:0.6745
heartwarming:0.66725
chase:0.6395
predictable:0.6385
good acting:0.6185
story:0.614
tear jerker:0.60925
girlie movie:0.60675
catastrophe:0.60575
oscar (best actor):0.605
great ending:0.6025
underrated:0.5975
transformation:0.596
life philosophy:0.59125
first contact:0.58675
good action:0.58075
family:0.5755
great movie:0.57225
excellent:0.57175
memory loss:0.567
very good:0.567
hospital:0.5625
doctors:0.56025
love story:0.523
great:0.5175
melancholic:0.51425
memory:0.50625
oscar:0.5045
honest:0.4825
good story:0.4765
secrets:0.47475
survival:0.471
cheating:0.46925
natural disaster:0.46125
fast paced:0.45975
intense:0.4575
corruption:0.4545
shopping:0.45025
oscar winner:0.44575
emotional:0.44075
suprisingly clever:0.43675
greed:0.436
inspirational:0.43475
light:0.43475
twists & turns:0.4325
storytelling:0.4315
dialogue:0.426
runaway:0.41575
based on true story:0.4105
underdog:0.41025
not funny:0.40925
romantic comedy:0.4085
chick flick:0.407
fun movie:0.406
nudity (full frontal - brief):0.405
good soundtrack:0.4025
great acting:0.3975
excellent script:0.39375
compassionate:0.393
courage:0.3865
culture clash:0.38175
existentialism:0.3805
new york city:0.38025
justice:0.37025
life & death:0.367
sweet:0.36675
sacrifice:0.36325
entertaining:0.36325
single father:0.35825
idealism:0.35075
buddy movie:0.3505
action:0.346
shallow:0.3355
conspiracy:0.33375
oscar (best supporting actress):0.32625
romantic:0.32575
classic car:0.32225
exciting:0.32125
humanity:0.3205
betrayal:0.32
plot:0.319
