disney animated feature:0.99325
kids and family:0.99225
animation:0.98625
fairy tale:0.98075
cartoon:0.9675
kids:0.95
animated:0.934
disney:0.9155
children:0.91375
computer animation:0.90175
rags to riches:0.89875
magic:0.88825
good versus evil:0.888
classic:0.87
great:0.8445
fun:0.83625
good:0.83
fun movie:0.8215
adventure:0.82025
family:0.801
musical:0.78625
childhood:0.78325
fairy tales:0.771
stereotypes:0.7555
oscar (best music - original song):0.75525
original:0.737
great movie:0.72775
story:0.70725
animals:0.69025
sweet:0.645
love story:0.63625
cute:0.6245
runaway:0.621
excellent:0.6185
beautiful scenery:0.60475
romantic:0.6025
heartwarming:0.59125
humorous:0.586
funny:0.562
affectionate:0.55775
coming of age:0.55775
friendship:0.55475
entertaining:0.54775
cute!:0.5445
good music:0.53725
snakes:0.51925
light:0.51875
unlikely friendships:0.51
chase:0.508
romance:0.5005
dialogue:0.4965
destiny:0.49325
middle east:0.4925
clever:0.491
whimsical:0.49025
goofy:0.48325
animal movie:0.48225
great ending:0.482
talking animals:0.48
lions:0.478
sentimental:0.4775
mentor:0.47575
catastrophe:0.47475
culture clash:0.47275
happy ending:0.467
transformation:0.46375
suprisingly clever:0.461
melancholic:0.45625
greed:0.45525
storytelling:0.45125
fantasy world:0.44775
good soundtrack:0.44725
feel-good:0.44725
oscar:0.4435
oscar winner:0.439
mythology:0.4385
witty:0.4375
very good:0.43725
beautiful:0.4255
action:0.42175
music:0.4195
visuals:0.41925
redemption:0.4175
creativity:0.413
fantasy:0.412
honest:0.40575
very funny:0.40375
pg-13:0.40225
oscar (best music - original score):0.397
comedy:0.3925
nostalgic:0.39225
girlie movie:0.38975
love:0.38525
visually stunning:0.384
simple:0.37175
original plot:0.366
sacrifice:0.36275
based on book:0.35525
oscar (best animated feature):0.3535
feel good movie:0.3505
