writer's life:0.9975
based on a book:0.989
drinking:0.96375
writers:0.945
workplace:0.93275
dark humor:0.88975
original:0.8725
biography:0.85625
based on book:0.85625
alcoholism:0.844
narrated:0.8025
adaptation:0.7915
writing:0.78725
biographical:0.7795
reflective:0.77725
loneliness:0.742
life:0.73075
good soundtrack:0.72475
harsh:0.721
weird:0.7135
philosophy:0.70725
adapted from:book:0.7055
stylized:0.7035
visually appealing:0.70075
intimate:0.69875
melancholic:0.6975
social commentary:0.695
books:0.689
quirky:0.6865
depression:0.6865
mentor:0.6835
cerebral:0.679
dialogue:0.669
dark:0.6595
nudity (topless):0.657
deadpan:0.64875
culture clash:0.6405
depressing:0.63325
life philosophy:0.631
dark comedy:0.63025
cult classic:0.624
storytelling:0.6225
bleak:0.61875
distopia:0.6125
creativity:0.60825
literature:0.608
existentialism:0.60775
great ending:0.5765
independent film:0.57475
book:0.559
greed:0.55875
homeless:0.55425
off-beat comedy:0.5535
relationships:0.55025
criterion:0.549
cynical:0.54725
indie:0.541
biopic:0.54075
highly quotable:0.54025
violent:0.5365
grim:0.53175
nudity (full frontal - notable):0.529
philosophical:0.526
downbeat:0.52325
rebellion:0.523
pointless:0.5085
humorous:0.50625
runaway:0.493
dysfunctional family:0.49275
intellectual:0.487
visually stunning:0.485
addiction:0.4835
absurd:0.48175
story:0.47675
corporate america:0.47475
stoner movie:0.473
poetry:0.47175
eccentricity:0.47
cinematography:0.468
violence:0.4675
talky:0.46725
melancholy:0.46275
movielens top pick:0.46225
character study:0.461
mental illness:0.459
road movie:0.447
alter ego:0.446
revenge:0.442
good dialogue:0.44175
drug abuse:0.43875
anti-hero:0.438
women:0.43675
dark hero:0.43475
insanity:0.43475
male nudity:0.4345
god:0.43325
very interesting:0.4325
multiple storylines:0.42825
enigmatic:0.42775
redemption:0.42775
