biographical:0.95775
biopic:0.9465
based on a book:0.90125
based on book:0.89125
gay character:0.8815
homosexuality:0.84175
aids:0.771
original:0.74325
biography:0.7275
manipulation:0.71775
obsession:0.70775
gay:0.691
queer:0.68825
loneliness:0.6785
relationships:0.66375
character study:0.63675
based on a true story:0.59275
oscar (best actress):0.587
mentor:0.58625
drama:0.5695
adaptation:0.56725
homophobia:0.55675
camp:0.54975
pornography:0.54775
intimate:0.53775
runaway:0.5265
addiction:0.51325
brutality:0.51175
very interesting:0.4965
drug addiction:0.49575
criterion:0.48475
great movie:0.48325
storytelling:0.48225
great:0.481
greed:0.474
sexy:0.4735
corruption:0.45775
great acting:0.4575
glbt:0.456
dramatic:0.452
interesting:0.45175
oscar (best supporting actress):0.45075
catastrophe:0.44525
1970s:0.44125
tragedy:0.43475
death:0.418
eccentricity:0.41725
oscar:0.417
great ending:0.4155
drug abuse:0.412
based on a play:0.41
passionate:0.40625
good soundtrack:0.4045
cult classic:0.4035
life & death:0.39875
dialogue:0.3975
talky:0.39725
affectionate:0.396
betrayal:0.39525
enigmatic:0.392
las vegas:0.3805
creepy:0.37925
stereotypes:0.3755
story:0.37475
sexual:0.37225
crime gone awry:0.36475
good:0.3615
cinematography:0.361
drugs:0.35475
melancholic:0.3545
weird:0.35125
not funny:0.3505
love story:0.343
mad scientist:0.34
gangsters:0.33975
honest:0.338
nudity (full frontal - notable):0.3365
suspense:0.33525
stylized:0.3305
mental illness:0.33025
drinking:0.32975
intense:0.32875
life philosophy:0.32625
complex:0.32525
romance:0.32425
fantasy world:0.32225
quirky:0.32225
stylish:0.3215
violent:0.32
culture clash:0.3135
unlikely friendships:0.31325
california:0.30975
sexualized violence:0.30975
based on true story:0.309
macabre:0.30825
paranoid:0.3045
dialogue driven:0.30325
reflective:0.30175
family:0.29925
alter ego:0.29875
