adultery:0.98225
relationships:0.97225
nudity (topless - notable):0.9705
london:0.955
secrets:0.9415
betrayal:0.916
infidelity:0.907
british:0.90175
marriage:0.8945
drama:0.8725
moral ambiguity:0.84275
cheating:0.833
talky:0.832
enigmatic:0.821
england:0.80925
twists & turns:0.7935
terminal illness:0.78825
complex:0.77725
obsession:0.76625
original:0.765
guilt:0.7465
narrated:0.746
drinking:0.74525
intense:0.73375
great acting:0.7315
good:0.72025
melancholic:0.71875
dialogue:0.69775
interesting:0.69625
loneliness:0.69525
love story:0.69425
divorce:0.6925
complicated:0.67925
good soundtrack:0.6775
based on a play:0.67525
cynical:0.67275
manipulation:0.67025
love:0.66925
brutality:0.66825
first contact:0.6555
queer:0.65475
based on a book:0.63625
sexy:0.635
emotional:0.6325
cancer:0.63175
justice:0.6285
suspense:0.62725
directorial debut:0.6235
honest:0.619
redemption:0.61875
twist:0.6175
family:0.61575
criterion:0.615
death:0.61075
tense:0.61025
story:0.607
erotic:0.60275
plot twist:0.60025
catastrophe:0.599
life philosophy:0.59875
greed:0.59625
intimate:0.59025
plot:0.58425
hotel:0.5835
period piece:0.583
downbeat:0.583
great ending:0.58175
chick flick:0.58175
witty:0.5815
crime:0.57775
passionate:0.57475
melancholy:0.57275
murder:0.5705
destiny:0.568
reflective:0.56775
cerebral:0.56725
excellent script:0.56525
very interesting:0.56325
intelligent:0.562
good acting:0.5615
multiple storylines:0.5545
oscar (best supporting actress):0.55275
happy ending:0.55225
very good:0.5485
ironic:0.547
intellectual:0.546
love triangles:0.537
tragedy:0.532
oscar (best directing):0.5285
very funny:0.5285
pornography:0.51625
sexuality:0.5155
realistic:0.5125
goofy:0.5115
writers:0.51025
storytelling:0.507
runaway:0.5015
cinematography:0.498
light:0.494
sexual:0.48975
