high school:0.9885
teen movie:0.983
teen:0.96875
teens:0.94675
comedy:0.94625
geeks:0.92975
goofy:0.89225
fun movie:0.87325
silly:0.837
funny:0.782
dumb:0.74775
silly fun:0.732
80s:0.69725
original:0.686
predictable:0.6745
fun:0.66875
california:0.65325
bad plot:0.64675
very funny:0.64475
geek:0.6195
jungle:0.61375
school:0.603
teenager:0.5945
cool:0.586
teenagers:0.56825
hilarious:0.56075
bullying:0.555
stoner movie:0.52725
destiny:0.5255
quotable:0.52525
so bad it's funny:0.508
pg-13:0.50275
family:0.5025
story:0.498
dumb but funny:0.4915
feel-good:0.4865
dialogue:0.486
great ending:0.47425
stupid:0.473
guilty pleasure:0.471
stupid as hell:0.46725
cheerleading:0.46375
quirky:0.46075
great:0.45225
catastrophe:0.4455
good soundtrack:0.44325
mentor:0.43075
buddy movie:0.43025
good:0.43
happy ending:0.43
immortality:0.42775
amy smart:0.424
light:0.40725
cute!:0.40675
underdog:0.40425
childhood:0.396
fight scenes:0.39175
adventure:0.38925
overrated:0.3885
feel good movie:0.38725
adaptation:0.3825
life philosophy:0.38225
first contact:0.37475
love:0.3735
stupidity:0.367
transformation:0.36275
cult film:0.3615
great acting:0.351
awesome soundtrack:0.35025
weird:0.348
stereotypes:0.3445
shallow:0.3445
storytelling:0.34425
brutality:0.342
special effects:0.34075
girlie movie:0.34
unusual plot structure:0.337
idiotic:0.33125
unfunny:0.3305
corny:0.32675
slapstick:0.32625
entertaining:0.3245
nocturnal:0.31825
marijuana:0.318
fantasy world:0.31625
runaway:0.3155
chase:0.31525
time:0.31375
lame:0.30675
culture clash:0.306
crude humor:0.305
vengeance:0.30475
absurd:0.303
big budget:0.30125
lone hero:0.2985
drinking:0.298
entirely dialogue:0.29775
natural disaster:0.29775
bad cgi:0.2885
camp:0.28725
