slasher:0.99825
splatter:0.983
twist ending:0.938
bloody:0.92575
horror:0.9155
serial killer:0.88525
gory:0.85575
original:0.84875
surprise ending:0.81325
teens:0.8105
twists & turns:0.8025
death:0.782
grindhouse:0.77475
creepy:0.7675
murder:0.7645
gore:0.73075
80s:0.717
brutality:0.71125
violence:0.69775
halloween:0.69275
nudity:0.6885
bizarre:0.6605
great ending:0.629
nudity (topless):0.6115
twist:0.60625
stylish:0.59475
unusual plot structure:0.58725
cult film:0.56725
psychological:0.5605
predictable:0.5565
so bad it's funny:0.54475
brutal:0.539
teen movie:0.533
scary:0.524
macabre:0.5135
silly:0.5135
1980s:0.5075
campy:0.5075
suspense:0.495
psychiatrist:0.4865
revenge:0.4725
dumb but funny:0.47125
camp:0.46925
mentor:0.4675
cult classic:0.45625
weapons:0.45275
good soundtrack:0.45125
goretastic:0.451
not funny:0.44775
clever:0.43725
goofy:0.4355
plot twist:0.43
gruesome:0.42575
spelling bee:0.4225
pointless:0.42175
weird:0.4195
complex:0.418
teen:0.4105
tricky:0.40975
dialogue:0.4085
police investigation:0.40775
blood:0.4015
silly fun:0.4005
suspenseful:0.39375
stereotypes:0.39025
fun movie:0.3835
bad ending:0.37925
classic car:0.37775
cerebral:0.3705
vengeance:0.37
melancholic:0.3625
visceral:0.36175
demons:0.36075
mystery:0.36075
catastrophe:0.3605
identity:0.35325
storytelling:0.35
sexualized violence:0.3485
hospital:0.34575
bad plot:0.34475
insanity:0.34425
overrated:0.344
memory:0.34
adaptation:0.33775
supernatural:0.3375
entirely dialogue:0.33575
disturbing:0.33425
creativity:0.333
first contact:0.3265
underrated:0.32525
over the top:0.32375
bad acting:0.32125
stupid as hell:0.316
cheesy:0.31425
enigmatic:0.31075
school:0.31075
atmospheric:0.3085
dumb:0.307
writers:0.306
quirky:0.30475
