bdsm:1.0
based on a book:0.9975
erotic:0.95
adapted from:book:0.9495
pornography:0.9425
books:0.926
book:0.917
horrible:0.85075
based on book:0.8485
book was better:0.839
predictable:0.82575
sexual:0.821
sex:0.8185
adaptation:0.79175
sexy:0.75075
so bad it's funny:0.748
original:0.735
relationships:0.679
bad acting:0.673
bad plot:0.6725
male nudity:0.66875
romantic:0.662
love story:0.64925
pointless:0.6445
ridiculous:0.63625
romance:0.62925
teen movie:0.611
nudity (topless - notable):0.573
sexualized violence:0.56875
dialogue:0.5655
awful:0.56325
good soundtrack:0.5505
women:0.54725
fantasy:0.5465
great ending:0.54325
girlie movie:0.5315
love:0.52825
boring:0.52125
vampire human love:0.5205
shallow:0.519
idiotic:0.512
dumb but funny:0.505
catastrophe:0.50325
mentor:0.49825
intense:0.498
overrated:0.495
writers:0.4715
stupid as hell:0.46825
reality tv:0.46675
bad:0.463
drama:0.4535
family:0.45125
silly fun:0.45125
fantasy world:0.451
literature:0.44575
passionate:0.44
pg-13:0.4335
sexuality:0.4195
brutality:0.41725
bad cgi:0.39825
psychological:0.3965
first contact:0.394
big budget:0.39125
disaster:0.391
violence:0.391
controversial:0.38875
happy ending:0.38725
entirely dialogue:0.384
destiny:0.383
chick flick:0.37975
irish accent:0.368
fight scenes:0.36375
runaway:0.3555
franchise:0.35525
christian:0.35275
virginity:0.35125
visually appealing:0.3475
crude humor:0.345
story:0.3435
silly:0.34025
slapstick:0.33925
melancholic:0.33725
fashion:0.337
sci fi:0.32875
teens:0.322
culture clash:0.32075
splatter:0.317
justice:0.3095
nudity:0.30725
nudity (full frontal - notable):0.304
nudity (topless):0.3035
redemption:0.303
teen:0.30125
dysfunctional family:0.3005
manipulation:0.2985
suspense:0.2985
twists & turns:0.298
quirky:0.29575
gangsters:0.29475
life philosophy:0.29275
