oscar (best picture):0.99825
oscar (best directing):0.86475
circus:0.8305
fun movie:0.79825
oscar:0.78475
oscar winner:0.7545
great movie:0.74325
afi 100:0.7335
entertaining:0.72725
great:0.7155
original:0.70375
great acting:0.6935
clowns:0.676
oscar (best actress):0.664
oscar (best supporting actor):0.65875
oscar (best cinematography):0.6525
earnest:0.64575
oscar (best supporting actress):0.641
mentor:0.6385
love triangles:0.62975
based on a play:0.62375
noir thriller:0.60175
dialogue:0.58675
very interesting:0.586
imdb top 250:0.58425
greed:0.5715
story:0.55775
family:0.55725
1950s:0.5525
suspense:0.5445
happy ending:0.53975
lions:0.5395
good:0.5375
chase:0.523
redemption:0.521
great ending:0.515
us history:0.50225
creativity:0.48975
sentimental:0.48325
long:0.483
passionate:0.47375
justice:0.473
corruption:0.47025
life philosophy:0.4695
dramatic:0.467
runaway:0.46425
destiny:0.453
catastrophe:0.4525
special effects:0.45225
drama:0.449
romantic:0.43825
artist:0.4285
secrets:0.42575
over the top:0.41975
police investigation:0.416
brothers:0.41225
love story:0.408
whimsical:0.406
historical:0.40475
oscar (best actor):0.4005
corny:0.39625
1930s:0.39525
artistic:0.3895
not funny:0.3875
adaptation:0.3845
animals:0.38075
period piece:0.38
romance:0.37625
natural disaster:0.376
predictable:0.36925
epic:0.36575
costume drama:0.36375
talky:0.36075
interesting:0.352
fun:0.3515
exciting:0.35125
murder:0.349
adapted from:book:0.34875
big budget:0.343
aging:0.342
light:0.3375
tragedy:0.3375
con men:0.33625
gangsters:0.336
storytelling:0.33525
nostalgic:0.332
scenic:0.33175
culture clash:0.3275
murder mystery:0.3245
narrated:0.32325
kids and family:0.3205
small town:0.3205
biographical:0.3185
first contact:0.3175
childhood:0.316
train:0.3155
sacrifice:0.314
underdog:0.314
radio:0.31025
exceptional acting:0.30425
