criterion:0.997
enigmatic:0.97475
loneliness:0.9645
melancholic:0.9525
meditative:0.94825
reflective:0.94475
bleak:0.90475
nocturnal:0.89725
existentialism:0.888
intimate:0.8805
masterpiece:0.87825
relationships:0.87775
cerebral:0.861
black and white:0.84375
golden palm:0.83925
breathtaking:0.819
rome:0.811
downbeat:0.8105
imdb top 250:0.80325
trilogy:0.779
cinematography:0.778
visual:0.77275
melancholy:0.77
poignant:0.75675
visually appealing:0.75325
greed:0.74475
talky:0.73875
oscar (best foreign language film):0.7285
weird:0.72575
harsh:0.7255
storytelling:0.71225
stylized:0.6705
emotional:0.6615
artistic:0.65625
moody:0.65325
obsession:0.65275
solitude:0.64975
original:0.64625
intellectual:0.6425
life philosophy:0.63475
affectionate:0.6195
atmospheric:0.6115
philosophical:0.59275
unusual plot structure:0.58525
italy:0.56725
dreamlike:0.56075
social commentary:0.5565
artsy:0.556
great ending:0.553
poetry:0.55125
slow:0.54
grim:0.5355
surreal:0.5335
runaway:0.52975
bittersweet:0.52825
complex:0.528
character study:0.527
suprisingly clever:0.5255
non-linear:0.5235
nuclear war:0.52275
love story:0.52225
dialogue:0.522
beautifully filmed:0.5125
insanity:0.49725
depressing:0.49175
cynical:0.478
visually stunning:0.477
humanity:0.4665
entirely dialogue:0.4645
movielens top pick:0.463
suburbia:0.46275
natural disaster:0.4595
silent:0.45825
light:0.45275
off-beat comedy:0.45
drama:0.44525
catastrophe:0.4435
oscar (best directing):0.439
imagination:0.4375
witty:0.43575
tokyo:0.435
art:0.43025
allegory:0.43025
love:0.4245
culture clash:0.42125
complex characters:0.42025
scenic:0.42
disturbing:0.4155
hotel:0.41525
compassionate:0.41175
perfect:0.4095
life & death:0.4075
great:0.4065
dreams:0.39875
photography:0.39625
creativity:0.393
transformation:0.39275
end of the world:0.39075
beautiful scenery:0.38975
dramatic:0.3875
