japan:0.9775
anime:0.93575
tokyo:0.87525
original:0.80025
criterion:0.796
chase:0.79
passionate:0.765
life:0.76275
japanese:0.7475
history:0.747
animation:0.7445
love story:0.74225
poignant:0.74125
weird:0.74075
story:0.73425
imdb top 250:0.71975
childhood:0.718
loneliness:0.71275
melancholic:0.70525
surreal:0.70375
storytelling:0.67425
visually appealing:0.647
reflective:0.62825
love:0.617
family drama:0.61525
animated:0.61
life philosophy:0.596
life & death:0.59075
cult classic:0.58175
great:0.57525
masterpiece:0.565
bittersweet:0.5595
transformation:0.5575
mentor:0.5565
melancholy:0.55475
cinematography:0.54975
samurai:0.54625
intimate:0.5455
oscar (best directing):0.543
good soundtrack:0.54
forceful:0.54
art:0.53425
sacrifice:0.52825
death:0.52375
highly quotable:0.522
paranoia:0.51625
touching:0.5145
dreams:0.508
emotional:0.5005
great ending:0.50025
tragedy:0.49275
social commentary:0.492
stylized:0.481
dialogue:0.4785
downbeat:0.47525
unusual plot structure:0.475
movielens top pick:0.473
enigmatic:0.47125
talky:0.46975
beautifully filmed:0.46975
beautiful:0.46675
atmospheric:0.46675
whimsical:0.463
fantasy world:0.45775
catastrophe:0.45775
friendship:0.45775
suprisingly clever:0.44925
visually stunning:0.44825
fight scenes:0.448
oscar (best foreign language film):0.445
goofy:0.4405
costume drama:0.4395
light:0.43925
bleak:0.439
affectionate:0.4365
narrated:0.433
dreamlike:0.42825
drama:0.426
culture clash:0.41925
surveillance:0.418
sexualized violence:0.416
giant robots:0.415
sci fi:0.41475
quotable:0.41325
earnest:0.41175
allegory:0.411
interesting:0.40875
destiny:0.40275
vengeance:0.40175
brutality:0.4015
heartbreaking:0.4015
cult film:0.401
imagination:0.40025
nudity (full frontal - brief):0.393
insanity:0.393
complex:0.39275
nocturnal:0.39275
clever:0.39275
great movie:0.3895
memory:0.38825
