short:0.98825
pixar:0.9795
animation:0.97475
too short:0.9525
computer animation:0.90975
animated:0.89325
pixar animation:0.889
whimsical:0.8775
original:0.85525
funny:0.81
cartoon:0.80375
musicians:0.7985
storytelling:0.796
cute:0.7825
good music:0.76175
clever:0.76075
runaway:0.742
childhood:0.735
story:0.7305
good:0.72625
very funny:0.7125
oscar winner:0.695
great:0.654
music:0.6525
musical:0.64575
friendship:0.6455
good soundtrack:0.63375
feel good movie:0.63
imdb top 250:0.62825
stop motion:0.62125
cars:0.61375
dialogue:0.60125
aardman studios:0.6
visually appealing:0.59775
witty:0.59725
destiny:0.58275
great ending:0.5765
humorous:0.576
suprisingly clever:0.575
fun:0.57425
kids and family:0.57225
greed:0.5635
unlikely friendships:0.562
sweet:0.5575
fantasy world:0.553
cute!:0.55075
movielens top pick:0.5455
feel-good:0.54075
kids:0.5305
redemption:0.523
culture clash:0.51275
manipulation:0.51025
humor:0.508
heartwarming:0.50575
animals:0.5045
birds:0.50425
chase:0.5025
mentor:0.49825
oscar (best actress):0.498
oscar:0.4945
police investigation:0.48425
creativity:0.48325
simple:0.4765
stunning:0.4655
fun movie:0.46525
social commentary:0.46125
light:0.46125
colourful:0.45775
oscar (best animated feature):0.4545
twists & turns:0.44975
based on book:0.44925
transformation:0.442
coming of age:0.435
artistic:0.434
pornography:0.4335
prejudice:0.43275
animal movie:0.42275
unusual plot structure:0.41875
very good:0.416
underrated:0.415
stereotypes:0.41475
catastrophe:0.41225
nudity (full frontal - brief):0.411
dramatic:0.40975
oscar (best supporting actress):0.4085
comedy:0.40775
excellent script:0.40775
silent:0.40575
entertaining:0.40525
weird:0.40225
pg-13:0.3995
british:0.3985
original plot:0.39775
good acting:0.397
talking animals:0.3955
narrated:0.3935
visually stunning:0.391
visual:0.38825
great movie:0.38575
fairy tale:0.385
