spies:0.95275
spy:0.94825
spying:0.9325
espionage:0.92925
suspense:0.888
conspiracy:0.87325
thriller:0.8535
teen movie:0.846
mentor:0.8385
chase:0.8365
vengeance:0.829
cold war:0.8195
revenge:0.80875
intense:0.8025
suspenseful:0.7965
teens:0.796
plot:0.78475
serial killer:0.76
great movie:0.745
fast paced:0.73825
murder:0.7295
teen:0.72375
good:0.71175
original:0.70175
corruption:0.70125
secrets:0.69375
police investigation:0.6795
sexy:0.67475
violence:0.673
islam:0.66925
runaway:0.6635
assassin:0.661
adolescence:0.65175
pg-13:0.65025
great ending:0.6255
fbi:0.62175
great acting:0.61475
twists & turns:0.60125
russian:0.60075
justice:0.58225
destiny:0.5725
entertaining:0.57
kidnapping:0.5695
so bad it's funny:0.568
80s:0.56725
unusual plot structure:0.55275
assassination:0.54625
russia:0.53875
nudity (topless):0.53725
excellent script:0.53425
enormously long battle scene:0.52725
twist:0.52375
catastrophe:0.52225
1980s:0.5195
nudity (topless - notable):0.51725
good soundtrack:0.51475
predictable:0.5145
psychological:0.50875
investigation:0.50825
brutality:0.50325
violent:0.4985
action:0.496
storytelling:0.49525
forceful:0.4855
sexualized violence:0.48025
great:0.47675
fun movie:0.475
manipulation:0.46625
nudity (full frontal - brief):0.46125
school:0.45575
stylish:0.45425
torture:0.44825
drama:0.44625
story:0.44375
dialogue:0.44025
bullying:0.43575
melancholic:0.4335
teenager:0.43225
life philosophy:0.42625
plot twist:0.42575
moral ambiguity:0.424
paranoid:0.42125
bad ending:0.41825
exciting:0.416
crime:0.4145
good acting:0.4125
teacher:0.41125
betrayal:0.4085
interesting:0.39625
psychology:0.39575
notable nudity:0.3925
redemption:0.38775
gangsters:0.3875
no plot:0.3845
brainwashing:0.38275
alternate endings:0.38225
very interesting:0.38025
tricky:0.379
clever:0.37575
murder mystery:0.37575
