splatter:0.98325
zombies:0.948
mad scientist:0.946
goofy:0.92125
motorcycle:0.89325
zombie:0.88825
camp:0.826
cult classic:0.82425
so bad it's funny:0.815
cult film:0.78675
grindhouse:0.7555
bad plot:0.71875
horror:0.71625
campy:0.70475
80s:0.70125
silly fun:0.682
original:0.672
bad acting:0.64825
silly:0.646
small town:0.644
weird:0.64275
sexualized violence:0.6335
action:0.628
low budget:0.625
queer:0.62325
road movie:0.62275
predictable:0.59425
lone hero:0.58025
finnish:0.56425
cult:0.554
desert:0.529
fun movie:0.52825
awesome soundtrack:0.52425
stupidity:0.52275
fun:0.51325
good soundtrack:0.4835
lame:0.4765
gory:0.47275
franchise:0.4695
horrible:0.454
special effects:0.44725
slapstick:0.446
quotable:0.44575
demons:0.43875
so bad it's good:0.4365
monster:0.43325
cannibalism:0.42975
violence:0.42425
chase:0.416
brutality:0.41525
mentor:0.415
cool:0.41075
entertaining:0.4015
catastrophe:0.39675
stupid as hell:0.3965
action packed:0.39125
immortality:0.3885
adventure:0.38825
apocalypse:0.38375
supernatural:0.3835
whimsical:0.37775
end of the world:0.37675
cheesy:0.3755
great ending:0.374
beer:0.37375
dialogue:0.37125
family:0.3705
good action:0.3705
great:0.366
quirky:0.36175
fight scenes:0.35975
very funny:0.3575
survival:0.354
wilderness:0.34125
god:0.32975
stupid:0.32825
adaptation:0.32525
overrated:0.324
solitude:0.32225
life philosophy:0.32025
nocturnal:0.3195
orphans:0.31675
pointless:0.31425
ridiculous:0.31425
boring:0.31175
bad:0.309
not funny:0.30475
idiotic:0.30225
romance:0.30175
comedy:0.30125
torture:0.301
sci fi:0.29875
pulp:0.2975
clones:0.29625
dysfunctional family:0.29425
blood:0.2935
weapons:0.29225
science fiction:0.29025
gore:0.287
parody:0.28525
