german:0.9255
germany:0.8945
censorship:0.8555
comedy:0.85525
funny:0.8215
plot:0.7985
pg-13:0.7865
so bad it's funny:0.68175
fast paced:0.665
original:0.64
better than expected:0.61525
very funny:0.615
unfunny:0.59225
first contact:0.53675
predictable:0.5335
culture clash:0.529
entertaining:0.51425
catastrophe:0.509
good:0.4965
greed:0.477
mentor:0.47675
teen movie:0.4745
future:0.469
stereotypes:0.4655
silly:0.45675
teen:0.45675
stoner movie:0.4525
robbery:0.43675
happy ending:0.43075
crime:0.4235
action:0.42025
justice:0.42025
dumb:0.4195
unusual plot structure:0.41525
crude humor:0.4115
good soundtrack:0.4075
girlie movie:0.4015
social commentary:0.399
shallow:0.39175
teacher:0.39
chase:0.3855
islam:0.38325
fun movie:0.3795
story:0.378
notable nudity:0.3745
love story:0.3675
witty:0.36575
harsh:0.3635
dialogue:0.358
betrayal:0.34125
criterion:0.33775
bad plot:0.3365
android(s)/cyborg(s):0.336
superheroes:0.3285
alternate history:0.3275
good action:0.3255
destiny:0.324
runaway:0.32225
stunning:0.322
entirely dialogue:0.32075
visuals:0.31625
bullshit history:0.31575
sequels:0.31325
teens:0.3115
bad acting:0.3105
chick flick:0.31025
mozart:0.30875
action packed:0.301
series:0.29875
lame:0.29775
fight scenes:0.2975
amy smart:0.29625
unrealistic:0.29525
clever:0.29525
storytelling:0.294
world war ii:0.292
lone hero:0.29075
school:0.2895
18th century:0.288
politics:0.287
political:0.28675
creativity:0.28525
life philosophy:0.285
romance:0.284
nerds:0.28225
unlikeable characters:0.28225
stupid:0.281
great:0.2805
technology:0.28025
computer animation:0.27625
drama:0.276
transformation:0.271
hip hop:0.271
great ending:0.269
natural disaster:0.269
life & death:0.26525
big budget:0.265
strippers:0.265
vengeance:0.2615
sacrifice:0.26025
