noir thriller:0.9975
noir:0.97725
san francisco:0.9235
film noir:0.92
murder:0.91975
mystery:0.849
talky:0.84575
murder mystery:0.84575
black and white:0.8245
nocturnal:0.82375
suspense:0.81575
criterion:0.79
great ending:0.7875
crime:0.778
corruption:0.77425
complicated:0.7725
tense:0.76425
original:0.759
police investigation:0.75175
interesting:0.74725
dialogue:0.731
enigmatic:0.727
investigation:0.72675
stylish:0.7245
cinematography:0.72275
moody:0.71375
thriller:0.71275
dreamlike:0.708
atmospheric:0.70375
secrets:0.7035
betrayal:0.69675
paranoia:0.696
detective:0.6905
imdb top 250:0.68775
clever:0.6815
twists & turns:0.68025
visual:0.67675
conspiracy:0.67475
photography:0.67025
storytelling:0.66925
classic:0.66325
identity:0.65675
runaway:0.6555
good acting:0.65025
guilt:0.6485
sexy:0.64375
tricky:0.6425
narrated:0.63625
plot:0.62825
greed:0.61125
oscar (best actress):0.6015
loneliness:0.5885
psychological:0.58725
great movie:0.58525
hotel:0.58525
dark:0.585
prison:0.58325
obsession:0.581
very interesting:0.57875
light:0.56825
story:0.56225
revenge:0.56175
culture clash:0.55825
visually appealing:0.55325
weird:0.5515
cerebral:0.55125
plot holes:0.54525
pornography:0.54475
great acting:0.543
good:0.53775
drinking:0.53625
chase:0.53
assassination:0.52825
oscar (best directing):0.528
screwball:0.52475
visually stunning:0.52175
eerie:0.5175
justice:0.517
idealism:0.51275
affectionate:0.50975
movielens top pick:0.5075
hitchcock:0.50325
unusual plot structure:0.503
suprisingly clever:0.49675
existentialism:0.49675
downbeat:0.49425
suspenseful:0.494
entirely dialogue:0.49275
golden palm:0.4865
drama:0.48625
stylized:0.4835
mentor:0.48275
claustrophobic:0.48175
gangsters:0.48175
crime gone awry:0.481
forceful:0.481
nostalgic:0.48075
complex:0.48
redemption:0.47925
artistic:0.477
