oscar (best animated feature):0.99675
animation:0.989
talking animals:0.9765
animals:0.974
animated:0.95025
western:0.93675
computer animation:0.88975
small town:0.86275
original:0.86175
cartoon:0.83925
storytelling:0.80575
desert:0.77925
weird:0.69725
visually stunning:0.6965
gunfight:0.691
story:0.6905
kids:0.68525
animal movie:0.67775
good soundtrack:0.6525
creativity:0.6235
clever:0.61575
destiny:0.604
adventure:0.59175
great:0.58275
children:0.5695
quirky:0.56925
visual:0.56525
good versus evil:0.56025
dialogue:0.55875
stop motion:0.55325
humorous:0.54875
existentialism:0.535
pixar animation:0.5215
3d:0.51725
loneliness:0.515
visually appealing:0.51225
witty:0.512
family:0.4985
violence:0.48725
good:0.486
stereotypes:0.48325
redemption:0.47375
pg:0.47
social commentary:0.465
stylized:0.46475
chase:0.4645
allegory:0.46325
great ending:0.46
humor:0.457
great movie:0.4565
funny:0.45075
friendship:0.45075
snakes:0.449
surreal:0.448
spaghetti western:0.44575
light:0.44275
goofy:0.44275
mentor:0.43775
colourful:0.4375
childhood:0.4335
crude humor:0.43275
fun:0.42675
visuals:0.41825
comedy:0.4165
cute:0.41475
unlikely friendships:0.414
greed:0.40425
fantasy world:0.4035
road movie:0.40225
whimsical:0.40225
catastrophe:0.402
very funny:0.39575
runaway:0.394
stunning:0.379
imdb top 250:0.377
treasure hunt:0.371
predictable:0.371
entertaining:0.367
culture clash:0.366
corruption:0.362
complex:0.3555
fun movie:0.35475
oscar:0.35375
harsh:0.35175
cerebral:0.3495
talky:0.34825
violent:0.3475
pg-13:0.3435
cult film:0.34325
kids and family:0.34325
vengeance:0.3425
anti-hero:0.33475
satirical:0.334
adaptation:0.331
stop-motion:0.33075
rabbits:0.32875
life philosophy:0.32825
eccentricity:0.326
entirely dialogue:0.32425
melancholic:0.322
