relationships:0.81275
paris:0.75275
criterion:0.7285
love:0.6905
original:0.663
classic car:0.565
grindhouse:0.558
intimate:0.557
swedish:0.49725
romantic:0.495
harsh:0.49025
obsession:0.484
romance:0.45675
french:0.4525
women:0.4455
melancholic:0.4375
enigmatic:0.4325
good soundtrack:0.4295
passionate:0.42475
great:0.4225
great ending:0.41775
catastrophe:0.4045
golden palm:0.3905
brutality:0.38925
glbt:0.38575
multiple storylines:0.377
sexy:0.375
mentor:0.3725
love story:0.35775
pornography:0.35725
culture clash:0.3515
suprisingly clever:0.34975
talky:0.34825
dialogue:0.34675
entirely dialogue:0.3285
beautifully filmed:0.32525
existentialism:0.3245
free to download:0.32075
storytelling:0.31975
beautiful scenery:0.31875
oscar (best foreign language film):0.31325
queer:0.31275
so bad it's funny:0.305
fashion:0.299
fantasy world:0.29425
spanish:0.28925
better than the american version:0.28725
art:0.28275
transformation:0.28175
male nudity:0.27975
not funny:0.27975
complex:0.27725
nocturnal:0.26725
melancholy:0.26375
foreign:0.26
life philosophy:0.26
adaptation:0.25925
art house:0.25775
nudity (full frontal - notable):0.256
reflective:0.2545
clever:0.254
stylized:0.25025
weapons:0.2485
runaway:0.24725
low budget:0.2435
cinematography:0.24275
lone hero:0.24275
bollywood:0.237
tokyo:0.23675
meditative:0.23375
visually appealing:0.2335
writers:0.23275
sexualized violence:0.232
gangsters:0.229
loneliness:0.227
hotel:0.22625
friendship:0.22025
transgender:0.22
poetry:0.21875
pretentious:0.216
finnish:0.2155
overrated:0.2135
first contact:0.21325
dreams:0.2095
movielens top pick:0.2095
dysfunctional family:0.2085
hospital:0.20725
unlikely friendships:0.2065
macabre:0.2055
weird:0.20475
childhood:0.202
story:0.20175
british:0.20125
good:0.2005
police investigation:0.196
twists & turns:0.1955
bittersweet:0.194
splatter:0.19325
redemption:0.19125
very interesting:0.19
