ghosts:0.97075
comedy:0.938
afterlife:0.8895
story:0.87625
romantic comedy:0.854
feel-good:0.84875
original:0.80125
romantic:0.7955
supernatural:0.7925
funny:0.785
feel good movie:0.72875
dialogue:0.71125
humorous:0.69375
life & death:0.68975
romance:0.6825
redemption:0.6755
clever:0.671
very funny:0.66725
good:0.66625
alternate reality:0.63175
surreal:0.62425
life philosophy:0.6205
touching:0.616
destiny:0.615
sarcasm:0.60475
love story:0.57525
hilarious:0.57425
light:0.57175
predictable:0.565
humor:0.55825
pg-13:0.549
heartwarming:0.549
silly:0.54075
hospital:0.53875
catastrophe:0.53675
crude humor:0.5285
drama:0.527
mentor:0.524
transformation:0.49425
sweet:0.49275
great ending:0.4895
witty:0.486
great:0.485
social commentary:0.47975
unfunny:0.47725
chase:0.475
storytelling:0.469
culture clash:0.4645
better than expected:0.4535
loneliness:0.443
good soundtrack:0.44275
family:0.441
british:0.428
oscar winner:0.42725
dreamlike:0.42575
solitude:0.4215
absurd:0.4085
great movie:0.407
creativity:0.4025
fun movie:0.401
great acting:0.3955
weird:0.39225
stereotypes:0.39225
happy ending:0.392
drinking:0.391
interesting:0.38525
special effects:0.38375
lawyer:0.38375
ghosts/afterlife:0.38325
so bad it's funny:0.3775
quirky:0.3755
good acting:0.37325
death:0.371
entertaining:0.368
sentimental:0.3655
honest:0.36325
fun:0.362
survival:0.3595
robert downey jr:0.35725
script:0.3535
runaway:0.34725
new york city:0.34475
existentialism:0.34425
reflective:0.34425
adaptation:0.33925
suprisingly clever:0.33775
irreverent:0.33725
very good:0.33625
cute:0.3335
natural disaster:0.331
computer animation:0.33
writers:0.3265
life:0.32625
unique:0.32525
first contact:0.325
justice:0.325
excellent script:0.321
dramatic:0.32025
unlikely friendships:0.32
quotable:0.3195
