enigmatic:0.96925
criterion:0.9595
australia:0.95375
mystery:0.9465
boarding school:0.8765
eerie:0.876
dreamlike:0.8705
ominous:0.851
beautifully filmed:0.83975
meditative:0.83875
cinematography:0.83175
atmospheric:0.81625
women:0.809
adapted from:book:0.80625
breathtaking:0.801
runaway:0.78175
secrets:0.77975
weird:0.765
based on a book:0.76425
allegory:0.7575
sexual:0.7515
melancholic:0.747
original:0.7395
obsession:0.739
visually appealing:0.7025
psychological:0.689
scenic:0.68825
surreal:0.68625
adolescence:0.6815
golden palm:0.673
sexuality:0.667
hallucinatory:0.6585
masterpiece:0.63925
art house:0.6385
storytelling:0.6215
pornography:0.619
intimate:0.618
lyrical:0.615
disturbing:0.6
australian:0.591
police investigation:0.587
based on book:0.57825
good soundtrack:0.5755
teacher:0.57375
suspense:0.57175
talky:0.57025
visual:0.56
unlikely friendships:0.55875
slow paced:0.55725
period piece:0.54875
creepy:0.54725
childhood:0.54175
identity:0.54075
psychology:0.535
culture clash:0.5315
friendship:0.53075
existentialism:0.529
narrated:0.52775
great ending:0.52625
photography:0.514
school:0.5065
based on true story:0.503
erotic:0.50175
dreams:0.4995
reflective:0.499
investigation:0.49725
story:0.495
very interesting:0.4915
stunning:0.48225
strange:0.4795
sexy:0.4795
oscar (best actress):0.47575
adaptation:0.47525
beautiful:0.46125
social commentary:0.45225
dialogue:0.45225
harsh:0.45075
suprisingly clever:0.45075
interesting:0.4505
girlie movie:0.45
stylized:0.439
melancholy:0.43575
virginity:0.43525
catastrophe:0.43075
great cinematography:0.42475
surrealism:0.42225
twists & turns:0.422
passionate:0.42
drama:0.41725
slow:0.41625
sexualized violence:0.41575
mentor:0.415
loneliness:0.41
murder:0.40825
art:0.4025
fantasy world:0.39675
stylish:0.3955
complex:0.3925
self discovery:0.38875
imagination:0.3875
