dinosaurs:0.96575
futuristic:0.91225
horrible:0.8005
stupid:0.7125
original:0.7
clones:0.699
stupidity:0.64275
predictable:0.629
idiotic:0.613
bad plot:0.608
special effects:0.58225
bad:0.57675
so bad it's funny:0.57425
natural disaster:0.54625
lame:0.541
god:0.50025
disaster:0.497
awful:0.48725
silly fun:0.46825
catastrophe:0.4635
mentor:0.4575
stupid as hell:0.453
childhood:0.4445
action:0.439
dialogue:0.42075
cyborgs:0.42075
first contact:0.4175
sci fi:0.40525
greed:0.401
entertaining:0.40075
big budget:0.39075
writers:0.376
crude humor:0.375
life philosophy:0.375
scifi:0.37075
overrated:0.37
action packed:0.36325
bad ending:0.35425
slapstick:0.354
franchise:0.35275
future:0.34575
great ending:0.33825
detective:0.3345
fantasy:0.33025
fantasy world:0.32675
comedy:0.32675
family:0.32025
adaptation:0.30725
entirely dialogue:0.30625
pointless:0.3055
weird:0.301
good action:0.29575
storytelling:0.292
dreamlike:0.28675
nudity (topless - notable):0.2845
existentialism:0.27975
destiny:0.277
very funny:0.27175
technology:0.2695
boring:0.269
brutality:0.26875
great:0.2655
pornography:0.2615
buddy movie:0.259
bad acting:0.25875
story:0.25575
spying:0.2545
shallow:0.2495
redemption:0.24625
women:0.24475
superhero:0.2445
guilty pleasure:0.2415
cloning:0.24075
ridiculous:0.2395
lone hero:0.23775
quirky:0.232
murder:0.231
dysfunctional family:0.2295
death:0.22625
nudity (full frontal - brief):0.22225
cult film:0.22
memory:0.2195
unfunny:0.21925
unusual plot structure:0.21825
bad cgi:0.21775
humorous:0.21725
gangsters:0.217
sarcasm:0.21575
culture clash:0.213
teen movie:0.21175
violent:0.2115
not funny:0.211
too long:0.2095
sci-fi:0.206
fun movie:0.20575
violence:0.20425
fight scenes:0.204
unlikely friendships:0.20275
satirical:0.2025
happy ending:0.20125
