teen movie:0.82625
life & death:0.7365
fashion:0.73575
teenagers:0.701
silly fun:0.6985
mentor:0.656
drinking:0.653
original:0.65125
transformation:0.60325
teen:0.5885
mars:0.5815
camp:0.57875
author:neil gaiman:0.53575
pornography:0.52775
too short:0.51975
life philosophy:0.49075
catastrophe:0.466
unusual plot structure:0.4645
predictable:0.4615
sequels:0.45275
greed:0.448
great ending:0.4095
destiny:0.409
melancholic:0.40375
adaptation:0.387
con artists:0.378
franchise:0.3775
sexy:0.371
romance:0.36275
satirical:0.36025
bad plot:0.3545
parallel universe:0.35325
fantasy world:0.3485
shopping:0.3475
bollywood:0.3465
dialogue:0.34025
shallow:0.3365
fun movie:0.33
adapted from:comic:0.328
books:0.32525
writers:0.32
women:0.31875
teens:0.317
new orleans:0.31525
free speech:0.314
not funny:0.312
canada:0.3115
rats:0.3105
non-hollywood ending:0.30775
slapstick:0.2995
first contact:0.29925
nudity (full frontal - notable):0.29875
male nudity:0.281
new jersey:0.2775
storytelling:0.2755
japanese:0.2735
redemption:0.27275
dancing:0.26975
con men:0.26575
fun:0.2645
motorcycle:0.26275
entertaining:0.262
nudity (full frontal - brief):0.261
brutality:0.26075
series:0.259
nostalgic:0.25225
stereotypes:0.25175
so bad it's funny:0.2475
teenager:0.247
sacrifice:0.24425
entirely dialogue:0.24325
bad:0.243
action:0.2405
art house:0.24025
lone hero:0.23975
girlie movie:0.2395
police investigation:0.2395
death:0.23725
natural disaster:0.23275
overrated:0.23125
great:0.226
grindhouse:0.225
adapted from:book:0.222
erotic:0.22175
better than expected:0.21925
goofy:0.21925
runaway:0.21575
scary:0.214
dragons:0.214
comic:0.21375
good:0.21325
justice:0.21025
good soundtrack:0.20625
indians:0.2055
crude humor:0.20325
good action:0.20325
visually appealing:0.20325
idiotic:0.2025
family:0.1985
unfunny:0.1945
