wartime:0.92975
original:0.78075
england:0.56275
loneliness:0.5535
passionate:0.488
british:0.4775
based on a play:0.46825
bloody:0.464
dialogue:0.45325
brutality:0.4455
melancholic:0.426
war movie:0.4105
war:0.40325
ethnic conflict:0.4015
catastrophe:0.40125
world war ii:0.39875
mentor:0.377
period piece:0.37325
entirely dialogue:0.37125
adaptation:0.3685
suburbia:0.3675
mental illness:0.355
great ending:0.34775
foreign:0.34625
fantasy world:0.34625
drinking:0.33775
nudity (full frontal - notable):0.33525
wwii:0.33125
oscar (best supporting actress):0.3295
not funny:0.32475
complex:0.32325
pointless:0.3205
working class:0.313
story:0.313
storytelling:0.31
depression:0.30875
memory:0.307
dysfunctional family:0.30575
happy ending:0.3025
overrated:0.29925
drama:0.298
dreamlike:0.29425
talky:0.28975
great acting:0.28875
criterion:0.28475
good soundtrack:0.28125
friendship:0.278
fight scenes:0.27625
shallow:0.271
betrayal:0.27075
enigmatic:0.269
redemption:0.26525
absurd:0.26275
pornography:0.26125
first contact:0.25875
visually appealing:0.25625
gay character:0.25
bad plot:0.24975
relationships:0.249
sexy:0.24675
culture clash:0.246
quirky:0.2445
melancholy:0.2445
world war i:0.24375
obsession:0.24275
golden palm:0.2425
character study:0.24
great:0.23825
predictable:0.2365
adapted from:book:0.23525
runaway:0.2335
transformation:0.2325
france:0.23025
excellent:0.22925
twists & turns:0.2245
suprisingly clever:0.223
dark hero:0.222
unusual plot structure:0.22175
harsh:0.2205
courage:0.22025
queer:0.2195
family:0.21775
politics:0.2165
prejudice:0.216
secrets:0.2145
oscar (best actress):0.214
fantasy:0.2135
imdb top 250:0.21325
life & death:0.21225
gritty:0.21225
very funny:0.211
weapons:0.21075
gangsters:0.21075
camp:0.20975
cult film:0.20775
destiny:0.20775
london:0.20625
crime gone awry:0.2055
unlikely friendships:0.20525
women:0.20325
