creepy:0.98775
horror:0.9555
better than the american version:0.94175
psychological:0.93025
supernatural:0.8945
suspense:0.87675
tense:0.86475
original:0.86375
ominous:0.858
weird:0.846
atmospheric:0.834
frightening:0.83175
eerie:0.815
great ending:0.80625
suspenseful:0.77425
psychology:0.7615
dark:0.75975
visually appealing:0.728
cult classic:0.72175
scary:0.7195
claustrophobic:0.71
original plot:0.699
mystery:0.695
gory:0.6825
visceral:0.66925
macabre:0.66775
disturbing:0.66675
splatter:0.66475
good:0.65275
story:0.62175
intense:0.61725
japan:0.61525
death:0.607
grim:0.60375
cult film:0.599
storytelling:0.5975
japanese:0.58525
demons:0.57975
talky:0.57775
twist ending:0.571
brutality:0.5685
enigmatic:0.5595
ghosts:0.55625
investigation:0.5525
good soundtrack:0.546
gruesome:0.5375
strange:0.537
social commentary:0.53175
adaptation:0.52975
thriller:0.5285
good acting:0.52275
blood:0.521
police investigation:0.512
dialogue:0.509
cinematography:0.5075
interesting:0.506
twist:0.50425
visual:0.501
light:0.5
downbeat:0.497
tokyo:0.496
great movie:0.48975
violence:0.488
transformation:0.486
sexualized violence:0.48575
effects:0.48425
cult:0.48125
paranoid:0.48025
witches:0.48
remake:0.4765
clever:0.46625
loneliness:0.4655
great:0.461
great acting:0.45975
mythology:0.4595
suprisingly clever:0.45825
grindhouse:0.4555
foreign:0.45525
paranoia:0.45425
special effects:0.45325
very good:0.453
goretastic:0.4495
torture:0.4495
serial killer:0.447
nocturnal:0.44075
catastrophe:0.4335
dreamlike:0.43325
harsh:0.41875
revenge:0.4175
violent:0.415
mentor:0.412
secrets:0.4105
pornography:0.41
insanity:0.40825
murder:0.40475
very interesting:0.4035
oscar (best effects - visual effects):0.4015
adapted from:book:0.4015
vengeance:0.3935
obsession:0.393
