death penalty:0.99125
surprise ending:0.946
twist ending:0.93575
justice:0.9325
twists & turns:0.92225
death:0.92175
corruption:0.875
great ending:0.869
powerful ending:0.8605
plot twist:0.858
thought-provoking:0.84825
crime:0.844
political:0.84075
lawyer:0.84025
life & death:0.83725
thriller:0.83225
twist:0.82375
lawyers:0.81375
great acting:0.807
intellectual:0.78775
manipulation:0.7765
conspiracy:0.76575
mystery:0.76125
suspense:0.75875
murder mystery:0.758
police investigation:0.75
murder:0.74675
guilt:0.7465
good:0.7365
investigation:0.7345
secrets:0.7295
complex:0.7215
suicide:0.71675
complicated plot:0.714
clever:0.70675
storytelling:0.699
plot:0.69625
original:0.696
interesting:0.69175
capitalism:0.68175
good acting:0.6795
excellent script:0.67675
psychological:0.66725
greed:0.664
mentor:0.662
psychology:0.64825
dramatic:0.6445
life philosophy:0.61975
catastrophe:0.61275
politics:0.6055
courtroom:0.591
alternate endings:0.59
conspiracy theory:0.587
serial killer:0.585
intense:0.58325
cerebral:0.5785
cheating:0.57825
bad ending:0.567
good soundtrack:0.56075
pornography:0.5575
texas:0.5525
intelligent:0.5485
nudity (full frontal - brief):0.54725
drama:0.547
complicated:0.54675
sacrifice:0.53325
social commentary:0.52025
pg-13:0.514
revenge:0.514
story:0.50225
good story:0.49975
enigmatic:0.4955
very interesting:0.48275
destiny:0.47525
better than expected:0.475
exceptional acting:0.47225
flashbacks:0.4665
underrated:0.46525
predictable:0.465
excellent:0.465
dialogue:0.46425
rape:0.45025
redemption:0.4495
philosophical:0.44725
philosophy:0.4455
unusual plot structure:0.44475
mindfuck:0.4405
emotional:0.43975
great:0.435
plot holes:0.41275
stupid as hell:0.41075
so bad it's funny:0.408
courtroom drama:0.40725
happy ending:0.40275
police corruption:0.40075
first contact:0.4
morality:0.3975
detective:0.389
entirely dialogue:0.3885
weird:0.3805
