poverty:0.96825
china:0.967
teacher:0.95625
school:0.93875
amazing cinematography:0.92775
childhood:0.9175
mentor:0.78725
criterion:0.73025
reflective:0.717
oscar (best foreign language film):0.716
poignant:0.70975
runaway:0.69425
storytelling:0.6655
foreign:0.66
beautifully filmed:0.65
bleak:0.64125
melancholic:0.627
children:0.62275
true story:0.6095
bittersweet:0.60675
harsh:0.60575
teen:0.5935
culture clash:0.5835
social commentary:0.56475
coming of age:0.55975
bullying:0.55625
workplace:0.55225
original:0.54475
allegory:0.537
realistic:0.53025
earnest:0.528
life & death:0.5175
golden palm:0.516
melancholy:0.51525
censorship:0.4975
movielens top pick:0.49525
road movie:0.49325
breathtaking:0.49225
cinematography:0.49225
based on true story:0.47875
math:0.476
downbeat:0.46725
enigmatic:0.464
story:0.464
intimate:0.46375
meditative:0.4605
transformation:0.46
life philosophy:0.455
stunning:0.45475
loneliness:0.4545
adolescence:0.451
idealism:0.447
sentimental:0.442
dramatic:0.4385
coming-of-age:0.4295
inspirational:0.42
nocturnal:0.413
suprisingly clever:0.4125
amazing photography:0.411
redemption:0.4105
simple:0.40925
friendship:0.4055
catastrophe:0.4045
great ending:0.398
good soundtrack:0.39775
tokyo:0.37625
fantasy world:0.371
teenager:0.36775
unlikely friendships:0.36
emotional:0.36
talky:0.35375
good:0.3505
touching:0.3485
japan:0.34725
innocence lost:0.338
tragedy:0.3365
grim:0.3335
forceful:0.33225
secrets:0.3265
visually stunning:0.32625
stylized:0.3245
passionate:0.32425
great:0.318
new jersey:0.3175
not funny:0.31675
corruption:0.3085
dreamlike:0.30775
small town:0.30425
iran:0.30375
happy ending:0.30075
classic car:0.29875
segregation:0.29825
compassionate:0.297
great acting:0.2965
visually appealing:0.29225
pornography:0.29125
oscar (best actress):0.286
hospital:0.2855
nudity (full frontal - brief):0.285
manipulation:0.27925
