relationships:0.99675
love:0.9825
sex:0.92175
loneliness:0.92
infidelity:0.915
pornography:0.888
obsession:0.886
complex:0.88325
dialogue:0.8785
drama:0.866
based on a play:0.86075
love story:0.837
betrayal:0.82925
adultery:0.82625
intimate:0.821
great acting:0.80775
mindfuck:0.80775
sexual:0.7945
original:0.7825
emotional:0.7715
good acting:0.7705
psychology:0.7655
dialogue driven:0.754
good soundtrack:0.72225
romance:0.7115
brutality:0.702
complex characters:0.69625
complicated:0.6945
depression:0.69325
interesting:0.67775
honest:0.6715
life philosophy:0.666
talky:0.65825
realistic:0.651
melancholic:0.64875
romantic:0.64725
character study:0.647
london:0.6425
intense:0.63525
entirely dialogue:0.62875
sexy:0.62725
divorce:0.627
manipulation:0.624
sexuality:0.6195
drinking:0.6145
marriage:0.6085
intellectual:0.607
unlikeable characters:0.607
very interesting:0.5975
passionate:0.5925
social commentary:0.586
cheating:0.57475
dark:0.5695
nudity (topless - notable):0.56825
clever:0.563
twists & turns:0.55775
bleak:0.556
oscar (best writing - screenplay written directly for the screen):0.549
great ending:0.5475
psychological:0.54375
witty:0.535
pretentious:0.5325
writers:0.5105
intelligent:0.4985
cynical:0.49525
multiple storylines:0.4935
independent film:0.493
dysfunctional family:0.479
erotic:0.4745
nudity (full frontal - notable):0.46425
great dialogue:0.4605
adaptation:0.45875
unrealistic:0.4585
addiction:0.4525
weird:0.4515
grindhouse:0.45025
male nudity:0.4495
thought-provoking:0.448
storytelling:0.44775
brutal:0.447
good:0.446
enigmatic:0.446
nonlinear:0.43975
excellent script:0.434
hotel:0.43275
sexualized violence:0.4295
catastrophe:0.428
shallow:0.42725
greed:0.4225
reflective:0.41825
bittersweet:0.416
artsy:0.41275
love triangles:0.412
cinematography:0.41175
very good:0.4095
mentor:0.409
happy ending:0.40875
narrated:0.40675
writing:0.40625
good dialogue:0.406
