animation:0.98925
animals:0.989
lions:0.979
talking animals:0.97775
computer animation:0.9535
animated:0.9435
jungle:0.8935
funny:0.879
cartoon:0.868
comedy:0.86025
penguins:0.7965
animal movie:0.7835
kids and family:0.77825
good:0.77475
pixar animation:0.7195
kids:0.71625
very funny:0.71275
africa:0.70775
family:0.69925
original:0.672
crude humor:0.66475
creativity:0.65925
cute:0.64075
hilarious:0.63325
dreamworks:0.63275
visually appealing:0.62725
story:0.60075
children:0.5745
pg-13:0.57325
fun movie:0.56925
clever:0.56825
humorous:0.56
dialogue:0.5445
friendship:0.53625
disney:0.526
stereotypes:0.52575
fun:0.5255
great:0.51825
entertaining:0.5155
watch the credits:0.50175
cute!:0.5015
island:0.49925
catastrophe:0.48925
goofy:0.44875
adventure:0.44675
predictable:0.445
unlikely friendships:0.4425
good soundtrack:0.43875
redemption:0.43425
better than expected:0.434
life philosophy:0.4225
oscar (best animated feature):0.41925
great ending:0.415
disney animated feature:0.409
destiny:0.40775
transformation:0.40275
storytelling:0.3985
witty:0.392
humor:0.387
mentor:0.37675
plot:0.36775
silly:0.367
antarctica:0.36175
culture clash:0.3595
dumb but funny:0.356
fish:0.355
3d:0.351
weird:0.348
pixar:0.343
silly fun:0.34175
alter ego:0.33825
too short:0.33775
wilderness:0.337
unfunny:0.3295
fast paced:0.3285
runaway:0.32275
visually stunning:0.32025
slapstick:0.32
shallow:0.30925
new york city:0.3085
great movie:0.3035
superheroes:0.30275
visuals:0.2965
betrayal:0.2955
freedom:0.29425
lame:0.294
brutality:0.292
adaptation:0.2915
visual:0.2915
cgi:0.291
childhood:0.291
nudity (full frontal - brief):0.2905
suprisingly clever:0.28425
stranded:0.28025
entirely dialogue:0.2785
stylized:0.2765
very good:0.265
natural disaster:0.26475
new jersey:0.26025
funny as hell:0.256
