martial arts:0.99225
kung fu:0.98675
remake:0.974
fight scenes:0.952
mentor:0.88425
original:0.868
fighting:0.861
china:0.852
bullying:0.76075
dynamic cgi action:0.74925
action:0.697
original plot:0.68975
kids:0.64175
story:0.63875
predictable:0.63275
children:0.62775
pg-13:0.60025
visually appealing:0.554
destiny:0.55025
transformation:0.53775
family:0.5285
good:0.52475
franchise:0.51525
dialogue:0.51325
culture clash:0.5065
runaway:0.5065
big budget:0.48825
fun:0.48075
special effects:0.4715
life philosophy:0.471
inspirational:0.4705
melancholic:0.4625
good soundtrack:0.44475
ninja:0.44375
underdog:0.438
sequel:0.431
great ending:0.42825
great:0.42675
catastrophe:0.422
visually stunning:0.42125
redemption:0.41325
bad acting:0.408
drama:0.4045
unlikely friendships:0.3815
silly:0.37625
california:0.376
alter ego:0.37525
feel-good:0.37275
storytelling:0.36975
brutality:0.36675
beautiful scenery:0.3615
childhood:0.36
bad plot:0.35975
not funny:0.35425
remade:0.35075
fantasy world:0.348
fun movie:0.33925
technology:0.3355
girlie movie:0.334
kick-butt women:0.33325
teacher:0.33225
adventure:0.32825
school:0.3275
dramatic:0.32675
plot:0.32475
betrayal:0.3215
sci fi:0.32125
coming of age:0.3175
new jersey:0.31425
friendship:0.31225
slapstick:0.30975
teen:0.3075
teen movie:0.30275
cute:0.30125
entertaining:0.30075
first contact:0.29975
adaptation:0.29925
stereotypes:0.299
cinematography:0.29625
pointless:0.29175
feel good movie:0.28975
scenic:0.28925
bad cgi:0.28625
unfunny:0.2745
revenge:0.27275
stylized:0.2725
cgi:0.26925
pornography:0.268
horrible:0.268
natural disaster:0.26625
stunning:0.2645
good action:0.26125
good sequel:0.2605
magic:0.2605
lone hero:0.2585
better than expected:0.256
shallow:0.25475
intense:0.2535
bad ending:0.2515
romance:0.251
