mindfuck:0.99975
heist:0.9885
twists & turns:0.965
amnesia:0.93125
art:0.91375
twist:0.8975
psychology:0.87675
memory:0.855
visually appealing:0.84375
plot twist:0.82825
psychological:0.816
twist ending:0.778
plot:0.7735
cinematography:0.772
surreal:0.7635
storytelling:0.76075
thriller:0.758
memory loss:0.7535
suspense:0.74975
stylish:0.7385
complex:0.7365
caper:0.7355
clever:0.7205
original:0.70475
complicated:0.696
enigmatic:0.6865
confusing:0.668
great ending:0.66475
intense:0.657
crime:0.65575
mystery:0.645
cerebral:0.63275
pornography:0.6285
plot holes:0.61725
manipulation:0.61025
visually stunning:0.603
catastrophe:0.60225
robbery:0.6015
weird:0.59875
greed:0.593
betrayal:0.58475
alternate endings:0.58325
artistic:0.57875
obsession:0.5765
unusual plot structure:0.55575
story:0.55425
stylized:0.55225
bad ending:0.5495
revenge:0.5495
tricky:0.5475
torture:0.535
neo-noir:0.528
non-linear:0.52725
kidnapping:0.52525
complicated plot:0.525
nonlinear:0.52375
absurd:0.51225
interesting:0.51
good:0.50775
destiny:0.4985
visual:0.49825
london:0.49675
violence:0.496
very interesting:0.496
dialogue:0.49575
brutality:0.4885
action:0.488
predictable:0.488
happy ending:0.488
corruption:0.47925
so bad it's funny:0.4725
creativity:0.4695
secrets:0.4635
chase:0.46
gangsters:0.4555
paranoia:0.447
runaway:0.44625
cheating:0.44175
dreamlike:0.441
unrealistic:0.43425
awesome soundtrack:0.43425
vengeance:0.426
entertaining:0.4235
visuals:0.422
sexy:0.42
tense:0.41725
mentor:0.41375
colourful:0.40975
fast paced:0.40425
not funny:0.404
good acting:0.40225
conspiracy:0.402
intellectual:0.401
art house:0.39575
brainwashing:0.39275
great acting:0.377
nudity (full frontal - notable):0.37675
good soundtrack:0.375
visceral:0.375
artsy:0.37175
