weird:0.9415
surreal:0.90075
alternate reality:0.8635
visually appealing:0.85325
sci-fi:0.81025
confusing:0.803
end of the world:0.79575
original:0.7915
dystopia:0.78075
pointless:0.77225
cult film:0.746
apocalypse:0.74375
absurd:0.7435
futuristic:0.74175
visually stunning:0.68175
so bad it's funny:0.67525
complex:0.67125
satirical:0.65825
coen bros:0.63975
hallucinatory:0.6355
pretentious:0.623
sci fi:0.623
parallel universe:0.621
mindfuck:0.6145
los angeles:0.60125
cult classic:0.59575
dreamlike:0.5785
post apocalyptic:0.566
existentialism:0.56475
science fiction:0.5605
enigmatic:0.54775
storytelling:0.5345
post-apocalyptic:0.53025
surveillance:0.52825
surrealism:0.5245
future:0.524
catastrophe:0.5215
cerebral:0.51875
pornography:0.504
philip k. dick:0.498
satire:0.49725
lynch:0.4925
bad plot:0.4915
scifi:0.489
shallow:0.48725
melancholic:0.48025
time travel:0.47825
alternate universe:0.4745
off-beat comedy:0.46775
dialogue:0.4635
ensemble cast:0.46025
allegory:0.457
narrated:0.45175
visual:0.448
art house:0.44625
creativity:0.4395
life philosophy:0.43925
multiple storylines:0.439
quirky:0.439
nudity (topless - brief):0.42575
predictable:0.423
stylized:0.41025
plot:0.403
great ending:0.40225
bizarre:0.39975
amazing cinematography:0.38975
mentor:0.3895
drugs:0.38775
first contact:0.387
story:0.381
plot holes:0.3715
good soundtrack:0.3695
utopia:0.365
distopia:0.3625
internet:0.357
brutality:0.35525
complicated:0.349
fantasy world:0.3465
entirely dialogue:0.34625
artsy:0.34525
dysfunctional family:0.34475
overrated:0.336
sexualized violence:0.335
pulp:0.33325
very interesting:0.3325
runaway:0.33175
philosophical:0.33125
adaptation:0.3275
writers:0.3245
god:0.3245
disaster:0.32175
bad ending:0.32175
gilliam:0.3185
paranoia:0.318
art:0.31225
memory:0.31175
gangsters:0.31125
religion:0.31075
life & death:0.31025
cinematography:0.3055
