mentor:0.843
good:0.753
dumb but funny:0.71325
original:0.705
grindhouse:0.69125
pointless:0.6875
depression:0.66925
satire:0.669
silly fun:0.65125
british:0.60575
justice:0.584
dark:0.57575
politics:0.56925
stupid as hell:0.5665
nudity (topless - notable):0.54425
bad cgi:0.5395
working class:0.53475
very funny:0.53475
brutality:0.53275
buddy movie:0.5325
based on a play:0.52675
great ending:0.5265
greed:0.523
stereotypes:0.51825
fun movie:0.518
nocturnal:0.50575
goth:0.499
dialogue:0.48825
period piece:0.48625
teen movie:0.48475
gothic:0.48475
police investigation:0.4775
psychiatry:0.468
first contact:0.4665
corruption:0.45525
violence:0.455
reflective:0.44975
kids and family:0.4495
capitalism:0.449
culture clash:0.448
not funny:0.4455
absurd:0.439
adaptation:0.437
violent:0.43625
lone hero:0.43275
california:0.43075
predictable:0.427
vengeance:0.419
catastrophe:0.416
satirical:0.40525
british comedy:0.40425
books:0.398
london:0.39575
muppets:0.395
goofy:0.39325
fantasy world:0.38875
stoner movie:0.388
manipulation:0.384
camp:0.38375
beer:0.38175
school:0.36825
death:0.359
stupidity:0.35475
honest:0.351
dark fantasy:0.34475
morality:0.3435
criterion:0.34275
social commentary:0.342
bullshit history:0.3375
vampire human love:0.33725
existentialism:0.334
gay character:0.33025
crude humor:0.32925
fashion:0.32875
slapstick:0.3275
entirely dialogue:0.32575
multiple storylines:0.325
very interesting:0.32475
whimsical:0.32175
nudity (topless):0.31625
england:0.31575
bad plot:0.314
disturbing:0.31375
interesting:0.313
eccentricity:0.31225
nudity (full frontal - brief):0.312
writers:0.31025
bad:0.308
twists & turns:0.3075
teens:0.3065
thought-provoking:0.3045
dysfunctional family:0.303
80s:0.30225
hard to watch:0.299
unfunny:0.2985
war:0.29825
adapted from:book:0.29825
overrated:0.297
bittersweet:0.296
classic car:0.294
