martial arts:0.99775
kung fu:0.989
fight scenes:0.982
action:0.94675
hong kong:0.92925
good action:0.88425
fighting:0.87775
action packed:0.7375
superheroes:0.734
original:0.72575
super hero:0.71725
violence:0.683
ninja:0.678
superhero:0.66675
bad plot:0.63925
vengeance:0.6355
gratuitous violence:0.59625
cool:0.579
grindhouse:0.567
fun movie:0.556
super-hero:0.53825
mentor:0.538
wuxia:0.53375
dialogue:0.5195
china:0.51925
violent:0.486
silly:0.47725
stylized:0.47225
brutality:0.47175
predictable:0.45725
kick-butt women:0.44375
stylish:0.4435
fun:0.4405
gory:0.437
pulp:0.42175
story:0.41775
bloody:0.41225
great:0.40875
great ending:0.40525
lone hero:0.39725
explosions:0.396
buddy movie:0.39025
sci fi:0.3875
life & death:0.3775
entertaining:0.37
no plot:0.36875
catastrophe:0.36775
guns:0.3645
fast paced:0.35675
so bad it's funny:0.347
visually stunning:0.34075
destiny:0.33775
hip hop:0.336
comic book:0.33575
revenge:0.331
identity:0.331
campy:0.328
vigilante:0.3235
pg-13:0.3185
life philosophy:0.3155
good soundtrack:0.31475
entirely dialogue:0.311
screwball:0.3065
visual:0.30525
cult film:0.305
culture clash:0.30325
not funny:0.29975
pornography:0.29875
special effects:0.29825
redemption:0.2975
sexualized violence:0.29525
melancholic:0.29475
dark hero:0.294
awesome soundtrack:0.294
visually appealing:0.29125
cheesy:0.2905
weird:0.2825
gangsters:0.28175
horrible:0.2805
transformation:0.27975
assassination:0.2765
runaway:0.275
first contact:0.27375
quirky:0.2705
criterion:0.2665
vampire human love:0.265
storytelling:0.26425
classic car:0.26325
absurd:0.2585
assassins:0.2565
car chase:0.256
unlikely friendships:0.25475
complex:0.25025
adaptation:0.24825
slapstick:0.244
weapons:0.2415
pointless:0.2405
fantasy world:0.2405
cult classic:0.2395
overrated:0.23675
