parody:0.97475
comedy:0.9225
silly fun:0.90475
spoof:0.902
goofy:0.88525
dumb but funny:0.874
idiotic:0.86
politics:0.855
funny as hell:0.84625
screwball:0.80325
humorous:0.7925
stupidity:0.7865
satire:0.78075
silly:0.756
satirical:0.74375
slapstick:0.7345
political:0.728
original:0.723
islam:0.7015
farce:0.65875
mentor:0.6265
stereotypes:0.6165
absurd:0.57525
very funny:0.572
predictable:0.561
stupid as hell:0.5595
funny:0.54275
slavery:0.53025
hilarious:0.52225
freedom:0.51575
humor:0.50925
ridiculous:0.489
irreverent:0.487
brainwashing:0.475
war:0.47175
fbi:0.463
crude humor:0.452
redemption:0.44525
free speech:0.4425
catastrophe:0.4395
disaster:0.43075
sarcasm:0.4255
fun movie:0.4175
writers:0.41275
so bad it's funny:0.405
alternate reality:0.40425
ghosts:0.4025
terrorism:0.40225
corruption:0.40175
lone hero:0.39475
fun:0.393
propaganda:0.3835
holiday:0.38325
funniest movies:0.3625
dialogue:0.35925
chase:0.357
bad plot:0.3555
unfunny:0.355
feel-good:0.34875
great ending:0.3475
idealism:0.34625
overrated:0.34525
stupid:0.34075
saturday night live:0.34075
brutality:0.3375
destiny:0.33375
nazis:0.33125
life philosophy:0.32375
lame:0.32225
fight scenes:0.32075
storytelling:0.3175
family:0.31675
brothers:0.31525
violence:0.30825
anti-semitism:0.3075
first contact:0.30575
pg-13:0.3035
runaway:0.3
sexualized violence:0.3
cult classic:0.299
fantasy world:0.2935
good:0.293
harsh:0.29175
camp:0.28575
torture:0.28525
judaism:0.2845
melancholic:0.2845
gangsters:0.282
reality tv:0.2795
middle east:0.277
clever:0.2765
pointless:0.274
justice:0.27275
adaptation:0.27125
cult film:0.2685
controversial:0.2685
entirely dialogue:0.264
story:0.26175
great:0.25825
tom clancy:0.25725
