hip hop:0.99925
parody:0.92925
funny:0.91075
satire:0.88475
hilarious:0.88225
satirical:0.82
mockumentary:0.8115
comedy:0.7995
very funny:0.794
spoof:0.794
original:0.78
culture clash:0.76025
humorous:0.74825
stereotypes:0.7305
cult classic:0.69725
funniest movies:0.6935
good soundtrack:0.6915
independent film:0.69
dialogue:0.6715
sarcasm:0.66075
music:0.656
social commentary:0.6485
censorship:0.64775
highly quotable:0.6375
humor:0.62975
music business:0.6155
musicians:0.61225
rock and roll:0.59475
funny as hell:0.5885
violence:0.57725
clever:0.56425
creativity:0.54825
revenge:0.53225
absurd:0.51625
great ending:0.51175
life philosophy:0.5115
gangsters:0.502
brutality:0.49975
irreverent:0.4915
talky:0.4895
unusual plot structure:0.489
crude humor:0.48225
pornography:0.47975
controversial:0.47825
goofy:0.47525
race issues:0.47375
great:0.473
suprisingly clever:0.46675
grindhouse:0.45725
mtv:0.45075
cult film:0.438
unfunny:0.437
fun movie:0.43025
weird:0.42925
thought-provoking:0.42875
stylized:0.42475
pg-13:0.42375
witty:0.42
cool:0.4195
awesome soundtrack:0.41875
catastrophe:0.415
harsh:0.4095
storytelling:0.40775
mentor:0.40775
drinking:0.4075
sexualized violence:0.40675
good:0.39725
great movie:0.39725
honest:0.39275
entirely dialogue:0.392
drugs:0.38575
interesting:0.38175
insanity:0.379
stupidity:0.3765
silly:0.37525
good music:0.37525
idiotic:0.37375
so bad it's funny:0.37025
nudity (full frontal - brief):0.367
adaptation:0.366
very interesting:0.365
chase:0.36025
violent:0.35525
dark hero:0.3485
homeless:0.34825
greed:0.3465
segregation:0.345
nerds:0.34
fun:0.3375
runaway:0.33675
great soundtrack:0.33375
gangster:0.32925
adapted from:book:0.32825
criterion:0.3275
off-beat comedy:0.3265
quirky:0.3225
writers:0.32
cult:0.32
vengeance:0.319
corruption:0.31825
