super-hero:0.99
batman:0.989
franchise:0.987
dark hero:0.957
superhero:0.95025
super hero:0.94725
bad plot:0.932
alter ego:0.90175
based on a comic:0.891
action:0.8905
dc comics:0.881
superheroes:0.8775
comic book:0.87225
stupid as hell:0.8535
vigilante:0.8505
adapted from:comic:0.829
big budget:0.82
horrible:0.76625
original:0.76175
predictable:0.75875
camp:0.736
destiny:0.723
ridiculous:0.712
based on a tv show:0.708
series:0.63125
comics:0.6235
bad acting:0.60175
dialogue:0.6
campy:0.58075
fight scenes:0.57225
natural disaster:0.56575
special effects:0.5575
story:0.5575
family:0.55375
bad script:0.5525
pointless:0.54325
catastrophe:0.52375
disaster:0.5195
mentor:0.51675
silly:0.50425
cheesy:0.496
pg-13:0.48425
shallow:0.47025
so bad it's funny:0.46975
mad scientist:0.46625
adaptation:0.45075
bad science:0.442
overrated:0.437
nocturnal:0.42525
great ending:0.425
culture clash:0.41025
cool:0.40975
stupid:0.4035
idiotic:0.39825
sexy:0.39675
adventure:0.39175
fantasy world:0.39125
corny:0.39125
first contact:0.38525
action packed:0.385
vengeance:0.3845
weapons:0.38175
script:0.37775
bad:0.3745
fun:0.36775
not funny:0.3665
bad cgi:0.35725
entirely dialogue:0.353
fantasy:0.35225
nudity (topless - notable):0.35
justice:0.34875
based on a video game:0.3465
life philosophy:0.344
good action:0.34275
cartoon:0.3385
death:0.33625
unfunny:0.33575
light:0.335
oscar (best supporting actor):0.3345
writers:0.333
runaway:0.333
fun movie:0.33275
good soundtrack:0.32625
awful:0.32575
pulp:0.32475
lame:0.32125
brutality:0.3175
good:0.3175
dreamlike:0.31525
mutants:0.31525
chase:0.3125
pornography:0.30925
quirky:0.30625
sci fi:0.30425
storytelling:0.297
computer animation:0.29275
ninja:0.2875
girlie movie:0.28625
queer:0.28175
childhood:0.2815
