weird:0.90975
obsession:0.884
cerebral:0.88375
talky:0.848
life & death:0.8445
enigmatic:0.7745
pretentious:0.767
artistic:0.75375
disturbing:0.7185
art:0.71775
visual:0.712
pornography:0.711
original:0.694
surreal:0.69375
intellectual:0.69325
stop motion:0.6795
art house:0.6685
complex:0.6505
quirky:0.645
nudity (full frontal - notable):0.64125
bizarre:0.62275
life philosophy:0.6225
visually stunning:0.61775
criterion:0.61275
visually appealing:0.61025
strange:0.6015
creativity:0.5935
visceral:0.5705
dialogue:0.55525
death:0.55325
nudity (full frontal):0.55125
male nudity:0.54525
brothers:0.54275
golden palm:0.5405
lynch:0.52475
brutality:0.521
police investigation:0.52025
suprisingly clever:0.5095
animals:0.4965
storytelling:0.49
cinematography:0.4885
artist:0.48225
artsy:0.466
loneliness:0.46275
entirely dialogue:0.45675
stop-motion:0.45
runaway:0.44875
tokyo:0.44675
unusual plot structure:0.4445
clever:0.437
good soundtrack:0.4365
black comedy:0.4355
magic realism:0.43475
sexual:0.43475
erotic:0.4335
murder:0.4325
meditative:0.4315
insanity:0.42875
social commentary:0.42575
melancholic:0.42475
sexualized violence:0.4195
stylized:0.41825
books:0.41825
cult film:0.41625
relationships:0.411
catastrophe:0.40625
cars:0.39875
witty:0.39675
very interesting:0.395
photography:0.393
culture clash:0.391
visuals:0.387
harsh:0.386
crime gone awry:0.38225
mentor:0.38
existentialism:0.379
great ending:0.37625
dark:0.36675
twists & turns:0.36
not funny:0.353
colourful:0.3475
macabre:0.34475
satirical:0.344
whimsical:0.3395
philosophical:0.339
good music:0.338
adaptation:0.33475
surrealism:0.33175
bleak:0.32775
nudity (topless - notable):0.327
adapted from:book:0.326
investigation:0.32575
dreamlike:0.32375
author:neil gaiman:0.323
transformation:0.31875
nudity (full frontal - brief):0.316
sexy:0.31525
great:0.315
black and white:0.31275
unique:0.31125
