romantic comedy:0.88575
teen movie:0.83425
love story:0.80525
romantic:0.79075
fun movie:0.761
comedy:0.756
cute!:0.75525
romance:0.751
original:0.7215
cute:0.667
teen:0.6595
dialogue:0.652
cheating:0.63525
predictable:0.62675
so bad it's funny:0.61775
life philosophy:0.597
stereotypes:0.5855
silly fun:0.5625
good:0.5555
new jersey:0.5535
goofy:0.5525
good soundtrack:0.548
entertaining:0.53175
teens:0.5265
destiny:0.51975
fun:0.51575
road trip:0.4975
off-beat comedy:0.48525
funny:0.481
feel-good:0.4665
sexy:0.45875
shallow:0.448
quirky:0.4455
lame:0.43325
catastrophe:0.433
mentor:0.43125
very funny:0.4305
road movie:0.4285
light:0.41975
chick flick:0.419
entirely dialogue:0.4135
high school:0.40375
pg-13:0.39675
sweet:0.39425
great ending:0.388
happy ending:0.38025
crude humor:0.37
storytelling:0.36725
stupid:0.35675
drinking:0.35475
nudity (rear):0.35425
love:0.354
idiotic:0.35125
great:0.351
feel good movie:0.3505
runaway:0.34625
girlie movie:0.344
plot:0.34225
chase:0.3385
adaptation:0.33625
adventure:0.334
betrayal:0.3295
overrated:0.32575
unfunny:0.323
brutality:0.32025
clever:0.319
lone hero:0.31875
good romantic comedies:0.3105
first contact:0.30875
amy smart:0.3045
cheerleading:0.30325
beautiful scenery:0.30225
slapstick:0.30075
redemption:0.29425
oscar:0.2935
writers:0.28775
earnest:0.28675
suspense:0.2855
fight scenes:0.284
fantasy world:0.283
excellent script:0.28225
nudity (full frontal - brief):0.2795
culture clash:0.27675
stupidity:0.275
better than expected:0.275
police investigation:0.27275
silly:0.27075
story:0.26875
relationships:0.265
twists & turns:0.26425
talky:0.26325
bad plot:0.2615
vengeance:0.259
sexualized violence:0.258
not funny:0.25775
revenge:0.25575
melancholic:0.25225
hilarious:0.251
great acting:0.24975
weird:0.24925
