golden palm:0.988
loneliness:0.98575
melancholic:0.97675
meditative:0.95375
cinematography:0.9095
melancholy:0.906
criterion:0.893
enigmatic:0.893
road movie:0.8845
poignant:0.87325
redemption:0.86075
existentialism:0.85275
masterpiece:0.84375
photography:0.83175
storytelling:0.8205
reflective:0.82
bittersweet:0.81425
relationships:0.808
parenthood:0.7965
stylized:0.7905
beautifully filmed:0.79025
desert:0.77725
visual:0.7745
breathtaking:0.7695
character study:0.76875
stunning:0.75425
great cinematography:0.74775
bleak:0.74775
texas:0.747
solitude:0.744
beautiful scenery:0.7425
weird:0.735
art house:0.724
original:0.71875
talky:0.7015
emotional:0.69475
isolation:0.66725
intimate:0.66425
good soundtrack:0.6625
visually appealing:0.6575
slow paced:0.6555
imdb top 250:0.649
cerebral:0.63925
atmospheric:0.636
great acting:0.63325
allegory:0.623
dialogue:0.60725
complex:0.60475
paris:0.6015
life & death:0.5965
touching:0.5875
family bonds:0.5865
visually stunning:0.5845
slow:0.575
great ending:0.5715
dreamlike:0.56975
childhood:0.546
unusual plot structure:0.5445
father son relationship:0.53425
affectionate:0.5325
suprisingly clever:0.529
narrated:0.521
first contact:0.519
eccentricity:0.5165
cult classic:0.5145
whimsical:0.50925
hotel:0.496
story:0.4885
beautiful:0.48825
entirely dialogue:0.47325
runaway:0.46975
harsh:0.4655
culture clash:0.46375
dysfunctional family:0.4525
catastrophe:0.45025
social commentary:0.44975
philosophical:0.44075
amnesia:0.438
lyrical:0.4375
tragedy:0.43375
scenic:0.42975
nocturnal:0.42775
understated:0.4275
tokyo:0.42725
surreal:0.425
memory:0.423
artistic:0.41975
perfect:0.418
art:0.4165
secrets:0.4135
great:0.41225
long:0.411
twists & turns:0.41075
hospital:0.40825
absurd:0.40525
road trip:0.40525
artsy:0.4035
pornography:0.39925
quirky:0.3985
wistful:0.39725
