psychological:0.9795
obsession:0.9405
spiders:0.93
enigmatic:0.9265
weird:0.92375
existentialism:0.9235
psychology:0.9235
tense:0.9195
cerebral:0.902
mindfuck:0.888
surreal:0.88125
complex:0.86625
confusing:0.858
original:0.83075
identity:0.8305
visually appealing:0.82275
great ending:0.81175
twists & turns:0.802
cinematography:0.78375
mystery:0.782
paranoia:0.776
allegory:0.7755
paranoid:0.7605
dreamlike:0.7515
hallucinatory:0.74125
stylized:0.72825
insanity:0.7235
amazing cinematography:0.71825
atmospheric:0.7115
dreams:0.7105
surrealism:0.7095
lynch:0.706
complicated:0.704
art house:0.7015
very interesting:0.687
adultery:0.67675
claustrophobic:0.6745
storytelling:0.67
dark:0.6695
plot twist:0.66775
intimate:0.66675
ominous:0.66225
meditative:0.6615
artsy:0.65825
strange:0.6545
thought-provoking:0.654
non-linear:0.6535
cult film:0.641
disturbing:0.631
twist:0.62075
melancholic:0.61875
secrets:0.61025
narrated:0.6085
twist ending:0.60725
criterion:0.60625
pretentious:0.59975
good acting:0.59125
character study:0.581
alternate reality:0.56925
slow paced:0.55225
eerie:0.55
bizarre:0.547
mental illness:0.5445
suspenseful:0.539
breathtaking:0.538
art:0.53775
loneliness:0.53725
tricky:0.5355
intellectual:0.535
suspense:0.53375
clever:0.5325
absurd:0.53
intense:0.53
creepy:0.5295
imagination:0.529
clones:0.52225
talky:0.5165
pornography:0.5
adapted from:book:0.5
schizophrenia:0.499
story:0.49425
depression:0.4935
good soundtrack:0.488
dialogue:0.4845
thriller:0.4815
off-beat comedy:0.47475
interesting:0.47075
voyeurism:0.46725
guilt:0.4665
psychiatry:0.45825
visual:0.45625
chase:0.45475
golden palm:0.45125
neo-noir:0.44875
nonlinear:0.4465
infidelity:0.44275
bleak:0.44275
erotic:0.441
catastrophe:0.4405
masterpiece:0.44
