natural disaster:0.99475
sci-fi:0.99225
end of the world:0.97575
special effects:0.97325
scifi:0.972
big budget:0.96625
space:0.963
science fiction:0.96225
sci fi:0.95825
disaster:0.95775
bad science:0.95525
science:0.9495
astronauts:0.92925
space program:0.926
so bad it's funny:0.85475
first contact:0.83775
mars:0.82375
action:0.82275
predictable:0.82175
catastrophe:0.81725
destiny:0.81575
unrealistic:0.80075
plot holes:0.80025
technology:0.7995
silly:0.78025
bad cgi:0.74475
apocalypse:0.72725
bad plot:0.7245
nasa:0.72425
global warming:0.724
adventure:0.721
bad acting:0.6925
original:0.6715
weapons:0.6605
pg-13:0.6555
dialogue:0.63325
computer game:0.6065
dynamic cgi action:0.5995
cheesy:0.594
effects:0.59225
stupid:0.57725
hackers:0.5755
plot:0.5595
action packed:0.55025
horrible:0.54625
fantasy:0.54275
alone in the world:0.53675
nuclear bomb:0.53175
survival:0.52975
silly fun:0.5285
internet:0.52575
dinosaurs:0.5135
mentor:0.5065
fun movie:0.50275
story:0.5005
entertaining:0.496
better than expected:0.495
lone hero:0.47825
good:0.478
alien:0.4765
idiotic:0.4705
great ending:0.459
good action:0.4555
cloning:0.45225
exciting:0.44625
visually appealing:0.44375
lame:0.44025
family:0.4365
life philosophy:0.436
life & death:0.43425
transformation:0.42525
mad scientist:0.425
pulp:0.42375
dumb:0.41975
clones:0.41875
ridiculous:0.41525
environment:0.41375
bombs:0.41325
cgi:0.40425
visually stunning:0.40325
superheroes:0.40175
alternate reality:0.40075
creativity:0.3935
fun:0.392
stupid as hell:0.39075
fight scenes:0.38475
alien invasion:0.38275
bad script:0.3805
bad ending:0.38025
chase:0.378
future:0.378
explosions:0.3775
corny:0.37675
shallow:0.374
space travel:0.37275
not funny:0.36375
stupidity:0.363
sacrifice:0.361
visuals:0.3605
nuclear:0.356
