oscar (best actress):0.98275
oscar (best directing):0.8725
oscar:0.86425
russia:0.86
rags to riches:0.859
great acting:0.85025
destiny:0.832
dramatic:0.7985
costume drama:0.79175
original:0.77825
love story:0.772
based on a play:0.761
russian:0.75775
historical:0.74425
great:0.74025
good:0.73675
oscar (best supporting actress):0.731
romantic:0.71975
great movie:0.71175
story:0.7115
heartwarming:0.67975
dialogue:0.66775
oscar (best picture):0.66475
con men:0.65225
earnest:0.6515
oscar (best cinematography):0.649
drama:0.64575
runaway:0.6445
oscar winner:0.62175
identity:0.6195
family:0.61175
mentor:0.6105
true story:0.59725
melancholic:0.59
great ending:0.577
chase:0.569
oscar (best supporting actor):0.56725
literature:0.56175
1920s:0.55425
revolution:0.5445
talky:0.54175
witty:0.54125
police investigation:0.53975
us history:0.53775
imdb top 250:0.537
idealism:0.527
romance:0.5235
adaptation:0.51525
england:0.5125
clever:0.5095
greed:0.509
british:0.5075
period piece:0.50325
passionate:0.503
enigmatic:0.49425
fun movie:0.49075
broadway:0.47975
suspense:0.4685
excellent:0.46075
hunting:0.45875
entertaining:0.4555
catastrophe:0.452
light:0.45075
touching:0.4445
race issues:0.443
transformation:0.44175
sentimental:0.4395
good soundtrack:0.434
history:0.431
culture clash:0.421
psychiatry:0.417
interesting:0.408
movielens top pick:0.4045
redemption:0.40275
lone hero:0.402
affectionate:0.3965
adapted from:book:0.39425
oscar (best actor):0.394
stunning:0.39325
tense:0.3855
cinematography:0.38025
inspirational:0.37075
betrayal:0.36975
good acting:0.3655
based on a true story:0.3655
excellent script:0.3645
photography:0.364
not funny:0.36375
secrets:0.36325
feel good movie:0.363
very good:0.36225
beautifully filmed:0.35975
intense:0.34825
exceptional acting:0.344
entirely dialogue:0.344
screwball:0.3435
inspiring:0.34325
stereotypes:0.343
harsh:0.338
brutality:0.3375
