horror:0.997
slasher:0.99175
dreams:0.981
serial killer:0.97225
franchise:0.96825
scary:0.9645
teens:0.9545
creepy:0.933
classic:0.90525
original:0.89375
suspense:0.87
murder:0.87
frightening:0.8455
cult classic:0.84325
suspenseful:0.8415
gory:0.83125
halloween:0.782
goofy:0.77275
tense:0.7635
special effects:0.76225
great movie:0.761
great ending:0.75575
violent:0.7555
bloody:0.754
gruesome:0.746
violence:0.74225
visceral:0.73975
death:0.735
supernatural:0.729
original plot:0.72875
splatter:0.72575
dark:0.72525
revenge:0.71925
80s:0.7165
fun movie:0.71525
effects:0.707
brutality:0.70425
blood:0.676
grindhouse:0.67125
teen movie:0.6615
monster:0.65875
atmospheric:0.65675
teen:0.65475
creativity:0.63775
dark fantasy:0.6375
great:0.63125
good soundtrack:0.631
low budget:0.6305
demons:0.629
oscar (best effects - visual effects):0.6255
eerie:0.62075
macabre:0.613
cult:0.61025
weird:0.60625
ominous:0.6035
psychological:0.592
nocturnal:0.58725
dialogue:0.5865
good:0.58525
intense:0.5825
cult film:0.57475
transformation:0.5685
vengeance:0.56375
1980s:0.5405
surreal:0.53625
sequels:0.53375
interesting:0.53175
brutal:0.523
weapons:0.51975
exceptional acting:0.518
quotable:0.5135
cool:0.51075
torture:0.50925
story:0.50825
highly quotable:0.5055
disturbing:0.5025
grim:0.49975
dark hero:0.49825
adaptation:0.49575
masterpiece:0.49275
sexualized violence:0.48
mentor:0.477
monsters:0.47175
teenagers:0.47025
insanity:0.46925
bad ending:0.4665
series:0.46625
awesome soundtrack:0.46525
teenager:0.4615
excellent script:0.4615
dreamlike:0.461
social commentary:0.45075
chase:0.44925
clever:0.4485
drinking:0.444
camp:0.44325
nudity:0.443
childhood:0.442
dark humor:0.43975
psychology:0.4385
