splatter:0.952
so bad it's funny:0.898
campy:0.86875
original:0.856
monster:0.823
cult classic:0.81275
cult film:0.78675
mad scientist:0.75
sequels:0.748
mutants:0.73375
gory:0.73225
sequel:0.6775
disturbing:0.65125
silly:0.648
low budget:0.6285
camp:0.61825
grindhouse:0.585
brothers:0.57975
pointless:0.57775
dark humor:0.5645
new jersey:0.5445
brutality:0.5375
doctors:0.535
silly fun:0.4965
macabre:0.49575
hospital:0.4865
snakes:0.45375
weird:0.43775
horror:0.4325
zombie:0.431
not funny:0.4265
great ending:0.42225
finnish:0.408
catastrophe:0.401
violence:0.3995
nudity (full frontal - notable):0.39075
so bad it's good:0.3905
ridiculous:0.388
demons:0.377
special effects:0.37025
melancholic:0.36325
mentor:0.36175
sexualized violence:0.36025
nudity (full frontal - brief):0.355
stop motion:0.34625
bizarre:0.337
quirky:0.32475
lone hero:0.3215
slasher:0.31825
good sequel:0.315
creepy:0.312
solitude:0.3075
80s:0.305
slapstick:0.30475
revenge:0.3045
very funny:0.298
overrated:0.29575
humorous:0.29525
adaptation:0.29325
goofy:0.29175
wilderness:0.28725
predictable:0.2845
bad plot:0.28425
absurd:0.2835
cannibalism:0.27975
entertaining:0.27675
paranoia:0.27475
police investigation:0.2735
violent:0.2715
great:0.26625
good soundtrack:0.264
cult:0.264
gruesome:0.2605
pornography:0.2595
romance:0.2585
hotel:0.25375
twist ending:0.25025
bad acting:0.25025
bad:0.24775
life philosophy:0.24775
crazy:0.2475
transformation:0.24625
suprisingly clever:0.24225
entirely dialogue:0.24025
dialogue:0.2395
disaster:0.23825
gore:0.23775
fun:0.236
fantasy world:0.23575
first contact:0.23475
light:0.23375
creativity:0.233
oscar (best actress):0.2295
teens:0.22675
unfunny:0.225
vengeance:0.22475
satirical:0.224
scary:0.22075
happy ending:0.22075
halloween:0.22025
