ninja:0.98875
goofy:0.97175
fight scenes:0.93775
franchise:0.9265
based on a comic:0.8445
mad scientist:0.84275
original:0.8295
silly:0.794
mutants:0.77875
teleportation:0.76975
action:0.75275
dialogue:0.73625
superheroes:0.7215
nostalgic:0.69375
dumb:0.6895
fun movie:0.6855
cartoon:0.67675
silly fun:0.676
cool:0.6585
product placement:0.64375
adapted from:comic:0.639
bad plot:0.638
superhero:0.63425
fun:0.6335
super hero:0.627
nostalgia:0.59275
predictable:0.57525
good sequel:0.572
ridiculous:0.56125
parody:0.551
fighting:0.54825
justice:0.543
vigilante:0.5185
special effects:0.5135
cgi:0.5035
story:0.49325
prison escape:0.49175
sequel:0.4865
cult film:0.4855
humor:0.4775
entertaining:0.471
action packed:0.46425
catastrophe:0.458
super-hero:0.45675
absurd:0.453
good:0.45125
comic book:0.44325
martial arts:0.4375
stereotypes:0.437
great movie:0.435
based on a tv show:0.434
unfunny:0.43125
mentor:0.42175
adaptation:0.4205
great ending:0.41225
plot holes:0.404
shallow:0.4035
nudity (full frontal - brief):0.4005
slapstick:0.39475
chase:0.392
weapons:0.383
redemption:0.378
sci fi:0.37725
awesome soundtrack:0.37325
apocalypse:0.373
idiotic:0.36975
not funny:0.369
comedy:0.36825
sexy:0.36825
visual:0.36775
visually stunning:0.36675
family:0.36225
rock and roll:0.36175
good action:0.35875
melancholic:0.35675
so bad it's funny:0.3565
childhood:0.35575
pg-13:0.35475
passionate:0.35125
trilogy:0.3485
vigilantism:0.34725
culture clash:0.3435
entirely dialogue:0.34275
cult classic:0.3425
violence:0.341
weird:0.34
camp:0.338
revenge:0.33725
realistic action:0.33375
quotable:0.3325
bad cgi:0.3325
comic:0.33075
criterion:0.328
sequels:0.328
underdog:0.3265
life philosophy:0.3205
bad acting:0.3165
humorous:0.31475
visuals:0.31075
great:0.3095
