criterion:0.9805
non-linear:0.896
melancholic:0.8605
storytelling:0.82575
brutality:0.8255
cinematography:0.81775
wartime:0.792
masterpiece:0.77775
allegory:0.77425
foreign:0.77325
complex:0.7725
civil war:0.77125
oscar (best foreign language film):0.73425
tragedy:0.732
original:0.72875
dramatic:0.728
enigmatic:0.726
suprisingly clever:0.72575
war:0.72575
ethnic conflict:0.71
reflective:0.7045
war movie:0.697
imdb top 250:0.6905
beautifully filmed:0.68075
beautiful scenery:0.667
life & death:0.65425
harsh:0.65375
golden palm:0.63175
violence:0.615
visually appealing:0.614
poignant:0.598
breathtaking:0.5925
social commentary:0.587
thought-provoking:0.579
childhood:0.57825
great ending:0.57425
idealism:0.57375
powerful ending:0.556
good soundtrack:0.551
great acting:0.5495
london:0.5345
passionate:0.5295
dialogue:0.529
culture clash:0.50825
stunning:0.50525
photography:0.50475
story:0.49875
movielens top pick:0.4985
political:0.48825
melancholy:0.4855
great:0.483
destiny:0.4825
scenic:0.4775
transformation:0.4765
artistic:0.4745
excellent:0.47375
immortality:0.47225
history:0.46675
unusual plot structure:0.46575
catastrophe:0.46525
sacrifice:0.46375
beautiful:0.45925
entirely dialogue:0.4485
visually stunning:0.447
drama:0.44125
bollywood:0.438
humanity:0.431
forceful:0.4255
talky:0.42225
touching:0.41975
historical:0.41825
good acting:0.4125
meditative:0.41225
mentor:0.40875
anti-war:0.4075
oscar (best actress):0.40725
atmospheric:0.407
exceptional acting:0.40425
love:0.39725
bloody:0.396
politics:0.393
slow paced:0.39175
brainwashing:0.388
middle east:0.38625
islam:0.38325
oscar (best directing):0.38175
visceral:0.379
weapons:0.378
betrayal:0.37775
cold war:0.374
intimate:0.37
nostalgic:0.36775
england:0.36725
british:0.36625
affectionate:0.36275
absurd:0.35625
art:0.35475
memory:0.353
loneliness:0.35275
redemption:0.35175
