family bonds:0.9755
violence:0.91925
violent:0.8855
family:0.86875
visceral:0.8595
tragedy:0.85525
original:0.8385
dialogue:0.79
bleak:0.77075
complex:0.76475
intense:0.75625
talky:0.75175
vengeance:0.751
depression:0.746
loneliness:0.7415
dysfunctional family:0.715
exceptional acting:0.6985
brothers:0.695
cinematography:0.68825
bittersweet:0.68475
indie:0.68175
off-beat comedy:0.67575
criterion:0.673
weird:0.672
good soundtrack:0.65725
brutality:0.65375
crime gone awry:0.642
character study:0.64025
movielens top pick:0.6295
drama:0.62175
child abuse:0.60725
directorial debut:0.6
melancholic:0.5885
oscar (best supporting actress):0.58775
bloody:0.5865
stylized:0.58025
great:0.5785
revenge:0.57525
independent film:0.56925
realistic:0.56725
family drama:0.566
story:0.55825
storytelling:0.55325
mentor:0.55125
catastrophe:0.547
nocturnal:0.5465
great ending:0.5405
infidelity:0.53925
great movie:0.53525
pointless:0.533
depressing:0.5315
relationships:0.52675
intimate:0.51925
entirely dialogue:0.511
honest:0.505
gritty:0.5045
lone hero:0.50175
gangsters:0.5015
addiction:0.49925
forceful:0.492
dramatic:0.49075
oscar (best directing):0.48925
highly quotable:0.485
gratuitous violence:0.48075
runaway:0.479
writers:0.47525
good acting:0.47125
social commentary:0.4705
dark humor:0.45975
weapons:0.458
emotional:0.45625
pornography:0.455
children:0.45475
ironic:0.45225
foul language:0.45
adapted from:book:0.4495
culture clash:0.44675
enigmatic:0.44525
1980s:0.43725
drinking:0.4365
great acting:0.43425
parenthood:0.434
cult film:0.43375
psychological:0.4305
visually appealing:0.42925
slow:0.429
quirky:0.4275
redemption:0.4265
cerebral:0.426
meditative:0.4255
small town:0.4245
life:0.42275
death:0.42225
excellent script:0.417
adaptation:0.41325
divorce:0.41275
oscar:0.41225
clever:0.40475
california:0.40425
vigilantism:0.40175
