original:0.78625
sarcasm:0.75275
mindfuck:0.74525
relationships:0.7445
writers:0.73875
graphic design:0.72
complex:0.70175
brainwashing:0.681
dystopia:0.6325
technology:0.61625
ethnic conflict:0.611
pretentious:0.608
ecology:0.6035
goretastic:0.60225
stereotypes:0.59675
good soundtrack:0.582
dialogue:0.56775
entirely dialogue:0.55525
hip hop:0.547
sexy:0.5305
too short:0.52475
very interesting:0.5105
dark hero:0.506
romantic comedy:0.4975
romantic:0.488
love story:0.48675
free to download:0.4795
quirky:0.477
nudity (full frontal - notable):0.47325
brutality:0.469
sexualized violence:0.4685
witty:0.46525
romance:0.461
interesting:0.457
splatter:0.4515
true story:0.4515
weird:0.44825
entertaining:0.44625
storytelling:0.44325
distopia:0.43875
mentor:0.4385
low budget:0.42625
great ending:0.42025
intimate:0.419
twists & turns:0.40925
predictable:0.40425
melancholic:0.402
stylish:0.40175
horrible:0.40125
catastrophe:0.3965
enigmatic:0.39575
cerebral:0.39375
memory:0.393
visually appealing:0.37675
good:0.3655
feel good movie:0.36375
fantasy world:0.36325
dystopic future:0.3605
finnish:0.3555
women:0.35325
silent:0.34575
race issues:0.34525
feel-good:0.344
clever:0.33775
visually stunning:0.3375
disturbing:0.336
runaway:0.33475
very funny:0.33375
plot:0.3325
rebellion:0.33025
hard to watch:0.33
grindhouse:0.3205
indie:0.32
product placement:0.3175
independent film:0.31375
homeless:0.313
queer:0.30825
beautiful scenery:0.303
stupid as hell:0.30275
memory loss:0.30175
vengeance:0.30175
obsession:0.30075
guilt:0.30075
paranoid:0.29975
cult film:0.298
nudity (topless):0.29425
thought-provoking:0.29
childhood:0.288
black comedy:0.28575
sweet:0.2855
satirical:0.2855
bollywood:0.28525
violence:0.2845
stylized:0.2845
intelligent:0.2845
not funny:0.2845
existentialism:0.281
adaptation:0.27875
powerful ending:0.27725
corruption:0.27375
