horror:0.92825
pornography:0.909
splatter:0.9015
sexualized violence:0.89725
rape:0.86125
gory:0.83475
cult film:0.83275
sexual:0.8135
male nudity:0.77575
adolescence:0.764
virginity:0.763
teen movie:0.76225
original:0.69825
cult classic:0.66225
bloody:0.6465
coming-of-age:0.63025
brutality:0.615
sexual abuse:0.60925
teen:0.608
good soundtrack:0.595
sexy:0.591
weird:0.5835
sex:0.5835
disturbing:0.5695
so bad it's funny:0.55025
high school:0.529
grindhouse:0.52225
gruesome:0.5085
comedy:0.497
teens:0.4935
revenge:0.48425
satirical:0.475
women:0.46625
gore:0.46325
teenagers:0.4615
teenager:0.459
coming of age:0.4475
weapons:0.4445
camp:0.44025
predictable:0.4285
demons:0.4165
stereotypes:0.4165
quirky:0.4075
nudity (topless):0.40225
hard to watch:0.40025
runaway:0.399
bad plot:0.39275
violence:0.3915
campy:0.39125
mentor:0.39025
visceral:0.388
violent:0.387
catastrophe:0.38425
small town:0.3825
macabre:0.38125
nudity (full frontal - brief):0.381
creepy:0.37675
blood:0.3745
black comedy:0.3715
great ending:0.36875
torture:0.36675
dialogue:0.357
cult:0.3465
nudity:0.34375
mad scientist:0.34275
brutal:0.33025
not funny:0.32625
dark humor:0.326
nudity (full frontal - notable):0.326
very funny:0.3245
bad acting:0.3215
controversial:0.3185
psychological:0.3175
justice:0.313
satire:0.3115
social commentary:0.31
drama:0.31
pointless:0.307
goth:0.307
erotic:0.30625
zombie:0.2995
culture clash:0.29775
vengeance:0.29775
storytelling:0.2965
adaptation:0.295
dysfunctional family:0.294
allegory:0.291
scary:0.2905
mythology:0.2885
goretastic:0.28825
graphic novel:0.2875
destiny:0.284
clever:0.28225
crazy:0.27975
sexuality:0.27975
entirely dialogue:0.27925
doctors:0.27925
family drama:0.27925
catholicism:0.27875
hospital:0.27825
