pirates:0.99125
swashbuckler:0.931
happy ending:0.79575
fantasy world:0.78025
musical:0.76825
silly fun:0.724
original:0.718
love:0.67625
music:0.63375
sword fighting:0.617
silly:0.607
fun:0.59875
romance:0.573
fun movie:0.55225
love story:0.54
fantasy:0.52975
80s:0.504
adventure:0.50025
spoof:0.48975
mentor:0.487
dialogue:0.4765
great:0.4555
predictable:0.44975
cult classic:0.448
brutality:0.44125
cheesy:0.429
adaptation:0.426
catastrophe:0.422
romantic:0.4175
family:0.41575
great ending:0.4125
treasure:0.40675
so bad it's funny:0.40125
childhood:0.38075
light:0.36075
imagination:0.3605
humorous:0.3555
affectionate:0.35475
not funny:0.3515
high fantasy:0.345
parody:0.34225
slapstick:0.33975
1980s:0.33525
satirical:0.33075
feel-good:0.32925
sword fight:0.32125
australia:0.31775
natural disaster:0.3135
good soundtrack:0.31025
good:0.306
first contact:0.30475
feel good movie:0.304
treasure hunt:0.30225
storytelling:0.302
magic:0.30175
life philosophy:0.301
overrated:0.292
whimsical:0.2915
visually appealing:0.2885
cult film:0.28775
destiny:0.283
bullying:0.282
runaway:0.279
parallel universe:0.279
teen movie:0.27875
fight scenes:0.2775
story:0.2735
stylized:0.26975
weird:0.268
nostalgia:0.26725
campy:0.2645
chick flick:0.2645
camp:0.25825
vengeance:0.25775
dancing:0.25425
redemption:0.25325
lone hero:0.251
unfunny:0.2475
passionate:0.24625
chase:0.2455
clever:0.24325
betrayal:0.24125
dance:0.241
entirely dialogue:0.24025
reflective:0.2395
writers:0.237
quirky:0.237
transformation:0.23675
bad plot:0.23325
books:0.22675
greed:0.2265
justice:0.226
great acting:0.22575
culture clash:0.22425
lyrical:0.2235
corny:0.2235
very funny:0.221
sexy:0.2175
unusual plot structure:0.217
erotic:0.21675
