china:0.993
world politics:0.9635
artist:0.95975
documentary:0.94
censorship:0.9205
artistic:0.878
art:0.86925
politics:0.832
corruption:0.8245
mentor:0.80625
natural disaster:0.75225
original:0.74925
childhood:0.72575
political:0.724
earnest:0.71
tense:0.705
freedom:0.68275
criterion:0.6785
dramatic:0.678
cerebral:0.6675
life & death:0.643
children:0.6425
controversial:0.633
gunfight:0.6245
surveillance:0.6135
social commentary:0.60425
internet:0.59825
unusual plot structure:0.5955
idealism:0.59375
runaway:0.5805
photography:0.57425
paranoid:0.573
justice:0.56325
ethnic conflict:0.56075
greed:0.54775
assassination:0.54075
brutality:0.534
first contact:0.5285
biopic:0.511
tragedy:0.50075
classic car:0.49525
pornography:0.49325
photographer:0.48675
oscar (best directing):0.48275
educational:0.482
story:0.48125
islam:0.48075
brainwashing:0.47
obsession:0.466
alone in the world:0.45525
life philosophy:0.44475
secrets:0.441
death:0.43575
weird:0.4325
insanity:0.43075
distopia:0.4285
enigmatic:0.42775
allegory:0.42525
propaganda:0.42375
catastrophe:0.41775
weapons:0.4145
revenge:0.41375
visually stunning:0.41175
jesus:0.41025
oscar:0.40975
visually appealing:0.407
golden palm:0.4045
prison:0.40425
amazing photography:0.40075
reflective:0.39925
drama:0.39725
moral ambiguity:0.39675
rebellion:0.39025
simple:0.3885
melancholic:0.38025
male nudity:0.37875
good:0.3765
dreams:0.37
betrayal:0.364
parenthood:0.3625
investigation:0.357
free to download:0.35675
capitalism:0.3565
breathtaking:0.35425
suprisingly clever:0.35125
visceral:0.3485
culture clash:0.34775
great ending:0.34475
imdb top 250:0.344
disturbing:0.342
vengeance:0.342
bdsm:0.33875
light:0.335
stunning:0.335
great:0.33475
passionate:0.32825
biographical:0.32425
heartbreaking:0.31825
redemption:0.3155
chess:0.315
