jazz:0.99875
musicians:0.99875
biopic:0.99125
rock and roll:0.959
music:0.94675
biography:0.93225
drug addiction:0.93
drug abuse:0.87525
mozart:0.87175
drugs:0.86675
addiction:0.82525
great acting:0.80875
rags to riches:0.80675
nocturnal:0.80275
original:0.80125
great music:0.79275
cinematography:0.77875
good soundtrack:0.7665
storytelling:0.7615
reflective:0.745
depression:0.744
biographical:0.734
loneliness:0.7295
complex:0.725
great movie:0.71775
mentor:0.71325
bleak:0.71125
visually appealing:0.71025
life & death:0.68725
dramatic:0.67725
classical music:0.67
oscar (best directing):0.6665
runaway:0.6635
drinking:0.65175
musical:0.649
melancholic:0.647
good music:0.63675
tragedy:0.6255
death:0.62225
creativity:0.6155
oscar (best actress):0.609
social commentary:0.60875
narrated:0.6085
good:0.605
life:0.60375
imdb top 250:0.60375
story:0.599
great:0.59025
honest:0.58975
harsh:0.58575
stylish:0.58525
melancholy:0.584
great ending:0.582
oscar (best supporting actress):0.5705
enigmatic:0.5665
criterion:0.56625
exceptional acting:0.56425
redemption:0.5595
atmospheric:0.55625
dialogue:0.55175
hip hop:0.5515
weird:0.5505
intense:0.54975
culture clash:0.5485
talky:0.53325
downbeat:0.53175
life philosophy:0.5275
relationships:0.51575
insanity:0.51375
based on book:0.5125
very interesting:0.5125
cerebral:0.511
dark:0.5065
highly quotable:0.5055
long:0.5035
period piece:0.50125
drama:0.501
violent:0.493
character study:0.487
bittersweet:0.482
childhood:0.48075
stylized:0.4795
passionate:0.477
depressing:0.4765
justice:0.47625
artist:0.4755
fighting the system:0.4755
oscar (best cinematography):0.47225
unusual plot structure:0.4705
visually stunning:0.466
adapted from:book:0.46575
amazing photography:0.462
good acting:0.4605
cool:0.45925
interesting:0.45675
clever:0.456
twists & turns:0.4545
breathtaking:0.45325
visual:0.452
adaptation:0.449
