oscar (best animated feature):0.99825
fairy tale:0.9925
computer animation:0.98725
fairy tales:0.98675
animation:0.983
kids:0.9595
animated:0.95375
cartoon:0.94925
talking animals:0.94125
comedy:0.93675
children:0.93325
funny:0.91375
imdb top 250:0.9075
great movie:0.879
fun:0.877
humor:0.87275
humorous:0.87025
clever:0.86825
disney:0.86775
original:0.85725
hilarious:0.8535
storytelling:0.85075
very funny:0.848
witty:0.84775
fantasy:0.8395
good:0.83575
crude humor:0.83175
based on book:0.83125
family:0.8255
great:0.82425
adventure:0.817
fantasy world:0.80425
great ending:0.8
oscar winner:0.7745
fun movie:0.77275
awesome soundtrack:0.7725
cgi:0.76625
story:0.7655
visually stunning:0.7645
kids and family:0.7645
dragons:0.75575
pg-13:0.74725
entertaining:0.71925
good soundtrack:0.7175
animals:0.71325
friendship:0.70775
dialogue:0.6985
destiny:0.697
stereotypes:0.68275
original plot:0.67875
based on a book:0.6765
creativity:0.662
parody:0.6595
cute:0.6475
heartwarming:0.64675
goofy:0.64375
childhood:0.6385
very good:0.63275
funniest movies:0.63075
unlikely friendships:0.62925
twists & turns:0.62375
plot:0.62125
visual:0.6195
animal movie:0.61725
mentor:0.6165
magic:0.61625
happy ending:0.6155
romance:0.59375
satire:0.58975
excellent script:0.58675
redemption:0.586
dreamworks:0.58475
excellent:0.5835
quotable:0.58325
suprisingly clever:0.58
franchise:0.57625
interesting:0.57275
beautiful scenery:0.57
silly fun:0.5635
chase:0.558
light:0.5475
feel good movie:0.5435
good versus evil:0.533
social commentary:0.5325
feel-good:0.53175
spoof:0.528
highly quotable:0.5145
fast paced:0.50975
cute!:0.5085
greed:0.5045
whimsical:0.5005
culture clash:0.50025
catastrophe:0.5
good acting:0.49925
love story:0.49825
colourful:0.48925
touching:0.48875
sequels:0.48825
oscar:0.48775
good dialogue:0.48575
