addiction:0.9845
drinking:0.94925
alcoholism:0.94775
great acting:0.943
drug abuse:0.917
drug addiction:0.89225
suspense:0.8825
intense:0.88025
dramatic:0.87725
drama:0.8735
drugs:0.86825
redemption:0.8465
character study:0.83575
great ending:0.831
mentor:0.80325
original:0.80225
investigation:0.80125
corruption:0.786
exceptional acting:0.769
dark hero:0.76375
moral ambiguity:0.75525
complex characters:0.7225
oscar:0.712
complex:0.704
realistic:0.70225
greed:0.69975
interesting:0.69875
good soundtrack:0.6945
lawyer:0.6935
tense:0.69225
social commentary:0.69
psychological:0.689
survival:0.68825
storytelling:0.66925
depression:0.6675
good acting:0.66475
loneliness:0.66025
good:0.653
catastrophe:0.6455
pg-13:0.64325
hospital:0.6295
justice:0.6295
life philosophy:0.6085
plot:0.60275
twists & turns:0.6025
excellent script:0.59925
lawyers:0.59825
depressing:0.583
emotional:0.58225
guilt:0.5795
anti-hero:0.57
honest:0.5635
cancer:0.55925
oscar (best directing):0.552
story:0.5495
powerful ending:0.54225
runaway:0.5415
sacrifice:0.54025
foul language:0.53575
action:0.5345
destiny:0.529
revenge:0.52475
dialogue:0.5235
great:0.52275
psychology:0.5225
alternate endings:0.50725
relationships:0.50625
gunfight:0.50475
nudity (full frontal - notable):0.503
vengeance:0.496
melancholic:0.49175
aviation:0.489
happy ending:0.4885
bad ending:0.486
great movie:0.48125
very interesting:0.47975
clever:0.477
natural disaster:0.47425
death:0.47275
harsh:0.471
forceful:0.46875
nudity (full frontal):0.4615
excellent:0.46025
unlikely friendships:0.4595
california:0.45725
male nudity:0.4565
life:0.45575
oscar (best supporting actress):0.452
thought-provoking:0.45175
multiple storylines:0.4455
tragedy:0.445
oscar winner:0.4385
courage:0.4355
cinematography:0.423
nudity (topless - notable):0.4205
feel good movie:0.41875
plot twist:0.417
predictable:0.415
reflective:0.415
suspenseful:0.414
