adolescence:0.95425
loneliness:0.93825
race issues:0.90375
coming of age:0.90225
bullying:0.89525
childhood:0.88925
independent film:0.86675
tragedy:0.85625
drama:0.8545
coming-of-age:0.84325
vengeance:0.83725
oscar (best actress):0.83125
children:0.8275
parenthood:0.82125
heartbreaking:0.8175
social commentary:0.814
dramatic:0.80775
intense:0.807
poignant:0.8015
emotional:0.792
interesting:0.78575
original:0.76675
depression:0.76375
realistic:0.75775
dysfunctional family:0.7495
good soundtrack:0.747
bittersweet:0.73975
death:0.73575
relationships:0.73525
oscar (best directing):0.71325
guilt:0.6995
touching:0.6935
melancholic:0.692
runaway:0.68275
revenge:0.67975
disturbing:0.66925
secrets:0.6675
indie:0.66375
adoption:0.654
excellent script:0.653
pornography:0.6525
prison:0.65175
child abuse:0.64475
complex:0.64275
earnest:0.63775
adapted from:book:0.6305
excellent:0.62425
suspense:0.62125
violence:0.61675
nudity (full frontal - brief):0.61525
honest:0.615
suicide:0.612
sad:0.611
great acting:0.611
family drama:0.61025
psychological:0.6095
great ending:0.60575
small town:0.6055
bleak:0.599
good acting:0.59875
justice:0.5975
brutality:0.59625
psychology:0.596
exceptional acting:0.59575
drinking:0.59575
brothers:0.5925
kids and family:0.5745
happy ending:0.57275
obsession:0.569
family:0.56575
powerful ending:0.56425
corruption:0.56275
life philosophy:0.5585
good:0.54725
friendship:0.5465
culture clash:0.54625
crime gone awry:0.53475
depressing:0.5325
divorce:0.52975
teenagers:0.524
based on a book:0.52375
storytelling:0.5195
male nudity:0.506
grim:0.5025
tense:0.497
imdb top 250:0.4955
mentor:0.4955
unlikely friendships:0.4925
life & death:0.48925
feel-good:0.48525
forceful:0.4825
movielens top pick:0.482
oscar winner:0.47875
catastrophe:0.47775
idealism:0.4745
mental illness:0.4735
weird:0.4715
oscar (best supporting actress):0.4695
sentimental:0.46725
spelling bee:0.466
