football:0.99875
soccer:0.98875
wartime:0.9355
sports:0.90375
world war ii:0.86275
nazis:0.847
camp:0.842
original:0.724
german:0.7165
mentor:0.69275
feel-good:0.6875
silly fun:0.67725
nazi:0.668
fun movie:0.61325
prison:0.613
war:0.599
wwii:0.5975
good:0.5855
best war films:0.582
propaganda:0.546
great:0.53275
brutality:0.5265
silly:0.5225
feel good movie:0.5095
life & death:0.5065
inspirational:0.49275
england:0.49125
great movie:0.48175
good soundtrack:0.4785
runaway:0.46025
politics:0.4575
harsh:0.457
fun:0.4515
war movie:0.4505
unlikely friendships:0.44925
race issues:0.448
predictable:0.43325
great ending:0.4305
dialogue:0.42925
poland:0.42125
catastrophe:0.40825
argentina:0.3965
redemption:0.38925
not funny:0.3885
culture clash:0.37775
stereotypes:0.37725
based on true story:0.37625
melancholic:0.36725
historical:0.36575
sacrifice:0.364
british:0.364
betrayal:0.35925
unusual plot structure:0.35775
doctors:0.3565
based on a play:0.35575
drama:0.3545
adaptation:0.35425
radio:0.3435
goofy:0.33775
notable nudity:0.33725
very interesting:0.33425
pornography:0.33175
stylized:0.33125
courage:0.33025
underdog:0.327
fantasy world:0.3265
segregation:0.32475
gangsters:0.32
alternate history:0.31725
cult classic:0.3165
life philosophy:0.31625
first contact:0.315
fight scenes:0.314
underrated:0.31325
storytelling:0.31275
classic car:0.31125
entertaining:0.311
happy ending:0.31075
dark hero:0.3105
death:0.3105
torture:0.30775
violence:0.30775
gay character:0.3075
alter ego:0.307
transformation:0.30475
pg-13:0.30325
sexy:0.30025
world politics:0.29725
greed:0.29725
world war i:0.297
spy:0.29625
fighting:0.29625
race:0.29525
childhood:0.29525
justice:0.294
corruption:0.29075
very good:0.29025
entirely dialogue:0.289
ensemble cast:0.28825
unfunny:0.2825
