samurai:0.98675
ninja:0.98
father son relationship:0.96125
violent:0.9255
violence:0.91725
criterion:0.91175
vengeance:0.90625
bloody:0.89125
fight scenes:0.8825
japan:0.861
movielens top pick:0.84625
stylish:0.843
bleak:0.8395
gunfight:0.82825
weapons:0.8185
brutality:0.811
assassin:0.80575
great movie:0.7925
complex characters:0.7865
breathtaking:0.7705
death:0.7565
life & death:0.7515
mentor:0.75
father-son relationship:0.7405
masterpiece:0.73275
series:0.71625
imdb top 250:0.7025
visceral:0.69925
childhood:0.694
stylized:0.68775
original:0.68675
highly quotable:0.68275
tokyo:0.67975
gory:0.67275
enigmatic:0.6725
revenge:0.669
grindhouse:0.6585
silent:0.6525
great:0.65225
brothers:0.6495
surreal:0.64825
assassins:0.6475
blood:0.645
good soundtrack:0.64475
melancholy:0.6435
hitman:0.64175
japanese:0.64075
tense:0.63975
reflective:0.622
life philosophy:0.604
cinematography:0.601
assassination:0.5895
melancholic:0.56475
atmospheric:0.55475
exceptional acting:0.5545
dialogue:0.55125
character study:0.5445
downbeat:0.5315
weird:0.5295
culture clash:0.528
affectionate:0.5275
unusual plot structure:0.526
oscar (best directing):0.52575
martial arts:0.52025
fighting:0.51975
nocturnal:0.5115
action:0.5085
narrated:0.502
complex:0.5005
great ending:0.49025
dark humor:0.487
ironic:0.47725
visual:0.471
betrayal:0.4695
loneliness:0.46525
bittersweet:0.46425
forceful:0.46
harsh:0.456
photography:0.455
oscar (best foreign language film):0.455
golden palm:0.45475
dark hero:0.44575
humorous:0.44125
classic car:0.44
cult classic:0.4385
amazing cinematography:0.4305
sword fighting:0.429
oscar (best actress):0.428
grim:0.428
storytelling:0.4265
stunning:0.42325
very funny:0.41675
suprisingly clever:0.4015
story:0.396
finnish:0.39175
talky:0.391
redemption:0.3905
dreamlike:0.39025
awesome soundtrack:0.38775
cool:0.386
