nudity (topless - notable):0.94275
violence:0.9275
original:0.874
vigilante:0.8715
great ending:0.8445
islam:0.8445
1970s:0.804
interesting:0.79825
violent:0.79475
pornography:0.79025
culture clash:0.7865
runaway:0.78375
social commentary:0.7665
vigilantism:0.76575
unlikely friendships:0.75175
revenge:0.74875
reflective:0.7415
cult classic:0.73825
queer:0.732
oscar (best directing):0.72025
excellent script:0.70575
friendship:0.7025
suspense:0.69575
death:0.69025
visceral:0.685
pg-13:0.673
grim:0.661
original plot:0.65025
dialogue:0.648
women:0.6465
mentor:0.6465
oscar (best effects - visual effects):0.6455
oscar (best supporting actress):0.64075
forceful:0.63975
realistic:0.63725
sacrifice:0.6365
great:0.63475
gunfight:0.6225
anti-hero:0.61375
chase:0.61275
creepy:0.6095
hospital:0.60825
character study:0.60225
war:0.59625
very interesting:0.59375
downbeat:0.59175
good:0.591
drugs:0.58875
slavery:0.58875
oscar (best cinematography):0.5855
censorship:0.581
police investigation:0.58075
good soundtrack:0.5805
story:0.579
stereotypes:0.57575
excellent:0.57575
complex:0.57375
harsh:0.5705
cinematography:0.56425
drinking:0.5575
dramatic:0.55425
earnest:0.554
family:0.55025
affectionate:0.5495
afi 100 (movie quotes):0.547
drama:0.54475
oscar winner:0.54475
big budget:0.54275
stylized:0.54
adapted from:book:0.53725
storytelling:0.53525
prejudice:0.5335
vengeance:0.53175
scary:0.527
moral ambiguity:0.52625
great movie:0.52275
criterion:0.521
oscar:0.5205
nudity (full frontal - notable):0.51525
oscar (best actress):0.5115
family drama:0.50975
scenic:0.5095
murder:0.5035
alter ego:0.502
morality:0.502
sad but good:0.4995
catastrophe:0.49825
sentimental:0.498
working class:0.4955
imdb top 250:0.49475
plot twist:0.492
sexualized violence:0.48675
ironic:0.48575
philosophy:0.483
justice:0.48175
betrayal:0.47925
fight scenes:0.47425
dynamic cgi action:0.47125
fantasy world:0.46975
technology:0.46875
