christmas:0.98625
musical:0.9175
holiday:0.8905
music:0.80875
redemption:0.76225
original:0.677
story:0.672
ghosts:0.66675
good music:0.6145
childhood:0.587
good soundtrack:0.56225
adaptation:0.55375
mentor:0.5535
dancing:0.528
life philosophy:0.52625
life & death:0.50275
visually appealing:0.49825
whimsical:0.4765
greed:0.46775
family:0.46225
classic:0.46125
dialogue:0.4595
catastrophe:0.454
london:0.45125
great:0.44975
adapted from:book:0.445
beautiful scenery:0.43225
culture clash:0.42775
transformation:0.39475
great ending:0.39275
imagination:0.38575
70mm:0.38425
beautifully filmed:0.38125
earnest:0.37125
suprisingly clever:0.367
destiny:0.3595
dance:0.3575
kids and family:0.355
good:0.35125
sentimental:0.3475
19th century:0.341
creativity:0.3345
storytelling:0.32975
based on a book:0.32925
clever:0.318
not funny:0.3175
betrayal:0.31475
lyrical:0.3135
wistful:0.30925
great music:0.306
future:0.3045
cinematography:0.3
runaway:0.29725
weird:0.297
visual:0.297
heartwarming:0.29475
excellent:0.29325
pg-13:0.2895
dramatic:0.288
death:0.28775
fun movie:0.287
brutality:0.286
lone hero:0.2845
solitude:0.2825
melancholy:0.28175
literature:0.2795
bollywood:0.27825
visually stunning:0.275
harsh:0.26525
good acting:0.263
fantasy world:0.2605
great movie:0.25875
vengeance:0.25825
natural disaster:0.257
island:0.256
original plot:0.25425
oscar:0.25375
absurd:0.24875
special effects:0.248
children:0.24725
unusual plot structure:0.247
classic car:0.24575
1970s:0.2435
melancholic:0.24225
ridiculous:0.2415
good action:0.2415
secrets:0.24
art:0.2385
based on book:0.2385
costume drama:0.238
humorous:0.23625
chase:0.2355
oscar (best directing):0.23475
light:0.233
very funny:0.23275
criterion:0.231
atmospheric:0.231
feel-good:0.23075
crude humor:0.22825
stylized:0.2265
