germany:0.9785
nazis:0.93525
1930s:0.92525
jews:0.91825
german:0.90375
nazi:0.8905
musicians:0.8895
segregation:0.847
true story:0.84525
music:0.8125
berlin:0.8115
musical:0.7575
beautifully filmed:0.75525
oscar (best foreign language film):0.73925
politics:0.7265
original:0.7245
jewish:0.711
biopic:0.6835
foreign:0.6295
runaway:0.59625
dramatic:0.59
great:0.57975
lyrical:0.57675
love story:0.5725
oscar (best directing):0.57025
unlikely friendships:0.57025
idealism:0.57
political:0.56875
world war ii:0.5605
sentimental:0.557
historical:0.555
pg-13:0.55475
1920s:0.5485
oscar (best supporting actress):0.548
culture clash:0.54775
good acting:0.53375
depression:0.52525
great acting:0.519
wartime:0.51575
criterion:0.51225
light:0.51175
excellent:0.51
sad but good:0.508
great music:0.50025
mentor:0.4985
prejudice:0.498
oscar:0.49575
friendship:0.49275
story:0.47725
beautiful scenery:0.47625
cinematography:0.47375
catastrophe:0.46525
oscar (best cinematography):0.463
women:0.46275
wine:0.462
male nudity:0.447
movielens top pick:0.444
earnest:0.443
artist:0.44125
great ending:0.43925
feel-good:0.43875
suprisingly clever:0.4305
radio:0.42575
ethnic conflict:0.424
costume drama:0.42275
rock and roll:0.42175
history:0.41525
artistic:0.41425
based on true story:0.41025
harsh:0.404
bollywood:0.40375
exceptional acting:0.40225
life & death:0.39975
melancholic:0.3925
awesome soundtrack:0.389
good music:0.3875
visually stunning:0.38725
childhood:0.3865
world politics:0.38325
period piece:0.37775
visually appealing:0.37725
stunning:0.37175
powerful ending:0.371
drama:0.36625
race issues:0.35875
good:0.35025
intimate:0.348
heartwarming:0.3455
excellent script:0.34525
police investigation:0.34525
touching:0.33525
bittersweet:0.33425
affectionate:0.32225
love triangles:0.32125
corruption:0.31775
tragedy:0.31625
not funny:0.31575
melancholy:0.31525
courage:0.3115
witty:0.3115
