alien:0.996
aliens:0.9915
scifi:0.98775
science fiction:0.98625
sci-fi:0.9855
sci fi:0.97925
mars:0.97525
alien invasion:0.96825
space:0.9065
desert:0.8945
allegory:0.894
monster:0.87475
so bad it's funny:0.83175
1950s:0.831
intelligent sci-fi:0.8255
first contact:0.823
special effects:0.82275
horror:0.759
paranoia:0.7525
effects:0.73
original:0.7085
eerie:0.6975
3d:0.6825
paranoid:0.6775
splatter:0.6395
low budget:0.63925
small town:0.63725
creepy:0.63525
monsters:0.634
story:0.618
cult classic:0.615
weird:0.60975
cult film:0.59625
classic:0.592
island:0.55325
life & death:0.54875
storytelling:0.5425
cinematography:0.53725
transformation:0.53675
suspense:0.53375
visually appealing:0.5325
great ending:0.52875
scary:0.521
dialogue:0.496
life philosophy:0.477
scifi cult:0.47375
suprisingly clever:0.472
atmospheric:0.47025
visual:0.46975
catastrophe:0.469
light:0.46475
suspenseful:0.46225
criterion:0.45725
unusual plot structure:0.45475
imagination:0.45125
great:0.44225
mystery:0.441
technology:0.436
enigmatic:0.4325
mad scientist:0.432
clones:0.42925
beautiful scenery:0.42475
macabre:0.423
strange:0.40075
stranded:0.397
good story:0.3965
not funny:0.3915
imdb top 250:0.39075
redemption:0.39
scenic:0.3885
cloning:0.38425
good:0.384
campy:0.38125
space travel:0.377
earnest:0.37325
natural disaster:0.37175
existentialism:0.371
futuristic:0.3705
greed:0.37025
visually stunning:0.369
harsh:0.36375
grindhouse:0.36025
cerebral:0.358
parallel universe:0.35725
photography:0.35675
isolation:0.35425
weapons:0.35125
mentor:0.3505
cold war:0.34525
clever:0.34525
solitude:0.34225
giant robots:0.33575
android(s)/cyborg(s):0.335
good soundtrack:0.334
secrets:0.33275
stunning:0.3315
vengeance:0.3275
simple:0.3185
spiders:0.3185
betrayal:0.3175
