serial killer:0.99825
police investigation:0.99025
investigation:0.92775
psychiatry:0.888
tense:0.84925
murder:0.82875
pornography:0.81525
detective:0.80525
psychological:0.7825
very interesting:0.77875
psychology:0.77075
suspense:0.76075
grim:0.7425
original:0.7315
enigmatic:0.72375
suspenseful:0.69
disturbing:0.68325
crime:0.662
weird:0.6545
insanity:0.6405
brutal:0.64025
runaway:0.63625
mental illness:0.62825
cinematography:0.61775
based on a book:0.61425
stylized:0.6115
brutality:0.59525
interesting:0.5875
atmospheric:0.5855
stylish:0.58525
paranoia:0.565
criterion:0.5575
harsh:0.5495
hospital:0.547
obsession:0.54525
chase:0.539
sexual:0.536
boston:0.53275
drama:0.52325
torture:0.52075
great acting:0.519
identity:0.51225
dreamlike:0.508
greed:0.493
queer:0.4915
paranoid:0.48925
dark:0.4755
character study:0.471
censorship:0.46825
mystery:0.46575
nudity (full frontal - notable):0.4645
dialogue:0.45025
sexy:0.44675
macabre:0.44625
creepy:0.44225
catastrophe:0.4215
oscar (best supporting actress):0.42
not funny:0.4115
adaptation:0.41025
guilt:0.41025
murder mystery:0.40975
grindhouse:0.40225
based on true story:0.39675
visual:0.3965
visually appealing:0.39475
forceful:0.39475
doctors:0.394
corruption:0.39175
talky:0.391
cerebral:0.39
downbeat:0.3795
mad scientist:0.379
graphic design:0.379
fantasy world:0.3745
controversial:0.37125
bleak:0.3705
mentor:0.36825
thriller:0.3625
assassination:0.361
gangsters:0.36
women:0.35975
police corruption:0.35925
intense:0.35825
violent:0.35125
sexualized violence:0.348
twists & turns:0.3425
gritty:0.33725
manipulation:0.33425
based on book:0.333
storytelling:0.33125
dramatic:0.3305
lawyer:0.32475
demons:0.32275
gruesome:0.32225
surreal:0.31875
great:0.31675
great ending:0.316
futuristic:0.31525
cult film:0.31475
melancholic:0.314
