lawyers:0.993
crime:0.98475
lawyer:0.981
twists & turns:0.9625
justice:0.94225
police investigation:0.9255
courtroom:0.92075
investigation:0.913
serial killer:0.90075
suspense:0.87775
thriller:0.8695
corruption:0.86475
mother-son relationship:0.8605
interesting:0.86025
courtroom drama:0.8465
murder:0.84625
intense:0.8445
tense:0.825
twist ending:0.824
manipulation:0.811
great acting:0.808
drama:0.804
detective:0.80325
good:0.799
adapted from:book:0.794
plot:0.79075
clever:0.78525
mentor:0.78425
great ending:0.78375
original:0.78125
twist:0.77575
suspenseful:0.76625
based on a book:0.76625
fast paced:0.7635
greed:0.7525
plot twist:0.75175
good acting:0.751
good soundtrack:0.731
based on book:0.729
runaway:0.70025
guilt:0.70025
entertaining:0.698
story:0.698
vengeance:0.687
secrets:0.68475
court:0.67975
pg-13:0.66
complicated:0.65625
mystery:0.63875
chase:0.631
adaptation:0.625
revenge:0.61775
noir thriller:0.61075
conspiracy:0.60175
complex:0.6
dialogue:0.5985
original plot:0.59125
very interesting:0.5855
murder mystery:0.5835
psychological:0.5815
death penalty:0.5785
great movie:0.575
dramatic:0.5735
very good:0.56525
redemption:0.564
storytelling:0.55975
psychology:0.54975
excellent:0.54925
brutality:0.5475
heist:0.54125
great:0.53475
surprise ending:0.528
gangsters:0.52525
happy ending:0.5215
ensemble cast:0.513
excellent script:0.50975
intelligent:0.503
catastrophe:0.49825
complicated plot:0.48925
violent:0.48875
books:0.4845
california:0.482
oscar (best supporting actress):0.478
exceptional acting:0.4775
pornography:0.4755
violence:0.475
cerebral:0.4745
unusual plot structure:0.4695
action:0.46875
predictable:0.468
moral ambiguity:0.467
forceful:0.46
enigmatic:0.45425
obsession:0.44625
torture:0.446
morality:0.4425
oscar:0.441
police corruption:0.43725
culture clash:0.434
plot holes:0.43175
