animation:0.9845
childhood:0.964
cartoon:0.942
animated:0.909
original:0.79725
talking animals:0.78125
animals:0.76925
children:0.76725
kids:0.7525
fun movie:0.7415
kids and family:0.73225
unlikely friendships:0.688
great:0.67475
classic:0.665
adventure:0.65275
nostalgic:0.6385
friendship:0.6345
cute:0.6285
creativity:0.61125
radio:0.60475
weird:0.596
goofy:0.593
computer animation:0.58175
colourful:0.5795
good soundtrack:0.57625
loneliness:0.5555
simple:0.545
light:0.541
disney:0.52475
fun:0.5215
great movie:0.51875
storytelling:0.50925
good:0.505
cute!:0.505
family:0.4915
bullying:0.48575
story:0.474
destiny:0.46525
sacrifice:0.46225
runaway:0.461
dialogue:0.455
catastrophe:0.45475
great ending:0.448
social commentary:0.44775
mentor:0.4475
melancholic:0.42525
imagination:0.4085
twists & turns:0.40825
rabbits:0.396
sentimental:0.39475
heartwarming:0.3905
underrated:0.389
technology:0.388
life philosophy:0.386
sweet:0.38475
80s:0.37675
happy ending:0.3735
pornography:0.3715
nudity (full frontal - brief):0.3655
cool:0.36425
witty:0.35475
culture clash:0.3535
greed:0.35275
clever:0.3495
based on book:0.34575
road movie:0.34425
fantasy world:0.3425
aging:0.34175
suprisingly clever:0.341
scary:0.34025
talky:0.3395
transformation:0.337
whimsical:0.32825
unusual plot structure:0.32775
memory:0.327
very interesting:0.32575
brutality:0.32475
adaptation:0.3235
entertaining:0.32325
chase:0.32125
very funny:0.32125
reflective:0.31625
courage:0.3155
enigmatic:0.314
based on a book:0.30875
criterion:0.29975
nostalgia:0.297
road trip:0.29075
entirely dialogue:0.29
harsh:0.2855
love:0.284
death:0.2825
narrated:0.28175
honest:0.28125
police investigation:0.28125
not funny:0.27975
interesting:0.27825
animal movie:0.2745
cult film:0.27375
sexualized violence:0.271
