classical music:0.99
musicians:0.985
biopic:0.978
sisters:0.966
music:0.93925
biographical:0.9305
exceptional acting:0.8925
biography:0.886
based on a book:0.87275
based on book:0.86925
dramatic:0.85625
eccentricity:0.8165
mental illness:0.81525
touching:0.8145
mozart:0.78125
complex:0.776
good music:0.767
original:0.75475
drama:0.75075
great acting:0.731
story:0.72975
family drama:0.723
emotional:0.722
oscar (best actress):0.71425
relationships:0.70025
intimate:0.7
terminal illness:0.69575
tragedy:0.6785
beautifully filmed:0.6615
melancholic:0.6555
character study:0.6535
passionate:0.65325
complex characters:0.64425
oscar (best directing):0.64125
musical:0.64125
cinematography:0.63975
good soundtrack:0.6385
melancholy:0.63625
dysfunctional family:0.61775
very interesting:0.61275
loneliness:0.60475
depression:0.60425
intense:0.602
nudity (topless - brief):0.591
adapted from:book:0.59075
oscar (best supporting actress):0.58875
storytelling:0.57725
childhood:0.57525
reflective:0.566
bittersweet:0.562
mentor:0.5555
good:0.55
british:0.5485
runaway:0.54675
visually appealing:0.54525
weird:0.541
factual:0.53625
criterion:0.532
culture clash:0.53175
oscar:0.52925
great:0.5265
movielens top pick:0.5255
social commentary:0.51625
true story:0.5135
creativity:0.50975
artist:0.5095
interesting:0.5025
sad:0.50125
adaptation:0.4995
great ending:0.49625
secrets:0.49075
family:0.476
good acting:0.469
hip hop:0.4685
rock and roll:0.46775
independent film:0.456
beautiful scenery:0.45375
insanity:0.4475
talky:0.44725
unlikely friendships:0.44425
corruption:0.43925
guilt:0.43925
death:0.438
psychological:0.4315
chick flick:0.431
harsh:0.4275
england:0.42675
genius:0.42175
dialogue:0.41725
narrated:0.41225
nudity (full frontal - notable):0.40525
psychology:0.40475
awesome soundtrack:0.40425
male nudity:0.40175
redemption:0.4005
friendship:0.39925
pornography:0.39775
catastrophe:0.39675
bleak:0.3955
enigmatic:0.39325
