based on a book:0.98975
serial killer:0.97725
based on book:0.96625
tense:0.95175
adapted from:book:0.93625
hannibal lecter:0.91
creepy:0.9085
suspenseful:0.88625
ominous:0.875
stylized:0.8745
stylish:0.87025
intense:0.84775
dark:0.84475
psychology:0.8385
original:0.83725
visually appealing:0.8255
psychological:0.81575
thriller:0.8115
suspense:0.79375
visual:0.78625
books:0.78475
obsession:0.78275
adaptation:0.7625
good soundtrack:0.75575
murder:0.75375
book:0.74275
visceral:0.70825
great ending:0.69925
atmospheric:0.6945
dialogue:0.69175
crime:0.685
psychiatry:0.682
cerebral:0.66375
1980s:0.6585
book was better:0.655
interesting:0.65475
police investigation:0.65025
violent:0.65025
dark fantasy:0.64925
cinematography:0.639
enigmatic:0.63075
weird:0.627
investigation:0.627
violence:0.607
surveillance:0.6065
criterion:0.5985
insanity:0.59375
complex:0.58925
runaway:0.589
disturbing:0.58875
very interesting:0.5815
great:0.58075
visually stunning:0.56625
greed:0.561
clever:0.55925
distopia:0.558
twists & turns:0.5575
fbi:0.55675
good:0.55225
brutality:0.5495
gunfight:0.546
pornography:0.546
great movie:0.5365
noir thriller:0.53275
nocturnal:0.5315
grim:0.52675
detective:0.5215
harsh:0.51525
storytelling:0.499
literature:0.49825
paranoid:0.48975
underrated:0.487
oscar (best directing):0.47675
moody:0.47575
story:0.474
good acting:0.468
macabre:0.463
catastrophe:0.46175
chase:0.4585
culture clash:0.45625
secrets:0.45475
great acting:0.4535
light:0.4525
narrated:0.44975
dark hero:0.4495
mentor:0.449
excellent:0.4485
talky:0.4475
anti-hero:0.4455
cult classic:0.44225
melancholic:0.44125
corruption:0.43925
manipulation:0.438
very good:0.4305
drama:0.42975
grindhouse:0.429
murder mystery:0.4285
80s:0.427
family:0.42175
betrayal:0.41575
