sports:0.96625
basketball:0.957
love story:0.95575
multiple storylines:0.9365
love:0.9185
girlie movie:0.8885
romantic:0.8425
romance:0.82025
relationships:0.754
great:0.65675
original:0.61
chick flick:0.60825
college:0.54425
women:0.5385
hip hop:0.50375
pg-13:0.49225
teen movie:0.473
high school:0.46675
happy ending:0.459
fun movie:0.4585
intimate:0.45475
sexy:0.45375
mentor:0.45325
sweet:0.439
football:0.43025
catastrophe:0.42475
childhood:0.42375
good soundtrack:0.4215
passionate:0.4215
transformation:0.4165
feel-good:0.41425
dialogue:0.4085
romantic comedy:0.408
inspirational:0.39775
infidelity:0.39525
great movie:0.3855
cute:0.38225
drama:0.38175
predictable:0.374
feel good movie:0.369
fun:0.36675
cute!:0.36675
culture clash:0.365
sacrifice:0.3625
sappy:0.3615
family:0.36
stereotypes:0.35375
betrayal:0.35375
great ending:0.35275
not funny:0.35
life philosophy:0.349
unlikely friendships:0.33825
honest:0.3375
marriage:0.33575
talky:0.3345
good:0.3335
nostalgic:0.33175
beautiful scenery:0.3315
teen:0.32425
destiny:0.324
tear jerker:0.32225
story:0.3155
great acting:0.312
brutality:0.31125
storytelling:0.30975
twists & turns:0.29825
lone hero:0.29425
light:0.28525
based on true story:0.28425
excellent:0.28225
entirely dialogue:0.2815
touching:0.2805
chase:0.273
interracial romance:0.273
drinking:0.26775
california:0.2675
friendship:0.26475
pornography:0.2615
adaptation:0.2575
runaway:0.25625
80s:0.25425
melancholic:0.249
underrated:0.249
oscar (best supporting actress):0.24875
first contact:0.2465
criterion:0.23975
unusual plot structure:0.2385
very funny:0.238
fantasy world:0.23725
very interesting:0.2345
better than expected:0.22875
shallow:0.2285
weapons:0.227
complex:0.22625
intense:0.223
suprisingly clever:0.2225
unfunny:0.22225
police investigation:0.222
redemption:0.2175
divorce:0.21625
