rock and roll:0.92125
original:0.82725
musicians:0.73825
story:0.7355
good soundtrack:0.73325
mentor:0.72325
chase:0.69475
unusual plot structure:0.668
great:0.65625
great ending:0.6405
pg-13:0.64
storytelling:0.6275
music:0.62275
fight scenes:0.61475
destiny:0.5915
dialogue:0.58875
violence:0.587
light:0.55875
fantasy world:0.555
adaptation:0.55075
great movie:0.54575
dark hero:0.543
weird:0.527
music business:0.52475
gunfight:0.5195
sexualized violence:0.51725
childhood:0.49425
fun movie:0.4935
clever:0.48525
transformation:0.483
life philosophy:0.47225
family:0.471
vengeance:0.468
cult classic:0.45875
harsh:0.458
drama:0.45525
visually stunning:0.4535
whimsical:0.44975
brutality:0.44625
author:neil gaiman:0.4435
feel-good:0.43575
dystopic future:0.435
unlikely friendships:0.43475
fun:0.43475
life & death:0.434
cult film:0.4335
superheroes:0.433
social commentary:0.431
melancholic:0.42825
narrated:0.42725
hip hop:0.42675
visual:0.42625
catastrophe:0.42525
predictable:0.42525
alter ego:0.4235
nocturnal:0.416
stylized:0.415
comedy:0.4145
revenge:0.411
british:0.4105
quirky:0.409
justice:0.40275
runaway:0.39875
feel good movie:0.39725
happy ending:0.39675
twists & turns:0.394
good:0.3935
allegory:0.39175
based on book:0.38275
goofy:0.381
nostalgic:0.38075
underrated:0.379
entertaining:0.37825
culture clash:0.378
surreal:0.378
redemption:0.373
cinematography:0.36975
pornography:0.36975
enigmatic:0.3675
unfunny:0.36325
not funny:0.363
visually appealing:0.36275
cerebral:0.35975
crude humor:0.35975
friendship:0.35925
great soundtrack:0.35275
beautifully filmed:0.35225
gangsters:0.34925
special effects:0.34575
criterion:0.3455
suspense:0.34525
creativity:0.345
independent film:0.34475
plot:0.34475
new jersey:0.34325
adventure:0.34025
humorous:0.34
unlikeable characters:0.33875
period piece:0.33825
80s:0.33625
