heist:0.99875
caper:0.98375
crime:0.9695
suspense:0.94125
twists & turns:0.9195
great acting:0.9195
robbery:0.9115
surprise ending:0.9045
plot twist:0.88225
twist ending:0.88075
excellent:0.867
con artists:0.84825
tense:0.84475
fast paced:0.83975
mentor:0.811
great ending:0.80725
good acting:0.792
intense:0.791
suspenseful:0.77925
good:0.76975
excellent script:0.7505
entertaining:0.74725
original:0.74475
dialogue:0.72475
thriller:0.71225
interesting:0.712
pg-13:0.70475
plot:0.70125
great movie:0.689
greed:0.688
great:0.687
chase:0.68175
twist:0.6745
corruption:0.667
clever:0.64375
surveillance:0.63125
gangsters:0.612
secrets:0.60625
betrayal:0.59975
predictable:0.5965
action:0.58175
con men:0.57875
exciting:0.57525
cool:0.569
crime gone awry:0.56675
good soundtrack:0.5575
drama:0.55275
very good:0.5495
dramatic:0.54675
story:0.54
stylish:0.5295
catastrophe:0.527
fun movie:0.51375
very interesting:0.5105
exceptional acting:0.50425
violence:0.5015
runaway:0.50025
talky:0.49275
police investigation:0.49225
sexy:0.4845
tricky:0.48425
original plot:0.47775
complicated:0.4715
oscar winner:0.47
justice:0.4635
cerebral:0.46325
entirely dialogue:0.46275
organized crime:0.46175
big budget:0.461
mob:0.45925
intelligent:0.45825
gangster:0.45075
good dialogue:0.4465
conspiracy:0.43575
storytelling:0.43425
destiny:0.42875
revenge:0.42125
murder:0.4195
redemption:0.41775
ensemble cast:0.41525
complicated plot:0.41325
complex:0.40975
technology:0.4065
dialogue driven:0.403
unusual plot structure:0.3965
bank robbery:0.3945
oscar:0.394
life philosophy:0.393
nudity (topless - notable):0.384
oscar (best directing):0.3795
better than expected:0.36775
moral ambiguity:0.365
bad plot:0.36025
hackers:0.35925
cinematography:0.35275
underrated:0.349
french:0.34775
gunfight:0.3425
claustrophobic:0.34225
vengeance:0.342
