suspenseful:0.9575
kidnapping:0.9325
thriller:0.9205
suspense:0.883
twists & turns:0.88025
plot holes:0.8685
mystery:0.8295
paranoia:0.773
hitchcock:0.7245
action:0.719
chase:0.71325
police investigation:0.6935
runaway:0.66525
predictable:0.6405
pg-13:0.62825
girlie movie:0.6275
original:0.6245
death:0.595
conspiracy:0.5925
secrets:0.5895
plot:0.579
good:0.56525
great ending:0.5605
bad plot:0.53975
tense:0.53775
murder mystery:0.53775
intense:0.5215
surveillance:0.4945
mentor:0.48925
catastrophe:0.48225
nudity (full frontal - brief):0.473
silly:0.46975
better than expected:0.459
airplane:0.45875
assassination:0.45325
bad ending:0.45025
twist:0.44725
twist ending:0.44475
sexy:0.42975
murder:0.427
secret service:0.41675
psychology:0.41225
disaster:0.41175
surprise ending:0.4095
fun movie:0.408
manipulation:0.39425
great acting:0.393
revenge:0.38825
pornography:0.38425
betrayal:0.381
dialogue:0.37775
women:0.375
corruption:0.37275
fbi:0.37275
first contact:0.37125
not funny:0.369
plot twist:0.363
unrealistic:0.361
natural disaster:0.3555
single father:0.3525
very interesting:0.351
unfunny:0.35025
alternate endings:0.35025
investigation:0.349
great:0.3425
absurd:0.33875
life philosophy:0.33825
guilt:0.33575
psychological:0.3355
hacking:0.32875
interesting:0.3285
car chase:0.3275
lone hero:0.32525
sentimental:0.323
clever:0.32175
obsession:0.3175
conspiracy theory:0.3145
identity:0.311
storytelling:0.3105
berlin:0.31025
so bad it's funny:0.30825
fast paced:0.3045
good action:0.30375
culture clash:0.2995
erotic:0.297
nudity (topless - notable):0.29275
happy ending:0.2885
story:0.2885
spying:0.28825
family:0.28825
idiotic:0.2865
internet:0.28475
remake:0.28375
excellent:0.28325
cinematography:0.28225
exciting:0.27825
suprisingly clever:0.275
divorce:0.27475
fight scenes:0.27425
father daughter relationship:0.2725
