wwii:0.994
germany:0.992
world war ii:0.97525
best war films:0.9615
german:0.94125
wartime:0.813
war:0.76825
courage:0.732
original:0.6975
runaway:0.64075
end of the world:0.59125
dramatic:0.5885
forceful:0.58675
war movie:0.54375
us history:0.529
history:0.52225
nazis:0.5205
nudity (full frontal - brief):0.50125
mentor:0.49875
dialogue:0.4965
catastrophe:0.49075
culture clash:0.4895
bombs:0.48
weapons:0.47675
ethnic conflict:0.472
sacrifice:0.45475
idealism:0.4505
great ending:0.44825
realistic:0.4465
betrayal:0.43975
enormously long battle scene:0.436
harsh:0.42625
unusual plot structure:0.42125
drama:0.4105
story:0.40225
pornography:0.3945
irish accent:0.39325
propaganda:0.39025
brutality:0.3895
gunfight:0.377
greed:0.3735
cynical:0.3705
intense:0.36825
storytelling:0.366
vengeance:0.3655
not funny:0.36375
beautiful scenery:0.3635
historical:0.3625
disaster:0.362
cinematography:0.3615
good soundtrack:0.3615
survival:0.35725
suprisingly clever:0.34825
good:0.345
stylized:0.34425
chase:0.3385
oscar (best directing):0.3365
visceral:0.33225
predictable:0.33075
fun movie:0.3305
so bad it's funny:0.32925
military:0.3265
suspense:0.31775
fascism:0.316
prejudice:0.3155
powerful ending:0.31125
factual:0.31025
very good:0.3095
criterion:0.30625
sexy:0.3055
great movie:0.305
lone hero:0.29975
great acting:0.29925
good action:0.29925
redemption:0.29575
twists & turns:0.295
entirely dialogue:0.29375
very funny:0.28975
nazi:0.28925
awesome soundtrack:0.2855
police investigation:0.285
great:0.282
politics:0.2815
enigmatic:0.281
stereotypes:0.27875
life philosophy:0.27875
revenge:0.277
melancholic:0.276
alternate history:0.274
gay character:0.2735
light:0.27325
crime gone awry:0.27325
grindhouse:0.27
drinking:0.2685
classic:0.2675
corruption:0.26575
action:0.26375
small town:0.26325
imdb top 250:0.263
talky:0.26225
