screwball comedy:0.97
comedy:0.90875
fish:0.8365
screwball:0.82925
fun movie:0.79075
gunfight:0.7795
runaway:0.776
light:0.738
great:0.6755
good:0.66125
original:0.6465
romantic comedy:0.5815
happy ending:0.577
chase:0.556
funny:0.543
great movie:0.5415
silly:0.5365
books:0.5205
destiny:0.5155
criterion:0.5135
mentor:0.50875
doctors:0.50175
idealism:0.49825
dialogue:0.49725
underrated:0.49025
stereotypes:0.4725
british:0.46025
romantic:0.4555
slapstick:0.4505
fun:0.44775
adapted from:book:0.437
catastrophe:0.43475
male nudity:0.42875
very funny:0.42625
underwater:0.421
great ending:0.39475
police investigation:0.3905
suprisingly clever:0.39025
corruption:0.387
hitman:0.38625
unlikely friendships:0.3845
story:0.3795
california:0.37675
beautiful scenery:0.37375
author:neil gaiman:0.37
hilarious:0.364
redemption:0.35525
sexy:0.35
1930s:0.34675
culture clash:0.346
cute:0.34325
feel-good:0.34325
ireland:0.34225
predictable:0.33875
revenge:0.33075
island:0.33
fast paced:0.3265
lone hero:0.32625
nudity (full frontal - brief):0.32475
harsh:0.323
gangsters:0.32
intense:0.318
storytelling:0.317
remake:0.3165
complex:0.3135
fight scenes:0.3135
murder:0.31225
distopia:0.3105
hitchcock:0.305
greed:0.3045
entirely dialogue:0.30025
romance:0.29475
twists & turns:0.2945
based on a play:0.2945
visual:0.29275
survival:0.291
humorous:0.2905
existentialism:0.286
hotel:0.27825
adaptation:0.27725
drinking:0.27725
relationships:0.27625
based on a book:0.275
brutality:0.27475
medieval:0.27425
good soundtrack:0.27375
identity:0.273
narrated:0.272
amazing photography:0.272
melancholic:0.27
gangs:0.269
feel good movie:0.269
vengeance:0.268
silent:0.266
talky:0.26575
witty:0.26525
affectionate:0.264
england:0.2635
good action:0.263
lawyers:0.26225
