almodovar:0.9865
spanish:0.98425
obsession:0.97175
relationships:0.967
pornography:0.9425
sexual:0.93525
sex:0.9285
love:0.9085
nudity (topless - notable):0.905
sexy:0.90375
erotic:0.89575
nudity (full frontal - notable):0.89225
kidnapping:0.855
love story:0.852
passionate:0.8115
loneliness:0.7785
romance:0.76025
dark humor:0.755
sexuality:0.7495
women:0.7325
art house:0.72775
spain:0.72725
criterion:0.7225
original:0.70075
controversial:0.695
weird:0.68725
bizarre:0.67425
twists & turns:0.673
stylized:0.64425
nudity (full frontal):0.6435
black comedy:0.622
intimate:0.6205
very interesting:0.62025
male nudity:0.62
dark comedy:0.61175
bdsm:0.57025
romantic:0.569
sexualized violence:0.55725
brutality:0.55125
grindhouse:0.54225
absurd:0.49575
censorship:0.49525
melancholic:0.49025
talky:0.488
good soundtrack:0.48525
dialogue:0.4845
great ending:0.475
enigmatic:0.471
artsy:0.46775
violent:0.467
crazy:0.465
violence:0.4635
whimsical:0.46275
catastrophe:0.445
quirky:0.443
runaway:0.438
beautifully filmed:0.43625
psychological:0.432
psychology:0.43025
entirely dialogue:0.41375
complex:0.4115
light:0.4115
unlikeable characters:0.409
nudity:0.39675
surreal:0.39675
disturbing:0.39575
unusual plot structure:0.3865
insanity:0.38525
stylish:0.38275
great:0.38025
drama:0.3785
multiple storylines:0.37675
macabre:0.37525
colourful:0.37225
interesting:0.37225
notable nudity:0.371
mentor:0.3695
thought-provoking:0.369
adultery:0.36475
dysfunctional family:0.36275
fun movie:0.3625
nocturnal:0.35575
life philosophy:0.3525
twist:0.34875
golden palm:0.345
beautiful scenery:0.34325
culture clash:0.3425
nudity (topless):0.33825
betrayal:0.33425
pulp:0.3335
marriage:0.33175
affectionate:0.327
satirical:0.327
witty:0.32625
storytelling:0.325
suprisingly clever:0.31975
queer:0.31425
unfunny:0.31425
manipulation:0.31375
adaptation:0.3115
