complex:0.898
original:0.827
mentor:0.82225
cerebral:0.8085
directorial debut:0.7965
redemption:0.77
independent film:0.766
melancholic:0.7515
off-beat comedy:0.74925
crime gone awry:0.74825
cinematography:0.74075
weird:0.7345
good soundtrack:0.7195
loneliness:0.712
story:0.6975
very interesting:0.689
harsh:0.6795
storytelling:0.672
visually appealing:0.6645
con artists:0.66375
indie:0.658
dialogue:0.646
greed:0.6335
talky:0.62975
neo-noir:0.60075
existentialism:0.597
eccentricity:0.597
gangsters:0.56925
writers:0.56725
betrayal:0.56425
nudity (full frontal - notable):0.5635
stylized:0.547
apocalypse:0.539
entirely dialogue:0.52225
intense:0.513
hotel:0.50525
corruption:0.5035
film noir:0.5025
relationships:0.49425
quirky:0.48925
noir:0.47825
depression:0.47725
enigmatic:0.47175
drama:0.46875
visual:0.46775
visually stunning:0.465
brutality:0.46075
gunfight:0.45875
narrated:0.458
foreign:0.4535
good:0.445
absurd:0.442
crime:0.44175
dramatic:0.4415
scenic:0.44025
great ending:0.4355
violence:0.4315
light:0.428
atmospheric:0.427
reflective:0.427
bleak:0.427
cult film:0.4265
unusual plot structure:0.4255
male nudity:0.4235
shallow:0.4225
catastrophe:0.41725
goofy:0.40825
sexualized violence:0.4065
underrated:0.4035
nocturnal:0.4
social commentary:0.39825
great:0.398
bad ending:0.39275
slow paced:0.38825
character study:0.3875
predictable:0.38625
dark hero:0.38575
very funny:0.38525
dysfunctional family:0.3835
ethnic conflict:0.3825
con men:0.381
not funny:0.3805
bad acting:0.37075
clever:0.37075
twists & turns:0.36975
slow:0.3675
interesting:0.36675
moody:0.364
exceptional acting:0.361
understated:0.3585
family:0.35825
cool:0.35575
criterion:0.355
honest:0.34625
runaway:0.3425
meditative:0.34125
feel-good:0.34
unlikely friendships:0.33925
guilt:0.33775
fight scenes:0.336
