sports:0.9925
olympics:0.86675
underdog:0.8515
original:0.77325
kids:0.7275
fun movie:0.7235
predictable:0.68425
family:0.644
competition:0.63
fun:0.587
inspirational:0.568
sequel:0.553
mentor:0.53675
new jersey:0.53425
sequels:0.52725
franchise:0.5195
cute!:0.5185
feel-good:0.45625
basketball:0.44275
catastrophe:0.43225
football:0.4315
disney:0.42775
disaster:0.41875
good:0.41225
silly fun:0.40675
bad plot:0.38725
texas:0.3815
kids and family:0.3795
feel good movie:0.37175
life philosophy:0.3715
canada:0.37125
weapons:0.371
great ending:0.36575
childhood:0.35125
dialogue:0.34225
fantasy world:0.33825
destiny:0.3315
very funny:0.33125
lone hero:0.32275
not funny:0.3215
so bad it's funny:0.3125
natural disaster:0.3075
overrated:0.3045
horrible:0.3035
based on a video game:0.30325
brutality:0.301
story:0.29525
goofy:0.2935
storytelling:0.2865
first contact:0.2865
multiple storylines:0.28575
fantasy:0.28525
entertaining:0.28425
runaway:0.28425
culture clash:0.28225
adaptation:0.2805
unintentionally funny:0.27875
cute:0.277
transformation:0.2755
bad:0.2745
children:0.27375
crappy sequel:0.272
pg-13:0.2715
teen movie:0.27
redemption:0.26875
video game:0.2675
unlikely friendships:0.26575
unfunny:0.26325
writers:0.261
light:0.25825
unusual plot structure:0.25525
pointless:0.253
silly:0.251
nostalgic:0.25075
action:0.24825
quirky:0.24475
slapstick:0.24275
golf:0.24225
fight scenes:0.24175
great:0.241
high school:0.2355
good soundtrack:0.2315
based on true story:0.23125
friendship:0.231
stereotypes:0.2295
bad cgi:0.229
happy ending:0.22775
minnesota:0.22725
absurd:0.22725
funny:0.224
entirely dialogue:0.2205
series:0.21375
trilogy:0.213
ninja:0.2115
vengeance:0.21
oscar (best directing):0.20975
girlie movie:0.2095
comedy:0.2085
pornography:0.208
adapted from:book:0.20525
