police investigation:0.986
police:0.965
tense:0.96375
twists & turns:0.96025
detective:0.95775
crime:0.95675
dialogue driven:0.944
claustrophobic:0.943
psychological:0.935
serial killer:0.9325
thriller:0.92825
investigation:0.88525
murder:0.88125
twist:0.8755
excellent script:0.86975
plot twist:0.86725
manipulation:0.85
storytelling:0.8475
surveillance:0.8375
suspense:0.83475
twist ending:0.833
stylish:0.831
police corruption:0.81825
weird:0.814
great ending:0.80675
cerebral:0.79975
corruption:0.788
great acting:0.779
justice:0.77775
mystery:0.77325
complicated:0.76975
original:0.747
brutality:0.74125
guilt:0.7355
complicated plot:0.723
clever:0.722
dark:0.72175
complex:0.7155
interesting:0.705
noir:0.7035
enigmatic:0.69975
secrets:0.699
cinematography:0.69825
obsession:0.6975
mindfuck:0.67975
intense:0.6725
harsh:0.6555
suspenseful:0.6495
paranoid:0.64575
alternate endings:0.6395
australian:0.63825
crime gone awry:0.6375
good soundtrack:0.63725
psychology:0.629
directorial debut:0.627
dialogue:0.62325
talky:0.62275
stylized:0.6215
plot:0.619
low budget:0.61275
tricky:0.61175
atmospheric:0.6105
film noir:0.60175
violence:0.587
surreal:0.587
drama:0.584
pornography:0.5825
ensemble cast:0.57025
macabre:0.5655
brutal:0.5645
good dialogue:0.56
visually appealing:0.55375
surprise ending:0.55325
good acting:0.54925
moral ambiguity:0.54675
criterion:0.54425
chess:0.53875
dramatic:0.53375
entirely dialogue:0.53
greed:0.52675
gangsters:0.52375
kidnapping:0.52325
unusual plot structure:0.5125
conspiracy:0.511
suprisingly clever:0.50725
thought-provoking:0.499
very interesting:0.4975
independent film:0.4965
visually stunning:0.494
oscar (best supporting actress):0.49225
gunfight:0.49175
neo-noir:0.49125
gritty:0.49025
intelligent:0.48925
nocturnal:0.48825
revenge:0.4825
sexualized violence:0.48175
heist:0.4815
insanity:0.48125
great:0.47875
