animals:0.99175
disney animated feature:0.98775
animation:0.98475
cartoon:0.97725
classic:0.94475
animated:0.94425
cute:0.9225
disney:0.9095
childhood:0.894
animal movie:0.8845
children:0.8835
simple:0.87625
family:0.8195
adapted from:book:0.80175
coming of age:0.7975
talking animals:0.79625
sweet:0.79475
fairy tale:0.7805
computer animation:0.779
original:0.76525
hunting:0.76075
unlikely friendships:0.759
touching:0.747
good versus evil:0.7405
heartwarming:0.73325
friendship:0.7305
kids and family:0.72575
innocence lost:0.72375
musical:0.713
story:0.7015
cute!:0.70025
emotional:0.6955
colourful:0.658
sentimental:0.6455
sad:0.63475
kids:0.61925
rabbits:0.60875
based on book:0.60275
fun movie:0.5905
drama:0.5815
powerful ending:0.5695
death:0.5615
good:0.557
runaway:0.5565
courage:0.554
romantic:0.5475
great:0.54175
love story:0.53625
visually appealing:0.5335
artistic:0.52975
culture clash:0.4805
light:0.47525
adventure:0.46975
coming-of-age:0.46125
oscar (best music - original song):0.4605
happy ending:0.45675
storytelling:0.4535
good soundtrack:0.44775
catastrophe:0.44725
heartbreaking:0.43975
oscar (best directing):0.43775
stereotypes:0.43775
life & death:0.437
oscar (best actress):0.4345
mentor:0.4335
great ending:0.42525
beautiful:0.4225
dialogue:0.42225
honest:0.42025
love:0.4185
great movie:0.41825
fun:0.4175
suprisingly clever:0.41625
fairy tales:0.4145
oscar (best supporting actress):0.41425
good music:0.404
beautiful scenery:0.40375
tear jerker:0.4015
beautifully filmed:0.3975
visually stunning:0.39375
greed:0.389
adaptation:0.37875
adoption:0.375
breathtaking:0.373
melancholic:0.3715
not funny:0.3695
destiny:0.35625
tragedy:0.34925
earnest:0.34875
snakes:0.34875
music:0.3445
transformation:0.33475
indians:0.33125
bittersweet:0.32175
dramatic:0.32
affectionate:0.31775
witty:0.30925
afi 100 (movie quotes):0.3085
clever:0.306
oscar winner:0.305
