hip hop:0.9975
music:0.976
musicians:0.9415
documentary:0.895
musical:0.8165
comedy:0.80975
artist:0.8025
good music:0.79
artistic:0.75725
original:0.69625
stand-up comedy:0.63525
rock and roll:0.611
segregation:0.5955
creativity:0.595
humorous:0.59425
entertaining:0.56
weed:0.547
great:0.54125
great music:0.53525
social commentary:0.51975
very funny:0.51175
culture clash:0.48475
mentor:0.47025
good soundtrack:0.4695
awesome soundtrack:0.46875
funny:0.458
good:0.4435
interesting:0.44225
reflective:0.44225
criterion:0.4395
hilarious:0.43775
dialogue:0.43725
great ending:0.435
catastrophe:0.432
goofy:0.43175
talky:0.4295
weird:0.424
internet:0.424
suprisingly clever:0.418
better than expected:0.40225
runaway:0.3795
unfunny:0.36775
quirky:0.365
stylized:0.36325
melancholic:0.36125
jazz:0.361
dancing:0.359
bittersweet:0.35525
light:0.34925
irreverent:0.3485
storytelling:0.347
pornography:0.343
eccentricity:0.34125
pg-13:0.336
very interesting:0.33125
greed:0.32775
gangsters:0.32475
stereotypes:0.31725
highly quotable:0.3155
unusual plot structure:0.3145
fight scenes:0.313
character study:0.31225
fun movie:0.31175
visually appealing:0.30875
cult film:0.30125
adaptation:0.30025
very good:0.29925
brutality:0.29725
stupidity:0.29525
harsh:0.293
feel-good:0.29275
radio:0.291
narrated:0.28925
educational:0.289
exceptional acting:0.285
great movie:0.285
life philosophy:0.2835
chase:0.28225
road movie:0.282
honest:0.281
political:0.279
off-beat comedy:0.277
intimate:0.276
cult classic:0.275
funny as hell:0.2745
crude humor:0.274
nudity (full frontal - brief):0.27275
entirely dialogue:0.26975
great soundtrack:0.26925
farce:0.2675
music business:0.2665
parody:0.26625
racism:0.262
dysfunctional family:0.26025
new york:0.257
clever:0.257
movielens top pick:0.25575
weapons:0.25575
politics:0.25325
drinking:0.2525
