light:0.79025
so bad it's funny:0.75975
cute!:0.728
romance:0.683
france:0.67225
mentor:0.6565
grindhouse:0.58
french:0.57325
original:0.54325
nostalgic:0.54225
fashion:0.509
sweet:0.506
storytelling:0.49275
unusual plot structure:0.476
happy ending:0.45975
brutality:0.45425
good romantic comedies:0.43375
catastrophe:0.423
predictable:0.4155
romantic comedy:0.41375
small town:0.411
story:0.40775
simple:0.40625
beautiful scenery:0.38475
visually stunning:0.37925
unfunny:0.37
censorship:0.36975
melancholic:0.34825
fairy tale:0.34525
intimate:0.34425
police investigation:0.343
not funny:0.336
obsession:0.334
feel good movie:0.32575
first contact:0.3255
very funny:0.31725
suprisingly clever:0.314
farce:0.3125
quirky:0.3115
life philosophy:0.3115
great ending:0.3085
cute:0.30375
finnish:0.30325
colourful:0.302
feel-good:0.302
fantasy world:0.29975
made for tv:0.29925
dialogue:0.29725
runaway:0.28475
fun:0.272
goofy:0.26875
heroine:0.26625
transformation:0.26525
better than expected:0.264
idealism:0.2575
girlie movie:0.25625
allegory:0.25375
1950s:0.24575
weapons:0.24375
distopia:0.24325
silly:0.2425
romantic:0.24125
intense:0.2395
lone hero:0.23775
fight scenes:0.23675
adaptation:0.233
switching places:0.232
foreign:0.23175
criterion:0.2295
visually appealing:0.2285
social commentary:0.223
fun movie:0.2225
life & death:0.21975
entirely dialogue:0.21975
nudity (full frontal - brief):0.2195
werewolf:0.2195
overrated:0.21475
redemption:0.21475
wine:0.21275
natural disaster:0.21125
atheism:0.20975
teen movie:0.20925
1920s:0.2055
gunfight:0.204
stylish:0.20375
art:0.20275
atmospheric:0.202
ridiculous:0.20175
love story:0.2005
mistaken identity:0.19925
chase:0.19825
inspirational:0.1955
hitchcock:0.19375
original plot:0.193
space travel:0.19275
childhood:0.1915
cinematography:0.19125
good:0.19
segregation:0.19
slapstick:0.18925
