japan:0.9685
animation:0.8915
narrated:0.888
ecology:0.88775
studio ghibli:0.87575
anime:0.87125
social commentary:0.87075
environmental:0.8635
firefly:0.85875
talking animals:0.857
tokyo:0.842
japanese:0.82675
humanity:0.80375
weird:0.7745
downbeat:0.676
original:0.668
animals:0.644
environment:0.58775
miyazaki:0.5845
transformation:0.578
tragedy:0.573
imagination:0.567
animated:0.565
criterion:0.5645
allegory:0.54975
foreign:0.54575
storytelling:0.5255
childhood:0.49825
suprisingly clever:0.45925
talky:0.45225
colourful:0.4515
creativity:0.44675
cartoon:0.445
masterpiece:0.432
mentor:0.4285
story:0.4265
humorous:0.42175
bizarre:0.4125
melancholic:0.41
mythology:0.4075
catastrophe:0.40175
brutality:0.39075
cute:0.38875
violence:0.388
life & death:0.38625
thought-provoking:0.38575
cute!:0.38375
magic:0.38375
fantasy world:0.38225
police investigation:0.382
very interesting:0.381
sacrifice:0.38025
great:0.378
weapons:0.36975
wartime:0.36875
satire:0.367
ethnic conflict:0.36525
bittersweet:0.3525
not funny:0.35025
visual:0.349
satirical:0.34725
runaway:0.34375
great ending:0.3405
dialogue:0.34025
whimsical:0.33225
culture clash:0.33025
visually stunning:0.33
good soundtrack:0.329
touching:0.3175
entirely dialogue:0.31625
life philosophy:0.3155
golden palm:0.314
witty:0.31275
visually appealing:0.3075
grindhouse:0.30225
enigmatic:0.29725
clever:0.29575
stylized:0.295
greed:0.292
happy ending:0.29
loneliness:0.2895
stunning:0.2875
art:0.28725
very funny:0.28725
strange:0.2865
poignant:0.285
harsh:0.2845
sexualized violence:0.2845
demons:0.28375
animal movie:0.282
intimate:0.2815
interesting:0.2775
reflective:0.27675
breathtaking:0.2755
dreamlike:0.27525
surreal:0.27275
giant robots:0.2725
finnish:0.2685
cerebral:0.268
pornography:0.26625
