finnish:0.99325
boxing:0.90225
fighting:0.89425
underdog:0.87925
parody:0.79525
brutality:0.7875
series:0.7805
franchise:0.778
silly:0.7725
sports:0.74025
silly fun:0.734
betrayal:0.73
spoof:0.71425
action:0.70625
good:0.70475
humor:0.6895
too short:0.6725
earnest:0.64775
revenge:0.6385
comedy:0.615
original:0.61375
mentor:0.57925
fight scenes:0.57425
sequels:0.5695
vengeance:0.5625
runaway:0.556
superheroes:0.552
torture:0.55075
stereotypes:0.53725
honest:0.529
cold war:0.5275
predictable:0.5105
teen:0.50675
russian:0.50525
storytelling:0.50475
good soundtrack:0.4965
destiny:0.496
catastrophe:0.4955
erotic:0.49325
crude humor:0.4905
pg-13:0.48925
absurd:0.48425
russia:0.47575
espionage:0.472
life philosophy:0.46725
music:0.465
spy:0.46475
dialogue:0.46475
propaganda:0.45925
nudity (full frontal - brief):0.459
great ending:0.45075
reality tv:0.44425
sexualized violence:0.438
campy:0.4345
80s:0.433
unfunny:0.432
teen movie:0.43175
adapted from:comic:0.42675
enormously long battle scene:0.42425
nostalgic:0.42175
so bad it's funny:0.4205
dumb but funny:0.418
drinking:0.415
satirical:0.413
culture clash:0.4105
plot:0.40975
violence:0.40975
fun movie:0.404
oscar (best directing):0.396
entertaining:0.3935
creativity:0.389
good action:0.37425
not funny:0.366
lone hero:0.36025
redemption:0.3525
bad plot:0.34825
sequel:0.3475
slapstick:0.341
ridiculous:0.32275
police investigation:0.3205
vampire human love:0.319
amazing photography:0.3175
visually appealing:0.31725
murder:0.314
satire:0.309
quotable:0.30425
special effects:0.30025
big budget:0.297
adaptation:0.2955
cult film:0.29525
70mm:0.2925
greed:0.28625
quirky:0.2855
politics:0.28
fantasy world:0.27975
entirely dialogue:0.2755
happy ending:0.2735
very funny:0.27125
bullshit history:0.271
whimsical:0.27075
