splatter:0.99725
violence:0.99375
violent:0.99125
brutality:0.99075
sexualized violence:0.9755
brutal:0.97125
bloody:0.96875
visceral:0.961
gory:0.957
stylized:0.9545
disturbing:0.94775
gratuitous violence:0.94425
weird:0.93175
graphic novel:0.9245
gore:0.922
vengeance:0.92
stylish:0.8985
cult film:0.8845
good soundtrack:0.874
cult classic:0.871
original:0.8685
insanity:0.851
gruesome:0.849
anti-hero:0.8335
gangsters:0.83025
pornography:0.82775
rape:0.809
gangs:0.79425
torture:0.78425
surreal:0.7745
blood:0.769
grindhouse:0.74725
enigmatic:0.74275
serial killer:0.73025
awesome soundtrack:0.7235
goretastic:0.71725
macabre:0.71275
revenge:0.70525
visually appealing:0.70025
pulp:0.6775
psychological:0.66
vigilante:0.6565
dark humor:0.6535
social commentary:0.6415
harsh:0.63625
quirky:0.62875
brainwashing:0.62475
hard to watch:0.61925
based on a comic:0.61075
art house:0.60225
innocence lost:0.5975
bizarre:0.5875
ironic:0.5845
mentor:0.58375
obsession:0.57525
bleak:0.55475
black comedy:0.55425
dark:0.5535
organized crime:0.55325
pointless:0.54075
sexual abuse:0.538
gangster:0.536
psychology:0.53125
criterion:0.51375
complex:0.51375
crazy:0.5105
japanese:0.5085
controversial:0.5085
dialogue:0.50575
very interesting:0.503
absurd:0.4985
hitman:0.49825
cult:0.49675
cannibalism:0.496
twists & turns:0.496
hit men:0.49575
intense:0.4865
vigilantism:0.48625
grim:0.48475
murder:0.481
allegory:0.4775
forceful:0.472
cerebral:0.46725
surrealism:0.463
kidnapping:0.46125
queer:0.45775
adaptation:0.45575
sexual:0.45325
masterpiece:0.45325
great ending:0.44925
dark comedy:0.433
storytelling:0.4325
great soundtrack:0.431
creepy:0.4305
cool:0.42925
tokyo:0.4275
nudity (full frontal - notable):0.42425
strange:0.42325
entirely dialogue:0.42025
unique:0.41625
