hit men:0.99025
assassin:0.98675
action:0.98625
good action:0.96675
vengeance:0.96475
stylish:0.962
violent:0.9605
hitman:0.95775
highly quotable:0.957
gunfight:0.9565
revenge:0.95125
organized crime:0.92975
guns:0.92075
mafia:0.919
mob:0.8955
violence:0.89525
fight scenes:0.8845
action packed:0.881
assassination:0.87875
cool:0.87625
fast paced:0.87375
gratuitous violence:0.8595
assassins:0.85575
story:0.83675
mentor:0.82875
gangsters:0.82575
brutality:0.8255
car chase:0.81775
original:0.81475
realistic action:0.81175
dark hero:0.79025
chase:0.778
stylized:0.77325
bloody:0.7565
classic car:0.75575
dialogue:0.74875
weapons:0.748
visceral:0.72275
lone hero:0.71275
plot:0.70575
intense:0.689
pg-13:0.6685
vigilante:0.66625
007 (series):0.66325
betrayal:0.65275
brutal:0.64425
good soundtrack:0.6355
anti-hero:0.63275
vigilantism:0.624
corruption:0.603
blood:0.60275
thriller:0.5865
storytelling:0.576
entertaining:0.5745
fun movie:0.556
murder:0.54975
great:0.54475
dog:0.54125
fun:0.538
fighting:0.53775
great ending:0.5335
visually appealing:0.527
suspense:0.5205
great movie:0.5125
good acting:0.501
crime:0.49275
original plot:0.492
cinematography:0.4915
cult classic:0.4915
cars:0.48525
justice:0.484
awesome soundtrack:0.48325
plot twist:0.47975
redemption:0.47875
gangster:0.474
splatter:0.47025
runaway:0.47025
good:0.47
beautiful scenery:0.46225
interesting:0.46175
silly fun:0.45
predictable:0.44925
new york:0.449
great acting:0.4385
conspiracy:0.436
absurd:0.4355
grindhouse:0.43375
drinking:0.432
life philosophy:0.4315
quotable:0.4315
harsh:0.428
plot holes:0.42525
explosions:0.4245
based on a comic:0.4095
superheroes:0.4095
hunting:0.4025
catastrophe:0.401
visual:0.3995
death:0.39825
culture clash:0.397
