free to download:0.995
survival:0.9025
life & death:0.858
aliens:0.8035
original:0.7605
stereotypes:0.752
dialogue:0.73675
death:0.7295
scifi:0.72425
horror:0.71025
twist:0.70125
reality tv:0.6925
catastrophe:0.682
natural disaster:0.6515
sci fi:0.65075
life philosophy:0.647
social commentary:0.64225
alien:0.64125
thought-provoking:0.63575
great ending:0.63275
science fiction:0.61725
sacrifice:0.608
so bad it's funny:0.60675
twist ending:0.59825
mentor:0.59825
alien invasion:0.595
end of the world:0.58375
drama:0.56925
internet:0.56225
pointless:0.561
humanity:0.553
first contact:0.552
moral ambiguity:0.549
sci-fi:0.544
plot twist:0.5425
weird:0.5415
suspenseful:0.517
visually appealing:0.5165
idiotic:0.5005
gory:0.4915
creativity:0.488
predictable:0.483
homeless:0.48225
clever:0.4745
torture:0.47325
better than expected:0.4725
twists & turns:0.4695
interesting:0.46375
bad ending:0.458
writers:0.4505
destiny:0.44175
scary:0.43325
culture clash:0.43325
space travel:0.425
enormously long battle scene:0.422
entirely dialogue:0.4215
suspense:0.40675
transformation:0.398
very interesting:0.39325
apocalypse:0.393
allegory:0.37
effects:0.36625
surprise ending:0.3615
greed:0.361
redemption:0.35875
ghosts/afterlife:0.35525
not funny:0.355
betrayal:0.3545
low budget:0.35
psychological:0.3455
cheating:0.344
special effects:0.34075
entertaining:0.339
segregation:0.33175
good:0.3305
graphic design:0.33
claustrophobic:0.328
politics:0.3245
good soundtrack:0.32275
cerebral:0.3225
storytelling:0.32
pornography:0.31625
mindfuck:0.313
awesome soundtrack:0.31125
underrated:0.31125
story:0.31075
suprisingly clever:0.3095
parallel universe:0.30375
crude humor:0.30175
brutality:0.29675
conspiracy:0.2965
weapons:0.296
prejudice:0.29525
shallow:0.29375
plot:0.293
psychology:0.29275
addiction:0.2925
morality:0.29175
runaway:0.2915
good acting:0.2895
