coen bros:0.999
coen brothers:0.9195
hollywood:0.919
cinematography:0.83225
original:0.824
satire:0.79975
weird:0.7635
ensemble cast:0.75025
satirical:0.7145
kidnapping:0.71325
visually appealing:0.686
dialogue:0.68325
pointless:0.6665
talky:0.625
storytelling:0.5865
whimsical:0.5555
colourful:0.548
off-beat comedy:0.54625
cult classic:0.54325
stylized:0.5365
complex:0.5345
good soundtrack:0.52825
writers:0.52775
absurd:0.5255
catastrophe:0.5135
allegory:0.4985
clever:0.492
1930s:0.492
movie business:0.48825
pornography:0.485
great:0.4775
entirely dialogue:0.4765
criterion:0.4685
affectionate:0.46525
quirky:0.46475
twists & turns:0.46225
brutality:0.455
unusual plot structure:0.454
enigmatic:0.4485
gangsters:0.44825
drama:0.44475
cult film:0.44425
comedy:0.43875
greed:0.43475
nudity (full frontal - notable):0.42925
black comedy:0.42675
ironic:0.4195
existentialism:0.41775
visually stunning:0.413
stylish:0.4125
great ending:0.40475
fun movie:0.403
los angeles:0.4005
cerebral:0.399
story:0.3945
entertaining:0.3925
1920s:0.38975
obsession:0.3845
quotable:0.38225
melancholic:0.37925
brothers:0.3785
dark humor:0.37675
interesting:0.37625
oscar:0.37125
vengeance:0.36875
mentor:0.36375
witty:0.354
grindhouse:0.35075
visual:0.35075
1950s:0.35
sexualized violence:0.34675
gunfight:0.346
light:0.34325
paranoia:0.33925
adaptation:0.339
violent:0.337
social commentary:0.33375
violence:0.3335
suprisingly clever:0.33325
surreal:0.32925
paranoid:0.3285
parody:0.32725
art house:0.32525
film noir:0.32425
hotel:0.3225
runaway:0.32
crime gone awry:0.316
very funny:0.31525
farce:0.314
confusing:0.31325
period piece:0.313
dark comedy:0.313
alter ego:0.3105
jesus:0.3095
loneliness:0.309
underrated:0.30775
unfunny:0.3075
art:0.306
very interesting:0.3045
narrated:0.30375
