writer's life:0.99525
biographical:0.97575
homosexuality:0.972
male nudity:0.9525
writers:0.9375
biography:0.93375
biopic:0.93325
spanish:0.93125
melancholic:0.916
artistic:0.88
gay:0.87425
artist:0.8605
queer:0.83725
aids:0.817
cinematography:0.817
reflective:0.79925
adapted from:book:0.79525
latin america:0.7925
original:0.78975
loneliness:0.789
creativity:0.77775
cuba:0.7725
visually stunning:0.7665
visually appealing:0.76275
narrated:0.7585
storytelling:0.75825
beautifully filmed:0.74175
homophobia:0.74075
literature:0.73875
interesting:0.738
mentor:0.7205
censorship:0.7095
meditative:0.70475
social commentary:0.6995
art:0.69875
compassionate:0.69275
visual:0.692
very interesting:0.668
poignant:0.662
breathtaking:0.65625
good soundtrack:0.65175
complex:0.64975
great acting:0.6475
harsh:0.64625
enigmatic:0.6425
criterion:0.6355
lyrical:0.63225
poetry:0.62875
revolution:0.6265
solitude:0.61925
childhood:0.61675
brutality:0.615
story:0.6025
adaptation:0.59825
dramatic:0.59025
writing:0.587
life:0.58625
life & death:0.585
sexuality:0.58125
cerebral:0.5775
oscar (best actress):0.577
prison escape:0.57475
oscar (best actor):0.57375
melancholy:0.56925
good:0.5615
runaway:0.55475
stunning:0.5475
tragedy:0.546
gay character:0.54475
oscar (best directing):0.54225
glbt:0.541
imdb top 250:0.5405
independent film:0.5375
culture clash:0.526
dialogue:0.5245
drinking:0.51875
intellectual:0.51225
based on a book:0.508
allegory:0.50475
philosophy:0.5005
golden palm:0.4995
oscar:0.49925
oscar (best supporting actress):0.49875
bleak:0.498
transformation:0.49725
pornography:0.4905
talky:0.48975
corruption:0.4865
suprisingly clever:0.48325
redemption:0.4765
foreign:0.476
great ending:0.47375
atmospheric:0.471
existentialism:0.47
stylized:0.464
coming of age:0.462
freedom:0.4605
weird:0.459
prison:0.45625
idealism:0.45475
