lawyers:0.9965
lawyer:0.98825
surprise ending:0.949
courtroom:0.94375
conspiracy:0.93925
twist ending:0.898
court:0.873
twists & turns:0.8715
suspense:0.85
murder mystery:0.8395
corruption:0.83625
thriller:0.819
courtroom drama:0.817
police investigation:0.81375
murder:0.804
san francisco:0.804
secrets:0.79425
suspenseful:0.7865
justice:0.761
good:0.75975
plot twist:0.75525
predictable:0.75175
military:0.72425
twist:0.722
bad ending:0.707
plot holes:0.69525
death penalty:0.65725
better than expected:0.65125
great ending:0.64075
betrayal:0.63575
original:0.63275
investigation:0.6235
pg-13:0.61625
catastrophe:0.61225
fighting the system:0.60475
plot:0.59875
latin america:0.595
crime:0.5775
chase:0.5725
mystery:0.55575
mentor:0.5205
so bad it's funny:0.4995
surveillance:0.49625
drama:0.49325
great acting:0.4925
runaway:0.4835
greed:0.48325
girlie movie:0.46775
conspiracy theory:0.4665
kidnapping:0.463
manipulation:0.46075
sexy:0.46025
natural disaster:0.4585
interesting:0.452
good acting:0.44875
detective:0.44675
first contact:0.43475
very interesting:0.4325
story:0.4295
police corruption:0.42575
revenge:0.412
romantic comedy:0.4065
not funny:0.40225
entertaining:0.40075
action:0.3975
torture:0.39575
paranoia:0.38675
life philosophy:0.38375
happy ending:0.37325
identity:0.37275
dramatic:0.3725
blindness:0.372
horrible:0.372
divorce:0.37175
redemption:0.371
chick flick:0.36625
big budget:0.36425
guilt:0.35175
bad plot:0.3515
mistaken identity:0.349
great:0.342
nudity (full frontal - brief):0.34075
adaptation:0.33825
internet:0.338
fbi:0.3365
dialogue:0.336
stupid:0.33475
stereotypes:0.32625
destiny:0.32125
serial killer:0.32025
intense:0.3115
excellent:0.30975
clever:0.30875
fast paced:0.30525
unfunny:0.30325
moral ambiguity:0.3005
very good:0.2895
tom clancy:0.28925
vengeance:0.2875
exceptional acting:0.28425
