mafia:0.91425
comedy:0.87775
parody:0.8205
gangsters:0.80825
new jersey:0.773
original:0.761
silly fun:0.7115
humorous:0.694
predictable:0.68625
so bad it's funny:0.64675
spoof:0.63675
stereotypes:0.61125
fun movie:0.5875
silly:0.55875
astronauts:0.554
funny:0.5485
police investigation:0.54675
mob:0.544
mentor:0.514
family:0.51025
lame:0.50875
humor:0.5065
pornography:0.50525
pointless:0.4975
story:0.49525
unfunny:0.49
bad plot:0.4885
fun:0.4805
catastrophe:0.469
workplace:0.465
bad:0.46225
slapstick:0.4425
life philosophy:0.43925
entertaining:0.43625
great ending:0.4255
gangster:0.423
action:0.4225
great:0.4205
dialogue:0.41925
destiny:0.4135
horrible:0.404
good:0.403
bad script:0.40175
first contact:0.3935
goofy:0.393
death:0.391
light:0.39
storytelling:0.389
no plot:0.38875
franchise:0.387
fantasy world:0.3865
very funny:0.386
clever:0.3825
violence:0.37825
crude humor:0.378
murder:0.37025
fight scenes:0.36625
nudity (full frontal - brief):0.3655
better than expected:0.3595
stupid:0.358
redemption:0.35125
plot holes:0.34925
adaptation:0.34425
natural disaster:0.343
absurd:0.34125
pg-13:0.33625
nudity (topless - notable):0.33525
multiple storylines:0.33125
overrated:0.3265
shallow:0.324
alternate reality:0.3215
melancholic:0.319
narrated:0.3185
special effects:0.3185
brutality:0.31675
vengeance:0.3145
stupid as hell:0.30875
chase:0.30775
complex:0.306
writers:0.30575
off-beat comedy:0.30325
big budget:0.30275
boring:0.3005
fashion:0.29825
devil:0.298
bad cgi:0.298
runaway:0.298
revenge:0.29675
lone hero:0.29
jewish:0.28875
bad acting:0.28725
quirky:0.286
carrie-anne moss:0.28575
corruption:0.28275
awful:0.2815
unusual plot structure:0.28075
great movie:0.2795
justice:0.2765
feel-good:0.27125
stylized:0.27075
