gay:0.9905
gay character:0.97925
glbt:0.9505
homosexuality:0.9445
loneliness:0.8375
original:0.82
homeless:0.77975
queer:0.75925
dark:0.7375
redemption:0.732
stylish:0.66925
enigmatic:0.66375
non-linear:0.6595
surreal:0.6515
obsession:0.63925
weird:0.638
dialogue:0.63625
sexualized violence:0.63475
based on a play:0.6305
independent film:0.62575
nocturnal:0.62375
cathartic:0.62175
brutality:0.61
neo-noir:0.60325
talky:0.6025
violence:0.602
complex:0.595
bleak:0.58875
storytelling:0.56875
good soundtrack:0.56725
relationships:0.554
tragedy:0.54425
disturbing:0.539
pornography:0.539
great ending:0.531
guilt:0.52425
macabre:0.51725
hallucinatory:0.516
melancholic:0.5155
revenge:0.51475
interesting:0.496
entirely dialogue:0.49125
heartbreaking:0.49
character study:0.485
downbeat:0.4825
social commentary:0.48025
homophobia:0.478
intimate:0.46725
nonlinear:0.46475
identity:0.4625
great:0.45825
story:0.4515
mentor:0.44675
confusing:0.44525
golden palm:0.44225
stylized:0.4295
murder:0.429
cinematography:0.4255
art house:0.42125
violent:0.42125
life & death:0.4175
vengeance:0.416
catastrophe:0.4035
very interesting:0.40325
quirky:0.39875
twists & turns:0.39875
thought-provoking:0.39025
drama:0.38575
underrated:0.3835
existentialism:0.378
pretentious:0.37725
male nudity:0.37575
allegory:0.374
visually appealing:0.3715
criterion:0.37025
sexy:0.3675
secrets:0.364
crime gone awry:0.364
writers:0.35725
fantasy:0.35425
gritty:0.3515
nudity (full frontal - notable):0.3505
creativity:0.34225
atmospheric:0.34225
dark hero:0.3365
psychological:0.336
not funny:0.3325
suprisingly clever:0.328
depression:0.32725
art:0.32325
bloody:0.31925
twist:0.31875
runaway:0.31525
clever:0.3125
dreams:0.3105
bizarre:0.31025
gangsters:0.3085
cerebral:0.304
ensemble cast:0.3035
corruption:0.30075
