teen:0.97175
race issues:0.93375
stereotypes:0.93325
teen movie:0.9255
adolescence:0.89425
original:0.88125
high school:0.875
independent film:0.8575
moral ambiguity:0.854
suburbia:0.8415
pornography:0.83975
teens:0.83775
good soundtrack:0.82475
violence:0.82075
crime:0.80775
drugs:0.802
gangs:0.79825
interesting:0.77475
social commentary:0.77375
quirky:0.7545
teenagers:0.744
dialogue:0.73775
bleak:0.73075
storytelling:0.719
bullying:0.71825
brutality:0.7155
indie:0.7125
teenager:0.71125
coming of age:0.701
gangsters:0.68175
harsh:0.67875
crime gone awry:0.67225
very interesting:0.66575
friendship:0.658
realistic:0.65775
pg-13:0.65625
good acting:0.65175
violent:0.65075
complex:0.65025
runaway:0.647
shallow:0.64525
great acting:0.64175
disturbing:0.63825
forceful:0.637
honest:0.635
depression:0.6215
drinking:0.6195
california:0.6165
drama:0.61375
good:0.611
stylish:0.60875
nerds:0.60425
morality:0.601
narrated:0.59675
stylized:0.59325
talky:0.58925
tense:0.58725
intense:0.582
paranoid:0.576
great ending:0.5755
culture clash:0.57425
coming-of-age:0.57375
unlikely friendships:0.5655
mentor:0.5625
school:0.5535
oscar (best directing):0.545
story:0.5445
writers:0.54175
loneliness:0.53725
weird:0.53575
corruption:0.52625
sad but good:0.52525
gangster:0.521
awesome soundtrack:0.51825
downbeat:0.5165
revenge:0.513
bad ending:0.50625
powerful ending:0.506
greed:0.4965
exceptional acting:0.49225
ensemble cast:0.49
multiple storylines:0.488
suspense:0.48625
cheerleading:0.47975
very good:0.4785
twists & turns:0.47775
entirely dialogue:0.47725
redemption:0.4735
adapted from:book:0.47075
dramatic:0.469
virginity:0.46775
clever:0.4675
cinematography:0.46275
movielens top pick:0.46275
cool:0.46225
dark comedy:0.45875
great:0.4575
prejudice:0.45575
visceral:0.451
visually appealing:0.45075
