sexy:0.76275
pornography:0.74025
original:0.71125
stylish:0.6815
psychology:0.6745
thriller:0.658
sexual:0.62975
corruption:0.5995
life philosophy:0.587
manipulation:0.579
mentor:0.5745
psychological:0.5565
great ending:0.554
violence:0.52425
pulp:0.5045
runaway:0.504
suspenseful:0.50275
serial killer:0.4965
brutality:0.48525
twists & turns:0.4415
enigmatic:0.4345
devil:0.42275
vengeance:0.42025
neo-noir:0.418
catastrophe:0.41625
fun movie:0.4145
life:0.41325
storytelling:0.41225
obsession:0.40625
intense:0.39725
interesting:0.38825
cult classic:0.3875
crime gone awry:0.38425
boston:0.38275
good:0.38175
very interesting:0.371
greed:0.367
nudity (full frontal - brief):0.36025
80s:0.36
revenge:0.35675
not funny:0.355
story:0.347
nudity (full frontal - notable):0.34225
weird:0.33375
murder:0.33375
suspense:0.32775
clever:0.326
erotic:0.32325
police investigation:0.321
predictable:0.31875
violent:0.31725
shallow:0.31125
pg-13:0.30625
sex:0.3055
dialogue:0.3045
bad acting:0.30225
unlikely friendships:0.2915
destiny:0.29025
male nudity:0.29
justice:0.28825
cool:0.284
melancholic:0.28
teen:0.27325
drinking:0.2725
adaptation:0.27
guilt:0.26925
bullying:0.2685
teen movie:0.26825
good soundtrack:0.26725
great:0.2635
gangsters:0.2635
courage:0.26175
entertaining:0.2605
so bad it's funny:0.26025
excellent:0.258
drugs:0.2555
harsh:0.255
oscar (best directing):0.25225
stylized:0.25
nudity (topless - notable):0.24975
friendship:0.24875
first contact:0.2485
betrayal:0.24725
lone hero:0.245
death:0.24475
twist:0.244
imdb top 250:0.2435
stereotypes:0.24325
fantasy world:0.2425
unfunny:0.24225
torture:0.24175
action:0.23825
los angeles:0.236
weapons:0.235
oscar winner:0.2335
teens:0.22975
cult film:0.2295
redemption:0.2285
entirely dialogue:0.228
nudity:0.228
