original:0.71725
so bad it's funny:0.70925
comedy:0.69925
funny:0.692
quirky:0.64275
farce:0.59775
spying:0.582
saturday night live:0.5375
mentor:0.51725
life & death:0.5035
very funny:0.50175
assassin:0.493
surreal:0.472
dumb but funny:0.46775
hilarious:0.4415
slapstick:0.43275
storytelling:0.43
bad plot:0.403
boring:0.382
splatter:0.37775
catastrophe:0.374
no plot:0.36925
humorous:0.36725
silly:0.36675
predictable:0.36625
silly fun:0.36475
off-beat comedy:0.3625
satirical:0.35175
spies:0.34925
first contact:0.33825
absurd:0.33175
great ending:0.3265
weird:0.32575
fantasy world:0.32325
unfunny:0.3215
nudity (full frontal - brief):0.31825
goofy:0.318
clever:0.317
cold war:0.3125
death:0.3065
overrated:0.30025
surrealism:0.29425
cult film:0.29175
brutality:0.28975
life philosophy:0.281
franchise:0.2775
memory:0.27675
dysfunctional family:0.26725
dialogue:0.26175
espionage:0.2585
adaptation:0.25125
assassins:0.249
writers:0.2465
light:0.24625
pointless:0.24575
crude humor:0.242
lone hero:0.242
betrayal:0.239
pornography:0.23775
entirely dialogue:0.23675
sci fi:0.23625
melancholic:0.2355
stupid as hell:0.23425
chase:0.23125
pigs:0.23075
twists & turns:0.22875
cia:0.22575
secrets:0.2245
complex:0.2205
parody:0.21275
cult classic:0.2125
made for tv:0.20975
stupidity:0.209
hitman:0.2085
good dialogue:0.20325
gangsters:0.20075
romance:0.20025
independent film:0.19975
redemption:0.19975
dreamlike:0.1995
family:0.19925
pulp:0.19925
grindhouse:0.19825
satire:0.19775
destiny:0.1965
fight scenes:0.19625
great:0.19375
not funny:0.1935
highly quotable:0.19275
assassination:0.19225
adventure:0.19175
multiple storylines:0.191
sarcasm:0.19
sex comedy:0.1875
justice:0.187
solitude:0.186
suprisingly clever:0.1855
shallow:0.18075
unusual plot structure:0.18025
childhood:0.18025
