adapted from:book:0.96925
adventure:0.93425
submarine:0.908
based on a book:0.874
special effects:0.86375
classic:0.8095
adaptation:0.7935
disney:0.7745
based on book:0.77225
original:0.76025
futuristic:0.75625
literature:0.71525
book:0.71225
greed:0.70375
science fiction:0.696
great movie:0.68725
story:0.67125
island:0.67
technology:0.669
great:0.6585
sci fi:0.64875
good:0.62525
utopia:0.608
fun movie:0.60325
moral ambiguity:0.5865
entertaining:0.57
scifi:0.57
beautiful scenery:0.5475
runaway:0.5475
mad scientist:0.54675
books:0.542
dialogue:0.5385
gunfight:0.525
childhood:0.5215
chase:0.513
breathtaking:0.49425
earnest:0.49425
oscar winner:0.49325
goofy:0.49025
underwater:0.48625
great ending:0.48525
exciting:0.482
weapons:0.47525
oscar (best directing):0.4735
enigmatic:0.4695
mentor:0.468
monster:0.46575
transformation:0.46
science:0.45825
dramatic:0.458
sacrifice:0.45475
catastrophe:0.4545
children:0.45125
mars:0.45
fun:0.4465
family:0.44625
big budget:0.43625
original plot:0.43525
fantasy:0.43175
visual:0.4215
period piece:0.4205
book was better:0.4205
courage:0.41475
good acting:0.41475
visually appealing:0.41
sci-fi:0.40975
culture clash:0.40575
19th century:0.4055
mythology:0.401
1950s:0.4
complex:0.3975
snakes:0.396
anti-hero:0.39175
action:0.39175
unusual plot structure:0.391
good versus evil:0.386
light:0.38425
not funny:0.38075
effects:0.3775
good action:0.3775
colourful:0.37725
storytelling:0.37425
great acting:0.37425
jungle:0.374
fantasy world:0.36925
fairy tale:0.369
lone hero:0.36825
imagination:0.36775
disney animated feature:0.36725
allegory:0.3625
distopia:0.36175
scenic:0.356
epic:0.35525
kids and family:0.35475
boat:0.35325
suprisingly clever:0.351
vengeance:0.34925
treasure:0.3485
justice:0.3475
talky:0.3415
