mummy:0.99775
egypt:0.95025
fun movie:0.7155
goofy:0.70075
monster:0.69825
original:0.69525
good:0.65175
justice:0.59625
cult:0.57525
mentor:0.5605
cult film:0.5515
silly fun:0.52625
monsters:0.5225
franchise:0.51725
dialogue:0.486
great ending:0.48025
happy ending:0.47975
fun:0.47475
series:0.46225
silly:0.4525
vengeance:0.4515
catastrophe:0.4355
original plot:0.4235
mad scientist:0.423
cool:0.41375
highly quotable:0.4115
good soundtrack:0.41125
alter ego:0.409
murder mystery:0.4025
creativity:0.398
so bad it's funny:0.38625
grindhouse:0.38325
adventure:0.37825
fight scenes:0.37025
murder:0.37
idiotic:0.36175
melancholic:0.36075
criterion:0.35925
great:0.35825
redemption:0.35375
predictable:0.34925
harsh:0.34175
camp:0.34125
adaptation:0.3385
culture clash:0.333
gunfight:0.331
lone hero:0.3305
talky:0.32275
nudity (full frontal - brief):0.32125
pornography:0.32075
stereotypes:0.31775
destiny:0.31725
demons:0.31675
cult classic:0.31525
not funny:0.313
doctors:0.3125
storytelling:0.31175
romantic:0.31
multiple storylines:0.30675
unusual plot structure:0.303
slapstick:0.30025
quirky:0.2985
quotable:0.29775
runaway:0.2975
awesome soundtrack:0.2965
brutality:0.294
treasure:0.293
police investigation:0.29075
transformation:0.2885
chase:0.28575
first contact:0.2855
special effects:0.2855
nocturnal:0.28275
bad plot:0.28125
dark hero:0.28
science fiction:0.2785
visually appealing:0.277
fantasy world:0.27675
immortality:0.27675
male nudity:0.27425
tokyo:0.27375
sci fi:0.27325
good action:0.27275
entirely dialogue:0.27
family:0.26775
gangsters:0.265
entertaining:0.264
allegory:0.262
story:0.26025
crime gone awry:0.25975
splatter:0.25925
very good:0.256
great acting:0.25525
feel-good:0.2545
weapons:0.2535
crime:0.25175
great movie:0.25075
imdb top 250:0.25025
weird:0.25
life philosophy:0.2495
