zombies:0.98325
splatter:0.97975
social commentary:0.95425
horror:0.9515
gore:0.9285
original:0.9265
zombie:0.91225
low budget:0.901
apocalypse:0.9
geeks:0.89275
suspense:0.8625
cult classic:0.83475
high school:0.82225
gory:0.80925
survival:0.76525
teen:0.7565
independent film:0.7525
weird:0.73775
violence:0.735
goth:0.73425
special effects:0.723
creepy:0.695
sci-fi:0.689
dark humor:0.68375
intense:0.67825
teen movie:0.6775
queer:0.672
blood:0.6605
entertaining:0.64975
grindhouse:0.6445
small town:0.63975
monster:0.6095
sexualized violence:0.60375
geek:0.60225
parody:0.602
dialogue:0.60075
scary:0.59
effects:0.58475
weapons:0.58175
foul language:0.578
story:0.57225
teens:0.5675
cult film:0.55975
hospital:0.5585
biting:0.5585
death:0.555
tense:0.54475
rock and roll:0.533
virus:0.527
sci fi:0.5265
stereotypes:0.5225
violent:0.5215
ensemble cast:0.51675
goofy:0.51475
nerds:0.5105
stylized:0.50575
great ending:0.49725
bloody:0.49275
visceral:0.4905
cool:0.48825
comedy:0.485
supernatural:0.4835
school:0.4795
storytelling:0.4775
nocturnal:0.475
transformation:0.46475
excellent script:0.46375
indie:0.46325
allegory:0.462
cult:0.461
life & death:0.45975
fun:0.459
good soundtrack:0.437
stoner movie:0.43675
atmospheric:0.431
post apocalyptic:0.42075
awesome soundtrack:0.4205
science fiction:0.41975
scifi:0.4135
fun movie:0.40425
predictable:0.40225
cinematography:0.40125
catastrophe:0.39875
funny as hell:0.3965
imdb top 250:0.39425
bullying:0.394
crude humor:0.3905
enormously long battle scene:0.39
post-apocalyptic:0.38975
camp:0.38875
action:0.38175
frightening:0.38175
disturbing:0.3805
creativity:0.378
insanity:0.37625
teacher:0.37525
directorial debut:0.3705
oscar (best effects - visual effects):0.3695
great:0.36775
gruesome:0.365
