romantic comedy:0.99575
romantic:0.98475
chick flick:0.96025
good romantic comedies:0.92375
girlie movie:0.91825
sweet:0.91775
dog:0.8935
love story:0.86875
romance:0.8395
relationships:0.7955
women:0.792
cute!:0.7745
cute:0.747
animals:0.7465
dogs:0.732
happy ending:0.72575
mistaken identity:0.721
original:0.70175
fun movie:0.676
sexy:0.661
radio:0.65975
feel-good:0.65425
witty:0.64125
sappy:0.61825
good:0.61675
light:0.60775
feel good movie:0.6055
fun:0.59975
dialogue:0.599
destiny:0.58725
comedy:0.562
obsession:0.55725
chase:0.5465
silly:0.54075
catastrophe:0.5245
clever:0.51975
stereotypes:0.519
manipulation:0.489
beautiful scenery:0.4885
predictable:0.48075
absurd:0.4725
fashion:0.46675
love:0.458
mentor:0.4515
identity:0.4455
adaptation:0.443
interesting:0.43775
pornography:0.4375
great ending:0.4325
entertaining:0.4275
funny:0.4225
unlikely friendships:0.41275
beautiful:0.40225
family:0.39975
shallow:0.3985
thought-provoking:0.389
runaway:0.38725
police investigation:0.37925
oscar (best supporting actress):0.3765
british:0.3705
not funny:0.3705
culture clash:0.36225
teen movie:0.3605
great:0.36025
pg-13:0.35775
entirely dialogue:0.35575
enigmatic:0.353
internet:0.34625
suspense:0.34325
friendship:0.34
very interesting:0.34
passionate:0.3365
touching:0.33625
shopping:0.336
very funny:0.336
love triangles:0.3355
erotic:0.33425
oscar (best actress):0.33425
good soundtrack:0.332
storytelling:0.33075
secrets:0.32925
life philosophy:0.32625
quirky:0.326
divorce:0.32275
story:0.31775
gay character:0.31575
melancholic:0.31575
nudity (full frontal - brief):0.315
excellent script:0.31225
lone hero:0.30525
interracial romance:0.304
first contact:0.30225
ridiculous:0.3
justice:0.296
teen:0.28625
plot:0.28575
overrated:0.2755
unfunny:0.2725
intellectual:0.2705
guilty pleasure:0.266
