end of the world:0.9955
sci-fi:0.92825
nuclear war:0.91
apocalypse:0.903
natural disaster:0.8975
suspenseful:0.86325
weird:0.819
original:0.80025
antarctica:0.7995
suspense:0.7515
great ending:0.7445
first contact:0.73825
tense:0.735
existentialism:0.7335
catastrophe:0.71125
visually appealing:0.70625
weapons:0.7055
sci fi:0.6995
low budget:0.697
cerebral:0.6945
powerful ending:0.6905
science fiction:0.68925
cult classic:0.678
scifi:0.66375
bad ending:0.64575
dreams:0.6455
surreal:0.641
downbeat:0.64025
life philosophy:0.6385
post-apocalyptic:0.6345
alternate endings:0.62625
post apocalyptic:0.623
paranoid:0.619
absurd:0.611
stupidity:0.609
thriller:0.608
enigmatic:0.599
survival:0.59625
unusual plot structure:0.58525
social commentary:0.5785
ominous:0.56275
very interesting:0.56
romance:0.5595
psychological:0.55775
quirky:0.55775
underrated:0.5575
disaster:0.55375
mindfuck:0.55275
love story:0.5495
dialogue:0.5465
dystopia:0.544
loneliness:0.52525
paranoia:0.5245
allegory:0.52
thought-provoking:0.51975
los angeles:0.51925
good soundtrack:0.51775
off-beat comedy:0.51375
pornography:0.511
interesting:0.51
cult film:0.5085
grindhouse:0.5045
dark:0.5045
cinematography:0.5
twists & turns:0.49925
grim:0.4985
humanity:0.4975
mars:0.481
brutality:0.47925
plot holes:0.47825
nocturnal:0.4745
light:0.4745
talky:0.47325
storytelling:0.4715
nuclear:0.4645
good acting:0.4575
insanity:0.4565
serial killer:0.454
visually stunning:0.4525
obsession:0.4525
imagination:0.45225
silly:0.45175
greed:0.4515
entirely dialogue:0.448
maze:0.4455
strange:0.44525
philip k. dick:0.442
sexualized violence:0.43975
dreamlike:0.43925
twist:0.4365
special effects:0.43275
technology:0.42575
complex:0.42525
claustrophobic:0.42425
clever:0.42275
so bad it's funny:0.4185
criterion:0.4175
story:0.41575
dystopic future:0.41175
suprisingly clever:0.411
