brutality:0.9475
violence:0.898
weird:0.8715
splatter:0.84425
bloody:0.81075
violent:0.80175
visceral:0.767
gangsters:0.754
surreal:0.74575
brutal:0.70775
original:0.6985
hit men:0.69425
insanity:0.6905
art house:0.64525
enigmatic:0.6315
stylized:0.62325
tokyo:0.6135
gratuitous violence:0.60425
stylish:0.593
strippers:0.59
disturbing:0.5685
japan:0.5665
gangster:0.5585
absurd:0.544
good soundtrack:0.54325
pointless:0.5295
bizarre:0.51925
melancholic:0.511
nudity (full frontal - notable):0.49575
grindhouse:0.49525
vengeance:0.49225
cult classic:0.48975
obsession:0.48225
great ending:0.45975
sexualized violence:0.4575
pornography:0.43
queer:0.42975
japanese:0.42925
storytelling:0.413
twist ending:0.41225
unusual plot structure:0.3955
gore:0.394
catastrophe:0.37925
mentor:0.3715
cult film:0.37025
police corruption:0.36675
criterion:0.365
visual:0.35925
gory:0.35425
strange:0.35275
allegory:0.3485
art:0.3465
erotic:0.343
quirky:0.3405
so bad it's funny:0.339
overrated:0.3375
crime:0.3345
sex:0.33275
fast paced:0.329
entirely dialogue:0.328
suprisingly clever:0.327
weapons:0.32675
not funny:0.325
mafia:0.32375
life philosophy:0.3205
male nudity:0.3195
intimate:0.317
pulp:0.31
crime gone awry:0.30425
dialogue:0.3035
sexual:0.2975
censorship:0.2935
controversial:0.28975
masterpiece:0.2735
adaptation:0.268
dreamlike:0.2655
crazy:0.26425
gunfight:0.2605
guilt:0.2595
golden palm:0.25625
satirical:0.2535
mob:0.25275
creativity:0.2505
twists & turns:0.24625
nudity (full frontal - brief):0.24575
gritty:0.2455
hallucinatory:0.24375
macabre:0.23875
runaway:0.23875
loneliness:0.2375
action:0.23675
drugs:0.23625
nudity (topless - notable):0.23025
anti-hero:0.22875
surrealism:0.2275
cinematography:0.22675
culture clash:0.2235
vampire human love:0.22175
breathtaking:0.2205
hospital:0.2185
