politics:0.98425
social commentary:0.9815
germany:0.9775
islam:0.952
fascism:0.936
satire:0.9165
propaganda:0.89475
political:0.88475
idealism:0.84375
german:0.82725
original:0.8065
brainwashing:0.79575
satirical:0.79175
dramatic:0.7565
internet:0.73525
humorous:0.69725
nazi:0.693
culture clash:0.68925
comedy:0.67625
talky:0.6755
nazis:0.6635
destiny:0.651
interesting:0.646
poland:0.642
so bad it's funny:0.63175
adapted from:book:0.63125
distopia:0.63025
revolution:0.61725
allegory:0.60325
technology:0.59675
based on book:0.596
great ending:0.5955
race issues:0.5945
fun movie:0.59125
justice:0.584
thought-provoking:0.58325
funny:0.58125
jews:0.57825
dialogue:0.5635
science fiction:0.53375
absurd:0.528
cerebral:0.51375
narrated:0.51125
time travel:0.50725
highly quotable:0.50625
criterion:0.50375
intense:0.49975
story:0.49675
surveillance:0.49025
earnest:0.48725
conspiracy:0.47875
good:0.47775
off-beat comedy:0.47475
radio:0.47075
oscar:0.47
animals:0.468
great:0.46725
first contact:0.467
adaptation:0.46675
berlin:0.46425
nudity (topless - brief):0.4625
doctors:0.46175
television:0.4595
passionate:0.45825
redemption:0.45725
catastrophe:0.4505
movielens top pick:0.44675
imdb top 250:0.4435
stylized:0.4365
book was better:0.436
twist ending:0.43575
very funny:0.4345
based on a book:0.4345
great soundtrack:0.43275
foreign:0.429
alternate reality:0.42525
independent film:0.42425
war:0.42325
weird:0.4215
cheating:0.42125
family drama:0.41975
stoner movie:0.41825
hip hop:0.41825
morality:0.41725
finnish:0.41375
secrets:0.4135
weapons:0.41075
original plot:0.41025
nudity (full frontal - notable):0.405
clever:0.40075
life & death:0.3995
light:0.3975
greed:0.396
whimsical:0.3955
cult film:0.39075
unfunny:0.3865
fight scenes:0.385
visually appealing:0.37975
complex:0.3795
transformation:0.378
