adapted from:book:0.97475
based on a book:0.97175
computer animation:0.96525
animation:0.899
dr. seuss:0.89775
greed:0.83325
based on book:0.82875
story:0.8065
original:0.79675
environmental:0.77225
books:0.72
visually appealing:0.71575
adaptation:0.70325
animals:0.686
storytelling:0.6625
family:0.65525
whimsical:0.648
environment:0.6315
fantasy world:0.6175
children:0.60875
cute:0.5635
fish:0.56225
cartoon:0.553
childhood:0.54075
good soundtrack:0.539
kids:0.5295
colourful:0.5145
creativity:0.51125
book was better:0.49625
entertaining:0.494
animated:0.4845
redemption:0.48375
so bad it's funny:0.48275
3d:0.48125
happy ending:0.4805
ecology:0.476
dialogue:0.47475
great:0.469
book:0.4655
good:0.46375
predictable:0.46125
crude humor:0.4565
great ending:0.43925
plot:0.43125
destiny:0.4285
catastrophe:0.426
silly:0.41625
brainwashing:0.41575
talking animals:0.41475
mentor:0.40825
visuals:0.408
capitalism:0.39725
adventure:0.38925
fun:0.384
original plot:0.384
harsh:0.3815
technology:0.37825
visually stunning:0.3775
narrated:0.37625
fairy tale:0.3735
transformation:0.37325
cute!:0.36625
business:0.36125
corruption:0.3575
culture clash:0.349
not funny:0.3425
brutality:0.34225
weird:0.336
clever:0.336
pg-13:0.33325
big budget:0.33225
musical:0.33125
vengeance:0.323
disney:0.3225
overrated:0.32225
beautiful scenery:0.32225
heartwarming:0.32225
runaway:0.32125
very funny:0.3165
unlikely friendships:0.3085
distopia:0.30675
kids and family:0.29725
imdb top 250:0.2955
global warming:0.29375
world politics:0.29225
fight scenes:0.284
light:0.28375
too short:0.2815
allegory:0.281
imagination:0.279
cgi:0.278
life philosophy:0.27775
unfunny:0.27225
justice:0.2715
fun movie:0.271
suprisingly clever:0.27075
visual:0.26875
natural disaster:0.2685
action:0.26825
plot holes:0.26825
