criterion:0.9925
prison escape:0.98925
world war i:0.9565
war:0.954
downbeat:0.95125
best war films:0.93475
poignant:0.92875
imdb top 250:0.9195
masterpiece:0.914
talky:0.9085
black and white:0.90275
wartime:0.90225
anti-war:0.89475
meditative:0.882
war movie:0.85325
culture clash:0.84875
melancholy:0.833
classic:0.83025
oscar (best directing):0.80375
bleak:0.7925
golden palm:0.7895
german:0.78875
wwii:0.77
oscar (best actress):0.7455
france:0.73825
camp:0.7305
reflective:0.7265
great:0.718
world war ii:0.71575
oscar (best foreign language film):0.7135
great acting:0.70925
french:0.70575
social commentary:0.69925
compassionate:0.69625
prison:0.696
intimate:0.68825
cinematography:0.67825
friendship:0.6735
idealism:0.671
runaway:0.671
grim:0.6705
atmospheric:0.66175
dramatic:0.65175
foreign:0.64875
fascism:0.6395
breathtaking:0.635
character study:0.63375
rebellion:0.63075
enigmatic:0.62425
forceful:0.6235
lyrical:0.62325
original:0.60875
movielens top pick:0.601
sacrifice:0.58475
loneliness:0.583
oscar (best supporting actress):0.5725
1930s:0.57025
realistic:0.568
political:0.56625
oscar (best cinematography):0.55275
unlikely friendships:0.55175
affectionate:0.55
drama:0.54925
ironic:0.54775
humanity:0.54525
beautifully filmed:0.54375
betrayal:0.5435
politics:0.541
suprisingly clever:0.53825
ethnic conflict:0.53625
harsh:0.53375
working class:0.5295
beautiful scenery:0.52225
melancholic:0.52025
dialogue:0.51825
germany:0.5055
exceptional acting:0.50525
tragedy:0.49425
honest:0.48025
morality:0.47675
great movie:0.47425
storytelling:0.4735
afi 100 (movie quotes):0.4705
anti-semitism:0.46925
prejudice:0.4625
gunfight:0.46175
historical:0.46175
greed:0.4605
stylized:0.46025
russian:0.448
entirely dialogue:0.44725
photography:0.446
witty:0.445
cynical:0.4445
tense:0.44175
crime gone awry:0.43925
british:0.4315
jews:0.4315
obsession:0.42625
good soundtrack:0.42625
