romantic comedy:0.99975
chick flick:0.99775
romantic:0.996
romance:0.971
girlie movie:0.9675
good romantic comedies:0.961
happy ending:0.93225
cute!:0.92975
love story:0.92075
sweet:0.90025
predictable:0.895
cute:0.862
feel-good:0.85575
feel good movie:0.7735
rags to riches:0.74225
destiny:0.68775
stereotypes:0.6605
original:0.65125
mentor:0.65075
wedding:0.604
so bad it's funny:0.6015
bad plot:0.59375
teen movie:0.57575
catastrophe:0.56775
mistaken identity:0.5635
horrible:0.556
bad acting:0.53775
overrated:0.5365
shopping:0.52075
san francisco:0.482
silly:0.48175
fun movie:0.481
better than expected:0.4775
family:0.476
natural disaster:0.47425
light:0.461
dialogue:0.454
pg-13:0.4495
good:0.44675
unrealistic:0.444
fashion:0.435
sappy:0.42275
women:0.41525
great ending:0.41025
great:0.4095
fantasy world:0.40025
sexy:0.39825
not funny:0.3965
bad:0.3955
first contact:0.38675
cheesy:0.37875
fun:0.377
shallow:0.37475
remake:0.36825
divorce:0.3595
hotel:0.357
fantasy:0.35125
guilty pleasure:0.3505
idiotic:0.33725
comedy:0.328
life philosophy:0.326
unfunny:0.323
switching places:0.31425
awful:0.30625
big budget:0.3
story:0.29875
culture clash:0.2985
boring:0.29725
disaster:0.29525
brutality:0.29225
beautiful scenery:0.28425
entertaining:0.28225
lame:0.278
lone hero:0.27575
dog:0.27325
good soundtrack:0.27125
entirely dialogue:0.27025
police investigation:0.269
storytelling:0.26475
fairy tale:0.2625
fight scenes:0.262
runaway:0.26125
adaptation:0.25875
writers:0.256
very funny:0.256
pointless:0.249
new jersey:0.24675
boring!:0.2365
new york city:0.23325
transformation:0.232
relationships:0.23025
sentimental:0.229
vengeance:0.22725
internet:0.22675
chase:0.21925
plot holes:0.2185
crude humor:0.216
justice:0.214
slapstick:0.2115
script:0.2105
