irish:0.998
irish accent:0.9605
ireland:0.95025
storytelling:0.94225
magic:0.90775
beautifully filmed:0.893
beautiful scenery:0.857
children:0.8455
mythology:0.76675
secrets:0.763
scenic:0.7595
original:0.7455
childhood:0.742
magic realism:0.718
family:0.6885
story:0.6765
island:0.662
heartwarming:0.65375
fairy tale:0.649
solitude:0.64475
loneliness:0.62225
cinematography:0.62125
fantasy world:0.59925
imagination:0.59875
suprisingly clever:0.588
visually appealing:0.5815
harsh:0.55475
dysfunctional family:0.54325
adapted from:book:0.5395
breathtaking:0.536
great ending:0.526
beautiful:0.524
culture clash:0.51925
dialogue:0.5145
parenthood:0.50825
melancholic:0.503
enigmatic:0.494
fairy tales:0.49125
multiple storylines:0.48575
fantasy:0.48425
literature:0.484
weird:0.47775
talky:0.4755
good soundtrack:0.4725
happy ending:0.4715
catastrophe:0.471
humanity:0.46125
stunning:0.45775
criterion:0.45525
visual:0.44
runaway:0.43875
melancholy:0.43325
complex:0.428
drama:0.424
intimate:0.423
adaptation:0.42275
great:0.42075
golden palm:0.4135
visually stunning:0.41
coming-of-age:0.40625
chase:0.40275
adoption:0.396
drinking:0.396
mentor:0.3955
dark fantasy:0.3925
allegory:0.388
imdb top 250:0.37825
life philosophy:0.371
family bonds:0.367
unusual plot structure:0.36525
atmospheric:0.364
slow paced:0.36275
cathartic:0.36025
masterpiece:0.357
cute!:0.35675
redemption:0.3555
movielens top pick:0.3535
boat:0.353
oscar (best foreign language film):0.34875
excellent:0.34425
based on book:0.34375
light:0.3425
photography:0.34125
love:0.33975
family drama:0.33925
great movie:0.33875
sweet:0.3385
feel-good:0.33275
scotland:0.33175
unlikely friendships:0.33025
coming of age:0.32875
good acting:0.3275
reflective:0.3265
oscar (best cinematography):0.3265
entirely dialogue:0.32625
off-beat comedy:0.32475
gunfight:0.3175
based on a book:0.31675
idealism:0.31575
affectionate:0.31425
