off-beat comedy:0.9655
criterion:0.868
caper:0.802
talky:0.75775
humorous:0.7445
original:0.73
greed:0.722
africa:0.70175
satire:0.68825
gangsters:0.66675
witty:0.6385
satirical:0.63725
film noir:0.63675
ensemble cast:0.63525
latin america:0.62925
enigmatic:0.6225
quotable:0.614
quirky:0.58825
dialogue:0.58375
crime gone awry:0.58175
classic:0.56925
devil:0.56525
cult classic:0.5495
absurd:0.5425
spoof:0.53825
black comedy:0.5335
wartime:0.526
weird:0.52425
great:0.49
twists & turns:0.488
noir:0.485
entirely dialogue:0.48125
culture clash:0.47475
farce:0.459
suprisingly clever:0.44625
adaptation:0.44375
clever:0.43925
screwball comedy:0.4335
eccentricity:0.43325
british:0.4325
storytelling:0.42725
deadpan:0.4265
catastrophe:0.424
melancholic:0.42275
adultery:0.42225
cerebral:0.42175
adapted from:book:0.4205
sexy:0.42
runaway:0.41625
downbeat:0.415
cinematography:0.404
good soundtrack:0.401
drinking:0.39175
murder:0.39
social commentary:0.389
great ending:0.376
golden palm:0.376
paranoid:0.374
allegory:0.3735
cynical:0.371
crime:0.36525
truman capote:0.35825
great movie:0.3575
writers:0.35575
stereotypes:0.35475
unusual plot structure:0.34825
affectionate:0.348
imdb top 250:0.347
mentor:0.347
visually appealing:0.341
stylized:0.338
atmospheric:0.33225
life & death:0.33175
coen bros:0.33
oscar (best directing):0.32975
multiple storylines:0.3285
fun movie:0.32825
oscar (best supporting actress):0.3275
forceful:0.3265
screwball:0.32575
great dialogue:0.31825
redemption:0.31
based on a book:0.30525
islam:0.30475
tense:0.304
corruption:0.30375
life philosophy:0.3035
comedy:0.30125
loneliness:0.3
chess:0.29975
beautiful scenery:0.299
grindhouse:0.2985
brutality:0.289
queer:0.28825
first contact:0.28625
new orleans:0.286
gangs:0.284
period piece:0.282
weapons:0.282
dramatic:0.2775
