chase:0.8675
fun movie:0.857
action:0.7615
good action:0.71025
las vegas:0.70225
original:0.69525
road movie:0.63225
goofy:0.6235
silly:0.595
violence:0.57975
silly fun:0.57575
fight scenes:0.56575
predictable:0.552
good:0.55075
bad plot:0.5485
spiders:0.54175
big budget:0.5405
grindhouse:0.53425
corruption:0.532
buddy movie:0.5295
dialogue:0.52825
runaway:0.51975
80s:0.5195
brutality:0.5185
car chase:0.51175
fun:0.50825
nostalgic:0.4935
splatter:0.4905
justice:0.4895
cars:0.477
desert:0.47
great ending:0.46775
cult classic:0.46475
good soundtrack:0.46025
criterion:0.45375
lone hero:0.4515
mentor:0.4495
great:0.445
entertaining:0.43875
catastrophe:0.43125
great movie:0.431
so bad it's funny:0.42925
cool:0.42575
sci fi:0.4025
classic car:0.40225
childhood:0.39625
story:0.386
vengeance:0.37675
vigilante:0.37675
first contact:0.37575
nudity (topless):0.3745
visceral:0.3735
storytelling:0.371
science fiction:0.37
pornography:0.369
destiny:0.36875
pointless:0.361
pulp:0.35575
underrated:0.3535
not funny:0.353
island:0.35075
rebellion:0.347
fast paced:0.34625
natural disaster:0.34575
feel-good:0.3445
fantasy:0.3445
fighting:0.333
motorcycle:0.3325
space:0.33075
1970s:0.3305
feel good movie:0.329
redemption:0.32725
absurd:0.3255
texas:0.32325
cult film:0.32225
special effects:0.32175
light:0.31925
police:0.319
unusual plot structure:0.31875
transformation:0.313
entirely dialogue:0.31125
bad science:0.309
betrayal:0.307
scifi:0.30525
dystopia:0.303
overrated:0.30225
bad acting:0.3005
giant robots:0.29975
sexualized violence:0.2995
stylish:0.298
earnest:0.29275
time:0.29175
android(s)/cyborg(s):0.289
surreal:0.28875
enigmatic:0.28825
franchise:0.285
weapons:0.2835
action packed:0.282
adaptation:0.28025
nudity (topless - notable):0.27925
