comedy:0.968
robert downey jr:0.92375
satire:0.849
funny:0.8355
hollywood:0.78675
hilarious:0.784
original:0.7685
very funny:0.75125
satirical:0.71725
goofy:0.691
parody:0.678
dumb but funny:0.67175
funniest movies:0.624
great:0.62275
sarcasm:0.59225
great ending:0.5755
great movie:0.55225
farce:0.545
fun movie:0.5365
absurd:0.53
saturday night live:0.524
clever:0.52375
humorous:0.50375
foul language:0.47225
story:0.47125
mentor:0.464
paranoia:0.46325
paranoid:0.45825
dialogue:0.4375
witty:0.43625
spoof:0.43275
funny as hell:0.42475
catastrophe:0.42075
exceptional acting:0.42
adaptation:0.416
slapstick:0.415
pornography:0.40925
script:0.40175
predictable:0.39975
creativity:0.39575
pg-13:0.39125
screwball:0.39125
good:0.38075
affectionate:0.38025
fun:0.374
storytelling:0.37075
unfunny:0.37
silly:0.37
off-beat comedy:0.3675
melancholic:0.36575
runaway:0.36025
cerebral:0.349
crude humor:0.3475
buddy movie:0.34625
irreverent:0.34575
action:0.345
chase:0.34325
brutality:0.343
comic:0.339
sci fi:0.33875
weird:0.3365
talky:0.336
writers:0.33425
culture clash:0.33175
silly fun:0.32675
enigmatic:0.326
fantasy world:0.32125
light:0.31675
twists & turns:0.3085
redemption:0.30675
good soundtrack:0.30525
fight scenes:0.30325
parenthood:0.30025
so bad it's funny:0.2975
suprisingly clever:0.29625
entertaining:0.293
corruption:0.2905
criterion:0.2905
greed:0.28775
adapted from:book:0.283
bad plot:0.28175
first contact:0.28075
quotable:0.2785
visually appealing:0.2785
movie business:0.2735
humor:0.27175
sexy:0.2705
overrated:0.26975
great acting:0.26975
surreal:0.269
oscar (best directing):0.2685
police investigation:0.26775
dysfunctional family:0.2675
crazy:0.26625
big budget:0.266
suspense:0.26525
entirely dialogue:0.26375
alter ego:0.26275
los angeles:0.26175
nudity (topless - notable):0.261
