relationships:0.97375
dysfunctional family:0.91175
independent film:0.86975
ensemble cast:0.86425
dialogue:0.80625
secrets:0.75425
betrayal:0.72925
original:0.7255
indie:0.71175
very interesting:0.70625
wistful:0.6965
writers:0.68975
road trip:0.6865
suburbia:0.67975
sisters:0.668
quirky:0.66075
workplace:0.65925
family:0.637
drama:0.63375
witty:0.62375
great:0.618
parenthood:0.609
off-beat comedy:0.59425
dark humor:0.592
good dialogue:0.584
entirely dialogue:0.57475
loneliness:0.55925
humorous:0.5365
hilarious:0.53525
talky:0.5245
culture clash:0.51475
great movie:0.50625
depression:0.50425
deadpan:0.50425
multiple storylines:0.503
crime gone awry:0.50175
social commentary:0.50075
great ending:0.48925
honest:0.48575
gay:0.48425
underrated:0.48175
low budget:0.478
sexuality:0.476
directorial debut:0.4745
good soundtrack:0.4705
suprisingly clever:0.469
infidelity:0.45875
very funny:0.45775
clever:0.45775
adultery:0.457
dramatic:0.456
family drama:0.4505
good acting:0.4485
marriage:0.448
satirical:0.44
catastrophe:0.4395
humor:0.43875
storytelling:0.43375
cheating:0.43325
drinking:0.43225
weird:0.42825
intimate:0.42775
melancholic:0.4275
good:0.4245
criterion:0.42275
excellent:0.421
death:0.42025
exceptional acting:0.41725
love:0.41525
road movie:0.413
based on a play:0.41275
pornography:0.412
very good:0.407
thought-provoking:0.40525
story:0.405
affectionate:0.40375
enigmatic:0.40375
mentor:0.3995
great acting:0.397
redemption:0.39525
ethnic conflict:0.39
comedy:0.386
interesting:0.38525
maze:0.38125
runaway:0.37125
poignant:0.37125
beautiful scenery:0.35625
nudity (topless - notable):0.35475
passionate:0.3525
black comedy:0.3435
life philosophy:0.3415
absurd:0.3395
intellectual:0.339
harsh:0.3385
greed:0.3345
character study:0.33325
race issues:0.32925
melancholy:0.32875
male nudity:0.327
nudity (full frontal - notable):0.3235
