criterion:0.96925
surreal:0.82325
black and white:0.80175
canada:0.80025
original:0.77425
intimate:0.7705
silent:0.76725
talky:0.754
enigmatic:0.747
runaway:0.74425
relationships:0.734
weird:0.715
childhood:0.69375
obsession:0.66875
passionate:0.6675
golden palm:0.65025
narrated:0.64825
melancholic:0.64125
dreams:0.641
loneliness:0.64025
deadpan:0.61125
pornography:0.60375
stylized:0.584
oscar (best actress):0.582
whimsical:0.57875
nocturnal:0.5755
dreamlike:0.5725
breathtaking:0.55875
love:0.55125
affectionate:0.55
eccentricity:0.54825
death:0.547
melancholy:0.54625
artistic:0.543
complex:0.5145
reflective:0.51275
very interesting:0.511
life philosophy:0.50025
distopia:0.4935
witty:0.49125
surrealism:0.491
nostalgic:0.48325
dark humor:0.4755
memory:0.47
cinematography:0.464
cerebral:0.46325
art:0.4535
sexual:0.43975
meditative:0.437
existentialism:0.43225
documentary:0.42875
strange:0.4275
oscar (best foreign language film):0.426
catastrophe:0.42575
poetry:0.408
mentor:0.4045
women:0.39875
satirical:0.397
biting:0.39675
humorous:0.39625
cult classic:0.39225
nudity (full frontal - notable):0.391
visual:0.38025
cult film:0.37975
grindhouse:0.37875
visually appealing:0.37575
tragedy:0.3755
afi 100 (laughs):0.37025
oscar (best supporting actress):0.37
dysfunctional family:0.37
forceful:0.36875
great ending:0.3675
insanity:0.36325
hospital:0.36175
suprisingly clever:0.35925
surveillance:0.35725
atmospheric:0.35375
quirky:0.3515
culture clash:0.34825
parallel universe:0.3455
ethnic conflict:0.34275
downbeat:0.342
unusual plot structure:0.34025
art house:0.331
sexualized violence:0.32875
sexy:0.32625
mockumentary:0.3185
glbt:0.318
brutality:0.31775
oscar (best directing):0.31725
movielens top pick:0.3055
not funny:0.3035
good soundtrack:0.3015
absurd:0.301
tokyo:0.296
capitalism:0.295
harsh:0.2945
light:0.29125
paranoia:0.29075
disturbing:0.2905
