spoof:0.99825
parody:0.99175
comedy:0.9765
east germany:0.90275
silly:0.898
silly fun:0.8975
funny:0.88975
funniest movies:0.879
very funny:0.873
hilarious:0.869
goofy:0.863
humor:0.835
humorous:0.822
fun movie:0.8005
spying:0.794
spy:0.7685
original:0.76025
espionage:0.75175
satire:0.73675
cult classic:0.7335
nazis:0.72825
classic:0.71
absurd:0.708
germany:0.68525
chase:0.67225
spies:0.65625
slapstick:0.6095
great:0.59775
german:0.591
visual:0.58075
dumb but funny:0.57
airplane:0.56525
weird:0.559
clever:0.548
fascism:0.54575
fight scenes:0.5425
satirical:0.5415
world war ii:0.54075
dialogue:0.53475
unusual plot structure:0.53425
affectionate:0.53375
quotable:0.53325
weapons:0.52875
culture clash:0.5175
pg-13:0.5135
wwii:0.50775
suprisingly clever:0.507
great movie:0.505
fun:0.50375
surreal:0.47875
dumb:0.4785
underrated:0.4725
highly quotable:0.47125
stupidity:0.466
rock and roll:0.46525
catastrophe:0.462
funny as hell:0.46
unfunny:0.4595
nazi:0.455
mentor:0.45175
good soundtrack:0.4455
great ending:0.4425
story:0.43875
saturday night live:0.43625
secrets:0.423
crude humor:0.415
storytelling:0.409
fast paced:0.40575
runaway:0.404
farce:0.40375
irreverent:0.3955
cult film:0.3925
beautiful scenery:0.3905
adaptation:0.3895
visually stunning:0.384
social commentary:0.38325
good:0.38125
vengeance:0.3785
visually appealing:0.37775
screwball:0.375
complex:0.371
stereotypes:0.36925
light:0.3675
distopia:0.36425
stylized:0.35575
childhood:0.35
lone hero:0.34825
brothers:0.3445
cinematography:0.33275
melancholic:0.327
sarcasm:0.32675
80s:0.3265
criterion:0.32425
stupid:0.32225
transformation:0.32125
ridiculous:0.32075
so bad it's funny:0.319
adapted from:book:0.315
brutality:0.31175
talky:0.31125
