original:0.86875
life & death:0.7885
documentary:0.77825
writers:0.68175
good soundtrack:0.668
gay:0.648
adaptation:0.63275
interesting:0.61
narrated:0.6085
existentialism:0.5885
witty:0.58625
great:0.55275
love:0.5485
classic car:0.54
biography:0.5375
life philosophy:0.52425
very interesting:0.51725
mentor:0.50925
spelling bee:0.5075
talky:0.496
oscar (best directing):0.49375
poetry:0.49225
passionate:0.48325
earnest:0.476
sexualized violence:0.47525
adapted from:book:0.474
imdb top 250:0.4725
art:0.46525
dreams:0.46175
prejudice:0.4595
criterion:0.4565
film noir:0.455
eccentricity:0.44725
melancholic:0.444
road movie:0.44175
oscar:0.4375
great acting:0.437
great ending:0.433
great movie:0.432
stereotypes:0.431
dialogue:0.42925
brutality:0.4275
special:0.4265
storytelling:0.42475
affectionate:0.4225
multiple storylines:0.42025
oscar (best actress):0.41775
distopia:0.4145
catastrophe:0.40825
greed:0.40825
crazy:0.4075
intellectual:0.404
harsh:0.40275
fun:0.39275
nostalgic:0.37275
entertaining:0.36975
weird:0.36675
good:0.366
queer:0.36225
social commentary:0.35725
crime gone awry:0.35475
violence:0.35375
twists & turns:0.34825
nudity (full frontal - notable):0.3445
fun movie:0.3425
exceptional acting:0.34
obsession:0.3385
biopic:0.3355
mental illness:0.33375
excellent script:0.33225
family:0.3265
pornography:0.32575
insanity:0.321
19th century:0.32025
biographical:0.31825
internet:0.316
reflective:0.311
not funny:0.31025
male nudity:0.30975
nocturnal:0.30925
brutal:0.3085
unlikely friendships:0.307
visually stunning:0.29925
nudity (full frontal - brief):0.299
cerebral:0.2935
light:0.28625
powerful ending:0.286
writer's life:0.285
disturbing:0.2845
independent film:0.2835
clever:0.2835
fight scenes:0.28325
destiny:0.28275
judaism:0.28125
intelligent:0.28075
quirky:0.27975
suprisingly clever:0.27925
cynical:0.277
loneliness:0.27575
entirely dialogue:0.27225
