oscar (best picture):0.9925
imdb top 250:0.98275
oscar (best directing):0.9415
loneliness:0.938
adultery:0.934
comedy:0.929
black and white:0.892
relationships:0.87075
workplace:0.86875
classic:0.86325
great acting:0.8535
drama:0.852
oscar (best actress):0.829
dramatic:0.809
bittersweet:0.8035
masterpiece:0.79825
suicide attempt:0.788
melancholy:0.78025
cynical:0.77675
original:0.76575
character study:0.76075
downbeat:0.758
screwball:0.742
excellent script:0.73875
witty:0.7325
romance:0.7285
censorship:0.72575
talky:0.70975
criterion:0.70875
clever:0.70625
exceptional acting:0.70375
dialogue:0.69175
cross dressing:0.67875
great:0.66375
great ending:0.6635
great dialogue:0.66275
great movie:0.66025
oscar (best supporting actress):0.649
enigmatic:0.64825
1960s:0.648
cinematography:0.641
mentor:0.63825
interesting:0.63575
movielens top pick:0.634
farce:0.63275
satirical:0.62675
runaway:0.62625
romantic:0.62325
oscar winner:0.62275
oscar:0.62175
idealism:0.621
melancholic:0.6205
good acting:0.61625
afi 100 (laughs):0.61425
narrated:0.6035
crime gone awry:0.60225
oscar (best supporting actor):0.597
poignant:0.59475
earnest:0.59375
complicated:0.59325
tragedy:0.58575
social commentary:0.5845
love story:0.582
drinking:0.58175
depression:0.5795
intimate:0.57525
based on a play:0.5725
obsession:0.571
oscar (best cinematography):0.5685
quotable:0.56275
sweet:0.5565
manipulation:0.5565
affectionate:0.555
atmospheric:0.5505
very funny:0.54675
story:0.546
grim:0.5445
breathtaking:0.5415
bleak:0.53975
hotel:0.53525
love:0.53325
beautifully filmed:0.53025
afi 100 (movie quotes):0.53025
redemption:0.5205
greed:0.52025
honest:0.51325
cerebral:0.5125
perfect:0.51125
forceful:0.507
storytelling:0.5045
oscar (best actor):0.50425
unusual plot structure:0.50275
romantic comedy:0.502
humorous:0.501
feel-good:0.4975
satire:0.4965
light:0.495
touching:0.4945
corruption:0.49175
unlikely friendships:0.48825
