war:0.96925
based on a book:0.94575
wartime:0.939
comedy:0.88675
original:0.85625
war movie:0.82425
drama:0.8175
dramatic:0.81175
journalism:0.7775
politics:0.77475
military:0.76125
saturday night live:0.74325
bittersweet:0.734
runaway:0.719
pornography:0.716
based on true story:0.71175
grindhouse:0.70325
iraq:0.70175
off-beat comedy:0.69225
based on book:0.668
unlikely friendships:0.6595
love story:0.6565
ethnic conflict:0.65475
betrayal:0.65225
pg-13:0.6505
middle east:0.64125
best war films:0.6335
friendship:0.628
complex:0.62025
life:0.619
drinking:0.619
story:0.612
iraq war:0.60575
anti-war:0.60425
romantic:0.58175
very funny:0.581
political:0.57675
funny:0.57525
feel-good:0.57
sarcasm:0.5535
sentimental:0.55175
survival:0.54925
irreverent:0.54875
radio:0.54675
united nations:0.54275
catastrophe:0.54225
crude humor:0.5375
feel good movie:0.53475
goofy:0.52275
happy ending:0.52125
weapons:0.5115
mentor:0.51025
storytelling:0.50125
absurd:0.499
family drama:0.494
quirky:0.49325
culture clash:0.49125
courage:0.49
superheroes:0.48975
hospital:0.486
honest:0.48425
funny as hell:0.476
family:0.467
ensemble cast:0.4625
sacrifice:0.45775
brainwashing:0.45325
great ending:0.45275
great:0.44875
predictable:0.44675
bombs:0.438
social commentary:0.438
vengeance:0.438
romantic comedy:0.4375
beautiful scenery:0.43675
workplace:0.432
visually stunning:0.42625
good soundtrack:0.4235
destiny:0.4215
hilarious:0.42025
civil war:0.42
censorship:0.41825
depression:0.4175
melancholic:0.41425
earnest:0.41225
oscar:0.405
drugs:0.40475
midlife crisis:0.4045
relationships:0.4025
addiction:0.40125
corruption:0.4
gulf war:0.39875
chick flick:0.39625
fight scenes:0.395
gay character:0.3915
based on a true story:0.391
world politics:0.39075
unfunny:0.38775
light:0.38775
satirical:0.38575
dysfunctional family:0.38375
