cartoon:0.9905
animation:0.97025
disney:0.96425
fairy tale:0.93325
disney animated feature:0.92675
musical:0.917
fun movie:0.88425
family:0.86675
music:0.84625
kids and family:0.834
animals:0.823
children:0.8125
animated:0.80775
sweet:0.76775
too short:0.73925
classic:0.73125
fairy tales:0.7095
original:0.687
dancing:0.68
stereotypes:0.67175
life philosophy:0.6705
adapted from:book:0.62825
kids:0.61825
talking animals:0.60975
hunting:0.60875
good:0.59975
story:0.58825
fun:0.57775
simple:0.566
childhood:0.5185
oscar (best music - original song):0.5015
fantasy world:0.49575
cute:0.48725
great ending:0.4775
light:0.4775
storytelling:0.468
based on book:0.4635
dialogue:0.44725
classical music:0.434
witty:0.43
jazz:0.4295
animal movie:0.42025
mentor:0.41825
island:0.41575
entertaining:0.415
redemption:0.4075
greed:0.40475
runaway:0.3995
catastrophe:0.39775
visuals:0.39375
based on a book:0.39375
mad scientist:0.3905
great:0.389
based on a play:0.38675
good soundtrack:0.38525
computer animation:0.38
magic:0.3795
not funny:0.3605
parallel universe:0.352
good versus evil:0.35025
slapstick:0.34375
whimsical:0.3325
clever:0.3305
culture clash:0.3215
rabbits:0.31975
romantic:0.31825
colourful:0.31625
transformation:0.31125
sisters:0.311
creativity:0.31025
awesome soundtrack:0.3095
predictable:0.30925
first contact:0.30275
lone hero:0.3
adaptation:0.29475
melancholic:0.28825
interracial romance:0.28425
indians:0.28075
suprisingly clever:0.27625
police investigation:0.2745
oscar (best supporting actress):0.2725
visually appealing:0.2725
heroine:0.27125
bullying:0.26725
chase:0.266
happy ending:0.266
wartime:0.26525
snakes:0.26125
adventure:0.25925
goofy:0.25425
oscar (best actress):0.254
family drama:0.25075
criterion:0.25
bad plot:0.24775
cute!:0.246
so bad it's funny:0.2445
overrated:0.24425
witch:0.2425
feel-good:0.24175
imdb top 250:0.2385
