comedy:0.9385
off-beat comedy:0.89975
prostitution:0.88525
dumb but funny:0.875
funny:0.82125
mentor:0.7965
original:0.7675
goofy:0.7475
very funny:0.72525
long:0.71925
too long:0.71575
quotable:0.71125
humorous:0.70775
hilarious:0.68225
unlikely friendships:0.67825
great movie:0.64025
great:0.6215
clever:0.6075
nudity (topless):0.6015
friendship:0.599
light:0.59325
80s:0.58475
story:0.57725
funniest movies:0.5535
fun movie:0.545
good:0.51975
dialogue:0.5155
1980s:0.51175
silly:0.49725
fun:0.485
great dialogue:0.4845
great ending:0.484
buddy movie:0.482
runaway:0.482
feel-good:0.472
storytelling:0.46625
unusual plot structure:0.463
underrated:0.457
screwball comedy:0.45625
good soundtrack:0.4555
destiny:0.4495
chase:0.44925
based on a comic:0.4435
oscar (best supporting actress):0.4435
oscar (best directing):0.436
new york city:0.433
farce:0.4295
absurd:0.42175
pg-13:0.41725
catastrophe:0.41675
irreverent:0.41375
nerds:0.41375
culture clash:0.40575
drama:0.40575
humor:0.4045
drinking:0.404
adaptation:0.392
dramatic:0.39
corruption:0.389
sentimental:0.3885
directorial debut:0.38425
oscar (best actress):0.38325
feel good movie:0.383
suprisingly clever:0.37875
nudity (topless - notable):0.37675
redemption:0.37525
based on true story:0.3705
macabre:0.37025
stand-up comedy:0.36875
social commentary:0.36675
predictable:0.3645
parenthood:0.35925
interesting:0.356
greed:0.3555
unfunny:0.35425
quirky:0.35375
life philosophy:0.3505
crazy:0.3475
imdb top 250:0.34725
brutality:0.3465
sweet:0.346
police investigation:0.343
fantasy world:0.34025
sexy:0.338
idealism:0.336
oscar:0.3345
melancholic:0.3335
childhood:0.33175
alter ego:0.32825
oscar (best supporting actor):0.328
slapstick:0.32725
great acting:0.3255
suspense:0.32275
good acting:0.322
harsh:0.32075
talky:0.31825
great soundtrack:0.318
nudity:0.31775
nocturnal:0.3155
gangsters:0.31375
