islam:0.98775
israel:0.96
middle east:0.914
politics:0.868
egypt:0.8395
original:0.743
documentary:0.72025
terrorism:0.658
oil:0.65675
capitalism:0.6445
foreign:0.54275
controversial:0.539
very interesting:0.524
mentor:0.51675
chase:0.509
propaganda:0.50275
greed:0.484
alone in the world:0.48275
world politics:0.477
9/11:0.47
pornography:0.4665
culture clash:0.46125
thought-provoking:0.46
pg-13:0.439
video game:0.43475
life & death:0.42975
good:0.42325
religion:0.418
predictable:0.4155
nudity (full frontal - notable):0.414
jews:0.40975
great ending:0.4095
family:0.40275
catastrophe:0.4005
existentialism:0.37875
graphic design:0.371
fantasy world:0.36625
storytelling:0.36475
idiotic:0.35875
stereotypes:0.35075
political:0.34975
unlikely friendships:0.349
nudity (full frontal):0.3465
educational:0.3455
melancholic:0.33525
absurd:0.33325
nudity (full frontal - brief):0.32675
fight scenes:0.325
internet:0.323
free speech:0.31875
light:0.318
life philosophy:0.31675
not funny:0.31575
crude humor:0.31325
business:0.31325
silly:0.31025
dialogue:0.3065
entertaining:0.30125
atheism:0.298
complex:0.28925
technology:0.28925
quirky:0.288
great:0.28525
earnest:0.28075
pregnancy:0.27925
brutality:0.2765
corruption:0.27525
first contact:0.27375
courage:0.27325
death:0.27075
adaptation:0.26525
runaway:0.2605
intense:0.25875
mad scientist:0.25875
humorous:0.258
redemption:0.257
iraq war:0.2545
pointless:0.2515
narrated:0.249
overrated:0.2435
passionate:0.24175
lone hero:0.24025
destiny:0.24
unfunny:0.23775
happy ending:0.23775
big budget:0.2375
transformation:0.236
feel-good:0.2355
slapstick:0.23275
weapons:0.23025
story:0.229
entirely dialogue:0.22875
shallow:0.22825
interracial romance:0.22825
oscar (best directing):0.22775
weird:0.21975
inspirational:0.21925
justice:0.21475
secrets:0.21375
bad plot:0.21275
