future:0.98525
social commentary:0.97
dark:0.9605
technology:0.9555
series:0.948
reflective:0.93725
futuristic:0.9325
drama:0.92075
disturbing:0.9055
dystopia:0.90425
obsession:0.9035
pornography:0.891
bleak:0.88675
original:0.88025
satire:0.871
science fiction:0.8655
imdb top 250:0.86325
tense:0.85975
interesting:0.85975
thought-provoking:0.852
alternate reality:0.82875
storytelling:0.81675
great acting:0.8115
satirical:0.805
great ending:0.80375
reality tv:0.7955
excellent script:0.7905
cerebral:0.789
powerful ending:0.78775
relationships:0.78725
suspense:0.771
complex:0.7695
intelligent:0.7645
internet:0.7625
clever:0.76
brutality:0.75825
oscar (best directing):0.7565
loneliness:0.75475
psychological:0.752
grim:0.74975
realistic:0.74825
complicated:0.73375
criterion:0.7305
imagination:0.72775
talky:0.72675
mentor:0.7255
stylish:0.72425
philosophy:0.7235
distopia:0.7235
forceful:0.72275
masterpiece:0.71925
good soundtrack:0.71625
vengeance:0.71475
dramatic:0.7125
enigmatic:0.71025
dark humor:0.7045
cynical:0.70325
brainwashing:0.70225
conspiracy:0.6995
multiple storylines:0.69875
insanity:0.69775
memory:0.692
oscar (best actress):0.68575
narrated:0.68025
twists & turns:0.67875
golden palm:0.67
psychology:0.66425
dark hero:0.6635
twist ending:0.66275
thriller:0.66125
violence:0.66025
corruption:0.65375
idealism:0.65075
voyeurism:0.65025
very interesting:0.6495
philosophical:0.64925
intense:0.64725
weird:0.6435
television:0.6405
life philosophy:0.6365
witty:0.63475
british:0.63325
brutal:0.63125
paranoid:0.631
visually appealing:0.62925
visceral:0.629
unusual plot structure:0.625
movielens top pick:0.62375
good acting:0.617
creativity:0.61575
stylized:0.61275
harsh:0.60475
violent:0.6035
atmospheric:0.602
death penalty:0.6005
greed:0.6
suprisingly clever:0.599
exceptional acting:0.59875
allegory:0.596
depression:0.595
