franchise:0.99325
horror:0.946
splatter:0.902
demons:0.8395
space:0.827
original:0.8105
sequels:0.74475
series:0.7205
crappy sequel:0.71225
future:0.6795
good sequel:0.66075
bloody:0.6565
sequel:0.62925
scary:0.61575
18th century:0.61475
special effects:0.59725
nudity (topless):0.5935
gory:0.59075
slasher:0.5485
bad plot:0.54825
first contact:0.546
sci fi:0.52975
predictable:0.5295
storytelling:0.52525
brutality:0.50425
pointless:0.48175
great ending:0.476
mentor:0.47075
pulp:0.45975
dialogue:0.4595
science fiction:0.4565
immortality:0.45175
so bad it's funny:0.44325
death:0.4355
futuristic:0.4295
idiotic:0.42625
gruesome:0.419
weird:0.40375
creativity:0.402
sexualized violence:0.402
transformation:0.39925
story:0.3955
scifi:0.38475
teens:0.37
not funny:0.36575
catastrophe:0.36375
violence:0.35875
adaptation:0.346
cult film:0.341
overrated:0.33675
mythology:0.333
redemption:0.33025
fantasy world:0.32725
campy:0.32
disaster:0.31875
life philosophy:0.31875
entirely dialogue:0.31675
good:0.31625
vengeance:0.31575
good soundtrack:0.3125
quirky:0.30475
suspense:0.30325
weapons:0.2975
halloween:0.29575
technology:0.29575
visceral:0.2905
stylish:0.287
fight scenes:0.2825
stylized:0.27925
grindhouse:0.2785
macabre:0.2775
pornography:0.27725
writers:0.27175
monster:0.27025
big budget:0.26925
computer animation:0.26875
boring:0.26575
destiny:0.26475
entertaining:0.26125
cult classic:0.25775
torture:0.25525
multiple storylines:0.2545
effects:0.25425
gore:0.25375
melancholic:0.253
bad:0.2495
action:0.24825
trilogy:0.24675
bad ending:0.24225
atmospheric:0.24
murder:0.23825
silly:0.23675
cool:0.2365
good dialogue:0.23525
imdb top 250:0.234
stupid as hell:0.233
mad scientist:0.233
great:0.2315
family:0.231
crude humor:0.2305
