visually stunning:0.989
afterlife:0.98825
visually appealing:0.9735
life & death:0.967
visual:0.9495
love story:0.93075
love:0.91575
special effects:0.9035
visuals:0.8835
tear jerker:0.87675
imagination:0.8675
metaphysics:0.83975
surreal:0.8385
stunning:0.81125
existentialism:0.8
big budget:0.7855
mythology:0.7815
touching:0.771
beautiful scenery:0.76775
god:0.76
cerebral:0.755
destiny:0.75425
original:0.754
first contact:0.749
based on a book:0.7425
sentimental:0.7405
life philosophy:0.73875
scenic:0.7345
storytelling:0.727
beautifully filmed:0.725
dreamlike:0.7195
death:0.719
emotional:0.70375
technology:0.69675
thought-provoking:0.693
creativity:0.689
happy ending:0.68775
alternate reality:0.67675
artistic:0.66225
catastrophe:0.6595
natural disaster:0.655
sappy:0.6545
feel-good:0.63325
sacrifice:0.63175
dreams:0.631
suicide:0.626
weird:0.6215
life:0.61775
story:0.6165
science fiction:0.61225
great ending:0.5965
cinematography:0.593
fantasy:0.591
good:0.5885
philosophical:0.577
philosophy:0.56925
romantic:0.5665
mentor:0.5575
effects:0.54725
religion:0.5405
feel good movie:0.5295
computer animation:0.525
fantasy world:0.52075
pg-13:0.52025
sci fi:0.513
cancer:0.4985
breathtaking:0.49825
dialogue:0.49
beautiful:0.48825
redemption:0.485
loneliness:0.48475
romance:0.4805
shallow:0.47825
transformation:0.4725
memory:0.47125
jesus:0.47125
immortality:0.465
good story:0.464
reflective:0.46275
solitude:0.46
great:0.45975
bad cgi:0.45625
art:0.4525
plot:0.451
humanity:0.443
complex:0.44075
dynamic cgi action:0.43775
ghosts/afterlife:0.43325
intellectual:0.4305
scifi:0.421
predictable:0.4155
drama:0.41475
allegory:0.41275
passionate:0.402
inspirational:0.40075
underrated:0.388
not funny:0.387
whimsical:0.38575
bittersweet:0.38525
surrealism:0.3795
