hip hop:0.99875
musicians:0.94725
life & death:0.94175
islam:0.91125
documentary:0.886
death:0.88075
violence:0.87975
controversial:0.85425
life:0.85325
foul language:0.84725
poverty:0.8385
artist:0.82625
biographical:0.814
mentor:0.814
very interesting:0.808
music business:0.776
biography:0.766
music:0.75775
original:0.756
corruption:0.74425
brutality:0.7415
violent:0.7335
interesting:0.70625
harsh:0.69125
rock and roll:0.6835
good soundtrack:0.671
reflective:0.66175
intense:0.66075
childhood:0.6585
dark hero:0.65475
las vegas:0.64425
sexualized violence:0.632
lyrical:0.62925
narrated:0.62125
artistic:0.6195
life philosophy:0.61075
good action:0.60375
downbeat:0.60025
biopic:0.587
fight scenes:0.5795
good music:0.5745
honest:0.56875
demons:0.567
creepy:0.566
good:0.5555
great ending:0.55175
obsession:0.54325
complex:0.541
murder:0.53975
pornography:0.53725
storytelling:0.53475
creativity:0.53
social commentary:0.52825
drugs:0.52225
great movie:0.514
alter ego:0.51375
greed:0.5075
mtv:0.50025
highly quotable:0.49425
los angeles:0.4905
gory:0.49
grindhouse:0.489
catastrophe:0.488
intimate:0.4855
censorship:0.481
vengeance:0.47525
great:0.475
gangsters:0.47225
mental illness:0.46725
poignant:0.46525
redemption:0.4605
classic car:0.4595
light:0.45675
exceptional acting:0.45375
story:0.45325
awesome soundtrack:0.43925
unusual plot structure:0.4335
sad:0.43
chase:0.425
weapons:0.425
transformation:0.415
cult classic:0.4125
bloody:0.412
art:0.403
goofy:0.40175
cult film:0.39425
golden palm:0.39425
free speech:0.39325
manipulation:0.39225
talky:0.3915
criterion:0.38825
dialogue:0.3865
twists & turns:0.386
weird:0.3825
not funny:0.37975
original plot:0.37925
splatter:0.379
cool:0.3785
suprisingly clever:0.37725
police investigation:0.372
