martial arts:0.99875
fight scenes:0.97975
fighting:0.979
kung fu:0.9715
mentor:0.96075
action:0.95725
violence:0.8835
good action:0.87175
brutality:0.835
realistic action:0.81675
violent:0.8125
original:0.8055
drama:0.782
vengeance:0.7715
blindness:0.76375
sexualized violence:0.73125
gangsters:0.7165
revenge:0.6985
brutal:0.693
pg-13:0.69175
story:0.685
weapons:0.67325
fast paced:0.6685
intense:0.662
stylized:0.6495
action packed:0.64125
good:0.633
great:0.61675
nudity (topless - brief):0.60925
dark hero:0.603
transformation:0.58425
hong kong:0.58175
dynamic cgi action:0.5765
stylish:0.57125
good soundtrack:0.562
destiny:0.5585
dialogue:0.54525
dragons:0.54125
visually stunning:0.53625
visceral:0.5315
dog:0.52925
chase:0.5265
corruption:0.513
big budget:0.51025
life philosophy:0.50825
great ending:0.5055
cool:0.5035
better than expected:0.49675
superheroes:0.4965
narrated:0.491
gangster:0.48725
grindhouse:0.4865
original plot:0.4835
dramatic:0.48225
good acting:0.475
great movie:0.4725
redemption:0.4715
storytelling:0.47125
family drama:0.47125
lone hero:0.46975
survival:0.4695
family:0.453
plot:0.4505
awesome soundtrack:0.44675
betrayal:0.446
stereotypes:0.44175
best of 2005:0.43075
justice:0.428
alter ego:0.42425
silly:0.42425
visually appealing:0.423
assassination:0.42075
china:0.418
gory:0.41725
dysfunctional family:0.4155
great acting:0.41225
culture clash:0.411
underrated:0.40675
harsh:0.39925
predictable:0.3975
catastrophe:0.396
psychology:0.3955
goofy:0.39525
hitman:0.39175
touching:0.3915
emotional:0.388
super hero:0.38775
freedom:0.3865
good story:0.38325
adaptation:0.38275
good versus evil:0.3825
wuxia:0.38125
beautiful scenery:0.381
mob:0.37975
amazing photography:0.37575
excellent:0.369
assassin:0.36875
torture:0.36825
gratuitous violence:0.366
blood:0.365
