story:0.92225
dramatic:0.9205
mentor:0.848
redemption:0.8425
1930s:0.84075
life & death:0.819
drama:0.81725
original:0.80775
great acting:0.75825
small town:0.7435
loneliness:0.72025
solitude:0.70275
guilt:0.6895
death:0.67025
oscar:0.6465
storytelling:0.6455
runaway:0.63
enigmatic:0.629
character study:0.61425
cinematography:0.60275
powerful ending:0.60075
life philosophy:0.598
melancholic:0.58325
gunfight:0.5695
based on true story:0.555
bittersweet:0.55175
allegory:0.55175
slow paced:0.54375
great:0.53625
very interesting:0.536
period piece:0.52925
good:0.52875
sentimental:0.528
dialogue:0.526
stylized:0.524
secrets:0.5185
cerebral:0.509
greed:0.501
good soundtrack:0.49425
humor:0.49125
oscar (best actor):0.47475
interesting:0.4745
great ending:0.466
good acting:0.4525
courage:0.45025
intense:0.44975
depression:0.44725
transformation:0.44275
unlikely friendships:0.44225
grim:0.4385
movielens top pick:0.432
quirky:0.4245
ensemble cast:0.42375
based on a true story:0.421
great movie:0.41975
justice:0.41475
humorous:0.4145
slow:0.41375
pg-13:0.409
childhood:0.40675
friendship:0.399
social commentary:0.3985
first contact:0.39775
excellent:0.39425
catastrophe:0.39225
oscar (best directing):0.38925
touching:0.38675
unusual plot structure:0.38575
tragedy:0.38175
imdb top 250:0.378
earnest:0.377
thought-provoking:0.3765
not funny:0.37275
culture clash:0.368
criterion:0.367
life:0.36625
existentialism:0.36525
heartbreaking:0.36325
oscar (best supporting actor):0.363
oscar (best supporting actress):0.3615
emotional:0.357
business:0.35675
1920s:0.34375
adapted from:book:0.3395
aging:0.3335
classic car:0.333
corruption:0.33275
adaptation:0.331
visual:0.32875
based on a play:0.32675
atmospheric:0.32675
feel-good:0.3235
twists & turns:0.32225
compassionate:0.322
sacrifice:0.319
very good:0.319
bullying:0.31625
dreams:0.31575
talky:0.3155
true story:0.315
