high school:0.99725
teen movie:0.98175
musical:0.9815
teen:0.947
music:0.93375
dancing:0.919
disney:0.91425
girlie movie:0.89925
teens:0.85175
hip hop:0.8135
awesome soundtrack:0.7945
dance:0.7885
geeks:0.77125
horrible:0.7295
stereotypes:0.7215
teenagers:0.70525
original:0.69075
good soundtrack:0.68275
predictable:0.66025
cheesy:0.5995
school:0.5795
so bad it's funny:0.56975
bad plot:0.56575
fun movie:0.5475
family:0.54575
cute:0.536
good music:0.53175
stupid as hell:0.51025
overrated:0.49875
fun:0.4685
bad acting:0.46575
cheerleading:0.44925
lame:0.4175
corny:0.4075
great:0.4065
catastrophe:0.39925
dialogue:0.3985
pg-13:0.3845
happy ending:0.3755
great ending:0.36875
broadway:0.36375
idiotic:0.35875
mentor:0.35525
better than expected:0.35275
drama:0.3325
destiny:0.329
not funny:0.326
bad:0.3255
first contact:0.32425
fantasy world:0.324
pointless:0.32375
silly fun:0.3205
chick flick:0.319
romance:0.311
teenager:0.30425
vampire human love:0.299
good:0.29825
shallow:0.29075
runaway:0.28975
fight scenes:0.28775
life philosophy:0.28525
natural disaster:0.283
silly:0.2785
cute!:0.2775
queer:0.27725
redemption:0.2685
romantic:0.26425
feel-good:0.257
entirely dialogue:0.25575
adaptation:0.2525
nerds:0.252
lone hero:0.2495
brutality:0.24925
crude humor:0.24925
feel good movie:0.24525
great acting:0.2435
multiple storylines:0.242
storytelling:0.24025
love:0.23725
romantic comedy:0.237
switching places:0.23575
very funny:0.23575
story:0.23375
great music:0.23225
teacher:0.2315
musicians:0.23125
bad cgi:0.231
fantasy:0.23075
camp:0.22825
music business:0.22275
basketball:0.2215
culture clash:0.221
fashion:0.22075
kids and family:0.21825
kids:0.21725
geek:0.21725
melancholic:0.21725
guilty pleasure:0.21675
sequels:0.216
ridiculous:0.2155
