beautifully filmed:0.93675
life & death:0.91375
reflective:0.90125
adolescence:0.87075
loneliness:0.86175
existentialism:0.8435
melancholic:0.7725
mother daughter relationship:0.764
fantasy world:0.68
cinematography:0.673
bittersweet:0.66475
original:0.6505
solitude:0.62575
unusual plot structure:0.61125
beautiful:0.591
bleak:0.587
visually stunning:0.5715
artistic:0.57125
life:0.56375
talky:0.56175
great ending:0.54925
childhood:0.53625
criterion:0.52875
friendship:0.52625
death:0.5215
goretastic:0.52075
touching:0.503
wistful:0.5025
weird:0.492
british:0.487
artist:0.48375
scotland:0.483
life philosophy:0.48025
unlikely friendships:0.47625
beautiful scenery:0.47475
transformation:0.45825
enigmatic:0.456
visual:0.45275
dialogue:0.4495
storytelling:0.44125
mentor:0.43725
complex:0.43275
dreams:0.432
passionate:0.4305
thought-provoking:0.42175
melancholy:0.42
stunning:0.41375
good soundtrack:0.4135
drama:0.40975
adaptation:0.4085
imagination:0.40225
harsh:0.3975
grindhouse:0.39725
parallel universe:0.39725
creativity:0.397
catastrophe:0.39025
mythology:0.38625
first contact:0.381
story:0.379
gunfight:0.37875
pretentious:0.375
visually appealing:0.37325
relationships:0.37275
meditative:0.36975
graphic design:0.3685
dysfunctional family:0.36825
fight scenes:0.36775
special:0.3645
great cinematography:0.3635
coming of age:0.361
photography:0.35825
depression:0.358
poetry:0.3575
dramatic:0.35375
redemption:0.35375
mental illness:0.3535
vengeance:0.34975
art:0.3455
self discovery:0.34275
slow:0.342
suprisingly clever:0.34
entirely dialogue:0.33525
intimate:0.333
nudity (full frontal - notable):0.33225
great:0.33125
school:0.32875
culture clash:0.32575
not funny:0.324
whimsical:0.3235
good:0.32275
emotional:0.322
good acting:0.32025
excellent:0.3125
author:neil gaiman:0.30975
obsession:0.3085
nudity (topless - notable):0.3085
destiny:0.305
runaway:0.30475
pornography:0.3045
great movie:0.30325
