muppets:0.994
franchise:0.97675
based on a tv show:0.94575
christmas:0.9235
holiday:0.89425
spoof:0.79775
original:0.76575
parody:0.75825
puppets:0.63475
fantasy world:0.60175
great:0.59525
saturday night live:0.58825
talking animals:0.58725
alternate reality:0.533
series:0.5095
dialogue:0.5075
parallel universe:0.48675
transformation:0.4785
magic:0.46325
mad scientist:0.46225
family:0.44475
made for tv:0.43625
fun:0.42125
superheroes:0.409
multiple storylines:0.40425
good versus evil:0.4035
mentor:0.39325
stupid as hell:0.39
catastrophe:0.38925
free to download:0.386
nostalgic:0.3835
unusual plot structure:0.382
creativity:0.37925
crude humor:0.3745
so bad it's funny:0.36125
high fantasy:0.35175
great ending:0.34875
predictable:0.345
awesome soundtrack:0.345
funny:0.33875
gay character:0.3375
hilarious:0.3335
silly:0.33075
bad plot:0.32525
pg-13:0.32175
melancholic:0.3185
redemption:0.31775
camp:0.31275
very funny:0.31275
campy:0.31225
classic:0.30775
adapted from:book:0.30275
adaptation:0.302
sequels:0.29675
visually appealing:0.296
silly fun:0.2945
idiotic:0.2945
loneliness:0.29075
fight scenes:0.29075
first contact:0.2865
story:0.2865
childhood:0.28625
big budget:0.28175
alter ego:0.27725
animals:0.276
suprisingly clever:0.274
watch the credits:0.2725
sexy:0.26875
shark:0.26325
stereotypes:0.263
unfunny:0.2615
entirely dialogue:0.2615
shallow:0.2605
sci fi:0.258
children:0.25725
cult film:0.2565
storytelling:0.25425
dinosaurs:0.2525
bittersweet:0.2515
adapted from:comic:0.2515
bad cgi:0.25125
vengeance:0.24975
fun movie:0.2485
ninja:0.248
weird:0.2475
mutants:0.247
special effects:0.24675
overrated:0.2435
humorous:0.243
life & death:0.24125
mythology:0.241
good:0.23925
crappy sequel:0.239
monster:0.238
destiny:0.23425
clever:0.23125
grindhouse:0.23075
comic:0.2305
brutality:0.23
irreverent:0.229
