comedy:0.9665
funny:0.92175
hilarious:0.9
very funny:0.855
goofy:0.82475
original:0.7485
sexual:0.74825
stereotypes:0.73075
funniest movies:0.64725
sexy:0.6395
pornography:0.63125
hip hop:0.58575
dumb but funny:0.56825
humorous:0.5585
silly fun:0.5525
nudity (full frontal - brief):0.53575
teen movie:0.52225
dumb:0.51275
predictable:0.5055
crude humor:0.49375
dialogue:0.4835
idiotic:0.47275
humor:0.463
indians:0.46175
silly:0.45475
brutality:0.45275
funny as hell:0.45275
stupidity:0.4515
so bad it's funny:0.44425
unfunny:0.444
stupid as hell:0.43975
mentor:0.437
great ending:0.43
parody:0.4285
adventure:0.418
catastrophe:0.4135
quirky:0.4035
quotable:0.39575
fun movie:0.38775
overrated:0.37
stupid:0.3675
slapstick:0.3675
storytelling:0.36625
nudity:0.365
good soundtrack:0.3625
sexualized violence:0.34875
amy smart:0.34725
fight scenes:0.34425
first contact:0.342
entirely dialogue:0.341
bad plot:0.33975
life philosophy:0.33875
fantasy world:0.3305
absurd:0.3285
culture clash:0.324
beer:0.32025
runaway:0.31975
hospital:0.31775
comic:0.3165
adaptation:0.31375
destiny:0.31025
virginity:0.31
sex:0.30525
great:0.30375
black comedy:0.29575
lone hero:0.29425
splatter:0.29175
melancholic:0.28825
nudity (topless - notable):0.288
story:0.2865
cult film:0.28625
pointless:0.28525
buddy movie:0.2825
dark comedy:0.28225
vengeance:0.2805
fun:0.27975
rats:0.2785
teens:0.2745
unusual plot structure:0.2705
good action:0.26725
tricky:0.267
saturday night live:0.267
women:0.26625
redemption:0.26625
unlikely friendships:0.266
teen:0.26475
road trip:0.264
criterion:0.26325
weapons:0.26225
gangsters:0.26
nudity (topless):0.25975
suprisingly clever:0.258
twists & turns:0.2575
shallow:0.25625
chase:0.25625
talky:0.25425
not funny:0.25375
male nudity:0.25
natural disaster:0.25
betrayal:0.24975
