germany:0.99325
based on a book:0.96475
history:0.9595
german:0.95725
violence:0.93925
fascism:0.92175
complex:0.91375
politics:0.87925
violent:0.86675
political:0.86475
terrorism:0.85525
brutality:0.83775
historical:0.82175
dramatic:0.8125
assassination:0.78125
rebellion:0.76775
police investigation:0.75225
us history:0.745
social commentary:0.732
original:0.7275
factual:0.707
corruption:0.7
islam:0.6875
nazis:0.6825
nudity (topless - notable):0.68175
capitalism:0.679
visceral:0.658
culture clash:0.6565
israel:0.6555
based on book:0.64925
foreign:0.64875
1970s:0.6465
brutal:0.6455
genocide:0.6455
drama:0.633
realistic:0.616
forceful:0.61475
idealism:0.59925
runaway:0.5955
catastrophe:0.58625
civil war:0.5795
harsh:0.578
very interesting:0.5765
talky:0.574
pornography:0.5735
freedom:0.5695
criterion:0.567
cinematography:0.56175
nazi:0.56125
intense:0.56
bombs:0.55875
controversial:0.557
tense:0.5545
bloody:0.5505
gangs:0.54575
sacrifice:0.54375
powerful ending:0.542
great acting:0.53775
manipulation:0.537
berlin:0.53425
good soundtrack:0.5295
weapons:0.52875
stylized:0.51875
prejudice:0.51475
storytelling:0.51125
enigmatic:0.50875
nudity (full frontal - brief):0.508
mentor:0.49675
revolution:0.4835
adaptation:0.483
ethnic conflict:0.48275
prison:0.478
justice:0.47675
east germany:0.47425
tragedy:0.471
oscar (best foreign language film):0.46325
intellectual:0.46175
psychological:0.45775
honest:0.4525
nudity (full frontal - notable):0.4485
interesting:0.4445
vengeance:0.4375
adapted from:book:0.43675
based on true story:0.42725
true story:0.42
life philosophy:0.41925
kidnapping:0.4145
insanity:0.4125
dialogue:0.40775
great ending:0.40225
sexualized violence:0.4015
censorship:0.4015
greed:0.40025
absurd:0.39875
splatter:0.3965
crime:0.3945
suprisingly clever:0.39425
wartime:0.39175
world politics:0.389
oscar (best directing):0.3885
