mentor:0.98575
music:0.97325
france:0.96375
boarding school:0.9635
french:0.9515
teacher:0.9145
feel-good:0.91225
heartwarming:0.90175
foreign:0.89225
touching:0.892
sentimental:0.88375
childhood:0.883
drama:0.8645
allegory:0.863
inspirational:0.8625
good soundtrack:0.85525
paris:0.829
feel good movie:0.81825
beautifully filmed:0.7735
storytelling:0.7645
social commentary:0.731
nostalgic:0.71625
destiny:0.7065
inspiring:0.69975
musicians:0.69875
emotional:0.693
school:0.6915
compassionate:0.68875
original:0.67825
children:0.66025
good music:0.66
oscar (best directing):0.64675
runaway:0.64375
visually appealing:0.6365
imdb top 250:0.6305
cinematography:0.62925
bittersweet:0.6205
unlikely friendships:0.613
unusual plot structure:0.60725
kids:0.6065
scenic:0.5995
great acting:0.597
good acting:0.5955
classical music:0.5945
oscar (best foreign language film):0.593
excellent script:0.592
story:0.58625
great:0.578
idealism:0.578
redemption:0.578
friendship:0.57575
good:0.5745
visually stunning:0.5665
creativity:0.566
harsh:0.55125
culture clash:0.537
musical:0.5355
simple:0.5265
literature:0.5215
oscar:0.50825
sweet:0.50825
fantasy world:0.50425
great ending:0.4975
life philosophy:0.49575
sacrifice:0.4925
plot:0.492
artistic:0.4885
dramatic:0.48625
catastrophe:0.4855
beautiful:0.4825
movielens top pick:0.47725
light:0.4745
suprisingly clever:0.46925
imagination:0.451
melancholic:0.44825
orphans:0.4475
prejudice:0.44575
art:0.4455
golden palm:0.4435
reflective:0.44025
criterion:0.43725
exceptional acting:0.43675
england:0.43
life & death:0.42575
pg-13:0.42525
coming of age:0.42425
child abuse:0.422
british:0.41875
honest:0.408
weird:0.40675
bollywood:0.40275
colourful:0.39975
melancholy:0.399
classic car:0.3985
special:0.398
talky:0.3975
amazing photography:0.3905
underdog:0.388
solitude:0.38725
nudity (full frontal - brief):0.38575
