obsession:0.95675
criterion:0.9545
psychological:0.938
weird:0.917
disturbing:0.90525
brothers:0.896
psychology:0.89275
creepy:0.855
drugs:0.84825
drug abuse:0.84725
drug addiction:0.8365
insanity:0.83475
visceral:0.831
cerebral:0.802
doctors:0.79625
macabre:0.7885
complex:0.78775
identity:0.778
mad scientist:0.7645
downbeat:0.759
sexual:0.75475
dark:0.74925
enigmatic:0.742
original:0.72425
intimate:0.72425
strange:0.67725
cult classic:0.6655
stylish:0.661
paranoia:0.651
adapted from:book:0.6485
addiction:0.646
very interesting:0.63575
atmospheric:0.632
pornography:0.61275
complex characters:0.61025
loneliness:0.60125
dialogue driven:0.59725
horror:0.59475
claustrophobic:0.59375
melancholic:0.5865
grim:0.57875
bleak:0.574
relationships:0.5725
splatter:0.57025
lynch:0.56525
drama:0.5615
character study:0.5575
surreal:0.55725
cult film:0.5505
talky:0.54075
serial killer:0.53825
grindhouse:0.52575
brutality:0.51925
nudity (full frontal - notable):0.5175
bizarre:0.51725
gory:0.51675
crime gone awry:0.513
controversial:0.50475
tragedy:0.5015
gruesome:0.4995
dark humor:0.4975
dreamlike:0.49725
social commentary:0.488
adaptation:0.4785
good soundtrack:0.47525
golden palm:0.47025
sexualized violence:0.464
cinematography:0.46375
stylized:0.46
secrets:0.45625
moody:0.45275
intense:0.45225
masterpiece:0.4505
art house:0.44575
storytelling:0.43975
interesting:0.43825
nocturnal:0.433
paranoid:0.432
dialogue:0.43
melancholy:0.42925
violent:0.429
hallucinatory:0.42775
existentialism:0.4255
drinking:0.425
mindfuck:0.425
sexy:0.4165
hotel:0.41025
harsh:0.4095
allegory:0.402
catastrophe:0.401
alter ego:0.40075
police investigation:0.39275
nudity (topless):0.38625
visually appealing:0.38075
demons:0.37525
great ending:0.3725
twist:0.37
transformation:0.36875
not funny:0.3655
life & death:0.36425
