male nudity:0.99225
satire:0.94475
gay character:0.94425
mockumentary:0.91725
pornography:0.90875
queer:0.8915
gay:0.88075
social commentary:0.87275
homosexuality:0.8255
hilarious:0.8
stereotypes:0.78475
fake documentary:0.77275
controversial:0.76875
original:0.73225
homophobia:0.7095
nudity (full frontal - notable):0.69675
crude humor:0.6735
funny:0.66075
irreverent:0.656
comedy:0.646
satirical:0.631
absurd:0.62375
glbt:0.62075
nudity (full frontal):0.62075
very funny:0.618
unfunny:0.61725
stupid as hell:0.611
reality tv:0.6085
idiotic:0.60675
prejudice:0.5965
anti-semitism:0.5755
funny as hell:0.572
sarcasm:0.56425
stupidity:0.539
weird:0.53575
censorship:0.53075
pointless:0.52225
humorous:0.5165
brutality:0.505
sexual:0.497
great ending:0.48675
culture clash:0.46275
funniest movies:0.4495
predictable:0.431
sexualized violence:0.42075
adoption:0.4185
parody:0.39525
politics:0.3935
dialogue:0.3795
hard to watch:0.3795
goofy:0.37675
good soundtrack:0.37375
nudity:0.37025
runaway:0.3695
overrated:0.36875
greed:0.36175
catastrophe:0.357
middle east:0.35625
los angeles:0.352
mentor:0.35075
obsession:0.3505
quotable:0.34875
disturbing:0.34325
slapstick:0.337
bad plot:0.337
dysfunctional family:0.335
not funny:0.33325
insanity:0.333
storytelling:0.33
adaptation:0.32975
imdb top 250:0.32575
violence:0.32475
fantasy world:0.32125
fashion:0.3205
shallow:0.319
vengeance:0.3185
humor:0.31725
road trip:0.31725
gross-out:0.31675
moral ambiguity:0.31625
drinking:0.315
stylized:0.311
melancholic:0.309
clever:0.30375
stupid:0.302
sex:0.3015
camp:0.30025
grindhouse:0.298
criterion:0.2965
harsh:0.29275
quirky:0.2905
off-beat comedy:0.2905
crazy:0.28825
nudity (full frontal - brief):0.2865
redemption:0.28525
cult film:0.28425
bloody:0.282
corruption:0.27975
first contact:0.27525
visually appealing:0.2745
