surreal:0.94325
art house:0.9425
weird:0.927
enigmatic:0.91075
meditative:0.89675
alien:0.8895
visually appealing:0.87325
cinematography:0.82975
existentialism:0.82425
cerebral:0.8185
loneliness:0.80525
visual:0.789
stylized:0.777
male nudity:0.77425
artsy:0.76375
amazing cinematography:0.748
dreamlike:0.734
disturbing:0.72675
slow paced:0.716
psychological:0.707
strange:0.707
original:0.7065
confusing:0.69725
scotland:0.68775
art:0.6815
boring!:0.67225
pointless:0.6685
pretentious:0.6595
allegory:0.658
atmospheric:0.648
criterion:0.6455
dark:0.6435
slow:0.638
lynch:0.6345
breathtaking:0.6195
aliens:0.617
dialogue:0.615
obsession:0.6075
nudity (full frontal - notable):0.59675
surrealism:0.59375
visceral:0.59325
sci-fi:0.58125
creepy:0.58
intimate:0.56725
visually stunning:0.566
mindfuck:0.54125
cult film:0.53625
great ending:0.53625
solitude:0.52625
melancholic:0.52325
photography:0.521
golden palm:0.51975
bleak:0.5035
artistic:0.5015
humanity:0.4875
erotic:0.4815
masterpiece:0.475
non-linear:0.47225
off-beat comedy:0.46875
entirely dialogue:0.46625
storytelling:0.45975
great cinematography:0.459
nudity (full frontal):0.45775
very interesting:0.4565
claustrophobic:0.45475
eerie:0.447
beautifully filmed:0.44325
first contact:0.4425
nonlinear:0.4415
story:0.4335
complex:0.43225
cult classic:0.42525
not funny:0.41375
nocturnal:0.41025
sci fi:0.40325
colourful:0.40275
catastrophe:0.40225
brutality:0.3985
pornography:0.39725
absurd:0.39675
talky:0.39575
reflective:0.393
imagination:0.38675
bizarre:0.38375
insanity:0.37925
thought-provoking:0.37375
paranoia:0.37
stunning:0.361
adapted from:book:0.3575
tense:0.356
hallucinatory:0.3555
kubrick:0.351
scifi:0.346
twists & turns:0.34225
paranoid:0.3395
psychedelic:0.3375
beautiful scenery:0.33425
unusual plot structure:0.33325
adaptation:0.32925
based on book:0.32925
