vampires:0.99875
vampire:0.99
action:0.9715
adapted from:book:0.90925
slavery:0.898
fight scenes:0.884
lone hero:0.85125
based on a book:0.84725
action packed:0.7925
civil war:0.77275
mentor:0.754
mythology:0.7255
good action:0.71875
bad cgi:0.70075
original:0.6975
revenge:0.68175
silly:0.68125
splatter:0.67525
alternate history:0.675
blood:0.66225
president:0.6515
werewolves:0.64675
adaptation:0.6285
based on book:0.623
story:0.6135
special effects:0.60675
predictable:0.5995
nocturnal:0.59875
vengeance:0.5955
visually appealing:0.58725
silly fun:0.5715
fun movie:0.5605
brutality:0.55975
realistic action:0.5535
pg-13:0.552
visuals:0.547
free to download:0.54025
bloody:0.54025
books:0.52575
historical:0.51875
superheroes:0.5165
weapons:0.51475
dialogue:0.49825
fantasy:0.498
fast paced:0.49625
cgi:0.494
ridiculous:0.48225
violence:0.47825
entertaining:0.47725
us history:0.4745
transformation:0.458
horror:0.45675
history:0.455
big budget:0.45275
supernatural:0.451
grindhouse:0.4375
fantasy world:0.43525
fighting:0.43225
super hero:0.42825
stylized:0.4265
immortality:0.415
catastrophe:0.41275
storytelling:0.40825
werewolf:0.40575
great ending:0.40425
bad acting:0.404
book was better:0.403
ninja:0.4025
good versus evil:0.401
fun:0.3935
literary adaptation:0.3925
better than expected:0.388
absurd:0.3875
visually stunning:0.3825
american civil war:0.38075
alternate reality:0.3785
factual:0.37275
cool:0.3705
superhero:0.3705
biographical:0.3655
monsters:0.36525
bad plot:0.36275
destiny:0.354
life & death:0.35325
politics:0.35225
chase:0.34625
visual:0.345
book:0.34325
campy:0.3395
vampire human love:0.3345
zombie:0.332
betrayal:0.3305
good soundtrack:0.326
gothic:0.325
demons:0.3205
great:0.31875
cheesy:0.3175
hunting:0.3155
gory:0.30925
death:0.3065
