werewolf:0.98725
horror:0.98675
werewolves:0.9825
scary:0.93175
tense:0.9245
dark humor:0.914
cult classic:0.88275
creepy:0.86925
humorous:0.84225
special effects:0.84125
classic:0.8335
effects:0.81875
original:0.8185
splatter:0.7995
comedy:0.798
cult film:0.7945
frightening:0.78725
great ending:0.787
suspense:0.7845
suspenseful:0.78225
gory:0.77825
atmospheric:0.7595
quotable:0.759
violence:0.75775
macabre:0.749
great movie:0.71775
violent:0.70625
supernatural:0.68725
visceral:0.674
gruesome:0.6685
goofy:0.66775
monster:0.65375
great:0.65025
hospital:0.647
nudity (topless - brief):0.64275
transformation:0.63475
england:0.63175
dark comedy:0.6205
weird:0.62
affectionate:0.613
black comedy:0.61175
downbeat:0.6115
dark:0.60725
brutality:0.604
culture clash:0.60175
dialogue:0.58925
satirical:0.587
80s:0.5835
humor:0.57775
london:0.575
zombie:0.57275
excellent script:0.56975
paranoid:0.56825
bloody:0.5655
highly quotable:0.556
fun movie:0.5545
mentor:0.55025
chase:0.548
grindhouse:0.545
cult:0.53925
oscar (best effects - visual effects):0.5365
eerie:0.5345
good soundtrack:0.533
story:0.53175
demons:0.53075
intense:0.526
very funny:0.52475
ghosts:0.52325
unlikely friendships:0.51325
great acting:0.51225
hilarious:0.506
good acting:0.5055
road movie:0.4965
afi 100 (movie quotes):0.494
witty:0.48825
pornography:0.48725
wilderness:0.48075
irreverent:0.4805
imdb top 250:0.47925
good:0.4775
computer animation:0.47175
blood:0.4685
death:0.4685
bizarre:0.46825
excellent:0.46575
clever:0.462
murder:0.45975
light:0.4585
gunfight:0.454
disturbing:0.44975
1980s:0.44775
dreams:0.44275
talky:0.442
survival:0.43325
social commentary:0.43025
catastrophe:0.4295
adaptation:0.422
sexualized violence:0.42025
nostalgic:0.41875
harsh:0.41725
