teen:0.97475
high school:0.9335
80s:0.9265
teen movie:0.88025
coming-of-age:0.68825
san francisco:0.6725
runaway:0.651
teacher:0.64075
original:0.6405
obsession:0.64025
geeks:0.6225
nudity (topless - notable):0.5835
life philosophy:0.58275
pornography:0.5635
teens:0.554
good:0.553
school:0.5285
coming of age:0.52225
romantic:0.51325
dialogue:0.51275
love story:0.50925
awesome soundtrack:0.492
mentor:0.4915
fun movie:0.48975
1980s:0.48625
whimsical:0.48575
girlie movie:0.46775
unusual plot structure:0.46475
romance:0.443
sexy:0.4405
teenager:0.4385
catastrophe:0.43425
great ending:0.42475
cute:0.411
predictable:0.406
romantic comedy:0.40175
cute!:0.40175
drinking:0.40075
male nudity:0.38775
teenagers:0.37525
entirely dialogue:0.37525
destiny:0.3555
bullying:0.35375
adaptation:0.34925
sexualized violence:0.344
not funny:0.34375
good soundtrack:0.34075
overrated:0.3395
relationships:0.3375
adolescence:0.329
guilty pleasure:0.32275
police investigation:0.31525
fantasy world:0.31225
transformation:0.30875
quirky:0.30775
cult film:0.30175
virginity:0.3015
cool:0.29175
love:0.29
time:0.28925
vengeance:0.2865
nocturnal:0.286
silly fun:0.2815
storytelling:0.28025
first contact:0.27875
feel-good:0.27875
weird:0.2755
melancholic:0.2745
chase:0.27
cheesy:0.2695
lone hero:0.2685
happy ending:0.2675
natural disaster:0.2665
harsh:0.26325
stereotypes:0.2625
underrated:0.25925
childhood:0.2585
grindhouse:0.25575
story:0.25525
sweet:0.25
nostalgic:0.2495
splatter:0.24675
small town:0.24525
new jersey:0.244
oscar (best directing):0.241
redemption:0.241
culture clash:0.24075
family:0.24075
camp:0.24
computer animation:0.23925
cult classic:0.23925
based on true story:0.23675
gay character:0.2365
adventure:0.23525
very funny:0.233
criterion:0.2305
brutality:0.22975
geek:0.22925
death:0.22725
nudity (full frontal - brief):0.2265
