golf:0.998
comedy:0.98425
goofy:0.96775
sports:0.96225
hilarious:0.9345
funniest movies:0.9205
funny:0.8965
very funny:0.8205
saturday night live:0.817
dumb:0.78925
mentor:0.78125
quotable:0.77575
underdog:0.767
funny as hell:0.75475
fun movie:0.748
pg-13:0.73225
silly fun:0.72775
humorous:0.6915
original:0.675
crude humor:0.64725
humor:0.6345
stupidity:0.63425
screwball:0.6315
dumb but funny:0.6135
product placement:0.6035
good:0.59675
good soundtrack:0.5935
silly:0.59225
chase:0.58725
fun:0.57325
great:0.571
fight scenes:0.55975
great movie:0.554
entertaining:0.52725
slapstick:0.476
violent:0.4705
great ending:0.46275
highly quotable:0.46275
brutality:0.458
stupid:0.457
underrated:0.4405
catastrophe:0.43925
predictable:0.43875
alter ego:0.43475
football:0.432
unfunny:0.4315
violence:0.4315
dialogue:0.42775
feel-good:0.42675
vengeance:0.42475
idiotic:0.423
eccentricity:0.413
storytelling:0.409
buddy movie:0.39875
feel good movie:0.398
destiny:0.39725
redemption:0.3915
good action:0.389
story:0.38325
homeless:0.38225
twists & turns:0.382
clever:0.382
revenge:0.37525
greed:0.375
beer:0.37375
suprisingly clever:0.37075
comic:0.37075
inspirational:0.36475
action:0.3625
sarcasm:0.3615
transformation:0.35925
fighting:0.3505
lone hero:0.34825
adaptation:0.34675
light:0.3445
stupid as hell:0.34325
witty:0.34075
parody:0.33725
dark hero:0.3335
happy ending:0.333
new jersey:0.329
action packed:0.32375
justice:0.31975
plot:0.31875
cult classic:0.31625
shallow:0.316
culture clash:0.314
fantasy world:0.3115
pornography:0.3115
very good:0.30825
poker:0.308
hillarious:0.30675
nudity (full frontal - brief):0.30625
runaway:0.304
life philosophy:0.30375
fast paced:0.302
oscar:0.3005
suspense:0.3
amy smart:0.2965
spoof:0.29625
