football:0.99375
cheerleading:0.887
small town:0.8795
high school:0.8615
good soundtrack:0.845
sports:0.83475
mentor:0.79125
teen movie:0.77225
drama:0.766
good:0.74225
great ending:0.73
happy ending:0.70175
original:0.66325
redemption:0.655
80s:0.63975
teen:0.62825
college:0.624
predictable:0.61575
nudity (topless):0.60825
fun movie:0.56975
great:0.55075
great movie:0.52475
coming of age:0.51925
drinking:0.5165
destiny:0.51025
nudity (full frontal - notable):0.50825
teens:0.49725
pg-13:0.49525
story:0.49525
underdog:0.49275
friendship:0.46
intense:0.4515
feel-good:0.45125
runaway:0.44425
notable nudity:0.44375
gritty:0.44325
awesome soundtrack:0.443
school:0.438
honest:0.4365
future:0.4355
catastrophe:0.4265
nudity (topless - notable):0.41925
dialogue:0.41825
realistic:0.416
oscar (best supporting actress):0.41175
cool:0.40325
underrated:0.4
working class:0.39725
feel good movie:0.394
nostalgic:0.394
melancholic:0.39375
girlie movie:0.39075
gangsters:0.385
based on true story:0.379
culture clash:0.37425
unlikely friendships:0.3735
not funny:0.3735
great acting:0.37075
very good:0.36225
corruption:0.36125
new jersey:0.34925
dramatic:0.345
dreams:0.3445
oscar:0.33325
fun:0.33175
suspense:0.32875
california:0.3285
oscar (best supporting actor):0.32775
vengeance:0.32675
family:0.32625
chase:0.32625
violence:0.32475
childhood:0.32425
adaptation:0.3235
coming-of-age:0.32275
brutality:0.322
interesting:0.322
courage:0.321
transformation:0.31925
inspirational:0.315
talky:0.3125
passionate:0.31175
oscar (best directing):0.3105
beer:0.30925
sexy:0.30925
life philosophy:0.301
lone hero:0.2985
storytelling:0.29775
classic car:0.29725
first contact:0.2965
stereotypes:0.29575
excellent script:0.29575
excellent:0.295
harsh:0.29475
life:0.29325
bullying:0.29225
entertaining:0.29175
oscar (best actress):0.2915
enormously long battle scene:0.28675
oscar (best effects - visual effects):0.28525
