sci-fi:0.9855
futuristic:0.98425
cloning:0.9705
based on a tv show:0.97
future:0.95775
lone hero:0.95125
science fiction:0.94925
dystopia:0.9475
sci fi:0.94
action:0.93325
visually appealing:0.92825
cyberpunk:0.928
scifi:0.9245
clones:0.90225
post-apocalyptic:0.89825
fight scenes:0.89
visually stunning:0.8725
post apocalyptic:0.868
stylized:0.856
utopia:0.84325
assassin:0.842
technology:0.827
based on a video game:0.82075
visual:0.819
immortality:0.80525
pg-13:0.79425
video game adaptation:0.7875
alternate reality:0.782
original:0.76975
dystopic future:0.76675
story:0.76325
genetics:0.73925
big budget:0.72575
special effects:0.71
superheroes:0.703
super hero:0.68075
cartoon:0.67875
visuals:0.65675
predictable:0.65575
cgi:0.63575
computer game:0.63575
plot:0.6355
franchise:0.63
apocalypse:0.624
dialogue:0.614
virus:0.602
superhero:0.59625
cool:0.585
good action:0.5795
series:0.567
video game:0.561
plot holes:0.5595
heroine in tight suit:0.55625
action packed:0.55425
super-hero:0.5385
catastrophe:0.53675
dynamic cgi action:0.531
bad cgi:0.5305
bad plot:0.525
giant robots:0.501
weapons:0.49675
sexy:0.49175
rebellion:0.4895
revolution:0.4785
creativity:0.466
teleportation:0.45675
end of the world:0.456
comic book:0.44975
first contact:0.4485
stylish:0.4485
adaptation:0.44475
shallow:0.4445
cyborgs:0.439
pointless:0.438
life philosophy:0.42775
better than expected:0.42175
distopia:0.4215
great ending:0.415
mentor:0.414
fighting:0.412
fast paced:0.41175
silly:0.41125
betrayal:0.41025
mtv:0.409
space opera:0.39475
cinematography:0.39275
no plot:0.38825
bad acting:0.388
horrible:0.3855
surreal:0.3855
amazing cinematography:0.3805
fantasy world:0.37025
too short:0.37025
transformation:0.369
weird:0.36825
violence:0.36825
assassination:0.36375
alternate universe:0.36375
good:0.3615
natural disaster:0.361
