terminal illness:0.9935
cancer:0.977
life & death:0.95225
touching:0.91875
friendship:0.90375
feel-good:0.89425
life philosophy:0.8795
death:0.87125
unlikely friendships:0.86525
sentimental:0.853
heartwarming:0.843
feel good movie:0.8415
destiny:0.8265
hospital:0.824
mentor:0.8045
inspirational:0.7805
redemption:0.75475
good:0.73075
emotional:0.72975
tear jerker:0.72625
bittersweet:0.72425
great acting:0.70425
life:0.68525
catastrophe:0.68
drama:0.66925
original:0.65475
pg-13:0.65375
loneliness:0.641
sacrifice:0.62425
good acting:0.61175
excellent script:0.6015
storytelling:0.599
transformation:0.59775
existentialism:0.597
courage:0.58325
poignant:0.568
sappy:0.56625
philosophy:0.563
doctors:0.55575
reflective:0.55525
story:0.54975
better than expected:0.5375
predictable:0.5315
survival:0.5305
oscar:0.528
great ending:0.516
compassionate:0.515
happy ending:0.512
honest:0.50475
comedy:0.50425
dramatic:0.5035
great:0.496
solitude:0.49375
oscar winner:0.4895
sad:0.4825
culture clash:0.47725
drinking:0.47675
social commentary:0.4695
philosophical:0.46625
inspiring:0.46375
justice:0.461
adventure:0.4565
disability:0.45375
dialogue:0.452
good soundtrack:0.44275
natural disaster:0.442
afterlife:0.4415
fun movie:0.44075
road movie:0.4395
thought-provoking:0.43025
narrated:0.429
earnest:0.429
first contact:0.41625
very funny:0.41325
dreams:0.41225
romantic comedy:0.408
race:0.40425
big budget:0.3935
great movie:0.3825
aging:0.379
relationships:0.37375
underdog:0.37275
good story:0.36975
visually stunning:0.368
very good:0.36525
love story:0.359
family:0.35725
excellent:0.35725
plot:0.35675
sad but good:0.35675
stereotypes:0.3545
beautiful scenery:0.35325
fight scenes:0.35175
simple:0.345
road trip:0.3395
twists & turns:0.33925
classic car:0.3365
funny:0.3335
alone in the world:0.33125
bad ending:0.33125
