internet:0.98775
documentary:0.97
greed:0.94775
capitalism:0.90475
very interesting:0.89125
censorship:0.87275
marijuana:0.86375
original:0.85725
fighting the system:0.848
justice:0.84125
social commentary:0.81925
corruption:0.75
talky:0.744
hip hop:0.73725
good soundtrack:0.735
honest:0.70625
pornography:0.6915
interesting:0.68075
technology:0.655
visually appealing:0.64775
business:0.64225
obsession:0.635
alone in the world:0.62125
intellectual:0.61575
runaway:0.61125
life philosophy:0.60925
computers:0.60525
politics:0.60375
intimate:0.5925
depression:0.58725
intelligent:0.572
artistic:0.5665
twists & turns:0.5635
criterion:0.55925
story:0.54975
clever:0.54625
stand-up comedy:0.54575
male nudity:0.538
drama:0.53725
betrayal:0.53225
biopic:0.53025
prejudice:0.525
hacking:0.50825
oscar (best supporting actress):0.506
weird:0.50475
unusual plot structure:0.5
drugs:0.48475
oscar:0.48475
pirates:0.4835
independent film:0.47425
cerebral:0.47375
indie:0.472
catastrophe:0.47025
freedom:0.4675
narrated:0.46425
mentor:0.457
melancholic:0.45375
passionate:0.44975
great ending:0.44875
movielens top pick:0.44525
good:0.4445
poland:0.4415
thought-provoking:0.441
brutality:0.4405
british:0.43125
stylized:0.43
imdb top 250:0.42075
free to download:0.42
loneliness:0.41925
money:0.4135
bollywood:0.40975
homophobia:0.405
highly quotable:0.40175
distopia:0.40125
adapted from:book:0.39875
brainwashing:0.39675
grim:0.39675
philosophy:0.39225
artist:0.3885
wilderness:0.3865
mental illness:0.382
heartwarming:0.38125
complex:0.37725
special:0.3745
alternate history:0.367
music:0.3655
excellent script:0.36475
violence:0.363
humanity:0.36225
amazing photography:0.35975
based on book:0.35825
underdog:0.3575
queer:0.3555
stupidity:0.3545
police investigation:0.35175
storytelling:0.35025
suprisingly clever:0.34875
gay character:0.34675
character study:0.3465
oil:0.34575
