storytelling:0.97575
social commentary:0.96775
pornography:0.89825
cerebral:0.8825
dark humor:0.872
suburbia:0.8645
nudity (topless - notable):0.8645
dysfunctional family:0.793
weird:0.7905
loneliness:0.78
intellectual:0.75875
relationships:0.7495
life philosophy:0.74525
controversial:0.7405
disturbing:0.73575
bleak:0.72375
censorship:0.7155
visually appealing:0.7005
original:0.6935
indie:0.688
brutality:0.68375
thought-provoking:0.68225
enigmatic:0.67275
melancholic:0.6705
writing:0.669
satirical:0.65825
harsh:0.65525
independent film:0.64875
satire:0.64825
reflective:0.64275
sexual:0.6415
creativity:0.63525
cynical:0.63475
depression:0.627
nudity (full frontal - notable):0.62275
very interesting:0.62
sarcasm:0.6165
ironic:0.6145
multiple storylines:0.61425
good soundtrack:0.61425
dark:0.606
depressing:0.59975
philosophy:0.58725
black comedy:0.57725
writers:0.5755
existentialism:0.57275
story:0.5575
pointless:0.55725
life & death:0.557
dark comedy:0.552
nudity (topless):0.5505
narrated:0.54575
dialogue:0.538
complex:0.53525
brutal:0.53325
golden palm:0.53225
intimate:0.52125
great ending:0.51925
artsy:0.51325
sexualized violence:0.5125
pretentious:0.51075
criterion:0.5005
drinking:0.49925
quirky:0.492
male nudity:0.489
plot:0.4865
art house:0.484
obsession:0.47475
art:0.472
hard to watch:0.46225
sex:0.46
psychology:0.458
catastrophe:0.45275
off-beat comedy:0.45225
talky:0.449
destiny:0.449
secrets:0.44575
interesting:0.44425
clever:0.44275
redemption:0.44125
brainwashing:0.43625
new jersey:0.4335
tragedy:0.4335
violent:0.43025
shallow:0.425
teacher:0.42025
honest:0.413
sexual abuse:0.4095
surreal:0.4045
adaptation:0.403
exceptional acting:0.40275
drugs:0.40175
stylized:0.4015
suprisingly clever:0.3995
vengeance:0.39875
solitude:0.396
mentor:0.39425
sexuality:0.39075
psychological:0.389
entirely dialogue:0.38825
