adventure:0.98475
treasure hunt:0.9725
africa:0.92625
indiana jones:0.923
treasure:0.81275
bad acting:0.7905
action:0.76025
so bad it's funny:0.759
original:0.713
based on a book:0.7125
silly fun:0.69175
fantasy world:0.68575
parody:0.6565
spoof:0.6445
jungle:0.639
fun movie:0.63475
swashbuckler:0.6265
chase:0.618
bad:0.59025
action packed:0.589
realistic action:0.5715
silly:0.558
dialogue:0.53325
fantasy:0.529
mentor:0.51825
pulp:0.50575
predictable:0.4925
big budget:0.4535
stupid as hell:0.45175
goofy:0.44875
ridiculous:0.43775
catastrophe:0.43775
post apocalyptic:0.43575
remake:0.432
lone hero:0.42025
great ending:0.41775
fun:0.4015
special effects:0.39725
sequel:0.39225
good:0.38725
destiny:0.38125
idiotic:0.378
entirely dialogue:0.37525
adaptation:0.372
great:0.37025
brutality:0.36475
lame:0.3575
good soundtrack:0.3525
bad plot:0.352
storytelling:0.35
cheesy:0.3475
stereotypes:0.34525
crappy sequel:0.3365
campy:0.33575
natural disaster:0.33425
justice:0.3325
books:0.33175
runaway:0.32775
1930s:0.32525
good action:0.32025
overrated:0.32
nudity (full frontal - brief):0.3195
torture:0.319
unusual plot structure:0.319
slapstick:0.31675
first contact:0.31575
fight scenes:0.31525
snakes:0.311
unintentionally funny:0.31075
melancholic:0.303
pornography:0.30125
road movie:0.29925
death:0.2985
gunfight:0.2945
awful:0.29425
very funny:0.293
humorous:0.29275
nudity (topless - brief):0.2885
comedy:0.2875
culture clash:0.286
vengeance:0.286
spiders:0.28375
nocturnal:0.2825
quirky:0.279
childhood:0.27725
entertaining:0.27675
not funny:0.27475
horrible:0.273
life philosophy:0.272
high fantasy:0.271
crude humor:0.2705
exciting:0.26875
writers:0.267
80s:0.2625
absurd:0.26225
sequels:0.26125
cult film:0.26075
shallow:0.2575
redemption:0.256
indians:0.25325
