original:0.96525
capitalism:0.96275
political:0.915
politics:0.9105
corruption:0.876
documentary:0.8735
greed:0.85375
propaganda:0.85125
good:0.8445
educational:0.83525
thought-provoking:0.83375
inspiring:0.83275
philosophy:0.8265
idealism:0.8245
foreign:0.8175
canada:0.79725
social commentary:0.7965
mentor:0.79
complex:0.78025
brutality:0.773
justice:0.7715
workplace:0.75075
intellectual:0.747
genocide:0.73275
powerful ending:0.7305
slavery:0.7285
death penalty:0.72525
interesting:0.716
life & death:0.70625
prison:0.66425
middle east:0.6615
honest:0.6595
great movie:0.658
original plot:0.65125
germany:0.6475
entertaining:0.64275
brainwashing:0.6365
talky:0.63575
great ending:0.6305
suspense:0.6285
weed:0.6285
history:0.62675
drugs:0.62275
revolution:0.62175
school:0.61925
alternate endings:0.61825
suprisingly clever:0.616
love story:0.61225
intelligent:0.6115
first contact:0.60925
culture clash:0.6055
great:0.60475
murder:0.60175
sacrifice:0.59425
utopia:0.59225
amazing photography:0.5805
us history:0.57725
clever:0.5735
pg-13:0.5715
storytelling:0.56825
earnest:0.56725
moral ambiguity:0.56675
islam:0.56675
excellent script:0.5645
military:0.558
good acting:0.55725
allegory:0.5565
redemption:0.556
intense:0.5545
twists & turns:0.554
realistic:0.54575
good soundtrack:0.53775
death:0.53775
very interesting:0.53725
destiny:0.53275
manipulation:0.52725
morality:0.5175
sexy:0.516
grindhouse:0.514
secrets:0.51225
narrated:0.51175
cinematography:0.511
male nudity:0.51075
classic car:0.5105
iran:0.50925
feel-good:0.50525
distopia:0.505
harsh:0.50225
cheerleading:0.49825
touching:0.496
pornography:0.4905
alternate reality:0.48625
holocaust:0.48275
plot twist:0.4825
prejudice:0.481
business:0.48025
excellent:0.4755
cerebral:0.47375
psychological:0.47175
freedom:0.471
