beauty pageant:0.988
dysfunctional family:0.97825
family bonds:0.97575
road trip:0.971
independent film:0.96775
social commentary:0.94275
indie:0.93
highly quotable:0.92825
oscar (best directing):0.92775
imdb top 250:0.9175
heartwarming:0.915
family drama:0.91275
comedy:0.9105
oscar (best supporting actor):0.90725
feel-good:0.8905
feel good movie:0.88825
original:0.88725
excellent script:0.88325
california:0.87675
great acting:0.8715
off-beat comedy:0.86975
gay character:0.8655
quirky:0.8595
road movie:0.853
dark humor:0.84725
parenthood:0.831
suicide attempt:0.83075
pornography:0.826
family:0.81925
good soundtrack:0.81825
bittersweet:0.804
affectionate:0.801
depression:0.8005
funny:0.799
exceptional acting:0.79325
sarcasm:0.76925
depressing:0.754
touching:0.74875
drama:0.74525
dark comedy:0.74025
satire:0.73425
ensemble cast:0.73325
visually appealing:0.7225
dramatic:0.7195
foul language:0.71225
coming of age:0.71
suicide:0.7095
hilarious:0.7015
life:0.69925
oscar:0.6925
storytelling:0.69175
weird:0.6565
spelling bee:0.6555
clever:0.65425
narrated:0.647
dark:0.6445
good acting:0.6405
very funny:0.63825
relationships:0.638
melancholic:0.629
tragedy:0.629
oscar (best actress):0.62475
great ending:0.623
witty:0.62225
humor:0.61725
humorous:0.616
poignant:0.61575
absurd:0.61525
honest:0.60475
powerful ending:0.59925
oscar (best supporting actress):0.59575
mentor:0.59275
inspirational:0.58575
loneliness:0.583
twists & turns:0.5815
life philosophy:0.58
drugs:0.57925
culture clash:0.57525
emotional:0.57225
interesting:0.572
criterion:0.5705
black comedy:0.5665
runaway:0.564
heroin:0.56325
hospital:0.5625
crazy:0.561
complex:0.5605
cinematography:0.56
movielens top pick:0.558
realistic:0.55525
satirical:0.551
sweet:0.54825
talky:0.54725
dialogue:0.543
stereotypes:0.53925
reflective:0.537
good:0.53525
destiny:0.531
obsession:0.52975
secrets:0.519
