horror:0.9645
monsters:0.94075
fun movie:0.93125
small town:0.92425
christmas:0.91825
monster:0.9045
silly fun:0.89675
comedy:0.89
cult classic:0.865
goofy:0.85425
original:0.85075
special effects:0.8485
light:0.82825
cult film:0.80075
scary:0.79225
80s:0.78025
saturn award (best special effects):0.74475
violence:0.7435
creepy:0.738
pg:0.7355
childhood:0.73525
entertaining:0.73475
oscar (best effects - visual effects):0.72525
fun:0.719
funny:0.70475
1980s:0.7005
cute:0.7
great movie:0.699
suspenseful:0.688
good:0.6855
spielberg:0.68525
splatter:0.67625
frightening:0.6675
family:0.66625
great:0.6625
gruesome:0.6555
classic:0.6545
kids:0.651
fantasy:0.6485
silly:0.64275
demons:0.64075
pg-13:0.64025
cute!:0.63975
story:0.63875
holiday:0.63025
original plot:0.622
gory:0.62175
suspense:0.617
effects:0.61525
violent:0.608
scifi:0.59475
great ending:0.58725
chase:0.58425
70mm:0.57925
weird:0.579
intense:0.579
children:0.5725
toys:0.55825
very funny:0.5545
nostalgic:0.55375
whimsical:0.54825
death:0.54
sci fi:0.539
mentor:0.53425
mythology:0.5335
computer animation:0.5315
clever:0.5275
parody:0.51725
macabre:0.51275
storytelling:0.501
transformation:0.49925
cool:0.4985
hilarious:0.4975
humorous:0.4905
science fiction:0.48825
tense:0.488
dialogue:0.48725
quotable:0.48625
underrated:0.486
catastrophe:0.483
good action:0.4715
future:0.466
brutality:0.4655
adventure:0.4555
so bad it's funny:0.44675
feel-good:0.4455
good soundtrack:0.4395
slapstick:0.43925
imdb top 250:0.43575
spiders:0.4345
blood:0.43025
predictable:0.419
supernatural:0.413
kids and family:0.41025
lone hero:0.406
creativity:0.40425
dark:0.4005
ghosts/afterlife:0.4
visual:0.39875
franchise:0.39875
