goofy:0.95375
island:0.93325
father son relationship:0.89675
monsters:0.8915
monster:0.879
camp:0.8015
silly:0.74225
silly fun:0.71775
original:0.712
tokyo:0.69375
franchise:0.68475
special effects:0.66425
so bad it's funny:0.65425
parody:0.64875
fun movie:0.60125
fun:0.58175
nostalgic:0.577
predictable:0.575
spiders:0.5665
stupid as hell:0.5025
disaster:0.4935
adventure:0.4885
mentor:0.46475
fight scenes:0.46425
natural disaster:0.46375
catastrophe:0.45625
revenge:0.4415
solitude:0.44
sarcasm:0.43725
idiotic:0.437
bad plot:0.43125
bullying:0.4305
science fiction:0.42375
lame:0.42025
dinosaurs:0.4155
destiny:0.40675
mad scientist:0.39525
dialogue:0.39475
series:0.3885
culture clash:0.37725
great ending:0.37575
pg-13:0.37525
nostalgia:0.369
fantasy world:0.361
campy:0.35975
multiple storylines:0.35325
weird:0.3505
good soundtrack:0.34825
family:0.34525
ninja:0.345
overrated:0.332
cool:0.332
good:0.33175
story:0.3305
transformation:0.33025
cheesy:0.328
unusual plot structure:0.327
corny:0.324
pulp:0.32025
storytelling:0.3165
fighting:0.31575
japan:0.3155
cult film:0.31375
weapons:0.31325
romance:0.31325
touching:0.31175
adaptation:0.31125
first contact:0.3095
very funny:0.30875
brutality:0.308
cute:0.3065
stupidity:0.306
dysfunctional family:0.306
stupid:0.302
alternate history:0.30125
crude humor:0.29825
scary:0.29525
lone hero:0.293
pointless:0.28925
boring:0.288
family drama:0.286
doctors:0.2815
male nudity:0.27925
slapstick:0.279
demons:0.27625
spoof:0.27525
quirky:0.27125
action:0.2675
entirely dialogue:0.26575
death:0.264
pornography:0.2635
intense:0.261
great:0.2595
scifi:0.25375
allegory:0.25175
cute!:0.25
splatter:0.24925
sci fi:0.249
gangsters:0.2465
childhood:0.243
