arnold:0.991
comedy:0.98525
very funny:0.8265
brothers:0.80975
family:0.8085
action:0.80725
hilarious:0.77925
fun movie:0.77125
silly:0.76575
chase:0.74225
original:0.72525
good:0.67775
goofy:0.67675
funny:0.67025
good action:0.65825
bad plot:0.63425
silly fun:0.622
story:0.60975
destiny:0.5955
80s:0.59175
predictable:0.58925
great:0.58675
adoption:0.57625
humorous:0.57075
island:0.56225
good soundtrack:0.5505
pg-13:0.54775
fun:0.529
buddy movie:0.5225
fish:0.51425
entertaining:0.484
mentor:0.48025
culture clash:0.46425
catastrophe:0.46325
dumb but funny:0.4615
great movie:0.45925
unfunny:0.45175
so bad it's funny:0.43725
dialogue:0.43525
light:0.4325
genetics:0.432
great ending:0.431
fight scenes:0.42625
lone hero:0.42225
dumb:0.42175
nostalgic:0.4015
adventure:0.4005
sentimental:0.39925
runaway:0.394
touching:0.39275
childhood:0.39225
crude humor:0.388
violence:0.38525
transformation:0.38225
clever:0.3675
sci fi:0.367
slapstick:0.35325
brutality:0.353
mad scientist:0.34825
road movie:0.3465
humor:0.346
android(s)/cyborg(s):0.345
alter ego:0.34275
redemption:0.34125
nudity (full frontal - brief):0.33925
life philosophy:0.335
franchise:0.33475
first contact:0.333
kids:0.3325
creativity:0.3315
police investigation:0.3285
girlie movie:0.32825
fantasy:0.325
happy ending:0.3235
storytelling:0.32075
homeless:0.3205
adaptation:0.307
family drama:0.3065
cloning:0.30575
drama:0.3055
clones:0.30525
comic:0.304
scifi:0.30275
secrets:0.297
not funny:0.29325
great acting:0.29075
identity:0.28875
special effects:0.27775
suspense:0.27725
road trip:0.2735
fantasy world:0.27325
suprisingly clever:0.27275
multiple storylines:0.26875
big budget:0.265
motorcycle:0.26325
natural disaster:0.26325
oscar (best directing):0.26075
entirely dialogue:0.2605
melancholic:0.26025
vengeance:0.25975
