childhood:0.9305
iran:0.8825
bleak:0.87475
foreign:0.8525
intimate:0.848
poverty:0.83
affectionate:0.7965
children:0.77425
orphans:0.7685
culture clash:0.75375
unusual plot structure:0.7205
loneliness:0.70175
golden palm:0.63625
melancholic:0.6155
sisters:0.6135
secrets:0.60375
original:0.574
indie:0.57275
horses:0.571
documentary:0.57
poignant:0.57
movielens top pick:0.56275
solitude:0.55425
life:0.5485
unlikely friendships:0.5405
depression:0.539
mentor:0.538
depressing:0.53675
male nudity:0.52075
fighting the system:0.51975
independent film:0.51625
heartbreaking:0.5075
vengeance:0.50175
parenthood:0.4975
harsh:0.4965
brutality:0.4955
artist:0.488
melancholy:0.48125
meditative:0.4775
downbeat:0.476
beautifully filmed:0.473
family drama:0.464
reflective:0.463
bollywood:0.46
school:0.459
social commentary:0.4585
greed:0.4555
very interesting:0.45425
good soundtrack:0.454
road movie:0.4505
art:0.42975
dysfunctional family:0.4265
disability:0.4255
cinematography:0.42475
terminal illness:0.41975
oscar (best foreign language film):0.41475
catastrophe:0.41175
photography:0.41125
life philosophy:0.4025
scenic:0.39975
suprisingly clever:0.3935
tokyo:0.38925
runaway:0.38875
father daughter relationship:0.38825
guilt:0.385
visually stunning:0.38425
nudity (topless - notable):0.384
adoption:0.38175
family:0.37475
storytelling:0.36975
drugs:0.36825
better than expected:0.36
disturbing:0.358
beautiful scenery:0.3545
life & death:0.35425
sacrifice:0.3535
criterion:0.3525
stylized:0.3525
drinking:0.35
islam:0.3475
sexual abuse:0.34
god:0.33575
light:0.332
not funny:0.3305
aging:0.3295
emotional:0.326
great ending:0.32425
middle east:0.32375
fantasy world:0.32075
iraq:0.3205
visually appealing:0.32
finnish:0.31975
canada:0.3185
great:0.31775
queer:0.31525
realistic:0.31375
tragedy:0.31375
drama:0.31075
single father:0.3105
redemption:0.301
