screwball comedy:0.99275
screwball:0.96975
affectionate:0.90575
comedy:0.87375
farce:0.86125
marriage:0.85125
oscar (best directing):0.828
complicated:0.825
romantic comedy:0.812
witty:0.807
hotel:0.79475
original:0.78625
courtroom:0.779
adultery:0.779
oscar (best actress):0.752
imdb top 250:0.73875
obsession:0.7305
police investigation:0.714
island:0.70575
clever:0.6965
talky:0.69325
light:0.68275
1930s:0.6775
funny:0.6745
heartwarming:0.6735
cross dressing:0.6635
black and white:0.65775
classic:0.65125
criterion:0.63225
idealism:0.6305
divorce:0.63
hitchcock:0.62925
romantic:0.625
investigation:0.6155
interesting:0.61225
noir thriller:0.61175
oscar winner:0.606
identity:0.5995
lawyer:0.594
greed:0.59075
based on a play:0.587
suspense:0.58225
corruption:0.57875
dramatic:0.57175
runaway:0.57
mentor:0.56775
drama:0.5545
great ending:0.551
suprisingly clever:0.54875
tricky:0.54775
humorous:0.542
twists & turns:0.538
fun movie:0.53
afi 100 (laughs):0.529
murder mystery:0.52875
hilarious:0.5255
great:0.524
destiny:0.5165
oscar (best supporting actress):0.5155
good:0.51475
story:0.514
court:0.51175
beautiful scenery:0.50475
dialogue:0.50475
murder:0.50225
very funny:0.50075
chase:0.496
secrets:0.49575
great movie:0.49
sexy:0.481
assassination:0.4805
storytelling:0.47825
culture clash:0.47525
enigmatic:0.475
oscar (best writing - screenplay written directly for the screen):0.462
cynical:0.45375
adoption:0.45375
oscar (best actor):0.4505
very interesting:0.4495
oscar (best supporting actor):0.44875
sentimental:0.4475
cinematography:0.44675
oscar (best cinematography):0.44
romance:0.44
touching:0.4335
desert:0.43275
complex:0.4265
mystery:0.42625
manipulation:0.42325
oscar:0.422
psychiatry:0.42175
noir:0.41125
adaptation:0.40425
cerebral:0.403
love:0.40125
lawyers:0.401
family:0.40075
amazing photography:0.3995
sweet:0.399
great acting:0.397
