horror:0.92225
cult film:0.87125
splatter:0.8405
silly fun:0.84
spiders:0.828
cult classic:0.81425
bad acting:0.79675
so bad it's funny:0.79475
low budget:0.79425
creepy:0.7935
campy:0.74725
original:0.74675
grindhouse:0.7205
nudity (topless - notable):0.7105
bad plot:0.70225
pointless:0.6535
small town:0.62525
teens:0.62275
weird:0.58725
stupid as hell:0.5705
silly:0.569
special effects:0.56625
goofy:0.54125
dumb but funny:0.53975
camp:0.5365
nerds:0.53575
scary:0.52075
gory:0.5205
quirky:0.515
brutality:0.50925
criterion:0.49925
nudity (full frontal - notable):0.495
demons:0.488
predictable:0.4875
supernatural:0.4735
nudity (topless):0.46875
teen movie:0.45025
underrated:0.4445
bad:0.444
effects:0.44
violent:0.43775
sci fi:0.4345
first contact:0.4315
dialogue:0.42575
slasher:0.42575
mentor:0.42575
gore:0.41975
visceral:0.41475
mutants:0.40775
good soundtrack:0.4075
fun movie:0.40225
great ending:0.3975
dumb:0.39125
beer:0.3895
weapons:0.38775
disaster:0.387
multiple storylines:0.384
death:0.37825
pornography:0.37575
catastrophe:0.37225
chase:0.37225
overrated:0.3675
sci-fi:0.3665
horrible:0.36525
mad scientist:0.3625
entirely dialogue:0.3625
pulp:0.359
gross-out:0.356
idiotic:0.35425
not funny:0.3535
1970s:0.3505
adaptation:0.35025
scifi:0.343
lone hero:0.34275
80s:0.3395
boring:0.334
unintentionally funny:0.33375
bad ending:0.33325
bullying:0.33225
dysfunctional family:0.3275
stereotypes:0.32375
unusual plot structure:0.322
family:0.3205
nudity:0.31325
disturbing:0.30975
shallow:0.307
devil:0.3065
directorial debut:0.30225
corruption:0.30025
life philosophy:0.29825
science fiction:0.2975
zombie:0.2955
natural disaster:0.29425
fantasy world:0.29325
animals:0.293
suspense:0.29225
gruesome:0.289
vengeance:0.2885
very funny:0.2885
paranoid:0.28825
