life & death:0.974
life:0.9485
storytelling:0.94775
bittersweet:0.9475
aging:0.9335
emotional:0.9295
touching:0.91925
visually appealing:0.90775
love story:0.89325
long:0.89175
story:0.88575
cinematography:0.8725
visual:0.8665
original:0.85975
oscar:0.8505
melancholic:0.8485
cerebral:0.8415
life philosophy:0.8395
visually stunning:0.8375
sentimental:0.82625
drama:0.82275
oscar (best picture):0.81925
destiny:0.81925
death:0.81075
loneliness:0.783
reflective:0.782
great acting:0.78075
hospital:0.778
philosophical:0.77275
interesting:0.7715
poignant:0.75475
intellectual:0.75275
great ending:0.7495
mentor:0.73975
original plot:0.73975
weird:0.7365
sad:0.73425
existentialism:0.73425
childhood:0.73325
pg-13:0.73025
oscar (best directing):0.72875
excellent script:0.72675
dramatic:0.71725
special effects:0.7165
surreal:0.71025
philosophy:0.71
adapted from:book:0.702
complex:0.7015
new orleans:0.698
narrated:0.69075
imdb top 250:0.689
thought-provoking:0.68475
whimsical:0.684
beautifully filmed:0.67575
technology:0.672
breathtaking:0.66875
intense:0.66775
adventure:0.66475
big budget:0.657
magic realism:0.65675
good acting:0.64475
heartwarming:0.64175
good soundtrack:0.63975
catastrophe:0.6355
beautiful scenery:0.63375
good:0.633
oscar winner:0.63125
oscar (best actor):0.6255
epic:0.62425
melancholy:0.62375
sacrifice:0.6235
love:0.62
heartbreaking:0.61675
tragedy:0.60025
too long:0.59775
social commentary:0.5955
unlikely friendships:0.5945
great:0.59225
survival:0.59075
biography:0.58675
redemption:0.585
friendship:0.581
oscar (best effects - visual effects):0.5795
creativity:0.57775
stunning:0.57625
visuals:0.5745
romance:0.57075
solitude:0.5685
plot:0.56625
imagination:0.562
great movie:0.55725
nostalgic:0.55625
feel-good:0.5555
very interesting:0.5515
transformation:0.53
first contact:0.52925
special:0.52875
scenic:0.52775
fantasy world:0.527
masterpiece:0.5255
