interracial romance:0.98675
soccer:0.9545
indians:0.953
culture clash:0.951
feel-good:0.942
football:0.94125
ethnic conflict:0.92075
coming of age:0.90175
girlie movie:0.89375
father daughter relationship:0.8625
family:0.85625
feel good movie:0.85
london:0.83425
england:0.83275
friendship:0.82025
women:0.79325
sports:0.78525
chick flick:0.765
british:0.76475
cute!:0.737
cute:0.7265
bollywood:0.71825
love:0.717
stereotypes:0.7135
race issues:0.69425
unlikely friendships:0.69
awesome soundtrack:0.689
good:0.671
relationships:0.665
original:0.665
pg-13:0.66375
happy ending:0.66225
runaway:0.65975
fun movie:0.64925
fun:0.64575
prejudice:0.6245
mentor:0.6135
wedding:0.60825
teen:0.59625
good soundtrack:0.5925
sweet:0.589
coming-of-age:0.587
british comedy:0.5795
teen movie:0.57475
marriage:0.572
comedy:0.5685
romantic:0.55675
immigrants:0.554
great:0.5465
love story:0.543
romantic comedy:0.53375
funny:0.52275
light:0.51975
teenager:0.5195
touching:0.5195
heartwarming:0.5105
oscar (best actress):0.5045
adolescence:0.5005
predictable:0.497
destiny:0.49375
great movie:0.491
teens:0.49
high school:0.48975
entertaining:0.48575
romance:0.4775
great ending:0.46525
sexy:0.4565
gay character:0.45125
pornography:0.44825
childhood:0.427
melancholic:0.4125
children:0.411
india:0.40175
lesbian:0.40125
drama:0.39925
catastrophe:0.39875
teenagers:0.39825
affectionate:0.3955
very good:0.39375
oscar (best supporting actress):0.393
story:0.37825
passionate:0.378
dreams:0.377
parenthood:0.3765
fight scenes:0.374
witty:0.371
very funny:0.37
dialogue:0.36725
guilty pleasure:0.361
mother daughter relationship:0.3555
sisters:0.35425
rags to riches:0.35325
school:0.353
secrets:0.3515
adaptation:0.337
dysfunctional family:0.33275
good acting:0.31875
irish accent:0.31825
betrayal:0.31825
chase:0.31775
