creepy:0.938
gruesome:0.9275
horror:0.926
storytelling:0.92025
splatter:0.915
disturbing:0.9095
visceral:0.90625
vengeance:0.902
weird:0.8655
violent:0.864
brutality:0.8575
violence:0.8535
macabre:0.84525
dark humor:0.8385
tense:0.83025
dark:0.8245
cannibalism:0.8185
gory:0.808
psychological:0.805
visual:0.78925
surreal:0.7815
cinematography:0.78025
loneliness:0.77875
visually appealing:0.776
original:0.7605
allegory:0.75525
great ending:0.74825
grim:0.7455
cerebral:0.7385
intense:0.7375
story:0.728
cult film:0.72725
stylized:0.723
torture:0.716
atmospheric:0.711
twists & turns:0.70975
visually stunning:0.694
psychology:0.68375
social commentary:0.6725
kidnapping:0.6725
sexualized violence:0.6635
criterion:0.65875
strange:0.654
blood:0.647
art house:0.64675
suspense:0.646
brutal:0.64325
revenge:0.63025
japanese:0.62725
murder:0.62025
existentialism:0.6165
complex:0.616
bloody:0.607
twist:0.60625
cult classic:0.60475
claustrophobic:0.60375
insanity:0.58375
secrets:0.5775
obsession:0.57725
grindhouse:0.575
good soundtrack:0.568
enigmatic:0.5665
melancholic:0.5665
artsy:0.56425
serial killer:0.5545
cult:0.55325
dialogue:0.54875
mentor:0.5445
japan:0.54225
artistic:0.534
movielens top pick:0.52975
unusual plot structure:0.529
harsh:0.52875
masterpiece:0.526
adaptation:0.52575
surrealism:0.51225
too short:0.5115
stylish:0.51075
guilt:0.50975
goretastic:0.50775
life & death:0.5075
dark hero:0.503
dreams:0.496
trilogy:0.48625
beautifully filmed:0.48425
downbeat:0.484
eerie:0.47925
tragedy:0.47475
art:0.47425
nocturnal:0.47225
bizarre:0.471
black comedy:0.4705
transformation:0.46125
very interesting:0.45925
breathtaking:0.458
underrated:0.45225
childhood:0.4495
talky:0.447
graphic novel:0.4445
creativity:0.44425
