hilarious:0.964
parenthood:0.942
comedy:0.92125
stand-up comedy:0.87925
original:0.8115
great:0.80075
honest:0.78175
suprisingly clever:0.746
dark humor:0.74075
great movie:0.739
imdb top 250:0.73525
highly quotable:0.7275
talky:0.7035
mentor:0.6925
good soundtrack:0.68525
runaway:0.678
humor:0.66475
unusual plot structure:0.66475
good:0.66275
great acting:0.657
social commentary:0.64975
criterion:0.6465
oscar (best directing):0.63625
cult classic:0.632
excellent script:0.60425
good acting:0.58875
witty:0.5845
humorous:0.58375
goofy:0.58
oscar (best actress):0.57525
quotable:0.57425
drama:0.568
irreverent:0.56725
very good:0.56625
culture clash:0.56125
affectionate:0.55775
brutality:0.555
greed:0.55175
narrated:0.55125
violence:0.55075
documentary:0.54525
divorce:0.533
beautiful scenery:0.53175
chase:0.52875
gunfight:0.52675
clever:0.52675
beautifully filmed:0.52625
intelligent:0.526
cool:0.52225
weapons:0.52225
great ending:0.51825
storytelling:0.5145
movielens top pick:0.505
foul language:0.50025
vengeance:0.4965
fun movie:0.4955
classic car:0.49425
very funny:0.48925
based on book:0.4875
allegory:0.48725
life philosophy:0.48325
interesting:0.48275
bond:0.4805
dialogue:0.47775
touching:0.47575
original plot:0.47075
dramatic:0.468
off-beat comedy:0.467
visually appealing:0.46425
realistic:0.46175
male nudity:0.45425
life & death:0.454
foreign:0.45275
cinematography:0.45
catastrophe:0.45
gory:0.45
sexualized violence:0.44425
love:0.4435
sarcasm:0.44275
drinking:0.43875
amazing photography:0.43675
complex:0.4365
childhood:0.4355
absurd:0.435
oscar:0.43475
earnest:0.43375
oscar (best supporting actor):0.431
adaptation:0.43025
story:0.43
dark hero:0.42925
classic:0.42925
redemption:0.429
transformation:0.42725
atmospheric:0.42575
friendship:0.421
bittersweet:0.41825
corruption:0.415
sacrifice:0.41275
excellent:0.411
harsh:0.4095
