funny:0.92825
storytelling:0.92775
hilarious:0.869
original:0.86175
crude humor:0.844
view askew:0.843
irreverent:0.8415
talky:0.82275
parody:0.81725
canada:0.812
good soundtrack:0.80775
england:0.79325
comedy:0.793
very funny:0.785
fun movie:0.783
pornography:0.774
great ending:0.7735
very interesting:0.7725
stand-up comedy:0.7595
pg-13:0.744
london:0.74375
vengeance:0.74075
interesting:0.739
great movie:0.7325
excellent script:0.7245
highly quotable:0.7235
social commentary:0.71825
suprisingly clever:0.712
clever:0.712
funny as hell:0.71125
humor:0.6965
entertaining:0.6915
satire:0.6915
gunfight:0.689
imdb top 250:0.68475
british:0.6825
dialogue:0.678
humorous:0.66125
good:0.65875
suspense:0.65875
mentor:0.6495
drinking:0.6475
corruption:0.64625
unusual plot structure:0.64525
brutality:0.631
great:0.6305
jay and silent bob:0.62175
satirical:0.613
secrets:0.6065
trilogy:0.6055
movielens top pick:0.60475
long:0.60375
sexualized violence:0.5905
justice:0.58675
intense:0.58475
foul language:0.57575
dark hero:0.57525
multiple storylines:0.5665
violence:0.562
intelligent:0.55975
twists & turns:0.55925
story:0.55
fun:0.54675
very good:0.5435
witty:0.54025
unlikely friendships:0.537
honest:0.53675
stylish:0.5295
sarcasm:0.52825
god:0.52725
intellectual:0.52675
quotable:0.52225
censorship:0.51875
great acting:0.51625
redemption:0.51175
oscar (best directing):0.5105
special:0.5105
great dialogue:0.51
fast paced:0.508
underrated:0.5075
revenge:0.50575
documentary:0.5035
independent film:0.50275
male nudity:0.50175
reflective:0.5
oscar winner:0.49975
original plot:0.49875
good dialogue:0.498
teen:0.493
life philosophy:0.4925
nudity (full frontal - brief):0.49125
moral ambiguity:0.48275
art:0.48275
greed:0.482
workplace:0.48175
fantasy world:0.48075
stereotypes:0.474
chase:0.4735
weapons:0.47075
catastrophe:0.4695
