documentary:0.8945
weird:0.867
original:0.8305
lyrical:0.81875
affectionate:0.818
musicians:0.80675
enigmatic:0.79825
obsession:0.7885
great:0.7555
criterion:0.73825
very interesting:0.731
complex:0.728
creativity:0.723
good soundtrack:0.70025
musical:0.6955
music:0.693
pornography:0.68475
indie:0.63325
narrated:0.625
quirky:0.6225
intimate:0.61325
vengeance:0.6085
great ending:0.608
runaway:0.605
witty:0.6045
whimsical:0.60425
melancholic:0.603
interesting:0.59825
artistic:0.59475
macabre:0.592
highly quotable:0.591
stylized:0.5865
honest:0.581
clever:0.576
drinking:0.571
earnest:0.56975
1970s:0.56775
greed:0.565
culture clash:0.56175
unusual plot structure:0.54775
us history:0.54675
life philosophy:0.54425
mentor:0.542
awesome soundtrack:0.54175
cool:0.52425
love:0.52225
nudity (full frontal - brief):0.5065
entertaining:0.5035
biography:0.50125
rock and roll:0.49725
good:0.49225
addiction:0.4875
history:0.484
gory:0.47525
cult classic:0.46675
relationships:0.46525
biographical:0.45925
great movie:0.459
light:0.45
fun movie:0.44175
cult film:0.44025
internet:0.437
catastrophe:0.4355
adaptation:0.41925
great music:0.41625
grindhouse:0.41475
mental illness:0.4125
independent film:0.41
suprisingly clever:0.40975
harsh:0.408
excellent script:0.407
unlikely friendships:0.40525
revenge:0.405
great soundtrack:0.4025
dialogue:0.40225
police investigation:0.40025
artist:0.396
movielens top pick:0.39525
good music:0.39425
talky:0.38775
corruption:0.38575
fantasy world:0.385
life:0.383
fun:0.3815
drama:0.37825
downbeat:0.37725
humorous:0.377
imagination:0.3745
cerebral:0.373
storytelling:0.3705
eccentricity:0.36875
very good:0.36425
atmospheric:0.3635
original plot:0.36275
factual:0.36175
brutality:0.35
very funny:0.34875
twists & turns:0.34625
insanity:0.345
assassination:0.34475
