obsession:0.9085
original:0.89
quirky:0.87375
relationships:0.81275
independent film:0.8095
weird:0.7935
shallow:0.7605
good soundtrack:0.75725
insanity:0.7545
very interesting:0.747
loneliness:0.732
romance:0.7315
visually appealing:0.7235
great soundtrack:0.69275
gay:0.68775
great music:0.66325
psychological:0.6595
psychology:0.65475
off-beat comedy:0.60875
music:0.60675
sexy:0.60075
dialogue:0.5855
love:0.5795
cult film:0.56375
absurd:0.5585
eccentricity:0.53375
interesting:0.53275
mentor:0.52975
clever:0.52925
drama:0.51175
low budget:0.507
unusual plot structure:0.505
great ending:0.50475
gory:0.504
claustrophobic:0.489
tense:0.48625
life philosophy:0.4855
criterion:0.48025
talky:0.4775
good:0.47625
fun:0.47425
runaway:0.47375
light:0.4725
great:0.469
goofy:0.46875
romantic:0.46725
creativity:0.466
melancholic:0.466
bizarre:0.45775
plot:0.457
stylish:0.45625
witty:0.45
narrated:0.44625
crude humor:0.444
secrets:0.443
catastrophe:0.44125
cerebral:0.44025
multiple storylines:0.44
solitude:0.43975
underrated:0.438
story:0.43625
cinematography:0.429
suspenseful:0.427
cult classic:0.42575
adaptation:0.423
fantasy:0.42225
male nudity:0.4215
suspense:0.41875
murder:0.41475
twists & turns:0.41325
creepy:0.41
unlikely friendships:0.40425
great acting:0.4025
very funny:0.4
enigmatic:0.39925
culture clash:0.397
musical:0.3965
dark humor:0.39575
plot twist:0.39525
storytelling:0.39425
whimsical:0.3915
fantasy world:0.38825
special:0.38775
feel-good:0.3875
brutality:0.38525
twist:0.38525
lyrical:0.38475
suprisingly clever:0.38475
thriller:0.38325
ironic:0.38225
sexualized violence:0.38175
grindhouse:0.3815
stylized:0.37625
bad ending:0.374
san francisco:0.37275
police investigation:0.37225
predictable:0.36925
entertaining:0.3665
visually stunning:0.36575
destiny:0.36475
