dragons:0.9965
fantasy:0.98975
medieval:0.977
mythology:0.97075
high fantasy:0.95425
special effects:0.9435
adventure:0.9415
fairy tales:0.919
fantasy world:0.9175
mentor:0.89325
fairy tale:0.87425
big budget:0.869
dragon:0.86725
magic:0.85725
destiny:0.828
immortality:0.8135
sacrifice:0.81
action:0.8015
good:0.75275
great:0.7215
cgi:0.71725
original:0.6945
catastrophe:0.673
story:0.666
great ending:0.63075
effects:0.62525
bad cgi:0.62425
first contact:0.62
fun movie:0.61775
humorous:0.61525
visual:0.614
good versus evil:0.60825
whimsical:0.5945
good action:0.5925
natural disaster:0.59225
pg-13:0.58925
chase:0.57825
great movie:0.57675
bad plot:0.546
feel-good:0.5395
creativity:0.538
good story:0.53175
fight scenes:0.52975
bittersweet:0.52675
transformation:0.5235
better than expected:0.52125
redemption:0.5165
good acting:0.51625
nostalgic:0.51375
fun:0.51125
predictable:0.50975
computer animation:0.5095
technology:0.5025
dialogue:0.50125
dynamic cgi action:0.5
beautiful scenery:0.49875
king arthur:0.48875
unlikely friendships:0.4845
childhood:0.4825
exciting:0.48175
betrayal:0.475
friendship:0.46125
dark fantasy:0.4585
touching:0.4535
entertaining:0.445
scenic:0.437
dinosaurs:0.432
visually stunning:0.428
oscar (best effects - visual effects):0.42725
survival:0.422
very good:0.418
epic:0.41375
lone hero:0.412
love story:0.41
visuals:0.4085
light:0.4085
wizards:0.39625
silly:0.39575
heartwarming:0.39575
feel good movie:0.39425
plot:0.38775
so bad it's funny:0.3825
life philosophy:0.373
happy ending:0.371
runaway:0.3695
kids:0.3685
sword fighting:0.36825
modern fantasy:0.36725
family:0.36325
earnest:0.36225
storytelling:0.3605
not funny:0.3595
excellent:0.35725
futuristic:0.35325
nudity (topless - notable):0.347
death:0.3425
culture clash:0.33875
brutality:0.332
sentimental:0.3295
breathtaking:0.328
