holocaust:0.9935
jews:0.9685
poland:0.95025
dramatic:0.91375
bleak:0.90825
oscar (best actor):0.90025
loneliness:0.89475
downbeat:0.89
heartbreaking:0.88725
nazis:0.876
oscar (best directing):0.86825
emotional:0.85625
guilt:0.85125
tragedy:0.851
character study:0.8445
nazi:0.83675
oscar (best actress):0.815
powerful ending:0.7905
mentor:0.7865
black and white:0.78375
1960s:0.77725
imdb top 250:0.77675
poignant:0.77575
harsh:0.756
gritty:0.7535
depression:0.737
drama:0.73525
social commentary:0.7345
melancholy:0.726
great acting:0.724
grim:0.712
intense:0.71175
good acting:0.711
melancholic:0.70725
golden palm:0.705
cinematography:0.70125
jewish:0.6945
camp:0.68475
germany:0.683
reflective:0.68275
redemption:0.67875
oscar (best foreign language film):0.67725
culture clash:0.67075
depressing:0.67
oscar (best supporting actress):0.667
criterion:0.664
corruption:0.65275
life & death:0.65225
compassionate:0.65025
jesus:0.6435
bittersweet:0.64325
survival:0.6395
existentialism:0.63775
oscar:0.632
original:0.62675
flashbacks:0.62075
storytelling:0.6165
idealism:0.6165
forceful:0.616
brutality:0.60675
masterpiece:0.6025
great ending:0.59975
cerebral:0.596
exceptional acting:0.59525
unusual plot structure:0.589
honest:0.58625
new york:0.582
life philosophy:0.5815
good music:0.577
unlikely friendships:0.57125
good soundtrack:0.5695
realistic:0.5645
confrontational:0.55275
talky:0.546
atmospheric:0.546
friendship:0.5405
drinking:0.53525
childhood:0.5335
gangsters:0.5315
humanity:0.53025
oscar (best supporting actor):0.52825
wwii:0.52525
runaway:0.52175
moral ambiguity:0.50925
greed:0.501
earnest:0.498
world war ii:0.49225
enigmatic:0.491
excellent script:0.49
intimate:0.489
crime:0.488
affectionate:0.486
movielens top pick:0.48575
relationships:0.485
breathtaking:0.48325
nocturnal:0.4815
touching:0.48125
oscar winner:0.48075
suprisingly clever:0.4795
great:0.4755
