teen:0.997
teen movie:0.9955
high school:0.98225
teens:0.9755
teenager:0.94825
pornography:0.94525
coming of age:0.945
comedy:0.943
geeks:0.93875
adolescence:0.91425
teenagers:0.89425
good soundtrack:0.8665
nerds:0.77925
awesome soundtrack:0.76925
sex comedy:0.76375
sexy:0.75975
cheerleading:0.75925
virginity:0.75775
pg-13:0.73925
coming-of-age:0.739
girlie movie:0.7365
dumb but funny:0.707
romantic comedy:0.701
geek:0.69375
funny:0.693
very funny:0.6575
original:0.6575
stereotypes:0.6545
road trip:0.64575
fun movie:0.644
mentor:0.6165
amy smart:0.593
romance:0.5905
school:0.59025
dumb:0.5825
good:0.5815
nudity (topless):0.57225
runaway:0.57175
hilarious:0.567
chick flick:0.56225
friendship:0.54925
happy ending:0.53675
nudity (topless - notable):0.536
goofy:0.535
cool:0.534
predictable:0.53075
80s:0.5155
nudity:0.51475
great ending:0.51375
stupidity:0.51075
better than expected:0.508
great:0.504
off-beat comedy:0.50125
love:0.4965
crude humor:0.4905
feel-good:0.48475
romantic:0.47775
bullying:0.46075
love story:0.45975
twists & turns:0.45625
silly:0.45575
unlikely friendships:0.446
catastrophe:0.43825
story:0.43325
fun:0.4215
silly fun:0.4215
feel good movie:0.41375
bad plot:0.412
destiny:0.412
dialogue:0.4035
drinking:0.403
so bad it's funny:0.39825
las vegas:0.384
entertaining:0.3765
unrealistic:0.3735
nostalgic:0.372
shallow:0.3705
revenge:0.3655
harsh:0.36325
storytelling:0.35625
plot:0.356
sex:0.35575
unfunny:0.352
chase:0.349
bad ending:0.34575
sexual:0.341
transformation:0.34075
vengeance:0.34
male nudity:0.33725
culture clash:0.33425
great soundtrack:0.33275
enormously long battle scene:0.3315
nudity (full frontal - brief):0.331
good acting:0.3305
sweet:0.33025
stoner movie:0.3265
drama:0.3255
loneliness:0.3195
stupid:0.31625
great movie:0.31475
