romantic comedy:0.9765
romantic:0.94775
love:0.9145
relationships:0.8995
romance:0.881
chick flick:0.8765
girlie movie:0.85975
love story:0.8035
happy ending:0.8005
predictable:0.7805
good romantic comedies:0.7165
multiple storylines:0.67
original:0.62825
sappy:0.6045
cute:0.56925
ensemble cast:0.5485
dialogue:0.515
bad plot:0.505
feel-good:0.48475
teen movie:0.48275
cheating:0.4755
comedy:0.4725
catastrophe:0.4675
los angeles:0.462
shallow:0.458
pg-13:0.4555
life philosophy:0.447
silly:0.4405
fun movie:0.44025
great ending:0.43525
sweet:0.4275
so bad it's funny:0.4155
marriage:0.3805
bad acting:0.37725
better than expected:0.37425
beautiful scenery:0.3645
cute!:0.364
shopping:0.36
good soundtrack:0.354
mentor:0.3505
natural disaster:0.3475
gay character:0.3415
infidelity:0.34
entertaining:0.33725
feel good movie:0.33475
not funny:0.3345
destiny:0.32675
storytelling:0.319
twist ending:0.3155
sexy:0.31475
crude humor:0.3145
story:0.314
unrealistic:0.31275
high school:0.311
twists & turns:0.31075
fun:0.31
horrible:0.31
bad ending:0.30725
fight scenes:0.30325
wedding:0.295
betrayal:0.294
pointless:0.29225
entirely dialogue:0.29
unfunny:0.28825
corny:0.285
overrated:0.28475
fantasy world:0.2835
brutality:0.28125
very funny:0.27425
first contact:0.27025
culture clash:0.2665
adaptation:0.2665
funny:0.265
family:0.264
plot:0.26175
divorce:0.26175
stereotypes:0.25875
bad cgi:0.25675
light:0.25675
good:0.2535
cheesy:0.2515
writers:0.2415
big budget:0.2405
teen:0.2405
great:0.235
runaway:0.23075
clever:0.2295
unlikeable characters:0.2295
disaster:0.22575
redemption:0.224
transformation:0.21825
pornography:0.218
awful:0.2155
fashion:0.21525
police investigation:0.215
loneliness:0.21325
gay:0.21125
women:0.2105
quirky:0.2085
nudity (rear):0.2045
