oscar (best foreign language film):0.9955
criterion:0.98875
fascism:0.987
nostalgic:0.94975
small town:0.93075
enigmatic:0.93
masterpiece:0.92125
childhood:0.8905
1930s:0.8675
adolescence:0.866
satirical:0.84475
reflective:0.8375
affectionate:0.82825
golden palm:0.804
surreal:0.7915
weird:0.7795
storytelling:0.77625
dreams:0.765
quirky:0.76175
intimate:0.76125
art house:0.75125
beautifully filmed:0.7475
social commentary:0.7405
melancholic:0.74
bittersweet:0.73925
imdb top 250:0.73925
talky:0.73775
dreamlike:0.736
magic realism:0.73275
artistic:0.723
foreign:0.71325
italy:0.71
humorous:0.70775
loneliness:0.7065
cinematography:0.70325
obsession:0.67975
original:0.65125
compassionate:0.651
life & death:0.64925
memory:0.6385
life philosophy:0.63225
cerebral:0.627
breathtaking:0.62675
good soundtrack:0.626
visual:0.611
melancholy:0.6085
irreverent:0.60225
cynical:0.60175
harsh:0.58925
nocturnal:0.58225
coming of age:0.58075
stylized:0.57475
existentialism:0.56425
rome:0.55875
sexual:0.556
intellectual:0.55375
italian:0.5405
hotel:0.54025
culture clash:0.53925
runaway:0.5375
narrated:0.53575
immortality:0.533
off-beat comedy:0.53275
coming-of-age:0.53175
downbeat:0.53025
poignant:0.52675
bleak:0.5195
meditative:0.5155
creativity:0.50475
absurd:0.499
cult classic:0.494
art:0.4915
suprisingly clever:0.48525
mentor:0.4785
visually appealing:0.4755
surrealism:0.472
eccentricity:0.469
satire:0.46875
poetry:0.465
oscar (best directing):0.45675
atmospheric:0.45525
colourful:0.4525
artist:0.452
allegory:0.43475
catastrophe:0.4325
great:0.43175
philosophical:0.42625
stoner movie:0.422
emotional:0.4205
great ending:0.41175
cult film:0.408
pornography:0.405
mental illness:0.403
drinking:0.4025
brutality:0.4005
dysfunctional family:0.39725
imagination:0.3965
nudity (full frontal - notable):0.394
unusual plot structure:0.387
ironic:0.3865
