motorcycle:0.99425
gangs:0.96575
rebellion:0.96375
small town:0.91175
vigilantism:0.90275
vigilante:0.8985
violence:0.89675
violent:0.8835
censorship:0.88
california:0.8405
culture clash:0.8135
good soundtrack:0.81025
drinking:0.78025
original:0.7585
cult film:0.7565
criterion:0.75475
pornography:0.74225
runaway:0.728
tense:0.72125
social commentary:0.7195
gangsters:0.714
forceful:0.7135
world politics:0.7045
talky:0.695
chase:0.6845
harsh:0.682
dialogue:0.67425
stylized:0.66825
road movie:0.658
adolescence:0.65475
gunfight:0.65125
anti-hero:0.64325
cool:0.64225
classic:0.64025
oscar (best supporting actress):0.6225
golden palm:0.6205
sexualized violence:0.6005
oscar (best directing):0.599
1950s:0.5985
story:0.59575
redemption:0.5865
suspense:0.58175
bleak:0.579
murder:0.5765
life philosophy:0.57375
loneliness:0.572
race issues:0.5695
intense:0.56
very interesting:0.558
brutality:0.55325
cinematography:0.5505
enigmatic:0.55
stereotypes:0.54675
controversial:0.54325
jungle:0.5425
life & death:0.53675
psychology:0.53675
corruption:0.533
reflective:0.53075
lone hero:0.524
cult classic:0.51675
women:0.51625
nocturnal:0.51
adapted from:book:0.50175
mad scientist:0.4995
imdb top 250:0.49775
new jersey:0.4955
character study:0.49225
unlikely friendships:0.49175
catastrophe:0.49025
based on a play:0.49
friendship:0.489
drama:0.488
movielens top pick:0.487
interesting:0.48525
good:0.48475
fight scenes:0.481
sexy:0.47525
moody:0.4735
apocalypse:0.471
oscar (best actress):0.4635
afi 100 (movie quotes):0.46325
crime:0.45975
psychiatry:0.459
mentor:0.44775
prejudice:0.442
complex:0.43825
childhood:0.43575
death:0.43075
teen:0.4275
adaptation:0.42325
fighting the system:0.422
weird:0.42
visually appealing:0.41975
transformation:0.41825
nudity (topless - brief):0.418
love story:0.41675
teens:0.4165
period piece:0.41425
teen movie:0.414
