mining:0.952
unusual plot structure:0.7985
story:0.7535
original:0.69025
visually appealing:0.69
beautiful scenery:0.684
small town:0.646
quirky:0.6345
good soundtrack:0.6255
love story:0.6105
oscar (best foreign language film):0.60325
social commentary:0.5975
life & death:0.59375
childhood:0.5835
secrets:0.57775
justice:0.5695
storytelling:0.55575
pg-13:0.55325
suprisingly clever:0.548
melancholy:0.5415
culture clash:0.52975
goretastic:0.52575
powerful ending:0.5255
cult classic:0.52475
beautifully filmed:0.52375
weird:0.5215
destiny:0.52125
mentor:0.51925
visually stunning:0.51325
passionate:0.51325
earnest:0.5125
talky:0.508
good:0.50525
life:0.504
independent film:0.5005
violent:0.49725
greed:0.49675
bittersweet:0.495
great ending:0.49125
visual:0.48775
distopia:0.486
redemption:0.47575
catastrophe:0.4665
dysfunctional family:0.4665
eccentricity:0.466
mental illness:0.465
breathtaking:0.461
coming of age:0.461
emotional:0.46
movielens top pick:0.45875
great acting:0.45675
family:0.452
betrayal:0.4495
family drama:0.44525
harsh:0.44475
gory:0.44
enigmatic:0.43775
melancholic:0.43475
poignant:0.43475
male nudity:0.43425
vengeance:0.43125
loneliness:0.42975
multiple storylines:0.41425
better than expected:0.414
narrated:0.41275
nudity (full frontal - notable):0.412
cinematography:0.4105
reflective:0.407
stunning:0.403
allegory:0.402
life philosophy:0.3975
heartwarming:0.39375
brutality:0.39275
sad but good:0.3895
solitude:0.38575
sad:0.38475
marriage:0.3815
ethnic conflict:0.38075
relationships:0.3785
plot:0.377
dialogue:0.377
coming-of-age:0.3745
artistic:0.374
erotic:0.37175
good acting:0.36975
oscar (best supporting actress):0.369
stylized:0.36625
death:0.36575
pornography:0.35975
vampire human love:0.3585
notable nudity:0.35825
transformation:0.35825
runaway:0.358
beautiful:0.356
canada:0.35375
criterion:0.3525
photography:0.35075
adaptation:0.34975
period piece:0.349
dramatic:0.349
