documentary:0.96275
islam:0.955
death:0.8525
middle east:0.82075
iraq:0.79825
journalism:0.79525
mentor:0.773
oil:0.77125
israel:0.733
genocide:0.73
narrated:0.7155
war movie:0.7115
foreign:0.69675
special:0.68725
weapons:0.68575
original:0.67425
culture clash:0.671
intimate:0.664
sacrifice:0.65725
storytelling:0.65025
brutality:0.64625
military:0.642
tragedy:0.64025
courage:0.62
criterion:0.59425
bombs:0.58425
investigation:0.58375
complex:0.55625
vietnam war:0.5345
runaway:0.53275
surveillance:0.519
obsession:0.5095
honest:0.50425
social commentary:0.49825
moral ambiguity:0.49725
dramatic:0.4935
life & death:0.48675
talky:0.48225
guilt:0.4795
great ending:0.4625
melancholic:0.46
tom clancy:0.45925
oscar (best foreign language film):0.459
morality:0.45775
based on a play:0.45625
macabre:0.453
greed:0.43975
canada:0.4385
war:0.436
hard to watch:0.435
interesting:0.43325
assassination:0.4305
insanity:0.42925
classic car:0.428
propaganda:0.4275
idealism:0.42125
affectionate:0.40725
politics:0.40075
catastrophe:0.4005
splatter:0.3915
not funny:0.39
forceful:0.38875
secrets:0.3835
prejudice:0.37675
glbt:0.37475
black comedy:0.374
9/11:0.37
blindness:0.3685
pointless:0.362
us history:0.3485
disturbing:0.346
spanish:0.33525
ethnic conflict:0.335
sarcasm:0.33325
relationships:0.33225
suprisingly clever:0.3305
corruption:0.32875
enigmatic:0.32425
light:0.3235
nudity (full frontal - notable):0.323
controversial:0.3225
president:0.30875
bullying:0.30775
bollywood:0.30675
adaptation:0.30525
iran:0.30375
texas:0.29825
violence:0.29825
passionate:0.298
beautiful scenery:0.29675
silent:0.29275
british:0.292
cinematography:0.287
alternate history:0.2865
great:0.2845
photographer:0.28375
queer:0.28
tense:0.27975
adolescence:0.27725
internet:0.27575
