homosexuality:0.98775
queer:0.96975
gay:0.94775
sexual:0.93175
glbt:0.9245
pornography:0.88675
weird:0.882
art house:0.85275
enigmatic:0.82775
sexuality:0.8255
male nudity:0.82075
erotic:0.80075
original:0.79975
stylized:0.79225
surreal:0.7915
sexualized violence:0.77525
camp:0.77225
controversial:0.73625
very interesting:0.72525
violence:0.7155
mindfuck:0.696
metaphysics:0.676
brutality:0.6675
aids:0.6645
brutal:0.65775
psychology:0.647
criterion:0.63425
narrated:0.634
almodovar:0.627
nudity (full frontal - notable):0.62625
adaptation:0.61875
grindhouse:0.6145
dreamlike:0.614
crime:0.60925
talky:0.607
strange:0.607
good soundtrack:0.606
melancholic:0.6025
psychedelic:0.6
cult film:0.59775
genetics:0.59625
passionate:0.5935
existentialism:0.5875
insanity:0.579
cinematography:0.5565
dialogue:0.5565
gay character:0.554
psychological:0.5535
complex:0.5485
cerebral:0.54725
bad acting:0.541
confusing:0.5355
poetry:0.528
allegory:0.52675
visceral:0.52425
god:0.5165
great ending:0.50475
obsession:0.4915
nudity (topless):0.48825
artistic:0.48475
cult classic:0.47975
nudity (topless - notable):0.47825
betrayal:0.476
dark:0.476
sexual abuse:0.4755
harsh:0.46825
visually appealing:0.4605
serial killer:0.4595
greed:0.45925
runaway:0.45875
campy:0.4565
disturbing:0.45375
murder:0.45175
voyeurism:0.44975
road movie:0.44175
police investigation:0.44175
loneliness:0.43725
stylish:0.4285
intimate:0.42725
so bad it's funny:0.425
philosophical:0.424
absurd:0.4215
bad ending:0.42125
art:0.41625
twists & turns:0.4155
transgender:0.41225
sex:0.40875
non-linear:0.4065
distopia:0.40425
visually stunning:0.404
satire:0.40125
pointless:0.40075
colourful:0.39275
entirely dialogue:0.3895
reflective:0.3885
catastrophe:0.387
intellectual:0.38375
masterpiece:0.3805
nudity (topless - brief):0.37525
writers:0.375
