horror:0.82825
pg-13:0.82025
supernatural:0.8035
creepy:0.74025
original:0.6915
great ending:0.66725
bad ending:0.63575
women:0.62775
twist:0.60225
fun movie:0.57275
predictable:0.5525
teen:0.55125
scary:0.54025
teen movie:0.52025
good:0.48225
devil:0.46625
so bad it's funny:0.4575
catastrophe:0.42225
mentor:0.39475
suspense:0.38425
torture:0.377
transformation:0.36225
dialogue:0.3585
story:0.3585
ghosts:0.357
teens:0.35175
silly fun:0.34625
plot holes:0.3445
not funny:0.3425
police investigation:0.33975
violence:0.338
eerie:0.33425
runaway:0.32875
fantasy world:0.324
fight scenes:0.31175
bad acting:0.309
witches:0.30175
overrated:0.29825
plot twist:0.29825
demons:0.297
storytelling:0.286
surprise ending:0.28525
adaptation:0.283
better than expected:0.282
ghosts/afterlife:0.2805
clever:0.2745
first contact:0.2735
life philosophy:0.2735
brutality:0.27275
twist ending:0.2725
intense:0.2715
absurd:0.2585
bad:0.2575
happy ending:0.2575
great:0.256
childhood:0.25175
mad scientist:0.24975
bad plot:0.24975
disaster:0.24375
slasher:0.2425
cheesy:0.23775
weird:0.23625
unusual plot structure:0.234
frightening:0.231
macabre:0.22975
melancholic:0.22875
british:0.2275
school:0.2275
manipulation:0.2265
visually appealing:0.2265
silly:0.22525
fun:0.22375
good soundtrack:0.22275
lone hero:0.2205
unfunny:0.217
special effects:0.21575
alternate endings:0.215
twists & turns:0.21425
crude humor:0.214
nudity (full frontal - brief):0.21325
slapstick:0.21325
halloween:0.21225
vengeance:0.21125
greed:0.2105
claustrophobic:0.20925
destiny:0.20925
goretastic:0.2075
entirely dialogue:0.2075
enigmatic:0.2075
chase:0.20625
violent:0.203
bad cgi:0.202
books:0.20175
great acting:0.199
redemption:0.19875
tricky:0.1985
camp:0.19675
grindhouse:0.19625
unlikely friendships:0.19625
allegory:0.19625
