latin america:0.9985
political:0.98275
politics:0.9745
innocence lost:0.9705
foreign:0.933
friendship:0.9235
spanish:0.88125
mentor:0.8515
poverty:0.85125
unlikely friendships:0.8345
school:0.82925
powerful ending:0.8215
dramatic:0.81475
childhood:0.814
oscar (best foreign language film):0.7885
revolution:0.78225
idealism:0.78175
adolescence:0.7785
bullying:0.77425
brutality:0.7675
social commentary:0.75875
harsh:0.7475
cinematography:0.74725
fascism:0.74275
civil war:0.73075
male nudity:0.73025
military:0.693
world politics:0.693
biographical:0.68025
intimate:0.6745
south america:0.6685
golden palm:0.662
tragedy:0.6545
coming-of-age:0.65025
coming of age:0.64525
allegory:0.64475
spain:0.641
argentina:0.622
corruption:0.6035
emotional:0.59075
beautifully filmed:0.58525
poignant:0.57825
fighting the system:0.5775
culture clash:0.57375
pornography:0.572
nudity (topless - notable):0.5645
criterion:0.5635
nudity (full frontal - notable):0.55625
original:0.55475
talky:0.5545
propaganda:0.554
history:0.54975
reflective:0.54625
us history:0.5445
historical:0.5335
communism:0.52575
storytelling:0.509
depression:0.504
greed:0.503
silent:0.50025
courage:0.50025
breathtaking:0.4985
disturbing:0.49675
boarding school:0.4905
movielens top pick:0.48475
realistic:0.479
oscar (best directing):0.478
amazing photography:0.47725
morality:0.47325
forceful:0.47125
grim:0.458
drama:0.45225
oscar (best supporting actress):0.451
compassionate:0.45025
visually appealing:0.44575
good soundtrack:0.44525
downbeat:0.442
stunning:0.4395
imdb top 250:0.438
twists & turns:0.43625
russian:0.4345
unusual plot structure:0.43175
utopia:0.42975
enigmatic:0.4285
brutal:0.42725
sexual:0.424
life & death:0.4185
sacrifice:0.4115
classic car:0.402
cynical:0.3985
masterpiece:0.397
islam:0.39325
catastrophe:0.3885
touching:0.38825
suprisingly clever:0.38625
capitalism:0.38575
bleak:0.38125
working class:0.381
stylized:0.3805
life:0.377
