figure skating:0.91175
blindness:0.89975
mentor:0.87975
love story:0.859
girlie movie:0.76025
love:0.7485
beautiful scenery:0.72975
romance:0.71725
destiny:0.69275
tear jerker:0.66025
original:0.64725
women:0.6415
romantic:0.63525
sweet:0.619
story:0.61325
chick flick:0.5955
happy ending:0.57125
touching:0.57
childhood:0.56275
predictable:0.5395
sappy:0.51775
shopping:0.49225
small town:0.48725
inspirational:0.48425
sentimental:0.477
passionate:0.473
life philosophy:0.46975
silly fun:0.462
family:0.4395
cute!:0.4385
so bad it's funny:0.4365
sports:0.42875
emotional:0.4285
dreams:0.4195
based on true story:0.40325
good:0.398
disability:0.397
catastrophe:0.396
nudity (rear):0.38975
great ending:0.3815
natural disaster:0.37875
culture clash:0.3785
bad plot:0.3705
cute:0.368
bad acting:0.36425
relationships:0.35925
runaway:0.348
memory:0.346
transformation:0.34275
storytelling:0.3415
dialogue:0.326
adaptation:0.3215
voyeurism:0.31625
redemption:0.316
disaster:0.31525
first contact:0.313
beautiful:0.307
justice:0.307
dog:0.30175
fun:0.30125
lone hero:0.301
shallow:0.30025
olympics:0.29925
great:0.2985
brutality:0.2965
drama:0.29175
courage:0.291
1970s:0.289
feel-good:0.2885
nostalgic:0.28575
fantasy world:0.27625
underdog:0.26925
bittersweet:0.26825
vengeance:0.26625
doctors:0.263
chocolate:0.2615
tragedy:0.26075
not funny:0.25925
underrated:0.25875
life & death:0.2565
chase:0.256
good soundtrack:0.25575
sacrifice:0.25275
pg-13:0.2515
feel good movie:0.2505
visually stunning:0.25025
big budget:0.24925
inspiring:0.24875
romantic comedy:0.2445
greed:0.23975
melancholic:0.2395
nudity (topless - notable):0.23775
overrated:0.23725
suprisingly clever:0.23725
slapstick:0.2365
good action:0.23625
multiple storylines:0.23475
unfunny:0.23375
special effects:0.23375
great movie:0.23225
