martial arts:0.99775
kung fu:0.98575
wuxia:0.9655
hip hop:0.933
fight scenes:0.90775
visually appealing:0.876
action:0.8345
bad acting:0.827
dialogue:0.7485
original:0.7445
gratuitous violence:0.70775
story:0.67375
bad plot:0.651
pulp:0.63575
good soundtrack:0.6145
weapons:0.5945
ninja:0.5815
stylized:0.5745
ridiculous:0.57025
mentor:0.56225
lions:0.55225
pointless:0.5505
fighting:0.52325
life philosophy:0.47425
grindhouse:0.4725
brutality:0.46125
so bad it's funny:0.461
storytelling:0.46025
bloody:0.45475
predictable:0.45475
cool:0.4525
absurd:0.43975
violence:0.43525
betrayal:0.435
cult film:0.4335
good action:0.4265
entirely dialogue:0.42375
visually stunning:0.421
revenge:0.41375
narrated:0.402
cheesy:0.4015
ironic:0.40075
catastrophe:0.39975
horrible:0.398
stylish:0.39325
violent:0.39325
realistic action:0.3905
splatter:0.39025
runaway:0.38875
hong kong:0.38075
vengeance:0.37925
not funny:0.37025
fun:0.366
weird:0.36575
lone hero:0.35925
redemption:0.3535
silly:0.3515
adaptation:0.34925
sexy:0.34525
overrated:0.32675
cinematography:0.31975
great ending:0.3185
campy:0.31525
destiny:0.31525
fun movie:0.30175
gangs:0.30025
first contact:0.29925
shallow:0.29925
cult classic:0.29325
quirky:0.28975
superheroes:0.287
sexualized violence:0.28575
awesome soundtrack:0.28525
fantasy world:0.28375
good dialogue:0.28025
china:0.2795
imdb top 250:0.2725
dragons:0.2725
transformation:0.2675
writers:0.26525
brothers:0.263
awful:0.25975
special effects:0.25775
mad scientist:0.257
great:0.254
plot:0.25375
goofy:0.2535
greed:0.25325
slapstick:0.247
script:0.244
pornography:0.24375
dreamlike:0.242
bad cgi:0.239
gangsters:0.239
bad:0.23875
creativity:0.23875
culture clash:0.23825
clever:0.23825
crime gone awry:0.23725
pg-13:0.23575
