emma watson:0.963
psychology:0.95725
police investigation:0.8895
psychiatry:0.856
surprise ending:0.82675
psychological:0.81625
detective:0.769
mystery:0.767
investigation:0.764
twist:0.73525
twist ending:0.726
great ending:0.72425
family:0.717
plot twist:0.7045
religion:0.70425
original:0.682
cult:0.645
thriller:0.64025
devil:0.633
twists & turns:0.6315
psychiatrist:0.6295
dialogue:0.6055
obsession:0.6025
big budget:0.59825
so bad it's funny:0.592
good versus evil:0.58775
justice:0.57375
shallow:0.569
bad ending:0.56775
paranoia:0.542
supernatural:0.52925
period piece:0.522
story:0.5085
adaptation:0.508
oscar (best foreign language film):0.48925
storytelling:0.48825
intense:0.48675
sexual abuse:0.475
predictable:0.47275
hospital:0.464
crime:0.46125
pornography:0.4405
based on a true story:0.43525
fantasy world:0.433
cult film:0.4245
suspense:0.423
science:0.419
based on true story:0.4185
pointless:0.418
true story:0.415
scary:0.40775
fbi:0.4075
not funny:0.4015
corruption:0.40075
special effects:0.392
plot:0.38875
pg-13:0.38875
nudity (full frontal - brief):0.38825
rape:0.38625
mentor:0.38375
catastrophe:0.3795
betrayal:0.37275
idiotic:0.368
memory:0.364
paranoid:0.36175
manipulation:0.36
internet:0.36
sexy:0.3555
drama:0.35475
nudity (topless):0.3535
nocturnal:0.33875
male nudity:0.33825
life philosophy:0.338
disturbing:0.335
first contact:0.3305
good:0.329
suspenseful:0.328
absurd:0.324
bizarre:0.316
jesus:0.315
excellent:0.31475
fantasy:0.31375
dysfunctional family:0.3115
weird:0.31
harsh:0.3055
bad plot:0.30225
cinematography:0.29525
atmospheric:0.29425
melancholic:0.29225
writers:0.28725
horrible:0.28675
grindhouse:0.286
science fiction:0.28525
crappy sequel:0.28
censorship:0.279
child abuse:0.27875
happy ending:0.2785
runaway:0.27775
light:0.2755
overrated:0.2705
