adolescence:0.979
coming of age:0.97675
sexual:0.97525
sexuality:0.868
coming-of-age:0.85925
pornography:0.85925
disturbing:0.853
sexual abuse:0.83825
controversial:0.82825
runaway:0.777
nudity (topless):0.7555
suburbia:0.74125
sex:0.72175
original:0.71575
single father:0.701
virginity:0.68975
based on a book:0.6885
teenager:0.67725
good soundtrack:0.653
criterion:0.63375
erotic:0.62975
women:0.59925
reflective:0.599
segregation:0.591
culture clash:0.59
loneliness:0.59
childhood:0.589
child abuse:0.58175
sexualized violence:0.5725
complex:0.56925
nudity (full frontal - notable):0.566
sad but good:0.53775
adapted from:book:0.52875
sexy:0.519
great ending:0.517
brutality:0.5145
nudity (topless - notable):0.51375
obsession:0.511
adaptation:0.495
melancholic:0.494
bullying:0.4855
dysfunctional family:0.451
ironic:0.45025
guilt:0.44525
drama:0.44375
racism:0.44175
nudity (full frontal - brief):0.43825
male nudity:0.42775
nudity:0.42425
friendship:0.41725
morality:0.41675
storytelling:0.4165
classic car:0.41425
nudity (full frontal):0.411
compassionate:0.40675
enigmatic:0.40575
mentor:0.4055
visually appealing:0.40075
bdsm:0.3965
redemption:0.39375
bleak:0.3905
catastrophe:0.3845
social commentary:0.37
satirical:0.3655
dreams:0.36175
writers:0.36125
teenagers:0.359
stoner movie:0.35775
prejudice:0.35475
oscar (best directing):0.35025
dialogue:0.35
hard to watch:0.34775
forceful:0.3435
honest:0.3405
relationships:0.33925
story:0.3385
teens:0.33525
gangs:0.32975
sacrifice:0.32825
unlikely friendships:0.32825
texas:0.325
art house:0.324
distopia:0.318
suprisingly clever:0.31625
psychology:0.3135
death:0.31275
weird:0.3125
stylized:0.311
fantasy world:0.309
golden palm:0.30825
betrayal:0.30625
not funny:0.30375
harsh:0.30325
islam:0.30225
greed:0.30125
emotional:0.29975
grindhouse:0.297
thought-provoking:0.29575
rape:0.29475
workplace:0.2945
