music:0.99025
bittersweet:0.98075
musicians:0.97825
good music:0.972
good soundtrack:0.9195
love story:0.916
independent film:0.8965
great music:0.8905
love:0.88225
musical:0.87775
sweet:0.8775
loneliness:0.8765
emotional:0.87525
honest:0.86975
original:0.8665
irish:0.846
melancholic:0.83875
intimate:0.8355
great soundtrack:0.8175
storytelling:0.8165
romantic:0.808
relationships:0.8035
drama:0.797
lyrical:0.796
feel-good:0.77325
visually appealing:0.75775
indie:0.7515
realistic:0.7435
touching:0.7415
artistic:0.73625
romance:0.73325
mentor:0.731
irish accent:0.71425
imdb top 250:0.70175
feel good movie:0.69775
heartbreaking:0.69325
beautiful:0.6875
ireland:0.68525
great acting:0.68175
cinematography:0.681
excellent script:0.67925
melancholy:0.67475
simple:0.67225
social commentary:0.667
affectionate:0.66475
immigrants:0.66425
friendship:0.65475
quirky:0.6525
poignant:0.64225
inspiring:0.6415
dialogue:0.639
beautifully filmed:0.6335
visually stunning:0.63125
golden palm:0.62925
unlikely friendships:0.62775
complex:0.622
oscar (best directing):0.622
good acting:0.6215
story:0.62025
london:0.61975
suprisingly clever:0.61
pg-13:0.604
great ending:0.602
dramatic:0.59925
runaway:0.59575
talky:0.5945
intense:0.59275
destiny:0.58975
plot:0.587
creativity:0.581
good:0.57975
happy ending:0.57875
passionate:0.576
sentimental:0.5735
culture clash:0.5675
rags to riches:0.56375
earnest:0.5595
rock and roll:0.54875
downbeat:0.54575
interesting:0.544
clever:0.54025
exceptional acting:0.5365
harsh:0.53625
sad but good:0.5345
oscar:0.52975
cult classic:0.523
depression:0.51825
heartwarming:0.50625
weird:0.50525
nonlinear:0.50125
highly quotable:0.5005
oscar (best actress):0.5005
light:0.4995
bleak:0.499
sad:0.49425
pornography:0.49175
great:0.48775
foul language:0.4865
criterion:0.48175
complex characters:0.4805
