gangs:0.996
highly quotable:0.98675
cult classic:0.98275
cult film:0.963
good soundtrack:0.93725
violence:0.93625
violent:0.91475
forceful:0.91425
gangsters:0.902
tense:0.89175
new york city:0.88225
original:0.87475
awesome soundtrack:0.86025
gritty:0.8525
fight scenes:0.8465
stylized:0.836
nocturnal:0.824
good action:0.81975
mentor:0.81625
futuristic:0.8155
visceral:0.815
brutality:0.78025
action:0.77975
amazing photography:0.75775
new york:0.755
cool:0.75325
weapons:0.737
action packed:0.7365
harsh:0.73475
chase:0.7295
great movie:0.72725
quotable:0.71475
nostalgic:0.70925
visually appealing:0.70925
social commentary:0.69425
grindhouse:0.688
gunfight:0.686
fast paced:0.67075
fun movie:0.67
assassination:0.6695
vengeance:0.668
suspense:0.6675
1970s:0.66125
childhood:0.65175
runaway:0.64675
survival:0.64575
classic:0.64225
talky:0.63375
dialogue:0.63325
fighting:0.6315
guns:0.62275
revenge:0.6185
based on a book:0.61475
criterion:0.61125
dark hero:0.608
splatter:0.608
great:0.60725
intense:0.6005
new jersey:0.59925
stylish:0.59775
realistic:0.59575
murder:0.595
grim:0.5875
good:0.586
gangster:0.58425
video game:0.584
dystopia:0.58175
cult:0.57975
storytelling:0.57475
lone hero:0.566
great ending:0.56375
surreal:0.55975
imdb top 250:0.55525
1980s:0.55425
redemption:0.551
anti-hero:0.53825
crime:0.53675
island:0.5325
los angeles:0.53175
adaptation:0.5315
great soundtrack:0.528
future:0.5275
cinematography:0.52225
masterpiece:0.511
entertaining:0.509
unlikely friendships:0.50575
brutal:0.505
80s:0.50225
great acting:0.4985
oscar (best directing):0.49525
friendship:0.49525
interesting:0.49225
sexualized violence:0.4895
drinking:0.48825
adolescence:0.48725
low budget:0.4865
good music:0.4865
adventure:0.4835
transformation:0.482
gory:0.47625
