martial arts:0.998
good action:0.95425
kung fu:0.95075
action:0.94325
mentor:0.9
action packed:0.897
adventure:0.88225
fun movie:0.8515
fight scenes:0.847
franchise:0.80825
fighting:0.8015
series:0.74275
ninja:0.69775
original:0.68525
80s:0.66575
superheroes:0.65425
weapons:0.62375
fast paced:0.62075
arms dealer:0.6175
books:0.6125
cult film:0.594
humorous:0.57975
cool:0.5795
chase:0.57775
fun:0.577
big budget:0.52375
great:0.517
assassin:0.51225
buddy movie:0.5035
lone hero:0.489
silly:0.48525
007:0.483
entertaining:0.4715
good:0.4655
quirky:0.45825
life philosophy:0.45625
vengeance:0.455
pulp:0.443
silly fun:0.439
super hero:0.42675
special effects:0.422
adaptation:0.4215
based on a book:0.414
sword fight:0.41075
catastrophe:0.40375
campy:0.40325
superhero:0.40075
dialogue:0.399
espionage:0.3975
transformation:0.397
goofy:0.3955
great ending:0.38125
exciting:0.37425
kick-butt women:0.37275
runaway:0.37125
dark hero:0.36
parody:0.35525
revenge:0.34875
assassins:0.34825
grindhouse:0.347
alter ego:0.3465
comedy:0.34375
cheesy:0.3405
enigmatic:0.34025
predictable:0.338
super-hero:0.333
family drama:0.32825
explosions:0.32075
adapted from:book:0.3185
pg-13:0.31475
awesome soundtrack:0.31375
very funny:0.3105
assassination:0.30825
spoof:0.3035
stereotypes:0.3005
so bad it's funny:0.29325
distopia:0.293
secrets:0.2925
visually stunning:0.2885
story:0.2865
computer game:0.28275
spying:0.2825
not funny:0.27675
good soundtrack:0.27475
storytelling:0.27075
absurd:0.27025
humor:0.26925
light:0.26925
redemption:0.268
first contact:0.26475
fantasy world:0.2645
realistic action:0.26375
justice:0.26325
culture clash:0.25875
destiny:0.25725
science fiction:0.2535
cult classic:0.2535
dragons:0.24725
bond:0.24475
brutality:0.24425
