cartoon:0.97125
animation:0.9605
disney:0.9525
musical:0.87925
disney animated feature:0.874
fairy tale:0.87225
too short:0.79
animated:0.7735
cute:0.76825
music:0.767
animals:0.72825
fun movie:0.727
children:0.69875
magic:0.679
original:0.64575
family:0.6145
life philosophy:0.6015
island:0.5915
story:0.5835
childhood:0.574
simple:0.565
visuals:0.5515
talking animals:0.546
indians:0.5265
kids:0.51825
great ending:0.51575
classical music:0.50525
adapted from:book:0.49675
rabbits:0.49625
kids and family:0.4925
entertaining:0.47775
fantasy world:0.475
goofy:0.471
bullying:0.457
sweet:0.43675
good:0.434
mentor:0.42975
catastrophe:0.427
cute!:0.4215
fun:0.41525
chase:0.41025
great:0.40975
oscar (best music - original song):0.4085
storytelling:0.39325
pg-13:0.38725
creativity:0.387
transformation:0.3865
silly:0.381
parallel universe:0.37275
romantic:0.37175
betrayal:0.3705
stereotypes:0.36925
redemption:0.363
dialogue:0.356
not funny:0.354
destiny:0.35025
bad plot:0.34825
good versus evil:0.32775
runaway:0.3155
life & death:0.31275
giant robots:0.311
visual:0.3095
computer animation:0.30875
predictable:0.305
light:0.303
melancholic:0.29925
clever:0.2955
lone hero:0.2945
so bad it's funny:0.29225
good soundtrack:0.2865
fantasy:0.28575
adaptation:0.28375
whimsical:0.2805
fashion:0.27675
greed:0.27575
brutality:0.27425
snakes:0.274
based on book:0.273
first contact:0.27175
adventure:0.2715
suprisingly clever:0.27075
vengeance:0.27
mythology:0.2675
high fantasy:0.2645
happy ending:0.254
culture clash:0.24575
stylized:0.2455
colourful:0.24375
natural disaster:0.2425
heartwarming:0.2425
feel-good:0.24125
fight scenes:0.233
allegory:0.2325
hunting:0.22725
classic:0.22725
very funny:0.22425
police investigation:0.2225
overrated:0.21975
unfunny:0.218
boring:0.212
