muppets:0.95225
children:0.9185
kids:0.843
family:0.81025
kids and family:0.806
original:0.79375
cute!:0.7685
fun movie:0.7575
cute:0.72825
fun:0.69875
colourful:0.648
oscar:0.60725
franchise:0.595
based on a tv show:0.59175
talking animals:0.5785
predictable:0.5735
puppets:0.54725
love:0.532
adventure:0.53125
dialogue:0.52325
unlikely friendships:0.48925
adoption:0.4825
overrated:0.461
entertaining:0.45375
mentor:0.442
great ending:0.43975
fantasy world:0.43825
good:0.43675
nostalgic:0.4365
parallel universe:0.4275
redemption:0.42625
story:0.425
silly fun:0.4035
catastrophe:0.4015
bad plot:0.3985
first contact:0.3965
cartoon:0.392
destiny:0.37925
multiple storylines:0.37225
scary:0.37
light:0.37
cult film:0.368
great:0.36775
musical:0.364
sci fi:0.35525
friendship:0.354
brutality:0.3525
clever:0.35
good soundtrack:0.34575
adaptation:0.3455
very funny:0.34475
special effects:0.33675
childhood:0.331
storytelling:0.3265
pointless:0.3235
camp:0.31675
fight scenes:0.31175
entirely dialogue:0.3045
unusual plot structure:0.3
loneliness:0.2975
animals:0.29675
whimsical:0.2955
computer animation:0.293
monsters:0.29
nocturnal:0.2885
natural disaster:0.287
melancholic:0.28375
shallow:0.2775
oscar (best supporting actress):0.27725
visually stunning:0.276
weird:0.2745
series:0.274
police investigation:0.27375
lone hero:0.27125
intense:0.27
magic:0.26975
imdb top 250:0.26875
life philosophy:0.2675
cinematography:0.267
scifi:0.2665
not funny:0.26275
crude humor:0.26025
big budget:0.2565
too long:0.25475
happy ending:0.24975
surreal:0.2485
stylized:0.24775
oscar (best directing):0.246
pornography:0.24525
sarcasm:0.2445
dreamlike:0.24175
writers:0.2405
visually appealing:0.2405
oscar winner:0.23975
fantasy:0.23975
action packed:0.238
visual:0.238
justice:0.23425
runaway:0.23425
weapons:0.23375
