antarctica:0.9875
documentary:0.95325
survival:0.87075
narrated:0.8335
boat:0.7325
story:0.72325
catastrophe:0.7115
original:0.69875
beautiful scenery:0.67875
breathtaking:0.66775
greed:0.66375
oscar (best directing):0.64625
unusual plot structure:0.64475
true story:0.6395
suprisingly clever:0.62
intimate:0.61525
criterion:0.6075
life & death:0.60575
great:0.6025
mentor:0.594
dramatic:0.59025
thought-provoking:0.59025
oscar (best foreign language film):0.58225
oscar (best actress):0.571
adventure:0.57075
humanity:0.56975
wilderness:0.5655
amazing photography:0.563
very interesting:0.55625
drama:0.5465
corruption:0.538
interesting:0.53475
harsh:0.53225
forceful:0.5305
transformation:0.5275
talky:0.52375
photography:0.5135
stunning:0.5135
imagination:0.5105
culture clash:0.50375
island:0.499
courage:0.49425
great movie:0.49125
great ending:0.49
black and white:0.48975
life:0.4895
beautifully filmed:0.48825
runaway:0.4875
idealism:0.48375
stranded:0.4835
poignant:0.4695
allegory:0.46775
imdb top 250:0.4675
storytelling:0.466
photographer:0.45975
scenic:0.4585
inspiring:0.4585
good:0.45525
childhood:0.455
honest:0.44925
politics:0.44475
destiny:0.438
life philosophy:0.43525
social commentary:0.42425
oscar (best supporting actress):0.41975
reflective:0.41975
movielens top pick:0.4155
based on true story:0.415
philosophy:0.41325
manipulation:0.41125
dialogue:0.4045
meditative:0.40375
good acting:0.4035
visually appealing:0.403
historical:0.402
earnest:0.40125
history:0.3985
sacrifice:0.398
oil:0.3965
oscar winner:0.39625
inspirational:0.38975
based on a book:0.3895
us history:0.38925
biographical:0.38725
adaptation:0.3815
friendship:0.375
adapted from:book:0.372
betrayal:0.36975
based on book:0.36925
artistic:0.36825
segregation:0.365
oscar (best cinematography):0.36425
brutality:0.34875
not funny:0.34825
oscar (best supporting actor):0.3455
fighting the system:0.34475
tragedy:0.34475
pg-13:0.344
based on a true story:0.3435
great acting:0.3435
