artist:0.95825
biopic:0.95625
biographical:0.93825
art:0.93725
artistic:0.936
visually appealing:0.84425
cinematography:0.819
eccentricity:0.80875
original:0.78675
costume drama:0.7815
reflective:0.73025
obsession:0.71625
light:0.71375
19th century:0.7045
enigmatic:0.6935
criterion:0.6765
biography:0.673
18th century:0.65675
dialogue:0.652
storytelling:0.632
period piece:0.625
beautifully filmed:0.62175
visual:0.61825
visually stunning:0.61575
oscar (best supporting actress):0.61525
cerebral:0.6055
oscar (best directing):0.59875
breathtaking:0.59325
oscar (best cinematography):0.5905
masterpiece:0.59
creativity:0.57275
life philosophy:0.56475
mentor:0.556
affectionate:0.55325
great:0.5505
drinking:0.54925
golden palm:0.54875
intimate:0.548
melancholic:0.5435
story:0.53675
runaway:0.526
life:0.51975
photography:0.4995
nudity (full frontal - notable):0.49925
talky:0.48875
death:0.4885
drama:0.48
mozart:0.47675
oscar:0.47175
existentialism:0.466
dramatic:0.4545
life & death:0.45325
secrets:0.451
passionate:0.4495
bleak:0.448
complex:0.4385
slow paced:0.43175
character study:0.429
atmospheric:0.4265
weird:0.417
unusual plot structure:0.4165
great ending:0.415
loneliness:0.4145
redemption:0.40875
catastrophe:0.4015
stylized:0.40125
great acting:0.38575
stunning:0.379
meditative:0.37425
entirely dialogue:0.3685
adaptation:0.365
historical:0.3605
colourful:0.3585
classic car:0.34475
very interesting:0.34475
quotable:0.3435
imdb top 250:0.34225
not funny:0.3405
suprisingly clever:0.3365
controversial:0.335
allegory:0.32825
vengeance:0.327
first contact:0.3205
slow:0.32
relationships:0.31625
transformation:0.31425
long:0.31
brutality:0.3075
fantasy world:0.302
culture clash:0.29525
harsh:0.29425
dark hero:0.29275
tragedy:0.29175
hotel:0.28525
queer:0.28225
good soundtrack:0.28225
beautiful:0.28175
surreal:0.28
family drama:0.27875
women:0.27475
