indians:0.99275
india:0.94525
oscar (best actress):0.92675
enigmatic:0.917
adapted from:book:0.89975
culture clash:0.8585
colonialism:0.85075
england:0.8195
oscar (best directing):0.7735
british:0.75175
cinematography:0.74475
based on book:0.716
complex characters:0.714
sexualized violence:0.70325
dramatic:0.70275
breathtaking:0.69425
oscar (best cinematography):0.694
storytelling:0.69325
literature:0.68375
talky:0.6755
oscar (best supporting actress):0.66775
beautifully filmed:0.66725
original:0.665
intimate:0.6635
destiny:0.65225
sexuality:0.64525
adaptation:0.64125
colourful:0.636
literary adaptation:0.635
golden palm:0.6215
politics:0.602
unlikely friendships:0.59175
great acting:0.5885
criterion:0.58825
secrets:0.585
masterpiece:0.57825
based on a book:0.5765
runaway:0.57425
historical:0.56475
1920s:0.5635
erotic:0.5535
beautiful scenery:0.551
political:0.5465
doctors:0.541
mentor:0.5335
very interesting:0.53225
melancholic:0.527
corruption:0.52225
story:0.5195
greed:0.51475
passionate:0.51325
prejudice:0.50875
harsh:0.5085
complex:0.505
understated:0.50425
compassionate:0.504
books:0.499
foreign:0.4985
costume drama:0.4965
suprisingly clever:0.4925
oscar:0.492
good:0.49125
catastrophe:0.49125
friendship:0.48875
dreamlike:0.4795
great:0.47875
great ending:0.47225
epic:0.472
earnest:0.47075
suspense:0.4655
race issues:0.46425
interesting:0.46
betrayal:0.45825
dialogue:0.45775
obsession:0.4575
drinking:0.45725
scenic:0.45325
childhood:0.453
self discovery:0.451
sentimental:0.45
oscar (best foreign language film):0.4495
racism:0.44875
good soundtrack:0.4455
nudity (topless - notable):0.4455
drama:0.44525
tragedy:0.4395
visually appealing:0.43925
photography:0.4385
poignant:0.43675
good acting:0.4355
oscar winner:0.434
visual:0.4305
brainwashing:0.42475
excellent script:0.424
art:0.423
relationships:0.41575
exceptional acting:0.412
guilt:0.4115
police investigation:0.40425
beautiful:0.404
