cars:0.8825
workplace:0.8035
original:0.737
new jersey:0.72825
comedy:0.633
mentor:0.567
great ending:0.564
dialogue:0.555
redemption:0.53475
hostage:0.487
very funny:0.482
weapons:0.46425
drama:0.45225
funny:0.43975
creativity:0.437
predictable:0.4305
catastrophe:0.428
death:0.4255
greed:0.41725
good:0.40425
psychological:0.38625
life philosophy:0.37875
mob:0.37225
pornography:0.37075
lone hero:0.36375
humorous:0.35975
hospital:0.35625
good soundtrack:0.3545
multiple storylines:0.3485
entirely dialogue:0.34375
silly fun:0.34075
brutality:0.33475
melancholic:0.33375
unusual plot structure:0.32925
fantasy world:0.328
fun movie:0.328
buddy movie:0.3255
unfunny:0.323
runaway:0.321
story:0.31975
cult film:0.31825
storytelling:0.31675
destiny:0.31325
shopping:0.3125
great:0.312
first contact:0.306
psychology:0.302
mafia:0.30175
nudity (full frontal - brief):0.3
existentialism:0.29925
dysfunctional family:0.29725
intense:0.29625
god:0.294
off-beat comedy:0.29225
family:0.292
life & death:0.28525
pg-13:0.28275
goofy:0.28125
bad plot:0.281
road movie:0.28075
adaptation:0.28025
fun:0.27625
police investigation:0.27275
corruption:0.272
justice:0.26725
sexy:0.26725
depression:0.263
criterion:0.26
life:0.25425
teen movie:0.254
natural disaster:0.2535
culture clash:0.25225
humor:0.25075
dark comedy:0.24975
loneliness:0.248
suprisingly clever:0.24625
demons:0.246
fight scenes:0.24525
classic car:0.2445
quirky:0.24125
overrated:0.24075
lame:0.23875
cult classic:0.23775
gangsters:0.23725
nudity (topless - notable):0.23625
funny as hell:0.236
happy ending:0.23575
clever:0.2345
crude humor:0.23075
so bad it's funny:0.22975
books:0.22975
absurd:0.22875
visually stunning:0.22775
not funny:0.227
lawyer:0.226
pulp:0.226
guilt:0.22525
vengeance:0.2235
visually appealing:0.2235
childhood:0.22325
