dog:0.949
chase:0.91225
fantasy:0.82375
fun movie:0.8135
camp:0.748
original:0.72825
fun:0.70075
cute!:0.68925
goofy:0.63825
murder mystery:0.6135
unusual plot structure:0.60825
humorous:0.58225
comedy:0.57275
predictable:0.5605
murder:0.54425
graphic design:0.54175
london:0.5345
cute:0.53125
dogs:0.5235
silly:0.52025
talking animals:0.52025
silly fun:0.5155
great ending:0.49225
family:0.48425
mentor:0.479
fantasy world:0.4705
romance:0.46825
dialogue:0.45
so bad it's funny:0.44925
adaptation:0.43
very funny:0.42875
violence:0.42
catastrophe:0.4085
life & death:0.39825
complex:0.397
brutality:0.3925
culture clash:0.38675
melancholic:0.38575
bad plot:0.3795
storytelling:0.37175
teen movie:0.357
overrated:0.351
costume drama:0.345
death:0.345
life philosophy:0.34475
animals:0.3445
classic:0.34075
pornography:0.3365
funny:0.33275
quirky:0.3275
whimsical:0.3215
grindhouse:0.32125
pulp:0.321
sci fi:0.32025
first contact:0.31675
action:0.3145
good:0.3115
nudity (full frontal - brief):0.311
light:0.30925
clever:0.308
conspiracy:0.3075
pg:0.307
unfunny:0.3065
good soundtrack:0.30625
runaway:0.30575
fight scenes:0.30525
adapted from:book:0.301
obsession:0.2985
slapstick:0.298
entirely dialogue:0.2965
destiny:0.29625
not funny:0.29325
lone hero:0.292
queer:0.2905
1980s:0.2895
kids and family:0.28875
cult film:0.28775
science fiction:0.28775
story:0.28575
teen:0.283
romantic:0.28225
writers:0.2815
redemption:0.2815
justice:0.27875
based on a book:0.27725
children:0.2735
pg-13:0.2735
dysfunctional family:0.27
twists & turns:0.26975
nocturnal:0.26825
underrated:0.26825
gay:0.26675
imdb top 250:0.2665
feel-good:0.26625
crime gone awry:0.26575
entertaining:0.2655
happy ending:0.26275
computer animation:0.2615
great:0.2595
mystery:0.25875
