dinosaurs:0.995
splatter:0.95025
special effects:0.93675
horrible:0.911
bad acting:0.83175
so bad it's funny:0.83075
mad scientist:0.8155
original:0.8085
predictable:0.7895
lame:0.772
disaster:0.7705
natural disaster:0.767
big budget:0.75825
idiotic:0.73775
sci fi:0.7115
cheesy:0.7065
virus:0.683
based on a book:0.6825
bad plot:0.6775
stupid:0.672
stupid as hell:0.66025
awful:0.658
overrated:0.61225
scifi:0.611
effects:0.6065
pointless:0.59825
catastrophe:0.59775
fantasy world:0.596
sci-fi:0.5885
silly:0.587
franchise:0.583
bad cgi:0.5775
goofy:0.55725
first contact:0.5485
dialogue:0.546
animals:0.5285
low budget:0.5265
family:0.51875
monster:0.51425
bad:0.512
stop motion:0.5095
ridiculous:0.491
great ending:0.4725
cult film:0.45825
violence:0.456
story:0.45175
based on book:0.44575
scary:0.44525
horror:0.4415
product placement:0.4415
fun movie:0.43875
fantasy:0.43675
mentor:0.4365
campy:0.43475
silly fun:0.43325
technology:0.43025
shallow:0.42475
adaptation:0.41675
cult classic:0.4155
fun:0.413
nudity (topless - notable):0.4105
entirely dialogue:0.40225
boring:0.4015
brutality:0.39525
quirky:0.382
stupidity:0.37625
dreamlike:0.37225
death:0.37225
paranoid:0.36675
spiders:0.36375
remake:0.36325
dysfunctional family:0.3595
slapstick:0.358
toys:0.35775
good action:0.35275
destiny:0.35
god:0.3495
mutants:0.34925
humorous:0.348
snakes:0.34675
weird:0.3455
redemption:0.34
fight scenes:0.339
dynamic cgi action:0.338
pulp:0.33625
weapons:0.336
women:0.335
science fiction:0.33225
genetics:0.3315
bad science:0.33125
runaway:0.33075
bad ending:0.3295
plot holes:0.3275
road movie:0.3255
end of the world:0.32125
violent:0.31725
science:0.31425
storytelling:0.314
great:0.314
gory:0.31325
