silly fun:0.94125
predictable:0.8605
comedy:0.84725
horrible:0.847
stupid:0.84225
so bad it's funny:0.8045
bad plot:0.79775
silly:0.772
family:0.76175
idiotic:0.74175
dumb:0.7245
stupid as hell:0.7075
lame:0.7015
mentor:0.69575
chase:0.68725
australia:0.6765
original:0.6765
pointless:0.6575
violence:0.656
action:0.639
goofy:0.621
catastrophe:0.61525
bad:0.6085
gangsters:0.59925
fun movie:0.59725
talking animals:0.591
kids:0.58125
overrated:0.56875
natural disaster:0.554
hip hop:0.55275
entertaining:0.551
awful:0.54925
funny:0.53575
slapstick:0.52275
bad acting:0.50925
teen movie:0.4965
fun:0.49325
stupidity:0.4915
money:0.48475
disaster:0.47775
crude humor:0.47375
big budget:0.4645
bad cgi:0.46225
very funny:0.4615
dialogue:0.46125
australian:0.44875
great ending:0.44575
brutality:0.44425
pg-13:0.444
adventure:0.44325
children:0.44175
foul language:0.44
shallow:0.4375
life philosophy:0.43625
good action:0.4335
unfunny:0.42875
humorous:0.4285
funny as hell:0.4225
computer animation:0.42025
dumb but funny:0.41325
fantasy world:0.41175
road movie:0.4075
twists & turns:0.401
fantasy:0.3915
first contact:0.384
redemption:0.37425
friendship:0.37225
good:0.3655
mafia:0.36325
betrayal:0.362
fight scenes:0.361
pulp:0.3595
guilty pleasure:0.359
cute!:0.35375
special effects:0.35175
great:0.34875
franchise:0.344
death:0.3425
entirely dialogue:0.33825
boring:0.33425
writers:0.334
story:0.3335
buddy movie:0.33325
storytelling:0.3325
happy ending:0.3315
stereotypes:0.33
lone hero:0.323
adaptation:0.32225
greed:0.31675
nudity (topless - notable):0.3165
animals:0.3135
crappy sequel:0.31175
racing:0.3085
unlikely friendships:0.3085
pornography:0.30675
childhood:0.30425
justice:0.2995
car chase:0.299
internet:0.29825
sexy:0.29425
