splatter:0.99875
cult classic:0.99325
cult film:0.98825
superhero:0.85825
low budget:0.83575
violence:0.83175
goofy:0.8225
so bad it's funny:0.81475
campy:0.81325
new jersey:0.81
weird:0.7815
bloody:0.7675
grindhouse:0.7635
parody:0.76325
original:0.75775
dark humor:0.75475
fun movie:0.75275
gory:0.749
cult:0.73475
superheroes:0.72125
80s:0.72
super hero:0.71625
brutality:0.69525
good soundtrack:0.68025
zombie:0.66625
so bad it's good:0.6655
horror:0.64425
mad scientist:0.62175
camp:0.60325
gore:0.588
pulp:0.58325
super-hero:0.5755
violent:0.56375
vigilante:0.55175
macabre:0.53825
black comedy:0.5355
dark comedy:0.52675
nudity:0.51775
fun:0.51675
monster:0.5145
satirical:0.49975
cheesy:0.486
clowns:0.4855
gruesome:0.48175
bad acting:0.47075
spoof:0.47075
visually appealing:0.45925
demons:0.4545
humorous:0.4495
dialogue:0.44925
nudity (full frontal - notable):0.428
corruption:0.42725
sexualized violence:0.427
absurd:0.42525
great ending:0.4195
mentor:0.4195
gangsters:0.41925
crazy:0.41525
pornography:0.4145
special effects:0.40525
quirky:0.40175
catastrophe:0.397
gratuitous violence:0.39475
weapons:0.38725
goretastic:0.38225
vengeance:0.37775
queer:0.362
harsh:0.35975
independent film:0.35925
blood:0.359
revenge:0.3535
silly:0.34475
mutants:0.3445
adaptation:0.3405
bizarre:0.3395
slapstick:0.33925
foul language:0.33675
predictable:0.33425
entirely dialogue:0.33025
stylized:0.32925
fight scenes:0.32825
death:0.3275
destiny:0.3275
graphic novel:0.32675
crime:0.32575
entertaining:0.32275
sexy:0.32175
1980s:0.31425
hilarious:0.314
very funny:0.314
narrated:0.31375
disturbing:0.3135
comedy:0.31175
stupidity:0.311
insanity:0.3055
ridiculous:0.304
fast paced:0.30375
melancholic:0.301
small town:0.30025
awesome soundtrack:0.299
