independent film:0.914
biographical:0.89375
biography:0.8755
original:0.86525
hip hop:0.82925
affectionate:0.8265
family bonds:0.826
biopic:0.82125
criterion:0.80675
blaxploitation:0.777
talky:0.7445
obsession:0.74125
family drama:0.73525
pornography:0.7145
narrated:0.71025
adapted from:book:0.69975
great movie:0.69525
great:0.6875
oscar (best directing):0.6795
social commentary:0.67225
runaway:0.66825
childhood:0.658
eccentricity:0.64625
sweet:0.638
black and white:0.638
highly quotable:0.63775
tense:0.63575
artistic:0.6325
oscar (best supporting actress):0.627
violent:0.625
family:0.62425
distopia:0.62175
artist:0.614
great ending:0.609
story:0.608
golden palm:0.60775
mentor:0.60525
harsh:0.60075
adaptation:0.595
imdb top 250:0.58725
good:0.5855
greed:0.585
1970s:0.58275
interesting:0.58025
intimate:0.579
period piece:0.57825
dark hero:0.57675
good soundtrack:0.57325
drinking:0.57275
clever:0.572
true story:0.56925
based on book:0.566
gunfight:0.56225
indie:0.562
forceful:0.56125
revolution:0.56125
movielens top pick:0.55925
revenge:0.54475
corruption:0.5425
cerebral:0.5405
culture clash:0.53925
cinematography:0.53675
drama:0.53125
passionate:0.53025
stylized:0.52875
grim:0.5285
bleak:0.52125
honest:0.52
suspense:0.52
enigmatic:0.51575
based on a book:0.51525
intense:0.51425
visually appealing:0.513
violence:0.51275
grindhouse:0.50975
oscar (best actress):0.5075
downbeat:0.50375
entertaining:0.501
melancholy:0.49925
inspiring:0.48775
dialogue:0.48675
cynical:0.48575
insanity:0.48375
visual:0.48275
brutality:0.4805
depression:0.4785
original plot:0.478
weird:0.477
surreal:0.477
relationships:0.4715
dreams:0.46675
poignant:0.46525
classic:0.46075
fun movie:0.4595
afi 100 (movie quotes):0.459
murder:0.458
dysfunctional family:0.458
british:0.457
crime:0.45575
earnest:0.4545
