weird:0.81675
silly:0.80675
life philosophy:0.78175
original:0.76825
sci-fi:0.7585
fun movie:0.739
surreal:0.71825
underrated:0.67325
comedy:0.6645
great:0.6335
sci fi:0.631
satire:0.611
cult film:0.6005
amy smart:0.58875
mentor:0.58
dialogue:0.578
funny:0.5605
fight scenes:0.55725
cerebral:0.55425
great ending:0.5525
goofy:0.54775
parallel universe:0.54475
brutality:0.54325
social commentary:0.5275
slapstick:0.52725
humorous:0.51775
unusual plot structure:0.51325
cult classic:0.5085
visually stunning:0.50825
love story:0.49875
gory:0.49625
depression:0.4955
scifi:0.49075
nudity (topless):0.48
satirical:0.47525
dark hero:0.472
cinematography:0.46925
dark humor:0.46025
predictable:0.45325
crude humor:0.4525
love:0.4495
vengeance:0.4475
existentialism:0.44575
disturbing:0.44325
great movie:0.4425
future:0.44175
nudity (rear):0.43675
allegory:0.42775
cult:0.417
nudity (topless - notable):0.41525
visually appealing:0.415
catastrophe:0.41025
male nudity:0.409
hilarious:0.40825
irish accent:0.398
harsh:0.394
gangsters:0.39175
nudity (full frontal - brief):0.39075
thriller:0.39
sacrifice:0.38775
clever:0.38575
bad ending:0.38425
aliens:0.3835
excellent:0.383
writers:0.379
criterion:0.37875
good soundtrack:0.378
nocturnal:0.37375
distopia:0.37375
books:0.3715
death:0.3685
visual:0.36625
enormously long battle scene:0.36625
first contact:0.36475
greed:0.36475
complex:0.36425
goretastic:0.3585
silly fun:0.3575
black comedy:0.3525
very funny:0.35
enigmatic:0.34875
women:0.3475
affectionate:0.3415
adapted from:book:0.3415
futuristic:0.338
bizarre:0.33775
intense:0.335
realistic:0.33425
runaway:0.33425
science fiction:0.3335
stylized:0.3295
alternate endings:0.328
lone hero:0.3255
life & death:0.323
drama:0.32275
alien:0.3215
twists & turns:0.3215
justice:0.3185
family:0.3155
1980s:0.315
