romantic comedy:0.98925
chick flick:0.8915
comedy:0.84125
crude humor:0.769
happy ending:0.7465
romantic:0.706
workplace:0.70325
teen movie:0.67325
romance:0.62825
funny:0.628
original:0.609
predictable:0.581
hilarious:0.5395
girlie movie:0.538
nudity (topless):0.50275
good romantic comedies:0.5015
very funny:0.49425
great ending:0.452
shallow:0.437
silly:0.434
catastrophe:0.427
relationships:0.4105
wedding:0.407
good soundtrack:0.39875
mentor:0.39875
dialogue:0.383
excellent script:0.37975
cute:0.37775
sex comedy:0.376
unfunny:0.368
goofy:0.3655
feel-good:0.36025
classic car:0.34975
pg-13:0.3485
teen:0.348
so bad it's funny:0.34575
overrated:0.345
life philosophy:0.34375
harsh:0.32875
new jersey:0.327
brutality:0.32675
stereotypes:0.319
fantasy world:0.318
culture clash:0.3115
bad ending:0.309
storytelling:0.30725
better than expected:0.29875
bad acting:0.29575
funny as hell:0.29275
good:0.29075
destiny:0.2885
sweet:0.28775
amy smart:0.2875
pornography:0.28475
runaway:0.28275
dumb:0.278
great:0.276
horrible:0.274
feel good movie:0.27325
suprisingly clever:0.273
quirky:0.2685
stupid:0.26825
humorous:0.268
first contact:0.26725
love story:0.26725
virginity:0.2665
shopping:0.2635
stupidity:0.261
slapstick:0.26075
betrayal:0.25975
lone hero:0.25925
drinking:0.2565
not funny:0.254
absurd:0.25025
gay character:0.24725
entirely dialogue:0.24025
nudity (topless - notable):0.24
nudity (full frontal - brief):0.23975
women:0.23975
vengeance:0.2395
chase:0.235
fight scenes:0.234
sex:0.234
adaptation:0.233
bad plot:0.23
redemption:0.22875
honest:0.227
melancholic:0.226
male nudity:0.22575
fun:0.2255
cooking:0.22225
justice:0.22
guilty pleasure:0.216
unlikely friendships:0.21475
weird:0.21375
writers:0.2115
visually appealing:0.21
erotic:0.20825
lame:0.20575
awful:0.2055
