based on a comic:0.995
adapted from:comic:0.99125
comic book:0.8645
mutants:0.8625
awesome soundtrack:0.8215
comics:0.799
based on comic:0.78575
original:0.76825
sexy:0.7605
stylized:0.75225
cool:0.748
good soundtrack:0.702
fun movie:0.6775
goth:0.67325
post-apocalyptic:0.6505
goofy:0.6435
campy:0.637
silly:0.63625
post apocalyptic:0.5995
silly fun:0.59075
graphic novel:0.576
cult classic:0.57125
pulp:0.5545
unlikeable characters:0.55325
sci-fi:0.54575
superheroes:0.545
sci fi:0.53125
fun:0.50125
action:0.49925
catastrophe:0.49375
weird:0.48425
brutality:0.483
cyberpunk:0.478
punk:0.47575
adaptation:0.47025
futuristic:0.4625
pornography:0.446
great ending:0.4405
fight scenes:0.438
sexualized violence:0.4335
great:0.41825
so bad it's funny:0.4175
super hero:0.4095
dialogue:0.40075
horrible:0.39825
irreverent:0.394
storytelling:0.3865
special effects:0.383
quirky:0.3805
scifi:0.37925
comic:0.37675
dark hero:0.37275
mentor:0.37125
science fiction:0.3705
so bad it's good:0.358
guilty pleasure:0.3575
bad:0.35525
gratuitous violence:0.3515
lame:0.35025
predictable:0.34875
slapstick:0.34525
weapons:0.3435
ninja:0.34275
teen movie:0.3395
visual:0.33775
absurd:0.336
stupid as hell:0.32675
pointless:0.3255
cartoon:0.31875
revenge:0.31425
melancholic:0.314
vengeance:0.31
pg-13:0.30925
runaway:0.309
violence:0.30875
grindhouse:0.30575
surreal:0.30375
crazy:0.30225
entirely dialogue:0.3015
bad plot:0.3
alter ego:0.2985
women:0.29375
justice:0.29325
life philosophy:0.28725
mad scientist:0.28675
geek:0.28425
stupidity:0.28425
bad ending:0.28425
cult film:0.28275
superhero:0.28075
satirical:0.2785
nudity (full frontal - brief):0.27775
sarcasm:0.277
fantasy world:0.276
girlie movie:0.2755
camp:0.2745
nocturnal:0.2735
very funny:0.26475
first contact:0.26275
visually appealing:0.26125
