oscar (best animated feature):0.997
superhero:0.986
superheroes:0.9825
super hero:0.97925
animation:0.97775
robot:0.97325
kids:0.9525
robots:0.95175
super-hero:0.93675
animated:0.93
based on a comic:0.928
heartwarming:0.927
technology:0.92225
computer animation:0.92
friendship:0.90875
cartoon:0.904
kids and family:0.9015
children:0.89975
action:0.88275
touching:0.87425
fun:0.85425
original:0.854
humor:0.84725
runaway:0.8395
futuristic:0.838
disney:0.83175
cute:0.8285
marvel:0.8075
adventure:0.80375
entertaining:0.79675
pg-13:0.796
unlikely friendships:0.795
family:0.7935
comic book:0.78125
giant robots:0.77625
disney animated feature:0.773
good:0.77125
visually stunning:0.7585
happy ending:0.75425
highly quotable:0.75075
comedy:0.7305
childhood:0.72575
san francisco:0.72025
fun movie:0.71825
storytelling:0.7165
based on comic:0.70875
story:0.70275
action packed:0.70225
coming of age:0.69925
inspirational:0.69475
visually appealing:0.6945
mentor:0.69125
teleportation:0.68825
clever:0.68775
fast paced:0.681
tokyo:0.67
cool:0.66225
great:0.659
adapted from:comic:0.657
cute!:0.65525
very funny:0.65275
sweet:0.647
brothers:0.635
good soundtrack:0.63325
funny:0.631
inspiring:0.628
animals:0.62775
sacrifice:0.6275
emotional:0.62725
goofy:0.623
feel-good:0.614
plot:0.6105
better than expected:0.60025
watch the credits:0.5925
dialogue:0.56975
movielens top pick:0.567
destiny:0.55675
science fiction:0.55575
great movie:0.55375
death:0.55075
tragedy:0.54425
witty:0.5435
revenge:0.53975
life philosophy:0.5375
prejudice:0.5355
creativity:0.52975
feel good movie:0.527
catastrophe:0.5245
very interesting:0.521
good versus evil:0.517
pixar animation:0.51475
comics:0.51225
stereotypes:0.51025
big budget:0.50975
sad but good:0.50825
humorous:0.5075
great ending:0.506
culture clash:0.5055
original plot:0.50525
chase:0.49475
