adventure:0.9925
based on a true story:0.9775
based on true story:0.97275
big budget:0.94525
survival:0.9395
true story:0.92325
dramatic:0.91525
visually stunning:0.91475
courage:0.898
story:0.89175
biographical:0.8885
cinematography:0.886
historical:0.88475
storytelling:0.88425
intense:0.88225
drama:0.8745
original:0.87325
exciting:0.869
epic:0.8535
boat:0.853
beautifully filmed:0.84975
ocean:0.84675
oscar:0.846
visually appealing:0.84475
scenic:0.8365
suspense:0.8275
visual:0.82725
oscar (best foreign language film):0.81925
factual:0.81825
island:0.8145
shark:0.802
good:0.79875
great ending:0.79575
imagination:0.79275
pg-13:0.7885
fantasy world:0.784
based on a book:0.78
special effects:0.76525
technology:0.763
great movie:0.76175
justice:0.75775
good soundtrack:0.7575
beautiful scenery:0.75675
interesting:0.7555
biopic:0.7515
oscar (best directing):0.74725
corruption:0.7405
dynamic cgi action:0.73
imdb top 250:0.72325
based on book:0.7215
mentor:0.71675
foreign:0.716
original plot:0.71375
fun movie:0.701
shallow:0.697
action:0.69625
adapted from:book:0.69625
entertaining:0.6855
plot:0.68525
harsh:0.68125
adaptation:0.67725
idealism:0.67675
great:0.674
stranded:0.67375
treasure hunt:0.672
history:0.67075
inspiring:0.6705
honest:0.66375
unusual plot structure:0.66175
us history:0.657
narrated:0.65475
twists & turns:0.64825
good acting:0.64625
amazing photography:0.6405
self discovery:0.63925
oscar winner:0.63575
catastrophe:0.63375
science fiction:0.62925
transformation:0.623
book was better:0.62225
greed:0.62
clever:0.61475
stunning:0.61475
humor:0.60825
dialogue:0.60575
realistic:0.603
runaway:0.60075
fast paced:0.6
cgi:0.595
very interesting:0.59225
franchise:0.5915
murder:0.5885
oscar (best effects - visual effects):0.57825
social commentary:0.5755
scifi:0.57475
mythology:0.57425
nostalgic:0.57125
tense:0.571
sci fi:0.56925
fight scenes:0.56775
