ghosts:0.999
horror:0.9775
haunted house:0.972
supernatural:0.96025
remake:0.91575
ghosts/afterlife:0.90925
special effects:0.901
scary:0.84375
silly fun:0.82575
effects:0.79625
bad acting:0.7875
original:0.77725
creepy:0.714
horrible:0.7035
predictable:0.696
frightening:0.67875
bad plot:0.6725
so bad it's funny:0.65375
bad cgi:0.6345
splatter:0.63375
stupid:0.5945
death:0.56175
big budget:0.55225
first contact:0.55
gory:0.5335
silly:0.53275
apocalypse:0.53125
great ending:0.5195
bad ending:0.5195
suspense:0.51575
catastrophe:0.51
demons:0.5025
dialogue:0.48775
idiotic:0.48775
natural disaster:0.47725
lame:0.47375
mentor:0.4705
better than expected:0.46575
monster:0.4565
goth:0.45375
family:0.4535
good:0.452
cool:0.45075
pointless:0.44775
monsters:0.43675
plot holes:0.416
gothic:0.4125
zombie:0.41
eerie:0.40875
pg-13:0.408
transformation:0.402
blood:0.40175
fun movie:0.39825
cheesy:0.38975
disaster:0.38825
shallow:0.385
computer animation:0.38275
fantasy world:0.38225
fun:0.37725
story:0.37725
weird:0.37575
devil:0.37375
visual:0.372
survival:0.37125
fight scenes:0.36475
nudity (topless - notable):0.36475
stupid as hell:0.36125
mythology:0.35675
bad:0.35625
goofy:0.35375
stereotypes:0.34725
vengeance:0.33875
entertaining:0.33675
action:0.3325
adaptation:0.332
overrated:0.326
life & death:0.32175
campy:0.32175
brutality:0.3205
great:0.315
weapons:0.31475
happy ending:0.31075
werewolf:0.309
redemption:0.3085
stupidity:0.30675
twists & turns:0.30625
lawyer:0.3055
crappy sequel:0.30375
technology:0.30375
chase:0.302
entirely dialogue:0.30075
good soundtrack:0.2995
franchise:0.29675
mad scientist:0.29625
life philosophy:0.296
stylized:0.2925
dynamic cgi action:0.29175
destiny:0.287
awful:0.287
visually stunning:0.28475
