creepy:0.986
horror:0.9495
supernatural:0.94725
ghosts:0.93475
mother daughter relationship:0.84575
eerie:0.84225
frightening:0.8295
original:0.8005
atmospheric:0.78875
weird:0.74775
better than the american version:0.74325
psychological:0.7405
imaginary friend:0.73775
dark:0.71775
ominous:0.707
scary:0.704
melancholic:0.684
splatter:0.632
great ending:0.61125
disturbing:0.57925
japan:0.5645
good soundtrack:0.564
tense:0.56025
enigmatic:0.556
suspense:0.55475
haunted house:0.54325
brutality:0.53225
social commentary:0.53175
complex:0.53025
parenthood:0.52625
drama:0.52425
claustrophobic:0.50525
storytelling:0.501
story:0.49925
divorce:0.49775
psychology:0.49725
vengeance:0.4955
cult classic:0.494
suspenseful:0.49325
solitude:0.49025
transformation:0.4885
loneliness:0.4845
nocturnal:0.48225
twist ending:0.474
visceral:0.47175
blood:0.4505
downbeat:0.44425
sacrifice:0.43825
strange:0.4375
isolation:0.4365
great:0.43225
secrets:0.4295
violent:0.42575
stylized:0.4255
cinematography:0.421
good:0.4205
visually appealing:0.41825
gory:0.417
visual:0.4145
catastrophe:0.414
japanese:0.4105
adapted from:book:0.40675
demons:0.40425
grindhouse:0.40075
mystery:0.3985
adaptation:0.397
bad ending:0.3925
revenge:0.391
harsh:0.3905
dreamlike:0.38875
dialogue:0.38425
culture clash:0.38275
cult film:0.37875
goretastic:0.37275
foreign:0.37125
intense:0.368
survival:0.3675
macabre:0.36625
runaway:0.36225
mentor:0.35475
bleak:0.34525
hospital:0.34475
happy ending:0.3435
violence:0.3425
so bad it's funny:0.34175
goth:0.341
not funny:0.3395
pg-13:0.33725
slow paced:0.33225
ghosts/afterlife:0.33
insanity:0.32825
paranoid:0.32775
remade:0.32725
slow:0.326
police investigation:0.3205
based on book:0.31975
better than expected:0.3185
childhood:0.3155
sexualized violence:0.313
life & death:0.311
