romantic comedy:0.99425
romantic:0.95225
comedy:0.94775
funny:0.9005
good romantic comedies:0.89025
las vegas:0.88125
marriage:0.83
happy ending:0.827
chick flick:0.81525
predictable:0.7785
girlie movie:0.77825
romance:0.72025
cute:0.71075
love story:0.69975
original:0.686
entertaining:0.66475
silly:0.6565
better than expected:0.636
very funny:0.6045
great ending:0.59225
so bad it's funny:0.5825
silly fun:0.57125
divorce:0.55725
fun movie:0.55325
cute!:0.54475
pg-13:0.53975
wedding:0.5245
teen movie:0.51975
feel-good:0.518
unfunny:0.51
catastrophe:0.4975
crude humor:0.494
good:0.48925
fun:0.48
horrible:0.4745
mentor:0.45775
stereotypes:0.4515
destiny:0.42925
hilarious:0.406
bad acting:0.3985
sweet:0.398
dialogue:0.39475
shallow:0.37425
not funny:0.37175
story:0.369
feel good movie:0.36575
great:0.341
bad plot:0.3315
culture clash:0.329
overrated:0.3265
light:0.325
natural disaster:0.325
first contact:0.3155
sexy:0.31375
twists & turns:0.312
stupid:0.31
lame:0.3045
drinking:0.29325
shopping:0.28875
life philosophy:0.288
plot:0.286
suprisingly clever:0.2835
idiotic:0.28225
lawyer:0.27725
greed:0.2755
good soundtrack:0.2705
betrayal:0.26975
dumb:0.26925
unrealistic:0.26675
storytelling:0.266
transformation:0.263
slapstick:0.26175
sappy:0.26175
big budget:0.256
family:0.2555
clever:0.2535
fight scenes:0.25275
runaway:0.249
lawyers:0.24825
goofy:0.247
disaster:0.2445
relationships:0.24275
switching places:0.23975
adaptation:0.2385
beautiful scenery:0.23525
unlikeable characters:0.2345
quirky:0.23375
brutality:0.232
dumb but funny:0.23
absurd:0.2275
money:0.22725
great acting:0.22525
pornography:0.22475
vengeance:0.224
original plot:0.219
lone hero:0.2185
screwball comedy:0.21725
wine:0.2145
cheesy:0.21275
simple:0.20775
