computer animation:0.97375
jungle:0.96275
animation:0.9465
adapted from:book:0.93575
kids and family:0.93475
based on a book:0.92875
cartoon:0.9005
dr. seuss:0.89975
animals:0.8815
talking animals:0.86625
animated:0.8495
based on book:0.842
original:0.83225
children:0.82075
story:0.79625
family:0.773
adaptation:0.772
kids:0.7135
whimsical:0.69
childhood:0.6865
funny:0.6845
books:0.6755
comedy:0.665
creativity:0.66025
storytelling:0.6505
cute:0.64775
animal movie:0.6235
colourful:0.597
narrated:0.59525
imagination:0.591
good:0.58375
clever:0.579
heartwarming:0.56925
mentor:0.54075
fun:0.54
great:0.53875
crude humor:0.52825
friendship:0.525
fantasy world:0.51725
disney:0.5145
very funny:0.49925
transformation:0.49775
visually stunning:0.492
dialogue:0.491
redemption:0.4875
oscar (best animated feature):0.4805
life philosophy:0.4625
great ending:0.45675
humorous:0.452
adventure:0.4465
cgi:0.4445
destiny:0.43725
goofy:0.435
good soundtrack:0.43275
humor:0.426
book was better:0.41925
fun movie:0.4185
happy ending:0.4095
catastrophe:0.4035
cute!:0.39025
suprisingly clever:0.38925
alter ego:0.38525
stereotypes:0.382
hilarious:0.3805
unlikely friendships:0.38
fast paced:0.38
existentialism:0.37575
visually appealing:0.3735
weird:0.363
pg-13:0.36125
predictable:0.35025
alone in the world:0.349
superheroes:0.34725
light:0.346
entertaining:0.34225
fairy tale:0.339
witty:0.33875
unfunny:0.33475
criterion:0.33125
great movie:0.328
culture clash:0.32375
runaway:0.323
brainwashing:0.323
parallel universe:0.32125
better than expected:0.31775
beautiful scenery:0.31125
pornography:0.30775
silly fun:0.30725
visuals:0.30475
touching:0.30225
slapstick:0.301
imdb top 250:0.2955
not funny:0.29275
first contact:0.29075
sweet:0.2905
big budget:0.28575
pixar:0.28225
good versus evil:0.28125
fantasy:0.28125
feel-good:0.281
