politics:0.972
documentary:0.969
social commentary:0.967
propaganda:0.95
canada:0.94725
greed:0.9415
corruption:0.932
capitalism:0.88425
business:0.88225
political:0.872
idealism:0.797
original:0.76825
corporate america:0.763
9/11:0.76125
interesting:0.749
world politics:0.7485
doctors:0.74125
good:0.73925
factual:0.725
hospital:0.71325
cuba:0.69075
conspiracy:0.67425
islam:0.6645
brainwashing:0.65825
surveillance:0.648
thought-provoking:0.6475
manipulation:0.6375
terrorism:0.63225
homeless:0.60175
cancer:0.57675
oil:0.57475
revolution:0.56825
free speech:0.55475
france:0.5415
great ending:0.53875
iraq:0.5365
catastrophe:0.52675
life philosophy:0.52425
controversial:0.524
justice:0.52025
pg-13:0.5195
utopia:0.51825
foreign:0.517
culture clash:0.511
honest:0.51025
heartbreaking:0.50925
england:0.48675
family:0.48125
prejudice:0.47925
educational:0.4705
tragedy:0.46825
intimate:0.46075
good soundtrack:0.46025
entertaining:0.45775
segregation:0.4545
criterion:0.454
very interesting:0.44975
life & death:0.4495
freedom:0.44875
great:0.4425
money:0.44025
pornography:0.43975
conspiracy theory:0.43925
compassionate:0.4385
mentor:0.43125
destiny:0.43125
oscar (best directing):0.43
violence:0.4285
global warming:0.4235
feel-good:0.4195
intense:0.4145
narrated:0.4125
beautiful scenery:0.41075
london:0.4095
sacrifice:0.40725
golden palm:0.39925
betrayal:0.399
british:0.39825
clever:0.3975
death:0.39725
dialogue:0.3945
guns:0.39
alone in the world:0.3875
story:0.384
harsh:0.38275
journalism:0.3815
good acting:0.3815
environmental:0.37625
emotional:0.37525
sad:0.37425
not funny:0.37375
morality:0.3735
satire:0.3695
intelligent:0.368
torture:0.36775
us history:0.36675
california:0.364
runaway:0.36275
light:0.3625
very good:0.36225
