switching places:0.97375
family:0.9265
children:0.8915
divorce:0.891
cute:0.88575
fun movie:0.8825
camp:0.836
childhood:0.8115
story:0.751
girlie movie:0.747
cute!:0.74275
original:0.74275
classic:0.73025
sweet:0.72325
heartwarming:0.70025
fun:0.7
sisters:0.6795
disney:0.66425
good:0.64375
romantic:0.6265
kids and family:0.57675
runaway:0.57175
kids:0.549
california:0.5485
remake:0.542
great:0.5315
culture clash:0.496
marriage:0.49125
destiny:0.48225
light:0.4785
feel-good:0.4595
catastrophe:0.458
sexy:0.4495
witty:0.43825
beautiful scenery:0.429
women:0.42825
wedding:0.4275
sentimental:0.42575
holiday:0.42
dialogue:0.41375
interracial romance:0.4135
mentor:0.40875
remade:0.4075
happy ending:0.401
identity:0.39825
adoption:0.3925
entertaining:0.382
great ending:0.3815
chase:0.3755
comedy:0.37275
boston:0.36175
romantic comedy:0.3595
parenthood:0.35875
clever:0.34825
teen movie:0.347
pg-13:0.3445
oscar (best actress):0.3445
stereotypes:0.343
touching:0.342
predictable:0.3415
silly:0.334
sequel:0.333
suprisingly clever:0.3315
nostalgic:0.331
london:0.3245
adaptation:0.3235
not funny:0.31275
great movie:0.30825
feel good movie:0.30675
funny:0.30575
unfunny:0.29925
twists & turns:0.2985
bullying:0.29425
first contact:0.29375
chick flick:0.292
family bonds:0.29125
life philosophy:0.29075
oscar:0.2905
animals:0.29
storytelling:0.28625
farce:0.28375
romance:0.27975
very funny:0.2795
british:0.27775
original plot:0.27425
island:0.27175
oscar winner:0.27175
pornography:0.26975
teen:0.26925
greed:0.26725
fantasy:0.2605
lone hero:0.25975
good romantic comedies:0.2595
oscar (best supporting actress):0.2585
period piece:0.25775
single father:0.2565
adapted from:book:0.25625
dreamlike:0.2545
natural disaster:0.24725
excellent:0.24675
