saturday night live:0.9845
good sequel:0.96575
rock and roll:0.96575
goofy:0.93625
sequels:0.907
parody:0.87425
hilarious:0.85675
original:0.8395
spoof:0.8235
funniest movies:0.82225
comedy:0.802
sequel:0.7785
funny as hell:0.7535
funny:0.726
very funny:0.72175
silly:0.6595
spying:0.6335
based on a tv show:0.63175
good:0.62875
silly fun:0.621
destiny:0.615
dumb but funny:0.57825
franchise:0.55225
alone in the world:0.5435
stupidity:0.53225
suprisingly clever:0.513
product placement:0.50975
weird:0.48475
original plot:0.478
mentor:0.4775
indians:0.46575
nerds:0.4645
great ending:0.464
crude humor:0.46225
great:0.449
crappy sequel:0.44325
fantasy world:0.4375
fun movie:0.424
creativity:0.424
idiotic:0.41925
teen movie:0.40725
fight scenes:0.405
dumb:0.4045
stupid:0.404
transformation:0.40125
catastrophe:0.3945
unfunny:0.388
dynamic cgi action:0.38375
predictable:0.3835
dialogue:0.3725
brutality:0.37175
story:0.37175
stupid as hell:0.36975
dreams:0.367
chase:0.3635
lame:0.36075
excellent:0.35725
irreverent:0.35525
time:0.3535
satire:0.35275
storytelling:0.35225
fun:0.3485
pointless:0.34375
musicians:0.33825
death:0.33575
clever:0.33275
adaptation:0.3325
good soundtrack:0.332
adventure:0.33025
happy ending:0.32725
life philosophy:0.32475
pg-13:0.3205
runaway:0.31725
culture clash:0.311
slapstick:0.31
alternate reality:0.3095
pornography:0.30125
very good:0.30075
first contact:0.3
unusual plot structure:0.29975
great movie:0.298
overrated:0.29575
so bad it's funny:0.29525
satirical:0.2885
vengeance:0.28625
melancholic:0.28425
justice:0.274
god:0.2735
sci fi:0.273
music business:0.27075
teen:0.2655
nudity (full frontal - brief):0.26275
criterion:0.261
kung fu:0.26025
weapons:0.26
shallow:0.25575
imdb top 250:0.255
dark hero:0.253
lone hero:0.2525
crime gone awry:0.24675
