quirky:0.75725
weird:0.6915
off-beat comedy:0.67825
absurd:0.605
dialogue:0.5895
original:0.551
transformation:0.5425
wine:0.53525
nocturnal:0.514
entirely dialogue:0.5115
suprisingly clever:0.4885
dystopic future:0.4865
existentialism:0.48075
beautiful scenery:0.47125
life philosophy:0.462
scenic:0.46025
very interesting:0.451
visually appealing:0.449
catastrophe:0.44825
enigmatic:0.44375
great ending:0.43225
spiders:0.4145
independent film:0.41425
twists & turns:0.407
mentor:0.40375
plot:0.40275
nerds:0.3935
loneliness:0.38025
paranoia:0.3765
technology:0.3755
submarine:0.371
erotic:0.36925
silly fun:0.36225
good soundtrack:0.35725
melancholy:0.357
sci fi:0.35075
stupidity:0.34225
great acting:0.33925
harsh:0.33675
science fiction:0.3355
saturday night live:0.334
great:0.3335
notable nudity:0.33275
cult film:0.33
crime gone awry:0.328
melancholic:0.326
sarcasm:0.32425
storytelling:0.32275
dystopia:0.322
pornography:0.31675
adaptation:0.315
spying:0.31425
unlikely friendships:0.31375
pointless:0.31225
writers:0.30975
light:0.30775
cinematography:0.30625
brutality:0.30125
mad scientist:0.29875
friendship:0.297
product placement:0.2955
alternate endings:0.2925
unlikeable characters:0.29075
quotable:0.289
romance:0.289
underrated:0.28875
lone hero:0.28775
solitude:0.2865
hotel:0.28325
goofy:0.2825
slapstick:0.28175
irish accent:0.27425
entertaining:0.27425
story:0.273
first contact:0.27275
clever:0.2655
fun movie:0.265
end of the world:0.264
cerebral:0.26375
sci-fi:0.2545
silly:0.25325
funny as hell:0.2525
fantasy world:0.25225
hilarious:0.25075
obsession:0.2465
indie:0.244
apocalypse:0.24325
witty:0.24175
destiny:0.23925
gay character:0.238
natural disaster:0.235
stylized:0.2325
addiction:0.232
creativity:0.22975
whimsical:0.22825
great cinematography:0.22625
greed:0.22575
amazing cinematography:0.22525
vengeance:0.225
culture clash:0.22475
