music:0.978
musicians:0.9005
documentary:0.77175
artist:0.72525
original:0.69675
very interesting:0.6965
pornography:0.66825
unusual plot structure:0.66525
artistic:0.6475
weird:0.60425
drama:0.603
drugs:0.5965
enigmatic:0.58875
corruption:0.57725
narrated:0.5645
harsh:0.55225
creativity:0.53675
obsession:0.5355
biography:0.533
melancholic:0.521
addiction:0.502
good soundtrack:0.49825
nudity (topless - notable):0.4945
interesting:0.4785
criterion:0.478
nudity (full frontal - brief):0.4675
intimate:0.4675
adaptation:0.46
mentor:0.4465
catastrophe:0.43825
spelling bee:0.43625
life & death:0.4185
sexy:0.41025
lyrical:0.4005
dialogue:0.3995
adapted from:book:0.38375
great ending:0.3795
visually appealing:0.3725
downbeat:0.36925
male nudity:0.369
stylized:0.361
oscar (best actress):0.359
art:0.3575
insanity:0.3545
social commentary:0.35175
german:0.34875
australia:0.34125
underrated:0.341
runaway:0.3405
so bad it's funny:0.336
hip hop:0.33375
not funny:0.33
brutality:0.3225
talky:0.322
sexualized violence:0.31825
light:0.3155
assassination:0.3155
fight scenes:0.312
grindhouse:0.3105
writers:0.306
drinking:0.303
solitude:0.3015
dysfunctional family:0.30125
greed:0.30025
crime gone awry:0.29925
radio:0.29825
passionate:0.29675
suprisingly clever:0.29275
gay character:0.29225
queer:0.292
finnish:0.28375
great:0.2795
judaism:0.27
demons:0.2695
loneliness:0.2685
based on a book:0.266
entirely dialogue:0.26525
new jersey:0.2645
quirky:0.2645
cult film:0.26375
manipulation:0.26375
life:0.263
first contact:0.2625
fantasy world:0.262
kick-butt women:0.26075
tokyo:0.26
visually stunning:0.25975
life philosophy:0.259
eccentricity:0.25425
amazing photography:0.2535
new york:0.25275
cult classic:0.25225
mental illness:0.252
mafia:0.251
rock and roll:0.25075
vengeance:0.25
culture clash:0.24925
disturbing:0.24875
mad scientist:0.24775
segregation:0.24775
