destiny:0.949
predictable:0.8015
original:0.79725
nudity (topless):0.79075
first contact:0.7475
so bad it's funny:0.69225
remake:0.6835
creativity:0.683
chick flick:0.6755
nudity (topless - notable):0.66625
shallow:0.65225
love story:0.6355
natural disaster:0.6235
life philosophy:0.6155
mentor:0.59325
great ending:0.57925
life:0.57825
death:0.56975
catastrophe:0.5685
story:0.5605
nudity (full frontal - notable):0.55825
infidelity:0.54525
bad plot:0.537
sexy:0.52775
marriage:0.52475
plot:0.522
twists & turns:0.51575
solitude:0.514
women:0.50725
drama:0.497
bad ending:0.481
big budget:0.47725
dynamic cgi action:0.46675
complex:0.46525
idiotic:0.46375
dialogue:0.463
happy ending:0.463
passionate:0.461
bad acting:0.45575
very interesting:0.4515
good:0.444
emotional:0.4315
relationships:0.422
good soundtrack:0.41125
notable nudity:0.41075
girlie movie:0.403
scifi:0.40075
cheating:0.3985
existentialism:0.3915
loneliness:0.3845
amy smart:0.3825
nudity (rear):0.381
not funny:0.3775
nudity (full frontal - brief):0.375
feel-good:0.37375
storytelling:0.37325
writers:0.36475
shopping:0.36475
great:0.35875
romantic:0.348
horrible:0.348
romance:0.34525
interesting:0.34475
life & death:0.34125
lone hero:0.33875
underrated:0.337
family:0.33375
redemption:0.33175
lame:0.33075
cloning:0.32575
road movie:0.32525
humanity:0.32175
melancholic:0.32075
touching:0.32025
multiple storylines:0.318
chase:0.316
culture clash:0.31125
suspense:0.30975
pg-13:0.3095
action:0.30875
end of the world:0.307
disaster:0.30475
boring:0.30325
justice:0.30275
brutality:0.30175
feel good movie:0.30025
runaway:0.298
pointless:0.29575
vengeance:0.2945
single father:0.29425
silly fun:0.29325
crappy sequel:0.29
space:0.2895
no plot:0.28925
alternate endings:0.289
twist ending:0.2845
entirely dialogue:0.2845
pornography:0.28275
fantasy world:0.28225
internet:0.282
