rock and roll:0.99625
musicians:0.99125
criterion:0.99
music:0.90525
original:0.8535
san francisco:0.75825
talky:0.7085
runaway:0.698
good soundtrack:0.6965
period piece:0.6865
great music:0.676
imdb top 250:0.67575
musical:0.66425
light:0.65225
great:0.64425
artistic:0.64
jazz:0.63625
california:0.63575
oscar (best actress):0.61275
cult classic:0.608
intense:0.603
classic:0.58875
psychedelic:0.5875
love:0.58425
greed:0.56925
oscar (best directing):0.56825
corruption:0.5655
classical music:0.56525
interesting:0.55525
movielens top pick:0.554
atmospheric:0.5535
great acting:0.54825
music business:0.54775
british:0.54675
oscar (best supporting actress):0.53725
awesome soundtrack:0.5365
claustrophobic:0.53525
dialogue:0.53075
unusual plot structure:0.53025
stylized:0.52175
good:0.51825
highly quotable:0.50925
great movie:0.5025
tense:0.498
affectionate:0.498
creativity:0.4975
narrated:0.4945
documentary:0.49175
drugs:0.4915
crime gone awry:0.48625
cinematography:0.48425
hip hop:0.484
artist:0.47925
suprisingly clever:0.4705
harsh:0.4695
storytelling:0.46925
witty:0.46925
forceful:0.4675
social commentary:0.46375
great ending:0.463
culture clash:0.45125
good music:0.4425
visually appealing:0.44175
gunfight:0.43875
long:0.437
enigmatic:0.43675
very interesting:0.436
clever:0.43275
1970s:0.432
childhood:0.43175
original plot:0.43025
cult film:0.4275
adapted from:book:0.42575
great soundtrack:0.42525
photography:0.4215
honest:0.41575
weird:0.4145
coming of age:0.41225
good acting:0.41
masterpiece:0.4095
adaptation:0.409
catastrophe:0.4085
drama:0.4055
golden palm:0.4015
historical:0.40075
underrated:0.39875
visual:0.39625
intimate:0.39625
destiny:0.396
very good:0.39175
complex:0.3885
downbeat:0.38775
black and white:0.38575
fighting the system:0.38275
vengeance:0.38275
not funny:0.38175
punk:0.3815
twists & turns:0.38125
betrayal:0.37775
cool:0.3775
