adventure:0.82475
predictable:0.8225
original:0.77225
bad plot:0.749
horrible:0.74825
bad:0.69975
pointless:0.69175
so bad it's funny:0.65975
fantasy:0.65725
bad acting:0.65475
disaster:0.59625
family:0.58925
argentina:0.56975
quirky:0.56375
silly fun:0.55375
fantasy world:0.5485
gangsters:0.54575
action:0.54175
mentor:0.528
overrated:0.5215
great ending:0.52125
first contact:0.518
dialogue:0.50775
romantic:0.50225
cinematography:0.496
shallow:0.47525
brutality:0.466
80s:0.46325
chase:0.45575
destiny:0.44925
road movie:0.44875
campy:0.44475
awful:0.4385
cult film:0.43475
screwball:0.4305
runaway:0.4285
love story:0.426
pulp:0.4245
screwball comedy:0.42375
pornography:0.422
goofy:0.41375
melancholic:0.41125
cheesy:0.40275
idiotic:0.39725
camp:0.39575
catastrophe:0.3955
ridiculous:0.3915
redemption:0.3915
life philosophy:0.3875
adaptation:0.3855
fight scenes:0.38525
nudity (full frontal - brief):0.38275
writers:0.38225
violence:0.37975
stupid as hell:0.379
entirely dialogue:0.372
not funny:0.37125
dreamlike:0.35775
unusual plot structure:0.35675
franchise:0.3515
twist ending:0.34775
good soundtrack:0.3465
crappy sequel:0.3455
slapstick:0.34475
boring:0.33875
vengeance:0.335
lame:0.33225
lone hero:0.32875
based on a book:0.3285
storytelling:0.31425
dysfunctional family:0.31425
fun:0.314
sci fi:0.31125
nudity (topless - notable):0.311
plot twist:0.30925
happy ending:0.3085
unlikely friendships:0.308
unfunny:0.3075
adapted from:comic:0.30575
nudity (full frontal - notable):0.3035
justice:0.30075
very funny:0.2955
plot:0.29525
science fiction:0.294
weapons:0.29025
surreal:0.28925
splatter:0.28775
death:0.28775
corruption:0.2875
imdb top 250:0.28725
betrayal:0.28625
feel good movie:0.2855
story:0.28325
1980s:0.28225
music:0.2815
alternate history:0.2815
gangster:0.27825
whimsical:0.2775
romance:0.275
nocturnal:0.27475
