dog:0.987
dogs:0.9665
greed:0.9305
dark fantasy:0.9255
brutality:0.91925
original:0.9045
intense:0.90425
violent:0.8845
pornography:0.8305
corruption:0.83025
tense:0.82125
allegory:0.78875
good:0.7765
homeless:0.77625
brutal:0.7505
drama:0.748
oscar (best foreign language film):0.73875
chase:0.73475
animals:0.7315
revenge:0.72775
family:0.7255
bloody:0.72275
complex:0.7225
redemption:0.7225
interesting:0.7105
culture clash:0.708
loneliness:0.70675
tragedy:0.70675
scenic:0.67725
murder:0.668
science fiction:0.66475
oscar (best supporting actress):0.6625
happy ending:0.659
saturn award (best special effects):0.658
slavery:0.65575
good soundtrack:0.65375
visceral:0.64525
love story:0.6415
suspenseful:0.63475
ominous:0.63375
dystopia:0.63025
distopia:0.627
oscar (best effects - visual effects):0.6265
clever:0.6265
social commentary:0.62575
classic car:0.62475
politics:0.623
children:0.619
scifi:0.61275
death:0.6095
cult:0.60775
good action:0.60375
beautiful scenery:0.60275
political:0.5985
mentor:0.598
original plot:0.597
visual:0.59425
violence:0.59225
suspense:0.58975
oscar:0.58375
rebellion:0.5815
futuristic:0.57975
honest:0.57475
nudity (full frontal - brief):0.5735
great ending:0.5715
harsh:0.5685
dialogue:0.5645
heartbreaking:0.5625
horror:0.56125
adoption:0.5595
technology:0.55625
goretastic:0.55475
storytelling:0.55175
betrayal:0.54925
underrated:0.54525
gory:0.542
desert:0.53975
feel-good:0.53575
kids and family:0.535
animal movie:0.53275
fairy tale:0.5315
life & death:0.5305
sexy:0.5215
effects:0.51775
sci fi:0.51575
twists & turns:0.513
humanity:0.5115
based on a play:0.506
oscar (best actress):0.50525
catastrophe:0.50275
bad ending:0.501
emotional:0.5005
plot:0.4995
story:0.49725
dystopic future:0.4905
twist:0.4895
crime:0.48725
nudity (full frontal - notable):0.4815
war:0.48025
sex:0.47875
