murder mystery:0.98875
secrets:0.96075
women:0.952
french:0.944
musical:0.8865
france:0.86325
farce:0.8115
murder:0.81075
absurd:0.8095
sexy:0.75825
colourful:0.7345
original:0.70975
satire:0.7095
twists & turns:0.7035
dysfunctional family:0.68875
adultery:0.68
pornography:0.659
music:0.6385
quirky:0.63125
talky:0.61675
stylized:0.5905
weird:0.5895
runaway:0.57325
dark comedy:0.5555
good soundtrack:0.5535
plot:0.54925
satirical:0.546
based on a play:0.54025
incest:0.5245
light:0.51275
paris:0.491
good music:0.48625
love:0.48
mystery:0.47875
dialogue:0.47775
police investigation:0.4775
great music:0.477
witty:0.46075
complex:0.4605
stylish:0.4555
storytelling:0.452
great:0.4465
bollywood:0.44475
fun movie:0.43875
plot twist:0.43125
criterion:0.431
art:0.43025
drama:0.4265
unusual plot structure:0.426
great acting:0.42475
clever:0.4245
culture clash:0.422
sisters:0.421
catastrophe:0.42025
dance:0.41925
argentina:0.41875
creativity:0.41725
foreign:0.41425
great ending:0.4105
lesbian:0.407
surreal:0.406
nostalgic:0.4045
black comedy:0.40425
cult film:0.39925
adaptation:0.397
whimsical:0.397
brutality:0.39575
visually appealing:0.39275
enigmatic:0.3925
camp:0.392
mentor:0.38525
cinematography:0.38275
investigation:0.382
ensemble cast:0.381
good acting:0.36875
crime:0.36475
melancholic:0.36025
pg-13:0.3595
entirely dialogue:0.35925
twist:0.3565
erotic:0.3545
very interesting:0.342
irreverent:0.33525
suprisingly clever:0.33325
suspense:0.3305
original plot:0.33025
relationships:0.3295
exceptional acting:0.32925
male nudity:0.329
passionate:0.3225
good:0.32225
affectionate:0.32175
ironic:0.32025
love triangles:0.31925
assassination:0.319
off-beat comedy:0.31875
beautiful:0.317
interesting:0.31675
campy:0.316
happy ending:0.31425
