conspiracy:0.9995
francis ford copolla:0.9965
assassin:0.99375
political:0.99175
assassination:0.988
brainwashing:0.97675
paranoia:0.9715
assassins:0.97125
tense:0.9675
hit men:0.9635
paranoid:0.9625
conspiracy theory:0.95575
secrets:0.92275
thriller:0.91725
corruption:0.9105
politics:0.9005
investigation:0.89925
suspense:0.8985
enigmatic:0.89375
cinematography:0.885
murder:0.885
espionage:0.884
ominous:0.86975
original:0.8695
surveillance:0.86675
psychological:0.86275
greed:0.8595
suspenseful:0.85825
complex:0.85675
dark:0.83825
manipulation:0.83425
president:0.8285
mystery:0.81975
twists & turns:0.81725
cerebral:0.813
chase:0.8055
talky:0.80025
death:0.77825
storytelling:0.77475
complicated:0.7745
identity:0.7685
obsession:0.7625
psychology:0.76125
interesting:0.7585
great ending:0.7555
criterion:0.7455
tricky:0.74475
runaway:0.74225
latin america:0.7365
downbeat:0.72775
spying:0.72675
social commentary:0.72325
clever:0.723
weird:0.722
masterpiece:0.7175
violent:0.7175
creepy:0.71625
visual:0.715
allegory:0.7145
very interesting:0.71425
imdb top 250:0.70975
1970s:0.7055
twist ending:0.70475
pornography:0.7005
atmospheric:0.69625
disturbing:0.68975
stylish:0.6865
golden palm:0.68575
great acting:0.68
grim:0.678
dialogue:0.677
violence:0.67025
bleak:0.67025
plot holes:0.66775
absurd:0.664
pointless:0.654
oscar (best directing):0.64175
intense:0.6405
narrated:0.64025
visually appealing:0.63825
story:0.638
forceful:0.63675
plot twist:0.62475
eerie:0.62075
stylized:0.6205
twist:0.619
hitman:0.6165
cynical:0.61625
visceral:0.61325
murder mystery:0.61025
reflective:0.6095
idealism:0.605
moral ambiguity:0.604
harsh:0.60125
melancholic:0.598
guns:0.597
powerful ending:0.595
complicated plot:0.593
world politics:0.5885
photography:0.5845
