animation:0.9935
computer animation:0.96675
talking animals:0.954
animated:0.9475
kids and family:0.89375
cartoon:0.878
animals:0.79125
original:0.725
humanity:0.71925
story:0.66375
funny:0.6375
dreamworks:0.6255
cute:0.624
creativity:0.6035
humorous:0.5595
predictable:0.5405
great ending:0.53625
kids:0.526
clever:0.521
family:0.5125
catastrophe:0.51075
silly fun:0.5095
pixar animation:0.505
very funny:0.46775
children:0.4655
environmental:0.46475
greed:0.45475
dialogue:0.4485
animal movie:0.4445
crude humor:0.423
utopia:0.41825
good:0.408
fun movie:0.40725
3d:0.40625
fun:0.40275
talky:0.399
fantasy world:0.3935
mentor:0.3885
storytelling:0.387
entertaining:0.3855
stereotypes:0.38225
life philosophy:0.375
cgi:0.372
alone in the world:0.36925
destiny:0.36925
great:0.368
allegory:0.3665
silly:0.36625
writers:0.3595
unfunny:0.3585
redemption:0.35825
bad plot:0.3475
humor:0.34725
cute!:0.34275
race:0.33225
light:0.32475
oscar (best animated feature):0.324
visually stunning:0.31575
so bad it's funny:0.31525
absurd:0.31375
unlikely friendships:0.313
comedy:0.3115
slapstick:0.3085
pg-13:0.306
transformation:0.30125
lawyers:0.2975
life & death:0.297
good soundtrack:0.2965
environment:0.29575
penguins:0.29575
workplace:0.29175
happy ending:0.291
plot:0.29
weird:0.28625
first contact:0.286
natural disaster:0.28475
friendship:0.2835
childhood:0.2805
visuals:0.27825
technology:0.27825
fish:0.27775
adaptation:0.275
witty:0.2735
boring!:0.2725
entirely dialogue:0.27
boring:0.26725
disney:0.2655
better than expected:0.2645
visual:0.2635
social commentary:0.26075
fight scenes:0.25925
unusual plot structure:0.25575
brutality:0.2545
culture clash:0.254
suprisingly clever:0.2515
lone hero:0.25
goofy:0.2495
original plot:0.24825
betrayal:0.24475
runaway:0.24025
