based on a book:0.967
coming of age:0.827
friendship:0.81975
childhood:0.8185
coming-of-age:0.81225
teen movie:0.78225
fun movie:0.773
boarding school:0.77025
catholicism:0.746
family:0.745
unlikely friendships:0.7175
runaway:0.70325
girlie movie:0.69825
comedy:0.68875
based on book:0.67625
school:0.667
original:0.65875
sisters:0.6585
mentor:0.64575
drama:0.625
touching:0.6155
chase:0.615
women:0.6125
great ending:0.60375
great movie:0.584
pg-13:0.5825
great:0.5725
teen:0.568
idealism:0.54775
teacher:0.5475
culture clash:0.545
funny:0.5395
good:0.53075
sentimental:0.5185
children:0.515
story:0.50125
heartwarming:0.4935
adolescence:0.47725
bittersweet:0.47275
teenager:0.47125
storytelling:0.46925
very funny:0.467
suprisingly clever:0.46575
police investigation:0.46025
good soundtrack:0.46
compassionate:0.45975
fast paced:0.44875
poignant:0.4455
prejudice:0.43775
dialogue:0.435
fun:0.43225
whimsical:0.4305
oscar (best actress):0.42975
rebellion:0.4295
fantasy world:0.4265
excellent:0.425
good music:0.4225
catastrophe:0.419
unusual plot structure:0.4095
fight scenes:0.40775
family drama:0.401
great acting:0.399
california:0.39375
dragons:0.387
feel good movie:0.383
virginity:0.382
relationships:0.3815
surprise ending:0.37625
bullying:0.37375
affectionate:0.369
sweet:0.3685
secrets:0.36225
destiny:0.362
clever:0.35975
light:0.3585
sexy:0.357
stereotypes:0.3565
high school:0.356
witty:0.3525
honest:0.35
orphans:0.34925
movielens top pick:0.344
criterion:0.34225
nostalgic:0.34125
books:0.339
redemption:0.33425
life philosophy:0.33225
original plot:0.33025
fashion:0.3285
transformation:0.32625
talky:0.3245
pornography:0.32225
teens:0.32225
adaptation:0.322
1970s:0.3215
kids:0.31675
not funny:0.3145
aging:0.31375
feel-good:0.3115
adapted from:book:0.3105
