blindness:0.98675
tense:0.9435
suspenseful:0.94125
suspense:0.927
serial killer:0.89975
creepy:0.84975
psychological:0.837
murder mystery:0.83425
stylish:0.78225
thriller:0.772
nocturnal:0.7565
disability:0.74175
psychology:0.739
dark:0.72675
pornography:0.72275
claustrophobic:0.71775
horses:0.70025
isolation:0.69925
voyeurism:0.6985
macabre:0.6875
horror:0.683
enigmatic:0.676
atmospheric:0.675
insanity:0.657
maze:0.64225
original:0.6295
mystery:0.62575
twists & turns:0.625
identity:0.6185
visceral:0.615
weird:0.59675
disturbing:0.59
nudity (full frontal - notable):0.57925
gory:0.575
brutality:0.57375
nudity (topless):0.57275
twist:0.5595
kidnapping:0.559
frightening:0.55675
manipulation:0.55325
murder:0.537
doctors:0.5275
police investigation:0.524
survival:0.516
harsh:0.51475
eerie:0.506
scary:0.5045
social commentary:0.48275
great ending:0.48175
secrets:0.47775
paranoid:0.468
mindfuck:0.46425
obsession:0.463
violence:0.46
tricky:0.4585
mentor:0.45175
grim:0.447
violent:0.4455
guilt:0.44225
mad scientist:0.43975
ominous:0.43575
cult film:0.428
bad ending:0.42725
sexualized violence:0.42425
life & death:0.41875
nudity (full frontal - brief):0.418
torture:0.416
cult:0.41575
brutal:0.41375
loneliness:0.41175
bloody:0.40525
paranoia:0.40375
revenge:0.40075
complicated:0.3915
nudity (rear):0.3855
grindhouse:0.37875
dark comedy:0.37775
nudity (full frontal):0.37525
cult classic:0.3735
splatter:0.3715
melancholic:0.3705
psychiatry:0.36825
dark humor:0.3675
hospital:0.36725
inspirational:0.366
criterion:0.36575
cinematography:0.36425
mental illness:0.3635
life philosophy:0.3605
dysfunctional family:0.35675
catastrophe:0.3485
storytelling:0.34225
great:0.33575
black comedy:0.33025
downbeat:0.32925
demons:0.3275
investigation:0.3275
not funny:0.319
nudity:0.315
writers:0.31225
