post-apocalyptic:0.99325
post apocalyptic:0.98925
sci-fi:0.963
survival:0.92875
scifi:0.8955
apocalypse:0.89375
sci fi:0.89225
dystopia:0.88275
cannibalism:0.86075
natural disaster:0.85175
future:0.8195
end of the world:0.799
plot holes:0.77225
science fiction:0.765
original:0.7455
humanity:0.719
bad ending:0.70575
virus:0.68275
story:0.6745
absurd:0.67025
dystopic future:0.6535
predictable:0.648
stupidity:0.64
sexualized violence:0.62675
bad cgi:0.61
allegory:0.60275
clones:0.57825
special effects:0.57575
pointless:0.5535
disaster:0.55
fight scenes:0.54025
dialogue:0.537
weapons:0.527
stupid:0.51725
global warming:0.515
good:0.51075
action:0.50025
violence:0.493
environment:0.49175
great ending:0.48875
visual:0.48625
chase:0.484
catastrophe:0.4795
low budget:0.4755
intelligent sci-fi:0.4565
lone hero:0.44925
brutality:0.44825
mutants:0.44475
shallow:0.43975
utopia:0.43875
not funny:0.4345
moral ambiguity:0.4255
so bad it's funny:0.42025
fantasy world:0.413
first contact:0.41
scary:0.4095
genetics:0.40825
blindness:0.40575
silly:0.404
transformation:0.392
pornography:0.392
bad:0.3855
bloody:0.37475
bad plot:0.374
cloning:0.371
alternate reality:0.36825
technology:0.3655
visually appealing:0.36425
zombie:0.36325
twists & turns:0.35875
parallel universe:0.35725
beautiful scenery:0.35525
very good:0.35475
light:0.35275
mad scientist:0.3525
philip k. dick:0.34925
stereotypes:0.341
life philosophy:0.33975
bad acting:0.338
mentor:0.33575
zombies:0.3325
nocturnal:0.33225
intense:0.32575
entirely dialogue:0.32425
bad science:0.32425
alternate endings:0.323
harsh:0.322
existentialism:0.31875
dark:0.31775
big budget:0.31575
cinematography:0.314
cult film:0.3115
adventure:0.3095
good soundtrack:0.30775
storytelling:0.30475
visually stunning:0.303
great:0.3025
weird:0.2995
boring:0.29625
antarctica:0.296
