documentary:0.96975
segregation:0.9675
africa:0.9635
music:0.9625
south africa:0.9435
musicians:0.90375
revolution:0.7455
criterion:0.70375
heartbreaking:0.66825
poverty:0.66525
history:0.65475
original:0.63225
life philosophy:0.6315
runaway:0.61475
musical:0.59
bollywood:0.55525
factual:0.5285
harsh:0.51475
made for tv:0.5005
free to download:0.489
very interesting:0.4865
intimate:0.47775
freedom:0.47675
holocaust:0.44775
humanity:0.44775
culture clash:0.4435
slavery:0.424
finnish:0.41875
artistic:0.418
catastrophe:0.4135
politics:0.41275
glbt:0.405
brutality:0.404
obsession:0.39925
reflective:0.39425
lyrical:0.386
islam:0.38225
suprisingly clever:0.366
ireland:0.363
graphic design:0.3575
mentor:0.351
compassionate:0.3395
jazz:0.33875
adaptation:0.33325
silent:0.328
transformation:0.32625
educational:0.32425
great:0.3125
great ending:0.31175
1970s:0.31075
social commentary:0.3085
hip hop:0.30725
visually appealing:0.30675
black and white:0.2985
radio:0.2915
japan:0.29125
honest:0.291
childhood:0.28975
storytelling:0.28875
golden palm:0.2855
allegory:0.2835
good soundtrack:0.28275
berlin:0.273
ethnic conflict:0.2695
not funny:0.26925
light:0.26875
creativity:0.26825
prison:0.2665
adapted from:book:0.26375
good music:0.26275
new jersey:0.262
male nudity:0.26025
capitalism:0.2545
racism:0.251
multiple storylines:0.249
passionate:0.24875
talky:0.248
dialogue:0.2475
nudity (full frontal - brief):0.247
oscar (best foreign language film):0.24525
fantasy world:0.2435
notable soundtrack:0.24175
stand-up comedy:0.24125
melancholic:0.2405
pornography:0.23925
assassination:0.239
nudity (topless - brief):0.23525
world politics:0.23475
stylized:0.23175
fight scenes:0.23175
queer:0.2305
hard to watch:0.227
canada:0.226
greed:0.22275
weird:0.21625
good:0.21525
oil:0.215
ecology:0.21325
german:0.2125
reality tv:0.2125
