crime:0.98875
heist:0.97425
gangster:0.95525
gangsters:0.9165
classic:0.894
noir:0.8595
mob:0.84325
chase:0.83075
robbery:0.82825
anti-hero:0.82675
film noir:0.81825
organized crime:0.8055
original:0.80075
suspense:0.791
criterion:0.77725
tense:0.77
runaway:0.761
1930s:0.7565
great movie:0.75125
stylish:0.74325
california:0.73875
talky:0.7345
mentor:0.733
good:0.73
dialogue:0.72325
corruption:0.7215
oscar (best actress):0.70975
caper:0.70725
crime gone awry:0.7005
murder:0.69125
black and white:0.68825
oscar (best directing):0.68475
interesting:0.678
dog:0.6775
gunfight:0.6655
melancholic:0.664
betrayal:0.64225
great ending:0.633
imdb top 250:0.623
hotel:0.6195
oscar (best picture):0.60525
complicated:0.6045
very good:0.6
adapted from:book:0.586
cynical:0.5855
good soundtrack:0.58425
romantic:0.58375
relationships:0.583
destiny:0.58275
fast paced:0.58225
oscar (best supporting actress):0.58025
gritty:0.58
witty:0.5795
love story:0.5755
story:0.56775
love:0.5665
greed:0.5645
highly quotable:0.5555
very interesting:0.55475
good acting:0.5545
sexy:0.5545
intense:0.55375
stylized:0.5535
thriller:0.5525
friendship:0.55175
small town:0.5495
violent:0.5465
great:0.546
nocturnal:0.5405
character study:0.54025
idealism:0.5395
narrated:0.53875
drama:0.537
drinking:0.53675
brutality:0.52625
pornography:0.52225
beautiful scenery:0.522
forceful:0.51825
hitman:0.518
redemption:0.514
women:0.51325
sweet:0.50875
clever:0.50475
nostalgic:0.50375
revenge:0.5035
unlikely friendships:0.50225
culture clash:0.501
police investigation:0.49725
mafia:0.49625
cinematography:0.49575
car chase:0.4925
cool:0.4925
death:0.49
downbeat:0.48925
excellent:0.48375
twists & turns:0.479
romance:0.47875
vengeance:0.47275
afi 100 (movie quotes):0.47275
pg-13:0.4705
