prison:0.98175
prison escape:0.93775
military:0.8325
mentor:0.829
corruption:0.81275
good:0.78725
action:0.766
dramatic:0.6975
weapons:0.67175
catastrophe:0.65975
justice:0.6475
pg-13:0.61825
original:0.608
courage:0.60325
plot:0.57925
predictable:0.565
bad ending:0.558
wartime:0.55125
big budget:0.54925
better than expected:0.5435
destiny:0.5305
brutality:0.52325
stereotypes:0.51525
sacrifice:0.51425
entertaining:0.5095
drama:0.50425
excellent:0.50325
betrayal:0.498
good acting:0.493
great ending:0.48975
torture:0.489
great:0.47625
vengeance:0.47325
dialogue:0.4695
not funny:0.4695
politics:0.4655
unrealistic:0.46225
good action:0.45725
fighting the system:0.45125
freedom:0.44975
feel good movie:0.43925
survival:0.43825
story:0.43425
very good:0.4335
great acting:0.43325
so bad it's funny:0.43025
feel-good:0.42375
chase:0.4235
good soundtrack:0.41925
conspiracy:0.416
thriller:0.4125
life philosophy:0.41075
interesting:0.40225
war:0.39775
lone hero:0.3925
plot holes:0.3885
action packed:0.383
redemption:0.383
very interesting:0.383
storytelling:0.37425
prejudice:0.373
suspense:0.3695
intense:0.36875
runaway:0.36875
based on true story:0.367
culture clash:0.365
forceful:0.36075
morality:0.36025
great movie:0.34875
irish accent:0.34675
fun movie:0.34675
crime:0.3395
court:0.33825
internet:0.3375
race:0.3335
silly:0.33325
twists & turns:0.33025
underrated:0.32975
natural disaster:0.328
revenge:0.32625
manipulation:0.3235
nudity (full frontal - brief):0.32325
underdog:0.3195
bombs:0.31725
classic car:0.315
fight scenes:0.315
harsh:0.3145
inspirational:0.31425
secrets:0.312
new jersey:0.31075
first contact:0.3105
rebellion:0.30425
murder:0.303
unfunny:0.29325
plot twist:0.29275
bad acting:0.2895
adaptation:0.2885
idealism:0.287
transformation:0.28625
islam:0.28525
