death:0.9965
life & death:0.99075
criterion:0.9835
meditative:0.97925
existentialism:0.96875
chess:0.96725
god:0.9565
masterpiece:0.94875
imdb top 250:0.9455
reflective:0.93725
grim:0.93575
philosophical:0.934
afterlife:0.927
cerebral:0.9185
bleak:0.90675
swedish:0.889
black and white:0.88675
allegory:0.88125
enigmatic:0.875
cinematography:0.86125
macabre:0.85275
breathtaking:0.84325
atmospheric:0.79875
storytelling:0.78075
melancholic:0.7595
intimate:0.75425
talky:0.7415
golden palm:0.73925
melancholy:0.73875
original:0.73575
weird:0.7315
metaphysics:0.73075
loneliness:0.7245
philosophy:0.72125
social commentary:0.712
thought-provoking:0.71175
intellectual:0.71075
solitude:0.679
classic:0.6785
immortality:0.67525
oscar (best actress):0.66425
dark:0.661
character study:0.6565
mentor:0.655
oscar (best directing):0.65275
gunfight:0.64325
beautifully filmed:0.6385
oscar (best foreign language film):0.63675
visual:0.631
dialogue:0.6245
depression:0.618
downbeat:0.6175
drinking:0.6155
greed:0.609
dramatic:0.60825
medieval:0.606
life philosophy:0.5995
childhood:0.596
surreal:0.5945
apocalypse:0.59075
artistic:0.5905
great ending:0.586
obsession:0.58475
religion:0.58225
transformation:0.571
harsh:0.57025
visually appealing:0.5665
great:0.56425
art:0.5635
forceful:0.556
poignant:0.55375
redemption:0.5475
cult classic:0.545
unusual plot structure:0.54325
complex:0.541
dark humor:0.539
drama:0.53875
tragedy:0.5345
movielens top pick:0.53075
disturbing:0.52925
runaway:0.529
interesting:0.5265
dreamlike:0.526
narrated:0.5245
irreverent:0.5135
visually stunning:0.512
crime gone awry:0.506
ominous:0.50575
life:0.5055
oscar (best supporting actress):0.505
cynical:0.503
good soundtrack:0.502
humanity:0.4985
affectionate:0.4945
paranoid:0.4815
culture clash:0.4795
tense:0.47925
depressing:0.47825
great acting:0.477
suprisingly clever:0.47175
