mad scientist:0.96125
horror:0.8185
low budget:0.77325
grindhouse:0.72825
monster:0.72
original:0.697
splatter:0.6815
campy:0.634
silly fun:0.6105
macabre:0.54875
so bad it's funny:0.53
predictable:0.48975
zombie:0.48875
weird:0.4795
mentor:0.4135
cult classic:0.41025
scary:0.40575
creepy:0.3985
catastrophe:0.3875
weapons:0.38475
gory:0.382
doctors:0.3785
revenge:0.37825
spiders:0.37575
criterion:0.37175
halloween:0.35225
special effects:0.349
fun movie:0.347
murder:0.3415
great ending:0.34125
cult film:0.338
demons:0.3345
camp:0.31325
brutality:0.3105
harsh:0.3095
transformation:0.3015
devil:0.29825
made for tv:0.294
fight scenes:0.2925
1930s:0.2905
vengeance:0.29025
bad plot:0.28875
nocturnal:0.286
vampire:0.281
overrated:0.27625
sexualized violence:0.27525
wilderness:0.2735
not funny:0.27075
silly:0.26875
gothic:0.26775
first contact:0.26025
entertaining:0.257
gruesome:0.257
boring:0.256
life philosophy:0.2525
allegory:0.25225
runaway:0.24875
lone hero:0.2465
dialogue:0.2455
dreamlike:0.245
entirely dialogue:0.24025
quirky:0.239
teens:0.23475
betrayal:0.23225
classic car:0.23025
slapstick:0.229
passionate:0.22375
investigation:0.2235
stylized:0.222
fantasy world:0.2195
adaptation:0.21875
monsters:0.2145
family:0.211
fun:0.21075
pulp:0.207
good:0.204
ghosts:0.20325
detective:0.2015
werewolf:0.1985
nudity (full frontal - notable):0.196
teleportation:0.19575
paranoid:0.1955
atmospheric:0.1935
childhood:0.19075
enigmatic:0.18925
secrets:0.18825
special:0.1855
supernatural:0.1845
cinematography:0.18325
police investigation:0.183
satirical:0.18275
small town:0.181
death:0.18025
serial killer:0.1795
hospital:0.1785
great:0.17825
storytelling:0.177
romance:0.177
writers:0.17675
crude humor:0.1765
