author:neil gaiman:0.99925
horror:0.99525
cult classic:0.97625
splatter:0.9695
creepy:0.946
cult film:0.91525
weird:0.91175
low budget:0.90325
gory:0.8645
sci-fi:0.80975
original:0.786
gruesome:0.76375
ominous:0.75275
grindhouse:0.738
macabre:0.7225
atmospheric:0.7175
cult:0.70125
supernatural:0.68875
scary:0.68575
strange:0.67525
zombie:0.66875
effects:0.66525
visceral:0.62925
surreal:0.6165
demons:0.61
blood:0.60225
eerie:0.6
special effects:0.59425
sci fi:0.589
transformation:0.57175
great ending:0.569
so bad it's funny:0.56225
hallucinatory:0.552
goofy:0.54575
science fiction:0.5455
small town:0.54225
good soundtrack:0.5415
monster:0.541
dreams:0.53825
allegory:0.5375
bizarre:0.532
dark:0.53075
bloody:0.5275
great:0.5135
aliens:0.5075
classic:0.50675
dialogue:0.5065
cool:0.498
scifi:0.49725
gore:0.487
80s:0.4825
mad scientist:0.47825
frightening:0.47775
creativity:0.468
nocturnal:0.46675
clowns:0.465
nudity (topless):0.45975
slasher:0.459
halloween:0.4575
catastrophe:0.451
stylish:0.44725
enigmatic:0.4435
suspense:0.43975
great movie:0.4255
campy:0.424
nudity (full frontal - notable):0.42375
first contact:0.4205
mentor:0.41725
goretastic:0.4165
dark humor:0.41525
weapons:0.41075
brutality:0.40775
story:0.403
not funny:0.40225
surrealism:0.3965
violence:0.3935
death:0.392
bad acting:0.38425
storytelling:0.379
twists & turns:0.37825
downbeat:0.375
life & death:0.3745
light:0.373
claustrophobic:0.3715
dreamlike:0.3685
zombies:0.3665
social commentary:0.365
grim:0.36225
harsh:0.356
melancholic:0.35325
fantasy:0.352
alien:0.3465
brothers:0.3455
paranoid:0.34375
adaptation:0.34025
eccentricity:0.34025
fun movie:0.34
violent:0.3355
insanity:0.33475
criterion:0.3325
