oscar (best animated feature):0.98925
animation:0.96825
japan:0.9625
imagination:0.94675
anime:0.92575
studio ghibli:0.91275
miyazaki:0.90875
childhood:0.90525
friendship:0.88825
storytelling:0.8805
visually stunning:0.86825
children:0.8305
whimsical:0.83
fantasy world:0.80525
tokyo:0.7935
visually appealing:0.757
beautiful:0.75375
original:0.7525
cute:0.73375
breathtaking:0.733
animated:0.72975
visual:0.72925
weird:0.729
colourful:0.72775
japanese:0.726
beautifully filmed:0.71425
environmental:0.6915
stunning:0.687
magic:0.68475
story:0.682
cute!:0.6775
ecology:0.67225
fairy tale:0.6695
unlikely friendships:0.65975
heartwarming:0.657
masterpiece:0.64
imdb top 250:0.62625
creativity:0.6065
sweet:0.60525
adventure:0.603
graphic design:0.5995
melancholic:0.597
transformation:0.592
earnest:0.5885
allegory:0.585
runaway:0.5825
simple:0.57675
humanity:0.57675
great ending:0.57325
loneliness:0.5675
beautiful scenery:0.56375
fantasy:0.54225
good soundtrack:0.53325
destiny:0.527
mentor:0.52325
self discovery:0.5195
love:0.5185
dialogue:0.511
culture clash:0.51
love story:0.50975
art:0.50375
suprisingly clever:0.4915
feel-good:0.491
surreal:0.4895
criterion:0.48025
nostalgic:0.47025
sacrifice:0.46425
fish:0.463
touching:0.45575
dreamlike:0.4545
fairy tales:0.45175
melancholy:0.44975
firefly:0.4425
intimate:0.43925
great soundtrack:0.439
bittersweet:0.43725
enigmatic:0.436
movielens top pick:0.43475
great:0.4335
talky:0.42875
unusual plot structure:0.4285
clever:0.42525
atmospheric:0.42275
family:0.4215
aging:0.4205
foreign:0.42025
poignant:0.4185
artistic:0.41825
wizards:0.4155
secrets:0.415
light:0.415
idealism:0.40925
complex:0.40625
oscar (best foreign language film):0.4015
catastrophe:0.39975
scenic:0.3995
brutality:0.39875
computer animation:0.398
oscar (best directing):0.3955
life philosophy:0.39525
