cars:0.9895
road movie:0.987
car chase:0.9565
cult classic:0.94725
enigmatic:0.93725
existentialism:0.93275
chase:0.9265
desert:0.92
cult film:0.89275
visually appealing:0.84575
loneliness:0.83575
classic car:0.80425
original:0.80225
downbeat:0.78725
weird:0.786
motorcycle:0.783
freedom:0.77225
1970s:0.76275
california:0.737
good soundtrack:0.7135
criterion:0.67425
visceral:0.65475
san francisco:0.6515
cinematography:0.64425
bleak:0.63875
scenic:0.63775
harsh:0.63625
golden palm:0.6325
allegory:0.62925
surreal:0.627
road trip:0.622
cool:0.61275
melancholic:0.612
anti-hero:0.59625
reflective:0.59375
suprisingly clever:0.59
cult:0.5785
snakes:0.57725
philosophy:0.5675
talky:0.56725
dialogue:0.567
futuristic:0.56675
philosophical:0.56125
pointless:0.55925
redemption:0.55925
drugs:0.54875
meditative:0.54675
police corruption:0.54225
social commentary:0.53725
marijuana:0.536
life philosophy:0.53325
grindhouse:0.52725
gunfight:0.51
great ending:0.506
quotable:0.50475
solitude:0.502
cerebral:0.493
low budget:0.4855
lone hero:0.4785
life & death:0.47725
great soundtrack:0.475
so bad it's funny:0.47225
tense:0.472
visual:0.465
art:0.462
character study:0.46175
destiny:0.45975
quirky:0.4545
pornography:0.4545
very interesting:0.45375
mentor:0.453
insanity:0.4495
absurd:0.448
psychedelic:0.447
hitman:0.445
forceful:0.4445
good action:0.4425
entirely dialogue:0.439
brutality:0.43075
intimate:0.43075
nocturnal:0.43025
beautiful scenery:0.42575
psychological:0.4235
storytelling:0.4225
independent film:0.418
violent:0.4175
breathtaking:0.41425
artsy:0.411
narrated:0.40975
stylish:0.409
dystopia:0.4045
highly quotable:0.40275
rebellion:0.3985
racing:0.39725
nudity (full frontal - notable):0.3955
bad ending:0.3935
complex:0.39225
runaway:0.387
catastrophe:0.38625
thought-provoking:0.38375
