sexual:0.97175
gay character:0.95475
gay:0.94825
relationships:0.89625
sex:0.84625
friendship:0.841
sexuality:0.81875
college:0.81525
pornography:0.803
unlikely friendships:0.7635
sexy:0.728
nudity (rear):0.716
original:0.7065
nudity (topless - brief):0.6735
good soundtrack:0.66525
great ending:0.63575
teen movie:0.6165
stereotypes:0.59725
life philosophy:0.588
nudity (topless):0.5595
comedy:0.55825
dialogue:0.557
erotic:0.538
homosexuality:0.51775
controversial:0.51675
women:0.5145
shallow:0.5045
awesome soundtrack:0.50275
teen:0.5005
mentor:0.482
queer:0.46
thought-provoking:0.46
goofy:0.44125
very interesting:0.43925
drinking:0.435
great:0.4305
brutality:0.41325
teens:0.4
sexualized violence:0.39975
entirely dialogue:0.38425
predictable:0.37975
catastrophe:0.37825
nudity (topless - notable):0.3775
road trip:0.373
very funny:0.371
narrated:0.36925
nudity (full frontal - brief):0.369
aids:0.36625
nudity:0.355
fantasy:0.355
bad acting:0.35375
storytelling:0.345
happy ending:0.345
obsession:0.3445
drama:0.34375
pointless:0.3385
fun movie:0.338
romance:0.33375
great acting:0.33125
love triangles:0.33125
notable nudity:0.327
funny:0.32325
good:0.318
lone hero:0.3155
80s:0.3135
clever:0.31225
melancholic:0.311
bittersweet:0.31
social commentary:0.308
high school:0.30425
first contact:0.30275
nudity (full frontal - notable):0.3015
loneliness:0.296
male nudity:0.295
vengeance:0.295
underrated:0.29425
interesting:0.2925
culture clash:0.2905
spying:0.288
unfunny:0.286
runaway:0.285
talky:0.284
adaptation:0.28325
not funny:0.28
fantasy world:0.27775
coming of age:0.27425
betrayal:0.27375
gangsters:0.27
destiny:0.2675
pg-13:0.267
coming-of-age:0.26525
redemption:0.262
criterion:0.26175
adventure:0.2615
great movie:0.25925
camp:0.25825
visually appealing:0.25625
honest:0.24975
reflective:0.24825
crude humor:0.24725
