talking animals:0.972
kids and family:0.936
computer animation:0.925
sequel:0.91725
good sequel:0.90025
animals:0.82025
sequels:0.80275
original:0.75575
cute!:0.743
crappy sequel:0.734
goofy:0.72475
predictable:0.7215
family:0.69975
cute:0.68925
cartoon:0.679
silly fun:0.6735
silly:0.6275
so bad it's funny:0.623
kids:0.617
fun movie:0.59925
not as good as the first:0.598
children:0.59325
dog:0.5865
london:0.5755
stupid as hell:0.5265
bad plot:0.503
horrible:0.5025
funny:0.49775
comedy:0.49625
fun:0.4835
switching places:0.47975
pg:0.4765
entertaining:0.47625
great ending:0.4755
crude humor:0.451
england:0.45025
mentor:0.44525
dialogue:0.43925
catastrophe:0.4275
animation:0.40725
franchise:0.4015
idiotic:0.39975
good:0.397
overrated:0.39075
fantasy world:0.38925
mistaken identity:0.3885
disney:0.388
pointless:0.3805
bad acting:0.3755
big budget:0.36925
pg-13:0.3645
animal movie:0.363
destiny:0.36025
adapted from:comic:0.36
not funny:0.35725
slapstick:0.35625
unfunny:0.354
very funny:0.34775
storytelling:0.3465
comics:0.34325
great:0.34225
happy ending:0.33725
multiple storylines:0.33625
brutality:0.33575
boring:0.33325
nudity (full frontal - brief):0.3275
adventure:0.32625
story:0.3215
narrated:0.3205
romantic:0.31325
adaptation:0.31175
rats:0.31
bad:0.3055
stupid:0.3055
stereotypes:0.302
natural disaster:0.30075
dinosaurs:0.2975
greed:0.29725
melancholic:0.28825
lone hero:0.287
special effects:0.2855
action:0.2845
life philosophy:0.28375
boring!:0.283
runaway:0.28275
clever:0.281
childhood:0.28
dogs:0.28
first contact:0.278
fight scenes:0.278
island:0.27725
teen movie:0.26975
redemption:0.2695
good soundtrack:0.26375
entirely dialogue:0.263
remake:0.2625
disaster:0.252
nudity (topless - notable):0.2505
vengeance:0.24825
betrayal:0.24675
