based on a book:0.92475
franchise:0.86525
fight scenes:0.85525
visual:0.8535
original:0.8505
trilogy:0.84225
big budget:0.81225
scifi:0.79425
mythology:0.78575
sci fi:0.78475
tolkien:0.7315
so bad it's funny:0.723
high fantasy:0.71625
chase:0.71175
suspense:0.70625
cinematography:0.69325
first contact:0.6905
fantasy:0.68825
story:0.68025
special effects:0.6695
dystopic future:0.665
dark hero:0.65675
fantasy world:0.65025
weird:0.63675
light:0.6355
suspenseful:0.6305
action:0.6255
silly fun:0.6155
sword fight:0.59725
adaptation:0.59725
great ending:0.59075
dialogue:0.581
enormously long battle scene:0.56325
visually stunning:0.55675
transformation:0.55525
alter ego:0.55475
creativity:0.54875
epic:0.54325
violence:0.53325
whimsical:0.532
sci-fi:0.53075
scifi cult:0.525
adventure:0.52225
distopia:0.522
dystopia:0.52175
nocturnal:0.52075
imagination:0.505
predictable:0.5025
police investigation:0.49825
wizards:0.495
complex:0.4945
stylized:0.49325
android(s)/cyborg(s):0.49
fighting:0.48775
enigmatic:0.48475
author:neil gaiman:0.48225
shallow:0.47925
good action:0.47325
sword fighting:0.46475
fast paced:0.46175
cult film:0.458
fun:0.45525
intense:0.4515
storytelling:0.44675
monster:0.44275
oscar (best effects - visual effects):0.43725
lone hero:0.435
parallel universe:0.43275
superheroes:0.429
unusual plot structure:0.42425
parody:0.4235
liv tyler:0.4175
catastrophe:0.4155
cgi:0.41525
future:0.41275
kids and family:0.41225
murder:0.40925
great:0.406
interesting:0.40425
exciting:0.398
dynamic cgi action:0.39725
time:0.3955
torture:0.39325
books:0.38925
excellent:0.3885
cult classic:0.3825
mentor:0.38075
atmospheric:0.38025
vengeance:0.37975
computer animation:0.379
destiny:0.378
science fiction:0.37225
dark fantasy:0.37225
good:0.369
ominous:0.36875
memory:0.3685
cool:0.36575
clever:0.36025
demons:0.35925
not funny:0.357
