motorcycle:0.982
desert:0.979
road movie:0.9765
powerful ending:0.946
loneliness:0.88725
original:0.80775
downbeat:0.8075
existentialism:0.803
cinematography:0.79
murder:0.789
good soundtrack:0.76625
1970s:0.7495
cult film:0.72375
moral ambiguity:0.71175
detective:0.69525
melancholic:0.68825
wistful:0.68225
golden palm:0.67675
character study:0.65525
dialogue:0.639
redemption:0.63875
end of the world:0.61675
narrated:0.615
brutality:0.606
philosophical:0.6045
police investigation:0.59725
visually appealing:0.593
talky:0.5775
unlikely friendships:0.57425
pretentious:0.57225
criterion:0.56325
surreal:0.561
gunfight:0.55725
culture clash:0.55725
social commentary:0.5445
enigmatic:0.5375
assassination:0.536
reflective:0.53575
california:0.53475
harsh:0.52575
chicago:0.52
murder mystery:0.516
entirely dialogue:0.51375
male nudity:0.5105
light:0.509
great soundtrack:0.509
visually stunning:0.4955
violence:0.4955
stylized:0.486
visual:0.48525
chase:0.484
runaway:0.48275
cool:0.474
paranoid:0.472
death:0.46925
undercover cop:0.46625
weird:0.4655
road trip:0.46475
catastrophe:0.464
bad ending:0.4555
surrealism:0.455
quotable:0.4545
apocalypse:0.449
great ending:0.44875
investigation:0.448
photography:0.44775
intense:0.446
unique:0.44025
great:0.43175
very interesting:0.42875
grim:0.42775
violent:0.42125
quirky:0.4205
psychological:0.41875
drug addiction:0.41825
sexualized violence:0.41675
nudity (full frontal - notable):0.41425
interesting:0.4125
buddy movie:0.409
hit men:0.397
80s:0.393
bittersweet:0.39275
pulp:0.38975
highly quotable:0.38725
suprisingly clever:0.3845
unusual plot structure:0.38325
not funny:0.38025
dreams:0.379
anti-hero:0.37825
nocturnal:0.3745
cult classic:0.37025
allegory:0.36875
drinking:0.3685
corruption:0.367
psychiatry:0.365
mental illness:0.364
lone hero:0.36125
mentor:0.35525
1980s:0.355
visceral:0.35175
