undercover cop:0.99825
gangsters:0.995
mafia:0.99225
mob:0.98325
irish:0.98275
gangster:0.98175
organized crime:0.9815
gangs:0.9535
violent:0.9405
crime:0.9265
drinking:0.9235
vengeance:0.89275
new york:0.892
great ending:0.8865
violence:0.885
intense:0.88375
original:0.88075
new york city:0.8695
great acting:0.86525
gunfight:0.85575
betrayal:0.85
crime gone awry:0.845
dark:0.84475
great movie:0.84075
unlikely friendships:0.83925
boston:0.83175
relationships:0.82775
brutality:0.82225
foul language:0.8165
drama:0.81425
stylized:0.811
gritty:0.80675
underrated:0.8065
great:0.77975
friendship:0.77875
dialogue:0.77275
enigmatic:0.7715
excellent:0.77
good soundtrack:0.76175
neo-noir:0.7605
suspense:0.743
revenge:0.7415
interesting:0.73175
stylish:0.72825
talky:0.726
irish accent:0.72475
realistic:0.71675
prohibition:0.714
criterion:0.70975
tense:0.69975
runaway:0.69775
murder:0.6975
atmospheric:0.6965
corruption:0.695
creepy:0.69075
very interesting:0.68475
multiple storylines:0.66875
oscar (best directing):0.668
cinematography:0.66725
nocturnal:0.66175
mentor:0.6595
chase:0.65725
complex:0.64975
imdb top 250:0.6465
harsh:0.639
insanity:0.6375
brutal:0.6335
complicated:0.6265
thriller:0.62525
greed:0.6225
ennio morricone:0.621
cool:0.6205
ireland:0.61525
very good:0.614
pornography:0.61075
hitman:0.608
bloody:0.6065
plot:0.60625
visceral:0.606
powerful ending:0.6015
narrated:0.5915
psychological:0.58875
oscar (best supporting actress):0.58425
witty:0.584
independent film:0.578
forceful:0.57775
storytelling:0.5695
redemption:0.56625
twists & turns:0.5655
obsession:0.565
male nudity:0.55875
awesome soundtrack:0.5575
masterpiece:0.55725
story:0.556
childhood:0.55475
moody:0.55275
guilt:0.5495
drugs:0.54675
guns:0.54475
life philosophy:0.54475
