teen movie:0.99825
teen:0.998
cheerleading:0.99625
high school:0.995
geeks:0.99375
teens:0.9585
1980s:0.94675
80s:0.93425
teenager:0.923
girlie movie:0.92275
geek:0.91025
stereotypes:0.9015
teenagers:0.88375
romantic comedy:0.85975
nerds:0.8355
cool:0.83275
fun movie:0.78075
good soundtrack:0.723
mentor:0.716
guilty pleasure:0.705
friendship:0.7025
pg-13:0.7005
adolescence:0.68375
good:0.6665
school:0.663
underdog:0.6425
original:0.642
awesome soundtrack:0.6385
destiny:0.6375
shallow:0.6285
sweet:0.6055
unlikely friendships:0.60475
romantic:0.6015
fashion:0.59825
cute:0.58175
love story:0.573
cute!:0.57175
cheesy:0.55975
predictable:0.55975
nostalgic:0.5515
comedy:0.54
romance:0.53675
feel-good:0.5345
happy ending:0.514
bullying:0.50825
dialogue:0.50725
chick flick:0.50725
revenge:0.5035
underrated:0.48325
life philosophy:0.48275
shopping:0.48025
catastrophe:0.473
virginity:0.4665
relationships:0.45625
silly fun:0.448
childhood:0.444
coming of age:0.443
great ending:0.4415
coming-of-age:0.441
fun:0.43175
feel good movie:0.42
women:0.4165
honest:0.413
runaway:0.4065
great acting:0.4025
amy smart:0.39375
great:0.38025
pornography:0.3785
internet:0.37075
transformation:0.3695
oscar winner:0.36775
suburbia:0.36625
culture clash:0.361
chase:0.35475
goofy:0.33725
storytelling:0.334
great soundtrack:0.3315
not funny:0.331
fantasy world:0.32625
teacher:0.321
better than expected:0.32025
drinking:0.319
new jersey:0.31275
love:0.3115
family:0.30875
kids:0.3085
story:0.30575
vengeance:0.303
adaptation:0.301
sexy:0.3
lone hero:0.2965
nostalgia:0.296
very funny:0.296
entertaining:0.29175
good romantic comedies:0.28925
excellent script:0.28825
classic car:0.28725
so bad it's funny:0.28025
small town:0.2795
betrayal:0.2785
