animals:0.99175
talking animals:0.981
pigs:0.97375
animal movie:0.97225
children:0.91525
original:0.881
animation:0.85825
dark fantasy:0.84725
animated:0.83975
family:0.7595
cute:0.743
cute!:0.6545
dark:0.61125
sequels:0.586
visually stunning:0.5805
kids:0.5675
visually appealing:0.5655
cartoon:0.5605
visual:0.5585
kids and family:0.5395
good sequel:0.53225
computer animation:0.53025
whimsical:0.52925
dialogue:0.47775
homeless:0.46825
story:0.46625
pointless:0.46175
pg:0.45275
great ending:0.44425
storytelling:0.44375
light:0.4355
catastrophe:0.4315
runaway:0.42725
creativity:0.42075
destiny:0.40625
stylized:0.4045
redemption:0.402
nocturnal:0.39925
fantasy world:0.37875
not funny:0.374
cult film:0.37
based on book:0.36875
fairy tale:0.36775
adventure:0.3675
predictable:0.3655
chase:0.36475
dog:0.36475
hotel:0.35825
disney:0.35575
surreal:0.3555
brutality:0.355
great:0.3545
melancholic:0.35425
special effects:0.353
childhood:0.3505
existentialism:0.3495
violent:0.348
allegory:0.34575
masterpiece:0.34475
mentor:0.3445
loneliness:0.34175
good:0.32725
adaptation:0.32575
happy ending:0.32525
death:0.325
slapstick:0.32375
fantasy:0.321
fun:0.318
visuals:0.3175
cinematography:0.316
culture clash:0.31175
lone hero:0.308
colourful:0.30775
magic realism:0.30375
fashion:0.30325
overrated:0.297
heartwarming:0.29325
sweet:0.2875
depression:0.286
disturbing:0.2855
greed:0.28475
absurd:0.284
very funny:0.28375
powerful ending:0.27875
monkey:0.2775
dogs:0.2775
hospital:0.2755
scary:0.27325
first contact:0.272
harsh:0.27075
imdb top 250:0.26825
franchise:0.26525
fun movie:0.25825
clever:0.25825
criterion:0.25525
pornography:0.25475
good soundtrack:0.2535
suprisingly clever:0.253
imagination:0.252
police investigation:0.2515
