period piece:0.9705
biographical:0.963
england:0.94775
costume drama:0.9335
friendship:0.917
unlikely friendships:0.89725
drama:0.89125
historical:0.88075
british:0.86575
love story:0.84525
dramatic:0.8405
excellent script:0.777
scotland:0.765
mentor:0.756
great acting:0.74775
london:0.74625
great ending:0.74275
oscar:0.732
beautiful scenery:0.7205
good:0.71825
original:0.7155
touching:0.7145
passionate:0.7135
bittersweet:0.70475
relationships:0.68425
oscar (best actress):0.6785
betrayal:0.67675
beautifully filmed:0.6765
drinking:0.672
oscar (best directing):0.66475
death:0.663
story:0.65225
compassionate:0.64825
enigmatic:0.61375
excellent:0.605
witty:0.60425
emotional:0.6
idealism:0.59475
imdb top 250:0.58075
great movie:0.576
great:0.56675
destiny:0.56625
oscar (best cinematography):0.5535
cinematography:0.553
childhood:0.55175
history:0.549
good acting:0.545
good soundtrack:0.5415
complex characters:0.54075
runaway:0.5395
oscar (best supporting actress):0.53575
poignant:0.5355
very good:0.5265
true story:0.526
romance:0.51825
secrets:0.516
interesting:0.49675
pg-13:0.49575
romantic:0.49225
greed:0.489
culture clash:0.48625
dialogue:0.48125
depression:0.476
melancholic:0.476
gunfight:0.47275
affectionate:0.47175
melancholy:0.46575
breathtaking:0.4655
tragedy:0.46475
suprisingly clever:0.4645
oscar (best supporting actor):0.46425
clever:0.46275
life & death:0.4615
catastrophe:0.459
chase:0.45275
reflective:0.4515
loneliness:0.451
heartwarming:0.44575
sentimental:0.4405
oscar winner:0.43575
scenic:0.43475
aging:0.42975
forceful:0.42525
indians:0.423
storytelling:0.4195
atmospheric:0.417
prejudice:0.41275
politics:0.41075
intense:0.4085
love:0.40775
us history:0.406
corruption:0.40475
political:0.4025
movielens top pick:0.398
talky:0.39775
life philosophy:0.3975
based on true story:0.39675
very interesting:0.39425
intimate:0.39425
unusual plot structure:0.38925
