visually appealing:0.9795
visual:0.953
visually stunning:0.94725
1930s:0.947
storytelling:0.9395
story:0.92675
children:0.9195
cinematography:0.9185
imagination:0.913
based on a book:0.87625
heartwarming:0.87075
fantasy:0.86975
adapted from:book:0.8685
adventure:0.86175
visuals:0.859
nostalgic:0.857
childhood:0.856
oscar (best directing):0.85275
paris:0.84875
original:0.8455
fantasy world:0.84375
oscar (best cinematography):0.834
oscar (best editing):0.8305
3d:0.8185
kids:0.80575
stunning:0.8055
oscar:0.79825
imdb top 250:0.778
bittersweet:0.76825
kids and family:0.7645
beautifully filmed:0.75775
based on book:0.75525
technology:0.75175
whimsical:0.74925
beautiful:0.7335
fairy tale:0.7265
magic:0.711
orphans:0.69975
runaway:0.697
breathtaking:0.6915
amazing cinematography:0.6825
dreams:0.6725
colourful:0.66925
heartbreaking:0.66325
mentor:0.659
existentialism:0.6455
destiny:0.6455
weird:0.6405
life & death:0.63325
emotional:0.6265
masterpiece:0.6215
beautiful scenery:0.621
dialogue:0.6195
great:0.61775
art:0.61675
great cinematography:0.61
excellent script:0.60875
silent:0.60725
touching:0.6015
cerebral:0.5945
allegory:0.59075
special effects:0.58825
great ending:0.587
loneliness:0.58525
cgi:0.58175
scenic:0.58
family:0.577
train:0.56475
parallel universe:0.56175
great acting:0.56025
plot:0.556
clever:0.55325
light:0.552
redemption:0.54775
enigmatic:0.547
period piece:0.54525
dreamlike:0.5415
secrets:0.53875
adaptation:0.5375
good soundtrack:0.52575
talky:0.5215
twists & turns:0.5195
unusual plot structure:0.50725
computer animation:0.506
1920s:0.50575
great movie:0.50475
robots:0.50375
feel-good:0.50275
toys:0.497
pg-13:0.4965
creativity:0.491
fairy tales:0.48725
sentimental:0.48375
catastrophe:0.4815
complex:0.4765
stylized:0.47425
robot:0.473
love story:0.463
france:0.4615
high fantasy:0.46075
