finnish:0.93825
prison escape:0.9085
teen movie:0.8395
marijuana:0.82675
mentor:0.8165
action:0.80075
original:0.8
nerds:0.79475
fun movie:0.74675
camp:0.7225
russian:0.7105
teen:0.69825
cold war:0.69275
predictable:0.69025
pornography:0.685
prison:0.6785
sexualized violence:0.65375
1980s:0.6285
teens:0.61575
russia:0.59925
brutality:0.59525
runaway:0.57825
chess:0.56825
unlikely friendships:0.54625
very interesting:0.5455
first contact:0.52875
nudity (topless):0.525
high school:0.52375
weapons:0.5025
family:0.4865
propaganda:0.4795
great ending:0.47425
fight scenes:0.474
harsh:0.467
adolescence:0.462
catastrophe:0.45575
good action:0.45525
lone hero:0.454
blood:0.44425
action packed:0.436
bad plot:0.43525
violence:0.4335
violent:0.43
nudity (topless - notable):0.42875
80s:0.4285
gratuitous violence:0.4195
big budget:0.41725
stereotypes:0.41225
torture:0.412
small town:0.40725
storytelling:0.3995
bullying:0.39525
story:0.37825
overrated:0.378
life philosophy:0.3765
new jersey:0.3745
suspense:0.37025
rock and roll:0.36775
feel-good:0.36675
nudity (full frontal - notable):0.36525
destiny:0.36375
friendship:0.36275
ninja:0.35925
not funny:0.3565
insanity:0.35275
great:0.35275
school:0.35075
good soundtrack:0.3495
feel good movie:0.3485
dialogue:0.34625
nudity (full frontal - brief):0.346
fighting:0.34425
death:0.34425
fun:0.3435
fantasy world:0.3405
melancholic:0.337
adaptation:0.32975
cult film:0.3275
silly:0.3275
gangs:0.3215
revenge:0.31575
beer:0.31475
dumb:0.31375
special effects:0.31325
corruption:0.31225
natural disaster:0.3045
so bad it's funny:0.302
nostalgic:0.302
clever:0.3
girlie movie:0.29975
british:0.299
stylized:0.2985
oscar (best directing):0.29675
quirky:0.29675
male nudity:0.29275
glbt:0.2895
franchise:0.28925
visually stunning:0.2885
redemption:0.287
good:0.28375
