workplace:0.99625
office:0.97675
comedy:0.96425
cult classic:0.95425
corporate america:0.9515
quotable:0.9495
hilarious:0.9235
funny:0.8995
off-beat comedy:0.85425
funniest movies:0.854
original:0.84275
slackers:0.833
cult film:0.80725
satire:0.796
great ending:0.77325
imdb top 250:0.773
good soundtrack:0.769
very funny:0.75625
storytelling:0.747
social commentary:0.74575
rebellion:0.74375
clever:0.74375
great movie:0.73975
dialogue:0.739
technology:0.73325
great soundtrack:0.73275
humor:0.73
highly quotable:0.72975
suprisingly clever:0.727
excellent script:0.71775
stupidity:0.713
mentor:0.711
interesting:0.70975
quirky:0.70175
humorous:0.69975
dark humor:0.68975
great acting:0.68625
weird:0.6845
business:0.67975
sarcasm:0.67675
goofy:0.674
funny as hell:0.66975
philosophy:0.6655
honest:0.65225
great:0.629
satirical:0.62525
drinking:0.6215
revenge:0.62025
pg-13:0.61975
crime gone awry:0.6175
narrated:0.61
greed:0.60375
vengeance:0.59975
cerebral:0.598
talky:0.59675
good:0.58975
dumb but funny:0.589
reflective:0.58225
great dialogue:0.58175
life philosophy:0.58125
environment:0.581
dramatic:0.57875
witty:0.5785
hitman:0.571
independent film:0.569
absurd:0.5685
corruption:0.56775
good acting:0.56775
complex:0.56275
loneliness:0.56175
existentialism:0.55625
redemption:0.5475
dark comedy:0.54375
cult:0.54075
original plot:0.5395
feel-good:0.537
story:0.5355
unusual plot structure:0.53225
life:0.52925
good dialogue:0.52775
intelligent:0.5235
dark hero:0.5215
movielens top pick:0.5205
feel good movie:0.5205
criterion:0.52025
irreverent:0.51375
plot:0.49925
visually appealing:0.49725
thought-provoking:0.4965
justice:0.49575
saturday night live:0.49475
brutality:0.49375
harsh:0.49275
visual:0.4815
dystopia:0.48125
intense:0.478
underrated:0.47725
transformation:0.477
excellent:0.47375
culture clash:0.4625
