africa:0.91175
historical:0.90775
based on a book:0.89875
courage:0.87425
england:0.86225
remake:0.854
desert:0.8225
wartime:0.79925
adventure:0.79075
colonialism:0.781
islam:0.76875
drama:0.74975
war:0.7475
period piece:0.71225
story:0.6975
oscar (best cinematography):0.695
mentor:0.694
original:0.68625
epic:0.68325
dramatic:0.663
beautiful scenery:0.66075
history:0.64725
unlikely friendships:0.64675
cinematography:0.6275
egypt:0.615
friendship:0.61475
betrayal:0.60825
sacrifice:0.60225
19th century:0.5975
pg-13:0.5965
british:0.57875
destiny:0.578
costume drama:0.56925
survival:0.553
redemption:0.544
good:0.54225
catastrophe:0.53475
prison escape:0.528
war movie:0.527
big budget:0.52075
action:0.507
predictable:0.50575
dynamic cgi action:0.49925
romance:0.4945
fighting:0.4915
adaptation:0.4885
transformation:0.48425
swashbuckler:0.468
us history:0.46625
brutality:0.4505
prejudice:0.44775
visually stunning:0.44575
best war films:0.44575
great:0.4385
melancholic:0.436
dialogue:0.4335
great ending:0.42425
storytelling:0.42075
politics:0.41375
better than expected:0.4085
culture clash:0.40675
based on book:0.39875
stunning:0.391
shallow:0.38825
middle east:0.387
not funny:0.38075
indians:0.3805
torture:0.37825
life philosophy:0.37725
fight scenes:0.36375
excellent:0.35825
queer:0.35675
camp:0.354
so bad it's funny:0.35175
slavery:0.34775
justice:0.34475
blindness:0.33975
good soundtrack:0.33375
suprisingly clever:0.32925
bad plot:0.3285
original plot:0.32825
fantasy world:0.327
visually appealing:0.32675
revolution:0.31975
fascism:0.3145
prison:0.3115
happy ending:0.31
beautifully filmed:0.30975
weapons:0.309
visual:0.2995
god:0.2995
oscar:0.2975
vengeance:0.2975
love story:0.297
rebellion:0.296
military:0.29575
great movie:0.29325
spying:0.29125
first contact:0.2875
nudity (full frontal - brief):0.28325
