christian:0.91775
sequels:0.88425
rome:0.87725
biblical:0.8425
light:0.83425
dialogue:0.79925
mentor:0.79525
original:0.781
destiny:0.777
futuristic:0.772
fun movie:0.76175
intense:0.7605
stereotypes:0.724
action:0.7235
entertaining:0.70875
franchise:0.69675
jesus:0.6825
story:0.67975
earnest:0.6675
fighting:0.66
family:0.65775
brutality:0.65575
slavery:0.655
animals:0.6525
jews:0.6445
redemption:0.63825
us history:0.6205
death:0.61875
android(s)/cyborg(s):0.6145
sequel:0.61375
first contact:0.609
period piece:0.607
adventure:0.59425
great ending:0.5725
very interesting:0.562
family drama:0.56125
runaway:0.55825
organized crime:0.55475
series:0.54875
distopia:0.546
sci fi:0.54025
original plot:0.537
bullying:0.5305
alter ego:0.53
good sequel:0.52925
childhood:0.52575
courage:0.52225
dramatic:0.522
drama:0.516
adapted from:book:0.5105
predictable:0.49675
good action:0.4915
island:0.482
epic:0.4745
pg-13:0.474
vengeance:0.47375
science fiction:0.47275
history:0.471
assassin:0.469
1930s:0.4655
gangsters:0.4625
author:neil gaiman:0.46175
good:0.46125
big budget:0.45725
highly quotable:0.4505
silly fun:0.44975
catastrophe:0.44925
passionate:0.4435
fun:0.4425
historical:0.4425
goofy:0.44025
pornography:0.43
medieval:0.42725
nerds:0.4255
oscar (best directing):0.425
complex:0.42025
storytelling:0.414
swashbuckler:0.40925
based on a book:0.406
life philosophy:0.4035
effects:0.40125
silly:0.3995
buddy movie:0.39125
war:0.39125
transformation:0.3875
boston:0.38725
script:0.38525
not funny:0.38075
culture clash:0.37875
visual:0.375
bad plot:0.375
saturn award (best special effects):0.3725
betrayal:0.3665
chase:0.365
christianity:0.36375
happy ending:0.363
entirely dialogue:0.362
violence:0.3595
sword fight:0.35925
comic:0.3565
