based on a book:0.99925
adapted from:book:0.9535
based on book:0.95025
books:0.94
book:0.90125
book was better:0.8635
adaptation:0.784
original:0.7545
finnish:0.61475
predictable:0.52475
horrible:0.51075
great ending:0.50325
mentor:0.501
catastrophe:0.49575
betrayal:0.46825
greed:0.45175
life philosophy:0.446
so bad it's funny:0.4455
bad acting:0.445
bad plot:0.44025
death:0.42225
family:0.40425
twist ending:0.3975
justice:0.3855
writers:0.38
not funny:0.377
good soundtrack:0.376
brutality:0.37575
pointless:0.3745
dialogue:0.37175
melancholic:0.35475
revenge:0.354
incest:0.35375
story:0.344
pornography:0.34375
weird:0.3405
storytelling:0.3395
dysfunctional family:0.3375
shallow:0.33275
first contact:0.32675
fantasy world:0.32525
teen movie:0.324
sexualized violence:0.32375
harsh:0.31725
happy ending:0.313
overrated:0.31175
kids and family:0.30575
disturbing:0.301
silly fun:0.30075
remake:0.29875
bad:0.29525
children:0.29175
nudity (topless):0.2905
bdsm:0.2905
relationships:0.29
vengeance:0.2895
destiny:0.28425
supernatural:0.28375
great:0.28375
complex:0.282
teens:0.28125
grindhouse:0.281
distopia:0.28025
nudity (full frontal - brief):0.27825
based on true story:0.27825
cult film:0.27775
franchise:0.27675
pg-13:0.27575
suspense:0.275
god:0.2695
entirely dialogue:0.269
scary:0.2675
unfunny:0.2635
twists & turns:0.2635
culture clash:0.26075
runaway:0.25975
splatter:0.259
psychological:0.25875
violence:0.25725
classic car:0.253
lone hero:0.25075
visually appealing:0.249
good:0.24175
bittersweet:0.2415
dramatic:0.24025
enigmatic:0.23775
life & death:0.2375
redemption:0.2375
dreamlike:0.23525
gangsters:0.23475
police investigation:0.23475
quirky:0.2345
stylized:0.2335
criterion:0.23275
very interesting:0.23075
very funny:0.23
fight scenes:0.22925
slapstick:0.22675
surreal:0.22675
transformation:0.2255
