dark humor:0.94075
powerful ending:0.9335
black comedy:0.88975
good soundtrack:0.8805
political:0.86925
great ending:0.854
murder:0.84525
politics:0.84375
original:0.80425
dark comedy:0.79225
very interesting:0.7855
intellectual:0.75375
thought-provoking:0.72475
clever:0.70925
surprise ending:0.701
corruption:0.69625
interesting:0.688
satire:0.6665
pornography:0.659
violent:0.65875
death:0.656
psychological:0.651
manipulation:0.64225
weird:0.63375
social commentary:0.62075
morality:0.60675
twists & turns:0.59125
dialogue:0.5895
good:0.5755
twist ending:0.574
genocide:0.56575
insanity:0.54425
greed:0.53825
satirical:0.53575
writers:0.53275
stereotypes:0.53275
police investigation:0.53175
great:0.5295
plot:0.52375
intelligent:0.52225
brainwashing:0.52
twist:0.51225
independent film:0.508
brutality:0.497
pg-13:0.4925
ensemble cast:0.492
honest:0.489
great acting:0.489
talky:0.48725
mentor:0.487
complex:0.47725
catastrophe:0.477
absurd:0.47675
cerebral:0.47625
dark:0.47275
alternate endings:0.47
bad ending:0.46975
serial killer:0.46825
revenge:0.46825
queer:0.46375
unusual plot structure:0.45625
disturbing:0.454
macabre:0.45125
intense:0.44925
dramatic:0.449
moral ambiguity:0.44575
underrated:0.4405
very funny:0.43825
off-beat comedy:0.43775
suspense:0.434
justice:0.43325
vengeance:0.43175
violence:0.43025
sexualized violence:0.42975
entirely dialogue:0.426
life philosophy:0.42325
murder mystery:0.41725
idealism:0.4145
witty:0.41125
narrated:0.41075
drinking:0.4105
storytelling:0.40125
shallow:0.39975
ironic:0.3985
crime gone awry:0.397
nudity (full frontal - brief):0.3935
suprisingly clever:0.38725
movielens top pick:0.3865
assassination:0.38425
obsession:0.38225
vigilante:0.37325
philosophical:0.37275
good acting:0.37225
nudity (topless - notable):0.3715
torture:0.37125
story:0.37075
stylized:0.3655
great movie:0.36325
secrets:0.35975
culture clash:0.35875
