comedy:0.94425
hilarious:0.801
goofy:0.7645
funny:0.745
original:0.6825
stupid:0.64525
saturday night live:0.63125
crude humor:0.6265
unfunny:0.6065
predictable:0.60125
very funny:0.5945
humorous:0.56075
weed:0.53
teens:0.52125
pornography:0.5165
stoner movie:0.507
so bad it's funny:0.5045
parody:0.49475
dumb:0.49225
stupidity:0.48825
teen movie:0.47675
absurd:0.475
funny as hell:0.45975
buddy movie:0.4575
awesome soundtrack:0.44275
great ending:0.44175
horrible:0.42625
silly:0.40725
pointless:0.4045
idiotic:0.404
dumb but funny:0.39825
bad plot:0.397
mentor:0.39675
teacher:0.39125
catastrophe:0.39025
stupid as hell:0.38675
slapstick:0.38475
overrated:0.3775
beer:0.37
silly fun:0.36775
censorship:0.36475
humor:0.3545
gross-out:0.35425
drinking:0.35225
dysfunctional family:0.347
brutality:0.34625
pg-13:0.346
twist ending:0.34075
strippers:0.33425
dialogue:0.33075
first contact:0.32475
shallow:0.30875
not funny:0.304
fantasy world:0.301
disaster:0.3005
nudity (topless - notable):0.3005
runaway:0.2925
lame:0.291
storytelling:0.29
male nudity:0.28825
family drama:0.28475
prison:0.28075
happy ending:0.2775
nudity (topless):0.2755
funniest movies:0.27125
greed:0.268
redemption:0.26075
entirely dialogue:0.2595
awful:0.256
life philosophy:0.2515
story:0.2515
teen:0.24875
culture clash:0.24825
adaptation:0.2455
great:0.24275
melancholic:0.24025
fight scenes:0.23825
good:0.237
harsh:0.23675
lone hero:0.23475
justice:0.23475
80s:0.23175
vengeance:0.23025
weird:0.22775
writers:0.2255
suprisingly clever:0.2255
imdb top 250:0.2235
good soundtrack:0.22225
ridiculous:0.22175
stereotypes:0.219
feel-good:0.21825
foul language:0.216
destiny:0.2155
reality tv:0.211
natural disaster:0.21075
sexy:0.21075
quotable:0.20975
boston:0.209
parenthood:0.20475
family:0.2045
