pornography:0.96725
sex:0.93475
sexual:0.883
gay:0.825
relationships:0.81475
intimate:0.80325
life philosophy:0.76075
weird:0.7335
original:0.6425
indie:0.632
friendship:0.61625
art:0.60575
marijuana:0.5925
obsession:0.58975
erotic:0.5855
art house:0.58475
unlikely friendships:0.55725
writers:0.54825
criterion:0.53975
talky:0.5265
dialogue:0.501
sexuality:0.48775
lesbian:0.461
drama:0.4565
melancholic:0.451
queer:0.444
artist:0.42975
entirely dialogue:0.42675
so bad it's funny:0.42275
catastrophe:0.417
comedy:0.40825
low budget:0.39675
great ending:0.388
off-beat comedy:0.3845
enigmatic:0.3785
hotel:0.36175
mentor:0.35925
grindhouse:0.3585
artistic:0.35525
brutality:0.34925
runaway:0.348
disturbing:0.34425
pointless:0.33825
loneliness:0.3375
road movie:0.329
allegory:0.32625
sexy:0.3255
farce:0.325
golden palm:0.3195
suprisingly clever:0.3135
great acting:0.30975
sex comedy:0.3085
weed:0.3075
unfunny:0.305
very interesting:0.30375
good soundtrack:0.29775
wilderness:0.29525
clever:0.291
gay character:0.29025
dark comedy:0.287
storytelling:0.2855
unusual plot structure:0.2855
stereotypes:0.2835
satirical:0.2815
male nudity:0.2805
guilt:0.2775
police investigation:0.2755
not funny:0.27375
dysfunctional family:0.269
dialogue driven:0.26575
fantasy world:0.26225
independent film:0.25575
childhood:0.252
greed:0.2515
stylized:0.25075
movie business:0.25025
crime gone awry:0.24725
very funny:0.24525
drinking:0.24225
betrayal:0.2395
quirky:0.23775
solitude:0.23625
women:0.23575
first contact:0.2345
adaptation:0.23425
controversial:0.231
honest:0.227
cult classic:0.227
crude humor:0.225
nudity (full frontal - notable):0.22375
absurd:0.22275
nudity (full frontal - brief):0.22275
psychological:0.22275
visually appealing:0.22175
california:0.21525
overrated:0.21375
sacrifice:0.21325
documentary:0.21325
intellectual:0.2105
lone hero:0.21025
