politics:0.987
political:0.967
documentary:0.952
corruption:0.94525
business:0.94375
visually appealing:0.937
propaganda:0.93525
free speech:0.93075
intellectual:0.9195
rebellion:0.90975
genocide:0.902
manipulation:0.89025
conspiracy:0.88675
capitalism:0.8745
fascism:0.86575
greed:0.8305
talky:0.8115
original:0.8065
journalism:0.80375
social commentary:0.8015
very interesting:0.782
world politics:0.77625
philosophy:0.77325
reflective:0.771
idealism:0.76225
criterion:0.76175
intelligent:0.75725
interesting:0.74175
thought-provoking:0.741
controversial:0.74075
narrated:0.73525
complex:0.73
cerebral:0.72825
conspiracy theory:0.72625
mentor:0.7225
secrets:0.69775
enigmatic:0.686
pornography:0.67675
philosophical:0.675
paranoid:0.665
adapted from:book:0.647
free to download:0.636
justice:0.6355
censorship:0.6245
distopia:0.62425
forceful:0.6205
revolution:0.6205
oscar (best actress):0.611
internet:0.6075
visual:0.591
books:0.59025
confrontational:0.58125
absurd:0.57825
fighting the system:0.5605
biting:0.55625
suprisingly clever:0.544
culture clash:0.54175
movielens top pick:0.5415
imdb top 250:0.53875
great ending:0.536
oscar (best directing):0.531
good soundtrack:0.52775
runaway:0.5245
passionate:0.5205
golden palm:0.51475
technology:0.51125
oscar (best supporting actress):0.50975
adaptation:0.5065
prejudice:0.5055
corporate america:0.50475
based on a book:0.503
based on book:0.498
weird:0.496
creativity:0.48925
freedom:0.48875
clever:0.48475
excellent script:0.4785
storytelling:0.4765
witty:0.47625
obsession:0.47225
morality:0.4705
life philosophy:0.46475
good:0.46225
original plot:0.45625
harsh:0.45425
twists & turns:0.44375
oil:0.441
nudity (full frontal - notable):0.44025
1970s:0.43975
male nudity:0.43225
gulf war:0.42725
brainwashing:0.42675
honest:0.4265
melancholic:0.42475
brutality:0.4245
weapons:0.418
assassination:0.4155
ethnic conflict:0.412
earnest:0.41075
catastrophe:0.41
