gunfight:0.956
western:0.95075
oscar (best actor):0.92425
comedy:0.801
oscar:0.79025
fun movie:0.7645
oscar (best supporting actress):0.73075
original:0.713
runaway:0.6805
quotable:0.66325
oscar (best directing):0.6585
vengeance:0.648
indians:0.63675
oscar (best actress):0.6355
oscar (best supporting actor):0.62
classic:0.602
humorous:0.59775
revenge:0.5885
childhood:0.56125
unusual plot structure:0.5595
mentor:0.55875
dramatic:0.55825
story:0.55125
narrated:0.55075
funny:0.54825
oscar winner:0.54225
imdb top 250:0.53925
light:0.53525
earnest:0.533
dialogue:0.53225
spoof:0.5305
affectionate:0.5225
bullying:0.52175
justice:0.51825
very funny:0.51525
afi 100 (laughs):0.512
murder:0.4985
good:0.493
clever:0.489
great:0.479
harsh:0.47525
culture clash:0.456
drinking:0.4555
fun:0.4535
great movie:0.45025
great ending:0.44225
oscar (best cinematography):0.43625
redemption:0.436
corruption:0.42875
destiny:0.41275
adaptation:0.41
catastrophe:0.408
sexy:0.407
storytelling:0.4055
suprisingly clever:0.40425
moral ambiguity:0.3995
gangs:0.3885
good soundtrack:0.38625
chase:0.38125
farce:0.38075
great acting:0.3755
hilarious:0.37175
excellent script:0.37075
horses:0.368
witty:0.36775
unlikely friendships:0.3615
slapstick:0.36125
happy ending:0.361
oscar (best picture):0.358
classic car:0.35325
adapted from:book:0.35075
goofy:0.336
overrated:0.33525
nocturnal:0.3305
silly:0.3295
feel-good:0.326
unfunny:0.3255
pg-13:0.3255
highly quotable:0.325
parody:0.32375
police investigation:0.32275
fighting the system:0.31875
adventure:0.31875
cinematography:0.3155
death:0.3135
nostalgic:0.3115
brothers:0.3105
friendship:0.302
criterion:0.29975
native americans:0.29925
melancholic:0.297
humor:0.294
not funny:0.29375
absurd:0.29325
exceptional acting:0.2915
satirical:0.29125
lone hero:0.29125
twists & turns:0.289
transformation:0.285
social commentary:0.28425
