civil war:0.99875
american civil war:0.9035
slavery:0.8605
family drama:0.8385
war:0.83525
war movie:0.81
family:0.7835
beautiful scenery:0.76825
historical:0.76525
gunfight:0.7605
sentimental:0.729
mentor:0.703
irish accent:0.688
culture clash:0.68225
poignant:0.675
affectionate:0.66825
weapons:0.66725
drama:0.651
forceful:0.647
sacrifice:0.6445
wartime:0.63875
best war films:0.63875
idealism:0.62675
western:0.6225
harsh:0.61925
compassionate:0.595
oscar (best directing):0.59475
beautifully filmed:0.58225
brutality:0.57925
segregation:0.57575
vengeance:0.57125
original:0.56975
dramatic:0.555
oscar winner:0.533
family bonds:0.5285
great:0.5265
runaway:0.51725
ethnic conflict:0.51125
tragedy:0.51075
story:0.4875
classic:0.48
oscar (best cinematography):0.47975
children:0.473
oscar (best sound):0.46825
revenge:0.466
period piece:0.457
catastrophe:0.45525
dysfunctional family:0.4495
parenthood:0.4435
islam:0.4305
history:0.42675
movielens top pick:0.426
us history:0.42325
redemption:0.4215
reflective:0.41875
anti-war:0.4165
courage:0.40925
exceptional acting:0.4025
criterion:0.40175
prejudice:0.397
scenic:0.392
based on a book:0.38725
race issues:0.387
police investigation:0.3835
based on book:0.3835
imdb top 250:0.38325
cinematography:0.383
downbeat:0.3815
vietnam war:0.381
dialogue:0.3805
good:0.37
moral ambiguity:0.36925
oscar (best supporting actress):0.369
finnish:0.365
childhood:0.36425
tense:0.35775
bittersweet:0.3565
oscar (best supporting actor):0.34975
oscar (best actress):0.348
divorce:0.3465
brothers:0.34275
oscar (best foreign language film):0.3425
heartwarming:0.341
earnest:0.33775
prison:0.337
transformation:0.33375
england:0.32575
great ending:0.3255
suprisingly clever:0.3255
oscar:0.31825
racism:0.30825
life philosophy:0.30825
revolution:0.30825
stereotypes:0.30475
factual:0.3035
humorous:0.30275
excellent:0.29725
desert:0.297
destiny:0.29675
pg-13:0.29475
