action:0.934
fun movie:0.92425
action packed:0.8425
teen movie:0.8355
mentor:0.80775
special effects:0.775
good:0.75525
fun:0.75275
school:0.743
original:0.718
good action:0.711
entertaining:0.70375
silly fun:0.698
teen:0.68775
80s:0.68625
great:0.679
father son relationship:0.66975
boarding school:0.66375
great ending:0.65625
childhood:0.65575
cool:0.65525
fight scenes:0.64825
feel-good:0.64025
big budget:0.63375
nostalgic:0.62525
pg-13:0.6055
vengeance:0.60425
guilty pleasure:0.58575
fast paced:0.58475
teens:0.58
adventure:0.563
great movie:0.56075
new jersey:0.55775
underrated:0.54875
chase:0.53825
girlie movie:0.52825
feel good movie:0.528
good soundtrack:0.5275
kids:0.5265
great acting:0.52575
so bad it's funny:0.52025
lone hero:0.51675
runaway:0.5165
violence:0.501
teenager:0.4945
predictable:0.4925
dialogue:0.48025
mafia:0.477
bad acting:0.4725
unlikely friendships:0.465
awesome soundtrack:0.46475
hostage:0.46075
suspense:0.4585
high school:0.4545
catastrophe:0.45325
exciting:0.4525
adolescence:0.44175
rebellion:0.42725
cheesy:0.4205
friendship:0.4185
original plot:0.41175
fighting:0.407
fantasy world:0.403
fantasy:0.403
good acting:0.401
destiny:0.39325
weapons:0.38875
gangsters:0.3875
underdog:0.386
silly:0.38575
life philosophy:0.383
light:0.381
bullying:0.3805
goofy:0.37975
story:0.3775
first contact:0.37675
explosions:0.37625
teenagers:0.373
not funny:0.365
natural disaster:0.36425
family:0.362
drama:0.358
superheroes:0.3575
storytelling:0.35275
excellent:0.349
shallow:0.34775
bad plot:0.3415
redemption:0.338
suspenseful:0.338
argentina:0.336
buddy movie:0.33225
teacher:0.3245
plot holes:0.3245
bloody:0.32075
adaptation:0.31825
brutality:0.3175
prison:0.312
death:0.311
camp:0.30975
pulp:0.30875
