goofy:0.9925
cartoon:0.9905
disney animated feature:0.98075
animation:0.97575
disney:0.90075
fun:0.866
kids:0.84025
kids and family:0.83375
road trip:0.82275
children:0.79925
childhood:0.784
cute:0.7805
fun movie:0.754
sweet:0.734
family:0.7315
original:0.72075
good:0.71475
animated:0.69375
animals:0.63625
cute!:0.62525
destiny:0.61475
feel-good:0.5695
stereotypes:0.5465
great:0.532
visually appealing:0.52875
talking animals:0.5225
heartwarming:0.5145
storytelling:0.50875
good soundtrack:0.48775
road movie:0.4865
feel good movie:0.475
nostalgic:0.47
musical:0.45425
adventure:0.45325
story:0.43575
mentor:0.433
teen movie:0.422
runaway:0.41125
father son relationship:0.404
entertaining:0.4035
cool:0.4025
oscar (best music - original song):0.3975
catastrophe:0.39125
great ending:0.38675
very funny:0.36475
touching:0.359
animal movie:0.356
not funny:0.35
betrayal:0.347
slapstick:0.3415
clever:0.33125
funny:0.32875
disaster:0.32675
predictable:0.32675
dialogue:0.326
culture clash:0.321
simple:0.32025
redemption:0.32
silly fun:0.30975
father-son relationship:0.30225
teen:0.3015
classic:0.29825
lone hero:0.2935
fashion:0.29125
brutality:0.2905
adaptation:0.28725
unlikely friendships:0.2865
comedy:0.2805
very good:0.2765
melancholic:0.27625
friendship:0.274
underrated:0.2735
chase:0.271
life philosophy:0.27025
silly:0.26975
great movie:0.2695
camp:0.2695
natural disaster:0.269
suprisingly clever:0.267
light:0.258
overrated:0.25275
computer animation:0.25275
first contact:0.2515
adolescence:0.25025
happy ending:0.249
too short:0.2485
teenager:0.24775
so bad it's funny:0.24475
transformation:0.244
bad plot:0.2425
unfunny:0.2395
gangsters:0.239
fight scenes:0.23875
vengeance:0.238
awesome soundtrack:0.2375
teens:0.23625
school:0.23
inspirational:0.22725
girlie movie:0.2265
greed:0.22575
