action:0.9005
kidnapping:0.89175
realistic action:0.8375
latin america:0.82375
good action:0.82175
love story:0.77775
tom clancy:0.76775
romance:0.73975
good:0.70625
plot:0.6895
romantic:0.674
intense:0.6595
original:0.659
corruption:0.65575
action packed:0.6155
thriller:0.61175
drama:0.6095
dialogue:0.59675
suspense:0.589
fast paced:0.58875
great acting:0.58375
hostage:0.5815
great ending:0.5805
romantic comedy:0.5755
chick flick:0.57525
visually appealing:0.57325
big budget:0.566
chase:0.54675
mentor:0.546
catastrophe:0.54575
betrayal:0.5445
predictable:0.5225
good acting:0.50275
girlie movie:0.4925
story:0.491
pg-13:0.487
destiny:0.47275
happy ending:0.45975
dramatic:0.4575
beautiful scenery:0.4565
shallow:0.4465
not funny:0.4425
vengeance:0.4405
great:0.439
tense:0.43725
greed:0.4355
suspenseful:0.4315
fight scenes:0.42625
culture clash:0.421
marriage:0.41275
very good:0.40975
entertaining:0.40325
interesting:0.40225
exciting:0.39875
better than expected:0.3965
weapons:0.39525
first contact:0.3875
sexy:0.38725
revenge:0.38025
lone hero:0.37125
very interesting:0.37
runaway:0.368
storytelling:0.36525
jungle:0.35475
twists & turns:0.3525
adultery:0.35075
life philosophy:0.3495
police investigation:0.3475
justice:0.34725
adventure:0.34675
relationships:0.338
natural disaster:0.33125
conspiracy:0.3285
good soundtrack:0.3255
entirely dialogue:0.32125
oil:0.3155
violence:0.3125
brutality:0.31125
fantasy world:0.30825
gangsters:0.304
adaptation:0.3025
talky:0.30225
divorce:0.3005
great movie:0.29975
africa:0.29575
excellent:0.29575
business:0.294
cool:0.29175
torture:0.28225
car chase:0.28075
loneliness:0.27975
internet:0.279
family:0.278
assassination:0.27575
explosions:0.27425
secrets:0.2735
complex:0.27175
unfunny:0.27125
forceful:0.27
redemption:0.26925
