author:alan moore:1.0
distopia:0.99625
political:0.979
dark hero:0.97775
based on a comic:0.97325
graphic novel:0.9715
adapted from:comic:0.96775
fighting the system:0.95875
fascism:0.95775
dystopia:0.95325
revolution:0.9505
social commentary:0.9465
futuristic:0.944
politics:0.94375
visually appealing:0.94225
imdb top 250:0.93925
action:0.93375
terrorism:0.93075
idealism:0.9195
vigilantism:0.91875
anti-hero:0.918
rebellion:0.90475
story:0.897
good acting:0.89075
freedom:0.88325
thought-provoking:0.875
original:0.87425
world politics:0.872
justice:0.86975
violence:0.84825
visually stunning:0.8475
vigilante:0.84425
england:0.8405
corruption:0.835
good:0.835
vengeance:0.834
complex:0.82575
future:0.823
storytelling:0.82075
comic book:0.81925
philosophy:0.81425
dystopic future:0.814
philosophical:0.81175
dialogue:0.81075
superheroes:0.8085
great acting:0.8085
fight scenes:0.80475
surveillance:0.79975
islam:0.79075
super hero:0.7875
interesting:0.78525
london:0.78475
visual:0.78475
revenge:0.771
superhero:0.7615
forceful:0.75925
great ending:0.758
moral ambiguity:0.752
based on comic:0.74725
british:0.7435
torture:0.7425
movielens top pick:0.7365
propaganda:0.73125
mentor:0.731
intense:0.72425
powerful ending:0.72
special effects:0.71525
allegory:0.71325
plot:0.71175
brainwashing:0.7095
big budget:0.70475
pg-13:0.7
betrayal:0.69875
good soundtrack:0.6985
intellectual:0.689
dramatic:0.68875
super-hero:0.68425
violent:0.6825
grim:0.67825
adaptation:0.67725
action packed:0.677
intelligent:0.67525
love story:0.675
conspiracy:0.675
based on a book:0.67425
technology:0.67275
weapons:0.6685
cerebral:0.6675
manipulation:0.66575
destiny:0.664
original plot:0.66325
adapted from:book:0.6555
sacrifice:0.65
clever:0.6425
excellent script:0.64125
fast paced:0.63675
cool:0.63625
inspirational:0.623
twists & turns:0.619
better than expected:0.6175
