violence:0.97975
brutality:0.95425
visceral:0.953
serial killer:0.95225
violent:0.93925
disturbing:0.9385
dark humor:0.9055
gratuitous violence:0.89975
psychological:0.89375
torture:0.88675
pornography:0.86775
brutal:0.861
psychology:0.84825
tense:0.8335
grim:0.77625
splatter:0.7665
bloody:0.755
hard to watch:0.75075
weird:0.7495
original:0.747
voyeurism:0.742
vengeance:0.734
macabre:0.72175
controversial:0.703
stylized:0.702
intense:0.698
social commentary:0.695
gory:0.67575
sexualized violence:0.664
insanity:0.65025
grindhouse:0.64625
harsh:0.6385
cathartic:0.62925
bleak:0.626
claustrophobic:0.61825
dysfunctional family:0.6065
gruesome:0.573
criterion:0.57075
pretentious:0.5585
art house:0.55825
obsession:0.55025
enigmatic:0.53575
manipulation:0.52825
thriller:0.5125
paranoid:0.509
downbeat:0.5085
satirical:0.503
creepy:0.4985
black comedy:0.498
dark:0.4815
guilt:0.481
good soundtrack:0.47575
intimate:0.467
pulp:0.461
atmospheric:0.46025
interesting:0.451
twists & turns:0.4495
twist:0.449
police investigation:0.448
independent film:0.447
cerebral:0.44475
golden palm:0.44275
ironic:0.4425
satire:0.44125
revenge:0.439
suspense:0.43875
dialogue:0.4375
culture clash:0.4365
allegory:0.4355
complex:0.43225
absurd:0.4285
very interesting:0.42825
unusual plot structure:0.4265
nudity (full frontal - notable):0.42525
catastrophe:0.42425
sexual abuse:0.4205
great ending:0.4145
runaway:0.41275
surreal:0.40975
crazy:0.4085
dark comedy:0.40775
secrets:0.4045
clever:0.40325
pointless:0.403
nonlinear:0.403
greed:0.39875
narrated:0.39675
storytelling:0.39475
family:0.39025
adaptation:0.38225
stylish:0.38175
forceful:0.38125
masterpiece:0.38
confrontational:0.37775
cinematography:0.37575
cult film:0.3755
suspenseful:0.37525
talky:0.37425
mental illness:0.37125
melancholic:0.37075
