mars:0.998
space:0.99475
astronauts:0.99475
space travel:0.99225
scifi:0.98925
science fiction:0.98375
sci fi:0.9815
sci-fi:0.96025
science:0.925
space opera:0.8605
nuclear war:0.805
moon:0.7835
special effects:0.76725
first contact:0.7505
original:0.71575
bad science:0.675
parallel universe:0.65725
natural disaster:0.6545
predictable:0.645
allegory:0.63825
catastrophe:0.60625
weapons:0.58075
end of the world:0.54075
plot holes:0.53775
1950s:0.53125
notable nudity:0.52
stereotypes:0.504
survival:0.50325
so bad it's funny:0.48625
alien:0.48275
great ending:0.47825
dialogue:0.46975
mentor:0.46575
fantasy:0.465
bad acting:0.4645
happy ending:0.456
whimsical:0.45425
memory:0.43175
camp:0.43175
story:0.422
visuals:0.4205
disaster:0.41825
nasa:0.4145
desert:0.41025
space program:0.406
android(s)/cyborg(s):0.40025
mad scientist:0.39325
campy:0.38825
aliens:0.388
dramatic:0.37475
post apocalyptic:0.37075
brutality:0.3655
talky:0.36425
dinosaurs:0.3615
chase:0.35825
family:0.358
clones:0.35675
redemption:0.353
nuclear:0.35
writers:0.34375
low budget:0.34375
tricky:0.34275
grindhouse:0.3405
pointless:0.3395
bad plot:0.33925
not funny:0.32775
storytelling:0.327
adventure:0.3265
women:0.32075
post-apocalyptic:0.3195
visually appealing:0.31675
based on a book:0.31575
adaptation:0.315
cult film:0.312
cold war:0.3105
vampire human love:0.30875
futuristic:0.3085
harsh:0.3045
alternate reality:0.3
cerebral:0.2975
lone hero:0.2965
girlie movie:0.29375
nudity (full frontal - notable):0.2935
future:0.29325
satirical:0.2895
nostalgic:0.284
apocalypse:0.28325
drama:0.28225
nudity (full frontal - brief):0.282
love story:0.282
big budget:0.2815
good soundtrack:0.2805
transformation:0.28025
entirely dialogue:0.2795
cheesy:0.27925
death:0.2775
adapted from:book:0.2745
ensemble cast:0.27375
good:0.27025
melancholic:0.27
