love story:0.95825
romantic:0.951
sappy:0.87875
sweet:0.84825
chick flick:0.84825
romantic comedy:0.82525
romance:0.823
sentimental:0.79975
destiny:0.789
childhood:0.77975
happy ending:0.732
fantasy:0.7155
cute!:0.6935
story:0.6875
mentor:0.67725
touching:0.67625
girlie movie:0.672
original:0.66675
cute:0.64725
1930s:0.63
feel-good:0.62475
predictable:0.59325
drama:0.5925
good:0.59
doctors:0.57925
fun movie:0.5765
science fiction:0.5425
catastrophe:0.52525
bittersweet:0.5135
love:0.5095
great:0.509
unlikely friendships:0.507
heartwarming:0.49925
first contact:0.49875
feel good movie:0.48825
storytelling:0.483
children:0.4775
sacrifice:0.4635
friendship:0.46175
courage:0.4555
aging:0.43775
nostalgic:0.4345
runaway:0.4335
passionate:0.43125
lone hero:0.42775
bad ending:0.4265
futuristic:0.426
simple:0.42025
sci fi:0.41875
oscar winner:0.418
chase:0.40825
great ending:0.408
family:0.404
creativity:0.40325
good romantic comedies:0.39825
cancer:0.39375
fun:0.3905
beautiful scenery:0.38775
scifi:0.37425
transformation:0.35875
death:0.3585
dialogue:0.356
kids:0.35525
not funny:0.35075
pg-13:0.3385
life philosophy:0.33625
underrated:0.33375
natural disaster:0.33175
entertaining:0.3315
brutality:0.33
time travel:0.32925
culture clash:0.3215
corny:0.31575
adventure:0.31475
light:0.3135
great movie:0.31225
tear jerker:0.31225
good soundtrack:0.30575
bad plot:0.30325
vengeance:0.29925
underdog:0.2985
future:0.29725
whimsical:0.294
silly fun:0.2885
plot:0.2815
good action:0.28
inspirational:0.278
so bad it's funny:0.27675
hospital:0.2755
technology:0.27525
sci-fi:0.27525
adaptation:0.2735
dreamlike:0.27225
action:0.26975
plot holes:0.26925
island:0.26875
justice:0.268
period piece:0.26725
women:0.26725
sports:0.26675
