road trip:0.97275
weird:0.926
depression:0.899
loneliness:0.89775
melancholic:0.8925
eccentricity:0.87875
father daughter relationship:0.8745
cinematography:0.7855
existentialism:0.785
road movie:0.75025
quirky:0.7325
holocaust:0.72525
original:0.6985
nazis:0.67725
artsy:0.669
surreal:0.6645
deadpan:0.656
reflective:0.64775
runaway:0.63075
affectionate:0.627
depressing:0.626
pornography:0.61
unusual plot structure:0.60925
absurd:0.60025
bleak:0.59125
irish:0.591
criterion:0.58975
redemption:0.585
slow paced:0.58375
off-beat comedy:0.573
relationships:0.55825
social commentary:0.53925
life & death:0.538
enigmatic:0.532
goth:0.531
strange:0.52725
guilt:0.51525
golden palm:0.511
nazi:0.5055
storytelling:0.50325
intimate:0.50225
dysfunctional family:0.50175
death:0.501
nudity (topless - notable):0.49175
melancholy:0.4905
very interesting:0.48925
cerebral:0.488
slow:0.4825
vengeance:0.476
solitude:0.46875
character study:0.463
drinking:0.46175
tragedy:0.4615
indie:0.4595
pointless:0.455
stylized:0.454
allegory:0.4515
dialogue:0.4485
pretentious:0.4475
revenge:0.44375
drama:0.43975
entirely dialogue:0.43575
complex:0.42875
catastrophe:0.428
male nudity:0.42325
latin america:0.4215
meditative:0.41875
independent film:0.417
culture clash:0.4135
great acting:0.40875
visually appealing:0.40675
downbeat:0.40375
emotional:0.401
good soundtrack:0.401
great ending:0.39925
surrealism:0.39825
writers:0.398
bittersweet:0.39675
mental illness:0.3955
love:0.3875
jewish:0.3815
suprisingly clever:0.3765
dark comedy:0.375
small town:0.3705
suicide:0.37025
brutality:0.366
insanity:0.36375
harsh:0.3635
mentor:0.36325
dramatic:0.3625
hospital:0.36225
ireland:0.36
bizarre:0.35825
dark humor:0.3535
music business:0.35325
artistic:0.3475
life philosophy:0.3445
narrated:0.344
suicide attempt:0.3405
clever:0.33775
