super hero:0.97425
superhero:0.95875
super-hero:0.94575
mutants:0.9455
comics:0.93275
immortality:0.924
dc comics:0.897
camp:0.8845
superheroes:0.88275
based on a comic:0.877
sequels:0.85675
campy:0.856
mad scientist:0.8555
original:0.8465
comic book:0.80875
goofy:0.78525
franchise:0.78225
adapted from:comic:0.7755
fun movie:0.75625
special effects:0.75475
cult classic:0.74525
sequel:0.72225
pointless:0.71375
action:0.69925
predictable:0.6575
monster:0.6575
humorous:0.64825
bad plot:0.646
horrible:0.62825
fun:0.614
cheesy:0.59475
corny:0.57825
adventure:0.57175
fight scenes:0.566
quirky:0.557
alter ego:0.549
silly:0.54775
silly fun:0.52575
cult film:0.52175
dialogue:0.518
80s:0.517
adaptation:0.51525
weapons:0.51125
sci fi:0.50825
dark hero:0.50775
nudity (topless):0.5055
great ending:0.5
based on comic:0.49275
good sequel:0.4845
sexy:0.4765
sci-fi:0.47275
mentor:0.471
fantasy:0.47025
pulp:0.46525
nocturnal:0.4575
brutality:0.4525
splatter:0.44925
family:0.4375
so bad it's funny:0.4375
big budget:0.43325
comedy:0.4315
romance:0.4265
transformation:0.425
crappy sequel:0.42325
overrated:0.421
science fiction:0.409
graphic novel:0.3975
scifi:0.39725
absurd:0.39575
shallow:0.394
gothic:0.3915
macabre:0.3885
first contact:0.38825
great:0.38225
comic:0.38025
entirely dialogue:0.3795
vigilante:0.37925
destiny:0.377
catastrophe:0.37425
light:0.3735
nudity (full frontal - brief):0.36775
fantasy world:0.36325
comic book adaption:0.363
lame:0.3565
death:0.356
monsters:0.35575
revenge:0.35125
scary:0.349
demons:0.347
justice:0.34075
stupid as hell:0.33775
storytelling:0.335
not funny:0.33175
horror:0.3285
parody:0.32625
dreamlike:0.323
sacrifice:0.3205
vengeance:0.318
bad ending:0.31425
slapstick:0.31325
