sci-fi:0.96875
special effects:0.87675
sci fi:0.8735
scifi:0.85425
bad acting:0.8445
satirical:0.84
satire:0.83025
weapons:0.8245
original:0.82325
alien:0.79775
aliens:0.788
franchise:0.7485
sequels:0.74125
science fiction:0.738
teleportation:0.70975
bad cgi:0.70225
futuristic:0.69375
god:0.68375
space:0.67825
cgi:0.67175
bad plot:0.67175
so bad it's funny:0.67
big budget:0.66925
horrible:0.667
predictable:0.6565
sequel:0.57975
action:0.5775
effects:0.5705
lame:0.559
fascism:0.558
first contact:0.5545
amy smart:0.54325
pointless:0.5285
dialogue:0.5145
awful:0.51425
idiotic:0.4965
ridiculous:0.4925
bad:0.4785
disaster:0.47625
bad script:0.47075
computer game:0.47075
good sequel:0.47
religion:0.4685
campy:0.46025
war:0.45775
pulp:0.456
crappy sequel:0.452
utopia:0.4515
absurd:0.44575
story:0.44575
alien invasion:0.44325
catastrophe:0.4395
writers:0.4225
overrated:0.42025
mars:0.41675
natural disaster:0.41025
great ending:0.409
mentor:0.399
allegory:0.39175
dynamic cgi action:0.38925
low budget:0.3885
stranded:0.383
good action:0.38175
fight scenes:0.37325
fantasy world:0.3715
shallow:0.362
great:0.36025
good:0.35775
brutality:0.35475
violence:0.35275
military:0.34825
brainwashing:0.3335
not funny:0.33275
parody:0.332
cheesy:0.3265
entirely dialogue:0.325
sexy:0.32375
melancholic:0.319
action packed:0.31425
cloning:0.306
clones:0.30525
storytelling:0.30375
justice:0.30275
adventure:0.30075
silly:0.29725
stupid:0.297
series:0.29525
android(s)/cyborg(s):0.29525
adaptation:0.2935
betrayal:0.2905
unfunny:0.2895
camp:0.28875
fantasy:0.28825
excellent script:0.28575
twist ending:0.28525
islam:0.284
destiny:0.2785
cult classic:0.27825
bad science:0.2775
propaganda:0.276
