reflective:0.96325
masterpiece:0.94775
complex:0.934
adultery:0.93175
criterion:0.923
obsession:0.8995
poland:0.87475
golden palm:0.86825
meditative:0.8625
storytelling:0.85725
melancholic:0.857
imdb top 250:0.854
loneliness:0.84375
intimate:0.8305
complex characters:0.82275
oscar (best directing):0.8175
enigmatic:0.80325
black and white:0.7925
cerebral:0.78675
oscar (best actress):0.77375
intellectual:0.76325
great acting:0.755
talky:0.75475
series:0.7525
social commentary:0.751
long:0.7505
relationships:0.749
melancholy:0.74725
great ending:0.73175
poignant:0.72775
bleak:0.727
downbeat:0.721
oscar (best foreign language film):0.712
cinematography:0.70725
existentialism:0.705
solitude:0.69375
original:0.69175
trilogy:0.6835
dramatic:0.68175
breathtaking:0.6655
grim:0.6625
character study:0.65825
heartbreaking:0.64875
thought-provoking:0.639
art:0.632
philosophical:0.63075
movielens top pick:0.6295
childhood:0.62375
censorship:0.59375
catholicism:0.59075
spying:0.58825
unusual plot structure:0.586
bittersweet:0.5795
oscar (best supporting actress):0.5765
life & death:0.5605
forceful:0.55875
affectionate:0.55375
suprisingly clever:0.5535
beautifully filmed:0.55175
depression:0.5475
voyeurism:0.54725
mentor:0.54075
love:0.53975
hospital:0.5385
great:0.5365
god:0.53
exceptional acting:0.52775
photography:0.5225
death:0.51975
passionate:0.5195
guilt:0.518
life philosophy:0.51675
runaway:0.514
excellent script:0.5125
oscar (best writing - screenplay written directly for the screen):0.50275
tragedy:0.49925
drama:0.49925
entirely dialogue:0.49875
tense:0.4955
idealism:0.49475
dialogue:0.4905
weird:0.48525
multiple storylines:0.484
pornography:0.483
psychological:0.4805
philosophy:0.47775
atmospheric:0.47725
humanity:0.47725
infidelity:0.4755
greed:0.4665
perfect:0.46525
harsh:0.4625
depressing:0.46025
doctors:0.45625
emotional:0.4445
catastrophe:0.44
cynical:0.438
complicated:0.42825
oscar (best cinematography):0.41775
compassionate:0.41725
