kung fu:0.98925
martial arts:0.9685
dark humor:0.9225
comedy:0.90575
hong kong:0.90075
cooking:0.8855
spoof:0.879
absurd:0.87875
fun movie:0.8785
hilarious:0.86625
humorous:0.858
irreverent:0.836
silly:0.829
humor:0.795
goofy:0.787
funny:0.77425
great dialogue:0.77125
witty:0.76875
stunning:0.7685
satire:0.75175
light:0.7515
criterion:0.71375
life & death:0.71275
obsession:0.7105
original:0.69825
parody:0.6955
funniest movies:0.68925
ironic:0.68575
foreign:0.68025
screwball:0.65875
very funny:0.6495
redemption:0.6445
costume drama:0.642
corruption:0.6395
satirical:0.63725
social commentary:0.63325
affectionate:0.6235
creativity:0.61025
childhood:0.60725
storytelling:0.58475
assassination:0.5765
slapstick:0.57
culture clash:0.56
great:0.56
mentor:0.555
good soundtrack:0.5455
masterpiece:0.537
talky:0.536
movielens top pick:0.52975
oscar (best supporting actress):0.52675
suprisingly clever:0.5245
oscar (best directing):0.52125
aardman studios:0.52025
runaway:0.51575
life philosophy:0.51475
ninja:0.5085
cinematography:0.50825
gunfight:0.508
stylized:0.49475
harsh:0.49425
pg-13:0.4915
eccentricity:0.489
bdsm:0.4885
hillarious:0.48125
dialogue:0.473
censorship:0.4695
quirky:0.46825
china:0.462
unusual plot structure:0.45375
drama:0.45275
greed:0.4505
fun:0.44975
wuxia:0.44975
beautiful scenery:0.44875
unfunny:0.44725
british:0.44425
violence:0.44225
twists & turns:0.43575
weapons:0.4345
art:0.434
race issues:0.42675
adaptation:0.424
oscar (best foreign language film):0.42
crime gone awry:0.41925
photography:0.417
bowling:0.41375
fight scenes:0.41
father daughter relationship:0.40775
funny as hell:0.4015
great movie:0.39975
catastrophe:0.3985
nudity (full frontal - brief):0.3975
nudity (topless - notable):0.39
passionate:0.38925
sarcasm:0.38775
visually stunning:0.387
stand-up comedy:0.38525
quotable:0.3835
dark comedy:0.381
story:0.37825
