imdb top 250:0.9775
based on a play:0.956
oscar (best supporting actress):0.9435
imaginary friend:0.93875
heartwarming:0.93525
psychiatry:0.932
eccentricity:0.9195
classic:0.91625
feel-good:0.90275
sweet:0.89
mental illness:0.88
comedy:0.854
drinking:0.846
great acting:0.83875
feel good movie:0.834
oscar (best actress):0.831
talky:0.822
oscar (best directing):0.82175
original:0.8155
black and white:0.81175
friendship:0.806
unlikely friendships:0.80075
whimsical:0.8005
rabbits:0.77825
idealism:0.772
witty:0.75575
compassionate:0.75525
affectionate:0.7545
good:0.74775
loneliness:0.74725
mentor:0.74325
oscar winner:0.73725
nostalgic:0.7315
social commentary:0.7295
screwball comedy:0.705
oscar:0.696
touching:0.685
small town:0.6735
dramatic:0.67125
dialogue:0.66875
insanity:0.66675
earnest:0.6585
chase:0.657
life philosophy:0.65625
destiny:0.63275
great movie:0.6325
movielens top pick:0.62375
great:0.623
clever:0.609
story:0.5975
bittersweet:0.595
light:0.59475
interesting:0.59325
childhood:0.5915
drama:0.59125
prejudice:0.58625
afi 100 (laughs):0.58575
oscar (best supporting actor):0.585
sentimental:0.58125
philosophy:0.5735
quotable:0.571
great ending:0.57
greed:0.56825
mythology:0.566
funny as hell:0.56525
highly quotable:0.56475
good acting:0.56075
literature:0.5585
existentialism:0.55825
oscar (best picture):0.55725
fun movie:0.5555
oscar (best actor):0.5555
fighting the system:0.549
excellent script:0.5485
criterion:0.545
transformation:0.544
depression:0.54
runaway:0.53375
redemption:0.52875
very good:0.52675
narrated:0.526
culture clash:0.52525
storytelling:0.52
good soundtrack:0.51925
honest:0.516
funny:0.511
adaptation:0.50775
adapted from:book:0.506
poignant:0.50325
melancholy:0.50025
life & death:0.5
humorous:0.4865
doctors:0.4785
screwball:0.4765
cult classic:0.47625
race issues:0.47475
character study:0.46875
family:0.46875
fantasy world:0.4675
afi 100 (movie quotes):0.4645
