multiple storylines:0.97275
imdb top 250:0.957
visually appealing:0.94975
great acting:0.9425
ensemble cast:0.93725
redemption:0.92675
loneliness:0.9175
storytelling:0.914
long:0.891
complex:0.8815
melancholy:0.8755
cathartic:0.86925
original:0.86925
weird:0.865
depression:0.865
drug addiction:0.863
bleak:0.86075
talky:0.85425
good soundtrack:0.841
emotional:0.82375
relationships:0.81925
great ending:0.8185
melancholic:0.80625
powerful ending:0.805
cerebral:0.79725
nonlinear:0.79425
existentialism:0.7915
social commentary:0.78875
intimate:0.78675
narrated:0.782
stylized:0.778
masterpiece:0.77725
great soundtrack:0.77275
interesting:0.77025
enigmatic:0.75875
dialogue:0.7515
love:0.741
reflective:0.739
pornography:0.727
oscar (best supporting actor):0.72675
poignant:0.72525
oscar (best directing):0.72425
golden palm:0.7185
mindfuck:0.71225
drugs:0.704
philosophy:0.70275
too long:0.70225
cynical:0.7005
awesome soundtrack:0.697
drug abuse:0.69425
intellectual:0.68975
artsy:0.68475
life & death:0.684
off-beat comedy:0.684
thought-provoking:0.683
life philosophy:0.6755
dark humor:0.674
complicated:0.668
downbeat:0.6655
criterion:0.664
character study:0.66025
good acting:0.65275
visually stunning:0.64725
complex characters:0.64475
pretentious:0.64475
pointless:0.64325
excellent script:0.6405
greed:0.64025
adultery:0.63475
intense:0.63075
depressing:0.63075
cinematography:0.62225
obsession:0.61875
clever:0.6155
addiction:0.61275
very interesting:0.6125
meditative:0.6075
twists & turns:0.60425
oscar (best writing - screenplay written directly for the screen):0.597
surreal:0.59575
dysfunctional family:0.5945
coen bros:0.59125
drama:0.58925
exceptional acting:0.587
philosophical:0.5865
death:0.5755
amazing photography:0.5665
honest:0.5625
guilt:0.5495
crime gone awry:0.5455
oscar (best picture):0.545
natural disaster:0.5445
harsh:0.542
entirely dialogue:0.5405
visceral:0.5405
drinking:0.54025
nudity (topless - brief):0.53575
brutality:0.53375
movielens top pick:0.53325
dark:0.53325
