remake:0.96375
sci-fi:0.9595
sci fi:0.94475
space:0.92375
future:0.902
science fiction:0.9
astronauts:0.89325
scifi:0.8925
big budget:0.88925
special effects:0.8875
original:0.88525
end of the world:0.88375
space travel:0.861
plot holes:0.854
alternate reality:0.83725
jungle:0.8205
technology:0.82025
humanity:0.81925
dynamic cgi action:0.7805
original plot:0.77
predictable:0.75025
bad ending:0.73575
adventure:0.7345
visually stunning:0.73375
natural disaster:0.7295
great ending:0.714
catastrophe:0.71175
slavery:0.71025
first contact:0.68975
story:0.68475
dystopia:0.67
action:0.6675
lone hero:0.667
twist ending:0.6625
survival:0.65325
visually appealing:0.6485
genetics:0.6425
desert:0.6375
futuristic:0.63275
good:0.632
surprise ending:0.62425
dialogue:0.62075
pg-13:0.614
horrible:0.6135
destiny:0.608
sequel:0.60625
time loop:0.59575
visual:0.593
post-apocalyptic:0.59175
time travel:0.58775
franchise:0.58775
crappy sequel:0.57875
bad acting:0.5575
mentor:0.55175
plot:0.5495
sequels:0.546
bad plot:0.536
silly:0.52775
science:0.52425
so bad it's funny:0.51775
shallow:0.5005
allegory:0.498
pointless:0.49275
bad cgi:0.49
bad science:0.49
cloning:0.4845
chase:0.48225
evolution:0.4745
revolution:0.464
fight scenes:0.45625
violence:0.44825
suspense:0.4435
storytelling:0.44125
stranded:0.4385
happy ending:0.4355
greed:0.43175
great:0.428
lame:0.427
disaster:0.422
fantasy:0.41725
betrayal:0.4145
entertaining:0.414
dinosaurs:0.408
adaptation:0.407
fantasy world:0.40025
unfunny:0.39975
transformation:0.39725
brutality:0.395
stupid:0.39425
action packed:0.39425
alternate universe:0.392
script:0.37725
intelligent sci-fi:0.377
post apocalyptic:0.37425
race:0.3725
bad script:0.36925
mythology:0.36675
not funny:0.36675
effects:0.363
dystopic future:0.3625
