monsters:0.95825
monster:0.95625
gothic:0.95575
mad scientist:0.942
horror:0.90225
good sequel:0.88
original:0.769
creepy:0.71275
franchise:0.7085
goth:0.68325
allegory:0.682
nocturnal:0.6555
scary:0.63325
great:0.60025
series:0.5695
classic:0.56375
transformation:0.556
sequels:0.5355
atmospheric:0.53325
suspense:0.53075
great movie:0.52875
macabre:0.5275
eerie:0.5065
hospital:0.50175
doctors:0.48475
stylized:0.4795
revenge:0.4785
great ending:0.473
dialogue:0.4445
unusual plot structure:0.43975
runaway:0.43325
stop motion:0.43225
story:0.431
dark hero:0.41225
alternate reality:0.40775
mentor:0.40525
mars:0.401
demons:0.39525
vengeance:0.38825
great acting:0.386
alter ego:0.38375
stop-motion:0.383
adaptation:0.37625
not funny:0.3635
catastrophe:0.362
ghosts:0.35475
criterion:0.354
werewolf:0.34975
tragedy:0.34725
mummy:0.346
vampire human love:0.345
life & death:0.3415
camp:0.33975
cinematography:0.33825
stylish:0.338
new jersey:0.33575
cult film:0.3335
imdb top 250:0.33275
grim:0.33225
oscar (best effects - visual effects):0.331
fantasy world:0.322
dark:0.32175
weird:0.32
storytelling:0.319
sequel:0.318
suspenseful:0.318
dark fantasy:0.3175
affectionate:0.31525
family:0.314
light:0.31325
melancholic:0.3115
grindhouse:0.30325
sacrifice:0.299
murder:0.29875
redemption:0.297
ghosts/afterlife:0.295
brutality:0.294
cult classic:0.294
tense:0.29375
family drama:0.29375
effects:0.29175
devil:0.28875
death:0.28675
bullying:0.2855
depp & burton:0.28375
good:0.28175
fun movie:0.27975
zombie:0.27925
first contact:0.27775
good soundtrack:0.27775
sci fi:0.2775
violence:0.277
small town:0.273
oscar (best directing):0.27275
visual:0.27
police investigation:0.26875
drinking:0.26775
blood:0.2675
harsh:0.266
visually appealing:0.26525
