action:0.95275
good action:0.937
comedy:0.77825
action packed:0.7265
so bad it's funny:0.71725
mentor:0.7075
buddy movie:0.69625
car chase:0.69125
predictable:0.691
weapons:0.67325
fight scenes:0.6535
original:0.63425
fast paced:0.629
big budget:0.604
chase:0.58975
arms dealer:0.57925
espionage:0.553
cia:0.55075
catastrophe:0.532
stupid:0.529
entertaining:0.5235
lone hero:0.51825
bad:0.5155
kidnapping:0.5015
fun movie:0.4995
good:0.48825
unfunny:0.471
spying:0.46625
dialogue:0.4605
bad acting:0.45275
silly:0.45225
bad script:0.4505
hip hop:0.44925
lame:0.436
better than expected:0.43325
bad plot:0.42675
stupidity:0.42475
very funny:0.42425
awful:0.416
runaway:0.40625
funny:0.3935
vengeance:0.39275
secret service:0.391
nuclear bomb:0.38575
melancholic:0.38575
great ending:0.38125
pg-13:0.3805
great:0.37575
idiotic:0.3695
internet:0.3675
life philosophy:0.364
disaster:0.36375
stereotypes:0.3625
spy:0.35975
not funny:0.33575
horrible:0.33425
plot:0.3295
bombs:0.32875
brutality:0.32775
sexy:0.323
crude humor:0.31625
fantasy world:0.31275
first contact:0.3115
cool:0.31075
nudity (full frontal - brief):0.30575
twists & turns:0.30575
adaptation:0.305
culture clash:0.30275
good soundtrack:0.30225
natural disaster:0.302
gunfight:0.3015
explosions:0.297
corruption:0.29575
overrated:0.294
secrets:0.2935
superheroes:0.2855
assassins:0.2825
story:0.28175
humorous:0.27675
storytelling:0.276
entirely dialogue:0.273
absurd:0.2725
visually stunning:0.27225
plot holes:0.272
police investigation:0.2715
destiny:0.27125
spies:0.26675
fun:0.26625
exciting:0.2625
adventure:0.262
bad ending:0.2615
pornography:0.261
unrealistic:0.25925
silly fun:0.25925
no plot:0.25625
family:0.25575
franchise:0.25575
stupid as hell:0.2545
suspense:0.25175
redemption:0.251
