space:0.9955
sci-fi:0.9955
scifi:0.994
space travel:0.99375
sci fi:0.98675
science fiction:0.97425
alien:0.9665
astronauts:0.94925
aliens:0.94375
claustrophobic:0.925
horror:0.9225
intelligent sci-fi:0.909
futuristic:0.908
future:0.896
mutants:0.86525
post-apocalyptic:0.855
twist ending:0.84175
post apocalyptic:0.83275
original:0.813
survival:0.8075
plot twist:0.80625
first contact:0.8035
memory loss:0.798
insanity:0.782
mars:0.7705
great ending:0.7665
amnesia:0.7535
cerebral:0.744
mindfuck:0.741
atmospheric:0.726
twists & turns:0.72325
action:0.7115
twist:0.71075
technology:0.71025
storytelling:0.70525
visual:0.69925
special effects:0.69475
paranoia:0.685
monster:0.664
weird:0.6565
psychological:0.652
solitude:0.64775
story:0.64425
plot:0.64325
intense:0.64275
suspense:0.623
science:0.616
visually appealing:0.59925
clones:0.594
plot holes:0.5915
apocalypse:0.5895
cloning:0.588
good acting:0.5875
cult film:0.5775
dark:0.57425
visually stunning:0.57375
allegory:0.56375
low budget:0.56275
scary:0.5615
alien invasion:0.55625
monsters:0.5545
clever:0.54975
gory:0.549
tense:0.547
effects:0.54575
good:0.542
suspenseful:0.53975
existentialism:0.53925
cinematography:0.52975
destiny:0.5165
catastrophe:0.51625
thriller:0.51575
memory:0.5115
original plot:0.5075
dialogue:0.493
underrated:0.4905
humanity:0.488
transformation:0.48675
weapons:0.48625
great:0.48575
big budget:0.477
psychology:0.47475
great acting:0.4715
bad science:0.46625
cult classic:0.464
dystopic future:0.4625
predictable:0.44975
bad ending:0.4465
fight scenes:0.4445
creativity:0.443
end of the world:0.44275
beautiful scenery:0.44
scifi cult:0.43025
enigmatic:0.4295
eerie:0.42825
blood:0.42375
interesting:0.42175
brutality:0.4215
unusual plot structure:0.4215
better than expected:0.41975
