horror:0.99675
splatter:0.931
creepy:0.92725
serial killer:0.91225
original:0.907
scary:0.8915
supernatural:0.861
slasher:0.85975
voodoo:0.83325
goofy:0.776
murder:0.757
cult film:0.74825
cult classic:0.71775
silly fun:0.7125
fun movie:0.693
suspense:0.6875
good:0.68125
80s:0.6585
gory:0.6565
demons:0.64125
franchise:0.6245
special effects:0.621
suspenseful:0.62
death:0.609
frightening:0.602
violence:0.57775
effects:0.57675
police investigation:0.5755
mentor:0.5515
bloody:0.549
grindhouse:0.527
teens:0.52425
brutality:0.5195
monster:0.5065
halloween:0.50475
transformation:0.5005
off-beat comedy:0.49725
not as good as the first:0.493
dark fantasy:0.4925
great ending:0.4875
revenge:0.47725
predictable:0.47325
gruesome:0.46325
cult:0.46325
goretastic:0.46275
blood:0.458
catastrophe:0.4575
detective:0.44825
great:0.44425
very good:0.43875
storytelling:0.437
violent:0.42725
devil:0.41975
zombie:0.4115
toys:0.40875
vengeance:0.407
homeless:0.40275
weird:0.39925
eerie:0.39025
chase:0.38825
camp:0.3855
good soundtrack:0.3845
dialogue:0.3845
gore:0.38425
nudity (full frontal - notable):0.3835
bad ending:0.383
classic:0.3785
low budget:0.3745
original plot:0.37375
great movie:0.36825
fun:0.3675
hospital:0.36725
tense:0.366
silly:0.3535
runaway:0.34975
imdb top 250:0.33825
overrated:0.338
so bad it's funny:0.3365
campy:0.335
stylish:0.33175
melancholic:0.32575
cool:0.32525
1980s:0.324
monsters:0.32375
childhood:0.3215
macabre:0.3155
adaptation:0.31525
gangsters:0.31375
sexualized violence:0.311
spiders:0.30925
first contact:0.30825
atmospheric:0.30825
classic car:0.3
intense:0.3
fantasy world:0.2995
pornography:0.29775
great acting:0.29325
story:0.2925
life philosophy:0.29225
parenthood:0.29175
