unusual plot structure:0.71525
original:0.617
pornography:0.568
women:0.5525
satirical:0.534
nudity (full frontal - brief):0.50725
redemption:0.50075
period piece:0.49
london:0.47075
farce:0.46125
prostitution:0.44925
catastrophe:0.43425
england:0.434
mentor:0.42625
screwball:0.4255
comedy:0.41675
vengeance:0.394
alter ego:0.388
pg-13:0.35575
adapted from:book:0.35575
costume drama:0.35
great ending:0.3475
fun movie:0.3365
great:0.3345
good:0.32175
screwball comedy:0.3215
life philosophy:0.314
clever:0.31325
dialogue:0.30925
affectionate:0.303
manipulation:0.303
fantasy world:0.29925
culture clash:0.29075
british:0.28775
predictable:0.285
comic:0.28375
africa:0.2815
fight scenes:0.27725
excellent script:0.2765
surreal:0.27575
storytelling:0.27225
interesting:0.27175
lone hero:0.271
satire:0.26875
entertaining:0.26525
police investigation:0.2625
adaptation:0.25825
entirely dialogue:0.25425
first contact:0.25
distopia:0.24775
movielens top pick:0.2445
not funny:0.239
absurd:0.2385
overrated:0.236
torture:0.23225
mars:0.23175
silly:0.23125
happy ending:0.23
fun:0.22825
unfunny:0.22825
gay character:0.22725
so bad it's funny:0.22575
brutality:0.22475
betrayal:0.2225
very funny:0.22125
grim:0.22125
cinematography:0.2185
good soundtrack:0.21825
parallel universe:0.2145
romance:0.2135
quirky:0.21175
secrets:0.21175
passionate:0.21125
doctors:0.211
enigmatic:0.21
sci fi:0.20975
social commentary:0.20825
dramatic:0.206
cerebral:0.20475
runaway:0.20475
kidnapping:0.20425
corruption:0.2035
oscar (best directing):0.198
destiny:0.1975
imdb top 250:0.19575
oscar (best actress):0.19525
earnest:0.19475
books:0.1905
great acting:0.19
series:0.18925
british comedy:0.1885
beautiful scenery:0.188
suprisingly clever:0.187
inspirational:0.1865
bad plot:0.18625
world politics:0.1845
slapstick:0.183
twists & turns:0.1825
touching:0.179
family drama:0.1775
