serial killer:0.95525
original:0.85625
psychological:0.85025
independent film:0.8485
very interesting:0.7925
complex:0.755
psychology:0.7505
interesting:0.74075
small town:0.713
good soundtrack:0.70925
quirky:0.69225
weird:0.687
dialogue:0.687
violence:0.67
suspense:0.66725
eccentricity:0.65775
dark:0.6485
greed:0.64175
thought-provoking:0.635
disturbing:0.634
violent:0.62475
mental illness:0.6215
stylish:0.60925
pornography:0.5965
relationships:0.58775
boring!:0.57825
great ending:0.576
secrets:0.57425
reflective:0.57275
good acting:0.54975
murder:0.54975
thriller:0.546
excellent script:0.54
shallow:0.53575
pointless:0.5275
clever:0.5275
obsession:0.52325
social commentary:0.523
character study:0.52
crime gone awry:0.519
great acting:0.51625
enigmatic:0.5145
story:0.51225
brutality:0.50975
talky:0.50875
narrated:0.5055
insanity:0.501
mentor:0.49675
suspenseful:0.49675
redemption:0.49025
existentialism:0.47625
twist:0.473
stylized:0.471
melancholic:0.466
writers:0.46325
visually appealing:0.46325
corruption:0.462
entirely dialogue:0.462
murder mystery:0.46025
ensemble cast:0.4585
life philosophy:0.45725
mindfuck:0.45675
twists & turns:0.4545
paranoia:0.44325
destiny:0.44275
fantasy world:0.4425
off-beat comedy:0.4405
storytelling:0.43525
hard to watch:0.4335
sexualized violence:0.43275
police investigation:0.43275
complicated:0.43025
directorial debut:0.43025
catastrophe:0.42925
good versus evil:0.42725
pretentious:0.42025
predictable:0.418
adaptation:0.41575
loneliness:0.40075
gangsters:0.4005
death:0.39975
watch the credits:0.39775
artsy:0.397
plot:0.3955
good:0.3945
absurd:0.39275
bad ending:0.389
ironic:0.38625
great dialogue:0.383
addiction:0.38025
hitman:0.37775
dysfunctional family:0.377
depression:0.37425
internet:0.37275
unusual plot structure:0.3725
scary:0.3715
multiple storylines:0.36825
culture clash:0.36825
intellectual:0.36575
nudity (full frontal - notable):0.359
