finnish:0.9965
president:0.991
secret service:0.969
action:0.92625
good action:0.91075
fun movie:0.77425
snakes:0.76225
plot holes:0.7395
original:0.73875
hunting:0.707
predictable:0.6995
kidnapping:0.6925
chase:0.67775
adventure:0.66375
absurd:0.6395
80s:0.6375
runaway:0.62375
so bad it's funny:0.60375
dialogue:0.5865
suspense:0.5725
lone hero:0.5655
pg-13:0.565
weapons:0.556
mentor:0.555
explosions:0.54675
ridiculous:0.536
special effects:0.52475
good soundtrack:0.5175
story:0.51
action packed:0.50825
great ending:0.504
bad acting:0.50025
first contact:0.49375
silly fun:0.4875
wilderness:0.47825
conspiracy:0.4745
drama:0.46925
melancholic:0.462
violence:0.4585
fun:0.455
family:0.45375
quirky:0.434
bad script:0.433
feel-good:0.43
entertaining:0.427
childhood:0.42625
assassination:0.425
destiny:0.4145
terrorism:0.4075
catastrophe:0.405
assassin:0.40375
silly:0.40175
nostalgic:0.398
vengeance:0.39775
bad:0.3915
fantasy world:0.39025
simple:0.3895
exciting:0.38375
survival:0.38175
life & death:0.38
not funny:0.378
cinematography:0.3735
bad plot:0.37125
cheesy:0.3695
overrated:0.3685
fight scenes:0.36325
loneliness:0.3585
pointless:0.35825
storytelling:0.3555
violent:0.353
revenge:0.34925
fantasy:0.347
bad ending:0.346
assassins:0.3405
visually appealing:0.336
entirely dialogue:0.33375
plot:0.3325
brutality:0.32775
coming of age:0.32625
pulp:0.32225
redemption:0.32125
good:0.31825
cult classic:0.318
grindhouse:0.3135
car chase:0.31025
classic car:0.30775
harsh:0.3055
bad cgi:0.305
writers:0.30275
culture clash:0.30275
visual:0.302
coming-of-age:0.30075
police investigation:0.29925
tricky:0.295
sci fi:0.295
stylized:0.29425
natural disaster:0.294
twist ending:0.29375
fast paced:0.2895
dumb but funny:0.28725
