tokyo:0.93075
better than the american version:0.92875
original:0.83125
monster:0.806
franchise:0.80525
japan:0.80125
weapons:0.7355
monsters:0.7085
special effects:0.70775
natural disaster:0.696
sequels:0.66075
bad plot:0.5805
sequel:0.5525
nuclear:0.53375
cold war:0.50925
series:0.50025
mentor:0.4955
dialogue:0.49425
catastrophe:0.49
brutality:0.482
great ending:0.45725
predictable:0.43075
goofy:0.4305
campy:0.41325
fantasy world:0.4095
allegory:0.40675
superhero:0.39775
mutants:0.3935
nuclear war:0.3815
crappy sequel:0.38125
fight scenes:0.37925
super hero:0.376
great:0.3675
transformation:0.3605
submarine:0.35975
superheroes:0.35875
not funny:0.3575
so bad it's funny:0.35025
immortality:0.349
80s:0.348
adaptation:0.34225
sci fi:0.3295
good soundtrack:0.32475
violence:0.3205
story:0.32025
pointless:0.31975
first contact:0.3165
entirely dialogue:0.3145
action:0.3035
good:0.30225
super-hero:0.2965
good action:0.29275
dinosaurs:0.2915
life philosophy:0.29
criterion:0.285
storytelling:0.28325
culture clash:0.28325
cult film:0.2815
paranoid:0.27775
overrated:0.2765
pornography:0.27575
remake:0.2725
melancholic:0.27175
grindhouse:0.271
tricky:0.27
suspense:0.26975
good sequel:0.26925
vengeance:0.26875
silly fun:0.26875
cool:0.2665
redemption:0.26475
big budget:0.264
russian:0.264
family:0.2635
lone hero:0.2635
island:0.263
disaster:0.25975
quirky:0.259
nudity (full frontal - brief):0.25825
revenge:0.2575
japanese:0.257
unusual plot structure:0.256
mad scientist:0.2555
dark hero:0.25525
runaway:0.25175
sexualized violence:0.24575
suprisingly clever:0.24525
atmospheric:0.2415
fighting:0.24025
fun movie:0.24
dynamic cgi action:0.2395
very funny:0.238
boring:0.2375
childhood:0.2365
fun:0.23625
camp:0.23175
nocturnal:0.23125
twists & turns:0.22875
silly:0.226
pg-13:0.2245
