talking animals:0.9975
animals:0.99675
animal movie:0.9065
comedy:0.8705
predictable:0.81125
lone hero:0.7545
animated:0.7405
funny:0.73925
original:0.71975
animation:0.7145
family:0.7065
lions:0.69
kids and family:0.67325
silly:0.666
jungle:0.6635
bad plot:0.60925
unfunny:0.595
cartoon:0.5735
cute!:0.53925
crude humor:0.53575
dialogue:0.52175
horrible:0.51625
shallow:0.49575
silly fun:0.46725
very funny:0.45225
slapstick:0.43375
catastrophe:0.43225
monkey:0.42825
entertaining:0.42175
stereotypes:0.41875
story:0.40875
pg-13:0.402
idiotic:0.40075
dumb but funny:0.4
great ending:0.39525
fun:0.39125
pointless:0.39075
so bad it's funny:0.3875
cute:0.38075
mentor:0.378
computer animation:0.37675
feel-good:0.37525
disaster:0.36625
romantic comedy:0.36525
fantasy:0.3645
overrated:0.36125
kids:0.3435
first contact:0.3385
feel good movie:0.338
franchise:0.33775
lame:0.33525
life philosophy:0.3325
sexy:0.33125
fight scenes:0.3275
boring:0.327
goofy:0.3255
romantic:0.31875
happy ending:0.3185
vengeance:0.316
redemption:0.31175
destiny:0.3115
not funny:0.31025
penguins:0.3085
natural disaster:0.30625
romance:0.304
bad cgi:0.29775
creativity:0.2965
storytelling:0.296
humorous:0.2955
fun movie:0.2925
entirely dialogue:0.29175
stupid as hell:0.2915
adaptation:0.28225
police investigation:0.2765
special effects:0.276
action:0.2755
workplace:0.268
camp:0.265
children:0.26325
reflective:0.26325
brutality:0.26275
bad acting:0.25225
sci fi:0.252
absurd:0.25175
good:0.25175
big budget:0.2515
better than expected:0.2465
culture clash:0.24625
multiple storylines:0.242
ridiculous:0.23975
no plot:0.23975
bad:0.236
single father:0.23325
melancholic:0.23125
pornography:0.22575
teen movie:0.22375
adventure:0.22375
fantasy world:0.22125
great:0.2205
transformation:0.21925
