holocaust:0.997
oscar (best foreign language film):0.9905
touching:0.98325
bittersweet:0.97475
imdb top 250:0.9595
jews:0.946
world war ii:0.94
oscar (best actor):0.9395
poignant:0.93925
foreign:0.92925
emotional:0.92875
heartwarming:0.927
nazis:0.91475
love:0.91175
survival:0.911
camp:0.9095
sentimental:0.90675
tragedy:0.8995
wwii:0.8955
comedy:0.893
dramatic:0.89275
nazi:0.8885
oscar winner:0.88775
heartbreaking:0.88325
storytelling:0.8825
love story:0.87625
sad but good:0.8725
masterpiece:0.87225
oscar (best directing):0.864
sacrifice:0.8535
beautifully filmed:0.85275
original:0.846
fascism:0.84325
sad:0.833
courage:0.82025
father son relationship:0.819
tear jerker:0.81325
oscar (best picture):0.813
excellent script:0.80325
drama:0.803
poland:0.80125
visually stunning:0.795
beautiful scenery:0.7895
feel-good:0.7895
life:0.78
inspirational:0.77925
mentor:0.778
great ending:0.77225
movielens top pick:0.77025
good:0.76875
anti-semitism:0.7675
great acting:0.76725
oscar:0.764
destiny:0.75825
narrated:0.75325
life & death:0.74925
social commentary:0.748
whimsical:0.7455
honest:0.74175
compassionate:0.74175
imagination:0.737
powerful ending:0.736
earnest:0.73425
childhood:0.7325
good acting:0.7305
wartime:0.725
realistic:0.72175
jewish:0.71975
affectionate:0.717
genocide:0.7115
death:0.70875
story:0.7065
father-son relationship:0.69875
feel good movie:0.69625
war:0.69575
life philosophy:0.69125
humorous:0.68425
philosophy:0.6785
humor:0.6755
oscar (best actress):0.6715
idealism:0.66975
beautiful:0.66525
pg-13:0.665
sweet:0.65975
intense:0.65975
us history:0.655
reflective:0.65425
romantic:0.64725
very funny:0.63575
funny:0.631
judaism:0.6305
inspiring:0.62775
clever:0.62775
moving:0.62175
catastrophe:0.6205
light:0.61975
culture clash:0.61825
interesting:0.61775
great movie:0.61625
happy ending:0.6135
