violence:0.991
action:0.9875
violent:0.984
brutality:0.978
good action:0.9585
bloody:0.9465
action packed:0.926
vengeance:0.92575
realistic action:0.9185
visceral:0.9095
gratuitous violence:0.906
weapons:0.892
jungle:0.8885
brutal:0.88
lone hero:0.877
splatter:0.874
gore:0.8525
gory:0.84425
graphic novel:0.8145
chase:0.8
war:0.786
blood:0.78525
gunfight:0.77125
intense:0.745
fight scenes:0.73925
guns:0.7345
explosions:0.709
original:0.709
fast paced:0.70825
revenge:0.7065
torture:0.695
franchise:0.685
foul language:0.68325
rape:0.68275
survival:0.68
dialogue:0.66675
mentor:0.659
genocide:0.6465
great ending:0.638
pg-13:0.63625
highly quotable:0.617
moral ambiguity:0.60725
harsh:0.606
snakes:0.60425
death:0.5875
dark hero:0.58525
good:0.5795
vigilante:0.5645
sexualized violence:0.55525
grindhouse:0.54125
cool:0.54125
good soundtrack:0.53675
story:0.5355
anti-hero:0.534
redemption:0.529
80s:0.52825
fighting:0.51875
realistic:0.51725
betrayal:0.51675
pornography:0.50775
stylized:0.50775
hitman:0.50325
military:0.50075
ridiculous:0.499
murder:0.49675
civil war:0.47475
great movie:0.463
plot:0.45725
boat:0.449
storytelling:0.44875
entertaining:0.447
transformation:0.43875
gritty:0.4355
assassin:0.43225
life philosophy:0.42475
apocalypse:0.4245
predictable:0.42275
cult classic:0.42275
big budget:0.4165
culture clash:0.41575
special effects:0.4135
camp:0.40575
great:0.4035
justice:0.40275
better than expected:0.39975
bad acting:0.3985
arms dealer:0.38925
catastrophe:0.38925
suspense:0.38725
classic car:0.378
pulp:0.377
over the top:0.373
drinking:0.37275
gangs:0.37175
superheroes:0.37075
best war films:0.37075
runaway:0.3665
car chase:0.366
honest:0.3605
assassination:0.35825
