british comedy:0.99625
marijuana:0.99125
comedy:0.957
england:0.93925
british:0.92175
feel-good:0.91325
london:0.88575
funny:0.87825
secrets:0.86475
feel good movie:0.84175
weed:0.84175
original:0.74325
hilarious:0.7155
very funny:0.71375
happy ending:0.6885
humorous:0.68775
light:0.68325
story:0.6805
clever:0.64075
good:0.639
witty:0.6355
humor:0.62175
storytelling:0.61775
pg-13:0.6125
great acting:0.60975
beautiful scenery:0.605
funniest movies:0.58575
great:0.57875
great ending:0.56575
drama:0.5565
plot:0.5525
mentor:0.55
good acting:0.5395
fun movie:0.5285
tricky:0.52675
destiny:0.51875
greed:0.50725
culture clash:0.50425
dialogue:0.4905
funny as hell:0.48825
oscar:0.48025
absurd:0.47875
good soundtrack:0.47825
suprisingly clever:0.477
drugs:0.471
catastrophe:0.471
farce:0.464
very good:0.45325
quirky:0.44575
excellent script:0.4405
beautifully filmed:0.43975
small town:0.434
interesting:0.4275
betrayal:0.42425
fun:0.424
touching:0.414
idealism:0.412
social commentary:0.41
visually stunning:0.40525
dramatic:0.404
excellent:0.402
police investigation:0.40125
prejudice:0.3975
adaptation:0.3935
ensemble cast:0.38125
writers:0.38075
predictable:0.38025
entertaining:0.3705
off-beat comedy:0.3695
talky:0.3655
whimsical:0.3655
better than expected:0.36525
women:0.36425
crude humor:0.36375
movielens top pick:0.36125
adultery:0.3605
great movie:0.36
unusual plot structure:0.35775
weird:0.3575
stunning:0.3535
creativity:0.3515
twists & turns:0.34875
fantasy world:0.34775
unfunny:0.346
visually appealing:0.342
adapted from:book:0.3415
chase:0.3405
so bad it's funny:0.3395
runaway:0.3385
period piece:0.336
costume drama:0.336
heartwarming:0.33525
cute:0.32525
silly:0.32075
unlikely friendships:0.31675
downbeat:0.3145
plot twist:0.30875
sentimental:0.307
oscar (best actress):0.30675
underrated:0.30525
