horses:0.98675
oscar (best animated feature):0.96575
animation:0.935
talking animals:0.91675
animals:0.8925
native americans:0.88975
computer animation:0.87425
indians:0.864
lone hero:0.797
animated:0.71525
narrated:0.71025
animal movie:0.68875
girlie movie:0.6725
cartoon:0.663
original:0.6435
lions:0.63225
beautiful scenery:0.60925
story:0.601
family:0.589
disney:0.577
visually stunning:0.559
children:0.55125
destiny:0.53125
good:0.52425
stereotypes:0.51525
good soundtrack:0.5095
predictable:0.48575
dialogue:0.48275
mentor:0.466
catastrophe:0.46175
great ending:0.4555
storytelling:0.44925
great:0.433
childhood:0.42425
stunning:0.4235
dreamworks:0.42225
cute!:0.401
boring:0.4005
adventure:0.39125
culture clash:0.385
creativity:0.3755
freedom:0.375
fantasy world:0.366
happy ending:0.352
inspirational:0.35125
cute:0.3495
beautiful:0.348
reflective:0.34775
feel-good:0.3375
kids:0.3365
not funny:0.3365
spiders:0.3295
life philosophy:0.32725
transformation:0.3235
heartwarming:0.3195
feel good movie:0.3115
emotional:0.30925
visuals:0.308
love story:0.306
touching:0.30175
simple:0.2975
too short:0.2935
unlikely friendships:0.2885
runaway:0.287
music:0.2805
redemption:0.27675
friendship:0.27475
entirely dialogue:0.27275
sentimental:0.26775
first contact:0.2675
brutality:0.26725
betrayal:0.2595
musical:0.259
bad plot:0.257
chase:0.2475
camp:0.24525
tear jerker:0.243
courage:0.2425
so bad it's funny:0.242
adaptation:0.2405
jungle:0.23875
environmental:0.23875
passionate:0.23625
natural disaster:0.23425
melancholic:0.23275
light:0.226
allegory:0.22525
fight scenes:0.225
suprisingly clever:0.22225
environment:0.2205
police investigation:0.2185
very funny:0.21525
fantasy:0.21525
honest:0.21375
good action:0.21225
visually appealing:0.212
visual:0.209
overrated:0.20875
pg-13:0.208
unfunny:0.20775
