male nudity:0.99525
comedy:0.97525
highly quotable:0.967
funny:0.90575
hawaii:0.87525
hilarious:0.8725
hotel:0.83325
pornography:0.81425
very funny:0.7755
romantic comedy:0.75425
drinking:0.7285
original:0.7275
romantic:0.726
dialogue:0.72175
romance:0.70925
los angeles:0.6775
pg-13:0.674
relationships:0.672
geeks:0.6685
sex:0.666
good soundtrack:0.66075
crude humor:0.64975
quotable:0.61525
stereotypes:0.592
nudity:0.58875
humor:0.5855
clever:0.58325
chick flick:0.58025
humorous:0.57025
stoner movie:0.54975
social commentary:0.5325
goofy:0.5275
nudity (full frontal - notable):0.52325
parody:0.5215
great ending:0.51325
sarcasm:0.51275
happy ending:0.51025
off-beat comedy:0.50425
mentor:0.50325
predictable:0.49275
feel-good:0.49075
story:0.483
virginity:0.4825
sex comedy:0.47575
nudity (topless):0.4745
saturday night live:0.4735
harsh:0.47325
great:0.473
suprisingly clever:0.47025
nudity (topless - brief):0.46825
irreverent:0.46775
unfunny:0.4515
plot:0.45025
melancholic:0.44025
weird:0.439
funniest movies:0.439
absurd:0.437
storytelling:0.423
foul language:0.42125
funny as hell:0.42
drugs:0.41825
depression:0.416
culture clash:0.41525
catastrophe:0.4145
nerds:0.4135
entirely dialogue:0.41125
shallow:0.408
betrayal:0.40675
good:0.4065
unlikely friendships:0.40225
redemption:0.3995
witty:0.39675
writers:0.39425
feel good movie:0.39375
brutality:0.38825
satire:0.3855
teen movie:0.383
drama:0.382
slackers:0.38025
better than expected:0.3795
interesting:0.37725
light:0.37675
visually appealing:0.368
stupidity:0.3675
talky:0.36725
complex:0.3655
dumb:0.36325
sexual:0.361
silly:0.36
runaway:0.36
friendship:0.35825
teen:0.3575
gay character:0.35475
destiny:0.35375
honest:0.3515
great acting:0.3515
original plot:0.34925
nudity (full frontal):0.34725
loneliness:0.3465
puppets:0.3445
