futuristic:0.9915
scifi:0.9885
sci-fi:0.982
fascism:0.97425
future:0.96275
sci fi:0.9585
adapted from:book:0.94825
science fiction:0.939
weapons:0.92925
based on a book:0.9235
special effects:0.922
satire:0.92075
military:0.89925
satirical:0.87825
action:0.87125
war:0.86
space:0.8455
splatter:0.835
violence:0.83375
aliens:0.81875
effects:0.809
based on book:0.80825
good action:0.8005
parody:0.76025
original:0.756
violent:0.749
cyberpunk:0.739
social commentary:0.72875
big budget:0.72625
space opera:0.72175
alien:0.70875
gore:0.69125
brutality:0.69
space travel:0.68525
action packed:0.68075
dialogue:0.6575
dystopia:0.65625
utopia:0.6475
adaptation:0.64325
alien invasion:0.6405
wartime:0.6395
cult classic:0.63775
bloody:0.63525
gory:0.61175
allegory:0.61175
cult film:0.60975
visual:0.609
good soundtrack:0.6015
sarcasm:0.599
books:0.598
campy:0.59175
bad acting:0.59
gratuitous violence:0.5865
natural disaster:0.58
absurd:0.574
good:0.5685
technology:0.56675
so bad it's funny:0.55975
visually stunning:0.55925
distopia:0.5575
cool:0.554
catastrophe:0.548
story:0.548
great:0.54025
fight scenes:0.53925
fun movie:0.52625
visceral:0.52575
survival:0.52175
camp:0.5175
war movie:0.514
dystopic future:0.513
fighting:0.5115
pulp:0.49875
entertaining:0.4955
book:0.49025
mars:0.4825
propaganda:0.48075
visually appealing:0.48025
book was better:0.478
great ending:0.46975
brainwashing:0.46875
best war films:0.46775
coming of age:0.464
over the top:0.45975
adventure:0.45675
intense:0.45125
vengeance:0.446
first contact:0.4455
stupidity:0.44475
stylized:0.442
silly fun:0.436
silly:0.4345
shallow:0.42225
lone hero:0.41575
transformation:0.414
argentina:0.40575
nazis:0.40425
mentor:0.404
pornography:0.4025
science:0.40175
