oscar (best animated feature):0.995
animation:0.991
computer animation:0.96175
animated:0.90025
kids and family:0.89075
children:0.85725
kids:0.8565
original:0.8385
coming of age:0.79025
childhood:0.7705
fantasy world:0.746
cartoon:0.7335
stop motion:0.7325
story:0.71625
talking animals:0.7155
halloween:0.6805
pg-13:0.67925
animals:0.66675
stereotypes:0.66025
fun movie:0.65025
clever:0.64825
family:0.64175
weird:0.6385
pg:0.6205
3d:0.6095
fun:0.5845
great:0.563
storytelling:0.5605
good:0.5505
creativity:0.54
entertaining:0.53325
bullying:0.533
unlikely friendships:0.52925
runaway:0.52525
adventure:0.52325
silly fun:0.521
animal movie:0.5195
suburbia:0.509
crude humor:0.50825
great ending:0.5045
spying:0.4895
dialogue:0.48875
mentor:0.47875
stop-motion:0.4675
scary:0.46325
stylized:0.45625
redemption:0.437
destiny:0.4335
humorous:0.4275
haunted house:0.4205
predictable:0.4185
good soundtrack:0.418
claymation:0.418
monsters:0.415
transformation:0.412
cute:0.4095
catastrophe:0.40025
light:0.40025
funny:0.3835
imagination:0.3705
school:0.3685
friendship:0.366
loneliness:0.36575
intense:0.365
suspense:0.361
whimsical:0.36
cgi:0.3595
life philosophy:0.353
drinking:0.353
not funny:0.3495
twists & turns:0.3475
toys:0.3465
visuals:0.3445
great movie:0.33875
brutality:0.338
culture clash:0.329
melancholic:0.325
visual:0.32425
good versus evil:0.3225
superheroes:0.32225
teen:0.31925
alter ego:0.31875
teens:0.31875
visually appealing:0.3175
supernatural:0.31675
very funny:0.31525
witty:0.31525
fairy tale:0.31475
nostalgic:0.31275
vengeance:0.30975
writers:0.3095
dark:0.3075
firefly:0.30275
creepy:0.302
unusual plot structure:0.299
teen movie:0.29775
nocturnal:0.297
fast paced:0.296
humor:0.292
secrets:0.2905
