action:0.7265
detective:0.717
original:0.69875
good action:0.67175
gunfight:0.6695
chase:0.649
lone hero:0.60775
runaway:0.593
los angeles:0.56675
predictable:0.52075
mentor:0.51175
fbi:0.50675
police investigation:0.505
murder:0.4995
weapons:0.46375
unusual plot structure:0.4565
action packed:0.45075
investigation:0.44425
based on true story:0.4355
catastrophe:0.42125
police:0.401
satirical:0.40075
good dialogue:0.39475
80s:0.3915
suspense:0.38725
fight scenes:0.38025
crime:0.37925
redemption:0.3765
great ending:0.37475
dialogue:0.3695
gangsters:0.36575
so bad it's funny:0.36025
life philosophy:0.35675
overrated:0.3555
stereotypes:0.355
justice:0.3495
police corruption:0.34425
first contact:0.34325
violent:0.342
mob:0.34025
brutality:0.33225
violence:0.326
boston:0.32525
fantasy world:0.325
natural disaster:0.32275
cool:0.321
twist ending:0.319
family:0.31475
demons:0.31075
splatter:0.303
feel good movie:0.3025
gritty:0.30125
destiny:0.297
not funny:0.295
guns:0.29475
bad plot:0.29275
quirky:0.29175
good soundtrack:0.29125
cult film:0.29025
pulp:0.28775
intense:0.28675
corruption:0.2865
melancholic:0.2835
free speech:0.277
fast paced:0.276
entirely dialogue:0.27175
hitman:0.2715
psychiatrist:0.269
culture clash:0.2685
slapstick:0.26625
crude humor:0.2645
thriller:0.2635
hilarious:0.2625
storytelling:0.26175
sci fi:0.26125
classic:0.259
feel-good:0.2585
grindhouse:0.25825
drinking:0.258
multiple storylines:0.2535
bloody:0.25325
pornography:0.247
cult classic:0.24675
drama:0.2435
very funny:0.24325
private detective:0.2425
story:0.23925
good:0.236
adaptation:0.23575
bank robbery:0.23225
disaster:0.2315
imdb top 250:0.22975
pg-13:0.222
blindness:0.2195
excellent script:0.2195
dumb but funny:0.21775
big budget:0.2175
vengeance:0.2175
plot holes:0.21725
greed:0.217
