vigilante:0.99075
vigilantism:0.988
highly quotable:0.983
san francisco:0.97975
police:0.9755
crime:0.973
tense:0.969
serial killer:0.94975
forceful:0.94275
violent:0.92475
justice:0.92025
oscar (best directing):0.91875
gritty:0.913
violence:0.8955
moral ambiguity:0.8905
visceral:0.887
gunfight:0.88075
police investigation:0.87975
classic:0.87825
action:0.87375
mentor:0.86975
chase:0.85
good action:0.84175
thriller:0.84025
anti-hero:0.84
harsh:0.837
corruption:0.8335
cool:0.83175
suspense:0.82575
suspenseful:0.82475
brutality:0.82225
vengeance:0.818
intense:0.81725
original:0.80675
afi 100 (movie quotes):0.79425
murder:0.771
detective:0.764
runaway:0.75125
police corruption:0.7445
bank robbery:0.74075
pornography:0.7355
kidnapping:0.73525
great movie:0.7325
grim:0.7275
interesting:0.70825
imdb top 250:0.70775
dialogue:0.70125
1970s:0.7005
weapons:0.691
culture clash:0.675
assassination:0.66825
great dialogue:0.6615
quotable:0.65925
dark hero:0.64975
revenge:0.64975
realistic:0.64775
honest:0.64225
good soundtrack:0.63175
drama:0.6295
brutal:0.626
great acting:0.6135
stylish:0.6075
social commentary:0.59875
cult classic:0.5985
surveillance:0.5885
bleak:0.58825
good:0.584
torture:0.58
excellent script:0.5785
complex characters:0.575
fast paced:0.5725
action packed:0.57175
lone hero:0.571
gangsters:0.5605
great:0.5515
guns:0.54675
paranoid:0.54675
great ending:0.5465
drinking:0.53575
california:0.53
nudity (full frontal - brief):0.528
criterion:0.51875
exciting:0.50725
cult film:0.506
hitman:0.504
gangs:0.5035
adapted from:book:0.49525
insanity:0.494
stylized:0.493
story:0.49275
grindhouse:0.49175
good acting:0.4875
talky:0.47875
storytelling:0.4785
classic car:0.47575
redemption:0.47125
original plot:0.4645
cynical:0.46225
hunting:0.462
controversial:0.45925
