space opera:0.99475
franchise:0.98125
trilogy:0.97475
visually appealing:0.965
space:0.95025
star wars:0.945
big budget:0.93425
science fiction:0.92875
desert:0.9255
original:0.91275
action:0.89675
epic:0.8905
visual:0.8825
mythology:0.87175
imdb top 250:0.85975
original plot:0.859
sci fi:0.85475
good versus evil:0.84875
nostalgic:0.847
pg-13:0.846
series:0.839
great ending:0.83825
visually stunning:0.836
special effects:0.8325
sci-fi:0.8285
storytelling:0.81025
forceful:0.80975
awesome soundtrack:0.8035
dialogue:0.80125
fast paced:0.79975
good:0.7955
prequel:0.7815
story:0.77675
plot holes:0.775
visuals:0.77025
technology:0.767
good action:0.764
fighting:0.75875
great movie:0.75675
scifi:0.75525
cool:0.75025
destiny:0.74225
fantasy world:0.73975
mentor:0.7385
rebellion:0.73725
intense:0.7335
interesting:0.7335
space travel:0.73275
weapons:0.7295
exciting:0.7285
futuristic:0.722
light:0.719
fantasy:0.718
cgi:0.7165
family drama:0.71475
complex:0.714
clones:0.711
future:0.70325
plot:0.7015
adventure:0.69775
dynamic cgi action:0.68775
redemption:0.68225
scenic:0.67425
saturn award (best special effects):0.67025
dark:0.668
aliens:0.66425
great:0.6575
sacrifice:0.65275
oscar (best effects - visual effects):0.65025
catastrophe:0.6355
fun:0.63425
betrayal:0.63225
remake:0.62625
magic:0.625
androids:0.6195
good soundtrack:0.61625
very good:0.6115
secrets:0.61
high fantasy:0.60925
nostalgia:0.605
classic:0.6035
death:0.60175
highly quotable:0.596
sword fight:0.594
oscar winner:0.5915
chase:0.58925
harsh:0.58775
cloning:0.5875
action packed:0.5745
good acting:0.57275
vengeance:0.5695
oscar:0.56675
life philosophy:0.558
cinematography:0.5445
war:0.5425
revenge:0.54225
shallow:0.54175
parallel universe:0.53725
kids and family:0.537
fight scenes:0.5285
