sexual:0.97225
relationships:0.96525
sexuality:0.90775
women:0.884
sex:0.836
character study:0.8325
friendship:0.80125
intimate:0.79725
talky:0.788
obsession:0.784
pornography:0.7825
sexy:0.77775
unlikely friendships:0.7665
social commentary:0.728
drinking:0.70875
oscar (best actress):0.70425
original:0.7005
college:0.6845
good soundtrack:0.68075
runaway:0.68075
controversial:0.672
criterion:0.6715
loneliness:0.6645
violent:0.6605
dialogue:0.65025
art:0.6425
drama:0.638
oscar (best directing):0.63425
oscar (best supporting actress):0.6195
nudity (topless - brief):0.61175
interesting:0.6015
disturbing:0.5975
cynical:0.5965
passionate:0.5785
great ending:0.57275
golden palm:0.56875
life philosophy:0.55475
manipulation:0.55025
melancholic:0.5365
depression:0.53425
coming of age:0.53225
honest:0.529
intellectual:0.526
stereotypes:0.512
oscar (best writing - screenplay written directly for the screen):0.506
bleak:0.49325
brutality:0.48175
very interesting:0.47975
mentor:0.47775
greed:0.4775
crime gone awry:0.473
sexualized violence:0.4725
depressing:0.47175
poignant:0.47
addiction:0.46375
culture clash:0.45825
complex characters:0.45775
nudity (full frontal - brief):0.45675
great movie:0.4555
classic:0.453
psychology:0.45275
masterpiece:0.452
emotional:0.4515
great:0.4495
great acting:0.444
intense:0.44325
reflective:0.44125
grindhouse:0.43425
nudity (full frontal - notable):0.4295
entirely dialogue:0.4235
cheating:0.42275
imdb top 250:0.42125
storytelling:0.4205
adaptation:0.4095
male nudity:0.40775
good:0.4065
1970s:0.4055
afi 100 (movie quotes):0.4055
gangsters:0.402
cerebral:0.40025
cinematography:0.4
catastrophe:0.39775
melancholy:0.39675
death:0.39475
romance:0.392
multiple storylines:0.388
corruption:0.3865
complex:0.38375
aging:0.38125
adapted from:book:0.38075
morality:0.3805
very good:0.379
witty:0.37125
betrayal:0.3705
stylish:0.36925
realistic:0.36525
movielens top pick:0.3635
gritty:0.36325
love:0.3605
narrated:0.35875
