police investigation:0.974
vigilante:0.9495
lawyers:0.936
conspiracy:0.90275
vigilantism:0.8925
detective:0.889
justice:0.88675
lawyer:0.88425
crime:0.85525
murder:0.84875
mentor:0.844
corruption:0.8145
guilt:0.8055
court:0.77125
courtroom:0.77
chase:0.7675
pornography:0.74225
assassination:0.7375
investigation:0.734
thriller:0.719
secrets:0.71175
suspense:0.7115
great ending:0.697
original:0.69625
police:0.6865
kidnapping:0.673
suspenseful:0.655
murder mystery:0.64225
catastrophe:0.6315
manipulation:0.627
greed:0.605
good:0.58925
70mm:0.5785
thought-provoking:0.577
police corruption:0.56925
hit men:0.551
twists & turns:0.5475
first contact:0.526
death penalty:0.5215
story:0.50225
nudity (full frontal - brief):0.4875
life & death:0.48625
unusual plot structure:0.478
action:0.47175
torture:0.47
death:0.46975
family:0.467
queer:0.4605
interesting:0.455
identity:0.454
runaway:0.4475
predictable:0.443
assassin:0.4405
serial killer:0.4315
dialogue:0.42725
clever:0.40875
drama:0.4055
intense:0.40025
lone hero:0.3915
indians:0.37425
violence:0.363
political corruption:0.36225
good action:0.36025
not funny:0.359
adaptation:0.3485
brutality:0.34425
complex:0.342
children:0.338
vengeance:0.33725
blindness:0.336
life philosophy:0.333
adapted from:book:0.332
plot holes:0.3305
conspiracy theory:0.327
destiny:0.32475
fun movie:0.322
melancholic:0.322
oscar (best directing):0.3195
pg-13:0.31925
morality:0.318
natural disaster:0.31625
alternate reality:0.31475
violent:0.3135
exciting:0.31325
storytelling:0.3125
culture clash:0.31075
great acting:0.30875
fantasy world:0.30125
suicide:0.29675
spelling bee:0.2965
based on a book:0.29575
absurd:0.29525
secret service:0.29375
moral ambiguity:0.29375
sexual abuse:0.291
assassins:0.28925
betrayal:0.2815
excellent script:0.281
redemption:0.278
paranoid:0.278
