ninja:0.99775
fight scenes:0.938
action:0.91675
sword fight:0.913
sword fighting:0.8425
weapons:0.841
bloody:0.79625
vengeance:0.792
assassin:0.7675
assassins:0.75525
assassination:0.73475
original:0.723
good action:0.71925
martial arts:0.70475
hunting:0.69425
chase:0.675
violent:0.639
cool:0.61275
fighting:0.60675
runaway:0.6
great ending:0.59425
action packed:0.59375
splatter:0.583
dialogue:0.53275
murder:0.527
fast paced:0.525
japan:0.507
great:0.505
mentor:0.50425
violence:0.5035
pulp:0.49275
lone hero:0.49025
transformation:0.487
brutality:0.472
tokyo:0.472
revenge:0.454
cult classic:0.454
good:0.4505
story:0.4445
stylized:0.4415
life philosophy:0.44125
melancholic:0.43725
drinking:0.432
death:0.42975
pg-13:0.426
scary:0.409
catastrophe:0.40725
great movie:0.39925
grindhouse:0.3935
cult:0.39175
intense:0.38275
gory:0.38
predictable:0.3725
twists & turns:0.371
hospital:0.366
not funny:0.36375
harsh:0.3625
suspense:0.36075
nocturnal:0.3585
superheroes:0.35725
silly:0.3535
exciting:0.35325
80s:0.353
storytelling:0.34825
secrets:0.3475
culture clash:0.34725
drama:0.3435
bad acting:0.336
awesome soundtrack:0.33375
pornography:0.3335
irish accent:0.33275
survival:0.3325
goofy:0.329
betrayal:0.328
dark hero:0.32475
nudity (full frontal - brief):0.323
life & death:0.31775
beautiful scenery:0.3145
redemption:0.311
first contact:0.31
fantasy world:0.3045
blood:0.302
nudity (topless):0.2995
science fiction:0.29875
corruption:0.2895
family:0.28925
good soundtrack:0.286
fun movie:0.28375
plot:0.28325
gunfight:0.28275
underdog:0.28075
brutal:0.28
silly fun:0.27925
adaptation:0.27625
childhood:0.27625
cult film:0.275
enigmatic:0.27475
suspenseful:0.27425
demons:0.27225
amy smart:0.272
