claymation:0.9965
funny:0.977
cool:0.90825
british comedy:0.90425
british:0.88375
aardman studios:0.876
great movie:0.86975
very funny:0.8685
stop motion:0.85525
series:0.833
original:0.8255
stop-motion:0.82
comedy:0.79875
great:0.79875
animation:0.784
witty:0.78025
imdb top 250:0.7775
great ending:0.7575
highly quotable:0.73075
good soundtrack:0.65825
clever:0.632
aardman:0.6305
weird:0.622
sarcasm:0.62125
oscar (best directing):0.62075
dialogue:0.61475
loneliness:0.609
criterion:0.60425
light:0.59775
bleak:0.59525
story:0.591
dark humor:0.5845
hilarious:0.5805
golden palm:0.57825
melancholic:0.572
social commentary:0.56475
awesome soundtrack:0.5585
crime gone awry:0.557
quotable:0.5485
exceptional acting:0.544
reflective:0.54175
oscar winner:0.53325
talky:0.527
funny as hell:0.5265
complex:0.523
obsession:0.5215
affectionate:0.5165
good:0.5075
culture clash:0.501
artistic:0.5
runaway:0.49275
dark hero:0.4895
animated:0.48775
storytelling:0.487
brutality:0.48425
downbeat:0.4825
oscar (best actress):0.48075
melancholy:0.47925
mentor:0.4785
movielens top pick:0.47275
great acting:0.47075
narrated:0.4705
nudity (full frontal - brief):0.46575
grim:0.46275
fun:0.462
vengeance:0.46175
suprisingly clever:0.4595
friendship:0.459
redemption:0.45825
interesting:0.45775
depression:0.45025
relationships:0.45
visceral:0.4495
catastrophe:0.44725
drama:0.44575
london:0.4445
unlikely friendships:0.44275
independent film:0.4405
unusual plot structure:0.43425
oscar (best supporting actress):0.434
moral ambiguity:0.433
complex characters:0.43
enigmatic:0.42975
off-beat comedy:0.4295
excellent script:0.4295
kids and family:0.4255
nocturnal:0.424
character study:0.42325
intense:0.41925
entertaining:0.418
entirely dialogue:0.41675
drinking:0.4165
adapted from:book:0.415
family drama:0.41475
parenthood:0.414
childhood:0.41225
based on book:0.41075
masterpiece:0.4065
dramatic:0.40175
fight scenes:0.39575
