time travel:0.978
future:0.97625
amnesia:0.9745
mindfuck:0.94575
psychological:0.92825
psychology:0.89425
confusing:0.8795
complex:0.8775
insanity:0.87525
gulf war:0.87225
psychiatry:0.872
mental hospital:0.8565
original:0.8545
great ending:0.85075
alternate endings:0.85
memory:0.847
memory loss:0.84525
complicated plot:0.845
storytelling:0.84025
futuristic:0.83925
twists & turns:0.81675
twist:0.815
complicated:0.81075
alternate reality:0.8055
thriller:0.80075
science fiction:0.79925
destiny:0.79025
cerebral:0.78025
plot holes:0.762
weird:0.75625
identity:0.75475
twist ending:0.75425
doctors:0.752
scifi:0.73625
thought-provoking:0.72675
very interesting:0.701
sci fi:0.6955
plot twist:0.68225
death:0.68075
suspense:0.675
intense:0.67325
clever:0.67025
existentialism:0.66225
interesting:0.6535
psychiatrist:0.65025
guilt:0.648
plot:0.6465
time loop:0.64375
parallel universe:0.64125
great acting:0.64075
story:0.63925
good acting:0.6385
tricky:0.6335
first contact:0.6305
non-linear:0.62525
schizophrenia:0.623
enigmatic:0.623
life & death:0.609
good:0.6025
hospital:0.59325
mystery:0.57925
murder:0.5595
secrets:0.555
drama:0.54925
flashbacks:0.5445
good soundtrack:0.54225
mentor:0.541
cloning:0.536
sci-fi:0.536
pg-13:0.53325
claustrophobic:0.528
justice:0.526
mad scientist:0.519
bad ending:0.519
original plot:0.5185
technology:0.51725
imagination:0.5155
police investigation:0.515
supernatural:0.51425
catastrophe:0.514
suprisingly clever:0.51275
visually stunning:0.505
visually appealing:0.5005
beautiful scenery:0.4975
metaphysics:0.48675
mental illness:0.48
surreal:0.47175
cinematography:0.4715
creativity:0.47125
survival:0.46975
brutality:0.4685
philosophical:0.466
unusual plot structure:0.45375
romance:0.4525
clones:0.449
torture:0.4485
surprise ending:0.4385
paranoia:0.43525
road movie:0.43025
dreams:0.4295
