paris:0.9525
french:0.91625
nudity (topless - brief):0.83775
france:0.83175
destiny:0.81775
romantic:0.80675
love story:0.788
life philosophy:0.77425
cinematography:0.76325
visually stunning:0.74125
loneliness:0.72175
beautifully filmed:0.69875
foreign:0.68225
whimsical:0.67375
black and white:0.658
original:0.647
colourful:0.64475
romance:0.62125
sexy:0.6195
relationships:0.618
redemption:0.61175
touching:0.6115
criterion:0.59675
visually appealing:0.59275
off-beat comedy:0.584
visual:0.584
stylized:0.57825
existentialism:0.57225
allegory:0.56825
love:0.5635
romantic comedy:0.5385
beautiful:0.5375
solitude:0.53475
melancholic:0.52975
magic realism:0.52675
mentor:0.515
transformation:0.50875
idealism:0.50675
philosophical:0.5015
twists & turns:0.5005
light:0.49575
stunning:0.49425
dialogue:0.485
great ending:0.48125
enigmatic:0.4755
first contact:0.4695
beautiful scenery:0.464
unusual plot structure:0.45525
life:0.455
happy ending:0.44525
feel-good:0.429
stylish:0.42575
quirky:0.42075
life & death:0.41675
entirely dialogue:0.4145
humanity:0.414
fight scenes:0.40475
storytelling:0.40325
art:0.399
visuals:0.39175
amazing photography:0.3915
catastrophe:0.387
harsh:0.3855
artistic:0.38225
fantasy:0.37975
creativity:0.375
philosophy:0.374
intellectual:0.3705
talky:0.36925
alternate endings:0.364
argentina:0.36
writers:0.35875
cerebral:0.3585
good:0.35725
science fiction:0.35525
predictable:0.35475
nocturnal:0.35425
emotional:0.34775
drinking:0.34225
suicide:0.34075
suprisingly clever:0.33575
culture clash:0.3315
nudity (topless - notable):0.33
hospital:0.32975
chase:0.3275
feel good movie:0.3265
good soundtrack:0.3205
absurd:0.32
plot:0.3195
greed:0.31775
drama:0.316
social commentary:0.31425
not funny:0.313
sexualized violence:0.3115
betrayal:0.3105
interesting:0.308
weird:0.30575
reflective:0.30475
women:0.30275
police investigation:0.29275
