politics:0.99175
political:0.97525
corruption:0.90025
comedy:0.88525
world politics:0.79625
good:0.75725
mentor:0.7545
original:0.702
president:0.69325
conspiracy:0.68675
conspiracy theory:0.674
con artists:0.65575
con men:0.6375
political corruption:0.6365
satirical:0.61775
silly:0.61575
satire:0.6145
greed:0.602
predictable:0.594
capitalism:0.584
cancer:0.5685
sarcasm:0.5335
lawyer:0.52275
saturday night live:0.519
very funny:0.5185
redemption:0.51
funny:0.5065
fun movie:0.502
great:0.50175
catastrophe:0.488
pg-13:0.4865
so bad it's funny:0.4675
silly fun:0.46525
entertaining:0.442
dialogue:0.43075
great ending:0.42825
great movie:0.42425
unfunny:0.4075
whimsical:0.406
clever:0.4055
latin america:0.39875
business:0.3865
destiny:0.38025
manipulation:0.36825
stereotypes:0.364
underrated:0.358
very interesting:0.355
great acting:0.35325
crude humor:0.34625
goofy:0.34575
humorous:0.3435
vengeance:0.3425
life philosophy:0.34025
hilarious:0.337
80s:0.33525
bad plot:0.334
chase:0.3335
fun:0.331
storytelling:0.3305
story:0.33
culture clash:0.32575
adaptation:0.32475
brainwashing:0.3215
nudity (full frontal - brief):0.32075
writers:0.32025
light:0.32
fantasy world:0.31925
first contact:0.31575
lawyers:0.31575
overrated:0.31525
runaway:0.315
natural disaster:0.315
idealism:0.31425
pornography:0.30675
disaster:0.30475
very good:0.303
brutality:0.30175
secret service:0.30175
revolution:0.29925
internet:0.2975
gulf war:0.29675
big budget:0.292
alter ego:0.29125
good soundtrack:0.29025
sports:0.29
happy ending:0.28825
censorship:0.284
not funny:0.283
drama:0.28225
lone hero:0.28175
betrayal:0.2815
feel-good:0.27875
better than expected:0.27825
underdog:0.27725
family:0.27625
gangsters:0.2745
alternate history:0.2675
fight scenes:0.262
justice:0.26075
idiotic:0.26025
