criterion:0.96875
french:0.89875
surreal:0.846
satirical:0.82025
surrealism:0.7865
enigmatic:0.7805
bleak:0.75575
silent:0.74775
golden palm:0.74475
dreamlike:0.726
allegory:0.70975
weird:0.69125
short:0.6865
talky:0.6785
childhood:0.66325
reflective:0.6495
runaway:0.648
irreverent:0.64425
rebellion:0.6435
grindhouse:0.64025
black and white:0.6365
masterpiece:0.63525
art:0.62975
meditative:0.606
fascism:0.60475
downbeat:0.5975
paris:0.542
art house:0.53875
melancholic:0.5305
cynical:0.51925
harsh:0.51925
affectionate:0.509
stylized:0.50625
oscar (best foreign language film):0.501
original:0.49425
cerebral:0.49325
breathtaking:0.47775
unusual plot structure:0.475
artist:0.4715
1930s:0.4575
melancholy:0.44275
great:0.43975
perfect:0.43675
france:0.43475
too short:0.4235
existentialism:0.421
catastrophe:0.42075
artistic:0.4095
atmospheric:0.3985
crime gone awry:0.387
obsession:0.38275
creativity:0.37475
biting:0.3695
farce:0.36225
cinematography:0.357
suprisingly clever:0.349
visual:0.341
grim:0.34075
mentor:0.3365
entirely dialogue:0.33
imdb top 250:0.328
free to download:0.326
dialogue:0.321
intimate:0.31025
boarding school:0.3015
hallucinatory:0.29825
not funny:0.296
brutality:0.28525
satire:0.284
culture clash:0.282
pornography:0.28025
artsy:0.271
sexy:0.271
loneliness:0.27025
witty:0.27025
hotel:0.268
afi 100 (laughs):0.2645
fantasy world:0.26075
social commentary:0.25625
great ending:0.254
bizarre:0.25375
lyrical:0.25075
moody:0.24975
dreams:0.24575
overrated:0.24475
tokyo:0.23875
whimsical:0.23725
poetry:0.23275
male nudity:0.2325
ironic:0.23025
absurd:0.22575
gunfight:0.225
visually appealing:0.225
quirky:0.22375
greed:0.22375
cult film:0.22275
life philosophy:0.22075
paranoid:0.2195
mad scientist:0.219
lynch:0.21575
