mother-son relationship:0.99025
irish:0.84875
romantic comedy:0.75825
comedy:0.648
original:0.64775
happy ending:0.61875
ireland:0.56725
romance:0.56325
predictable:0.46825
mentor:0.4355
chicago:0.435
great:0.431
catastrophe:0.4235
romantic:0.42025
destiny:0.38175
drama:0.3815
beautiful scenery:0.36975
quirky:0.36975
good romantic comedies:0.36525
life philosophy:0.3645
great ending:0.3625
family:0.35925
death:0.3575
guilt:0.34225
runaway:0.3405
chase:0.3365
irish accent:0.3285
relationships:0.3185
sweet:0.3175
wistful:0.317
betrayal:0.317
storytelling:0.30925
nudity (full frontal - brief):0.30925
childhood:0.30725
love story:0.30575
not funny:0.305
slapstick:0.30375
love:0.2995
melancholic:0.29725
culture clash:0.29525
good:0.29475
dialogue:0.29025
fantasy world:0.2895
unlikely friendships:0.2885
fantasy:0.28625
goofy:0.285
lone hero:0.28275
first contact:0.27175
light:0.269
80s:0.26375
fight scenes:0.26275
bittersweet:0.2605
disaster:0.25025
indians:0.24625
good soundtrack:0.24175
adaptation:0.24075
brutality:0.24
very funny:0.23625
police investigation:0.2335
silly fun:0.233
bad plot:0.23175
overrated:0.2315
touching:0.2285
notable nudity:0.22775
solitude:0.22675
clever:0.22625
good action:0.2255
suprisingly clever:0.22475
sentimental:0.22175
so bad it's funny:0.21975
cute!:0.21775
unusual plot structure:0.2175
poignant:0.217
cute:0.215
unfunny:0.21325
loneliness:0.21275
natural disaster:0.21225
classic car:0.2115
story:0.211
greed:0.21
multiple storylines:0.20225
writers:0.20125
entirely dialogue:0.2005
feel-good:0.2
criterion:0.19775
adapted from:book:0.19375
heartwarming:0.19
courage:0.18575
feel good movie:0.185
drinking:0.1835
fun movie:0.18325
cult film:0.18175
transformation:0.18075
crude humor:0.1805
beautifully filmed:0.1805
corruption:0.178
imdb top 250:0.177
dramatic:0.1765
california:0.17625
marriage:0.1745
