splatter:0.943
cult film:0.94275
cult classic:0.907
so bad it's funny:0.7935
original:0.75525
new jersey:0.7215
goofy:0.69525
superhero:0.60025
grindhouse:0.588
sequels:0.53775
fun movie:0.52275
superheroes:0.49775
satirical:0.49025
low budget:0.471
alternate reality:0.467
zombie:0.459
demons:0.4535
violence:0.45075
independent film:0.448
good soundtrack:0.4325
bloody:0.42775
mafia:0.42175
gory:0.40675
mentor:0.39425
good dialogue:0.38175
catastrophe:0.38075
suprisingly clever:0.367
runaway:0.3655
campy:0.3615
super hero:0.35975
ironic:0.34775
sexual:0.347
weird:0.34675
not funny:0.34475
criterion:0.341
brutality:0.3355
pornography:0.33425
fun:0.3265
mad scientist:0.3245
good:0.324
gruesome:0.32125
alternate universe:0.3205
whimsical:0.318
very funny:0.3135
super-hero:0.31025
camp:0.30925
wilderness:0.3085
dialogue:0.3065
disability:0.3055
parallel universe:0.3005
creativity:0.298
storytelling:0.29625
great ending:0.29625
transformation:0.29175
nudity:0.28925
sexualized violence:0.2865
honest:0.28225
off-beat comedy:0.282
teen movie:0.28125
quirky:0.27975
adaptation:0.27675
sexy:0.27375
culture clash:0.26725
macabre:0.267
so bad it's good:0.262
entirely dialogue:0.25775
hilarious:0.25425
women:0.2525
humorous:0.252
punk:0.24425
special:0.244
life philosophy:0.2425
drug abuse:0.2415
highly quotable:0.24075
satire:0.238
free speech:0.237
overrated:0.236
crude humor:0.23525
clever:0.23475
melancholic:0.2315
unfunny:0.23125
twists & turns:0.2305
parody:0.2285
stupidity:0.22825
harsh:0.227
dark comedy:0.227
police investigation:0.22275
cult:0.22125
blindness:0.22075
nudity (full frontal - notable):0.217
violent:0.2165
slapstick:0.215
inspirational:0.21375
redemption:0.2135
talky:0.21275
narrated:0.212
dumb but funny:0.21175
enigmatic:0.2095
idiotic:0.209
lone hero:0.20875
