scifi:0.9835
sci-fi:0.98325
science fiction:0.981
space:0.972
adapted from:book:0.968
sci fi:0.96775
based on a book:0.96775
science:0.94825
space program:0.94575
futuristic:0.9415
intelligent sci-fi:0.927
technology:0.92475
based on book:0.92325
tense:0.91
mars:0.8815
cerebral:0.88
suspenseful:0.83775
alien:0.8285
suspense:0.82625
first contact:0.8245
aliens:0.8225
special effects:0.814
book:0.80975
astronauts:0.806
original:0.78675
weapons:0.76025
story:0.75825
paranoia:0.758
claustrophobic:0.736
thriller:0.73125
visually appealing:0.727
great ending:0.70725
mentor:0.705
interesting:0.70475
conspiracy:0.70075
virus:0.696
secrets:0.696
very interesting:0.684
adaptation:0.6745
visual:0.67025
storytelling:0.669
catastrophe:0.669
dialogue:0.6605
dramatic:0.653
paranoid:0.646
intellectual:0.6395
talky:0.639
imdb top 250:0.639
humanity:0.63675
greed:0.63325
drama:0.62675
enigmatic:0.6215
1950s:0.62025
nasa:0.60475
complex:0.6015
good:0.60125
mystery:0.60025
books:0.59575
effects:0.5955
desert:0.59
life & death:0.5895
good soundtrack:0.588
clever:0.5845
slow paced:0.57875
existentialism:0.5645
chase:0.564
survival:0.56325
good acting:0.555
exciting:0.55325
atmospheric:0.55025
visually stunning:0.54175
classic:0.5405
space travel:0.53925
mindfuck:0.535
intelligent:0.53275
allegory:0.5305
thought-provoking:0.527
unusual plot structure:0.526
great movie:0.5245
distopia:0.523
earnest:0.52125
slow:0.51975
small town:0.517
imagination:0.51425
philosophy:0.5045
investigation:0.50325
intense:0.50325
great:0.50325
doctors:0.5
cold war:0.49775
1970s:0.49675
beautiful scenery:0.4965
mad scientist:0.49275
transformation:0.49125
excellent:0.48775
weird:0.48725
natural disaster:0.47775
social commentary:0.476
book was better:0.4685
computers:0.46725
