christmas:0.994
weed:0.9855
franchise:0.97675
marijuana:0.9725
stoner movie:0.96175
holiday:0.92025
comedy:0.8935
crude humor:0.8145
3d:0.8145
buddy movie:0.81325
original:0.68325
hilarious:0.668
adventure:0.66425
funny:0.6475
nudity (topless - notable):0.603
chase:0.58725
slapstick:0.57525
parody:0.575
funny as hell:0.56425
goofy:0.56275
trilogy:0.561
silly:0.5545
drugs:0.5445
friendship:0.537
family:0.519
sequel:0.511
series:0.508
story:0.503
gangsters:0.48375
absurd:0.479
predictable:0.47425
new york city:0.4505
humorous:0.446
mentor:0.446
catastrophe:0.4365
nudity (topless):0.43075
silly fun:0.42975
fun movie:0.42775
drug abuse:0.41625
technology:0.413
very funny:0.412
notable nudity:0.41025
humor:0.40775
stupidity:0.40575
great ending:0.40325
pg-13:0.40125
culture clash:0.3985
irreverent:0.39425
betrayal:0.3935
dialogue:0.39275
dumb but funny:0.38025
sci fi:0.38025
male nudity:0.379
pornography:0.3705
idiotic:0.36975
product placement:0.36325
plot:0.3625
fun:0.3605
love:0.34875
drug addiction:0.3485
weird:0.3455
fight scenes:0.344
android(s)/cyborg(s):0.34275
unfunny:0.34225
shallow:0.3385
cult classic:0.32975
bad plot:0.328
stupid:0.32775
ridiculous:0.32775
visual:0.32525
fantasy:0.324
visually appealing:0.3215
spoof:0.316
suprisingly clever:0.3145
prejudice:0.31425
fantasy world:0.3115
dynamic cgi action:0.31075
first contact:0.3105
childhood:0.309
runaway:0.308
vengeance:0.30725
relationships:0.306
special effects:0.30525
lone hero:0.30125
road trip:0.30075
pointless:0.29925
big budget:0.2985
life philosophy:0.29575
unlikely friendships:0.292
scenic:0.29
enigmatic:0.28525
twists & turns:0.28425
police investigation:0.284
beautiful scenery:0.28325
redemption:0.2815
brutality:0.2775
overrated:0.27575
natural disaster:0.27025
storytelling:0.2685
criterion:0.265
