christmas:0.9985
holiday:0.994
stop motion:0.94125
childhood:0.91325
classic:0.879
children:0.85925
magic:0.852
kids:0.84
cartoon:0.835
fun movie:0.76225
nostalgic:0.75325
silly fun:0.70025
animation:0.69625
destiny:0.6665
mentor:0.6575
fountain of youth:0.65
fantasy world:0.63925
kids and family:0.62925
original:0.62675
special:0.6255
story:0.61525
based on a tv show:0.6045
narrated:0.601
adventure:0.57
great:0.53825
tear jerker:0.52175
fun:0.51825
fairy tale:0.51625
family:0.5035
life philosophy:0.503
catastrophe:0.4825
good versus evil:0.476
pg-13:0.47225
animals:0.46775
animal movie:0.46625
series:0.465
talking animals:0.463
light:0.4555
heartwarming:0.45175
dialogue:0.4505
giant robots:0.43975
chase:0.4345
imagination:0.42875
redemption:0.42675
good:0.42
crude humor:0.41875
lone hero:0.41725
touching:0.412
computer animation:0.412
sweet:0.40325
school:0.389
affectionate:0.3885
storytelling:0.384
single father:0.3825
natural disaster:0.3655
snakes:0.35825
great movie:0.35675
great ending:0.35425
simple:0.3475
friendship:0.34375
cool:0.33925
happy ending:0.3315
time:0.324
good action:0.321
predictable:0.31925
so bad it's funny:0.316
suprisingly clever:0.313
franchise:0.313
overrated:0.30975
first contact:0.30775
dr. seuss:0.299
animated:0.2925
muppets:0.29175
not funny:0.29175
transformation:0.29025
made for tv:0.2895
fairy tales:0.28825
very funny:0.27875
stop-motion:0.2775
wizards:0.2755
silly:0.2745
creativity:0.274
80s:0.272
unlikely friendships:0.268
slapstick:0.26725
clever:0.26625
parallel universe:0.2645
culture clash:0.26175
adaptation:0.259
runaway:0.25725
cute:0.257
sappy:0.25425
sentimental:0.2535
genocide:0.25275
allegory:0.25175
teen:0.251
nudity (full frontal - brief):0.25075
entirely dialogue:0.243
sci fi:0.24025
good soundtrack:0.23775
