oscar (best supporting actor):0.89025
texas:0.796
1980s:0.70575
original:0.68725
love story:0.68675
dancing:0.6855
good soundtrack:0.61475
dance:0.5955
music:0.5445
relationships:0.54125
runaway:0.513
80s:0.50575
mentor:0.4815
life philosophy:0.47125
good:0.45825
love:0.4465
romance:0.4455
new jersey:0.4395
adultery:0.42525
drama:0.4205
catastrophe:0.4185
small town:0.404
sexy:0.38775
dialogue:0.387
predictable:0.3845
culture clash:0.38
great ending:0.37875
teen movie:0.37775
hip hop:0.37625
brutality:0.358
not funny:0.35625
pornography:0.35325
good music:0.3525
melancholic:0.352
twists & turns:0.35075
drinking:0.348
nudity (full frontal - notable):0.34725
shallow:0.34675
happy ending:0.34575
unlikely friendships:0.33475
destiny:0.32175
romantic:0.32025
fun movie:0.31925
women:0.31125
stereotypes:0.306
suprisingly clever:0.304
lone hero:0.29925
voyeurism:0.29875
girlie movie:0.2945
good dialogue:0.2945
gunfight:0.28225
adaptation:0.2815
erotic:0.281
chase:0.27975
california:0.27575
cinematography:0.27475
1970s:0.27375
awesome soundtrack:0.273
light:0.272
oil:0.272
oscar (best directing):0.26775
teen:0.264
great:0.26325
weird:0.26275
period piece:0.262
first contact:0.256
entirely dialogue:0.255
coming of age:0.25325
loneliness:0.25075
storytelling:0.2505
harsh:0.25025
beautiful scenery:0.25
cult film:0.24675
oscar (best actress):0.24525
shopping:0.24475
childhood:0.24075
criterion:0.24025
family:0.23975
greed:0.23975
fun:0.2395
nudity (full frontal - brief):0.2355
violent:0.23525
honest:0.23475
goofy:0.2325
feel-good:0.232
redemption:0.23125
bad plot:0.2295
dreams:0.229
vengeance:0.22325
fantasy world:0.22075
interesting:0.22
passionate:0.21675
grindhouse:0.21425
quirky:0.21425
unusual plot structure:0.21325
classic car:0.213
suspense:0.212
story:0.21175
natural disaster:0.21075
police investigation:0.21075
