gunfight:0.98675
oscar (best cinematography):0.98675
western:0.9765
oscar (best directing):0.96525
moral ambiguity:0.938
chase:0.8435
great movie:0.809
great:0.791
great acting:0.76625
oscar (best actress):0.76
runaway:0.75375
original:0.74775
desert:0.7405
weapons:0.7395
drama:0.71475
dialogue:0.7
classic:0.69875
action:0.68175
oscar (best supporting actress):0.68175
american civil war:0.68
fast paced:0.68
action packed:0.67575
adventure:0.65175
excellent:0.65075
affectionate:0.63825
cool:0.63425
great ending:0.62425
greed:0.61725
compassionate:0.61625
brutality:0.605
witty:0.59925
good:0.59775
excellent script:0.59725
interesting:0.5955
kidnapping:0.59075
intense:0.589
redemption:0.58775
tense:0.5875
imdb top 250:0.585
childhood:0.57875
culture clash:0.576
very interesting:0.5745
scenic:0.56975
dramatic:0.568
light:0.564
talky:0.56225
oscar (best supporting actor):0.56025
good action:0.54425
pg-13:0.54325
cinematography:0.5395
oscar winner:0.53725
violent:0.53425
unlikely friendships:0.529
mentor:0.52875
underrated:0.52825
violence:0.524
transformation:0.51975
california:0.51675
corruption:0.51325
unusual plot structure:0.51125
adapted from:book:0.51025
cynical:0.5065
criterion:0.502
drinking:0.49725
texas:0.495
family:0.48675
horses:0.482
adaptation:0.481
sacrifice:0.478
harsh:0.47675
story:0.47425
heartwarming:0.474
guns:0.46825
movielens top pick:0.46525
suspense:0.464
biographical:0.46175
afi 100 (movie quotes):0.4605
black and white:0.45875
quotable:0.45725
gritty:0.453
narrated:0.44075
friendship:0.43075
very good:0.427
revenge:0.415
twists & turns:0.4145
1960s:0.41425
clever:0.41275
catastrophe:0.41
destiny:0.40775
fun movie:0.40675
melancholic:0.406
suprisingly clever:0.40525
lone hero:0.405
ensemble cast:0.4
downbeat:0.4
good acting:0.3985
idealism:0.3965
oscar:0.39625
nocturnal:0.39375
earnest:0.39325
