vampire:0.99875
vampires:0.99625
blaxploitation:0.99075
horror:0.927
cult classic:0.86925
splatter:0.837
goofy:0.8015
original:0.78025
creepy:0.72025
campy:0.69225
cult film:0.69175
silly fun:0.6605
low budget:0.65725
camp:0.654
los angeles:0.63475
monster:0.61975
biting:0.604
grindhouse:0.598
gothic:0.567
gory:0.56375
demons:0.56325
nocturnal:0.529
brutality:0.52775
zombie:0.523
sexy:0.521
fun movie:0.517
scary:0.501
bloody:0.48875
pulp:0.454
gay:0.454
mad scientist:0.44825
1970s:0.4325
werewolves:0.409
snakes:0.401
dialogue:0.39975
great ending:0.3975
lone hero:0.3875
quirky:0.379
predictable:0.3775
mentor:0.3755
good soundtrack:0.36975
ironic:0.3625
adaptation:0.36075
absurd:0.358
cool:0.358
catastrophe:0.3545
bad plot:0.35275
nudity (full frontal - notable):0.3485
stereotypes:0.3455
cult:0.34325
not funny:0.34025
silly:0.33775
slavery:0.3365
goth:0.33475
hunting:0.3335
so bad it's funny:0.33075
overrated:0.32925
entirely dialogue:0.3265
criterion:0.3245
imdb top 250:0.31725
love story:0.31625
pointless:0.31375
visceral:0.31375
chase:0.313
violence:0.30425
censorship:0.293
fun:0.28925
runaway:0.28675
transformation:0.28575
sexualized violence:0.28575
very funny:0.28525
stylized:0.2825
family:0.28175
redemption:0.2795
voodoo:0.2785
dreamlike:0.277
melancholic:0.275
great:0.27225
death:0.27
spiders:0.26975
weird:0.26875
adapted from:book:0.2685
dark hero:0.2645
gruesome:0.26275
australia:0.26075
greed:0.2595
fight scenes:0.25725
parody:0.25675
special effects:0.25525
gangsters:0.2535
werewolf:0.25325
talky:0.251
visually appealing:0.2475
sci fi:0.2465
entertaining:0.24325
blood:0.23975
gore:0.23925
slapstick:0.23825
storytelling:0.23725
stupid as hell:0.2355
