meditative:0.86075
rock and roll:0.856
art house:0.83925
weird:0.81525
loneliness:0.8015
golden palm:0.79225
musicians:0.78525
existentialism:0.77375
pretentious:0.76625
male nudity:0.75675
life & death:0.74875
pointless:0.74675
enigmatic:0.728
melancholic:0.69225
visually appealing:0.68775
original:0.6865
cinematography:0.66825
boring!:0.66525
death:0.65025
intimate:0.625
artsy:0.601
creativity:0.5935
drug abuse:0.59225
dialogue:0.57775
music business:0.5705
suicide:0.5665
surreal:0.554
hallucinatory:0.54975
criterion:0.541
hip hop:0.5385
reflective:0.5365
independent film:0.52375
depression:0.51425
bleak:0.51425
stoner movie:0.511
artist:0.5075
mental illness:0.49925
stylized:0.49725
drug addiction:0.49475
storytelling:0.482
talky:0.481
amazing cinematography:0.47425
art:0.47025
addiction:0.455
runaway:0.451
life philosophy:0.4435
drugs:0.442
harsh:0.438
cerebral:0.4345
lyrical:0.42825
catastrophe:0.421
slow paced:0.41975
very interesting:0.4185
off-beat comedy:0.40925
social commentary:0.401
music:0.39925
pornography:0.3935
great ending:0.39175
nudity (full frontal - notable):0.3855
good soundtrack:0.383
too long:0.382
slow:0.37675
biopic:0.3705
dreamlike:0.36925
entirely dialogue:0.369
writers:0.3675
brutality:0.35725
cult film:0.35375
boring:0.35275
not funny:0.351
poetry:0.34575
mentor:0.3405
melancholy:0.339
absurd:0.33875
drinking:0.33875
solitude:0.33475
so bad it's funny:0.334
visual:0.328
obsession:0.32625
intellectual:0.32425
allegory:0.31675
quirky:0.31375
grindhouse:0.31025
long:0.30925
disturbing:0.30625
road movie:0.305
adaptation:0.29225
artistic:0.286
overrated:0.284
indie:0.2815
weed:0.28125
culture clash:0.2795
bizarre:0.27925
insanity:0.2785
first contact:0.27575
psychedelic:0.2695
shallow:0.26325
hard to watch:0.263
dysfunctional family:0.2605
predictable:0.26025
