love story:0.99475
romantic:0.97025
romantic comedy:0.9165
romance:0.91325
chick flick:0.89775
journalism:0.85775
destiny:0.82025
justice:0.71625
relationships:0.705
sappy:0.65075
girlie movie:0.6505
original:0.64625
story:0.627
love:0.612
good:0.6115
happy ending:0.58675
mentor:0.58425
catastrophe:0.5735
great:0.572
sweet:0.57
natural disaster:0.55725
big budget:0.55075
beautiful scenery:0.52325
predictable:0.522
pg-13:0.5065
life philosophy:0.4965
touching:0.4965
passionate:0.48625
chase:0.48125
first contact:0.47825
transformation:0.477
dialogue:0.45475
doctors:0.44625
honest:0.4395
good romantic comedies:0.435
feel-good:0.428
underdog:0.41975
disaster:0.40125
guilty pleasure:0.40075
not funny:0.39775
drama:0.394
great ending:0.381
sentimental:0.37925
internet:0.37275
death:0.368
based on book:0.36575
tear jerker:0.3615
feel good movie:0.3595
plot:0.3565
shallow:0.352
business:0.34875
enigmatic:0.3435
vengeance:0.33675
runaway:0.32975
based on a book:0.32975
emotional:0.326
betrayal:0.326
culture clash:0.32075
bittersweet:0.31925
very interesting:0.3175
president:0.3165
love triangles:0.31375
good acting:0.31325
very good:0.31125
shopping:0.30625
light:0.3055
unfunny:0.30275
cute!:0.2995
special effects:0.29825
better than expected:0.297
prison:0.29675
fun movie:0.291
storytelling:0.29075
conspiracy:0.2865
silly:0.28375
dramatic:0.28275
political:0.28275
ghosts/afterlife:0.27975
heartwarming:0.27875
greed:0.272
inspirational:0.27
divorce:0.26925
alternate history:0.26825
adaptation:0.26475
nudity (topless - notable):0.264
suprisingly clever:0.26375
brutality:0.2635
visually stunning:0.2625
good soundtrack:0.26225
corruption:0.26
sacrifice:0.25725
women:0.25725
oscar winner:0.25675
life:0.254
criterion:0.25375
entirely dialogue:0.25325
cute:0.253
stunning:0.25275
politics:0.25225
suspense:0.2515
