documentary:0.895
artist:0.87725
life & death:0.84925
surveillance:0.84125
artistic:0.8265
new york city:0.8155
original:0.8085
storytelling:0.801
paris:0.8
dreams:0.79475
obsession:0.79375
imagination:0.78325
narrated:0.771
cerebral:0.75575
art:0.752
eccentricity:0.74025
french:0.73425
interesting:0.73075
suspenseful:0.728
alone in the world:0.71625
imdb top 250:0.699
breathtaking:0.69075
mentor:0.67125
melancholic:0.664
oscar (best directing):0.65925
new york:0.6535
visually appealing:0.6495
black and white:0.64925
enigmatic:0.64
story:0.63825
creativity:0.63
greed:0.62775
life philosophy:0.62275
destiny:0.62
character study:0.61675
heist:0.60875
tense:0.60775
social commentary:0.60275
beautifully filmed:0.59925
unusual plot structure:0.589
runaway:0.587
passionate:0.581
crime:0.578
stunning:0.56625
poignant:0.56325
criterion:0.562
corruption:0.55675
childhood:0.55625
suspense:0.55275
drama:0.5505
very interesting:0.54925
death:0.549
oscar:0.54775
unlikely friendships:0.52975
clever:0.529
suprisingly clever:0.526
amazing photography:0.5235
intimate:0.51875
great ending:0.518
cinematography:0.515
inspiring:0.51275
oscar winner:0.50525
complex:0.5045
thought-provoking:0.501
based on book:0.49975
great:0.499
talky:0.4985
oscar (best actress):0.49475
philosophy:0.49325
pornography:0.49325
caper:0.4865
biography:0.48575
idealism:0.479
inspirational:0.478
light:0.47575
surreal:0.4715
existentialism:0.46875
psychology:0.4685
dramatic:0.462
chase:0.46075
photography:0.4605
beautiful:0.459
visually stunning:0.459
based on a book:0.459
twists & turns:0.4575
intelligent:0.4555
conspiracy:0.4525
great acting:0.45
thriller:0.45
biographical:0.4475
movielens top pick:0.44525
oscar (best writing - screenplay written directly for the screen):0.445
1970s:0.44375
factual:0.443
oil:0.44275
oscar (best supporting actress):0.44075
france:0.4395
honest:0.438
paranoid:0.433
great movie:0.43225
