oscar (best actress):0.973
interracial romance:0.97075
redemption:0.93375
race issues:0.9335
tragedy:0.92025
great acting:0.919
loneliness:0.9045
nudity (full frontal - notable):0.875
small town:0.85575
melancholic:0.85575
relationships:0.85275
oscar (best directing):0.85175
dramatic:0.85
oscar:0.83325
death:0.81575
nudity (full frontal):0.811
drama:0.811
depression:0.79425
death penalty:0.7865
original:0.78575
social commentary:0.774
intimate:0.7665
emotional:0.75425
intense:0.7495
bleak:0.74625
pornography:0.73125
downbeat:0.72825
compassionate:0.7245
suicide:0.691
complex:0.67825
depressing:0.66975
racism:0.6695
good soundtrack:0.65625
oscar (best supporting actress):0.65575
good acting:0.64575
character study:0.6435
great ending:0.64125
independent film:0.63975
sex:0.63625
life & death:0.6345
exceptional acting:0.63075
guilt:0.62425
interesting:0.61375
storytelling:0.61325
father son relationship:0.6115
segregation:0.61025
excellent script:0.59275
dialogue:0.58725
cinematography:0.5865
dysfunctional family:0.57475
brutality:0.57225
harsh:0.56925
reflective:0.56325
drinking:0.541
complex characters:0.53775
oscar (best actor):0.5295
culture clash:0.52825
police investigation:0.52325
story:0.5215
sad but good:0.513
realistic:0.51075
good:0.50525
oscar (best writing - screenplay written directly for the screen):0.49925
poignant:0.4965
fighting the system:0.494
passionate:0.49375
oscar winner:0.49325
prison:0.492
imdb top 250:0.49025
family drama:0.48825
honest:0.48125
corruption:0.48
melancholy:0.47625
prejudice:0.47375
very interesting:0.47
psychological:0.46875
hospital:0.46825
life philosophy:0.463
violence:0.4545
male nudity:0.45375
mother-son relationship:0.45375
very good:0.45075
violent:0.4505
heartbreaking:0.44475
erotic:0.444
great:0.44125
sexual:0.441
weird:0.43675
stereotypes:0.4365
talky:0.43275
golden palm:0.431
forceful:0.43
entirely dialogue:0.42975
runaway:0.42775
dark:0.426
allegory:0.42475
crime gone awry:0.42225
sad:0.415
sexualized violence:0.4135
touching:0.411
