mystery:0.9805
dark:0.97625
devil:0.972
twist ending:0.95175
twists & turns:0.95175
private detective:0.93925
noir thriller:0.932
investigation:0.919
psychological:0.90075
twist:0.883
creepy:0.88025
great ending:0.86975
sexualized violence:0.867
murder mystery:0.862
surprise ending:0.86025
cinematography:0.85825
detective:0.856
enigmatic:0.85225
weird:0.8415
stylish:0.83925
ominous:0.838
supernatural:0.835
secrets:0.8315
original:0.82725
atmospheric:0.826
plot twist:0.81675
complex:0.81225
thriller:0.808
psychology:0.79975
film noir:0.797
suspense:0.797
disturbing:0.793
neo-noir:0.78875
noir:0.78675
storytelling:0.78525
voodoo:0.78325
cult film:0.7785
eerie:0.7775
amazing cinematography:0.771
male nudity:0.75975
murder:0.757
suspenseful:0.7535
great acting:0.75225
cult classic:0.75175
police investigation:0.7485
visual:0.7455
insanity:0.73875
brutality:0.73325
mindfuck:0.7195
intense:0.71825
macabre:0.717
new orleans:0.711
visceral:0.71075
violence:0.69925
complicated:0.6945
nudity (full frontal - notable):0.69425
nocturnal:0.68475
stylized:0.6815
memory loss:0.6785
strange:0.6735
pornography:0.672
interesting:0.65975
tense:0.6585
violent:0.65225
blood:0.6375
surreal:0.63725
complicated plot:0.6335
very interesting:0.6335
underrated:0.63225
obsession:0.63075
cerebral:0.62825
based on book:0.61775
tricky:0.6175
moody:0.6165
masterpiece:0.61625
censorship:0.615
confusing:0.612
greed:0.608
identity:0.603
visually appealing:0.6025
gory:0.602
clever:0.602
nudity (topless):0.59875
unusual plot structure:0.5985
guilt:0.589
grim:0.58825
adaptation:0.57525
horror:0.57375
paranoia:0.57375
dialogue:0.554
excellent:0.55225
sexy:0.54675
erotic:0.54475
dark fantasy:0.54025
gothic:0.53725
serial killer:0.531
bizarre:0.53
corruption:0.52675
great movie:0.52625
original plot:0.526
