wartime:0.96425
drama:0.849
criterion:0.8285
war movie:0.77675
spanish civil war:0.7645
historical:0.759
spain:0.751
working class:0.747
golden palm:0.72525
spanish:0.71625
original:0.716
british:0.67775
political:0.65825
imdb top 250:0.6435
unusual plot structure:0.64
cinematography:0.619
history:0.607
talky:0.60325
harsh:0.59675
social commentary:0.5935
male nudity:0.5865
ethnic conflict:0.58625
suprisingly clever:0.5725
culture clash:0.553
sacrifice:0.55225
mentor:0.55
brutality:0.54275
melancholy:0.54
intense:0.5315
forceful:0.52925
melancholic:0.52675
prejudice:0.52
intimate:0.5065
civil war:0.505
oscar (best foreign language film):0.497
passionate:0.49425
dialogue:0.48875
us history:0.48575
reflective:0.47425
runaway:0.47025
oscar (best directing):0.4695
war:0.46375
artistic:0.4595
dramatic:0.4555
women:0.444
good soundtrack:0.444
enigmatic:0.44025
courage:0.43925
great:0.433
tragedy:0.43225
race issues:0.43175
grindhouse:0.42825
gunfight:0.425
catastrophe:0.42475
grim:0.41725
nudity (full frontal - brief):0.41525
genocide:0.415
idealism:0.41425
great ending:0.413
irish accent:0.4125
poignant:0.4045
movielens top pick:0.40225
beautiful scenery:0.4005
loneliness:0.398
oscar (best supporting actress):0.396
storytelling:0.39525
affectionate:0.395
classic car:0.39425
notable soundtrack:0.392
vengeance:0.39025
fighting the system:0.38875
interesting:0.38575
not funny:0.3855
atmospheric:0.385
drinking:0.37825
friendship:0.3735
visually appealing:0.3735
foreign:0.37325
life philosophy:0.37325
allegory:0.36975
anti-war:0.36925
innocence lost:0.365
oscar (best actress):0.36225
based on book:0.361
witty:0.35875
black and white:0.358
england:0.357
politics:0.3565
hotel:0.35525
series:0.34625
world war i:0.346
pornography:0.343
absurd:0.34025
visual:0.336
greed:0.33525
story:0.334
visceral:0.33325
silent:0.33125
narrated:0.33125
betrayal:0.3305
