life philosophy:0.86825
solitude:0.8235
unusual plot structure:0.78225
tokyo:0.77625
oscar (best foreign language film):0.74475
childhood:0.696
meditative:0.6635
spanish:0.66
pornography:0.62325
china:0.61275
cinematography:0.59875
culture clash:0.58425
beautifully filmed:0.581
twists & turns:0.57075
original:0.56775
reflective:0.55825
melancholic:0.5475
bollywood:0.523
criterion:0.51825
dramatic:0.51025
finnish:0.50875
japan:0.50725
oscar (best animated feature):0.503
visually appealing:0.495
storytelling:0.4775
dysfunctional family:0.47025
drama:0.461
wuxia:0.45325
great:0.431
so bad it's funny:0.431
catastrophe:0.428
male nudity:0.4175
betrayal:0.41675
talky:0.415
parenthood:0.41325
prejudice:0.403
artist:0.391
stand-up comedy:0.3865
mentor:0.3865
great ending:0.385
moody:0.38375
guilt:0.38325
better than the american version:0.3805
existentialism:0.3795
fantasy world:0.369
mother-son relationship:0.369
death:0.36575
movielens top pick:0.359
allegory:0.35125
revenge:0.3405
not funny:0.3305
suprisingly clever:0.33025
downbeat:0.31875
loneliness:0.31875
dialogue:0.31775
good soundtrack:0.315
comic:0.311
workplace:0.31075
family drama:0.31075
crime:0.30675
intense:0.302
complex:0.30075
honest:0.293
runaway:0.28075
harsh:0.27875
indie:0.27875
story:0.27075
judaism:0.27025
writers:0.2685
good:0.2685
enigmatic:0.26725
stunning:0.26725
brutality:0.26025
emotional:0.25825
cynical:0.2575
revolution:0.254
silent:0.252
exceptional acting:0.251
golden palm:0.2475
masterpiece:0.24475
destiny:0.2435
police investigation:0.23875
oscar (best directing):0.237
new jersey:0.23675
self discovery:0.2365
fight scenes:0.233
entirely dialogue:0.23275
catholicism:0.23225
art:0.23
very funny:0.23
japanese:0.2295
sexual abuse:0.22225
giant robots:0.221
foreign:0.2205
sex comedy:0.22025
psychological:0.21975
quirky:0.21975
bullying:0.21975
israel:0.219
stoner movie:0.219
