meditative:0.967
enigmatic:0.94
cinematography:0.93725
existentialism:0.933
sacrifice:0.9145
philosophical:0.9125
criterion:0.90875
life & death:0.90775
masterpiece:0.894
reflective:0.8775
bleak:0.86475
breathtaking:0.86025
god:0.84975
beautifully filmed:0.84775
intellectual:0.846
russian:0.836
talky:0.82925
cerebral:0.8235
allegory:0.8215
visual:0.81075
weird:0.79675
melancholic:0.7945
melancholy:0.78525
golden palm:0.7775
pretentious:0.76225
art house:0.74575
intimate:0.7455
art:0.73525
storytelling:0.73275
magic realism:0.72925
russia:0.7175
black and white:0.71375
loneliness:0.69275
visually appealing:0.68775
downbeat:0.67525
oscar (best foreign language film):0.674
artistic:0.67025
death:0.6575
childhood:0.64725
harsh:0.63025
slow paced:0.60875
cathartic:0.60675
imdb top 250:0.60625
isolation:0.59975
original:0.59
artist:0.587
insanity:0.5825
surreal:0.57175
suprisingly clever:0.56575
swedish:0.5655
culture clash:0.55125
drama:0.54525
catastrophe:0.5285
artsy:0.522
obsession:0.515
life philosophy:0.514
slow:0.511
visually stunning:0.51025
social commentary:0.50975
dreamlike:0.50425
dialogue:0.5005
character study:0.50025
poetry:0.49125
humanity:0.48975
unusual plot structure:0.4875
crime gone awry:0.487
atmospheric:0.486
scenic:0.4745
entirely dialogue:0.4745
light:0.45725
beautiful scenery:0.45375
eccentricity:0.45325
silent:0.45275
psychological:0.4445
greed:0.437
colourful:0.43325
solitude:0.432
end of the world:0.42675
stylized:0.41675
memory:0.41425
ominous:0.4115
poignant:0.4035
thought-provoking:0.40175
nuclear war:0.4015
forceful:0.39225
affectionate:0.391
destiny:0.38975
eerie:0.38875
pornography:0.38875
oscar (best directing):0.3875
absurd:0.3865
secrets:0.374
island:0.37175
relationships:0.3705
amazing cinematography:0.367
philosophy:0.3655
movielens top pick:0.36475
runaway:0.364
foreign:0.36275
great ending:0.362
