computer animation:0.9935
animation:0.9895
disney animated feature:0.9685
children:0.96425
kids and family:0.93075
cute:0.92975
animals:0.90575
single father:0.89525
cartoon:0.895
disney:0.89425
talking animals:0.88825
story:0.886
fish:0.88
kids:0.86375
cute!:0.8255
pixar:0.80825
family:0.7785
alien:0.777
animated:0.76375
original:0.75675
aliens:0.7535
cgi:0.7525
pixar animation:0.7385
fairy tale:0.736
fun:0.6945
father son relationship:0.6445
bullying:0.60225
predictable:0.599
animal movie:0.59575
3d:0.59225
alien invasion:0.57225
good:0.562
mentor:0.55825
fun movie:0.54725
oscar (best animated feature):0.535
childhood:0.53475
redemption:0.53275
funny:0.53025
creativity:0.519
visually appealing:0.5125
storytelling:0.505
dialogue:0.50275
stereotypes:0.4985
clever:0.491
catastrophe:0.48325
entertaining:0.46925
so bad it's funny:0.463
great ending:0.43425
lame:0.43
better than expected:0.4145
destiny:0.40725
coming of age:0.402
pg-13:0.39525
heartwarming:0.39225
happy ending:0.3865
great:0.38425
light:0.37975
bad plot:0.37975
father-son relationship:0.37275
fantasy world:0.371
unfunny:0.3655
first contact:0.36525
very funny:0.3545
crude humor:0.34725
too short:0.3455
runaway:0.339
dreamworks:0.332
silly:0.33075
goofy:0.3295
natural disaster:0.32525
humorous:0.31725
toys:0.31675
life philosophy:0.31625
not funny:0.316
pigs:0.313
simple:0.31175
girlie movie:0.31075
culture clash:0.3085
silly fun:0.30575
unlikely friendships:0.30325
good soundtrack:0.3015
shallow:0.29425
fast paced:0.28825
plot:0.28525
slapstick:0.285
adventure:0.28425
brutality:0.278
dinosaurs:0.27675
disaster:0.276
adaptation:0.27575
end of the world:0.268
transformation:0.268
lone hero:0.26475
feel-good:0.26475
friendship:0.26475
quirky:0.2645
betrayal:0.26175
sci fi:0.26175
humor:0.2615
visually stunning:0.261
