suburbia:0.979
drugs:0.938
dark humor:0.9275
good soundtrack:0.92225
high school:0.891
suicide:0.8885
teen movie:0.88475
teen:0.876
loneliness:0.87525
teenagers:0.855
depression:0.845
weird:0.84025
drug abuse:0.83425
psychiatry:0.822
dark comedy:0.82025
indie:0.808
social commentary:0.80425
bullying:0.80125
original:0.7975
life philosophy:0.79375
adolescence:0.7725
independent film:0.76025
ensemble cast:0.75075
teenager:0.73225
relationships:0.724
storytelling:0.7045
crime gone awry:0.693
story:0.68325
addiction:0.678
teens:0.67225
california:0.6505
dysfunctional family:0.65025
ironic:0.643
thought-provoking:0.63875
tragedy:0.6375
great acting:0.62825
mental illness:0.613
death:0.61225
redemption:0.6075
great ending:0.60525
crazy:0.6045
small town:0.597
quirky:0.5965
satirical:0.596
pornography:0.596
bleak:0.59325
multiple storylines:0.59
drinking:0.58575
drama:0.58575
parenthood:0.5855
insanity:0.58425
pointless:0.5705
computer game:0.5705
black comedy:0.5585
surreal:0.5575
exceptional acting:0.54875
based on a video game:0.5465
philosophy:0.54525
dialogue:0.545
video game:0.53575
sexualized violence:0.53125
satire:0.528
shallow:0.52225
suicide attempt:0.521
obsession:0.51725
stylized:0.51375
very interesting:0.51175
nudity (topless - notable):0.5115
mentor:0.5095
runaway:0.50925
visually appealing:0.50825
plot:0.5075
clever:0.50725
destiny:0.502
justice:0.5
harsh:0.498
cerebral:0.49775
feel-good:0.48975
weed:0.48975
interesting:0.4825
existentialism:0.4785
honest:0.47475
brutality:0.47075
dark:0.46925
rebellion:0.46475
coming of age:0.46325
stereotypes:0.461
good acting:0.4595
dolphins:0.45825
psychology:0.45375
absurd:0.449
feel good movie:0.448
catastrophe:0.44625
complex:0.445
writers:0.4425
narrated:0.44025
life:0.44
downbeat:0.4395
kidnapping:0.43125
bad ending:0.4285
