horrible:0.81225
original:0.799
so bad it's funny:0.751
comedy:0.746
predictable:0.647
silly:0.64175
humorous:0.619
awful:0.61875
road movie:0.5975
bad plot:0.5945
great ending:0.59025
parody:0.55725
slapstick:0.554
pointless:0.54675
bad:0.51825
absurd:0.512
islam:0.5105
dialogue:0.4985
middle east:0.4885
quirky:0.4825
mentor:0.4825
farce:0.4805
writers:0.47525
fantasy world:0.47125
bad acting:0.45425
stupid:0.44625
espionage:0.43475
whimsical:0.4345
weapons:0.433
overrated:0.43225
satire:0.4315
stupidity:0.42975
hit men:0.41725
screwball:0.413
catastrophe:0.40375
melancholic:0.40275
brutality:0.4
unfunny:0.39925
hilarious:0.3985
family:0.3975
storytelling:0.392
great:0.38975
spying:0.3745
spies:0.37025
ridiculous:0.369
very funny:0.366
entirely dialogue:0.36575
adaptation:0.36425
disaster:0.36325
adventure:0.361
first contact:0.35625
lyrical:0.35525
saturday night live:0.3545
complex:0.35
cult classic:0.34775
cult film:0.343
goofy:0.34
chase:0.33975
dark comedy:0.339
fantasy:0.33775
sci fi:0.33575
bombs:0.335
satirical:0.33125
boring:0.33
life philosophy:0.32975
imdb top 250:0.3275
good soundtrack:0.3255
fun:0.322
twists & turns:0.3215
runaway:0.3195
redemption:0.319
fight scenes:0.319
dysfunctional family:0.31875
silly fun:0.31575
funny:0.3155
dumb but funny:0.3105
story:0.3095
lame:0.30875
internet:0.308
weird:0.3045
unusual plot structure:0.303
off-beat comedy:0.30125
unlikely friendships:0.289
clever:0.2885
lone hero:0.28775
violence:0.2875
gangsters:0.28725
big budget:0.28675
pulp:0.2815
music business:0.28
multiple storylines:0.27525
stupid as hell:0.27525
crude humor:0.27475
dumb:0.273
based on a book:0.26975
feel-good:0.269
criterion:0.2685
creativity:0.26725
fun movie:0.267
talky:0.265
