bittersweet:0.9605
downbeat:0.94375
affectionate:0.9035
bleak:0.901
dreams:0.897
criterion:0.88
meditative:0.86925
intimate:0.86425
melancholic:0.82775
loneliness:0.826
enigmatic:0.81275
life & death:0.80025
surreal:0.79525
berlin:0.7905
golden palm:0.79025
talky:0.78875
satirical:0.788
cynical:0.783
culture clash:0.78275
reflective:0.77925
weird:0.776
harsh:0.74825
oscar (best foreign language film):0.733
drinking:0.7245
prostitution:0.7235
cerebral:0.7225
melancholy:0.72125
social commentary:0.71875
stylized:0.69225
absurd:0.664
earnest:0.659
life:0.65525
existentialism:0.65225
black and white:0.6515
dreamlike:0.646
breathtaking:0.63875
quirky:0.63625
surrealism:0.63175
grim:0.625
deadpan:0.62475
life philosophy:0.62325
unusual plot structure:0.623
masterpiece:0.619
small town:0.61325
imdb top 250:0.6115
german:0.6105
original:0.6055
mentor:0.60525
immigrants:0.5995
honest:0.59325
poignant:0.59
beautifully filmed:0.586
hospital:0.58575
tragedy:0.58375
fighting the system:0.576
understated:0.57325
dramatic:0.57075
character study:0.57
allegory:0.5695
cinematography:0.5685
forceful:0.5525
crime gone awry:0.53675
disturbing:0.53125
nocturnal:0.52575
compassionate:0.52425
movielens top pick:0.51675
oscar (best directing):0.5155
insanity:0.50825
suprisingly clever:0.5035
dark humor:0.49725
oscar (best supporting actress):0.494
artistic:0.492
greed:0.491
foreign:0.49075
narrated:0.48725
atmospheric:0.481
childhood:0.48
disability:0.478
humorous:0.47775
strange:0.47425
art:0.4705
spanish:0.46825
brutality:0.462
catastrophe:0.46125
canada:0.461
road movie:0.456
passionate:0.4555
innocence lost:0.4355
germany:0.43525
cult classic:0.4345
intellectual:0.43375
biopic:0.43325
wistful:0.431
prison:0.42975
storytelling:0.4275
relationships:0.425
unlikely friendships:0.42425
solitude:0.42225
paranoid:0.4215
oscar (best actress):0.4185
