poker:0.96825
mentor:0.968
gambling:0.958
great acting:0.9075
good soundtrack:0.86825
great movie:0.863
organized crime:0.82875
excellent script:0.8285
narrated:0.82825
greed:0.812
good:0.79825
great:0.79775
original:0.79575
addiction:0.76675
gangsters:0.7595
corruption:0.759
great ending:0.75575
interesting:0.729
very interesting:0.71025
dialogue:0.701
destiny:0.69775
twists & turns:0.6945
cool:0.683
friendship:0.677
unlikely friendships:0.67375
gangster:0.66425
drama:0.663
mob:0.65825
character study:0.656
plot:0.64775
good acting:0.6465
honest:0.6405
independent film:0.6395
pg-13:0.636
money:0.634
con artists:0.6335
entertaining:0.632
great dialogue:0.628
redemption:0.62625
new york:0.62575
intense:0.62475
talky:0.62275
excellent:0.618
cheating:0.616
very good:0.61425
underrated:0.61275
intelligent:0.6055
exceptional acting:0.6035
quotable:0.602
clever:0.598
betrayal:0.59575
justice:0.59175
dramatic:0.58525
oscar winner:0.58175
realistic:0.57975
runaway:0.54975
plot twist:0.5485
life philosophy:0.546
gunfight:0.538
casino:0.53775
heist:0.532
drinking:0.53175
suspense:0.52925
buddy movie:0.523
lawyer:0.5215
hitman:0.51375
crime gone awry:0.51225
complex:0.51125
vengeance:0.50525
feel-good:0.50275
underdog:0.49275
social commentary:0.49
revenge:0.487
gritty:0.48575
feel good movie:0.4855
golf:0.4825
storytelling:0.48175
highly quotable:0.47825
sports:0.47225
relationships:0.46325
texas:0.46175
prison:0.461
melancholic:0.45875
fun movie:0.45575
oscar:0.45225
entirely dialogue:0.45125
las vegas:0.451
stylish:0.4505
new york city:0.44925
violence:0.4475
lawyers:0.446
good dialogue:0.44325
brutality:0.44275
powerful ending:0.43925
survival:0.43925
catastrophe:0.43475
oscar (best directing):0.432
neo-noir:0.42575
story:0.4255
original plot:0.42075
