swashbuckler:0.9255
gay:0.89925
gay character:0.888
parody:0.7475
queer:0.747
farce:0.6865
spoof:0.647
original:0.5925
comedy:0.57675
cross dressing:0.559
fun movie:0.5525
sword fighting:0.50475
absurd:0.49825
life philosophy:0.4875
slapstick:0.4505
dialogue:0.44975
mentor:0.449
stereotypes:0.42675
fight scenes:0.41875
satirical:0.4135
fun:0.389
catastrophe:0.3885
hilarious:0.3855
silly:0.37825
british:0.37725
silly fun:0.3765
goofy:0.3735
weapons:0.361
fantasy world:0.35925
classic:0.339
predictable:0.3295
great:0.32775
great ending:0.32375
cult film:0.322
light:0.317
redemption:0.316
lone hero:0.307
culture clash:0.30525
adaptation:0.30175
entirely dialogue:0.2975
adventure:0.2955
overrated:0.295
campy:0.29225
very funny:0.2905
witty:0.29
camp:0.28775
spanish:0.28475
romance:0.28375
not funny:0.28275
cult classic:0.282
humorous:0.2805
runaway:0.27525
brutality:0.2735
so bad it's funny:0.27075
based on a play:0.2595
visually appealing:0.259
storytelling:0.2585
chase:0.253
first contact:0.25175
bad plot:0.2475
pulp:0.247
betrayal:0.24625
comic:0.24325
criterion:0.24275
sexy:0.24275
melancholic:0.2385
good soundtrack:0.2335
unusual plot structure:0.23075
stylized:0.2205
unfunny:0.2175
weird:0.21525
funny:0.215
love:0.21275
good:0.21125
cinematography:0.21025
childhood:0.2095
transformation:0.2065
satire:0.206
multiple storylines:0.20425
quirky:0.201
greed:0.2005
destiny:0.19825
passionate:0.1955
boring:0.1955
vengeance:0.1895
oscar:0.1885
london:0.18675
big budget:0.18575
too long:0.184
whimsical:0.184
gangsters:0.18325
corruption:0.1825
alter ego:0.182
vampire human love:0.1805
imdb top 250:0.18025
police investigation:0.18025
crude humor:0.17975
allegory:0.1795
pornography:0.17925
nudity (full frontal - brief):0.17725
