stand-up comedy:0.9005
fun movie:0.8705
comedy:0.837
absurd:0.82
very funny:0.81475
funny:0.80625
great ending:0.8055
love:0.7825
relationships:0.771
weird:0.75225
clever:0.74975
original:0.722
technology:0.7205
gunfight:0.7145
oscar (best supporting actress):0.714
catastrophe:0.7085
affectionate:0.70575
life philosophy:0.7035
fight scenes:0.7025
funny as hell:0.692
prejudice:0.6905
girlie movie:0.69025
drama:0.68975
great:0.6805
oscar (best directing):0.6785
marriage:0.67775
unusual plot structure:0.67075
costume drama:0.6695
oscar (best actress):0.66925
adultery:0.6635
dark humor:0.65725
redemption:0.65325
loneliness:0.65175
humorous:0.65075
greed:0.649
islam:0.6465
chase:0.6395
imdb top 250:0.63875
drinking:0.636
dialogue:0.63075
good soundtrack:0.6255
goofy:0.62325
special:0.62175
social commentary:0.60975
artistic:0.60825
pornography:0.60725
conspiracy:0.60675
parody:0.60625
secrets:0.6025
great acting:0.5975
sarcasm:0.59175
apocalypse:0.59125
vengeance:0.58875
complex:0.58775
movielens top pick:0.5875
twists & turns:0.58425
tense:0.581
alternate endings:0.577
cinematography:0.5715
crude humor:0.56525
parenthood:0.56425
destiny:0.56375
interesting:0.56325
workplace:0.563
first contact:0.561
honest:0.5595
justice:0.558
quotable:0.55525
hilarious:0.55175
beautiful scenery:0.54275
literature:0.54225
narrated:0.54075
male nudity:0.53625
intense:0.53375
entertaining:0.53225
family:0.5285
talky:0.5225
dumb but funny:0.52225
nudity (full frontal - brief):0.521
silly fun:0.52
indie:0.51625
philosophy:0.51525
nudity (full frontal - notable):0.51525
bad ending:0.515
crime gone awry:0.51475
interracial romance:0.513
mental illness:0.51175
depression:0.5095
culture clash:0.50725
enigmatic:0.50725
controversial:0.50525
childhood:0.50375
gay character:0.50325
period piece:0.50025
race issues:0.49975
satire:0.4995
meditative:0.4995
romantic:0.49925
great movie:0.49775
natural disaster:0.493
