action:0.9745
good action:0.96225
blaxploitation:0.87075
action packed:0.85625
80s:0.84225
explosions:0.74675
original:0.7305
predictable:0.714
buddy movie:0.67225
fun movie:0.66975
chase:0.65525
violence:0.6535
fight scenes:0.642
1980s:0.634
lone hero:0.57325
kung fu:0.559
cool:0.552
sexy:0.5495
car chase:0.538
cheesy:0.52725
fun:0.5235
bad:0.514
mentor:0.5095
great ending:0.506
brutality:0.50475
goofy:0.4765
silly fun:0.4745
nudity (topless):0.472
big budget:0.46575
guilty pleasure:0.46525
stereotypes:0.464
dragons:0.4605
dialogue:0.45275
so bad it's funny:0.4375
fantasy world:0.43425
vigilante:0.43175
family:0.4275
fighting:0.426
bad plot:0.41625
police investigation:0.393
justice:0.38425
catastrophe:0.37875
adaptation:0.37525
parody:0.3745
police corruption:0.3715
overrated:0.367
fantasy:0.36275
story:0.3535
silly:0.35225
police:0.352
super hero:0.3515
comedy:0.34325
sci fi:0.34275
nocturnal:0.341
disaster:0.34075
vengeance:0.3405
melancholic:0.33975
first contact:0.338
not funny:0.33525
redemption:0.33375
pornography:0.3285
storytelling:0.328
good soundtrack:0.3235
cult film:0.323
pulp:0.32175
dark hero:0.32075
runaway:0.32075
violent:0.3165
entirely dialogue:0.31625
adapted from:comic:0.30825
great:0.308
entertaining:0.30675
bloody:0.306
superhero:0.3055
culture clash:0.30525
life philosophy:0.30525
grindhouse:0.30375
weapons:0.30275
unusual plot structure:0.29825
stupid as hell:0.29725
very funny:0.2965
death:0.2895
super-hero:0.2885
over the top:0.2865
quirky:0.28575
nudity (full frontal - brief):0.2855
stylized:0.283
cars:0.28275
ninja:0.27825
arnold:0.269
fast paced:0.26825
good:0.26675
superheroes:0.2665
campy:0.265
cult classic:0.26425
shallow:0.26375
destiny:0.26
martial arts:0.2595
gangsters:0.25625
crude humor:0.25575
