spanish:0.96025
pornography:0.8105
women:0.808
writers:0.7975
lesbian:0.78625
so bad it's funny:0.7615
graphic design:0.7205
based on true story:0.65575
glbt:0.649
relationships:0.6175
original:0.60575
based on book:0.6005
artist:0.5695
fantasy world:0.567
costume drama:0.567
hospital:0.47675
culture clash:0.4715
israel:0.47025
erotic:0.46625
spain:0.464
historical:0.4595
mentor:0.454
true story:0.45
catholicism:0.44925
poetry:0.44625
very interesting:0.43875
tokyo:0.4305
sexy:0.42475
passionate:0.4235
censorship:0.421
great ending:0.4165
bollywood:0.39325
catastrophe:0.39275
criterion:0.37975
light:0.37875
talky:0.3715
adaptation:0.3675
harsh:0.35125
fake documentary:0.33425
ethnic conflict:0.3255
writer's life:0.325
adoption:0.3225
greed:0.32125
weird:0.32075
enigmatic:0.3185
first contact:0.31525
workplace:0.31525
dialogue:0.31425
distopia:0.313
brutality:0.30775
meditative:0.3075
based on a book:0.304
free speech:0.3015
obsession:0.301
wine:0.297
idealism:0.297
not funny:0.29475
japanese:0.292
creativity:0.2875
life philosophy:0.28575
intellectual:0.28
mad scientist:0.277
1920s:0.2765
sexual abuse:0.2745
latin america:0.27275
transgender:0.27125
great:0.26825
visually stunning:0.266
melancholic:0.26325
classic car:0.26125
kick-butt women:0.261
literature:0.25825
us history:0.25775
oscar (best foreign language film):0.257
unusual plot structure:0.25025
computer animation:0.24875
stylized:0.2445
islam:0.2415
childhood:0.2415
artistic:0.2405
dysfunctional family:0.24025
movielens top pick:0.24
storytelling:0.23925
foreign:0.23775
good soundtrack:0.23125
cinematography:0.23075
unlikely friendships:0.22975
fight scenes:0.22825
reflective:0.2255
trilogy:0.22275
story:0.222
kidnapping:0.22175
bad plot:0.2205
queer:0.2185
entirely dialogue:0.21725
allegory:0.217
runaway:0.21375
silent:0.211
existentialism:0.20925
lone hero:0.209
