dreams:0.992
existentialism:0.98325
visually appealing:0.981
cerebral:0.97675
surreal:0.96725
philosophical:0.96
visually stunning:0.954
intellectual:0.951
philosophy:0.94525
pretentious:0.9285
thought-provoking:0.919
talky:0.9165
metaphysics:0.90925
weird:0.90375
artistic:0.89925
dreamlike:0.8955
life philosophy:0.89075
life & death:0.88975
very interesting:0.88375
alternate reality:0.88
life:0.878
original:0.8655
reflective:0.85475
surrealism:0.8435
complex:0.84
good soundtrack:0.81825
imagination:0.816
visual:0.81275
storytelling:0.8105
hallucinatory:0.80275
stylized:0.8015
social commentary:0.78475
enigmatic:0.77825
psychological:0.76925
creativity:0.76225
destiny:0.75325
psychology:0.7515
dialogue:0.71925
interesting:0.71875
animation:0.7175
independent film:0.71525
meditative:0.712
psychiatry:0.71
intelligent:0.68325
animated:0.67025
strange:0.66375
quirky:0.6575
nonlinear:0.654
non-linear:0.64625
drugs:0.642
loneliness:0.63525
stoner movie:0.6175
criterion:0.61525
confusing:0.601
art:0.597
melancholic:0.596
cartoon:0.586
pornography:0.585
narrated:0.58025
mentor:0.574
art house:0.57275
unique:0.565
suburbia:0.562
slackers:0.5615
mindfuck:0.55975
obsession:0.54225
entirely dialogue:0.536
great ending:0.534
cult film:0.5315
dialogue driven:0.52675
greed:0.52675
clever:0.52675
plot:0.5265
suprisingly clever:0.5195
great dialogue:0.517
indie:0.5135
computer animation:0.5045
catastrophe:0.50375
unusual plot structure:0.4955
memory:0.48725
golden palm:0.4755
colourful:0.473
visuals:0.47275
absurd:0.4635
marijuana:0.458
melancholy:0.4575
intimate:0.45575
drinking:0.45275
imdb top 250:0.44825
technology:0.44275
depression:0.44075
artsy:0.43975
relationships:0.438
beautifully filmed:0.437
masterpiece:0.437
identity:0.425
beautiful:0.42325
good dialogue:0.422
visceral:0.417
psychedelic:0.41175
