hallucinatory:0.902
complex:0.884
weird:0.873
neo-noir:0.86925
visually appealing:0.865
melancholic:0.864
surreal:0.82875
enigmatic:0.82725
confusing:0.81675
original:0.8025
cinematography:0.7985
cerebral:0.78525
criterion:0.7835
based on a book:0.766
marijuana:0.745
psychedelic:0.732
los angeles:0.72625
pretentious:0.7245
drugs:0.70025
dialogue driven:0.678
dialogue:0.6745
complicated plot:0.672
existentialism:0.65925
nudity (full frontal):0.6525
eccentricity:0.651
strange:0.643
noir:0.643
weed:0.643
investigation:0.62825
adaptation:0.62225
complicated:0.621
stylized:0.62025
nudity (full frontal - notable):0.61525
paranoia:0.61475
talky:0.60475
whimsical:0.60425
absurd:0.59925
quirky:0.59525
pointless:0.59325
no plot:0.59125
storytelling:0.58875
off-beat comedy:0.57875
long:0.56825
golden palm:0.56525
narrated:0.558
cult classic:0.55675
entirely dialogue:0.55525
paranoid:0.5505
dreamlike:0.5495
cult film:0.538
colourful:0.538
greed:0.538
good soundtrack:0.53575
1970s:0.52675
mindfuck:0.52125
stoner movie:0.51525
adapted from:book:0.51375
satire:0.49525
surrealism:0.49425
crime gone awry:0.4855
runaway:0.4835
art house:0.48325
very interesting:0.483
film noir:0.48175
detective:0.4815
breathtaking:0.478
atmospheric:0.47625
character study:0.46725
non-linear:0.45325
great ending:0.45175
lynch:0.44975
insanity:0.447
art:0.445
slow paced:0.44325
visual:0.44275
unusual plot structure:0.43825
twists & turns:0.4365
loneliness:0.43075
private detective:0.42975
bizarre:0.4295
police investigation:0.42925
slow:0.428
melancholy:0.42625
mystery:0.42525
meditative:0.4225
obsession:0.4185
sexy:0.4165
brutality:0.41475
ensemble cast:0.41325
intimate:0.40575
catastrophe:0.399
satirical:0.394
depression:0.3925
drug addiction:0.39225
bleak:0.39075
imdb top 250:0.3855
multiple storylines:0.38275
masterpiece:0.38
clever:0.3745
gangsters:0.37425
