addiction:0.992
drug addiction:0.99175
drugs:0.98325
downbeat:0.97525
heroin:0.95125
bleak:0.9255
melancholic:0.92425
relationships:0.91025
depressing:0.8985
depression:0.88575
harsh:0.862
1970s:0.849
homeless:0.847
golden palm:0.83075
drinking:0.82625
criterion:0.824
drug abuse:0.82325
gritty:0.8225
intimate:0.8205
loneliness:0.81825
realistic:0.80975
disturbing:0.80875
character study:0.80425
mentor:0.7865
original:0.77725
marijuana:0.77175
brutality:0.769
grim:0.7655
good soundtrack:0.76325
crime gone awry:0.75975
runaway:0.75675
talky:0.7505
social commentary:0.7385
new york city:0.73175
enigmatic:0.70425
redemption:0.70225
gangsters:0.70175
adapted from:book:0.69875
artistic:0.69425
pornography:0.686
prostitution:0.686
life philosophy:0.67575
reflective:0.66775
interesting:0.6675
psychology:0.65725
existentialism:0.65225
visceral:0.64925
multiple storylines:0.64625
independent film:0.645
indie:0.64375
cult classic:0.6365
oscar (best actress):0.625
complex:0.6175
nocturnal:0.6125
new york:0.6115
intense:0.60275
stylized:0.60275
mental illness:0.598
cerebral:0.59675
death:0.58775
greed:0.58225
underrated:0.58225
highly quotable:0.58
nudity (topless - notable):0.579
dark:0.577
drama:0.567
nudity (full frontal - notable):0.566
sexualized violence:0.562
dark hero:0.55825
cult film:0.55
male nudity:0.55
cool:0.54625
honest:0.54325
weird:0.54175
great ending:0.5415
storytelling:0.53575
visually appealing:0.5355
oscar (best directing):0.5325
melancholy:0.5315
very interesting:0.52
artist:0.514
hospital:0.51275
oscar (best writing - screenplay written directly for the screen):0.51175
narrated:0.5085
atmospheric:0.508
tense:0.5065
dreams:0.5
controversial:0.49875
psychological:0.4965
bittersweet:0.49075
coming of age:0.4885
gunfight:0.48775
corruption:0.47825
paranoia:0.476
great movie:0.47575
affectionate:0.475
black and white:0.474
violent:0.4645
insanity:0.461
great acting:0.4585
