shakespeare:0.99625
70mm:0.97775
based on a play:0.878
literature:0.83925
drama:0.83575
adaptation:0.81525
18th century:0.8105
great acting:0.80525
original:0.7785
tragedy:0.77
oscar (best actress):0.7645
dramatic:0.71
oscar (best directing):0.7
mentor:0.67525
great:0.674
interesting:0.66175
good:0.65625
dialogue:0.65325
betrayal:0.6335
great movie:0.611
oscar (best supporting actress):0.59925
criterion:0.59825
intense:0.598
corruption:0.59675
19th century:0.595
greed:0.59475
secrets:0.5945
complex:0.58725
murder:0.5805
runaway:0.5745
passionate:0.56075
obsession:0.55975
adapted from:book:0.54375
cinematography:0.52025
very interesting:0.51925
cerebral:0.518
great ending:0.5175
witty:0.5135
england:0.51125
police investigation:0.51
talky:0.5005
very good:0.49075
visually stunning:0.48875
justice:0.48875
excellent:0.488
unusual plot structure:0.4875
oscar:0.4835
insanity:0.47625
costume drama:0.468
good acting:0.46275
british:0.4565
oscar winner:0.454
visual:0.43325
clever:0.431
breathtaking:0.42775
story:0.4275
catastrophe:0.42375
ensemble cast:0.42225
revenge:0.412
fun movie:0.40825
guilt:0.408
melancholic:0.4075
stunning:0.407
masterpiece:0.4045
atmospheric:0.4015
melancholy:0.40125
manipulation:0.39825
culture clash:0.3955
redemption:0.395
storytelling:0.39225
life & death:0.39225
adultery:0.38975
stylized:0.38725
good soundtrack:0.3855
long:0.37925
movielens top pick:0.379
not funny:0.377
entirely dialogue:0.3715
mistaken identity:0.366
earnest:0.366
immortality:0.35875
brutality:0.3585
period piece:0.35625
entertaining:0.356
excellent script:0.35425
oscar (best picture):0.35175
twists & turns:0.3485
pornography:0.34725
crime gone awry:0.34625
light:0.34075
original plot:0.34025
swashbuckler:0.34
based on book:0.3385
oscar (best actor):0.3365
pg-13:0.33275
exceptional acting:0.33125
murder mystery:0.3295
artistic:0.3285
medieval:0.3285
historical:0.3255
