relationships:0.97125
friendship:0.894
romantic:0.86975
nudity (topless - notable):0.86175
destiny:0.84175
unlikely friendships:0.814
life philosophy:0.8085
romantic comedy:0.8005
drama:0.75925
earnest:0.75775
loneliness:0.71975
good:0.714
good soundtrack:0.69
original:0.67625
emotional:0.63475
mentor:0.6305
women:0.62475
sentimental:0.6095
drinking:0.60425
indie:0.596
love:0.5805
honest:0.58
bittersweet:0.57925
catastrophe:0.56875
love story:0.544
girlie movie:0.5355
good acting:0.5355
great:0.53025
sacrifice:0.52275
great ending:0.51975
realistic:0.51775
happy ending:0.51725
culture clash:0.5165
marriage:0.5145
transformation:0.51175
courage:0.5115
nudity (topless):0.50925
touching:0.5025
pornography:0.4875
cool:0.486
intimate:0.472
pg-13:0.46275
melancholic:0.4615
life & death:0.46025
dialogue:0.4495
suspense:0.4435
passionate:0.44125
homeless:0.43675
interesting:0.434
great acting:0.43025
interracial romance:0.42725
story:0.42225
social commentary:0.4205
depression:0.41675
betrayal:0.41225
excellent script:0.40525
oscar (best directing):0.4035
natural disaster:0.398
romance:0.3975
redemption:0.39425
very good:0.39125
sexy:0.39025
talky:0.386
entirely dialogue:0.3835
fun movie:0.3825
sad:0.38
solitude:0.37825
notable nudity:0.37775
very interesting:0.37575
feel-good:0.37475
better than expected:0.3745
crime gone awry:0.36925
intense:0.369
great movie:0.36725
sad but good:0.366
not funny:0.3625
nudity (full frontal - brief):0.36175
stereotypes:0.36075
brutality:0.355
chase:0.35375
chick flick:0.353
beautiful scenery:0.349
cute:0.34625
childhood:0.3395
classic car:0.3375
male nudity:0.33725
excellent:0.335
race issues:0.33325
predictable:0.33225
independent film:0.33075
feel good movie:0.3275
obsession:0.32675
based on true story:0.32475
alternate endings:0.3245
runaway:0.3215
clever:0.3155
witty:0.3135
college:0.3135
character study:0.31175
poignant:0.3115
