alien:0.923
comedy:0.9055
funny:0.786
original:0.74675
mars:0.73525
dumb but funny:0.72025
predictable:0.637
aliens:0.623
very funny:0.614
destiny:0.554
hilarious:0.54225
sci fi:0.529
humorous:0.52075
great ending:0.509
clones:0.50775
great:0.5025
humor:0.502
story:0.49575
unfunny:0.4905
disaster:0.4885
chase:0.4845
mentor:0.4815
first contact:0.47975
catastrophe:0.4635
science fiction:0.45825
doctors:0.452
greed:0.4515
dialogue:0.441
cloning:0.43875
women:0.42775
nudity (topless):0.4035
pg-13:0.3995
silly:0.39675
weird:0.39575
good:0.3905
stereotypes:0.38225
good soundtrack:0.3785
storytelling:0.37475
satirical:0.37325
feel-good:0.37175
quirky:0.3655
sci-fi:0.35625
farce:0.35075
brutality:0.3505
humanity:0.349
great movie:0.3425
sexy:0.3415
shallow:0.3355
fantasy world:0.33475
suprisingly clever:0.33375
family:0.333
romantic:0.3325
screwball:0.332
fun:0.3305
light:0.32675
clever:0.32475
feel good movie:0.32275
adaptation:0.32125
nudity (full frontal - brief):0.32025
fight scenes:0.31975
romantic comedy:0.31675
special effects:0.31575
screwball comedy:0.31425
stupid:0.3055
redemption:0.303
silly fun:0.3005
crude humor:0.30025
absurd:0.29675
so bad it's funny:0.29625
runaway:0.29575
justice:0.29575
unusual plot structure:0.29475
scifi:0.29425
life philosophy:0.29375
pornography:0.29125
vengeance:0.2905
goofy:0.29025
fun movie:0.28225
interesting:0.282
too long:0.28025
plot:0.2765
chick flick:0.276
death:0.27275
bad plot:0.2725
plot holes:0.27
touching:0.2675
paranoia:0.2665
police investigation:0.26425
entirely dialogue:0.26375
happy ending:0.263
nudity (topless - notable):0.2615
saturday night live:0.25875
not funny:0.2565
natural disaster:0.25625
bad ending:0.25425
very interesting:0.25425
entertaining:0.25225
melancholic:0.25075
lone hero:0.25
culture clash:0.24975
