nostalgic:0.99325
radio:0.97225
childhood:0.9355
narrated:0.86775
wistful:0.863
bittersweet:0.8535
nostalgia:0.848
new york:0.81375
period piece:0.79075
poignant:0.76475
original:0.73475
memory:0.7015
music:0.69325
reflective:0.69125
wartime:0.68275
storytelling:0.6325
humorous:0.6205
talky:0.61425
quirky:0.60975
melancholy:0.60825
oscar (best directing):0.60375
great:0.603
sentimental:0.60075
1930s:0.59975
affectionate:0.58925
melancholic:0.58725
beautifully filmed:0.5795
stylized:0.57375
jewish:0.56325
relationships:0.5625
new jersey:0.56075
new york city:0.56075
witty:0.5575
dialogue:0.5545
great ending:0.553
cinematography:0.55275
dysfunctional family:0.55175
imdb top 250:0.5345
oscar (best actress):0.52575
good soundtrack:0.5245
story:0.52325
great movie:0.5185
parenthood:0.51825
criterion:0.516
oscar (best supporting actress):0.51525
family:0.515
mentor:0.494
culture clash:0.4915
world war ii:0.487
touching:0.4835
unusual plot structure:0.47275
1970s:0.454
loneliness:0.44475
spying:0.443
catastrophe:0.44075
passionate:0.44
very funny:0.43725
drama:0.4355
life philosophy:0.42425
life & death:0.424
emotional:0.42
quotable:0.41775
love:0.40275
adapted from:book:0.4025
atmospheric:0.39875
ensemble cast:0.392
social commentary:0.3915
earnest:0.38925
light:0.388
runaway:0.38375
clever:0.383
highly quotable:0.38225
awesome soundtrack:0.382
nudity (rear):0.37625
photography:0.37525
underrated:0.37525
intimate:0.375
dramatic:0.37275
artistic:0.37225
adaptation:0.37125
multiple storylines:0.36875
chase:0.3685
adolescence:0.364
tragedy:0.3615
masterpiece:0.361
transformation:0.36075
funny:0.3595
nudity (full frontal - brief):0.35775
enigmatic:0.3565
depression:0.3555
visual:0.35325
suprisingly clever:0.349
obsession:0.345
excellent script:0.345
honest:0.343
alter ego:0.34225
secrets:0.33825
series:0.335
eccentricity:0.33375
visually appealing:0.33325
