heist:0.96825
erotic:0.94375
twists & turns:0.906
stylish:0.905
sexy:0.86525
pornography:0.85025
plot twist:0.825
neo-noir:0.82225
twist ending:0.8035
obsession:0.79
noir thriller:0.7795
twist:0.77825
voyeurism:0.777
nudity (full frontal - notable):0.751
thriller:0.70575
original:0.6935
surreal:0.66625
hitchcock:0.65675
noir:0.65675
suspense:0.6535
storytelling:0.647
enigmatic:0.64025
dialogue:0.6395
manipulation:0.6305
amazing cinematography:0.6255
weird:0.62375
nudity (full frontal):0.61625
complex:0.615
identity:0.584
crime:0.576
suspenseful:0.573
caper:0.57125
tricky:0.56375
film noir:0.55725
police investigation:0.5525
absurd:0.55075
runaway:0.549
cinematography:0.542
lynch:0.53525
visual:0.5345
great ending:0.52525
interesting:0.52125
betrayal:0.51725
very interesting:0.5045
pointless:0.504
dreams:0.502
murder:0.49775
nudity (topless - notable):0.491
confusing:0.48525
complicated:0.47775
dreamlike:0.4665
mindfuck:0.464
clever:0.463
chase:0.461
stylized:0.457
bad plot:0.4555
sexual:0.44925
kidnapping:0.445
so bad it's funny:0.4445
unusual plot structure:0.443
secrets:0.44225
entirely dialogue:0.43475
surveillance:0.43175
non-linear:0.42925
sex:0.429
bad ending:0.423
mentor:0.40925
art:0.4075
life & death:0.40575
story:0.3985
cheating:0.398
mystery:0.39775
hotel:0.3975
catastrophe:0.3945
great:0.39
predictable:0.38725
destiny:0.38475
psychological:0.38375
mistaken identity:0.37625
plot holes:0.37475
silly:0.37
visually appealing:0.36925
melancholic:0.36625
women:0.361
guilt:0.361
light:0.3605
criterion:0.36025
plot:0.3585
not funny:0.35825
visceral:0.354
action:0.35175
nudity (full frontal - brief):0.35075
male nudity:0.3485
overrated:0.34325
redemption:0.34025
visuals:0.3395
art house:0.339
gangsters:0.3335
surprise ending:0.33275
corruption:0.33175
