thriller:0.9345
suspenseful:0.923
suspense:0.88575
predictable:0.772
original:0.70175
plot holes:0.682
pg-13:0.67
conspiracy:0.66375
internet:0.6455
twists & turns:0.6335
so bad it's funny:0.60375
catastrophe:0.588
police investigation:0.5785
chase:0.57
teen movie:0.56975
good:0.5645
bad plot:0.55775
natural disaster:0.55175
plot:0.545
twist:0.5255
first contact:0.518
spying:0.50775
sexy:0.495
better than expected:0.48975
lawyer:0.48325
intense:0.4795
fun movie:0.46475
serial killer:0.46175
entertaining:0.44825
secrets:0.44825
tense:0.44775
murder:0.4465
death:0.44625
great ending:0.441
runaway:0.436
mentor:0.4325
cars:0.43
story:0.41475
dialogue:0.41075
very interesting:0.40475
kidnapping:0.39625
stupid:0.391
bad:0.39
plot twist:0.3845
kids and family:0.38325
stupidity:0.3805
horrible:0.37925
lawyers:0.37725
bad ending:0.3705
idiotic:0.3685
surveillance:0.3665
not funny:0.36525
unrealistic:0.364
storytelling:0.3565
disaster:0.355
greed:0.35275
family:0.343
surprise ending:0.3415
paranoia:0.34075
teen:0.33925
revenge:0.33775
conspiracy theory:0.3375
twist ending:0.33075
nudity (topless - notable):0.3295
no plot:0.32875
life philosophy:0.328
great:0.3235
destiny:0.32225
pornography:0.31975
exciting:0.31425
nudity (full frontal - brief):0.31175
silly:0.30325
manipulation:0.3005
teens:0.2995
scary:0.2975
clever:0.297
orphans:0.2965
good acting:0.29375
nocturnal:0.2905
brutality:0.28925
adoption:0.28875
adaptation:0.287
overrated:0.285
lone hero:0.28425
ominous:0.282
interesting:0.27925
good soundtrack:0.2775
great acting:0.27675
psychological:0.2765
vengeance:0.2745
cinematography:0.2705
car chase:0.2695
fbi:0.268
unfunny:0.2665
pointless:0.26525
lame:0.2635
entirely dialogue:0.2635
boring:0.26225
corruption:0.2605
fast paced:0.25725
