true story:0.945
based on a true story:0.94375
mental illness:0.94175
catholicism:0.93125
based on true story:0.89375
psychological:0.88275
germany:0.84425
melancholic:0.81475
psychology:0.80525
social commentary:0.7445
storytelling:0.74
religion:0.73625
drama:0.73525
good soundtrack:0.735
1970s:0.71575
loneliness:0.71525
talky:0.70875
original:0.704
relationships:0.69475
disturbing:0.68375
cinematography:0.6815
hospital:0.6635
oscar (best actress):0.66025
great acting:0.65775
life & death:0.65325
friendship:0.6375
dramatic:0.63675
christianity:0.6355
german:0.6265
crime gone awry:0.626
dark humor:0.6245
creepy:0.6245
atmospheric:0.6075
realistic:0.60275
visually appealing:0.59325
criterion:0.5915
golden palm:0.5845
schizophrenia:0.5795
drinking:0.57725
life:0.577
death:0.5715
character study:0.57125
powerful ending:0.56725
justice:0.566
interesting:0.56575
dark:0.56575
harsh:0.56075
brutality:0.56
breathtaking:0.55775
insanity:0.5575
small town:0.556
narrated:0.55575
very interesting:0.54425
good acting:0.51925
oscar (best foreign language film):0.516
suprisingly clever:0.51175
visceral:0.49775
runaway:0.486
better than the american version:0.4855
enigmatic:0.4835
cerebral:0.483
corruption:0.4785
demons:0.47375
unlikely friendships:0.46925
depression:0.46675
redemption:0.46525
weird:0.459
twists & turns:0.45275
sexual abuse:0.45175
ethnic conflict:0.45125
stylized:0.4505
great ending:0.4485
adaptation:0.4485
violence:0.44475
meditative:0.4415
melancholy:0.429
independent film:0.4275
grim:0.425
beautifully filmed:0.42
tragedy:0.415
parenthood:0.4135
mentor:0.411
nocturnal:0.40825
story:0.4065
intimate:0.40175
islam:0.39725
blood:0.39675
catastrophe:0.39475
violent:0.39075
eerie:0.3885
police investigation:0.38425
best of 2005:0.38125
understated:0.3805
depressing:0.3785
adapted from:book:0.37775
moody:0.377
downbeat:0.377
psychiatry:0.37375
reflective:0.372
bleak:0.3705
