christian:0.99675
god:0.9925
christianity:0.98875
jesus:0.972
marriage:0.97125
story:0.887
religion:0.871
biblical:0.83475
dialogue:0.81275
big budget:0.80525
relationships:0.7905
divorce:0.79025
script:0.78225
better than expected:0.768
bad acting:0.76125
life philosophy:0.73725
original:0.73625
love story:0.7295
family:0.69
propaganda:0.6815
romantic comedy:0.6715
beautiful scenery:0.655
scenic:0.65325
catastrophe:0.6375
courage:0.6265
love:0.62075
romantic:0.6185
pg-13:0.61175
honest:0.6105
destiny:0.603
good:0.54175
transformation:0.53325
happy ending:0.531
internet:0.5155
predictable:0.51325
feel-good:0.484
family drama:0.4765
apocalypse:0.46475
girlie movie:0.464
mentor:0.464
chick flick:0.46275
touching:0.461
inspirational:0.45175
natural disaster:0.43825
sacrifice:0.437
great:0.433
fight scenes:0.4305
feel good movie:0.429
heartwarming:0.42775
plot:0.4235
bad cgi:0.3905
good acting:0.385
unrealistic:0.3705
romance:0.35725
entertaining:0.35525
redemption:0.3445
lone hero:0.34
action:0.33925
pornography:0.33875
so bad it's funny:0.3375
segregation:0.3355
stereotypes:0.33375
inspiring:0.3325
atheism:0.329
cheesy:0.32825
storytelling:0.322
chase:0.321
family bonds:0.31975
bullshit history:0.31925
special effects:0.318
great ending:0.3145
culture clash:0.312
sappy:0.31
dynamic cgi action:0.30775
not funny:0.3075
drama:0.3075
underdog:0.30725
utopia:0.30575
based on a book:0.30325
homeless:0.303
prejudice:0.3
suprisingly clever:0.2905
runaway:0.28925
good soundtrack:0.286
memory loss:0.284
unfunny:0.28
excellent:0.27925
adultery:0.27625
entirely dialogue:0.26425
good story:0.26275
thought-provoking:0.2625
earnest:0.26225
shallow:0.25825
fun movie:0.257
oil:0.25675
secrets:0.254
c.s. lewis:0.253
simple:0.25
computer animation:0.25
graphic design:0.249
