space opera:0.99375
trilogy:0.9775
special effects:0.9765
franchise:0.976
space:0.97175
big budget:0.9715
star wars:0.9575
series:0.9545
prequel:0.95225
action:0.94275
sci-fi:0.91675
dynamic cgi action:0.9145
sci fi:0.9115
mythology:0.903
robots:0.8995
adventure:0.896
visual:0.89525
good versus evil:0.89475
fantasy:0.8905
saturn award (best special effects):0.884
science fiction:0.8805
scifi:0.88
dialogue:0.8705
aliens:0.85825
visually stunning:0.85325
original plot:0.8515
computer animation:0.85125
destiny:0.84475
original:0.8435
visually appealing:0.8345
fantasy world:0.834
futuristic:0.8335
alien:0.82275
great ending:0.81875
technology:0.81725
space travel:0.81525
racing:0.80375
good:0.78425
exciting:0.784
intense:0.784
desert:0.78325
story:0.78
plot:0.76175
cgi:0.76025
clones:0.7555
high fantasy:0.7535
effects:0.737
first contact:0.7205
future:0.7205
cool:0.71725
epic:0.715
sequel:0.7145
great movie:0.714
catastrophe:0.714
cloning:0.70825
magic:0.7055
fighting:0.703
mentor:0.698
redemption:0.69425
storytelling:0.6785
awesome soundtrack:0.677
war:0.669
pg-13:0.6645
bad acting:0.65625
script:0.655
bad plot:0.646
sword fight:0.6435
fight scenes:0.64175
plot holes:0.61475
action packed:0.614
great:0.61275
shallow:0.61175
no plot:0.60375
crappy sequel:0.586
great soundtrack:0.5825
parallel universe:0.567
predictable:0.56425
visuals:0.552
family:0.54775
light:0.54225
good action:0.53975
betrayal:0.535
entertaining:0.533
natural disaster:0.52925
fast paced:0.5245
nostalgic:0.521
interesting:0.5115
good soundtrack:0.507
forceful:0.49975
wizards:0.49075
imdb top 250:0.488
fun movie:0.481
happy ending:0.4775
geek:0.469
enormously long battle scene:0.46825
oscar (best effects - visual effects):0.46475
chase:0.4645
bad:0.45075
unfunny:0.4495
pointless:0.44725
