holiday:0.994
christmas:0.98825
family:0.96475
children:0.94825
comedy:0.9345
kids and family:0.91175
kids:0.8565
fun movie:0.81925
funny:0.76575
chase:0.7345
childhood:0.732
classic:0.68175
original:0.67425
silly fun:0.66975
good:0.63075
cute!:0.61175
family drama:0.599
slapstick:0.5885
dysfunctional family:0.5835
violence:0.568
great:0.566
fun:0.56575
sentimental:0.5625
catastrophe:0.56075
very funny:0.55825
goofy:0.549
hilarious:0.533
entertaining:0.52825
predictable:0.522
cute:0.5185
natural disaster:0.5175
happy ending:0.505
feel-good:0.4925
heartwarming:0.49225
destiny:0.4865
silly:0.46075
suspense:0.45175
culture clash:0.4505
pg-13:0.447
parenthood:0.444
adventure:0.44275
good action:0.4405
mentor:0.437
runaway:0.43675
idiotic:0.4295
humorous:0.414
nostalgic:0.414
funniest movies:0.40475
story:0.40225
feel good movie:0.39825
great movie:0.3975
divorce:0.39475
death:0.39475
great ending:0.3905
time:0.39
clever:0.389
humor:0.38725
pg:0.38675
dialogue:0.3855
action:0.381
lone hero:0.36575
storytelling:0.36425
oscar winner:0.35875
unfunny:0.35325
fantasy:0.349
vengeance:0.348
loneliness:0.342
big budget:0.34175
franchise:0.3325
crude humor:0.33225
family bonds:0.33175
saturn award (best special effects):0.33175
dumb:0.33
special effects:0.3255
plot:0.32275
first contact:0.31575
great acting:0.30675
gangsters:0.30275
island:0.297
justice:0.29625
girlie movie:0.29525
brutality:0.29475
violent:0.2935
airport:0.291
overrated:0.28775
touching:0.287
light:0.2855
foul language:0.285
police investigation:0.284
adaptation:0.27775
saturday night live:0.2775
beautiful scenery:0.27725
life philosophy:0.27575
switching places:0.2735
funny as hell:0.27325
melancholic:0.272
sappy:0.2715
brothers:0.27125
redemption:0.2695
scary:0.269
