musicians:0.97275
music:0.93425
jazz:0.9045
political corruption:0.846
gangsters:0.82175
original:0.67025
gangster:0.6145
segregation:0.60925
good soundtrack:0.5935
great music:0.59275
kidnapping:0.57475
1930s:0.5545
good music:0.554
dialogue:0.53425
harsh:0.52275
solitude:0.511
pointless:0.49925
crime gone awry:0.4985
corruption:0.49825
brutality:0.48275
weird:0.48125
stylized:0.4545
musical:0.4325
cinematography:0.43175
melancholic:0.4305
enigmatic:0.429
catastrophe:0.41775
life philosophy:0.40875
entirely dialogue:0.4075
great ending:0.4065
complex:0.40625
visually appealing:0.4045
mentor:0.40325
addiction:0.40075
fantasy world:0.38175
sexualized violence:0.3645
visual:0.3575
satirical:0.35725
downbeat:0.357
nudity (full frontal - notable):0.3555
surreal:0.349
criterion:0.34875
pornography:0.34775
crime:0.346
period piece:0.3395
very interesting:0.33925
not funny:0.33525
atmospheric:0.33375
exceptional acting:0.33325
storytelling:0.3255
ensemble cast:0.32275
violence:0.3215
nocturnal:0.314
hip hop:0.31075
redemption:0.30775
great:0.30725
unusual plot structure:0.3055
depression:0.3035
culture clash:0.2995
runaway:0.29725
classic car:0.29675
violent:0.29175
non-linear:0.28675
adaptation:0.2865
politics:0.2845
good:0.2805
mob:0.28025
story:0.276
drugs:0.274
nonlinear:0.27325
drinking:0.27075
predictable:0.26875
loneliness:0.26825
cult film:0.2595
first contact:0.25425
pulp:0.25425
vengeance:0.2535
feel-good:0.25325
social commentary:0.2525
political:0.2485
drama:0.2465
childhood:0.2465
women:0.2455
talky:0.24475
multiple storylines:0.24425
lone hero:0.24325
life & death:0.243
interesting:0.2425
nudity (topless - notable):0.24125
betrayal:0.239
dreamlike:0.23875
grindhouse:0.23775
feel good movie:0.23775
surrealism:0.236
bad plot:0.2345
dysfunctional family:0.233
dark hero:0.23175
suprisingly clever:0.23175
fight scenes:0.231
dark:0.229
