future:0.9995
time travel:0.9895
science fiction:0.986
time loop:0.97125
scifi:0.9645
awesome soundtrack:0.9635
imdb top 250:0.958
sci-fi:0.95
futuristic:0.94625
adventure:0.94275
time:0.94125
sci fi:0.9395
quotable:0.9325
fun movie:0.92725
classic:0.92425
comedy:0.92025
great movie:0.90725
trilogy:0.90675
alternate universe:0.8985
story:0.89325
saturn award (best special effects):0.89025
nostalgic:0.89
mentor:0.889
bullying:0.87825
1980s:0.8755
good:0.8685
destiny:0.8655
original:0.85675
great:0.846
excellent script:0.844
kids:0.8435
childhood:0.84275
80s:0.84025
great ending:0.83875
teen:0.83775
special effects:0.83125
chase:0.8295
1950s:0.82425
fantasy:0.81975
fun:0.815
alternate reality:0.81175
feel-good:0.807
highly quotable:0.79975
original plot:0.79725
cool:0.78925
excellent:0.76625
storytelling:0.76175
clever:0.7605
cult classic:0.75625
sequel:0.7455
complex:0.73525
spielberg:0.73375
fast paced:0.718
dystopic future:0.716
oscar winner:0.71375
humor:0.70425
good action:0.704
feel good movie:0.701
suspense:0.69825
technology:0.6955
entertaining:0.694
saturn award (best science fiction film):0.69125
great acting:0.6855
travel:0.6855
humorous:0.6845
action:0.6835
romance:0.67975
pg-13:0.67425
intense:0.6595
plot holes:0.64725
good soundtrack:0.64625
funny:0.64425
visual:0.64175
family:0.634
light:0.63375
mad scientist:0.63225
dialogue:0.632
love story:0.631
oscar (best directing):0.62025
series:0.62025
runaway:0.6195
oscar (best effects - visual effects):0.617
transformation:0.616
big budget:0.6155
good acting:0.613
imagination:0.61075
creativity:0.607
masterpiece:0.60475
exciting:0.59975
culture clash:0.5875
whimsical:0.5875
teenager:0.58675
romantic:0.577
great soundtrack:0.57275
goofy:0.57225
kids and family:0.571
witty:0.5705
very good:0.57025
very funny:0.5615
hilarious:0.55225
