comedy:0.92275
silly fun:0.853
parody:0.82475
hilarious:0.789
stoner movie:0.76875
humorous:0.74075
very funny:0.73975
gangsters:0.73925
original:0.739
weed:0.70025
hit men:0.6875
off-beat comedy:0.68025
gunfight:0.6705
chase:0.662
funny:0.662
goofy:0.6605
drugs:0.65075
satire:0.6505
spoof:0.62625
violence:0.61875
absurd:0.617
violent:0.6095
irreverent:0.609
vengeance:0.59675
buddy movie:0.539
action:0.53475
runaway:0.53075
life & death:0.51725
humor:0.4935
dialogue:0.4875
unfunny:0.4825
culture clash:0.4785
story:0.47225
assassination:0.47025
crazy:0.4615
good action:0.44575
great ending:0.442
pg-13:0.42975
dumb but funny:0.42975
revenge:0.427
mistaken identity:0.4225
fight scenes:0.4215
silly:0.418
gratuitous violence:0.416
clever:0.41525
gangster:0.409
predictable:0.40725
catastrophe:0.403
farce:0.39975
dumb:0.39625
gangs:0.39525
slapstick:0.38875
mentor:0.3885
creativity:0.38375
pornography:0.37925
first contact:0.37725
male nudity:0.37575
quotable:0.37375
satirical:0.37325
great:0.373
murder:0.37125
brutality:0.361
suprisingly clever:0.352
visually appealing:0.35125
saturday night live:0.3505
nudity (full frontal - brief):0.34525
stereotypes:0.3405
harsh:0.34025
suspense:0.33875
writers:0.3365
alter ego:0.336
storytelling:0.3345
stylish:0.32975
death:0.32575
crude humor:0.323
stylized:0.3225
obsession:0.32225
identity:0.32075
good soundtrack:0.3165
underrated:0.31525
fun movie:0.31275
cute:0.30825
so bad it's funny:0.30725
comic:0.306
sexualized violence:0.306
complex:0.305
too long:0.30425
nudity (rear):0.30225
transformation:0.30125
screwball:0.30075
criterion:0.29975
adaptation:0.296
lone hero:0.29225
betrayal:0.292
action packed:0.29125
unlikely friendships:0.28825
fantasy world:0.28725
kidnapping:0.282
forceful:0.2815
hitman:0.27875
