fun movie:0.833
so bad it's funny:0.777
original:0.75775
horrible:0.73475
predictable:0.73225
fight scenes:0.66875
brutality:0.604
camp:0.57375
fun:0.56475
bad plot:0.55525
80s:0.54425
mentor:0.52625
surreal:0.513
campy:0.497
overrated:0.48875
action:0.48525
good action:0.4825
silly fun:0.4795
fantasy world:0.472
unintentionally funny:0.47175
idiotic:0.46925
happy ending:0.4685
good:0.4665
dialogue:0.46575
not as good as the first:0.4645
bad:0.45275
underdog:0.44175
great ending:0.43675
violence:0.4245
catastrophe:0.41825
silly:0.411
internet:0.40275
lone hero:0.3935
sci fi:0.3935
allegory:0.3845
stupid as hell:0.384
adaptation:0.38275
cool:0.3795
first contact:0.37775
based on a video game:0.3765
cult film:0.375
unusual plot structure:0.359
ninja:0.35775
sports:0.3565
adapted from:comic:0.35525
entirely dialogue:0.34925
crappy sequel:0.3485
runaway:0.347
pulp:0.34475
family:0.344
destiny:0.3415
classic:0.33825
great acting:0.3365
goofy:0.33325
weapons:0.3275
boring:0.32475
monster:0.3235
redemption:0.31725
slapstick:0.3065
not funny:0.30325
storytelling:0.29775
mars:0.2955
vengeance:0.29525
chase:0.29
splatter:0.28925
natural disaster:0.28675
disaster:0.286
sci-fi:0.28425
parody:0.2825
franchise:0.28175
nudity (rear):0.2815
stupid:0.28125
so bad it's good:0.28125
culture clash:0.27975
love story:0.27975
dreamlike:0.279
humorous:0.279
great:0.2745
imdb top 250:0.2735
bad ending:0.2675
gangsters:0.26525
stupidity:0.26425
fantasy:0.26425
life philosophy:0.264
very good:0.2625
snakes:0.262
cheesy:0.26175
death:0.261
justice:0.2585
violent:0.2575
finnish:0.255
crude humor:0.25475
quirky:0.2485
nudity (full frontal - brief):0.24775
very funny:0.2475
shallow:0.24675
nocturnal:0.24525
entertaining:0.24375
absurd:0.2415
existentialism:0.2395
