gangs:0.96825
los angeles:0.88325
friendship:0.83825
good soundtrack:0.79
teen movie:0.78475
harsh:0.7775
unlikely friendships:0.7765
drugs:0.761
bittersweet:0.7385
teen:0.70375
original:0.68925
stylized:0.64875
pornography:0.645
social commentary:0.631
teens:0.62575
classic car:0.58875
brutality:0.585
violence:0.5835
childhood:0.583
women:0.582
mentor:0.57875
gangsters:0.5625
melancholic:0.56175
high school:0.56025
very interesting:0.55025
grindhouse:0.5485
runaway:0.542
reflective:0.539
life:0.5325
adolescence:0.53225
awesome soundtrack:0.523
california:0.51825
drinking:0.516
hospital:0.5095
stereotypes:0.507
male nudity:0.504
loneliness:0.503
life & death:0.5
great ending:0.49775
road movie:0.48825
indie:0.4775
sexualized violence:0.44925
weird:0.441
redemption:0.43925
catastrophe:0.435
cool:0.4345
school:0.42875
visually appealing:0.41925
underrated:0.41725
prison:0.41225
dialogue:0.41075
sad:0.4045
great:0.40325
criterion:0.401
nudity (topless - notable):0.387
storytelling:0.37325
solitude:0.372
nudity (full frontal - notable):0.37175
good:0.37175
suprisingly clever:0.371
poignant:0.371
fantasy world:0.3705
intimate:0.36525
enigmatic:0.365
coming of age:0.3615
honest:0.3605
fun movie:0.35325
death:0.35325
bullying:0.34525
new jersey:0.344
immigrants:0.34225
adaptation:0.3415
story:0.34075
bad acting:0.33825
nudity (full frontal - brief):0.337
teenager:0.33675
oscar (best foreign language film):0.33475
tragedy:0.33275
bleak:0.33175
not funny:0.32625
talky:0.32475
unusual plot structure:0.3245
independent film:0.32375
culture clash:0.318
very good:0.318
coming-of-age:0.317
educational:0.315
downbeat:0.31425
fight scenes:0.314
nudity (topless):0.31125
violent:0.31125
relationships:0.309
queer:0.30425
cult classic:0.30225
weed:0.297
glbt:0.2965
nocturnal:0.294
gritty:0.29375
great soundtrack:0.29375
dreams:0.2925
