haunted house:0.989
ghosts:0.96875
supernatural:0.96375
creepy:0.95925
horror:0.90525
suspense:0.88925
life & death:0.8725
tense:0.84125
eerie:0.8325
atmospheric:0.81325
based on a book:0.81175
frightening:0.8065
cinematography:0.8035
psychological:0.803
dark:0.79425
original:0.77625
claustrophobic:0.77025
violent:0.76325
suspenseful:0.76125
weird:0.75175
grindhouse:0.7255
murder:0.69775
stylish:0.695
visceral:0.688
great ending:0.67925
scary:0.66775
visually appealing:0.66575
blood:0.663
ominous:0.663
adapted from:book:0.65925
insanity:0.657
psychology:0.653
adaptation:0.648
sexualized violence:0.64675
gothic:0.63725
special effects:0.636
demons:0.632
remake:0.60625
afterlife:0.6015
cannibalism:0.60025
survival:0.59525
gory:0.57375
allegory:0.57175
violence:0.57
brutality:0.5675
cult classic:0.5645
disturbing:0.5615
serial killer:0.55575
macabre:0.5555
effects:0.555
visual:0.54825
nocturnal:0.54625
grim:0.54425
goretastic:0.541
vengeance:0.53675
intense:0.52975
torture:0.526
dialogue:0.516
transformation:0.51325
investigation:0.51275
unusual plot structure:0.5075
story:0.507
revenge:0.49875
good soundtrack:0.49775
splatter:0.49675
bloody:0.49275
imagination:0.48175
twists & turns:0.48025
death:0.46325
graphic novel:0.4625
mystery:0.457
first contact:0.4565
great movie:0.45575
mentor:0.45275
great:0.4515
strange:0.451
silly:0.44325
monster:0.43675
ghosts/afterlife:0.43325
doctors:0.42975
cult film:0.4275
good:0.42525
catastrophe:0.42175
obsession:0.408
storytelling:0.40575
moral ambiguity:0.405
moody:0.39725
harsh:0.3955
justice:0.39525
brutal:0.39175
classic:0.3875
mad scientist:0.3845
talky:0.378
sci fi:0.37575
stylized:0.37575
not funny:0.37425
so bad it's funny:0.36725
spiders:0.3665
bad ending:0.35225
bizarre:0.35175
