18th century:0.95475
fun movie:0.929
romantic comedy:0.86225
mistaken identity:0.855
farce:0.85075
romantic:0.837
comedy:0.824
period piece:0.8
romance:0.75175
entertaining:0.739
sexy:0.73125
love story:0.699
light:0.69375
silly fun:0.6855
swashbuckler:0.6785
costume drama:0.668
pg-13:0.668
visually appealing:0.66675
beautiful scenery:0.6655
original:0.6305
great:0.618
cross dressing:0.61
sword fight:0.61
historical:0.594
women:0.5505
fun:0.54925
good:0.5435
destiny:0.54
chick flick:0.53975
screwball comedy:0.51325
dialogue:0.503
twists & turns:0.498
story:0.49625
silly:0.4945
catastrophe:0.48375
mentor:0.4765
adaptation:0.4725
predictable:0.47
visually stunning:0.4675
witty:0.46475
girlie movie:0.4495
whimsical:0.438
colourful:0.43375
passionate:0.429
great ending:0.428
feel-good:0.4245
transformation:0.42125
stunning:0.417
sweet:0.4165
betrayal:0.41375
cinematography:0.412
adventure:0.4085
happy ending:0.40675
clever:0.40625
fashion:0.4015
screwball:0.39975
sword fighting:0.38325
humorous:0.378
very funny:0.377
cute:0.37675
fast paced:0.36775
better than expected:0.3665
great movie:0.36525
rome:0.34925
slapstick:0.34425
chase:0.34325
cute!:0.34125
fairy tale:0.341
culture clash:0.33775
redemption:0.33675
life philosophy:0.332
love:0.3295
oscar (best supporting actor):0.32625
unusual plot structure:0.32575
beautiful:0.325
medieval:0.32375
storytelling:0.3205
so bad it's funny:0.31875
teen movie:0.315
feel good movie:0.31475
mozart:0.31375
earnest:0.31275
brutality:0.3105
justice:0.31025
big budget:0.31
shallow:0.30625
identity:0.306
good soundtrack:0.30375
great acting:0.303
fantasy:0.29975
factual:0.2935
visual:0.29275
fantasy world:0.29175
runaway:0.29175
history:0.2875
writers:0.2845
not funny:0.2835
based on true story:0.27925
islam:0.27725
us history:0.27075
