obsession:0.99225
adultery:0.97275
erotic:0.96775
sexual:0.94425
pornography:0.94225
nudity (topless - notable):0.922
relationships:0.9195
passionate:0.91575
enigmatic:0.8965
sexuality:0.88325
intimate:0.87525
psychological:0.86
loneliness:0.8545
sex:0.848
betrayal:0.827
tragedy:0.78025
reflective:0.76925
psychology:0.76625
literary adaptation:0.75925
male nudity:0.758
nudity (full frontal - notable):0.75225
visceral:0.7245
emotional:0.719
original:0.7125
infidelity:0.7105
criterion:0.69925
drama:0.6865
notable nudity:0.67475
secrets:0.66875
dysfunctional family:0.6665
melancholic:0.666
father son relationship:0.66
sexual abuse:0.6595
drinking:0.6595
manipulation:0.6585
melancholy:0.6455
complex:0.63625
sexualized violence:0.6315
adapted from:book:0.63125
incest:0.63025
storytelling:0.6275
sexy:0.617
culture clash:0.61325
life philosophy:0.61225
midlife crisis:0.61
marriage:0.6085
intense:0.598
weird:0.5865
nudity (full frontal - brief):0.57825
good soundtrack:0.578
cinematography:0.572
brutality:0.571
cerebral:0.56325
heartbreaking:0.56125
golden palm:0.557
love:0.55375
disturbing:0.55
life & death:0.546
guilt:0.54575
intellectual:0.53625
interesting:0.51425
honest:0.51075
bleak:0.50875
great ending:0.506
death:0.50325
visually appealing:0.50075
character study:0.49675
claustrophobic:0.4955
complicated:0.49375
art:0.49225
dialogue:0.49075
hotel:0.4905
catastrophe:0.48
talky:0.478
destiny:0.47775
very interesting:0.4725
entirely dialogue:0.46225
grim:0.4575
nonlinear:0.4505
multiple storylines:0.43375
beautiful scenery:0.43375
existentialism:0.4335
hospital:0.43075
stylized:0.42975
bdsm:0.4265
ironic:0.42425
mentor:0.4195
violent:0.41475
parenthood:0.4145
good acting:0.409
imagination:0.40625
redemption:0.40275
affectionate:0.40225
cynical:0.4015
books:0.40125
london:0.401
story:0.4
writers:0.399
moral ambiguity:0.39825
art house:0.39675
