drugs:0.92275
gangsters:0.7725
weed:0.72275
marijuana:0.7195
action:0.71
fast paced:0.7015
original:0.68525
dialogue:0.683
cool:0.64325
fun movie:0.57675
good soundtrack:0.556
comedy:0.55525
pulp:0.535
bad plot:0.52125
hit men:0.50425
entertaining:0.50125
great ending:0.4855
gangster:0.4815
england:0.47475
violence:0.4695
predictable:0.45025
good action:0.45
stylish:0.44725
drug abuse:0.434
car chase:0.43375
british:0.43325
gratuitous violence:0.43175
entirely dialogue:0.42075
sarcasm:0.41925
life philosophy:0.41925
culture clash:0.41625
mentor:0.41225
stereotypes:0.40525
so bad it's funny:0.405
good:0.40475
catastrophe:0.39525
fun:0.3865
very funny:0.38325
twists & turns:0.38
fantasy world:0.3725
storytelling:0.3545
fight scenes:0.35125
chase:0.35025
multiple storylines:0.34975
crude humor:0.3495
great:0.34725
action packed:0.347
police corruption:0.34675
script:0.346
assassin:0.342
silly:0.34075
vengeance:0.34025
clever:0.333
overrated:0.32875
pornography:0.32725
adaptation:0.32375
weapons:0.31825
pointless:0.31775
sexy:0.30875
arms dealer:0.307
idiotic:0.30675
drug addiction:0.30625
not funny:0.29975
funny:0.2995
violent:0.29575
addiction:0.2955
brutality:0.295
writers:0.295
first contact:0.29025
plot holes:0.28825
hip hop:0.287
pg-13:0.28475
corruption:0.2845
organized crime:0.28225
runaway:0.27875
foul language:0.27825
unfunny:0.27725
plot:0.2735
better than expected:0.27175
golf:0.26975
humorous:0.26975
witty:0.26825
bad acting:0.268
quirky:0.2675
absurd:0.26425
destiny:0.258
slapstick:0.25225
assassination:0.252
redemption:0.25175
silly fun:0.247
secrets:0.24575
twist ending:0.244
bloody:0.242
bad:0.2415
caper:0.24075
lone hero:0.24025
revenge:0.2385
crime:0.23525
stylized:0.23425
drinking:0.2325
