detective:0.9175
police investigation:0.916
murder mystery:0.903
chase:0.86
murder:0.83025
thriller:0.81725
serial killer:0.78125
investigation:0.77725
crime:0.76925
mystery:0.758
tom clancy:0.756
twists & turns:0.71475
predictable:0.70625
suspense:0.68125
suspenseful:0.681
adapted from:book:0.67675
surveillance:0.6735
original:0.6635
secret service:0.638
corruption:0.61875
mentor:0.614
great ending:0.59675
adaptation:0.59425
based on a book:0.591
books:0.555
very interesting:0.553
good:0.54875
father daughter relationship:0.54625
secrets:0.545
dialogue:0.5375
runaway:0.53675
police:0.53075
justice:0.52025
plot:0.51075
surprise ending:0.50975
kidnapping:0.48775
police corruption:0.4825
guilt:0.47475
catastrophe:0.46825
fbi:0.4625
action:0.462
story:0.45925
pornography:0.45675
conspiracy:0.4315
bad acting:0.429
plot holes:0.429
interesting:0.4245
identity:0.423
tense:0.416
doctors:0.4045
twist:0.39975
fast paced:0.385
betrayal:0.3805
twist ending:0.3785
assassination:0.368
better than expected:0.362
nudity (full frontal - brief):0.358
drama:0.3565
plot twist:0.34825
unfunny:0.34675
obsession:0.3465
not funny:0.34625
romance:0.346
first contact:0.34425
manipulation:0.3375
pg-13:0.337
entertaining:0.33475
book was better:0.33425
storytelling:0.331
vengeance:0.329
great:0.32175
intense:0.31775
culture clash:0.31625
brutality:0.3145
jesus:0.31375
good acting:0.30825
gunfight:0.30475
violence:0.30425
car chase:0.301
bad ending:0.29725
tricky:0.297
entirely dialogue:0.2955
life philosophy:0.29425
good action:0.2935
bad plot:0.28575
so bad it's funny:0.28525
book:0.285
based on book:0.27925
clever:0.27675
destiny:0.27575
redemption:0.27425
lawyer:0.27075
torture:0.27025
stylish:0.27025
melancholic:0.26875
computer animation:0.26875
good soundtrack:0.26825
aging:0.261
fight scenes:0.25775
excellent:0.25625
