slasher:0.99225
camp:0.98825
horror:0.9775
cult film:0.89825
twist ending:0.88975
male nudity:0.8885
campy:0.87
cult classic:0.8605
weird:0.84675
creepy:0.84025
teens:0.804
disturbing:0.78275
great ending:0.7745
serial killer:0.76875
splatter:0.766
original:0.766
surprise ending:0.752
gruesome:0.733
scary:0.7175
bad acting:0.70875
low budget:0.69075
gory:0.687
80s:0.67675
murder:0.675
pornography:0.6635
insanity:0.65475
bloody:0.645
bad ending:0.6155
brutality:0.6145
grindhouse:0.59225
cheesy:0.57675
bullying:0.57525
horrible:0.56675
bizarre:0.5645
cult:0.53175
so bad it's funny:0.52625
death:0.5215
halloween:0.5205
macabre:0.513
queer:0.50675
demons:0.49475
nudity (full frontal - notable):0.4595
alternate endings:0.45925
teen movie:0.45375
psychological:0.45375
not funny:0.43575
adolescence:0.43275
nudity:0.421
dialogue:0.4185
vengeance:0.4135
twist:0.41025
mentor:0.40775
mad scientist:0.39825
sexualized violence:0.39025
1980s:0.38
catastrophe:0.37875
zombie:0.37175
predictable:0.3625
fun movie:0.36075
plot twist:0.35325
suspenseful:0.3385
good soundtrack:0.335
teen:0.3345
sexy:0.33
entirely dialogue:0.32525
bad plot:0.32025
survival:0.3195
cannibalism:0.31825
crazy:0.317
nudity (topless - notable):0.3155
violence:0.31
creativity:0.30875
goretastic:0.30075
suspense:0.3005
melancholic:0.2975
revenge:0.2975
twists & turns:0.2925
doctors:0.2895
brutal:0.28525
adaptation:0.282
ironic:0.28075
pointless:0.27525
atmospheric:0.27
criterion:0.268
underrated:0.264
identity:0.2625
nudity (full frontal):0.26225
harsh:0.262
police investigation:0.258
first contact:0.257
sexual:0.2555
teenagers:0.25275
clones:0.25125
supernatural:0.24825
good:0.24675
erotic:0.241
blood:0.24075
overrated:0.23675
stylized:0.23525
culture clash:0.23425
