strippers:0.99875
nudity (full frontal - notable):0.8965
relationships:0.87725
nudity (topless):0.87075
notable nudity:0.87
pornography:0.8225
women:0.787
melancholic:0.78025
multiple storylines:0.778
erotic:0.761
brutality:0.75175
nudity (topless - notable):0.7415
male nudity:0.74025
original:0.734
los angeles:0.687
sexy:0.68675
nudity (full frontal):0.672
good soundtrack:0.66825
sexualized violence:0.6415
hip hop:0.623
drinking:0.61725
harsh:0.575
nudity:0.5715
shallow:0.56175
independent film:0.55975
ensemble cast:0.55625
intimate:0.5515
drugs:0.54475
pointless:0.53275
writers:0.53075
loneliness:0.51325
storytelling:0.5085
dialogue:0.50275
downbeat:0.4935
dysfunctional family:0.48525
life philosophy:0.48275
predictable:0.48225
greed:0.48
stereotypes:0.47725
gangsters:0.4745
nudity (rear):0.47225
bdsm:0.46875
drug abuse:0.4675
mentor:0.45925
indie:0.45725
dancing:0.448
quirky:0.43725
marijuana:0.43375
doctors:0.42625
great ending:0.42325
bloody:0.42125
very interesting:0.41875
great acting:0.4105
crime gone awry:0.406
vampire human love:0.405
stylized:0.40275
fantasy world:0.401
catastrophe:0.401
entirely dialogue:0.3965
controversial:0.3955
complex:0.38825
addiction:0.38325
enigmatic:0.37675
lesbian:0.3755
homeless:0.37125
runaway:0.3605
cult film:0.3585
stylish:0.34675
corruption:0.34375
ironic:0.34275
queer:0.342
california:0.34175
splatter:0.34175
criterion:0.34125
happy ending:0.34075
bad plot:0.3355
goretastic:0.33375
sexual abuse:0.33375
overrated:0.3325
police corruption:0.33175
nudity (full frontal - brief):0.33125
oscar (best supporting actress):0.32825
not funny:0.3255
drama:0.32425
adaptation:0.32375
teen movie:0.32225
sex:0.32075
redemption:0.32025
culture clash:0.3195
first contact:0.318
new jersey:0.3145
melancholy:0.3135
thought-provoking:0.3095
camp:0.3085
talky:0.295
prostitution:0.29175
workplace:0.2905
death:0.28975
golden palm:0.28875
reality tv:0.28575
