comedy:0.957
stupid as hell:0.923
hit men:0.84875
goofy:0.841
silly fun:0.827
funny:0.82525
very funny:0.7795
hilarious:0.733
silly:0.7175
fun movie:0.69175
original:0.68325
so bad it's funny:0.62775
80s:0.6055
bad plot:0.5995
funny as hell:0.59625
buddy movie:0.54775
slapstick:0.531
dialogue:0.5265
great:0.51525
humorous:0.5045
bad acting:0.483
predictable:0.48075
brothers:0.48025
dumb but funny:0.4795
mentor:0.4715
kidnapping:0.47075
fun:0.46875
chase:0.46725
spying:0.46675
great ending:0.453
unfunny:0.4475
action:0.443
parody:0.4185
catastrophe:0.4185
dumb:0.4125
stupid:0.4085
cool:0.395
brutality:0.39475
idiotic:0.39475
campy:0.38225
fight scenes:0.3805
good:0.37825
destiny:0.37725
crude humor:0.377
beer:0.37625
good soundtrack:0.374
sarcasm:0.37375
adventure:0.36725
lame:0.365
weapons:0.36375
story:0.349
death:0.3445
fantasy world:0.34375
entirely dialogue:0.3435
road movie:0.34325
storytelling:0.33875
nudity (full frontal - brief):0.33825
life philosophy:0.33825
great movie:0.334
corruption:0.326
murder:0.3255
cult film:0.31975
unusual plot structure:0.31925
first contact:0.3155
lone hero:0.3125
cult classic:0.3125
camp:0.305
humor:0.3035
vengeance:0.3005
adaptation:0.29925
sexy:0.298
culture clash:0.2905
redemption:0.29025
intense:0.29
transformation:0.289
drinking:0.28875
saturday night live:0.28525
quotable:0.28425
complex:0.2795
overrated:0.27875
guilty pleasure:0.27875
pointless:0.27725
entertaining:0.275
disaster:0.27425
harsh:0.273
runaway:0.273
comic:0.27125
police investigation:0.27075
justice:0.27
twists & turns:0.2685
splatter:0.268
light:0.26775
quirky:0.2665
melancholic:0.266
dreams:0.264
solitude:0.262
nudity (topless):0.2565
gunfight:0.251
writers:0.251
not funny:0.24475
