high school:0.98975
bullying:0.989
teen movie:0.9795
teen:0.96975
geeks:0.96475
homeless:0.908
teens:0.90575
comedy:0.85375
school:0.76275
teacher:0.742
predictable:0.728
pg-13:0.71925
adolescence:0.67475
nerds:0.6715
funny:0.639
destiny:0.6345
teenagers:0.63175
original:0.62975
kids:0.62025
crude humor:0.6065
stereotypes:0.55275
geek:0.523
very funny:0.45425
feel-good:0.4515
so bad it's funny:0.44475
redemption:0.44225
catastrophe:0.4395
slapstick:0.43775
fun movie:0.43475
writers:0.431
unfunny:0.4195
great ending:0.41875
dialogue:0.41875
happy ending:0.41425
pornography:0.414
life philosophy:0.4045
brutality:0.4035
mentor:0.40175
silly fun:0.3915
melancholic:0.39075
cheerleading:0.38275
overrated:0.3745
horrible:0.3705
violence:0.363
fight scenes:0.36125
amy smart:0.36075
dumb but funny:0.3575
stupid as hell:0.3475
better than expected:0.345
lame:0.34475
runaway:0.34275
feel good movie:0.3405
good soundtrack:0.33625
fantasy world:0.3335
girlie movie:0.3315
dumb:0.3215
teenager:0.31725
natural disaster:0.30925
spelling bee:0.30925
bad plot:0.30875
queer:0.304
first contact:0.30025
chase:0.299
good:0.298
stupid:0.297
fantasy:0.294
buddy movie:0.293
shallow:0.28775
adaptation:0.28725
story:0.285
romantic comedy:0.28475
hilarious:0.2845
romance:0.28325
storytelling:0.28075
violent:0.2805
virginity:0.279
alternate universe:0.2775
fun:0.27725
friendship:0.27675
family:0.276
big budget:0.271
great:0.267
silly:0.266
stoner movie:0.266
small town:0.2595
entirely dialogue:0.25675
vengeance:0.256
transformation:0.25275
dysfunctional family:0.25175
bad acting:0.24925
betrayal:0.24925
unlikely friendships:0.24875
not funny:0.24525
humorous:0.24325
culture clash:0.243
police investigation:0.24275
nudity (topless - notable):0.24225
quirky:0.241
goofy:0.24075
stupidity:0.2395
