islam:0.98475
africa:0.93275
women:0.90325
criterion:0.8525
beautifully filmed:0.85175
rebellion:0.851
storytelling:0.83225
nocturnal:0.8305
brutality:0.8095
social commentary:0.778
stylish:0.7705
foreign:0.75975
original:0.75275
talky:0.7265
harsh:0.7265
oscar (best foreign language film):0.713
runaway:0.70525
amazing photography:0.69925
allegory:0.69
good soundtrack:0.687
vengeance:0.683
cinematography:0.67775
light:0.67475
visually appealing:0.67075
culture clash:0.6705
childhood:0.66325
reflective:0.663
movielens top pick:0.65375
japan:0.64925
original plot:0.637
pornography:0.61575
brutal:0.61025
fantasy world:0.6045
scenic:0.60075
suprisingly clever:0.59775
male nudity:0.5935
disturbing:0.58875
stylized:0.58375
controversial:0.5815
mentor:0.57775
stunning:0.56925
idealism:0.54575
great:0.53875
complicated:0.52775
tragedy:0.51925
revenge:0.5185
politics:0.514
masterpiece:0.51175
stereotypes:0.50925
forceful:0.4915
unusual plot structure:0.4845
sexualized violence:0.48
violent:0.4715
macabre:0.47025
breathtaking:0.468
stoner movie:0.464
shallow:0.462
friendship:0.4595
melancholy:0.4565
tokyo:0.45475
morality:0.4515
colourful:0.4505
intimate:0.4475
bloody:0.44325
sexy:0.437
great ending:0.4365
violence:0.43575
justice:0.434
very interesting:0.43375
melancholic:0.42725
story:0.4255
enigmatic:0.42425
torture:0.42175
dramatic:0.41975
visually stunning:0.41725
narrated:0.41725
corruption:0.414
dark hero:0.4105
bollywood:0.40975
catastrophe:0.4095
thought-provoking:0.405
atmospheric:0.403
dreamlike:0.40175
funny as hell:0.40075
art:0.4
bleak:0.399
courage:0.39725
hospital:0.39475
fascism:0.3935
very funny:0.378
political:0.37725
imdb top 250:0.37625
france:0.368
dialogue:0.36775
life & death:0.36725
satire:0.3655
police investigation:0.36525
aids:0.36125
unfunny:0.358
crude humor:0.358
