beauty pageant:0.98625
coming of age:0.97425
small town:0.951
sports:0.91025
teen:0.9095
mentor:0.88775
gay:0.8815
directorial debut:0.8685
friendship:0.86825
coming-of-age:0.83625
original:0.82375
teen movie:0.80575
adolescence:0.797
based on a book:0.79325
texas:0.78325
pg-13:0.77725
good soundtrack:0.76975
feel-good:0.762
runaway:0.75725
girlie movie:0.75675
unlikely friendships:0.7555
mother daughter relationship:0.74825
teenager:0.735
inspirational:0.7175
chick flick:0.70225
indie:0.6925
women:0.692
sexy:0.688
storytelling:0.667
sweet:0.64925
feel good movie:0.641
fun movie:0.628
good:0.6225
quirky:0.61375
fun:0.601
brutality:0.59725
pornography:0.58825
childhood:0.58175
fight scenes:0.561
dialogue:0.55725
bullying:0.55175
school:0.54525
stereotypes:0.544
original plot:0.5295
entertaining:0.529
great:0.522
story:0.52
gay character:0.51925
melancholic:0.51925
cute:0.513
teens:0.5115
heartwarming:0.50825
adapted from:book:0.49425
predictable:0.4935
high school:0.485
interesting:0.47525
teenagers:0.46775
rebellion:0.465
relationships:0.45725
great ending:0.4515
awesome soundtrack:0.4475
redemption:0.44575
destiny:0.44425
drama:0.444
segregation:0.4425
transformation:0.438
grindhouse:0.4225
witty:0.418
classic car:0.41725
california:0.414
affectionate:0.41225
honest:0.4095
culture clash:0.408
very interesting:0.40275
plot:0.4005
geek:0.4
life philosophy:0.3965
based on book:0.394
cute!:0.3935
adaptation:0.39125
visually appealing:0.39075
fantasy world:0.389
comedy:0.38875
bloody:0.387
weird:0.3835
cool:0.379
ensemble cast:0.3785
family:0.3775
catastrophe:0.3765
prejudice:0.3755
drinking:0.37425
underdog:0.3735
alter ego:0.37225
clever:0.372
ironic:0.36225
oscar (best supporting actress):0.36025
touching:0.3595
very good:0.358
social commentary:0.357
great soundtrack:0.349
