splatter:0.953
horror:0.95175
robot:0.87075
teens:0.817
original:0.787
silly fun:0.75675
slasher:0.73225
80s:0.68775
goretastic:0.6715
death:0.65925
predictable:0.64975
robots:0.64825
teen movie:0.6055
murder:0.5905
silly:0.58675
cult film:0.57975
androids:0.56725
so bad it's funny:0.5485
scary:0.532
teen:0.52525
revenge:0.5205
goofy:0.508
mentor:0.50275
cheesy:0.501
cult classic:0.4965
overrated:0.495
violence:0.494
sci fi:0.48975
brutality:0.481
nudity (topless):0.48
great ending:0.478
mad scientist:0.4735
runaway:0.47225
good soundtrack:0.45475
technology:0.453
bad plot:0.4525
unusual plot structure:0.4435
weapons:0.43575
first contact:0.43425
lame:0.4315
weird:0.42525
surprise ending:0.41975
camp:0.41225
idiotic:0.411
destiny:0.4095
doctors:0.409
zombie:0.407
catastrophe:0.40625
bloody:0.4045
demons:0.39975
fantasy world:0.39675
surreal:0.3915
nudity (topless - notable):0.388
fun movie:0.37725
sexualized violence:0.37625
bad acting:0.374
sci-fi:0.373
family:0.36975
graphic novel:0.366
suspense:0.365
ghosts:0.3625
family drama:0.3605
cult:0.35975
horrible:0.35975
pg-13:0.358
childhood:0.3485
creepy:0.34725
dreams:0.34625
adaptation:0.344
stupid as hell:0.3415
multiple storylines:0.34
campy:0.33925
bullying:0.33775
not funny:0.33575
good:0.32975
dialogue:0.32975
storytelling:0.3285
disturbing:0.328
life & death:0.32725
quirky:0.326
supernatural:0.32575
franchise:0.32575
hospital:0.32525
pornography:0.32525
science fiction:0.31975
scifi:0.316
writers:0.314
romance:0.31
sexual abuse:0.30725
justice:0.30725
adolescence:0.30625
sexy:0.304
stupid:0.303
slapstick:0.3025
nostalgic:0.3025
melancholic:0.30225
paranoid:0.30225
grindhouse:0.302
transformation:0.2965
teenagers:0.296
