hip hop:0.99475
midlife crisis:0.9555
music business:0.93575
musicians:0.93325
great acting:0.896
music:0.8775
stereotypes:0.86675
dreams:0.865
good soundtrack:0.84275
rags to riches:0.8175
original:0.80725
social commentary:0.786
poverty:0.73325
interesting:0.71275
independent film:0.71
good acting:0.704
redemption:0.6995
best of 2005:0.69675
brutality:0.696
downbeat:0.688
dramatic:0.68775
good music:0.67325
gangsters:0.65325
exceptional acting:0.6465
good:0.64575
drugs:0.64475
drug abuse:0.64425
drama:0.644
realistic:0.64225
honest:0.64175
mentor:0.64175
feel-good:0.63675
inspiring:0.6335
harsh:0.6295
intense:0.626
gritty:0.62575
weed:0.62
oscar (best directing):0.619
storytelling:0.615
great movie:0.60975
great ending:0.604
bleak:0.60275
life philosophy:0.59975
prostitution:0.59925
prejudice:0.58625
runaway:0.585
rock and roll:0.58375
pg-13:0.572
drinking:0.5715
great:0.567
oscar:0.56675
dialogue:0.56025
foul language:0.557
violent:0.55525
great music:0.55175
great soundtrack:0.54975
oscar (best actress):0.54925
happy ending:0.5465
life & death:0.54225
creativity:0.53425
life:0.5335
destiny:0.52125
corruption:0.5205
culture clash:0.51725
gangster:0.517
friendship:0.51675
visceral:0.51025
story:0.505
character study:0.50425
reflective:0.502
cool:0.501
loneliness:0.50025
greed:0.49625
los angeles:0.49525
cult classic:0.49025
feel good movie:0.482
oscar (best supporting actress):0.47975
violence:0.4795
bittersweet:0.477
depression:0.47675
excellent:0.476
golden palm:0.4735
emotional:0.4665
gunfight:0.46325
race issues:0.463
awesome soundtrack:0.4615
touching:0.45775
indie:0.4555
ensemble cast:0.451
radio:0.4505
very good:0.44875
poignant:0.44
oscar winner:0.4375
unlikely friendships:0.43725
marijuana:0.43675
segregation:0.43475
tragedy:0.42575
excellent script:0.424
strippers:0.421
talky:0.42
