god:0.98175
religion:0.95025
devil:0.92175
christianity:0.91675
dark fantasy:0.909
biblical:0.89325
catholicism:0.88125
mythology:0.85025
supernatural:0.80575
christian:0.79275
original:0.758
demons:0.7275
good:0.72075
good versus evil:0.6945
war:0.6805
humanity:0.669
dialogue:0.6205
greed:0.594
very good:0.569
sacrifice:0.55525
original plot:0.54225
jesus:0.53875
story:0.53175
immortality:0.523
storytelling:0.52225
war movie:0.52125
great:0.5185
weapons:0.51825
great acting:0.51725
horror:0.51375
very interesting:0.50675
cyberpunk:0.50075
end of the world:0.49525
great ending:0.489
transformation:0.48425
cult classic:0.48275
special effects:0.4755
good acting:0.47075
gory:0.46125
sci fi:0.45675
apocalypse:0.456
catastrophe:0.455
mentor:0.45225
weird:0.44925
bad ending:0.44925
cool:0.446
great movie:0.439
fantasy:0.4355
allegory:0.43525
irish accent:0.4345
splatter:0.43275
atmospheric:0.43225
underrated:0.42275
entertaining:0.407
harsh:0.40425
first contact:0.4025
cult film:0.402
good soundtrack:0.39825
afterlife:0.39825
fun movie:0.39375
survival:0.39375
goth:0.3925
stylish:0.3885
light:0.38425
vengeance:0.3835
beautiful scenery:0.3815
talky:0.3775
scary:0.3695
macabre:0.3615
ethnic conflict:0.35925
nocturnal:0.35875
technology:0.3515
brutality:0.34525
prejudice:0.34425
destiny:0.344
adaptation:0.34275
stylized:0.34275
fight scenes:0.34275
indians:0.34125
fantasy world:0.33925
death:0.33625
clever:0.33625
dark:0.336
not funny:0.33575
hit men:0.33425
suspense:0.3335
sequels:0.33275
atheism:0.3325
excellent:0.33125
entirely dialogue:0.331
violent:0.33025
interesting:0.32975
visual:0.32875
visually appealing:0.31775
quotable:0.31525
plot holes:0.31475
suprisingly clever:0.31275
dark hero:0.31225
so bad it's funny:0.31225
absurd:0.3085
