world war ii:0.99475
camp:0.9825
wwii:0.96575
best war films:0.87725
dramatic:0.866
forceful:0.85225
survival:0.83575
downbeat:0.821
gritty:0.81775
prison:0.8175
black and white:0.81475
british:0.8015
drama:0.782
corruption:0.76725
adapted from:book:0.76225
harsh:0.7495
mentor:0.7475
bleak:0.733
criterion:0.72625
oscar (best directing):0.7195
original:0.70675
oscar (best supporting actress):0.70175
realistic:0.7
unlikely friendships:0.69425
friendship:0.694
wartime:0.69075
social commentary:0.67475
great acting:0.6655
based on a play:0.64325
drinking:0.64075
nazis:0.63675
honest:0.6345
brutality:0.63075
idealism:0.609
character study:0.6045
oscar (best actress):0.6015
relationships:0.59725
culture clash:0.58425
political:0.584
redemption:0.5795
war:0.57925
adaptation:0.57325
complex:0.57025
betrayal:0.569
world politics:0.5645
powerful ending:0.563
classic:0.561
great ending:0.55625
movielens top pick:0.55175
witty:0.55025
excellent:0.54625
courage:0.544
based on a book:0.54275
oscar (best supporting actor):0.54075
imdb top 250:0.524
talky:0.51625
cynical:0.5015
obsession:0.4995
jews:0.4995
poland:0.499
golden palm:0.49125
nazi:0.49075
dialogue:0.48825
segregation:0.48675
unusual plot structure:0.47575
exceptional acting:0.47225
grim:0.457
war movie:0.45225
depression:0.4515
good soundtrack:0.44775
gangsters:0.44775
rats:0.44425
great movie:0.4405
gunfight:0.4365
catastrophe:0.43175
claustrophobic:0.43125
greed:0.42975
morality:0.4265
british comedy:0.42625
sacrifice:0.425
great:0.42425
holocaust:0.4235
ethnic conflict:0.42125
gangs:0.42075
prejudice:0.41725
england:0.4165
finnish:0.414
us history:0.4075
anti-hero:0.407
suprisingly clever:0.4065
california:0.4035
quotable:0.3985
not funny:0.3985
politics:0.3965
crime gone awry:0.39325
good:0.393
runaway:0.39175
afi 100 (movie quotes):0.38725
cold war:0.3835
race issues:0.38275
