football:0.99925
sports:0.991
inspiring:0.94725
based on true story:0.9015
college:0.89875
true story:0.89675
segregation:0.894
inspirational:0.8335
mentor:0.82875
feel-good:0.8155
history:0.78525
life philosophy:0.766
sacrifice:0.765
based on a true story:0.75375
biopic:0.74925
great:0.727
texas:0.717
childhood:0.67775
new jersey:0.67725
tragedy:0.66875
feel good movie:0.64575
transformation:0.62675
original:0.61625
drama:0.6145
factual:0.5995
dramatic:0.59825
story:0.59425
racism:0.5875
courage:0.5685
historical:0.5665
great movie:0.565
good:0.55825
pg:0.55275
underdog:0.5465
touching:0.526
friendship:0.52575
emotional:0.50675
brutality:0.50625
catastrophe:0.4975
prejudice:0.49625
fun movie:0.49325
life & death:0.486
death:0.481
great ending:0.47725
soccer:0.47675
runaway:0.4745
silly fun:0.46575
nudity (full frontal - brief):0.4645
biography:0.4645
amy smart:0.46175
excellent:0.46175
family:0.4545
race:0.4335
pg-13:0.42775
us history:0.4245
rags to riches:0.42025
oscar:0.4185
destiny:0.41825
alter ego:0.4175
unlikely friendships:0.4165
honest:0.4045
great acting:0.4035
poignant:0.397
immortality:0.39225
redemption:0.3825
not funny:0.37675
classic car:0.3705
corruption:0.363
intense:0.36
underrated:0.358
basketball:0.357
hospital:0.356
biographical:0.35025
based on a book:0.3395
stereotypes:0.33725
dialogue:0.335
bullying:0.32925
storytelling:0.3285
good acting:0.328
oscar (best actress):0.32625
superheroes:0.32475
good story:0.32225
greed:0.31425
oscar (best directing):0.31175
goofy:0.31075
movielens top pick:0.30975
mars:0.30825
sad but good:0.3075
race issues:0.30725
good soundtrack:0.30475
adaptation:0.30425
fun:0.2945
artistic:0.29275
unfunny:0.29025
life:0.2895
predictable:0.28925
melancholic:0.286
writers:0.28425
earnest:0.28375
culture clash:0.2835
