zombies:0.98275
zombie:0.967
horror:0.92525
creepy:0.91125
cult classic:0.89125
splatter:0.864
macabre:0.8535
silent:0.8235
mad scientist:0.81375
low budget:0.813
voodoo:0.8
eerie:0.7915
ominous:0.775
atmospheric:0.756
supernatural:0.7105
claustrophobic:0.6795
weird:0.6655
criterion:0.66025
original:0.65475
demons:0.6505
cult film:0.6485
monster:0.6415
nocturnal:0.616
1930s:0.60325
witches:0.60125
gothic:0.595
grindhouse:0.56525
moody:0.565
talky:0.5605
island:0.54425
visual:0.535
doctors:0.516
melancholic:0.513
visceral:0.50375
effects:0.485
dreamlike:0.48
cinematography:0.47425
stylized:0.4615
death:0.455
so bad it's funny:0.4525
brutality:0.44525
transformation:0.43275
scary:0.42525
life & death:0.42075
road movie:0.4185
harsh:0.41675
witch:0.413
goretastic:0.40775
catastrophe:0.40575
frightening:0.40225
dialogue:0.38925
queer:0.3875
mentor:0.36675
cult:0.3655
wilderness:0.359
reflective:0.35875
entirely dialogue:0.35825
not funny:0.3565
enigmatic:0.3535
overrated:0.35125
strange:0.34925
romance:0.3455
drinking:0.33975
masterpiece:0.334
downbeat:0.33325
runaway:0.3295
devil:0.31725
stop motion:0.308
lone hero:0.30075
black and white:0.299
campy:0.2975
great:0.29725
crime gone awry:0.29575
greed:0.294
tense:0.28325
classic:0.283
afi 100 (movie quotes):0.279
visually stunning:0.277
light:0.27325
existentialism:0.26925
murder:0.2685
surreal:0.262
gory:0.2615
1920s:0.256
hospital:0.25575
gruesome:0.2555
immortality:0.25525
storytelling:0.2545
great ending:0.252
spiders:0.24975
biting:0.24725
insanity:0.23625
adaptation:0.23525
obsession:0.23425
good:0.233
good soundtrack:0.23225
suprisingly clever:0.232
visually appealing:0.22775
breathtaking:0.2235
paranoid:0.22175
