werewolves:0.994
werewolf:0.99
good sequel:0.97875
sisters:0.971
sequels:0.94925
sequel:0.945
original:0.903
creepy:0.8755
dark humor:0.839
horror:0.813
weird:0.805
ghosts:0.761
gory:0.7455
good soundtrack:0.731
great ending:0.7115
pornography:0.70725
cult classic:0.68125
transformation:0.669
life & death:0.658
awesome soundtrack:0.65725
hospital:0.64325
macabre:0.63625
teen:0.58775
twist ending:0.57875
bad ending:0.57675
good:0.57025
psychology:0.5555
coming-of-age:0.54825
crappy sequel:0.5415
immortality:0.54125
unlikely friendships:0.5385
prequel:0.52925
brutality:0.52675
goofy:0.52275
scary:0.51225
serial killer:0.50675
goth:0.50525
stylish:0.49925
teens:0.49225
supernatural:0.4845
very interesting:0.48325
mentor:0.48225
psychological:0.47025
enigmatic:0.46925
murder:0.4575
obsession:0.4555
atmospheric:0.45075
twists & turns:0.4505
dialogue:0.44375
story:0.4385
not funny:0.43425
stereotypes:0.433
great:0.43
harsh:0.42375
culture clash:0.42125
talky:0.4195
drug abuse:0.413
surprise ending:0.4125
tense:0.4095
sexy:0.40775
clever:0.407
death:0.406
nudity (full frontal - brief):0.404
violent:0.40225
cool:0.38925
dark:0.385
disturbing:0.37925
anti-hero:0.37625
narrated:0.3755
suspenseful:0.3745
dark hero:0.36975
stylized:0.368
plot twist:0.36725
chase:0.3645
allegory:0.36375
catastrophe:0.363
solitude:0.35975
storytelling:0.3575
suprisingly clever:0.35725
classic car:0.357
finnish:0.353
adolescence:0.34875
crude humor:0.34825
gay character:0.3475
dark comedy:0.3475
friendship:0.3465
quirky:0.34475
paranoid:0.3445
franchise:0.34375
fantasy world:0.3425
satirical:0.342
bloody:0.3415
criterion:0.33925
demons:0.33675
eerie:0.33675
cerebral:0.3355
violence:0.3345
suspense:0.3315
mental illness:0.33075
light:0.3285
