murder mystery:0.86175
hip hop:0.79725
police:0.78275
mystery:0.73425
great:0.691
police corruption:0.67875
murder:0.67175
police investigation:0.65325
original:0.6445
fun movie:0.6285
great acting:0.58975
underrated:0.5895
very interesting:0.57275
great movie:0.5665
buddy movie:0.549
mentor:0.5465
corruption:0.5435
snakes:0.52625
great ending:0.52225
sexy:0.52225
beautiful scenery:0.49525
life philosophy:0.48875
adventure:0.48325
childhood:0.472
fun:0.47025
dialogue:0.45175
entertaining:0.4485
road movie:0.447
detective:0.44
island:0.43875
spying:0.4235
adaptation:0.4185
greed:0.41725
chase:0.415
catastrophe:0.413
good soundtrack:0.4115
good:0.408
small town:0.4075
music:0.39875
quirky:0.397
love:0.3945
melancholic:0.39225
brutality:0.39125
investigation:0.387
fantasy world:0.38375
light:0.382
family:0.37925
musical:0.36625
books:0.35075
action packed:0.34575
obsession:0.3445
drinking:0.34275
betrayal:0.3415
culture clash:0.3355
cool:0.33375
drama:0.3335
awesome soundtrack:0.333
nocturnal:0.32575
storytelling:0.318
twists & turns:0.3135
not funny:0.313
relationships:0.3115
criterion:0.3095
clever:0.307
predictable:0.306
male nudity:0.3005
weird:0.2995
entirely dialogue:0.29825
atmospheric:0.297
good action:0.29525
blindness:0.295
80s:0.2935
runaway:0.293
cult film:0.2845
hotel:0.28425
redemption:0.2835
enigmatic:0.28125
unusual plot structure:0.28075
love story:0.28025
action:0.27575
oscar (best directing):0.2695
loneliness:0.268
gangsters:0.267
period piece:0.26675
moral ambiguity:0.2665
excellent:0.26475
fight scenes:0.26475
witch:0.2645
grindhouse:0.2635
doctors:0.2605
lone hero:0.26025
unlikely friendships:0.25775
secrets:0.257
nudity (topless - notable):0.2555
dark hero:0.25425
so bad it's funny:0.25425
bad plot:0.25425
adapted from:book:0.25375
based on book:0.25275
pulp:0.25075
