pornography:0.9835
nudity (topless - notable):0.949
prostitution:0.917
sexual:0.8345
virginity:0.79725
father daughter relationship:0.79325
beautifully filmed:0.76025
controversial:0.7325
childhood:0.68525
new orleans:0.68225
women:0.6735
visually appealing:0.648
sexuality:0.637
period piece:0.6295
disturbing:0.6105
erotic:0.599
very interesting:0.59825
adolescence:0.57475
obsession:0.55775
coming of age:0.54
child abuse:0.53375
sexy:0.5255
vengeance:0.51175
mentor:0.51125
catastrophe:0.50875
original:0.50475
nudity:0.492
boarding school:0.484
based on true story:0.4765
stylized:0.46725
harsh:0.45775
nudity (full frontal - notable):0.455
runaway:0.44525
intimate:0.442
teen:0.441
secrets:0.43475
aging:0.421
notable nudity:0.416
fantasy world:0.412
poignant:0.40825
nudity (full frontal - brief):0.408
nudity (rear):0.4045
censorship:0.38725
factual:0.38325
sexual abuse:0.38225
greed:0.3735
sex:0.36575
story:0.36275
teen movie:0.3555
brutality:0.353
light:0.349
cinematography:0.341
art house:0.3395
photographer:0.33425
not funny:0.33
suprisingly clever:0.323
plot:0.32125
great ending:0.321
weird:0.3195
dreamlike:0.31625
unusual plot structure:0.31375
culture clash:0.3115
life philosophy:0.3075
workplace:0.30675
classic car:0.306
good soundtrack:0.30225
nudity (topless - brief):0.3
destiny:0.29775
melancholic:0.2905
criterion:0.28925
beautiful:0.28875
grindhouse:0.2885
corruption:0.28675
male nudity:0.28575
complex:0.28525
relationships:0.2845
true story:0.2825
friendship:0.28175
based on a book:0.2815
adaptation:0.27975
murder:0.2795
dialogue:0.27825
storytelling:0.27525
police investigation:0.27525
emotional:0.27175
atmospheric:0.269
gunfight:0.26825
reflective:0.26725
enigmatic:0.26425
morality:0.264
sexualized violence:0.26075
poetry:0.25725
nostalgic:0.24775
bdsm:0.247
revenge:0.24325
coming-of-age:0.24
teens:0.239
non-hollywood ending:0.239
passionate:0.23825
happy ending:0.2365
