horror:0.91675
mummy:0.90625
splatter:0.89475
story:0.82575
original:0.793
macabre:0.76025
special effects:0.68775
revenge:0.6785
storytelling:0.66975
multiple storylines:0.65675
bloody:0.6555
murder:0.64975
creepy:0.63675
hitman:0.62075
witches:0.60525
gangsters:0.5985
brutality:0.5825
witch:0.57525
adaptation:0.56525
transformation:0.56325
monster:0.556
80s:0.552
demons:0.5495
great ending:0.54675
cult:0.54625
good soundtrack:0.54525
gory:0.54425
first contact:0.51275
cult classic:0.5115
suprisingly clever:0.51025
suspense:0.51
scary:0.509
predictable:0.503
mentor:0.482
cult film:0.4795
fantasy world:0.46925
sexualized violence:0.46
stylish:0.45825
good:0.433
violence:0.4305
life & death:0.4285
unusual plot structure:0.42575
redemption:0.42275
cool:0.42125
chase:0.41825
assassin:0.418
weird:0.41625
foul language:0.4115
effects:0.408
catastrophe:0.4075
gruesome:0.404
dialogue:0.402
destiny:0.401
entertaining:0.40025
vengeance:0.3905
dark humor:0.39
supernatural:0.38475
twist ending:0.38425
silly:0.38125
werewolf:0.37925
blood:0.37525
mythology:0.375
goofy:0.367
nudity (full frontal - notable):0.365
secrets:0.365
great:0.36475
fun movie:0.364
nudity (topless):0.36025
suspenseful:0.34425
gore:0.343
death:0.34175
weapons:0.3395
strange:0.3385
so bad it's funny:0.33475
childhood:0.3285
grindhouse:0.328
lone hero:0.32675
monsters:0.324
good story:0.322
slasher:0.3215
weed:0.31275
visual:0.31225
low budget:0.312
classic car:0.31
dark:0.307
highly quotable:0.305
silly fun:0.3045
zombie:0.30375
atmospheric:0.30225
imdb top 250:0.29975
clever:0.29725
stylized:0.297
fast paced:0.29575
dark fantasy:0.2955
stupid as hell:0.29475
teens:0.29425
eerie:0.2925
melancholic:0.29
overrated:0.289
serial killer:0.289
