criterion:0.98525
oscar (best editing):0.975
tense:0.903
reflective:0.8885
enigmatic:0.8865
bleak:0.8545
noir:0.8475
cinematography:0.81375
ireland:0.80975
forceful:0.80175
allegory:0.791
intimate:0.78825
oscar (best directing):0.7845
black and white:0.78325
talky:0.78075
masterpiece:0.77975
imdb top 250:0.77775
golden palm:0.776
obsession:0.7625
atmospheric:0.7605
irish accent:0.7535
irish:0.7465
oscar (best supporting actress):0.74
downbeat:0.7285
grim:0.7215
oscar (best actress):0.7185
powerful ending:0.71325
character study:0.7035
oscar (best foreign language film):0.696
breathtaking:0.68
runaway:0.675
affectionate:0.661
original:0.6415
dialogue driven:0.63875
artist:0.63725
oscar (best cinematography):0.637
film noir:0.63475
tragedy:0.62825
eccentricity:0.62125
stunning:0.62075
surreal:0.619
wartime:0.61625
great acting:0.6125
light:0.60775
moody:0.60625
gunfight:0.605
melancholy:0.6035
police investigation:0.5995
harsh:0.5985
photography:0.5985
greed:0.5965
movielens top pick:0.59025
great cinematography:0.58725
corruption:0.587
classic:0.58325
unusual plot structure:0.57075
vienna:0.565
pornography:0.55875
art:0.5585
paranoia:0.544
visual:0.532
based on a play:0.53175
sacrifice:0.5255
paranoid:0.52425
culture clash:0.52375
nocturnal:0.52375
hunting:0.5225
stylized:0.51625
visceral:0.5115
chase:0.50775
british:0.5045
beautifully filmed:0.49675
witty:0.4925
passionate:0.48575
hallucinatory:0.485
drama:0.48225
dramatic:0.481
cynical:0.48075
dialogue:0.48025
drinking:0.479
compassionate:0.4755
great ending:0.47275
suprisingly clever:0.47
political:0.4695
death:0.4685
surrealism:0.463
poignant:0.46275
murder:0.46175
very interesting:0.46025
1920s:0.45925
silent:0.4575
noir thriller:0.4545
great:0.449
biting:0.44825
ominous:0.44625
dreamlike:0.4455
gritty:0.4455
stylish:0.44425
secrets:0.43525
weird:0.43125
