action:0.8655
good action:0.85425
fight scenes:0.8315
action packed:0.743
virus:0.6975
original:0.65025
small town:0.5495
goofy:0.52325
shallow:0.48175
martial arts:0.47625
catastrophe:0.47025
mentor:0.448
weapons:0.44775
not funny:0.43175
kung fu:0.42025
lone hero:0.4
dialogue:0.39425
violence:0.37375
car chase:0.3675
predictable:0.362
indians:0.36075
boring:0.34025
good soundtrack:0.32775
buddy movie:0.32725
vampire human love:0.32525
so bad it's funny:0.32075
corruption:0.32025
first contact:0.318
explosions:0.31275
great ending:0.3115
secret service:0.309
cia:0.3025
betrayal:0.3025
police corruption:0.3005
redemption:0.29975
good:0.2985
fast paced:0.2985
native americans:0.2975
life philosophy:0.29375
ninja:0.2875
justice:0.2865
assassin:0.28425
entirely dialogue:0.284
bad plot:0.27725
natural disaster:0.27675
crude humor:0.27475
drama:0.274
great:0.2735
horrible:0.2685
fighting:0.2675
unfunny:0.257
brutality:0.2515
story:0.25075
overrated:0.24925
harsh:0.24775
very funny:0.23775
transformation:0.23375
adaptation:0.23375
gratuitous violence:0.221
fantasy world:0.2195
vengeance:0.21825
happy ending:0.217
hit men:0.216
slapstick:0.21525
cool:0.2135
hitman:0.20675
realistic action:0.2035
big budget:0.20325
suprisingly clever:0.20175
silly fun:0.19925
chase:0.1975
teen movie:0.1955
franchise:0.19525
violent:0.19475
dark hero:0.19175
runaway:0.19125
tom clancy:0.191
feel-good:0.187
exciting:0.1865
bad:0.1855
solitude:0.18425
storytelling:0.182
stupidity:0.17975
pornography:0.17775
science:0.1775
doctors:0.177
wine:0.17575
clever:0.17475
dysfunctional family:0.1725
bad ending:0.17
pg-13:0.168
romance:0.166
amazing photography:0.16525
superheroes:0.16425
melancholic:0.16275
quirky:0.1605
good dialogue:0.1605
technology:0.1605
silly:0.1595
revenge:0.15875
