tense:0.997
criterion:0.9925
imdb top 250:0.97175
latin america:0.96775
greed:0.94375
suspenseful:0.94125
claustrophobic:0.936
bleak:0.93425
forceful:0.9265
oil:0.9115
downbeat:0.90925
french:0.89625
golden palm:0.881
enigmatic:0.8735
grim:0.87325
masterpiece:0.87225
hitchcock:0.845
classic:0.842
character study:0.84
great acting:0.83875
black and white:0.836
existentialism:0.817
runaway:0.81575
oscar (best directing):0.8025
road movie:0.79
gunfight:0.78575
talky:0.78375
cinematography:0.76925
foreign:0.768
thriller:0.7585
suspense:0.75475
visceral:0.745
loneliness:0.7355
allegory:0.733
affectionate:0.71125
harsh:0.71075
original:0.7095
movielens top pick:0.69675
oscar (best foreign language film):0.69625
atmospheric:0.69325
intimate:0.6875
social commentary:0.687
meditative:0.66725
weird:0.6655
paris:0.66475
noir:0.66275
complex:0.6525
breathtaking:0.64425
biting:0.64225
great cinematography:0.63625
twists & turns:0.63325
corruption:0.633
paranoid:0.6325
reflective:0.63225
death:0.63075
cerebral:0.63025
oscar (best actress):0.62675
tragedy:0.6245
gritty:0.62425
melancholic:0.62125
courage:0.62025
compassionate:0.616
culture clash:0.60075
obsession:0.59775
psychological:0.5975
france:0.597
macabre:0.596
idealism:0.59575
moral ambiguity:0.5955
complex characters:0.5935
mentor:0.58375
dramatic:0.57625
brutality:0.57225
absurd:0.57175
unusual plot structure:0.569
crime gone awry:0.56875
suprisingly clever:0.5655
melancholy:0.56375
drama:0.56225
ominous:0.538
assassination:0.536
life & death:0.53525
interesting:0.5335
oscar (best cinematography):0.53075
spanish:0.53
catastrophe:0.52875
intense:0.5285
poignant:0.5235
sacrifice:0.521
storytelling:0.52025
police investigation:0.51925
small town:0.516
exceptional acting:0.51
great ending:0.50725
disturbing:0.50175
dark humor:0.50075
oscar (best writing - screenplay written directly for the screen):0.49275
surreal:0.4835
dialogue:0.483
stylized:0.48225
