series:0.956
death:0.847
psychology:0.7965
original:0.79125
great ending:0.76675
weird:0.73325
enigmatic:0.7295
psychological:0.721
complex:0.71775
vengeance:0.69875
splatter:0.69325
cerebral:0.607
sexualized violence:0.59175
criterion:0.584
golden palm:0.575
japan:0.55825
twists & turns:0.55375
pornography:0.5375
narrated:0.53575
social commentary:0.53075
brutality:0.5245
visceral:0.52375
suprisingly clever:0.51925
father son relationship:0.5185
talky:0.5185
intimate:0.5145
anime:0.51175
stylized:0.51125
dark hero:0.4995
unusual plot structure:0.4935
storytelling:0.485
drama:0.48325
absurd:0.4805
reflective:0.47025
stylish:0.46875
good soundtrack:0.46375
masterpiece:0.4555
melancholic:0.455
mentor:0.4475
atmospheric:0.44425
cool:0.4435
philosophical:0.43825
downbeat:0.43325
mental illness:0.431
whimsical:0.431
cult classic:0.42925
catastrophe:0.4275
interesting:0.42025
grim:0.41575
dialogue:0.4155
entirely dialogue:0.415
life & death:0.41275
beautifully filmed:0.41175
melancholy:0.40775
weapons:0.40375
affectionate:0.40025
clever:0.393
fight scenes:0.3895
art:0.38325
tokyo:0.383
dark humor:0.3815
dark:0.37825
animation:0.374
male nudity:0.37375
childhood:0.373
culture clash:0.37
dreamlike:0.36775
confusing:0.3675
police investigation:0.3635
blood:0.36325
violent:0.36275
exceptional acting:0.3585
insanity:0.35825
nonlinear:0.358
surreal:0.35725
imdb top 250:0.3485
cult film:0.34675
life philosophy:0.34675
creativity:0.346
not funny:0.346
sarcasm:0.34225
violence:0.34225
loneliness:0.33725
artistic:0.337
awesome soundtrack:0.33675
crime gone awry:0.3355
classic car:0.33525
hospital:0.3335
obsession:0.3325
highly quotable:0.33125
visually appealing:0.32725
bleak:0.317
existentialism:0.315
distopia:0.315
oscar (best directing):0.31475
complicated:0.3145
secrets:0.313
apocalypse:0.3125
visual:0.30925
oscar (best actress):0.30275
