incest:0.98275
sexual abuse:0.96125
secrets:0.92625
father daughter relationship:0.9235
disturbing:0.9215
bleak:0.91875
rape:0.8565
hard to watch:0.851
dysfunctional family:0.84475
melancholic:0.84325
amazing photography:0.84125
original:0.83825
nudity (full frontal - notable):0.83775
brutality:0.82625
pornography:0.79925
complex:0.791
intense:0.786
sexual:0.78425
voyeurism:0.7815
directorial debut:0.77675
visceral:0.77575
dark:0.773
psychological:0.76775
cinematography:0.76125
guilt:0.752
family drama:0.74925
enigmatic:0.72075
art house:0.717
adapted from:book:0.70375
intimate:0.70275
harsh:0.70075
child abuse:0.6905
relationships:0.6725
storytelling:0.664
loneliness:0.66225
criterion:0.6605
sexualized violence:0.66
dramatic:0.6585
controversial:0.6525
social commentary:0.6415
confrontational:0.6345
psychology:0.63325
visually appealing:0.6305
golden palm:0.62825
good soundtrack:0.62275
adolescence:0.6175
stylish:0.61425
cathartic:0.61075
weird:0.6075
reflective:0.60375
grim:0.60225
emotional:0.589
violence:0.5845
obsession:0.58175
vengeance:0.5705
exceptional acting:0.5665
dialogue:0.566
brutal:0.562
tragedy:0.561
violent:0.557
great ending:0.5555
downbeat:0.5545
drama:0.5545
sisters:0.551
eccentricity:0.545
runaway:0.5415
melancholy:0.5395
surreal:0.53225
talky:0.53125
adaptation:0.52975
nudity (topless - notable):0.52275
depressing:0.52075
family:0.51575
manipulation:0.515
confusing:0.5125
dark hero:0.50975
atmospheric:0.5095
moody:0.50225
masterpiece:0.50025
hospital:0.4925
very interesting:0.4885
male nudity:0.47575
entirely dialogue:0.47275
nudity (full frontal):0.46925
creepy:0.469
erotic:0.46575
betrayal:0.4635
dark humor:0.462
stylized:0.459
spying:0.458
isolation:0.44875
suprisingly clever:0.4435
cult classic:0.4435
affectionate:0.43625
visually stunning:0.42825
powerful ending:0.4255
depression:0.42375
underrated:0.41975
interesting:0.41725
great acting:0.41575
