criterion:0.988
wwii:0.972
world war ii:0.94075
russian:0.936
fascism:0.91225
poignant:0.892
wartime:0.88925
downbeat:0.88375
russia:0.88225
oscar (best foreign language film):0.84175
foreign:0.83075
best war films:0.82325
war:0.802
war movie:0.7995
german:0.7945
intimate:0.7785
masterpiece:0.7675
cinematography:0.76425
golden palm:0.752
propaganda:0.73875
nazis:0.72575
harsh:0.715
original:0.70875
beautifully filmed:0.7055
movielens top pick:0.69975
reflective:0.695
cold war:0.679
breathtaking:0.66475
ethnic conflict:0.66125
bleak:0.65225
allegory:0.651
beautiful scenery:0.64375
prejudice:0.634
politics:0.63175
sacrifice:0.63025
oscar (best directing):0.6135
dramatic:0.60675
lyrical:0.596
affectionate:0.5955
social commentary:0.59375
political:0.59325
germany:0.5885
suprisingly clever:0.5845
realistic:0.5725
culture clash:0.56775
black and white:0.565
unusual plot structure:0.56225
narrated:0.556
talky:0.55575
anti-war:0.54375
humanity:0.5435
brutality:0.53975
idealism:0.5315
imdb top 250:0.53
melancholy:0.52275
transformation:0.5145
train:0.51325
love:0.5
finnish:0.49725
atmospheric:0.497
courage:0.4955
melancholic:0.4955
great:0.4935
love story:0.4875
censorship:0.487
islam:0.4725
runaway:0.4705
nudity (full frontal - notable):0.465
forceful:0.46125
grim:0.4555
drinking:0.45025
male nudity:0.44825
poland:0.4465
enigmatic:0.44525
pornography:0.441
meditative:0.42525
catastrophe:0.42175
betrayal:0.41375
freedom:0.41075
world war i:0.404
cerebral:0.4035
good soundtrack:0.40175
nocturnal:0.401
loneliness:0.3965
great ending:0.396
desert:0.39225
childhood:0.39
storytelling:0.38925
classic car:0.38925
compassionate:0.38875
very interesting:0.3825
sentimental:0.3755
us history:0.37375
ironic:0.37225
passionate:0.37175
earnest:0.36725
life philosophy:0.36525
existentialism:0.362
not funny:0.3615
tragedy:0.35975
