president:0.9925
secret service:0.93825
comedy:0.862
pg-13:0.7975
predictable:0.7695
small town:0.76825
romantic comedy:0.72125
original:0.707
politics:0.68675
political:0.68175
funny:0.67325
idiotic:0.64425
satirical:0.6075
unfunny:0.591
good:0.5825
golf:0.574
better than expected:0.559
very funny:0.5405
catastrophe:0.532
family:0.512
gay:0.50125
bad plot:0.4985
mentor:0.497
great ending:0.4955
shallow:0.48
so bad it's funny:0.47775
bad script:0.47675
horrible:0.458
stereotypes:0.45275
big budget:0.4395
girlie movie:0.4395
feel-good:0.42525
lame:0.4225
twists & turns:0.4145
crude humor:0.406
screwball comedy:0.39775
destiny:0.3965
conspiracy:0.3955
happy ending:0.39375
fun:0.391
dumb:0.391
feel good movie:0.382
quirky:0.3795
natural disaster:0.3775
story:0.37725
nudity (full frontal - brief):0.371
bad:0.3705
overrated:0.37
dialogue:0.3695
humorous:0.3685
culture clash:0.36825
life philosophy:0.3645
first contact:0.364
great acting:0.364
divorce:0.36175
great:0.35825
storytelling:0.3525
writers:0.336
satire:0.3355
lone hero:0.33525
boring:0.3345
silly:0.31525
fantasy world:0.31375
runaway:0.31225
light:0.306
fun movie:0.30375
plot holes:0.3035
adaptation:0.3035
pointless:0.3
disaster:0.3
not funny:0.298
chick flick:0.2975
funny as hell:0.2975
cute!:0.29525
surreal:0.2945
clever:0.2935
remake:0.293
chase:0.2925
alter ego:0.2895
pornography:0.2885
corruption:0.288
good soundtrack:0.28675
honest:0.28
romantic:0.2745
justice:0.27375
love story:0.272
melancholic:0.27125
redemption:0.26775
las vegas:0.2655
fight scenes:0.26525
slapstick:0.26375
boring!:0.26325
world politics:0.263
alternate history:0.258
plot:0.2555
conspiracy theory:0.25475
entertaining:0.25375
gangsters:0.25325
stupid:0.253
romance:0.25225
