wuxia:0.99975
martial arts:0.99775
amazing photography:0.9935
stunning:0.99
visually stunning:0.9865
kung fu:0.9845
visual:0.977
beautifully filmed:0.97
fight scenes:0.9685
china:0.9605
love story:0.9455
stylized:0.93775
action:0.93475
cinematography:0.92925
colourful:0.92025
sword fight:0.90325
storytelling:0.89825
breathtaking:0.89775
beautiful:0.88425
visually appealing:0.87425
beautiful scenery:0.87075
oscar (best cinematography):0.8695
fighting:0.86875
plot twist:0.8675
scenic:0.858
original:0.84575
mythology:0.83925
sword fighting:0.82
destiny:0.80025
visuals:0.78725
absurd:0.776
great ending:0.7705
betrayal:0.768
story:0.76075
twists & turns:0.76025
fantasy:0.75775
vengeance:0.756
imdb top 250:0.75375
love triangles:0.7485
sacrifice:0.74725
fantasy world:0.72575
masterpiece:0.71675
dialogue:0.71475
sexualized violence:0.7015
oscar (best foreign language film):0.695
melancholic:0.69175
kick-butt women:0.69125
passionate:0.68625
romantic:0.6835
mentor:0.67975
cerebral:0.67575
plot:0.6705
great cinematography:0.6695
romance:0.668
weapons:0.667
drama:0.6635
dragons:0.65975
secrets:0.6515
hong kong:0.6385
complex:0.63675
good soundtrack:0.6305
stylish:0.6275
assassination:0.623
pg-13:0.62125
imagination:0.6175
allegory:0.616
special effects:0.61175
dramatic:0.6105
enigmatic:0.61
fairy tale:0.6085
love:0.6075
artistic:0.597
intense:0.5965
intimate:0.5965
foreign:0.5895
original plot:0.5895
epic:0.57975
revenge:0.5775
twist ending:0.57275
alternate reality:0.5715
violence:0.566
good acting:0.5605
emotional:0.55875
dynamic cgi action:0.55525
awesome soundtrack:0.55475
weird:0.5525
chase:0.54825
sexy:0.54625
complicated:0.545
cool:0.54075
good:0.536
great movie:0.5355
photography:0.535
fast paced:0.535
clever:0.5315
unusual plot structure:0.52975
great:0.52425
tragedy:0.52325
forceful:0.5225
nonlinear:0.5205
