action:0.98275
good action:0.9815
assassin:0.979
highly quotable:0.95475
action packed:0.95325
assassins:0.8995
amnesia:0.8855
assassination:0.85975
chase:0.84775
vengeance:0.8435
mentor:0.82775
fast paced:0.82475
explosions:0.804
dialogue:0.7845
hit men:0.765
weapons:0.75625
cool:0.756
fight scenes:0.7265
conspiracy:0.68875
great:0.6845
hitman:0.6745
big budget:0.6725
original:0.66825
lone hero:0.63525
fun movie:0.63425
sexy:0.634
script:0.62325
revenge:0.6215
violent:0.591
great movie:0.57975
entertaining:0.57075
car chase:0.55225
drama:0.535
pg-13:0.53375
violence:0.53075
good:0.52
stylish:0.51125
spying:0.509
destiny:0.5075
guns:0.49925
spy:0.497
fun:0.48825
secret service:0.48725
twists & turns:0.484
runaway:0.477
exciting:0.47125
dark hero:0.46225
buddy movie:0.4515
story:0.4515
good soundtrack:0.4435
transformation:0.43975
pulp:0.438
corruption:0.43775
catastrophe:0.43475
great ending:0.4325
apocalypse:0.43175
alter ego:0.42075
intense:0.41625
quotable:0.416
underrated:0.402
fighting:0.40025
identity:0.39875
suspense:0.39575
memory:0.39375
predictable:0.39275
plot:0.38975
special effects:0.38875
adventure:0.38875
swashbuckler:0.38525
thriller:0.38225
culture clash:0.37975
family drama:0.37525
stylized:0.368
realistic action:0.3665
conspiracy theory:0.36625
arms dealer:0.36625
terrorism:0.36575
visceral:0.36575
redemption:0.36525
superheroes:0.3645
new jersey:0.363
betrayal:0.362
cia:0.36125
entirely dialogue:0.35775
secrets:0.35625
classic car:0.35375
life philosophy:0.34775
memory loss:0.347
espionage:0.34625
spies:0.3455
powerful ending:0.337
silly:0.33525
private detective:0.33175
brutality:0.32975
grindhouse:0.32625
better than expected:0.326
witty:0.323
gratuitous violence:0.31925
very good:0.31775
torture:0.31525
