time travel:0.9925
sci-fi:0.96175
scifi:0.95425
action:0.946
sci fi:0.92675
good action:0.908
original:0.90775
plot twist:0.8985
plot holes:0.89425
twists & turns:0.89325
science fiction:0.87175
fast paced:0.86
redemption:0.8525
complex:0.84625
suspense:0.84175
action packed:0.8335
desert:0.8235
plot:0.8185
future:0.81275
mindfuck:0.805
time:0.797
brutality:0.79375
great ending:0.788
violent:0.78175
twist:0.78125
good:0.775
weapons:0.76925
alternate reality:0.7645
intense:0.7615
chase:0.75675
murder:0.75
hitman:0.743
life philosophy:0.73225
car chase:0.7195
entertaining:0.70625
tense:0.70575
pg-13:0.6995
nudity (full frontal - brief):0.69475
cars:0.691
life & death:0.68875
good soundtrack:0.6865
thriller:0.67325
road movie:0.66225
guns:0.65475
lone hero:0.65225
fun movie:0.64275
very interesting:0.63575
very good:0.63325
goretastic:0.6265
survival:0.617
silly fun:0.6125
fight scenes:0.6125
destiny:0.6025
predictable:0.593
exciting:0.592
mentor:0.5915
so bad it's funny:0.58875
dumb but funny:0.58825
complicated plot:0.5795
explosions:0.578
first contact:0.57775
dialogue:0.55675
dystopic future:0.5565
technology:0.55475
pornography:0.5475
stylish:0.54625
time loop:0.54175
identity:0.53675
unusual plot structure:0.5325
big budget:0.529
classic car:0.52625
brutal:0.52475
suspenseful:0.52325
interesting:0.51125
dynamic cgi action:0.51025
stupid as hell:0.50975
gangsters:0.509
moral ambiguity:0.50725
cerebral:0.50325
alternate endings:0.50125
highly quotable:0.5
twist ending:0.499
serial killer:0.49475
story:0.492
catastrophe:0.491
texas:0.491
clever:0.48825
visceral:0.48625
gory:0.48225
crime:0.4805
enigmatic:0.47775
corruption:0.4775
revenge:0.475
violence:0.47425
storytelling:0.473
futuristic:0.4685
gunfight:0.467
greed:0.46475
bloody:0.46075
idiotic:0.45825
