hit men:0.85675
caper:0.83725
crime:0.82725
original:0.75925
gangsters:0.74125
twists & turns:0.73625
las vegas:0.726
comedy:0.71675
organized crime:0.71475
road movie:0.70425
dialogue:0.6995
gay character:0.69125
good:0.675
gay:0.6745
entertaining:0.65125
romantic comedy:0.63525
romance:0.611
mob:0.609
violence:0.60825
pulp:0.58825
good soundtrack:0.5875
story:0.58375
interesting:0.572
alternate history:0.5635
catastrophe:0.5625
romantic:0.554
clever:0.55
fun movie:0.54525
pornography:0.54375
predictable:0.54325
very interesting:0.537
pointless:0.53475
stereotypes:0.5335
mexico:0.5295
destiny:0.5265
gangster:0.52175
plot:0.514
stylish:0.5085
complicated:0.50825
brutality:0.495
happy ending:0.49375
redemption:0.493
quirky:0.4905
heist:0.49
great ending:0.48475
culture clash:0.4775
boring!:0.47425
plot twist:0.4715
mafia:0.471
storytelling:0.4635
mentor:0.456
kidnapping:0.456
entirely dialogue:0.45275
betrayal:0.45175
adventure:0.4405
fast paced:0.44
very good:0.4385
love story:0.43125
great:0.43
better than expected:0.43
violent:0.43
pg-13:0.426
drama:0.425
good acting:0.42475
great acting:0.4185
runaway:0.41825
sexy:0.4135
hitman:0.40975
boring:0.4065
very funny:0.406
light:0.40525
corruption:0.4015
suspense:0.3985
silly:0.398
action:0.397
cool:0.39625
conspiracy theory:0.3945
big budget:0.39125
stylized:0.39075
relationships:0.3905
greed:0.38875
funny:0.38725
shallow:0.3855
complex:0.384
twist:0.37825
chick flick:0.37725
bad ending:0.36725
overrated:0.36325
unfunny:0.363
gratuitous violence:0.3625
writers:0.3615
plot holes:0.36
life philosophy:0.3525
fun:0.35225
intense:0.348
slapstick:0.34675
weird:0.34625
first contact:0.3435
dramatic:0.34275
screwball:0.34025
