spaghetti western:0.935
western:0.931
gunfight:0.85525
mentor:0.779
runaway:0.68
original:0.67425
good soundtrack:0.6605
feel-good:0.6425
fun movie:0.578
suprisingly clever:0.5695
horses:0.55925
comedy:0.50125
fight scenes:0.483
humorous:0.479
vengeance:0.47475
criterion:0.4685
good:0.46575
revenge:0.4645
fun:0.45975
feel good movie:0.45975
culture clash:0.45525
great:0.438
transformation:0.42875
creativity:0.41625
gangsters:0.41525
california:0.4075
slapstick:0.38425
violent:0.3835
redemption:0.38125
childhood:0.3805
catastrophe:0.379
entertaining:0.37775
classic car:0.376
storytelling:0.371
not funny:0.36925
unlikely friendships:0.3595
life philosophy:0.3595
lone hero:0.358
stereotypes:0.3545
so bad it's funny:0.35425
dialogue:0.35325
very funny:0.3525
parody:0.35225
inspirational:0.35
beautiful scenery:0.349
road movie:0.34525
chase:0.34175
weapons:0.3395
sexualized violence:0.33925
talky:0.33825
brothers:0.33775
hilarious:0.3325
great movie:0.331
gangster:0.32575
great ending:0.32
violence:0.32
funny:0.31225
earnest:0.309
anti-hero:0.30775
courage:0.3075
humor:0.30625
brutality:0.305
sequels:0.305
touching:0.29625
police investigation:0.29275
gangs:0.29
first contact:0.28725
sweet:0.2865
bloody:0.28225
canada:0.27875
harsh:0.278
entirely dialogue:0.272
clever:0.2715
quirky:0.271
mining:0.266
corruption:0.265
betrayal:0.26225
texas:0.26075
good action:0.254
excellent script:0.254
imdb top 250:0.253
enigmatic:0.2505
melancholy:0.2485
goofy:0.2475
oscar (best supporting actress):0.24675
overrated:0.2465
unusual plot structure:0.24425
stoner movie:0.24
melancholic:0.2385
idealism:0.23825
adaptation:0.238
scenic:0.235
life & death:0.23475
stylish:0.23375
weird:0.2335
new jersey:0.2335
good dialogue:0.233
story:0.23175
very interesting:0.231
ethnic conflict:0.22875
