visually appealing:0.972
original:0.967
dialogue:0.935
existentialism:0.934
loneliness:0.9225
pretentious:0.90375
relationships:0.8955
intellectual:0.895
art house:0.89275
meditative:0.88125
infidelity:0.88075
criterion:0.8745
very interesting:0.8695
talky:0.85325
cerebral:0.85125
surveillance:0.8495
philosophical:0.846
philosophy:0.83275
poetry:0.82825
weird:0.82125
great ending:0.811
nonlinear:0.79675
complex:0.7925
narrated:0.78425
visually stunning:0.78375
enigmatic:0.77625
cinematography:0.76075
melancholic:0.76025
mindfuck:0.75325
writers:0.74575
reflective:0.744
clever:0.727
entirely dialogue:0.711
passionate:0.7045
good soundtrack:0.687
stylized:0.684
understated:0.68
intimate:0.67475
dreamlike:0.67275
secrets:0.665
marriage:0.66425
visual:0.6565
death:0.6545
independent film:0.653
story:0.649
ironic:0.62525
storytelling:0.623
shakespeare:0.616
bleak:0.61425
visceral:0.612
islam:0.6065
witty:0.60575
good dialogue:0.6035
identity:0.5935
distopia:0.58425
culture clash:0.582
transformation:0.571
life & death:0.5685
cynical:0.568
stylish:0.5595
dystopia:0.559
paranoid:0.55225
tense:0.55125
parallel universe:0.549
nudity (full frontal - notable):0.5455
lyrical:0.54475
bad ending:0.54475
artistic:0.543
sexualized violence:0.53875
life philosophy:0.53025
boring!:0.5295
interesting:0.52525
betrayal:0.52375
grindhouse:0.52275
intelligent:0.51725
space:0.51625
dystopic future:0.51575
london:0.51275
romantic:0.51175
island:0.5105
love story:0.51
adapted from:book:0.50875
shallow:0.5075
psychological:0.50475
masterpiece:0.5025
absurd:0.50175
interracial romance:0.4965
golden palm:0.49425
erotic:0.4935
surreal:0.49025
social commentary:0.4895
first contact:0.48175
colourful:0.47875
complicated plot:0.4775
mental illness:0.47225
dialogue driven:0.47
catastrophe:0.4685
dark:0.46775
drinking:0.46575
runaway:0.465
