gay:0.99175
gay character:0.86425
glbt:0.74225
life philosophy:0.64575
queer:0.6445
good soundtrack:0.641
homosexuality:0.61725
homophobia:0.617
original:0.60225
so bad it's funny:0.569
bad plot:0.5405
culture clash:0.538
stereotypes:0.51425
aids:0.48475
prejudice:0.47075
teen movie:0.469
great:0.44525
good:0.445
catastrophe:0.42
pg-13:0.39375
based on a play:0.36475
weird:0.358
shallow:0.35575
very funny:0.35375
mentor:0.353
brutality:0.336
great ending:0.334
dialogue:0.33225
goofy:0.331
storytelling:0.32775
not funny:0.326
entirely dialogue:0.32125
life & death:0.317
fight scenes:0.31675
pornography:0.31325
adaptation:0.30725
nudity (rear):0.30675
suprisingly clever:0.29625
criterion:0.289
vampire human love:0.28875
comedy:0.28775
dramatic:0.28325
london:0.2825
ethnic conflict:0.2715
entertaining:0.27025
childhood:0.26525
nudity (full frontal - brief):0.265
better than expected:0.2595
visually appealing:0.259
death:0.25475
clever:0.25425
lone hero:0.25325
girlie movie:0.2515
distopia:0.24875
romantic comedy:0.2485
transgender:0.24525
underrated:0.24325
women:0.24025
romantic:0.239
sexy:0.2385
runaway:0.23625
feel-good:0.2355
grindhouse:0.235
honest:0.23475
good acting:0.23425
independent film:0.23325
funny:0.22975
excellent script:0.22825
feel good movie:0.227
destiny:0.226
visually stunning:0.2245
cinematography:0.224
greed:0.221
melancholic:0.22075
first contact:0.2205
predictable:0.21825
fantasy world:0.2175
teen:0.217
family:0.21675
moral ambiguity:0.214
idealism:0.21375
overrated:0.212
cross dressing:0.211
quirky:0.20775
fun:0.206
vengeance:0.206
unfunny:0.2055
golden palm:0.20525
good music:0.203
sexuality:0.2
gunfight:0.19825
social commentary:0.19675
homeless:0.19675
happy ending:0.1965
writers:0.19575
gangsters:0.19575
hip hop:0.19475
loneliness:0.19425
irish accent:0.1895
silly fun:0.18775
