chick flick:0.96425
small town:0.90875
feel-good:0.882
sweet:0.84
feel good movie:0.80775
girlie movie:0.80325
destiny:0.7925
based on a book:0.77925
pregnancy:0.76325
touching:0.75975
women:0.6845
based on book:0.67625
quirky:0.673
social commentary:0.672
unlikely friendships:0.6545
heartwarming:0.6435
adapted from:book:0.63925
friendship:0.63875
original:0.61625
stereotypes:0.6015
sentimental:0.5955
drama:0.58525
good soundtrack:0.5835
catastrophe:0.5745
happy ending:0.56825
sappy:0.55475
romantic comedy:0.55025
story:0.54575
teen movie:0.54225
tear jerker:0.53025
family:0.51275
good:0.51225
mentor:0.5105
predictable:0.503
life philosophy:0.491
books:0.48
life:0.46675
adaptation:0.466
pg-13:0.46575
better than expected:0.455
romantic:0.4395
love story:0.43875
culture clash:0.436
great:0.43025
inspirational:0.42825
great ending:0.42625
shopping:0.423
big budget:0.40575
tom clancy:0.39675
teen:0.38025
emotional:0.3775
justice:0.3745
dialogue:0.374
romance:0.3725
bittersweet:0.36875
surveillance:0.35075
shallow:0.3505
childhood:0.344
transformation:0.34025
chocolate:0.3385
great acting:0.33575
oscar:0.32975
good acting:0.3295
hospital:0.32675
runaway:0.324
beautiful scenery:0.3205
storytelling:0.3185
based on true story:0.3185
cute:0.30875
not funny:0.30875
book was better:0.30375
first contact:0.2985
sacrifice:0.29825
prejudice:0.29775
honest:0.29225
sisters:0.29
natural disaster:0.2895
plot:0.2815
drinking:0.27825
unrealistic:0.27725
cute!:0.2765
dramatic:0.2755
vengeance:0.27475
bad acting:0.2725
redemption:0.26975
fantasy world:0.268
parenthood:0.26775
so bad it's funny:0.26575
creativity:0.26375
cancer:0.26075
new jersey:0.2565
bad plot:0.25625
adoption:0.25575
bad cgi:0.2505
coming of age:0.24775
sad but good:0.246
corny:0.238
brutality:0.237
entirely dialogue:0.2315
segregation:0.2315
