twist ending:0.985
surprise ending:0.9655
supernatural:0.953
suspense:0.93975
creepy:0.93725
great ending:0.92325
scary:0.91575
twists & turns:0.912
twist:0.91
horror:0.90275
psychological:0.888
new orleans:0.874
plot twist:0.86775
suspenseful:0.8615
thriller:0.8535
secrets:0.841
mystery:0.811
original:0.77625
weird:0.7745
voodoo:0.76475
pg-13:0.753
haunted house:0.74425
ghosts:0.72
psychology:0.71975
alternate endings:0.702
bad ending:0.6975
eerie:0.65025
better than expected:0.64225
claustrophobic:0.62775
ominous:0.62725
predictable:0.6245
clever:0.622
interesting:0.592
atmospheric:0.585
good acting:0.584
catastrophe:0.55375
magic:0.5465
police investigation:0.5355
plot holes:0.52725
dark fantasy:0.5135
story:0.506
greed:0.50175
mindfuck:0.498
good:0.496
plot:0.4925
macabre:0.49225
tense:0.49
ghosts/afterlife:0.48125
lawyer:0.4785
great acting:0.47625
first contact:0.4705
surreal:0.46625
storytelling:0.46225
gothic:0.45775
happy ending:0.4485
strange:0.447
stereotypes:0.4345
lawyers:0.43325
investigation:0.43225
powerful ending:0.43075
death:0.42925
frightening:0.42425
enigmatic:0.424
dark:0.42175
very interesting:0.41875
guilt:0.41625
runaway:0.40825
mentor:0.4035
chase:0.40225
tricky:0.395
conspiracy:0.38025
intense:0.37925
exceptional acting:0.374
gory:0.374
life philosophy:0.37275
disturbing:0.37225
good soundtrack:0.367
serial killer:0.3655
great:0.36425
dialogue:0.3605
not funny:0.35925
blindness:0.35425
sacrifice:0.3515
destiny:0.3475
torture:0.34675
fantasy world:0.3455
creativity:0.3395
underrated:0.33875
demons:0.337
brutality:0.33475
doctors:0.3305
cinematography:0.32975
silly:0.327
original plot:0.32125
paranoia:0.3165
manipulation:0.316
murder:0.31425
betrayal:0.31275
adapted from:book:0.31175
so bad it's funny:0.30825
