series:0.906
franchise:0.7995
based on a tv show:0.79475
original:0.74775
conspiracy:0.74525
great ending:0.68925
first contact:0.674
fbi:0.65175
mystery:0.6315
police investigation:0.616
disappointing:0.60925
dialogue:0.6045
aliens:0.574
bad plot:0.55725
doctors:0.55425
sci fi:0.54975
catastrophe:0.548
predictable:0.54575
mythology:0.53175
complex:0.5285
pointless:0.51925
alien:0.5165
conspiracy theory:0.51325
murder mystery:0.50975
plot:0.495
story:0.481
secrets:0.47375
supernatural:0.472
pg-13:0.46975
twists & turns:0.46775
suspense:0.4565
life philosophy:0.451
murder:0.4455
cerebral:0.44225
scifi:0.43875
obsession:0.43475
investigation:0.431
hospital:0.431
bad ending:0.42675
weird:0.41725
plot holes:0.41475
mentor:0.412
writers:0.40825
pornography:0.4
redemption:0.3905
great:0.38125
sci-fi:0.379
no plot:0.374
existentialism:0.37275
parallel universe:0.36875
fantasy world:0.36675
science fiction:0.3635
plot twist:0.36025
storytelling:0.35975
runaway:0.3565
fight scenes:0.35575
better than expected:0.3505
adaptation:0.34625
not funny:0.34425
reality tv:0.3425
alter ego:0.33725
dark:0.33725
death:0.33525
destiny:0.33525
melancholic:0.3335
trilogy:0.33075
enigmatic:0.33
chase:0.329
so bad it's funny:0.32775
kidnapping:0.32525
action:0.324
creativity:0.31975
internet:0.31975
brutality:0.31925
shallow:0.319
nudity (topless - notable):0.3145
unfunny:0.31075
interesting:0.309
entirely dialogue:0.3075
queer:0.30475
betrayal:0.30425
good soundtrack:0.30075
moral ambiguity:0.2935
suspenseful:0.292
future:0.29175
apocalypse:0.2915
romance:0.291
sexualized violence:0.29
relationships:0.28875
watch the credits:0.28875
cinematography:0.28525
made for tv:0.28425
culture clash:0.281
big budget:0.2805
confusing:0.278
drama:0.27725
too long:0.276
vengeance:0.26875
nudity (full frontal - brief):0.26825
good:0.26825
