israel:0.9445
melancholic:0.90025
original:0.8695
weird:0.8605
bittersweet:0.8575
criterion:0.84975
foreign:0.82875
intimate:0.821
culture clash:0.819
very interesting:0.8135
marriage:0.79775
jews:0.78925
relationships:0.76625
obsession:0.7605
complex:0.749
divorce:0.7355
good soundtrack:0.72575
family drama:0.72225
dysfunctional family:0.72125
sexy:0.717
women:0.709
passionate:0.706
harsh:0.704
tragedy:0.69775
pornography:0.689
enigmatic:0.68
art house:0.67675
talky:0.67
disturbing:0.66075
brutal:0.6545
brutality:0.65125
golden palm:0.644
secrets:0.64075
reflective:0.6365
family:0.6125
loneliness:0.609
jewish:0.5935
insanity:0.58825
parenthood:0.58475
drama:0.581
interracial romance:0.57225
ironic:0.57025
nudity (full frontal - notable):0.559
stylized:0.54575
affectionate:0.5435
love:0.5405
stylish:0.526
sexual:0.51875
melancholy:0.51825
dialogue:0.517
realistic:0.50575
catastrophe:0.50025
multiple storylines:0.4905
plot:0.48975
tense:0.4775
erotic:0.47725
forceful:0.4735
grindhouse:0.472
bleak:0.4605
identity:0.45975
murder mystery:0.45675
twists & turns:0.4545
drugs:0.4525
suprisingly clever:0.45025
male nudity:0.44575
tokyo:0.444
1970s:0.434
death penalty:0.432
guilt:0.43075
storytelling:0.4275
judaism:0.42325
social commentary:0.41875
police investigation:0.416
adoption:0.41525
nudity (full frontal - brief):0.41225
cinematography:0.409
vengeance:0.40575
hospital:0.40125
movielens top pick:0.39875
runaway:0.39675
mentor:0.39575
beautiful scenery:0.38925
depressing:0.38875
breathtaking:0.384
nudity (topless - notable):0.3785
very good:0.37325
immigrants:0.37075
complicated:0.369
visually appealing:0.369
sexuality:0.36875
adultery:0.3685
complex characters:0.36775
psychological:0.361
cerebral:0.36025
dark humor:0.35725
narrated:0.35375
heartbreaking:0.352
life philosophy:0.351
psychiatry:0.35075
intense:0.34075
