series:0.983
sci-fi:0.98175
conspiracy:0.976
francis ford copolla:0.96525
scifi:0.95225
aliens:0.94475
science fiction:0.9215
first contact:0.8995
alien:0.892
sci fi:0.88475
future:0.8635
action:0.79325
antarctica:0.79225
special effects:0.7905
big budget:0.7875
chase:0.78425
great ending:0.7825
space:0.77425
franchise:0.7715
original:0.76675
suspense:0.73925
intense:0.73725
based on a tv show:0.7345
great:0.72875
great movie:0.71525
secrets:0.69275
mythology:0.68
conspiracy theory:0.66075
plot:0.65375
cerebral:0.6365
complex:0.63125
surreal:0.61725
twists & turns:0.6115
dialogue:0.60825
virus:0.5935
television:0.59325
weird:0.5795
great acting:0.5775
interesting:0.5745
story:0.57325
destiny:0.56675
good:0.55975
exciting:0.5575
pg-13:0.5565
suspenseful:0.54525
action packed:0.53475
cool:0.53225
plot holes:0.525
vengeance:0.52325
adventure:0.517
storytelling:0.51275
weapons:0.5025
mentor:0.4975
catastrophe:0.49475
thriller:0.48925
clever:0.48175
dynamic cgi action:0.46975
doctors:0.461
complicated plot:0.4545
fight scenes:0.45025
adaptation:0.442
predictable:0.44175
space opera:0.4395
police investigation:0.437
visual:0.433
very interesting:0.433
runaway:0.429
fast paced:0.41375
obsession:0.413
tense:0.41075
alien invasion:0.41025
mystery:0.4085
visually stunning:0.408
confusing:0.405
special:0.4045
paranoid:0.40425
good action:0.404
redemption:0.391
enigmatic:0.38775
trilogy:0.384
existentialism:0.3835
awesome soundtrack:0.381
original plot:0.37975
excellent:0.378
pulp:0.376
violence:0.3745
creativity:0.374
technology:0.37325
not funny:0.37125
paranoia:0.37025
good soundtrack:0.36975
drama:0.36975
oscar winner:0.36725
dreamlike:0.367
secret service:0.36525
dark hero:0.36
life philosophy:0.3575
no plot:0.3565
fun movie:0.3565
long:0.354
