powerful ending:0.988
amazing photography:0.98325
friendship:0.94375
unlikely friendships:0.94025
tragedy:0.9205
tense:0.91775
poignant:0.90075
original:0.9005
investigation:0.8935
vengeance:0.8905
great acting:0.877
complex:0.8655
foreign:0.86375
cinematography:0.8525
political:0.84475
beautifully filmed:0.837
storytelling:0.81475
masterpiece:0.80025
bittersweet:0.798
emotional:0.7955
dramatic:0.79225
drama:0.79125
culture clash:0.78275
story:0.7825
flashbacks:0.7745
movielens top pick:0.76375
good acting:0.756
cold war:0.75175
brutality:0.74125
war:0.736
imdb top 250:0.73225
oscar (best foreign language film):0.73025
military:0.7265
great ending:0.7205
sacrifice:0.71775
visually appealing:0.712
intimate:0.7115
intense:0.71125
touching:0.7055
enigmatic:0.69375
psychological:0.68575
secrets:0.6825
politics:0.68025
very interesting:0.67575
mystery:0.66675
absurd:0.66025
narrated:0.6535
social commentary:0.652
criterion:0.6475
breathtaking:0.64325
golden palm:0.639
ethnic conflict:0.63025
reflective:0.62125
mentor:0.61375
talky:0.6135
childhood:0.60975
cerebral:0.60775
courage:0.605
civil war:0.604
excellent script:0.59825
twists & turns:0.596
oscar (best directing):0.595
anti-war:0.5935
moving:0.5905
brothers:0.589
death:0.5865
thought-provoking:0.58625
weird:0.5825
idealism:0.5815
violent:0.57775
war movie:0.5675
suprisingly clever:0.56725
nonlinear:0.5655
special:0.56375
greed:0.561
destiny:0.557
life & death:0.55575
visually stunning:0.555
interesting:0.555
melancholy:0.55425
murder mystery:0.55425
unusual plot structure:0.544
great:0.543
violence:0.54125
psychology:0.541
excellent:0.536
humanity:0.5315
tricky:0.52925
historical:0.52625
revenge:0.524
stunning:0.514
visual:0.51025
justice:0.50875
dialogue:0.507
beautiful scenery:0.50675
realistic:0.5055
non-linear:0.50375
complicated:0.50375
life philosophy:0.49625
police investigation:0.496
