robots:0.99525
animation:0.99025
robot:0.98375
giant robots:0.93975
computer animation:0.85825
cartoon:0.847
animated:0.84275
good versus evil:0.7775
original:0.74675
futuristic:0.7225
androids:0.69525
father son relationship:0.6905
story:0.6525
superheroes:0.6105
destiny:0.59625
action:0.589
adventure:0.579
kids and family:0.57125
childhood:0.56275
android(s)/cyborg(s):0.55775
future:0.5355
japan:0.53175
franchise:0.5245
dialogue:0.522
sacrifice:0.51325
kids:0.501
transformation:0.4865
technology:0.48625
creativity:0.48325
animals:0.4825
nostalgic:0.48025
sci fi:0.4685
super hero:0.465
fantasy world:0.46175
catastrophe:0.46125
storytelling:0.45275
cyborgs:0.45025
good:0.44825
talking animals:0.44675
3d:0.4405
anime:0.4345
adaptation:0.42725
action packed:0.42475
whimsical:0.42325
weapons:0.42075
superhero:0.41925
runaway:0.41825
fantasy:0.41375
visually stunning:0.4125
tokyo:0.41075
clones:0.40525
children:0.40375
artificial intelligence:0.4015
family:0.39475
visually appealing:0.394
mentor:0.3895
science fiction:0.3885
visuals:0.388
predictable:0.38575
fun movie:0.3765
crude humor:0.3765
political corruption:0.372
sci-fi:0.368
cgi:0.36675
chase:0.3665
unlikely friendships:0.36475
visual:0.36325
redemption:0.36
mad scientist:0.356
great ending:0.355
great:0.35425
enigmatic:0.3425
japanese:0.33725
lone hero:0.3345
good action:0.3305
fight scenes:0.324
not funny:0.3175
teen:0.316
life philosophy:0.3135
betrayal:0.31225
island:0.3075
cute:0.30475
quirky:0.29725
scifi:0.294
good soundtrack:0.29375
fun:0.287
light:0.2845
allegory:0.28225
alternate reality:0.28075
death:0.2805
slapstick:0.279
dystopia:0.2755
friendship:0.27425
utopia:0.2635
clever:0.25625
pg-13:0.25475
culture clash:0.25275
brutality:0.2525
cloning:0.247
plot:0.24625
