gangsters:0.991
gangster:0.98975
crime:0.9725
mafia:0.95525
violent:0.938
stylish:0.9365
violence:0.93475
mob:0.917
view askew:0.9125
brutality:0.8975
organized crime:0.85875
stylized:0.8385
brutal:0.80125
bloody:0.76275
mentor:0.73775
good soundtrack:0.7015
original:0.70125
crime gone awry:0.64425
narrated:0.61525
betrayal:0.58525
censorship:0.5805
gritty:0.56725
london:0.5535
dialogue:0.5375
unlikeable characters:0.51825
gangs:0.513
caper:0.51075
cool:0.49725
catastrophe:0.4625
weird:0.46
excellent script:0.45475
revenge:0.45
vengeance:0.44825
entirely dialogue:0.43125
surreal:0.43
melancholic:0.42025
underrated:0.4095
male nudity:0.4075
british:0.40225
pulp:0.3985
sexualized violence:0.39175
anti-hero:0.38525
nudity (full frontal - notable):0.38175
cinematography:0.37525
pornography:0.37225
great:0.37
shallow:0.3685
torture:0.36575
disturbing:0.36325
murder:0.36275
adaptation:0.36025
great acting:0.35875
grindhouse:0.3575
great ending:0.35525
life philosophy:0.354
interesting:0.35225
corruption:0.35025
storytelling:0.349
casino:0.34775
good:0.3415
not funny:0.3405
criterion:0.33725
intense:0.32925
runaway:0.3275
pointless:0.3235
multiple storylines:0.3195
cerebral:0.31875
fight scenes:0.31575
colourful:0.31375
nocturnal:0.31125
reflective:0.30825
powerful ending:0.3015
prison:0.29975
harsh:0.2995
overrated:0.2965
redemption:0.29625
dark hero:0.289
splatter:0.2875
hallucinatory:0.2865
lone hero:0.283
talky:0.28175
gypsy accent:0.277
greed:0.27675
social commentary:0.268
gory:0.26575
clever:0.2655
moody:0.26275
enigmatic:0.26075
visceral:0.25875
sexy:0.2575
nudity (topless - notable):0.2565
visual:0.2535
gratuitous violence:0.2525
drugs:0.2515
atmospheric:0.2505
masterpiece:0.2505
erotic:0.25
bullying:0.2485
predictable:0.24825
life & death:0.248
