series:0.99175
space opera:0.9825
space:0.9695
sci-fi:0.94925
based on a tv show:0.88725
destiny:0.88725
sci fi:0.87925
scifi:0.83675
original:0.83675
science fiction:0.833
complex:0.822
intense:0.79425
war:0.7565
story:0.75425
dialogue:0.741
great ending:0.74075
made for tv:0.68525
storytelling:0.67
futuristic:0.66725
drama:0.653
thought-provoking:0.6525
plot:0.62425
tense:0.62075
visually appealing:0.61075
humanity:0.6105
franchise:0.60425
secrets:0.60275
unusual plot structure:0.56275
visceral:0.561
betrayal:0.55825
redemption:0.55375
enigmatic:0.55325
great:0.547
interesting:0.53825
catastrophe:0.534
mentor:0.53125
technology:0.52275
vengeance:0.512
mythology:0.50875
visual:0.50125
first contact:0.4975
suspense:0.467
forceful:0.46525
cerebral:0.4605
special effects:0.45675
dark hero:0.4565
future:0.454
movielens top pick:0.43775
awesome soundtrack:0.43775
brutality:0.43725
entirely dialogue:0.43725
life philosophy:0.42975
writers:0.42475
cinematography:0.424
philosophical:0.421
action:0.41925
culture clash:0.4115
flashbacks:0.411
imdb top 250:0.404
dramatic:0.4035
good soundtrack:0.40325
melancholy:0.40225
pg-13:0.40075
great acting:0.395
political:0.39425
reflective:0.38825
revenge:0.387
violence:0.3855
visually stunning:0.383
clever:0.38275
weapons:0.3795
fantasy world:0.37725
immortality:0.3765
prequel:0.37525
doctors:0.37525
cool:0.36525
suprisingly clever:0.364
parallel universe:0.36075
chase:0.3605
realistic:0.35975
harsh:0.35825
survival:0.35575
exciting:0.355
great movie:0.343
long:0.34275
morality:0.342
oscar (best directing):0.34125
fight scenes:0.34075
social commentary:0.33425
original plot:0.3335
not funny:0.3315
too short:0.33
good:0.32825
obsession:0.32825
earnest:0.32525
police investigation:0.32275
distopia:0.32225
manipulation:0.32025
sacrifice:0.31725
violent:0.312
