fairy tale:0.98275
girlie movie:0.89175
fairy tales:0.87425
sweet:0.8675
romantic:0.827
romantic comedy:0.82575
romance:0.81675
love story:0.7765
cute:0.758
love:0.7415
feel-good:0.712
happy ending:0.708
cute!:0.703
good romantic comedies:0.689
original:0.648
feel good movie:0.63975
whimsical:0.602
beautiful scenery:0.594
fantasy world:0.5885
visually appealing:0.57175
destiny:0.565
chick flick:0.55875
heartwarming:0.55025
family:0.5455
fantasy:0.52575
culture clash:0.48075
witches:0.473
light:0.46875
relationships:0.46425
good:0.43575
witch:0.43375
great ending:0.42675
predictable:0.426
pg-13:0.4155
magic:0.4135
shallow:0.41175
teen movie:0.41075
catastrophe:0.4105
great:0.4055
storytelling:0.405
graphic design:0.4025
dialogue:0.401
women:0.3835
mentor:0.3745
stereotypes:0.36825
fun:0.3625
story:0.3625
better than expected:0.36125
quirky:0.35875
based on book:0.35675
passionate:0.34075
pigs:0.33875
good soundtrack:0.3365
pornography:0.33375
based on a book:0.3315
witty:0.3175
life philosophy:0.317
fun movie:0.31225
adaptation:0.3105
great acting:0.30875
switching places:0.3085
not funny:0.3085
sacrifice:0.30725
sexy:0.3005
suprisingly clever:0.3
marriage:0.29675
transformation:0.2915
crude humor:0.28575
beautifully filmed:0.2855
lone hero:0.2825
beautiful:0.2785
runaway:0.27775
teen:0.2775
sappy:0.27575
good action:0.2705
prejudice:0.269
very funny:0.26825
weird:0.26575
clever:0.26325
magic realism:0.26125
brutality:0.25975
melancholic:0.258
honest:0.2515
plot:0.25075
silly:0.2495
divorce:0.24725
vengeance:0.24675
modern fantasy:0.244
twists & turns:0.243
adventure:0.2425
visual:0.23925
fight scenes:0.239
london:0.23775
childhood:0.237
unfunny:0.2365
entertaining:0.228
goth:0.2255
betrayal:0.22425
unusual plot structure:0.22375
pg:0.22275
