romantic comedy:0.99875
romantic:0.98325
chick flick:0.97475
girlie movie:0.973
good romantic comedies:0.9595
alaska:0.93475
comedy:0.9345
happy ending:0.93125
romance:0.89325
sweet:0.8165
funny:0.79725
marriage:0.7695
love story:0.76175
love:0.75125
pg-13:0.73525
wedding:0.72525
predictable:0.70525
cute:0.68325
beautiful scenery:0.67475
relationships:0.659
cute!:0.63825
divorce:0.6155
catastrophe:0.60275
feel-good:0.60025
original:0.587
better than expected:0.56325
family:0.55775
family bonds:0.543
absurd:0.531
feel good movie:0.52925
women:0.522
crude humor:0.5175
silly:0.516
dialogue:0.51375
great ending:0.5065
very funny:0.4725
sexy:0.43
fun movie:0.426
destiny:0.425
witty:0.4125
culture clash:0.411
immigrants:0.40775
interracial romance:0.40025
entertaining:0.39325
so bad it's funny:0.3925
hilarious:0.3775
great:0.368
unfunny:0.36375
chase:0.35925
suprisingly clever:0.3585
unrealistic:0.357
teen movie:0.356
storytelling:0.35525
mentor:0.3545
good:0.34775
stereotypes:0.3475
nudity (rear):0.34075
fun:0.33975
light:0.3335
natural disaster:0.32925
plot:0.329
mother daughter relationship:0.3255
manipulation:0.3205
silly fun:0.3175
sappy:0.316
shopping:0.31575
good soundtrack:0.3135
slapstick:0.3105
idiotic:0.3105
runaway:0.30325
switching places:0.29975
visually appealing:0.29125
betrayal:0.291
canada:0.287
screwball comedy:0.2845
brutality:0.28425
dog:0.2835
fashion:0.2825
life philosophy:0.27775
secret service:0.27725
pornography:0.275
clever:0.27075
transformation:0.2695
male nudity:0.2675
police investigation:0.266
alternate endings:0.2645
new york city:0.26
quirky:0.2595
teen:0.25925
lone hero:0.259
story:0.2575
erotic:0.25675
adaptation:0.25175
prejudice:0.2465
secrets:0.246
books:0.24425
interesting:0.24075
fantasy world:0.23775
not funny:0.23525
guilty pleasure:0.2315
