adultery:0.9205
infidelity:0.7765
bittersweet:0.706
midlife crisis:0.704
relationships:0.6525
mother daughter relationship:0.64525
betrayal:0.63075
marriage:0.6145
erotic:0.57625
judaism:0.56575
original:0.56325
nudity (topless - notable):0.55875
nostalgic:0.54675
culture clash:0.54525
cheating:0.5345
beautifully filmed:0.52725
passionate:0.526
poignant:0.52225
great ending:0.50525
family drama:0.50425
story:0.5005
period piece:0.48975
mentor:0.48275
parenthood:0.47325
catastrophe:0.468
touching:0.46775
drama:0.45275
transformation:0.4445
emotional:0.4415
family:0.44125
good acting:0.4375
beautiful scenery:0.432
oscar (best actress):0.4285
sexy:0.42525
astronauts:0.4185
childhood:0.413
great:0.39525
coming of age:0.3865
coming-of-age:0.383
secrets:0.378
melancholic:0.37375
guilt:0.37125
dramatic:0.37075
dysfunctional family:0.36825
intimate:0.36475
not funny:0.36175
affectionate:0.3585
suprisingly clever:0.358
california:0.35525
good:0.353
great acting:0.3475
chick flick:0.347
divorce:0.3385
life philosophy:0.33425
loneliness:0.332
jewish:0.331
dialogue:0.32775
light:0.31875
oscar (best directing):0.31575
unusual plot structure:0.31275
reflective:0.30925
teen movie:0.30875
runaway:0.308
oscar:0.3
love story:0.3
police investigation:0.29825
honest:0.29625
oscar (best supporting actress):0.29375
excellent:0.293
talky:0.291
good soundtrack:0.29075
rebellion:0.28775
love:0.2865
redemption:0.28525
criterion:0.282
solitude:0.27975
storytelling:0.27475
nudity (full frontal - brief):0.2735
chase:0.27175
romantic:0.27075
sacrifice:0.26825
nudity (topless):0.268
adaptation:0.268
obsession:0.26775
better than expected:0.2675
predictable:0.26725
writers:0.26575
destiny:0.2655
heartwarming:0.26025
depression:0.258
small town:0.255
life & death:0.25025
visually appealing:0.2485
first contact:0.248
pornography:0.2475
entirely dialogue:0.246
beautiful:0.24425
unfunny:0.241
unlikely friendships:0.24025
tragedy:0.23975
