romantic:0.98775
dialogue driven:0.9685
love story:0.9645
romance:0.96175
vienna:0.95875
relationships:0.944
bittersweet:0.9375
love:0.919
talky:0.9125
dialogue:0.89725
loneliness:0.89525
philosophical:0.8795
melancholic:0.85475
intellectual:0.8245
reflective:0.813
wistful:0.79425
beautiful scenery:0.78275
touching:0.77425
original:0.76925
intimate:0.76375
existentialism:0.75575
destiny:0.73175
honest:0.729
imdb top 250:0.7105
cinematography:0.69675
philosophy:0.69525
solitude:0.69425
beautifully filmed:0.693
cerebral:0.685
great dialogue:0.68475
sweet:0.6795
poignant:0.67275
life & death:0.66425
affectionate:0.6615
quirky:0.65025
life philosophy:0.6455
intelligent:0.63675
entirely dialogue:0.63425
independent film:0.6275
sequels:0.6145
excellent script:0.60425
witty:0.59925
great ending:0.59725
special:0.5935
good soundtrack:0.589
realistic:0.586
passionate:0.58125
enigmatic:0.559
memory:0.55
criterion:0.55
thought-provoking:0.5355
idealism:0.5335
very interesting:0.52925
paris:0.524
wine:0.523
storytelling:0.5225
beautiful:0.519
natural disaster:0.5175
romantic comedy:0.51575
feel-good:0.5145
trains:0.51425
visually appealing:0.513
suprisingly clever:0.50725
interesting:0.5065
great acting:0.506
unusual plot structure:0.50375
oscar (best writing - screenplay written directly for the screen):0.495
writers:0.4945
atmospheric:0.49075
happy ending:0.4895
emotional:0.48825
complex:0.4735
feel good movie:0.4735
mentor:0.46475
catastrophe:0.458
melancholy:0.458
great:0.45275
good acting:0.44625
simple:0.4435
breathtaking:0.442
slow paced:0.44
clever:0.42975
unlikely friendships:0.4265
life:0.4235
chick flick:0.41725
culture clash:0.41575
narrated:0.40775
social commentary:0.4025
good dialogue:0.401
drama:0.3995
whimsical:0.3905
pretentious:0.38475
friendship:0.3765
nonlinear:0.37175
understated:0.371
ethnic conflict:0.3705
utopia:0.36475
not funny:0.36025
story:0.35675
complex characters:0.3565
