holocaust:0.97675
jews:0.96975
oscar (best foreign language film):0.9665
world war ii:0.9235
nazis:0.916
camp:0.8875
cinematography:0.88075
bleak:0.867
intimate:0.861
poland:0.8105
visceral:0.81025
nazi:0.808
criterion:0.79175
life & death:0.753
rebellion:0.74725
enigmatic:0.7435
storytelling:0.7405
golden palm:0.7335
obsession:0.72925
talky:0.71425
melancholic:0.70075
original:0.69125
off-beat comedy:0.68625
jewish:0.6835
weird:0.675
foreign:0.67125
allegory:0.668
cerebral:0.644
wwii:0.64325
death:0.64225
culture clash:0.632
stylized:0.62475
redemption:0.624
disturbing:0.61475
social commentary:0.609
realistic:0.60875
humanity:0.60775
brutality:0.59975
tragedy:0.59975
loneliness:0.5975
nocturnal:0.5965
harsh:0.59475
melancholy:0.594
imdb top 250:0.5745
grim:0.569
atmospheric:0.56275
masterpiece:0.545
prison escape:0.5395
oscar:0.53575
dramatic:0.53525
light:0.534
reflective:0.52775
existentialism:0.52275
breathtaking:0.52125
cult classic:0.52
unusual plot structure:0.506
meditative:0.5025
good soundtrack:0.484
morality:0.482
california:0.469
runaway:0.464
germany:0.4635
drama:0.454
surreal:0.4515
claustrophobic:0.447
oil:0.442
dark humor:0.43975
sacrifice:0.439
scenic:0.439
dialogue:0.438
greed:0.438
oscar (best supporting actress):0.4355
dreamlike:0.41975
suprisingly clever:0.41975
character study:0.41475
nudity (full frontal - brief):0.40525
visual:0.404
black comedy:0.40225
catastrophe:0.402
bullying:0.397
visually appealing:0.39575
anti-semitism:0.39525
great ending:0.3905
absurd:0.38875
beautifully filmed:0.387
imagination:0.382
adapted from:book:0.38175
narrated:0.37875
artistic:0.378
stoner movie:0.3745
survival:0.374
honest:0.37225
stunning:0.37075
finnish:0.36875
prison:0.3645
nudity (full frontal - notable):0.363
pornography:0.36125
german:0.359
not funny:0.3555
black and white:0.35425
