crime:0.9895
prison escape:0.96025
violence:0.905
robbery:0.84075
gangster:0.8345
original:0.81375
gangsters:0.812
fast paced:0.8
biopic:0.75975
french:0.7465
drama:0.7455
bank robbery:0.74225
corruption:0.73225
brutality:0.715
violent:0.715
character study:0.7045
complex:0.69675
betrayal:0.68575
paris:0.663
storytelling:0.656
great ending:0.64525
death:0.64075
based on a true story:0.63875
runaway:0.6365
life philosophy:0.6345
dramatic:0.61825
murder:0.6075
talky:0.6055
criterion:0.60125
kidnapping:0.59525
social commentary:0.5935
intense:0.5645
true story:0.56175
forceful:0.559
crime gone awry:0.55675
vengeance:0.55325
prison:0.5525
mob:0.5475
catastrophe:0.54175
caper:0.5395
france:0.534
police investigation:0.53325
depression:0.5305
hospital:0.53
grim:0.52325
plot:0.518
psychological:0.517
story:0.51425
suprisingly clever:0.51375
gunfight:0.506
moral ambiguity:0.50525
suspense:0.5025
childhood:0.501
justice:0.49575
cerebral:0.49275
gritty:0.492
golden palm:0.492
exceptional acting:0.491
good soundtrack:0.49075
heist:0.47875
organized crime:0.47775
melancholic:0.47675
stylish:0.47075
harsh:0.468
chase:0.46575
police:0.457
dialogue:0.44925
clever:0.44725
action:0.446
movielens top pick:0.43875
twists & turns:0.43025
downbeat:0.4295
mentor:0.4285
weird:0.4265
investigation:0.42625
oscar (best supporting actress):0.4245
revenge:0.423
stylized:0.41975
visually appealing:0.4175
anti-hero:0.414
excellent script:0.4125
imdb top 250:0.41
bleak:0.409
unusual plot structure:0.4055
greed:0.40525
hitman:0.402
torture:0.4015
nudity (topless):0.4005
redemption:0.40025
pornography:0.39725
identity:0.39525
action packed:0.39375
exciting:0.39
interesting:0.38575
sexualized violence:0.382
existentialism:0.38075
police corruption:0.37525
cinematography:0.37475
dark hero:0.3695
manipulation:0.369
