vigilante:0.9985
based on a comic:0.99525
super hero:0.99
superhero:0.9885
adapted from:comic:0.987
dark hero:0.98225
vigilantism:0.98025
comic book:0.97975
superheroes:0.97925
action:0.96725
comics:0.9555
marvel:0.9555
vengeance:0.95425
super-hero:0.949
revenge:0.9415
based on comic:0.915
good action:0.91425
violence:0.89925
big budget:0.86325
fight scenes:0.85575
action packed:0.83275
anti-hero:0.82475
pg-13:0.8215
undercover cop:0.7955
weapons:0.794
violent:0.78775
hit men:0.786
better than expected:0.78575
mutants:0.7445
brutality:0.73775
graphic novel:0.73525
original:0.70175
franchise:0.6885
realistic action:0.65925
family:0.64375
adaptation:0.63
comic book adaption:0.624
justice:0.616
pulp:0.6145
good:0.60925
cool:0.584
plot:0.58125
great ending:0.57175
predictable:0.5665
arms dealer:0.56025
alter ego:0.5595
comic:0.54875
mentor:0.526
chase:0.5255
dynamic cgi action:0.51675
bad cgi:0.51575
fast paced:0.515
gunfight:0.508
brutal:0.5035
bad plot:0.4935
car chase:0.4905
murder:0.48625
hitman:0.4855
great:0.485
fighting:0.482
bad acting:0.47925
lone hero:0.479
dialogue:0.4755
betrayal:0.4715
special effects:0.464
catastrophe:0.46375
good sequel:0.458
death:0.44475
family drama:0.4435
gratuitous violence:0.4305
torture:0.425
guns:0.42375
blood:0.42125
gory:0.41925
story:0.4165
nudity (full frontal - brief):0.41525
life philosophy:0.41225
stylized:0.41175
bloody:0.41075
storytelling:0.40925
survival:0.40425
explosions:0.40375
horrible:0.3995
sequels:0.3935
dc comics:0.39125
bad:0.388
gay character:0.38125
immortality:0.37875
dysfunctional family:0.37825
sequel:0.37375
not funny:0.37275
assassin:0.368
gangsters:0.36625
intense:0.36525
redemption:0.3615
mafia:0.35675
gritty:0.35125
heroine in tight suit:0.34975
corruption:0.34
culture clash:0.33825
