organized crime:0.9985
gangster:0.99275
gangsters:0.99275
crime:0.988
mafia:0.9875
corruption:0.9805
based on a true story:0.95325
police corruption:0.94625
drugs:0.94525
true story:0.93075
undercover cop:0.92825
mentor:0.928
based on true story:0.9155
mob:0.9035
great acting:0.86975
violent:0.858
violence:0.8505
intense:0.8465
justice:0.83475
drug abuse:0.8165
good:0.80925
storytelling:0.809
1970s:0.80275
greed:0.7935
original:0.7915
oscar (best directing):0.78575
police:0.78475
interesting:0.78175
drama:0.78075
new jersey:0.775
biopic:0.772
brutality:0.7585
dramatic:0.75625
gritty:0.75575
new york:0.75375
great movie:0.74925
fast paced:0.7395
oscar (best actor):0.72775
social commentary:0.7265
good acting:0.7245
nudity (topless - brief):0.7205
crime gone awry:0.71975
complex:0.71825
story:0.71325
suspense:0.7075
long:0.70275
good soundtrack:0.7025
police investigation:0.6995
conspiracy:0.69075
realistic:0.68925
excellent script:0.6785
honest:0.67025
forceful:0.6625
great ending:0.65975
betrayal:0.65675
plot:0.65575
very good:0.651
oscar:0.645
stylish:0.64475
stylized:0.6445
action:0.6415
gangs:0.64125
dialogue:0.6395
anti-hero:0.63225
pg-13:0.63225
business:0.63125
redemption:0.62775
heroin:0.6245
life philosophy:0.6225
narrated:0.62025
powerful ending:0.6185
imdb top 250:0.6185
oscar winner:0.611
cinematography:0.60125
caper:0.6005
cool:0.59375
addiction:0.59075
tense:0.58475
cerebral:0.58375
great:0.58275
talky:0.57725
twists & turns:0.57375
foul language:0.57075
drug addiction:0.57
entertaining:0.56675
exceptional acting:0.5635
vengeance:0.563
clever:0.56175
hit men:0.553
dark hero:0.5515
drinking:0.549
runaway:0.54475
revenge:0.543
thriller:0.54125
very interesting:0.53625
harsh:0.535
visceral:0.52725
historical:0.5195
murder:0.515
visually appealing:0.5115
