australia:0.98275
graphic design:0.97875
greed:0.97325
australian:0.948
twist ending:0.7895
math:0.763
original:0.76275
corruption:0.76125
very interesting:0.7415
thriller:0.73625
manipulation:0.733
revenge:0.72275
good:0.715
mathematics:0.68625
dialogue:0.67975
good acting:0.67725
intense:0.674
interesting:0.65025
suspense:0.65
secrets:0.612
shallow:0.60325
cinematography:0.60075
caper:0.60025
violent:0.596
enigmatic:0.58825
plot:0.588
good soundtrack:0.585
betrayal:0.5815
twists & turns:0.57775
social commentary:0.57075
vengeance:0.56225
tense:0.55525
pg-13:0.5515
very good:0.549
brutality:0.53175
crime gone awry:0.52275
entirely dialogue:0.51775
twist:0.51725
visually appealing:0.49475
capitalism:0.4905
mentor:0.49025
writers:0.48775
great:0.4835
good story:0.47775
life philosophy:0.47225
internet:0.46875
chase:0.4635
adaptation:0.458
catastrophe:0.455
complex:0.4525
clever:0.45075
storytelling:0.4505
cerebral:0.44925
nudity (full frontal - brief):0.447
bad ending:0.44325
serial killer:0.4325
not as good as the first:0.4295
identity:0.4085
not funny:0.40725
great ending:0.405
drama:0.3985
entertaining:0.39625
predictable:0.39175
excellent:0.3905
allegory:0.3895
moral ambiguity:0.384
plot twist:0.37775
great acting:0.377
thought-provoking:0.376
guilt:0.37
so bad it's funny:0.36775
stylized:0.36575
stylish:0.3655
intelligent:0.36375
alternate endings:0.36225
computers:0.36075
sexy:0.36075
morality:0.36
plot holes:0.3595
conspiracy:0.35875
justice:0.358
investigation:0.35575
runaway:0.3545
money:0.3455
natural disaster:0.34525
quirky:0.344
tricky:0.3415
murder:0.34025
great movie:0.33525
obsession:0.3325
foreign:0.32775
visually stunning:0.32225
dark hero:0.3185
distopia:0.317
story:0.3165
business:0.31575
transformation:0.3155
gunfight:0.3125
melancholic:0.311
suspenseful:0.311
