romance:0.83525
nudity (topless - notable):0.81
romantic:0.8045
obsession:0.80375
relationships:0.76075
grindhouse:0.7405
life & death:0.71075
quirky:0.66925
dreams:0.65225
original:0.63925
love:0.6245
pornography:0.6205
good soundtrack:0.58925
destiny:0.58625
true story:0.55325
romantic comedy:0.5255
mentor:0.5245
great ending:0.51525
life philosophy:0.5065
catastrophe:0.4955
classic car:0.49525
finnish:0.49525
adolescence:0.48925
beautifully filmed:0.48775
melancholic:0.48425
unusual plot structure:0.4765
brutality:0.4695
great:0.467
sexualized violence:0.46125
feel-good:0.4575
writers:0.4535
tricky:0.44625
storytelling:0.4385
cult film:0.43525
complex:0.42
redemption:0.41525
nudity (full frontal - notable):0.40925
transformation:0.40425
dialogue:0.401
so bad it's funny:0.3975
childhood:0.3835
visually appealing:0.38275
gunfight:0.38175
male nudity:0.3775
sexy:0.3695
narrated:0.35875
good:0.35725
beautiful scenery:0.34875
80s:0.34825
small town:0.34725
not funny:0.34725
women:0.34575
dolphins:0.344
sweet:0.34225
love story:0.33925
harsh:0.3385
criterion:0.3375
loneliness:0.3335
unlikely friendships:0.3325
passionate:0.3325
excellent script:0.3305
fun movie:0.3265
vengeance:0.324
visually stunning:0.31975
suprisingly clever:0.315
erotic:0.31325
entirely dialogue:0.31325
first contact:0.31025
fantasy world:0.31
idiotic:0.30925
indie:0.308
feel good movie:0.307
enigmatic:0.305
sex comedy:0.30475
predictable:0.30325
very interesting:0.30275
story:0.301
movielens top pick:0.29375
adaptation:0.291
spiders:0.28825
kick-butt women:0.28725
cute:0.28625
golden palm:0.28175
cute!:0.281
life:0.28025
interesting:0.27925
cult classic:0.27775
witty:0.27625
death:0.273
sex:0.27075
weird:0.26875
dreamlike:0.26875
fun:0.2675
bittersweet:0.26225
virginity:0.26225
culture clash:0.262
runaway:0.262
very funny:0.26
intimate:0.26
betrayal:0.25925
