marriage:0.96175
divorce:0.9275
romantic:0.86775
relationships:0.8655
romantic comedy:0.8515
happy ending:0.82375
chick flick:0.7615
love story:0.75
drama:0.729
life philosophy:0.719
original:0.6865
destiny:0.674
love:0.65875
catastrophe:0.63425
great ending:0.631
romance:0.62775
predictable:0.62125
dialogue:0.61425
shallow:0.55825
bad acting:0.54825
writers:0.533
touching:0.5045
feel-good:0.49475
mentor:0.4925
good:0.4805
great:0.46925
sappy:0.46825
girlie movie:0.4635
pg-13:0.46275
camp:0.462
first contact:0.45975
story:0.43625
natural disaster:0.43475
good soundtrack:0.433
heartbreaking:0.41125
women:0.40825
big budget:0.4015
feel good movie:0.37875
fantasy world:0.372
redemption:0.3695
family:0.36825
adultery:0.368
cheating:0.366
bittersweet:0.36075
life:0.35975
storytelling:0.35875
emotional:0.35625
bad ending:0.35375
multiple storylines:0.34875
sentimental:0.34825
reflective:0.34825
entirely dialogue:0.341
so bad it's funny:0.33575
light:0.33475
plot:0.3315
internet:0.32925
solitude:0.3285
runaway:0.32475
bad:0.32325
great movie:0.3135
brutality:0.311
bad plot:0.30825
humorous:0.30625
melancholic:0.3055
fun movie:0.30525
unlikely friendships:0.3035
road movie:0.303
fight scenes:0.30125
complex:0.301
not funny:0.301
culture clash:0.29475
stereotypes:0.2925
transformation:0.2915
thought-provoking:0.29075
stylized:0.2895
unfunny:0.28875
quirky:0.28775
good romantic comedies:0.2875
sci fi:0.2865
very funny:0.28625
script:0.2795
intense:0.27825
vengeance:0.27625
realistic:0.27175
loneliness:0.27
betrayal:0.26525
special effects:0.2635
lone hero:0.2625
friendship:0.2625
sweet:0.26225
adaptation:0.26075
unrealistic:0.2605
honest:0.2605
existentialism:0.2595
better than expected:0.2595
overrated:0.25575
disaster:0.254
crime gone awry:0.252
true story:0.2495
memory:0.24925
