adapted from:game:1.0
based on a video game:0.99925
video game adaptation:0.999
video game:0.99075
mars:0.974
videogame:0.96725
computer game:0.96725
sci-fi:0.95775
monsters:0.938
action:0.92825
teleportation:0.913
video games:0.846
special effects:0.843
genetics:0.82725
stupid as hell:0.8125
dark hero:0.811
action packed:0.80025
monster:0.80025
big budget:0.79025
good action:0.78675
original:0.78575
mutants:0.7825
sci fi:0.7755
franchise:0.772
horror:0.76775
weapons:0.76525
demons:0.762
predictable:0.76125
virus:0.73825
scifi:0.72725
fight scenes:0.7175
lame:0.71625
alien:0.692
pg-13:0.6915
cool:0.689
apocalypse:0.6725
bad acting:0.641
aliens:0.591
bad plot:0.576
zombie:0.555
better than expected:0.55475
dialogue:0.552
so bad it's funny:0.54275
horrible:0.53975
splatter:0.53775
great ending:0.53275
first contact:0.532
bad cgi:0.52875
story:0.52875
scary:0.52275
military:0.522
silly fun:0.51725
transformation:0.51425
mad scientist:0.5085
good:0.49975
catastrophe:0.49925
science fiction:0.482
superheroes:0.4785
fun:0.47075
cheesy:0.463
adaptation:0.459
pointless:0.45225
destiny:0.44625
plot holes:0.4395
shallow:0.431
not funny:0.4245
cgi:0.417
entertaining:0.41675
bad:0.4155
futuristic:0.4125
super hero:0.406
bad science:0.4025
violence:0.401
fun movie:0.39975
mentor:0.39575
good soundtrack:0.3885
plot:0.386
fast paced:0.38525
disaster:0.385
technology:0.384
lone hero:0.38075
adapted from:comic:0.37625
zombies:0.3755
effects:0.37375
dynamic cgi action:0.368
silly:0.3675
suspense:0.366
based on a comic:0.35975
fighting:0.35875
stupid:0.3575
visually appealing:0.357
life philosophy:0.3565
natural disaster:0.35575
idiotic:0.35575
goofy:0.352
overrated:0.34775
storytelling:0.341
great:0.33575
space:0.334
brutality:0.334
