biblical:0.99875
god:0.998
egypt:0.9945
religion:0.97575
christianity:0.965
christian:0.958
natural disaster:0.91325
based on a book:0.90825
mythology:0.90725
story:0.8955
visually stunning:0.8945
islam:0.86175
visual:0.853
special effects:0.83425
jesus:0.8295
original:0.80025
first contact:0.77475
big budget:0.76675
visually appealing:0.74125
visuals:0.73475
epic:0.724
archaeology:0.72075
so bad it's funny:0.70625
catastrophe:0.70225
storytelling:0.68625
bad cgi:0.6835
cinematography:0.67075
destiny:0.66275
sacrifice:0.63875
survival:0.61325
dialogue:0.613
great ending:0.6055
predictable:0.5975
stunning:0.58625
betrayal:0.58275
pg-13:0.58175
sci fi:0.5795
jews:0.5755
cgi:0.571
atheism:0.56775
shallow:0.5675
allegory:0.567
adaptation:0.56125
effects:0.5575
life & death:0.5435
technology:0.53075
judaism:0.5235
israel:0.5205
fantasy world:0.51425
plot:0.51025
redemption:0.5085
greed:0.50825
transformation:0.502
desert:0.497
adapted from:book:0.496
bad plot:0.485
apocalypse:0.47875
historical:0.47425
propaganda:0.472
slavery:0.46675
courage:0.46375
mentor:0.46225
horrible:0.46175
fantasy:0.4615
true story:0.461
3d:0.45925
dramatic:0.45875
bad ending:0.45725
beautiful scenery:0.45525
scifi:0.455
intense:0.44175
adventure:0.4415
alien:0.4395
bad script:0.43825
culture clash:0.436
chase:0.433
pointless:0.43225
disaster:0.42925
bad science:0.42075
great:0.419
absurd:0.41875
science:0.40525
bad acting:0.404
good story:0.402
dynamic cgi action:0.39925
supernatural:0.39725
plot holes:0.39125
action:0.39025
family:0.382
harsh:0.38175
ridiculous:0.38125
vengeance:0.378
not funny:0.37725
based on book:0.375
brutality:0.373
complex:0.3695
medieval:0.3695
humanity:0.368
disappointing:0.36725
fight scenes:0.367
