bleak:0.97425
childhood:0.92725
enigmatic:0.91525
allegory:0.911
father son relationship:0.90875
cinematography:0.89875
russian:0.89375
road trip:0.88025
harsh:0.87925
intimate:0.8645
downbeat:0.84225
secrets:0.8335
beautifully filmed:0.83275
meditative:0.80425
reflective:0.80125
criterion:0.7995
melancholic:0.78825
breathtaking:0.78175
father-son relationship:0.7735
foreign:0.77075
visually appealing:0.76425
storytelling:0.7625
poignant:0.73925
oscar (best foreign language film):0.722
masterpiece:0.72125
golden palm:0.72025
melancholy:0.7165
cerebral:0.7055
death:0.68775
complex:0.68675
dramatic:0.679
talky:0.67525
loneliness:0.67425
emotional:0.672
dysfunctional family:0.65975
social commentary:0.65875
tragedy:0.64975
runaway:0.6495
grim:0.64625
coming of age:0.646
movielens top pick:0.646
adolescence:0.6445
coming-of-age:0.643
brothers:0.6395
complex characters:0.63875
imdb top 250:0.6365
original:0.63625
forceful:0.61625
mentor:0.61125
life & death:0.60575
drama:0.6015
tense:0.60075
character study:0.59975
family drama:0.59775
culture clash:0.59725
great acting:0.59175
psychological:0.591
photography:0.591
oscar (best directing):0.58725
russia:0.58575
independent film:0.584
great cinematography:0.58125
island:0.57675
art house:0.56275
wilderness:0.562
unusual plot structure:0.5605
brutality:0.557
psychology:0.5555
sacrifice:0.55525
visually stunning:0.55025
existentialism:0.54625
art:0.54325
atmospheric:0.541
depression:0.53975
stunning:0.539
cathartic:0.53175
innocence lost:0.5185
oscar (best actress):0.5155
relationships:0.51275
lyrical:0.50775
visual:0.50375
affectionate:0.50225
great ending:0.495
good soundtrack:0.4945
artistic:0.494
disturbing:0.4875
solitude:0.484
road movie:0.48125
guilt:0.4805
drinking:0.474
children:0.46125
suprisingly clever:0.4605
idealism:0.45825
isolation:0.4575
weird:0.45325
bittersweet:0.4525
narrated:0.447
slow paced:0.44375
depressing:0.43775
beautiful:0.437
