sci-fi:0.9565
good sequel:0.92675
sequel:0.924
sequels:0.888
alternate reality:0.88625
scifi:0.86625
original:0.8585
teleportation:0.85825
sci fi:0.85575
bad acting:0.7795
bad ending:0.763
pointless:0.75175
parallel universe:0.72275
maze:0.7045
claustrophobic:0.68175
crappy sequel:0.66675
science fiction:0.65375
mathematics:0.602
brutality:0.5925
special effects:0.57725
so bad it's funny:0.55575
dialogue:0.5555
great ending:0.5415
weird:0.538
horrible:0.52975
very interesting:0.52975
death:0.50825
existentialism:0.50075
franchise:0.49825
plot holes:0.49025
paranoia:0.484
bad plot:0.48375
writers:0.483
cloning:0.457
psychological:0.45575
catastrophe:0.45
powerful ending:0.44475
complex:0.44175
suspense:0.44075
creativity:0.43625
predictable:0.4285
dystopia:0.42275
mentor:0.41475
alternate endings:0.40625
not funny:0.404
clones:0.3985
first contact:0.3915
entirely dialogue:0.38575
visually stunning:0.38275
idiotic:0.38125
low budget:0.37975
twist ending:0.37875
weapons:0.3725
good:0.37125
bad sequel:0.36575
visual:0.36075
prequel:0.3535
cerebral:0.353
life & death:0.3525
storytelling:0.3495
queer:0.34925
suprisingly clever:0.34825
philosophical:0.348
bad script:0.34725
pornography:0.34225
life philosophy:0.33875
conspiracy theory:0.3355
good soundtrack:0.3345
talky:0.3335
computer game:0.33325
technology:0.332
interesting:0.32525
plot twist:0.32275
paranoid:0.32125
conspiracy:0.31825
twist:0.31825
futuristic:0.31
gory:0.30575
survival:0.305
clever:0.30425
stereotypes:0.303
virtual reality:0.3025
visually appealing:0.30025
space:0.298
end of the world:0.2965
natural disaster:0.29575
story:0.29575
great:0.29275
bad:0.2925
fight scenes:0.28575
plot:0.28425
disaster:0.2805
culture clash:0.28
runaway:0.27775
immortality:0.27775
surreal:0.275
melancholic:0.27475
absurd:0.274
torture:0.27375
nudity (full frontal - brief):0.2725
