fashion:0.94075
sequel:0.9205
original:0.91225
comedy:0.896
goofy:0.8875
sequels:0.873
parody:0.87025
silly:0.85675
dumb:0.82225
good sequel:0.81925
idiotic:0.79575
satire:0.7685
so bad it's funny:0.76175
silly fun:0.758
crappy sequel:0.75725
funny:0.75525
social commentary:0.751
pg-13:0.7505
stupid:0.71925
lame:0.718
predictable:0.71425
spoof:0.69525
crude humor:0.69375
cult film:0.68525
fun:0.67975
plot holes:0.6745
ridiculous:0.63575
bad acting:0.60225
pointless:0.601
very funny:0.601
visually appealing:0.6005
transgender:0.589
fountain of youth:0.57375
great ending:0.55775
franchise:0.557
dumb but funny:0.5555
horrible:0.55125
brainwashing:0.54525
satirical:0.5415
destiny:0.537
stereotypes:0.5305
absurd:0.525
stupid as hell:0.52
fight scenes:0.5095
death:0.50225
bad plot:0.49975
dialogue:0.49275
funny as hell:0.4915
unfunny:0.481
story:0.47675
saturday night live:0.47575
slapstick:0.4745
fantasy world:0.46475
betrayal:0.45825
humorous:0.45425
mentor:0.44975
stupidity:0.44125
catastrophe:0.4375
suspense:0.4325
redemption:0.426
cult classic:0.4215
weird:0.41875
police investigation:0.418
shallow:0.41525
fun movie:0.4145
melancholic:0.40025
humor:0.4
chase:0.393
storytelling:0.388
overrated:0.388
first contact:0.3855
special effects:0.3825
clever:0.38
new jersey:0.3785
brutality:0.37575
dynamic cgi action:0.36625
conspiracy:0.36575
runaway:0.36375
good soundtrack:0.3605
quirky:0.35475
awful:0.3485
remake:0.34175
farce:0.337
weapons:0.3335
original plot:0.3265
pornography:0.32375
bad:0.3225
visually stunning:0.32175
light:0.31975
sexualized violence:0.31975
writers:0.31825
big budget:0.3175
good:0.3165
life & death:0.31475
disaster:0.314
family:0.312
dreamlike:0.3115
adaptation:0.31125
hilarious:0.30975
imdb top 250:0.30925
