pornography:0.99175
sexual:0.9885
erotic:0.98475
sex:0.98125
art house:0.977
controversial:0.9685
relationships:0.95725
loneliness:0.93825
melancholic:0.89675
sexuality:0.8875
nudity (full frontal - notable):0.883
enigmatic:0.87725
sexy:0.8495
hotel:0.84675
obsession:0.8395
nudity (full frontal):0.78275
intimate:0.7725
paris:0.757
golden palm:0.73625
criterion:0.73425
pretentious:0.70925
nudity (topless - notable):0.69675
psychological:0.647
brutality:0.64175
suicide:0.63725
intellectual:0.63275
passionate:0.63125
infidelity:0.62725
dialogue:0.62675
complex:0.6265
original:0.61975
cinematography:0.612
nudity:0.61075
existentialism:0.60025
visceral:0.5965
male nudity:0.591
art:0.5825
weird:0.58
sexualized violence:0.5775
masterpiece:0.57025
disturbing:0.55525
artsy:0.55275
talky:0.549
artistic:0.5455
bleak:0.5435
love:0.5415
harsh:0.538
cynical:0.53
runaway:0.526
very interesting:0.522
betrayal:0.52125
nudity (rear):0.51575
guilt:0.5135
reflective:0.50825
mentor:0.4875
great ending:0.485
voyeurism:0.48025
sexual abuse:0.4765
marriage:0.47025
psychology:0.46575
drinking:0.461
entirely dialogue:0.45325
pointless:0.44775
violent:0.445
nudity (full frontal - brief):0.44375
character study:0.43925
downbeat:0.4375
hard to watch:0.436
good soundtrack:0.43575
catastrophe:0.434
bdsm:0.4295
culture clash:0.41825
stylized:0.41775
intense:0.40825
suprisingly clever:0.406
adultery:0.40525
police investigation:0.40425
censorship:0.403
dark:0.4025
photography:0.39875
melancholy:0.39625
ironic:0.395
emotional:0.3905
dreamlike:0.389
violence:0.388
interesting:0.38775
secrets:0.38675
atmospheric:0.38425
insanity:0.377
brutal:0.36975
dysfunctional family:0.366
vengeance:0.35825
cathartic:0.35325
cerebral:0.35
nocturnal:0.3475
oscar (best actress):0.347
1970s:0.3465
death:0.34475
great acting:0.343
writers:0.34125
