spoof:0.9995
parody:0.998
comedy:0.98125
humor:0.96175
goofy:0.9575
hilarious:0.93325
funny:0.9285
silly fun:0.89675
silly:0.843
humorous:0.83925
slapstick:0.8275
very funny:0.78925
absurd:0.74425
funny as hell:0.7175
fun movie:0.694
dumb but funny:0.68325
satire:0.664
irreverent:0.663
original:0.6535
airplane:0.6335
stupidity:0.6005
funniest movies:0.5685
screwball:0.56375
good:0.55575
chase:0.55425
dumb:0.55325
stupid:0.53175
satirical:0.51075
suprisingly clever:0.5065
crude humor:0.498
dialogue:0.4695
mentor:0.46125
military:0.461
so bad it's funny:0.451
idiotic:0.45025
quotable:0.45
great ending:0.444
stupid as hell:0.4405
great:0.43875
solitude:0.4335
farce:0.43125
deadpan:0.42875
fun:0.42575
catastrophe:0.4245
unfunny:0.40525
sequel:0.39725
weapons:0.36525
sequels:0.36125
saturday night live:0.3605
highly quotable:0.35425
lone hero:0.34725
unusual plot structure:0.3375
storytelling:0.33725
culture clash:0.32225
guilt:0.31575
indians:0.3105
transformation:0.30325
buddy movie:0.30125
good action:0.29975
brutality:0.29875
great movie:0.29475
story:0.2915
melancholic:0.291
lame:0.28975
runaway:0.2895
franchise:0.28825
entirely dialogue:0.288
spying:0.28375
action packed:0.283
fantasy world:0.28175
clever:0.281
life philosophy:0.2785
vengeance:0.276
disaster:0.272
destiny:0.268
adaptation:0.266
first contact:0.264
death:0.25625
mad scientist:0.25375
cult film:0.25275
fight scenes:0.25275
good soundtrack:0.24675
pornography:0.2445
cult classic:0.2445
demons:0.24375
campy:0.24325
light:0.24275
pg-13:0.2385
predictable:0.23825
redemption:0.23825
very good:0.236
surreal:0.23575
overrated:0.2305
comic:0.228
special effects:0.22625
weird:0.2235
over the top:0.22125
ridiculous:0.22075
airport:0.22025
nudity (full frontal - brief):0.22
