emma watson:0.99725
wizards:0.994
adapted from:book:0.9875
magic:0.9865
franchise:0.983
fantasy world:0.98275
harry potter:0.9815
parallel universe:0.959
good versus evil:0.959
based on a book:0.9515
boarding school:0.939
dark:0.92825
coming of age:0.924
based on book:0.917
series:0.913
books:0.90375
fantasy:0.89775
pg-13:0.8855
big budget:0.882
adventure:0.8625
imagination:0.85075
book was better:0.837
mythology:0.817
destiny:0.788
dark fantasy:0.7865
school:0.74975
visually stunning:0.743
great cinematography:0.735
high fantasy:0.73275
action:0.72875
adaptation:0.713
great ending:0.697
england:0.684
secrets:0.675
scenic:0.66525
trilogy:0.6635
book:0.6585
witch:0.6485
maze:0.645
mentor:0.63675
long:0.63
epic:0.61875
original:0.61625
story:0.60975
visually appealing:0.60875
chase:0.6075
storytelling:0.601
betrayal:0.6005
dialogue:0.5975
great:0.59625
london:0.5945
fight scenes:0.59175
fast paced:0.57375
beautiful scenery:0.571
kids:0.552
special effects:0.55
catastrophe:0.5455
children:0.545
exciting:0.5395
plot:0.535
childhood:0.53475
action packed:0.5295
teen:0.525
teleportation:0.52175
runaway:0.512
treasure hunt:0.51
awesome soundtrack:0.50575
literature:0.4955
intense:0.486
teenagers:0.48075
friendship:0.48025
visual:0.473
unlikely friendships:0.4665
weird:0.4655
good soundtrack:0.4655
good:0.46225
immortality:0.46075
vengeance:0.455
creativity:0.44575
sacrifice:0.4385
fairy tale:0.43475
better than expected:0.43225
visuals:0.4275
werewolf:0.42575
witches:0.42575
cinematography:0.42425
british:0.42375
too short:0.42325
werewolves:0.42175
prejudice:0.4055
culture clash:0.4025
family:0.401
dragons:0.39425
pornography:0.39125
distopia:0.3855
great acting:0.37675
murder:0.374
beautifully filmed:0.37175
suspense:0.3675
magic realism:0.36
