devil:0.995
supernatural:0.981
twist ending:0.9665
horror:0.95475
claustrophobic:0.92
surprise ending:0.87325
suspenseful:0.8525
twist:0.83375
original:0.80625
suspense:0.77925
scary:0.7645
pg-13:0.7285
plot twist:0.71
police investigation:0.7085
predictable:0.69925
creepy:0.69825
bad ending:0.688
storytelling:0.68575
great ending:0.6735
thriller:0.6685
demons:0.65375
tense:0.6405
plot holes:0.63325
story:0.63275
psychological:0.62775
better than expected:0.62475
mystery:0.624
twists & turns:0.611
so bad it's funny:0.6085
idiotic:0.60425
detective:0.59675
silly fun:0.596
first contact:0.58425
weird:0.582
plot:0.554
catastrophe:0.5525
creativity:0.54275
ominous:0.53875
christianity:0.5345
tricky:0.52975
good acting:0.52275
light:0.51225
good:0.5045
natural disaster:0.5035
torture:0.50125
silly:0.49525
powerful ending:0.49075
alternate endings:0.49
dialogue:0.488
god:0.48425
religion:0.484
paranoia:0.4815
bad acting:0.47975
guilt:0.47625
murder:0.467
redemption:0.452
bad cgi:0.44775
cinematography:0.4425
biblical:0.4335
surveillance:0.425
melancholic:0.414
not funny:0.4085
death:0.3995
gory:0.399
clever:0.3935
pointless:0.39325
serial killer:0.3925
great acting:0.3895
mentor:0.388
bad:0.38
sci fi:0.37225
disaster:0.3715
mindfuck:0.37
stranded:0.368
absurd:0.366
bad plot:0.36075
afterlife:0.36
life philosophy:0.3585
eerie:0.3565
nocturnal:0.3545
interesting:0.35375
secrets:0.35
paranoid:0.34525
destiny:0.34325
spiders:0.343
overrated:0.3415
horrible:0.34075
investigation:0.34
psychology:0.34
big budget:0.33975
special effects:0.335
chase:0.334
life & death:0.3265
intense:0.32525
atmospheric:0.32475
ghosts/afterlife:0.32425
brutality:0.32225
allegory:0.32075
survival:0.31725
good soundtrack:0.31675
