romantic comedy:0.97425
romantic:0.90275
relationships:0.89675
good soundtrack:0.81275
independent film:0.7805
romance:0.71175
mentor:0.71
original:0.68675
quirky:0.68025
destiny:0.64025
life philosophy:0.6295
writers:0.62175
sweet:0.603
unlikeable characters:0.58975
dialogue:0.58325
great ending:0.546
shallow:0.5355
sappy:0.52625
predictable:0.4875
pointless:0.48375
unlikely friendships:0.48275
chick flick:0.47175
happy ending:0.4665
death:0.465
obsession:0.44725
pornography:0.44675
friendship:0.4355
catastrophe:0.43525
good romantic comedies:0.42675
entirely dialogue:0.426
clever:0.4245
plot:0.4235
fun movie:0.41
loneliness:0.40975
very funny:0.406
satirical:0.4055
shopping:0.40425
weird:0.401
new york city:0.39625
stereotypes:0.39475
melancholic:0.3885
girlie movie:0.3875
love story:0.3865
storytelling:0.38025
art:0.37925
great:0.3775
artist:0.3765
brutality:0.374
feel-good:0.371
cute!:0.367
funny:0.3655
existentialism:0.36
pg-13:0.355
cute:0.35475
bad ending:0.35275
fantasy:0.3525
sexualized violence:0.35075
vengeance:0.34275
nudity (full frontal - brief):0.3405
good:0.3385
intellectual:0.3325
fun:0.328
sexy:0.32375
spying:0.32325
feel good movie:0.3215
unfunny:0.31475
not funny:0.307
artistic:0.30675
light:0.30525
drinking:0.30175
cult classic:0.2965
fantasy world:0.29525
lone hero:0.29475
gay character:0.2945
overrated:0.2945
excellent script:0.29425
runaway:0.29275
first contact:0.2925
so bad it's funny:0.29125
unrealistic:0.28825
new jersey:0.28625
adaptation:0.28575
bad plot:0.282
suspense:0.28075
cult film:0.276
comedy:0.2745
honest:0.27425
chase:0.27275
satire:0.2695
sentimental:0.2685
goofy:0.268
crude humor:0.26775
reflective:0.26725
criterion:0.26575
nudity (topless - notable):0.264
fight scenes:0.264
natural disaster:0.263
interesting:0.262
entertaining:0.261
culture clash:0.2605
