horror:0.99375
splatter:0.975
serial killer:0.952
gore:0.927
gory:0.91775
bloody:0.8635
brutality:0.86
original:0.84925
weird:0.822
creepy:0.81525
slasher:0.8135
story:0.80425
blood:0.7815
new york city:0.77325
twist ending:0.7605
gruesome:0.74175
great ending:0.73725
violence:0.73475
murder:0.7165
scary:0.6985
supernatural:0.697
claustrophobic:0.691
brutal:0.67825
macabre:0.678
dark:0.667
predictable:0.651
torture:0.6395
bad ending:0.6365
demons:0.6315
cult classic:0.6315
insanity:0.61025
visceral:0.61
psychological:0.599
twist:0.5975
suspense:0.596
monster:0.59275
violent:0.56875
atmospheric:0.5665
disturbing:0.5415
suspenseful:0.53075
cult film:0.5275
obsession:0.5165
stylish:0.50325
adaptation:0.50075
stylized:0.4875
revenge:0.47125
cinematography:0.461
monsters:0.45325
creativity:0.453
train:0.4515
plot holes:0.447
transformation:0.4455
bad acting:0.44225
storytelling:0.42875
goretastic:0.42875
surreal:0.41925
catastrophe:0.415
effects:0.412
mentor:0.41125
trains:0.4105
low budget:0.4
dialogue:0.39825
first contact:0.3935
weapons:0.39275
absurd:0.3915
twists & turns:0.38575
not funny:0.38425
intense:0.3815
visuals:0.375
photographer:0.3725
police investigation:0.37225
pointless:0.37075
so bad it's funny:0.36925
happy ending:0.3685
plot:0.36825
writers:0.3675
good soundtrack:0.36675
underrated:0.3665
zombie:0.36575
fantasy world:0.36425
clever:0.35925
cgi:0.358
fight scenes:0.35625
special effects:0.35425
male nudity:0.35
cult:0.34975
sci fi:0.34625
grindhouse:0.3435
pulp:0.34175
enigmatic:0.34
cannibalism:0.335
runaway:0.3295
allegory:0.3295
sexualized violence:0.32375
great:0.32275
pornography:0.31975
witches:0.3185
nocturnal:0.3175
franchise:0.31475
plot twist:0.31375
