monster:0.866
franchise:0.8645
original:0.81025
silly fun:0.803
fun:0.8
goofy:0.7795
sequels:0.7765
silly:0.7105
sequel:0.7085
monsters:0.69275
weapons:0.666
predictable:0.65675
special effects:0.64975
so bad it's funny:0.64625
argentina:0.603
pointless:0.5805
computer animation:0.567
camp:0.552
fun movie:0.537
catastrophe:0.5285
crappy sequel:0.5185
mentor:0.5005
great ending:0.47725
action:0.4635
twists & turns:0.45875
bad plot:0.44675
series:0.434
action packed:0.42175
dialogue:0.41675
desert:0.41175
gross-out:0.40975
destiny:0.4065
campy:0.40175
quirky:0.393
good:0.38825
trilogy:0.37175
transformation:0.37125
fantasy world:0.36675
first contact:0.36625
adaptation:0.35875
not funny:0.3565
slapstick:0.35625
feel good movie:0.34975
overrated:0.3475
lone hero:0.3475
cult film:0.34475
sci fi:0.3425
cgi:0.3395
brutality:0.339
chase:0.33825
mad scientist:0.33575
great:0.3355
ridiculous:0.33375
suspense:0.33375
funny as hell:0.33375
pg-13:0.32825
light:0.32325
writers:0.3175
feel-good:0.316
absurd:0.31575
paranoid:0.3155
runaway:0.30775
violence:0.30775
good action:0.30675
family:0.304
nudity (full frontal - brief):0.30325
storytelling:0.3
pornography:0.2945
life philosophy:0.2905
entirely dialogue:0.2905
fight scenes:0.2905
good soundtrack:0.28875
natural disaster:0.285
sci-fi:0.283
grindhouse:0.2825
very funny:0.278
dragons:0.27425
intense:0.27275
humorous:0.269
splatter:0.269
redemption:0.2635
disaster:0.26275
entertaining:0.262
vengeance:0.2615
comedy:0.26075
humor:0.25875
scary:0.25125
anti-hero:0.24625
parody:0.246
adventure:0.245
small town:0.242
dinosaurs:0.2385
crude humor:0.23475
shallow:0.23425
inspirational:0.23275
justice:0.2315
plot holes:0.2295
childhood:0.2295
police investigation:0.227
suspenseful:0.22525
