too short:0.8105
original:0.75075
comedy:0.67925
predictable:0.61425
so bad it's funny:0.586
hilarious:0.48525
disaster:0.47975
overrated:0.4665
bad plot:0.461
horrible:0.45275
great ending:0.4385
dialogue:0.435
goofy:0.43
pointless:0.4215
ninja:0.415
quirky:0.4135
first contact:0.41125
mentor:0.40625
unfunny:0.40325
slapstick:0.401
surreal:0.3975
very funny:0.38975
funny as hell:0.38575
brutality:0.37675
catastrophe:0.37575
fantasy world:0.3745
weird:0.37
life & death:0.36325
unusual plot structure:0.36225
entirely dialogue:0.36125
life philosophy:0.36025
destiny:0.35875
silly fun:0.354
stupid as hell:0.3485
los angeles:0.3475
humorous:0.32575
melancholic:0.3135
pulp:0.31075
storytelling:0.30875
lone hero:0.304
funny:0.2995
cult film:0.295
writers:0.2945
dreams:0.29
short:0.286
family:0.2835
pornography:0.283
scary:0.282
adaptation:0.28025
psychological:0.27325
runaway:0.273
weapons:0.272
hawaii:0.26875
sci fi:0.26825
tricky:0.26725
violence:0.263
special effects:0.26025
childhood:0.25925
good soundtrack:0.257
natural disaster:0.255
crude humor:0.25125
redemption:0.25125
clones:0.251
dreamlike:0.248
imdb top 250:0.248
justice:0.24725
death:0.24675
vengeance:0.24625
humanity:0.2435
disturbing:0.23975
dysfunctional family:0.239
not funny:0.23775
psychology:0.237
women:0.2345
twists & turns:0.23375
gangsters:0.23375
oscar winner:0.233
splatter:0.23125
fight scenes:0.23025
multiple storylines:0.22975
adventure:0.22575
greed:0.2255
big budget:0.22375
surrealism:0.22325
feel-good:0.22175
futuristic:0.2205
insanity:0.21775
fantasy:0.21275
teen movie:0.2065
boring:0.206
good dialogue:0.2055
bizarre:0.20425
feel good movie:0.20275
stylized:0.2015
clever:0.20075
dark comedy:0.1975
black comedy:0.19625
happy ending:0.1955
solitude:0.1945
android(s)/cyborg(s):0.193
