vietnam war:0.9915
based on true story:0.93
war:0.9275
best war films:0.91975
war movie:0.87075
true story:0.8665
jungle:0.8515
military:0.835
vietnam:0.828
based on a true story:0.80575
survival:0.8025
good:0.798
based on a book:0.796
dramatic:0.789
golf:0.789
factual:0.783
based on book:0.778
action:0.7655
weapons:0.76525
bombs:0.764
excellent:0.73175
courage:0.722
original:0.68825
story:0.66725
great:0.62825
sacrifice:0.62275
us history:0.59425
great acting:0.5805
ethnic conflict:0.56575
mentor:0.55575
great movie:0.546
storytelling:0.5415
great ending:0.539
forceful:0.538
destiny:0.535
light:0.52275
realistic:0.51925
genocide:0.50725
action packed:0.50675
underrated:0.49975
harsh:0.47075
historical:0.4695
catastrophe:0.469
culture clash:0.4635
family:0.46
corruption:0.459
drama:0.4555
special effects:0.45075
radio:0.4485
poignant:0.44775
runaway:0.4375
dialogue:0.43125
adapted from:book:0.4295
alter ego:0.4215
islam:0.40725
cinematography:0.40225
torture:0.40125
life philosophy:0.39475
not funny:0.3915
fight scenes:0.39125
transformation:0.39
realistic action:0.389
intense:0.38625
fighting:0.38425
fun movie:0.379
chase:0.369
sentimental:0.368
death:0.36775
oscar (best directing):0.36425
lone hero:0.3635
beautiful scenery:0.3605
wartime:0.359
very good:0.35825
melancholic:0.35775
first contact:0.353
wwii:0.34975
justice:0.3465
brutality:0.34625
unlikely friendships:0.33925
honest:0.33325
predictable:0.333
civil war:0.333
books:0.333
adaptation:0.3295
good action:0.327
fast paced:0.32625
pg-13:0.319
iraq:0.318
alternate history:0.318
vengeance:0.31525
world war i:0.31525
paranoia:0.31425
suspense:0.31325
boat:0.31275
exceptional acting:0.3115
tragedy:0.3115
happy ending:0.31025
history:0.30875
greed:0.3075
betrayal:0.301
