girlie movie:0.988
father daughter relationship:0.9865
teen movie:0.981
chick flick:0.907
teen:0.894
romantic comedy:0.876
cute:0.7735
cute!:0.76125
happy ending:0.75525
teens:0.694
stereotypes:0.6905
sweet:0.66125
predictable:0.65925
teenager:0.6475
teenagers:0.64225
culture clash:0.6105
women:0.6
comedy:0.583
fun movie:0.58025
pg-13:0.5755
feel-good:0.56525
original:0.5595
silly:0.557
london:0.55125
romantic:0.55025
family:0.5355
better than expected:0.49975
feel good movie:0.465
good soundtrack:0.459
runaway:0.44925
england:0.449
dancing:0.4455
rags to riches:0.44525
high school:0.43525
romance:0.42125
catastrophe:0.41875
wedding:0.4135
fashion:0.4095
mentor:0.40325
hip hop:0.4015
good:0.40075
politics:0.39325
sexy:0.39175
so bad it's funny:0.3905
fun:0.3865
dialogue:0.36475
great ending:0.358
musicians:0.35625
great:0.35525
not funny:0.34475
story:0.34275
pornography:0.337
coming of age:0.3295
funny:0.32875
light:0.3235
british:0.31625
fantasy world:0.315
good romantic comedies:0.313
crude humor:0.313
bad plot:0.312
unfunny:0.31025
guilty pleasure:0.3095
divorce:0.29225
unrealistic:0.29025
bad:0.289
good versus evil:0.288
silly fun:0.28725
horrible:0.28625
very funny:0.279
satirical:0.2785
great acting:0.27625
first contact:0.27425
destiny:0.2735
childhood:0.27275
fantasy:0.266
overrated:0.26075
switching places:0.26025
parenthood:0.25575
entertaining:0.2545
adolescence:0.254
sacrifice:0.25125
police investigation:0.2505
life philosophy:0.249
transformation:0.24775
adaptation:0.24675
betrayal:0.24475
based on a play:0.2425
nudity (full frontal - brief):0.24175
dance:0.23975
storytelling:0.239
lone hero:0.23825
bad acting:0.23725
shopping:0.237
cheerleading:0.23325
fight scenes:0.232
shallow:0.23025
slapstick:0.225
san francisco:0.2245
love story:0.22325
corny:0.22075
