space:0.994
space travel:0.98775
sci-fi:0.98475
scifi:0.984
science fiction:0.9815
sci fi:0.9785
astronauts:0.974
visually stunning:0.94725
science:0.939
space opera:0.92775
visual:0.923
futuristic:0.91725
original:0.869
tense:0.86325
intelligent sci-fi:0.851
existentialism:0.84875
technology:0.84875
plot holes:0.84625
psychological:0.844
cerebral:0.84125
great ending:0.83275
cinematography:0.82775
survival:0.826
visually appealing:0.8165
solitude:0.816
dark:0.812
storytelling:0.809
claustrophobic:0.804
future:0.80275
sacrifice:0.8015
suspenseful:0.79775
loneliness:0.7865
suspense:0.78575
complex:0.77925
great cinematography:0.77475
bad science:0.77225
special effects:0.77175
effects:0.76425
intense:0.7635
great acting:0.76275
nasa:0.75325
plot twist:0.7525
first contact:0.74775
natural disaster:0.7435
philosophical:0.7365
psychology:0.735
life & death:0.728
alien:0.72625
slow paced:0.7225
powerful ending:0.72175
interesting:0.706
thought-provoking:0.70325
mars:0.702
mindfuck:0.7005
atmospheric:0.69925
bad ending:0.696
isolation:0.692
humanity:0.68425
good acting:0.678
good soundtrack:0.6705
philosophy:0.6685
imdb top 250:0.66625
social commentary:0.6645
dramatic:0.662
catastrophe:0.65825
enigmatic:0.65775
visuals:0.65625
plot:0.65325
clones:0.6455
story:0.64325
weird:0.64175
dialogue:0.6345
big budget:0.626
complicated:0.62
thriller:0.61875
end of the world:0.616
parallel universe:0.613
stunning:0.60225
cult film:0.60075
clever:0.6
original plot:0.59025
allegory:0.589
aliens:0.587
amazing cinematography:0.5865
good:0.582
drama:0.581
twists & turns:0.58075
imagination:0.5805
great soundtrack:0.5775
cult classic:0.577
greed:0.57575
destiny:0.57275
death:0.5625
twist ending:0.5545
intelligent:0.55375
metaphysics:0.552
bleak:0.546
redemption:0.5405
distopia:0.53425
intellectual:0.53
