magic:0.963
beautifully filmed:0.9305
fairy tale:0.9045
children:0.89825
single father:0.88575
childhood:0.8855
adapted from:book:0.8625
based on book:0.853
fantasy world:0.83525
secrets:0.81825
based on a book:0.805
england:0.7685
visually stunning:0.74675
heartwarming:0.72775
whimsical:0.72625
original:0.716
adaptation:0.71275
story:0.7055
literature:0.69875
imagination:0.69075
beautiful scenery:0.685
touching:0.6575
books:0.652
runaway:0.6395
beautiful:0.6165
family:0.605
british:0.5975
book was better:0.58375
london:0.55675
breathtaking:0.552
sweet:0.544
stunning:0.54175
costume drama:0.52625
unlikely friendships:0.5255
classic:0.5235
friendship:0.5015
destiny:0.501
magic realism:0.5005
great:0.4985
fairy tales:0.49025
19th century:0.48775
storytelling:0.4815
great ending:0.48125
great acting:0.47975
light:0.47325
girlie movie:0.46825
good:0.46575
mentor:0.46175
cinematography:0.45575
allegory:0.45525
sentimental:0.44575
love:0.439
wizards:0.43
excellent:0.421
scenic:0.416
good soundtrack:0.41325
catastrophe:0.4115
romantic:0.39925
culture clash:0.39925
dark fantasy:0.3955
book:0.395
witches:0.391
colourful:0.38725
happy ending:0.378
reflective:0.37525
suprisingly clever:0.374
dialogue:0.37375
transformation:0.368
cute:0.355
melancholic:0.35175
period piece:0.34925
photography:0.3465
18th century:0.345
loneliness:0.344
orphans:0.34375
kids:0.3415
death:0.3365
visually appealing:0.33325
high fantasy:0.32225
redemption:0.32125
distopia:0.31825
kids and family:0.318
feel-good:0.31525
fun:0.31375
sacrifice:0.31325
weird:0.31275
oscar (best actress):0.31175
talking animals:0.3095
passionate:0.30375
love story:0.3035
good versus evil:0.30275
self discovery:0.30275
idealism:0.30225
police investigation:0.2975
parallel universe:0.29625
indians:0.29525
great movie:0.2945
melancholy:0.29325
affectionate:0.29
life philosophy:0.29
