death:0.98225
visually appealing:0.95375
macabre:0.926
horror:0.87575
life & death:0.86125
creepy:0.85325
atmospheric:0.85
ominous:0.81775
eerie:0.81025
cinematography:0.799
adaptation:0.7865
original:0.7825
surreal:0.77675
devil:0.776
based on a book:0.7695
dark:0.7595
ghosts/afterlife:0.74075
great ending:0.7355
suspense:0.733
gothic:0.72975
cult classic:0.7295
weird:0.72725
tense:0.72725
obsession:0.667
great movie:0.65875
gruesome:0.6585
brutality:0.651
masterpiece:0.647
psychological:0.618
dreamlike:0.6175
disturbing:0.614
revenge:0.61175
nocturnal:0.608
enigmatic:0.60725
low budget:0.60375
stylized:0.6015
transformation:0.599
demons:0.59625
unusual plot structure:0.5775
bloody:0.57375
suspenseful:0.569
good versus evil:0.5685
cult film:0.56675
criterion:0.561
grim:0.55625
visceral:0.545
classic:0.5415
sexualized violence:0.54075
story:0.53325
gory:0.53025
scary:0.52125
goth:0.51475
violence:0.50825
blood:0.50725
moody:0.4995
dark fantasy:0.4985
splatter:0.49675
dialogue:0.493
nudity (full frontal - notable):0.488
harsh:0.48575
nudity (topless - notable):0.47575
allegory:0.4755
great:0.47375
paranoia:0.4635
visual:0.46075
dark hero:0.456
paranoid:0.45525
greed:0.452
bad ending:0.45075
grindhouse:0.44575
dreams:0.442
adapted from:book:0.439
social commentary:0.43775
twist:0.43725
melancholic:0.436
gunfight:0.429
stylish:0.42475
intense:0.4245
storytelling:0.4185
claustrophobic:0.4165
catastrophe:0.41525
murder:0.414
oscar (best supporting actress):0.41125
mentor:0.411
corruption:0.40825
supernatural:0.4055
police investigation:0.4055
imdb top 250:0.40425
twists & turns:0.40175
mystery:0.40175
medieval:0.4005
sacrifice:0.39925
cult:0.399
period piece:0.3975
survival:0.397
pg-13:0.39525
campy:0.393
colourful:0.39275
surrealism:0.3895
violent:0.38875
