beatles:0.99075
psychedelic:0.97375
surreal:0.966
animation:0.96525
rock and roll:0.89475
music:0.87925
weird:0.8695
whimsical:0.84025
original:0.8265
cartoon:0.82625
artistic:0.82025
lyrical:0.752
colourful:0.752
surrealism:0.75125
animated:0.7165
great music:0.6915
good music:0.68575
stylized:0.66875
musical:0.65975
dreamlike:0.6525
creativity:0.63075
witty:0.63
hallucinatory:0.62
dialogue:0.62
visual:0.61725
good soundtrack:0.59475
imagination:0.58075
goofy:0.57975
fantasy:0.5775
computer animation:0.5765
cult classic:0.56925
criterion:0.55825
good versus evil:0.556
runaway:0.545
fantasy world:0.5415
musicians:0.53725
absurd:0.533
visually appealing:0.51725
alternate reality:0.517
great:0.495
great ending:0.493
allegory:0.4885
great soundtrack:0.485
adventure:0.485
fun movie:0.4845
british:0.4835
narrated:0.4815
clever:0.48
london:0.47925
art:0.47625
quirky:0.4705
cult film:0.46975
1960s:0.46875
light:0.4685
enigmatic:0.462
queer:0.45325
irreverent:0.43925
story:0.43725
bizarre:0.43675
childhood:0.428
artist:0.421
social commentary:0.419
catastrophe:0.41725
storytelling:0.4105
culture clash:0.40575
masterpiece:0.4025
70mm:0.39225
talky:0.391
great movie:0.38775
awesome soundtrack:0.38775
suprisingly clever:0.3825
humorous:0.37875
adaptation:0.37575
entirely dialogue:0.36975
insanity:0.368
melancholic:0.3675
fighting the system:0.366
obsession:0.364
interesting:0.35975
meditative:0.3535
pornography:0.35125
life philosophy:0.3475
mentor:0.34725
highly quotable:0.346
silly:0.3435
classic:0.34275
not funny:0.34025
unusual plot structure:0.337
visually stunning:0.336
good:0.336
happy ending:0.33475
cool:0.334
golden palm:0.33325
chase:0.33175
england:0.32875
special:0.3265
atmospheric:0.325
affectionate:0.32475
very funny:0.3205
animals:0.32025
