relationships:0.91175
criterion:0.87525
talky:0.87325
loneliness:0.873
gay:0.851
bloody:0.84125
homosexuality:0.8375
melancholic:0.8275
gay character:0.808
character study:0.807
love triangles:0.7975
complex characters:0.75025
transgender:0.72425
passionate:0.69975
sexual:0.6815
golden palm:0.66125
intimate:0.647
oscar (best actress):0.63975
melancholy:0.6385
heartbreaking:0.62825
original:0.62275
reflective:0.611
intellectual:0.60575
very interesting:0.5875
unusual plot structure:0.56775
brutality:0.567
betrayal:0.567
period piece:0.5635
oscar (best writing - screenplay written directly for the screen):0.5545
suprisingly clever:0.547
good soundtrack:0.541
sexuality:0.52875
nocturnal:0.52725
london:0.519
dialogue:0.5045
forceful:0.492
cerebral:0.4895
masterpiece:0.4875
redemption:0.48375
existentialism:0.47625
mentor:0.47475
complex:0.46675
divorce:0.4665
entirely dialogue:0.4595
art:0.4595
british:0.453
harsh:0.44975
nudity (full frontal - notable):0.443
obsession:0.43925
guilt:0.439
great ending:0.43875
artist:0.43825
enigmatic:0.43575
sexy:0.43575
beautiful scenery:0.4335
dialogue driven:0.4245
downbeat:0.4185
oscar (best supporting actress):0.41775
california:0.4125
catastrophe:0.40875
artistic:0.40625
controversial:0.40625
great acting:0.405
gangsters:0.405
not funny:0.40475
great:0.39775
oscar (best directing):0.39575
stereotypes:0.39575
ironic:0.394
life philosophy:0.394
honest:0.39375
runaway:0.39
classic car:0.38725
shallow:0.38675
jewish:0.3865
murder:0.38475
1970s:0.38275
nudity (topless - notable):0.37925
hitman:0.37875
sex:0.37825
visually appealing:0.3745
aids:0.3725
thought-provoking:0.37225
women:0.3645
culture clash:0.36225
interracial romance:0.361
love:0.36075
mad scientist:0.36075
tense:0.3555
dramatic:0.35275
weird:0.34925
corruption:0.34475
stylish:0.3425
romantic:0.342
chase:0.342
gory:0.3415
grindhouse:0.34125
good acting:0.33975
queer:0.336
oscar:0.33375
