action:0.9885
good action:0.98325
fight scenes:0.9725
violence:0.90825
franchise:0.90475
action packed:0.90025
fighting:0.8685
chase:0.86725
original:0.845
predictable:0.81325
cyborgs:0.81
weapons:0.80525
realistic action:0.80325
car chase:0.79775
explosions:0.78475
plot:0.78325
good sequel:0.78125
dialogue:0.76475
sequels:0.75575
pg-13:0.75025
lone hero:0.73475
violent:0.72775
special effects:0.726
story:0.72575
brutality:0.7255
big budget:0.7035
russia:0.68625
gunfight:0.67075
kidnapping:0.6555
cloning:0.65425
buddy movie:0.6535
goofy:0.649
sequel:0.633
family:0.62175
dark hero:0.584
great ending:0.57475
fast paced:0.5715
superheroes:0.5645
camp:0.558
intense:0.5575
good:0.5565
fun:0.555
plot holes:0.55075
clones:0.539
gratuitous violence:0.5365
guns:0.52775
crappy sequel:0.52225
sci-fi:0.518
stylized:0.51775
pointless:0.516
80s:0.513
revenge:0.50725
dynamic cgi action:0.50275
alter ego:0.501
futuristic:0.4935
stupid as hell:0.4915
nudity (topless):0.486
cool:0.482
mad scientist:0.4815
redemption:0.47925
betrayal:0.47875
murder:0.477
destiny:0.475
mentor:0.47325
transformation:0.4695
sci fi:0.46575
exciting:0.46525
overrated:0.4635
catastrophe:0.46175
vengeance:0.45475
bad plot:0.454
storytelling:0.44825
culture clash:0.448
martial arts:0.4445
so bad it's funny:0.4425
android(s)/cyborg(s):0.4415
science fiction:0.43825
computer animation:0.43575
not funny:0.427
super hero:0.426
great:0.425
immortality:0.4145
mutants:0.40975
adapted from:comic:0.40825
nostalgic:0.40325
very good:0.4025
grindhouse:0.39925
bad cgi:0.398
bad acting:0.39775
disaster:0.39625
ninja:0.391
kung fu:0.389
crude humor:0.3875
fantasy world:0.3835
simple:0.3815
script:0.374
fantasy:0.37025
visually appealing:0.369
shallow:0.368
bloody:0.3665
