surreal:0.96525
weird:0.911
original:0.88925
stop motion:0.87475
life philosophy:0.85825
tokyo:0.8505
so bad it's funny:0.842
surrealism:0.83825
visual:0.83575
dreamlike:0.80925
art house:0.7405
visually stunning:0.7305
good soundtrack:0.71025
bizarre:0.689
visually appealing:0.689
insanity:0.687
vengeance:0.671
visceral:0.6665
brutality:0.655
cult film:0.648
cult classic:0.62725
kidnapping:0.6225
absurd:0.59575
sequels:0.5855
suprisingly clever:0.583
visuals:0.582
sci fi:0.57225
existentialism:0.554
special effects:0.55025
science fiction:0.54125
sequel:0.53525
lynch:0.513
strange:0.51225
creativity:0.51125
storytelling:0.5105
cyberpunk:0.5055
transformation:0.50225
cerebral:0.49675
alternate reality:0.491
complex:0.49025
stylish:0.48325
pornography:0.47075
revenge:0.463
scifi:0.45975
sexualized violence:0.453
dialogue:0.45275
story:0.452
harsh:0.449
no plot:0.445
enigmatic:0.44225
violence:0.4415
original plot:0.4345
hallucinatory:0.429
melancholic:0.4275
identity:0.42575
catastrophe:0.425
splatter:0.41575
notable nudity:0.4135
parenthood:0.41075
criterion:0.40675
stupidity:0.39925
cinematography:0.399
imagination:0.3985
talky:0.3955
dark fantasy:0.38775
not funny:0.38675
stylized:0.3805
very interesting:0.37875
mentor:0.3775
allegory:0.37725
multiple storylines:0.3765
brutal:0.372
guilt:0.3715
cyborgs:0.36625
disturbing:0.36525
goofy:0.3625
mindfuck:0.3605
male nudity:0.35525
distopia:0.354
bad acting:0.353
nudity (full frontal - notable):0.3525
psychedelic:0.3525
mad scientist:0.3495
unusual plot structure:0.34475
snakes:0.34275
good sequel:0.34125
pointless:0.3365
action:0.33275
twists & turns:0.33025
greed:0.3295
immortality:0.32675
great ending:0.3265
android(s)/cyborg(s):0.3265
cult:0.32575
psychological:0.324
dystopic future:0.323
hospital:0.32075
redemption:0.31925
culture clash:0.3185
adaptation:0.3175
