mentor:0.773
school:0.646
original:0.60425
teacher:0.5775
doctors:0.5775
predictable:0.54075
pornography:0.53825
great ending:0.49975
catastrophe:0.49975
romance:0.478
so bad it's funny:0.469
great:0.44875
vengeance:0.43075
dialogue:0.42975
life philosophy:0.417
runaway:0.4165
chase:0.416
pg-13:0.40075
good:0.39275
brutality:0.36525
college:0.365
bullying:0.35675
destiny:0.356
revenge:0.35375
intense:0.348
fun movie:0.343
unusual plot structure:0.3425
good soundtrack:0.3405
80s:0.323
entertaining:0.32275
suspense:0.322
relationships:0.31925
adaptation:0.31
greed:0.3075
sexy:0.30675
very interesting:0.30275
culture clash:0.301
silly fun:0.2985
girlie movie:0.2955
murder:0.29325
happy ending:0.293
romantic:0.29125
underdog:0.2905
police investigation:0.2865
not funny:0.286
fantasy world:0.2825
death:0.2805
drama:0.28025
nudity (topless - notable):0.274
storytelling:0.272
fun:0.27175
story:0.2715
good action:0.269
visually appealing:0.26775
justice:0.26675
adapted from:book:0.26525
childhood:0.2645
crude humor:0.264
teen movie:0.2635
family:0.263
first contact:0.26275
cult film:0.26225
natural disaster:0.26025
bad plot:0.25875
lone hero:0.25625
goofy:0.25425
corruption:0.24975
fight scenes:0.249
entirely dialogue:0.24775
internet:0.2435
special effects:0.2435
clever:0.24025
feel-good:0.23875
talky:0.238
big budget:0.23775
franchise:0.2375
teens:0.23725
nudity (rear):0.2355
unlikely friendships:0.235
criterion:0.234
redemption:0.231
fantasy:0.229
interesting:0.2275
teen:0.2275
great movie:0.22675
nudity (full frontal - brief):0.2245
betrayal:0.22225
melancholic:0.22175
social commentary:0.2215
violence:0.21875
very funny:0.21825
nudity (topless):0.2175
excellent script:0.2165
underrated:0.21625
unfunny:0.216
spying:0.21575
overrated:0.215
harsh:0.21175
bad ending:0.2115
solitude:0.21125
