horror:0.99225
remake:0.98675
splatter:0.97
notable soundtrack:0.96625
demons:0.93425
cult classic:0.91375
gory:0.9075
original:0.89025
bloody:0.82775
blood:0.789
scary:0.775
gore:0.72475
gruesome:0.7185
creepy:0.70375
brutality:0.689
original plot:0.672
transformation:0.59525
zombie:0.5845
supernatural:0.5635
weird:0.534
grindhouse:0.529
dark fantasy:0.52575
mentor:0.5245
visually appealing:0.515
cult film:0.509
violence:0.5065
fun:0.496
view askew:0.49075
pointless:0.48425
survival:0.476
great ending:0.47125
sexualized violence:0.4415
dark humor:0.433
better than expected:0.427
pornography:0.42525
so bad it's funny:0.4195
remade:0.41925
special effects:0.41725
stylized:0.41425
death:0.41275
catastrophe:0.41225
dialogue:0.41175
melancholic:0.40625
good:0.40275
cult:0.39775
low budget:0.391
visceral:0.39
bad cgi:0.37825
brutal:0.37725
monster:0.3765
suspenseful:0.37625
violent:0.37575
good soundtrack:0.3755
atmospheric:0.3745
fun movie:0.37
adaptation:0.36925
not funny:0.3685
slasher:0.361
campy:0.36025
suspense:0.3585
great:0.357
betrayal:0.35625
macabre:0.34825
runaway:0.34775
goofy:0.34775
teens:0.34675
predictable:0.3455
bad acting:0.34125
nudity (full frontal - notable):0.33975
vengeance:0.332
graphic novel:0.331
teleportation:0.32925
mythology:0.32875
life philosophy:0.3285
storytelling:0.32725
intense:0.32675
story:0.32275
franchise:0.31275
effects:0.305
first contact:0.3045
chase:0.3035
apocalypse:0.3035
witches:0.299
sequel:0.29725
cinematography:0.29625
drug addiction:0.296
nudity (topless - notable):0.2945
tense:0.29375
camp:0.29325
addiction:0.28975
torture:0.2875
allegory:0.2845
goth:0.28425
creativity:0.28375
criterion:0.282
family drama:0.2785
revenge:0.27775
pg-13:0.277
disturbing:0.27525
suprisingly clever:0.272
