cartoon:0.91875
animals:0.911
slavery:0.9085
disney:0.90425
stereotypes:0.88175
segregation:0.8695
civil war:0.8665
animation:0.86475
rabbits:0.86075
classic:0.8545
race issues:0.84575
children:0.83325
talking animals:0.76725
childhood:0.7465
based on a book:0.736
racism:0.72875
family:0.7255
original:0.7085
kids and family:0.70275
fun movie:0.70225
animated:0.702
sweet:0.70125
friendship:0.68675
good:0.6605
fairy tale:0.646
prejudice:0.635
storytelling:0.61675
greed:0.613
censorship:0.61275
disney animated feature:0.60125
unlikely friendships:0.5975
oscar (best music - original song):0.543
runaway:0.509
heartwarming:0.50525
story:0.4995
good soundtrack:0.4905
adapted from:book:0.49
kids:0.48375
idealism:0.47225
musical:0.4685
catastrophe:0.4635
controversial:0.4625
culture clash:0.459
political:0.45775
adaptation:0.4545
politics:0.44975
historical:0.44975
great:0.447
based on book:0.447
great ending:0.44375
fun:0.43225
simple:0.431
life philosophy:0.43075
cute:0.42875
courage:0.42175
destiny:0.42175
goofy:0.41825
mentor:0.41425
sentimental:0.408
nostalgic:0.39725
dialogue:0.39475
suprisingly clever:0.37575
history:0.37375
entertaining:0.3705
romantic:0.36275
oscar winner:0.3605
beautiful scenery:0.359
brutality:0.35425
earnest:0.35325
honest:0.35025
social commentary:0.35
native americans:0.349
redemption:0.34875
action:0.34775
touching:0.34525
us history:0.3435
happy ending:0.34175
race:0.33375
not funny:0.33275
ethnic conflict:0.33125
oscar:0.331
based on a play:0.325
island:0.32225
snakes:0.322
period piece:0.32175
feel-good:0.3155
adventure:0.31475
chase:0.311
feel good movie:0.30625
shallow:0.30425
harsh:0.3035
bullying:0.3
oscar (best directing):0.29925
clever:0.29375
interracial romance:0.29225
good versus evil:0.29175
fantasy world:0.289
alternate history:0.28875
love:0.28175
sacrifice:0.2815
