racing:0.999
race:0.972
amazing cinematography:0.812
cars:0.8105
1970s:0.7795
sports:0.727
dialogue:0.696
original:0.67925
fun movie:0.665
70mm:0.6545
technology:0.64
chase:0.54875
storytelling:0.477
mentor:0.462
obsession:0.43175
space travel:0.43025
catastrophe:0.4265
great ending:0.418
romance:0.409
drama:0.4085
entirely dialogue:0.404
action:0.38775
road movie:0.38775
not funny:0.37425
good soundtrack:0.36975
love story:0.36625
exciting:0.357
harsh:0.35575
life philosophy:0.34725
video game:0.3465
brutality:0.33875
car chase:0.32925
pornography:0.32825
runaway:0.32825
art:0.3215
culture clash:0.316
great:0.315
first contact:0.3125
destiny:0.30875
predictable:0.30475
action packed:0.30225
memory:0.297
interesting:0.29625
greed:0.29625
cool:0.2945
computer animation:0.293
lone hero:0.2845
overrated:0.2805
good:0.27625
competition:0.276
underdog:0.27425
motorcycle:0.2685
bad plot:0.26725
narrated:0.267
vengeance:0.2655
enigmatic:0.26525
scifi cult:0.25975
masterpiece:0.25875
free to download:0.25425
twists & turns:0.25175
melancholic:0.25125
existentialism:0.251
secrets:0.2495
corruption:0.24775
cult film:0.2445
special effects:0.244
realistic:0.2375
story:0.236
anti-hero:0.23525
fantasy world:0.233
creativity:0.23225
sci fi:0.23075
adaptation:0.22975
fight scenes:0.2265
redemption:0.22575
plot:0.22475
visually appealing:0.22375
entertaining:0.223
nudity (full frontal - brief):0.22275
weapons:0.2225
criterion:0.22175
so bad it's funny:0.22075
cult classic:0.2175
dark hero:0.2165
atmospheric:0.213
love:0.21275
suprisingly clever:0.21175
grindhouse:0.208
clever:0.206
police investigation:0.2055
graphic design:0.2015
documentary:0.20075
cerebral:0.19925
adapted from:book:0.19925
gangsters:0.1985
visual:0.198
boring:0.197
pg-13:0.1965
oscar (best directing):0.19625
justice:0.19575
