silly fun:0.94775
parody:0.92675
goofy:0.91975
silly:0.8805
spoof:0.87875
comedy:0.8215
original:0.74875
fun movie:0.7485
funny:0.71575
stop motion:0.70925
dinosaurs:0.65275
hilarious:0.64025
special effects:0.60875
dialogue:0.57325
80s:0.57275
so bad it's funny:0.566
mentor:0.553
fun:0.54
humorous:0.5255
screwball:0.5125
too long:0.48325
dumb but funny:0.47925
funniest movies:0.47225
predictable:0.47
very funny:0.4535
crude humor:0.4525
fantasy world:0.4485
marijuana:0.4405
catastrophe:0.43175
slapstick:0.42575
greed:0.4255
unfunny:0.42375
disaster:0.4065
adventure:0.40425
unlikely friendships:0.39775
cult film:0.391
childhood:0.38175
friendship:0.3805
bullying:0.37825
adaptation:0.3725
destiny:0.3715
nudity (topless - notable):0.35975
bad acting:0.35775
great ending:0.357
great:0.35275
life philosophy:0.351
entirely dialogue:0.35025
clever:0.349
campy:0.3445
good:0.34425
culture clash:0.34375
underrated:0.33925
great acting:0.3365
humor:0.3315
light:0.32575
bad plot:0.31975
storytelling:0.319
long:0.3165
stop-motion:0.315
weapons:0.31425
family:0.31175
first contact:0.3075
pg-13:0.30275
natural disaster:0.3
unusual plot structure:0.298
comic:0.292
lone hero:0.29075
weird:0.2905
brutality:0.288
absurd:0.28575
pornography:0.2855
harsh:0.28475
road movie:0.28375
excellent:0.28325
justice:0.27875
fight scenes:0.277
1980s:0.2755
overrated:0.27525
adapted from:book:0.274
cinematography:0.272
whimsical:0.27025
big budget:0.26625
funny as hell:0.2635
quirky:0.263
story:0.26
teen movie:0.25975
finnish:0.2575
based on a book:0.257
cult classic:0.257
mad scientist:0.25675
technology:0.2555
based on book:0.25375
computer animation:0.25275
violence:0.2525
chase:0.24925
quotable:0.24875
vengeance:0.2485
nudity (full frontal - brief):0.24125
pointless:0.24075
police investigation:0.238
