dark humor:0.89675
small town:0.8935
neo-noir:0.8765
good soundtrack:0.875
violence:0.85625
greed:0.843
twists & turns:0.81725
weird:0.81275
betrayal:0.79975
stylish:0.7905
gangsters:0.76325
original:0.75475
black comedy:0.75025
great ending:0.73375
brutality:0.7315
crime gone awry:0.72675
plot twist:0.7105
nudity (topless - brief):0.6995
desert:0.68875
violent:0.681
twist:0.6745
dark comedy:0.65475
dark:0.6375
murder:0.6335
infidelity:0.6245
dialogue:0.61675
based on a book:0.6015
great:0.59775
pulp:0.59275
ensemble cast:0.57625
cheating:0.5685
pornography:0.56425
sexy:0.56275
film noir:0.5565
complex:0.55525
quirky:0.55125
bloody:0.5385
life philosophy:0.53025
very interesting:0.52675
storytelling:0.52075
psychological:0.5185
interesting:0.511
anti-hero:0.51075
mob:0.50875
social commentary:0.49725
gangster:0.497
cult classic:0.49475
pointless:0.4905
sexualized violence:0.48875
great movie:0.4815
noir:0.48075
clever:0.4765
independent film:0.471
insanity:0.45875
corruption:0.4585
sarcasm:0.458
entirely dialogue:0.456
mentor:0.455
plot:0.45225
stylized:0.43925
cult film:0.43425
visual:0.43025
psychology:0.424
cinematography:0.4225
good dialogue:0.41725
disturbing:0.41375
narrated:0.41
redemption:0.40925
great acting:0.40825
nudity (full frontal - notable):0.404
bizarre:0.4035
liv tyler:0.39975
underrated:0.399
road movie:0.39725
surreal:0.39625
adaptation:0.39525
enigmatic:0.39375
thriller:0.39225
predictable:0.3915
brutal:0.39
catastrophe:0.38925
suspense:0.38775
mindfuck:0.3825
las vegas:0.3815
absurd:0.381
story:0.379
claustrophobic:0.37725
eccentricity:0.3755
gratuitous violence:0.3745
visually stunning:0.37425
exceptional acting:0.37175
vengeance:0.37125
visually appealing:0.36925
bad ending:0.369
crazy:0.36
surprise ending:0.355
cerebral:0.35125
atmospheric:0.3505
harsh:0.34825
nudity (full frontal - brief):0.34775
