shakespeare:0.9965
rome:0.93175
based on a play:0.931
original:0.89
visually stunning:0.8785
visually appealing:0.8745
adaptation:0.854
dark fantasy:0.845
violence:0.84125
tragedy:0.83675
brutality:0.82925
violent:0.82425
stylized:0.816
great acting:0.80625
goth:0.79925
visual:0.77475
revenge:0.7665
dramatic:0.73775
dark:0.729
stunning:0.726
tense:0.7255
dialogue:0.716
interesting:0.715
oscar (best actress):0.701
stylish:0.6865
murder:0.685
insanity:0.6805
artistic:0.6795
surreal:0.67825
betrayal:0.6755
intense:0.6645
bloody:0.6635
obsession:0.6565
cinematography:0.6545
complex:0.6535
corruption:0.6435
greed:0.639
drama:0.61975
disturbing:0.619
talky:0.611
good soundtrack:0.60775
visceral:0.6055
storytelling:0.5995
cerebral:0.59675
brutal:0.5965
great ending:0.59275
forceful:0.58575
very interesting:0.5845
adapted from:book:0.58075
clever:0.5805
imagination:0.57925
criterion:0.579
allegory:0.56075
story:0.55725
oscar (best supporting actress):0.552
atmospheric:0.55025
passionate:0.54
dark humor:0.53225
costume drama:0.53075
runaway:0.52875
harsh:0.52475
visuals:0.52125
vengeance:0.52025
dark hero:0.51775
grim:0.51475
literary adaptation:0.5055
art:0.50375
literature:0.49525
weird:0.4945
unusual plot structure:0.4945
redemption:0.4945
good:0.49075
movielens top pick:0.48625
gory:0.4845
catastrophe:0.47775
twists & turns:0.47225
psychological:0.4685
suspense:0.46725
futuristic:0.46625
melancholic:0.464
good acting:0.46375
breathtaking:0.463
manipulation:0.4615
paranoid:0.461
1930s:0.45975
imdb top 250:0.457
period piece:0.45675
justice:0.45675
fantasy world:0.456
alternate history:0.453
sexualized violence:0.45275
not funny:0.44775
psychology:0.4475
great:0.4465
eccentricity:0.442
witty:0.438
underrated:0.43
nudity (topless):0.4295
oscar (best directing):0.429
mentor:0.42825
