coen bros:0.99975
dark humor:0.9885
coen brothers:0.944
twists & turns:0.93575
paranoia:0.91725
dark comedy:0.9065
greed:0.903
weird:0.88225
complex:0.852
original:0.85125
satire:0.8425
ensemble cast:0.8365
black comedy:0.81775
loneliness:0.81025
off-beat comedy:0.7735
absurd:0.77225
great acting:0.7605
cerebral:0.75675
social commentary:0.74775
sarcasm:0.74625
spying:0.73425
good soundtrack:0.72675
obsession:0.726
crime gone awry:0.7075
stupidity:0.703
cynical:0.69625
comedy:0.69125
complicated:0.687
dialogue:0.685
great ending:0.682
espionage:0.67825
violence:0.6755
clever:0.672
quirky:0.662
secrets:0.65975
plot twist:0.6495
storytelling:0.64225
depression:0.63525
pointless:0.62575
bleak:0.61875
paranoid:0.61275
violent:0.6055
hitman:0.5915
insanity:0.589
caper:0.58875
interesting:0.58325
complicated plot:0.583
adultery:0.57875
brutality:0.57625
golden palm:0.57575
exceptional acting:0.56825
talky:0.5655
satirical:0.558
dysfunctional family:0.558
dark:0.5575
life philosophy:0.55525
surveillance:0.55175
pornography:0.55
imdb top 250:0.548
drinking:0.5435
mindfuck:0.5395
enigmatic:0.53625
drama:0.53275
multiple storylines:0.52775
cheating:0.5255
entirely dialogue:0.52475
unusual plot structure:0.51875
intellectual:0.51775
unlikeable characters:0.51775
very funny:0.51225
ironic:0.51075
character study:0.51025
intelligent:0.5095
cult classic:0.50175
visually appealing:0.49475
suprisingly clever:0.493
funny:0.4925
twist:0.4885
relationships:0.48825
betrayal:0.48825
good acting:0.48825
quotable:0.48825
farce:0.48775
harsh:0.48525
midlife crisis:0.4815
bizarre:0.47775
narrated:0.47125
stylish:0.469
witty:0.46625
infidelity:0.46075
divorce:0.4595
nonlinear:0.457
existentialism:0.4565
cinematography:0.45525
honest:0.4525
complex characters:0.45125
gratuitous violence:0.44925
indie:0.44725
psychological:0.447
independent film:0.44675
