organized crime:0.9795
mafia:0.97575
gangsters:0.97275
gangster:0.93825
1930s:0.91225
mob:0.81325
original:0.703
crime:0.68575
stylized:0.66475
splatter:0.638
prohibition:0.60775
violence:0.6035
life philosophy:0.58575
crime gone awry:0.5765
mentor:0.569
violent:0.52825
predictable:0.5265
corruption:0.5235
stereotypes:0.51325
good:0.51275
brutality:0.51075
great:0.486
superheroes:0.48475
dialogue:0.484
great ending:0.48025
action packed:0.4785
action:0.46925
ensemble cast:0.463
storytelling:0.4595
good soundtrack:0.4535
twists & turns:0.44575
factual:0.445
pulp:0.44425
gangs:0.439
vengeance:0.436
catastrophe:0.421
dramatic:0.41525
entertaining:0.415
finnish:0.414
shallow:0.4125
moral ambiguity:0.4075
fight scenes:0.403
cool:0.3965
betrayal:0.39575
adaptation:0.392
underrated:0.39
super hero:0.3865
dark hero:0.3645
gritty:0.36025
gunfight:0.3595
destiny:0.35675
runaway:0.35225
lone hero:0.351
unusual plot structure:0.346
excellent:0.346
not funny:0.3425
good action:0.34025
sexualized violence:0.338
homeless:0.3375
melancholic:0.3365
story:0.336
fantasy world:0.3315
true story:0.32925
overrated:0.32525
prison:0.321
greed:0.315
intense:0.31425
natural disaster:0.30975
very good:0.308
transformation:0.3065
big budget:0.3045
grindhouse:0.3015
redemption:0.3
entirely dialogue:0.294
casino:0.2935
first contact:0.2915
justice:0.29125
death:0.288
revenge:0.28525
nudity (topless):0.2835
drama:0.28025
culture clash:0.27875
pornography:0.277
alter ego:0.2765
nocturnal:0.27175
new york city:0.27175
criterion:0.2715
nudity (rear):0.2685
nudity (topless - brief):0.26825
visually appealing:0.26775
cult film:0.26725
pg-13:0.26575
stylish:0.26425
clever:0.2615
gory:0.25775
quirky:0.25525
great movie:0.25475
so bad it's funny:0.25425
fun movie:0.254
bad plot:0.25225
