sexual:0.76075
off-beat comedy:0.74775
original:0.74025
pornography:0.67275
virginity:0.66725
controversial:0.639
predictable:0.62125
reality tv:0.6205
satirical:0.611
pointless:0.5955
so bad it's funny:0.588
satire:0.54775
sexy:0.5275
fantasy world:0.5205
great ending:0.50725
bad plot:0.5065
screwball comedy:0.48425
comedy:0.471
disaster:0.47025
catastrophe:0.465
idiotic:0.456
sarcasm:0.442
bad:0.42275
slapstick:0.4185
nudity (full frontal - brief):0.41825
life philosophy:0.4115
dialogue:0.4095
internet:0.4075
melancholic:0.4055
overrated:0.40425
sexualized violence:0.3985
shallow:0.385
farce:0.37525
vengeance:0.3695
silly fun:0.3695
ensemble cast:0.3675
parody:0.36725
brutality:0.36
screwball:0.353
horrible:0.3505
very funny:0.34675
great:0.343
revenge:0.34125
writers:0.341
storytelling:0.3335
mars:0.326
god:0.32525
first contact:0.3185
mentor:0.318
unfunny:0.31275
entirely dialogue:0.31275
quirky:0.30925
death:0.3065
pg-13:0.3055
destiny:0.29675
spelling bee:0.2955
police investigation:0.29525
nudity (full frontal - notable):0.2905
good soundtrack:0.28925
criterion:0.284
gangsters:0.284
classic car:0.28075
multiple storylines:0.27975
stupid:0.279
adaptation:0.278
redemption:0.27775
teen movie:0.277
crude humor:0.27225
violence:0.272
sex comedy:0.267
segregation:0.2655
male nudity:0.265
absurd:0.26225
life & death:0.26125
funny:0.26025
natural disaster:0.26
family:0.25875
big budget:0.2585
unusual plot structure:0.25675
story:0.2525
bad ending:0.25125
teen:0.2485
grindhouse:0.24725
cult film:0.2425
queer:0.24025
runaway:0.23975
reflective:0.23775
dysfunctional family:0.237
splatter:0.23325
teens:0.233
unlikely friendships:0.2315
harsh:0.2295
happy ending:0.22775
goofy:0.2215
weird:0.22125
erotic:0.22125
los angeles:0.221
weapons:0.21775
stereotypes:0.21575
justice:0.21525
