fight scenes:0.88425
martial arts:0.875
mythology:0.87225
kung fu:0.85575
demons:0.85125
fantasy:0.8385
dark fantasy:0.81825
high fantasy:0.814
weird:0.8095
criterion:0.8015
fairy tale:0.8015
fantasy world:0.791
mentor:0.7745
comedy:0.774
visual:0.768
storytelling:0.76225
earnest:0.74075
whimsical:0.737
special effects:0.72925
visually stunning:0.71975
sacrifice:0.719
enigmatic:0.7185
silly:0.71575
so bad it's funny:0.7155
romance:0.71325
nudity (full frontal - brief):0.68725
original:0.679
sword fight:0.6755
oscar (best foreign language film):0.671
amazing photography:0.668
breathtaking:0.664
effects:0.663
great:0.65425
literature:0.64675
scenic:0.643
china:0.63975
humor:0.63925
based on book:0.63675
colourful:0.636
story:0.627
visually appealing:0.625
adapted from:book:0.62425
transformation:0.612
humorous:0.59675
cgi:0.5965
wuxia:0.58725
fairy tales:0.58
immortality:0.57825
imagination:0.56075
existentialism:0.5565
stunning:0.5565
nocturnal:0.55625
stylized:0.5555
macabre:0.54775
finnish:0.5445
silly fun:0.54
adaptation:0.53225
magic:0.52525
catastrophe:0.523
creativity:0.52175
light:0.52125
stoner movie:0.521
based on a book:0.52
action:0.51575
goofy:0.51525
bad cgi:0.51325
life & death:0.507
dialogue:0.507
cult film:0.50675
good soundtrack:0.5005
absurd:0.49525
culture clash:0.49225
cult classic:0.48925
dragons:0.4875
ethnic conflict:0.487
medieval:0.4845
underrated:0.4825
talky:0.47775
great ending:0.47675
modern fantasy:0.47625
books:0.474
beautiful scenery:0.4735
good:0.473
very funny:0.46625
slapstick:0.4635
cult:0.46225
downbeat:0.46175
giant robots:0.45375
author:neil gaiman:0.453
beautifully filmed:0.45275
pigs:0.45275
adventure:0.452
fighting:0.4515
classic car:0.44975
life philosophy:0.44875
male nudity:0.448
japan:0.448
love story:0.44775
honest:0.44725
chase:0.4465
