glbt:0.99275
holocaust:0.98175
nazis:0.979
gay:0.9715
homophobia:0.9705
homosexuality:0.9575
queer:0.95075
world war ii:0.935
based on a play:0.9265
jews:0.92275
nazi:0.8995
germany:0.84775
love story:0.8455
camp:0.81175
wwii:0.7875
love:0.7765
cross dressing:0.746
original:0.732
aids:0.72775
touching:0.7215
prejudice:0.69475
heartbreaking:0.69375
pornography:0.673
gay character:0.6675
survival:0.66125
1930s:0.658
intense:0.631
passionate:0.62875
brutality:0.62525
jewish:0.623
sexualized violence:0.59325
brutal:0.5895
male nudity:0.58475
good soundtrack:0.5805
talky:0.57925
wartime:0.549
women:0.54075
harsh:0.53225
very interesting:0.51975
violence:0.518
obsession:0.503
thought-provoking:0.498
dark hero:0.4945
great ending:0.493
betrayal:0.4885
adaptation:0.48075
drama:0.479
sexuality:0.46425
feel-good:0.459
movielens top pick:0.45675
berlin:0.451
narrated:0.44025
beautifully filmed:0.43925
lesbian:0.4335
mentor:0.4325
nocturnal:0.42225
relationships:0.41875
dialogue:0.4165
catastrophe:0.41325
bloody:0.408
grim:0.40525
corruption:0.40225
powerful ending:0.401
sexy:0.401
honest:0.39825
interesting:0.398
visceral:0.3975
london:0.39575
emotional:0.39375
bittersweet:0.3925
underrated:0.39175
great acting:0.389
intimate:0.38575
social commentary:0.379
tragedy:0.3785
vengeance:0.37525
not funny:0.37425
romance:0.362
redemption:0.35525
pretentious:0.35325
good:0.34975
criterion:0.3475
disturbing:0.3405
death:0.3395
hard to watch:0.339
mental illness:0.33375
british:0.32775
insanity:0.32675
oscar (best directing):0.32325
poignant:0.32175
political:0.32025
sad:0.31975
idealism:0.3195
erotic:0.31875
entirely dialogue:0.31875
torture:0.3185
stereotypes:0.31625
multiple storylines:0.31575
melancholic:0.31225
romantic:0.311
