space:0.99775
scifi:0.98875
futuristic:0.98775
sci fi:0.98025
science fiction:0.97825
future:0.96725
space travel:0.96075
sci-fi:0.9285
alien:0.84525
science:0.83825
technology:0.8335
mining:0.8325
claustrophobic:0.8055
chase:0.80025
nasa:0.775
lone hero:0.774
special effects:0.76975
assassin:0.76775
corruption:0.7655
hit men:0.7475
first contact:0.7355
greed:0.73175
original:0.71475
environment:0.7035
visually stunning:0.6875
great ending:0.68475
western:0.6695
good:0.66675
weapons:0.66475
mentor:0.6645
survival:0.637
utopia:0.629
conspiracy:0.6205
great:0.617
solitude:0.6155
visual:0.6135
tense:0.607
mars:0.598
story:0.59325
aliens:0.59225
suspense:0.585
moon:0.57475
dialogue:0.57075
catastrophe:0.5615
clones:0.55475
redemption:0.5425
astronauts:0.539
gunfight:0.539
cerebral:0.53625
transformation:0.51625
great movie:0.5155
atmospheric:0.51475
doctors:0.50425
natural disaster:0.5035
storytelling:0.4885
action:0.47975
surveillance:0.4735
good acting:0.47125
excellent:0.46625
suspenseful:0.46425
life & death:0.45875
underrated:0.456
70mm:0.4495
dystopic future:0.44025
gritty:0.4395
harsh:0.43625
exciting:0.4345
visually appealing:0.43225
spiders:0.42325
adventure:0.42175
good action:0.4215
space opera:0.42
bad science:0.4125
scifi cult:0.41
destiny:0.41
existentialism:0.40525
cinematography:0.4015
paranoid:0.401
loneliness:0.39825
creativity:0.39725
moral ambiguity:0.39675
interesting:0.39525
plot holes:0.394
talky:0.393
thriller:0.39175
good dialogue:0.38575
suprisingly clever:0.3845
justice:0.3845
cloning:0.38
space program:0.37975
oil:0.37875
end of the world:0.3765
drugs:0.37625
entertaining:0.37425
drug abuse:0.3725
not funny:0.3725
unusual plot structure:0.371
enigmatic:0.37075
very good:0.36925
assassins:0.36275
