horror:0.9955
supernatural:0.98775
scary:0.963
creepy:0.95575
haunted house:0.95275
tense:0.92325
demons:0.89475
based on a true story:0.8915
based on true story:0.87475
frightening:0.87175
ghosts:0.85925
true story:0.852
original:0.82875
great ending:0.779
suspense:0.7735
suspenseful:0.75325
witches:0.75125
eerie:0.719
atmospheric:0.71725
ominous:0.7125
weird:0.71075
intense:0.70475
pg-13:0.6915
good:0.67775
family:0.6745
good acting:0.6255
great acting:0.621
dark:0.59225
sacrifice:0.592
good soundtrack:0.59125
splatter:0.58
story:0.5645
torture:0.554
1970s:0.54725
gory:0.54575
great:0.5435
psychological:0.525
visceral:0.5245
disturbing:0.5185
survival:0.5145
catastrophe:0.5065
great movie:0.5045
cinematography:0.50125
death:0.49
investigation:0.481
macabre:0.478
cult classic:0.476
devil:0.47025
better than expected:0.46575
social commentary:0.46275
cult film:0.4585
light:0.45525
brutality:0.453
special effects:0.453
excellent script:0.4525
imaginary friend:0.452
blood:0.448
clever:0.4475
transformation:0.445
dialogue:0.444
destiny:0.439
predictable:0.43525
family drama:0.43175
violent:0.43125
nocturnal:0.4225
effects:0.4215
excellent:0.42125
apocalypse:0.42025
storytelling:0.42
underrated:0.41825
oscar (best actress):0.41775
runaway:0.4155
thriller:0.4095
doctors:0.40825
adaptation:0.40825
mentor:0.4025
claustrophobic:0.4015
original plot:0.3945
bad ending:0.39375
revenge:0.3895
twist ending:0.382
secrets:0.38175
oscar (best effects - visual effects):0.38075
happy ending:0.3795
parenthood:0.37375
monster:0.3685
witch:0.366
serial killer:0.35375
interesting:0.3455
grindhouse:0.33425
life philosophy:0.331
drinking:0.331
not funny:0.33025
psychology:0.3255
stylized:0.3235
dysfunctional family:0.32325
police investigation:0.321
culture clash:0.32
twist:0.31975
goretastic:0.319
