serial killer:0.9765
detective:0.943
mystery:0.9045
police investigation:0.876
murder:0.80775
murder mystery:0.80775
macabre:0.69775
bad ending:0.69075
investigation:0.682
original:0.679
robert downey jr:0.59875
predictable:0.548
plot holes:0.54125
great ending:0.54075
pg-13:0.52975
storytelling:0.5265
alternate history:0.51925
twists & turns:0.517
chase:0.5135
twist ending:0.506
writers:0.5005
dialogue:0.49075
suspense:0.48575
kidnapping:0.4805
twist:0.47975
thriller:0.47175
catastrophe:0.47
creativity:0.458
19th century:0.44875
brutality:0.44175
plot:0.437
story:0.4315
not funny:0.428
enigmatic:0.419
first contact:0.40975
secrets:0.392
alternate reality:0.3905
period piece:0.383
identity:0.38025
life & death:0.37425
death:0.36725
adaptation:0.36375
beautiful scenery:0.35875
good soundtrack:0.354
melancholic:0.349
gory:0.34275
absurd:0.342
greed:0.342
torture:0.338
suspenseful:0.33525
fantasy world:0.3315
clever:0.32825
pulp:0.32575
crime:0.324
spiders:0.32275
bad plot:0.32075
good:0.3195
supernatural:0.31875
fight scenes:0.3185
mentor:0.318
justice:0.3145
life philosophy:0.3135
very interesting:0.31125
shallow:0.31075
great:0.307
dark fantasy:0.30375
bad cgi:0.30225
action:0.30025
sexualized violence:0.2985
gothic:0.2985
franchise:0.29825
horror:0.29475
atmospheric:0.29175
stylized:0.29125
obsession:0.2885
happy ending:0.287
underrated:0.286
silly:0.28525
scary:0.28325
visually appealing:0.276
unfunny:0.272
entirely dialogue:0.27075
costume drama:0.2705
revenge:0.26775
lone hero:0.26625
poetry:0.2605
drinking:0.25925
natural disaster:0.25875
crude humor:0.258
cinematography:0.25275
artistic:0.251
guilt:0.25025
destiny:0.24925
based on a book:0.2455
adventure:0.2455
vengeance:0.245
assassination:0.23925
dreamlike:0.23875
unusual plot structure:0.23675
fun movie:0.23525
