nudity (topless - notable):0.8795
hit men:0.87225
good soundtrack:0.83
crime:0.814
dark humor:0.80125
pulp:0.7845
violence:0.7805
splatter:0.7525
vengeance:0.732
violent:0.7045
pornography:0.692
gangsters:0.68675
corruption:0.684
life philosophy:0.65025
original:0.6435
drugs:0.61225
bloody:0.604
sexy:0.5975
brutality:0.589
weed:0.58275
crime gone awry:0.58175
entirely dialogue:0.55325
black comedy:0.553
dialogue:0.5385
stylized:0.52375
great:0.52075
cool:0.514
cult classic:0.50875
gratuitous violence:0.50075
gangster:0.49975
runaway:0.499
catastrophe:0.4895
mentor:0.47875
quirky:0.4775
nudity (topless):0.46375
nudity (full frontal - brief):0.45975
neo-noir:0.456
suburbia:0.44425
stylish:0.43525
revenge:0.4145
witty:0.41425
clever:0.413
satirical:0.412
censorship:0.408
humorous:0.40425
absurd:0.40375
honest:0.40025
underrated:0.39325
bdsm:0.38075
great ending:0.36625
creativity:0.36175
good:0.3545
very funny:0.34975
fun movie:0.34925
fast paced:0.34775
storytelling:0.34575
writers:0.34275
amy smart:0.3425
sarcasm:0.331
cheating:0.3305
excellent:0.32925
redemption:0.32775
hitman:0.32325
great movie:0.3225
off-beat comedy:0.3195
unfunny:0.319
sexual:0.3185
twists & turns:0.317
good dialogue:0.31025
addiction:0.31
crude humor:0.309
suprisingly clever:0.30675
criterion:0.30375
so bad it's funny:0.30225
male nudity:0.301
sexualized violence:0.3005
weird:0.2935
not funny:0.29175
culture clash:0.29125
rape:0.2885
funny:0.288
entertaining:0.2775
talky:0.276
very interesting:0.275
nudity (full frontal - notable):0.27425
good action:0.27175
gunfight:0.2715
intense:0.27025
adoption:0.26925
erotic:0.2685
writing:0.26675
first contact:0.26575
gritty:0.26475
chase:0.2645
multiple storylines:0.261
bad plot:0.2605
dark comedy:0.258
cheerleading:0.2575
cynical:0.2555
stereotypes:0.252
