amnesia:0.96925
surprise ending:0.9685
twists & turns:0.96325
plot twist:0.96325
twist ending:0.963
mystery:0.95725
thriller:0.957
noir thriller:0.94725
murder mystery:0.93025
great ending:0.90825
murder:0.9025
twist:0.898
suspenseful:0.889
suspense:0.88725
clever:0.82625
hitchcock:0.8055
complicated plot:0.77625
complex:0.76975
original:0.7655
romance:0.7645
good:0.74525
cerebral:0.7405
tense:0.739
identity:0.7305
supernatural:0.726
interesting:0.72125
police investigation:0.721
good acting:0.71675
plot holes:0.714
complicated:0.70775
intense:0.69925
stylish:0.698
film noir:0.695
very interesting:0.68575
secrets:0.67975
psychological:0.67675
plot:0.676
detective:0.66425
private detective:0.65275
storytelling:0.64425
pg-13:0.638
enigmatic:0.6345
great acting:0.63075
psychiatrist:0.6295
conspiracy:0.62525
romantic:0.61825
noir:0.6085
story:0.60625
tricky:0.59225
psychology:0.58775
fun movie:0.58275
excellent:0.5805
obsession:0.579
chase:0.579
mindfuck:0.578
mentor:0.57525
light:0.57325
investigation:0.5615
claustrophobic:0.55425
unusual plot structure:0.55325
memory:0.55025
time:0.54425
witty:0.53925
entertaining:0.53425
very good:0.53425
alternate endings:0.52925
suprisingly clever:0.52175
greed:0.516
cheating:0.5125
love story:0.51175
weird:0.509
sexy:0.506
dialogue:0.502
fast paced:0.5
catastrophe:0.4965
betrayal:0.49025
great:0.48975
visually appealing:0.48575
corruption:0.4835
life & death:0.48325
atmospheric:0.48025
first contact:0.477
drama:0.4755
better than expected:0.473
excellent script:0.4685
intelligent:0.4575
runaway:0.45575
british:0.44975
beautiful scenery:0.4465
adaptation:0.44625
cinematography:0.446
manipulation:0.4455
oscar (best actress):0.4445
memory loss:0.442
paranoid:0.43975
original plot:0.4385
fantasy:0.43525
destiny:0.42375
guilt:0.41875
creativity:0.417
