greed:0.938
corruption:0.9265
entertaining:0.805
conspiracy:0.803
intense:0.8015
surveillance:0.786
twists & turns:0.78375
reality tv:0.78025
hostage:0.77725
thriller:0.76575
drama:0.76425
interesting:0.7455
original:0.70825
conspiracy theory:0.70325
justice:0.6945
suspense:0.69075
technology:0.68975
capitalism:0.6755
complex:0.669
plot twist:0.66825
business:0.65625
police investigation:0.65125
internet:0.645
manipulation:0.64075
investigation:0.6365
good:0.625
fast paced:0.6045
dramatic:0.59075
based on a tv show:0.5865
suspenseful:0.582
predictable:0.57225
money:0.5575
clever:0.55375
unlikeable characters:0.54925
mentor:0.53775
complicated:0.53325
good acting:0.53325
catastrophe:0.5315
bombs:0.52725
chase:0.52125
absurd:0.517
very interesting:0.5165
intelligent:0.511
great ending:0.5015
runaway:0.48775
pg-13:0.485
survival:0.47125
storytelling:0.46875
plot:0.4655
heist:0.459
psychology:0.455
anti-hero:0.45225
corporate america:0.435
twist:0.43025
betrayal:0.4295
powerful ending:0.4245
arms dealer:0.424
first contact:0.423
underrated:0.41375
excellent script:0.41375
moral ambiguity:0.4135
bad ending:0.41
bad plot:0.41
thought-provoking:0.4045
honest:0.40375
tense:0.40325
social commentary:0.3945
adaptation:0.38725
hackers:0.38525
caper:0.38225
unusual plot structure:0.38125
crime:0.37825
based on a true story:0.37075
not funny:0.37025
cheating:0.3685
death:0.363
exceptional acting:0.36275
secrets:0.3525
twist ending:0.35175
terminal illness:0.34625
happy ending:0.345
police:0.34325
forceful:0.34325
dialogue:0.342
romantic comedy:0.33575
redemption:0.33475
satirical:0.3345
witty:0.3345
world politics:0.33025
underdog:0.3265
excellent:0.326
life philosophy:0.324
culture clash:0.32125
revenge:0.319
harsh:0.317
fight scenes:0.317
great:0.31675
writers:0.3165
alternate history:0.315
journalism:0.31475
