fight scenes:0.9325
las vegas:0.91325
revenge:0.9075
good action:0.866
action:0.85475
vengeance:0.81925
action packed:0.78625
gangsters:0.7765
mentor:0.75375
mob:0.74175
gambling:0.7095
original:0.65825
brutality:0.64325
mafia:0.62625
chase:0.581
car chase:0.57425
crime:0.54075
stylish:0.5405
violent:0.5025
bad plot:0.465
betrayal:0.427
lone hero:0.41125
so bad it's funny:0.40475
martial arts:0.40025
catastrophe:0.385
violence:0.381
predictable:0.3765
redemption:0.36525
grindhouse:0.364
buddy movie:0.3535
not funny:0.33925
brutal:0.3385
cool:0.33775
gratuitous violence:0.33025
pointless:0.32475
dialogue:0.31825
justice:0.31725
gangs:0.30775
bloody:0.29875
fast paced:0.29525
weapons:0.29225
talky:0.29175
remake:0.29175
culture clash:0.291
good soundtrack:0.28925
literary adaptation:0.28775
hitman:0.286
entirely dialogue:0.2795
drama:0.275
twists & turns:0.2735
pornography:0.27225
first contact:0.26275
fighting:0.26075
pg-13:0.26075
adaptation:0.26025
destiny:0.25525
bank robbery:0.254
original plot:0.254
undercover cop:0.2525
gangster:0.2515
greed:0.25125
life philosophy:0.25025
enigmatic:0.25
crude humor:0.24275
reflective:0.239
plot:0.23725
transformation:0.23475
storytelling:0.2325
boring:0.23225
fbi:0.2295
better than expected:0.229
assassination:0.22775
tricky:0.22725
great ending:0.226
corruption:0.224
happy ending:0.2215
adapted from:book:0.21975
very funny:0.219
ridiculous:0.2165
new orleans:0.21625
ninja:0.21575
shallow:0.215
entertaining:0.21275
too long:0.21175
enormously long battle scene:0.21075
bad ending:0.21
realistic action:0.20875
bad cgi:0.20675
unlikely friendships:0.20225
story:0.202
fun movie:0.19975
neo-noir:0.199
surveillance:0.196
unfunny:0.19425
good dialogue:0.1905
mission from god:0.19
runaway:0.18825
intense:0.18725
addiction:0.18725
workplace:0.183
