funniest movies:0.95875
comedy:0.9495
cult classic:0.91975
hilarious:0.913
quotable:0.86325
suprisingly clever:0.83075
goofy:0.80775
funny as hell:0.80575
farce:0.78975
off-beat comedy:0.7595
screwball comedy:0.75075
humorous:0.7415
funny:0.7405
clever:0.732
great ending:0.7145
spoof:0.70675
humor:0.68575
firefly:0.6775
original:0.67575
silly fun:0.66375
parody:0.66275
so bad it's funny:0.66075
1930s:0.65025
silly:0.64625
dumb:0.6335
very funny:0.62975
fast paced:0.62225
slapstick:0.619
weird:0.60375
unusual plot structure:0.58625
gunfight:0.5855
life philosophy:0.57275
drinking:0.571
highly quotable:0.569
crude humor:0.559
cult film:0.553
stoner movie:0.53975
storytelling:0.51025
great:0.5015
dumb but funny:0.49975
time:0.4875
mentor:0.48625
mission from god:0.485
talky:0.47275
dialogue:0.47125
absurd:0.46875
creativity:0.45125
brutality:0.44775
idiotic:0.44625
chase:0.4455
hit men:0.44
vengeance:0.438
comic:0.437
buddy movie:0.43325
cult:0.42275
twists & turns:0.42175
crazy:0.42025
stylish:0.41375
stylized:0.4095
insanity:0.40925
marx brothers:0.40825
splatter:0.40425
brothers:0.40425
saturday night live:0.3845
catastrophe:0.383
stupidity:0.3815
classic:0.3795
surreal:0.377
quirky:0.373
blood:0.36475
good soundtrack:0.3565
anti-hero:0.35525
underrated:0.35325
male nudity:0.352
hitman:0.35125
gangsters:0.348
entirely dialogue:0.3405
witty:0.3355
black comedy:0.33525
good:0.334
fantasy world:0.3305
greed:0.32925
satire:0.328
affectionate:0.32775
story:0.32425
corruption:0.32375
dark comedy:0.32375
british:0.3235
unfunny:0.32275
action packed:0.32
light:0.319
police corruption:0.319
weed:0.31075
runaway:0.30775
grindhouse:0.30075
dark humor:0.3
mad scientist:0.29775
beautiful scenery:0.2945
imdb top 250:0.29425
crime gone awry:0.29275
