criterion:0.9925
independent film:0.941
intimate:0.93
talky:0.83
golden palm:0.78
downbeat:0.772
reflective:0.76525
artistic:0.75575
intellectual:0.74975
bleak:0.7295
relationships:0.693
enigmatic:0.67975
black and white:0.67725
art:0.6565
original:0.6345
dialogue:0.61425
loneliness:0.59725
nocturnal:0.58675
light:0.58025
greed:0.57625
hotel:0.57325
melancholic:0.567
stylized:0.5655
runaway:0.56
indie:0.5575
moody:0.55575
crime gone awry:0.55575
character study:0.54975
existentialism:0.536
culture clash:0.5315
cerebral:0.528
low budget:0.528
new york:0.5245
masterpiece:0.51475
atmospheric:0.51425
entirely dialogue:0.51075
jazz:0.509
harsh:0.49925
melancholy:0.4925
suprisingly clever:0.48725
weird:0.487
gunfight:0.47975
realistic:0.478
meditative:0.47425
controversial:0.472
social commentary:0.45825
cinematography:0.44425
affectionate:0.4415
life philosophy:0.44025
visually appealing:0.43675
catastrophe:0.433
drinking:0.43125
great ending:0.423
oscar (best supporting actress):0.422
fascism:0.4195
tokyo:0.41675
guilt:0.41375
off-beat comedy:0.41225
storytelling:0.41
wistful:0.40875
allegory:0.40825
brutality:0.40725
obsession:0.404
male nudity:0.404
adapted from:book:0.38625
vengeance:0.386
good soundtrack:0.385
poetry:0.38425
nudity (full frontal - brief):0.3825
unusual plot structure:0.38125
art house:0.38
unlikely friendships:0.37475
race issues:0.373
artist:0.3605
berlin:0.36025
good dialogue:0.3585
not funny:0.35825
political:0.3535
suburbia:0.35025
police investigation:0.348
dreamlike:0.3475
mentor:0.3465
cynical:0.344
highly quotable:0.3435
complex characters:0.3435
classic:0.342
complex:0.3405
betrayal:0.33875
fighting the system:0.3385
imdb top 250:0.338
oscar (best directing):0.33575
movielens top pick:0.3335
nudity (full frontal - notable):0.32975
honest:0.329
dysfunctional family:0.32225
paranoid:0.32225
witty:0.31425
gay character:0.31075
afi 100 (laughs):0.31075
passionate:0.30675
