love story:0.957
russian:0.94625
russia:0.91075
foreign:0.852
censorship:0.81525
drama:0.811
courage:0.7865
destiny:0.75875
relationships:0.74825
visually appealing:0.74825
visually stunning:0.73975
mentor:0.738
love:0.72875
complex:0.698
idealism:0.68175
original:0.6775
so bad it's funny:0.6725
intellectual:0.663
narrated:0.65575
cinematography:0.63825
us history:0.63725
feel-good:0.63525
emotional:0.6225
cold war:0.6205
sentimental:0.61875
life philosophy:0.614
propaganda:0.613
realistic:0.611
beautifully filmed:0.60975
good soundtrack:0.592
bittersweet:0.59075
mozart:0.5855
beautiful scenery:0.58525
passionate:0.5845
happy ending:0.57975
nostalgic:0.579
oscar (best directing):0.57225
excellent script:0.56075
story:0.5595
great ending:0.5545
underdog:0.55325
intense:0.54625
harsh:0.546
stunning:0.532
light:0.5295
utopia:0.5225
great acting:0.5205
life:0.51775
forceful:0.49775
storytelling:0.494
beautiful:0.4865
oscar:0.4845
romantic:0.4835
breathtaking:0.48225
tragedy:0.4815
pornography:0.47625
weapons:0.47575
justice:0.47125
thought-provoking:0.46975
complicated:0.4655
quirky:0.4635
catastrophe:0.4615
imdb top 250:0.4595
romance:0.4575
poetry:0.45575
unlikely friendships:0.4545
pretentious:0.44725
good:0.44325
dialogue:0.44275
identity:0.441
male nudity:0.43975
shallow:0.43975
social commentary:0.4385
great:0.43675
brutality:0.436
absurd:0.43325
revolution:0.43225
betrayal:0.42575
whimsical:0.42525
loneliness:0.423
solitude:0.42
slavery:0.41525
scenic:0.415
period piece:0.4145
visual:0.4125
feel good movie:0.4095
lone hero:0.40725
secrets:0.404
colourful:0.40125
melancholic:0.398
obsession:0.39775
heartwarming:0.39175
adaptation:0.3895
vengeance:0.38525
predictable:0.38425
historical:0.3825
good acting:0.38
war:0.37825
culture clash:0.372
boring:0.3685
