meditative:0.98925
golden palm:0.96325
cinematography:0.9545
life & death:0.9435
existentialism:0.92225
pretentious:0.90775
surreal:0.898
god:0.8975
visual:0.86725
enigmatic:0.863
intimate:0.85875
amazing cinematography:0.857
cerebral:0.85525
melancholic:0.854
beautifully filmed:0.84725
reflective:0.84
breathtaking:0.8315
non-linear:0.80475
visually stunning:0.7925
dreamlike:0.7825
loneliness:0.7815
philosophical:0.77725
original:0.777
childhood:0.76775
art house:0.76625
visually appealing:0.75825
complex:0.754
weird:0.75125
artsy:0.75025
innocence lost:0.7455
storytelling:0.7385
masterpiece:0.737
art:0.6955
amazing photography:0.6915
artistic:0.67425
beautiful:0.6685
oscar (best cinematography):0.65925
criterion:0.65175
metaphysics:0.64225
life philosophy:0.63075
death:0.6175
stunning:0.612
coming of age:0.605
narrated:0.59225
allegory:0.59025
intellectual:0.58825
confusing:0.58525
parenthood:0.58325
dreams:0.58
stylized:0.574
photography:0.57175
slow:0.568
melancholy:0.5555
visuals:0.548
solitude:0.54775
nonlinear:0.5435
pointless:0.54
dysfunctional family:0.53925
memory:0.539
family drama:0.53375
texas:0.52875
great cinematography:0.512
life:0.50675
love:0.4985
dialogue:0.498
poetry:0.49675
boring!:0.49425
depression:0.48475
lyrical:0.47325
religion:0.47225
talky:0.472
first contact:0.464
scenic:0.4575
surrealism:0.44925
atmospheric:0.446
dinosaurs:0.44525
afterlife:0.435
good soundtrack:0.43325
visceral:0.4295
harsh:0.4245
classical music:0.42075
catastrophe:0.4165
nudity (full frontal - notable):0.4155
imagination:0.414
philosophy:0.406
thought-provoking:0.40575
1950s:0.4055
story:0.40425
beautiful scenery:0.40175
strange:0.3995
character study:0.39775
parallel universe:0.3955
runaway:0.394
emotional:0.392
affectionate:0.389
mentor:0.38875
slow paced:0.388
tragedy:0.38275
bleak:0.381
father son relationship:0.3805
