author:neil gaiman:1.0
fantasy world:0.994
imagination:0.98325
dark fantasy:0.981
fantasy:0.98025
visual:0.979
visually appealing:0.9755
visually stunning:0.9735
fairy tale:0.96675
artistic:0.949
visuals:0.936
neil gaiman:0.93125
storytelling:0.93
surreal:0.92225
alternate reality:0.91825
dreamlike:0.918
weird:0.911
dreams:0.87575
mythology:0.874
alone in the world:0.8675
allegory:0.86125
fairy tales:0.8455
magic:0.84325
creativity:0.83425
graphic design:0.82775
dark:0.82075
original:0.8205
whimsical:0.807
colourful:0.80425
story:0.79375
cerebral:0.78925
stunning:0.77325
parallel universe:0.77175
surrealism:0.76825
computer animation:0.74525
childhood:0.7315
light:0.72475
art:0.71725
beautiful:0.704
hallucinatory:0.69025
beautifully filmed:0.68375
coming of age:0.67575
magic realism:0.67075
stylized:0.66875
life & death:0.662
cgi:0.6615
meditative:0.64425
goth:0.6415
destiny:0.6415
melancholic:0.63225
coming-of-age:0.62075
dialogue:0.60975
adolescence:0.6065
high fantasy:0.60125
complex:0.6
strange:0.594
existentialism:0.593
life:0.591
transformation:0.59
life philosophy:0.57825
adventure:0.577
alternate universe:0.5765
stop motion:0.57525
special effects:0.5735
technology:0.5685
redemption:0.56375
animation:0.55575
first contact:0.554
bleak:0.54625
bizarre:0.5445
modern fantasy:0.53725
enigmatic:0.535
original plot:0.52675
unusual plot structure:0.52525
atmospheric:0.52475
mentor:0.5245
plot:0.52225
great ending:0.516
macabre:0.51
non-linear:0.509
good soundtrack:0.50275
sacrifice:0.50125
cult classic:0.49475
cinematography:0.4925
good versus evil:0.492
great:0.48725
philosophy:0.4825
loneliness:0.4645
idealism:0.46025
quirky:0.45375
clever:0.45375
beautiful scenery:0.45075
breathtaking:0.45025
pg-13:0.45
absurd:0.44925
irish accent:0.446
catastrophe:0.445
harsh:0.444
children:0.44125
fight scenes:0.436
