franchise:0.99575
dumb but funny:0.94
comedy:0.9375
russia:0.87625
predictable:0.85875
series:0.79825
silly:0.7835
original:0.7835
so bad it's funny:0.7685
idiotic:0.74275
bad plot:0.71525
stupid:0.711
stupid as hell:0.68975
silly fun:0.68775
crappy sequel:0.6735
slapstick:0.66525
pointless:0.6455
video game:0.6235
unfunny:0.6075
funny:0.6065
mafia:0.5905
lame:0.582
mentor:0.57725
disaster:0.57075
parody:0.562
horrible:0.56025
family:0.556
police:0.55
police investigation:0.54925
first contact:0.5185
russian:0.518
stupidity:0.50675
great ending:0.50025
goofy:0.47325
sequel:0.47075
overrated:0.4675
catastrophe:0.464
humorous:0.46375
very funny:0.4605
based on a tv show:0.4495
cold war:0.4395
life philosophy:0.43925
nostalgia:0.43725
fight scenes:0.433
absurd:0.42325
dumb:0.4185
dialogue:0.41825
fantasy world:0.418
splatter:0.414
espionage:0.412
bad acting:0.40975
adventure:0.40875
action:0.40525
bad:0.405
chase:0.398
80s:0.39175
pornography:0.39075
big budget:0.38425
mental illness:0.3835
camp:0.377
awful:0.374
destiny:0.36675
surreal:0.36475
teen movie:0.3635
natural disaster:0.3605
brutality:0.35825
justice:0.3565
nudity (topless - notable):0.3565
quirky:0.352
sci fi:0.351
adaptation:0.3475
entirely dialogue:0.338
crude humor:0.33475
brainwashing:0.334
fantasy:0.33225
pg-13:0.33175
fun movie:0.32775
boring:0.326
action packed:0.32575
spying:0.3235
runaway:0.323
fun:0.3185
gangsters:0.31375
farce:0.312
spoof:0.305
satirical:0.3045
shallow:0.3005
stereotypes:0.298
sequels:0.292
car chase:0.29175
weapons:0.29025
unusual plot structure:0.284
crime:0.28375
lone hero:0.28175
happy ending:0.2805
remake:0.2795
culture clash:0.27875
cult film:0.27775
special effects:0.27775
creativity:0.276
