political corruption:0.98575
corruption:0.9515
politics:0.9185
twists & turns:0.9085
conspiracy:0.891
police corruption:0.844
crime:0.82275
investigation:0.81525
murder:0.80775
thriller:0.7655
detective:0.7605
adultery:0.74875
original:0.74125
political:0.74025
plot twist:0.7055
police investigation:0.6935
betrayal:0.685
complex:0.6755
predictable:0.67175
nudity (topless):0.669
secrets:0.66775
revenge:0.66175
moral ambiguity:0.656
plot:0.6515
world politics:0.648
suspense:0.64375
dialogue:0.62125
twist:0.621
surveillance:0.61225
vengeance:0.5985
brutality:0.58975
bad ending:0.5785
plot holes:0.57825
runaway:0.57575
chase:0.57075
drama:0.55975
drinking:0.553
story:0.54175
new york city:0.537
mentor:0.5275
complicated:0.5265
bad plot:0.52225
cheating:0.517
serial killer:0.51575
suspenseful:0.50875
good soundtrack:0.504
violence:0.5035
shallow:0.49925
twist ending:0.4985
realistic action:0.4975
guilt:0.496
gangsters:0.4955
spying:0.49325
infidelity:0.491
redemption:0.489
great ending:0.48775
neo-noir:0.48775
car chase:0.48275
private detective:0.47775
sexy:0.46775
good acting:0.46275
spy:0.458
very interesting:0.4555
interesting:0.447
action:0.44075
tense:0.43675
police:0.43375
fast paced:0.43
new jersey:0.429
intense:0.42875
pointless:0.42775
violent:0.42775
assassination:0.424
forceful:0.41825
tricky:0.41775
greed:0.41275
not funny:0.412
confusing:0.4085
storytelling:0.408
stylish:0.4045
paranoia:0.40425
exceptional acting:0.40375
nudity (full frontal - notable):0.399
new orleans:0.39775
psychological:0.39725
catastrophe:0.39525
cinematography:0.39375
lawyer:0.39
paranoid:0.38525
nudity (full frontal - brief):0.38475
justice:0.38425
kidnapping:0.38425
murder mystery:0.3815
mystery:0.37575
great acting:0.37375
life philosophy:0.3685
sexualized violence:0.367
entertaining:0.3665
script:0.36375
sacrifice:0.3605
