geeks:0.9735
scifi:0.938
sci fi:0.9235
sci-fi:0.905
geek:0.87025
original:0.848
obsession:0.845
dialogue:0.80575
parody:0.7565
cult classic:0.754
surreal:0.75025
jay and silent bob:0.7315
science fiction:0.704
weird:0.67525
hilarious:0.63725
relationships:0.636
fun movie:0.63425
independent film:0.61025
drinking:0.6025
watch the credits:0.596
entirely dialogue:0.59125
funny:0.585
slackers:0.58
star trek:0.57325
affectionate:0.571
melancholic:0.55775
cool:0.5535
existentialism:0.5485
goofy:0.53175
life philosophy:0.52525
dreamlike:0.5115
dreams:0.5115
mentor:0.507
cult film:0.5045
awesome soundtrack:0.49975
dark hero:0.49875
stereotypes:0.4955
vengeance:0.4955
good soundtrack:0.4945
witty:0.4945
cerebral:0.49225
comic book:0.49125
quirky:0.4885
social commentary:0.4845
talky:0.48175
very funny:0.473
scifi cult:0.4695
absurd:0.46675
fight scenes:0.46425
friendship:0.452
complex:0.45075
quotable:0.44875
unlikely friendships:0.447
coming-of-age:0.43275
franchise:0.43175
great ending:0.424
fun:0.41725
nerds:0.41725
cult:0.41525
catastrophe:0.41325
storytelling:0.409
brutality:0.40275
criterion:0.4
series:0.3985
humor:0.39325
redemption:0.392
comedy:0.38725
splatter:0.387
clever:0.3855
nudity (topless):0.38425
intelligent sci-fi:0.37825
humorous:0.37475
view askew:0.371
interesting:0.36525
male nudity:0.3605
crude humor:0.35925
fantasy world:0.3565
artistic:0.35575
very interesting:0.35575
good dialogue:0.353
dark humor:0.35175
greed:0.35025
superheroes:0.349
teen:0.346
unusual plot structure:0.3445
multiple storylines:0.344
loneliness:0.34375
utopia:0.3435
story:0.3395
low budget:0.338
visually appealing:0.338
crime gone awry:0.33775
writers:0.33275
chase:0.3325
buddy movie:0.32825
imdb top 250:0.3275
addiction:0.326
not funny:0.31975
highly quotable:0.31875
grindhouse:0.3175
