vigilante:0.99875
batman:0.99225
super hero:0.97725
based on a comic:0.9745
superhero:0.96875
super-hero:0.96
good sequel:0.958
comics:0.955
superheroes:0.95075
pg-13:0.94075
animation:0.93575
destiny:0.9355
comic book adaption:0.93
graphic novel:0.92775
vigilantism:0.92375
fight scenes:0.921
dc comics:0.918
good action:0.916
story:0.91375
franchise:0.9105
action:0.904
big budget:0.8785
alter ego:0.87825
based on comic:0.871
realistic action:0.86925
father son relationship:0.864
dark hero:0.85625
goofy:0.8525
dynamic cgi action:0.851
comic book:0.83025
betrayal:0.82175
ninja:0.813
action packed:0.8075
marvel:0.78275
nocturnal:0.7765
vengeance:0.763
mentor:0.76275
animated:0.7625
assassin:0.75775
family:0.72975
talking animals:0.716
fantasy world:0.699
original:0.68725
plot:0.678
fighting:0.65825
series:0.6465
dialogue:0.644
dark:0.63925
anti-hero:0.62825
adventure:0.624
great ending:0.6225
mythology:0.60975
transformation:0.606
cool:0.6045
light:0.60175
better than expected:0.5905
assassins:0.57925
justice:0.5715
effects:0.5695
comic:0.565
very funny:0.565
sequel:0.55725
great:0.5505
good versus evil:0.5415
visually stunning:0.54025
adaptation:0.5395
oscar (best effects - visual effects):0.53725
father-son relationship:0.53275
harsh:0.53275
future:0.53225
creativity:0.51875
animals:0.51875
fast paced:0.51375
visual:0.51275
chase:0.51225
shallow:0.505
storytelling:0.50325
crude humor:0.503
violent:0.503
conspiracy:0.5
violence:0.49775
animal movie:0.48975
bad plot:0.48525
giant robots:0.4845
too short:0.4765
android(s)/cyborg(s):0.47125
life philosophy:0.47075
futuristic:0.4615
gory:0.4605
secrets:0.45975
computer animation:0.45975
kids:0.45825
coming of age:0.457
parody:0.456
heroine in tight suit:0.45175
adapted from:comic:0.44725
good soundtrack:0.44525
watch the credits:0.44475
reflective:0.44375
mad scientist:0.4395
