adventure:0.97025
medieval:0.9635
sword fight:0.917
good:0.90725
swashbuckler:0.89975
england:0.87975
big budget:0.87225
historical:0.86425
action:0.86075
fun movie:0.8575
good action:0.83325
entertaining:0.80725
great movie:0.77525
great:0.773
romance:0.76825
pg-13:0.7355
beautiful scenery:0.7295
action packed:0.713
love story:0.70975
period piece:0.7065
witch:0.704
chase:0.67875
mentor:0.6765
destiny:0.67325
courage:0.65825
fun:0.64975
story:0.648
original:0.64625
islam:0.63875
adaptation:0.6235
great ending:0.61125
passionate:0.6095
romantic:0.59325
exciting:0.59275
mythology:0.587
catastrophe:0.58475
betrayal:0.58025
plot:0.578
happy ending:0.57475
bullshit history:0.54525
factual:0.52975
excellent:0.5295
us history:0.524
sword fighting:0.51875
predictable:0.5185
very good:0.5145
freedom:0.51275
revenge:0.512
great acting:0.50825
dynamic cgi action:0.50425
witches:0.49625
comedy:0.4955
girlie movie:0.49275
dialogue:0.49275
special effects:0.49125
corruption:0.491
feel-good:0.49025
epic:0.4835
fantasy world:0.48175
fighting:0.4805
earnest:0.4755
oscar winner:0.471
good acting:0.4685
british:0.4655
cool:0.4645
fight scenes:0.463
culture clash:0.46075
sentimental:0.451
greed:0.447
family:0.44625
silly:0.441
underrated:0.441
oscar:0.4345
transformation:0.428
runaway:0.428
nostalgic:0.4245
oscar (best effects - visual effects):0.424
silly fun:0.42075
fantasy:0.42075
scenic:0.42025
magic:0.4195
storytelling:0.415
justice:0.4145
vengeance:0.414
good versus evil:0.41075
history:0.40875
treasure hunt:0.40775
light:0.4065
fast paced:0.40425
good soundtrack:0.403
childhood:0.39975
shallow:0.389
high fantasy:0.3885
underdog:0.388
feel good movie:0.38575
intense:0.3825
lone hero:0.37825
survival:0.377
blindness:0.3745
treasure:0.3745
