action:0.93
good action:0.92475
comedy:0.821
san francisco:0.81425
action packed:0.762
original:0.7495
fight scenes:0.7495
fun movie:0.701
silly:0.69375
revenge:0.68075
predictable:0.63275
entertaining:0.5645
fast paced:0.5455
police:0.52925
guilty pleasure:0.52875
lone hero:0.496
life philosophy:0.494
pg-13:0.4925
great ending:0.49075
so bad it's funny:0.48975
car chase:0.48925
good:0.485
twists & turns:0.47575
mentor:0.47275
silly fun:0.469
violence:0.45475
catastrophe:0.43225
quirky:0.43025
fun:0.427
very funny:0.4215
nudity (topless):0.41875
destiny:0.403
cool:0.393
chase:0.39175
brutality:0.3915
good soundtrack:0.3885
melancholic:0.38475
dialogue:0.38325
unusual plot structure:0.3825
humorous:0.3765
vengeance:0.376
pornography:0.36825
slapstick:0.367
tricky:0.36525
greed:0.35675
bad plot:0.35575
fighting:0.353
culture clash:0.353
80s:0.34825
storytelling:0.34525
creativity:0.34375
stylish:0.3405
drama:0.34
violent:0.33925
family:0.338
stylized:0.33725
teen movie:0.337
betrayal:0.3365
first contact:0.33625
high school:0.33175
buddy movie:0.33075
light:0.328
cult film:0.3215
fantasy world:0.3185
runaway:0.314
christian:0.31275
adaptation:0.31125
splatter:0.307
death:0.30625
narrated:0.3055
good dialogue:0.3055
talky:0.3045
classic car:0.30225
hitman:0.30075
life & death:0.2985
nudity (full frontal - brief):0.29425
teens:0.29425
police investigation:0.29425
overrated:0.2915
hilarious:0.291
sexy:0.29075
goofy:0.28975
funny:0.28925
story:0.288
redemption:0.28775
weapons:0.2835
criterion:0.281
natural disaster:0.27925
romance:0.27925
stereotypes:0.27875
solitude:0.27825
entirely dialogue:0.27725
nudity (topless - notable):0.27575
very interesting:0.27425
police corruption:0.268
crude humor:0.26625
comic:0.263
existentialism:0.2625
sci fi:0.26225
dumb but funny:0.2615
