vampire human love:1.0
vampire:0.971
remake:0.9545
original:0.951
bullying:0.945
vampires:0.94225
adolescence:0.9045
coming of age:0.9025
adapted from:book:0.898
based on a book:0.88475
friendship:0.85925
swedish:0.8465
bittersweet:0.8195
based on book:0.78225
loneliness:0.7535
horror:0.746
original plot:0.74075
unlikely friendships:0.7315
storytelling:0.71775
brutality:0.7045
blood:0.695
childhood:0.694
mentor:0.674
intense:0.67125
revenge:0.66775
story:0.667
foreign:0.66225
runaway:0.659
moral ambiguity:0.654
adaptation:0.65075
melancholic:0.65
violence:0.648
innocence lost:0.6415
bloody:0.64125
good:0.62025
pg-13:0.60675
cinematography:0.603
police investigation:0.6015
dark:0.60125
violent:0.59225
school:0.58975
pornography:0.58425
good soundtrack:0.58225
visually appealing:0.5805
gory:0.56725
serial killer:0.5655
coming-of-age:0.56175
love story:0.5495
atmospheric:0.5475
heartbreaking:0.53075
vengeance:0.5295
interesting:0.523
drama:0.515
transformation:0.51175
murder:0.504
dark hero:0.50325
destiny:0.49925
complex:0.49725
social commentary:0.49575
sacrifice:0.49325
suspense:0.481
oscar (best actress):0.475
great acting:0.47225
creepy:0.46925
better than the american version:0.46275
culture clash:0.45925
goth:0.45425
great ending:0.45075
dialogue:0.4485
nocturnal:0.4485
visually stunning:0.447
good acting:0.44675
justice:0.44275
scary:0.43525
disturbing:0.43175
california:0.4305
survival:0.4295
very good:0.428
tragedy:0.4275
emotional:0.4255
suprisingly clever:0.4255
betrayal:0.42225
harsh:0.42175
relationships:0.41225
hospital:0.41125
remade:0.406
nudity (full frontal - brief):0.40025
mythology:0.3995
great:0.39725
enigmatic:0.39475
sexualized violence:0.39325
catastrophe:0.393
drinking:0.39075
dynamic cgi action:0.3895
oscar:0.38925
books:0.3885
intimate:0.3885
not funny:0.38725
distopia:0.387
weird:0.38625
