meditative:0.942
enigmatic:0.94
visually appealing:0.927
melancholic:0.92325
weird:0.91275
pretentious:0.9125
criterion:0.89575
existentialism:0.89575
cerebral:0.8955
complex:0.8895
artistic:0.8795
artsy:0.875
cinematography:0.86175
art house:0.851
indie:0.84425
non-linear:0.83175
visual:0.8305
allegory:0.82275
art:0.8195
loneliness:0.78775
dreamlike:0.78575
visually stunning:0.74125
pigs:0.7405
confusing:0.73975
cult film:0.72625
original:0.68825
intellectual:0.6845
atmospheric:0.66825
mindfuck:0.667
obsession:0.647
life & death:0.643
beautifully filmed:0.63825
melancholy:0.63675
brainwashing:0.63575
golden palm:0.634
storytelling:0.62975
reflective:0.6295
depression:0.62575
parallel universe:0.62575
music:0.60925
surreal:0.609
strange:0.607
photography:0.6055
lynch:0.59225
dialogue:0.58575
intimate:0.58575
very interesting:0.5845
disturbing:0.58425
bleak:0.57975
drama:0.5735
breathtaking:0.5695
pointless:0.56425
off-beat comedy:0.558
talky:0.554
slow paced:0.54875
independent film:0.54025
imagination:0.53925
colourful:0.532
stylized:0.5285
dialogue driven:0.525
artist:0.52175
greed:0.52
slow:0.5195
psychological:0.5175
solitude:0.51525
life philosophy:0.5115
nonlinear:0.509
beautiful:0.50275
runaway:0.49875
cult classic:0.4955
humanity:0.49075
creativity:0.4895
complicated:0.487
dark:0.47825
tense:0.47625
entirely dialogue:0.47225
character study:0.4705
first contact:0.4645
philosophical:0.4635
masterpiece:0.455
eccentricity:0.45225
unusual plot structure:0.438
absurd:0.43425
social commentary:0.4315
poetry:0.4215
imdb top 250:0.421
pornography:0.42075
mystery:0.41675
suprisingly clever:0.414
writers:0.40925
psychology:0.40475
drugs:0.404
catastrophe:0.404
stoner movie:0.40025
mentor:0.39925
lyrical:0.392
hallucinatory:0.39075
downbeat:0.3895
science fiction:0.388
psychedelic:0.38625
