relationships:0.99575
cancer:0.9715
mother daughter relationship:0.9145
chick flick:0.9065
romantic comedy:0.8295
mentor:0.80175
good soundtrack:0.79175
life philosophy:0.7775
writers:0.76725
love story:0.75875
romantic:0.75575
dialogue:0.755
women:0.7495
shallow:0.73125
romance:0.731
depression:0.72975
drama:0.71725
bittersweet:0.714
girlie movie:0.7135
infidelity:0.712
happy ending:0.709
original:0.69075
life & death:0.67325
loneliness:0.673
honest:0.6625
teen:0.63575
new jersey:0.6225
los angeles:0.6135
teen movie:0.6035
nudity (topless - notable):0.5945
melancholic:0.5895
cheating:0.58575
multiple storylines:0.5845
drinking:0.5845
sweet:0.56825
emotional:0.56425
great ending:0.56175
reflective:0.55
teens:0.5455
complex characters:0.54425
teenager:0.5255
exceptional acting:0.5145
pg-13:0.5135
storytelling:0.5095
stereotypes:0.50725
dysfunctional family:0.50575
catastrophe:0.50425
friendship:0.50425
destiny:0.4975
directorial debut:0.497
story:0.49475
pornography:0.49375
predictable:0.48825
touching:0.48175
better than expected:0.47925
quirky:0.46325
death:0.4605
awesome soundtrack:0.458
redemption:0.4575
complex:0.4525
poignant:0.4495
life:0.447
culture clash:0.4455
so bad it's funny:0.445
feel-good:0.439
shopping:0.42125
family:0.4135
feel good movie:0.4115
independent film:0.411
intense:0.41
love:0.40825
sacrifice:0.40125
runaway:0.39925
dramatic:0.39625
whimsical:0.396
entirely dialogue:0.3955
twists & turns:0.395
coming-of-age:0.38525
coming of age:0.38325
good acting:0.38275
excellent script:0.38
sexy:0.38
passionate:0.37625
unlikely friendships:0.374
hospital:0.374
disability:0.372
teenagers:0.372
nudity (full frontal - notable):0.369
script:0.369
revenge:0.366
good romantic comedies:0.36375
nocturnal:0.3615
rebellion:0.36025
oscar (best supporting actress):0.359
solitude:0.35825
amy smart:0.35525
adolescence:0.352
notable nudity:0.35025
great:0.3495
male nudity:0.348
