voodoo:0.984
zombies:0.96675
horror:0.96525
zombie:0.954
cult classic:0.89775
interracial romance:0.8895
supernatural:0.88775
creepy:0.87325
splatter:0.85825
original:0.7705
cult film:0.7105
claustrophobic:0.67925
macabre:0.676
brutality:0.65625
blood:0.65125
based on a book:0.64925
doctors:0.64775
weird:0.63175
gruesome:0.63025
hospital:0.61375
atmospheric:0.61275
so bad it's funny:0.607
cult:0.60325
drugs:0.60125
mad scientist:0.596
gory:0.59575
based on true story:0.5935
secrets:0.5825
psychological:0.577
cannibalism:0.56725
death:0.567
apocalypse:0.55625
eerie:0.556
grindhouse:0.55325
good soundtrack:0.54775
dreams:0.543
torture:0.5425
transformation:0.54225
scary:0.5415
violence:0.538
demons:0.5235
dark humor:0.52225
life philosophy:0.5175
good:0.51225
mentor:0.512
frightening:0.50575
monster:0.502
true story:0.48875
based on book:0.48825
stylish:0.4875
low budget:0.48675
suspense:0.4835
nudity (topless - notable):0.4805
great:0.47325
80s:0.472
survival:0.46875
underrated:0.46825
hallucinatory:0.46325
visceral:0.461
life & death:0.4575
effects:0.456
adaptation:0.447
not funny:0.444
nocturnal:0.43
intense:0.427
great ending:0.4265
great acting:0.426
sexualized violence:0.4215
surreal:0.4215
wilderness:0.421
catastrophe:0.4195
social commentary:0.4115
mozart:0.4085
allegory:0.403
very interesting:0.4025
story:0.39925
nudity (topless):0.398
adapted from:book:0.39775
gore:0.39
first contact:0.3875
special effects:0.38375
chase:0.3835
dark:0.3805
strange:0.37275
jungle:0.3725
creativity:0.37075
great movie:0.367
dialogue:0.36675
redemption:0.363
goretastic:0.36
nudity (full frontal - notable):0.35575
religion:0.35575
visually stunning:0.3545
dark fantasy:0.35275
ghosts/afterlife:0.3505
justice:0.35025
disturbing:0.349
thought-provoking:0.348
witches:0.34775
talky:0.345
