war:0.95725
china:0.89425
sacrifice:0.872
brutality:0.83925
historical:0.83925
original:0.8135
great ending:0.80175
drama:0.79025
history:0.79025
epic:0.77975
forceful:0.76625
vengeance:0.7425
gunfight:0.741
beautiful scenery:0.73975
imdb top 250:0.73975
allegory:0.72975
stylized:0.724
storytelling:0.72075
criterion:0.68825
trilogy:0.6875
weapons:0.68625
dramatic:0.68525
camp:0.658
brutal:0.64125
ethnic conflict:0.62975
complex:0.62075
war movie:0.62075
talky:0.6165
amazing photography:0.59975
hong kong:0.598
cinematography:0.597
corruption:0.581
mentor:0.5725
dialogue:0.57075
action:0.5575
breathtaking:0.55375
suspense:0.55325
oscar (best foreign language film):0.54825
interesting:0.544
scenic:0.542
stunning:0.53975
based on a book:0.5345
great:0.53375
bleak:0.5335
suprisingly clever:0.53225
visual:0.52975
culture clash:0.52275
betrayal:0.507
fight scenes:0.499
beautifully filmed:0.49425
runaway:0.49275
intimate:0.4925
enigmatic:0.48925
friendship:0.482
melancholic:0.48025
weird:0.4795
visually appealing:0.47925
dark hero:0.4735
moral ambiguity:0.47175
violence:0.4615
tense:0.458
oscar (best cinematography):0.4575
based on a true story:0.4555
good soundtrack:0.45475
reflective:0.45375
story:0.45
visually stunning:0.44925
civil war:0.4465
absurd:0.4445
revenge:0.43925
good:0.43175
prejudice:0.4315
gory:0.42675
great movie:0.42475
childhood:0.42325
unusual plot structure:0.4225
catastrophe:0.4215
twists & turns:0.421
bombs:0.41875
transformation:0.41825
downbeat:0.41375
awesome soundtrack:0.41375
politics:0.40575
colourful:0.40075
social commentary:0.39725
entirely dialogue:0.3965
harsh:0.396
wartime:0.389
irish accent:0.383
movielens top pick:0.383
foreign:0.38175
adaptation:0.3815
bollywood:0.38125
made for tv:0.37925
dynamic cgi action:0.37925
intense:0.379
original plot:0.379
surveillance:0.37725
emotional:0.3755
idealism:0.37525
