baseball:0.99325
women:0.98175
sports:0.97
wartime:0.92975
drama:0.8995
world war ii:0.88975
nostalgic:0.88675
girlie movie:0.84575
chick flick:0.831
based on true story:0.80425
good:0.8035
feel-good:0.7975
fun movie:0.7935
fun:0.78275
period piece:0.76525
based on a true story:0.7605
great:0.74975
true story:0.73675
sisters:0.7315
great movie:0.72775
feel good movie:0.72725
mentor:0.71025
family:0.7065
original:0.69725
sentimental:0.6715
oscar (best actress):0.668
runaway:0.66025
unlikely friendships:0.65775
us history:0.655
pg-13:0.62425
history:0.6215
underdog:0.61875
friendship:0.60875
destiny:0.599
oscar (best supporting actress):0.59175
sweet:0.5835
entertaining:0.57675
oscar winner:0.553
historical:0.54325
touching:0.5355
happy ending:0.5255
childhood:0.51875
wwii:0.5185
light:0.517
great acting:0.502
courage:0.4985
inspirational:0.491
excellent:0.49075
story:0.49075
dramatic:0.48075
kids:0.479
comedy:0.4705
very good:0.46075
great ending:0.4605
oscar:0.4565
catastrophe:0.456
drinking:0.44675
afi 100 (movie quotes):0.44625
sexy:0.44625
love story:0.4435
good acting:0.43925
culture clash:0.43675
romantic comedy:0.4345
teen movie:0.434
honest:0.4325
factual:0.42125
chase:0.41775
romantic:0.4155
interesting:0.41525
coming of age:0.413
witty:0.40925
new jersey:0.40125
adaptation:0.39475
idealism:0.39
good soundtrack:0.388
intense:0.38375
radio:0.38225
heartwarming:0.379
dialogue:0.37525
alternate history:0.37475
oscar (best directing):0.3725
stereotypes:0.369
romance:0.36775
predictable:0.3675
transformation:0.36625
based on a play:0.3615
love:0.361
quotable:0.36075
excellent script:0.3575
war:0.3555
teen:0.354
earnest:0.3485
segregation:0.34775
police investigation:0.346
fighting:0.34075
based on book:0.34
corruption:0.3385
not funny:0.33725
children:0.33375
clever:0.332
