funniest movies:0.905
comedy:0.88875
teen movie:0.86575
cars:0.83925
teen:0.7875
hilarious:0.77425
nostalgic:0.7655
silly fun:0.745
original:0.74175
goofy:0.739
fun movie:0.7265
silly:0.70425
very funny:0.69425
high school:0.67725
beer:0.676
funny:0.67525
teens:0.67025
crude humor:0.63125
dumb but funny:0.613
1980s:0.6095
80s:0.59825
humor:0.5965
drinking:0.592
cult classic:0.58425
grindhouse:0.58375
virginity:0.57225
coming of age:0.5705
humorous:0.5685
cult film:0.54075
nudity (full frontal - notable):0.5335
nerds:0.528
great:0.525
notable nudity:0.52375
fun:0.5195
california:0.50425
nudity (topless):0.48
nudity (topless - notable):0.47475
good soundtrack:0.4715
amy smart:0.462
mentor:0.45825
great ending:0.451
quotable:0.44425
chase:0.443
parody:0.43675
great movie:0.4295
dialogue:0.42675
nostalgia:0.42325
classic:0.41375
idiotic:0.41175
catastrophe:0.40675
story:0.40575
buddy movie:0.40525
storytelling:0.4015
cool:0.40075
nocturnal:0.3985
awesome soundtrack:0.39775
fantasy world:0.392
camp:0.39125
teenager:0.384
childhood:0.38
good:0.378
great soundtrack:0.36725
brutality:0.366
family:0.364
halloween:0.36225
slapstick:0.36075
cult:0.36075
funny as hell:0.35625
gangsters:0.351
dumb:0.3475
adaptation:0.34725
gangs:0.34425
stupid:0.33875
pg-13:0.338
suprisingly clever:0.33725
school:0.3335
weapons:0.3305
fight scenes:0.327
coming-of-age:0.3255
unfunny:0.32475
predictable:0.3225
time:0.3205
revenge:0.319
destiny:0.31725
great music:0.31425
pornography:0.31275
culture clash:0.30875
clever:0.30775
so bad it's funny:0.3065
sex comedy:0.305
lame:0.30425
redemption:0.302
lone hero:0.3
drama:0.29975
transformation:0.2995
sexualized violence:0.29625
bad plot:0.29575
unusual plot structure:0.289
vengeance:0.28875
runaway:0.28525
