surreal:0.95875
existentialism:0.9395
loneliness:0.93375
dystopia:0.918
weird:0.90775
strange:0.8975
alone in the world:0.891
surrealism:0.82825
enigmatic:0.76975
suicide:0.75075
art house:0.74725
melancholic:0.74375
cerebral:0.73775
original:0.7265
dreamlike:0.72475
utopia:0.72275
complex:0.7165
allegory:0.713
reflective:0.6925
beautifully filmed:0.681
visually appealing:0.6585
parallel universe:0.634
artistic:0.62675
criterion:0.621
afterlife:0.61875
absurd:0.609
transformation:0.609
life philosophy:0.59325
bleak:0.59175
imagination:0.587
storytelling:0.586
interesting:0.58175
visually stunning:0.58125
philosophy:0.57925
off-beat comedy:0.57525
social commentary:0.573
good soundtrack:0.5705
suprisingly clever:0.5655
great cinematography:0.55875
thought-provoking:0.55675
harsh:0.5535
dark:0.5505
atmospheric:0.55
depression:0.5455
first contact:0.544
foreign:0.54225
very interesting:0.53825
creativity:0.53775
childhood:0.5365
solitude:0.52225
deadpan:0.52225
idealism:0.522
nocturnal:0.515
art:0.51425
breathtaking:0.512
talky:0.5065
visual:0.49125
cinematography:0.4835
desert:0.477
destiny:0.471
life & death:0.46875
nonlinear:0.467
downbeat:0.46325
life:0.46225
great:0.45725
stoner movie:0.447
philosophical:0.447
mentor:0.441
dialogue:0.44075
death:0.43275
drinking:0.43175
suicide attempt:0.42875
relationships:0.42825
golden palm:0.42775
good acting:0.42675
greed:0.4185
memory:0.4165
catastrophe:0.41625
quirky:0.41425
grim:0.4125
hotel:0.40775
dreams:0.40525
light:0.40525
great acting:0.403
imdb top 250:0.394
obsession:0.39325
culture clash:0.391
cult film:0.39
great ending:0.38775
dystopic future:0.3865
fantasy world:0.386
pretentious:0.38075
capitalism:0.37825
metaphysics:0.3745
not funny:0.373
alternate reality:0.37275
honest:0.37125
very good:0.367
runaway:0.365
intelligent:0.36325
