ninja:0.998
franchise:0.99225
martial arts:0.8965
bad plot:0.88425
nostalgia:0.868
sequel:0.82275
based on a tv show:0.81025
goofy:0.79875
original:0.782
comic book:0.77875
adapted from:comic:0.765
time travel:0.71525
fight scenes:0.6865
mutants:0.6815
dinosaurs:0.65275
silly fun:0.62775
predictable:0.622
crappy sequel:0.599
magic:0.592
mentor:0.5915
sequels:0.58025
adventure:0.57575
comics:0.56825
weapons:0.56725
action:0.56275
so bad it's funny:0.55175
childhood:0.54975
cartoon:0.53475
fun movie:0.514
superhero:0.51125
talking animals:0.504
destiny:0.493
fun:0.49175
culture clash:0.48675
horrible:0.4725
fighting:0.467
great ending:0.46225
pointless:0.46
special effects:0.44825
good soundtrack:0.4475
family:0.43875
samurai:0.43875
life philosophy:0.42875
lame:0.42375
slapstick:0.42125
great:0.41825
alter ego:0.40575
happy ending:0.40125
japan:0.3985
video game:0.39575
silly:0.3925
fantasy world:0.385
overrated:0.3835
immortality:0.3825
good sequel:0.37725
catastrophe:0.3745
bad cgi:0.36975
violence:0.368
dialogue:0.3675
first contact:0.3665
nostalgic:0.3655
creativity:0.3615
trilogy:0.35125
writers:0.34975
good:0.343
adaptation:0.34275
series:0.34
stupid as hell:0.3385
brutality:0.33775
storytelling:0.33525
super-hero:0.335
superheroes:0.333
dynamic cgi action:0.33275
switching places:0.3315
fantasy:0.3265
story:0.32475
big budget:0.31775
idiotic:0.31725
cool:0.3155
bad:0.31475
nudity (full frontal - brief):0.31075
future:0.309
comedy:0.3075
plot holes:0.30575
runaway:0.30275
transformation:0.30075
redemption:0.3
pornography:0.29475
new york city:0.29025
entirely dialogue:0.289
cheesy:0.287
super hero:0.2865
not funny:0.28625
unusual plot structure:0.28575
disaster:0.285
alternate reality:0.28425
based on a comic:0.2815
very funny:0.28125
entertaining:0.281
pg-13:0.27675
