ghosts:0.98075
romance:0.96675
oscar (best cinematography):0.9655
romantic:0.96375
love story:0.95675
bittersweet:0.93175
supernatural:0.90975
life & death:0.83975
ghosts/afterlife:0.82725
touching:0.8225
affectionate:0.8015
black and white:0.7935
beautiful scenery:0.78725
classic:0.77825
beautifully filmed:0.76525
sentimental:0.76
cinematography:0.7545
period piece:0.75375
sweet:0.73675
heartwarming:0.732
mentor:0.7255
imdb top 250:0.7155
fantasy:0.70775
literature:0.70575
idealism:0.689
light:0.6885
original:0.68325
story:0.6785
18th century:0.67325
solitude:0.662
whimsical:0.662
childhood:0.656
aging:0.6435
wistful:0.63925
oscar (best actress):0.6385
oscar (best directing):0.637
melancholy:0.637
great:0.63025
romantic comedy:0.6295
chase:0.6225
dialogue:0.61075
chick flick:0.60675
beautiful:0.6025
love:0.60225
afterlife:0.602
oscar (best supporting actress):0.5885
witty:0.5835
loneliness:0.5825
great ending:0.581
atmospheric:0.57975
poignant:0.57825
love triangles:0.577
great movie:0.57175
sappy:0.55475
fairy tale:0.55425
passionate:0.552
stunning:0.55
excellent:0.541
breathtaking:0.53625
transformation:0.527
relationships:0.51675
destiny:0.51475
drama:0.4995
clever:0.499
adapted from:book:0.499
humorous:0.489
criterion:0.488
england:0.48225
adaptation:0.4785
death:0.46675
sexy:0.46625
eerie:0.466
runaway:0.46275
feel-good:0.45775
culture clash:0.4565
enigmatic:0.45175
talky:0.44825
happy ending:0.44725
unlikely friendships:0.43975
melancholic:0.4335
redemption:0.43325
sacrifice:0.43225
good:0.43075
visually appealing:0.42925
friendship:0.42475
imagination:0.42275
gothic:0.421
costume drama:0.42025
family:0.41675
fun movie:0.41275
colourful:0.41
earnest:0.40875
photography:0.4085
good acting:0.4085
suprisingly clever:0.3985
catastrophe:0.39325
visual:0.39275
storytelling:0.3885
amazing photography:0.38675
visually stunning:0.386
