teen movie:0.9535
80s:0.95225
comedy:0.90225
fun movie:0.88875
high school:0.88
teen:0.8745
teens:0.823
teacher:0.78425
goofy:0.7565
geeks:0.74625
1980s:0.746
fun:0.7125
original:0.70075
quotable:0.6905
foul language:0.688
mentor:0.682
funny:0.67675
feel-good:0.6475
silly fun:0.63375
geek:0.6285
great:0.62025
cool:0.6085
school:0.60375
nerds:0.58425
stereotypes:0.58375
cult classic:0.53225
predictable:0.532
very funny:0.5305
good soundtrack:0.52
good:0.51975
underrated:0.51
runaway:0.5055
awesome soundtrack:0.496
entertaining:0.48925
silly:0.484
feel good movie:0.48025
great ending:0.4715
kids:0.4595
teenager:0.4545
friendship:0.44575
pg-13:0.43125
california:0.42375
clowns:0.42125
happy ending:0.4205
catastrophe:0.419
nostalgic:0.41175
girlie movie:0.41125
so bad it's funny:0.4045
hawaii:0.401
great movie:0.39225
revenge:0.39225
light:0.3885
dialogue:0.3825
sexy:0.3825
teenagers:0.3785
childhood:0.36675
brutality:0.3655
underdog:0.36175
storytelling:0.34875
fantasy world:0.34625
chase:0.34425
unlikely friendships:0.34
cult film:0.33925
camp:0.33625
shallow:0.33525
hilarious:0.335
bullying:0.33325
classic car:0.332
cute!:0.32675
good action:0.3255
family:0.3205
transformation:0.3195
destiny:0.319
adaptation:0.313
first contact:0.31275
stoner movie:0.30825
story:0.30825
dumb but funny:0.306
fight scenes:0.30475
not funny:0.30375
campy:0.301
adventure:0.2965
life philosophy:0.293
lone hero:0.293
grindhouse:0.2895
unusual plot structure:0.286
clever:0.286
culture clash:0.28325
redemption:0.283
buddy movie:0.274
great soundtrack:0.2695
melancholic:0.2655
rebellion:0.262
nudity (topless):0.2605
sports:0.25975
overrated:0.25675
vengeance:0.25675
adolescence:0.25625
college:0.253
slapstick:0.2525
