oscar (best picture):0.979
talky:0.93025
1930s:0.9265
imdb top 250:0.8595
oscar (best actress):0.85075
oscar (best directing):0.84425
terminal illness:0.8415
ensemble cast:0.836
hotel:0.81625
melancholic:0.79925
dramatic:0.79175
poignant:0.79075
eccentricity:0.7875
drinking:0.785
classic:0.7805
based on a play:0.77625
greed:0.763
depression:0.756
original:0.74975
character study:0.748
oscar (best supporting actress):0.7435
downbeat:0.7265
afi 100 (movie quotes):0.71275
loneliness:0.70725
drama:0.706
criterion:0.70175
gunfight:0.664
corruption:0.66225
enigmatic:0.653
great acting:0.648
great:0.6405
costume drama:0.6385
murder:0.625
social commentary:0.6195
runaway:0.604
great movie:0.5925
oscar (best cinematography):0.5885
depressing:0.5865
dialogue:0.584
melancholy:0.58275
courage:0.58175
berlin:0.57725
rags to riches:0.55875
affectionate:0.5565
silent:0.54975
mentor:0.54375
good soundtrack:0.5295
crime gone awry:0.5295
unlikely friendships:0.5245
redemption:0.523
intimate:0.523
suicide attempt:0.522
wistful:0.51875
oscar (best supporting actor):0.5185
betrayal:0.517
storytelling:0.50775
golden palm:0.50575
movielens top pick:0.48525
sentimental:0.484
earnest:0.47775
great ending:0.47575
harsh:0.4695
biographical:0.46425
light:0.463
noir:0.46275
oscar winner:0.458
oscar (best actor):0.45375
entirely dialogue:0.45175
cynical:0.4515
good:0.4465
very good:0.44525
atmospheric:0.44275
quotable:0.44075
vienna:0.44075
friendship:0.43675
cinematography:0.43325
witty:0.42925
stylized:0.4275
very interesting:0.4225
exceptional acting:0.421
california:0.4205
passionate:0.42
macabre:0.41925
tragedy:0.419
culture clash:0.4165
adapted from:book:0.41625
nostalgic:0.416
black and white:0.41475
catastrophe:0.41475
idealism:0.41225
gangsters:0.41175
oscar:0.40975
good acting:0.40925
grim:0.408
suprisingly clever:0.40675
reflective:0.4035
sexy:0.4005
oscar (best writing - screenplay written directly for the screen):0.397
destiny:0.391
brothers:0.38825
