prison:0.9465
great ending:0.915
visually appealing:0.88025
british comedy:0.83775
drama:0.80225
violent:0.79925
british:0.766
feel good movie:0.76375
original:0.76025
violence:0.74275
depression:0.7305
cinematography:0.7285
feel-good:0.723
corruption:0.7215
plot:0.71075
visual:0.7105
comedy:0.7095
vampire human love:0.70425
irish:0.7035
intense:0.70175
male nudity:0.698
destiny:0.69075
predictable:0.68125
mindfuck:0.6765
social commentary:0.67625
musical:0.67475
redemption:0.672
melancholic:0.6665
storytelling:0.666
writers:0.66475
off-beat comedy:0.6635
awesome soundtrack:0.654
brutality:0.653
twists & turns:0.646
torture:0.6455
powerful ending:0.636
heist:0.635
based on book:0.629
psychological:0.62725
secrets:0.6225
original plot:0.6165
very interesting:0.61325
bollywood:0.612
author:neil gaiman:0.611
graphic novel:0.6095
narrated:0.607
murder:0.60675
enormously long battle scene:0.60125
moral ambiguity:0.601
great movie:0.59875
visually stunning:0.596
good soundtrack:0.59475
quirky:0.58525
tense:0.583
costume drama:0.575
plot holes:0.575
twist ending:0.571
stylized:0.571
adaptation:0.57075
pg-13:0.5695
runaway:0.56675
colourful:0.561
music:0.559
police investigation:0.54375
justice:0.5425
talky:0.535
bleak:0.53475
nocturnal:0.533
interesting:0.5305
downbeat:0.53
fantasy world:0.52175
big budget:0.5215
vengeance:0.51975
shallow:0.51525
spanish:0.51425
cerebral:0.514
based on a book:0.51275
nudity (topless - notable):0.51175
complex:0.511
gunfight:0.50975
culture clash:0.50525
dystopia:0.5045
distopia:0.502
realistic:0.5005
psychology:0.49975
dialogue:0.4985
mentor:0.49675
dynamic cgi action:0.4945
good acting:0.494
insanity:0.49375
oscar (best directing):0.49225
bad ending:0.4915
independent film:0.48975
harsh:0.4865
race issues:0.485
great:0.4835
revenge:0.478
prison escape:0.47425
good:0.474
happy ending:0.47275
