amy smart:1.0
high school:0.9785
teen:0.97525
romantic comedy:0.97125
comedy:0.95525
teen movie:0.946
new jersey:0.93925
dumb but funny:0.87675
cheerleading:0.85975
girlie movie:0.85525
funny:0.84775
chick flick:0.8415
teens:0.82225
hilarious:0.7995
small town:0.74575
geeks:0.74325
very funny:0.69425
silly fun:0.667
romance:0.64225
predictable:0.6135
original:0.613
unlikely friendships:0.595
friendship:0.58
dumb:0.55525
pg-13:0.55325
stereotypes:0.53875
crude humor:0.52825
mentor:0.52075
nerds:0.52
geek:0.5165
good romantic comedies:0.51075
teenagers:0.5045
happy ending:0.4985
pornography:0.4965
goofy:0.48675
fun movie:0.483
watch the credits:0.472
stupidity:0.4715
romantic:0.4705
slapstick:0.4655
better than expected:0.459
road trip:0.45175
shallow:0.4475
teenager:0.4445
unfunny:0.439
catastrophe:0.4365
good soundtrack:0.43175
beer:0.421
funny as hell:0.4175
great:0.41575
buddy movie:0.4135
silly:0.405
virginity:0.40475
great ending:0.40175
so bad it's funny:0.397
dialogue:0.3955
transformation:0.38925
feel-good:0.3755
humorous:0.35775
idiotic:0.355
life philosophy:0.349
brutality:0.34825
stupid:0.34725
sarcasm:0.34625
funniest movies:0.34575
betrayal:0.3365
awesome soundtrack:0.336
horrible:0.33075
redemption:0.321
drinking:0.312
stupid as hell:0.3045
gross-out:0.2985
good:0.29825
notable nudity:0.296
adolescence:0.29375
fight scenes:0.2865
culture clash:0.2855
first contact:0.2785
chase:0.27775
story:0.27625
sweet:0.27575
revenge:0.2735
childhood:0.27025
destiny:0.26925
runaway:0.26625
lone hero:0.26625
family:0.264
feel good movie:0.26
suprisingly clever:0.25975
light:0.259
not funny:0.25725
guilty pleasure:0.257
honest:0.25125
natural disaster:0.2485
male nudity:0.24675
vengeance:0.2435
holiday:0.24275
fun:0.2425
fantasy world:0.24225
storytelling:0.242
