serial killer:0.98525
obsession:0.90575
psychological:0.87525
enigmatic:0.863
visually appealing:0.857
original:0.84725
complex:0.83625
dark:0.834
loneliness:0.82925
weird:0.8215
runaway:0.82025
psychology:0.818
bleak:0.808
disturbing:0.79675
storytelling:0.796
downbeat:0.77975
melancholic:0.7725
cinematography:0.7385
great ending:0.72375
slow paced:0.72325
intimate:0.7205
secrets:0.71375
drama:0.709
social commentary:0.707
suspenseful:0.7065
intense:0.70525
very interesting:0.704
good soundtrack:0.701
violence:0.69825
interesting:0.68
visual:0.6735
police investigation:0.67275
tense:0.67225
murder:0.66825
manipulation:0.664
grim:0.65925
story:0.64625
suspense:0.6455
surreal:0.642
cerebral:0.64
harsh:0.63875
pornography:0.6335
insanity:0.6305
violent:0.6295
slow:0.61725
character study:0.608
coming of age:0.599
visually stunning:0.598
golden palm:0.58875
brutality:0.58775
visceral:0.58175
tricky:0.57975
stunning:0.5765
ireland:0.57475
great cinematography:0.563
atmospheric:0.56075
adaptation:0.55575
redemption:0.55425
relationships:0.55175
clever:0.5505
criterion:0.549
irish:0.54825
culture clash:0.54075
ominous:0.53925
hitchcock:0.5385
talky:0.5375
dialogue:0.5365
sexualized violence:0.52825
great acting:0.52375
adapted from:book:0.5125
stylized:0.50775
whimsical:0.5055
allegory:0.498
moody:0.4975
fantasy world:0.49625
creepy:0.49
depressing:0.47675
twist:0.475
thriller:0.47275
black comedy:0.46925
nudity (full frontal - notable):0.4675
childhood:0.4625
nocturnal:0.461
stylish:0.4605
absurd:0.45925
guilt:0.4545
identity:0.45025
twists & turns:0.45
multiple storylines:0.44925
reflective:0.44925
mindfuck:0.44675
complex characters:0.4465
dark humor:0.4415
strange:0.438
plot:0.43425
male nudity:0.434
england:0.433
brutal:0.4235
catastrophe:0.42275
mentor:0.41925
