dog:0.9775
dogs:0.97675
alaska:0.87175
family:0.86725
cute!:0.85575
talking animals:0.81475
predictable:0.8035
cute:0.75475
adoption:0.75175
disney:0.71725
original:0.716
fun movie:0.65325
good:0.641
not as good as the first:0.64075
comedy:0.62675
children:0.622
father daughter relationship:0.622
so bad it's funny:0.61825
fun:0.6085
cuba:0.57125
racing:0.5665
silly:0.56425
animals:0.55175
slapstick:0.55025
natural disaster:0.5345
overrated:0.5235
happy ending:0.5235
kids and family:0.51725
silly fun:0.51025
crude humor:0.50525
mentor:0.5015
catastrophe:0.489
bad plot:0.472
kids:0.4485
great:0.44175
jungle:0.441
feel-good:0.4335
death:0.43325
tear jerker:0.40975
destiny:0.40675
adventure:0.4035
solitude:0.39575
feel good movie:0.3945
lone hero:0.382
great ending:0.3725
dialogue:0.37175
life philosophy:0.37075
unfunny:0.363
entertaining:0.3605
redemption:0.35875
chase:0.356
action:0.3445
absurd:0.34425
stereotypes:0.3425
story:0.339
very good:0.33275
girlie movie:0.3325
wilderness:0.33225
love story:0.33125
romance:0.32275
storytelling:0.3215
goofy:0.32125
first contact:0.3145
oscar winner:0.30775
remake:0.3075
fight scenes:0.30575
sports:0.3045
not funny:0.3025
fantasy:0.301
mad scientist:0.2965
animation:0.29575
brutality:0.2915
very funny:0.2885
bad acting:0.28725
adaptation:0.28525
nocturnal:0.285
special effects:0.28375
emotional:0.2835
inspirational:0.2815
computer animation:0.28125
runaway:0.28
boring:0.27575
quirky:0.27525
culture clash:0.2745
touching:0.273
writers:0.27275
melancholic:0.27075
pointless:0.267
multiple storylines:0.267
animal movie:0.26475
romantic:0.26325
teen movie:0.2625
disaster:0.25975
childhood:0.25625
pg-13:0.2545
entirely dialogue:0.25275
bad cgi:0.2475
race:0.241
romantic comedy:0.23975
pornography:0.237
