beautifully filmed:0.98375
visually appealing:0.98225
cinematography:0.975
meditative:0.971
visually stunning:0.90425
visual:0.887
scenic:0.8845
breathtaking:0.87625
beautiful:0.84325
great cinematography:0.83025
slow paced:0.8235
reflective:0.805
mentor:0.79875
melancholic:0.796
criterion:0.7655
story:0.76475
original:0.7515
foreign:0.7415
slow:0.74025
storytelling:0.736
secrets:0.72525
golden palm:0.71575
childhood:0.71275
coming of age:0.69525
loneliness:0.688
dialogue:0.68525
amazing photography:0.68275
runaway:0.6685
visuals:0.663
beautiful scenery:0.6555
colourful:0.64
stunning:0.63975
idealism:0.634
life & death:0.63275
imdb top 250:0.63
culture clash:0.628
social commentary:0.62625
enigmatic:0.623
oscar (best foreign language film):0.61875
stylized:0.61475
movielens top pick:0.614
masterpiece:0.60025
fairy tale:0.597
light:0.59225
artistic:0.59075
solitude:0.57925
great acting:0.5785
unlikely friendships:0.56725
cooking:0.56325
nature:0.561
good soundtrack:0.55475
friendship:0.553
family:0.5525
atmospheric:0.551
photography:0.55075
women:0.54975
amazing cinematography:0.547
art:0.54075
transformation:0.5385
coming-of-age:0.53725
allegory:0.53475
harsh:0.532
vengeance:0.532
narrated:0.53075
oscar (best actress):0.53
great ending:0.526
bittersweet:0.51925
suprisingly clever:0.5175
assassination:0.5165
adapted from:book:0.51625
relationships:0.516
art house:0.513
fantasy world:0.511
life:0.5045
death:0.49825
interesting:0.49425
stylish:0.49375
tragedy:0.493
talky:0.4885
melancholy:0.48775
music:0.485
silent:0.477
unusual plot structure:0.477
drama:0.47625
destiny:0.476
intense:0.47525
existentialism:0.475
love story:0.467
intimate:0.4605
oscar (best directing):0.4525
sexy:0.45175
sweet:0.4475
catastrophe:0.446
pg-13:0.446
dramatic:0.44325
downbeat:0.43825
plot:0.43725
forceful:0.43175
adaptation:0.4295
hospital:0.42725
