scifi:0.9345
1980s:0.93325
sci fi:0.92875
sci-fi:0.92675
teen movie:0.90925
special effects:0.88375
80s:0.88275
science fiction:0.8775
teen:0.84875
cool:0.8405
teens:0.82875
fun movie:0.82775
alien:0.812
future:0.8
cheesy:0.788
science:0.779
adventure:0.7585
good:0.739
high school:0.729
mutants:0.7145
police investigation:0.711
great:0.7095
silly fun:0.708
post apocalyptic:0.69675
original:0.69425
dialogue:0.66875
mentor:0.66275
great movie:0.6625
fun:0.6485
goofy:0.62325
dinosaurs:0.59975
big budget:0.593
nerds:0.58225
geek:0.57075
story:0.569
cult classic:0.568
space:0.565
great ending:0.557
good soundtrack:0.53275
destiny:0.52575
geeks:0.51925
teacher:0.5035
chase:0.4945
cars:0.49325
awesome soundtrack:0.49125
camp:0.484
time:0.475
fantasy world:0.472
predictable:0.46875
cult film:0.4685
aliens:0.4635
underrated:0.46175
childhood:0.4575
quotable:0.4565
comedy:0.44525
nostalgic:0.4445
catastrophe:0.43775
storytelling:0.43725
cult:0.4365
first contact:0.429
transformation:0.42475
post-apocalyptic:0.40575
vengeance:0.40075
great acting:0.39675
scifi cult:0.395
silly:0.393
feel-good:0.38175
kids:0.37975
redemption:0.37975
monster:0.37725
good versus evil:0.37575
fantasy:0.37375
pulp:0.37125
pg-13:0.36575
very good:0.365
quirky:0.36175
brutality:0.36125
time travel:0.36075
bullying:0.36
bad plot:0.358
high fantasy:0.35575
idiotic:0.34925
entirely dialogue:0.348
lone hero:0.34475
nudity (topless - notable):0.34025
great soundtrack:0.33925
light:0.3385
runaway:0.3375
not funny:0.33725
family:0.336
visual:0.33325
school:0.32225
corny:0.322
so bad it's funny:0.31825
weapons:0.30425
mad scientist:0.30175
natural disaster:0.30125
alternate reality:0.29975
complex:0.2945
friendship:0.2945
