space:0.99425
scifi:0.9935
science fiction:0.99075
space opera:0.9875
sci fi:0.9775
series:0.97075
sci-fi:0.97075
firefly:0.96925
aliens:0.9405
storytelling:0.92675
imdb top 250:0.91775
complex:0.89625
cerebral:0.89325
original:0.88725
great ending:0.87425
great acting:0.87425
sacrifice:0.86625
realistic:0.8595
suspense:0.8575
social commentary:0.855
future:0.85325
epic:0.84775
story:0.8465
futuristic:0.8425
visually appealing:0.83675
vengeance:0.83325
complicated:0.823
life & death:0.8145
interesting:0.814
technology:0.8125
dark:0.80875
mentor:0.806
drama:0.799
allegory:0.7905
great movie:0.77575
good acting:0.77325
philosophy:0.773
conspiracy:0.773
visually stunning:0.76975
dramatic:0.76925
moral ambiguity:0.7685
excellent script:0.76675
enigmatic:0.7645
special effects:0.76325
great:0.76025
mindfuck:0.76
dialogue:0.756
talky:0.75425
reflective:0.754
affectionate:0.7475
destiny:0.74125
relationships:0.73775
masterpiece:0.734
weapons:0.73275
first contact:0.73075
good:0.72975
pg-13:0.727
forceful:0.7185
intelligent:0.7165
complex characters:0.716
light:0.71525
war:0.7145
redemption:0.71275
grim:0.7095
good versus evil:0.70775
fantasy world:0.7035
powerful ending:0.6975
humanity:0.69475
philosophical:0.69375
secrets:0.69275
psychological:0.6915
adapted from:book:0.6905
fight scenes:0.69
plot twist:0.6875
made for tv:0.6845
politics:0.683
revenge:0.6805
awesome soundtrack:0.6805
violence:0.67875
weird:0.6775
bleak:0.6765
visual:0.67325
breathtaking:0.67225
franchise:0.6695
dark hero:0.66925
fast paced:0.66925
plot:0.66525
effects:0.66225
culture clash:0.6585
science:0.65825
tragedy:0.658
very interesting:0.657
oscar (best supporting actress):0.65625
mars:0.652
thought-provoking:0.6515
corruption:0.649
morality:0.64825
idealism:0.648
adaptation:0.6405
visceral:0.64
