fantasy world:0.9665
anime:0.9645
japan:0.9395
fantasy:0.93925
studio ghibli:0.939
imagination:0.92325
magic:0.8815
miyazaki:0.85725
animation:0.85625
fairy tale:0.8495
original:0.791
tokyo:0.7565
adventure:0.7485
japanese:0.708
childhood:0.701
alternate universe:0.70025
colourful:0.69825
weird:0.693
visually appealing:0.677
transformation:0.6745
storytelling:0.672
story:0.665
feel-good:0.6585
good soundtrack:0.6365
cute:0.63425
nocturnal:0.6245
firefly:0.61875
cute!:0.6135
sweet:0.6035
animated:0.601
creativity:0.56925
great:0.56675
friendship:0.54025
whimsical:0.529
dialogue:0.5285
feel good movie:0.527
fairy tales:0.5245
good:0.523
mentor:0.5175
love story:0.5135
brutality:0.51175
harsh:0.50825
coming of age:0.50675
suprisingly clever:0.506
great ending:0.499
children:0.4965
runaway:0.485
beautifully filmed:0.48175
unlikely friendships:0.47425
clever:0.4645
visually stunning:0.46175
light:0.4515
movielens top pick:0.43625
greed:0.415
underrated:0.4135
catastrophe:0.413
enigmatic:0.41175
beautiful:0.40075
oscar (best animated feature):0.4
animal movie:0.3985
plot:0.39725
quirky:0.39425
destiny:0.394
artistic:0.39275
life:0.3925
fun:0.392
melancholic:0.389
imdb top 250:0.3885
dreams:0.38825
dreamlike:0.38675
stylized:0.38625
based on book:0.38325
author:neil gaiman:0.3825
pg-13:0.37825
dark fantasy:0.37625
vengeance:0.373
heartwarming:0.37275
steampunk:0.3725
happy ending:0.372
maze:0.3715
coming-of-age:0.36975
allegory:0.369
loneliness:0.36825
adapted from:book:0.3655
great movie:0.363
aging:0.36225
social commentary:0.3615
secret service:0.35925
art:0.35675
nudity (full frontal - brief):0.35375
life philosophy:0.35125
too short:0.351
unusual plot structure:0.3435
atmospheric:0.342
very good:0.3405
adaptation:0.33825
police investigation:0.33825
earnest:0.33525
high fantasy:0.335
sexualized violence:0.3335
