melancholic:0.98625
criterion:0.9795
reflective:0.9585
beautifully filmed:0.9475
enigmatic:0.94625
amazing cinematography:0.942
surreal:0.9165
artistic:0.91575
melancholy:0.911
intimate:0.90875
meditative:0.9055
loneliness:0.903
cinematography:0.89525
intellectual:0.88475
music:0.88225
life & death:0.8685
visual:0.8555
storytelling:0.84575
poland:0.8435
metaphysics:0.8295
visually appealing:0.828
cerebral:0.8205
masterpiece:0.8185
existentialism:0.81775
lyrical:0.80125
dreamlike:0.79625
wistful:0.78675
pornography:0.76825
magic realism:0.745
beautiful:0.7415
stunning:0.73775
weird:0.7295
visually stunning:0.72275
art house:0.7165
golden palm:0.70475
original:0.702
trilogy:0.68525
artsy:0.67425
colourful:0.67275
complex:0.66825
allegory:0.6595
nudity (topless - notable):0.65825
talky:0.653
good soundtrack:0.64875
relationships:0.6455
art:0.6445
obsession:0.63225
strange:0.62475
breathtaking:0.6225
atmospheric:0.619
philosophical:0.61725
suprisingly clever:0.60525
dreams:0.59325
pretentious:0.579
creativity:0.5785
photography:0.57775
beautiful scenery:0.5775
poetry:0.56775
identity:0.56625
passionate:0.5475
non-linear:0.542
erotic:0.53775
scenic:0.53575
artist:0.532
hotel:0.529
dialogue:0.526
great acting:0.524
death:0.51975
surrealism:0.51775
mystery:0.51725
harsh:0.51525
social commentary:0.50525
runaway:0.50325
oscar (best foreign language film):0.5025
stylized:0.50125
quirky:0.5
sexy:0.496
women:0.48675
foreign:0.48525
culture clash:0.485
great ending:0.479
france:0.475
mentor:0.474
solitude:0.471
imdb top 250:0.47
entirely dialogue:0.46325
french:0.4625
whimsical:0.461
bittersweet:0.457
catastrophe:0.4565
nocturnal:0.45225
life philosophy:0.45225
self discovery:0.44325
childhood:0.44175
destiny:0.4405
great soundtrack:0.43675
unusual plot structure:0.435
nonlinear:0.4315
emotional:0.43125
great cinematography:0.422
