video game adaptation:0.99875
video game:0.967
weapons:0.9525
zombie:0.9495
zombies:0.9385
videogame:0.91125
action:0.9045
fast paced:0.85825
good action:0.854
virus:0.8525
franchise:0.8165
monster:0.79125
video games:0.788
cgi:0.78175
based on a video game:0.75
action packed:0.71875
original:0.71825
animation:0.6875
fight scenes:0.6815
survival:0.68075
apocalypse:0.63775
computer game:0.6195
so bad it's funny:0.609
3d:0.60375
horror:0.596
pg-13:0.58225
transformation:0.57125
dialogue:0.56925
cool:0.557
redemption:0.52375
political corruption:0.511
brutality:0.5095
adapted from:game:0.5085
cyborgs:0.505
mutants:0.50475
low budget:0.49975
cult classic:0.476
computer animation:0.467
talky:0.46525
80s:0.46525
good:0.464
life philosophy:0.4595
bad cgi:0.45225
good versus evil:0.44475
splatter:0.4395
catastrophe:0.43375
humor:0.42675
monsters:0.423
russian:0.4215
goretastic:0.41675
fighting:0.4105
not funny:0.40925
good soundtrack:0.40875
storytelling:0.40775
post-apocalyptic:0.40225
intense:0.40025
great:0.39025
predictable:0.387
special effects:0.386
sarcasm:0.3855
scary:0.385
graphic novel:0.38475
nocturnal:0.38125
mentor:0.3795
president:0.37775
homeless:0.3765
chase:0.36875
story:0.35625
awesome soundtrack:0.35525
entertaining:0.35125
bad plot:0.3505
technology:0.34975
nudity (full frontal - brief):0.34475
solitude:0.343
crime gone awry:0.34075
existentialism:0.34025
wilderness:0.33975
allegory:0.3355
gore:0.3345
clones:0.33175
oscar (best effects - visual effects):0.3305
demons:0.33025
camp:0.32875
life & death:0.326
first contact:0.32325
loneliness:0.322
betrayal:0.32125
civil war:0.31975
effects:0.3195
shallow:0.3185
bloody:0.31825
lone hero:0.3165
supernatural:0.31325
unfunny:0.2985
werewolf:0.2945
prejudice:0.2945
cult film:0.29425
george orwell:0.289
realistic action:0.2875
mad scientist:0.28275
