adapted from:book:0.98075
based on a book:0.96775
betrayal:0.96525
swashbuckler:0.9595
revenge:0.945
based on book:0.94325
story:0.93875
adventure:0.9305
mentor:0.92675
literature:0.92275
vengeance:0.89675
sword fight:0.89325
great movie:0.8515
books:0.8505
excellent:0.84775
action:0.84675
good:0.8295
book was better:0.8285
original plot:0.8115
prison escape:0.807
book:0.806
prison:0.80375
sword fighting:0.79
adaptation:0.789
amazing cinematography:0.7855
beautiful scenery:0.77
visually appealing:0.757
great:0.7495
pg-13:0.74575
good action:0.72625
costume drama:0.71175
drama:0.71
dialogue:0.708
big budget:0.7045
18th century:0.7035
original:0.692
happy ending:0.681
justice:0.67475
period piece:0.6695
conspiracy:0.66475
fight scenes:0.64825
plot:0.639
fantasy world:0.636
secrets:0.63475
transformation:0.63
catastrophe:0.61025
destiny:0.60875
good acting:0.60625
fun movie:0.60525
better than expected:0.604
chase:0.59975
storytelling:0.59475
visually stunning:0.58675
runaway:0.577
fast paced:0.5725
redemption:0.56425
interesting:0.56325
literary adaptation:0.5625
great acting:0.5555
entertaining:0.55375
action packed:0.526
great ending:0.522
love story:0.518
treasure:0.508
romance:0.50775
remake:0.5055
good story:0.4995
intense:0.49625
twists & turns:0.4935
script:0.48075
very good:0.48025
visual:0.479
childhood:0.47575
greed:0.474
spying:0.4735
corruption:0.4725
cool:0.471
fantasy:0.469
suspense:0.46175
good soundtrack:0.4585
culture clash:0.449
dynamic cgi action:0.44425
survival:0.442
distopia:0.43625
island:0.43575
exciting:0.43225
historical:0.427
scenic:0.42575
dramatic:0.4235
lone hero:0.414
earnest:0.4115
god:0.40975
torture:0.40525
special effects:0.39525
imagination:0.395
sacrifice:0.392
mythology:0.391
cinematography:0.391
apocalypse:0.386
thriller:0.384
