coming of age:0.98325
1930s:0.9535
criterion:0.91
depression:0.888
adolescence:0.88725
childhood:0.881
affectionate:0.87
mentor:0.86475
coming-of-age:0.86
period piece:0.831
drama:0.82575
bittersweet:0.80625
narrated:0.7975
poignant:0.789
original:0.78275
great:0.7755
great movie:0.76075
cinematography:0.758
storytelling:0.74575
great acting:0.7445
runaway:0.74375
good soundtrack:0.73375
beautifully filmed:0.70975
school:0.68525
great ending:0.685
indie:0.67975
talky:0.672
social commentary:0.672
dramatic:0.6675
imdb top 250:0.66425
hotel:0.661
imagination:0.64975
harsh:0.64625
pornography:0.638
redemption:0.6365
underrated:0.63475
oscar (best directing):0.6305
boarding school:0.6235
depressing:0.622
oscar (best actress):0.61325
survival:0.613
adapted from:book:0.60175
culture clash:0.59725
golden palm:0.596
story:0.5815
bullying:0.58075
solitude:0.57675
good:0.5695
parenthood:0.554
gunfight:0.5535
earnest:0.54725
sentimental:0.54025
gangsters:0.53775
bleak:0.5365
nostalgic:0.53375
realistic:0.53175
cynical:0.5315
melancholic:0.53
good acting:0.5265
excellent:0.52425
tragedy:0.52325
courage:0.52
suprisingly clever:0.519
heartbreaking:0.51375
unusual plot structure:0.50675
light:0.5025
photography:0.49175
downbeat:0.49025
obsession:0.4885
fantasy world:0.48825
crime gone awry:0.4875
touching:0.48575
poverty:0.4845
forceful:0.4845
visually appealing:0.484
children:0.48375
teacher:0.48025
adaptation:0.47975
dark:0.479
greed:0.47525
creativity:0.4745
secrets:0.47425
gangster:0.474
gritty:0.47075
dialogue:0.4665
atmospheric:0.46275
loneliness:0.46
grindhouse:0.457
heartwarming:0.45375
oscar (best supporting actress):0.45325
fun movie:0.451
feel-good:0.451
idealism:0.4465
special:0.446
visually stunning:0.444
kids:0.443
reflective:0.43925
quirky:0.4355
twists & turns:0.43225
allegory:0.4295
