ghosts:0.9865
supernatural:0.98625
comedy:0.9815
quotable:0.96025
classic:0.95325
special effects:0.9455
1980s:0.91175
saturday night live:0.90175
great movie:0.885
fun movie:0.87125
original:0.858
funny:0.85075
sci-fi:0.84725
great:0.84125
hilarious:0.834
action:0.83225
chase:0.82675
fantasy:0.821
imdb top 250:0.8175
silly fun:0.797
visual:0.7955
childhood:0.78475
good:0.78225
new york city:0.78225
dialogue:0.778
80s:0.7775
humorous:0.77625
mentor:0.75525
cult classic:0.74725
effects:0.7465
science fiction:0.746
cool:0.746
goofy:0.7435
clever:0.742
original plot:0.7415
great ending:0.735
great soundtrack:0.73325
fun:0.73275
highly quotable:0.73125
sci fi:0.728
feel-good:0.7225
very funny:0.71
scifi:0.69075
funniest movies:0.69
oscar winner:0.67625
story:0.673
witty:0.6715
light:0.66925
technology:0.6645
excellent:0.65625
monsters:0.6535
good action:0.6515
stop motion:0.6435
big budget:0.6305
pg-13:0.6225
feel good movie:0.615
mythology:0.6145
great acting:0.61425
suspense:0.6135
humor:0.6085
fast paced:0.604
storytelling:0.5915
nostalgic:0.587
imagination:0.58575
computer animation:0.585
adventure:0.57875
new york:0.5775
entertaining:0.57125
good soundtrack:0.5685
very good:0.5675
frightening:0.5605
underrated:0.55925
pg:0.55875
future:0.55725
afi 100 (laughs):0.54925
monster:0.544
saturn award (best special effects):0.544
fantasy world:0.54275
intense:0.542
futuristic:0.53575
time:0.5355
sarcasm:0.5335
transformation:0.53025
series:0.5295
oscar (best effects - visual effects):0.52775
suprisingly clever:0.52225
ghosts/afterlife:0.51375
scary:0.511
70mm:0.5085
weapons:0.49975
demons:0.4965
catastrophe:0.49525
ensemble cast:0.4945
parody:0.49275
awesome soundtrack:0.49225
excellent script:0.4905
interesting:0.4895
franchise:0.48575
suspenseful:0.48525
alien:0.48375
