girlie movie:0.98925
chick flick:0.96775
cute:0.78875
teen movie:0.711
pg-13:0.67
original:0.65675
predictable:0.6475
romantic comedy:0.6255
friendship:0.625
touching:0.5985
feel-good:0.59425
cute!:0.5925
better than expected:0.57575
unlikely friendships:0.55875
comedy:0.5485
sweet:0.53625
good soundtrack:0.535
coming of age:0.534
emotional:0.52925
feel good movie:0.528
mentor:0.518
so bad it's funny:0.496
childhood:0.485
teen:0.47525
workplace:0.4695
happy ending:0.465
story:0.45725
women:0.43475
great ending:0.4305
catastrophe:0.42975
runaway:0.428
death:0.426
horrible:0.418
tear jerker:0.4075
bittersweet:0.4005
romantic:0.394
fun movie:0.39225
unfunny:0.3885
good:0.38175
great:0.378
fun:0.37325
single father:0.37125
coming-of-age:0.36675
sad:0.366
drama:0.36425
redemption:0.35975
sexy:0.35825
dialogue:0.35475
stereotypes:0.3455
family:0.34
life philosophy:0.33025
destiny:0.3225
silly:0.315
heartwarming:0.313
not funny:0.30975
pointless:0.307
bad plot:0.3045
storytelling:0.30375
whimsical:0.30325
first contact:0.30275
funny:0.293
harsh:0.2915
sappy:0.28775
sad but good:0.2875
teens:0.2875
dramatic:0.283
shopping:0.28225
stupid as hell:0.2785
brutality:0.278
very funny:0.276
bad ending:0.274
pornography:0.27325
children:0.27175
inspirational:0.26925
high school:0.269
love story:0.2665
honest:0.2665
adaptation:0.2645
fantasy world:0.264
overrated:0.26375
life & death:0.25825
transformation:0.25575
lone hero:0.25375
police investigation:0.25175
culture clash:0.25125
shallow:0.24925
suprisingly clever:0.248
bullying:0.2455
light:0.2425
romance:0.24175
slapstick:0.2395
awful:0.238
melancholic:0.2355
new jersey:0.23525
simple:0.23525
dumb:0.2325
idiotic:0.231
entirely dialogue:0.229
hip hop:0.229
guilty pleasure:0.22375
