remake:0.98275
original:0.93725
intense:0.9365
twists & turns:0.9215
justice:0.8905
surprise ending:0.88525
investigation:0.88475
twist ending:0.882
twist:0.872
sexualized violence:0.8655
murder mystery:0.832
interesting:0.816
suspense:0.8015
complex:0.8005
guilt:0.79175
serial killer:0.7845
complicated:0.76775
detective:0.76425
clever:0.76425
thriller:0.76225
crime:0.7495
complicated plot:0.7465
revenge:0.74375
adaptation:0.737
good:0.72375
amazing photography:0.72
death:0.7195
vigilante:0.70725
los angeles:0.7005
secrets:0.6885
obsession:0.68675
oscar winner:0.67425
dynamic cgi action:0.67175
corruption:0.66875
storytelling:0.6645
pornography:0.6515
great movie:0.64875
suspenseful:0.64775
great ending:0.641
plot twist:0.64075
oscar (best actress):0.639
greed:0.63775
story:0.63725
psychological:0.63625
mystery:0.63
betrayal:0.62475
vigilantism:0.6195
lawyers:0.61825
pg-13:0.6085
internet:0.608
oscar:0.605
police investigation:0.605
bad ending:0.5995
transformation:0.57675
drama:0.57475
surveillance:0.572
family:0.56875
murder:0.56625
mindfuck:0.564
plot holes:0.56025
political corruption:0.55675
oscar (best foreign language film):0.55575
plot:0.54825
moral ambiguity:0.538
catastrophe:0.53625
nudity (full frontal - brief):0.53025
passionate:0.53
dialogue:0.52825
love story:0.5205
flashbacks:0.51425
great:0.507
police corruption:0.47875
argentina:0.478
suprisingly clever:0.4695
identity:0.467
confusing:0.45825
predictable:0.4525
underrated:0.4485
entertaining:0.446
heartbreaking:0.44325
enormously long battle scene:0.44325
brutal:0.443
good acting:0.44175
mentor:0.43875
good soundtrack:0.438
manipulation:0.4365
sexy:0.435
foreign:0.43225
brutality:0.42975
redemption:0.429
kidnapping:0.42575
destiny:0.4235
vengeance:0.4205
not funny:0.41875
cinematography:0.4095
alternate endings:0.408
great acting:0.40425
original plot:0.3985
fbi:0.39375
effects:0.39325
