francis ford copolla:0.98325
70mm:0.98
musical:0.97225
fairy tale:0.9615
music:0.94275
magic:0.92975
dance:0.91775
good music:0.91025
dancing:0.909
broadway:0.88625
whimsical:0.8725
fantasy:0.854
lyrical:0.84525
great music:0.81
family:0.795
original:0.79375
irish accent:0.78825
sentimental:0.75375
fantasy world:0.73625
destiny:0.70725
great:0.7055
racism:0.70225
mentor:0.6875
oscar (best supporting actress):0.66975
runaway:0.65675
adapted from:book:0.6305
irish:0.6215
fairy tales:0.61575
comedy:0.61
story:0.59325
girlie movie:0.587
big budget:0.57525
awesome soundtrack:0.57475
high fantasy:0.573
love:0.566
great movie:0.564
romantic:0.53625
colourful:0.529
women:0.5155
good:0.5145
storytelling:0.51375
adaptation:0.51175
good soundtrack:0.511
greed:0.50775
based on a play:0.5045
oscar (best directing):0.50425
stereotypes:0.492
redemption:0.48825
visually stunning:0.4865
oscar (best actress):0.4735
satirical:0.469
costume drama:0.463
childhood:0.4625
dialogue:0.45825
very funny:0.45475
light:0.4545
love story:0.4505
catastrophe:0.45
satire:0.44925
predictable:0.4485
fun movie:0.4475
based on book:0.44725
fun:0.437
melancholic:0.43625
pg-13:0.435
nostalgic:0.433
utopia:0.41225
children:0.409
sweet:0.40825
musicians:0.402
great ending:0.4
happy ending:0.3995
corruption:0.3985
based on a book:0.398
books:0.39475
quirky:0.39225
single father:0.39025
culture clash:0.38775
entertaining:0.385
romantic comedy:0.37975
dramatic:0.37925
brothers:0.3775
medieval:0.3745
oscar (best music - original song):0.372
talky:0.37125
heartwarming:0.36975
gangsters:0.36825
bittersweet:0.36625
fight scenes:0.3645
great soundtrack:0.36175
first contact:0.359
notable soundtrack:0.35125
immortality:0.3385
prejudice:0.33775
beautifully filmed:0.33675
clever:0.335
hip hop:0.3335
mozart:0.333
coming of age:0.33225
oscar winner:0.33075
