horror:0.90325
action:0.87125
vengeance:0.82425
mad scientist:0.81275
fight scenes:0.8115
fighting:0.79725
doctors:0.7565
hospital:0.75225
brutality:0.74925
original:0.746
sci fi:0.7425
suspenseful:0.736
sci-fi:0.734
martial arts:0.72025
predictable:0.7195
good action:0.713
monster:0.70125
science fiction:0.6915
scifi:0.69025
franchise:0.6755
script:0.645
suspense:0.6415
dialogue:0.635
bloody:0.6165
monsters:0.616
supernatural:0.61025
genetics:0.60775
story:0.58925
slasher:0.581
splatter:0.56975
action packed:0.566
kung fu:0.549
great ending:0.547
scary:0.5335
violence:0.523
intense:0.52
80s:0.51425
weapons:0.50925
chase:0.505
halloween:0.49525
murder:0.4915
bad plot:0.48275
music:0.48025
cult film:0.4555
campy:0.45425
buddy movie:0.454
plot holes:0.45
mentor:0.4485
fast paced:0.4475
special effects:0.4375
cool:0.43325
violent:0.42875
goretastic:0.416
bad cgi:0.4145
catastrophe:0.40625
survival:0.40625
pulp:0.39975
first contact:0.3915
justice:0.391
romance:0.39025
adapted from:comic:0.38275
entertaining:0.38175
betrayal:0.38075
gory:0.379
creepy:0.37875
life philosophy:0.37825
zombie:0.374
overrated:0.373
revenge:0.367
disaster:0.35725
adaptation:0.34925
ominous:0.349
entirely dialogue:0.3455
good soundtrack:0.33875
hitman:0.33325
death:0.332
classic car:0.331
lone hero:0.32675
fun movie:0.32625
not funny:0.32425
fun:0.324
family:0.32125
snakes:0.321
motorcycle:0.3195
great:0.31775
redemption:0.31575
spiders:0.31475
insanity:0.313
camp:0.309
reality tv:0.3065
pointless:0.3055
imdb top 250:0.3055
bad acting:0.30475
greed:0.304
visually appealing:0.3035
silly:0.30275
brutal:0.30225
nudity (full frontal - brief):0.3015
exciting:0.2985
science:0.29825
