series:0.94925
based on a tv show:0.9345
sci fi:0.88175
animation:0.84625
original:0.8365
firefly:0.788
complex:0.77575
great ending:0.76725
time travel:0.7595
sarcasm:0.75025
clever:0.6915
storytelling:0.6875
franchise:0.677
future:0.6755
space:0.67425
parody:0.65675
great:0.64775
funny:0.61525
humorous:0.60375
twists & turns:0.59775
great movie:0.5935
complicated plot:0.5935
plot:0.59275
first contact:0.59175
dialogue:0.58925
made for tv:0.5865
vengeance:0.58175
very funny:0.57525
scifi:0.56825
highly quotable:0.56725
story:0.5665
writers:0.5625
secrets:0.559
good soundtrack:0.54675
humor:0.54325
reality tv:0.5395
aliens:0.529
futuristic:0.5275
suprisingly clever:0.5175
destiny:0.51375
dark hero:0.50725
comedy:0.50125
visual:0.50025
hilarious:0.49825
unusual plot structure:0.49675
cerebral:0.4875
quotable:0.474
social commentary:0.47375
creativity:0.47225
talky:0.472
witty:0.4715
affectionate:0.46525
catastrophe:0.45875
weapons:0.456
plot twist:0.456
crude humor:0.4545
imdb top 250:0.4455
enigmatic:0.43875
sci-fi:0.43875
weird:0.43625
artistic:0.4345
pornography:0.43075
brutality:0.42675
disappointing:0.425
splatter:0.42125
science fiction:0.421
satire:0.4195
transformation:0.4195
alter ego:0.41725
obsession:0.40975
twist ending:0.40875
redemption:0.408
violence:0.40725
satirical:0.40675
betrayal:0.4055
interesting:0.39775
stylized:0.39775
mentor:0.3925
unfunny:0.38975
nostalgic:0.38525
life philosophy:0.385
entirely dialogue:0.384
chase:0.38325
good:0.38225
complicated:0.382
sexualized violence:0.37975
visually appealing:0.37925
cartoon:0.3785
fight scenes:0.3785
visually stunning:0.378
intense:0.37625
doctors:0.372
melancholic:0.3715
revenge:0.3705
harsh:0.36375
good sequel:0.36275
reflective:0.3625
honest:0.35875
giant robots:0.3545
awesome soundtrack:0.3535
