dog:0.998
dogs:0.9625
kids:0.894
family:0.8875
talking animals:0.8835
children:0.8815
cute!:0.821
camp:0.8175
cute:0.785
kids and family:0.77075
original:0.711
computer animation:0.68225
fun movie:0.659
chase:0.6355
animals:0.6275
underdog:0.5445
love story:0.5165
mentor:0.5045
fun:0.5035
predictable:0.4985
sweet:0.49175
nostalgic:0.478
kidnapping:0.47725
disney:0.47425
romantic:0.47075
natural disaster:0.469
romance:0.462
story:0.46125
great ending:0.4505
catastrophe:0.445
so bad it's funny:0.4235
silly fun:0.4195
dialogue:0.41425
destiny:0.41325
not funny:0.39525
animal movie:0.391
love:0.38725
intense:0.38525
police investigation:0.3835
good:0.37625
happy ending:0.369
big budget:0.35975
sappy:0.35625
heartwarming:0.35625
life philosophy:0.34575
brutality:0.3385
shallow:0.337
great:0.33525
childhood:0.3345
silly:0.33325
culture clash:0.32525
runaway:0.32375
unlikely friendships:0.32325
island:0.318
special effects:0.3175
first contact:0.3155
storytelling:0.3155
doctors:0.3125
drinking:0.30425
bad plot:0.30375
entertaining:0.3035
sentimental:0.30125
adaptation:0.2975
friendship:0.2975
action:0.297
cartoon:0.29375
fantasy world:0.286
overrated:0.27925
lions:0.27375
greed:0.27075
based on book:0.27075
based on a book:0.27075
writers:0.26925
pornography:0.26775
feel-good:0.267
unfunny:0.26075
adapted from:book:0.259
melancholic:0.25875
alternate history:0.25825
very funny:0.2515
whimsical:0.2515
good soundtrack:0.25025
disaster:0.25
redemption:0.24775
light:0.24675
goofy:0.2445
betrayal:0.244
dramatic:0.24
clever:0.24
classic:0.23975
adventure:0.23875
lone hero:0.23825
beautiful scenery:0.2375
oscar (best directing):0.237
entirely dialogue:0.23675
inspirational:0.23425
suspense:0.23425
fight scenes:0.23425
unusual plot structure:0.23325
loneliness:0.233
