sarcasm:0.78225
original:0.77075
off-beat comedy:0.7575
funny:0.733
social commentary:0.68025
comedy:0.657
satirical:0.631
allegory:0.59875
low budget:0.59825
cult film:0.5685
mockumentary:0.53225
so bad it's funny:0.52225
very funny:0.51775
pornography:0.497
humorous:0.4875
satire:0.48425
loneliness:0.476
crime gone awry:0.46925
great ending:0.4675
cult classic:0.4645
melancholic:0.46375
mentor:0.461
relationships:0.45725
foul language:0.457
weird:0.45175
writers:0.45175
harsh:0.445
visually appealing:0.44275
life philosophy:0.43675
indie:0.4285
absurd:0.424
existentialism:0.42375
adultery:0.423
catastrophe:0.4225
fight scenes:0.4195
cerebral:0.4155
drinking:0.41475
stereotypes:0.41175
honest:0.4115
bullying:0.4115
complex:0.40975
fantasy world:0.40825
idiotic:0.40125
dialogue:0.401
road movie:0.39025
goofy:0.3825
parallel universe:0.374
culture clash:0.37375
redemption:0.37325
character study:0.367
martial arts:0.36625
cinematography:0.36625
anti-hero:0.366
brutality:0.363
criterion:0.35825
good soundtrack:0.35575
quotable:0.3555
shallow:0.34125
feel-good:0.34125
hilarious:0.3365
enigmatic:0.32575
suprisingly clever:0.32475
quirky:0.32275
obsession:0.32125
stoner movie:0.315
good:0.3125
unusual plot structure:0.303
crude humor:0.3025
destiny:0.3025
nudity (full frontal - brief):0.30025
independent film:0.29975
stand-up comedy:0.29925
teacher:0.296
adaptation:0.29375
talky:0.28925
runaway:0.28875
1970s:0.28475
childhood:0.282
distopia:0.27575
life:0.2755
storytelling:0.275
lone hero:0.2735
first contact:0.27
drama:0.26975
great:0.2685
death:0.268
entirely dialogue:0.26725
slapstick:0.26625
great acting:0.26625
suicide attempt:0.2635
stylized:0.262
feel good movie:0.26125
story:0.26075
overrated:0.26025
gangsters:0.259
solitude:0.25875
sacrifice:0.2575
unlikeable characters:0.25575
writing:0.25375
hotel:0.2515
