80s:0.91225
mentor:0.88775
nostalgic:0.871
1980s:0.792
original:0.74775
teen movie:0.736
redemption:0.71725
camp:0.681
teen:0.68
teens:0.66725
cheesy:0.641
fantasy:0.6335
feel-good:0.6235
predictable:0.6075
cool:0.58875
cult film:0.5605
so bad it's funny:0.557
dialogue:0.554
gangs:0.524
feel good movie:0.49275
life philosophy:0.48875
disaster:0.483
cult classic:0.48225
great ending:0.482
death:0.47725
fun movie:0.4605
wilderness:0.45675
weapons:0.44625
good soundtrack:0.439
good:0.431
action:0.42925
splatter:0.42275
fun:0.4175
kids:0.4125
brutality:0.4085
bad plot:0.39125
nostalgia:0.38525
great:0.38
fight scenes:0.372
action packed:0.36975
awesome soundtrack:0.3675
not funny:0.3675
adaptation:0.35925
lone hero:0.35925
overrated:0.35875
catastrophe:0.34825
good music:0.34775
entirely dialogue:0.3475
cute!:0.33925
grindhouse:0.335
geek:0.335
storytelling:0.32825
vengeance:0.32725
bullying:0.32425
fantasy world:0.32375
school:0.32125
pg-13:0.32025
campy:0.31225
runaway:0.3105
low budget:0.309
gangsters:0.308
video game:0.3075
zombie:0.30725
stylish:0.29975
good action:0.293
destiny:0.2905
computer game:0.289
shallow:0.288
first contact:0.2875
survival:0.28625
happy ending:0.2855
funny as hell:0.28525
directorial debut:0.28125
silly fun:0.28075
pulp:0.279
story:0.27875
surfing:0.27775
sci fi:0.27675
family:0.27525
revenge:0.2745
geeks:0.274
justice:0.2735
chase:0.269
nerds:0.26775
ninja:0.2675
twists & turns:0.26375
silly:0.261
nudity (full frontal - notable):0.26075
natural disaster:0.2605
underdog:0.25725
stylized:0.25575
demons:0.2555
computer animation:0.2555
good dialogue:0.25425
cinematography:0.25175
childhood:0.2515
adapted from:book:0.251
new jersey:0.24975
existentialism:0.24825
high fantasy:0.24825
