action:0.97675
good action:0.95275
love story:0.921
action packed:0.90775
assassination:0.9015
weapons:0.8775
chase:0.85125
espionage:0.8465
big budget:0.84575
fast paced:0.8355
original:0.79875
intense:0.7855
drama:0.78275
assassin:0.776
gunfight:0.758
explosions:0.74925
secrets:0.74875
romantic:0.7315
spy:0.723
pg-13:0.72175
fight scenes:0.7195
family:0.69025
tense:0.68375
romance:0.67575
amazing cinematography:0.673
violence:0.658
story:0.65175
good:0.64625
guns:0.64375
car chase:0.63575
foreign:0.622
dialogue:0.6125
lone hero:0.6125
relationships:0.61225
violent:0.59875
complex:0.58125
twists & turns:0.57925
adapted from:book:0.57775
assassins:0.577
great ending:0.57275
thriller:0.5675
special effects:0.5635
predictable:0.562
brutality:0.559
suspense:0.55125
cool:0.54875
bombs:0.548
plot holes:0.53775
arms dealer:0.5375
fantasy world:0.5125
plot twist:0.5105
betrayal:0.51025
storytelling:0.49825
spies:0.4965
entertaining:0.48625
criterion:0.4855
sexy:0.48075
beautiful scenery:0.47075
exciting:0.4695
good acting:0.45925
catastrophe:0.45625
spying:0.448
torture:0.44525
runaway:0.43825
mentor:0.43575
happy ending:0.4325
plot:0.4245
stylized:0.42375
family drama:0.422
realistic:0.42125
emotional:0.41875
murder:0.417
fighting:0.4135
great:0.41275
visually appealing:0.41225
based on a book:0.41175
shallow:0.40925
forceful:0.40825
realistic action:0.4075
adventure:0.4075
interesting:0.40275
fish:0.39925
very interesting:0.3955
male nudity:0.3945
war:0.394
dumb but funny:0.393
enigmatic:0.39275
love:0.392
visual:0.391
visceral:0.39075
grindhouse:0.39025
fun movie:0.3885
vengeance:0.38725
heartbreaking:0.384
not funny:0.3835
melancholic:0.37775
cinematography:0.377
excellent:0.3695
sacrifice:0.368
books:0.368
