fake documentary:0.9265
funny:0.8625
comedy:0.847
fun movie:0.8295
mockumentary:0.72625
absurd:0.6945
original:0.67
so bad it's funny:0.658
humorous:0.6225
pornography:0.6135
hilarious:0.5875
great ending:0.56725
satire:0.54975
competition:0.546
hotel:0.53625
los angeles:0.5005
fun:0.5
very funny:0.494
beauty pageant:0.487
silly:0.47825
happy ending:0.47275
gay:0.4505
light:0.447
feel-good:0.44475
good soundtrack:0.43725
mentor:0.43125
clever:0.425
adaptation:0.41725
catastrophe:0.414
weird:0.40875
great:0.40525
scotland:0.3935
underrated:0.393
storytelling:0.39
campy:0.3845
nudity (full frontal - brief):0.38
predictable:0.37825
satirical:0.36975
stereotypes:0.369
culture clash:0.36725
entertaining:0.3665
criterion:0.3625
witty:0.35475
silly fun:0.351
feel good movie:0.34975
narrated:0.3475
melancholic:0.3385
queer:0.33025
life philosophy:0.3245
off-beat comedy:0.3235
quirky:0.316
british:0.31525
male nudity:0.30475
farce:0.30075
very interesting:0.29725
deadpan:0.297
unfunny:0.29375
dialogue:0.28975
california:0.2895
story:0.28775
brutality:0.285
creativity:0.28375
documentary:0.28025
justice:0.279
british comedy:0.27875
passionate:0.2785
obsession:0.27425
police investigation:0.274
fantasy world:0.27325
bizarre:0.26825
childhood:0.2675
social commentary:0.26675
adapted from:book:0.264
not funny:0.263
oscar (best actress):0.2625
screwball:0.2625
overrated:0.26
identity:0.25675
family:0.25575
brainwashing:0.25525
pg-13:0.2545
bad plot:0.25275
reality tv:0.25175
based on a play:0.25075
runaway:0.24775
affectionate:0.24675
good:0.24325
oscar (best supporting actress):0.241
first contact:0.23925
crime gone awry:0.23875
sweet:0.238
women:0.23425
dreams:0.23425
revenge:0.23075
olympics:0.2275
twists & turns:0.2275
writers:0.2265
vengeance:0.226
spoof:0.22525
cult film:0.2225
