nazis:0.883
space program:0.88175
nazi:0.746
thriller:0.715
espionage:0.68175
original:0.66625
romance:0.651
love story:0.63725
hitchcock:0.59875
jews:0.577
happy ending:0.576
nostalgic:0.5475
suspenseful:0.535
intense:0.5235
mentor:0.51525
surveillance:0.50475
world war ii:0.5025
girlie movie:0.5015
catastrophe:0.49475
sexy:0.48475
pg-13:0.46975
fantasy:0.4665
secrets:0.464
predictable:0.45825
brutality:0.45075
romantic:0.4355
first contact:0.42625
period piece:0.4165
identity:0.40375
runaway:0.401
beautiful scenery:0.4005
grindhouse:0.397
dialogue:0.39075
great ending:0.3785
sexualized violence:0.36525
great:0.35825
life philosophy:0.35825
moral ambiguity:0.35725
president:0.345
internet:0.34425
factual:0.3425
story:0.33625
women:0.3325
good:0.3275
drama:0.327
not funny:0.3265
fun movie:0.31225
scenic:0.31025
storytelling:0.302
suprisingly clever:0.299
justice:0.2975
adaptation:0.2915
chase:0.28875
lone hero:0.28775
great acting:0.27925
fight scenes:0.27775
simple:0.27725
weapons:0.2735
culture clash:0.27275
idealism:0.2725
fighting:0.27225
destiny:0.27225
germany:0.2705
twists & turns:0.267
good soundtrack:0.26475
fantasy world:0.26125
torture:0.258
overrated:0.256
excellent:0.2545
so bad it's funny:0.251
new york:0.24975
manipulation:0.2485
excellent script:0.24725
death:0.24675
good action:0.246
special effects:0.24525
suspense:0.245
complex:0.24125
politics:0.24
nudity (full frontal - brief):0.237
hunting:0.23675
unlikely friendships:0.23275
redemption:0.2305
entirely dialogue:0.23025
very funny:0.23025
unfunny:0.22975
original plot:0.2285
vengeance:0.228
police investigation:0.228
jewish:0.22775
goretastic:0.227
bullying:0.227
oscar (best effects - visual effects):0.2265
slapstick:0.22575
criterion:0.2255
betrayal:0.225
light:0.225
courage:0.22425
feel-good:0.223
chick flick:0.2195
