adolescence:0.98975
sisters:0.968
sophia coppola:0.9655
narrated:0.96175
good soundtrack:0.9555
coming of age:0.9475
suicide:0.94725
based on a book:0.93925
suburbia:0.92075
melancholic:0.917
innocence lost:0.91525
visually appealing:0.90925
stylized:0.87475
original:0.87325
enigmatic:0.8545
obsession:0.84875
dreamlike:0.84425
melancholy:0.844
cinematography:0.82425
teenagers:0.824
teen:0.81975
beautiful:0.80575
depression:0.79925
teenager:0.796
stylish:0.794
teen movie:0.79275
adaptation:0.78925
storytelling:0.787
great ending:0.781
coming-of-age:0.7795
based on book:0.77275
reflective:0.769
beautifully filmed:0.76625
directorial debut:0.76275
bad ending:0.75625
childhood:0.7485
great soundtrack:0.73725
adapted from:book:0.733
pornography:0.723
intimate:0.7205
high school:0.716
runaway:0.71525
weird:0.712
amazing cinematography:0.69875
poignant:0.69375
virginity:0.6875
bittersweet:0.684
awesome soundtrack:0.6765
death:0.676
psychology:0.66875
visually stunning:0.668
social commentary:0.6645
1970s:0.66
atmospheric:0.639
very interesting:0.63775
sad:0.63225
rebellion:0.62975
life & death:0.626
tragedy:0.62575
interesting:0.61975
dysfunctional family:0.607
emotional:0.5995
teens:0.599
vengeance:0.598
disturbing:0.595
story:0.594
brutality:0.59375
depressing:0.5935
parenthood:0.59275
secrets:0.58975
dark:0.587
psychological:0.585
complex:0.58025
golden palm:0.576
good music:0.57
harsh:0.56925
stunning:0.5635
dark humor:0.5615
surreal:0.5605
great acting:0.55225
pg-13:0.54175
independent film:0.536
talky:0.533
thought-provoking:0.52875
fantasy world:0.5265
drama:0.5265
dreams:0.52475
criterion:0.521
mentor:0.52025
school:0.519
unlikely friendships:0.5155
loneliness:0.515
artistic:0.51175
guilt:0.509
life:0.50575
nostalgic:0.50425
sexy:0.50325
friendship:0.50025
visual:0.49975
destiny:0.49325
