aids:0.98325
gay:0.927
relationships:0.9075
touching:0.825
homosexuality:0.815
heartbreaking:0.81225
friendship:0.80975
unlikely friendships:0.78875
life philosophy:0.764
tear jerker:0.73825
suicide:0.73725
glbt:0.7275
ensemble cast:0.70825
gay character:0.69825
original:0.685
death:0.6495
feel-good:0.62975
poignant:0.614
great:0.59175
pornography:0.5775
tragedy:0.55875
drama:0.54575
sentimental:0.5425
mentor:0.54075
queer:0.53925
drinking:0.53675
independent film:0.53075
male nudity:0.5255
compassionate:0.51975
great ending:0.51325
prejudice:0.51175
macabre:0.50875
redemption:0.4935
very interesting:0.49175
dramatic:0.489
depression:0.478
dysfunctional family:0.4695
reflective:0.466
good soundtrack:0.45725
honest:0.45725
family drama:0.455
feel good movie:0.45475
sad:0.45375
good:0.44275
hospital:0.44225
california:0.44175
underrated:0.44175
catastrophe:0.43575
dialogue:0.4285
culture clash:0.42575
transformation:0.42425
great acting:0.4215
enormously long battle scene:0.42025
great movie:0.41775
thought-provoking:0.40825
loneliness:0.407
social commentary:0.4065
light:0.4065
vengeance:0.406
earnest:0.4055
weird:0.4015
based on a play:0.4
excellent:0.3945
emotional:0.39225
family:0.39225
awesome soundtrack:0.3845
stereotypes:0.37825
whimsical:0.3775
talky:0.375
doctors:0.371
women:0.355
gory:0.3545
cancer:0.35225
homophobia:0.34625
parenthood:0.34
writers:0.33525
story:0.33425
humorous:0.332
character study:0.331
good acting:0.32975
love:0.32575
superheroes:0.323
very good:0.32275
melancholic:0.31675
revenge:0.315
powerful ending:0.31425
visually appealing:0.3135
sacrifice:0.309
fantasy world:0.309
drug abuse:0.3055
suprisingly clever:0.30275
self discovery:0.30175
storytelling:0.3005
criterion:0.29975
interesting:0.29975
love story:0.2955
natural disaster:0.29025
adaptation:0.289
irish accent:0.28875
not funny:0.28775
