remake:0.994
horror:0.97
ghosts:0.945
supernatural:0.927
original:0.84375
blindness:0.8135
scary:0.76725
predictable:0.70825
creepy:0.626
pg-13:0.6
pointless:0.59175
catastrophe:0.5875
horrible:0.56175
remade:0.503
bad cgi:0.49425
natural disaster:0.453
suspense:0.44525
happy ending:0.44275
great ending:0.43725
so bad it's funny:0.43425
special effects:0.4335
better than expected:0.43325
mentor:0.419
death:0.41475
good:0.40425
bad plot:0.40425
dialogue:0.39575
suspenseful:0.3765
not funny:0.36925
teens:0.36825
life philosophy:0.3665
transformation:0.3625
demons:0.36025
runaway:0.35725
hospital:0.35525
eerie:0.34175
first contact:0.33975
overrated:0.33225
bad ending:0.32975
disaster:0.328
unlikeable characters:0.323
nudity (full frontal - brief):0.32175
childhood:0.3195
camp:0.31825
not as good as the first:0.3175
awful:0.31325
silly fun:0.311
family:0.3085
cult film:0.307
frightening:0.30525
idiotic:0.3025
unfunny:0.30075
fight scenes:0.2975
story:0.28675
crappy sequel:0.2855
bad:0.28325
melancholic:0.283
writers:0.27875
visual:0.27675
bad acting:0.27425
destiny:0.273
life & death:0.27175
snakes:0.266
zombie:0.26475
storytelling:0.26375
big budget:0.262
great:0.26075
adaptation:0.259
stupid as hell:0.256
sexy:0.25375
dynamic cgi action:0.252
fantasy world:0.25175
gory:0.25025
entirely dialogue:0.24925
teen movie:0.24625
boring:0.24425
survival:0.24375
brutality:0.2425
redemption:0.2405
crude humor:0.24025
atmospheric:0.23875
creativity:0.23675
visually appealing:0.236
twist ending:0.23525
monster:0.23275
amy smart:0.23225
shallow:0.23175
weird:0.2315
cinematography:0.23025
lame:0.23
psychological:0.22925
lone hero:0.22925
ghosts/afterlife:0.22875
good soundtrack:0.228
mars:0.2275
gangsters:0.226
franchise:0.2255
betrayal:0.22475
stupid:0.22325
doctors:0.2215
