lynch:0.997
surreal:0.9885
weird:0.98775
neo-noir:0.97475
art house:0.97475
dark:0.97325
strange:0.9645
surrealism:0.96075
masterpiece:0.957
sexualized violence:0.95675
sexual:0.9535
hallucinatory:0.94175
disturbing:0.9375
enigmatic:0.93125
voyeurism:0.925
dreamlike:0.924
noir thriller:0.92275
obsession:0.9025
pornography:0.89775
suburbia:0.88675
insanity:0.886
innocence lost:0.87675
visual:0.8665
bizarre:0.85725
mystery:0.85575
violent:0.85525
visceral:0.84625
cult classic:0.82775
ominous:0.81575
nudity (full frontal - notable):0.806
psychological:0.804
violence:0.80225
complex:0.80075
visually appealing:0.797
storytelling:0.78825
cerebral:0.78675
atmospheric:0.78575
original:0.78325
brutality:0.7815
dreams:0.7805
cinematography:0.7775
cult film:0.77525
police investigation:0.77225
serial killer:0.77125
sexuality:0.76475
small town:0.761
criterion:0.758
creepy:0.753
dark humor:0.7515
psychology:0.74475
golden palm:0.74275
macabre:0.74175
oscar (best directing):0.741
stylized:0.7405
visually stunning:0.73675
artistic:0.7295
investigation:0.726
absurd:0.7255
quirky:0.722
murder mystery:0.7185
nocturnal:0.716
allegory:0.71375
loneliness:0.711
good soundtrack:0.708
mindfuck:0.70575
non-linear:0.7035
melancholic:0.7015
kidnapping:0.6995
noir:0.68425
stylish:0.67225
erotic:0.665
scary:0.664
amazing cinematography:0.66025
crime gone awry:0.65975
controversial:0.64575
imdb top 250:0.645
downbeat:0.644
twists & turns:0.64375
talky:0.6385
social commentary:0.62725
eerie:0.617
bleak:0.61375
breathtaking:0.61075
interesting:0.61075
nudity (full frontal):0.61025
melancholy:0.60775
imagination:0.60575
twist:0.5925
detective:0.58625
dialogue:0.583
grim:0.5815
existentialism:0.575
secrets:0.5745
runaway:0.57075
colourful:0.57
film noir:0.56975
sexual abuse:0.5685
eccentricity:0.558
meditative:0.5515
very interesting:0.54925
