love story:0.82775
true story:0.82
destiny:0.80825
great:0.7645
sports:0.756
biographical:0.7185
tear jerker:0.70125
good action:0.67
life philosophy:0.663
great movie:0.6545
family:0.62775
good soundtrack:0.6255
sentimental:0.61525
love:0.614
life:0.6
original:0.591
romance:0.58825
feel-good:0.58625
good:0.5845
pg-13:0.5805
catastrophe:0.57875
biopic:0.567
girlie movie:0.546
touching:0.513
mentor:0.507
life & death:0.50375
action:0.502
based on true story:0.5005
factual:0.49875
drama:0.4865
natural disaster:0.4845
transformation:0.469
big budget:0.46475
inspirational:0.4485
childhood:0.439
father son relationship:0.43375
friendship:0.42725
small town:0.42375
passionate:0.4175
great ending:0.41
feel good movie:0.40925
cheating:0.39575
lone hero:0.391
honest:0.3885
unlikely friendships:0.38825
underdog:0.388
fun movie:0.3865
story:0.3865
action packed:0.38075
racing:0.37775
predictable:0.3775
sacrifice:0.37425
romantic:0.3695
chase:0.36325
bad cgi:0.36125
death:0.359
first contact:0.35275
vengeance:0.35225
happy ending:0.35125
shallow:0.34825
teen movie:0.34175
not funny:0.34025
beautiful scenery:0.33725
based on a true story:0.33425
awesome soundtrack:0.33425
fight scenes:0.33325
poetry:0.33225
nostalgic:0.30875
dialogue:0.30725
fantasy world:0.2985
dreams:0.291
redemption:0.29075
cancer:0.29025
excellent:0.2895
brutality:0.28025
cheesy:0.27875
dramatic:0.273
culture clash:0.2715
pornography:0.2655
heartwarming:0.263
underrated:0.26275
fun:0.262
runaway:0.26175
light:0.26125
internet:0.256
bittersweet:0.2455
survival:0.245
storytelling:0.2425
relationships:0.2415
amy smart:0.2415
silly fun:0.239
buddy movie:0.2375
adaptation:0.23725
road movie:0.23575
justice:0.23575
suprisingly clever:0.2355
unfunny:0.2345
betrayal:0.233
hospital:0.232
special effects:0.22925
