post apocalyptic:0.997
post-apocalyptic:0.95475
mentor:0.87825
action:0.87725
weapons:0.84875
sci-fi:0.834
sci fi:0.81825
futuristic:0.76825
scifi:0.7575
future:0.73425
apocalypse:0.7085
original:0.70825
nudity (topless - notable):0.66775
fight scenes:0.6605
nudity (topless):0.6585
lone hero:0.6525
survival:0.6425
sword fighting:0.64225
desert:0.641
camp:0.6395
predictable:0.6255
80s:0.6225
brutality:0.613
cheesy:0.5795
science fiction:0.56175
cyborgs:0.55975
transformation:0.5555
catastrophe:0.54325
good action:0.54025
fighting:0.52475
revenge:0.49825
mutants:0.4965
adventure:0.48975
swashbuckler:0.487
sword fight:0.48625
pointless:0.48175
silly fun:0.4715
kung fu:0.468
bad plot:0.46025
so bad it's funny:0.45625
pulp:0.4555
whimsical:0.4555
silly:0.45025
special effects:0.4405
nudity (rear):0.42425
fantasy world:0.4195
ninja:0.4065
arnold:0.40575
violence:0.40425
cult film:0.40025
great ending:0.394
corny:0.393
bad acting:0.39175
goofy:0.39075
first contact:0.387
good:0.3865
campy:0.38275
existentialism:0.381
western:0.37925
harsh:0.37875
melancholic:0.3785
romance:0.37525
remake:0.37125
assassin:0.369
enigmatic:0.36625
dialogue:0.35175
natural disaster:0.347
bad:0.346
low budget:0.344
wilderness:0.3425
crappy sequel:0.34075
android(s)/cyborg(s):0.3395
chick flick:0.33875
based on a video game:0.33825
grindhouse:0.3375
not funny:0.33525
unlikely friendships:0.32525
overrated:0.323
unusual plot structure:0.32025
good soundtrack:0.31475
hunting:0.3145
bad cgi:0.314
death:0.31325
clones:0.3115
male nudity:0.308
big budget:0.30775
redemption:0.30275
classic car:0.302
story:0.302
martial arts:0.30125
adaptation:0.29975
quirky:0.2995
vengeance:0.29625
horrible:0.29525
franchise:0.2925
nudity (full frontal - brief):0.28925
nostalgia:0.289
fun:0.28675
reflective:0.28425
fun movie:0.28325
