spoof:0.99
goofy:0.9865
parody:0.98225
stupid as hell:0.96025
funny:0.958
comedy:0.955
silly fun:0.952
spying:0.94875
hilarious:0.94725
funniest movies:0.94125
spy:0.9385
humor:0.9215
sequel:0.91675
funny as hell:0.908
humorous:0.9055
dumb but funny:0.8895
spies:0.8735
original:0.8685
sequels:0.86625
very funny:0.84925
silly:0.83875
good sequel:0.83625
saturday night live:0.81025
satire:0.77425
dumb:0.76725
original plot:0.76575
crude humor:0.7655
gross-out:0.74025
product placement:0.738
stupidity:0.736
pg-13:0.71975
watch the credits:0.70925
franchise:0.70925
good:0.69425
time travel:0.69125
screwball:0.66225
hillarious:0.62525
highly quotable:0.62125
fun movie:0.59625
stupid:0.594
slapstick:0.56575
dialogue:0.5655
chase:0.5575
lame:0.5565
sexy:0.55175
clever:0.5405
fun:0.5335
catastrophe:0.53125
suprisingly clever:0.5245
great movie:0.519
great ending:0.51775
storytelling:0.50725
mentor:0.4885
fantasy world:0.48375
story:0.47625
stereotypes:0.472
dynamic cgi action:0.46775
absurd:0.4615
idiotic:0.459
destiny:0.4535
vengeance:0.451
great:0.4505
cult classic:0.4385
crappy sequel:0.43375
alter ego:0.429
clones:0.42875
good soundtrack:0.42425
drinking:0.42425
brutality:0.418
underrated:0.406
very good:0.4045
awesome soundtrack:0.4045
predictable:0.39875
farce:0.39625
pointless:0.392
creativity:0.38825
so bad it's funny:0.3875
trilogy:0.38625
cloning:0.3845
quotable:0.38425
redemption:0.38075
pornography:0.37975
special effects:0.3755
london:0.37275
bad ending:0.3725
fight scenes:0.371
irreverent:0.369
unfunny:0.36775
adaptation:0.36275
betrayal:0.3625
plot:0.36175
satirical:0.3595
intense:0.35875
ridiculous:0.35825
culture clash:0.358
teen movie:0.352
runaway:0.34975
nudity (topless - notable):0.347
interesting:0.34575
dark hero:0.34325
