gunfight:0.99825
western:0.99125
mentor:0.8705
scenic:0.813
original:0.77675
great ending:0.774
dialogue:0.7735
great:0.75025
love story:0.74675
good:0.745
revenge:0.741
great movie:0.737
vengeance:0.73425
violence:0.7205
violent:0.71625
cinematography:0.715
action:0.714
beautiful scenery:0.70025
redemption:0.69375
great acting:0.686
realistic:0.682
story:0.6715
corruption:0.6645
destiny:0.64675
pg-13:0.64475
guns:0.64425
justice:0.6355
friendship:0.63175
irish accent:0.6255
based on a book:0.6075
storytelling:0.5945
intense:0.58675
good soundtrack:0.58675
spaghetti western:0.5855
good versus evil:0.57875
life & death:0.565
chase:0.55975
moral ambiguity:0.5585
good acting:0.55575
civil war:0.55325
drama:0.55275
honest:0.55075
excellent:0.55075
culture clash:0.55025
suspense:0.54875
harsh:0.54775
romance:0.5435
tense:0.53875
small town:0.52975
weapons:0.52675
quotable:0.52575
plot:0.52225
very good:0.5185
imdb top 250:0.516
talky:0.514
catastrophe:0.5135
unlikely friendships:0.50925
runaway:0.50825
interesting:0.50425
anti-hero:0.4965
oscar:0.491
earnest:0.4895
oscar (best directing):0.48225
life philosophy:0.4815
action packed:0.47375
good dialogue:0.46275
courage:0.4605
complex:0.46
brutality:0.45875
entirely dialogue:0.45275
solitude:0.45075
survival:0.446
big budget:0.44325
dramatic:0.44
cool:0.4395
classic:0.4345
loneliness:0.434
lone hero:0.43375
good action:0.43175
breathtaking:0.4315
transformation:0.42275
historical:0.4205
romantic:0.41975
epic:0.418
stylized:0.41775
highly quotable:0.417
hitman:0.4115
slow:0.41125
gritty:0.411
beautifully filmed:0.408
oscar winner:0.40625
happy ending:0.4015
long:0.4015
sentimental:0.39925
texas:0.3985
sacrifice:0.3975
cult classic:0.394
first contact:0.39325
indians:0.39275
underrated:0.39225
