based on a tv show:0.9465
family:0.8355
based on a comic:0.80075
children:0.768
kids:0.7565
original:0.68625
predictable:0.66075
comedy:0.63525
slapstick:0.58625
violence:0.57375
kids and family:0.54575
catastrophe:0.54425
nostalgic:0.54025
cartoon:0.537
silly fun:0.53575
childhood:0.53525
adaptation:0.51475
mentor:0.4955
disaster:0.478
happy ending:0.4505
cute!:0.447
whimsical:0.44225
great ending:0.43025
fun movie:0.4295
bad plot:0.41525
very funny:0.41
destiny:0.40925
cute:0.40425
fun:0.40275
adoption:0.3935
dumb but funny:0.39025
ninja:0.38925
overrated:0.36475
teen movie:0.36275
unlikely friendships:0.361
so bad it's funny:0.3575
funny:0.35725
brutality:0.35425
pg:0.348
dialogue:0.34
natural disaster:0.338
comics:0.33575
funniest movies:0.335
weapons:0.332
unfunny:0.33175
first contact:0.3295
good:0.3295
feel-good:0.32875
silly:0.32675
lone hero:0.3225
great:0.32125
fantasy world:0.32075
franchise:0.3205
storytelling:0.31925
bullying:0.317
violent:0.31575
adapted from:book:0.315
runaway:0.3115
life philosophy:0.30475
80s:0.30225
feel good movie:0.30225
vengeance:0.3015
disturbing:0.29475
action:0.29425
police investigation:0.29325
fight scenes:0.29175
nudity (full frontal - brief):0.29075
culture clash:0.29075
good soundtrack:0.283
chase:0.28275
jungle:0.28
redemption:0.27975
not funny:0.27925
girlie movie:0.279
story:0.27875
based on comic:0.2725
pulp:0.2725
comic:0.271
pointless:0.268
writers:0.26775
quirky:0.2675
crude humor:0.26725
scary:0.267
true story:0.26375
clever:0.259
boring:0.25775
entirely dialogue:0.25475
pornography:0.2545
goofy:0.2535
lame:0.25175
suburbia:0.2485
multiple storylines:0.2455
women:0.2435
unusual plot structure:0.2435
cult film:0.241
future:0.241
series:0.2405
justice:0.236
humorous:0.2345
melancholic:0.2335
