good sequel:0.95625
fantasy:0.944
sequel:0.94225
arnold:0.918
sequels:0.90925
wizards:0.8915
magic:0.871
special effects:0.85225
franchise:0.83375
fantasy world:0.8285
sword fight:0.8215
original:0.816
action:0.8115
high fantasy:0.79425
fight scenes:0.78475
mythology:0.78375
pulp:0.769
adventure:0.75725
crappy sequel:0.7435
goofy:0.7425
brutality:0.72675
big budget:0.70875
immortality:0.70875
dynamic cgi action:0.699
dialogue:0.6885
fighting:0.68125
silly:0.62825
good:0.605
sword fighting:0.60425
weapons:0.598
mentor:0.55875
bad acting:0.5445
monster:0.54225
so bad it's funny:0.5295
violence:0.5295
good action:0.525
betrayal:0.52475
campy:0.508
lame:0.5065
original plot:0.499
transformation:0.494
great ending:0.48775
trilogy:0.484
god:0.4815
comic book:0.47925
violent:0.46125
predictable:0.447
silly fun:0.44575
multiple storylines:0.44175
pointless:0.43725
fun movie:0.42725
sci fi:0.422
stylized:0.42
destiny:0.415
cheesy:0.40725
bad cgi:0.406
runaway:0.404
android(s)/cyborg(s):0.40075
catastrophe:0.3995
bad:0.397
ninja:0.3945
story:0.385
cult classic:0.38475
entirely dialogue:0.3835
storytelling:0.3795
80s:0.37775
medieval:0.37425
entertaining:0.3735
dark hero:0.371
horrible:0.36875
humorous:0.36625
adaptation:0.36
chase:0.3595
comics:0.35875
comic:0.357
bad plot:0.35275
sacrifice:0.3505
fun:0.349
redemption:0.34575
vengeance:0.3435
stupid as hell:0.343
life philosophy:0.3405
lone hero:0.33725
cool:0.33675
dragons:0.33575
good soundtrack:0.33375
science fiction:0.3335
revenge:0.33175
dystopia:0.3305
camp:0.32575
imdb top 250:0.3225
snakes:0.3195
disaster:0.318
alternate reality:0.31775
series:0.31525
writers:0.31225
demons:0.30875
nudity (full frontal - brief):0.3055
ensemble cast:0.30525
monsters:0.30425
