relationships:0.94975
obsession:0.89725
intimate:0.79975
downbeat:0.6905
enigmatic:0.66575
pornography:0.646
grindhouse:0.64
erotic:0.63675
passionate:0.6335
melancholic:0.62975
transformation:0.626
nudity (full frontal - notable):0.5955
loneliness:0.59475
women:0.582
french:0.571
criterion:0.55475
original:0.5545
classic car:0.55175
love story:0.5075
prostitution:0.4975
fashion:0.4845
paris:0.4825
indie:0.4815
unusual plot structure:0.465
nudity (topless):0.46425
male nudity:0.4605
weird:0.41225
oscar (best actress):0.4065
harsh:0.4055
catastrophe:0.4015
manipulation:0.39825
betrayal:0.3925
queer:0.392
romance:0.38975
sexuality:0.38925
transgender:0.38925
talky:0.38775
brutality:0.3775
love:0.375
sexy:0.373
foreign:0.3695
infidelity:0.364
entirely dialogue:0.34525
sexual:0.344
weapons:0.3405
not funny:0.34025
reflective:0.3395
great ending:0.336
mentor:0.3265
beautifully filmed:0.316
kick-butt women:0.295
marriage:0.29125
adultery:0.2885
adaptation:0.28725
gay:0.286
hospital:0.28375
runaway:0.282
culture clash:0.279
suprisingly clever:0.279
dialogue:0.27775
meditative:0.2755
death:0.2735
cerebral:0.27325
allegory:0.26825
life & death:0.264
visually appealing:0.26175
melancholy:0.25775
first contact:0.25675
existentialism:0.253
tokyo:0.2525
breathtaking:0.25225
sex:0.251
beautiful:0.24425
nocturnal:0.24175
fantasy world:0.2365
very interesting:0.234
good:0.233
crime gone awry:0.233
storytelling:0.2325
life philosophy:0.23075
police investigation:0.22825
writers:0.2265
art house:0.2245
romantic:0.2225
good soundtrack:0.2215
guilt:0.22075
predictable:0.22
social commentary:0.2175
twists & turns:0.2175
dreams:0.21675
golden palm:0.21675
poetry:0.2145
adapted from:book:0.2135
disturbing:0.21125
great:0.21125
violence:0.21025
natural disaster:0.209
dreamlike:0.20675
sexualized violence:0.20675
cross dressing:0.206
