romantic comedy:0.9855
comedy:0.967
wedding:0.91075
funny:0.89
girlie movie:0.82575
predictable:0.81625
romantic:0.79025
chick flick:0.78775
good romantic comedies:0.78275
romance:0.76225
very funny:0.7255
marriage:0.71225
cute!:0.71025
so bad it's funny:0.69725
catastrophe:0.635
original:0.61925
stereotypes:0.59175
divorce:0.591
pg-13:0.58675
family:0.5775
unfunny:0.55375
teen movie:0.5465
cute:0.5445
happy ending:0.53775
silly:0.53275
horrible:0.52525
crude humor:0.51825
lame:0.508
natural disaster:0.492
dumb:0.489
disaster:0.4805
stupid:0.47575
hotel:0.44125
stupidity:0.43425
feel-good:0.428
better than expected:0.42
bad plot:0.418
hilarious:0.4155
dialogue:0.40725
fun movie:0.40625
mentor:0.40525
great ending:0.3905
idiotic:0.3715
destiny:0.37
sexy:0.36875
pointless:0.366
goofy:0.36575
feel good movie:0.3655
life philosophy:0.3645
dumb but funny:0.3605
entertaining:0.3565
beautiful scenery:0.34825
good:0.3445
slapstick:0.344
first contact:0.33775
shopping:0.33575
awful:0.33575
overrated:0.3325
silly fun:0.33025
bad ending:0.32975
big budget:0.326
brutality:0.32375
light:0.319
hawaii:0.31775
chase:0.3165
humorous:0.31475
culture clash:0.31325
relationships:0.3115
bad:0.31
great:0.3075
pornography:0.30725
creativity:0.30575
not funny:0.30325
cars:0.2975
notable nudity:0.283
nudity (full frontal - brief):0.2805
fight scenes:0.27925
teen:0.279
unrealistic:0.2735
entirely dialogue:0.271
shallow:0.27025
love story:0.2675
computer animation:0.26225
story:0.26125
adaptation:0.25875
plot:0.254
runaway:0.24925
storytelling:0.24875
fun:0.24575
vengeance:0.24425
women:0.24025
nudity (topless - notable):0.233
funny as hell:0.23275
quirky:0.23075
dysfunctional family:0.2295
good soundtrack:0.22925
death:0.22925
original plot:0.22525
justice:0.22475
internet:0.22475
