based on a book:0.9945
coming of age:0.98125
based on book:0.97075
finnish:0.93775
small town:0.93
adapted from:book:0.91725
swedish:0.9155
magic realism:0.90475
rock and roll:0.903
coming-of-age:0.88275
books:0.87225
original:0.85175
book:0.84475
friendship:0.83325
humorous:0.79825
biopic:0.7975
destiny:0.77275
unlikely friendships:0.7635
storytelling:0.74375
book was better:0.7365
fantasy world:0.71925
grindhouse:0.7135
humor:0.7105
family drama:0.701
drama:0.701
good:0.6895
childhood:0.68025
vengeance:0.67975
nudity (full frontal - brief):0.6795
visually appealing:0.6755
runaway:0.67125
1960s:0.65725
costume drama:0.6225
adolescence:0.61625
exceptional acting:0.61375
funny:0.61275
cult classic:0.61125
family:0.6105
classic car:0.59875
adaptation:0.59225
gunfight:0.591
bittersweet:0.58325
distopia:0.5825
narrated:0.58175
story:0.58175
teen:0.5795
mentor:0.574
islam:0.5625
oscar (best directing):0.5505
surreal:0.55025
very funny:0.546
drinking:0.544
good soundtrack:0.519
life philosophy:0.516
nostalgic:0.51275
series:0.5115
culture clash:0.5105
nudity:0.5085
literature:0.506
stereotypes:0.5055
comedy:0.50275
good action:0.501
good versus evil:0.49875
so bad it's funny:0.4945
unfunny:0.49325
school:0.48675
dialogue:0.479
satirical:0.47125
writers:0.468
secrets:0.46625
pornography:0.463
intense:0.45975
mythology:0.45375
imagination:0.45125
redemption:0.45025
music:0.4485
original plot:0.44275
weird:0.44175
visually stunning:0.43975
maze:0.4375
segregation:0.43175
sexualized violence:0.4315
suprisingly clever:0.43075
brutality:0.4285
irreverent:0.4285
complex:0.428
fun movie:0.4265
children:0.42275
clever:0.4225
moral ambiguity:0.4195
bullying:0.41725
stand-up comedy:0.41625
great ending:0.416
foreign:0.41475
stylized:0.414
bdsm:0.4125
hospital:0.40925
highly quotable:0.4075
lone hero:0.406
great cinematography:0.40425
