light:0.878
police investigation:0.836
very interesting:0.7975
vigilante:0.77125
adaptation:0.75775
original:0.75575
serial killer:0.7555
death:0.7385
twists & turns:0.6565
weird:0.6535
interesting:0.644
obsession:0.6425
great ending:0.61175
corruption:0.60875
modern fantasy:0.60575
goth:0.5945
good soundtrack:0.58775
complex:0.573
visually appealing:0.56975
suspense:0.55525
creativity:0.53775
brutality:0.53725
dark hero:0.53575
life & death:0.535
dark humor:0.524
tokyo:0.5095
crime:0.50325
nocturnal:0.50125
dialogue:0.4945
original plot:0.49075
storytelling:0.48625
series:0.48425
anime:0.48425
pg-13:0.4795
supernatural:0.4715
dark:0.46875
murder:0.468
catastrophe:0.46325
social commentary:0.453
justice:0.45
dark fantasy:0.447
talky:0.4335
stylized:0.43075
comic:0.42725
gory:0.42375
mentor:0.42225
runaway:0.4215
pornography:0.41675
clever:0.41675
cool:0.41525
adapted from:book:0.4145
vigilantism:0.405
based on a book:0.40125
fantasy world:0.3995
detective:0.39825
psychological:0.39125
books:0.38975
nudity (full frontal - brief):0.3895
vengeance:0.38775
action:0.38675
story:0.384
japan:0.37875
alter ego:0.3785
torture:0.37575
not funny:0.37275
transformation:0.371
entirely dialogue:0.36775
fight scenes:0.36725
superheroes:0.366
investigation:0.3645
visually stunning:0.35975
good:0.359
revenge:0.3575
demons:0.347
book:0.3455
visual:0.34425
criterion:0.3415
god:0.33725
harsh:0.33525
teen:0.3325
plot:0.33175
comic book:0.32925
greed:0.32625
atmospheric:0.326
better than expected:0.32325
conspiracy:0.32325
absurd:0.321
bad acting:0.3195
oscar (best supporting actress):0.3195
weapons:0.31875
stylish:0.318
controversial:0.3135
crime gone awry:0.3135
teen movie:0.30925
violence:0.30925
enigmatic:0.30625
intense:0.3025
life philosophy:0.302
lone hero:0.30075
morality:0.30025
