comedy:0.916
goofy:0.8005
romantic:0.79875
dog:0.79525
funny:0.788
predictable:0.7725
romance:0.7715
original:0.746
romantic comedy:0.7035
lame:0.6865
girlie movie:0.677
very funny:0.6755
saturday night live:0.66025
silly:0.65725
humorous:0.6305
sexy:0.62675
idiotic:0.6175
stupid:0.60325
silly fun:0.58825
unfunny:0.58275
happy ending:0.57525
screwball:0.56
stupidity:0.545
pornography:0.5445
cute!:0.5255
dialogue:0.5095
mentor:0.49175
pg-13:0.4905
underdog:0.474
dumb:0.4725
humor:0.46825
great ending:0.46775
catastrophe:0.46075
dumb but funny:0.45125
fun movie:0.438
fun:0.42325
destiny:0.41775
overrated:0.4155
crude humor:0.411
unusual plot structure:0.40525
shallow:0.404
justice:0.4025
sarcasm:0.39925
big budget:0.39775
love story:0.39
plot:0.3835
good:0.381
hilarious:0.37925
bad plot:0.37725
feel-good:0.37125
chase:0.36825
life philosophy:0.36775
fight scenes:0.3645
stupid as hell:0.36175
so bad it's funny:0.3605
brutality:0.359
disaster:0.35875
fantasy world:0.3535
runaway:0.346
pointless:0.343
vengeance:0.343
first contact:0.3375
stereotypes:0.334
adaptation:0.3305
lone hero:0.32575
good soundtrack:0.31025
entirely dialogue:0.30675
family:0.306
storytelling:0.30075
natural disaster:0.3005
nudity (full frontal - brief):0.298
feel good movie:0.29775
satirical:0.28875
culture clash:0.286
police investigation:0.28475
sweet:0.2845
funniest movies:0.283
alternate history:0.28
clever:0.28
cute:0.279
kidnapping:0.278
slapstick:0.277
death:0.2765
redemption:0.276
entertaining:0.273
violence:0.2715
light:0.27075
sci fi:0.2685
weapons:0.26675
nudity (rear):0.26675
chick flick:0.2665
remake:0.26425
good action:0.263
internet:0.26125
weird:0.2585
special effects:0.2575
teen movie:0.25625
writers:0.256
dogs:0.25575
better than expected:0.25175
