dog:0.995
dogs:0.968
classic:0.92
family:0.87775
children:0.8625
disney:0.8425
sweet:0.80725
animals:0.77575
original:0.76525
childhood:0.74225
family drama:0.733
sad:0.72825
runaway:0.7235
good:0.7145
kids and family:0.71225
cute:0.7105
story:0.69375
touching:0.68125
sentimental:0.6695
tear jerker:0.66125
heartwarming:0.65625
emotional:0.6385
heartbreaking:0.63125
adoption:0.62375
cute!:0.62025
chase:0.613
happy ending:0.6085
death:0.5985
beautiful scenery:0.59425
oscar (best directing):0.58375
civil war:0.5705
drama:0.5685
fun movie:0.566
adventure:0.5515
culture clash:0.54875
simple:0.53975
sappy:0.53475
catastrophe:0.5305
great:0.53025
romantic:0.526
life & death:0.52075
tragedy:0.5165
great ending:0.51525
great movie:0.50675
courage:0.5025
kids:0.501
mentor:0.50075
greed:0.4945
dramatic:0.48825
wilderness:0.48525
earnest:0.47625
love story:0.46325
based on book:0.4625
honest:0.45025
oscar (best actress):0.44975
texas:0.44975
good acting:0.43975
unusual plot structure:0.43825
homeless:0.43725
oscar winner:0.4355
sad but good:0.429
feel-good:0.426
oscar (best supporting actress):0.418
suspense:0.407
intense:0.40675
idealism:0.396
animal movie:0.392
dialogue:0.3905
natural disaster:0.3885
secrets:0.387
adapted from:book:0.3855
family bonds:0.385
life philosophy:0.3835
interesting:0.38
talking animals:0.379
afi 100 (movie quotes):0.37425
storytelling:0.36925
betrayal:0.3595
sacrifice:0.35775
fairy tale:0.35625
very good:0.35525
not funny:0.352
adaptation:0.34925
justice:0.3455
entertaining:0.34025
love:0.33925
censorship:0.339
destiny:0.33725
disney animated feature:0.335
nostalgic:0.33425
stereotypes:0.332
bad ending:0.3315
hunting:0.32925
bittersweet:0.328
enormously long battle scene:0.327
cartoon:0.32625
coming of age:0.32525
ethnic conflict:0.32475
survival:0.3225
fun:0.32
