unlikely friendships:0.91825
friendship:0.89025
adolescence:0.87025
loneliness:0.79875
childhood:0.796
teen movie:0.7955
teenager:0.7655
reflective:0.73725
harsh:0.72225
criterion:0.71875
realistic:0.71125
original:0.70425
teen:0.703
weird:0.70125
black and white:0.70125
visual:0.69175
poignant:0.67725
latin america:0.674
coming-of-age:0.66025
teenagers:0.6465
bittersweet:0.631
teens:0.618
light:0.6065
male nudity:0.59675
pointless:0.59275
breathtaking:0.586
melancholic:0.56725
golden palm:0.56
coming of age:0.555
unusual plot structure:0.55125
intimate:0.53575
enigmatic:0.5155
redemption:0.5155
cinematography:0.5105
meditative:0.50675
visually appealing:0.50325
life philosophy:0.491
censorship:0.48725
art house:0.4835
good soundtrack:0.4825
social commentary:0.48025
surreal:0.47975
marijuana:0.47825
perfect:0.47625
pornography:0.475
imdb top 250:0.46325
brutality:0.46175
great ending:0.45825
glbt:0.45225
simple:0.4515
character study:0.44975
drinking:0.449
1970s:0.44425
very interesting:0.43525
sexual:0.432
dialogue:0.4315
storytelling:0.43075
humanity:0.42525
whimsical:0.4185
fun movie:0.41775
sexuality:0.41575
talky:0.41525
catastrophe:0.414
stoner movie:0.408
complex:0.40725
allegory:0.40725
video game:0.407
humor:0.40625
divorce:0.40575
classic car:0.39175
nostalgic:0.3915
not funny:0.38725
photography:0.3855
dreamlike:0.38
tragedy:0.38
indie:0.37825
school:0.37525
oscar (best directing):0.37225
melancholy:0.37225
stylized:0.3715
high school:0.37075
life & death:0.36125
nudity (topless - notable):0.36075
corruption:0.35625
suprisingly clever:0.3555
downbeat:0.355
multiple storylines:0.35325
movielens top pick:0.34875
death:0.34775
good:0.3475
sexy:0.341
gay:0.3405
stunning:0.34025
oscar (best foreign language film):0.3375
nudity (full frontal - brief):0.337
creativity:0.33625
art:0.33525
mentor:0.33375
jane austen:0.333
fight scenes:0.331
