goofy:0.971
adventure:0.92175
bad plot:0.89225
predictable:0.87675
so bad it's funny:0.85675
stupid:0.85425
africa:0.838
idiotic:0.81375
humorous:0.81325
original:0.81025
dumb but funny:0.78525
ninja:0.77325
stupid as hell:0.74275
franchise:0.739
stupidity:0.69275
family:0.68475
road movie:0.68
slapstick:0.6595
silly:0.6245
horrible:0.59925
fantasy world:0.59775
overrated:0.59175
silly fun:0.59175
bad:0.57775
chase:0.576
pointless:0.5665
animals:0.56025
bad acting:0.54875
mentor:0.54525
great ending:0.54275
unfunny:0.532
life philosophy:0.528
lame:0.52725
brutality:0.52025
parody:0.5165
catastrophe:0.5075
fantasy:0.502
cult film:0.49425
comedy:0.48675
high school:0.4735
nocturnal:0.46175
quirky:0.4575
redemption:0.45
boring:0.4495
dialogue:0.442
magic:0.442
destiny:0.43975
stereotypes:0.43875
runaway:0.43675
story:0.43275
very funny:0.43025
pulp:0.42875
nostalgia:0.42825
teen movie:0.425
disaster:0.42425
unusual plot structure:0.4205
first contact:0.42025
fight scenes:0.41525
funny as hell:0.40975
creativity:0.40725
crude humor:0.40675
absurd:0.3945
fun:0.39325
based on a book:0.3925
pornography:0.392
nudity (full frontal - brief):0.39125
storytelling:0.3895
lone hero:0.38275
dysfunctional family:0.37925
humor:0.37825
adaptation:0.37775
series:0.3765
action:0.376
remake:0.3705
gangsters:0.37025
happy ending:0.3665
cancer:0.36625
violence:0.363
entirely dialogue:0.36125
light:0.358
shallow:0.35675
good soundtrack:0.35625
fun movie:0.35475
splatter:0.354
reality tv:0.3505
too long:0.34825
buddy movie:0.345
culture clash:0.3445
great:0.3435
multiple storylines:0.3395
sci fi:0.33725
dumb:0.33525
dreamlike:0.335
crappy sequel:0.3325
jungle:0.3325
wilderness:0.32825
action packed:0.3275
surreal:0.32275
romance:0.3215
hilarious:0.321
