jungle:0.99775
good action:0.96525
action:0.965
assassin:0.746
mentor:0.688
action packed:0.6685
lone hero:0.6265
original:0.61775
big budget:0.60125
survival:0.59025
fight scenes:0.583
chase:0.573
vengeance:0.54725
military:0.532
catastrophe:0.5035
assassination:0.48825
psychological:0.48775
predictable:0.484
assassins:0.478
fast paced:0.46675
drama:0.45425
weapons:0.45325
good:0.45275
plot:0.41525
intense:0.41375
nudity (full frontal - brief):0.4115
great:0.41025
cool:0.409
life philosophy:0.39825
realistic action:0.3945
exciting:0.39325
arms dealer:0.39275
not funny:0.39125
redemption:0.3765
tense:0.371
hitman:0.371
thriller:0.36875
natural disaster:0.36125
better than expected:0.361
bad ending:0.35375
suspense:0.35325
great ending:0.35275
fighting:0.35225
dialogue:0.344
revenge:0.34125
brutality:0.334
corruption:0.32875
bad plot:0.3275
car chase:0.31875
first contact:0.30825
runaway:0.298
apocalypse:0.2925
psychology:0.292
explosions:0.29125
unfunny:0.28975
adventure:0.287
violent:0.28525
nostalgic:0.28075
oscar (best effects - visual effects):0.2765
hunting:0.274
suspenseful:0.26475
adaptation:0.263
culture clash:0.26125
based on a video game:0.26125
nudity (topless):0.25925
good soundtrack:0.25875
buddy movie:0.25125
overrated:0.2495
oscar (best directing):0.248
nudity (topless - notable):0.24175
violence:0.241
betrayal:0.238
entertaining:0.23775
sci fi:0.23775
harsh:0.2375
storytelling:0.2345
adapted from:comic:0.2285
beautiful scenery:0.22775
special effects:0.2275
pg-13:0.22475
tom clancy:0.222
transformation:0.2195
entirely dialogue:0.218
horrible:0.21725
so bad it's funny:0.217
very funny:0.21675
shallow:0.2165
franchise:0.215
story:0.2145
boring:0.21225
teen movie:0.212
great acting:0.212
island:0.20925
lame:0.207
visually appealing:0.20675
dark hero:0.206
unlikely friendships:0.205
grindhouse:0.20275
pornography:0.2025
torture:0.20075
