surreal:0.979
chess:0.96375
meditative:0.944
mockumentary:0.91475
cerebral:0.9145
weird:0.8975
loneliness:0.877
existentialism:0.874
talky:0.8655
criterion:0.864
indie:0.85925
dreamlike:0.85175
enigmatic:0.85125
surrealism:0.839
fake documentary:0.8355
melancholic:0.8355
intimate:0.822
cinematography:0.80525
hotel:0.80175
1980s:0.7785
strange:0.7705
original:0.754
technology:0.73
black and white:0.72125
obsession:0.71725
visually appealing:0.70875
complex:0.696
tense:0.6935
confusing:0.6925
visual:0.673
artistic:0.66625
greed:0.662
surveillance:0.658
psychological:0.657
golden palm:0.65275
life philosophy:0.6505
period piece:0.64375
quirky:0.62675
absurd:0.61925
documentary:0.598
affectionate:0.585
very interesting:0.582
art:0.5815
nostalgic:0.581
nonlinear:0.57775
photography:0.57475
geeks:0.573
stylized:0.56825
off-beat comedy:0.56
cult classic:0.55825
bizarre:0.556
radio:0.55125
dreams:0.538
deadpan:0.5335
grindhouse:0.52925
satirical:0.52775
oscar (best actress):0.52625
computers:0.5235
lynch:0.507
social commentary:0.50525
satire:0.50525
goofy:0.50025
insanity:0.49925
cult film:0.4945
unusual plot structure:0.4935
pointless:0.491
mental illness:0.49075
nudity (full frontal - notable):0.48875
unique:0.4875
breathtaking:0.484
pornography:0.477
intellectual:0.4715
ironic:0.46575
life & death:0.465
drinking:0.4635
hallucinatory:0.462
humorous:0.461
video game:0.4575
dark:0.4555
atmospheric:0.454
independent film:0.4495
bleak:0.448
based on a play:0.4475
interesting:0.44475
creepy:0.44475
melancholy:0.44475
mindfuck:0.4445
dialogue:0.441
notable soundtrack:0.43775
plot twist:0.43475
crime gone awry:0.433
drama:0.431
catastrophe:0.4275
distopia:0.42
paranoid:0.41825
paranoia:0.413
entirely dialogue:0.408
boring!:0.4035
science fiction:0.40325
mentor:0.403
