german:0.86425
berlin:0.8535
germany:0.81125
drama:0.8055
political:0.76575
solitude:0.72125
depression:0.689
harsh:0.66975
politics:0.667
life philosophy:0.66125
friendship:0.63475
finnish:0.615
unlikely friendships:0.60325
classic car:0.60275
love story:0.589
original:0.5785
dialogue:0.572
propaganda:0.5615
culture clash:0.55225
realistic:0.5495
destiny:0.5495
whimsical:0.53975
wartime:0.539
nudity (topless - notable):0.53875
criterion:0.532
social commentary:0.529
good soundtrack:0.484
unusual plot structure:0.47825
great:0.47175
melancholic:0.452
wuxia:0.44175
catastrophe:0.43825
life & death:0.438
visually appealing:0.4345
indie:0.4285
male nudity:0.428
intimate:0.41775
gay character:0.41725
awesome soundtrack:0.41725
very interesting:0.417
independent film:0.41675
college:0.41475
great ending:0.41125
radio:0.41125
runaway:0.41125
ethnic conflict:0.40825
relationships:0.38475
mentor:0.3845
foreign:0.38325
revolution:0.38225
nudity (full frontal - notable):0.37825
handycam:0.36975
russian:0.3685
allegory:0.36625
pornography:0.365
nerds:0.36325
brutality:0.3615
forceful:0.36025
passionate:0.36
interracial romance:0.3575
not funny:0.3515
beautifully filmed:0.34975
enigmatic:0.3465
reflective:0.34475
historical:0.34225
cynical:0.3385
powerful ending:0.33625
free to download:0.33575
romance:0.3355
underrated:0.3325
violent:0.3255
quirky:0.325
infidelity:0.324
lone hero:0.32175
fun movie:0.31975
childhood:0.31925
betrayal:0.3175
history:0.3155
writers:0.31475
entirely dialogue:0.31475
nocturnal:0.31275
bleak:0.3015
story:0.30125
hospital:0.2985
gunfight:0.29475
beer:0.2905
us history:0.29025
stylized:0.29025
memory:0.28625
movielens top pick:0.28575
redemption:0.283
fake documentary:0.28225
romantic:0.27975
based on a play:0.27825
made for tv:0.27275
satirical:0.27125
japan:0.27025
honest:0.267
technology:0.26675
queer:0.2645
