based on a play:0.98875
oscar (best actress):0.98875
relationships:0.96225
great acting:0.96125
oscar (best supporting actress):0.95125
drinking:0.94825
oscar (best picture):0.9205
psychological:0.91225
oscar (best directing):0.888
oscar (best actor):0.87925
marriage:0.849
imdb top 250:0.846
claustrophobic:0.8435
talky:0.84225
powerful ending:0.83525
dramatic:0.83025
amazing cinematography:0.8095
dialogue:0.8025
drama:0.79375
tense:0.791
black and white:0.78825
criterion:0.77925
psychology:0.77775
insanity:0.775
intimate:0.7705
original:0.7655
character study:0.75625
directorial debut:0.73575
good acting:0.73475
censorship:0.7285
oscar:0.72525
downbeat:0.7225
loneliness:0.71775
exceptional acting:0.71625
cerebral:0.70575
great dialogue:0.7045
dark humor:0.7035
depression:0.68775
obsession:0.6875
dialogue driven:0.67375
crime gone awry:0.6625
masterpiece:0.658
cinematography:0.65325
complex characters:0.6485
nocturnal:0.645
adaptation:0.6395
golden palm:0.63325
interesting:0.62625
intense:0.62225
adultery:0.622
social commentary:0.615
oscar (best cinematography):0.61325
twists & turns:0.60575
atmospheric:0.605
witty:0.59775
manipulation:0.5905
forceful:0.58375
good soundtrack:0.581
infidelity:0.581
entirely dialogue:0.57425
runaway:0.573
affectionate:0.56925
dark:0.56925
greed:0.566
disturbing:0.56475
complex:0.5635
oscar (best supporting actor):0.5635
brutality:0.55175
grim:0.5495
corruption:0.54375
great:0.53275
multiple storylines:0.5315
great ending:0.53025
excellent script:0.5295
stylized:0.52825
enigmatic:0.5265
movielens top pick:0.525
depressing:0.523
oscar (best writing - screenplay written directly for the screen):0.5225
secrets:0.51775
classic:0.5115
biting:0.50525
confrontational:0.49925
bleak:0.49875
black comedy:0.49425
poignant:0.491
intellectual:0.48975
alcoholism:0.4895
narrated:0.483
adapted from:book:0.4825
great movie:0.48225
clever:0.47575
hotel:0.4705
redemption:0.4655
visceral:0.4635
cathartic:0.45975
passionate:0.4585
melancholy:0.45675
storytelling:0.451
ensemble cast:0.451
