revenge:0.9235
violence:0.91275
intense:0.88275
prison:0.87675
crime:0.8735
great movie:0.83925
mentor:0.82425
teen movie:0.80525
teen:0.7975
violent:0.7905
exceptional acting:0.783
redemption:0.7805
brutality:0.7325
good:0.7295
corruption:0.7245
gritty:0.7165
original:0.7065
good soundtrack:0.69875
realistic:0.67625
heist:0.66975
visceral:0.66925
gangs:0.6665
good action:0.66625
excellent:0.65875
drugs:0.6555
gangster:0.6475
drama:0.63975
dramatic:0.6295
cool:0.619
pg-13:0.61075
vengeance:0.609
great:0.60875
foul language:0.58975
harsh:0.58775
bullying:0.5755
crime gone awry:0.5745
teens:0.573
brutal:0.5695
gangsters:0.5685
rape:0.56725
survival:0.56675
great ending:0.5555
dialogue:0.5545
runaway:0.54825
fight scenes:0.54625
suspense:0.5455
fighting:0.5435
chase:0.53525
stereotypes:0.53425
murder:0.5305
moral ambiguity:0.52175
good acting:0.51475
80s:0.50575
prison escape:0.50475
justice:0.50125
entertaining:0.49525
disturbing:0.4915
action:0.4835
suspenseful:0.4795
fun movie:0.47775
teenager:0.47575
betrayal:0.46375
highly quotable:0.46325
great acting:0.45975
predictable:0.44775
nudity (full frontal - brief):0.4465
geek:0.44325
gunfight:0.44175
interesting:0.4405
stylized:0.4405
cult classic:0.4405
high school:0.4395
underdog:0.43375
not funny:0.43375
california:0.4265
catastrophe:0.41275
geeks:0.41125
oscar (best directing):0.39275
sexualized violence:0.3905
story:0.39025
thriller:0.38825
life philosophy:0.374
oscar (best effects - visual effects):0.37225
pornography:0.36875
adaptation:0.36875
talky:0.367
complex:0.36025
buddy movie:0.3565
awesome soundtrack:0.35225
storytelling:0.35125
school:0.34875
hip hop:0.3455
guilt:0.345
friendship:0.3435
culture clash:0.342
very interesting:0.3385
police corruption:0.3375
lone hero:0.337
adolescence:0.3355
unlikely friendships:0.3345
