mother-son relationship:0.9965
incest:0.9805
adultery:0.894
dysfunctional family:0.87425
gay:0.846
nudity (topless - brief):0.82825
nudity (rear):0.80675
queer:0.77
cinematography:0.76925
complex:0.75875
pornography:0.75425
male nudity:0.74825
infidelity:0.73675
original:0.73525
death:0.7185
vengeance:0.708
shallow:0.65725
relationships:0.657
family drama:0.65675
stylized:0.6375
disturbing:0.63125
emotional:0.62375
story:0.61125
dialogue:0.60225
drama:0.59975
based on a book:0.5935
murder:0.58975
sex:0.58925
weird:0.581
mental illness:0.5735
sexual:0.573
nudity (topless):0.55575
sexualized violence:0.555
dark:0.55
plot:0.54725
period piece:0.54425
visual:0.54275
good soundtrack:0.54225
pretentious:0.537
life philosophy:0.531
cult classic:0.5275
storytelling:0.52
obsession:0.5175
camp:0.51625
voyeurism:0.51475
artistic:0.51325
great ending:0.51125
based on true story:0.5075
catastrophe:0.50025
complicated:0.4915
spain:0.49
parenthood:0.48525
melancholic:0.48525
culture clash:0.482
true story:0.47975
depression:0.4745
unfunny:0.47425
predictable:0.46475
controversial:0.44525
psychology:0.44525
graphic novel:0.444
fantasy world:0.42975
series:0.42975
brothers:0.42925
visually appealing:0.42875
insanity:0.42075
brutality:0.41925
brainwashing:0.418
murder mystery:0.418
cerebral:0.41175
parallel universe:0.41075
suicide:0.4105
writers:0.406
overrated:0.40025
happy ending:0.4
complex characters:0.399
based on book:0.39525
schizophrenia:0.3925
existentialism:0.39125
intense:0.38975
runaway:0.38875
plot holes:0.38625
tragedy:0.384
costume drama:0.38
mentor:0.376
bleak:0.375
father son relationship:0.37475
psychological:0.37225
family:0.37125
not funny:0.37125
social commentary:0.3705
original plot:0.36825
mother daughter relationship:0.367
road movie:0.3645
cult film:0.364
art house:0.364
guilt:0.357
sexual abuse:0.35675
family bonds:0.35675
revenge:0.3565
