distopia:0.99975
futuristic:0.9945
future:0.98975
dystopia:0.9845
sci-fi:0.9645
surveillance:0.962
sci fi:0.95225
robots:0.94925
science fiction:0.949
visual:0.945
scifi:0.92925
technology:0.9025
visually stunning:0.8505
cerebral:0.847
existentialism:0.84575
clones:0.83675
robot:0.81225
original:0.8055
utopia:0.8045
dystopic future:0.80275
post apocalyptic:0.787
cinematography:0.78375
weird:0.78
loneliness:0.771
visually appealing:0.769
bleak:0.7685
philosophical:0.762
androids:0.7605
post-apocalyptic:0.73425
enigmatic:0.7325
imagination:0.72
allegory:0.7095
stylized:0.70025
psychiatry:0.694
alone in the world:0.6935
very interesting:0.69125
cloning:0.689
storytelling:0.6875
cult film:0.68575
criterion:0.6775
mindfuck:0.66175
surreal:0.63175
george orwell:0.6235
philosophy:0.62325
brainwashing:0.6205
life philosophy:0.617
space opera:0.60325
creativity:0.59525
masterpiece:0.5935
cult classic:0.58275
thought-provoking:0.58075
great cinematography:0.57025
dialogue:0.567
talky:0.5655
social commentary:0.56125
first contact:0.54625
prison escape:0.5455
obsession:0.54325
melancholic:0.54
visuals:0.53775
humanity:0.5315
philip k. dick:0.53
android(s)/cyborg(s):0.523
art house:0.52125
rebellion:0.5175
psychological:0.51725
intellectual:0.51725
directorial debut:0.517
space:0.51475
art:0.5075
life & death:0.507
complex:0.50625
golden palm:0.50425
catastrophe:0.5005
pretentious:0.50025
greed:0.4835
memory:0.4755
great ending:0.47175
genetics:0.4685
cyberpunk:0.45975
interesting:0.459
parallel universe:0.453
atmospheric:0.44325
reflective:0.43475
motorcycle:0.4335
slow paced:0.43075
low budget:0.429
classic:0.42675
chase:0.424
plot holes:0.423
solitude:0.4225
artificial intelligence:0.42125
alternate reality:0.42
absurd:0.418
melancholy:0.41525
paranoid:0.41475
insanity:0.41375
identity:0.4055
story:0.4055
unusual plot structure:0.40375
