musicians:0.99475
music:0.98975
biographical:0.95225
documentary:0.952
cancer:0.919
intimate:0.89
biography:0.871
talky:0.8675
criterion:0.8665
oscar (best foreign language film):0.852
world politics:0.84825
life:0.844
life & death:0.843
biopic:0.84275
reflective:0.8375
destiny:0.8265
death:0.80775
marijuana:0.78925
honest:0.777
depression:0.77325
politics:0.772
oscar (best actress):0.7705
tragedy:0.76875
love:0.7465
lyrical:0.744
good soundtrack:0.74375
oscar (best directing):0.74325
poverty:0.7405
black and white:0.7335
original:0.71025
musical:0.70775
childhood:0.70475
rock and roll:0.69975
poignant:0.68925
narrated:0.685
excellent script:0.681
dramatic:0.678
bittersweet:0.678
social commentary:0.67725
affectionate:0.661
earnest:0.6545
passionate:0.64725
touching:0.6455
artistic:0.64125
oscar (best supporting actress):0.627
bollywood:0.627
downbeat:0.626
idealism:0.611
music business:0.60775
oscar (best actor):0.59775
weed:0.59125
great ending:0.58325
heartwarming:0.583
history:0.57925
drugs:0.578
mental illness:0.57675
philosophical:0.5735
sad:0.54575
inspiring:0.544
masterpiece:0.54025
melancholy:0.53975
hip hop:0.5375
breathtaking:0.5355
1970s:0.53425
meditative:0.5315
brutality:0.53
compassionate:0.52725
great acting:0.524
political:0.51775
runaway:0.51725
artist:0.513
amazing photography:0.511
islam:0.509
male nudity:0.49725
creativity:0.49575
internet:0.494
depressing:0.483
bleak:0.4805
indie:0.48025
japan:0.48
weird:0.478
obsession:0.47325
cynical:0.47025
grim:0.47
great music:0.46675
nudity (topless - notable):0.465
melancholic:0.46225
eccentricity:0.46175
insanity:0.46125
good music:0.459
mentor:0.4575
very interesting:0.456
stoner movie:0.4485
greed:0.44775
art:0.4475
small town:0.4455
drama:0.43925
corruption:0.439
highly quotable:0.43025
aids:0.43025
