rock and roll:0.99325
awesome soundtrack:0.9405
cult classic:0.91325
fun movie:0.8465
high school:0.8375
cult film:0.81025
teen:0.79525
teen movie:0.79325
teens:0.781
music:0.75
goofy:0.743
silly fun:0.71975
teenager:0.7025
rebellion:0.68425
original:0.663
punk:0.6425
musicians:0.63575
cool:0.63025
bullying:0.6255
musical:0.61975
great soundtrack:0.61
teenagers:0.597
great:0.58725
good soundtrack:0.563
good music:0.54225
grindhouse:0.53875
stoner movie:0.4975
fun:0.4915
geek:0.47075
runaway:0.46725
cult:0.46
great music:0.452
teacher:0.43375
weird:0.43225
80s:0.4295
catastrophe:0.4145
campy:0.41075
adolescence:0.41
school:0.409
dialogue:0.40875
so bad it's funny:0.39925
creativity:0.39625
nostalgic:0.3805
great ending:0.36275
life philosophy:0.36175
camp:0.35975
mentor:0.358
hilarious:0.34925
quotable:0.34525
parody:0.34375
silly:0.3395
vengeance:0.3395
quirky:0.335
dance:0.3325
brutality:0.329
comedy:0.327
light:0.32
criterion:0.31925
childhood:0.31425
stupidity:0.3115
geeks:0.30925
classic:0.3065
nerds:0.30575
very funny:0.30325
music business:0.302
dumb but funny:0.30125
humorous:0.2945
suprisingly clever:0.29175
lone hero:0.2905
sexy:0.28975
fantasy world:0.2855
not funny:0.2855
nostalgia:0.28425
whimsical:0.28275
revenge:0.28125
absurd:0.281
low budget:0.27925
harsh:0.2785
fantasy:0.277
melancholic:0.27675
entirely dialogue:0.2765
unfunny:0.2735
fight scenes:0.2705
enigmatic:0.27025
drinking:0.27
adaptation:0.26925
halloween:0.26825
clever:0.26525
unusual plot structure:0.26425
splatter:0.264
mad scientist:0.264
alter ego:0.26275
storytelling:0.2625
hip hop:0.25675
first contact:0.25325
obsession:0.2525
talky:0.2475
slapstick:0.245
good:0.24475
pornography:0.238
