noir thriller:0.99625
nazis:0.9895
nazi:0.96275
innocence lost:0.95275
world war ii:0.94025
fascism:0.9285
jews:0.91175
suspense:0.905
dramatic:0.9
latin america:0.89375
tense:0.891
murder:0.85325
thriller:0.85275
great acting:0.842
genocide:0.8305
obsession:0.829
criterion:0.82225
suspenseful:0.81675
secrets:0.79925
film noir:0.78525
original:0.77075
small town:0.7685
hitchcock:0.766
wwii:0.763
investigation:0.7605
war:0.7575
germany:0.755
anti-semitism:0.7545
runaway:0.7385
greed:0.72325
great ending:0.721
holocaust:0.715
noir:0.70675
oscar (best actress):0.69875
identity:0.6965
imdb top 250:0.6935
conspiracy:0.69025
story:0.683
great cinematography:0.682
powerful ending:0.67925
interesting:0.6755
espionage:0.67125
talky:0.66825
good:0.66725
dialogue:0.666
oscar (best directing):0.66475
poland:0.6635
police investigation:0.66075
very interesting:0.65575
storytelling:0.65175
clever:0.6485
england:0.64825
light:0.64675
cinematography:0.6465
dark:0.645
justice:0.6405
atmospheric:0.6355
surprise ending:0.633
war movie:0.63175
guilt:0.62975
mentor:0.6295
moral ambiguity:0.626
chase:0.62575
spying:0.61975
great:0.61925
murder mystery:0.61625
corruption:0.61275
enigmatic:0.606
twists & turns:0.601
crime:0.59225
psychological:0.5915
oscar (best supporting actress):0.5895
assassination:0.58425
forceful:0.58425
german:0.5835
good acting:0.58025
betrayal:0.5725
mystery:0.5715
earnest:0.56925
complex:0.5665
witty:0.563
idealism:0.56175
oscar:0.56
culture clash:0.55875
exceptional acting:0.5585
intense:0.5585
drama:0.55525
grim:0.55525
wartime:0.5545
vienna:0.55075
paranoia:0.55025
movielens top pick:0.54375
gunfight:0.53775
great movie:0.53675
adapted from:book:0.534
propaganda:0.53375
very good:0.53225
intelligent:0.5295
tricky:0.5245
paranoid:0.5195
