psychology:0.99225
psychological:0.9875
prison:0.9805
based on a true story:0.94575
germany:0.925
male nudity:0.924
true story:0.9105
violence:0.9105
intense:0.90875
german:0.90375
claustrophobic:0.899
prison escape:0.8895
brutality:0.87575
tense:0.87425
based on true story:0.86775
original:0.8495
thought-provoking:0.84475
very interesting:0.84275
dramatic:0.82075
great acting:0.81525
powerful ending:0.81425
disturbing:0.8115
thriller:0.80825
brutal:0.79
social commentary:0.78575
interesting:0.7765
corruption:0.77075
good:0.76275
storytelling:0.73825
surveillance:0.71875
violent:0.71625
mentor:0.70375
drama:0.70275
great ending:0.69
good acting:0.6895
torture:0.6795
good soundtrack:0.679
harsh:0.65975
visceral:0.6525
suspense:0.64425
humanity:0.6435
idealism:0.62175
paranoia:0.61875
twists & turns:0.612
rape:0.6075
sexualized violence:0.6025
complex:0.59525
plot:0.59425
fascism:0.593
stylized:0.5915
cerebral:0.5855
clever:0.58525
grim:0.58325
gory:0.583
bleak:0.58175
twist:0.57875
realistic:0.57825
survival:0.572
redemption:0.568
intelligent:0.568
manipulation:0.56625
insanity:0.5505
justice:0.54575
intellectual:0.54375
great:0.53575
excellent script:0.53425
hard to watch:0.5335
alternate endings:0.52925
greed:0.529
talky:0.52375
forceful:0.52325
very good:0.519
pg-13:0.51875
suprisingly clever:0.5185
sexual abuse:0.516
paranoid:0.51525
atmospheric:0.5145
great movie:0.51425
foreign:0.5125
secrets:0.51025
1970s:0.50925
ethnic conflict:0.50675
amazing photography:0.5065
cinematography:0.503
pornography:0.50275
excellent:0.50125
narrated:0.49425
nazis:0.4915
visually appealing:0.49075
imdb top 250:0.48825
story:0.4855
nudity (full frontal - notable):0.48475
runaway:0.48425
criterion:0.4795
catastrophe:0.47725
moral ambiguity:0.47475
exceptional acting:0.4745
guilt:0.46925
weird:0.46875
movielens top pick:0.4655
