cynical:0.96775
wartime:0.91425
imdb top 250:0.89975
bleak:0.88725
berlin:0.8815
world war ii:0.861
grim:0.84775
germany:0.83175
nazis:0.8155
talky:0.80525
narrated:0.80525
witty:0.80375
black and white:0.80125
greed:0.80075
criterion:0.78175
downbeat:0.7815
gunfight:0.777
runaway:0.77
german:0.7555
investigation:0.7535
relationships:0.75025
noir:0.7425
morality:0.7355
intimate:0.734
culture clash:0.72975
obsession:0.72325
vienna:0.72175
oscar (best directing):0.71825
oscar (best supporting actress):0.714
sexy:0.71325
wwii:0.711
nazi:0.699
oscar (best actress):0.6935
reflective:0.69325
satirical:0.69275
politics:0.69225
original:0.6805
adapted from:book:0.67875
hotel:0.66875
great ending:0.65475
love:0.6505
police investigation:0.6495
harsh:0.64325
based on a play:0.64125
love triangles:0.63575
character study:0.6275
oscar (best cinematography):0.625
social commentary:0.61975
adultery:0.61725
great:0.6165
corruption:0.6145
affectionate:0.60975
stylized:0.60475
sarcasm:0.6025
golden palm:0.59975
california:0.59275
bittersweet:0.58975
women:0.58875
enigmatic:0.581
great acting:0.579
historical:0.5725
quotable:0.57
drinking:0.56725
melancholy:0.565
fighting the system:0.56275
based on book:0.555
atmospheric:0.55325
dialogue:0.54825
movielens top pick:0.54325
dramatic:0.53725
cinematography:0.53725
costume drama:0.532
afi 100 (movie quotes):0.529
writers:0.52625
political:0.52475
breathtaking:0.51325
exceptional acting:0.51
murder:0.5075
poignant:0.49825
world politics:0.497
passionate:0.49225
romantic:0.492
prostitution:0.49175
male nudity:0.48925
insanity:0.4885
nudity (topless - notable):0.48675
oscar (best supporting actor):0.48375
forceful:0.48325
assassination:0.48125
complicated:0.48
classic:0.47375
paranoid:0.4725
very good:0.471
sexualized violence:0.469
betrayal:0.468
based on a book:0.4675
tragedy:0.46025
unlikely friendships:0.4595
love story:0.459
romance:0.459
