baseball:0.997
sports:0.93175
feel-good:0.9055
fantasy:0.8975
father son relationship:0.84525
feel good movie:0.83875
sentimental:0.838
nostalgic:0.817
redemption:0.817
destiny:0.8115
mentor:0.8085
great movie:0.80725
good:0.8065
drama:0.798
touching:0.79575
inspirational:0.76825
original:0.76775
afi 100 (movie quotes):0.75075
classic:0.7395
whimsical:0.73075
love story:0.72
great:0.718
childhood:0.70175
magic:0.69175
dreams:0.68575
sappy:0.6815
fun movie:0.6785
great acting:0.6775
family:0.66175
story:0.64625
excellent script:0.6375
oscar (best directing):0.62925
oscar (best picture):0.62575
earnest:0.61725
good acting:0.60475
intense:0.6045
oscar winner:0.6005
boston:0.59875
chase:0.5985
love:0.5975
father-son relationship:0.59675
great ending:0.5965
interesting:0.5955
happy ending:0.5895
tear jerker:0.58675
pg-13:0.5835
dialogue:0.58175
life philosophy:0.573
courage:0.572
sweet:0.5675
good action:0.5505
heartwarming:0.54825
passionate:0.548
emotional:0.5405
mythology:0.54
clever:0.53975
storytelling:0.5245
excellent:0.5215
life & death:0.51825
quotable:0.5145
transformation:0.511
romantic:0.5065
light:0.495
oscar (best supporting actress):0.49225
catastrophe:0.4915
idealism:0.4885
underdog:0.48525
beautiful scenery:0.47575
oscar (best effects - visual effects):0.4745
doctors:0.4745
sacrifice:0.4695
honest:0.46725
fun:0.46575
inspiring:0.464
imdb top 250:0.46225
oscar:0.456
magic realism:0.4545
based on book:0.45125
1980s:0.4495
adapted from:book:0.43975
adaptation:0.438
first contact:0.435
entertaining:0.43475
suspense:0.431
ghosts:0.43
special effects:0.427
simple:0.41825
oscar (best actress):0.4145
life:0.41425
runaway:0.409
us history:0.4085
alternate reality:0.4085
kids and family:0.408
culture clash:0.407
football:0.40425
very good:0.4035
bittersweet:0.40075
time:0.4005
chick flick:0.39925
justice:0.39475
