horror:0.9795
police:0.95875
supernatural:0.95775
creepy:0.957
cult:0.9135
weird:0.91125
claustrophobic:0.857
cult classic:0.844
low budget:0.83975
original:0.8345
splatter:0.83125
ghosts:0.74475
police investigation:0.7375
off-beat comedy:0.72625
atmospheric:0.71075
scary:0.70775
ominous:0.6775
good soundtrack:0.6125
cult film:0.6075
dark:0.59525
eerie:0.57825
twist:0.57275
isolation:0.5715
light:0.546
teens:0.5425
tense:0.54075
runaway:0.537
chase:0.51625
nudity (full frontal - notable):0.5145
family drama:0.50625
detective:0.5045
talky:0.504
investigation:0.495
suspenseful:0.49475
haunted house:0.4915
good acting:0.491
good:0.4875
bad ending:0.48175
bad acting:0.477
so bad it's funny:0.4725
police corruption:0.45725
great ending:0.448
intense:0.4425
pointless:0.43075
macabre:0.43025
corruption:0.428
gory:0.426
demons:0.4245
catastrophe:0.41075
effects:0.40125
golden palm:0.399
disturbing:0.39475
predictable:0.39475
suspense:0.39225
psychological:0.38975
downbeat:0.38925
goofy:0.385
life philosophy:0.3805
melancholic:0.3765
sexy:0.3735
visceral:0.36
nocturnal:0.35
fantasy world:0.34675
strange:0.34375
plot twist:0.34025
california:0.33375
cinematography:0.33125
criterion:0.32775
werewolf:0.3275
mentor:0.3275
not funny:0.32725
small town:0.32575
pornography:0.3245
brutality:0.3235
radio:0.323
slasher:0.322
enigmatic:0.32125
interesting:0.3195
melancholy:0.31875
camp:0.31475
murder:0.3145
workplace:0.31325
zombie:0.31125
great movie:0.30625
goretastic:0.305
exceptional acting:0.29975
twists & turns:0.2975
internet:0.2975
suprisingly clever:0.294
excellent script:0.294
visual:0.2925
frightening:0.29225
sacrifice:0.28925
serial killer:0.28725
adapted from:book:0.2865
sexualized violence:0.28425
unusual plot structure:0.28125
vengeance:0.28
very good:0.27775
multiple storylines:0.2755
