assassin:0.994
hit men:0.93125
teen movie:0.91275
violent:0.907
good soundtrack:0.89425
assassins:0.88975
original:0.889
assassination:0.8525
violence:0.81625
great dialogue:0.8085
teens:0.8035
teen:0.794
friendship:0.79375
bloody:0.79325
unlikely friendships:0.76025
runaway:0.75975
adolescence:0.7595
cancer:0.74
brutality:0.73925
life & death:0.7135
goofy:0.69975
quirky:0.697
hitman:0.67825
dialogue:0.656
mentor:0.6505
stylish:0.64175
teenager:0.6405
guns:0.63575
directorial debut:0.6225
dark comedy:0.61875
male nudity:0.61725
pornography:0.613
adaptation:0.60675
surreal:0.60675
blood:0.60275
plot:0.6025
drama:0.601
justice:0.5905
stylized:0.57
weird:0.567
culture clash:0.56575
sexualized violence:0.56525
intense:0.564
action:0.55725
coming of age:0.55425
parody:0.5445
teenagers:0.542
dark hero:0.5385
murder:0.5385
very interesting:0.5385
reflective:0.518
revenge:0.5145
whimsical:0.51375
narrated:0.51275
existentialism:0.5125
interesting:0.511
depression:0.50975
classic car:0.50775
good acting:0.5075
dark humor:0.507
adapted from:book:0.50575
nudity (full frontal - brief):0.50475
quotable:0.50075
gangsters:0.496
crazy:0.49125
talky:0.487
honest:0.487
storytelling:0.48625
enormously long battle scene:0.48575
pg-13:0.4785
twists & turns:0.47625
black comedy:0.47275
redemption:0.468
great ending:0.4545
entertaining:0.4525
gory:0.45125
catastrophe:0.45025
story:0.44475
excellent script:0.443
clever:0.441
race issues:0.43725
pulp:0.425
independent film:0.4205
social commentary:0.4185
mob:0.416
dramatic:0.4095
predictable:0.4065
comedy:0.40575
absurd:0.4055
destiny:0.4055
underdog:0.404
underrated:0.4025
indie:0.402
visually stunning:0.399
unrealistic:0.39825
mental illness:0.39825
great soundtrack:0.39825
grindhouse:0.3965
multiple storylines:0.39525
corruption:0.39275
