horrible:0.9105
so bad it's funny:0.86125
bad plot:0.79925
awful:0.7985
original:0.72075
lame:0.69575
predictable:0.675
family:0.67375
comedy:0.63725
writers:0.5235
unfunny:0.514
funny:0.514
bad:0.5085
internet:0.4955
dialogue:0.4945
mentor:0.48225
shallow:0.4785
pointless:0.43425
very funny:0.43325
fantasy world:0.4225
fun:0.418
life philosophy:0.41675
catastrophe:0.41075
humorous:0.4065
overrated:0.40125
sci fi:0.37375
disaster:0.373
women:0.37225
great ending:0.371
first contact:0.36875
special effects:0.36025
quirky:0.35875
idiotic:0.35725
destiny:0.35475
adaptation:0.3515
stereotypes:0.347
stupid:0.336
runaway:0.33475
brutality:0.322
storytelling:0.3215
fight scenes:0.321
violence:0.32
cerebral:0.3195
funny as hell:0.3165
cult film:0.31575
melancholic:0.30875
natural disaster:0.308
entirely dialogue:0.3065
bad acting:0.30275
nudity (full frontal - brief):0.29825
cheesy:0.2965
story:0.2955
crude humor:0.288
lone hero:0.2865
redemption:0.28625
imdb top 250:0.285
chase:0.2845
adapted from:book:0.2845
good soundtrack:0.281
script:0.28075
unlikely friendships:0.28025
weapons:0.278
happy ending:0.27325
culture clash:0.272
fantasy:0.272
boring:0.27025
entertaining:0.267
franchise:0.26575
based on a book:0.26425
big budget:0.26225
surreal:0.26
nudity (topless - notable):0.259
gangsters:0.25375
absurd:0.25025
slapstick:0.25025
no plot:0.2495
waste of time:0.24875
not funny:0.24875
nocturnal:0.24625
romantic:0.245
boring!:0.24375
oscar (best directing):0.24325
teen movie:0.24275
death:0.2415
light:0.2395
pornography:0.2395
vengeance:0.23875
god:0.238
pg-13:0.2375
justice:0.23725
dreamlike:0.233
good:0.23225
high school:0.23225
criterion:0.231
life & death:0.23075
friendship:0.22875
greed:0.2285
queer:0.22725
feel-good:0.22725
camp:0.22475
