romantic comedy:0.81525
life philosophy:0.75375
original:0.71625
sarcasm:0.7105
great:0.68925
romantic:0.6285
dialogue:0.601
comedy:0.57225
predictable:0.536
great movie:0.52875
cancer:0.5055
mentor:0.50475
bad plot:0.48825
great ending:0.47825
funny:0.47725
love story:0.475
catastrophe:0.475
so bad it's funny:0.4745
very funny:0.4475
romance:0.445
idiotic:0.444
goofy:0.42675
boston:0.42
scenic:0.412
stupid:0.4115
original plot:0.40225
light:0.378
first contact:0.375
brutality:0.3725
humorous:0.367
destiny:0.36375
overrated:0.35575
redemption:0.352
entirely dialogue:0.34675
good soundtrack:0.335
transformation:0.33075
special effects:0.33
happy ending:0.3285
lone hero:0.327
cinematography:0.326
story:0.3215
entertaining:0.3175
nudity (full frontal - brief):0.317
vengeance:0.317
natural disaster:0.314
harsh:0.31225
melancholic:0.306
feel-good:0.30125
awful:0.30075
storytelling:0.2965
heist:0.29175
mad scientist:0.2885
runaway:0.285
bad:0.282
gangsters:0.28
chase:0.27875
fantasy world:0.278
road movie:0.274
writers:0.2735
pointless:0.27325
underrated:0.26825
fun:0.26625
adaptation:0.266
bad ending:0.26525
criterion:0.26275
corruption:0.26
sexy:0.25975
quirky:0.2555
family:0.25525
stupidity:0.24875
good action:0.24875
weird:0.24675
relationships:0.246
bad cgi:0.24325
feel good movie:0.24325
big budget:0.24075
greed:0.23925
visually stunning:0.23875
crime:0.23775
satire:0.23575
irish:0.235
cute:0.23325
sci fi:0.23325
police investigation:0.23175
visually appealing:0.2295
fun movie:0.22925
fight scenes:0.22925
culture clash:0.228
betrayal:0.2255
satirical:0.2255
pornography:0.22475
good:0.22325
cult film:0.223
crude humor:0.22225
adapted from:book:0.22225
shallow:0.22175
oscar (best directing):0.221
not funny:0.21825
suspense:0.21625
silly fun:0.21575
