animals:0.97625
talking animals:0.9565
musical:0.93225
fantasy:0.883
family:0.82325
original:0.82
children:0.78725
animal movie:0.7765
magic:0.757
whimsical:0.752
fairy tale:0.731
doctors:0.71475
adventure:0.69025
great:0.6685
dialogue:0.65825
70mm:0.654
fantasy world:0.64475
music:0.57175
story:0.5585
great movie:0.5525
fun movie:0.5525
1930s:0.53025
treasure:0.52825
childhood:0.5225
island:0.51775
great ending:0.5125
mentor:0.50325
cartoon:0.50225
special effects:0.4925
feel-good:0.49075
fun:0.46675
talky:0.46175
adaptation:0.45825
catastrophe:0.45375
greed:0.453
kids and family:0.45225
good:0.42525
clever:0.42525
colourful:0.409
disney:0.408
pointless:0.4045
destiny:0.40275
dancing:0.40175
books:0.399
computer animation:0.397
predictable:0.3965
redemption:0.38975
feel good movie:0.38575
light:0.383
entertaining:0.3805
romantic:0.3785
storytelling:0.378
good versus evil:0.37775
mad scientist:0.37725
family drama:0.36625
alter ego:0.36375
high fantasy:0.3625
stereotypes:0.357
silly:0.35475
culture clash:0.35425
based on a play:0.35175
runaway:0.34525
oscar (best music - original song):0.33775
happy ending:0.33475
lone hero:0.33275
writers:0.331
adapted from:book:0.33075
good soundtrack:0.32975
kids:0.328
police investigation:0.32725
scenic:0.323
race:0.32125
animation:0.31975
oscar:0.3185
first contact:0.317
based on book:0.3165
not funny:0.31525
good music:0.31475
cute:0.314
creativity:0.312
brutality:0.31125
visually stunning:0.31
entirely dialogue:0.3095
melancholic:0.3055
animated:0.30325
life philosophy:0.303
fight scenes:0.297
too long:0.29575
visual:0.295
good action:0.29325
bad plot:0.291
visually appealing:0.28575
slapstick:0.28375
underrated:0.28275
cinematography:0.28
original plot:0.27975
witty:0.27825
very funny:0.27425
pornography:0.274
chase:0.269
