oscar (best animated feature):0.9925
animation:0.9685
visually appealing:0.94925
weird:0.942
stylized:0.92625
cartoon:0.917
french:0.91375
animated:0.891
original:0.887
visual:0.8855
quirky:0.88275
gangsters:0.8735
visually stunning:0.85325
absurd:0.8465
france:0.841
surreal:0.8335
storytelling:0.83075
whimsical:0.821
bizarre:0.80025
melancholic:0.79925
mafia:0.79775
imagination:0.78825
criterion:0.7735
dialogue:0.77225
computer animation:0.72825
clever:0.72425
animal movie:0.72325
stylish:0.7185
kidnapping:0.7035
social commentary:0.7015
very interesting:0.7005
artistic:0.69475
creativity:0.6845
interesting:0.68125
good soundtrack:0.67825
dark:0.6655
complex:0.654
witty:0.65225
obsession:0.64675
organized crime:0.64625
talky:0.63
great ending:0.62725
dark humor:0.62725
surrealism:0.62
colourful:0.612
mob:0.60925
paris:0.6065
plot:0.60475
dog:0.5995
strange:0.597
imdb top 250:0.5945
atmospheric:0.5915
humorous:0.58575
dogs:0.57825
enigmatic:0.57475
irreverent:0.56575
great:0.56375
satirical:0.5595
entirely dialogue:0.558
allegory:0.55775
animals:0.55225
runaway:0.552
twists & turns:0.551
silent:0.546
story:0.54575
narrated:0.54325
foreign:0.53475
greed:0.5335
affectionate:0.53025
off-beat comedy:0.52925
downbeat:0.52325
stunning:0.51375
suprisingly clever:0.51225
art:0.511
macabre:0.5105
unique:0.509
eccentricity:0.50725
complicated plot:0.4945
culture clash:0.49325
breathtaking:0.48725
melancholy:0.486
unusual plot structure:0.485
cerebral:0.48475
masterpiece:0.47875
anime:0.4765
dreamlike:0.47625
brutality:0.474
stereotypes:0.469
visuals:0.4655
pornography:0.46225
good music:0.461
intimate:0.459
satire:0.45325
reflective:0.453
black and white:0.447
very funny:0.446
light:0.44525
censorship:0.4435
beautifully filmed:0.44
cinematography:0.439
