oscar (best animated feature):0.99425
japan:0.994
anime:0.96275
firefly:0.96025
animated:0.945
studio ghibli:0.9425
japanese:0.926
animation:0.92225
storytelling:0.91775
melancholic:0.91425
imagination:0.91375
childhood:0.912
visually appealing:0.89825
beautiful:0.89525
weird:0.858
surreal:0.82825
beautifully filmed:0.825
colourful:0.81875
criterion:0.809
whimsical:0.802
breathtaking:0.78575
tokyo:0.7855
original:0.7845
masterpiece:0.756
enigmatic:0.75175
fantasy world:0.74425
miyazaki:0.7295
visually stunning:0.72325
bittersweet:0.72125
oscar (best foreign language film):0.72075
stunning:0.71975
art house:0.6905
dreamlike:0.69
strange:0.68975
golden palm:0.683
artistic:0.67775
art:0.66375
melancholy:0.63025
stylized:0.61325
transformation:0.60875
life:0.5995
imdb top 250:0.59775
tragedy:0.5955
loneliness:0.584
reflective:0.58375
visual:0.57975
adolescence:0.574
story:0.55125
allegory:0.546
downbeat:0.54275
creativity:0.54275
lyrical:0.53375
self discovery:0.51675
wilderness:0.50975
meditative:0.509
intimate:0.50825
coming-of-age:0.4955
bleak:0.4925
dreams:0.4915
suprisingly clever:0.49125
light:0.48325
talky:0.48
amazing cinematography:0.4765
life & death:0.474
character study:0.47325
atmospheric:0.46575
harsh:0.454
slow paced:0.453
vengeance:0.44975
culture clash:0.446
cinematography:0.44175
awesome soundtrack:0.4405
foreign:0.436
friendship:0.43525
unlikely friendships:0.428
heartbreaking:0.428
simple:0.42325
oscar:0.41475
unusual plot structure:0.411
mentor:0.409
macabre:0.40825
oscar (best directing):0.40725
catastrophe:0.40375
affectionate:0.398
beautiful scenery:0.39775
obsession:0.39575
emotional:0.3925
very interesting:0.3915
coming of age:0.39025
oscar (best supporting actress):0.38925
grim:0.38225
dramatic:0.38125
environmental:0.37975
idealism:0.374
stop motion:0.3705
social commentary:0.37025
afterlife:0.369
poignant:0.369
runaway:0.36225
brutality:0.36
