based on a tv show:0.94325
original:0.8435
bad plot:0.813
pointless:0.78375
predictable:0.7795
horrible:0.76775
dialogue:0.72425
mentor:0.7235
action:0.696
undercover cop:0.68125
realistic action:0.66925
cool:0.667
police corruption:0.659
remake:0.6415
teen movie:0.60025
series:0.59025
franchise:0.5845
so bad it's funny:0.584
bad script:0.566
idiotic:0.559
bad:0.5075
action packed:0.49525
great ending:0.495
lame:0.493
violence:0.48675
twists & turns:0.47825
pornography:0.476
storytelling:0.472
destiny:0.46725
entirely dialogue:0.455
adaptation:0.452
fun movie:0.44925
disaster:0.448
no plot:0.44725
shallow:0.44725
good soundtrack:0.44675
fight scenes:0.441
life philosophy:0.436
runaway:0.43425
weapons:0.43425
family:0.43125
brutality:0.42075
fantasy world:0.41825
quirky:0.4165
overrated:0.41575
cinematography:0.4115
big budget:0.40975
catastrophe:0.4095
first contact:0.40925
sexualized violence:0.4085
teen:0.40475
chase:0.40375
fun:0.40025
stereotypes:0.39425
plot:0.38825
vengeance:0.3835
corruption:0.3825
boring:0.38
justice:0.37775
stylish:0.37775
teens:0.36425
writers:0.36075
nocturnal:0.356
unusual plot structure:0.3515
redemption:0.351
boring!:0.34775
pg-13:0.347
nudity (full frontal - brief):0.34575
police investigation:0.34375
reality tv:0.3425
crime:0.34175
gangsters:0.3415
light:0.34125
silly fun:0.3405
complex:0.34
feel-good:0.33875
prostitution:0.3375
not funny:0.33425
story:0.333
melancholic:0.32925
superheroes:0.3285
cult film:0.3275
nudity (topless - notable):0.3265
stylized:0.3235
bad ending:0.32
stupid as hell:0.3165
super-hero:0.313
feel good movie:0.31025
super hero:0.30975
entertaining:0.30925
spying:0.30875
script:0.3065
dreamlike:0.3065
death:0.30475
suspense:0.303
slapstick:0.3025
awful:0.30075
betrayal:0.29775
sci fi:0.29675
pulp:0.2965
