military:0.943
great acting:0.91975
dramatic:0.90525
iraq war:0.8785
death:0.8765
emotional:0.87325
war:0.8435
drama:0.8425
intense:0.842
relationships:0.84025
original:0.8315
exceptional acting:0.822
intimate:0.81775
war movie:0.8165
iraq:0.808
gulf war:0.80175
compassionate:0.79775
courage:0.7895
poignant:0.788
heartbreaking:0.78775
social commentary:0.78275
best war films:0.77075
melancholic:0.76325
independent film:0.754
cathartic:0.74075
loneliness:0.739
character study:0.72875
forceful:0.7285
drinking:0.7255
mentor:0.72375
complex:0.71875
sacrifice:0.71625
tragedy:0.71225
life & death:0.70625
depression:0.703
directorial debut:0.688
ethnic conflict:0.673
honest:0.6705
psychological:0.65775
powerful ending:0.65775
visceral:0.65525
touching:0.654
grim:0.65125
brutality:0.641
wartime:0.638
great ending:0.6315
weapons:0.6255
redemption:0.622
culture clash:0.60225
guilt:0.59275
anti-war:0.591
good soundtrack:0.59075
downbeat:0.584
realistic:0.58025
cinematography:0.57925
runaway:0.5725
survival:0.56775
tense:0.55175
depressing:0.55175
satire:0.55
psychology:0.54925
nudity (topless):0.546
talky:0.545
affectionate:0.53625
earnest:0.5335
friendship:0.53
insanity:0.52825
enigmatic:0.52825
excellent script:0.528
storytelling:0.52375
bleak:0.5175
complex characters:0.51725
dialogue:0.51625
unlikely friendships:0.5155
sad:0.509
hospital:0.4955
multiple storylines:0.49275
oscar (best directing):0.4905
slow paced:0.4895
narrated:0.48875
oscar:0.48675
political:0.477
pornography:0.47275
allegory:0.47
criterion:0.46825
corruption:0.456
idealism:0.4535
story:0.45225
oscar (best actress):0.448
feel-good:0.44675
suprisingly clever:0.4465
indie:0.44525
moral ambiguity:0.44425
beautiful scenery:0.438
family drama:0.43725
justice:0.43625
violent:0.4355
small town:0.43425
bittersweet:0.432
not funny:0.431
