arnold:0.85375
silly:0.7075
so bad it's funny:0.692
predictable:0.68475
original:0.648
chase:0.6095
bad plot:0.564
fun movie:0.50575
children:0.4865
disaster:0.473
mentor:0.47225
life philosophy:0.468
comedy:0.4615
family:0.42775
catastrophe:0.4155
great ending:0.4115
teen movie:0.408
not funny:0.40175
natural disaster:0.4
kids:0.398
goofy:0.3855
destiny:0.37725
unfunny:0.3665
overrated:0.356
first contact:0.34875
bullying:0.335
very funny:0.32375
too long:0.3185
dialogue:0.3175
nudity (topless - notable):0.31725
pointless:0.3095
fight scenes:0.30925
slapstick:0.3085
school:0.30775
fun:0.30675
bad:0.306
nudity (full frontal - brief):0.2995
sci fi:0.29825
runaway:0.29575
cheesy:0.29475
pg-13:0.2945
idiotic:0.29375
silly fun:0.29225
adaptation:0.28475
good:0.27075
unlikely friendships:0.2705
storytelling:0.2695
quirky:0.2675
multiple storylines:0.26625
great:0.26525
pornography:0.265
writers:0.26425
animals:0.26125
bad cgi:0.25725
brutality:0.2535
oscar:0.25225
cult film:0.247
complex:0.2465
culture clash:0.24525
clones:0.24375
stupid:0.243
police investigation:0.243
unusual plot structure:0.24175
happy ending:0.235
internet:0.23025
entirely dialogue:0.22975
teens:0.22925
lame:0.228
fantasy world:0.22425
action:0.2225
satirical:0.222
imdb top 250:0.2185
friendship:0.21625
cinematography:0.214
campy:0.2115
lone hero:0.2085
classic car:0.20475
bad acting:0.204
childhood:0.20175
humorous:0.2015
light:0.199
funny:0.19825
melancholic:0.198
crude humor:0.19775
queer:0.1975
story:0.197
teen:0.197
fashion:0.1945
alter ego:0.194
twist ending:0.1925
twists & turns:0.19025
pulp:0.187
hilarious:0.18425
adapted from:book:0.18425
greed:0.184
underdog:0.18375
surreal:0.18175
car chase:0.1815
girlie movie:0.17875
vengeance:0.178
