dog:0.996
touching:0.9835
dogs:0.97625
love:0.9535
sad but good:0.90475
based on a true story:0.87275
death:0.871
animals:0.85125
true story:0.83025
heartwarming:0.826
emotional:0.8235
tear jerker:0.818
based on true story:0.81175
sad:0.8005
story:0.79925
heartbreaking:0.791
good:0.77225
love story:0.7565
original:0.755
sentimental:0.73125
family:0.723
destiny:0.7175
beautiful scenery:0.68825
great ending:0.68125
catastrophe:0.678
life & death:0.65575
homeless:0.651
chase:0.6355
animal movie:0.6265
life philosophy:0.618
sacrifice:0.59775
loneliness:0.5865
cute!:0.57975
happy ending:0.578
interesting:0.576
good acting:0.56725
fun movie:0.56475
moving:0.56325
feel-good:0.563
family drama:0.5565
great:0.54175
romantic:0.5365
great movie:0.5335
movielens top pick:0.53225
feel good movie:0.531
mentor:0.5285
tragedy:0.524
natural disaster:0.521
survival:0.5205
sweet:0.5175
melancholic:0.51125
transformation:0.509
suspense:0.50725
humanity:0.50675
storytelling:0.5015
cute:0.4945
honest:0.49325
silly fun:0.48675
earnest:0.48475
inspirational:0.4825
greed:0.48175
oscar winner:0.47225
pg-13:0.47025
friendship:0.46875
clever:0.4625
manipulation:0.45975
solitude:0.45075
beautifully filmed:0.4495
first contact:0.44925
big budget:0.4485
end of the world:0.44675
oscar:0.445
excellent:0.44225
unusual plot structure:0.4415
children:0.4355
period piece:0.4355
dialogue:0.434
drama:0.4315
memory:0.4275
relationships:0.42375
culture clash:0.42325
unlikely friendships:0.4195
romantic comedy:0.41575
secrets:0.415
doctors:0.4145
kids and family:0.40975
passionate:0.40875
affectionate:0.40575
poignant:0.4045
technology:0.4
runaway:0.39925
island:0.39775
courage:0.397
based on book:0.393
irish accent:0.3885
suprisingly clever:0.38825
betrayal:0.388
simple:0.38725
visually stunning:0.38675
beautiful:0.38675
