noir thriller:0.994
noir:0.98775
mystery:0.96675
murder mystery:0.9625
film noir:0.951
san francisco:0.9355
oscar (best supporting actor):0.932
investigation:0.911
murder:0.89925
twists & turns:0.891
complicated plot:0.8795
complicated:0.86425
classic:0.84925
drinking:0.82425
enigmatic:0.80225
police investigation:0.7945
great ending:0.78625
detective:0.78525
tense:0.776
criterion:0.76325
downbeat:0.76175
black and white:0.75175
corruption:0.75025
cinematography:0.74825
los angeles:0.72625
suspense:0.724
talky:0.7075
original:0.702
cerebral:0.70175
hotel:0.69875
storytelling:0.667
dialogue:0.6645
imdb top 250:0.664
anti-hero:0.66325
paranoid:0.66175
atmospheric:0.66025
plot twist:0.65775
clever:0.65225
nocturnal:0.62725
dark:0.6225
runaway:0.622
twist:0.61675
great acting:0.61025
complex:0.6085
suspenseful:0.60425
gunfight:0.6025
secrets:0.59875
interesting:0.598
moody:0.59775
oscar (best actress):0.59175
great:0.59125
thriller:0.5885
1950s:0.5865
dramatic:0.58475
cynical:0.58
california:0.57775
crime:0.5775
fast paced:0.5765
hit men:0.57475
paranoia:0.5715
story:0.56825
creepy:0.5635
chase:0.55825
assassination:0.5525
death:0.552
ominous:0.54525
tricky:0.5355
very interesting:0.53275
oscar (best supporting actress):0.52725
doctors:0.52575
private detective:0.52375
obsession:0.522
eerie:0.511
guilt:0.508
suprisingly clever:0.50775
mentor:0.50675
allegory:0.506
visual:0.5
manipulation:0.4995
photography:0.494
visually appealing:0.4895
unusual plot structure:0.489
great movie:0.48775
intense:0.47675
neo-noir:0.476
crime gone awry:0.47475
pornography:0.47325
greed:0.4705
weird:0.461
good acting:0.4555
identity:0.45375
light:0.44925
1930s:0.43925
cult classic:0.437
drama:0.433
plot:0.43125
small town:0.42175
betrayal:0.421
entirely dialogue:0.4205
classic car:0.41925
