high school:0.99275
teen movie:0.9915
teen:0.991
geeks:0.965
teens:0.959
bullying:0.9345
80s:0.9295
1980s:0.921
cheerleading:0.88275
school:0.87125
cult classic:0.85225
fun movie:0.82525
teenager:0.80125
adolescence:0.795
mentor:0.789
buddy movie:0.788
comedy:0.77825
teacher:0.77275
geek:0.77125
good soundtrack:0.763
nerds:0.7585
original:0.75025
teenagers:0.74425
goofy:0.7105
cool:0.6945
goth:0.6945
great ending:0.68075
childhood:0.6635
awesome soundtrack:0.65775
storytelling:0.65225
excellent script:0.6505
nostalgic:0.649
underdog:0.64525
fight scenes:0.627
great soundtrack:0.62525
underrated:0.623
weapons:0.61875
brutality:0.6155
quotable:0.605
great:0.5905
new jersey:0.58475
cinematography:0.5795
destiny:0.5655
great movie:0.5545
nudity (topless - notable):0.54525
dialogue:0.54075
runaway:0.53275
violence:0.53175
feel-good:0.53125
funniest movies:0.51775
fighting:0.5175
surreal:0.5175
unlikely friendships:0.51325
nocturnal:0.51325
transformation:0.51075
cult film:0.5015
unusual plot structure:0.49825
stylized:0.48525
harsh:0.4775
story:0.47375
friendship:0.47
highly quotable:0.467
fun:0.46275
dreams:0.45275
coming-of-age:0.45175
catastrophe:0.4475
depression:0.447
stylish:0.4435
virginity:0.438
hit men:0.43625
enigmatic:0.43475
excellent:0.43275
coming of age:0.43125
small town:0.43
nostalgia:0.42525
twists & turns:0.42425
classic car:0.418
classic:0.41625
stoner movie:0.4155
very funny:0.41175
hilarious:0.4085
redemption:0.4015
clever:0.40125
good:0.39675
life philosophy:0.3875
narrated:0.38675
oscar (best supporting actor):0.386
criterion:0.38
pg-13:0.37825
light:0.3765
visual:0.36725
oscar (best directing):0.36675
grindhouse:0.36575
ironic:0.365
silly fun:0.36075
effects:0.358
feel good movie:0.35575
revenge:0.35475
intense:0.3535
social commentary:0.35175
