based on a tv show:0.9855
reality tv:0.94225
male nudity:0.907
police:0.87625
comedy:0.85575
parody:0.8285
television:0.81225
funny:0.77375
hilarious:0.7405
pornography:0.73925
original:0.7115
dumb but funny:0.7105
satire:0.676
irreverent:0.66525
series:0.6545
spoof:0.6475
police corruption:0.636
silly:0.6065
crude humor:0.60575
police investigation:0.5985
goofy:0.59825
very funny:0.5975
saturday night live:0.58775
weird:0.544
funny as hell:0.54
foul language:0.5365
drinking:0.53625
mockumentary:0.525
stupidity:0.516
great ending:0.50025
censorship:0.48875
funniest movies:0.47775
writers:0.4665
nudity (full frontal - brief):0.44125
weed:0.4305
predictable:0.42875
pointless:0.42475
creativity:0.42375
bad plot:0.423
twists & turns:0.4145
dialogue:0.4025
chase:0.39525
mentor:0.395
brutality:0.3885
catastrophe:0.38825
life philosophy:0.38025
adaptation:0.38025
nudity (topless):0.379
off-beat comedy:0.37425
humorous:0.37
made for tv:0.367
so bad it's funny:0.36125
absurd:0.35475
slapstick:0.3535
highly quotable:0.35075
small town:0.3495
unfunny:0.346
nocturnal:0.344
light:0.34375
clever:0.33675
humor:0.3345
fantasy world:0.3325
fun movie:0.3275
storytelling:0.327
cult classic:0.324
stupid:0.32025
imdb top 250:0.31425
justice:0.314
vengeance:0.3125
quotable:0.3075
road trip:0.307
corruption:0.30675
idiotic:0.3045
silly fun:0.304
runaway:0.3
melancholic:0.2985
franchise:0.2955
satirical:0.29325
hotel:0.29325
cult film:0.28825
quirky:0.28775
family drama:0.28125
overrated:0.27975
good soundtrack:0.2765
harsh:0.2755
unusual plot structure:0.27475
sarcasm:0.2735
culture clash:0.26825
first contact:0.268
fun:0.26675
ensemble cast:0.2665
suspense:0.2645
doctors:0.26325
story:0.2625
splatter:0.26175
entirely dialogue:0.2615
pg-13:0.26075
redemption:0.26075
good:0.2585
awesome soundtrack:0.2555
