latin america:0.994
biopic:0.91275
cuba:0.887
criterion:0.8855
revolution:0.879
original:0.74575
based on a true story:0.73
historical:0.71875
jungle:0.69525
idealism:0.687
biographical:0.68375
rebellion:0.68225
storytelling:0.65575
politics:0.654
cinematography:0.6485
tense:0.647
fake documentary:0.64125
intimate:0.6365
political:0.6215
visually appealing:0.60925
interesting:0.59775
corruption:0.58875
brutality:0.58375
greed:0.55925
complex:0.557
violent:0.5565
documentary:0.54875
dialogue:0.5485
very interesting:0.54325
united nations:0.54125
compassionate:0.53175
good soundtrack:0.527
epic:0.516
social commentary:0.51575
cerebral:0.509
us history:0.5075
controversial:0.484
history:0.479
visually stunning:0.47875
spanish:0.47725
runaway:0.4755
dramatic:0.4715
adaptation:0.46975
violence:0.467
forceful:0.4635
manipulation:0.45225
great ending:0.45075
drama:0.44725
good:0.4465
life philosophy:0.446
death:0.44075
talky:0.4385
catastrophe:0.4385
story:0.4385
honest:0.43575
movielens top pick:0.435
foreign:0.43325
propaganda:0.43225
sacrifice:0.42875
black and white:0.42475
harsh:0.42425
life & death:0.42425
tragedy:0.41575
enigmatic:0.41525
golden palm:0.41275
intense:0.41175
mentor:0.41025
brainwashing:0.40525
biography:0.3965
childhood:0.396
breathtaking:0.39425
melancholic:0.39075
weapons:0.39
suprisingly clever:0.3885
art:0.38275
assassination:0.37975
narrated:0.3795
stylized:0.375
doctors:0.373
justice:0.365
oscar (best directing):0.3635
gritty:0.35925
visual:0.35925
passionate:0.35475
sad but good:0.35225
fight scenes:0.34975
civil war:0.34925
slow paced:0.34075
beautiful scenery:0.34
not funny:0.336
weird:0.33575
insanity:0.33575
character study:0.33325
culture clash:0.33275
adapted from:book:0.3295
artistic:0.32875
amazing photography:0.3265
unusual plot structure:0.325
new york:0.3245
dialogue driven:0.32425
