road movie:0.966
utopia:0.94175
alaska:0.938
talking animals:0.89475
comedy:0.88325
original:0.85775
funny:0.79275
life philosophy:0.7905
fun movie:0.75825
light:0.74
destiny:0.73075
1930s:0.725
dialogue:0.70975
very funny:0.7075
good:0.70475
story:0.685
clever:0.6715
fast paced:0.66825
surreal:0.663
adapted from:book:0.65425
greed:0.646
great:0.64425
visual:0.63775
humorous:0.63075
family:0.623
highly quotable:0.60675
fantasy world:0.59025
based on a book:0.58975
childhood:0.585
whimsical:0.58225
con men:0.57975
based on book:0.5645
complex:0.5565
radio:0.5565
entertaining:0.55575
redemption:0.54975
witty:0.542
visually stunning:0.54175
musical:0.53825
visually appealing:0.52975
amazing photography:0.51825
storytelling:0.51775
adaptation:0.51475
unusual plot structure:0.51225
magic:0.51025
cerebral:0.50525
good soundtrack:0.50475
philosophical:0.48725
murder:0.48675
first contact:0.4865
artistic:0.48575
adventure:0.484
quotable:0.48375
humor:0.476
narrated:0.4675
imagination:0.46675
notable soundtrack:0.462
talky:0.46175
affectionate:0.46125
hilarious:0.45775
melancholic:0.4545
ethnic conflict:0.45075
pg-13:0.4485
screwball:0.44775
fun:0.44725
scenic:0.44375
twists & turns:0.4375
classic:0.43025
good versus evil:0.42725
imdb top 250:0.42575
spoof:0.424
great ending:0.4195
simple:0.41675
very good:0.414
heartbreaking:0.414
catastrophe:0.41375
parallel universe:0.4115
chase:0.4085
friendship:0.4035
runaway:0.402
solitude:0.4015
private detective:0.40075
suprisingly clever:0.39525
anti-hero:0.395
1970s:0.3935
creativity:0.3935
made for tv:0.39175
colourful:0.3905
road trip:0.3855
existentialism:0.38425
alternate reality:0.383
harsh:0.38225
great movie:0.3795
mythology:0.3765
fairy tale:0.3715
unlikely friendships:0.37025
earnest:0.37025
culture clash:0.36725
nudity (full frontal - brief):0.36575
intense:0.3605
