england:0.78875
storytelling:0.7225
original:0.70575
london:0.69525
british:0.61425
great ending:0.60825
ensemble cast:0.5915
powerful ending:0.5895
secrets:0.55875
black comedy:0.55475
prejudice:0.554
harsh:0.5515
good soundtrack:0.5305
bleak:0.52975
politics:0.5235
depression:0.511
hospital:0.504
humorous:0.49125
tragedy:0.48375
ethnic conflict:0.4785
multiple storylines:0.474
wartime:0.46075
grim:0.45975
culture clash:0.45825
catastrophe:0.4565
independent film:0.45175
melancholic:0.44575
dysfunctional family:0.4415
realistic:0.41975
working class:0.416
united nations:0.40425
oscar (best foreign language film):0.4035
suprisingly clever:0.40225
stereotypes:0.39875
story:0.39675
criterion:0.39425
mentor:0.391
surreal:0.38525
betrayal:0.38375
overrated:0.38125
reflective:0.381
adaptation:0.377
great:0.37325
social commentary:0.37175
imagination:0.36925
brutality:0.362
depressing:0.362
absurd:0.3605
best of 2005:0.35925
pornography:0.35725
immigrants:0.355
sacrifice:0.353
idealism:0.34975
dialogue:0.348
shallow:0.343
entirely dialogue:0.3415
war:0.3385
war movie:0.33475
honest:0.32775
exceptional acting:0.325
fantasy world:0.32175
beautiful scenery:0.32175
enigmatic:0.3215
loneliness:0.316
islam:0.31575
golden palm:0.315
unusual plot structure:0.31375
australia:0.31325
foreign:0.3085
addiction:0.3055
gritty:0.30525
drama:0.3045
complex:0.30225
dramatic:0.30225
life philosophy:0.2975
bloody:0.2955
runaway:0.29375
clever:0.293
imdb top 250:0.29275
excellent:0.289
excellent script:0.28875
not funny:0.2885
family:0.28725
happy ending:0.28725
visually appealing:0.28575
nudity (full frontal - notable):0.2855
good:0.28275
writers:0.2825
cinematography:0.28025
talky:0.28
doctors:0.2745
skinhead:0.27375
political:0.2725
very interesting:0.272
light:0.2675
downbeat:0.26725
life & death:0.266
very funny:0.266
adapted from:book:0.265
racism:0.26125
