vampires:0.99825
vampire:0.996
fun movie:0.817
family:0.76575
original:0.7585
kids and family:0.7115
fantasy:0.70075
cute!:0.66125
kids:0.657
fun:0.64075
predictable:0.6215
children:0.61
magic:0.573
family bonds:0.55825
special effects:0.553
cute:0.54875
video game:0.54625
redemption:0.52325
bad plot:0.51625
nocturnal:0.49575
friendship:0.46425
fantasy world:0.441
mentor:0.43375
unlikely friendships:0.4315
dialogue:0.43125
gothic:0.43125
80s:0.431
vampire human love:0.422
goth:0.405
chase:0.3985
bullying:0.3965
camp:0.395
adventure:0.39425
campy:0.387
catastrophe:0.3805
lone hero:0.37475
life & death:0.36675
happy ending:0.3665
silly fun:0.365
adaptation:0.365
obsession:0.36075
good soundtrack:0.35675
great:0.34975
overrated:0.34775
transformation:0.34625
first contact:0.3395
so bad it's funny:0.3395
silly:0.339
witches:0.33775
great ending:0.332
destiny:0.3305
not funny:0.3265
mad scientist:0.322
supernatural:0.32175
books:0.31675
scary:0.31475
scotland:0.3145
cult film:0.30575
adapted from:book:0.301
childhood:0.29975
storytelling:0.2935
sexy:0.29275
halloween:0.286
great acting:0.286
brutality:0.2815
entirely dialogue:0.27975
based on a video game:0.279
quirky:0.27825
demons:0.2775
entertaining:0.27675
feel-good:0.27625
teen movie:0.26975
life philosophy:0.25875
melancholic:0.2565
dreams:0.254
teen:0.2515
very funny:0.24525
bad cgi:0.24425
dreamlike:0.2435
splatter:0.23875
censorship:0.2385
cool:0.237
witch:0.2335
witty:0.2335
bad acting:0.23125
solitude:0.23075
feel good movie:0.23025
natural disaster:0.228
road movie:0.22675
clever:0.2265
crude humor:0.22375
story:0.2235
unusual plot structure:0.222
tricky:0.221
slapstick:0.22025
ghosts:0.21875
nostalgic:0.2185
fight scenes:0.2155
vengeance:0.2125
drinking:0.212
