almodovar:0.91175
drugs:0.89075
pornography:0.859
spain:0.828
spoof:0.7895
workplace:0.74975
runaway:0.70975
male nudity:0.69525
mexico:0.675
farce:0.639
original:0.62625
melancholic:0.61125
life philosophy:0.60125
gay character:0.578
finnish:0.52575
brutality:0.52375
weed:0.523
mentor:0.51725
disaster:0.50025
sex:0.489
crude humor:0.473
addiction:0.45275
comedy:0.45175
criterion:0.451
silly:0.4375
coming-of-age:0.43475
catastrophe:0.415
glbt:0.41225
off-beat comedy:0.4105
absurd:0.40675
great ending:0.38125
dialogue:0.38
loneliness:0.3795
weird:0.37325
unusual plot structure:0.36725
fantasy world:0.35525
queer:0.354
spanish:0.34975
character study:0.3425
culture clash:0.33725
sex comedy:0.33325
life & death:0.3325
destiny:0.32175
natural disaster:0.3195
unfunny:0.31675
good soundtrack:0.31375
bdsm:0.31275
storytelling:0.30875
death:0.3075
entirely dialogue:0.3
silly fun:0.29975
new jersey:0.29725
slapstick:0.295
adaptation:0.29475
visually appealing:0.294
nudity (full frontal - brief):0.287
beer:0.2845
parody:0.283
drinking:0.28175
predictable:0.27475
quirky:0.272
not funny:0.271
harsh:0.268
aids:0.265
tom clancy:0.26375
dysfunctional family:0.26325
lone hero:0.26175
sexual abuse:0.26125
british:0.2575
childhood:0.25725
boston:0.256
road movie:0.256
independent film:0.25525
overrated:0.25525
suprisingly clever:0.25525
indians:0.255
first contact:0.252
great:0.25025
greed:0.24975
stupidity:0.24575
writers:0.245
sequels:0.2445
vengeance:0.24075
teen movie:0.23875
pointless:0.2385
secrets:0.23825
drama:0.238
virginity:0.2355
adoption:0.23525
redemption:0.23525
goofy:0.23275
multiple storylines:0.232
weapons:0.23125
road trip:0.22875
drug addiction:0.22775
stupid:0.22475
family drama:0.2225
allegory:0.222
australia:0.2215
oscar (best supporting actress):0.21975
