father daughter relationship:0.968
off-beat comedy:0.877
comedy:0.86175
drama:0.85075
story:0.77925
destiny:0.7725
original:0.7365
great ending:0.721
life philosophy:0.71475
life:0.70225
dramatic:0.689
feel-good:0.68175
storytelling:0.64325
life & death:0.6425
hospital:0.63525
quirky:0.6105
depression:0.60675
feel good movie:0.59425
suprisingly clever:0.583
clever:0.5535
funny:0.55
mentor:0.5385
good soundtrack:0.5275
awesome soundtrack:0.52375
existentialism:0.5185
excellent script:0.5185
weird:0.51725
very funny:0.50925
touching:0.5065
affectionate:0.5015
happy ending:0.4995
dialogue:0.4985
transformation:0.48225
redemption:0.47925
unusual plot structure:0.4675
cerebral:0.4645
solitude:0.463
beautiful scenery:0.46075
first contact:0.459
catastrophe:0.457
adultery:0.4515
humorous:0.424
ironic:0.42325
great:0.42275
romantic:0.41775
creativity:0.4095
heartwarming:0.402
better than expected:0.39525
philosophy:0.3935
melancholic:0.39075
emotional:0.39
honest:0.38975
romance:0.3865
melancholy:0.38275
predictable:0.38025
buddy movie:0.37675
complex:0.372
betrayal:0.3705
complicated:0.36475
pg-13:0.35875
alternate endings:0.358
death:0.35625
vengeance:0.3555
pornography:0.35475
talky:0.354
drinking:0.35325
doctors:0.349
brutality:0.344
nudity (topless - notable):0.33875
good acting:0.3385
unfunny:0.337
revenge:0.33625
moral ambiguity:0.336
fight scenes:0.32875
criterion:0.3265
light:0.3265
good:0.32625
nudity (full frontal - brief):0.32475
classic car:0.32325
weed:0.32325
visually stunning:0.3215
underrated:0.3195
road movie:0.31775
chase:0.3175
great movie:0.31725
silly fun:0.317
twists & turns:0.3115
memory loss:0.311
childhood:0.31075
sentimental:0.306
cinematography:0.30525
writers:0.30325
passionate:0.2965
runaway:0.294
plot twist:0.29275
inspirational:0.28675
interesting:0.2865
plot:0.2845
cult classic:0.28425
social commentary:0.283
