space:0.99925
mars:0.99925
scifi:0.99525
astronauts:0.9935
sci-fi:0.9925
sci fi:0.99025
science fiction:0.98925
space travel:0.9835
futuristic:0.96175
spiders:0.9605
space opera:0.9515
first contact:0.922
alien:0.9155
aliens:0.9135
special effects:0.90625
monster:0.8255
bad science:0.78775
silly:0.78075
bad acting:0.78
science:0.77725
silly fun:0.75125
monsters:0.70575
natural disaster:0.698
desert:0.6885
allegory:0.681
original:0.67475
campy:0.6675
goofy:0.66575
effects:0.633
so bad it's funny:0.631
adventure:0.62025
cult film:0.61925
dialogue:0.61425
mad scientist:0.61225
transformation:0.6025
alien invasion:0.5995
solitude:0.559
weird:0.54475
1950s:0.52025
catastrophe:0.51875
island:0.503
technology:0.49575
camp:0.491
big budget:0.49025
giant robots:0.48525
predictable:0.47875
story:0.46425
idiotic:0.46325
cloning:0.4495
ridiculous:0.446
cult classic:0.42825
bad plot:0.425
memory:0.42225
fun movie:0.41525
pulp:0.4055
visual:0.4055
mentor:0.40425
bad cgi:0.4015
destiny:0.4005
great ending:0.3925
visually stunning:0.39125
existentialism:0.39
cheesy:0.385
fun:0.38425
pointless:0.3825
plot holes:0.38175
cyberpunk:0.3735
franchise:0.3705
stupid as hell:0.37025
crude humor:0.36975
nostalgic:0.36925
scenic:0.36675
light:0.36675
dystopia:0.36075
comic book:0.3515
entirely dialogue:0.3505
fantasy:0.3465
dinosaurs:0.345
weapons:0.34425
alternate reality:0.34175
unintentionally funny:0.3395
parallel universe:0.3385
plot:0.338
intelligent sci-fi:0.33725
scifi cult:0.33725
rats:0.33625
future:0.33225
utopia:0.3285
not funny:0.3255
storytelling:0.32475
adapted from:book:0.32325
underdog:0.31875
colourful:0.31375
moon:0.31125
quirky:0.30775
clones:0.3075
adaptation:0.3065
so bad it's good:0.306
very funny:0.305
talky:0.30225
