imaginary friend:0.99475
espionage:0.9785
video game:0.964
spying:0.94575
spies:0.91225
fantasy world:0.909
childhood:0.8855
fantasy:0.8805
chase:0.86375
original:0.85025
runaway:0.838
kids:0.83575
mentor:0.831
children:0.8195
spy:0.79
family:0.77875
80s:0.77025
secrets:0.7655
pg-13:0.76425
video games:0.7605
adventure:0.7405
murder:0.7015
1980s:0.68425
geek:0.6585
great ending:0.6475
pg:0.64575
great:0.6445
computer game:0.63975
good:0.632
imagination:0.631
fun movie:0.58575
wartime:0.58025
fun:0.56475
dragons:0.56075
unusual plot structure:0.52475
kids and family:0.51425
destiny:0.51325
underrated:0.50675
whimsical:0.4975
nostalgia:0.49275
superheroes:0.491
life philosophy:0.485
adolescence:0.48325
bad plot:0.48025
death:0.477
father-son relationship:0.4765
superhero:0.47125
memory:0.46925
vengeance:0.46375
redemption:0.45925
violence:0.45725
nostalgic:0.455
story:0.45225
surveillance:0.45025
good action:0.43125
fight scenes:0.43025
cute!:0.429
assassin:0.4275
predictable:0.42725
exciting:0.4245
silly fun:0.4225
goofy:0.4225
school:0.41975
silly:0.41925
super-hero:0.4175
dialogue:0.41625
psychological:0.4135
good soundtrack:0.40975
teen movie:0.4055
scifi:0.40325
doctors:0.40275
unlikely friendships:0.40075
violent:0.397
catastrophe:0.39575
storytelling:0.3945
great movie:0.392
original plot:0.392
slapstick:0.39125
alter ego:0.38525
suspense:0.38275
action:0.38075
cult film:0.38
classic car:0.37625
moral ambiguity:0.376
revenge:0.37475
camp:0.373
teacher:0.37225
geeks:0.372
cute:0.368
super hero:0.36775
underdog:0.36175
bullying:0.359
friendship:0.35875
cool:0.35675
harsh:0.3545
parallel universe:0.354
police investigation:0.35375
heartwarming:0.35225
weird:0.351
good versus evil:0.3475
