horror:0.97225
splatter:0.9195
weird:0.9
cult classic:0.88825
dark fantasy:0.872
insanity:0.84525
creepy:0.83725
great ending:0.76175
original:0.76
apocalypse:0.756
adapted from:book:0.756
based on a book:0.71325
cult film:0.69475
small town:0.686
strange:0.65225
demons:0.65075
dark:0.648
cult:0.648
surreal:0.64725
books:0.644
atmospheric:0.60625
supernatural:0.6
monster:0.593
scary:0.58775
so bad it's funny:0.57875
macabre:0.574
gory:0.56075
end of the world:0.55525
underrated:0.53775
great:0.5345
writers:0.53175
existentialism:0.52475
good soundtrack:0.50775
psychological:0.5045
mentor:0.501
monsters:0.50075
based on book:0.49825
gunfight:0.4965
bizarre:0.4935
eerie:0.48625
adaptation:0.48375
pulp:0.46725
grindhouse:0.465
life philosophy:0.4595
zombie:0.45925
first contact:0.4565
violence:0.45525
visceral:0.4545
hallucinatory:0.4535
transformation:0.453
dark humor:0.45075
paranoia:0.44525
storytelling:0.4415
mad scientist:0.4295
enigmatic:0.429
allegory:0.42825
violent:0.425
halloween:0.42075
brutality:0.4185
fantasy world:0.41725
story:0.40325
fantasy:0.40175
catastrophe:0.401
good:0.3975
ominous:0.39725
disturbing:0.39675
nocturnal:0.3965
not funny:0.39625
suspense:0.39225
excellent script:0.39225
dialogue:0.392
stylish:0.3915
road movie:0.3875
low budget:0.38375
classic car:0.3775
sexualized violence:0.37175
special effects:0.3715
crazy:0.3695
absurd:0.36875
goofy:0.366
visually stunning:0.36525
quotable:0.3625
bloody:0.355
downbeat:0.34925
effects:0.34925
chase:0.34875
original plot:0.3445
distopia:0.34425
clever:0.3425
social commentary:0.34125
creativity:0.3405
great movie:0.33975
vengeance:0.33775
narrated:0.33325
hitman:0.331
book was better:0.3285
book:0.3275
twist ending:0.32725
lone hero:0.327
destiny:0.327
