comedy:0.983
drinking:0.933
hilarious:0.9325
las vegas:0.93175
funny:0.92
funniest movies:0.88875
watch the credits:0.8845
road trip:0.863
imdb top 250:0.8435
strippers:0.8425
story:0.84025
male nudity:0.82575
quotable:0.8165
great ending:0.81525
original:0.8105
absurd:0.807
foul language:0.79
plot:0.7855
very funny:0.77625
humorous:0.77425
humor:0.76825
hotel:0.7555
storytelling:0.75
goofy:0.73275
off-beat comedy:0.7225
clever:0.71375
dumb but funny:0.7065
pg-13:0.7005
highly quotable:0.68475
beer:0.67475
good soundtrack:0.6725
dumb:0.66875
crude humor:0.66825
dialogue:0.6625
buddy movie:0.65725
suprisingly clever:0.6455
social commentary:0.64275
drugs:0.63425
weird:0.625
crazy:0.60925
fast paced:0.596
good:0.59475
nocturnal:0.591
cult classic:0.58525
suspense:0.584
stupidity:0.58025
destiny:0.5765
memory loss:0.57275
twists & turns:0.57125
stereotypes:0.57125
great movie:0.557
police:0.5565
visually appealing:0.5495
silly fun:0.549
unlikely friendships:0.5405
weed:0.53275
excellent script:0.532
idiotic:0.5285
pornography:0.527
stoner movie:0.52525
culture clash:0.5215
irreverent:0.5155
fun movie:0.5145
chase:0.5125
unfunny:0.50875
entertaining:0.5045
great soundtrack:0.4995
visual:0.496
interesting:0.493
intense:0.49225
nerds:0.491
redemption:0.48975
nudity (topless):0.4845
good acting:0.47925
great acting:0.4785
friendship:0.47275
talky:0.4695
fun:0.469
original plot:0.46725
unusual plot structure:0.466
great:0.46275
vengeance:0.46175
mentor:0.459
catastrophe:0.4585
corruption:0.45275
harsh:0.45275
police investigation:0.45125
plot twist:0.44925
stupid:0.44825
violence:0.44775
justice:0.44275
runaway:0.44075
better than expected:0.4375
marijuana:0.4375
visually stunning:0.4345
revenge:0.4335
creativity:0.4315
betrayal:0.43075
silly:0.43025
hospital:0.42925
