halloween:0.99575
horror:0.98675
serial killer:0.9505
slasher:0.918
creepy:0.91775
cult classic:0.90725
werewolves:0.90625
original:0.89375
fun movie:0.83375
suspense:0.803
weird:0.79775
scary:0.7715
cult film:0.755
werewolf:0.75425
macabre:0.753
great ending:0.7445
gory:0.7435
witches:0.73475
suspenseful:0.72475
brutality:0.723
good soundtrack:0.7225
atmospheric:0.712
storytelling:0.699
nocturnal:0.67775
blood:0.6765
dark:0.6765
holiday:0.67575
teens:0.67075
supernatural:0.66925
dark humor:0.649
small town:0.649
monster:0.6455
splatter:0.6405
tense:0.627
great:0.6205
demons:0.6145
goofy:0.58025
multiple storylines:0.579
story:0.5725
vampires:0.55
murder:0.5445
frightening:0.5435
torture:0.54325
cult:0.5405
clever:0.539
twists & turns:0.53375
transformation:0.53225
silly fun:0.52975
grindhouse:0.5255
eerie:0.52525
social commentary:0.525
bullying:0.52475
violence:0.5205
great movie:0.52
bad ending:0.517
childhood:0.51525
bloody:0.514
quotable:0.50875
mythology:0.507
stereotypes:0.50525
monsters:0.50275
violent:0.50225
special:0.49725
sexualized violence:0.49525
criterion:0.4905
classic:0.48875
gore:0.48775
stylish:0.4845
stylized:0.47925
cinematography:0.47825
plot twist:0.47725
school:0.46375
vampire:0.45575
witch:0.45275
underrated:0.45225
dreams:0.452
ominous:0.45025
not funny:0.45
insanity:0.447
spiders:0.445
hospital:0.4445
weapons:0.4425
enigmatic:0.441
fun:0.44075
allegory:0.43825
nostalgic:0.438
revenge:0.4365
good:0.43525
directorial debut:0.4305
talky:0.4275
dialogue:0.42725
mentor:0.42625
ghosts:0.42575
plot:0.4235
interesting:0.4225
oscar (best effects - visual effects):0.4225
adaptation:0.4225
catastrophe:0.4185
vengeance:0.40725
melancholic:0.4065
