weird:0.87025
existentialism:0.84
psychedelic:0.799
philosophical:0.797
adapted from:book:0.77
criterion:0.769
hallucinatory:0.76275
very interesting:0.761
life & death:0.75975
surreal:0.7455
visual:0.71925
original:0.719
complex:0.71425
futuristic:0.71
obsession:0.7095
creativity:0.69575
enigmatic:0.68575
alone in the world:0.67425
allegory:0.6575
identity:0.64225
visually stunning:0.64
thought-provoking:0.6335
dystopia:0.6275
future:0.6275
strange:0.61675
psychological:0.61325
alternate reality:0.61025
visually appealing:0.6095
brutality:0.60725
based on a book:0.6065
drugs:0.5985
utopia:0.59725
cerebral:0.59525
dreams:0.59375
animation:0.5895
fantasy world:0.569
dark:0.5655
drama:0.56
dreamlike:0.5505
melancholic:0.54975
distopia:0.549
great ending:0.5455
interesting:0.5455
animated:0.52925
harsh:0.5225
breathtaking:0.51825
art:0.5145
rebellion:0.5105
technology:0.5105
intimate:0.5105
artistic:0.5095
mental illness:0.509
adaptation:0.50625
storytelling:0.49975
golden palm:0.49575
male nudity:0.49525
philosophy:0.49475
satirical:0.49175
psychology:0.486
nudity (full frontal - notable):0.48225
capitalism:0.48
culture clash:0.47625
sci fi:0.4755
downbeat:0.475
mentor:0.47175
twists & turns:0.47025
talky:0.46875
stylized:0.4635
atmospheric:0.46325
oscar (best actress):0.4595
disturbing:0.45625
emotional:0.451
immortality:0.44675
colourful:0.446
insanity:0.43575
narrated:0.43575
pretentious:0.42975
oscar (best supporting actress):0.4265
social commentary:0.42525
meditative:0.4235
sci-fi:0.41875
hotel:0.41775
imagination:0.41575
transformation:0.41275
so bad it's funny:0.4105
oscar (best directing):0.40975
catastrophe:0.40825
runaway:0.40675
based on book:0.4025
unique:0.402
dramatic:0.40175
paranoid:0.397
confusing:0.39625
intellectual:0.39425
suprisingly clever:0.3855
sexualized violence:0.38475
reflective:0.3825
scifi:0.381
drug addiction:0.38
grim:0.3755
