biopic:0.98875
original:0.796
biographical:0.78725
biography:0.7555
death:0.722
great acting:0.70375
life:0.6915
pornography:0.67575
drama:0.67475
social commentary:0.62775
great ending:0.615
violence:0.59125
mentor:0.57125
dramatic:0.55675
sad:0.5515
depression:0.537
vengeance:0.52075
good soundtrack:0.52025
sexualized violence:0.51875
male nudity:0.5135
interesting:0.5055
harsh:0.49
nudity (full frontal - brief):0.4835
adaptation:0.476
loneliness:0.473
honest:0.47225
dialogue:0.47025
narrated:0.47
storytelling:0.46275
culture clash:0.462
british:0.46075
good:0.4605
pg-13:0.4605
brutality:0.4535
great:0.453
catastrophe:0.447
comedy:0.44625
bloody:0.4405
life philosophy:0.436
justice:0.42975
allegory:0.429
dysfunctional family:0.4275
very interesting:0.425
childhood:0.4245
clever:0.42425
visually stunning:0.42375
radio:0.42375
redemption:0.42
surreal:0.41775
weird:0.4175
dark hero:0.41275
story:0.41125
runaway:0.4105
unusual plot structure:0.4095
based on book:0.409
melancholic:0.40675
nudity (full frontal - notable):0.406
adapted from:book:0.4
character study:0.39075
corruption:0.3865
life & death:0.3865
criterion:0.3815
greed:0.381
british comedy:0.38025
underrated:0.37875
oscar (best directing):0.37775
emotional:0.3745
hospital:0.3735
drinking:0.367
obsession:0.3665
comic:0.3665
excellent script:0.3665
visually appealing:0.36125
bittersweet:0.36
irish accent:0.356
cerebral:0.35575
eccentricity:0.355
destiny:0.353
imdb top 250:0.34725
queer:0.3445
movielens top pick:0.343
enigmatic:0.3415
cult film:0.33975
identity:0.33475
based on a book:0.33475
great movie:0.3345
existentialism:0.33425
stylized:0.33375
relationships:0.333
writers:0.3315
mental illness:0.331
cinematography:0.3285
psychology:0.32575
nudity (topless - notable):0.3225
depressing:0.32225
first contact:0.32175
predictable:0.3215
nocturnal:0.3195
talky:0.3185
entertaining:0.316
