sci-fi:0.974
sequels:0.95475
sequel:0.91875
sci fi:0.90575
crappy sequel:0.9015
bad acting:0.90125
special effects:0.90125
good sequel:0.885
scifi:0.8735
original:0.86975
horrible:0.86875
predictable:0.84275
so bad it's funny:0.84025
alien:0.8395
aliens:0.80575
science fiction:0.77375
weapons:0.75575
franchise:0.7115
action:0.70875
low budget:0.708
bad plot:0.707
big budget:0.7045
pointless:0.6745
satirical:0.67225
bad script:0.63125
cgi:0.61525
lame:0.59275
bad cgi:0.576
awful:0.576
dialogue:0.56725
disaster:0.561
dynamic cgi action:0.54675
catastrophe:0.5345
natural disaster:0.52125
mars:0.51225
violence:0.50725
first contact:0.504
bad sequel:0.5025
splatter:0.497
story:0.4925
plot holes:0.48675
visual:0.4775
fight scenes:0.4775
stylized:0.4765
shallow:0.471
overrated:0.4685
effects:0.4565
bad:0.451
great ending:0.4415
mentor:0.43525
satire:0.42275
mad scientist:0.422
stranded:0.41275
brutality:0.4125
utopia:0.41075
space:0.3995
claustrophobic:0.397
ridiculous:0.3945
cheesy:0.39225
destiny:0.38925
nudity (topless):0.38775
fantasy world:0.387
not funny:0.38125
stupid as hell:0.3735
fantasy:0.3685
entirely dialogue:0.365
adaptation:0.364
light:0.364
dinosaurs:0.36375
computer animation:0.3635
good dialogue:0.36
futuristic:0.35725
cinematography:0.3535
war:0.34675
redemption:0.3465
idiotic:0.3435
cloning:0.34225
death:0.342
good action:0.33975
quirky:0.33425
sexy:0.33325
intense:0.33125
horror:0.3255
storytelling:0.32275
suspense:0.3145
technology:0.3145
family:0.31375
bad science:0.308
writers:0.307
absurd:0.3065
justice:0.30575
dystopia:0.30475
pulp:0.3035
cult film:0.30225
fascism:0.30125
clones:0.29875
melancholic:0.29725
adventure:0.295
anti-hero:0.29375
paranoia:0.29175
