music:0.91275
documentary:0.866
dance:0.84225
musical:0.815
musicians:0.78275
creativity:0.75075
dancing:0.72325
death:0.7015
original:0.6255
destiny:0.579
great:0.56
hip hop:0.52675
artist:0.5255
mentor:0.52525
passionate:0.52375
artistic:0.52275
catastrophe:0.46675
obsession:0.46425
lyrical:0.45025
bittersweet:0.44875
great ending:0.4485
great movie:0.43975
awesome soundtrack:0.43325
police investigation:0.424
san francisco:0.4155
thriller:0.40975
runaway:0.40575
light:0.403
family:0.40175
life & death:0.397
good soundtrack:0.39375
affectionate:0.39175
art:0.3915
good music:0.39125
london:0.3855
chase:0.37875
dialogue:0.36525
fantasy world:0.3615
doctors:0.3585
segregation:0.3565
childhood:0.35475
predictable:0.35325
nostalgic:0.351
life philosophy:0.347
criterion:0.34525
suspense:0.34375
mozart:0.3365
intense:0.3355
love:0.333
culture clash:0.33225
entertaining:0.33175
oscar (best directing):0.33
based on a play:0.32225
alter ego:0.3175
not funny:0.31475
intimate:0.31425
storytelling:0.3095
brutality:0.306
betrayal:0.3025
bollywood:0.30075
story:0.3005
exciting:0.295
natural disaster:0.29475
adapted from:book:0.2945
pg-13:0.29375
suspenseful:0.28875
redemption:0.28825
sad:0.28725
fight scenes:0.28725
visually appealing:0.28675
good:0.284
grindhouse:0.27975
stunning:0.2705
breathtaking:0.2665
talky:0.266
stylized:0.265
gangsters:0.2635
lone hero:0.26225
weird:0.2615
first contact:0.2585
oscar (best supporting actress):0.25225
franchise:0.25225
visuals:0.252
interesting:0.24825
touching:0.24675
classic car:0.2465
special effects:0.24475
drama:0.244
fun:0.24275
adaptation:0.24225
visual:0.24175
nudity (full frontal - brief):0.23925
corruption:0.2385
clever:0.237
oscar (best actress):0.2365
harsh:0.234
excellent script:0.233
melancholic:0.23125
vengeance:0.22925
enigmatic:0.229
