based on a book:0.9935
capitalism:0.95
business:0.84025
utopia:0.766
books:0.7565
dystopia:0.738
original:0.7155
fighting the system:0.69125
adapted from:book:0.6855
story:0.6775
book:0.67275
adaptation:0.65
sci fi:0.64825
visually appealing:0.64475
book was better:0.643
predictable:0.61625
bad acting:0.596
catastrophe:0.591
storytelling:0.5725
mentor:0.57125
revolution:0.557
dialogue:0.55
trilogy:0.5495
greed:0.5455
future:0.5125
based on book:0.502
alternate reality:0.5
life philosophy:0.4985
great ending:0.49825
horrible:0.4885
special effects:0.48775
god:0.48775
shallow:0.4835
alternate history:0.4805
bad plot:0.473
reality tv:0.46825
science fiction:0.4555
bdsm:0.441
fight scenes:0.4265
big budget:0.419
plot:0.41825
scifi:0.411
bad cgi:0.4095
technology:0.4075
sci-fi:0.3975
dynamic cgi action:0.3945
unfunny:0.3895
bad science:0.3865
not funny:0.38525
george orwell:0.36975
betrayal:0.36875
pg-13:0.36725
justice:0.367
action:0.366
fantasy world:0.357
alter ego:0.356
brutality:0.3555
corruption:0.343
overrated:0.342
philosophy:0.33525
franchise:0.33175
fantasy:0.3315
script:0.32875
comic book adaption:0.323
car chase:0.32075
finnish:0.3165
culture clash:0.316
first contact:0.312
philosophical:0.30925
disaster:0.308
blindness:0.30425
underrated:0.29725
great:0.296
lone hero:0.29575
action packed:0.2955
twists & turns:0.295
exciting:0.29325
entirely dialogue:0.29175
harsh:0.28325
writers:0.28275
natural disaster:0.27875
chase:0.273
silly fun:0.268
multiple storylines:0.26375
silly:0.2625
internet:0.262
politics:0.261
destiny:0.2595
jesus:0.257
cheerleading:0.25125
good dialogue:0.25025
manipulation:0.2495
distopia:0.247
passionate:0.24675
gunfight:0.24325
revenge:0.24025
gangsters:0.24
good:0.2345
effects:0.23325
goofy:0.23325
