animation:0.9805
cartoon:0.9555
animated:0.934
kids:0.90225
original:0.7595
fun movie:0.7375
animals:0.7055
stereotypes:0.614
children:0.60475
silly fun:0.5565
family:0.5365
predictable:0.50875
goofy:0.505
animal movie:0.48025
fun:0.47125
nudity (topless - notable):0.46625
so bad it's funny:0.45725
talking animals:0.43325
comedy:0.433
great:0.43075
catastrophe:0.42925
brutality:0.41325
childhood:0.412
writers:0.41025
mentor:0.39375
adaptation:0.39175
death:0.3895
disney animated feature:0.382
great ending:0.38075
very funny:0.37775
bad plot:0.37325
overrated:0.36825
silly:0.34675
stupid as hell:0.342
good soundtrack:0.3395
cute!:0.339
dialogue:0.3355
kids and family:0.3345
romance:0.32775
life philosophy:0.32675
splatter:0.32575
fantasy world:0.322
humorous:0.32175
storytelling:0.32125
natural disaster:0.3205
funny:0.31375
action:0.31325
destiny:0.3125
slapstick:0.30925
first contact:0.30675
teen movie:0.3055
grindhouse:0.3045
teens:0.3
crude humor:0.29875
fight scenes:0.2985
entirely dialogue:0.287
quirky:0.28425
bullying:0.28175
life & death:0.28075
weapons:0.2805
nudity (full frontal - brief):0.27775
melancholic:0.27575
dreams:0.274
pornography:0.27325
unusual plot structure:0.2725
cinematography:0.2725
lone hero:0.27075
gangsters:0.26875
vengeance:0.26775
not funny:0.26625
cult film:0.26325
sexualized violence:0.259
disaster:0.25775
redemption:0.2575
police investigation:0.2575
pointless:0.2545
bad:0.25375
solitude:0.253
shallow:0.25275
adapted from:comic:0.2525
unfunny:0.25125
visual:0.249
spelling bee:0.249
justice:0.24475
suspense:0.243
memory:0.2425
betrayal:0.2425
culture clash:0.24175
story:0.2415
mad scientist:0.23625
pulp:0.23425
too long:0.2275
women:0.22725
oscar (best directing):0.22325
twists & turns:0.22175
runaway:0.2205
cute:0.21975
chase:0.21625
ninja:0.2155
loneliness:0.21325
