melancholic:0.95975
independent film:0.942
loneliness:0.92825
meditative:0.90975
enigmatic:0.908
indie:0.85625
character study:0.844
criterion:0.8115
depression:0.8065
bleak:0.78225
social commentary:0.777
depressing:0.751
life philosophy:0.74575
existentialism:0.7395
artistic:0.738
cinematography:0.73775
mentor:0.7265
solitude:0.72125
friendship:0.716
road movie:0.71225
weird:0.70775
off-beat comedy:0.703
relationships:0.68925
suicide:0.683
realistic:0.68275
bittersweet:0.6825
melancholy:0.679
original:0.67375
unlikely friendships:0.66925
life:0.6285
visually appealing:0.6285
life & death:0.625
great ending:0.6235
reflective:0.60775
drinking:0.60275
allegory:0.59925
tense:0.59375
quirky:0.56025
storytelling:0.559
biography:0.55725
low budget:0.556
greed:0.55275
tragedy:0.53425
dreams:0.53325
cerebral:0.52175
terminal illness:0.51775
drama:0.50925
runaway:0.50625
eccentricity:0.5015
movielens top pick:0.50125
downbeat:0.50075
beautifully filmed:0.49775
adolescence:0.4915
oscar (best foreign language film):0.49025
immigrants:0.488
journalism:0.48675
coming of age:0.48475
betrayal:0.475
dialogue:0.47
bad ending:0.467
mental illness:0.46625
classic car:0.46425
harsh:0.46375
nocturnal:0.461
obsession:0.45925
california:0.4555
talky:0.449
compassionate:0.4485
redemption:0.448
sacrifice:0.447
touching:0.4455
hotel:0.4315
humanity:0.42825
culture clash:0.428
intimate:0.428
simple:0.42675
father daughter relationship:0.4215
pornography:0.42075
photography:0.41875
childhood:0.41575
brutality:0.41225
unusual plot structure:0.406
catastrophe:0.4025
poignant:0.4025
golden palm:0.392
great:0.38575
teens:0.38325
slow:0.37875
emotional:0.375
story:0.375
affectionate:0.372
beautiful scenery:0.372
light:0.371
writers:0.36725
suicide attempt:0.36275
spanish:0.3605
grindhouse:0.3605
honest:0.3595
parallel universe:0.35925
suprisingly clever:0.35525
