poland:0.99725
criterion:0.9675
bleak:0.953
black and white:0.94775
downbeat:0.91575
cinematography:0.91225
masterpiece:0.9065
imdb top 250:0.90075
harsh:0.8505
reflective:0.8505
war:0.845
grim:0.837
golden palm:0.834
war movie:0.8265
tense:0.82475
assassination:0.82425
historical:0.8175
oscar (best foreign language film):0.81725
history:0.80075
oscar (best directing):0.7815
hotel:0.7815
melancholy:0.77975
melancholic:0.76475
enigmatic:0.753
compassionate:0.74925
betrayal:0.74775
claustrophobic:0.73725
talky:0.734
best war films:0.731
assassin:0.73
ethnic conflict:0.71725
forceful:0.71675
lyrical:0.71075
sacrifice:0.70725
nazis:0.707
movielens top pick:0.704
violent:0.6995
world war ii:0.69725
gunfight:0.691
political:0.6895
wwii:0.6815
tragedy:0.6805
runaway:0.67825
breathtaking:0.675
poignant:0.6675
stylized:0.66675
intimate:0.66525
visceral:0.664
cynical:0.661
social commentary:0.65375
powerful ending:0.651
atmospheric:0.6495
violence:0.6465
brutality:0.643
visual:0.643
dramatic:0.632
noir:0.631
drinking:0.619
original:0.60775
excellent script:0.60325
drama:0.60175
oscar (best actress):0.5975
allegory:0.5955
politics:0.59275
death:0.592
oscar (best cinematography):0.586
morality:0.58375
censorship:0.575
moral ambiguity:0.57325
confrontational:0.562
mistaken identity:0.55925
character study:0.5555
murder:0.55525
complex:0.55375
nocturnal:0.55125
dialogue:0.548
revolution:0.542
good soundtrack:0.53425
wartime:0.53225
germany:0.531
1930s:0.525
oscar (best supporting actress):0.5225
film noir:0.5155
visually appealing:0.51425
suprisingly clever:0.5125
nazi:0.512
russian:0.5115
classic:0.51075
affectionate:0.51
german:0.5075
existentialism:0.495
realistic:0.48575
culture clash:0.482
idealism:0.47475
destiny:0.472
jews:0.45
great acting:0.446
crime gone awry:0.4455
intense:0.4445
life & death:0.4425
