family:0.89175
animals:0.77575
original:0.72025
cute:0.7055
cute!:0.67475
series:0.66975
adventure:0.64225
good:0.64075
dialogue:0.64
fish:0.561
fun movie:0.53725
family drama:0.499
death:0.48425
great:0.46525
mentor:0.46375
great ending:0.46325
natural disaster:0.4625
catastrophe:0.4555
culture clash:0.45275
adoption:0.4435
dolphins:0.437
story:0.4305
predictable:0.42325
melancholic:0.40575
happy ending:0.405
destiny:0.39975
storytelling:0.381
bad plot:0.3775
franchise:0.37275
love:0.36425
sci fi:0.36425
life philosophy:0.35825
fight scenes:0.35625
plot:0.34875
fantasy world:0.345
fun:0.3355
not funny:0.33125
adaptation:0.322
bullying:0.31975
simple:0.309
original plot:0.308
children:0.305
lone hero:0.305
small town:0.30325
interracial romance:0.30225
overrated:0.29825
entirely dialogue:0.298
brutality:0.29425
shallow:0.29425
first contact:0.294
silly:0.29125
childhood:0.2895
visually appealing:0.28925
feel-good:0.28825
runaway:0.2835
silly fun:0.2795
suspense:0.27775
ecology:0.27625
underwater:0.27525
romantic:0.27175
unlikely friendships:0.27175
so bad it's funny:0.27025
chase:0.27025
animal movie:0.26925
kids:0.26275
solitude:0.2585
single father:0.258
entertaining:0.2565
80s:0.25325
life & death:0.25225
adapted from:book:0.25025
quirky:0.24875
heartwarming:0.2485
feel good movie:0.2455
police investigation:0.2455
multiple storylines:0.24525
girlie movie:0.24475
segregation:0.24425
exceptional acting:0.24375
reality tv:0.2435
redemption:0.24275
visual:0.241
slapstick:0.24075
crime gone awry:0.24025
vengeance:0.2395
spelling bee:0.239
talking animals:0.23875
earnest:0.23775
special effects:0.2375
dog:0.231
disaster:0.23
romance:0.2295
visually stunning:0.2285
books:0.22825
harsh:0.226
photography:0.22575
revenge:0.22425
twists & turns:0.22375
secrets:0.2235
complex:0.22175
