germany:0.96325
nazis:0.95025
documentary:0.94925
german:0.92975
anti-semitism:0.89725
biography:0.874
politics:0.838
criterion:0.83575
biographical:0.8305
propaganda:0.81725
censorship:0.81725
nazi:0.816
political:0.809
artist:0.80025
artistic:0.79225
holocaust:0.785
obsession:0.76825
art:0.76725
pornography:0.75225
controversial:0.7095
wartime:0.70075
original:0.656
biopic:0.616
very interesting:0.614
talky:0.61375
guilt:0.6065
idealism:0.60025
intimate:0.587
lyrical:0.55275
1930s:0.5495
reflective:0.54675
silent:0.541
runaway:0.53575
corruption:0.51675
history:0.50175
suprisingly clever:0.49875
life philosophy:0.4915
oscar (best foreign language film):0.4875
enigmatic:0.47625
prejudice:0.4755
jews:0.474
culture clash:0.4725
photography:0.46775
world politics:0.46125
golden palm:0.4525
life & death:0.4475
narrated:0.44475
unusual plot structure:0.4395
catastrophe:0.43875
movie business:0.43525
passionate:0.43175
honest:0.4305
mentor:0.4275
world war ii:0.42675
interesting:0.42575
good soundtrack:0.421
free to download:0.41875
oscar (best actress):0.41575
oscar (best supporting actress):0.4135
breathtaking:0.41325
melancholic:0.41025
olympics:0.39875
greed:0.398
manipulation:0.3955
great:0.394
downbeat:0.38825
betrayal:0.388
harsh:0.38625
brutality:0.3845
oscar (best directing):0.384
movielens top pick:0.3815
witty:0.371
wwii:0.37
stylized:0.36675
beautifully filmed:0.366
women:0.36325
social commentary:0.36025
secrets:0.35925
beautiful scenery:0.3585
storytelling:0.355
photographer:0.3495
us history:0.347
finnish:0.33825
great ending:0.3375
africa:0.33175
not funny:0.33125
nudity (full frontal - brief):0.32925
imdb top 250:0.32675
melancholy:0.324
thought-provoking:0.323
cinematography:0.32
assassination:0.31675
russian:0.31625
very funny:0.313
brainwashing:0.31225
drinking:0.31
based on a play:0.30875
weird:0.304
good:0.304
sexy:0.304
