love story:0.9505
sentimental:0.8785
spielberg:0.835
remake:0.8315
romantic:0.807
nostalgic:0.7555
touching:0.75425
destiny:0.75075
special effects:0.743
love:0.73625
tear jerker:0.7285
romance:0.71375
original:0.69875
girlie movie:0.6765
mentor:0.66025
feel-good:0.6575
adventure:0.63725
great:0.63375
good:0.633
big budget:0.632
chick flick:0.62375
drama:0.61975
life & death:0.61075
romantic comedy:0.6085
afterlife:0.608
sappy:0.607
fantasy:0.5955
scenic:0.577
feel good movie:0.566
beautiful scenery:0.559
catastrophe:0.54875
childhood:0.53825
ghosts:0.53775
storytelling:0.53325
pg-13:0.52275
story:0.52275
fun movie:0.52175
70mm:0.5185
chase:0.51225
action:0.5115
dialogue:0.51125
supernatural:0.50525
aviation:0.4925
underrated:0.4895
predictable:0.48675
friendship:0.4845
great ending:0.48425
death:0.4825
sweet:0.47825
natural disaster:0.458
unlikely friendships:0.45625
dynamic cgi action:0.451
happy ending:0.44825
emotional:0.44325
dinosaurs:0.441
family:0.437
life philosophy:0.4345
great movie:0.42075
fun:0.41975
survival:0.4175
light:0.41475
sacrifice:0.41225
based on book:0.41025
fight scenes:0.3965
redemption:0.393
cinematography:0.3855
plot:0.38525
culture clash:0.38525
dramatic:0.3815
intense:0.38
adaptation:0.36825
excellent:0.36725
shallow:0.366
passionate:0.3615
oscar (best directing):0.3595
lone hero:0.3595
first contact:0.3565
action packed:0.35625
not funny:0.35575
adapted from:book:0.35125
race:0.35075
cool:0.3505
betrayal:0.348
heartwarming:0.343
inspirational:0.34175
transformation:0.34
oscar winner:0.3325
end of the world:0.33225
cancer:0.33175
vengeance:0.3285
swashbuckler:0.32825
good action:0.3265
nudity (full frontal - brief):0.3255
affectionate:0.325
runaway:0.32475
honest:0.3245
quotable:0.324
good soundtrack:0.323
ghosts/afterlife:0.3205
justice:0.319
