drugs:0.99875
documentary:0.95175
drug abuse:0.94275
addiction:0.927
talky:0.866
prison:0.84325
poignant:0.8225
corruption:0.8185
oscar (best directing):0.8115
drug addiction:0.7925
social commentary:0.78775
justice:0.78675
war:0.78225
intimate:0.78025
marijuana:0.768
war movie:0.74675
politics:0.74425
criterion:0.736
original:0.73225
holocaust:0.7255
compassionate:0.71875
black and white:0.71275
brutality:0.7125
grim:0.70825
complex:0.7075
great acting:0.706
poverty:0.70375
thought-provoking:0.697
movielens top pick:0.695
weed:0.69275
idealism:0.68875
tragedy:0.686
honest:0.673
oscar (best actress):0.66625
heartbreaking:0.665
dramatic:0.66375
powerful ending:0.66125
golden palm:0.64775
greed:0.63325
crime:0.63275
political:0.63225
runaway:0.63175
heroin:0.62875
oscar (best foreign language film):0.6225
reflective:0.621
depression:0.6015
disturbing:0.5955
oscar (best supporting actress):0.5955
history:0.595
dark humor:0.5585
affectionate:0.557
melancholy:0.54375
slavery:0.53975
earnest:0.535
ethnic conflict:0.52975
civil war:0.5265
world politics:0.52525
1970s:0.523
excellent script:0.5195
interesting:0.51425
storytelling:0.513
us history:0.51025
oscar (best cinematography):0.51025
nudity (full frontal - brief):0.50075
moral ambiguity:0.5
realistic:0.49875
life philosophy:0.49625
downbeat:0.4935
culture clash:0.49325
finnish:0.4925
intelligent:0.49
glbt:0.4895
business:0.47625
narrated:0.47325
propaganda:0.46575
good acting:0.46575
great ending:0.463
sad:0.459
bleak:0.45875
drama:0.45375
character study:0.4455
cinematography:0.444
bittersweet:0.44175
intense:0.437
light:0.43675
good soundtrack:0.43325
imdb top 250:0.43175
catastrophe:0.42375
literature:0.423
educational:0.42175
racism:0.42075
pornography:0.41325
obsession:0.4105
cerebral:0.40925
cheating:0.40625
investigation:0.3955
suprisingly clever:0.38775
police investigation:0.38625
witty:0.382
anti-war:0.378
