gay:0.99175
homosexuality:0.97975
queer:0.95475
glbt:0.93675
gay character:0.93175
sexual:0.91975
stereotypes:0.8825
camp:0.8525
sexuality:0.8525
lesbian:0.82475
women:0.822
pornography:0.793
homophobia:0.76925
relationships:0.7485
life philosophy:0.73475
male nudity:0.71625
fun movie:0.714
sex comedy:0.70475
sexy:0.70275
original:0.69575
london:0.67525
aids:0.66175
satire:0.63725
funny:0.63275
good soundtrack:0.6145
obsession:0.61275
sex:0.58
classic car:0.5635
quirky:0.561
independent film:0.559
erotic:0.5455
awesome soundtrack:0.5195
comedy:0.5015
social commentary:0.489
witty:0.48425
dialogue:0.4815
very funny:0.47725
hilarious:0.472
great ending:0.46675
transgender:0.462
hotel:0.4615
california:0.46125
gunfight:0.45375
very interesting:0.4535
teen movie:0.453
cross dressing:0.453
brutality:0.4525
entirely dialogue:0.45225
teens:0.4485
cult classic:0.44175
teen:0.4415
segregation:0.43525
affectionate:0.43125
light:0.42975
crude humor:0.42625
jane austen:0.4135
interracial romance:0.41325
prejudice:0.4045
nudity (full frontal - brief):0.40275
unlikely friendships:0.40125
catastrophe:0.4
irish:0.3935
love:0.39325
wilderness:0.393
crime gone awry:0.38925
satirical:0.389
censorship:0.38375
great dialogue:0.37875
runaway:0.3755
fun:0.374
romance:0.37225
ensemble cast:0.36125
nudity (full frontal - notable):0.3575
british:0.35525
honest:0.352
ironic:0.3505
mentor:0.3375
drinking:0.33575
culture clash:0.33075
underrated:0.33025
passionate:0.32825
girlie movie:0.3275
friendship:0.32575
pointless:0.324
movielens top pick:0.3175
identity:0.31725
love triangles:0.31425
justice:0.3055
costume drama:0.3035
entertaining:0.2995
judaism:0.299
great:0.29525
fight scenes:0.295
multiple storylines:0.2945
romantic:0.292
virginity:0.29075
ireland:0.28875
nerds:0.28525
dark humor:0.28275
criterion:0.2825
