supernatural:0.84825
original:0.76075
horror:0.70575
creepy:0.63775
pornography:0.63425
death:0.58925
kidnapping:0.58225
psychological:0.5415
mentor:0.51575
police investigation:0.50875
life & death:0.5075
vengeance:0.50675
pg-13:0.5015
great ending:0.50125
demons:0.49975
thriller:0.49375
runaway:0.4905
scary:0.47025
story:0.4665
predictable:0.44175
surprise ending:0.44125
good soundtrack:0.435
storytelling:0.432
family:0.42875
suspense:0.4255
violence:0.424
bad acting:0.42375
good:0.42175
graphic novel:0.42125
father daughter relationship:0.41675
adaptation:0.41075
catastrophe:0.4075
intense:0.4065
destiny:0.40575
very interesting:0.4045
melancholic:0.40075
happy ending:0.3985
disturbing:0.3975
weird:0.39325
teen movie:0.389
goretastic:0.3865
psychology:0.37675
so bad it's funny:0.3755
eerie:0.37325
not funny:0.372
family drama:0.37
doctors:0.36825
stylish:0.36675
bad ending:0.36425
culture clash:0.35675
revenge:0.3565
teen:0.35625
fantasy world:0.3545
first contact:0.3535
drama:0.349
brutality:0.3445
dialogue:0.3435
nudity (topless):0.338
bizarre:0.33575
silly:0.334
adolescence:0.3335
tense:0.33275
adapted from:book:0.3315
sexual abuse:0.3305
classic car:0.32725
shallow:0.32675
sexy:0.32
life philosophy:0.31975
religion:0.3175
writers:0.3165
nudity (full frontal - notable):0.31625
nudity (full frontal - brief):0.3155
great acting:0.3095
secrets:0.3055
unusual plot structure:0.3025
childhood:0.29575
visually appealing:0.29325
solitude:0.29075
murder:0.29
nudity (topless - brief):0.28925
multiple storylines:0.28875
cult film:0.288
hospital:0.28725
based on a book:0.28375
sexualized violence:0.2835
teens:0.28325
thought-provoking:0.28275
fantasy:0.28075
based on book:0.27825
insanity:0.27575
dramatic:0.275
1970s:0.2735
single father:0.2735
courtroom:0.2705
absurd:0.2685
interesting:0.2685
criterion:0.26675
cars:0.26575
entirely dialogue:0.26525
emotional:0.265
