gunfight:0.908
western:0.8865
oscar (best actress):0.69025
runaway:0.647
original:0.61625
criterion:0.61075
sexy:0.584
harsh:0.58325
talky:0.57775
passionate:0.57575
pornography:0.562
oscar (best supporting actress):0.5315
indians:0.50525
culture clash:0.5005
cinematography:0.4985
sexual:0.49425
erotic:0.469
murder:0.46425
drama:0.4445
dialogue:0.44075
silent:0.42275
enigmatic:0.4225
great ending:0.42125
texas:0.42
intimate:0.41775
catastrophe:0.4045
vengeance:0.399
native americans:0.392
stylized:0.38475
mentor:0.3795
obsession:0.3735
storytelling:0.37325
great:0.37025
adaptation:0.3675
melancholic:0.3645
police investigation:0.363
assassination:0.3615
forceful:0.356
golden palm:0.35225
grindhouse:0.35175
brutality:0.34975
entirely dialogue:0.34525
civil war:0.3345
guilt:0.33325
classic:0.333
oscar (best directing):0.32875
romantic:0.32775
horses:0.321
not funny:0.316
adapted from:book:0.313
unusual plot structure:0.30725
vienna:0.3055
death:0.3045
based on a play:0.304
brothers:0.302
family:0.2995
california:0.29525
imdb top 250:0.29175
dramatic:0.29075
revenge:0.28675
greed:0.28075
love:0.279
complex characters:0.27075
narrated:0.26825
censorship:0.268
visually stunning:0.26775
breathtaking:0.26625
suspense:0.26575
satirical:0.26375
suprisingly clever:0.26325
classic car:0.255
paranoid:0.25475
good soundtrack:0.2545
beautiful scenery:0.253
prostitution:0.251
cult classic:0.2465
great movie:0.24625
betrayal:0.2455
gritty:0.24375
fantasy world:0.2435
scenic:0.23975
moral ambiguity:0.23975
good:0.23925
19th century:0.23725
downbeat:0.23625
grim:0.23575
atmospheric:0.23525
melancholy:0.23525
screwball:0.2345
predictable:0.23275
corruption:0.229
first contact:0.22875
romance:0.2275
justice:0.22675
redemption:0.225
very good:0.22375
lone hero:0.22225
crime gone awry:0.21975
tense:0.21725
lawyers:0.21725
