girlie movie:0.98125
wedding:0.9105
chick flick:0.8465
comedy:0.83275
relationships:0.81425
high school:0.79
teen movie:0.7625
weed:0.7355
dumb but funny:0.734
funny:0.701
unlikeable characters:0.68625
women:0.6835
drugs:0.6435
original:0.632
pornography:0.60475
funny as hell:0.60025
dialogue:0.5735
horrible:0.564
so bad it's funny:0.55975
unlikely friendships:0.55025
predictable:0.54725
stereotypes:0.534
shallow:0.53125
story:0.52975
teen:0.52625
hip hop:0.5185
good soundtrack:0.514
sex:0.5
drinking:0.49825
friendship:0.49775
unfunny:0.48175
drug abuse:0.479
bad:0.4515
runaway:0.44625
pointless:0.43025
sexy:0.4225
redemption:0.41925
mentor:0.41
adolescence:0.407
shopping:0.40675
happy ending:0.405
idiotic:0.4
new jersey:0.399
drug addiction:0.39875
awful:0.396
culture clash:0.38775
very funny:0.38675
honest:0.38475
writers:0.3815
crude humor:0.37825
catastrophe:0.3735
absurd:0.3715
stupid as hell:0.37025
stoner movie:0.36375
disaster:0.35825
romantic comedy:0.354
silly:0.34675
great ending:0.34625
light:0.34
fun movie:0.332
humorous:0.3315
teens:0.331
slapstick:0.31925
first contact:0.3175
dysfunctional family:0.31575
ridiculous:0.30775
boring:0.30675
overrated:0.306
melancholic:0.3045
bad acting:0.29975
bad plot:0.2995
grindhouse:0.29875
brutality:0.2945
dark comedy:0.29425
storytelling:0.293
feel-good:0.29175
foul language:0.2875
hilarious:0.2855
gay character:0.28375
sexual:0.28
better than expected:0.27275
not funny:0.26725
police investigation:0.26675
stupid:0.266
silly fun:0.26525
goofy:0.26475
adaptation:0.26175
waste of time:0.25825
entirely dialogue:0.256
80s:0.2555
life philosophy:0.2545
depression:0.2545
stupidity:0.2535
romantic:0.25125
drama:0.25125
harsh:0.2495
teenager:0.24425
fantasy world:0.24025
great:0.24025
mental illness:0.237
