oscar (best actress):0.99675
oscar (best supporting actress):0.98525
oscar (best picture):0.984
great acting:0.9475
oscar (best directing):0.939
oscar:0.87775
based on a play:0.86825
costume drama:0.85875
new orleans:0.85475
talky:0.8525
oscar winner:0.8275
oscar (best cinematography):0.8165
obsession:0.79125
tragedy:0.78475
oscar (best supporting actor):0.78425
runaway:0.7795
black and white:0.74575
manipulation:0.7305
character study:0.72175
dramatic:0.72
original:0.719
cinematography:0.716
redemption:0.7085
passionate:0.7035
criterion:0.701
1930s:0.688
sacrifice:0.68625
mentor:0.68525
drama:0.67425
idealism:0.669
imdb top 250:0.6625
great movie:0.65325
brothers:0.64725
intimate:0.6335
excellent script:0.6265
harsh:0.62325
atmospheric:0.615
historical:0.6125
oscar (best actor):0.6105
good soundtrack:0.5965
women:0.592
downbeat:0.5855
bittersweet:0.583
brutality:0.58275
story:0.58025
civil war:0.571
stereotypes:0.5695
exceptional acting:0.55075
revenge:0.53975
adaptation:0.5285
grim:0.52525
adapted from:book:0.52225
dialogue:0.52175
period piece:0.52125
great ending:0.51675
earnest:0.50975
dark hero:0.5025
betrayal:0.49975
epic:0.49875
moral ambiguity:0.498
forceful:0.49775
corruption:0.4955
sexualized violence:0.49275
good acting:0.49225
stylized:0.4885
very interesting:0.487
affectionate:0.48625
great:0.4835
insanity:0.48175
psychology:0.481
golden palm:0.48025
sexy:0.478
classic:0.47575
enigmatic:0.47525
clever:0.4645
melancholy:0.46425
plot:0.4585
19th century:0.45675
afi 100 (movie quotes):0.45325
interesting:0.453
gangsters:0.45025
murder:0.45
tense:0.44925
good:0.4435
catastrophe:0.4415
transformation:0.43625
psychological:0.43375
fighting the system:0.43225
culture clash:0.43125
suspense:0.43
masterpiece:0.43
1950s:0.428
1920s:0.428
long:0.4265
police investigation:0.42325
enormously long battle scene:0.423
compassionate:0.42225
violent:0.422
prejudice:0.4175
intense:0.41675
