conspiracy:0.95975
murder mystery:0.8735
surveillance:0.837
thriller:0.82175
bad ending:0.78525
suspense:0.7575
plot twist:0.75275
corruption:0.75175
mystery:0.75075
stylish:0.731
chase:0.72975
twists & turns:0.71925
assassination:0.71
conspiracy theory:0.7075
suspenseful:0.7025
secrets:0.70075
original:0.7005
predictable:0.693
murder:0.68575
detective:0.6765
visual:0.6595
great ending:0.6495
visually appealing:0.64625
assassin:0.64325
twist ending:0.64175
sexualized violence:0.634
plot:0.62275
bad plot:0.61475
pornography:0.612
dialogue:0.609
cinematography:0.60175
action:0.58875
betrayal:0.585
visually stunning:0.57
first contact:0.56925
paranoia:0.55325
police investigation:0.5475
very interesting:0.53475
clever:0.53325
pulp:0.53025
twist:0.52525
investigation:0.524
pointless:0.52025
crime:0.514
story:0.51225
storytelling:0.5075
nudity (topless - notable):0.502
catastrophe:0.49975
so bad it's funny:0.49925
complex:0.49575
plot holes:0.4895
fast paced:0.48575
sexy:0.47025
good:0.4695
moral ambiguity:0.46575
obsession:0.45925
great:0.453
intense:0.452
mentor:0.44875
manipulation:0.444
stylized:0.44325
weird:0.44175
identity:0.43625
interesting:0.433
tricky:0.4195
surprise ending:0.416
vengeance:0.415
claustrophobic:0.411
life philosophy:0.4055
boring:0.398
redemption:0.3925
action packed:0.38225
overrated:0.37975
entertaining:0.3795
no plot:0.37575
cheating:0.374
assassins:0.37375
underrated:0.36725
natural disaster:0.3665
exciting:0.3645
big budget:0.3585
bad acting:0.35825
nudity (full frontal - brief):0.35775
happy ending:0.35625
bad:0.356
horrible:0.354
boxing:0.35325
enigmatic:0.351
brutality:0.35075
entirely dialogue:0.3495
tense:0.3395
visuals:0.33775
shallow:0.33325
not funny:0.333
good soundtrack:0.327
police corruption:0.325
fight scenes:0.323
weapons:0.31525
runaway:0.314
absurd:0.31275
