father daughter relationship:0.9755
zombies:0.8705
family drama:0.81225
drama:0.79925
original:0.76875
family:0.76175
apocalypse:0.747
virus:0.711
zombie:0.68675
arnold:0.6595
life & death:0.65
dramatic:0.6455
death:0.63775
terminal illness:0.635
hospital:0.63025
dysfunctional family:0.61375
slow:0.5785
story:0.575
visceral:0.55725
violence:0.547
dialogue:0.53825
dark:0.53575
emotional:0.53425
action:0.527
cinematography:0.5155
good soundtrack:0.51075
transformation:0.50825
great ending:0.5065
brutality:0.5
loneliness:0.49175
cult classic:0.49175
post apocalyptic:0.491
character study:0.48375
predictable:0.47275
slow paced:0.466
action packed:0.463
storytelling:0.44975
california:0.4425
heartbreaking:0.4355
depression:0.43475
great:0.4255
stylized:0.41675
touching:0.414
bleak:0.41325
nudity (topless - notable):0.408
splatter:0.4035
not funny:0.39975
doctors:0.39925
clones:0.397
redemption:0.392
harsh:0.39
bloody:0.388
oscar (best supporting actress):0.38575
mentor:0.3835
culture clash:0.38325
catastrophe:0.38075
suspense:0.38075
intimate:0.37425
small town:0.374
fantasy world:0.3725
road movie:0.37025
grindhouse:0.36825
directorial debut:0.368
weird:0.3535
violent:0.3525
cancer:0.35225
pg-13:0.351
indie:0.34675
chase:0.34525
pornography:0.34375
nocturnal:0.34175
post-apocalyptic:0.33975
reflective:0.33825
guilt:0.33575
scifi:0.3345
relationships:0.33425
atmospheric:0.33425
cult film:0.33325
vengeance:0.3325
melancholy:0.32925
adaptation:0.32825
life philosophy:0.32675
lone hero:0.326
visual:0.32575
sci fi:0.32525
light:0.325
existentialism:0.3225
bad plot:0.3225
social commentary:0.32175
destiny:0.32
dark hero:0.3175
feel-good:0.3145
thought-provoking:0.31425
great cinematography:0.30975
complex:0.3075
weapons:0.3075
creepy:0.306
entirely dialogue:0.30575
crude humor:0.30475
sad:0.303
