biblical:0.9925
supernatural:0.93375
twist ending:0.9145
religion:0.90575
god:0.88775
horror:0.87
egypt:0.8495
devil:0.82925
plot twist:0.821
christianity:0.8175
twist:0.7815
original:0.77075
surprise ending:0.7625
predictable:0.744
bad cgi:0.727
great ending:0.721
twists & turns:0.69075
small town:0.689
special effects:0.65525
plot holes:0.646
story:0.614
bad ending:0.60475
christian:0.59775
bad plot:0.5975
suspense:0.5915
scary:0.57775
pointless:0.5735
apocalypse:0.5705
alternate endings:0.5685
weird:0.55825
thriller:0.55825
mystery:0.55
so bad it's funny:0.54725
catastrophe:0.54575
plot:0.54375
idiotic:0.53675
pg-13:0.51825
visually stunning:0.508
death:0.507
silly:0.5065
based on a book:0.503
creepy:0.4855
police investigation:0.483
suspenseful:0.47575
natural disaster:0.47325
better than expected:0.4715
good:0.4635
lame:0.45025
creativity:0.44675
first contact:0.44325
big budget:0.434
very interesting:0.428
not funny:0.4225
oscar winner:0.422
dialogue:0.42175
science:0.42025
blood:0.419
disaster:0.41825
storytelling:0.41425
investigation:0.41275
nudity (full frontal - brief):0.407
psychological:0.40175
clever:0.40075
demons:0.3985
serial killer:0.3985
gory:0.39675
mythology:0.38575
mentor:0.3845
brutality:0.38025
intense:0.37775
fantasy world:0.371
writers:0.3585
end of the world:0.3555
vengeance:0.35525
destiny:0.355
horrible:0.3515
atheism:0.34925
family:0.3475
torture:0.34725
internet:0.345
sacrifice:0.33925
beautiful scenery:0.3385
life philosophy:0.33825
stereotypes:0.338
jesus:0.337
amy smart:0.3355
transformation:0.329
whimsical:0.32675
life & death:0.3255
murder:0.324
good soundtrack:0.32325
pornography:0.3215
adaptation:0.321
visuals:0.31275
unfunny:0.3125
good acting:0.3095
stupid as hell:0.3085
bullshit history:0.3065
cgi:0.30325
fbi:0.30225
