airport:0.9985
disaster:0.97325
franchise:0.82725
special effects:0.81625
natural disaster:0.786
original:0.77325
ensemble cast:0.75875
sequels:0.7095
silly:0.68
predictable:0.654
sequel:0.597
series:0.59275
big budget:0.58225
shallow:0.58125
silly fun:0.57475
entertaining:0.55625
fun:0.53525
aviation:0.52825
destiny:0.522
mentor:0.5215
action:0.52
family:0.517
survival:0.515
submarine:0.51125
claustrophobic:0.50825
dialogue:0.50325
good:0.49925
fun movie:0.4605
intense:0.45
goofy:0.449
underwater:0.4415
catastrophe:0.44125
great ending:0.43
1970s:0.42375
island:0.41625
good action:0.41275
lone hero:0.41075
bad plot:0.40475
oscar winner:0.4005
80s:0.399
great:0.394
so bad it's funny:0.38875
crappy sequel:0.38825
slapstick:0.38725
unintentionally funny:0.37925
runaway:0.37925
drama:0.3775
shark:0.372
bad cgi:0.36775
dynamic cgi action:0.3615
dysfunctional family:0.3615
art:0.36075
plot holes:0.356
underdog:0.35375
suspense:0.338
sci fi:0.33625
airplane:0.3335
adaptation:0.33125
idiotic:0.3215
multiple storylines:0.31975
action packed:0.31925
death:0.31675
plot:0.315
guilty pleasure:0.31475
ocean:0.314
exciting:0.31225
not funny:0.31125
70mm:0.3095
fantasy:0.30775
fight scenes:0.307
fantasy world:0.306
camp:0.305
happy ending:0.30425
video game:0.30275
entirely dialogue:0.301
vengeance:0.3005
chase:0.29725
pornography:0.29625
pg-13:0.29525
no plot:0.29425
first contact:0.29375
campy:0.292
computer game:0.29125
gangsters:0.291
life philosophy:0.29075
melancholic:0.29025
oil:0.28875
doctors:0.2885
teen movie:0.286
greed:0.286
end of the world:0.283
cool:0.28225
brutality:0.27725
pointless:0.2765
light:0.2765
weapons:0.27575
sexy:0.27425
story:0.2725
science fiction:0.2705
crude humor:0.2705
