horror:0.98775
creepy:0.97675
zombies:0.9655
splatter:0.9555
zombie:0.95275
low budget:0.94
cult classic:0.93425
gruesome:0.88925
visceral:0.8745
claustrophobic:0.868
grindhouse:0.85175
original:0.84825
downbeat:0.84625
classic:0.844
ominous:0.8215
gory:0.81775
black and white:0.8155
apocalypse:0.7985
afi 100 (movie quotes):0.78775
social commentary:0.785
race issues:0.77425
tense:0.755
grim:0.749
cult film:0.74125
atmospheric:0.73625
scary:0.73525
good soundtrack:0.731
frightening:0.7175
macabre:0.7155
violence:0.68825
suspense:0.674
talky:0.668
violent:0.667
eerie:0.6465
brutality:0.642
suspenseful:0.63825
paranoid:0.63075
bleak:0.62425
life & death:0.62125
great ending:0.61675
weird:0.613
monster:0.60025
dark:0.59875
harsh:0.59825
dark humor:0.596
masterpiece:0.59475
effects:0.59075
cult:0.58475
highly quotable:0.5795
dialogue:0.57675
goofy:0.56575
imdb top 250:0.55825
transformation:0.54675
quotable:0.54625
blood:0.54525
great:0.5285
survival:0.51975
disturbing:0.51775
cannibalism:0.51675
gore:0.51525
great movie:0.51
allegory:0.4825
criterion:0.476
loneliness:0.47475
isolation:0.47425
ironic:0.46575
independent film:0.465
mad scientist:0.464
powerful ending:0.463
drinking:0.45
nocturnal:0.4485
catastrophe:0.445
cynical:0.44325
supernatural:0.438
demons:0.43575
original plot:0.43425
sexualized violence:0.43375
gunfight:0.42525
so bad it's funny:0.42175
good acting:0.4165
narrated:0.41325
character study:0.411
insanity:0.4105
special effects:0.41025
intense:0.41
goretastic:0.40875
awesome soundtrack:0.4085
biting:0.3975
bloody:0.395
dark hero:0.38775
melancholic:0.3875
good:0.38625
fun movie:0.38525
interesting:0.3845
weapons:0.382
cool:0.38075
adaptation:0.3775
runaway:0.376
not funny:0.374
honest:0.3715
