anime:0.9855
animation:0.9165
adventure:0.848
natural disaster:0.82225
original:0.78225
predictable:0.72625
fantasy world:0.67325
family:0.66625
greed:0.5555
bad plot:0.553
pointless:0.552
dialogue:0.5475
action:0.53125
japan:0.51475
mentor:0.512
cartoon:0.5105
visually stunning:0.5095
ecology:0.50725
overrated:0.4925
music:0.4815
animated:0.477
shallow:0.47325
silly:0.4725
story:0.45475
action packed:0.4535
weird:0.4525
animals:0.4485
brutality:0.43575
fun movie:0.433
great ending:0.4325
fun:0.429
idiotic:0.42325
franchise:0.4155
boring:0.41175
tokyo:0.4055
camp:0.38625
catastrophe:0.3855
weapons:0.38175
silly fun:0.3785
good soundtrack:0.3695
melancholic:0.366
adaptation:0.36525
great:0.361
so bad it's funny:0.35725
first contact:0.35475
fantasy:0.35125
fight scenes:0.34775
birds:0.346
destiny:0.34525
life philosophy:0.34475
adapted from:comic:0.33975
magic:0.33725
horrible:0.336
storytelling:0.33325
cult film:0.32825
visually appealing:0.328
unusual plot structure:0.32775
good:0.32375
entirely dialogue:0.323
bad acting:0.31975
writers:0.319
quirky:0.31825
not funny:0.315
sexualized violence:0.31375
gangsters:0.31175
pulp:0.31
childhood:0.308
dreamlike:0.3075
complex:0.30575
slapstick:0.30575
disaster:0.30275
imdb top 250:0.30075
kids:0.30025
japanese:0.298
teen movie:0.296
death:0.29125
lone hero:0.28925
nocturnal:0.2885
splatter:0.28775
based on a book:0.2835
sci fi:0.282
transformation:0.2815
justice:0.27775
violence:0.27625
police investigation:0.27625
nudity (full frontal - brief):0.27425
runaway:0.2725
stupid:0.27225
dysfunctional family:0.272
life & death:0.27175
pornography:0.271
teen:0.2705
twists & turns:0.269
parallel universe:0.26775
drama:0.26575
surreal:0.26575
intense:0.26525
suspense:0.26325
visual:0.263
redemption:0.261
