enigmatic:0.9865
criterion:0.9825
intimate:0.97975
talky:0.96475
existentialism:0.96025
psychological:0.955
surreal:0.95425
masterpiece:0.952
cerebral:0.94375
dreamlike:0.93775
psychology:0.925
swedish:0.91425
artistic:0.91375
meditative:0.90925
art house:0.9015
melancholic:0.901
loneliness:0.88975
cinematography:0.88475
weird:0.8805
downbeat:0.87025
breathtaking:0.8635
hallucinatory:0.862
black and white:0.85675
reflective:0.85425
golden palm:0.8245
complex:0.81625
dreams:0.804
surrealism:0.799
bleak:0.796
intellectual:0.79025
art:0.78025
obsession:0.7685
secrets:0.76225
visceral:0.743
visual:0.74275
insanity:0.7405
identity:0.72825
storytelling:0.727
silent:0.72225
women:0.72125
melancholy:0.71725
disturbing:0.717
philosophical:0.706
sexual:0.7025
non-linear:0.6995
atmospheric:0.699
imdb top 250:0.69875
stylized:0.6965
lynch:0.676
oscar (best foreign language film):0.6695
compassionate:0.667
original:0.64675
tense:0.64625
emotional:0.6455
visually appealing:0.64525
character study:0.635
pretentious:0.61975
life & death:0.61375
runaway:0.61375
social commentary:0.61325
great cinematography:0.608
artsy:0.60775
artist:0.597
forceful:0.59675
strange:0.594
isolation:0.5905
pornography:0.5865
nonlinear:0.58375
relationships:0.581
complex characters:0.57975
dialogue:0.57525
narrated:0.5665
oscar (best actress):0.5645
suprisingly clever:0.55875
childhood:0.55025
excellent script:0.55025
imagination:0.55
visually stunning:0.54625
beautifully filmed:0.53675
erotic:0.52975
foreign:0.52775
very interesting:0.52125
allegory:0.51725
guilt:0.517
solitude:0.507
eerie:0.50625
dark:0.50125
light:0.49625
entirely dialogue:0.49575
depression:0.49475
photography:0.491
hospital:0.49025
grim:0.489
harsh:0.48775
confusing:0.48725
paranoid:0.48425
moody:0.48325
drama:0.483
claustrophobic:0.4815
affectionate:0.47225
