desert:0.972
existentialism:0.8525
allegory:0.74
stranded:0.61775
africa:0.60975
melancholic:0.58775
original:0.57675
survival:0.56125
relationships:0.52525
humanity:0.519
criterion:0.497
sexual:0.4785
loneliness:0.42625
not funny:0.42525
golden palm:0.425
weird:0.4235
absurd:0.41625
crime gone awry:0.4145
entirely dialogue:0.40575
catastrophe:0.405
road movie:0.40125
bleak:0.392
dialogue:0.38075
harsh:0.37525
pointless:0.36575
cerebral:0.36425
meditative:0.359
art:0.3585
hip hop:0.35325
writers:0.35
independent film:0.34725
cult film:0.336
art house:0.336
lone hero:0.33475
enigmatic:0.331
visually stunning:0.3255
talky:0.31625
brutality:0.3145
ironic:0.313
storytelling:0.31125
mentor:0.30675
gunfight:0.3055
life philosophy:0.30375
sex comedy:0.2985
visceral:0.295
reflective:0.29475
suprisingly clever:0.28825
artist:0.28625
artistic:0.28475
drama:0.27225
pretentious:0.26925
visual:0.268
demons:0.26475
adaptation:0.26175
first contact:0.261
cinematography:0.25775
off-beat comedy:0.25275
so bad it's funny:0.2515
shakespeare:0.2415
fight scenes:0.23975
quirky:0.23775
downbeat:0.2365
transformation:0.236
great ending:0.23425
runaway:0.23325
very interesting:0.23275
intimate:0.22975
tragedy:0.229
natural disaster:0.22825
disturbing:0.226
male nudity:0.221
stupidity:0.219
very funny:0.21825
good soundtrack:0.21725
deadpan:0.21525
visually appealing:0.2145
life & death:0.21425
unfunny:0.214
narrated:0.2135
death:0.21175
character study:0.21125
intellectual:0.2105
fantasy world:0.20825
predictable:0.20425
nocturnal:0.20225
culture clash:0.20075
stylized:0.20075
dialogue driven:0.1985
new jersey:0.19775
creativity:0.19575
satirical:0.1945
overrated:0.18625
crude humor:0.18625
redemption:0.185
surreal:0.18375
no dialogue:0.183
solitude:0.18275
dreamlike:0.18225
dark hero:0.18175
spanish:0.18125
