astronauts:0.991
science fiction:0.98825
allegory:0.98025
futuristic:0.96025
scifi:0.95775
original:0.94575
sci fi:0.94575
imdb top 250:0.93525
space travel:0.9275
humanity:0.9265
classic:0.9135
sci-fi:0.8935
social commentary:0.88575
future:0.88325
great ending:0.87625
visually appealing:0.85375
space opera:0.8475
tense:0.791
greed:0.7785
cerebral:0.778
masterpiece:0.77725
post-apocalyptic:0.77325
technology:0.77025
forceful:0.76675
storytelling:0.76275
adapted from:book:0.76225
nuclear war:0.76075
paranoid:0.75825
original plot:0.75625
thought-provoking:0.756
science:0.75175
intelligent sci-fi:0.74675
story:0.7455
space:0.7385
dystopia:0.7305
dialogue:0.7275
suspense:0.72625
twist ending:0.725
afi 100:0.72125
satirical:0.72125
special effects:0.70725
philosophical:0.70675
alternate history:0.70425
survival:0.69975
imagination:0.68525
great movie:0.684
first contact:0.683
visual:0.6785
alternate reality:0.67725
afi 100 (movie quotes):0.66975
suspenseful:0.66775
clever:0.66275
enigmatic:0.6465
destiny:0.64375
visually stunning:0.638
great:0.63225
post apocalyptic:0.6305
adventure:0.629
dystopic future:0.6255
great acting:0.6175
unusual plot structure:0.6055
interesting:0.60225
oscar (best directing):0.59675
existentialism:0.59625
effects:0.59525
chase:0.5905
cinematography:0.577
life & death:0.57275
narrated:0.5705
desert:0.566
weapons:0.56575
dramatic:0.5595
philosophy:0.55675
downbeat:0.55
talky:0.544
harsh:0.5435
end of the world:0.5395
suprisingly clever:0.53275
quotable:0.52975
paranoia:0.524
transformation:0.523
plot holes:0.523
breathtaking:0.52275
sacrifice:0.5205
light:0.512
ecology:0.5115
powerful ending:0.508
oscar (best picture):0.5065
complex:0.49975
script:0.49775
distopia:0.496
mentor:0.49275
good acting:0.49025
catastrophe:0.4875
gunfight:0.4865
beautiful scenery:0.48625
intellectual:0.4855
redemption:0.483
very interesting:0.482
cult classic:0.48025
