drama:0.9825
family drama:0.92375
original:0.79575
dysfunctional family:0.76525
character study:0.75075
intimate:0.72575
great acting:0.71625
storytelling:0.69675
family:0.6905
redemption:0.68425
intense:0.6325
oscar:0.611
independent film:0.61075
tragedy:0.59425
dramatic:0.583
culture clash:0.56975
catastrophe:0.56975
talky:0.565
social commentary:0.563
dialogue:0.56
oscar (best actress):0.55925
violence:0.55925
good:0.55575
story:0.5545
exceptional acting:0.5375
reflective:0.5305
melancholic:0.52975
good soundtrack:0.5235
violent:0.52125
disability:0.521
parenthood:0.52025
realistic:0.503
small town:0.5
oscar (best supporting actress):0.497
drinking:0.494
bittersweet:0.48925
great:0.489
greed:0.4885
mentor:0.48425
great ending:0.47975
good acting:0.47875
slow:0.478
honest:0.473
dark hero:0.47175
unusual plot structure:0.469
secrets:0.468
oscar (best directing):0.46675
depression:0.45825
great movie:0.45675
very good:0.44825
interesting:0.4445
understated:0.4395
fast paced:0.43475
suprisingly clever:0.4345
criterion:0.4295
loneliness:0.428
harsh:0.42775
happy ending:0.4275
crime:0.42075
tense:0.42
complex:0.4155
visually appealing:0.4155
prison:0.41425
family bonds:0.411
cerebral:0.40425
crime gone awry:0.403
life philosophy:0.40125
emotional:0.39775
stylized:0.39775
brutality:0.396
fight scenes:0.39175
bleak:0.39175
based on book:0.39125
affectionate:0.39
betrayal:0.38875
melancholy:0.38325
very interesting:0.38
visceral:0.37925
not funny:0.376
beautiful scenery:0.37375
dark humor:0.372
life & death:0.372
narrated:0.36825
death:0.36775
runaway:0.367
excellent script:0.36425
corruption:0.36225
police investigation:0.36225
twists & turns:0.3575
clever:0.35675
mental illness:0.355
adaptation:0.3525
cinematography:0.3515
pg-13:0.35
poignant:0.349
feel-good:0.34675
moral ambiguity:0.3455
light:0.34475
enigmatic:0.344
relationships:0.34175
