camp:0.9725
good sequel:0.93825
sequels:0.9195
original:0.85775
sequel:0.74575
family:0.72525
macabre:0.713
black comedy:0.63525
dark comedy:0.62375
dark humor:0.6125
dysfunctional family:0.59925
quirky:0.5985
parenthood:0.58575
comedy:0.57425
funny as hell:0.5715
gothic:0.491
weird:0.48425
funny:0.48075
sexy:0.47325
fun movie:0.465
hilarious:0.46475
original plot:0.463
catastrophe:0.456
great:0.45125
based on a tv show:0.4505
satirical:0.448
very funny:0.442
dialogue:0.43775
product placement:0.4345
sarcasm:0.43225
mentor:0.43125
bittersweet:0.42975
adaptation:0.42625
franchise:0.42575
great ending:0.42175
goofy:0.41875
good:0.4175
fantasy world:0.4075
crappy sequel:0.40675
light:0.39825
cult classic:0.398
fantasy:0.39575
goth:0.378
fun:0.37
death:0.36925
children:0.36725
absurd:0.3555
predictable:0.34025
brutality:0.32875
silly fun:0.32875
pornography:0.32
stylized:0.3195
greed:0.31925
storytelling:0.3185
first contact:0.317
life philosophy:0.309
immortality:0.309
passionate:0.308
transformation:0.30425
story:0.3035
runaway:0.296
underrated:0.29575
afi 100:0.29275
pg-13:0.29275
culture clash:0.2905
melancholic:0.28575
satire:0.285
entirely dialogue:0.2845
scary:0.283
slapstick:0.2825
destiny:0.2805
crime gone awry:0.277
unfunny:0.276
so bad it's funny:0.27475
unusual plot structure:0.27425
dark hero:0.2725
revenge:0.27175
very good:0.2715
humorous:0.27125
bad plot:0.27075
good soundtrack:0.27
obsession:0.26725
suprisingly clever:0.264
eccentricity:0.26275
cult film:0.2615
multiple storylines:0.26125
visually appealing:0.25975
chase:0.2595
murder:0.2595
fight scenes:0.25425
nudity (full frontal - brief):0.2535
great acting:0.25175
big budget:0.25125
lone hero:0.25125
moral ambiguity:0.251
childhood:0.24975
harsh:0.24925
doctors:0.2465
great movie:0.246
silly:0.24575
