latin america:0.991
politics:0.98875
political:0.98675
dramatic:0.936
corruption:0.8795
conspiracy:0.865
military:0.8565
assassination:0.82725
foreign:0.8235
drama:0.82
capitalism:0.78375
kidnapping:0.77225
oscar (best directing):0.76025
idealism:0.745
world politics:0.745
greed:0.742
true story:0.7125
oscar (best actress):0.699
great acting:0.69425
criterion:0.68
complex:0.67375
original:0.67175
life & death:0.668
powerful ending:0.6625
south america:0.66075
based on book:0.65675
propaganda:0.65525
based on true story:0.65275
reflective:0.63975
brutality:0.6395
very interesting:0.63925
culture clash:0.6365
thought-provoking:0.63175
journalism:0.62225
based on a book:0.617
tragedy:0.61375
fascism:0.61175
heartbreaking:0.61125
paranoia:0.59875
secrets:0.59575
beautiful scenery:0.58075
downbeat:0.57525
investigation:0.57425
death:0.57
good:0.56825
good acting:0.56625
earnest:0.5625
forceful:0.5555
islam:0.5545
oscar (best foreign language film):0.55425
cold war:0.55075
poignant:0.54475
runaway:0.54225
suprisingly clever:0.53925
emotional:0.53825
iraq:0.53775
betrayal:0.5365
movielens top pick:0.536
us history:0.5235
golden palm:0.5195
1970s:0.51925
oscar (best supporting actress):0.5145
morality:0.51225
historical:0.51225
honest:0.51025
absurd:0.5035
social commentary:0.501
amazing photography:0.4915
hospital:0.488
tom clancy:0.48575
family drama:0.4835
argentina:0.481
catastrophe:0.4785
storytelling:0.478
talky:0.47525
self discovery:0.46775
civil war:0.4655
terrorism:0.465
great ending:0.46375
ethnic conflict:0.46325
excellent:0.46275
courage:0.46025
sacrifice:0.4585
great cinematography:0.4585
murder:0.45575
revolution:0.451
exceptional acting:0.4485
pornography:0.44775
interesting:0.44575
police investigation:0.444
brainwashing:0.4325
twists & turns:0.43125
intimate:0.431
based on a true story:0.4305
nudity (full frontal - brief):0.43025
breathtaking:0.415
redemption:0.4135
character study:0.413
history:0.412
violence:0.41
