romantic comedy:0.82075
predictable:0.777
cute!:0.683
original:0.67875
family:0.6275
romantic:0.55425
cute:0.5205
bad acting:0.5075
chick flick:0.506
light:0.49825
whimsical:0.468
comedy:0.458
feel-good:0.451
fantasy:0.442
catastrophe:0.43675
bad plot:0.43175
mentor:0.43025
romance:0.42425
great ending:0.4165
adventure:0.4165
quirky:0.4015
love story:0.392
feel good movie:0.39125
dialogue:0.38325
secret service:0.3745
very funny:0.36925
overrated:0.36625
sexy:0.3615
funny:0.34875
destiny:0.34175
first contact:0.33175
humorous:0.32475
natural disaster:0.324
stereotypes:0.32075
fantasy world:0.31675
culture clash:0.31575
adaptation:0.3125
boring:0.31025
not funny:0.31
unfunny:0.30575
happy ending:0.298
entertaining:0.2945
shallow:0.29425
brutality:0.2925
storytelling:0.292
redemption:0.29175
girlie movie:0.29025
life philosophy:0.29
lone hero:0.27325
twist ending:0.26575
runaway:0.263
women:0.262
touching:0.257
so bad it's funny:0.25575
fight scenes:0.2525
entirely dialogue:0.25125
silly:0.25025
cheesy:0.24725
story:0.24625
chase:0.24275
nudity (full frontal - brief):0.2425
good action:0.24025
sweet:0.23775
big budget:0.2345
pornography:0.23375
crude humor:0.22775
franchise:0.2255
police investigation:0.225
fun:0.22375
great:0.22175
cinematography:0.22
children:0.2195
computer animation:0.21675
disaster:0.2165
dreamlike:0.21275
childhood:0.21275
suspense:0.20975
good soundtrack:0.20925
adapted from:book:0.20625
cult film:0.206
silly fun:0.20575
action:0.20325
divorce:0.2015
fun movie:0.201
vengeance:0.1995
teen movie:0.19825
gangsters:0.19775
action packed:0.1975
horrible:0.19675
comic:0.19625
nocturnal:0.19575
talky:0.19325
queer:0.19275
teacher:0.192
family drama:0.1915
scary:0.19125
series:0.191
slapstick:0.19075
melancholic:0.19025
foreign:0.1885
