chris tucker:0.95975
comedy:0.93425
good action:0.82025
buddy movie:0.81175
funny:0.80275
action:0.72925
hilarious:0.67225
original:0.67025
entertaining:0.637
fun movie:0.63025
very funny:0.6105
fight scenes:0.56625
life philosophy:0.53425
mentor:0.49925
chase:0.483
prison:0.46525
great ending:0.4395
catastrophe:0.43625
good:0.41925
lone hero:0.412
unusual plot structure:0.39875
great:0.3955
silly:0.39425
violence:0.38025
unfunny:0.38
vengeance:0.3705
light:0.367
murder:0.359
predictable:0.35275
unlikely friendships:0.3515
goofy:0.34475
dialogue:0.34025
fun:0.33675
humorous:0.33325
bad plot:0.3325
storytelling:0.3295
franchise:0.32775
brutality:0.3275
silly fun:0.32675
culture clash:0.32025
car chase:0.3185
violent:0.3155
comic:0.3125
complex:0.30875
not funny:0.30275
runaway:0.30175
good soundtrack:0.29725
bloody:0.2955
alter ego:0.29375
action packed:0.29075
adaptation:0.28775
stereotypes:0.283
transformation:0.282
visually appealing:0.279
first contact:0.2785
overrated:0.27625
story:0.27625
conspiracy:0.27425
melancholic:0.26375
corruption:0.261
creativity:0.26025
cool:0.25875
los angeles:0.25775
fantasy world:0.25575
pornography:0.24675
redemption:0.24625
harsh:0.24525
imdb top 250:0.244
death:0.24225
great movie:0.24125
crude humor:0.2405
entirely dialogue:0.23975
destiny:0.23975
so bad it's funny:0.239
paranoid:0.232
not as good as the first:0.229
pg-13:0.226
nudity (full frontal - brief):0.225
clever:0.2165
justice:0.21625
life & death:0.216
gangs:0.2155
revenge:0.2145
betrayal:0.213
hitman:0.21125
suspense:0.2085
greed:0.208
forceful:0.207
80s:0.20675
teen movie:0.20625
police investigation:0.20525
pointless:0.2045
fast paced:0.2045
ninja:0.20375
oscar (best directing):0.2015
gangsters:0.198
very good:0.19775
criterion:0.1965
quirky:0.1965
childhood:0.19625
