adventure:0.9755
fun movie:0.92775
treasure hunt:0.8565
reality tv:0.80675
silly:0.75725
destiny:0.75175
video game:0.71325
betrayal:0.70775
action:0.7075
archaeology:0.692
magic:0.682
made for tv:0.66475
silly fun:0.66375
special effects:0.64175
catastrophe:0.64125
so bad it's funny:0.63325
original:0.6305
dialogue:0.63
mythology:0.6275
corny:0.6195
fantasy world:0.61175
indiana jones:0.60725
jungle:0.59575
fantasy:0.57575
big budget:0.57125
fight scenes:0.5675
entertaining:0.55775
teen movie:0.5505
pg-13:0.5205
spoof:0.52
campy:0.512
parallel universe:0.51025
swashbuckler:0.49575
predictable:0.4885
romance:0.4805
family:0.4685
comedy:0.46825
better than expected:0.46825
cheesy:0.459
good:0.45725
natural disaster:0.45475
franchise:0.454
sexy:0.44475
geeks:0.44375
fun:0.438
mentor:0.423
adaptation:0.42225
life philosophy:0.412
vampire human love:0.407
beautiful scenery:0.406
plot holes:0.39525
girlie movie:0.3905
treasure:0.38875
bad cgi:0.38275
pulp:0.3755
transformation:0.36925
alter ego:0.3645
series:0.3645
computer game:0.355
lame:0.35225
slapstick:0.3515
great:0.3485
low budget:0.3455
action packed:0.341
idiotic:0.3405
not funny:0.34
quirky:0.334
good action:0.33375
mummy:0.33325
goofy:0.328
books:0.325
plot:0.32425
based on a tv show:0.32425
clever:0.3225
teen:0.31725
dumb but funny:0.30725
chase:0.306
sequel:0.30475
bad acting:0.30175
parody:0.29925
very funny:0.29825
first contact:0.29725
great ending:0.288
based on a book:0.2835
camp:0.28275
runaway:0.281
story:0.28
light:0.27775
buddy movie:0.27675
love story:0.274
humor:0.273
adapted from:book:0.2685
stereotypes:0.266
nerds:0.25875
culture clash:0.25225
brutality:0.2505
based on a video game:0.24875
shallow:0.2485
romantic:0.24625
superheroes:0.24625
