gangs:0.99825
gangsters:0.976
los angeles:0.96325
violence:0.94575
violent:0.93775
gangster:0.93525
good soundtrack:0.868
brutality:0.8625
hip hop:0.7935
harsh:0.7855
original:0.7845
corruption:0.77075
mentor:0.76325
crime:0.74875
great acting:0.73575
gritty:0.7205
guns:0.69
good:0.67125
great movie:0.6705
drama:0.6565
runaway:0.65375
great:0.6475
cool:0.64475
vengeance:0.639
revenge:0.638
realistic:0.63625
drugs:0.63175
redemption:0.63175
social commentary:0.6165
brutal:0.60975
justice:0.60375
very good:0.59125
suburbia:0.58975
intense:0.5895
dialogue:0.58125
organized crime:0.57325
forceful:0.56725
visceral:0.5365
cult classic:0.53325
gunfight:0.533
sexualized violence:0.5235
highly quotable:0.5215
blood:0.51975
california:0.51875
mob:0.50925
pornography:0.5075
talky:0.50675
stylized:0.506
good action:0.4975
dramatic:0.492
complex:0.48775
great ending:0.48725
controversial:0.48625
very interesting:0.46475
storytelling:0.46025
nostalgic:0.4555
stereotypes:0.44925
chase:0.44225
exceptional acting:0.44175
foul language:0.44175
grim:0.44
80s:0.439
lone hero:0.4305
fight scenes:0.42825
race issues:0.42725
character study:0.408
new jersey:0.4065
good acting:0.40575
action:0.4045
honest:0.40325
drinking:0.402
suprisingly clever:0.40175
story:0.39725
underrated:0.39575
interesting:0.3945
catastrophe:0.39375
oscar (best directing):0.387
great soundtrack:0.386
classic car:0.38375
friendship:0.38375
nocturnal:0.383
culture clash:0.3825
hitman:0.38125
psychological:0.3745
vigilantism:0.369
moral ambiguity:0.36825
psychology:0.3675
melancholic:0.36275
police corruption:0.3615
pg-13:0.36025
greed:0.36025
awesome soundtrack:0.354
cult film:0.35375
mafia:0.3525
gratuitous violence:0.35125
racism:0.35025
entertaining:0.3495
visually appealing:0.34725
dark hero:0.34675
predictable:0.3465
