hitchcock:1.0
suspenseful:0.90425
con artists:0.87675
kidnapping:0.8475
greed:0.8355
suspense:0.83475
murder mystery:0.79325
murder:0.76225
enigmatic:0.742
secrets:0.73475
runaway:0.73125
obsession:0.72475
pornography:0.72125
clever:0.6995
original:0.6985
mystery:0.68675
macabre:0.66625
chase:0.66225
police investigation:0.65
guilt:0.6495
light:0.632
death:0.629
great ending:0.62275
espionage:0.62075
adoption:0.60525
dialogue:0.596
unusual plot structure:0.588
thriller:0.57525
weird:0.56225
twist:0.5605
complex:0.542
twists & turns:0.5275
absurd:0.5235
underrated:0.51675
manipulation:0.5095
investigation:0.5085
plot:0.50825
corruption:0.5075
complicated:0.5045
mistaken identity:0.499
assassination:0.4935
great:0.48275
very interesting:0.47325
psychological:0.46925
identity:0.46275
mentor:0.45925
tense:0.45475
catastrophe:0.451
paranoid:0.446
san francisco:0.44075
bad ending:0.438
whimsical:0.43675
first contact:0.43225
twist ending:0.425
talky:0.42475
surveillance:0.424
cinematography:0.41375
interesting:0.411
alternate endings:0.41
sexy:0.40375
doctors:0.39775
silly:0.397
plot twist:0.3865
imdb top 250:0.38475
story:0.37975
storytelling:0.37925
cheating:0.3785
conspiracy:0.37825
fun movie:0.3775
family:0.37525
humorous:0.371
nudity (full frontal - notable):0.37
classic:0.3695
black comedy:0.368
predictable:0.3665
no plot:0.36175
sexualized violence:0.36125
adaptation:0.36025
heist:0.3555
california:0.3545
stylish:0.35125
complicated plot:0.349
dark humor:0.34825
melancholic:0.3465
art:0.3425
unfunny:0.34125
criterion:0.34075
entirely dialogue:0.3395
visually appealing:0.33875
quirky:0.3375
plot holes:0.335
betrayal:0.33125
not funny:0.329
based on a book:0.32875
police corruption:0.3265
1970s:0.32475
crime:0.3205
good:0.31975
creativity:0.3155
stylized:0.3145
