psychology:0.9915
based on a true story:0.943
biographical:0.94025
biopic:0.915
intellectual:0.90725
very interesting:0.89325
science:0.8275
original:0.818
mentor:0.81225
psychological:0.803
humanity:0.78075
intelligent:0.75025
based on true story:0.72375
narrated:0.72275
thought-provoking:0.71575
interesting:0.7005
storytelling:0.69175
drama:0.67025
dramatic:0.66675
cerebral:0.6625
biography:0.65225
great ending:0.63925
talky:0.634
life & death:0.62825
philosophy:0.6
enigmatic:0.59775
doctors:0.5935
greed:0.588
life:0.578
controversial:0.571
insanity:0.57
complicated:0.56325
islam:0.56325
justice:0.56175
teacher:0.5605
philosophical:0.545
journalism:0.54025
good soundtrack:0.5355
true story:0.521
life philosophy:0.52
catastrophe:0.5055
honest:0.5035
criterion:0.5025
prison:0.50225
bad ending:0.49875
1930s:0.491
boring!:0.49025
corruption:0.48725
good:0.4735
clever:0.47275
brutality:0.471
manipulation:0.47025
twists & turns:0.467
plot:0.46125
good acting:0.4595
first contact:0.4515
mental illness:0.45075
great:0.446
visually appealing:0.44475
factual:0.44175
feel-good:0.4395
reflective:0.43775
psychiatry:0.436
vengeance:0.4355
paranoia:0.43275
death:0.432
intense:0.42425
social commentary:0.4235
rebellion:0.4135
amazing photography:0.41325
police investigation:0.41
paranoid:0.4075
politics:0.39925
eccentricity:0.3845
existentialism:0.38425
educational:0.3775
story:0.3755
inspirational:0.3745
runaway:0.374
emotional:0.37375
holocaust:0.37375
obsession:0.37325
culture clash:0.37275
hospital:0.371
great acting:0.36975
great movie:0.3675
artistic:0.36725
memory loss:0.367
family:0.364
adaptation:0.3605
technology:0.35475
race issues:0.35475
censorship:0.35325
indie:0.3505
underrated:0.3435
excellent script:0.341
powerful ending:0.3375
investigation:0.33725
male nudity:0.33625
redemption:0.3355
