oscar (best animated feature):0.99575
animation:0.95975
melancholic:0.9575
animated:0.95275
father daughter relationship:0.9295
meditative:0.863
criterion:0.85125
visually stunning:0.83475
french:0.83475
bittersweet:0.81625
beautiful:0.81225
enigmatic:0.80975
slow paced:0.78575
storytelling:0.78075
depression:0.7785
melancholy:0.775
visual:0.77325
original:0.74
artistic:0.7385
beautifully filmed:0.7275
loneliness:0.727
bleak:0.72675
sad:0.68475
wistful:0.68275
breathtaking:0.68025
intimate:0.677
visually appealing:0.675
art:0.67325
childhood:0.659
heartbreaking:0.658
depressing:0.65725
dialogue:0.656
downbeat:0.6425
runaway:0.6395
story:0.637
grim:0.58925
masterpiece:0.589
weird:0.58875
poignant:0.55425
foreign:0.54825
social commentary:0.5465
cinematography:0.542
fantasy world:0.53875
paris:0.5375
animal movie:0.5365
atmospheric:0.534
stylized:0.531
france:0.5305
animals:0.5275
dreamlike:0.52475
silent:0.5245
life & death:0.5175
colourful:0.51375
simple:0.51175
computer animation:0.507
dark:0.489
mentor:0.48625
golden palm:0.4825
light:0.48125
creativity:0.477
solitude:0.4755
death:0.46825
scotland:0.46575
stop motion:0.45825
imagination:0.4575
visuals:0.4555
police investigation:0.453
entirely dialogue:0.45275
whimsical:0.446
unusual plot structure:0.4445
quirky:0.43925
hotel:0.4385
stunning:0.4375
affectionate:0.4355
friendship:0.43175
good soundtrack:0.43125
existentialism:0.425
suprisingly clever:0.42125
life philosophy:0.42025
great ending:0.4195
rabbits:0.41925
character study:0.41875
catastrophe:0.4165
greed:0.416
imdb top 250:0.41575
dreams:0.414
sacrifice:0.40975
emotional:0.409
transformation:0.405
anime:0.40175
talky:0.4
great:0.4
absurd:0.396
culture clash:0.393
cartoon:0.39025
guilt:0.38725
coming-of-age:0.3855
slow:0.38125
1950s:0.3775
touching:0.374
