racing:0.99775
motorcycle:0.9855
hip hop:0.93825
predictable:0.82875
so bad it's funny:0.802
bad acting:0.79025
race:0.73475
action:0.68275
original:0.671
pointless:0.661
horrible:0.65725
bad plot:0.59675
road movie:0.559
dialogue:0.5535
good action:0.551
stupid as hell:0.541
natural disaster:0.5375
action packed:0.528
twists & turns:0.483
mentor:0.48025
catastrophe:0.4715
lame:0.44875
lone hero:0.4475
disaster:0.44675
overrated:0.446
fight scenes:0.441
chase:0.43425
stereotypes:0.431
family:0.4305
great ending:0.4215
silly fun:0.42125
not as good as the first:0.41825
dumb:0.41125
good:0.41025
great acting:0.40625
fun movie:0.4035
teens:0.393
underdog:0.3895
story:0.3855
slapstick:0.3845
pg-13:0.3815
not funny:0.381
dumb but funny:0.37875
entirely dialogue:0.3675
drama:0.366
computer game:0.36575
life philosophy:0.36425
plot:0.35925
storytelling:0.359
exciting:0.35875
unusual plot structure:0.35875
writers:0.3515
sports:0.348
fantasy world:0.34425
first contact:0.343
based on a video game:0.34125
good soundtrack:0.3345
fun:0.33375
goofy:0.33325
runaway:0.3285
violence:0.32825
unfunny:0.32675
unrealistic:0.32375
brutality:0.32125
weapons:0.321
special effects:0.3205
boring:0.31225
undercover cop:0.3095
death:0.30925
silly:0.3085
big budget:0.304
idiotic:0.3025
vengeance:0.30125
feel-good:0.30025
cool:0.29875
bad cgi:0.297
bad:0.29475
great:0.29375
adaptation:0.2925
intense:0.292
spelling bee:0.29025
destiny:0.289
gangs:0.28775
suspense:0.286
awful:0.28575
feel good movie:0.28325
crappy sequel:0.283
graphic design:0.283
redemption:0.2825
women:0.277
entertaining:0.26825
very funny:0.265
crude humor:0.262
better than expected:0.2615
sexy:0.26025
justice:0.259
nudity (full frontal - brief):0.2585
pornography:0.25625
gangsters:0.255
revenge:0.252
