family:0.98575
predictable:0.82625
original:0.8005
adventure:0.7805
animal movie:0.765
children:0.753
animals:0.72925
overrated:0.61475
kids and family:0.59875
natural disaster:0.59075
bad plot:0.57775
sequels:0.551
trilogy:0.54375
good soundtrack:0.5245
adoption:0.51075
catastrophe:0.50025
mentor:0.4845
indians:0.48225
feel-good:0.48
dysfunctional family:0.47675
great ending:0.46225
dialogue:0.4535
kids:0.4475
not as good as the first:0.4355
feel good movie:0.41975
fantasy world:0.41675
story:0.41425
first contact:0.40975
cinematography:0.40625
so bad it's funny:0.40575
disaster:0.40425
unlikely friendships:0.40175
crappy sequel:0.39175
boring:0.39
friendship:0.38175
sequel:0.38
bad cgi:0.37625
culture clash:0.373
silly fun:0.37075
childhood:0.36925
shallow:0.36675
fish:0.3655
hunting:0.36475
fashion:0.36225
good:0.355
action:0.355
fantasy:0.35475
violence:0.35375
brutality:0.35125
franchise:0.35025
pointless:0.34925
storytelling:0.3475
destiny:0.34425
happy ending:0.34325
slapstick:0.34175
life philosophy:0.334
space:0.33275
runaway:0.33275
redemption:0.33225
lone hero:0.33125
imdb top 250:0.3305
adaptation:0.32775
quirky:0.32625
entirely dialogue:0.325
big budget:0.3235
fight scenes:0.3235
single father:0.323
fun:0.322
not funny:0.31775
family drama:0.3175
multiple storylines:0.3125
irish:0.31075
pulp:0.304
stupid:0.30025
melancholic:0.29425
crude humor:0.28825
talking animals:0.285
disability:0.27725
justice:0.276
humorous:0.27375
environmental:0.27225
science fiction:0.272
oscar (best directing):0.271
dinosaurs:0.269
dreamlike:0.2685
death:0.267
sci fi:0.266
girlie movie:0.26375
special effects:0.2625
cult film:0.261
romantic:0.26075
chase:0.25925
writers:0.25775
unusual plot structure:0.25725
lame:0.2565
unfunny:0.256
silly:0.25575
police investigation:0.2535
surreal:0.24675
gangsters:0.24625
