very interesting:0.78925
life philosophy:0.77775
philosophy:0.75325
new york:0.73525
original:0.73
philosophical:0.72925
criterion:0.719
artsy:0.70875
reflective:0.7065
pretentious:0.7
new york city:0.6985
documentary:0.69175
intellectual:0.69025
existentialism:0.689
talky:0.6715
weird:0.6045
loneliness:0.596
solitude:0.55875
enigmatic:0.55225
intimate:0.542
suprisingly clever:0.52575
directorial debut:0.5155
indie:0.51475
alone in the world:0.5095
eccentricity:0.48975
quirky:0.4855
cerebral:0.4655
social commentary:0.465
mental illness:0.461
mentor:0.45325
life & death:0.4395
distopia:0.436
melancholy:0.42975
secrets:0.42925
artistic:0.427
artist:0.421
life:0.408
good soundtrack:0.40775
passionate:0.3915
transformation:0.385
imagination:0.37125
culture clash:0.3655
catastrophe:0.35825
new jersey:0.34575
not funny:0.33575
breathtaking:0.3335
dialogue:0.33325
homeless:0.3295
golden palm:0.3295
meditative:0.32925
cult film:0.3275
great ending:0.327
narrated:0.32075
unique:0.32075
childhood:0.3195
obsession:0.31775
storytelling:0.3075
free to download:0.30575
multiple storylines:0.302
low budget:0.3005
judaism:0.2985
internet:0.298
melancholic:0.29575
stylized:0.29575
entirely dialogue:0.2925
cinematography:0.291
nocturnal:0.2905
independent film:0.28875
god:0.288
sexualized violence:0.28775
death:0.285
visually appealing:0.2805
fight scenes:0.28
redemption:0.27975
male nudity:0.27925
queer:0.279
complex:0.279
workplace:0.2775
downbeat:0.27625
relationships:0.273
brutality:0.273
ironic:0.27175
beautifully filmed:0.271
stand-up comedy:0.2675
lone hero:0.25625
romance:0.25275
cult classic:0.25225
honest:0.2515
fun movie:0.25075
good dialogue:0.24775
race issues:0.244
twists & turns:0.242
ethnic conflict:0.2375
allegory:0.2355
black and white:0.235
drinking:0.2335
visually stunning:0.232
creativity:0.232
splatter:0.23025
memory:0.22875
