franchise:0.9845
nostalgic:0.92575
teen movie:0.88925
high school:0.83575
crude humor:0.8305
original:0.80375
male nudity:0.77825
comedy:0.76575
teen:0.762
virginity:0.746
teens:0.725
series:0.69225
great ending:0.68375
drinking:0.65425
pornography:0.646
predictable:0.64525
trilogy:0.62775
sequel:0.621
good soundtrack:0.60625
pg-13:0.60575
sequels:0.5945
funny:0.56125
nudity (topless):0.561
hilarious:0.54875
nudity (topless - notable):0.51925
nostalgia:0.50375
revenge:0.49725
stereotypes:0.48975
adolescence:0.488
destiny:0.47625
dialogue:0.472
catastrophe:0.462
very funny:0.4545
gross-out:0.4385
crappy sequel:0.436
bad plot:0.42775
parallel universe:0.42575
fun:0.42425
gangs:0.42375
coming of age:0.422
amy smart:0.41775
life philosophy:0.4155
plot:0.40775
mentor:0.407
unfunny:0.397
so bad it's funny:0.377
humorous:0.37475
teenager:0.3595
notable nudity:0.35925
culture clash:0.359
transformation:0.34825
storytelling:0.34525
sex comedy:0.34475
brutality:0.3445
pointless:0.3435
melancholic:0.343
reality tv:0.332
great:0.33025
good:0.3295
shallow:0.3255
betrayal:0.32425
good sequel:0.32225
road trip:0.3215
suprisingly clever:0.32
runaway:0.31775
fun movie:0.31475
happy ending:0.3145
fight scenes:0.3145
memory:0.31175
geeks:0.304
not funny:0.3035
college:0.3015
plot holes:0.30075
better than expected:0.29425
silly:0.293
fantasy world:0.2925
teenagers:0.29225
unlikely friendships:0.292
first contact:0.2865
ridiculous:0.28375
humor:0.28225
writers:0.28025
feel-good:0.2765
friendship:0.2765
slapstick:0.27325
clever:0.27275
vengeance:0.26575
camp:0.26425
redemption:0.2635
sexy:0.2635
motorcycle:0.2605
wedding:0.25725
alter ego:0.25425
sexual:0.2515
honest:0.2505
twists & turns:0.249
chase:0.24725
relationships:0.24675
parenthood:0.24625
absurd:0.2435
