prison:0.828
romance:0.74
passionate:0.689
obsession:0.62375
original:0.595
betrayal:0.5825
intense:0.5485
intimate:0.53525
grindhouse:0.5315
romantic:0.517
life philosophy:0.50375
cult film:0.48975
adultery:0.4855
beautiful scenery:0.4735
london:0.4565
relationships:0.44425
love:0.4305
chick flick:0.4285
brutality:0.42525
life & death:0.4215
catastrophe:0.4185
transformation:0.415
unusual plot structure:0.40825
thriller:0.4025
dialogue:0.39025
great ending:0.3785
drama:0.372
blindness:0.36575
visually appealing:0.36475
great:0.359
mentor:0.35575
entirely dialogue:0.3535
solitude:0.352
bittersweet:0.3445
good:0.3445
love story:0.344
not funny:0.3395
secrets:0.3365
internet:0.3315
suprisingly clever:0.3245
nudity (topless - notable):0.30675
adaptation:0.30125
enigmatic:0.29675
pornography:0.2955
interracial romance:0.29125
sexy:0.27825
parallel universe:0.2765
very interesting:0.2745
storytelling:0.27375
good soundtrack:0.26525
divorce:0.25525
criterion:0.25475
sacrifice:0.249
fantasy world:0.24725
underrated:0.24425
overrated:0.24375
culture clash:0.24275
movielens top pick:0.23925
honest:0.23875
author:neil gaiman:0.23725
spain:0.23275
cinematography:0.23175
first contact:0.22675
disturbing:0.22675
women:0.225
revenge:0.21725
story:0.21625
oscar (best supporting actress):0.2155
spying:0.2105
nudity (full frontal - brief):0.21025
talky:0.21
light:0.20825
destiny:0.208
better than expected:0.20675
runaway:0.20625
bad ending:0.206
good acting:0.20575
melancholic:0.20425
memory:0.2035
harsh:0.203
costume drama:0.20075
weird:0.19975
predictable:0.1985
depression:0.196
hotel:0.192
stereotypes:0.1915
crude humor:0.19125
suspense:0.19025
clever:0.187
cult classic:0.18625
prison escape:0.1855
cheating:0.18475
cute!:0.1835
suspenseful:0.182
pg-13:0.1815
atmospheric:0.18125
redemption:0.18075
complex:0.1805
queer:0.18025
lone hero:0.18025
