criterion:0.997
japan:0.99275
samurai:0.951
trilogy:0.925
literary adaptation:0.87775
forceful:0.851
kurosawa:0.8365
complex characters:0.83375
japanese:0.82075
gunfight:0.80725
childhood:0.769
imdb top 250:0.7605
golden palm:0.7435
civil war:0.729
violent:0.72525
breathtaking:0.708
downbeat:0.68475
melancholic:0.68
tense:0.6785
fight scenes:0.66
movielens top pick:0.65775
original:0.6545
great movie:0.6495
bleak:0.6395
oscar (best foreign language film):0.6345
brutality:0.6245
foreign:0.61
black and white:0.588
tokyo:0.57825
cinematography:0.56875
good soundtrack:0.56525
stylized:0.56325
reflective:0.55475
dramatic:0.5475
grim:0.5375
storytelling:0.5355
atmospheric:0.52925
runaway:0.52825
melancholy:0.52125
exceptional acting:0.5155
great:0.5115
destiny:0.49575
mentor:0.4945
suprisingly clever:0.484
masterpiece:0.4765
intimate:0.4765
dialogue:0.45475
ethnic conflict:0.45325
police investigation:0.4485
betrayal:0.44625
visceral:0.44475
oscar (best directing):0.44275
great ending:0.4405
catastrophe:0.44025
poignant:0.437
culture clash:0.43325
talky:0.43225
meditative:0.43075
life philosophy:0.4255
complex:0.42225
sword fighting:0.42225
enigmatic:0.416
character study:0.413
weapons:0.41125
epic:0.40725
harsh:0.40675
friendship:0.3985
island:0.3925
beautiful scenery:0.38625
stylish:0.3845
social commentary:0.3745
amazing cinematography:0.374
wartime:0.371
nocturnal:0.3685
honest:0.3685
loneliness:0.3685
story:0.366
sacrifice:0.363
colourful:0.363
passionate:0.363
drinking:0.3595
gangs:0.359
great acting:0.35325
affectionate:0.3525
transformation:0.346
photography:0.34575
drama:0.343
1950s:0.33275
classic:0.3265
fantasy world:0.319
grindhouse:0.318
entirely dialogue:0.318
unusual plot structure:0.31575
innocence lost:0.31075
violence:0.3095
tragedy:0.3095
interesting:0.29725
visual:0.297
greed:0.29625
not funny:0.29275
