relationships:0.91125
small town:0.883
ensemble cast:0.8685
good soundtrack:0.86375
mentor:0.8165
friendship:0.81575
melancholic:0.81475
drinking:0.8135
love:0.79375
unlikely friendships:0.768
adolescence:0.76625
great:0.75125
feel-good:0.74425
original:0.74425
loneliness:0.7335
destiny:0.7305
feel good movie:0.72
bittersweet:0.71475
dialogue:0.70975
high school:0.703
great movie:0.7025
cool:0.684
coming of age:0.67525
great acting:0.638
coming-of-age:0.6375
great dialogue:0.62275
life philosophy:0.60375
independent film:0.59575
drama:0.588
good:0.575
redemption:0.574
life:0.5735
quotable:0.57225
goofy:0.57175
sweet:0.56
touching:0.53375
great ending:0.53175
transformation:0.525
honest:0.52425
nostalgic:0.519
chick flick:0.50925
runaway:0.50025
realistic:0.498
talky:0.49525
awesome soundtrack:0.484
excellent:0.48375
depression:0.4835
love story:0.48225
exceptional acting:0.478
entirely dialogue:0.4765
excellent script:0.47625
harsh:0.47175
childhood:0.4715
brutality:0.468
storytelling:0.46425
witty:0.464
catastrophe:0.4465
solitude:0.442
reflective:0.44075
dark hero:0.4345
good acting:0.41775
life & death:0.41325
romantic:0.411
quirky:0.4045
nocturnal:0.40325
complex characters:0.40225
gunfight:0.4015
complex:0.40125
segregation:0.40025
story:0.4
violence:0.399
teen:0.399
fun movie:0.392
pg-13:0.391
great soundtrack:0.3865
interesting:0.38375
social commentary:0.3785
teen movie:0.37825
beautiful:0.378
enigmatic:0.37525
shallow:0.37175
idealism:0.3705
cult classic:0.3695
underdog:0.3685
culture clash:0.36825
emotional:0.368
suprisingly clever:0.36525
new jersey:0.36275
sad but good:0.36275
multiple storylines:0.35675
women:0.355
good dialogue:0.355
intimate:0.355
melancholy:0.3495
sexy:0.34925
underrated:0.34875
cerebral:0.344
teenager:0.34225
dreams:0.34
passionate:0.33625
