boarding school:0.96925
love:0.966
lesbian:0.95975
relationships:0.95825
love story:0.887
nudity (topless - notable):0.88275
queer:0.875
obsession:0.8575
erotic:0.849
passionate:0.8355
adolescence:0.81675
women:0.8105
gay:0.80725
good soundtrack:0.80475
intense:0.7765
intimate:0.726
friendship:0.71925
girlie movie:0.71775
coming of age:0.71675
loneliness:0.702
sexuality:0.6845
pornography:0.6595
secrets:0.65925
teen:0.656
melancholic:0.65225
original:0.65125
teen movie:0.637
tragedy:0.61475
beautifully filmed:0.6065
male nudity:0.593
glbt:0.592
sexual:0.589
heartbreaking:0.58875
mentor:0.582
betrayal:0.57825
nudity (full frontal - notable):0.5685
nudity (topless):0.56225
sexy:0.5555
school:0.54425
dialogue:0.53775
homosexuality:0.53625
romance:0.533
sex:0.5325
manipulation:0.528
independent film:0.527
culture clash:0.52325
poetry:0.518
beautiful scenery:0.51725
unlikely friendships:0.5145
life philosophy:0.5135
stereotypes:0.5125
coming-of-age:0.50925
indie:0.50675
revenge:0.488
good:0.487
great ending:0.48625
interesting:0.48625
emotional:0.48275
beautiful:0.478
touching:0.4725
homophobia:0.468
cinematography:0.46625
great acting:0.463
very interesting:0.461
brutality:0.459
storytelling:0.45725
depressing:0.45475
adaptation:0.4545
art house:0.453
depression:0.4435
teenager:0.442
destiny:0.44125
sexualized violence:0.44
cross dressing:0.4375
gay character:0.4265
psychological:0.4235
shallow:0.423
bad ending:0.421
weird:0.418
happy ending:0.415
sacrifice:0.40975
dark:0.4085
bittersweet:0.40825
sad:0.4055
dramatic:0.40175
catastrophe:0.39975
excellent script:0.3955
social commentary:0.39475
narrated:0.392
plot:0.39125
mental illness:0.3905
romantic:0.38375
story:0.38275
mother daughter relationship:0.38075
insanity:0.37925
visually appealing:0.379
runaway:0.37625
drama:0.37575
exceptional acting:0.3755
writers:0.359
