alien:0.99675
action:0.9885
arnold:0.984
sci-fi:0.982
weapons:0.97925
aliens:0.9785
suspenseful:0.966
hunting:0.95425
scifi:0.95375
good action:0.9485
sci fi:0.9405
chase:0.93825
jungle:0.9315
violent:0.90925
tense:0.9015
futuristic:0.897
suspense:0.892
science fiction:0.87675
classic:0.867
special effects:0.8605
quotable:0.85825
dialogue:0.85275
action packed:0.844
survival:0.84375
intense:0.82625
violence:0.81925
guns:0.793
monster:0.79275
original:0.782
vengeance:0.7765
fast paced:0.77525
great movie:0.77375
good:0.74625
cult classic:0.745
story:0.742
visceral:0.731
mentor:0.7305
gory:0.72825
effects:0.724
gunfight:0.71225
great:0.71075
space travel:0.70925
great ending:0.708
goofy:0.70275
explosions:0.70025
80s:0.6965
fun movie:0.69525
space:0.6935
highly quotable:0.689
thriller:0.68825
cool:0.68775
big budget:0.668
first contact:0.66725
imdb top 250:0.66575
fight scenes:0.664
alien invasion:0.66325
visual:0.651
awesome soundtrack:0.64775
adventure:0.63975
cult film:0.6395
original plot:0.63825
military:0.6335
lone hero:0.62725
claustrophobic:0.6255
allegory:0.61975
dark hero:0.61625
storytelling:0.611
franchise:0.611
transformation:0.60675
clones:0.60675
technology:0.59875
brutality:0.594
good acting:0.59175
1980s:0.58875
fun:0.58725
latin america:0.58275
excellent:0.5815
bloody:0.563
forceful:0.55725
exciting:0.543
cloning:0.53875
good soundtrack:0.53875
oscar (best effects - visual effects):0.53875
fighting:0.525
blood:0.519
70mm:0.51875
splatter:0.509
scifi cult:0.50175
mars:0.49925
revenge:0.49875
redemption:0.49175
monsters:0.4905
horror:0.488
beautiful scenery:0.486
visually appealing:0.48475
runaway:0.4845
future:0.47525
oscar winner:0.475
life & death:0.47425
entertaining:0.4725
