survival:0.99175
life & death:0.95975
wilderness:0.94225
alaska:0.94075
intense:0.927
stranded:0.898
death:0.88325
original:0.85525
tense:0.825
cinematography:0.8125
unrealistic:0.80375
allegory:0.791
suspense:0.78825
existentialism:0.75825
visceral:0.74425
suspenseful:0.727
great ending:0.7205
powerful ending:0.71075
loneliness:0.698
violence:0.6705
absurd:0.66975
harsh:0.66925
bad ending:0.6675
apocalypse:0.66025
pointless:0.656
good soundtrack:0.654
realistic:0.64925
weapons:0.64025
bleak:0.6315
dialogue:0.62875
philosophical:0.61675
brutality:0.61125
psychological:0.606
storytelling:0.6055
action:0.6055
story:0.6025
plot holes:0.59725
visually appealing:0.593
chase:0.58725
redemption:0.58475
violent:0.58225
solitude:0.5815
interesting:0.5785
melancholic:0.5645
first contact:0.56325
catastrophe:0.563
hunting:0.5565
psychology:0.55625
thriller:0.551
good acting:0.54575
gritty:0.54525
plot:0.54375
dark:0.5415
thought-provoking:0.53875
end of the world:0.53375
oil:0.53225
amazing cinematography:0.52475
emotional:0.5175
social commentary:0.51575
drama:0.5095
beautiful scenery:0.50875
scenic:0.50875
predictable:0.50775
happy ending:0.50675
weird:0.49675
reflective:0.4875
action packed:0.48675
great acting:0.486
depression:0.47675
brutal:0.4765
claustrophobic:0.47425
grim:0.469
suicide:0.46775
environment:0.46725
unlikeable characters:0.46625
stupidity:0.4605
greed:0.458
depressing:0.45025
realistic action:0.448
philosophy:0.44625
life philosophy:0.4455
dramatic:0.44525
good:0.4445
mentor:0.4445
humanity:0.4435
complex:0.4375
idiotic:0.42925
road movie:0.429
watch the credits:0.42875
tragedy:0.427
vengeance:0.426
gunfight:0.418
shallow:0.4175
natural disaster:0.41425
bad plot:0.4105
revenge:0.40325
cerebral:0.3995
twist ending:0.39825
ridiculous:0.3965
sacrifice:0.39625
