comedy:0.934
weed:0.931
goofy:0.919
funny:0.86025
teen movie:0.84575
hilarious:0.80825
beer:0.79825
stupidity:0.79125
suicide:0.769
very funny:0.75625
college:0.75075
idiotic:0.74775
dumb:0.735
stupid:0.73475
teen:0.72775
road trip:0.722
stoner movie:0.69475
original:0.69025
silly fun:0.67575
goth:0.67375
teens:0.67325
funniest movies:0.64375
stereotypes:0.62825
amy smart:0.62325
mtv:0.5815
predictable:0.5805
crude humor:0.5395
so bad it's funny:0.53925
lame:0.528
great:0.52225
humor:0.51975
dumb but funny:0.5035
drinking:0.4855
mentor:0.47825
bad ending:0.4755
crazy:0.474
catastrophe:0.46625
stupid as hell:0.458
great ending:0.453
good soundtrack:0.45275
humorous:0.4475
dialogue:0.4395
funny as hell:0.436
nerds:0.43175
silly:0.4315
chase:0.42775
overrated:0.42675
quotable:0.42625
fun movie:0.41975
revenge:0.409
pointless:0.408
unfunny:0.40525
geeks:0.40125
cult classic:0.396
pg-13:0.38325
nudity (topless - notable):0.3795
storytelling:0.379
vengeance:0.37275
nudity (full frontal - brief):0.3655
brutality:0.3635
good dialogue:0.3635
bad plot:0.36125
story:0.359
absurd:0.35475
underrated:0.353
great movie:0.34875
slapstick:0.34525
pornography:0.34525
saturday night live:0.344
fantasy world:0.33875
multiple storylines:0.3385
buddy movie:0.3385
redemption:0.336
visually appealing:0.33275
first contact:0.3325
life philosophy:0.331
parody:0.31725
destiny:0.3075
horrible:0.3055
dark comedy:0.3025
80s:0.29925
school:0.2985
nudity (rear):0.29625
light:0.29625
fun:0.296
depression:0.296
fight scenes:0.2935
high school:0.29075
adaptation:0.288
death:0.288
intense:0.28775
cult film:0.287
slackers:0.28475
shallow:0.28225
paranoid:0.2795
good:0.2785
geek:0.27775
twist ending:0.27475
lone hero:0.273
sexualized violence:0.269
