kung fu:0.987
martial arts:0.9865
hong kong:0.95225
fight scenes:0.939
fighting:0.901
action:0.868
good action:0.858
original:0.84225
dramatic:0.7255
vengeance:0.6925
visually appealing:0.6845
justice:0.57775
mentor:0.55675
pornography:0.52125
action packed:0.51175
transformation:0.5055
dark hero:0.50325
great ending:0.50325
great:0.498
complex:0.4905
fun movie:0.48675
nostalgic:0.48125
corruption:0.4785
insanity:0.478
culture clash:0.47
tokyo:0.46875
bombs:0.4685
fighting the system:0.4645
visually stunning:0.45625
fun:0.4525
revenge:0.43725
intense:0.435
wuxia:0.433
violent:0.42675
adaptation:0.4265
redemption:0.4195
slapstick:0.409
grindhouse:0.40775
kick-butt women:0.39775
storytelling:0.39225
visceral:0.39225
criterion:0.3915
catastrophe:0.388
good sequel:0.38775
social commentary:0.3835
dragons:0.38175
very funny:0.3785
cerebral:0.37725
gunfight:0.37575
movielens top pick:0.37525
prison:0.375
dialogue:0.36875
suprisingly clever:0.36175
cool:0.3505
weapons:0.35025
comedy:0.34825
grim:0.347
distopia:0.341
good:0.34025
parenthood:0.34
obsession:0.3385
twists & turns:0.33625
entertaining:0.334
melancholic:0.334
unusual plot structure:0.332
police investigation:0.329
talky:0.32325
drama:0.32275
runaway:0.32225
story:0.31675
philosophy:0.316
violence:0.31475
sequels:0.308
predictable:0.30325
childhood:0.30175
emotional:0.3015
silly:0.29975
race issues:0.29975
crazy:0.29775
forceful:0.29325
intimate:0.289
adapted from:book:0.28625
assassination:0.27725
not funny:0.2725
creativity:0.27175
narrated:0.27
dystopic future:0.269
clever:0.2675
existentialism:0.267
classic car:0.26525
life philosophy:0.26475
brothers:0.26375
lone hero:0.263
goofy:0.26275
foul language:0.261
masterpiece:0.25675
nudity (topless - brief):0.256
entirely dialogue:0.255
police corruption:0.252
death:0.25
