screwball comedy:0.99225
criterion:0.97975
screwball:0.9785
classic:0.97625
con artists:0.931
imdb top 250:0.8925
farce:0.85525
romantic:0.83325
romance:0.83275
comedy:0.795
oscar (best actress):0.79025
romantic comedy:0.7885
black and white:0.7715
great:0.75775
witty:0.75525
affectionate:0.754
talky:0.7455
perfect:0.74325
sexy:0.74
afi 100 (laughs):0.72125
dialogue:0.7135
oscar (best directing):0.70975
masterpiece:0.6905
enigmatic:0.67825
mistaken identity:0.66975
runaway:0.65775
original:0.649
great dialogue:0.64225
oscar (best supporting actress):0.637
great movie:0.6345
clever:0.6235
earnest:0.62075
suprisingly clever:0.6145
reflective:0.6145
entirely dialogue:0.60675
great ending:0.6035
adultery:0.6025
love:0.59025
beautiful scenery:0.58125
beautifully filmed:0.56175
atmospheric:0.5575
identity:0.55375
narrated:0.55
cynical:0.5475
culture clash:0.5465
melancholy:0.5435
love story:0.54275
sweet:0.542
obsession:0.53675
quotable:0.5295
slapstick:0.5235
adapted from:book:0.5075
idealism:0.50525
unusual plot structure:0.49925
crime gone awry:0.4945
hilarious:0.49425
whimsical:0.49225
tense:0.49025
deadpan:0.487
assassination:0.4865
divorce:0.47475
great acting:0.47025
afi 100 (movie quotes):0.46375
oscar (best writing - screenplay written directly for the screen):0.46225
noir:0.4585
twists & turns:0.45275
marriage:0.4525
cinematography:0.451
police investigation:0.44975
complicated:0.445
adaptation:0.44425
silent:0.4435
macabre:0.43975
melancholic:0.438
suspense:0.4345
catastrophe:0.4285
relationships:0.42475
satirical:0.4185
secrets:0.41725
movielens top pick:0.415
revenge:0.41225
funny:0.411
story:0.40825
golden palm:0.406
mentor:0.40325
very funny:0.40275
absurd:0.3985
breathtaking:0.3965
murder mystery:0.3965
cerebral:0.39525
gunfight:0.39275
oscar (best supporting actor):0.39275
based on a play:0.38775
light:0.3845
interesting:0.38425
dramatic:0.38375
british:0.37725
stylized:0.377
spying:0.375
good acting:0.37375
