kidnapping:0.9645
action:0.9595
islam:0.91025
father daughter relationship:0.90475
fight scenes:0.89025
revenge:0.88925
good action:0.88475
car chase:0.84
lone hero:0.837
chase:0.8045
action packed:0.7955
pg-13:0.786
torture:0.759
fast paced:0.73925
vengeance:0.721
plot:0.70875
sequels:0.69625
predictable:0.69175
good sequel:0.6765
original:0.668
so bad it's funny:0.651
sequel:0.62775
happy ending:0.61625
catastrophe:0.5855
plot holes:0.57425
cars:0.571
bad acting:0.56475
unrealistic:0.518
franchise:0.5165
women:0.51425
assassination:0.507
dialogue:0.50275
better than expected:0.49675
cia:0.4945
brutality:0.491
mentor:0.47225
betrayal:0.46775
espionage:0.4635
vigilante:0.44925
family bonds:0.43525
great ending:0.435
bad plot:0.42275
murder:0.422
culture clash:0.418
family drama:0.405
secret service:0.40325
big budget:0.38725
explosions:0.383
ridiculous:0.3825
silly:0.38225
not funny:0.3795
horrible:0.37425
bad script:0.37225
natural disaster:0.37175
dumb:0.3545
pornography:0.351
divorce:0.35075
survival:0.34275
pointless:0.339
life philosophy:0.33375
story:0.3335
absurd:0.32825
classic car:0.3215
suspense:0.319
assassin:0.31225
beautiful scenery:0.3095
assassins:0.305
corruption:0.3015
bad ending:0.3
good:0.2965
realistic action:0.29425
unfunny:0.292
silly fun:0.29125
bad cgi:0.2885
prostitution:0.283
storytelling:0.28175
stupid:0.279
first contact:0.2775
crude humor:0.2775
weapons:0.277
justice:0.27575
runaway:0.269
conspiracy:0.26775
fantasy world:0.2635
violence:0.26075
hotel:0.25925
entertaining:0.2575
bad:0.25625
great:0.254
hostage:0.25375
spy:0.25325
crappy sequel:0.2455
entirely dialogue:0.24175
family:0.23975
thriller:0.234
gritty:0.23
shallow:0.22825
gangsters:0.2275
overrated:0.22675
suprisingly clever:0.22675
