dreams:0.92725
super-hero:0.916
superhero:0.90175
superheroes:0.87375
super hero:0.85325
horrible:0.82825
bad plot:0.828
fantasy:0.82775
so bad it's funny:0.818
bad cgi:0.7745
predictable:0.7475
original:0.7405
kids:0.71675
bullying:0.70625
fantasy world:0.7035
3d:0.70075
visually appealing:0.66675
bad acting:0.6395
special effects:0.63325
computer animation:0.61775
children:0.60125
family:0.59525
surreal:0.54275
childhood:0.52375
story:0.5195
alter ego:0.51175
imagination:0.50725
overrated:0.47625
mentor:0.4755
pointless:0.4745
shark:0.4695
great ending:0.46725
dialogue:0.46275
fun:0.45825
dreamlike:0.45775
disaster:0.44975
creativity:0.44775
cheesy:0.437
idiotic:0.4345
fight scenes:0.42925
adaptation:0.424
comics:0.423
adventure:0.4215
camp:0.41875
graphic novel:0.41675
boring:0.41575
not funny:0.39725
storytelling:0.397
plot holes:0.39125
first contact:0.388
silly:0.38525
shallow:0.3835
life philosophy:0.38225
school:0.3795
weapons:0.37675
teen movie:0.37075
stupid:0.3705
franchise:0.3695
catastrophe:0.3685
surrealism:0.368
mad scientist:0.36625
brutality:0.3655
awful:0.35825
teacher:0.3535
bad:0.35125
big budget:0.34425
silly fun:0.3415
weird:0.34
fun movie:0.3385
whimsical:0.3355
nocturnal:0.33275
natural disaster:0.33175
entirely dialogue:0.3305
writers:0.33025
lame:0.32925
teens:0.32575
action:0.3255
melancholic:0.322
absurd:0.32025
guilt:0.3185
greed:0.3155
sci fi:0.3145
technology:0.313
corny:0.30925
comic book adaption:0.30325
better than expected:0.30275
twists & turns:0.3005
unfunny:0.2985
imdb top 250:0.29375
culture clash:0.2935
cult film:0.29275
redemption:0.292
great:0.2875
video game:0.2865
destiny:0.286
vengeance:0.285
death:0.28475
goofy:0.274
slapstick:0.2695
justice:0.2695
