adoption:0.98475
screwball comedy:0.9815
sentimental:0.943
parenthood:0.917
touching:0.91025
tear jerker:0.88725
dramatic:0.874
emotional:0.86525
bittersweet:0.85575
love story:0.83
tragedy:0.821
divorce:0.8165
death:0.8035
marriage:0.803
poignant:0.78025
heartbreaking:0.77175
drama:0.74875
screwball:0.738
childhood:0.72875
beautifully filmed:0.70675
children:0.7035
heartwarming:0.70075
unusual plot structure:0.69875
happy ending:0.697
original:0.68025
mentor:0.67525
chase:0.6735
oscar (best actress):0.6715
great ending:0.66875
story:0.667
romantic:0.655
sweet:0.65075
runaway:0.644
san francisco:0.644
pornography:0.64375
intimate:0.64275
good:0.641
censorship:0.63375
romance:0.611
family:0.60175
criterion:0.59875
great acting:0.5775
sad:0.56775
talky:0.555
oscar:0.54525
beautiful scenery:0.545
dialogue:0.542
light:0.53575
destiny:0.534
assassination:0.5315
great:0.5305
oscar (best directing):0.52
nostalgic:0.51975
manipulation:0.51325
oscar (best supporting actress):0.51225
culture clash:0.5105
hitchcock:0.49975
secrets:0.4995
police investigation:0.497
sacrifice:0.484
storytelling:0.476
idealism:0.4695
passionate:0.46375
catastrophe:0.45825
melancholic:0.45675
classic:0.45275
pg-13:0.4525
oscar winner:0.44275
sappy:0.4425
excellent:0.4405
simple:0.43575
redemption:0.43225
hospital:0.42325
compassionate:0.42225
oscar (best foreign language film):0.4155
murder:0.4055
suprisingly clever:0.4035
aging:0.3985
japan:0.395
life & death:0.39475
great movie:0.385
depression:0.38475
memory:0.38425
comedy:0.38075
intense:0.38025
irish accent:0.37825
good soundtrack:0.37775
family drama:0.377
cute:0.37625
good acting:0.3745
cinematography:0.37275
suspenseful:0.36975
ghosts/afterlife:0.3675
courage:0.366
beautiful:0.36575
vengeance:0.36575
cute!:0.35725
earnest:0.355
relationships:0.35325
based on a play:0.3525
