sci-fi:0.987
scifi:0.87925
science fiction:0.8685
futuristic:0.861
sci fi:0.826
technology:0.80925
1980s:0.776
thriller:0.774
conspiracy:0.77375
plot holes:0.7735
computer animation:0.766
first contact:0.736
police investigation:0.7055
suspenseful:0.688
weapons:0.68
computers:0.649
original:0.642
doctors:0.626
silly:0.6075
campy:0.60325
chase:0.58275
light:0.567
catastrophe:0.56275
underrated:0.54325
mentor:0.5225
mystery:0.521
sexy:0.49975
suspense:0.493
murder:0.48925
80s:0.48675
not funny:0.481
greed:0.47825
future:0.47
space:0.467
mad scientist:0.46475
cult film:0.45875
so bad it's funny:0.4565
satirical:0.43675
very interesting:0.43675
manipulation:0.43225
end of the world:0.4265
bad ending:0.42425
predictable:0.419
lone hero:0.4135
story:0.402
nudity:0.40175
nudity (topless - notable):0.3975
silly fun:0.39375
enigmatic:0.39275
action:0.388
dystopia:0.38575
special effects:0.38175
cult classic:0.37825
paranoid:0.3755
dialogue:0.37225
murder mystery:0.37125
science:0.3705
space travel:0.36875
obsession:0.3605
plot:0.35525
supernatural:0.348
assassin:0.34225
camp:0.342
pornography:0.34175
unfunny:0.339
secrets:0.33725
culture clash:0.3355
good:0.333
natural disaster:0.33275
robots:0.33025
allegory:0.33025
women:0.32475
fantasy:0.3245
cloning:0.3205
runaway:0.3185
nudity (full frontal - notable):0.31425
quirky:0.31425
great ending:0.313
childhood:0.313
bizarre:0.3115
good action:0.3055
bad plot:0.30275
notable nudity:0.3015
great:0.299
disaster:0.298
death:0.294
corporate america:0.2935
nudity (topless):0.293
weird:0.292
classic car:0.2815
clever:0.2805
stylish:0.27925
adaptation:0.278
exciting:0.27725
erotic:0.27325
pg-13:0.26625
effects:0.26575
storytelling:0.264
san francisco:0.263
spiders:0.26125
