horror:0.943
monster:0.84275
fun movie:0.8015
sarcasm:0.791
so bad it's funny:0.74575
dialogue:0.73825
silly fun:0.72175
original:0.711
predictable:0.71075
monsters:0.69925
special effects:0.6925
comedy:0.6625
snakes:0.644
scary:0.62975
bad cgi:0.5925
splatter:0.587
suspense:0.5645
animals:0.54525
fun:0.53825
silly:0.5335
horrible:0.51125
gory:0.50975
quirky:0.507
goofy:0.49375
campy:0.4915
big budget:0.48275
mentor:0.478
great ending:0.4725
writers:0.47175
foul language:0.46925
pulp:0.4665
lame:0.4645
parody:0.458
entertaining:0.45625
good action:0.454
entirely dialogue:0.4425
action:0.42275
chase:0.41925
catastrophe:0.419
humorous:0.4165
good:0.4155
mythology:0.4145
bad plot:0.41425
death:0.40675
better than expected:0.397
good dialogue:0.396
natural disaster:0.39525
stereotypes:0.39175
action packed:0.388
lone hero:0.3845
first contact:0.38175
effects:0.379
weird:0.37475
whimsical:0.3725
mad scientist:0.37025
family:0.3685
very funny:0.36775
script:0.367
spiders:0.3665
great:0.365
clever:0.36375
adaptation:0.35975
cheesy:0.3595
adventure:0.35825
camp:0.3555
slasher:0.35525
unfunny:0.3535
funny:0.3525
sci fi:0.34625
overrated:0.34575
absurd:0.3425
stupid as hell:0.33875
brutality:0.33625
shallow:0.33325
pg-13:0.33275
suspenseful:0.332
fantasy world:0.331
stupid:0.32825
twists & turns:0.3245
storytelling:0.32075
pointless:0.3205
sci-fi:0.31925
idiotic:0.319
runaway:0.31725
shark:0.31625
bad script:0.31525
funny as hell:0.3145
destiny:0.3105
ridiculous:0.309
disaster:0.30875
story:0.308
fight scenes:0.3065
demons:0.30225
good soundtrack:0.29925
police investigation:0.29925
transformation:0.29625
life philosophy:0.2935
imdb top 250:0.29325
cult film:0.29175
cult classic:0.283
