workplace:0.95325
comedy:0.91525
original:0.8405
goofy:0.76125
hospital:0.73725
very funny:0.65275
humorous:0.6265
funny:0.613
violence:0.59475
light:0.55425
chase:0.5415
hilarious:0.5365
dialogue:0.5315
quirky:0.52675
great ending:0.5185
redemption:0.51175
1970s:0.5095
murder:0.50475
farce:0.50025
story:0.498
mentor:0.49725
black comedy:0.497
satire:0.4965
family:0.4965
satirical:0.4935
silly fun:0.482
slapstick:0.47825
predictable:0.47475
los angeles:0.47175
drama:0.47
greed:0.465
dark comedy:0.46175
drinking:0.45275
dramatic:0.4505
fight scenes:0.442
corruption:0.43925
buddy movie:0.4365
fun:0.434
fast paced:0.4285
pornography:0.426
fun movie:0.4215
screwball:0.4215
road movie:0.41975
death:0.41875
pulp:0.41575
family drama:0.41125
foul language:0.40725
adventure:0.403
suspense:0.402
good action:0.39475
nudity (topless - notable):0.3895
fantasy world:0.38825
social commentary:0.386
catastrophe:0.384
irreverent:0.3825
funny as hell:0.37925
nudity (topless - brief):0.372
great:0.37
alter ego:0.36475
cars:0.35325
runaway:0.353
gritty:0.352
stereotypes:0.34875
imdb top 250:0.3485
criterion:0.34825
beer:0.3475
franchise:0.34675
80s:0.3425
absurd:0.3345
stylized:0.334
great movie:0.33325
brutality:0.333
feel-good:0.33025
grindhouse:0.3295
good:0.32775
cult classic:0.3215
camp:0.31925
excellent:0.31275
unfunny:0.312
police investigation:0.3105
visually appealing:0.31
friendship:0.308
teen movie:0.30725
humor:0.3035
dysfunctional family:0.303
so bad it's funny:0.297
sarcasm:0.29675
childhood:0.2965
twists & turns:0.29625
series:0.295
cinematography:0.294
first contact:0.29275
cult film:0.2925
weird:0.28875
parody:0.2885
clever:0.28775
high school:0.287
police:0.28675
not funny:0.28675
unlikely friendships:0.2855
