tense:0.9895
true story:0.97775
based on a true story:0.97575
suspenseful:0.97175
oscar (best editing):0.97025
nudity (topless):0.96825
based on true story:0.9535
politics:0.945
dramatic:0.94425
oscar (best picture):0.936
hostage:0.93575
drama:0.9345
iran:0.92725
oscar:0.9195
oscar (best directing):0.91775
story:0.917
suspense:0.916
intense:0.9115
good acting:0.9115
islam:0.9105
nudity (topless - brief):0.896
revolution:0.88175
espionage:0.88075
historical:0.86825
middle east:0.863
thriller:0.85625
great ending:0.853
excellent script:0.85275
great acting:0.84
factual:0.831
imdb top 250:0.82275
original:0.81
political:0.80775
propaganda:0.80375
good:0.80125
interesting:0.79625
chase:0.795
history:0.78025
oscar winner:0.77675
storytelling:0.76525
cinematography:0.76225
spying:0.76175
pg-13:0.76
twists & turns:0.75975
corruption:0.7455
dialogue:0.74025
caper:0.7345
powerful ending:0.7275
plot:0.7185
greed:0.71775
realistic:0.7175
period piece:0.70975
secrets:0.704
cia:0.70025
mentor:0.6965
conspiracy:0.69325
complex:0.69275
us history:0.69225
runaway:0.69075
intelligent:0.69025
fast paced:0.686
clever:0.68275
hollywood:0.68175
great movie:0.673
1970s:0.667
exciting:0.66325
idealism:0.66125
assassination:0.65275
science fiction:0.651
entertaining:0.645
courage:0.645
catastrophe:0.6415
great:0.63575
oscar (best actress):0.62375
social commentary:0.618
manipulation:0.6145
foul language:0.613
1980s:0.61275
survival:0.608
culture clash:0.593
tragedy:0.593
beautiful scenery:0.592
biographical:0.59075
forceful:0.58975
great cinematography:0.58375
sci fi:0.5735
unusual plot structure:0.571
oscar (best actor):0.568
betrayal:0.56475
gunfight:0.5635
anti-hero:0.5615
spy:0.561
big budget:0.5555
movielens top pick:0.5525
california:0.54825
claustrophobic:0.5475
very good:0.5475
talky:0.546
oscar (best supporting actress):0.545
good soundtrack:0.54225
