hitchcock:0.99925
espionage:0.9915
spying:0.9795
criterion:0.974
imdb top 250:0.9735
spy:0.96825
noir thriller:0.94175
tense:0.92275
suspenseful:0.913
nazis:0.90575
suspense:0.90325
secrets:0.88625
betrayal:0.87625
complicated:0.871
enigmatic:0.864
thriller:0.8525
spies:0.82825
talky:0.8245
oscar (best directing):0.81225
classic:0.80875
oscar (best actress):0.795
great ending:0.78725
nazi:0.7865
masterpiece:0.782
assassination:0.77925
romance:0.77775
complex:0.76775
murder:0.76525
original:0.76225
love story:0.76125
black and white:0.73575
cinematography:0.7355
runaway:0.73275
twists & turns:0.72575
wine:0.7245
moral ambiguity:0.7235
love:0.7195
exceptional acting:0.71125
relationships:0.69575
dialogue:0.68925
sexy:0.68675
interesting:0.68575
police investigation:0.6835
good acting:0.6755
chase:0.675
idealism:0.66875
claustrophobic:0.66825
great acting:0.66475
intimate:0.6645
paranoia:0.66375
stylish:0.65475
beautifully filmed:0.652
great cinematography:0.64775
romantic:0.6475
paranoid:0.6425
alternate endings:0.64175
intense:0.64025
clever:0.64
obsession:0.6355
great:0.635
guilt:0.63375
drama:0.62175
psychological:0.6205
atmospheric:0.61225
storytelling:0.6075
ominous:0.59175
visually appealing:0.5845
breathtaking:0.584
beautiful scenery:0.5835
rio de janeiro:0.583
world war ii:0.583
culture clash:0.5775
censorship:0.577
light:0.57675
fast paced:0.57125
cerebral:0.57075
investigation:0.56725
passionate:0.56425
oscar (best supporting actress):0.561
noir:0.5595
witty:0.55325
great movie:0.5525
stylized:0.55175
dramatic:0.551
plot:0.548
suprisingly clever:0.547
stunning:0.543
german:0.5425
film noir:0.5415
pornography:0.5385
golden palm:0.53525
forceful:0.53375
unusual plot structure:0.5335
manipulation:0.527
greed:0.52575
story:0.5225
grim:0.52225
affectionate:0.5215
corruption:0.52075
adapted from:book:0.51725
