finnish:0.99925
gangsters:0.88825
dramatic:0.84075
original:0.831
good soundtrack:0.80925
very interesting:0.7985
brutality:0.79575
crime:0.7875
based on true story:0.78025
gangster:0.7785
drama:0.774
gangs:0.76925
storytelling:0.7435
stylized:0.65975
gunfight:0.658
life philosophy:0.657
harsh:0.651
mentor:0.6425
story:0.63525
clever:0.63475
unlikely friendships:0.63175
visually appealing:0.60675
culture clash:0.603
melancholic:0.587
1960s:0.5795
prison:0.57925
runaway:0.5735
exceptional acting:0.5705
mob:0.56075
great acting:0.55325
visually stunning:0.54975
death:0.54875
childhood:0.539
violence:0.5335
stylish:0.516
fantasy world:0.5155
drugs:0.5125
very funny:0.51075
life & death:0.51025
fight scenes:0.5045
loneliness:0.50425
psychological:0.5015
dialogue:0.5
tricky:0.49975
dark hero:0.49825
great ending:0.49775
cinematography:0.49775
catastrophe:0.49775
corruption:0.491
crime gone awry:0.487
intense:0.4855
depression:0.4855
caper:0.4785
tragedy:0.477
goofy:0.47475
transformation:0.4695
criterion:0.461
creepy:0.45775
fun movie:0.456
first contact:0.45575
visual:0.4525
justice:0.45075
oscar (best directing):0.44825
very good:0.448
greed:0.44775
moral ambiguity:0.4465
dystopic future:0.44325
adaptation:0.44325
good:0.43725
fighting the system:0.43125
redemption:0.427
gypsy accent:0.425
suicide:0.421
multiple storylines:0.41725
underdog:0.416
great:0.41525
cool:0.4095
honest:0.4085
murder mystery:0.40675
distopia:0.39675
destiny:0.39525
bleak:0.39475
police investigation:0.3925
silly fun:0.39125
brutal:0.3905
unusual plot structure:0.38925
mindfuck:0.3775
enigmatic:0.37675
cerebral:0.3755
oscar (best supporting actor):0.37075
colourful:0.366
interesting:0.36575
alternate history:0.36425
organized crime:0.36025
writers:0.35225
allegory:0.34925
entirely dialogue:0.34525
heist:0.345
downbeat:0.34025
excellent script:0.33925
