talking animals:0.99275
animation:0.9835
animals:0.978
computer animation:0.936
animated:0.91875
animal movie:0.91225
funny:0.8595
cartoon:0.81825
comedy:0.7825
kids and family:0.768
family:0.7585
hunting:0.7305
original:0.7115
pixar animation:0.7085
very funny:0.6885
silly fun:0.67375
good soundtrack:0.6405
cute:0.63175
3d:0.62875
creativity:0.61875
stereotypes:0.596
predictable:0.55075
story:0.545
pg-13:0.5445
good:0.53575
cute!:0.49075
lions:0.4825
vengeance:0.4655
great ending:0.4615
crude humor:0.461
dialogue:0.459
entertaining:0.45875
goofy:0.458
children:0.457
catastrophe:0.44475
silly:0.437
unfunny:0.4315
rabbits:0.43
fun:0.42925
wilderness:0.424
kids:0.41875
destiny:0.41475
redemption:0.414
fish:0.40725
fight scenes:0.40675
fun movie:0.40575
disney:0.401
mentor:0.3885
life philosophy:0.381
great:0.37825
happy ending:0.37725
humorous:0.377
clever:0.361
bad plot:0.36075
oscar (best animated feature):0.359
nudity (full frontal - brief):0.35425
buddy movie:0.354
transformation:0.34825
storytelling:0.3465
adaptation:0.339
rats:0.337
better than expected:0.329
plot:0.3275
runaway:0.3245
hilarious:0.32425
irish accent:0.31425
shallow:0.30725
boring:0.30375
brutality:0.3015
dreamworks:0.30075
not funny:0.29975
slapstick:0.28025
fantasy world:0.27725
girlie movie:0.27675
culture clash:0.27675
friendship:0.2765
too short:0.27175
cgi:0.26825
so bad it's funny:0.267
stylized:0.267
rebellion:0.26675
unlikely friendships:0.26575
weird:0.265
boring!:0.265
betrayal:0.26475
feel-good:0.26375
first contact:0.26
lame:0.25875
bullying:0.2575
loneliness:0.2575
jungle:0.2545
overrated:0.2535
violence:0.252
natural disaster:0.2505
chase:0.24675
visual:0.245
feel good movie:0.2445
entirely dialogue:0.24375
cars:0.2425
police investigation:0.242
