rape:0.97525
sexualized violence:0.96275
violent:0.96025
brutality:0.95825
violence:0.94875
vengeance:0.92925
bloody:0.928
visceral:0.9105
male nudity:0.90075
brutal:0.879
medieval:0.864
kidnapping:0.84425
harsh:0.82075
revenge:0.81775
blood:0.81625
nudity (full frontal - notable):0.80525
original:0.7965
weapons:0.772
betrayal:0.76975
sexual:0.756
erotic:0.753
disturbing:0.746
good soundtrack:0.74325
cult classic:0.72925
splatter:0.7265
gangs:0.70225
nudity (full frontal):0.689
moral ambiguity:0.684
graphic novel:0.65675
stylish:0.64275
nudity:0.6135
controversial:0.5905
grindhouse:0.5855
war:0.57475
dialogue:0.56325
complex:0.56225
pornography:0.546
forceful:0.542
pulp:0.537
gratuitous violence:0.53075
sexy:0.53025
cult:0.5175
assassination:0.51225
insanity:0.505
cult film:0.50225
drinking:0.49875
original plot:0.49525
80s:0.4785
adventure:0.47825
fighting:0.478
cinematography:0.47175
stylized:0.47075
anti-hero:0.4685
murder:0.46725
death:0.46425
notable nudity:0.46275
gritty:0.45375
goretastic:0.45325
storytelling:0.45275
good:0.44475
allegory:0.4415
gunfight:0.4355
bleak:0.43225
dark:0.43125
mentor:0.42675
great ending:0.421
story:0.415
intense:0.40725
unusual plot structure:0.407
grim:0.405
culture clash:0.40475
dark hero:0.404
quotable:0.39325
period piece:0.392
great acting:0.3905
runaway:0.3895
fantasy world:0.38775
action:0.3875
masterpiece:0.38675
atmospheric:0.37975
fight scenes:0.37675
entirely dialogue:0.37
catastrophe:0.36825
gory:0.36525
sword fighting:0.365
highly quotable:0.3645
high fantasy:0.36025
very interesting:0.35825
life & death:0.35725
torture:0.35625
suprisingly clever:0.35575
awesome soundtrack:0.35325
morality:0.349
not funny:0.342
melancholic:0.34175
chase:0.3375
demons:0.337
gore:0.337
fantasy:0.337
bdsm:0.33625
