irish:0.99875
irish accent:0.99225
multiple storylines:0.992
ireland:0.96975
independent film:0.87625
dark humor:0.86975
violence:0.82975
good soundtrack:0.809
loneliness:0.8065
original:0.787
dialogue:0.769
great acting:0.76325
relationships:0.749
pornography:0.7355
foul language:0.7275
ensemble cast:0.71675
drinking:0.7135
violent:0.71025
gangsters:0.708
great ending:0.703
eccentricity:0.683
life philosophy:0.66225
brutality:0.65525
social commentary:0.649
caper:0.64425
working class:0.62525
dark comedy:0.6075
bleak:0.6045
gritty:0.59875
harsh:0.5925
quirky:0.578
storytelling:0.576
entirely dialogue:0.57275
twists & turns:0.5725
drama:0.56725
honest:0.5625
crime gone awry:0.5615
bloody:0.56025
stereotypes:0.5415
weird:0.531
crime:0.52175
happy ending:0.52
quotable:0.51775
black comedy:0.501
suprisingly clever:0.50025
good:0.4965
cult classic:0.49425
realistic:0.48275
humorous:0.4735
british:0.468
writers:0.45625
great:0.45475
nudity (full frontal - notable):0.4535
golden palm:0.451
very interesting:0.44925
sarcasm:0.44525
catastrophe:0.43725
absurd:0.43675
good dialogue:0.43475
mentor:0.43375
off-beat comedy:0.42675
humor:0.4245
great movie:0.4235
gay:0.42075
talky:0.42025
visceral:0.41775
male nudity:0.41575
existentialism:0.415
brutal:0.40875
depression:0.4085
complex:0.40775
unlikely friendships:0.4
vengeance:0.4
gangster:0.3995
intimate:0.39625
ironic:0.387
redemption:0.38575
poignant:0.38525
pointless:0.38375
greed:0.38375
witty:0.3825
very good:0.38175
melancholic:0.379
clever:0.3735
justice:0.37325
good acting:0.3705
sexualized violence:0.361
nudity (topless - notable):0.35775
cult film:0.35575
fun movie:0.3525
gypsy accent:0.352
touching:0.35125
pulp:0.3495
gunfight:0.347
criterion:0.3465
culture clash:0.34375
indie:0.34225
friendship:0.3415
exceptional acting:0.339
feel-good:0.335
