scifi cult:0.99975
alien:0.99825
alien invasion:0.99625
sci-fi:0.9945
aliens:0.9925
sci fi:0.963
scifi:0.954
special effects:0.9385
first contact:0.891
science fiction:0.8805
pointless:0.8705
space:0.852
big budget:0.8515
cgi:0.83275
bad acting:0.8295
so bad it's funny:0.81375
predictable:0.812
horrible:0.8055
plot holes:0.8015
plot:0.76
mars:0.75925
bad cgi:0.745
bad plot:0.7425
natural disaster:0.73975
original:0.7355
bad ending:0.7285
action:0.7275
effects:0.71675
no plot:0.66725
catastrophe:0.66425
disaster:0.651
space opera:0.64925
bad script:0.64675
visually appealing:0.62825
waste of time:0.6195
technology:0.61025
end of the world:0.6095
shallow:0.6065
unlikeable characters:0.606
great ending:0.59925
dialogue:0.591
bad science:0.59075
lame:0.59025
futuristic:0.57275
awful:0.56125
visually stunning:0.54925
story:0.51675
monsters:0.50625
happy ending:0.5025
stupid:0.501
weapons:0.49875
better than expected:0.49225
cloning:0.49075
fight scenes:0.4845
overrated:0.47675
silly:0.47375
survival:0.47125
franchise:0.461
clones:0.4575
idiotic:0.4555
writers:0.43375
pg-13:0.42225
visual:0.42
ridiculous:0.4085
monster:0.40775
boring:0.4075
allegory:0.40525
apocalypse:0.405
mentor:0.4045
visuals:0.394
humanity:0.39225
not funny:0.379
robots:0.377
fantasy:0.374
bad:0.373
space travel:0.373
computer game:0.373
alternate reality:0.36325
action packed:0.36
script:0.35475
god:0.352
fantasy world:0.35125
virus:0.35075
dumb:0.3485
weird:0.3465
light:0.34425
chase:0.3435
brutality:0.341
pulp:0.34025
future:0.338
storytelling:0.33575
suspense:0.3355
entirely dialogue:0.33525
cheesy:0.33475
redemption:0.32225
existentialism:0.31825
internet:0.316
superheroes:0.315
crappy sequel:0.31125
product placement:0.311
