football:0.988
sports:0.9695
family:0.93
fun movie:0.885
action:0.877
funny:0.844
chase:0.84175
original:0.803
fun:0.79175
good:0.7805
kids and family:0.7765
good action:0.77525
disney:0.77275
dynamic cgi action:0.77125
great:0.76875
big budget:0.7465
awesome soundtrack:0.6935
original plot:0.69025
dialogue:0.68425
great ending:0.67975
soccer:0.6715
con men:0.66675
silly:0.65825
great movie:0.6465
franchise:0.6445
story:0.642
fighting:0.63675
children:0.63625
animation:0.629
very funny:0.62325
silly fun:0.606
treasure:0.6
buddy movie:0.58475
very good:0.57675
adventure:0.56525
animal movie:0.55725
special effects:0.55025
kids:0.53825
lone hero:0.535
dog:0.53475
high fantasy:0.534
entertaining:0.527
basketball:0.527
moral ambiguity:0.52075
predictable:0.5125
childhood:0.5015
comedy:0.50025
sexy:0.499
books:0.492
stereotypes:0.49175
redemption:0.49125
animals:0.49
romantic:0.4895
cool:0.48275
revenge:0.48275
sweet:0.48225
light:0.4755
clever:0.4755
mentor:0.46975
kidnapping:0.46225
oscar (best music - original song):0.4615
saturn award (best special effects):0.45975
computer animation:0.45925
feel-good:0.459
swashbuckler:0.457
good versus evil:0.4525
talking animals:0.44825
catastrophe:0.44575
happy ending:0.439
fantasy world:0.43875
transformation:0.43475
runaway:0.431
hitman:0.43025
bad plot:0.42725
race:0.42675
magic:0.421
vengeance:0.4155
anti-hero:0.4145
adoption:0.41375
bad:0.4135
ensemble cast:0.40475
gay character:0.3995
fantasy:0.39525
unfunny:0.3925
hunting:0.39025
science fiction:0.39
underrated:0.38925
nerds:0.387
adapted from:comic:0.386
good soundtrack:0.38575
unusual plot structure:0.384
witty:0.3795
storytelling:0.3775
mad scientist:0.37575
alter ego:0.373
plot holes:0.373
adapted from:book:0.372
80s:0.36775
family drama:0.3635
series:0.36325
