japan:0.99475
anime:0.9685
melancholic:0.954
childhood:0.94925
tokyo:0.9255
firefly:0.90925
studio ghibli:0.8895
japanese:0.85
life:0.84825
poignant:0.8405
loneliness:0.81
meditative:0.7975
animation:0.788
coming-of-age:0.75925
reflective:0.75325
intimate:0.7195
coming of age:0.70025
mentor:0.69725
weird:0.69225
downbeat:0.68725
criterion:0.683
adolescence:0.6785
wistful:0.677
melancholy:0.6715
nostalgic:0.61075
golden palm:0.61075
tragedy:0.6105
bittersweet:0.60875
dreams:0.57825
touching:0.5745
life & death:0.57425
animated:0.5625
original:0.547
miyazaki:0.534
oscar (best foreign language film):0.52925
culture clash:0.522
beautifully filmed:0.50625
depression:0.5035
art:0.49075
beautiful:0.48025
storytelling:0.45425
fantasy world:0.4525
drama:0.45025
suprisingly clever:0.447
friendship:0.43975
creativity:0.438
drinking:0.417
transformation:0.40725
breathtaking:0.4055
affectionate:0.4045
existentialism:0.4005
memory:0.40025
good music:0.39525
pornography:0.394
solitude:0.39075
catastrophe:0.39
character study:0.38175
enigmatic:0.37825
dreamlike:0.377
great ending:0.366
unlikely friendships:0.36175
aging:0.3595
relationships:0.359
surreal:0.354
social commentary:0.3535
life philosophy:0.3535
artist:0.353
school:0.34325
classic car:0.34225
blindness:0.33925
self discovery:0.33775
emotional:0.332
heartbreaking:0.3295
story:0.31475
not funny:0.31475
stoner movie:0.313
dialogue:0.3065
art house:0.3065
stunning:0.28875
runaway:0.28725
oscar (best actress):0.2855
visually appealing:0.28525
brutality:0.28225
atmospheric:0.2755
very funny:0.273
earnest:0.2725
samurai:0.2705
allegory:0.265
bleak:0.2615
sisters:0.261
grindhouse:0.26025
police investigation:0.25925
passionate:0.25875
teacher:0.25825
idealism:0.25725
stylized:0.257
oscar (best supporting actress):0.2565
foreign:0.25275
hospital:0.24975
visually stunning:0.2425
