shark:0.99875
franchise:0.99225
sequel:0.92325
bad plot:0.88275
crappy sequel:0.84025
special effects:0.8205
original:0.81775
predictable:0.81575
sequels:0.80275
good sequel:0.77875
so bad it's funny:0.77775
horrible:0.7685
lame:0.7475
underwater:0.74675
disaster:0.71125
bad cgi:0.7035
pointless:0.7005
fish:0.69625
revenge:0.688
big budget:0.62275
silly:0.615
based on a book:0.592
natural disaster:0.5905
effects:0.58575
bad ending:0.5775
sci fi:0.57525
mentor:0.56875
shallow:0.5615
stupid:0.55975
ridiculous:0.5555
first contact:0.5415
animals:0.536
family:0.53475
bad acting:0.5325
dialogue:0.52
3d:0.51075
vengeance:0.50625
idiotic:0.50575
bad:0.505
cheesy:0.499
catastrophe:0.493
great ending:0.4915
boat:0.48825
nudity (topless - notable):0.4865
death:0.4795
goofy:0.47575
silly fun:0.47375
stupid as hell:0.45625
overrated:0.44475
series:0.443
destiny:0.436
suspense:0.4255
camp:0.42475
fight scenes:0.42475
awful:0.4235
campy:0.42325
brutality:0.41975
fantasy world:0.4175
adventure:0.4145
submarine:0.41275
fun movie:0.40375
product placement:0.38275
not funny:0.38175
action:0.38125
writers:0.3785
great:0.3765
entirely dialogue:0.3725
bad script:0.37125
scifi:0.36975
computer animation:0.369
justice:0.3605
science fiction:0.355
story:0.35325
slapstick:0.35
fantasy:0.34925
chase:0.34825
violence:0.3455
storytelling:0.34275
quirky:0.34
island:0.33625
scary:0.33175
adaptation:0.3285
80s:0.328
bad science:0.32775
pornography:0.326
runaway:0.32525
bad sequel:0.325
technology:0.32475
cool:0.3245
cult film:0.323
redemption:0.323
greed:0.32275
intense:0.3215
life philosophy:0.321
dinosaurs:0.321
remake:0.3195
dynamic cgi action:0.317
creativity:0.31575
dolphins:0.31375
stupidity:0.31225
