oscar (best supporting actor):0.9945
depression:0.9665
downbeat:0.946
depressing:0.924
bleak:0.92375
loneliness:0.9235
dance:0.91075
character study:0.8985
oscar (best directing):0.867
compassionate:0.8595
oscar (best actress):0.8435
1930s:0.834
existentialism:0.81525
grim:0.813
social commentary:0.78775
melancholy:0.786
tragedy:0.78275
dramatic:0.78225
imdb top 250:0.77225
original:0.76675
oscar (best supporting actress):0.75625
life & death:0.75525
poignant:0.7515
harsh:0.75
great acting:0.7465
allegory:0.73175
new york:0.7265
golden palm:0.723
drinking:0.72225
dark:0.7195
good soundtrack:0.70125
oscar (best actor):0.687
criterion:0.66125
melancholic:0.655
brutality:0.65125
death:0.6405
reflective:0.6335
emotional:0.63
exceptional acting:0.62925
cynical:0.625
heartbreaking:0.6075
macabre:0.60425
life philosophy:0.601
drama:0.59275
crime gone awry:0.5825
talky:0.58075
storytelling:0.572
greed:0.571
nocturnal:0.57
runaway:0.56825
oscar:0.5625
cinematography:0.55325
gritty:0.5515
indie:0.55025
unusual plot structure:0.54575
weird:0.54375
masterpiece:0.542
stylized:0.54125
honest:0.5365
dreams:0.53325
catastrophe:0.531
dialogue:0.529
oscar (best picture):0.528
sad:0.519
redemption:0.51775
censorship:0.5095
great ending:0.5075
disturbing:0.50525
bittersweet:0.50325
powerful ending:0.5025
good acting:0.5025
solitude:0.5015
mentor:0.5
dancing:0.495
intimate:0.4935
visceral:0.49175
great movie:0.482
cerebral:0.48125
independent film:0.48025
humanity:0.47875
suicide attempt:0.4765
intense:0.4745
childhood:0.472
great:0.464
suicide:0.4625
poverty:0.4595
interesting:0.4505
unlikely friendships:0.45025
obsession:0.4495
ethnic conflict:0.4495
culture clash:0.446
oscar winner:0.4455
adapted from:book:0.44425
realistic:0.44125
california:0.4385
ensemble cast:0.438
fighting the system:0.4375
friendship:0.433
adaptation:0.43125
complex:0.42825
