immigrants:0.958
prostitution:0.9075
bleak:0.89725
sisters:0.871
melancholic:0.84275
new york:0.84
drama:0.81675
period piece:0.81525
harsh:0.812
cinematography:0.81075
survival:0.80925
oscar (best actress):0.8085
original:0.80625
greed:0.8015
women:0.7935
new york city:0.7885
1920s:0.77875
redemption:0.75475
drinking:0.75325
poland:0.73225
tense:0.71025
dark:0.70725
foreign:0.6795
depression:0.67875
grim:0.66675
forceful:0.664
obsession:0.6635
complex:0.65925
great acting:0.647
visual:0.644
relationships:0.64275
betrayal:0.641
complex characters:0.63375
sacrifice:0.62475
oscar (best supporting actress):0.62425
costume drama:0.614
latin america:0.60925
oscar:0.59325
story:0.5885
pornography:0.585
stylized:0.5835
chase:0.58125
oscar (best directing):0.57975
corruption:0.56225
complicated:0.5585
prison escape:0.5575
culture clash:0.557
visually appealing:0.55675
social commentary:0.5465
exceptional acting:0.54475
storytelling:0.5435
intense:0.541
california:0.538
police investigation:0.5335
runaway:0.528
suspenseful:0.52525
gangsters:0.521
underrated:0.51125
segregation:0.50925
allegory:0.5085
nudity (full frontal - notable):0.505
criterion:0.49975
dialogue:0.4995
great:0.49875
sexual abuse:0.49725
great ending:0.491
adaptation:0.487
suicide attempt:0.48475
downbeat:0.483
road movie:0.48075
atmospheric:0.472
shallow:0.464
gritty:0.46
character study:0.459
moral ambiguity:0.456
romantic:0.45225
humanity:0.45225
claustrophobic:0.452
nocturnal:0.45175
guilt:0.4475
bittersweet:0.44375
fighting the system:0.4425
transformation:0.44
interesting:0.435
imdb top 250:0.4335
dramatic:0.432
nudity (topless - brief):0.4295
melancholy:0.42875
loneliness:0.428
good soundtrack:0.4225
love triangles:0.4145
nudity (rear):0.41375
not funny:0.41375
male nudity:0.41175
unusual plot structure:0.4115
gunfight:0.40975
island:0.407
catastrophe:0.40625
manipulation:0.4055
movielens top pick:0.405
