japan:0.99075
tokyo:0.953
japanese:0.926
destiny:0.91175
girlie movie:0.88525
relationships:0.85075
feel-good:0.8015
original:0.74875
story:0.7445
light:0.7175
loneliness:0.716
fantasy world:0.71
drama:0.70475
romantic:0.696
so bad it's funny:0.68525
touching:0.66075
great ending:0.65625
melancholic:0.64775
bittersweet:0.63575
happy ending:0.631
unlikely friendships:0.62675
life philosophy:0.61725
coming of age:0.609
predictable:0.57025
romance:0.56675
silly fun:0.556
culture clash:0.5535
catastrophe:0.553
death:0.54825
mentor:0.5475
nudity (topless - notable):0.545
stereotypes:0.542
runaway:0.53975
childhood:0.529
sacrifice:0.52
magic:0.51825
character study:0.51575
manipulation:0.505
feel good movie:0.49825
finnish:0.49425
books:0.48575
writers:0.48225
allegory:0.47925
dialogue:0.479
secrets:0.47275
chase:0.47275
foreign:0.46325
nudity (topless - brief):0.462
male nudity:0.45825
quirky:0.45325
teen movie:0.44825
wilderness:0.4465
fight scenes:0.44325
good soundtrack:0.43325
weird:0.4325
demons:0.43125
friendship:0.43075
visually appealing:0.429
tragedy:0.4275
horror:0.42475
nudity (full frontal - brief):0.411
good:0.41
suspense:0.4095
romantic comedy:0.407
police investigation:0.39625
love story:0.39075
amazing photography:0.3885
sad:0.382
obsession:0.37425
spelling bee:0.37075
martial arts:0.36475
honest:0.36175
fantasy:0.3535
inspirational:0.351
drinking:0.351
art:0.349
high school:0.34525
suprisingly clever:0.3405
nostalgic:0.3405
good action:0.34
tense:0.3325
dystopic future:0.329
life & death:0.32525
reflective:0.32325
natural disaster:0.32275
parallel universe:0.3225
plot holes:0.32175
fairy tale:0.32075
imdb top 250:0.32025
enigmatic:0.319
storytelling:0.318
afi 100 (movie quotes):0.318
teacher:0.3175
great acting:0.315
mars:0.3135
life:0.31075
not funny:0.30425
british:0.30325
oscar (best actress):0.30325
great:0.3025
