friendship:0.9885
unlikely friendships:0.98375
coming of age:0.977
relationships:0.949
adolescence:0.94325
women:0.90625
coming-of-age:0.8895
intimate:0.82875
chick flick:0.819
good soundtrack:0.81675
london:0.794
1970s:0.77675
complex:0.76725
nudity (topless):0.75825
realistic:0.70825
childhood:0.6995
melancholic:0.696
betrayal:0.6805
nostalgic:0.6775
drinking:0.66375
england:0.6525
drugs:0.65025
manipulation:0.63975
runaway:0.6385
pornography:0.62225
heartbreaking:0.62125
teenager:0.61525
great soundtrack:0.6085
plot:0.59725
very interesting:0.59675
original:0.59575
british:0.5815
rebellion:0.577
visually appealing:0.5745
nudity (topless - notable):0.56675
idealism:0.54325
twists & turns:0.532
suicide:0.5235
loneliness:0.5215
passionate:0.51775
rock and roll:0.5175
culture clash:0.515
mentor:0.5145
vengeance:0.51425
obsession:0.512
1980s:0.51075
storytelling:0.50675
suburbia:0.50525
great acting:0.501
bittersweet:0.50075
multiple storylines:0.497
criterion:0.47625
good:0.47175
teen:0.4705
girlie movie:0.46975
depression:0.46975
teen movie:0.44425
good acting:0.444
great ending:0.42925
life philosophy:0.428
sexy:0.4265
good music:0.42375
tragedy:0.4205
drama:0.40625
life:0.404
shallow:0.39625
teenagers:0.3955
reflective:0.393
catastrophe:0.386
golden palm:0.37425
gory:0.37375
sexuality:0.36975
suprisingly clever:0.3695
very funny:0.3695
talky:0.36625
great:0.364
bloody:0.36225
torture:0.36175
awesome soundtrack:0.3615
weird:0.361
harsh:0.354
jewish:0.35125
brutality:0.3505
beautifully filmed:0.3505
social commentary:0.35025
dialogue:0.349
male nudity:0.3455
punk:0.34375
fantasy world:0.342
love:0.342
working class:0.34025
sex:0.33825
visually stunning:0.33375
secrets:0.33375
bad ending:0.32925
kick-butt women:0.3285
cerebral:0.32725
cinematography:0.32675
poignant:0.32625
mental illness:0.32525
