intellectual:0.985
science fiction:0.9785
immortality:0.96125
philosophical:0.958
excellent script:0.94575
thought-provoking:0.93275
sci-fi:0.925
storytelling:0.9225
scifi:0.9155
sci fi:0.909
philosophy:0.8955
cerebral:0.882
low budget:0.878
original:0.873
great acting:0.86125
visually appealing:0.85925
complex:0.85625
jesus:0.83925
imagination:0.838
great ending:0.83675
science:0.83375
story:0.82175
talky:0.81925
christianity:0.81525
dialogue:0.80275
imdb top 250:0.794
intelligent:0.789
good acting:0.7845
religion:0.77775
existentialism:0.77275
life & death:0.75675
mentor:0.74975
independent film:0.72725
psychological:0.72225
intelligent sci-fi:0.72175
clever:0.72075
suspense:0.718
entirely dialogue:0.71725
life philosophy:0.70925
reflective:0.709
good soundtrack:0.70725
very interesting:0.7045
technology:0.7005
interesting:0.695
history:0.694
dramatic:0.69275
good:0.69175
weird:0.68025
good story:0.6765
futuristic:0.67625
catastrophe:0.6755
first contact:0.6705
social commentary:0.66675
suprisingly clever:0.664
twists & turns:0.66
drama:0.653
mindfuck:0.6405
visual:0.63325
powerful ending:0.63
coen bros:0.62975
destiny:0.62975
enigmatic:0.6245
allegory:0.61925
psychology:0.619
original plot:0.61725
great:0.6135
special effects:0.60875
greed:0.6025
gunfight:0.5995
alternate history:0.598
secrets:0.59325
cinematography:0.591
great movie:0.59075
surprise ending:0.5895
twist ending:0.58875
dialogue driven:0.585
visually stunning:0.58475
transformation:0.58075
sacrifice:0.58025
writers:0.56675
atheism:0.56625
twist:0.55825
plot:0.556
beautiful scenery:0.5555
narrated:0.55475
cult classic:0.5525
intense:0.55125
surveillance:0.551
metaphysics:0.546
humanity:0.5455
complicated:0.54075
internet:0.54075
mythology:0.53825
creativity:0.53175
christian:0.52825
god:0.52725
nonlinear:0.52675
honest:0.5245
islam:0.52425
idealism:0.52375
