series:0.9645
animation:0.96075
anime:0.95425
fight scenes:0.862
great ending:0.82725
visceral:0.8245
original:0.8245
animated:0.802
melancholic:0.7545
great:0.74475
violence:0.744
complex:0.74325
japan:0.743
stylish:0.737
vengeance:0.72825
action:0.72775
humorous:0.726
sci-fi:0.726
realistic action:0.72125
good soundtrack:0.71875
dialogue:0.71175
cool:0.708
great movie:0.706
imdb top 250:0.70575
talky:0.694
fast paced:0.69375
mars:0.678
complex characters:0.6775
dark hero:0.67425
weird:0.674
sexualized violence:0.65725
brutality:0.652
visually stunning:0.6405
interesting:0.63975
great soundtrack:0.63625
tense:0.62475
intense:0.623
tokyo:0.60925
clever:0.60925
violent:0.608
cynical:0.60375
storytelling:0.5955
chase:0.593
visually appealing:0.59275
sarcasm:0.59125
futuristic:0.58975
great dialogue:0.589
drama:0.585
stylized:0.571
witty:0.567
gritty:0.5645
revenge:0.562
social commentary:0.553
narrated:0.55025
atmospheric:0.5425
very interesting:0.5415
visual:0.5335
mentor:0.53
excellent:0.529
life & death:0.52825
plot:0.525
criterion:0.52225
good:0.52025
dark:0.51975
cartoon:0.51825
japanese:0.517
nocturnal:0.51675
affectionate:0.505
weapons:0.50025
melancholy:0.4935
philosophical:0.488
grim:0.48775
pg-13:0.4845
enigmatic:0.4845
allegory:0.483
cerebral:0.47825
suspense:0.47
crime gone awry:0.46925
entirely dialogue:0.46825
exceptional acting:0.4675
light:0.46675
awesome soundtrack:0.46675
movielens top pick:0.466
great music:0.46475
humor:0.464
alter ego:0.46325
transformation:0.46225
story:0.4615
adaptation:0.4545
betrayal:0.44875
unusual plot structure:0.44575
quotable:0.4445
fantasy world:0.44175
highly quotable:0.4405
space travel:0.438
dark humor:0.4365
action packed:0.43575
suprisingly clever:0.4355
loneliness:0.432
oscar (best directing):0.4315
