bittersweet:0.9615
love story:0.923
writers:0.9155
beautifully filmed:0.835
mentor:0.824
touching:0.8225
passionate:0.814
literature:0.79525
terminal illness:0.7645
original:0.763
romance:0.75075
intimate:0.7455
life philosophy:0.74125
romantic:0.71475
poignant:0.71125
solitude:0.7075
biopic:0.70075
emotional:0.6615
earnest:0.6545
relationships:0.64725
1930s:0.6435
life & death:0.639
small town:0.63375
writing:0.609
great:0.60725
based on a book:0.5995
loneliness:0.5985
love:0.59275
heartbreaking:0.59275
melancholy:0.59275
unusual plot structure:0.59225
tear jerker:0.58925
character study:0.56875
affectionate:0.55925
destiny:0.55575
storytelling:0.54375
enigmatic:0.54275
life:0.5415
beautiful scenery:0.54025
pulp:0.53825
fantasy world:0.531
based on book:0.52325
great acting:0.52
drinking:0.5175
unlikely friendships:0.51475
melancholic:0.51275
great dialogue:0.50425
death:0.50025
friendship:0.4905
true story:0.489
texas:0.48775
compassionate:0.4875
great ending:0.485
beautiful:0.48025
story:0.47975
cerebral:0.4765
cinematography:0.4705
visually appealing:0.46975
great movie:0.469
talky:0.465
dialogue:0.465
childhood:0.46425
books:0.45675
special:0.451
honest:0.45075
complex:0.44475
adaptation:0.4425
catastrophe:0.442
dramatic:0.44025
biography:0.43675
sentimental:0.42575
criterion:0.42275
movielens top pick:0.41725
entirely dialogue:0.4145
weird:0.40775
existentialism:0.4045
drama:0.403
sad:0.40275
good soundtrack:0.39975
indie:0.399
sappy:0.395
creativity:0.38975
biographical:0.389
hospital:0.38775
whimsical:0.3875
wistful:0.38525
transformation:0.38525
inspirational:0.38075
fantasy:0.37975
based on true story:0.37875
stylized:0.37825
excellent:0.37825
imagination:0.37225
heartwarming:0.37075
adapted from:book:0.35175
happy ending:0.33725
nocturnal:0.33675
runaway:0.33425
not funny:0.33425
suprisingly clever:0.33275
