007 (series):1.0
007:0.99975
bond:0.9995
franchise:0.98975
assassin:0.9845
secret service:0.96625
spying:0.945
chase:0.94475
james bond:0.922
spy:0.901
espionage:0.881
action:0.844
spies:0.78025
silly fun:0.77625
san francisco:0.764
secrets:0.7495
good:0.738
murder:0.72875
series:0.7215
original:0.69425
adventure:0.6585
good action:0.637
plot:0.62975
tom clancy:0.628
great ending:0.5945
car chase:0.5895
silly:0.5665
exciting:0.5515
mentor:0.548
catastrophe:0.53675
great:0.503
goofy:0.4845
fun movie:0.4805
underrated:0.4805
original plot:0.479
vengeance:0.46875
bad plot:0.4535
fight scenes:0.45325
cool:0.4505
dialogue:0.442
destiny:0.42375
first contact:0.42075
submarine:0.41875
betrayal:0.4155
mad scientist:0.4155
sexy:0.41525
predictable:0.4125
racing:0.41225
runaway:0.412
action packed:0.41
technology:0.39475
big budget:0.39325
entertaining:0.38725
fun:0.35975
great movie:0.35975
surveillance:0.35975
pg-13:0.3595
horses:0.356
80s:0.3525
space:0.34575
brutality:0.3455
redemption:0.3435
conspiracy:0.34225
assassination:0.3405
fast paced:0.3395
nuclear bomb:0.338
fantasy world:0.33775
computers:0.33175
sci fi:0.32575
ridiculous:0.32325
story:0.32075
life philosophy:0.31875
lame:0.3135
oscar winner:0.307
special effects:0.3025
storytelling:0.301
cold war:0.29875
culture clash:0.298
california:0.29775
torture:0.29775
good soundtrack:0.29425
alter ego:0.29075
slapstick:0.2885
not funny:0.28725
camp:0.28275
unfunny:0.2795
very good:0.279
classic car:0.27825
revenge:0.27375
arms dealer:0.26375
island:0.25925
adaptation:0.25875
suspense:0.25675
thriller:0.254
suprisingly clever:0.253
very funny:0.253
clever:0.2515
excellent:0.25125
humorous:0.2505
creativity:0.24975
