animation:0.98725
oscar (best animated feature):0.97775
computer animation:0.9205
cute:0.89075
alien:0.857
aliens:0.8545
kids and family:0.83325
alien invasion:0.81775
animated:0.8075
kids:0.77925
based on a book:0.7555
cute!:0.72275
cartoon:0.6745
children:0.66425
family:0.66275
visually appealing:0.6545
good soundtrack:0.65425
original:0.6375
creativity:0.63575
road trip:0.62525
storytelling:0.621
culture clash:0.6195
unlikely friendships:0.61575
predictable:0.5895
adventure:0.58925
better than expected:0.56625
plot:0.563
dreamworks:0.56175
pg-13:0.5405
childhood:0.5395
catastrophe:0.5375
friendship:0.53225
funny:0.531
dialogue:0.51675
clever:0.51375
3d:0.51325
fun:0.5085
heartwarming:0.50725
runaway:0.48525
story:0.47925
great:0.4765
silly:0.4685
colourful:0.4665
redemption:0.4635
animals:0.45825
good:0.45575
loneliness:0.451
great ending:0.4455
pixar animation:0.444
crude humor:0.4435
feel-good:0.42225
silly fun:0.4115
mentor:0.40125
visually stunning:0.40075
very funny:0.38825
melancholic:0.3815
feel good movie:0.38075
talking animals:0.3805
fun movie:0.37925
allegory:0.37025
emotional:0.36725
race:0.364
first contact:0.36075
fantasy world:0.35325
australia:0.35275
happy ending:0.35225
humanity:0.34825
life philosophy:0.346
humor:0.3395
nudity (full frontal - brief):0.3395
comedy:0.33825
so bad it's funny:0.3335
suprisingly clever:0.332
technology:0.32575
adaptation:0.325
destiny:0.32375
simple:0.3235
unfunny:0.3225
not funny:0.32225
chase:0.3215
based on book:0.313
brutality:0.31125
whimsical:0.31125
light:0.3095
transformation:0.30775
entertaining:0.303
pg:0.29075
humorous:0.288
girlie movie:0.2855
quirky:0.28325
betrayal:0.28125
twists & turns:0.27875
entirely dialogue:0.2765
disney:0.27125
writers:0.2705
fast paced:0.27025
no plot:0.26725
product placement:0.26625
slapstick:0.26625
franchise:0.26575
