documentary:0.91925
narrated:0.90575
storytelling:0.87375
loneliness:0.86325
intimate:0.83
enigmatic:0.81625
original:0.79175
solitude:0.7635
interesting:0.75625
courage:0.75275
tragedy:0.74125
dramatic:0.7245
astronauts:0.70075
story:0.69875
race:0.6885
cerebral:0.688
isolation:0.6825
greed:0.65625
mindfuck:0.6435
suprisingly clever:0.64
brutality:0.63375
visual:0.63375
australia:0.62675
melancholic:0.6215
africa:0.6165
life & death:0.61625
immortality:0.609
reflective:0.6035
melancholy:0.60325
beautiful scenery:0.5995
thought-provoking:0.59925
great ending:0.597
breathtaking:0.59175
boat:0.5885
very interesting:0.58625
racing:0.582
culture clash:0.57175
psychological:0.5685
imagination:0.56775
visually appealing:0.56275
guilt:0.5615
alone in the world:0.55975
criterion:0.5515
harsh:0.55125
art:0.547
weird:0.54625
existentialism:0.535
first contact:0.53275
corruption:0.5255
great:0.52075
us history:0.517
surreal:0.514
beautifully filmed:0.513
twists & turns:0.51275
redemption:0.5095
factual:0.50175
cinematography:0.49825
movielens top pick:0.497
mentor:0.49425
argentina:0.494
true story:0.492
unusual plot structure:0.49075
drama:0.49
justice:0.484
amazing photography:0.4835
complex:0.4805
hitman:0.4765
forceful:0.4745
visceral:0.46925
suicide:0.46525
dystopic future:0.461
radio:0.46
obsession:0.45425
visually stunning:0.45225
imdb top 250:0.44
biographical:0.43225
sacrifice:0.4315
psychology:0.4295
history:0.42675
insanity:0.426
islam:0.424
allegory:0.4235
off-beat comedy:0.423
great cinematography:0.41875
crime gone awry:0.417
catastrophe:0.41325
atmospheric:0.41125
poignant:0.4095
great movie:0.406
great acting:0.4045
tense:0.4035
special:0.40075
oscar (best directing):0.4
amazing cinematography:0.39975
vengeance:0.397
violent:0.394
nocturnal:0.39325
heartbreaking:0.388
paranoia:0.38475
dreams:0.38425
