twists & turns:0.9365
amnesia:0.89375
suspenseful:0.88525
thriller:0.8405
surprise ending:0.829
tense:0.78925
neo-noir:0.77425
secrets:0.7625
mystery:0.75025
suspense:0.74
original:0.71325
plot twist:0.70675
first contact:0.699
twist:0.69125
san francisco:0.6905
hitchcock:0.66925
chase:0.6675
story:0.666
twist ending:0.6615
cars:0.632
storytelling:0.62925
memory:0.612
adapted from:book:0.604
great ending:0.60375
conspiracy:0.58775
tricky:0.584
plot holes:0.5685
private detective:0.56075
paranoid:0.56025
enigmatic:0.55725
greed:0.54425
underrated:0.538
corruption:0.53075
police investigation:0.52725
alternate endings:0.51975
plot:0.5075
identity:0.5025
nudity (full frontal - brief):0.49
brutality:0.48925
intense:0.487
catastrophe:0.4865
suprisingly clever:0.47975
cheating:0.47475
mentor:0.46725
sci fi:0.46225
futuristic:0.45925
cerebral:0.459
entertaining:0.45825
creativity:0.45825
maze:0.45425
hotel:0.454
interesting:0.45375
good:0.44925
hospital:0.44625
psychological:0.43725
so bad it's funny:0.43725
vengeance:0.43675
destiny:0.432
investigation:0.43
based on a book:0.424
space:0.422
doctors:0.42175
dialogue:0.42125
road movie:0.42125
paranoia:0.42
visual:0.419
mad scientist:0.4135
bad ending:0.41325
lone hero:0.412
claustrophobic:0.408
grindhouse:0.398
life & death:0.39575
harsh:0.39475
dumb but funny:0.39225
runaway:0.3915
film noir:0.3845
macabre:0.384
pornography:0.3805
very interesting:0.37625
light:0.373
weird:0.3685
crime:0.3635
fast paced:0.363
life philosophy:0.36225
good acting:0.358
redemption:0.35775
memory loss:0.35375
adaptation:0.351
drama:0.34925
not funny:0.34475
sexy:0.34425
good soundtrack:0.34175
murder:0.34175
culture clash:0.336
absurd:0.33525
ominous:0.3325
art:0.3325
unusual plot structure:0.3315
scifi:0.32725
fantasy:0.3265
