adapted from:book:0.9815
literary adaptation:0.96675
oscar (best actor):0.95625
talky:0.95225
classic:0.947
oscar (best cinematography):0.9265
cinematography:0.90725
tense:0.89575
criterion:0.87775
oscar (best directing):0.84325
1930s:0.82575
adaptation:0.81975
masterpiece:0.806
silent:0.80325
oscar (best actress):0.79675
1920s:0.79425
horror:0.79125
alter ego:0.78725
original:0.787
black and white:0.775
story:0.7625
murder:0.7555
atmospheric:0.73975
imdb top 250:0.73325
stylized:0.71975
dark:0.71825
creepy:0.71675
oscar (best supporting actress):0.715
runaway:0.70925
based on a play:0.68775
harsh:0.67875
storytelling:0.66975
transformation:0.661
oscar:0.641
great acting:0.63975
visually appealing:0.636
photography:0.633
suspense:0.632
narrated:0.624
ominous:0.62075
stylish:0.59825
corruption:0.58825
obsession:0.58825
macabre:0.58425
greed:0.583
brutality:0.5825
disturbing:0.5705
paranoid:0.56875
afi 100 (movie quotes):0.568
reflective:0.56025
violent:0.55
mentor:0.53875
dialogue:0.538
serial killer:0.5365
good:0.5345
mad scientist:0.53125
stunning:0.53025
censorship:0.53025
based on a book:0.52875
unusual plot structure:0.526
insanity:0.52575
culture clash:0.51825
gunfight:0.5135
light:0.509
great ending:0.50425
19th century:0.50325
visual:0.502
very good:0.50125
oscar (best supporting actor):0.4985
forceful:0.49775
great:0.4975
melancholy:0.49375
visceral:0.493
psychology:0.485
monster:0.485
interesting:0.47475
eerie:0.47175
secrets:0.47175
betrayal:0.468
justice:0.46575
queer:0.4655
allegory:0.4645
psychological:0.45775
sexual:0.4535
science fiction:0.451
claustrophobic:0.4465
oscar winner:0.4455
sexy:0.445
imagination:0.442
doctors:0.43975
cerebral:0.438
police investigation:0.4325
us history:0.42925
nocturnal:0.42425
melancholic:0.421
frightening:0.42025
very interesting:0.41425
biographical:0.4125
good versus evil:0.4115
enigmatic:0.40875
