psychology:0.90475
obsession:0.84825
adapted from:book:0.83875
psychological:0.812
based on a book:0.78775
sexual abuse:0.783
storytelling:0.76575
original:0.7175
weird:0.67575
melancholic:0.66775
suspense:0.66125
good soundtrack:0.65725
mystery:0.657
twists & turns:0.647
radio:0.63575
suspenseful:0.61325
story:0.59875
enigmatic:0.59375
loneliness:0.592
gay:0.585
drama:0.5815
writers:0.5695
predictable:0.5615
adaptation:0.55475
thriller:0.5545
great ending:0.554
based on true story:0.5525
gay character:0.548
very interesting:0.538
runaway:0.53725
twist ending:0.52
based on book:0.52
dramatic:0.49
complex:0.48425
unlikely friendships:0.4735
great acting:0.46675
existentialism:0.4595
childhood:0.45525
secrets:0.45375
mentor:0.45325
brutality:0.44425
murder:0.43275
corruption:0.42825
pornography:0.4275
twist:0.41475
dialogue:0.4125
catastrophe:0.40775
books:0.40725
fantasy world:0.406
friendship:0.4055
quirky:0.398
true story:0.3955
identity:0.39075
bad ending:0.38375
shallow:0.3805
life philosophy:0.3805
interesting:0.379
disturbing:0.3745
great:0.3745
relationships:0.37
intense:0.3625
depression:0.36175
light:0.35875
biographical:0.35825
nudity (topless - notable):0.3575
police investigation:0.357
pointless:0.35675
terminal illness:0.355
oscar (best directing):0.3545
cerebral:0.35425
blindness:0.35375
family:0.35325
greed:0.35075
life & death:0.34925
nudity (full frontal - notable):0.34825
good acting:0.34625
exceptional acting:0.34375
oscar (best actress):0.33725
first contact:0.337
midlife crisis:0.337
excellent script:0.33575
imdb top 250:0.3355
cinematography:0.33525
narrated:0.3345
not funny:0.33425
hospital:0.329
mindfuck:0.32625
slow:0.31925
plot twist:0.3165
culture clash:0.3115
based on a true story:0.309
redemption:0.306
manipulation:0.30425
pg-13:0.30375
stylized:0.3025
clever:0.30025
adoption:0.29975
entirely dialogue:0.29825
drinking:0.2945
talky:0.2925
