animation:0.9915
jungle:0.98825
birds:0.9305
animated:0.89525
talking animals:0.8905
computer animation:0.88025
animals:0.879
rio de janeiro:0.83
brazil:0.78475
original:0.6835
fun movie:0.62125
sequels:0.62075
good sequel:0.60775
3d:0.583
family:0.56925
creativity:0.566
silly:0.554
cute:0.55275
mars:0.54725
story:0.51925
children:0.502
animal movie:0.502
kids:0.499
colourful:0.4915
bad plot:0.487
cute!:0.4865
musical:0.48275
franchise:0.4795
adventure:0.47725
music:0.4725
life philosophy:0.46875
predictable:0.45075
great ending:0.4485
fun:0.448
catastrophe:0.43825
dialogue:0.42925
cartoon:0.42875
greed:0.41375
unfunny:0.404
storytelling:0.39425
kids and family:0.393
disney:0.3915
entertaining:0.379
south america:0.37025
mentor:0.368
funny:0.36775
better than expected:0.3615
beautiful scenery:0.36025
childhood:0.355
sequel:0.35425
overrated:0.352
penguins:0.3475
environmental:0.34625
revenge:0.3425
culture clash:0.33575
lone hero:0.3265
so bad it's funny:0.3155
suprisingly clever:0.31225
very funny:0.311
scenic:0.31
latin america:0.30875
runaway:0.302
vengeance:0.297
not funny:0.29675
good:0.29625
big budget:0.29025
visually stunning:0.29
silly fun:0.287
good music:0.27975
twists & turns:0.27675
first contact:0.27625
great:0.27475
mad scientist:0.27425
dreamworks:0.263
slapstick:0.2585
visuals:0.2555
fantasy world:0.252
happy ending:0.24875
action packed:0.2445
natural disaster:0.2445
pg-13:0.244
visual:0.24325
stereotypes:0.2405
pigs:0.23875
transformation:0.233
visually appealing:0.229
cgi:0.228
betrayal:0.224
melancholic:0.22325
entirely dialogue:0.22025
lions:0.2125
brutality:0.211
clever:0.21
harsh:0.20775
destiny:0.207
adaptation:0.20625
crude humor:0.20275
comedy:0.20275
weird:0.20225
fight scenes:0.20075
