weed:0.994
marijuana:0.9915
road trip:0.98675
comedy:0.981
race issues:0.97175
stoner movie:0.963
hilarious:0.92
funniest movies:0.9185
funny:0.9085
stupid as hell:0.89475
dumb but funny:0.88725
stereotypes:0.88075
cult classic:0.87725
humorous:0.86475
buddy movie:0.8375
humor:0.82875
new jersey:0.8245
dumb:0.7965
funny as hell:0.79
drugs:0.783
very funny:0.76725
stupidity:0.76225
teen movie:0.752
indians:0.746
crude humor:0.72375
goofy:0.72175
original:0.70425
slackers:0.69925
stupid:0.69325
quotable:0.69225
foul language:0.669
drinking:0.64325
teen:0.6415
silly:0.634
suprisingly clever:0.62925
pg-13:0.6155
good soundtrack:0.60575
social commentary:0.5855
satire:0.57775
teens:0.573
idiotic:0.5725
highly quotable:0.5705
weird:0.54525
great ending:0.543
chase:0.5415
parody:0.538
nudity (topless):0.5375
catastrophe:0.53375
absurd:0.5305
silly fun:0.5205
pornography:0.51225
off-beat comedy:0.50875
adventure:0.50325
clever:0.49225
notable nudity:0.47575
storytelling:0.4735
racism:0.4735
dialogue:0.4595
geeks:0.45925
great:0.45625
so bad it's funny:0.45275
good:0.45125
sarcasm:0.4495
beer:0.448
runaway:0.4315
prejudice:0.4305
irreverent:0.423
brutality:0.4225
gross-out:0.42225
culture clash:0.416
product placement:0.411
crazy:0.40475
road movie:0.40225
vengeance:0.40175
harsh:0.399
mentor:0.396
story:0.393
fun movie:0.3855
amy smart:0.3835
redemption:0.37875
love:0.3725
satirical:0.37225
life philosophy:0.3705
creativity:0.35875
nudity (topless - notable):0.354
male nudity:0.34975
better than expected:0.33675
cars:0.334
nerds:0.33225
fun:0.32375
gunfight:0.3235
great movie:0.3225
virginity:0.321
happy ending:0.3195
friendship:0.3185
good acting:0.31725
twists & turns:0.314
workplace:0.31225
original plot:0.3105
light:0.30925
