gangsters:0.926
gangster:0.872
kids:0.85975
childhood:0.815
1930s:0.80825
poverty:0.80175
drinking:0.7135
runaway:0.6935
new york city:0.686
original:0.67925
brutality:0.6785
depression:0.665
downbeat:0.65725
oscar (best supporting actress):0.656
tense:0.57825
good soundtrack:0.56325
movielens top pick:0.55
mentor:0.5435
criterion:0.54225
great:0.53275
intimate:0.527
story:0.521
harsh:0.511
teens:0.5035
crime gone awry:0.50325
complex:0.4955
adolescence:0.49225
gangs:0.49075
storytelling:0.466
talky:0.458
dramatic:0.4525
fun:0.45075
oscar (best directing):0.44575
great ending:0.44
new jersey:0.43875
melancholic:0.43625
crime:0.43275
redemption:0.423
costume drama:0.4195
catastrophe:0.41925
affectionate:0.41625
fantasy world:0.40275
gritty:0.402
british:0.39525
unlikely friendships:0.3895
unusual plot structure:0.3875
stylized:0.38175
forceful:0.38
kids and family:0.3755
character study:0.37025
transformation:0.3685
adaptation:0.36725
alter ego:0.36525
segregation:0.365
very interesting:0.36075
watch the credits:0.35875
cinematography:0.35275
voyeurism:0.3525
children:0.34975
life philosophy:0.34875
writers:0.3465
culture clash:0.3465
oscar (best actress):0.33925
based on a play:0.33225
dark hero:0.33125
betrayal:0.32975
corruption:0.32925
censorship:0.3285
bullying:0.3225
golden palm:0.3215
not funny:0.3215
hotel:0.32125
awesome soundtrack:0.31875
reflective:0.31875
working class:0.31275
underrated:0.31175
superheroes:0.3105
prostitution:0.30775
entirely dialogue:0.306
oscar (best supporting actor):0.30525
drama:0.304
relationships:0.3
kidnapping:0.29325
school:0.29175
paranoid:0.291
bleak:0.289
nostalgic:0.2885
suprisingly clever:0.288
dialogue:0.2875
suicide attempt:0.28725
honest:0.278
pornography:0.27625
maze:0.27525
adapted from:book:0.275
good:0.27475
nerds:0.27425
friendship:0.2735
very good:0.27275
great movie:0.27
good action:0.2675
