christmas:0.9955
holiday:0.97025
family:0.8875
off-beat comedy:0.8075
horrible:0.8015
comedy:0.76875
dysfunctional family:0.74425
idiotic:0.704
predictable:0.6995
original:0.696
catastrophe:0.606
silly:0.5815
natural disaster:0.579
so bad it's funny:0.5685
pg-13:0.50775
absurd:0.5065
happy ending:0.48575
feel good movie:0.47775
loneliness:0.4775
bad plot:0.46875
very funny:0.46575
unfunny:0.46525
great ending:0.46475
pointless:0.4525
funny:0.4365
feel-good:0.4335
mentor:0.4265
slapstick:0.424
lame:0.42225
childhood:0.4155
better than expected:0.3975
crude humor:0.397
life philosophy:0.391
solitude:0.38925
bad:0.38675
good:0.38125
disaster:0.38125
shallow:0.367
greed:0.36075
storytelling:0.3575
pornography:0.3555
good dialogue:0.35475
first contact:0.33925
kids and family:0.334
big budget:0.33175
goofy:0.32775
overrated:0.326
destiny:0.32
fantasy world:0.3155
surreal:0.3145
brutality:0.311
silly fun:0.306
writers:0.3005
romantic:0.29825
teen movie:0.298
family drama:0.29325
fantasy:0.292
fun:0.2915
story:0.29
bad cgi:0.28225
dumb but funny:0.27975
fun movie:0.279
adaptation:0.27875
culture clash:0.2765
good soundtrack:0.27
internet:0.2665
dialogue:0.263
melancholic:0.26075
unusual plot structure:0.25275
nudity (full frontal - brief):0.25225
great:0.2505
runaway:0.2505
not funny:0.2495
vengeance:0.2485
stereotypes:0.2445
memory:0.2435
farce:0.2415
chase:0.24075
ridiculous:0.23875
fight scenes:0.23875
gangsters:0.23625
entirely dialogue:0.23475
suspense:0.23475
betrayal:0.2335
nudity (topless - notable):0.23225
transformation:0.23075
police investigation:0.22375
sentimental:0.22075
justice:0.22075
cult film:0.219
humorous:0.21725
hilarious:0.2165
stupid:0.2155
clever:0.2155
twists & turns:0.215
lone hero:0.215
multiple storylines:0.212
stupid as hell:0.212
splatter:0.21
franchise:0.2085
