intimate:0.979
loneliness:0.9665
french:0.95175
relationships:0.94275
paris:0.9125
solitude:0.88575
obsession:0.877
enigmatic:0.865
france:0.84525
life philosophy:0.77725
secrets:0.7555
talky:0.735
melancholic:0.71175
reflective:0.64875
infidelity:0.64475
original:0.61875
sexy:0.6175
marriage:0.593
drinking:0.585
life & death:0.576
cerebral:0.55525
psychiatrist:0.5525
pornography:0.5385
existentialism:0.53775
criterion:0.525
bittersweet:0.5245
foreign:0.52025
meditative:0.50925
psychological:0.50775
psychiatry:0.50425
storytelling:0.50275
very interesting:0.50025
passionate:0.49175
dialogue:0.485
weird:0.47475
mentor:0.47375
hotel:0.465
computer animation:0.44125
drama:0.43625
intellectual:0.42825
entirely dialogue:0.428
hospital:0.42425
whimsical:0.413
complex:0.41275
emotional:0.4095
art house:0.40675
male nudity:0.4035
suprisingly clever:0.4035
catastrophe:0.402
romance:0.39525
mistaken identity:0.384
character study:0.38375
quirky:0.3765
witty:0.3755
great ending:0.37325
golden palm:0.36925
melancholy:0.3615
sexual abuse:0.3535
sexual:0.35025
office:0.3465
social commentary:0.34025
art:0.33525
doctors:0.3295
not funny:0.32925
interesting:0.32
wine:0.31975
guilt:0.31775
beautiful scenery:0.313
poignant:0.31175
twists & turns:0.3065
adultery:0.305
unusual plot structure:0.303
dreamlike:0.302
writers:0.298
prejudice:0.28775
nudity (topless - notable):0.2875
good soundtrack:0.286
interracial romance:0.28525
nudity (full frontal - notable):0.285
understated:0.28375
dialogue driven:0.283
culture clash:0.28175
independent film:0.2795
romantic:0.278
depression:0.27475
betrayal:0.2745
downbeat:0.27125
affectionate:0.271
brutality:0.27075
friendship:0.26975
story:0.2675
disturbing:0.2635
workplace:0.2635
bleak:0.26325
clever:0.262
unlikely friendships:0.26175
father daughter relationship:0.261
philosophy:0.2565
redemption:0.2555
atmospheric:0.2525
