artistic:0.95325
obsession:0.9365
artist:0.93525
art:0.931
animation:0.92325
mentor:0.91775
documentary:0.91425
biographical:0.88275
very interesting:0.87875
life & death:0.829
mental illness:0.82425
childhood:0.822
sexual abuse:0.81975
narrated:0.813
interesting:0.81125
creativity:0.7985
original:0.78475
story:0.7815
enigmatic:0.77975
biography:0.77675
fantasy world:0.76
secrets:0.7555
visually appealing:0.7495
eccentricity:0.73375
loneliness:0.72775
culture clash:0.7265
runaway:0.71775
psychological:0.705
imagination:0.696
social commentary:0.69025
psychology:0.68725
visual:0.6685
violence:0.6525
criterion:0.65225
talky:0.65125
reflective:0.635
greed:0.62825
violent:0.62775
intense:0.62375
animated:0.622
tragedy:0.62125
vengeance:0.6095
philosophy:0.60825
bizarre:0.60375
death:0.5985
corruption:0.59175
surreal:0.585
surveillance:0.5815
weird:0.57975
hospital:0.573
harsh:0.5685
oscar (best actress):0.56475
brutality:0.55975
intimate:0.559
strange:0.55625
good soundtrack:0.55175
catholicism:0.55
adapted from:book:0.54575
nudity (topless - notable):0.5445
storytelling:0.54225
visually stunning:0.542
pornography:0.541
oscar (best supporting actress):0.53625
disturbing:0.53325
fantasy:0.532
suprisingly clever:0.53025
based on a book:0.52975
pg-13:0.52425
literature:0.52375
great ending:0.51625
transformation:0.515
chase:0.51375
solitude:0.51175
alter ego:0.5055
oscar (best directing):0.503
stylized:0.5
cerebral:0.49675
distopia:0.494
identity:0.4925
drama:0.48775
dreams:0.48225
sexual:0.48175
brutal:0.48125
melancholic:0.4805
allegory:0.476
books:0.47575
adaptation:0.475
life:0.473
meditative:0.46975
complex:0.464
life philosophy:0.46275
catastrophe:0.46125
alone in the world:0.46075
censorship:0.46075
forceful:0.45775
drugs:0.4575
breathtaking:0.457
murder:0.454
light:0.45375
prejudice:0.45375
