based on a true story:0.98
true story:0.979
military:0.963
best war films:0.9505
war:0.94125
based on true story:0.9365
survival:0.9305
intense:0.91975
action:0.90825
courage:0.90225
sacrifice:0.90025
based on a book:0.8525
dramatic:0.8395
weapons:0.833
brutality:0.804
factual:0.794
gunfight:0.7785
realistic:0.7775
war movie:0.76825
violence:0.73725
pg-13:0.73525
realistic action:0.7335
action packed:0.70125
brutal:0.684
based on book:0.6805
catastrophe:0.678
mentor:0.6585
forceful:0.648
visceral:0.6445
fighting:0.6325
propaganda:0.631
story:0.6255
powerful ending:0.61225
original:0.59725
wartime:0.5965
life & death:0.58025
death:0.57875
corruption:0.5765
islam:0.57025
adapted from:book:0.56625
gulf war:0.56275
suspense:0.555
blood:0.55425
good:0.55175
fight scenes:0.549
big budget:0.5485
politics:0.5475
dialogue:0.53025
iraq:0.5285
plot:0.52775
culture clash:0.52675
prejudice:0.5245
fast paced:0.52
good action:0.51525
books:0.50875
revenge:0.50475
assassination:0.5035
beautiful scenery:0.50125
middle east:0.49925
betrayal:0.498
runaway:0.49425
vengeance:0.49125
great ending:0.49025
political:0.47075
torture:0.47075
justice:0.44825
great:0.446
good acting:0.4455
violent:0.4365
enormously long battle scene:0.43075
chase:0.429
best of 2005:0.42225
explosions:0.41825
friendship:0.413
adaptation:0.411
lone hero:0.40225
storytelling:0.39475
surveillance:0.393
civil war:0.39125
terrorism:0.3895
great acting:0.3895
tense:0.385
drama:0.3765
gritty:0.3725
us history:0.37175
predictable:0.3695
brothers:0.3685
better than expected:0.368
cinematography:0.366
not funny:0.3655
entertaining:0.36025
transformation:0.35925
destiny:0.3575
amazing cinematography:0.35725
interesting:0.356
honest:0.354
historical:0.3515
superheroes:0.3505
hostage:0.35
apocalypse:0.35
