politics:0.95925
political:0.9345
world politics:0.90875
powerful ending:0.8825
prison:0.86475
british:0.8425
documentary:0.82225
corruption:0.79825
terrorism:0.78225
middle east:0.7755
military:0.772
bombs:0.77
propaganda:0.766
brutality:0.744
justice:0.743
islam:0.74225
torture:0.719
original:0.719
journalism:0.675
idealism:0.67475
brainwashing:0.6455
war:0.64425
dramatic:0.6275
iraq:0.6235
drama:0.6235
great ending:0.606
foreign:0.59625
based on true story:0.595
social commentary:0.561
gulf war:0.55375
factual:0.55025
hard to watch:0.54925
based on a true story:0.539
brutal:0.52
9/11:0.5165
courage:0.51075
freedom:0.5075
honest:0.50675
prejudice:0.5025
sacrifice:0.496
pg-13:0.496
camp:0.4945
life philosophy:0.49325
realistic:0.49025
catastrophe:0.48875
guilt:0.46675
england:0.458
ethnic conflict:0.4535
true story:0.451
morality:0.45025
interesting:0.4395
survival:0.437
jews:0.429
wartime:0.428
happy ending:0.427
not funny:0.4265
sad:0.42425
thought-provoking:0.42325
culture clash:0.42125
beautiful scenery:0.41775
storytelling:0.417
us history:0.414
forceful:0.412
feel-good:0.40925
stereotypes:0.40425
greed:0.404
male nudity:0.4035
stupidity:0.39825
intimate:0.3975
mentor:0.39375
complex:0.3895
very interesting:0.3885
business:0.385
intense:0.381
humanity:0.381
oil:0.3795
palestine:0.379
secrets:0.37875
good soundtrack:0.377
destiny:0.367
psychological:0.36225
historical:0.35975
revolution:0.35925
nazis:0.35875
disturbing:0.35475
history:0.3545
tragedy:0.35425
absurd:0.35
suprisingly clever:0.34275
vengeance:0.34225
betrayal:0.34
war movie:0.33875
women:0.33825
emotional:0.338
narrated:0.336
unusual plot structure:0.3345
suicide:0.33275
oscar (best directing):0.3325
paranoia:0.33
psychology:0.3255
