corporate america:0.95775
race issues:0.91675
corruption:0.897
original:0.88225
satire:0.8735
nudity (topless):0.8655
pornography:0.849
sexual:0.824
sex:0.81875
police investigation:0.81525
sexy:0.80625
twists & turns:0.773
twist:0.75475
greed:0.74175
nudity:0.7415
absurd:0.73075
controversial:0.7155
dialogue:0.69875
farce:0.6965
violence:0.68975
satirical:0.684
plot:0.6625
hitman:0.662
storytelling:0.66125
goofy:0.661
suspense:0.658
clever:0.658
crime:0.655
chase:0.65325
queer:0.65
violent:0.64875
paranoid:0.6445
mob:0.64325
brutality:0.642
lesbian:0.63875
complicated:0.63825
sex comedy:0.63675
nudity (topless - notable):0.62475
mafia:0.60725
great ending:0.60025
suspenseful:0.5965
pointless:0.594
good soundtrack:0.5865
so bad it's funny:0.58425
off-beat comedy:0.58225
very interesting:0.5805
parody:0.58
predictable:0.57925
business:0.57475
notable nudity:0.57425
kidnapping:0.5715
bad script:0.567
confusing:0.5665
complex:0.56525
distopia:0.564
nudity (full frontal - notable):0.551
internet:0.551
murder:0.547
sexuality:0.5465
bad ending:0.54325
cult classic:0.54175
interesting:0.5415
foul language:0.541
stupidity:0.5405
revenge:0.53975
weird:0.53825
manipulation:0.5355
splatter:0.53525
workplace:0.534
relationships:0.53375
police corruption:0.52925
fast paced:0.52925
dark comedy:0.52875
conspiracy theory:0.52425
anti-hero:0.51575
investigation:0.514
torture:0.5135
enigmatic:0.51175
identity:0.51025
culture clash:0.505
fantasy:0.505
stylish:0.502
visual:0.499
guilt:0.4985
plot twist:0.48725
nudity (full frontal - brief):0.48475
women:0.48325
original plot:0.4805
social commentary:0.47525
bad plot:0.47375
comedy:0.47175
very funny:0.466
humor:0.46275
stereotypes:0.46175
mentor:0.4585
money:0.45675
politics:0.456
conspiracy:0.45525
entertaining:0.451
betrayal:0.4495
