multiple storylines:0.9605
relationships:0.94975
marriage:0.917
parenthood:0.89225
italian:0.8275
foreign:0.81475
pregnancy:0.80175
melancholic:0.79925
unlikely friendships:0.7895
pornography:0.7755
women:0.75775
italy:0.725
loneliness:0.711
realistic:0.70325
reflective:0.6905
original:0.664
life philosophy:0.6425
criterion:0.58825
movielens top pick:0.58175
culture clash:0.55625
grindhouse:0.53425
oscar (best foreign language film):0.53325
emotional:0.51525
obsession:0.5055
friendship:0.50425
good soundtrack:0.5005
infidelity:0.4975
passionate:0.494
harsh:0.485
life:0.48
honest:0.4745
betrayal:0.47325
tragedy:0.4685
mentor:0.46475
love:0.46125
dysfunctional family:0.451
drama:0.4465
depression:0.43625
bittersweet:0.4335
intimate:0.4295
destiny:0.42775
social commentary:0.41225
wedding:0.4065
sentimental:0.40525
cheating:0.40425
life & death:0.4025
coming of age:0.402
catastrophe:0.401
islam:0.378
narrated:0.36675
nudity (topless - brief):0.3635
wistful:0.3605
guilt:0.35325
better than the american version:0.353
nudity (full frontal - notable):0.3515
dialogue:0.3505
childhood:0.34875
teen:0.34775
drinking:0.34375
complex:0.34125
stylish:0.34125
nudity (full frontal - brief):0.34
stereotypes:0.3395
male nudity:0.33475
unusual plot structure:0.33425
shallow:0.33375
touching:0.33275
indie:0.32625
coming-of-age:0.32225
not funny:0.318
rome:0.31725
solitude:0.31525
runaway:0.30825
great ending:0.3075
happy ending:0.30425
enigmatic:0.30375
workplace:0.302
very interesting:0.295
classic car:0.293
romantic:0.28875
great:0.28875
family:0.2865
suicide attempt:0.28425
storytelling:0.28375
independent film:0.2785
divorce:0.276
sexy:0.275
oscar (best directing):0.274
fascism:0.273
spanish:0.2685
poignant:0.2685
nudity (rear):0.26325
imdb top 250:0.2625
adoption:0.26075
lone hero:0.2605
dreams:0.26
witty:0.24925
golden palm:0.249
compassionate:0.24875
family drama:0.24775
