submarine:0.9925
tom clancy:0.96225
cold war:0.95975
russia:0.92525
history:0.8725
dramatic:0.83575
sacrifice:0.82275
russian:0.81375
based on true story:0.7975
catastrophe:0.77925
weapons:0.77275
nuclear:0.7655
nuclear war:0.7595
true story:0.74975
historical:0.73375
courage:0.726
factual:0.7245
drama:0.71575
survival:0.664
claustrophobic:0.6575
original:0.6575
tense:0.62825
moral ambiguity:0.61825
us history:0.61775
story:0.61225
disaster:0.61175
intense:0.61125
good:0.5845
irish accent:0.5755
politics:0.5235
natural disaster:0.51625
action:0.5105
amazing cinematography:0.49475
good soundtrack:0.494
mentor:0.49325
dialogue:0.4915
pg-13:0.48825
military:0.47925
special effects:0.473
corruption:0.469
suspense:0.46525
based on a true story:0.461
propaganda:0.45925
first contact:0.4545
predictable:0.45075
good acting:0.44475
awesome soundtrack:0.44325
great ending:0.44225
better than expected:0.4395
great:0.42775
betrayal:0.42275
forceful:0.42225
storytelling:0.41425
utopia:0.409
big budget:0.402
best war films:0.4
plot:0.39775
runaway:0.38175
boat:0.37375
greed:0.368
technology:0.368
life philosophy:0.359
so bad it's funny:0.3585
not funny:0.35825
island:0.35625
brutality:0.3485
nuclear bomb:0.34775
excellent:0.346
action packed:0.3395
very interesting:0.3395
interesting:0.339
culture clash:0.3365
adaptation:0.3325
thriller:0.332
life & death:0.3315
humanity:0.33075
islam:0.3305
harsh:0.328
surveillance:0.326
twists & turns:0.324
great acting:0.324
suspenseful:0.323
death:0.3125
revolution:0.308
exciting:0.30575
police investigation:0.302
visually stunning:0.30075
good action:0.29925
war:0.2945
end of the world:0.29175
fantasy world:0.289
lone hero:0.289
transformation:0.2875
great movie:0.28125
unfunny:0.28025
justice:0.278
alternate history:0.277
happy ending:0.277
suprisingly clever:0.27675
secrets:0.276
