halloween:0.99825
franchise:0.99125
slasher:0.98925
horror:0.9765
original:0.85725
teens:0.85575
serial killer:0.83
murder:0.825
witch:0.78125
androids:0.743
scary:0.707
bad plot:0.70675
predictable:0.70575
supernatural:0.7005
pointless:0.694
splatter:0.6615
snakes:0.6425
creepy:0.64175
so bad it's funny:0.633
horrible:0.6315
cult film:0.61875
sci fi:0.61575
mad scientist:0.61025
science fiction:0.52525
technology:0.52375
spiders:0.5225
brutality:0.51275
robots:0.50925
overrated:0.5045
fantasy world:0.5015
camp:0.48675
good soundtrack:0.48
suspenseful:0.4785
weird:0.476
great ending:0.47375
suspense:0.4715
violence:0.4665
hospital:0.4515
doctors:0.45125
sci-fi:0.4505
80s:0.444
first contact:0.442
family:0.4355
nocturnal:0.4215
series:0.42125
witches:0.421
quirky:0.4185
stupid:0.41025
mentor:0.404
crappy sequel:0.40375
surveillance:0.403
not funny:0.40275
shallow:0.4025
scifi:0.398
silly:0.396
dialogue:0.39225
destiny:0.3895
bad acting:0.38325
special effects:0.381
lame:0.3785
stupid as hell:0.3785
weapons:0.3755
fantasy:0.3725
story:0.371
death:0.3665
police investigation:0.3665
campy:0.36025
cult classic:0.357
catastrophe:0.35675
adaptation:0.354
melancholic:0.354
disaster:0.3535
plot holes:0.35325
stupidity:0.35275
storytelling:0.34
greed:0.33875
bad:0.335
bizarre:0.33475
nudity (full frontal - notable):0.33475
redemption:0.3265
boring:0.326
fight scenes:0.32425
pornography:0.3215
entirely dialogue:0.32075
demons:0.319
grindhouse:0.3165
slapstick:0.31125
writers:0.31
fun movie:0.30725
sequel:0.305
surreal:0.30175
dreamlike:0.29
vengeance:0.28225
runaway:0.2805
violent:0.27975
sexualized violence:0.2795
intense:0.27675
sacrifice:0.2765
imdb top 250:0.2765
idiotic:0.27575
