africa:0.987
based on a true story:0.974
true story:0.96175
based on true story:0.9525
biographical:0.9425
courage:0.83775
animals:0.83725
inspiring:0.77175
dramatic:0.7705
oscar (best actress):0.7555
life & death:0.7435
animal movie:0.73825
original:0.72275
touching:0.689
obsession:0.6885
story:0.68575
drama:0.674
life:0.66625
very interesting:0.636
mentor:0.63
survival:0.616
passionate:0.60875
good:0.60575
great:0.60325
tragedy:0.5925
girlie movie:0.58925
inspirational:0.58925
destiny:0.58325
excellent script:0.583
oscar (best supporting actress):0.5825
culture clash:0.57225
environment:0.57075
biography:0.56875
childhood:0.5485
moral ambiguity:0.54575
interesting:0.54275
sad:0.542
unlikely friendships:0.52725
great ending:0.524
social commentary:0.52225
oscar (best directing):0.5165
science:0.5165
hunting:0.51625
friendship:0.5125
jungle:0.509
humanity:0.50525
cinematography:0.49925
catastrophe:0.49675
great movie:0.4905
oscar:0.4855
brutality:0.4845
based on book:0.475
breathtaking:0.47175
corruption:0.47025
character study:0.465
environmental:0.465
first contact:0.46375
justice:0.46325
runaway:0.4605
transformation:0.4595
heartbreaking:0.45875
doctors:0.455
emotional:0.44975
heartwarming:0.43925
good soundtrack:0.43775
eccentricity:0.435
pg-13:0.433
dreams:0.4285
suprisingly clever:0.4255
thought-provoking:0.42425
educational:0.423
bittersweet:0.41975
beautiful scenery:0.41875
greed:0.409
visually stunning:0.40675
life philosophy:0.40425
feel-good:0.40375
creativity:0.3985
loneliness:0.398
stunning:0.39775
redemption:0.3935
storytelling:0.393
honest:0.38975
weird:0.38675
love story:0.3835
melancholic:0.3815
70mm:0.37925
based on a book:0.375
love:0.37325
beautifully filmed:0.373
beautiful:0.37225
pornography:0.37
earnest:0.3685
adapted from:book:0.3655
women:0.36225
politics:0.3595
race:0.3595
indians:0.358
insanity:0.351
fighting the system:0.35
