oscar (best foreign language film):0.99425
innocence lost:0.968
rome:0.95
foreign:0.9295
oscar (best actress):0.8905
wartime:0.87625
fascism:0.87225
dramatic:0.816
criterion:0.7845
intimate:0.7675
oscar (best directing):0.75725
realistic:0.728
downbeat:0.72575
poignant:0.72375
bombs:0.71225
bleak:0.7115
italian:0.71075
culture clash:0.7055
exceptional acting:0.7015
idealism:0.69825
world war ii:0.6905
golden palm:0.68875
reflective:0.68325
tragedy:0.67775
spanish:0.67625
runaway:0.65275
women:0.64175
war:0.6395
italy:0.639
oscar:0.63275
sexy:0.62025
oscar (best supporting actress):0.615
imdb top 250:0.61175
heartbreaking:0.6075
german:0.60675
wwii:0.6055
forceful:0.60325
civil war:0.60025
affectionate:0.5945
great:0.59325
ethnic conflict:0.58575
drama:0.57975
original:0.5785
beautiful scenery:0.57175
harsh:0.56075
oscar (best cinematography):0.55925
emotional:0.55725
stunning:0.549
atmospheric:0.54225
movielens top pick:0.528
childhood:0.527
world war i:0.52425
beautifully filmed:0.5185
passionate:0.5105
compassionate:0.51
history:0.5065
social commentary:0.503
based on a play:0.49075
communism:0.48875
black and white:0.485
breathtaking:0.48375
grim:0.4805
politics:0.47625
political:0.47575
talky:0.4735
war movie:0.4715
cinematography:0.4695
family drama:0.463
great acting:0.4625
mentor:0.4605
nudity (full frontal - brief):0.44075
melancholy:0.436
good music:0.43425
secrets:0.42075
life philosophy:0.41425
revolution:0.41225
good:0.408
betrayal:0.40325
suprisingly clever:0.403
police investigation:0.40075
sacrifice:0.39825
earnest:0.39375
good acting:0.3915
male nudity:0.38775
rape:0.3825
pornography:0.3815
best war films:0.3805
powerful ending:0.378
great ending:0.375
gritty:0.373
masterpiece:0.36875
melancholic:0.367
courage:0.365
bittersweet:0.35675
segregation:0.3525
cynical:0.35175
world politics:0.35125
catastrophe:0.3505
glbt:0.34725
prejudice:0.347
