oscar (best foreign language film):0.99775
criterion:0.97375
world war ii:0.9695
wartime:0.951
train:0.926
sexual:0.92025
downbeat:0.8925
allegory:0.89025
germany:0.88925
black and white:0.88675
trains:0.881
melancholic:0.87175
coming-of-age:0.869
foreign:0.863
golden palm:0.8495
german:0.84275
nazis:0.8405
runaway:0.84
intimate:0.8335
coming of age:0.814
irreverent:0.7835
wwii:0.77975
censorship:0.769
talky:0.754
melancholy:0.7225
reflective:0.7225
beautifully filmed:0.71
childhood:0.69875
oscar (best actress):0.69075
imdb top 250:0.67675
cinematography:0.676
grim:0.66
nazi:0.65525
enigmatic:0.65025
original:0.64525
bleak:0.64525
meditative:0.62875
breathtaking:0.62625
erotic:0.62475
harsh:0.624
pornography:0.60675
masterpiece:0.59175
quirky:0.57525
dreamlike:0.5655
suprisingly clever:0.56525
gunfight:0.55825
culture clash:0.55775
satirical:0.55675
art:0.54975
political:0.544
loneliness:0.5435
existentialism:0.5415
sexuality:0.54075
cerebral:0.53875
forceful:0.536
tragedy:0.53525
relationships:0.5345
affectionate:0.53425
social commentary:0.527
bittersweet:0.526
obsession:0.52525
humorous:0.516
weird:0.4865
destiny:0.477
sexy:0.4735
small town:0.459
mentor:0.451
nocturnal:0.44575
drama:0.444
based on a book:0.443
friendship:0.43875
stylized:0.438
nudity (full frontal - notable):0.4345
absurd:0.4325
sacrifice:0.42575
visually appealing:0.42375
fascism:0.42175
movielens top pick:0.4205
atmospheric:0.42
poignant:0.417
idealism:0.41075
catastrophe:0.4105
narrated:0.4075
good soundtrack:0.40525
oscar (best supporting actress):0.403
great acting:0.3975
unusual plot structure:0.3965
great ending:0.3915
ironic:0.39
crime gone awry:0.38725
light:0.3845
surreal:0.383
tokyo:0.38275
noir:0.379
oscar (best directing):0.3785
japan:0.373
suicide:0.37175
gangsters:0.3675
dramatic:0.3645
brutality:0.363
