sci-fi:0.99575
scifi:0.98325
science fiction:0.9815
sci fi:0.97775
tense:0.93625
special effects:0.9275
classic:0.909
1950s:0.90525
allegory:0.89275
cerebral:0.85825
mars:0.85125
original:0.83725
great ending:0.83225
imdb top 250:0.82375
spiders:0.82
life & death:0.80525
imagination:0.8045
visually appealing:0.8005
future:0.7965
suspense:0.789
suspenseful:0.778
effects:0.76125
first contact:0.756
storytelling:0.7555
story:0.748
visual:0.73925
philosophical:0.73925
downbeat:0.73475
based on a book:0.732
existentialism:0.72925
space:0.71425
paranoid:0.7075
criterion:0.7065
masterpiece:0.70075
survival:0.69025
enigmatic:0.6825
weapons:0.67625
childhood:0.6735
chase:0.6665
adventure:0.6565
loneliness:0.65325
weird:0.6395
creepy:0.63925
futuristic:0.63725
doctors:0.63575
clever:0.6295
cult classic:0.62775
visually stunning:0.621
dystopic future:0.60625
great:0.6045
transformation:0.60125
melancholic:0.59725
greed:0.59625
technology:0.59425
tragedy:0.5915
unusual plot structure:0.586
black and white:0.58525
stunning:0.57925
melancholy:0.57175
great movie:0.5715
suprisingly clever:0.5695
cinematography:0.5635
monster:0.5635
psychology:0.554
creativity:0.5525
science:0.54975
narrated:0.5445
talky:0.54075
catastrophe:0.53675
psychological:0.53575
interesting:0.53525
solitude:0.5325
oscar (best supporting actress):0.53225
strange:0.52875
very interesting:0.5275
beautiful scenery:0.52425
atmospheric:0.5225
mad scientist:0.52125
alien:0.51825
excellent script:0.514
dialogue:0.50325
fun movie:0.5025
android(s)/cyborg(s):0.5025
cloning:0.49075
dystopia:0.48675
low budget:0.48475
oscar (best directing):0.4825
clones:0.4795
aliens:0.477
grim:0.47675
alone in the world:0.476
thought-provoking:0.4745
complex:0.47275
fighting the system:0.466
ominous:0.4635
redemption:0.4625
exceptional acting:0.46125
mindfuck:0.4605
breathtaking:0.4585
great acting:0.4575
