feel-good:0.81075
romantic comedy:0.7575
fun movie:0.7575
destiny:0.74775
original:0.7255
good:0.7195
love story:0.71825
romance:0.715
romantic:0.70125
feel good movie:0.691
sentimental:0.6885
sweet:0.6655
sappy:0.63075
corny:0.621
entertaining:0.5925
predictable:0.58225
silly:0.57825
catastrophe:0.577
fun:0.5625
suprisingly clever:0.55225
chase:0.545
fantasy:0.53425
life philosophy:0.5295
great ending:0.52225
happy ending:0.52175
quirky:0.4975
good soundtrack:0.48775
girlie movie:0.481
mentor:0.46875
drama:0.465
natural disaster:0.456
big budget:0.45475
touching:0.45325
dog:0.452
great:0.446
first contact:0.44375
light:0.44275
beautiful scenery:0.43875
life & death:0.42675
storytelling:0.4135
very good:0.4125
supernatural:0.40925
comedy:0.40925
clever:0.39125
multiple storylines:0.38925
dialogue:0.38825
dancing:0.383
redemption:0.38275
family:0.37775
pg-13:0.37775
story:0.3735
gangsters:0.3705
goofy:0.36875
talky:0.36075
heartwarming:0.357
road trip:0.35475
simple:0.35475
so bad it's funny:0.35
god:0.34925
brutality:0.3465
nudity (full frontal - brief):0.34125
great movie:0.335
honest:0.33375
weird:0.32475
love:0.3245
good dialogue:0.32425
good romantic comedies:0.32225
humanity:0.3165
road movie:0.316
ensemble cast:0.306
death:0.3055
silly fun:0.30475
culture clash:0.29975
drinking:0.2995
very funny:0.29575
special effects:0.29525
plot:0.29375
bad:0.291
women:0.291
conspiracy theory:0.2905
excellent script:0.28825
chick flick:0.287
solitude:0.285
adaptation:0.284
writers:0.27825
underrated:0.27825
intellectual:0.27775
scenic:0.275
nudity (topless - notable):0.27475
irish accent:0.274
cult film:0.273
cool:0.27175
shallow:0.27125
action packed:0.2705
adventure:0.2705
unlikely friendships:0.27025
disaster:0.2695
excellent:0.269
tear jerker:0.267
bad plot:0.26675
