sequels:0.97975
good sequel:0.97125
sequel:0.96
goofy:0.851
original:0.84425
fun movie:0.825
silly fun:0.78275
crappy sequel:0.70325
genetics:0.662
mad scientist:0.65875
monster:0.65425
new york city:0.6315
spoof:0.627
franchise:0.62375
satirical:0.6155
monsters:0.5835
comedy:0.57325
special effects:0.5255
silly:0.52425
mutants:0.51825
new york:0.518
horror:0.505
spiders:0.49825
parody:0.49325
fun:0.47475
slapstick:0.46775
mentor:0.46525
70mm:0.45875
so bad it's funny:0.45675
great:0.453
humorous:0.4405
transformation:0.437
great ending:0.43525
campy:0.431
entertaining:0.4165
predictable:0.414
hilarious:0.40125
catastrophe:0.3955
weird:0.39175
satire:0.385
futuristic:0.384
gunfight:0.381
dialogue:0.3735
new jersey:0.369
family:0.35725
time:0.35675
scary:0.3565
lone hero:0.35575
good:0.352
small town:0.3515
very funny:0.34925
violence:0.34925
brutality:0.349
story:0.34525
suprisingly clever:0.3405
lame:0.33775
chase:0.33775
destiny:0.33425
disaster:0.3325
death:0.33225
dynamic cgi action:0.33225
weapons:0.32375
stupid as hell:0.322
runaway:0.32175
quirky:0.31925
first contact:0.31375
clever:0.31225
irreverent:0.30725
light:0.3065
overrated:0.303
nudity (full frontal - brief):0.30225
storytelling:0.3
demons:0.29975
80s:0.29625
not funny:0.29575
melancholic:0.2955
life philosophy:0.29475
pointless:0.2925
pg-13:0.29225
action:0.29125
unfunny:0.291
adaptation:0.291
original plot:0.285
alter ego:0.28275
drinking:0.2815
grindhouse:0.28125
imdb top 250:0.28025
culture clash:0.28
cult classic:0.27625
cult film:0.2735
adventure:0.2715
fight scenes:0.2695
revenge:0.26925
fantasy world:0.26425
underrated:0.26125
stylized:0.261
creativity:0.259
effects:0.25875
vengeance:0.258
splatter:0.258
