comedy:0.9755
hit men:0.962
funny:0.9015
mob:0.86725
assassin:0.82325
good:0.8105
nudity (topless - notable):0.79875
hilarious:0.774
very funny:0.75725
pg-13:0.71375
original:0.70625
great:0.706
mafia:0.685
plot twist:0.64425
great movie:0.64325
chase:0.63825
clever:0.62625
twists & turns:0.62325
fun movie:0.62275
betrayal:0.615
caper:0.60275
humorous:0.60225
gangsters:0.58325
entertaining:0.5745
sexy:0.56725
farce:0.567
mentor:0.564
very good:0.5575
goofy:0.556
happy ending:0.55275
undercover cop:0.54825
murder:0.5465
dialogue:0.54525
light:0.5435
funniest movies:0.539
crime:0.53425
story:0.528
plot:0.5195
catastrophe:0.51425
predictable:0.51
better than expected:0.50675
hitman:0.504
unfunny:0.491
silly:0.48825
great ending:0.488
good acting:0.4875
foul language:0.484
action:0.472
fun:0.46075
canada:0.46
slapstick:0.45625
cool:0.45325
humor:0.4495
violence:0.44375
destiny:0.443
suprisingly clever:0.43425
fast paced:0.43075
suspense:0.43
excellent:0.424
vengeance:0.4235
good soundtrack:0.42075
revenge:0.41825
corruption:0.41775
crude humor:0.41
redemption:0.40575
divorce:0.40525
funny as hell:0.40075
dramatic:0.4005
complex:0.40025
brutality:0.39725
culture clash:0.3865
alter ego:0.38475
buddy movie:0.384
black comedy:0.38225
comic:0.3765
secrets:0.376
visually stunning:0.37575
storytelling:0.37475
unlikely friendships:0.373
underrated:0.37225
dumb:0.36775
stylized:0.3615
life philosophy:0.361
runaway:0.35625
organized crime:0.35275
screwball comedy:0.352
fight scenes:0.3495
quirky:0.3485
big budget:0.34775
silly fun:0.34725
interesting:0.342
conspiracy:0.33625
very interesting:0.33475
weird:0.333
gangster:0.331
adaptation:0.32975
quotable:0.32875
thriller:0.32625
visual:0.32425
first contact:0.31825
