tense:0.99625
tom clancy:0.9955
submarine:0.994
weapons:0.941
nuclear:0.935
nuclear war:0.93275
claustrophobic:0.92875
cold war:0.925
thriller:0.9065
forceful:0.9065
military:0.88175
action:0.86375
dramatic:0.85725
intense:0.85375
russian:0.84075
war:0.83625
suspense:0.81525
underwater:0.80825
conspiracy:0.80675
good action:0.79125
mentor:0.78725
great acting:0.7815
good:0.776
russia:0.774
sacrifice:0.7725
drama:0.76175
catastrophe:0.75925
good acting:0.72825
suspenseful:0.71775
best war films:0.6885
plot:0.68225
big budget:0.67525
courage:0.66925
chase:0.64075
dialogue:0.63775
original:0.632
betrayal:0.63075
manipulation:0.628
oscar winner:0.628
runaway:0.6275
survival:0.6255
corruption:0.625
excellent:0.6135
complex:0.607
realistic:0.603
technology:0.5995
action packed:0.59375
thought-provoking:0.593
end of the world:0.5825
spying:0.5795
secrets:0.5715
fast paced:0.56975
factual:0.56925
great ending:0.5665
twists & turns:0.56325
boat:0.561
political:0.5515
interesting:0.54225
confrontational:0.54225
wartime:0.537
story:0.53425
natural disaster:0.53325
politics:0.5275
culture clash:0.522
genocide:0.516
oscar (best directing):0.50625
historical:0.49675
great:0.4965
greed:0.4935
cerebral:0.4925
surveillance:0.49175
exciting:0.4895
gulf war:0.48475
pg-13:0.482
rebellion:0.4765
morality:0.468
prejudice:0.468
good versus evil:0.467
justice:0.4655
spy:0.4625
lone hero:0.45725
radio:0.45525
visceral:0.4535
war movie:0.452
exceptional acting:0.44025
harsh:0.43975
earnest:0.438
beautiful scenery:0.4355
nuclear bomb:0.43525
destiny:0.42875
happy ending:0.4275
entertaining:0.423
oscar:0.4215
entirely dialogue:0.415
vengeance:0.413
good dialogue:0.4125
revenge:0.41225
assassination:0.4115
islam:0.41125
first contact:0.40975
