horror:0.953
death:0.828
small town:0.8015
survival:0.79725
creepy:0.795
original:0.78725
weird:0.7405
natural disaster:0.729
zombie:0.72
low budget:0.6915
serial killer:0.69025
fake documentary:0.688
good soundtrack:0.6865
doctors:0.64725
virus:0.63775
suspenseful:0.6335
narrated:0.63225
hospital:0.6305
surveillance:0.62625
pornography:0.6245
catastrophe:0.62425
mockumentary:0.59975
disturbing:0.597
scary:0.58175
cult film:0.55925
social commentary:0.559
suspense:0.558
apocalypse:0.5565
internet:0.5395
so bad it's funny:0.53875
greed:0.5345
goofy:0.52775
based on true story:0.52125
disaster:0.514
blood:0.50775
grindhouse:0.503
melancholic:0.499
dysfunctional family:0.495
criterion:0.488
great ending:0.476
dialogue:0.47025
gory:0.47
intense:0.46775
isolation:0.45675
not funny:0.4565
bad ending:0.4525
pointless:0.44725
based on a true story:0.4445
science:0.444
story:0.443
predictable:0.44275
life philosophy:0.44025
independent film:0.426
wilderness:0.425
storytelling:0.42475
unusual plot structure:0.42275
vengeance:0.4225
adaptation:0.41825
supernatural:0.4165
gore:0.4135
ghosts:0.4125
visually appealing:0.40625
twist:0.40475
claustrophobic:0.404
psychology:0.4005
atmospheric:0.39775
shallow:0.39425
thought-provoking:0.388
enigmatic:0.37925
mentor:0.37825
cinematography:0.3725
absurd:0.37075
loneliness:0.3675
insanity:0.3625
frightening:0.3585
haunted house:0.35775
road movie:0.35725
documentary:0.35675
eerie:0.356
splatter:0.35375
interesting:0.35225
stupidity:0.34825
good:0.348
solitude:0.3435
family:0.3435
gruesome:0.3415
biting:0.3415
adapted from:book:0.34
clever:0.33625
tense:0.33575
cult classic:0.335
stoner movie:0.33475
realistic:0.3345
witches:0.332
psychological:0.3285
first contact:0.32775
quirky:0.32775
life & death:0.322
police investigation:0.3185
visceral:0.3175
