superhero:0.994
super hero:0.9905
superheroes:0.9775
super-hero:0.96575
silly fun:0.87125
pg-13:0.86275
comedy:0.79125
predictable:0.7405
alter ego:0.70575
original:0.70375
special effects:0.69875
romantic comedy:0.657
lame:0.6095
silly:0.604
girlie movie:0.60275
comics:0.589
shallow:0.5885
sexy:0.58475
funny:0.581
stupid:0.58075
horrible:0.5645
mentor:0.563
teen movie:0.5615
crude humor:0.55975
better than expected:0.553
big budget:0.551
goofy:0.54875
great ending:0.538
bad plot:0.536
workplace:0.521
so bad it's funny:0.51725
fight scenes:0.461
fun movie:0.45225
romance:0.445
adapted from:comic:0.44225
bad cgi:0.4335
dumb but funny:0.433
catastrophe:0.42975
stereotypes:0.42225
chick flick:0.4205
stupid as hell:0.417
very funny:0.41625
franchise:0.41375
revenge:0.4075
fantasy:0.40375
happy ending:0.3905
fun:0.3885
action packed:0.3885
dynamic cgi action:0.384
romantic:0.382
slapstick:0.3735
great:0.368
fantasy world:0.36625
dialogue:0.36275
family:0.36275
quirky:0.361
parody:0.352
disaster:0.3495
teens:0.34675
good:0.346
story:0.3435
action:0.3425
natural disaster:0.3415
destiny:0.3405
stupidity:0.339
idiotic:0.33825
brutality:0.33075
pornography:0.3305
pointless:0.32975
humorous:0.32875
storytelling:0.32
unfunny:0.318
satirical:0.31575
adaptation:0.3155
identity:0.315
overrated:0.31175
life philosophy:0.308
first contact:0.3055
chase:0.298
bad:0.29675
good action:0.2925
new york city:0.2915
screwball:0.29125
runaway:0.2905
spoof:0.287
cheesy:0.282
ridiculous:0.2815
nudity (full frontal - brief):0.2795
original plot:0.27775
dumb:0.2715
spying:0.27125
justice:0.27075
weapons:0.2695
teen:0.266
comic book:0.26475
writers:0.2635
high school:0.2635
awful:0.26175
good soundtrack:0.2595
redemption:0.25925
