single father:0.967
cinematography:0.89525
runaway:0.8845
meditative:0.85325
story:0.84825
original:0.8275
enigmatic:0.8155
violence:0.8155
weird:0.80775
storytelling:0.79725
loneliness:0.78375
harsh:0.77225
criterion:0.75425
surreal:0.74625
stylized:0.73175
tense:0.7195
brothers:0.7155
chase:0.70475
brutality:0.703
slow paced:0.69925
great ending:0.69275
melancholic:0.688
lyrical:0.68325
complex:0.66725
childhood:0.644
greed:0.643
golden palm:0.63675
family drama:0.63475
violent:0.624
dialogue:0.6235
dark:0.623
mentor:0.616
disturbing:0.61175
crime:0.60525
great cinematography:0.585
bleak:0.58275
kids and family:0.57975
pornography:0.579
tragedy:0.576
revenge:0.57375
melancholy:0.56525
vengeance:0.5595
talky:0.55825
thriller:0.54325
culture clash:0.5375
art house:0.5355
coming of age:0.53375
visceral:0.5335
adapted from:book:0.53275
coming-of-age:0.528
quirky:0.52575
macabre:0.52075
dreamlike:0.518
photography:0.5175
murder:0.5045
allegory:0.50075
atmospheric:0.49925
isolation:0.498
intense:0.49775
unusual plot structure:0.49625
death:0.4955
betrayal:0.49525
downbeat:0.4785
strange:0.47575
classic car:0.4695
suspense:0.46925
slow:0.468
depressing:0.46625
secrets:0.465
drinking:0.4585
character study:0.45725
reflective:0.45675
visually appealing:0.455
adolescence:0.4535
very interesting:0.4515
dysfunctional family:0.45075
interesting:0.45
intimate:0.44825
guilt:0.44775
imagination:0.44575
police investigation:0.44375
good soundtrack:0.44225
suprisingly clever:0.4365
bad ending:0.4355
narrated:0.4345
gangsters:0.4345
cult classic:0.43075
redemption:0.4295
social commentary:0.426
eccentricity:0.42325
amazing photography:0.42125
moral ambiguity:0.4185
absurd:0.41825
based on a book:0.41775
grindhouse:0.41725
fantasy world:0.41325
bullying:0.40825
drama:0.40725
hospital:0.3995
existentialism:0.39675
