amazing photography:0.98
good soundtrack:0.94925
documentary:0.9455
california:0.94325
narrated:0.9225
sports:0.905
surfing:0.88575
rock and roll:0.85825
original:0.85375
very interesting:0.83575
history:0.79
mentor:0.76025
interesting:0.734
pornography:0.693
cool:0.69175
cult classic:0.69175
1970s:0.6775
nostalgic:0.6695
runaway:0.6515
new jersey:0.629
hip hop:0.623
stylized:0.61075
great:0.60725
childhood:0.60025
social commentary:0.5815
journalism:0.57725
drugs:0.57275
great movie:0.57
hawaii:0.55675
talky:0.542
fun movie:0.5375
rebellion:0.534
gangs:0.53
artistic:0.52825
great ending:0.52725
adolescence:0.5245
criterion:0.523
great soundtrack:0.51075
awesome soundtrack:0.50925
enigmatic:0.5005
highly quotable:0.496
intense:0.49525
us history:0.48975
weird:0.48
good:0.4785
visually stunning:0.47175
visceral:0.4685
competition:0.4675
life philosophy:0.459
catastrophe:0.45875
very good:0.454
kids:0.4515
entertaining:0.451
corruption:0.4485
obsession:0.447
pg-13:0.4465
fun:0.4455
visually appealing:0.4455
storytelling:0.4425
classic car:0.4425
brutality:0.4395
weed:0.4385
greed:0.43775
dialogue:0.43625
male nudity:0.436
teen:0.42425
story:0.41825
friendship:0.4155
twists & turns:0.4145
honest:0.41375
cinematography:0.413
imdb top 250:0.41125
clever:0.41075
suprisingly clever:0.409
sexualized violence:0.4075
culture clash:0.407
harsh:0.40325
suspense:0.40075
violent:0.4005
sexy:0.39875
drama:0.39525
cult film:0.39325
drinking:0.3915
life & death:0.38975
unlikely friendships:0.3895
80s:0.3865
cult:0.3845
creativity:0.38425
spelling bee:0.38375
educational:0.3835
chase:0.3755
heartbreaking:0.37375
teenager:0.3715
love:0.37125
internet:0.3705
melancholic:0.3665
nudity (full frontal - notable):0.365
photography:0.36475
teen movie:0.3645
black and white:0.363
