sword fight:0.98525
japan:0.98275
samurai:0.98
sword fighting:0.96325
violence:0.95525
bloody:0.93675
violent:0.93225
fight scenes:0.91375
masterpiece:0.89825
original:0.8955
action:0.8915
intense:0.887
vengeance:0.879
brutality:0.8775
martial arts:0.84775
assassination:0.83975
gory:0.8355
storytelling:0.83525
visceral:0.8345
cinematography:0.828
imdb top 250:0.807
criterion:0.80275
fighting:0.80125
stylized:0.79775
brutal:0.79225
sacrifice:0.792
talky:0.77325
tokyo:0.754
japanese:0.74475
dialogue:0.74425
blood:0.743
assassin:0.73375
visual:0.72525
cult film:0.71975
epic:0.7195
weapons:0.71525
assassins:0.7145
stunning:0.68175
social commentary:0.6815
visually appealing:0.6765
story:0.67575
good soundtrack:0.67525
breathtaking:0.66975
justice:0.65425
plot:0.654
colourful:0.65
dark hero:0.642
good action:0.6415
forceful:0.63875
visually stunning:0.63625
realistic:0.6335
stylish:0.628
mentor:0.6245
tense:0.62325
corruption:0.6205
death:0.61175
revenge:0.60975
oscar (best directing):0.60875
unusual plot structure:0.608
sexualized violence:0.606
culture clash:0.598
dark:0.5945
ninja:0.58925
kurosawa:0.5885
destiny:0.5885
interesting:0.5865
period piece:0.5845
highly quotable:0.5825
betrayal:0.58225
amazing photography:0.574
drama:0.57125
trilogy:0.55675
weird:0.5555
harsh:0.55
insanity:0.54575
cult classic:0.544
great ending:0.54225
suspense:0.54125
absurd:0.541
grim:0.541
oscar (best effects - visual effects):0.53475
golden palm:0.534
great acting:0.532
mythology:0.5305
grindhouse:0.52875
action packed:0.5285
bleak:0.5285
complex:0.52575
original plot:0.52375
great movie:0.521
scenic:0.51575
awesome soundtrack:0.51475
disturbing:0.5145
great:0.5125
enigmatic:0.50775
good versus evil:0.49825
good:0.49675
war:0.4955
courage:0.49525
allegory:0.492
