comedy:0.81425
silly:0.811
silly fun:0.80675
psychiatry:0.71525
saturday night live:0.704
original:0.68375
psychiatrist:0.639
goofy:0.629
radio:0.6255
parody:0.60925
satirical:0.6005
slapstick:0.5945
chase:0.56475
doctors:0.54775
hospital:0.5445
80s:0.531
underrated:0.49
happy ending:0.488
great:0.474
homeless:0.47
predictable:0.46375
mentor:0.46025
unfunny:0.45875
great ending:0.45725
catastrophe:0.44275
dialogue:0.4325
very funny:0.40175
bad plot:0.394
first contact:0.389
brutality:0.38625
spoof:0.36425
fantasy world:0.35175
natural disaster:0.346
hilarious:0.34325
hillarious:0.34175
vengeance:0.334
life philosophy:0.328
satire:0.32675
so bad it's funny:0.325
dumb but funny:0.31575
adventure:0.31075
good:0.3055
los angeles:0.305
lone hero:0.304
storytelling:0.2955
big budget:0.2945
comic:0.28775
overrated:0.283
fun movie:0.2825
fight scenes:0.28225
transformation:0.27975
melancholic:0.275
comics:0.273
unusual plot structure:0.273
entirely dialogue:0.26575
great movie:0.26475
funny:0.264
grindhouse:0.25675
mad scientist:0.254
1980s:0.25275
redemption:0.2475
good soundtrack:0.247
runaway:0.24625
pg-13:0.2435
pulp:0.2435
fun:0.24325
insanity:0.24175
crappy sequel:0.24125
destiny:0.2395
adaptation:0.23925
spying:0.23825
cult film:0.2375
culture clash:0.23625
family:0.23175
nudity (topless - notable):0.23175
disaster:0.22725
crude humor:0.22625
not funny:0.22425
irreverent:0.223
bad ending:0.22275
story:0.22275
quirky:0.21675
classic car:0.2165
special effects:0.2155
lawyer:0.2145
franchise:0.2135
existentialism:0.212
spies:0.2115
new jersey:0.21125
sci fi:0.2105
high fantasy:0.20825
childhood:0.208
weapons:0.20675
superheroes:0.2045
farce:0.2045
visually appealing:0.19975
suprisingly clever:0.196
pornography:0.19525
cult classic:0.19525
justice:0.19475
