teen movie:0.99025
girlie movie:0.9715
teen:0.95675
women:0.9435
romantic comedy:0.903
teens:0.88975
virginity:0.876
islam:0.85
stereotypes:0.84475
pg-13:0.84325
original:0.7645
runaway:0.72475
sexy:0.722
chick flick:0.719
coming of age:0.7015
teenager:0.6885
shallow:0.68475
geek:0.6845
adolescence:0.683
sex comedy:0.66825
romantic:0.66775
good soundtrack:0.665
nudity (topless):0.6625
pornography:0.6515
coming-of-age:0.64875
dialogue:0.645
high school:0.62425
geeks:0.61575
happy ending:0.609
teenagers:0.6025
queer:0.599
awesome soundtrack:0.591
internet:0.58825
comedy:0.581
predictable:0.5695
good:0.53875
college:0.53425
excellent script:0.53275
great ending:0.532
dumb:0.5315
shopping:0.52125
destiny:0.51125
nerds:0.50925
mentor:0.50575
relationships:0.505
cross dressing:0.47675
great:0.45525
storytelling:0.446
catastrophe:0.44525
lame:0.4415
talky:0.4385
friendship:0.4355
cute:0.4285
nudity (topless - notable):0.42525
slackers:0.42475
notable nudity:0.4245
dynamic cgi action:0.4225
fantasy world:0.42225
fun:0.4195
alter ego:0.4135
narrated:0.41225
story:0.411
culture clash:0.4095
horrible:0.40625
life philosophy:0.40575
road trip:0.401
nudity:0.395
adaptation:0.39375
cool:0.39225
police investigation:0.39175
so bad it's funny:0.38825
fight scenes:0.3845
very funny:0.38025
silly:0.3795
cheerleading:0.37875
first contact:0.3735
good romantic comedies:0.373
sweet:0.373
sex:0.373
complex:0.37
identity:0.37
school:0.36975
unlikely friendships:0.3665
stupid as hell:0.36425
bad plot:0.36175
lesbian:0.3615
stupid:0.361
cerebral:0.36075
feel-good:0.36025
crude humor:0.3575
idiotic:0.35725
brutality:0.35625
intellectual:0.3555
light:0.353
lone hero:0.3515
good dialogue:0.346
good action:0.34525
entirely dialogue:0.3425
sexualized violence:0.342
chase:0.33825
