space:0.992
space opera:0.99
science fiction:0.98725
franchise:0.98525
sci-fi:0.985
star trek:0.98125
scifi:0.9655
first contact:0.96
series:0.9565
sci fi:0.94575
aliens:0.92725
time travel:0.92525
futuristic:0.92175
future:0.90625
special effects:0.88625
action:0.87825
cyborgs:0.86825
space travel:0.8535
original:0.818
alien:0.8095
good action:0.804
based on a tv show:0.78225
technology:0.77425
great ending:0.773
adventure:0.754
big budget:0.75225
action packed:0.74875
sacrifice:0.728
intense:0.72125
cerebral:0.72025
good:0.7165
scifi cult:0.69775
great movie:0.69625
great:0.69525
sequel:0.69125
story:0.685
dialogue:0.67975
70mm:0.67475
exciting:0.65225
earnest:0.649
visual:0.648
mentor:0.648
alternate universe:0.64175
plot holes:0.64125
excellent:0.63475
oscar (best directing):0.62875
cool:0.62875
oscar (best effects - visual effects):0.62725
plot:0.62475
complex:0.6105
original plot:0.6055
chase:0.6015
destiny:0.58875
fight scenes:0.5765
saturn award (best special effects):0.5745
vengeance:0.57125
fast paced:0.57125
dynamic cgi action:0.569
transformation:0.56775
storytelling:0.565
redemption:0.56475
fighting:0.56225
catastrophe:0.5535
effects:0.54325
utopia:0.5405
androids:0.533
weapons:0.5325
awesome soundtrack:0.515
quotable:0.5075
light:0.506
highly quotable:0.5035
imdb top 250:0.50125
visually stunning:0.49925
life philosophy:0.4945
spock:0.4935
science:0.4895
revenge:0.487
family drama:0.4835
humanity:0.47625
pg-13:0.459
cloning:0.45625
epic:0.45275
very good:0.451
reflective:0.4485
dramatic:0.44575
oscar winner:0.444
humorous:0.44275
creativity:0.44225
life & death:0.442
tense:0.439
existentialism:0.43775
interesting:0.43175
secrets:0.42725
drama:0.42325
fun movie:0.40975
robots:0.4085
suspense:0.40825
trilogy:0.404
mythology:0.39875
great acting:0.39875
