conspiracy:0.96225
obsession:0.94925
paranoia:0.938
stylish:0.9275
suspenseful:0.92725
police investigation:0.917
thriller:0.9085
suspense:0.90475
criterion:0.9045
twists & turns:0.888
murder:0.882
assassination:0.87725
tense:0.849
hitchcock:0.835
assassin:0.829
original:0.8275
mystery:0.81525
talky:0.8015
surveillance:0.7725
enigmatic:0.7725
great ending:0.76325
chase:0.7435
murder mystery:0.738
creepy:0.72275
secrets:0.7185
psychological:0.718
complex:0.71575
serial killer:0.7115
runaway:0.708
twist:0.698
twist ending:0.69675
macabre:0.691
investigation:0.68675
dark:0.681
paranoid:0.67925
clever:0.679
interesting:0.6565
greed:0.633
gunfight:0.63125
weird:0.6285
dialogue:0.627
voyeurism:0.62175
violent:0.611
cinematography:0.607
intense:0.60675
highly quotable:0.6025
ominous:0.59975
storytelling:0.59475
corruption:0.593
undercover cop:0.59175
conspiracy theory:0.574
very good:0.574
atmospheric:0.57025
manipulation:0.56975
very interesting:0.563
pornography:0.56225
golden palm:0.55825
masterpiece:0.55775
adultery:0.5565
plot twist:0.55525
disturbing:0.546
light:0.54125
story:0.5405
imdb top 250:0.53125
unusual plot structure:0.531
visual:0.521
violence:0.52075
crime:0.5205
identity:0.5155
cerebral:0.51275
suprisingly clever:0.512
underrated:0.5095
great movie:0.50625
sexy:0.50075
stylized:0.4955
moral ambiguity:0.495
noir:0.4935
psychology:0.49225
oscar (best writing - screenplay written directly for the screen):0.48825
guilt:0.4845
california:0.48425
complicated plot:0.47925
political:0.47475
cult film:0.46925
good:0.46475
brutality:0.46375
good soundtrack:0.4635
cult classic:0.45325
visceral:0.4485
downbeat:0.448
mindfuck:0.4425
hitman:0.4415
social commentary:0.4405
great:0.4355
vengeance:0.43525
cars:0.4345
complicated:0.434
nocturnal:0.43325
non-hollywood ending:0.43025
noir thriller:0.4295
