coming of age:0.98525
women:0.9495
culture clash:0.86375
stereotypes:0.86225
family:0.8535
dysfunctional family:0.82775
mother daughter relationship:0.81575
coming-of-age:0.801
family drama:0.79875
runaway:0.751
original:0.7305
pg-13:0.66075
teenager:0.6545
adolescence:0.6485
california:0.626
guilt:0.61025
secrets:0.59625
teen:0.589
good:0.56975
destiny:0.5645
sisters:0.55925
latin america:0.5555
children:0.5495
feel-good:0.5465
identity:0.545
rebellion:0.54125
chick flick:0.53525
spanish:0.52225
teen movie:0.52125
high school:0.5185
pornography:0.5155
parenthood:0.515
school:0.515
virginity:0.5035
beauty pageant:0.501
sexy:0.48725
mentor:0.48625
great ending:0.48575
good soundtrack:0.48525
touching:0.477
good acting:0.4565
relationships:0.456
feel good movie:0.452
idealism:0.451
college:0.43925
based on a play:0.439
girlie movie:0.4365
los angeles:0.427
story:0.42125
immigrants:0.41775
dialogue:0.4175
family bonds:0.41525
teenagers:0.41325
beautiful:0.413
drama:0.4125
adaptation:0.41125
independent film:0.40875
vengeance:0.3985
suprisingly clever:0.3935
catastrophe:0.39325
social commentary:0.3915
affectionate:0.389
crude humor:0.3875
prejudice:0.3825
predictable:0.38225
honest:0.381
great acting:0.3805
great:0.372
fantasy world:0.3635
chase:0.36275
teacher:0.3625
intimate:0.362
adapted from:book:0.36125
childhood:0.361
sweet:0.36075
oscar (best supporting actress):0.35525
educational:0.35475
clever:0.351
depression:0.34875
storytelling:0.34375
talky:0.34225
police investigation:0.342
bittersweet:0.33975
gay character:0.335
heartwarming:0.33425
friendship:0.3305
islam:0.32675
reflective:0.32625
exceptional acting:0.32275
unfunny:0.32275
brutality:0.3225
unlikely friendships:0.322
oscar (best actress):0.32175
teens:0.319
interesting:0.31775
very interesting:0.3165
obsession:0.31625
classic car:0.316
very funny:0.31325
foreign:0.3105
