sword fighting:0.94825
visual:0.941
cinematography:0.93425
masterpiece:0.9215
period piece:0.91875
storytelling:0.90575
beautifully filmed:0.8785
directorial debut:0.85
historical:0.82425
melancholic:0.82275
enigmatic:0.801
original:0.7935
visually appealing:0.7825
costume drama:0.773
harsh:0.77175
imdb top 250:0.76975
criterion:0.74075
tense:0.73975
sword fight:0.73575
solitude:0.7285
obsession:0.72575
photography:0.7235
story:0.6635
cerebral:0.65175
stylized:0.63825
19th century:0.6375
dramatic:0.636
stunning:0.6355
weapons:0.63425
british:0.62525
great ending:0.61875
narrated:0.61775
gunfight:0.6155
breathtaking:0.6095
talky:0.601
light:0.59875
cult classic:0.5965
dialogue:0.5895
great acting:0.587
great:0.5865
adaptation:0.5855
atmospheric:0.5835
excellent script:0.5835
reflective:0.5795
violent:0.578
visually stunning:0.577
forceful:0.5745
oscar (best directing):0.563
alien:0.552
allegory:0.55025
existentialism:0.5425
visceral:0.53275
culture clash:0.531
colourful:0.5305
social commentary:0.528
suprisingly clever:0.523
justice:0.51725
melancholy:0.51725
distopia:0.517
unusual plot structure:0.51575
absurd:0.51
amazing cinematography:0.51
grim:0.5015
insanity:0.5
adapted from:book:0.5
bleak:0.49925
beautiful scenery:0.4955
sexualized violence:0.482
pornography:0.476
underrated:0.475
sci fi:0.46825
stylish:0.4665
drama:0.465
great cinematography:0.46175
good soundtrack:0.4615
non-linear:0.45875
nudity (full frontal - notable):0.4585
fight scenes:0.45825
oscar (best cinematography):0.4575
france:0.4545
mentor:0.4545
history:0.45075
transformation:0.45
nocturnal:0.4485
downbeat:0.4435
catastrophe:0.4425
scenic:0.439
vengeance:0.435
complex:0.4345
quotable:0.43425
kubrick:0.43275
nudity (full frontal - brief):0.4325
runaway:0.42925
18th century:0.42575
based on book:0.42475
interesting:0.4245
entirely dialogue:0.42325
based on a book:0.4185
cult film:0.41425
betrayal:0.411
