relationships:0.9845
depression:0.977
dysfunctional family:0.938
drama:0.9355
adultery:0.9145
gay character:0.90975
dramatic:0.90675
melancholic:0.89375
cynical:0.88425
suicide:0.882
suicide attempt:0.87775
independent film:0.8575
heartbreaking:0.814
infidelity:0.80925
gay:0.804
tragedy:0.79075
family drama:0.78175
original:0.77375
indie:0.77
depressing:0.75425
character study:0.75375
bleak:0.7345
loneliness:0.67325
death:0.66975
deadpan:0.636
secrets:0.63
complex:0.6295
dark:0.625
emotional:0.62075
bittersweet:0.619
parenthood:0.6185
off-beat comedy:0.60225
sexual abuse:0.599
redemption:0.596
dark comedy:0.5935
downbeat:0.58925
great:0.5885
good soundtrack:0.58725
childhood:0.5865
dark humor:0.577
exceptional acting:0.5705
social commentary:0.56925
mental illness:0.56525
workplace:0.561
witty:0.55775
poignant:0.54725
honest:0.5395
great acting:0.53525
comedy:0.527
writers:0.5145
humorous:0.5085
runaway:0.5045
sexualized violence:0.502
cathartic:0.5015
based on a play:0.49975
oscar (best actress):0.4995
nudity (full frontal - notable):0.49675
pornography:0.49575
hospital:0.492
realistic:0.49175
criterion:0.491
sarcasm:0.48925
story:0.47975
good acting:0.47325
dialogue:0.472
los angeles:0.46225
great ending:0.4615
grim:0.46125
quirky:0.455
powerful ending:0.4475
nudity (topless - notable):0.4475
life philosophy:0.44075
adaptation:0.438
talky:0.43725
mentor:0.43675
family:0.43425
guilt:0.434
doctors:0.4245
catastrophe:0.41525
cinematography:0.4145
special:0.4125
california:0.412
psychology:0.41075
affectionate:0.4075
crime gone awry:0.40725
stylized:0.4055
psychological:0.402
fantasy world:0.401
light:0.39775
storytelling:0.39575
oscar (best supporting actress):0.39325
weird:0.393
great movie:0.38925
satire:0.38075
manipulation:0.38
brutality:0.37325
suspense:0.37025
feel-good:0.37025
irreverent:0.36975
oscar (best directing):0.369
