police investigation:0.98225
crime:0.936
police:0.93
police corruption:0.91375
undercover cop:0.9065
corruption:0.89875
thriller:0.878
mentor:0.8485
serial killer:0.79725
tense:0.7915
criterion:0.786
revenge:0.773
prostitution:0.77175
runaway:0.76925
forceful:0.76775
assassin:0.76675
stylish:0.7635
foreign:0.755
fast paced:0.749
assassination:0.74575
brutality:0.7455
good acting:0.74525
based on book:0.744
light:0.74275
original:0.7415
murder mystery:0.73675
suspenseful:0.73425
conspiracy:0.72825
adapted from:book:0.719
hit men:0.71125
twists & turns:0.69775
storytelling:0.69675
story:0.6805
based on a book:0.6775
idealism:0.67475
suspense:0.6735
investigation:0.6715
great movie:0.67025
justice:0.6645
chase:0.65875
gritty:0.65825
oscar (best directing):0.658
good:0.647
allegory:0.642
politics:0.64075
greed:0.63125
culture clash:0.63075
drama:0.62775
bollywood:0.62625
cinematography:0.624
action:0.622
vengeance:0.6205
excellent script:0.6135
memory loss:0.61325
pornography:0.6125
intense:0.611
murder:0.60925
hitman:0.60825
breathtaking:0.608
interesting:0.59975
torture:0.5995
detective:0.5965
spanish:0.5965
movielens top pick:0.5875
great acting:0.57325
moral ambiguity:0.56525
secrets:0.5615
adaptation:0.55525
exceptional acting:0.5495
organized crime:0.5495
talky:0.53425
fantasy world:0.52625
great:0.52475
manipulation:0.5235
amazing photography:0.5215
world politics:0.521
sexy:0.51625
stunning:0.514
aging:0.5125
nudity (full frontal - brief):0.51225
dramatic:0.50825
kidnapping:0.508
sexualized violence:0.50775
stereotypes:0.50475
oscar (best supporting actress):0.50425
good action:0.49675
earnest:0.4965
islam:0.4965
plot twist:0.4925
morality:0.4925
dialogue:0.484
catholicism:0.483
spelling bee:0.48225
compassionate:0.47575
twist:0.47325
suprisingly clever:0.473
excellent:0.47225
great ending:0.472
spain:0.47125
psychological:0.46925
