relationships:0.97825
loneliness:0.9585
los angeles:0.88775
bittersweet:0.851
melancholic:0.84375
based on a book:0.82925
love story:0.80725
romantic:0.80625
romance:0.804
pornography:0.72375
original:0.72275
intimate:0.67425
solitude:0.66875
shopping:0.6585
very interesting:0.65775
reflective:0.65325
narrated:0.6275
life philosophy:0.6235
destiny:0.62175
love:0.61875
emotional:0.60375
drama:0.6015
happy ending:0.5985
chick flick:0.57
great acting:0.56525
depression:0.564
mentor:0.563
quirky:0.56275
good soundtrack:0.557
adapted from:book:0.557
writers:0.5475
unlikely friendships:0.53875
dialogue:0.52825
honest:0.52025
shallow:0.502
pg-13:0.5005
artist:0.49975
visually appealing:0.49225
touching:0.49025
drinking:0.48975
based on book:0.47825
great ending:0.475
adaptation:0.47225
catastrophe:0.46525
nudity (rear):0.4595
pointless:0.4575
life:0.45275
love triangles:0.44175
dramatic:0.43625
nudity (topless - notable):0.436
redemption:0.432
weird:0.43
stereotypes:0.42975
wine:0.4285
story:0.4225
friendship:0.422
unlikeable characters:0.41875
complex:0.418
independent film:0.4155
realistic:0.41425
cinematography:0.41275
writing:0.408
passionate:0.40675
interesting:0.403
artistic:0.40225
entirely dialogue:0.3985
indie:0.39775
storytelling:0.396
romantic comedy:0.395
predictable:0.391
art:0.38975
heartbreaking:0.385
feel-good:0.3815
social commentary:0.37425
sweet:0.3735
nocturnal:0.3735
best of 2005:0.373
poignant:0.3715
sad:0.36575
obsession:0.36525
mental illness:0.364
oscar:0.35825
books:0.357
philosophy:0.35675
downbeat:0.3555
existentialism:0.35175
culture clash:0.35125
nudity (full frontal - notable):0.346
great:0.3455
character study:0.34
talky:0.33875
light:0.3315
sex:0.33125
fantasy world:0.33075
depressing:0.329
male nudity:0.32825
melancholy:0.327
slow paced:0.326
divorce:0.32575
very good:0.325
