horrible:0.81675
supernatural:0.7815
teen movie:0.7515
original:0.74225
predictable:0.73425
pointless:0.72875
so bad it's funny:0.71775
horror:0.69025
nudity (topless):0.67825
weird:0.6765
twist ending:0.67
sexualized violence:0.64775
goth:0.64025
teens:0.626
bad plot:0.626
alternate reality:0.617
good soundtrack:0.61025
lame:0.602
life & death:0.5855
bad ending:0.531
stupid:0.527
pg-13:0.50475
surprise ending:0.495
dreams:0.48325
awful:0.47775
great ending:0.473
stupidity:0.473
teen:0.471
bad cgi:0.463
death:0.45875
idiotic:0.4365
bad acting:0.43075
slasher:0.42975
first contact:0.42825
road movie:0.421
mentor:0.4195
twists & turns:0.41925
bad:0.4185
psychological:0.41725
nudity (topless - notable):0.41525
scary:0.4065
catastrophe:0.404
suspense:0.39225
dialogue:0.39
chase:0.39
dreamlike:0.38025
bizarre:0.379
murder:0.37675
sexy:0.375
writers:0.37475
splatter:0.3735
stupid as hell:0.372
internet:0.37125
overrated:0.3645
not funny:0.35975
nudity (full frontal - brief):0.35675
erotic:0.35175
disaster:0.351
fantasy world:0.34975
guilt:0.34775
pornography:0.347
boring:0.34575
bad script:0.34475
twist:0.34375
good:0.34275
storytelling:0.34175
cult film:0.335
afterlife:0.3325
multiple storylines:0.33075
brutality:0.32525
confusing:0.317
adaptation:0.31675
fantasy:0.31575
destiny:0.3075
boring!:0.30675
story:0.30375
plot holes:0.29975
whimsical:0.299
happy ending:0.296
entirely dialogue:0.29475
fight scenes:0.29475
life philosophy:0.292
surreal:0.2855
sci fi:0.28525
silly:0.28425
psychology:0.2765
shallow:0.275
clever:0.27075
allegory:0.26775
girlie movie:0.26625
unlikeable characters:0.266
police investigation:0.26425
existentialism:0.26175
nocturnal:0.2595
cars:0.2595
better than expected:0.2545
violence:0.2525
slapstick:0.2495
crude humor:0.24675
unfunny:0.246
