futuristic:0.91625
bad acting:0.9075
sci-fi:0.89875
sci fi:0.8935
so bad it's funny:0.88025
bad plot:0.86475
lame:0.8565
post apocalyptic:0.856
special effects:0.84875
teen movie:0.833
post-apocalyptic:0.824
80s:0.81825
original:0.81225
cult film:0.751
silly fun:0.738
mutants:0.7315
scifi:0.7135
fantasy:0.712
nudity (topless):0.66675
grindhouse:0.654
silly:0.64825
predictable:0.63575
mad scientist:0.628
bad:0.62175
teens:0.59475
nostalgia:0.59425
stupid as hell:0.58775
road movie:0.586
monster:0.57425
cheesy:0.56575
campy:0.562
weird:0.5595
idiotic:0.55225
parody:0.552
future:0.547
alternate reality:0.54075
transformation:0.52125
splatter:0.51825
mentor:0.51675
3d:0.50125
fantasy world:0.49875
puppets:0.495
nudity (topless - notable):0.48425
camp:0.4835
action:0.47875
franchise:0.47875
memory:0.47325
first contact:0.47175
adventure:0.4705
brutality:0.46925
dialogue:0.46925
pointless:0.46025
vampire human love:0.4585
great ending:0.452
lone hero:0.4505
bad cgi:0.44875
demons:0.4475
science fiction:0.435
awful:0.43275
god:0.43225
robot:0.4265
adapted from:comic:0.41825
male nudity:0.4155
fun:0.4115
sexy:0.4095
overrated:0.40825
catastrophe:0.39975
stupid:0.39925
beer:0.39425
1980s:0.389
pulp:0.38725
boring!:0.3825
android(s)/cyborg(s):0.38225
boring:0.37675
adaptation:0.37625
family:0.37525
justice:0.37325
action packed:0.37175
parallel universe:0.37175
dreamlike:0.37125
not funny:0.37125
melancholic:0.36875
dinosaurs:0.368
visuals:0.36525
space:0.3645
visual:0.36375
nocturnal:0.36325
too long:0.36275
violence:0.3605
plot holes:0.35975
alien:0.35825
slapstick:0.35625
pornography:0.3535
mars:0.34925
fun movie:0.34325
science:0.342
existentialism:0.33825
goofy:0.33625
natural disaster:0.3345
cult classic:0.33325
