male nudity:0.98425
sexual:0.97775
sexy:0.9415
erotic:0.93775
pornography:0.88025
original:0.831
nudity:0.8285
surreal:0.81825
sexuality:0.80775
sex:0.75625
harsh:0.7375
nudity (full frontal - notable):0.69425
art house:0.65225
bizarre:0.64975
storytelling:0.628
allegory:0.624
stylish:0.617
distopia:0.607
fight scenes:0.60225
sex comedy:0.59
mentor:0.56275
brutality:0.5535
sexualized violence:0.54325
narrated:0.53575
chase:0.5315
hong kong:0.53025
great ending:0.524
adaptation:0.52
enigmatic:0.5065
visually appealing:0.4915
women:0.49025
spelling bee:0.49
criterion:0.4865
kung fu:0.48375
grindhouse:0.483
murder:0.48
adolescence:0.47975
melancholic:0.4775
dystopia:0.47175
hitman:0.467
life philosophy:0.461
dreamlike:0.445
twists & turns:0.442
complex:0.43825
gangsters:0.43425
nudity (full frontal):0.4335
cynical:0.4325
gunfight:0.42325
anti-hero:0.411
twist:0.40825
lesbian:0.408
adventure:0.408
period piece:0.40725
catastrophe:0.4
martial arts:0.3995
good soundtrack:0.39925
silly:0.3955
intimate:0.38875
george orwell:0.38825
nudity (topless - notable):0.38475
police corruption:0.38275
censorship:0.377
fantasy:0.37675
weird:0.374
cerebral:0.36375
cult film:0.36275
dialogue:0.36175
social commentary:0.35775
surrealism:0.35775
pointless:0.35525
multiple storylines:0.34975
assassin:0.3435
mindfuck:0.343
plot twist:0.3415
weapons:0.34
sexual abuse:0.339
fun movie:0.3335
predictable:0.33225
redemption:0.3295
drinking:0.329
loneliness:0.32875
visually stunning:0.32025
amazing photography:0.31875
satirical:0.31875
nocturnal:0.317
obsession:0.316
passionate:0.31525
kick-butt women:0.312
mob:0.30675
story:0.30675
absurd:0.3055
cinematography:0.30025
death:0.30025
breathtaking:0.29775
suprisingly clever:0.29725
android(s)/cyborg(s):0.297
nudity (rear):0.29375
art:0.2935
lone hero:0.292
clever:0.29075
