cult classic:0.89925
cult film:0.86075
classic:0.8065
macabre:0.7965
original:0.789
musical:0.7655
low budget:0.7535
black comedy:0.6975
fun movie:0.6705
dark humor:0.6555
weird:0.6515
comedy:0.57325
horror:0.54275
broadway:0.541
music:0.53625
police investigation:0.514
quirky:0.5045
monster:0.49575
silly fun:0.49175
farce:0.49075
humorous:0.48225
very funny:0.47975
remade:0.4795
campy:0.47275
cult:0.4615
immortality:0.4595
funny:0.45775
mad scientist:0.4485
dialogue:0.444
hilarious:0.43625
mentor:0.43275
adaptation:0.43125
death:0.4195
goofy:0.414
great:0.4115
whimsical:0.40625
great ending:0.40575
story:0.405
fun:0.404
absurd:0.4035
good soundtrack:0.4035
witty:0.38675
blood:0.38575
criterion:0.38525
dark comedy:0.37925
brutality:0.37825
runaway:0.37425
catastrophe:0.372
so bad it's funny:0.36425
sci fi:0.36425
adapted from:book:0.36025
creepy:0.36
screwball:0.3485
oscar (best supporting actress):0.3445
splatter:0.3325
melancholic:0.32675
talky:0.32
transformation:0.31925
special effects:0.31925
new jersey:0.3135
culture clash:0.313
based on a play:0.3125
oscar (best actress):0.30675
eerie:0.30375
family:0.30125
silly:0.301
narrated:0.30075
gothic:0.299
not funny:0.29775
scary:0.29475
murder:0.29125
imdb top 250:0.28875
life philosophy:0.28625
camp:0.27975
comic:0.279
masterpiece:0.27825
atmospheric:0.27675
surreal:0.27375
period piece:0.27275
remake:0.26825
grindhouse:0.26775
entirely dialogue:0.2675
creativity:0.2665
suprisingly clever:0.2665
greed:0.26325
slapstick:0.26075
eccentricity:0.2605
storytelling:0.26025
crime gone awry:0.25825
independent film:0.258
light:0.2575
nudity (topless - brief):0.25375
social commentary:0.252
entertaining:0.252
1960s:0.25175
parody:0.25125
lone hero:0.25025
life & death:0.24875
clever:0.24825
good:0.24625
