romantic comedy:0.9215
girlie movie:0.8765
mentor:0.81975
comedy:0.815
pg-13:0.807
chick flick:0.8055
dumb but funny:0.80075
destiny:0.7725
predictable:0.762
romance:0.7
original:0.69325
feel-good:0.6915
romantic:0.67475
happy ending:0.655
funny:0.6465
dreams:0.64075
silly fun:0.64025
shallow:0.62925
good romantic comedies:0.6
so bad it's funny:0.598
feel good movie:0.5705
unfunny:0.559
teen movie:0.54675
fun movie:0.5445
love story:0.52275
horrible:0.52
cute:0.51925
sexy:0.50175
fun:0.48575
better than expected:0.47475
great ending:0.47275
small town:0.46675
corny:0.458
fantasy world:0.45725
catastrophe:0.45525
silly:0.4545
cute!:0.45325
san francisco:0.4475
light:0.42875
stereotypes:0.42325
pointless:0.41975
bad plot:0.419
very funny:0.4105
good soundtrack:0.40225
story:0.39075
good:0.39
dialogue:0.38875
idiotic:0.38575
plot:0.38525
women:0.37975
las vegas:0.3765
family:0.3665
lame:0.3615
adaptation:0.358
fight scenes:0.357
farce:0.35475
cheating:0.35325
overrated:0.35275
not funny:0.34625
goofy:0.3435
over the top:0.3425
alter ego:0.34
sweet:0.33925
storytelling:0.33825
whimsical:0.338
entertaining:0.3345
inspirational:0.33175
slapstick:0.3255
brutality:0.32525
pornography:0.3245
great:0.324
nudity (full frontal - brief):0.3215
school:0.32025
bad:0.3195
quirky:0.31725
dysfunctional family:0.31725
drama:0.315
hawaii:0.312
runaway:0.311
harsh:0.31075
oscar winner:0.31075
culture clash:0.3065
first contact:0.30475
satirical:0.30225
natural disaster:0.2995
dumb:0.29725
fashion:0.29025
visually appealing:0.2885
remake:0.28625
absurd:0.27575
disaster:0.27475
factual:0.27475
big budget:0.27225
crude humor:0.272
surreal:0.27125
childhood:0.26575
writers:0.2655
boring:0.26275
lone hero:0.25875
clever:0.2585
