prequel:0.9285
horror:0.8615
great ending:0.78075
original:0.77175
franchise:0.76475
police investigation:0.74175
murder:0.7225
supernatural:0.70425
brutality:0.7015
psychological:0.68825
drama:0.65575
better than the american version:0.6455
disturbing:0.63175
demons:0.61975
series:0.61325
creepy:0.60625
scary:0.588
atmospheric:0.57775
weird:0.57
storytelling:0.5635
enigmatic:0.5485
mystery:0.53525
vengeance:0.53025
ghosts:0.5285
death:0.526
destiny:0.52175
talky:0.5025
eerie:0.5025
psychology:0.49675
gory:0.4935
transformation:0.47975
great acting:0.4755
bittersweet:0.45925
tragedy:0.45625
torture:0.4405
bloody:0.44
dreams:0.43325
dramatic:0.433
good soundtrack:0.42375
secrets:0.42
nudity (topless - notable):0.41925
strange:0.419
afterlife:0.4185
dialogue:0.41475
revenge:0.41275
dark:0.40525
adaptation:0.405
masterpiece:0.40475
frightening:0.40325
psychiatrist:0.403
fantasy world:0.39625
trilogy:0.39
hard to watch:0.38325
nudity (full frontal - brief):0.38075
melancholic:0.3775
male nudity:0.366
parallel universe:0.36525
so bad it's funny:0.362
oscar (best directing):0.3585
japan:0.35725
overrated:0.3565
catastrophe:0.35225
slow paced:0.352
tokyo:0.35075
not funny:0.35025
mentor:0.34975
honest:0.348
suspenseful:0.34575
intense:0.34275
imdb top 250:0.34075
surreal:0.34075
visual:0.3375
suspense:0.33525
stupid as hell:0.3345
love story:0.33425
predictable:0.33225
romance:0.331
story:0.33025
criterion:0.32875
monster:0.3285
sexual abuse:0.32725
emotional:0.327
obsession:0.326
silent:0.32
brutal:0.31975
hospital:0.3195
bad ending:0.31
vampire human love:0.308
dreamlike:0.30775
life philosophy:0.304
sexy:0.3025
nudity (topless):0.30075
insanity:0.29975
first contact:0.29825
mythology:0.298
alter ego:0.2975
runaway:0.29725
bleak:0.29525
amazing photography:0.295
nocturnal:0.29175
