las vegas:0.97675
chase:0.9305
comedy:0.84375
series:0.81525
original:0.73475
franchise:0.722
very funny:0.6745
funny:0.65875
predictable:0.62475
family:0.62275
goofy:0.5665
hilarious:0.54325
vengeance:0.54125
holiday:0.5145
silly:0.49225
silly fun:0.48525
catastrophe:0.47325
great ending:0.47125
mentor:0.46525
unfunny:0.45225
pg-13:0.447
idiotic:0.4275
sequel:0.427
fun movie:0.41375
dialogue:0.41325
adventure:0.4035
disaster:0.39975
great:0.384
road movie:0.38225
good:0.36975
brutality:0.36375
sequels:0.3585
life philosophy:0.34325
pointless:0.33975
nudity (topless - notable):0.33875
destiny:0.33775
storytelling:0.3285
dysfunctional family:0.32625
fun:0.32225
hotel:0.32225
fantasy world:0.322
first contact:0.32
divorce:0.31825
quirky:0.31325
natural disaster:0.30925
screwball:0.30875
so bad it's funny:0.30675
culture clash:0.30375
bad plot:0.297
family drama:0.2955
adaptation:0.2945
christmas:0.29375
saturday night live:0.29375
fight scenes:0.29375
light:0.292
not funny:0.29175
cars:0.2915
good soundtrack:0.2905
pornography:0.2905
crude humor:0.2875
runaway:0.28725
good sequel:0.28625
overrated:0.28475
lone hero:0.2805
unusual plot structure:0.27825
road trip:0.276
lame:0.27275
slapstick:0.269
island:0.26725
crappy sequel:0.2645
entirely dialogue:0.26425
clever:0.26425
plot:0.25925
melancholic:0.259
nudity (full frontal - brief):0.2585
entertaining:0.25625
desert:0.256
adapted from:book:0.25375
gambling:0.252
humorous:0.25075
revenge:0.248
good action:0.2465
intense:0.24625
suspense:0.24475
parody:0.2435
car chase:0.23125
cult film:0.2305
weird:0.22875
big budget:0.22675
greed:0.22525
police investigation:0.225
redemption:0.222
writers:0.22175
justice:0.221
visually appealing:0.22075
creativity:0.21925
classic car:0.21825
stylized:0.217
funny as hell:0.2165
crazy:0.2135
