based on a book:0.985
sexual:0.974
conspiracy:0.913
erotic:0.88275
sexy:0.877
tense:0.8345
lawyer:0.83325
thriller:0.815
manipulation:0.79325
mentor:0.73525
runaway:0.7155
internet:0.71025
workplace:0.69175
pornography:0.68375
corporate america:0.67575
good:0.66175
greed:0.65875
twists & turns:0.65775
original:0.63975
lawyers:0.6365
espionage:0.63225
corruption:0.61
very interesting:0.60775
sexuality:0.60725
betrayal:0.60625
technology:0.58275
suspense:0.5795
adaptation:0.579
suspenseful:0.5695
virtual reality:0.568
police investigation:0.559
based on book:0.55625
chase:0.5265
revenge:0.49975
secrets:0.4805
catastrophe:0.4675
dialogue:0.45825
books:0.45575
business:0.44625
justice:0.425
predictable:0.42425
women:0.42175
identity:0.41825
passionate:0.41675
story:0.408
plot:0.40625
drama:0.4015
great ending:0.3855
politics:0.3795
oscar winner:0.37475
obsession:0.3745
not funny:0.3715
tom clancy:0.365
paranoia:0.3605
interesting:0.358
culture clash:0.35725
san francisco:0.35425
good acting:0.35
happy ending:0.35
destiny:0.34825
nudity (topless - notable):0.3435
hackers:0.339
psychological:0.33625
life philosophy:0.3355
computers:0.334
complex:0.33125
pg-13:0.32425
plot twist:0.32275
vengeance:0.318
no plot:0.31625
book was better:0.30925
nudity (full frontal - brief):0.3055
science fiction:0.30425
adapted from:book:0.29975
surveillance:0.296
excellent:0.29375
unfunny:0.29275
sci fi:0.291
great:0.2885
guilt:0.28825
court:0.28625
bad plot:0.286
first contact:0.28575
natural disaster:0.28525
girlie movie:0.28175
paranoid:0.28175
investigation:0.28025
mystery:0.2785
entirely dialogue:0.2765
bdsm:0.27525
murder mystery:0.27475
spying:0.268
entertaining:0.26675
intense:0.26525
clever:0.2645
suprisingly clever:0.26325
lone hero:0.2615
courtroom:0.26125
sex:0.261
good action:0.259
