action:0.9645
assassin:0.95
assassins:0.92225
good action:0.90875
hit men:0.90525
fight scenes:0.88375
action packed:0.85825
assassination:0.82075
fast paced:0.7635
weapons:0.69475
violence:0.6805
original:0.636
lone hero:0.6225
violent:0.61875
vengeance:0.612
predictable:0.61075
mentor:0.58675
plot holes:0.5795
explosions:0.56975
chase:0.5635
surveillance:0.5485
guns:0.54375
video game:0.53725
dialogue:0.51975
revenge:0.51975
cool:0.51725
splatter:0.48675
so bad it's funny:0.48475
car chase:0.4805
brutality:0.47775
redemption:0.47625
fighting:0.47275
fun movie:0.45725
pg-13:0.454
bloody:0.45375
betrayal:0.45225
silly:0.446
fun:0.4385
twists & turns:0.4195
entertaining:0.4145
teen movie:0.408
catastrophe:0.40725
plot:0.40525
great ending:0.3955
ridiculous:0.391
story:0.38775
not funny:0.387
ensemble cast:0.38275
no plot:0.3725
good:0.3725
shallow:0.3565
gory:0.355
good soundtrack:0.3455
death:0.3365
drinking:0.33625
grindhouse:0.33525
bad plot:0.33225
hitman:0.3285
fantasy world:0.328
gunfight:0.3255
pulp:0.3245
great:0.32275
absurd:0.31175
survival:0.30975
underrated:0.309
silly fun:0.3085
ninja:0.3085
arms dealer:0.29675
realistic action:0.295
stylish:0.28525
unrealistic:0.28125
hunting:0.27875
first contact:0.277
better than expected:0.275
entirely dialogue:0.27475
plot twist:0.2735
life philosophy:0.2725
gratuitous violence:0.27075
visually appealing:0.2675
happy ending:0.264
awesome soundtrack:0.263
blood:0.25975
reality tv:0.256
bad acting:0.2535
unusual plot structure:0.253
unfunny:0.252
culture clash:0.25075
stylized:0.25075
destiny:0.25075
allegory:0.24675
classic car:0.24175
conspiracy:0.241
storytelling:0.2405
corruption:0.23975
cheesy:0.23925
secrets:0.239
murder:0.23725
overrated:0.23675
snakes:0.23225
gangsters:0.23075
