coen bros:0.9995
coen brothers:0.916
whimsical:0.88275
original:0.8655
weird:0.8635
quirky:0.86075
golden palm:0.838
greed:0.82675
quotable:0.80875
dialogue:0.808
visual:0.80575
clever:0.795
stylized:0.781
affectionate:0.76775
imdb top 250:0.7665
comedy:0.7585
visually stunning:0.75025
screwball comedy:0.74925
storytelling:0.74325
surreal:0.74175
fantasy:0.7365
satirical:0.7255
cult classic:0.723
great:0.718
great movie:0.7165
visually appealing:0.71625
great ending:0.71
talky:0.708
witty:0.7075
imagination:0.7035
cinematography:0.7
cerebral:0.687
screwball:0.683
1930s:0.648
off-beat comedy:0.64125
underrated:0.62525
cult film:0.62025
absurd:0.60175
good soundtrack:0.60075
enigmatic:0.5985
corruption:0.59725
satire:0.59025
fantasy world:0.589
narrated:0.57875
creativity:0.57825
entirely dialogue:0.57475
existentialism:0.57225
intellectual:0.56975
allegory:0.5675
new york city:0.567
masterpiece:0.5665
classic:0.5635
irreverent:0.56175
pulp:0.56125
parody:0.55375
unusual plot structure:0.547
eccentricity:0.54125
fun movie:0.54
suprisingly clever:0.5395
dark humor:0.5375
1950s:0.53375
drama:0.52925
mindfuck:0.52775
business:0.525
interesting:0.52475
feel-good:0.523
very interesting:0.5215
stylish:0.5205
complex:0.5195
great acting:0.5135
life philosophy:0.5055
light:0.49675
good dialogue:0.49225
goofy:0.4875
social commentary:0.47975
mentor:0.469
life & death:0.467
criterion:0.4665
beautiful scenery:0.466
art:0.4655
intelligent:0.4635
modern fantasy:0.4625
surrealism:0.45475
twists & turns:0.453
story:0.45075
beautifully filmed:0.449
catastrophe:0.44875
colourful:0.44825
atmospheric:0.44075
alternate endings:0.434
excellent script:0.4275
fighting the system:0.42675
good:0.42575
gangsters:0.42325
very funny:0.4215
romance:0.4175
crime gone awry:0.4135
fun:0.41325
melancholic:0.4085
obsession:0.408
