dragons:0.99575
animation:0.98425
animated:0.962
kids and family:0.95375
friendship:0.94975
story:0.93175
animals:0.92975
fantasy world:0.925
storytelling:0.922
computer animation:0.9145
kids:0.9095
based on a book:0.89725
visually stunning:0.89575
visually appealing:0.894
adventure:0.88575
cgi:0.883
children:0.8705
unlikely friendships:0.867
action:0.86675
fantasy:0.86375
heartwarming:0.8595
dragon:0.85625
cartoon:0.844
social commentary:0.84175
cute:0.8405
original:0.827
based on book:0.8225
visual:0.81625
family:0.81525
childhood:0.8115
fun:0.807
mythology:0.80525
good:0.7865
fairy tale:0.7835
3d:0.78075
mentor:0.7755
imdb top 250:0.753
great:0.75125
pixar animation:0.73325
imagination:0.71975
awesome soundtrack:0.711
destiny:0.70725
pixar:0.706
high fantasy:0.70175
talking animals:0.6965
visuals:0.6935
witty:0.6925
pg-13:0.68875
big budget:0.6885
comedy:0.68275
clever:0.678
plot:0.66825
dialogue:0.66775
stunning:0.66575
great movie:0.6645
great ending:0.663
technology:0.66175
runaway:0.65425
prejudice:0.65325
allegory:0.648
animal movie:0.64425
morality:0.63975
cute!:0.639
oscar (best animated feature):0.63425
good versus evil:0.6325
beautiful scenery:0.628
light:0.6225
fairy tales:0.621
humor:0.62025
redemption:0.616
creativity:0.61475
feel good movie:0.606
funny:0.60175
humorous:0.59725
touching:0.594
coming of age:0.59325
magic:0.58775
feel-good:0.58325
fast paced:0.57325
transformation:0.569
happy ending:0.568
better than expected:0.56725
sacrifice:0.5625
chase:0.5605
entertaining:0.55475
betrayal:0.54975
stereotypes:0.5395
special effects:0.538
good soundtrack:0.53525
dreamworks:0.5345
movielens top pick:0.5335
culture clash:0.52875
weird:0.528
whimsical:0.5255
irish accent:0.52225
very funny:0.52175
intense:0.5155
breathtaking:0.51525
oscar:0.512
moral ambiguity:0.5105
