indians:0.98925
native americans:0.9735
wilderness:0.93475
solitude:0.932
harsh:0.87475
loneliness:0.85025
survival:0.83175
beautiful scenery:0.808
culture clash:0.804
vengeance:0.80125
mentor:0.80075
scenic:0.7965
visceral:0.79125
beautifully filmed:0.78575
imdb top 250:0.7545
cinematography:0.74975
great movie:0.74625
bleak:0.72025
great:0.7155
original:0.7085
reflective:0.70575
dialogue:0.689
gunfight:0.68125
story:0.67325
storytelling:0.66775
based on a book:0.66725
oscar (best directing):0.653
weapons:0.64775
violent:0.64725
biographical:0.644
good soundtrack:0.641
social commentary:0.63125
realistic:0.6305
breathtaking:0.61675
oscar (best cinematography):0.61575
great cinematography:0.6145
hunting:0.61175
life & death:0.61075
great ending:0.59475
transformation:0.593
suprisingly clever:0.58875
redemption:0.583
life:0.5795
good music:0.57375
good:0.5635
intense:0.56325
destiny:0.55625
revenge:0.555
environment:0.55425
western:0.54975
highly quotable:0.5485
narrated:0.54275
childhood:0.53975
justice:0.5305
dramatic:0.52675
prejudice:0.52525
poignant:0.52075
oscar (best effects - visual effects):0.517
forceful:0.517
meditative:0.51675
cult classic:0.5165
factual:0.512
honest:0.5115
life philosophy:0.51125
touching:0.5075
brutality:0.50675
melancholic:0.50525
desert:0.5025
quotable:0.5005
great acting:0.4935
chase:0.49225
masterpiece:0.49075
catastrophe:0.4855
atmospheric:0.48125
photography:0.4805
mythology:0.47675
melancholy:0.47475
friendship:0.4725
70mm:0.467
bittersweet:0.46375
adventure:0.4605
idealism:0.46025
sentimental:0.46
civil war:0.45425
violence:0.45225
runaway:0.45075
excellent:0.44675
grim:0.445
visual:0.4385
drinking:0.4385
classic:0.43825
lone hero:0.4375
gritty:0.43475
isolation:0.43425
fighting:0.431
drama:0.419
sacrifice:0.414
us history:0.41225
death:0.409
courage:0.407
