pornography:0.95375
murder:0.94725
drugs:0.9245
true story:0.90825
violent:0.8995
drug abuse:0.89825
crime:0.862
drug addiction:0.85775
police investigation:0.83825
very interesting:0.83275
intense:0.8305
original:0.82625
murder mystery:0.82625
based on true story:0.82325
story:0.81725
brutal:0.81275
violence:0.812
brutality:0.791
suspense:0.77425
addiction:0.7415
revenge:0.73875
good soundtrack:0.735
los angeles:0.734
dark:0.7295
great ending:0.72875
betrayal:0.7185
serial killer:0.71825
interesting:0.71675
80s:0.71525
drinking:0.70775
nudity (full frontal - notable):0.7065
good:0.70025
california:0.69275
stylish:0.67175
storytelling:0.67075
1980s:0.66925
based on a true story:0.66225
runaway:0.66025
cult film:0.64875
justice:0.63975
great movie:0.6395
based on a book:0.638
weird:0.63375
complex:0.63375
gunfight:0.6305
vengeance:0.61925
psychological:0.599
dialogue:0.59525
biopic:0.59375
disturbing:0.59125
pg-13:0.59125
nudity (full frontal):0.5815
twists & turns:0.5795
based on book:0.57725
highly quotable:0.57225
harsh:0.57
mystery:0.5665
corruption:0.55625
greed:0.5515
redemption:0.5445
plot:0.544
investigation:0.5345
bloody:0.53375
great acting:0.52725
great:0.5235
death:0.51875
drama:0.51775
psychology:0.5165
depression:0.51475
mentor:0.5135
gritty:0.5105
anti-hero:0.50525
sexualized violence:0.50525
stylized:0.493
cinematography:0.4915
moral ambiguity:0.488
nudity (topless - notable):0.4865
pointless:0.48575
gangs:0.4855
adaptation:0.481
adapted from:book:0.481
narrated:0.4805
enigmatic:0.4795
reflective:0.4785
guilt:0.4755
chase:0.474
aids:0.47275
thriller:0.46775
social commentary:0.46325
factual:0.46
talky:0.45825
melancholic:0.45825
mob:0.45775
hitman:0.45225
manipulation:0.4515
nudity (full frontal - brief):0.44525
suspenseful:0.442
conspiracy:0.44125
visually appealing:0.43575
lions:0.43425
