violence:0.97975
guns:0.97325
documentary:0.963
social commentary:0.9605
politics:0.9525
propaganda:0.927
canada:0.9095
violent:0.89475
world politics:0.888
golden palm:0.85825
political:0.85775
thought-provoking:0.84675
weapons:0.84525
original:0.83725
9/11:0.829
death:0.8215
crime:0.82
corruption:0.81575
brainwashing:0.81325
interesting:0.8105
factual:0.8045
powerful ending:0.788
manipulation:0.76075
greed:0.75025
corporate america:0.74575
good:0.742
brutality:0.73775
tragedy:0.73375
us history:0.72875
surveillance:0.715
murder:0.69975
obsession:0.69275
free speech:0.6665
pornography:0.6665
good soundtrack:0.66625
narrated:0.66475
censorship:0.65775
segregation:0.6535
racism:0.6515
idealism:0.65125
genocide:0.64525
controversial:0.63825
runaway:0.63525
oscar (best directing):0.631
complex:0.63
very interesting:0.6255
satire:0.622
justice:0.621
excellent script:0.62075
prejudice:0.605
intense:0.59625
paranoia:0.59225
islam:0.58425
clever:0.584
entertaining:0.5725
journalism:0.57175
freedom:0.56675
honest:0.56625
iraq:0.566
history:0.566
disturbing:0.56225
intelligent:0.562
investigation:0.56025
dramatic:0.55825
conspiracy:0.5535
revolution:0.553
stereotypes:0.551
moral ambiguity:0.5505
great ending:0.54775
organized crime:0.538
oscar (best actress):0.53525
oscar:0.52975
capitalism:0.52825
middle east:0.5265
confrontational:0.52625
culture clash:0.52575
assassination:0.52375
passionate:0.5055
terrorism:0.4995
intellectual:0.49875
forceful:0.4985
absurd:0.49825
courage:0.49525
talky:0.49325
reality tv:0.49225
foreign:0.49125
secrets:0.489
satirical:0.4855
very good:0.4845
oscar winner:0.483
guilt:0.4815
suspense:0.48075
adapted from:book:0.4745
sexualized violence:0.47025
catastrophe:0.4675
great:0.467
bombs:0.464
conspiracy theory:0.46275
fighting the system:0.46175
great movie:0.46125
