finnish:0.99725
original:0.88275
storytelling:0.87775
melancholic:0.822
weird:0.80725
loneliness:0.8035
criterion:0.79375
allegory:0.76575
life & death:0.7625
crime gone awry:0.76225
talky:0.7575
depression:0.7425
sacrifice:0.71625
visually appealing:0.71175
art:0.70825
story:0.696
bleak:0.69475
redemption:0.69275
realistic:0.67525
visually stunning:0.65325
nocturnal:0.644
life philosophy:0.63775
blindness:0.6335
golden palm:0.63
brutality:0.626
cinematography:0.62425
mentor:0.6225
light:0.61625
cerebral:0.6145
macabre:0.6075
simple:0.599
imdb top 250:0.5875
melancholy:0.585
dialogue:0.58275
unusual plot structure:0.574
adolescence:0.57275
great ending:0.5725
indie:0.57175
surreal:0.559
beautiful scenery:0.5575
classic car:0.54775
dark comedy:0.546
bittersweet:0.54525
relationships:0.54125
justice:0.53775
childhood:0.537
runaway:0.5335
independent film:0.532
dreams:0.5285
touching:0.525
quirky:0.52075
clever:0.5175
sad:0.5145
weapons:0.51425
beautifully filmed:0.51125
plot:0.50875
affectionate:0.50325
earnest:0.49425
original plot:0.49275
twists & turns:0.4925
off-beat comedy:0.4915
solitude:0.48975
cult film:0.48875
quotable:0.487
satire:0.483
existentialism:0.48225
dreamlike:0.48125
whimsical:0.4805
destiny:0.47675
culture clash:0.474
male nudity:0.47375
social commentary:0.47
immortality:0.46525
police investigation:0.464
suprisingly clever:0.45875
enigmatic:0.45525
spanish:0.45275
complex:0.4515
foreign:0.44925
road movie:0.44675
scenic:0.4435
adaptation:0.44125
dark fantasy:0.431
love:0.4305
friendship:0.4245
bullying:0.4235
slow paced:0.42075
oscar (best foreign language film):0.41975
great:0.419
tragedy:0.418
breathtaking:0.4145
based on a play:0.412
imagination:0.411
narrated:0.411
small town:0.41
artistic:0.40975
catastrophe:0.40925
free to download:0.40175
death:0.40025
suburbia:0.39775
