homeless:0.99625
drugs:0.96075
mental illness:0.89125
documentary:0.8805
schizophrenia:0.8295
new jersey:0.783
obsession:0.78075
pornography:0.759
grim:0.7495
intimate:0.74725
graphic design:0.7305
criterion:0.71825
finnish:0.71475
drinking:0.71375
melancholic:0.708
loneliness:0.708
bleak:0.696
narrated:0.69575
complex:0.6825
addiction:0.65475
harsh:0.65375
assassination:0.6415
grindhouse:0.6385
original:0.6345
biography:0.623
tragedy:0.6185
melancholy:0.6125
psychological:0.595
nudity (full frontal - brief):0.58725
life & death:0.58525
golden palm:0.57625
very interesting:0.57275
thought-provoking:0.5505
male nudity:0.54125
solitude:0.52775
unusual plot structure:0.516
enigmatic:0.51525
psychology:0.515
life:0.50125
drug addiction:0.48175
texas:0.4785
weird:0.47825
downbeat:0.474
amazing photography:0.474
gay character:0.46775
transformation:0.45975
horses:0.43475
drug abuse:0.4305
graphic novel:0.424
character study:0.42275
independent film:0.42175
hotel:0.42175
paranoid:0.42025
great ending:0.4135
judaism:0.40875
catastrophe:0.40375
paranoia:0.4025
segregation:0.398
free to download:0.397
mentor:0.395
breathtaking:0.39275
rio de janeiro:0.37875
biographical:0.3765
suprisingly clever:0.3735
visually appealing:0.372
corruption:0.36825
manipulation:0.36575
humanity:0.36425
crime gone awry:0.359
social commentary:0.3585
new york city:0.357
runaway:0.35325
author:neil gaiman:0.352
depressing:0.352
1970s:0.34975
disturbing:0.3475
culture clash:0.339
california:0.335
death:0.33075
ecology:0.33025
meditative:0.32575
not funny:0.32325
nudity (full frontal - notable):0.321
biopic:0.3185
crazy:0.31725
undercover cop:0.3115
compassionate:0.31
first contact:0.30875
stylized:0.30775
sexualized violence:0.3065
homophobia:0.30525
artistic:0.30425
tokyo:0.30275
fantasy world:0.299
nocturnal:0.29875
distopia:0.29825
transgender:0.29225
internet:0.289
multiple storylines:0.28625
interesting:0.282
