good sequel:0.987
sequels:0.974
sequel:0.969
original:0.8425
monster:0.81375
crappy sequel:0.81275
silly fun:0.7265
fun movie:0.69225
cult film:0.67225
not as good as the first:0.66125
franchise:0.62975
special effects:0.5915
so bad it's funny:0.57975
good:0.55275
action:0.5525
goofy:0.541
oil:0.5385
weapons:0.535
fun:0.5275
mentor:0.527
monsters:0.51525
mutants:0.47575
catastrophe:0.47425
sci fi:0.45775
predictable:0.45425
dialogue:0.45025
transformation:0.41375
bad sequel:0.4115
dinosaurs:0.408
great:0.4035
great ending:0.4
campy:0.3985
quirky:0.393
not funny:0.37425
sci-fi:0.36825
cool:0.3665
brutality:0.36625
very funny:0.3445
dynamic cgi action:0.33875
splatter:0.33725
cult classic:0.33275
gross-out:0.3275
very good:0.3255
entertaining:0.32125
scifi:0.3165
life philosophy:0.30525
adaptation:0.30475
first contact:0.30175
grindhouse:0.29675
fight scenes:0.29675
pointless:0.2965
overrated:0.2965
lone hero:0.2955
science fiction:0.2935
entirely dialogue:0.291
small town:0.2875
nudity (full frontal - brief):0.28425
clever:0.2825
storytelling:0.281
pg-13:0.27925
sexy:0.27425
family:0.273
chase:0.273
suprisingly clever:0.2675
destiny:0.2665
gory:0.265
melancholic:0.264
redemption:0.2615
fantasy world:0.261
bad plot:0.26075
good soundtrack:0.2575
weird:0.25475
story:0.25325
camp:0.252
violence:0.25
runaway:0.249
zombie:0.2475
stupid as hell:0.24475
slapstick:0.24475
immortality:0.24175
greed:0.24125
culture clash:0.24025
solitude:0.23975
mad scientist:0.23775
silly:0.2315
vengeance:0.2315
suspense:0.23125
absurd:0.22725
multiple storylines:0.226
childhood:0.22525
natural disaster:0.2235
stylized:0.2225
writers:0.222
romance:0.22175
humorous:0.2205
dysfunctional family:0.22025
imdb top 250:0.21925
series:0.217
creativity:0.21575
life & death:0.21225
