cancer:0.91925
mentor:0.784
touching:0.71825
family:0.69025
original:0.639
drama:0.6155
relationships:0.5735
hospital:0.56825
good:0.5615
tear jerker:0.55375
destiny:0.55025
life philosophy:0.54625
story:0.50475
sentimental:0.459
catastrophe:0.4525
doctors:0.45025
predictable:0.4345
heartwarming:0.4215
pg-13:0.42
great ending:0.41525
childhood:0.41475
great:0.41075
sappy:0.40925
good action:0.406
family drama:0.39025
dysfunctional family:0.387
poignant:0.38025
storytelling:0.37925
culture clash:0.37575
feel-good:0.366
lone hero:0.358
dialogue:0.35725
unlikely friendships:0.356
vengeance:0.35125
reflective:0.34375
parenthood:0.34275
depression:0.34275
transformation:0.34225
fight scenes:0.3405
death:0.338
life:0.33
buddy movie:0.32425
loneliness:0.31875
true story:0.317
not funny:0.315
runaway:0.31375
adaptation:0.31325
writers:0.3115
honest:0.30125
good soundtrack:0.29525
happy ending:0.29525
first contact:0.29475
irish:0.29375
shallow:0.29125
feel good movie:0.28325
redemption:0.28175
fantasy world:0.2805
very interesting:0.2795
adapted from:book:0.27325
entertaining:0.273
bittersweet:0.272
life & death:0.272
melancholic:0.271
justice:0.26775
quirky:0.26525
brutality:0.26175
police investigation:0.25825
narrated:0.25725
very funny:0.25675
dark hero:0.25625
marriage:0.25475
college:0.254
criterion:0.25325
children:0.25225
bad plot:0.24875
cinematography:0.24675
talky:0.243
clever:0.24025
nostalgic:0.23875
bullying:0.23825
beautifully filmed:0.2365
unusual plot structure:0.23575
entirely dialogue:0.235
chase:0.23325
oscar (best directing):0.23175
existentialism:0.23125
alternate history:0.23
excellent script:0.22925
survival:0.2285
women:0.228
series:0.227
visually appealing:0.22675
natural disaster:0.22625
friendship:0.22575
romantic:0.22525
betrayal:0.22475
special:0.22325
underdog:0.22325
beautiful scenery:0.222
emotional:0.22
