serial killer:0.914
twist ending:0.90075
twists & turns:0.88
plot holes:0.85125
suspenseful:0.84875
suspense:0.8365
surprise ending:0.7795
plot twist:0.77475
thriller:0.77125
twist:0.7625
original:0.75325
great ending:0.74475
stranded:0.723
predictable:0.7055
catastrophe:0.7035
mystery:0.685
murder mystery:0.681
paranoia:0.6775
murder:0.648
death:0.6435
survival:0.62575
so bad it's funny:0.62025
chase:0.6165
alternate endings:0.60475
good:0.588
action:0.57975
identity:0.57825
plot:0.577
better than expected:0.5765
fbi:0.567
police investigation:0.5645
fast paced:0.5555
conspiracy:0.55425
clever:0.55075
big budget:0.5335
entertaining:0.517
claustrophobic:0.513
natural disaster:0.51075
island:0.50675
bad plot:0.4975
bad ending:0.49475
tense:0.48525
cool:0.478
pg-13:0.47675
mentor:0.47225
dialogue:0.4675
psychological:0.459
absurd:0.45225
idiotic:0.45025
fun:0.44475
not funny:0.444
silly:0.4365
secrets:0.4335
silly fun:0.4215
detective:0.4195
indians:0.41925
first contact:0.414
ridiculous:0.41225
storytelling:0.412
pointless:0.402
manipulation:0.3945
torture:0.386
gory:0.38425
investigation:0.36975
horrible:0.3635
fight scenes:0.36175
life philosophy:0.3605
runaway:0.3545
good action:0.35425
unrealistic:0.353
story:0.352
exciting:0.351
nudity (full frontal - brief):0.348
corny:0.34775
unusual plot structure:0.3465
creativity:0.34525
very interesting:0.33825
mars:0.33725
fun movie:0.337
writers:0.3365
stupid:0.32675
entirely dialogue:0.325
disaster:0.319
internet:0.31675
conspiracy theory:0.3165
lame:0.3155
corruption:0.3065
weapons:0.3065
unfunny:0.305
brutality:0.30425
weird:0.30375
action packed:0.29875
scary:0.2975
interesting:0.2975
violence:0.297
bad:0.29675
splatter:0.2935
adaptation:0.289
paranoid:0.28825
revenge:0.28675
