loneliness:0.9215
life & death:0.8755
meditative:0.8235
art house:0.815
pornography:0.7955
spanish:0.74075
weird:0.73925
melancholic:0.6665
solitude:0.62775
original:0.62075
intimate:0.58225
breathtaking:0.57175
pointless:0.5655
existentialism:0.54125
cinematography:0.53175
surreal:0.5115
criterion:0.5065
mexico:0.499
enigmatic:0.49575
indie:0.48675
harsh:0.45175
humanity:0.451
pretentious:0.4365
reflective:0.42325
artsy:0.41775
life:0.41075
strange:0.402
allegory:0.397
argentina:0.38475
catastrophe:0.38275
golden palm:0.3785
too long:0.37525
male nudity:0.3685
death:0.3555
talky:0.34775
suicide:0.343
giant robots:0.335
storytelling:0.33375
dreams:0.33075
suprisingly clever:0.322
greed:0.31725
dialogue:0.3145
ironic:0.30425
absurd:0.29975
road movie:0.2985
mentor:0.29775
brutality:0.29675
entirely dialogue:0.2925
finnish:0.2905
not funny:0.28375
transformation:0.283
destiny:0.28225
art:0.28175
creativity:0.28025
dreamlike:0.27975
so bad it's funny:0.2785
downbeat:0.27075
great ending:0.27025
redemption:0.269
foreign:0.26875
surrealism:0.267
drinking:0.26675
sexual:0.26125
beautifully filmed:0.26075
independent film:0.25525
fantasy world:0.252
marijuana:0.24975
stand-up comedy:0.24725
bleak:0.24475
compassionate:0.2425
birds:0.24025
life philosophy:0.239
boring:0.23525
obsession:0.23025
overrated:0.2265
erotic:0.2255
assassination:0.22375
adaptation:0.21875
artist:0.21425
quirky:0.209
cerebral:0.20275
parallel universe:0.2025
social commentary:0.2015
disturbing:0.20125
imagination:0.20125
runaway:0.20075
beautiful:0.198
culture clash:0.1975
hard to watch:0.1965
narrated:0.19375
bizarre:0.19325
first contact:0.1925
crime gone awry:0.1885
intense:0.18775
long:0.18775
good soundtrack:0.1875
shopping:0.18625
visually stunning:0.186
horses:0.183
justice:0.18275
