chase:0.95125
family:0.792
saturday night live:0.73525
surveillance:0.7155
comedy:0.677
slapstick:0.6465
original:0.6435
predictable:0.59125
dysfunctional family:0.561
mentor:0.528
so bad it's funny:0.474
catastrophe:0.46975
life philosophy:0.4185
spying:0.4145
silly fun:0.41425
bad plot:0.39075
lone hero:0.385
dialogue:0.384
silly:0.38175
natural disaster:0.36125
suburbia:0.34875
spies:0.347
storytelling:0.34575
unfunny:0.3435
overrated:0.3415
humorous:0.34125
great ending:0.34075
romance:0.3375
very funny:0.3355
beauty pageant:0.3295
first contact:0.323
obsession:0.3195
destiny:0.31775
funny:0.3165
satirical:0.31575
bad:0.313
vengeance:0.30675
unlikely friendships:0.30575
brutality:0.30525
absurd:0.29225
inspirational:0.291
great:0.29
childhood:0.28825
fight scenes:0.28625
adaptation:0.28525
life & death:0.2805
entirely dialogue:0.27925
fantasy world:0.27825
car chase:0.2755
goofy:0.26975
vampire:0.26925
runaway:0.26875
cult film:0.2685
good:0.26825
not funny:0.268
nudity (full frontal - brief):0.267
ridiculous:0.26175
pg-13:0.2605
franchise:0.25725
sci fi:0.257
funny as hell:0.25525
action:0.25375
light:0.2535
good action:0.2535
nudity (topless - notable):0.25325
adapted from:book:0.24825
horrible:0.24425
police investigation:0.24425
melancholic:0.244
memory:0.2415
culture clash:0.2365
detective:0.2335
happy ending:0.233
justice:0.2305
family drama:0.23025
bad cgi:0.23
death:0.2295
creativity:0.22825
friendship:0.2265
visual:0.22325
adventure:0.21675
quirky:0.2155
loneliness:0.2105
story:0.21
shallow:0.20975
dreamlike:0.209
redemption:0.208
fun:0.20375
satire:0.202
crappy sequel:0.20125
special effects:0.2005
big budget:0.19975
feel good movie:0.19975
good soundtrack:0.19925
feel-good:0.19875
crude humor:0.19725
stereotypes:0.1965
criterion:0.19475
road movie:0.19475
single father:0.1945
