based on a book:0.967
satire:0.83075
jesus:0.799
original:0.7985
touching:0.6955
arnold:0.61225
very interesting:0.61225
life philosophy:0.58275
quirky:0.57875
greed:0.577
enigmatic:0.57675
redemption:0.56875
adaptation:0.566
satirical:0.5645
con men:0.556
humorous:0.542
weird:0.529
eccentricity:0.527
god:0.5095
complex:0.5075
good soundtrack:0.50375
melancholic:0.50125
mentor:0.495
obsession:0.49325
multiple storylines:0.48375
cerebral:0.483
thought-provoking:0.47675
finnish:0.46225
interesting:0.4585
storytelling:0.45625
pornography:0.455
great ending:0.45375
dialogue:0.452
distopia:0.447
good:0.4425
underrated:0.43975
con artists:0.42875
story:0.4275
crime gone awry:0.42325
unusual plot structure:0.41425
light:0.411
comedy:0.40875
runaway:0.407
catastrophe:0.40025
drinking:0.39675
life & death:0.39525
writers:0.37675
based on book:0.3765
clever:0.37625
devil:0.37225
predictable:0.369
police investigation:0.36275
entirely dialogue:0.36025
dark:0.359
slapstick:0.356
drama:0.356
brutality:0.355
crime:0.35075
great:0.35
off-beat comedy:0.3455
violence:0.3455
based on a play:0.3385
visually appealing:0.33775
stylized:0.33725
destiny:0.33625
adapted from:book:0.3355
first contact:0.334
reflective:0.33
very good:0.32975
queer:0.32825
atheism:0.32775
criterion:0.32625
sexy:0.325
books:0.32175
supernatural:0.318
pg-13:0.31725
so bad it's funny:0.31625
culture clash:0.31225
manipulation:0.31125
pulp:0.30975
excellent:0.30875
christianity:0.30875
twists & turns:0.30825
cynical:0.30575
gangsters:0.305
fantasy world:0.30475
bad plot:0.30325
corruption:0.303
prejudice:0.30275
not funny:0.30175
cult film:0.30125
solitude:0.3005
suprisingly clever:0.29025
social commentary:0.28825
strange:0.27925
sexualized violence:0.27775
nudity (full frontal - brief):0.27125
depression:0.27075
fight scenes:0.269
dark hero:0.267
