comedy:0.81825
silly fun:0.81225
original:0.80625
family:0.76775
very funny:0.70375
bad plot:0.6865
story:0.6815
goofy:0.67375
dynamic cgi action:0.66925
farce:0.624
predictable:0.61
silly:0.60125
adaptation:0.584
cerebral:0.55375
splatter:0.5455
storytelling:0.54175
big budget:0.54
special effects:0.53175
dialogue:0.53125
slapstick:0.51875
funny:0.51475
great ending:0.51075
satirical:0.49975
fantasy world:0.484
light:0.4825
chase:0.473
crude humor:0.469
stupid as hell:0.46725
mentor:0.4565
catastrophe:0.45225
first contact:0.44225
idiotic:0.43975
loneliness:0.4315
marvel:0.43125
complex:0.42875
hilarious:0.42575
shallow:0.42425
fantasy:0.418
fairy tale:0.40675
franchise:0.4045
unfunny:0.399
good soundtrack:0.3975
fun:0.39625
adventure:0.39475
masterpiece:0.39
romantic comedy:0.3875
dumb but funny:0.3815
buddy movie:0.38075
cult film:0.37925
distopia:0.376
torture:0.37325
clever:0.36625
god:0.36475
unusual plot structure:0.3645
fish:0.364
brutality:0.36275
suspense:0.36175
alter ego:0.36075
weird:0.36025
plot holes:0.3565
twists & turns:0.3545
scenic:0.35275
police investigation:0.35175
sci fi:0.345
action:0.34125
lone hero:0.33625
holiday:0.33525
harsh:0.33375
pg-13:0.33325
melancholic:0.33175
fight scenes:0.33075
simple:0.32775
creativity:0.32525
plot:0.3235
great:0.32325
mad scientist:0.323
effects:0.319
whimsical:0.318
sexualized violence:0.31775
runaway:0.31725
new jersey:0.31675
parallel universe:0.3155
vengeance:0.31525
imdb top 250:0.31225
original plot:0.305
visually appealing:0.3035
culture clash:0.302
entertaining:0.3015
happy ending:0.30025
fun movie:0.29925
destiny:0.2955
greed:0.29475
not funny:0.294
immortality:0.29275
overrated:0.2925
adapted from:book:0.2895
entirely dialogue:0.28925
memory:0.288
natural disaster:0.2865
magic:0.28625
