greed:0.9945
business:0.98825
capitalism:0.98475
corruption:0.97675
corporate america:0.97525
politics:0.96425
manipulation:0.9585
california:0.95375
documentary:0.94525
based on book:0.934
based on a book:0.925
conspiracy:0.88325
political:0.8455
complex:0.84425
money:0.81225
interesting:0.81075
history:0.785
very interesting:0.782
lawyers:0.78125
original:0.77575
dramatic:0.74075
obsession:0.726
oil:0.70675
pornography:0.705
narrated:0.7035
oscar (best directing):0.70275
tragedy:0.67475
idealism:0.6725
secrets:0.67175
complicated:0.6695
mentor:0.66325
morality:0.66075
conspiracy theory:0.659
social commentary:0.657
lawyer:0.65425
justice:0.644
strippers:0.64125
assassination:0.63675
adapted from:book:0.6335
crime:0.631
good:0.62925
factual:0.61975
guilt:0.61725
drama:0.612
catastrophe:0.60775
honest:0.60575
excellent script:0.60575
philosophy:0.60275
talky:0.60225
investigation:0.601
runaway:0.594
storytelling:0.5905
clever:0.588
forceful:0.5845
suprisingly clever:0.5835
books:0.58275
suspense:0.5825
intellectual:0.5825
betrayal:0.577
entertaining:0.5725
propaganda:0.564
twists & turns:0.5605
thought-provoking:0.55875
oscar (best actress):0.5575
world politics:0.55225
culture clash:0.55025
good acting:0.5465
adaptation:0.546
pg-13:0.5445
great ending:0.541
us history:0.535
internet:0.535
story:0.535
life philosophy:0.53375
paranoia:0.5335
psychology:0.51975
historical:0.512
great acting:0.50675
allegory:0.5035
imdb top 250:0.50075
intense:0.4995
journalism:0.4915
good soundtrack:0.48625
disturbing:0.48175
movielens top pick:0.4805
earnest:0.4795
organized crime:0.477
texas:0.47525
oscar (best supporting actress):0.47475
criterion:0.474
police investigation:0.47325
intelligent:0.4715
visually appealing:0.46975
psychological:0.4605
best of 2005:0.45875
thriller:0.45625
fighting the system:0.4545
sacrifice:0.452
cerebral:0.451
brutality:0.4475
