horror:0.99525
supernatural:0.96
ghosts:0.915
scary:0.89575
original:0.874
sequels:0.87125
good sequel:0.82425
plot holes:0.82275
demons:0.806
twist:0.78
family:0.771
pg-13:0.7245
frightening:0.69325
franchise:0.69275
family drama:0.67575
plot twist:0.668
suspense:0.66425
bad ending:0.66075
children:0.6575
murder:0.65675
story:0.65425
bad cgi:0.6505
survival:0.645
creepy:0.62675
predictable:0.6195
haunted house:0.6165
good soundtrack:0.596
great ending:0.59175
twist ending:0.58525
intense:0.57275
better than expected:0.57175
special effects:0.56575
horrible:0.565
plot:0.5595
catastrophe:0.54925
sequel:0.549
suspenseful:0.54725
parenthood:0.542
death:0.541
pointless:0.538
bad plot:0.53675
effects:0.52275
teens:0.522
gory:0.51425
monster:0.5105
brutal:0.507
so bad it's funny:0.50175
disturbing:0.50025
bullying:0.498
devil:0.4845
crappy sequel:0.4795
twists & turns:0.479
violence:0.4695
destiny:0.46775
storytelling:0.4615
torture:0.45425
bad acting:0.452
weird:0.45125
no plot:0.4495
brutality:0.445
mentor:0.44275
lame:0.4415
adaptation:0.43825
divorce:0.43775
alternate reality:0.437
writers:0.42875
dialogue:0.42825
enormously long battle scene:0.414
blood:0.40175
natural disaster:0.3935
very interesting:0.3935
gore:0.38625
betrayal:0.378
not funny:0.37025
revenge:0.367
light:0.364
silly:0.35975
clever:0.359
nocturnal:0.35075
eerie:0.34725
great:0.34625
investigation:0.33825
splatter:0.33525
adoption:0.33075
good:0.32675
unlikeable characters:0.31925
technology:0.318
chase:0.31675
crude humor:0.316
powerful ending:0.316
big budget:0.31275
visually appealing:0.3115
mindfuck:0.30925
stupid as hell:0.30625
mystery:0.30575
fight scenes:0.3055
violent:0.30275
disappointing:0.301
atmospheric:0.3
rats:0.299
