romantic comedy:0.95725
romantic:0.95425
original:0.95125
destiny:0.94175
science fiction:0.89875
relationships:0.87325
love:0.86825
scifi:0.86725
alternate universe:0.86625
chick flick:0.86175
romance:0.824
sci-fi:0.82075
sweet:0.8175
life philosophy:0.8065
sci fi:0.7935
witty:0.768
love story:0.76675
quirky:0.765
thought-provoking:0.761
whimsical:0.75275
girlie movie:0.751
great ending:0.7345
clever:0.7145
plot:0.70725
dialogue:0.69
happy ending:0.68375
good:0.67425
futuristic:0.67175
technology:0.66025
pg-13:0.6545
good soundtrack:0.64075
future:0.63575
interesting:0.62875
twists & turns:0.6285
bittersweet:0.624
loneliness:0.6095
writers:0.60525
storytelling:0.58975
entertaining:0.5875
independent film:0.5845
excellent script:0.5815
light:0.57325
very interesting:0.55975
sappy:0.555
catastrophe:0.55225
alternate endings:0.54825
predictable:0.53825
feel-good:0.53425
intimate:0.52775
shallow:0.52725
justice:0.5265
beautiful scenery:0.52225
touching:0.5175
science:0.50675
mentor:0.50225
intellectual:0.49275
honest:0.4855
dystopic future:0.48475
cute:0.4705
humor:0.46525
intelligent:0.46075
chase:0.45975
story:0.4515
good acting:0.45125
original plot:0.4445
heartwarming:0.4425
fun movie:0.44
bad ending:0.4395
feel good movie:0.42825
drama:0.42225
divorce:0.421
weird:0.42075
emotional:0.4125
culture clash:0.40875
runaway:0.40625
redemption:0.40225
talky:0.40025
cerebral:0.4
memory:0.39925
entirely dialogue:0.39775
earnest:0.39675
existentialism:0.395
not funny:0.39425
multiple storylines:0.39075
pornography:0.3905
plot holes:0.38875
philosophy:0.3875
twist:0.3875
suprisingly clever:0.38675
affectionate:0.38625
intense:0.386
visually appealing:0.37925
unusual plot structure:0.3775
unfunny:0.37725
end of the world:0.373
sacrifice:0.37225
social commentary:0.37175
suspense:0.367
absurd:0.36625
so bad it's funny:0.36225
