musical:0.9885
dancing:0.9395
dance:0.92775
music:0.9035
talky:0.8975
criterion:0.8385
based on a play:0.80175
original:0.75675
broadway:0.73125
censorship:0.67275
affectionate:0.669
artistic:0.663
1930s:0.6605
gangsters:0.6355
golden palm:0.6235
dialogue:0.61425
great music:0.60225
snakes:0.59425
surreal:0.589
creativity:0.5725
music business:0.569
drinking:0.55325
hotel:0.546
culture clash:0.53575
bollywood:0.53275
stylized:0.532
visual:0.526
light:0.51775
visually appealing:0.51
good soundtrack:0.5055
gunfight:0.5045
breathtaking:0.502
weird:0.50025
movielens top pick:0.496
classic car:0.493
story:0.4905
allegory:0.48875
obsession:0.488
hip hop:0.4835
bleak:0.47325
witty:0.47125
colourful:0.464
sexy:0.4625
transformation:0.46125
new jersey:0.459
art:0.45575
suprisingly clever:0.45325
great ending:0.4515
intimate:0.44425
rock and roll:0.4395
musicians:0.439
stunning:0.43525
grindhouse:0.43425
adapted from:book:0.434
enigmatic:0.42475
male nudity:0.42375
nostalgic:0.4215
road movie:0.41475
redemption:0.41425
very interesting:0.414
black and white:0.412
runaway:0.40925
catastrophe:0.4075
classic:0.40375
nocturnal:0.39425
afi 100 (laughs):0.39125
interracial romance:0.38675
entirely dialogue:0.38225
oscar (best foreign language film):0.3815
storytelling:0.373
childhood:0.37025
brothers:0.36925
clever:0.362
mad scientist:0.36175
cross dressing:0.35675
good music:0.35575
segregation:0.3555
social commentary:0.3535
visuals:0.35275
fun movie:0.352
great:0.35075
imdb top 250:0.35025
queer:0.3495
downbeat:0.34475
family:0.3435
stylish:0.339
not funny:0.33325
silent:0.333
melancholic:0.33175
great soundtrack:0.3315
sacrifice:0.33
macabre:0.3255
fast paced:0.3235
oscar (best actress):0.323
grim:0.3215
brutality:0.32025
cinematography:0.318
off-beat comedy:0.316
mentor:0.31375
insanity:0.31025
