oscar (best cinematography):0.99775
indians:0.9845
golden palm:0.9685
cinematography:0.96375
latin america:0.96
18th century:0.93325
powerful ending:0.9315
christianity:0.90975
amazing cinematography:0.90625
native americans:0.89825
slavery:0.898
beautifully filmed:0.8855
historical:0.87
religion:0.869
oscar (best picture):0.85925
stunning:0.859
colonialism:0.85375
catholicism:0.8415
beautiful scenery:0.83325
dramatic:0.8295
breathtaking:0.82325
jungle:0.8195
redemption:0.81325
greed:0.79875
courage:0.79675
history:0.79225
visual:0.78425
great acting:0.77
sacrifice:0.763
storytelling:0.7625
culture clash:0.75825
oscar (best directing):0.74875
politics:0.74575
christian:0.744
political:0.739
original:0.7145
imdb top 250:0.70475
life & death:0.701
us history:0.69025
drama:0.67175
complex:0.66975
harsh:0.6525
genocide:0.64875
spain:0.638
god:0.63225
excellent:0.631
visually appealing:0.6265
good:0.62175
spanish:0.61925
story:0.61275
masterpiece:0.607
visually stunning:0.59675
good acting:0.5965
great:0.595
mentor:0.59325
poignant:0.5925
great movie:0.5915
ethnic conflict:0.59
argentina:0.5845
catastrophe:0.58
good soundtrack:0.57925
reflective:0.57875
weapons:0.5745
brutality:0.57375
prejudice:0.5725
photography:0.56925
dialogue:0.56625
oscar:0.565
humanity:0.5535
great ending:0.542
ennio morricone:0.5405
interesting:0.53575
underrated:0.53575
epic:0.5355
corruption:0.5345
idealism:0.52875
good versus evil:0.5255
forceful:0.52375
oscar (best foreign language film):0.5155
revolution:0.51375
social commentary:0.509
scenic:0.50775
foreign:0.499
emotional:0.49675
guilt:0.496
compassionate:0.49475
oscar (best supporting actress):0.49425
betrayal:0.49325
beautiful:0.49225
unusual plot structure:0.4915
talky:0.489
jesus:0.48625
true story:0.4815
suprisingly clever:0.4775
jews:0.47325
oscar (best actress):0.4715
cerebral:0.47075
touching:0.469
melancholic:0.467
70mm:0.46325
