splatter:0.95475
horror:0.92275
creepy:0.8095
macabre:0.73225
weird:0.72925
cult classic:0.695
haunted house:0.65175
original:0.6435
supernatural:0.6105
mentor:0.56575
culture clash:0.559
scary:0.54175
police investigation:0.52325
nudity (full frontal - notable):0.51875
disturbing:0.51525
demons:0.49225
brutality:0.48225
black comedy:0.47575
cult film:0.473
fun movie:0.473
grindhouse:0.471
cancer:0.47
gruesome:0.46575
catastrophe:0.46375
bizarre:0.459
visceral:0.457
gory:0.4395
parenthood:0.426
zombie:0.42075
so bad it's funny:0.41825
secrets:0.41675
cannibalism:0.4105
bloody:0.3995
campy:0.389
monster:0.38725
cult:0.38625
chase:0.38575
80s:0.37675
lone hero:0.35275
dark comedy:0.34675
underrated:0.34375
insanity:0.33825
happy ending:0.33425
slapstick:0.3315
dysfunctional family:0.331
creativity:0.3305
quirky:0.33025
violence:0.3265
great ending:0.3235
strange:0.32075
predictable:0.3185
life philosophy:0.31825
twists & turns:0.31625
fantasy world:0.31475
suspenseful:0.314
suspense:0.31325
family:0.31025
great:0.309
good:0.3085
not funny:0.3075
special effects:0.305
runaway:0.304
atmospheric:0.29975
eccentricity:0.29975
unfunny:0.298
silly:0.29725
stylish:0.29475
slasher:0.292
very funny:0.29175
social commentary:0.2895
good soundtrack:0.2885
adaptation:0.28825
sexualized violence:0.28825
goofy:0.28675
sexual abuse:0.28525
melancholic:0.284
dialogue:0.28225
incest:0.2805
first contact:0.2795
pornography:0.2795
satirical:0.27925
greed:0.279
kidnapping:0.27875
violent:0.2785
criterion:0.27825
child abuse:0.274
witches:0.273
storytelling:0.27175
entertaining:0.2685
crazy:0.26375
spiders:0.25875
vengeance:0.256
nudity (topless - notable):0.2555
goretastic:0.25375
dark humor:0.25275
claustrophobic:0.25075
adventure:0.24825
unusual plot structure:0.248
ominous:0.24725
fight scenes:0.24675
