graphic design:1.0
very interesting:0.91225
creativity:0.86775
documentary:0.85475
original:0.795
long:0.7695
passionate:0.76925
life philosophy:0.72325
greed:0.72075
intellectual:0.6905
us history:0.67325
artistic:0.663
intimate:0.64275
educational:0.62925
pornography:0.62875
interesting:0.62375
talky:0.6195
good soundtrack:0.6
enigmatic:0.5925
shallow:0.576
obsession:0.56925
corruption:0.56725
rebellion:0.5485
narrated:0.54525
honest:0.54275
history:0.5355
social commentary:0.53275
artist:0.53225
eccentricity:0.5305
oscar (best directing):0.53
catastrophe:0.529
adaptation:0.5265
great ending:0.5185
unusual plot structure:0.51825
biographical:0.512
complex:0.50725
quirky:0.5035
criterion:0.5015
art:0.499
technology:0.49675
politics:0.49525
philosophy:0.49325
melancholic:0.489
destiny:0.48425
clever:0.48075
psychological:0.47875
journalism:0.47325
suprisingly clever:0.4595
thought-provoking:0.4595
visual:0.45825
life & death:0.455
storytelling:0.45375
intelligent:0.4405
historical:0.43575
cerebral:0.4245
psychiatry:0.423
pretentious:0.42075
multiple storylines:0.42025
beautiful scenery:0.4195
reflective:0.41525
visually appealing:0.41425
alone in the world:0.41125
mentor:0.4105
culture clash:0.4095
special:0.40925
business:0.40825
oscar:0.4075
mental illness:0.40225
male nudity:0.39925
oscar (best actress):0.397
revolution:0.39625
stylized:0.396
excellent script:0.3955
internet:0.39025
movielens top pick:0.3865
psychology:0.3805
great acting:0.38
meditative:0.3755
nudity (topless - brief):0.37475
weird:0.37375
imagination:0.36875
good:0.36775
computers:0.36675
great:0.366
dialogue:0.35875
amazing photography:0.3525
fantasy world:0.34875
character study:0.34875
witty:0.34775
paranoid:0.345
alternate endings:0.3425
visually stunning:0.341
nudity (full frontal - notable):0.34075
loneliness:0.33675
boring!:0.33525
political:0.33175
story:0.327
original plot:0.326
controversial:0.3255
alternate history:0.32225
