70mm:0.9935
cyberpunk:0.976
death:0.97575
science fiction:0.9665
futuristic:0.9625
scifi:0.9575
technology:0.95175
sci fi:0.92575
life & death:0.91475
memory:0.89775
visual:0.89475
virtual reality:0.89125
sci-fi:0.87875
cerebral:0.86525
special effects:0.85075
original:0.84175
afterlife:0.8245
science:0.78925
enigmatic:0.7875
thought-provoking:0.75525
robots:0.74275
alternate universe:0.741
bad ending:0.73975
great ending:0.7035
first contact:0.69425
existentialism:0.69025
weapons:0.68375
space:0.681
mindfuck:0.67675
visually appealing:0.66225
metaphysics:0.66225
story:0.65275
very interesting:0.642
future:0.6375
psychological:0.6325
weird:0.62825
effects:0.62775
chase:0.6215
visually stunning:0.61975
dystopic future:0.61075
mentor:0.60575
internet:0.60025
interesting:0.5925
great:0.5915
complex:0.588
android(s)/cyborg(s):0.583
dialogue:0.58225
catastrophe:0.569
survival:0.5655
military:0.56425
storytelling:0.53575
product placement:0.53525
humanity:0.53525
scifi cult:0.52675
intense:0.518
original plot:0.5155
philosophy:0.5095
natural disaster:0.507
underrated:0.50225
dystopia:0.5015
life philosophy:0.50125
great movie:0.4825
destiny:0.4815
good:0.475
plot:0.472
fantasy:0.47
greed:0.46825
imagination:0.4655
pornography:0.464
secrets:0.46225
alternate reality:0.46075
philosophical:0.4485
transformation:0.448
visuals:0.44575
paranoid:0.4435
solitude:0.441
clever:0.4405
clones:0.44025
suprisingly clever:0.43925
suspense:0.43775
thriller:0.434
light:0.43225
tricky:0.4225
confusing:0.4195
family drama:0.414
distopia:0.4125
plot holes:0.412
ghosts/afterlife:0.4115
mystery:0.411
gulf war:0.40925
absurd:0.40725
end of the world:0.39175
dreams:0.39025
space travel:0.3865
unusual plot structure:0.383
dynamic cgi action:0.38275
allegory:0.381
meditative:0.37175
artificial intelligence:0.371
paranoia:0.37
