marijuana:0.9935
weed:0.9405
drugs:0.91925
violence:0.90075
quirky:0.85275
brothers:0.8275
original:0.82725
independent film:0.754
dysfunctional family:0.7485
crime gone awry:0.73825
midlife crisis:0.70225
death:0.70075
jews:0.684
violent:0.6805
drama:0.64975
dark comedy:0.624
stoner movie:0.61
mentor:0.60025
family drama:0.58425
character study:0.584
black comedy:0.584
dialogue:0.581
great acting:0.57025
brutality:0.56125
small town:0.55625
gangsters:0.549
complex:0.54225
intellectual:0.5415
good soundtrack:0.538
dark humor:0.5225
eccentricity:0.52225
crime:0.48775
clever:0.47
storytelling:0.45925
redemption:0.452
sarcasm:0.45175
talky:0.449
social commentary:0.44475
satire:0.44225
good:0.44075
great dialogue:0.43925
life philosophy:0.4385
corruption:0.4365
family:0.43475
catastrophe:0.43475
comedy:0.43375
great ending:0.43275
absurd:0.43075
depression:0.43025
greed:0.43025
secrets:0.42775
weird:0.4195
philosophical:0.41575
cerebral:0.41475
story:0.4145
nudity (full frontal - brief):0.41
melancholic:0.4075
vigilante:0.40675
writers:0.401
dramatic:0.39875
gangster:0.39375
stereotypes:0.39225
drinking:0.38525
irish accent:0.38375
runaway:0.38225
very funny:0.382
entirely dialogue:0.37625
fun movie:0.37575
criterion:0.3715
adapted from:book:0.3645
off-beat comedy:0.359
nudity (full frontal - notable):0.35875
interesting:0.35775
entertaining:0.35625
organized crime:0.356
predictable:0.35575
witty:0.3525
adaptation:0.3515
british:0.35075
cynical:0.349
great:0.3485
based on a play:0.34775
indie:0.34475
pointless:0.343
addiction:0.3425
excellent:0.3385
great movie:0.33825
murder:0.337
narrated:0.3335
good acting:0.33325
suspense:0.33275
very good:0.33175
destiny:0.331
family bonds:0.32825
poignant:0.326
passionate:0.3225
twists & turns:0.32225
oscar winner:0.32025
childhood:0.3185
intense:0.31825
