parody:0.987
jews:0.9765
judaism:0.9345
funniest movies:0.92675
satire:0.91175
hilarious:0.8985
jewish:0.8985
humorous:0.89425
comedy:0.88175
humor:0.84375
spoof:0.83875
irreverent:0.8275
goofy:0.8165
blaxploitation:0.7935
stereotypes:0.768
original:0.74875
sexualized violence:0.732
satirical:0.7265
funny as hell:0.72125
so bad it's funny:0.694
stupidity:0.64475
absurd:0.63875
fun movie:0.629
farce:0.6055
funny:0.565
sarcasm:0.54775
off-beat comedy:0.54625
brainwashing:0.54275
guilt:0.53325
silly fun:0.52725
very funny:0.52
clever:0.515
great ending:0.51075
ridiculous:0.50075
suprisingly clever:0.4995
mentor:0.49175
fantasy world:0.48275
idiotic:0.4805
brutality:0.46
justice:0.446
fun:0.44575
storytelling:0.4445
catastrophe:0.42675
great:0.42275
dialogue:0.4205
lame:0.41075
predictable:0.4095
good soundtrack:0.403
cult classic:0.401
male nudity:0.4005
silly:0.38725
melancholic:0.38425
multiple storylines:0.3835
nudity (full frontal - notable):0.3805
dumb but funny:0.37825
slapstick:0.37425
crude humor:0.37075
holiday:0.36725
complex:0.35925
nudity (full frontal - brief):0.35875
harsh:0.35875
enigmatic:0.3535
sexy:0.34725
twists & turns:0.34475
visually appealing:0.34275
stupid:0.34175
campy:0.34
adaptation:0.33525
unusual plot structure:0.3345
unfunny:0.3335
stylized:0.33275
weird:0.3305
entirely dialogue:0.31975
pornography:0.31875
complicated:0.31525
gangsters:0.31425
nudity (topless - notable):0.312
social commentary:0.311
stupid as hell:0.31025
bad plot:0.30875
bad acting:0.30725
good:0.3055
weapons:0.30525
camp:0.30225
pg-13:0.30025
cult film:0.29725
fast paced:0.293
vengeance:0.29225
light:0.28875
fight scenes:0.28425
story:0.2835
witty:0.28275
criterion:0.282
cinematography:0.282
brothers:0.281
religion:0.27925
redemption:0.27925
lone hero:0.278
irish accent:0.276
memory:0.27475
