road movie:0.948
utopia:0.831
silly fun:0.77675
fun movie:0.74475
island:0.72975
dancing:0.5815
original:0.58075
adventure:0.51975
australia:0.4675
dialogue:0.45975
story:0.41575
catastrophe:0.408
culture clash:0.4025
great ending:0.3945
great movie:0.39425
good:0.386
great:0.36975
hong kong:0.36925
series:0.35925
sexy:0.3495
lone hero:0.34175
fantasy world:0.33725
spoof:0.33075
dance:0.3255
mentor:0.325
franchise:0.3175
comedy:0.3025
runaway:0.29575
fun:0.293
awesome soundtrack:0.29275
first contact:0.2885
brutality:0.28675
classic:0.28475
funny:0.28075
destiny:0.28025
bad plot:0.2795
good soundtrack:0.2715
romantic:0.2665
harsh:0.266
so bad it's funny:0.266
weapons:0.26525
life philosophy:0.25925
not funny:0.25825
very funny:0.256
redemption:0.25
unfunny:0.249
scenic:0.2485
android(s)/cyborg(s):0.247
police investigation:0.24675
treasure:0.2425
entirely dialogue:0.24175
clever:0.23825
fantasy:0.234
existentialism:0.2315
jungle:0.231
solitude:0.228
silly:0.22775
mad scientist:0.227
suprisingly clever:0.2235
talky:0.22225
nudity (full frontal - brief):0.22075
adapted from:book:0.21925
creativity:0.2185
doctors:0.2175
mythology:0.21475
predictable:0.21225
vengeance:0.209
ethnic conflict:0.20775
original plot:0.20775
writers:0.206
unusual plot structure:0.20175
criterion:0.1985
marriage:0.1985
imdb top 250:0.1975
snakes:0.1965
enigmatic:0.1965
sci fi:0.1965
family:0.19475
musical:0.194
high fantasy:0.1915
parallel universe:0.19025
pointless:0.18975
light:0.189
memory:0.18775
simple:0.18725
humorous:0.18625
unlikely friendships:0.185
chase:0.185
gunfight:0.18475
suspense:0.18275
overrated:0.18175
loneliness:0.1795
interracial romance:0.1795
murder mystery:0.179
visually appealing:0.17775
england:0.1775
nostalgic:0.17675
adaptation:0.17675
script:0.1765
allegory:0.176
