college:0.99375
comedy:0.9
goofy:0.88925
beer:0.8875
weed:0.80775
awesome soundtrack:0.8075
stoner movie:0.80725
pg-13:0.794
funny:0.7665
quotable:0.75775
hilarious:0.75275
road trip:0.75075
original:0.72975
very funny:0.694
teen movie:0.65675
cult classic:0.65325
drinking:0.64525
idiotic:0.644
teen:0.62
fun movie:0.6115
stereotypes:0.60775
geeks:0.6055
slackers:0.60125
mentor:0.561
satire:0.5595
good soundtrack:0.55125
great:0.5455
great ending:0.53725
so bad it's funny:0.53425
crude humor:0.52375
humorous:0.52275
revenge:0.519
stupidity:0.51875
nerds:0.5065
dialogue:0.49625
silly fun:0.492
chase:0.48475
school:0.46525
high school:0.46375
predictable:0.455
great movie:0.45425
silly:0.4535
fun:0.4495
spoof:0.439
cool:0.43675
vengeance:0.43525
good:0.42725
teens:0.427
stupid:0.40725
great acting:0.40325
satirical:0.403
bad acting:0.397
storytelling:0.39375
catastrophe:0.39225
screwball:0.388
underrated:0.38525
unfunny:0.3835
nudity (topless):0.3815
clever:0.3705
slapstick:0.37025
multiple storylines:0.36825
cult film:0.365
dumb but funny:0.35175
plot:0.351
life philosophy:0.3495
unusual plot structure:0.348
suprisingly clever:0.3455
brutality:0.34425
entertaining:0.34275
parody:0.342
amy smart:0.34125
geek:0.3395
nostalgic:0.336
redemption:0.33475
lone hero:0.32
visually appealing:0.31825
male nudity:0.3125
lame:0.308
creativity:0.3055
adaptation:0.3035
view askew:0.30025
fight scenes:0.292
social commentary:0.29175
first contact:0.2915
destiny:0.289
highly quotable:0.28525
story:0.285
culture clash:0.28475
melancholic:0.28375
fantasy world:0.28175
weird:0.2815
saturday night live:0.28075
funny as hell:0.27975
overrated:0.279
inspirational:0.278
runaway:0.27775
life & death:0.27625
stylized:0.27525
justice:0.2735
humor:0.2685
