dialogue:0.879
religion:0.878
existentialism:0.8745
talky:0.8565
great dialogue:0.84825
god:0.84475
original:0.8375
christianity:0.825
based on a play:0.82475
character study:0.818
coen bros:0.8005
entirely dialogue:0.79925
business:0.762
great acting:0.7605
jesus:0.7525
loneliness:0.743
independent film:0.71875
powerful ending:0.71
greed:0.6805
excellent script:0.66225
unlikely friendships:0.63875
life & death:0.635
good soundtrack:0.62725
life philosophy:0.60625
philosophy:0.6055
sarcasm:0.60275
philosophical:0.59825
relationships:0.59725
mentor:0.59475
honest:0.5915
intellectual:0.59
eccentricity:0.589
ensemble cast:0.58675
hotel:0.5795
very interesting:0.578
pornography:0.56625
thought-provoking:0.56575
interesting:0.56525
crime gone awry:0.56075
friendship:0.56
great ending:0.55575
biblical:0.55375
drama:0.553
redemption:0.5505
complex:0.5385
dialogue driven:0.53725
claustrophobic:0.5365
reflective:0.532
cerebral:0.52325
good dialogue:0.5095
depression:0.50925
witty:0.508
social commentary:0.50375
great:0.5015
life:0.49925
corruption:0.48325
indie:0.48025
adaptation:0.46175
storytelling:0.44375
dramatic:0.43675
drinking:0.42875
cynical:0.42725
melancholic:0.42675
christian:0.4235
road movie:0.42325
good acting:0.41775
good:0.41225
gangsters:0.408
intense:0.40425
clever:0.4025
new jersey:0.397
catastrophe:0.397
writers:0.39425
exceptional acting:0.394
earnest:0.3905
great movie:0.38525
dark hero:0.37975
death:0.37925
mental illness:0.37575
imdb top 250:0.37375
shallow:0.36925
oscar (best supporting actress):0.36925
criterion:0.36
not funny:0.3575
multiple storylines:0.3525
narrated:0.35225
visually appealing:0.34925
dreams:0.3475
harsh:0.34225
psychology:0.34125
story:0.33825
brutality:0.3345
stylized:0.333
excellent:0.3325
pretentious:0.33125
quirky:0.3295
oscar (best directing):0.32375
destiny:0.314
stereotypes:0.3125
boring!:0.31225
