magic realism:0.97225
innocence lost:0.963
bittersweet:0.954
intimate:0.92925
beautifully filmed:0.86425
mentor:0.86125
criterion:0.8235
life:0.82
affectionate:0.81675
oscar (best foreign language film):0.783
compassionate:0.778
harsh:0.77575
reflective:0.76825
golden palm:0.7615
visually stunning:0.75725
storytelling:0.754
dreams:0.74875
social commentary:0.748
melancholy:0.737
talky:0.73675
masterpiece:0.7365
quirky:0.72775
original:0.7265
poignant:0.7165
surreal:0.7105
loneliness:0.71
childhood:0.709
melancholic:0.69775
meditative:0.682
enigmatic:0.68
hallucinatory:0.67875
tragedy:0.67775
bleak:0.67425
foreign:0.6705
coming-of-age:0.66875
imdb top 250:0.659
good soundtrack:0.65475
brutality:0.6515
life & death:0.65075
life philosophy:0.6445
redemption:0.6415
coming of age:0.63825
heartwarming:0.63675
allegory:0.62975
culture clash:0.62275
downbeat:0.61625
cerebral:0.6115
death:0.60875
hospital:0.60525
greed:0.59275
honest:0.58625
idealism:0.583
emotional:0.57975
artistic:0.57225
weird:0.569
destiny:0.5645
ironic:0.5635
movielens top pick:0.56075
poverty:0.557
suprisingly clever:0.55425
complex:0.54975
breathtaking:0.5465
earnest:0.53825
existentialism:0.53625
unusual plot structure:0.5335
imagination:0.53225
touching:0.52975
visual:0.528
betrayal:0.52575
vengeance:0.525
dreamlike:0.51725
disability:0.49475
creativity:0.49125
surrealism:0.48225
environment:0.46625
thought-provoking:0.4635
revenge:0.45625
atmospheric:0.4525
gritty:0.4485
realistic:0.44625
cynical:0.43925
disturbing:0.43775
stylized:0.4335
exceptional acting:0.433
scenic:0.4285
great ending:0.4275
dramatic:0.42625
beautiful:0.4235
cinematography:0.417
beautiful scenery:0.41375
visually appealing:0.4115
independent film:0.40825
catastrophe:0.408
cult classic:0.3995
corruption:0.3965
humorous:0.3965
relationships:0.39425
dark humor:0.3935
suicide attempt:0.39175
adolescence:0.39
