art:0.91475
existentialism:0.91025
art house:0.90725
melancholic:0.86975
surreal:0.863
intimate:0.85025
weird:0.83825
absurd:0.83425
reflective:0.817
golden palm:0.79975
swedish:0.79775
surrealism:0.778
breathtaking:0.77025
enigmatic:0.75725
colourful:0.73975
artistic:0.7315
dark humor:0.729
strange:0.69425
criterion:0.68125
macabre:0.677
suprisingly clever:0.6725
surveillance:0.66475
brutality:0.6635
melancholy:0.65175
bleak:0.644
affectionate:0.63525
good soundtrack:0.6335
loneliness:0.62725
black comedy:0.611
social commentary:0.59675
pretentious:0.59025
artist:0.58725
irreverent:0.58725
talky:0.58275
original:0.5795
pointless:0.57725
unusual plot structure:0.5735
tokyo:0.54525
harsh:0.54475
deadpan:0.54425
non-linear:0.54125
sexual abuse:0.53125
dreams:0.52425
slow paced:0.5075
biting:0.5005
so bad it's funny:0.49925
based on a play:0.49875
disturbing:0.49325
satirical:0.4875
notable soundtrack:0.482
depression:0.482
good music:0.48125
meditative:0.47425
entirely dialogue:0.472
alternate endings:0.47025
male nudity:0.4685
japan:0.46425
dysfunctional family:0.45925
dark comedy:0.451
satire:0.44975
george orwell:0.444
downbeat:0.437
erotic:0.427
catastrophe:0.41925
light:0.41425
stylized:0.41325
visually appealing:0.413
multiple storylines:0.40525
allegory:0.40525
guilt:0.39925
claustrophobic:0.395
immortality:0.39325
amazing cinematography:0.393
nudity (full frontal):0.39175
ironic:0.3915
crime gone awry:0.379
very funny:0.37875
runaway:0.37175
death:0.3705
depressing:0.37
humanity:0.36925
creativity:0.36775
forceful:0.36725
lyrical:0.3655
japanese:0.36425
dreamlike:0.36425
dialogue driven:0.36425
humorous:0.35725
masterpiece:0.3565
hotel:0.35325
culture clash:0.35275
cynical:0.34925
greed:0.3465
artsy:0.34625
philosophical:0.34625
narrated:0.3435
writers:0.334
dialogue:0.3335
great cinematography:0.3335
solitude:0.332
