canada:0.923
doctors:0.91075
small town:0.8885
comedy:0.73275
good:0.72725
life philosophy:0.72625
feel-good:0.71175
original:0.69425
secrets:0.65825
touching:0.647
feel good movie:0.6425
greed:0.63675
sentimental:0.6345
witty:0.59325
funny:0.58475
hospital:0.58
pg-13:0.573
suprisingly clever:0.572
mentor:0.5715
marijuana:0.55975
love story:0.5385
humorous:0.53625
light:0.525
sweet:0.5245
life & death:0.513
catastrophe:0.51
culture clash:0.50925
creativity:0.508
whimsical:0.507
fish:0.49475
intellectual:0.489
clever:0.48375
very funny:0.482
movielens top pick:0.4755
earnest:0.46425
destiny:0.464
great acting:0.46225
cerebral:0.4615
beautiful scenery:0.46
great:0.457
beautifully filmed:0.45675
heartwarming:0.455
unlikely friendships:0.4475
storytelling:0.4415
irish:0.44125
quirky:0.43775
unusual plot structure:0.4305
excellent script:0.43025
great ending:0.42875
friendship:0.42725
death:0.411
idealism:0.409
social commentary:0.4025
loneliness:0.39925
cute:0.3965
story:0.3965
compassionate:0.39575
oscar (best actress):0.3915
dialogue:0.38925
humor:0.389
criterion:0.3845
pornography:0.38275
oscar (best supporting actress):0.37675
spying:0.37575
honest:0.373
australia:0.3635
psychiatry:0.35875
relationships:0.357
happy ending:0.354
cute!:0.35275
simple:0.3495
road movie:0.34925
oscar (best foreign language film):0.34575
stereotypes:0.34475
solitude:0.344
good acting:0.343
nudity (full frontal - brief):0.34075
cancer:0.3405
childhood:0.34
good soundtrack:0.337
dramatic:0.3335
women:0.3335
fun movie:0.33075
manipulation:0.32875
nudity (topless - notable):0.32875
drama:0.3225
writers:0.3195
talky:0.318
sad but good:0.318
island:0.31675
bittersweet:0.31375
transformation:0.31225
existentialism:0.311
family drama:0.3035
very good:0.30225
slapstick:0.301
love:0.29675
unfunny:0.29625
complex:0.2915
original plot:0.29125
