motorcycle:0.894
original:0.8575
cult classic:0.6975
independent film:0.64775
dialogue:0.63475
fantasy world:0.61875
cult film:0.583
medieval:0.583
life & death:0.58
existentialism:0.5555
fantasy:0.5545
adventure:0.5475
character study:0.54525
grindhouse:0.52575
life philosophy:0.52325
low budget:0.5215
light:0.51925
story:0.5145
meditative:0.51375
rebellion:0.5
storytelling:0.49625
great:0.4875
enigmatic:0.47875
weird:0.4585
good soundtrack:0.4505
good action:0.44775
melancholy:0.43425
giant robots:0.43175
weapons:0.426
loneliness:0.4245
great ending:0.41775
highly quotable:0.4175
road movie:0.417
king arthur:0.40375
cult:0.40325
entirely dialogue:0.40225
catastrophe:0.39675
zombie:0.39025
fashion:0.38875
melancholic:0.3855
nocturnal:0.38325
mentor:0.37925
quirky:0.37825
visually appealing:0.3765
eccentricity:0.37475
redemption:0.37325
fight scenes:0.368
lone hero:0.35975
criterion:0.356
awesome soundtrack:0.35
creativity:0.34975
cinematography:0.3425
not funny:0.3415
action:0.341
visceral:0.33925
crime gone awry:0.337
too long:0.3365
runaway:0.32625
high fantasy:0.32575
punk:0.3235
absurd:0.3215
social commentary:0.31825
pointless:0.31575
brutality:0.303
superheroes:0.29925
downbeat:0.29575
surreal:0.28875
small town:0.28775
afi 100 (movie quotes):0.28225
tokyo:0.282
affectionate:0.28125
splatter:0.2795
reflective:0.278
corruption:0.27775
first contact:0.27725
monster:0.276
allegory:0.275
romance:0.27375
culture clash:0.27175
visual:0.2715
gangsters:0.2715
indie:0.269
adaptation:0.2655
magic:0.264
drama:0.2635
dreams:0.26325
golden palm:0.256
overrated:0.25525
predictable:0.252
futuristic:0.25175
very interesting:0.24925
depression:0.2485
good:0.248
imdb top 250:0.248
romantic:0.247
gory:0.24575
dark hero:0.2455
queer:0.244
classic car:0.2425
cerebral:0.2415
