comedy:0.89025
goofy:0.80875
wartime:0.77925
original:0.75075
parody:0.74225
spielberg:0.741
silly:0.6835
very funny:0.66925
saturday night live:0.649
spoof:0.63025
special effects:0.6295
70mm:0.62675
funny:0.602
submarine:0.582
cult film:0.5555
catastrophe:0.54125
slapstick:0.541
funniest movies:0.53125
so bad it's funny:0.52825
paranoia:0.522
chase:0.50975
cult classic:0.49725
unfunny:0.4935
silly fun:0.4825
gunfight:0.4695
disaster:0.46875
los angeles:0.46775
hilarious:0.46725
underrated:0.45925
idiotic:0.4565
big budget:0.455
off-beat comedy:0.4515
fun movie:0.451
great ending:0.4495
period piece:0.44675
absurd:0.44175
visual:0.4305
overrated:0.42975
satire:0.4295
bombs:0.42125
weapons:0.418
fun:0.4145
satirical:0.414
predictable:0.413
humorous:0.408
mentor:0.4005
runaway:0.39925
good soundtrack:0.39675
dialogue:0.396
california:0.38775
nudity (full frontal - brief):0.38025
ensemble cast:0.378
story:0.37375
twists & turns:0.37275
good:0.36875
great:0.36875
redemption:0.368
humor:0.36775
natural disaster:0.366
lone hero:0.363
action packed:0.357
quotable:0.356
brutality:0.353
splatter:0.3525
funny as hell:0.352
destiny:0.34875
insanity:0.34825
storytelling:0.348
adaptation:0.34375
culture clash:0.34025
action:0.336
fight scenes:0.3335
weird:0.332
vengeance:0.32875
justice:0.325
crude humor:0.3235
fantasy world:0.31725
world war ii:0.3115
dreamlike:0.311
first contact:0.30225
life philosophy:0.3005
quirky:0.3
farce:0.29925
ridiculous:0.29875
crazy:0.29475
dumb:0.2945
not funny:0.2935
childhood:0.289
screwball:0.289
camp:0.28775
end of the world:0.2875
sci fi:0.28675
family:0.286
paranoid:0.28575
historical:0.28325
nudity (topless - notable):0.282
clever:0.2815
wwii:0.27575
light:0.27475
adventure:0.27375
