martial arts:0.985
kung fu:0.9725
action:0.88175
fight scenes:0.83475
hong kong:0.82
original:0.75275
predictable:0.68575
bombs:0.66875
gunfight:0.6465
mafia:0.617
mentor:0.6055
bad plot:0.60125
violence:0.59175
storytelling:0.5885
fighting:0.577
so bad it's funny:0.55775
adventure:0.53125
ninja:0.52375
lone hero:0.50925
explosions:0.50875
story:0.50625
brutality:0.50175
big budget:0.496
fashion:0.492
pointless:0.4905
good action:0.48625
camp:0.47525
action packed:0.46375
betrayal:0.46125
addiction:0.44475
overrated:0.44325
fantasy world:0.4225
destiny:0.4215
computer game:0.40875
first contact:0.4075
dialogue:0.4065
over the top:0.39875
weapons:0.38675
cult film:0.3825
adaptation:0.3805
idiotic:0.3795
disaster:0.379
redemption:0.37675
sports:0.3735
catastrophe:0.3715
runaway:0.3715
franchise:0.37075
visually stunning:0.3655
great ending:0.36525
visually appealing:0.36
quirky:0.35775
fun:0.35675
not funny:0.35575
life philosophy:0.35275
family:0.3525
special effects:0.35175
slapstick:0.35075
suspense:0.34175
fun movie:0.33625
visual:0.33525
campy:0.33175
silly:0.32075
natural disaster:0.32075
nudity (rear):0.319
kick-butt women:0.317
multiple storylines:0.31175
vengeance:0.30925
conspiracy:0.30825
pornography:0.3055
nudity (topless - notable):0.303
dreamlike:0.30225
ridiculous:0.296
entirely dialogue:0.29475
pulp:0.29125
dysfunctional family:0.29025
bad cgi:0.28925
shallow:0.286
murder:0.285
feel-good:0.28475
nudity (full frontal - brief):0.283
great:0.28125
russian:0.28125
women:0.28
video game adaptation:0.2785
transformation:0.27725
sci fi:0.276
science fiction:0.27525
gay:0.27425
splatter:0.27325
melancholic:0.27125
silly fun:0.2705
criterion:0.27025
happy ending:0.2655
unlikely friendships:0.265
colourful:0.2635
adapted from:comic:0.26075
stereotypes:0.26
unusual plot structure:0.25725
computer animation:0.25725
satirical:0.256
