comedy:0.941
good action:0.89925
fun movie:0.89675
chase:0.88325
action:0.88075
buddy movie:0.85275
realistic action:0.80775
good:0.79825
surveillance:0.77925
romance:0.7765
entertaining:0.7455
original:0.7155
funny:0.71275
spying:0.71025
fast paced:0.694
fun:0.6765
1980s:0.65175
80s:0.6405
silly fun:0.60925
lone hero:0.6055
sexy:0.601
hilarious:0.595
great:0.58125
very funny:0.5785
70mm:0.5605
love story:0.55875
mistaken identity:0.52825
romantic:0.52675
humorous:0.52525
intense:0.5245
mentor:0.523
detective:0.5165
violence:0.50225
action packed:0.49925
dialogue:0.4885
predictable:0.483
drama:0.473
catastrophe:0.47225
great ending:0.46525
suspense:0.46325
crime:0.45975
girlie movie:0.45625
destiny:0.45275
happy ending:0.452
pg-13:0.4515
car chase:0.4495
story:0.449
violent:0.44675
culture clash:0.4375
very good:0.43575
cool:0.4195
weapons:0.41775
great movie:0.416
chick flick:0.4105
suspenseful:0.41025
runaway:0.4095
underrated:0.409
family:0.4055
goofy:0.39875
clever:0.37025
police investigation:0.36625
brutality:0.36575
thriller:0.3655
humor:0.36525
storytelling:0.36125
nudity (full frontal - brief):0.35975
special effects:0.35125
good soundtrack:0.341
exciting:0.33625
quirky:0.33475
so bad it's funny:0.3335
erotic:0.3285
vengeance:0.31875
light:0.31775
beautiful scenery:0.31475
transformation:0.313
explosions:0.31275
hitman:0.31225
excellent script:0.311
stereotypes:0.30875
not as good as the first:0.3085
first contact:0.308
melancholic:0.3075
romantic comedy:0.307
unfunny:0.29725
life philosophy:0.2925
death:0.29175
slapstick:0.29025
excellent:0.289
redemption:0.28825
silly:0.288
prison:0.2875
entirely dialogue:0.284
assassination:0.2835
corruption:0.28175
justice:0.2755
classic car:0.275
natural disaster:0.27025
suprisingly clever:0.2695
adaptation:0.2695
