best war films:0.9955
wwii:0.9885
world war ii:0.98825
claustrophobic:0.98575
submarine:0.9755
tense:0.972
german:0.97025
germany:0.95675
imdb top 250:0.94775
war:0.94075
nazis:0.91025
powerful ending:0.89975
realistic:0.89625
masterpiece:0.88925
intense:0.888
wartime:0.88275
epic:0.881
visceral:0.88075
great acting:0.87725
innocence lost:0.874
oscar (best cinematography):0.87125
dramatic:0.87025
grim:0.87
long:0.8685
oscar (best directing):0.863
original:0.83875
boat:0.83425
drama:0.81475
atmospheric:0.81275
forceful:0.80925
excellent script:0.76925
war movie:0.766
great ending:0.761
cinematography:0.761
gritty:0.7585
harsh:0.7435
anti-war:0.73775
courage:0.72525
good acting:0.714
nazi:0.7095
survival:0.70575
suspense:0.70275
great movie:0.69875
storytelling:0.69325
social commentary:0.688
excellent:0.662
honest:0.6615
culture clash:0.6605
breathtaking:0.657
good soundtrack:0.657
dialogue:0.656
golden palm:0.65575
compassionate:0.65475
based on book:0.65
exceptional acting:0.63725
idealism:0.63275
interesting:0.63075
oscar (best actress):0.63
talky:0.62975
great:0.6285
criterion:0.62725
bleak:0.62575
good:0.62175
poignant:0.6195
complex:0.617
brutality:0.61525
foreign:0.61475
beautiful scenery:0.60875
tragedy:0.6075
sacrifice:0.60675
suspenseful:0.59925
visual:0.59425
oscar (best foreign language film):0.5825
world war i:0.575
unusual plot structure:0.571
reflective:0.56775
violent:0.56125
suprisingly clever:0.561
stunning:0.5595
underwater:0.5585
life & death:0.546
factual:0.546
ethnic conflict:0.5445
classic:0.54375
runaway:0.5405
surveillance:0.5345
catastrophe:0.53125
good music:0.531
story:0.529
redemption:0.528
historical:0.52275
propaganda:0.521
politics:0.5165
psychological:0.51275
british:0.51025
thought-provoking:0.50925
friendship:0.509
allegory:0.5085
insanity:0.5055
emotional:0.504
