animals:0.99825
animal movie:0.9825
dog:0.94125
cute:0.88175
cute!:0.88075
children:0.8755
kids:0.87325
heartwarming:0.8385
animated:0.789
dogs:0.77775
original:0.74175
adventure:0.725
unlikely friendships:0.705
narrated:0.6855
friendship:0.66625
childhood:0.5965
family:0.59075
fun movie:0.55575
wilderness:0.549
talking animals:0.542
kids and family:0.537
disney:0.5305
mentor:0.527
animation:0.5235
cartoon:0.5145
good:0.512
entertaining:0.4875
great:0.486
pigs:0.486
fun:0.484
storytelling:0.47725
sweet:0.44075
story:0.44025
chase:0.43425
not funny:0.42975
runaway:0.41425
great ending:0.41
catastrophe:0.40525
touching:0.3885
clever:0.38775
dialogue:0.36925
tear jerker:0.3485
allegory:0.34675
love:0.34325
birds:0.336
feel-good:0.334
destiny:0.3285
good soundtrack:0.3275
life philosophy:0.326
lone hero:0.3185
brutality:0.31725
drama:0.30925
police investigation:0.30325
simple:0.30075
culture clash:0.3
redemption:0.2995
emotional:0.2985
death:0.29475
feel good movie:0.29225
predictable:0.28675
stereotypes:0.2845
light:0.28175
adaptation:0.281
cinematography:0.2795
unusual plot structure:0.276
sentimental:0.27525
very funny:0.275
goofy:0.275
melancholic:0.2735
first contact:0.27125
transformation:0.26825
pg:0.26775
hunting:0.26675
80s:0.26575
betrayal:0.2565
greed:0.256
grindhouse:0.255
inspirational:0.25475
unfunny:0.253
imdb top 250:0.25275
great movie:0.25175
blindness:0.2485
disturbing:0.2485
pornography:0.24825
creativity:0.2455
oscar (best animated feature):0.24525
excellent script:0.24375
entirely dialogue:0.2405
happy ending:0.236
nudity (full frontal - brief):0.2335
adapted from:book:0.23325
harsh:0.23
so bad it's funny:0.2295
stop motion:0.2265
life & death:0.226
violence:0.22575
weird:0.225
jungle:0.22425
suprisingly clever:0.2235
oscar (best directing):0.2225
