teen movie:0.98375
girlie movie:0.94525
teen:0.9185
romance:0.879
based on a book:0.87825
love story:0.86575
adapted from:book:0.831
high school:0.80425
romantic:0.776
pg-13:0.7655
fairy tale:0.76175
chick flick:0.74325
teens:0.73925
bad acting:0.73375
good soundtrack:0.72175
dialogue:0.70275
original:0.67075
witches:0.667
predictable:0.66
silly:0.62025
sexy:0.61525
witch:0.60275
happy ending:0.602
horrible:0.59675
adaptation:0.57275
shallow:0.57025
teenagers:0.57
women:0.5535
romantic comedy:0.5495
book was better:0.5445
so bad it's funny:0.5305
cheesy:0.52625
vampire human love:0.505
goth:0.502
catastrophe:0.481
beautiful scenery:0.48
better than expected:0.474
story:0.4725
bad script:0.46875
magic:0.4385
love:0.43025
fantasy:0.42375
great ending:0.42075
fantasy world:0.41925
fairy tales:0.41875
bad plot:0.4095
visually appealing:0.4035
books:0.4005
teenager:0.39575
dumb but funny:0.3825
pointless:0.38075
relationships:0.3735
transformation:0.36775
mentor:0.36775
cinematography:0.36575
based on book:0.3645
school:0.3625
manipulation:0.3525
sweet:0.3485
lame:0.34625
not funny:0.34275
boring:0.338
bad cgi:0.33575
cheerleading:0.331
erotic:0.324
dumb:0.324
melancholic:0.32225
stupid as hell:0.31575
fun movie:0.3125
fashion:0.31125
script:0.3105
ridiculous:0.30875
destiny:0.30875
life philosophy:0.30775
redemption:0.30525
storytelling:0.30225
awful:0.30225
campy:0.297
plot holes:0.296
powerful ending:0.2915
overrated:0.29
superheroes:0.2865
runaway:0.28475
fight scenes:0.28425
awesome soundtrack:0.2835
bad:0.28275
bdsm:0.28225
twist ending:0.27425
unfunny:0.27125
pornography:0.27075
blindness:0.27
betrayal:0.26575
beautifully filmed:0.26275
beautiful:0.262
guilty pleasure:0.2615
sappy:0.25825
revenge:0.257
police investigation:0.257
entirely dialogue:0.25475
first contact:0.254
