space:0.9445
space travel:0.909
weird:0.882
music:0.88075
surreal:0.82625
original:0.7685
sci fi:0.747
sci-fi:0.6845
scifi:0.6665
science fiction:0.65675
awesome soundtrack:0.64675
enigmatic:0.63975
black and white:0.63625
unusual plot structure:0.63525
quirky:0.633
astronauts:0.61675
art house:0.60525
independent film:0.59375
creativity:0.5625
good music:0.547
low budget:0.5085
musicians:0.486
lynch:0.482
surrealism:0.477
absurd:0.4735
redemption:0.4675
light:0.46075
pointless:0.4605
storytelling:0.43475
life philosophy:0.4345
dialogue:0.4335
criterion:0.43125
suprisingly clever:0.4305
musical:0.427
cult film:0.42675
cinematography:0.4235
visually appealing:0.42
indie:0.4185
talky:0.41775
runaway:0.40975
bizarre:0.392
dreamlike:0.3875
cult classic:0.38525
harsh:0.378
mad scientist:0.37325
so bad it's funny:0.369
melancholic:0.367
dance:0.36675
mentor:0.364
pornography:0.36275
writers:0.361
allegory:0.35875
imdb top 250:0.3565
cerebral:0.34775
existentialism:0.34775
entirely dialogue:0.3475
first contact:0.34275
catastrophe:0.3265
affectionate:0.3145
great ending:0.30975
satirical:0.308
culture clash:0.30475
stylized:0.3045
golden palm:0.3035
good soundtrack:0.3015
artsy:0.2975
art:0.29725
artistic:0.29125
brutality:0.2905
visuals:0.29
life & death:0.28225
film noir:0.275
lyrical:0.2745
depression:0.2715
strange:0.27125
san francisco:0.27075
grim:0.26975
visual:0.265
parallel universe:0.2635
silent:0.2625
social commentary:0.26125
pretentious:0.25925
fantasy world:0.259
disturbing:0.2585
stylish:0.254
intimate:0.25025
solitude:0.249
atmospheric:0.24525
not funny:0.24325
great acting:0.24225
hilarious:0.237
obsession:0.235
slapstick:0.235
imagination:0.2305
unique:0.2275
silly:0.226
love:0.221
clever:0.219
loneliness:0.21675
narrated:0.2165
