alien:0.999
aliens:0.997
graphic design:0.97225
pixar animation:0.95625
alien invasion:0.9495
pixar:0.90425
animation:0.90175
funny:0.89375
short:0.88025
cute:0.8775
light:0.8745
space:0.862
too short:0.85175
imdb top 250:0.84175
original:0.83375
childhood:0.82625
first contact:0.82375
story:0.809
computer animation:0.8075
weird:0.80625
humorous:0.7745
storytelling:0.77375
clever:0.76775
great ending:0.75325
visually appealing:0.734
children:0.72275
allegory:0.71625
fun movie:0.7145
imagination:0.70825
heartwarming:0.70275
oscar winner:0.70175
visual:0.69275
enigmatic:0.69
melancholic:0.68625
culture clash:0.67025
cute!:0.6565
mentor:0.652
visually stunning:0.65175
runaway:0.64925
monster:0.6475
monsters:0.64625
beautifully filmed:0.641
tense:0.6355
destiny:0.63225
very funny:0.63025
reflective:0.62425
sci-fi:0.617
chase:0.61525
fantasy world:0.6145
comedy:0.608
loneliness:0.608
beautiful scenery:0.6065
love story:0.60625
suprisingly clever:0.6035
transformation:0.601
unusual plot structure:0.60025
animated:0.59625
dialogue:0.58525
fun:0.58025
affectionate:0.5795
good:0.56625
catastrophe:0.56625
redemption:0.56525
romantic:0.56475
friendship:0.56375
creativity:0.56325
social commentary:0.56075
cerebral:0.55525
kids and family:0.5465
criterion:0.5455
oscar (best foreign language film):0.5435
interesting:0.52625
technology:0.52625
so bad it's funny:0.5245
happy ending:0.52125
solitude:0.52025
atmospheric:0.51725
very interesting:0.51575
stunning:0.51125
idealism:0.51
life philosophy:0.507
colourful:0.50375
witty:0.49925
artistic:0.499
humor:0.498
whimsical:0.49725
greed:0.49675
existentialism:0.49625
cartoon:0.49325
cinematography:0.488
feel-good:0.48775
oscar (best directing):0.48225
great acting:0.48025
movielens top pick:0.47975
unlikely friendships:0.4785
effects:0.47525
science fiction:0.4715
breathtaking:0.47075
feel good movie:0.47075
good acting:0.46775
