splatter:0.9995
cannibalism:0.99625
zombie:0.993
zombies:0.9915
mad scientist:0.97725
cult film:0.93675
gory:0.92975
cult classic:0.923
gore:0.883
horror:0.8795
apocalypse:0.82925
so bad it's funny:0.8215
gruesome:0.80925
doctors:0.77525
island:0.76275
grindhouse:0.75875
original:0.74075
bloody:0.70725
low budget:0.69725
creepy:0.696
camp:0.67225
demons:0.624
virus:0.62
brutality:0.61225
blood:0.61175
weird:0.60575
idiotic:0.57025
campy:0.55775
transformation:0.5375
nudity:0.527
monster:0.5265
macabre:0.52425
hospital:0.51075
goretastic:0.4825
violence:0.4725
survival:0.464
dialogue:0.45525
italian:0.44725
so bad it's good:0.434
bad acting:0.42025
80s:0.41725
mentor:0.41625
scary:0.4135
not funny:0.4135
life & death:0.40475
solitude:0.40425
life philosophy:0.40325
catastrophe:0.3885
vampire human love:0.3855
good soundtrack:0.3655
predictable:0.35475
spiders:0.3515
downbeat:0.34975
ridiculous:0.34
wilderness:0.34
nudity (topless - notable):0.3335
cheesy:0.3305
cult:0.3255
weapons:0.317
pornography:0.313
jungle:0.307
insanity:0.30225
nudity (full frontal - notable):0.30025
death:0.29975
lone hero:0.29925
great ending:0.2975
monsters:0.29625
goth:0.29525
video game:0.29475
overrated:0.29225
special effects:0.284
sexualized violence:0.27975
bad cgi:0.278
first contact:0.275
dark humor:0.27025
entirely dialogue:0.27
reality tv:0.26875
visceral:0.26825
multiple storylines:0.2675
pointless:0.26325
bad plot:0.263
atmospheric:0.26175
haunted house:0.25925
fight scenes:0.25225
teens:0.24925
based on a video game:0.24625
plot holes:0.24575
great:0.245
disturbing:0.244
new jersey:0.23975
unfunny:0.23625
witches:0.236
talky:0.233
adaptation:0.23
classic car:0.22975
ominous:0.2295
boring:0.228
entertaining:0.22625
holocaust:0.2255
harsh:0.222
