mentor:0.9345
literature:0.91425
depression:0.90775
oscar (best actress):0.89
great acting:0.8535
based on a play:0.8435
character study:0.8425
working class:0.8065
relationships:0.7765
oscar (best supporting actress):0.76275
original:0.75725
unlikely friendships:0.7445
oscar (best directing):0.742
poignant:0.73425
oscar:0.72375
friendship:0.72275
british:0.7175
drama:0.7135
drinking:0.70475
loneliness:0.70325
good:0.69825
witty:0.69425
great ending:0.67925
great:0.674
teacher:0.65425
sentimental:0.6355
intellectual:0.619
adaptation:0.6015
british comedy:0.5965
touching:0.5945
dialogue:0.584
cerebral:0.57825
affectionate:0.574
honest:0.569
dramatic:0.56475
runaway:0.5585
england:0.54925
oscar (best supporting actor):0.5465
feel-good:0.53575
life philosophy:0.535
oscar winner:0.531
emotional:0.52775
great movie:0.5195
excellent script:0.512
good soundtrack:0.5075
story:0.49525
college:0.494
adapted from:book:0.48725
happy ending:0.48475
fun movie:0.48375
wine:0.47975
oscar (best actor):0.47525
crime gone awry:0.47025
cheating:0.46925
imdb top 250:0.469
talky:0.468
very good:0.46325
life:0.45775
destiny:0.45675
earnest:0.44675
london:0.442
storytelling:0.44025
childhood:0.43575
alcoholism:0.4355
culture clash:0.42275
bittersweet:0.41225
catastrophe:0.41075
great dialogue:0.40725
feel good movie:0.40275
clever:0.4025
eccentricity:0.39875
exceptional acting:0.3985
books:0.39825
inspirational:0.39375
criterion:0.3925
oscar (best picture):0.3915
intimate:0.38975
psychiatry:0.3895
multiple storylines:0.3825
tragedy:0.38175
entirely dialogue:0.381
good acting:0.381
alter ego:0.3795
movielens top pick:0.3775
pg-13:0.3745
redemption:0.37275
idealism:0.3715
family:0.3635
heartwarming:0.36275
social commentary:0.3625
greed:0.36125
light:0.36
inspiring:0.35925
melancholic:0.358
unusual plot structure:0.35625
educational:0.35325
writers:0.35275
reflective:0.35225
life & death:0.346
realistic:0.34425
