disney animated feature:0.995
animation:0.99
cartoon:0.98775
animals:0.98025
animated:0.97225
sweet:0.94775
classic:0.93325
cute:0.92875
disney:0.92875
talking animals:0.83825
fairy tale:0.80675
children:0.77925
simple:0.778
original:0.7735
kids and family:0.769
childhood:0.75625
heartwarming:0.73275
musical:0.71475
family:0.714
fun movie:0.70775
stereotypes:0.70225
cute!:0.687
story:0.674
happy ending:0.6565
friendship:0.6515
animal movie:0.65
kids:0.59375
storytelling:0.58775
great:0.587
unlikely friendships:0.57475
colourful:0.57225
touching:0.56275
adapted from:book:0.5535
fun:0.54725
good:0.5275
oscar (best music - original song):0.51375
lions:0.51125
runaway:0.49125
great movie:0.4845
earnest:0.48025
great ending:0.4655
mentor:0.4485
circus:0.4475
greed:0.44675
culture clash:0.435
bullying:0.4335
based on book:0.4175
good soundtrack:0.41625
clever:0.4115
catastrophe:0.405
hunting:0.40425
suprisingly clever:0.394
too short:0.39275
masterpiece:0.38975
loneliness:0.38925
dialogue:0.3885
heartbreaking:0.3865
romantic:0.384
oscar (best directing):0.38275
sentimental:0.3825
adaptation:0.38225
oscar (best actress):0.38175
drinking:0.3815
nocturnal:0.37875
computer animation:0.37725
sad:0.377
oscar (best music - original score):0.368
oscar (best supporting actress):0.35875
good versus evil:0.3445
redemption:0.3445
poignant:0.34175
light:0.334
feel-good:0.32725
not funny:0.32725
prejudice:0.327
surreal:0.3215
snakes:0.32075
melancholic:0.31975
life philosophy:0.31825
weird:0.318
emotional:0.31
beautiful scenery:0.3015
whimsical:0.30125
destiny:0.29925
oscar (best animated feature):0.29475
criterion:0.2935
dramatic:0.2885
oscar winner:0.28825
goofy:0.287
brutality:0.286
drama:0.2835
talky:0.28025
imdb top 250:0.27925
notable soundtrack:0.2785
visually appealing:0.2785
adventure:0.278
entertaining:0.27625
very funny:0.27575
chase:0.2735
witches:0.2735
