cannibalism:0.99925
splatter:0.9955
gruesome:0.9835
gory:0.97625
brutality:0.95325
jungle:0.93975
horror:0.91925
bloody:0.91775
cult classic:0.8895
cult film:0.8585
violent:0.8555
grindhouse:0.8365
violence:0.83425
visceral:0.831
disturbing:0.80825
sexualized violence:0.7975
camp:0.78925
brutal:0.75675
gore:0.7495
controversial:0.723
harsh:0.7085
original:0.70575
weird:0.65725
so bad it's funny:0.641
campy:0.62725
demons:0.617
good soundtrack:0.60025
slasher:0.5935
bad acting:0.58725
low budget:0.584
pointless:0.5835
blood:0.57425
serial killer:0.57225
zombie:0.5705
creepy:0.55325
macabre:0.5445
mad scientist:0.526
gratuitous violence:0.52575
holocaust:0.52425
goofy:0.49125
goretastic:0.491
animals:0.4855
nudity (full frontal - notable):0.4815
cult:0.47675
revenge:0.4705
pornography:0.46575
not funny:0.461
snakes:0.45775
dialogue:0.45075
scary:0.443
torture:0.433
police investigation:0.41375
insanity:0.3985
predictable:0.397
silly:0.38875
grim:0.3855
south america:0.3835
catastrophe:0.37825
mentor:0.37025
goth:0.365
monster:0.35575
teens:0.3525
gangsters:0.3475
lone hero:0.34175
absurd:0.33625
overrated:0.33625
entirely dialogue:0.336
graphic novel:0.333
vengeance:0.33025
murder:0.32675
multiple storylines:0.32525
nudity:0.3245
ironic:0.32325
quirky:0.3175
rape:0.31275
criterion:0.303
first contact:0.30175
pulp:0.2985
nudity (full frontal):0.29275
nudity (topless - notable):0.29175
survival:0.29075
nudity (topless):0.28875
special effects:0.2865
stylish:0.2855
weapons:0.276
adaptation:0.27425
death:0.272
80s:0.2715
social commentary:0.26825
slapstick:0.267
boring:0.267
stylized:0.26675
adventure:0.26675
culture clash:0.26625
fantasy world:0.25825
visually appealing:0.25825
over the top:0.258
atmospheric:0.25775
nudity (topless - brief):0.257
kidnapping:0.257
