enigmatic:0.934
visually appealing:0.90575
surreal:0.879
cinematography:0.8505
sexy:0.83525
beautiful:0.82625
original:0.82375
weird:0.783
obsession:0.7555
adultery:0.73525
criterion:0.72025
complex:0.71075
french:0.70425
visual:0.6855
nudity (full frontal - notable):0.67825
photography:0.67375
love triangles:0.67175
pornography:0.66675
cynical:0.66475
beautifully filmed:0.6595
visually stunning:0.657
confusing:0.657
stunning:0.648
stylized:0.64375
passionate:0.6425
talky:0.62275
breathtaking:0.61325
art house:0.61
very interesting:0.6015
sexualized violence:0.5965
beautiful scenery:0.5915
pointless:0.5905
sexual:0.58325
music:0.5815
nudity (topless - notable):0.5745
stylish:0.561
france:0.553
meditative:0.54775
satirical:0.5425
male nudity:0.5415
dreamlike:0.5295
love:0.52925
melancholic:0.52675
allegory:0.52525
marriage:0.5175
absurd:0.51675
colourful:0.51275
relationships:0.5115
surrealism:0.508
cerebral:0.506
author:neil gaiman:0.50525
grindhouse:0.49175
non-linear:0.4845
satire:0.4775
great ending:0.47
bittersweet:0.46975
nonlinear:0.46175
scenic:0.45775
controversial:0.456
shallow:0.45475
mindfuck:0.45375
intimate:0.45275
runaway:0.441
secrets:0.43975
interracial romance:0.4375
twists & turns:0.43575
plot twist:0.435
good soundtrack:0.434
dialogue:0.4335
complicated:0.431
art:0.43025
mentor:0.42175
psychological:0.415
disturbing:0.4135
erotic:0.41225
catastrophe:0.40975
fantasy world:0.4015
police investigation:0.3995
melancholy:0.3955
atmospheric:0.39525
harsh:0.3925
biting:0.39075
golden palm:0.389
affectionate:0.38825
almodovar:0.388
costume drama:0.3835
off-beat comedy:0.3825
irreverent:0.3765
parallel universe:0.376
women:0.3685
brutality:0.36675
bloody:0.3625
sexuality:0.3605
glbt:0.35525
bollywood:0.355
spanish:0.35475
existentialism:0.35225
fight scenes:0.35225
not funny:0.35025
murder:0.34975
