doctors:0.99425
time loop:0.963
science fiction:0.95525
war:0.904
series:0.8895
time:0.88675
sci-fi:0.881
space:0.85775
original:0.8575
great ending:0.825
time travel:0.80925
scifi:0.8005
clever:0.786
imdb top 250:0.77525
future:0.76325
special:0.748
parallel universe:0.74575
sci fi:0.7305
based on a tv show:0.72825
adventure:0.72725
original plot:0.70825
franchise:0.6965
plot:0.6885
story:0.68325
great:0.68225
pg-13:0.676
whimsical:0.6715
mad scientist:0.64725
reflective:0.6465
imagination:0.64525
special effects:0.6435
dialogue:0.643
affectionate:0.64125
mythology:0.62975
genocide:0.62325
twists & turns:0.62025
technology:0.62
witty:0.6175
hospital:0.6055
complex:0.60325
destiny:0.5995
epic:0.59725
weapons:0.5965
storytelling:0.59575
nostalgic:0.595
history:0.57775
good:0.57325
exciting:0.573
childhood:0.56925
british:0.566
suprisingly clever:0.561
mentor:0.56075
classic:0.55875
love story:0.556
us history:0.554
visual:0.5505
london:0.55025
england:0.54775
big budget:0.5475
interesting:0.5475
drama:0.547
suspense:0.54575
unusual plot structure:0.5455
awesome soundtrack:0.54375
culture clash:0.542
talky:0.52775
dramatic:0.52225
cerebral:0.52075
great movie:0.519
vengeance:0.5115
fantasy world:0.50875
beautifully filmed:0.504
complicated:0.50275
catastrophe:0.50125
quotable:0.50125
masterpiece:0.497
plot holes:0.49575
cool:0.49025
immortality:0.486
amazing photography:0.48275
secrets:0.48175
runaway:0.47375
oscar (best effects - visual effects):0.46625
trilogy:0.4645
silly:0.4635
atmospheric:0.4625
visually stunning:0.46175
scenic:0.46075
good soundtrack:0.45875
movielens top pick:0.4565
beautiful scenery:0.4545
justice:0.45325
oscar (best directing):0.4525
guilt:0.45175
poignant:0.45025
gunfight:0.44825
chase:0.443
social commentary:0.44025
oscar (best supporting actress):0.4325
dynamic cgi action:0.4325
