weird:0.9815
loneliness:0.9685
relationships:0.96625
off-beat comedy:0.96575
surreal:0.96175
absurd:0.9495
dark humor:0.9425
hotel:0.9395
allegory:0.8955
social commentary:0.884
obsession:0.84375
surrealism:0.8385
original:0.828
art house:0.8175
enigmatic:0.817
deadpan:0.81575
love:0.81
visually appealing:0.809
dark:0.79875
dystopia:0.79625
strange:0.775
satirical:0.7405
black comedy:0.7365
quirky:0.725
bizarre:0.72125
criterion:0.7085
dark comedy:0.69325
alternate reality:0.6925
artsy:0.69125
pretentious:0.6845
disturbing:0.68325
cult film:0.67875
drama:0.67575
insanity:0.661
satire:0.6545
cinematography:0.64875
very interesting:0.64225
blindness:0.6315
cerebral:0.6305
psychological:0.626
bleak:0.617
intimate:0.61375
existentialism:0.60125
complex:0.60075
independent film:0.59825
dialogue:0.589
depression:0.583
storytelling:0.5825
confusing:0.56175
romance:0.56075
intellectual:0.54725
melancholic:0.5465
cult classic:0.54325
life & death:0.53575
interesting:0.53475
artistic:0.5285
greed:0.52675
pornography:0.524
clever:0.5235
brutality:0.52275
dreamlike:0.517
entirely dialogue:0.51575
beautiful scenery:0.5155
slow paced:0.5105
animals:0.5105
violent:0.5105
runaway:0.5075
hunting:0.49975
complicated:0.49775
life philosophy:0.49375
stylized:0.49025
pointless:0.4875
nudity (full frontal - notable):0.48425
indie:0.477
brutal:0.4765
suicide attempt:0.4735
thought-provoking:0.45425
solitude:0.4505
art:0.44725
romantic:0.4445
great ending:0.4405
grindhouse:0.43925
visually stunning:0.4385
good soundtrack:0.43775
golden palm:0.43625
narrated:0.43525
macabre:0.4325
love story:0.4315
crime gone awry:0.43025
ironic:0.42925
unusual plot structure:0.42175
bad ending:0.42125
alternate history:0.4175
wilderness:0.41725
talky:0.417
multiple storylines:0.4115
catastrophe:0.41125
slow:0.411
oscar (best writing - screenplay written directly for the screen):0.41
nonlinear:0.40725
