70mm:0.992
tense:0.84
oscar (best directing):0.83025
best war films:0.817
intense:0.797
imdb top 250:0.797
destiny:0.795
great acting:0.79125
politics:0.78375
us history:0.77
forceful:0.7595
cinematography:0.75575
original:0.75225
sacrifice:0.74
china:0.73775
great movie:0.73725
drama:0.73
oscar (best actress):0.72525
political:0.724
oscar:0.722
epic:0.72125
redemption:0.7015
powerful ending:0.70025
history:0.699
dramatic:0.69775
civil war:0.69125
war:0.67925
story:0.67575
historical:0.6755
oscar winner:0.67225
romance:0.67025
tragedy:0.66225
mentor:0.662
love story:0.65725
oscar (best supporting actor):0.65425
great:0.653
runaway:0.638
1920s:0.63625
gunfight:0.63425
censorship:0.62925
compassionate:0.62425
oscar (best cinematography):0.619
dialogue:0.616
earnest:0.61575
romantic:0.60525
beautiful scenery:0.601
foreign:0.60075
vietnam war:0.5965
great cinematography:0.58975
prejudice:0.5855
revolution:0.5845
good:0.5825
corruption:0.579
violent:0.57725
culture clash:0.57425
breathtaking:0.567
brutality:0.567
military:0.551
harsh:0.54875
adapted from:book:0.545
rebellion:0.54025
oscar (best supporting actress):0.53225
period piece:0.531
anti-war:0.5305
based on book:0.529
realistic:0.5225
great ending:0.5155
justice:0.50975
friendship:0.5095
good acting:0.509
scenic:0.5065
storytelling:0.50525
greed:0.505
quotable:0.504
talky:0.5025
catastrophe:0.50075
suspense:0.489
honest:0.48875
survival:0.485
based on a book:0.4835
criterion:0.483
adventure:0.48175
ethnic conflict:0.4815
excellent:0.4805
oscar (best actor):0.4795
ensemble cast:0.47925
exceptional acting:0.4775
weapons:0.47475
war movie:0.46975
oscar (best picture):0.46875
long:0.46725
1930s:0.46725
courage:0.46425
complex:0.4635
idealism:0.4635
action:0.46325
allegory:0.4615
visceral:0.46125
afi 100 (movie quotes):0.46
fighting the system:0.45825
