criterion:0.989
meditative:0.90125
melancholy:0.872
enigmatic:0.862
masterpiece:0.86075
melancholic:0.85975
relationships:0.85375
cinematography:0.85125
golden palm:0.84325
visually appealing:0.827
talky:0.82475
visual:0.821
childhood:0.8205
bleak:0.7995
downbeat:0.779
harsh:0.7745
forceful:0.7725
beautifully filmed:0.7625
life & death:0.76175
cerebral:0.75825
art:0.742
breathtaking:0.73375
reflective:0.72625
passionate:0.72225
destiny:0.71
gunfight:0.707
artistic:0.70025
runaway:0.6985
storytelling:0.6925
loneliness:0.6915
character study:0.69
original:0.6765
life:0.676
existentialism:0.67125
very interesting:0.646
complex:0.645
visually stunning:0.6445
tokyo:0.6395
stylized:0.63825
greed:0.62825
story:0.62725
male nudity:0.6265
marriage:0.62175
women:0.62075
giant robots:0.6155
obsession:0.6115
sexy:0.6075
silent:0.599
memory:0.59525
grim:0.586
affectionate:0.5795
france:0.573
allegory:0.56625
photography:0.56225
oscar (best foreign language film):0.562
doctors:0.5535
imagination:0.549
dreams:0.547
drinking:0.5415
stunning:0.53975
culture clash:0.5395
intimate:0.52975
fight scenes:0.52775
nocturnal:0.5245
dreamlike:0.52375
biography:0.51875
black and white:0.51525
atmospheric:0.51475
road movie:0.51425
circus:0.501
artist:0.50075
cynical:0.48925
vengeance:0.48725
japan:0.4865
beautiful scenery:0.47925
suprisingly clever:0.47875
fantasy world:0.4785
great:0.47825
beautiful:0.47775
french:0.476
farce:0.474
romantic:0.47325
life philosophy:0.47325
movielens top pick:0.47
california:0.465
fun movie:0.456
colourful:0.4495
paris:0.4465
transformation:0.4445
redemption:0.4425
amazing photography:0.439
imdb top 250:0.4375
pornography:0.4355
catastrophe:0.43475
workplace:0.429
tense:0.41775
oscar (best cinematography):0.41725
1950s:0.4115
19th century:0.403
betrayal:0.4025
