martial arts:0.93925
fantasy:0.92375
ninja:0.8965
high school:0.85325
teen movie:0.83725
fun movie:0.8355
bullying:0.824
single father:0.805
mentor:0.786
bad plot:0.7715
fight scenes:0.77025
action:0.75225
kids:0.738
silly:0.72875
goofy:0.7215
original:0.719
teen:0.71675
fantasy world:0.7145
predictable:0.674
silly fun:0.6735
dreams:0.671
so bad it's funny:0.64525
dragons:0.626
teens:0.60725
teacher:0.58575
pulp:0.5805
big budget:0.571
fun:0.568
imaginary friend:0.5655
underdog:0.5545
kung fu:0.54525
stupid as hell:0.524
fighting:0.51825
cheesy:0.50025
weapons:0.48375
teenager:0.48325
80s:0.48125
great:0.481
school:0.47975
franchise:0.46375
great ending:0.4505
special effects:0.43725
catastrophe:0.4335
stupid:0.429
family:0.427
nudity (topless - notable):0.4165
destiny:0.4155
dialogue:0.41125
corny:0.40175
slapstick:0.39475
natural disaster:0.39125
pg-13:0.383
humorous:0.37675
very funny:0.36675
feel good movie:0.36525
feel-good:0.36475
first contact:0.363
bad acting:0.36075
competition:0.359
based on a video game:0.35825
crude humor:0.35425
overrated:0.353
nostalgia:0.353
sports:0.35225
bad:0.349
camp:0.34875
pointless:0.34625
satirical:0.343
crappy sequel:0.342
childhood:0.3405
life philosophy:0.33525
magic:0.33175
horrible:0.3285
superheroes:0.3205
shallow:0.31375
not funny:0.313
storytelling:0.31
nudity (topless):0.306
lone hero:0.3045
sci fi:0.30175
violent:0.30125
bad cgi:0.2955
brutality:0.293
disaster:0.2915
good action:0.2905
wizards:0.28975
awesome soundtrack:0.2895
inspirational:0.28725
giant robots:0.28125
stoner movie:0.27975
transformation:0.2795
erotic:0.278
unfunny:0.27675
entirely dialogue:0.27675
spoof:0.27625
campy:0.27575
girlie movie:0.26975
quirky:0.26975
high fantasy:0.2695
adaptation:0.269
