small town:0.94725
dreams:0.8995
feel-good:0.8925
astronauts:0.88125
family:0.87875
space travel:0.8725
nasa:0.8665
space program:0.86025
space:0.84725
family drama:0.838
family bonds:0.78975
feel good movie:0.756
original:0.72125
life philosophy:0.67675
heartwarming:0.671
so bad it's funny:0.654
pg-13:0.64375
great ending:0.6355
chase:0.63275
good:0.63225
fantasy:0.63125
story:0.62175
sentimental:0.601
science:0.60025
good action:0.587
predictable:0.58375
destiny:0.572
natural disaster:0.56025
mentor:0.5545
happy ending:0.55325
inspirational:0.549
children:0.54875
dysfunctional family:0.547
catastrophe:0.5465
first contact:0.54525
kids:0.544
kids and family:0.5425
runaway:0.537
plot:0.52675
storytelling:0.50425
transformation:0.49975
culture clash:0.489
drama:0.47425
scifi:0.463
based on true story:0.46275
dialogue:0.46175
brothers:0.4605
weapons:0.45675
good story:0.44675
secrets:0.44525
sci fi:0.44275
whimsical:0.4365
inspiring:0.429
texas:0.416
redemption:0.412
great:0.411
special effects:0.41075
lame:0.4095
sappy:0.40825
creativity:0.404
childhood:0.402
corny:0.3935
underdog:0.392
big budget:0.3905
dreamlike:0.38675
stereotypes:0.38575
plot holes:0.38475
better than expected:0.38475
intense:0.37825
science fiction:0.375
quirky:0.37475
police investigation:0.37425
disaster:0.37275
surreal:0.37075
adventure:0.367
school:0.3545
melancholic:0.35125
surveillance:0.34875
clever:0.34475
mars:0.344
dog:0.3435
dramatic:0.338
not funny:0.337
sacrifice:0.3365
good soundtrack:0.3365
touching:0.33575
greed:0.32925
fun movie:0.32875
emotional:0.328
suspense:0.327
conspiracy theory:0.32475
single father:0.321
social commentary:0.31975
lone hero:0.3125
good acting:0.31125
adaptation:0.3105
weird:0.31025
pg:0.30725
justice:0.30525
independent film:0.30275
