romantic:0.93175
love story:0.902
romantic comedy:0.88225
romance:0.86525
chick flick:0.86475
san francisco:0.82425
happy ending:0.77675
terminal illness:0.7605
destiny:0.75525
original:0.73925
life philosophy:0.729
love:0.728
cancer:0.7205
sappy:0.717
life & death:0.7125
sweet:0.68725
life:0.67025
drama:0.66875
quirky:0.618
tear jerker:0.6015
great ending:0.58975
predictable:0.58375
good romantic comedies:0.58225
girlie movie:0.565
feel-good:0.5535
bittersweet:0.548
catastrophe:0.53925
touching:0.52825
sad:0.50825
immortality:0.49525
first contact:0.45475
bad ending:0.4505
sentimental:0.44875
feel good movie:0.44375
bad acting:0.44325
mentor:0.41975
natural disaster:0.39825
twist ending:0.3935
death:0.38275
loneliness:0.37625
cute:0.3735
good soundtrack:0.36875
so bad it's funny:0.3615
transformation:0.3515
relationships:0.351
story:0.34925
not funny:0.346
beautiful scenery:0.34275
unrealistic:0.342
better than expected:0.3385
horrible:0.32575
internet:0.31925
emotional:0.318
doctors:0.3175
bad plot:0.31675
great:0.31225
dialogue:0.30225
runaway:0.286
sacrifice:0.28125
whimsical:0.27975
cute!:0.2775
pg-13:0.274
justice:0.27375
fun movie:0.273
original plot:0.2725
remake:0.26725
shopping:0.256
good:0.2555
cult film:0.25325
enigmatic:0.25275
culture clash:0.24725
melancholic:0.247
surprise ending:0.24675
pornography:0.24625
brutality:0.246
storytelling:0.23925
bad cgi:0.23775
existentialism:0.23575
thought-provoking:0.23575
shallow:0.235
overrated:0.235
stereotypes:0.23325
solitude:0.2315
women:0.231
fantasy world:0.231
entirely dialogue:0.231
great acting:0.23025
silly:0.229
adaptation:0.2255
greed:0.2245
honest:0.222
new jersey:0.219
writers:0.2185
creativity:0.2185
vengeance:0.218
unfunny:0.2165
memory:0.21625
fight scenes:0.21575
corny:0.21475
dog:0.21425
