romantic:0.954
love story:0.9185
talky:0.88275
love:0.869
oscar (best actress):0.86275
sacrifice:0.8615
oscar (best directing):0.8525
classic:0.83225
original:0.823
1930s:0.807
biographical:0.8065
bittersweet:0.7955
cinematography:0.78475
tragedy:0.78475
based on a play:0.773
romance:0.75425
mentor:0.7475
death:0.74625
great acting:0.73925
affectionate:0.734
oscar (best supporting actress):0.726
touching:0.724
beautiful:0.71825
unusual plot structure:0.71825
sexy:0.7145
adapted from:book:0.71325
sentimental:0.71
relationships:0.7055
beautiful scenery:0.68775
criterion:0.686
runaway:0.6615
drama:0.6595
beautifully filmed:0.6565
destiny:0.656
poignant:0.65475
cynical:0.65
imdb top 250:0.64575
sweet:0.62425
intense:0.6215
drinking:0.60925
dramatic:0.60725
earnest:0.59875
gay:0.59775
emotional:0.5875
murder:0.5855
passionate:0.58525
enigmatic:0.57425
black and white:0.5715
period piece:0.56525
afi 100 (movie quotes):0.5645
costume drama:0.56175
oscar (best cinematography):0.56175
oscar winner:0.561
paris:0.55975
melancholy:0.5565
movielens top pick:0.5515
complex characters:0.54975
clever:0.54825
good soundtrack:0.53025
screwball:0.528
culture clash:0.52725
oscar (best actor):0.527
chase:0.5255
opera:0.52025
adaptation:0.519
oscar (best supporting actor):0.517
witty:0.51625
storytelling:0.51175
greed:0.51025
unlikely friendships:0.50925
obsession:0.509
19th century:0.504
oscar:0.5035
story:0.5015
narrated:0.50025
silent:0.49625
chick flick:0.48825
good:0.48775
macabre:0.487
melancholic:0.486
transformation:0.475
fight scenes:0.47475
idealism:0.47375
life & death:0.472
heartwarming:0.4715
spying:0.47125
excellent script:0.468
social commentary:0.46775
courage:0.46575
great:0.463
very interesting:0.463
special:0.45575
great movie:0.45525
sappy:0.453
vengeance:0.448
excellent:0.447
fun movie:0.445
masterpiece:0.44175
underdog:0.43825
oscar (best writing - screenplay written directly for the screen):0.43825
