criterion:0.9845
surreal:0.967
reflective:0.96275
imdb top 250:0.96
masterpiece:0.9465
artistic:0.93775
dreams:0.93225
enigmatic:0.91275
obsession:0.89675
imagination:0.87325
cerebral:0.87025
weird:0.8655
existentialism:0.86275
surrealism:0.855
creativity:0.852
talky:0.85125
non-linear:0.8285
intellectual:0.819
affectionate:0.80775
cinematography:0.80275
visually stunning:0.7955
innocence lost:0.7955
visual:0.76275
original:0.762
black and white:0.7585
visually appealing:0.757
art:0.7545
loneliness:0.74775
melancholic:0.74725
complex:0.74275
art house:0.7355
fantasy:0.73475
golden palm:0.72625
oscar (best foreign language film):0.726
relationships:0.72225
melancholy:0.717
whimsical:0.705
dreamlike:0.701
artist:0.691
childhood:0.6875
absurd:0.68575
storytelling:0.68225
quirky:0.67925
philosophical:0.67625
meditative:0.66475
midlife crisis:0.64975
memory:0.649
social commentary:0.6405
beautifully filmed:0.637
life & death:0.6365
intimate:0.62225
cult classic:0.6105
nocturnal:0.61
colourful:0.6035
breathtaking:0.60325
suprisingly clever:0.6005
good soundtrack:0.598
stylized:0.59525
satirical:0.5905
dark humor:0.58925
visceral:0.58925
runaway:0.58075
nonlinear:0.57975
stylish:0.5765
unusual plot structure:0.572
atmospheric:0.571
oscar (best directing):0.56625
confusing:0.56175
psychological:0.554
writers:0.5485
life philosophy:0.54425
poignant:0.5435
dialogue:0.53375
witty:0.52975
cynical:0.528
philosophy:0.5275
bleak:0.52625
life:0.524
handycam:0.5235
allegory:0.518
foreign:0.51725
psychology:0.5145
solitude:0.4985
culture clash:0.49775
very interesting:0.49325
off-beat comedy:0.49225
character study:0.4885
pretentious:0.48625
insanity:0.4855
mentor:0.4845
bittersweet:0.4775
cathartic:0.477
oscar (best writing - screenplay written directly for the screen):0.47475
ironic:0.46775
narrated:0.4675
fantasy world:0.46525
great ending:0.46325
distopia:0.45625
cult film:0.45475
interesting:0.4545
