noir thriller:0.962
detective:0.91325
twists & turns:0.8975
murder:0.883
sexy:0.841
great ending:0.84075
crime:0.833
murder mystery:0.8325
noir:0.8185
original:0.8165
police investigation:0.81575
nudity (full frontal):0.80925
twist ending:0.7805
suspenseful:0.77125
thriller:0.76725
betrayal:0.762
tricky:0.75725
nudity (full frontal - notable):0.752
suspense:0.7505
good:0.7395
infidelity:0.73675
destiny:0.73325
film noir:0.7255
neo-noir:0.72275
plot twist:0.71725
intense:0.707
plot holes:0.70375
greed:0.70175
twist:0.68975
chase:0.685
pornography:0.67525
first contact:0.6685
mystery:0.664
erotic:0.6365
dialogue:0.6285
clever:0.61775
story:0.612
plot:0.611
interesting:0.60525
sexualized violence:0.59625
tense:0.58375
predictable:0.57875
complex:0.57475
investigation:0.56575
original plot:0.56575
lawyer:0.558
secrets:0.55275
stylish:0.5415
divorce:0.5255
happy ending:0.52
visual:0.515
police:0.51025
manipulation:0.50775
corruption:0.507
justice:0.50375
nudity (full frontal - brief):0.5005
sci fi:0.49225
psychological:0.4885
nudity (rear):0.4785
nudity (topless):0.47075
surveillance:0.47075
moral ambiguity:0.46375
scifi:0.45875
notable nudity:0.45425
violent:0.44975
vengeance:0.44875
scenic:0.4345
very interesting:0.43175
good acting:0.4305
action:0.43
police corruption:0.4295
underrated:0.42575
science fiction:0.42225
special effects:0.422
enigmatic:0.41875
death:0.41775
catastrophe:0.41575
runaway:0.41275
surprise ending:0.40975
guilt:0.409
talky:0.407
blindness:0.405
revenge:0.40475
mentor:0.40125
nudity (topless - notable):0.3975
pulp:0.39525
doctors:0.3925
visually appealing:0.39175
no plot:0.38925
fantasy world:0.38875
guns:0.3825
hunting:0.381
marriage:0.3805
adaptation:0.37875
light:0.378
not funny:0.37575
redemption:0.375
visually stunning:0.373
bad plot:0.3715
unusual plot structure:0.36525
