original:0.85225
guns:0.783
gay:0.77725
violence:0.76525
stereotypes:0.763
life & death:0.746
satirical:0.74325
pointless:0.696
pulp:0.69525
survival:0.672
satire:0.65725
ensemble cast:0.62875
weapons:0.61625
obsession:0.59025
dialogue:0.5595
hip hop:0.55525
social commentary:0.554
quirky:0.5385
propaganda:0.53
thought-provoking:0.5255
predictable:0.52325
story:0.5185
stylized:0.512
catastrophe:0.508
claustrophobic:0.49975
independent film:0.49075
justice:0.48775
idiotic:0.48375
great ending:0.4805
shallow:0.46625
interesting:0.465
family:0.46275
weird:0.4575
good soundtrack:0.45625
happy ending:0.454
absurd:0.447
mentor:0.4435
realistic:0.4425
intense:0.44
destiny:0.434
entirely dialogue:0.42775
mental illness:0.42175
awful:0.42075
culture clash:0.4175
honest:0.4115
sacrifice:0.40525
complex:0.40225
fantasy world:0.40175
clever:0.396
nudity (full frontal - brief):0.3935
black comedy:0.38975
bad acting:0.38625
brutality:0.37775
runaway:0.37675
dramatic:0.3765
storytelling:0.37375
distopia:0.3735
multiple storylines:0.37175
sci fi:0.37075
queer:0.37
dark comedy:0.36925
corruption:0.3675
good:0.36725
enormously long battle scene:0.3655
bad:0.36425
writers:0.36425
lame:0.36125
hitman:0.3585
nocturnal:0.3575
bad plot:0.35425
prejudice:0.35275
existentialism:0.3505
life philosophy:0.34825
narrated:0.3475
murder:0.344
pg-13:0.341
plot holes:0.34025
gangsters:0.33925
awesome soundtrack:0.33825
redemption:0.338
drama:0.333
grindhouse:0.3325
melancholic:0.3325
great:0.33225
lone hero:0.33075
cartoon:0.32675
sad but good:0.3245
internet:0.324
directorial debut:0.32375
geek:0.32275
adaptation:0.3215
fight scenes:0.31875
alternate history:0.31675
sexualized violence:0.31525
crime:0.312
cinematography:0.31175
fun movie:0.311
not funny:0.30875
dark hero:0.30725
visually appealing:0.307
