police:0.97425
buddy movie:0.964
comedy:0.9425
funny:0.85275
hilarious:0.803
los angeles:0.795
police investigation:0.78775
so bad it's funny:0.78575
very funny:0.7165
goofy:0.70575
weed:0.69475
silly:0.691
story:0.67875
stoner movie:0.65
original:0.60525
crude humor:0.602
stupidity:0.596
police corruption:0.56375
funny as hell:0.56325
predictable:0.55275
absurd:0.5415
funniest movies:0.53875
detective:0.5355
pg-13:0.53525
dumb:0.524
stupid:0.52075
better than expected:0.5095
happy ending:0.50625
stereotypes:0.50275
slapstick:0.501
dumb but funny:0.48125
great ending:0.47275
dialogue:0.4685
pornography:0.4635
unfunny:0.45975
parody:0.451
fun movie:0.4405
catastrophe:0.4405
drinking:0.43775
silly fun:0.42975
college:0.422
action:0.41275
teen movie:0.388
mentor:0.38
brutality:0.3755
creativity:0.37
life philosophy:0.37
surveillance:0.36975
chase:0.368
good:0.36125
storytelling:0.35425
ridiculous:0.352
unlikeable characters:0.35025
suprisingly clever:0.34675
plot holes:0.345
corruption:0.344
video game:0.344
amy smart:0.34275
crime:0.3375
humorous:0.333
saturday night live:0.333
quotable:0.3315
justice:0.32925
bad plot:0.318
workplace:0.31025
gangsters:0.304
stupid as hell:0.30225
beer:0.302
plot:0.3
girlie movie:0.285
weapons:0.28425
runaway:0.281
twists & turns:0.27475
culture clash:0.27475
harsh:0.26875
cult classic:0.2645
fun:0.26375
idiotic:0.2555
first contact:0.25425
natural disaster:0.2535
teens:0.25275
good action:0.24875
clever:0.24675
shopping:0.245
enigmatic:0.24275
great:0.24175
light:0.24075
adaptation:0.237
lone hero:0.2365
strippers:0.23575
undercover cop:0.23175
women:0.23075
entirely dialogue:0.23025
teen:0.23025
spoof:0.227
no plot:0.224
lame:0.223
franchise:0.21775
superheroes:0.2145
entertaining:0.21325
