conspiracy:0.9645
cinematography:0.9395
existentialism:0.89025
paranoia:0.88375
biographical:0.88325
surreal:0.875
weird:0.8625
original:0.8545
imagination:0.84425
storytelling:0.83725
visually stunning:0.83125
visual:0.812
paranoid:0.81025
adapted from:book:0.804
mentor:0.802
biopic:0.78875
complex:0.78775
cerebral:0.772
interesting:0.77025
dark:0.76525
visually appealing:0.7595
literature:0.75875
cult classic:0.757
social commentary:0.75575
psychological:0.75525
great cinematography:0.7545
enigmatic:0.75425
black and white:0.75325
writers:0.752
philosophy:0.74775
artistic:0.74375
atmospheric:0.7425
story:0.74125
dystopia:0.7365
adaptation:0.73475
mad scientist:0.73425
secrets:0.7305
absurd:0.72475
mystery:0.7235
tricky:0.721
good soundtrack:0.71575
whimsical:0.70725
writing:0.7025
stylized:0.702
loneliness:0.6995
great ending:0.6965
claustrophobic:0.67725
thought-provoking:0.669
ominous:0.66825
greed:0.6675
insanity:0.6645
film noir:0.65875
plot:0.6575
life & death:0.65725
psychology:0.65575
solitude:0.6555
corruption:0.65325
murder:0.65325
life philosophy:0.63875
drama:0.6365
good:0.629
clever:0.6285
great movie:0.62225
colourful:0.62125
based on a book:0.62125
depressing:0.619
depression:0.611
distopia:0.609
underrated:0.60525
dialogue:0.59525
biography:0.59025
suspense:0.5885
betrayal:0.58725
dreamlike:0.58675
creativity:0.58625
mindfuck:0.58125
surrealism:0.58075
life:0.5795
18th century:0.578
alone in the world:0.5775
thriller:0.577
idealism:0.576
fantasy world:0.573
twists & turns:0.57225
george orwell:0.56975
quirky:0.5655
sci fi:0.56425
intellectual:0.56375
violence:0.5585
pg-13:0.556
imdb top 250:0.55425
philosophical:0.55375
science fiction:0.54925
books:0.5475
justice:0.53525
allegory:0.53475
dreams:0.534
excellent:0.53375
harsh:0.532
light:0.5275
