world war ii:0.99825
wwii:0.99525
germany:0.995
nazis:0.9875
german:0.9845
wartime:0.98275
irish accent:0.955
best war films:0.93875
nazi:0.9325
based on book:0.93225
spies:0.92275
espionage:0.911
based on a book:0.9075
spying:0.84075
jews:0.839
alternate history:0.8355
adapted from:book:0.82825
gunfight:0.8075
poland:0.78125
kidnapping:0.76675
tense:0.7595
action:0.7335
dramatic:0.72175
spy:0.71925
original:0.7055
historical:0.6985
secrets:0.6825
war:0.67825
assassin:0.67725
england:0.67625
assassination:0.67375
suspense:0.67075
good:0.66725
books:0.663
forceful:0.653
adaptation:0.6495
courage:0.648
dialogue:0.64625
great movie:0.64125
great acting:0.64
runaway:0.6285
good acting:0.62075
survival:0.611
idealism:0.6095
betrayal:0.60475
great:0.59875
assassins:0.595
irish:0.59125
murder:0.5825
entertaining:0.5795
adventure:0.56225
stereotypes:0.5485
good soundtrack:0.5485
camp:0.5465
british:0.5425
oscar (best directing):0.541
interesting:0.539
sacrifice:0.5375
great ending:0.53675
talky:0.536
factual:0.53575
mentor:0.53175
fun movie:0.53125
fast paced:0.53
catastrophe:0.5265
story:0.52475
powerful ending:0.52125
intense:0.519
excellent:0.51775
corruption:0.51575
suspenseful:0.51425
fighting:0.51275
us history:0.51175
redemption:0.5105
romance:0.50325
culture clash:0.49475
realistic:0.494
brutality:0.49375
very good:0.49025
jewish:0.48675
twists & turns:0.4855
moral ambiguity:0.484
vengeance:0.479
drama:0.47525
violent:0.4695
prejudice:0.4685
harsh:0.46825
exciting:0.46625
end of the world:0.4635
chase:0.46275
clever:0.45375
justice:0.45025
guns:0.4495
weapons:0.4455
visceral:0.44125
exceptional acting:0.43825
war movie:0.43425
beautiful scenery:0.43325
complex:0.4305
thriller:0.4295
