shark:0.99625
so bad it's funny:0.95675
ridiculous:0.89075
cult film:0.8535
bad acting:0.825
campy:0.80725
natural disaster:0.8005
original:0.794
absurd:0.782
predictable:0.7665
disaster:0.76175
awful:0.7355
horrible:0.726
bad plot:0.71525
stupid:0.71075
silly:0.6985
bad cgi:0.689
special effects:0.68825
idiotic:0.6745
bad:0.674
stupidity:0.65725
los angeles:0.6555
goofy:0.62175
snakes:0.6185
shallow:0.60925
cult classic:0.608
so bad it's good:0.60125
camp:0.59875
fun movie:0.575
splatter:0.57325
fish:0.5655
pointless:0.55725
sci fi:0.54725
boat:0.54325
fun:0.53675
effects:0.53125
cheesy:0.529
plot holes:0.50375
dialogue:0.501
zombie:0.48375
mentor:0.4815
overrated:0.48125
great ending:0.48075
catastrophe:0.48025
parody:0.46225
not funny:0.45625
vengeance:0.44925
violence:0.44725
scifi:0.445
weapons:0.44425
science fiction:0.44325
grindhouse:0.44225
computer animation:0.43575
family:0.43175
brutality:0.42275
action:0.4165
pornography:0.41075
bombs:0.40425
entertaining:0.40325
entirely dialogue:0.403
first contact:0.402
stupid as hell:0.4015
lame:0.4005
dumb:0.3895
fight scenes:0.38825
destiny:0.3725
justice:0.36775
runaway:0.36775
life philosophy:0.35875
gore:0.3575
low budget:0.35725
existentialism:0.3565
unfunny:0.356
80s:0.355
suspense:0.3545
writers:0.35375
internet:0.35275
sexualized violence:0.35275
redemption:0.3515
lone hero:0.35025
slapstick:0.35
death:0.3485
happy ending:0.3435
adaptation:0.3425
story:0.3425
surreal:0.341
melancholic:0.33925
fantasy:0.33525
chase:0.3345
survival:0.33225
nudity (topless):0.33
quirky:0.32575
nudity (topless - notable):0.322
twists & turns:0.31725
life & death:0.317
road movie:0.31675
good soundtrack:0.314
boring:0.31225
franchise:0.304
science:0.2995
