teen movie:0.90775
romance:0.85975
love:0.8585
based on a book:0.831
love story:0.80125
romantic:0.7995
drama:0.79675
teen:0.7915
relationships:0.78775
life & death:0.78025
teens:0.75075
touching:0.70325
girlie movie:0.669
hospital:0.66475
teenager:0.6305
death:0.62725
parenthood:0.61
teenagers:0.60925
pornography:0.603
family drama:0.568
catastrophe:0.561
original:0.5585
good soundtrack:0.53975
better than expected:0.533
sappy:0.5295
emotional:0.5185
good music:0.5145
beautiful scenery:0.51425
afterlife:0.4995
oscar (best foreign language film):0.499
cancer:0.487
so bad it's funny:0.483
adapted from:book:0.48275
high school:0.47275
manipulation:0.467
pg-13:0.46675
books:0.462
based on book:0.45275
tear jerker:0.45175
dialogue:0.43375
adaptation:0.42825
chick flick:0.4155
mentor:0.415
honest:0.41375
sacrifice:0.39525
romantic comedy:0.39375
sweet:0.388
awesome soundtrack:0.37925
heartbreaking:0.3615
weird:0.3515
predictable:0.3515
runaway:0.34925
good:0.34025
musicians:0.34025
fight scenes:0.339
cheesy:0.338
storytelling:0.3355
good acting:0.335
not funny:0.335
great ending:0.334
cool:0.334
melancholic:0.32625
book was better:0.32375
supernatural:0.3135
loneliness:0.3075
transformation:0.30575
interracial romance:0.302
destiny:0.30175
grindhouse:0.29875
happy ending:0.29875
drinking:0.2965
natural disaster:0.295
story:0.295
life philosophy:0.28725
suprisingly clever:0.28675
culture clash:0.2865
music:0.27975
divorce:0.27975
bad ending:0.2785
shopping:0.26825
vampire human love:0.26525
goth:0.26325
depression:0.2605
entirely dialogue:0.25825
dramatic:0.25675
dysfunctional family:0.2535
brutality:0.248
sad:0.2475
shallow:0.2455
multiple storylines:0.24025
life:0.23925
family:0.23775
visually appealing:0.2365
first contact:0.23625
unrealistic:0.2315
doctors:0.23125
simple:0.2305
writers:0.23
absurd:0.22675
existentialism:0.223
