indians:0.9685
india:0.96325
feel-good:0.9495
bittersweet:0.892
ensemble cast:0.87175
feel good movie:0.84025
gay character:0.826
hotel:0.82325
touching:0.79575
england:0.746
relationships:0.72375
love story:0.7125
british:0.70925
loneliness:0.69725
destiny:0.6865
culture clash:0.68075
heartwarming:0.6795
mentor:0.67675
life:0.6625
life philosophy:0.65925
prejudice:0.6445
multiple storylines:0.63425
bollywood:0.6305
quirky:0.62925
good soundtrack:0.6265
aging:0.6255
original:0.59775
unlikely friendships:0.58625
happy ending:0.583
poignant:0.58225
beautiful scenery:0.57725
love:0.57625
romantic:0.552
stereotypes:0.53825
independent film:0.5305
honest:0.52575
pg-13:0.52025
dialogue:0.5105
friendship:0.50725
life & death:0.50025
drama:0.4895
great acting:0.48525
comedy:0.483
great:0.48175
emotional:0.47875
melancholic:0.47825
romance:0.47675
catastrophe:0.475
drinking:0.473
good acting:0.47125
whimsical:0.46875
depression:0.46225
great ending:0.46175
sentimental:0.456
oscar:0.44825
travel:0.437
greed:0.425
coming of age:0.41825
romantic comedy:0.404
predictable:0.40125
good:0.401
existentialism:0.396
hospital:0.391
based on a book:0.38825
storytelling:0.38725
social commentary:0.381
witty:0.37725
excellent script:0.3765
story:0.376
colourful:0.375
entirely dialogue:0.3735
foreign:0.36425
cinematography:0.36175
earnest:0.358
better than expected:0.3555
adaptation:0.349
sacrifice:0.3485
transformation:0.34825
not funny:0.343
adventure:0.33925
oscar (best supporting actress):0.33825
light:0.33775
dialogue driven:0.33575
compassionate:0.3355
girlie movie:0.332
redemption:0.3315
inspirational:0.33
sweet:0.3285
solitude:0.32825
self discovery:0.32075
indie:0.32
oscar (best actress):0.3165
affectionate:0.31525
fountain of youth:0.31475
eccentricity:0.31125
runaway:0.31075
passionate:0.30725
gay:0.30575
homophobia:0.30425
suprisingly clever:0.304
