plot twist:0.997
nudity (full frontal - brief):0.995
twists & turns:0.99225
surprise ending:0.97925
twist:0.97425
sexy:0.9715
erotic:0.96375
twist ending:0.9485
thriller:0.924
nudity (topless - notable):0.91975
pornography:0.9135
noir thriller:0.89975
suspense:0.898
complicated plot:0.8975
great ending:0.89
police investigation:0.86875
suspenseful:0.85775
sex:0.845
manipulation:0.836
conspiracy:0.83175
sexual:0.83125
mystery:0.82625
male nudity:0.818
neo-noir:0.81425
clever:0.79475
murder mystery:0.79275
secrets:0.78875
complicated:0.77425
lawyer:0.77125
betrayal:0.74825
lawyers:0.74725
watch the credits:0.7455
nudity:0.7435
investigation:0.733
complex:0.72825
chase:0.723
original:0.719
greed:0.7065
stylish:0.7015
very interesting:0.689
plot:0.68775
crime:0.66875
drama:0.66025
murder:0.65775
bad ending:0.65175
detective:0.64975
interesting:0.6325
plot holes:0.629
sexualized violence:0.629
paranoia:0.62075
silly fun:0.61825
psychological:0.60925
teen movie:0.60875
serial killer:0.608
sexuality:0.60425
corruption:0.60175
fun movie:0.59375
entertaining:0.58325
no plot:0.581
runaway:0.579
bad plot:0.5785
story:0.56525
good:0.56075
predictable:0.55925
sexual abuse:0.559
great acting:0.5525
fast paced:0.54575
nudity (topless):0.545
alternate endings:0.54075
dialogue:0.537
obsession:0.53325
catastrophe:0.532
pg-13:0.52725
bad acting:0.526
good acting:0.51325
revenge:0.49825
tense:0.4955
violence:0.49475
storytelling:0.48825
great:0.48775
original plot:0.48625
confusing:0.48425
great movie:0.48075
teen:0.48075
absurd:0.48025
mentor:0.478
silly:0.4775
film noir:0.47275
tricky:0.458
stupidity:0.45775
guilty pleasure:0.446
guilt:0.4355
kidnapping:0.43275
cerebral:0.41975
good soundtrack:0.41725
enigmatic:0.417
psychology:0.414
better than expected:0.41325
so bad it's funny:0.41275
mindfuck:0.41225
