cult film:0.984
weird:0.97725
surreal:0.9285
cult classic:0.90925
low budget:0.81725
bizarre:0.79375
hallucinatory:0.7935
original:0.79025
insanity:0.7425
visually stunning:0.7355
musical:0.70875
music:0.7055
strange:0.70325
fantasy:0.69425
stylized:0.62775
surrealism:0.6205
creativity:0.619
off-beat comedy:0.61125
so bad it's funny:0.57925
harsh:0.56375
crazy:0.5595
absurd:0.5425
fantasy world:0.54125
criterion:0.52725
imagination:0.50725
gunfight:0.47825
1930s:0.47825
classic car:0.47725
lynch:0.47075
quirky:0.4705
disturbing:0.4575
brutality:0.453
artistic:0.4495
black and white:0.44475
visual:0.43675
irreverent:0.43625
stoner movie:0.43025
visually appealing:0.41775
magic:0.41525
cult:0.4135
allegory:0.40775
artist:0.4045
enigmatic:0.40175
dark humor:0.39675
mentor:0.393
ironic:0.39225
obsession:0.3905
art:0.3905
catastrophe:0.37925
good soundtrack:0.37175
great soundtrack:0.366
dreamlike:0.36575
golden palm:0.36475
nudity (full frontal):0.35175
life & death:0.34825
distopia:0.34825
pointless:0.347
satirical:0.3375
camp:0.33225
art house:0.33225
cross dressing:0.331
great music:0.3305
dialogue:0.329
dancing:0.328
nudity (full frontal - notable):0.327
nudity (full frontal - brief):0.32525
runaway:0.32125
macabre:0.3195
suprisingly clever:0.314
teleportation:0.31125
humorous:0.30725
unusual plot structure:0.30725
great ending:0.3065
rock and roll:0.3005
social commentary:0.29925
life philosophy:0.294
dark fantasy:0.287
drugs:0.285
sci fi:0.28275
grindhouse:0.281
adaptation:0.276
solitude:0.2755
loneliness:0.27425
not funny:0.27225
satire:0.267
melancholic:0.26525
gypsy accent:0.265
existentialism:0.26325
claustrophobic:0.26275
maze:0.26025
brothers:0.26025
nostalgic:0.25775
talky:0.25675
campy:0.2565
parallel universe:0.25425
crime gone awry:0.25325
psychedelic:0.25025
fight scenes:0.2495
storytelling:0.249
redemption:0.2485
