video game:0.96025
video games:0.93375
documentary:0.93125
obsession:0.925
original:0.846
geek:0.8155
underdog:0.8
quirky:0.79375
nerds:0.78425
geeks:0.77875
classic:0.7765
competition:0.77525
life philosophy:0.76275
manipulation:0.74575
interesting:0.7345
mentor:0.71025
fun movie:0.7055
honest:0.68275
great movie:0.67475
greed:0.65725
great:0.654
very interesting:0.654
eccentricity:0.64325
1980s:0.628
good soundtrack:0.60725
pornography:0.6035
sports:0.6025
social commentary:0.596
talky:0.59575
corruption:0.59375
cult classic:0.59225
drama:0.5895
narrated:0.57475
good:0.5665
alone in the world:0.566
twists & turns:0.55525
character study:0.555
oscar (best directing):0.55425
entertaining:0.54775
runaway:0.54375
highly quotable:0.5415
oscar (best actress):0.53725
story:0.53425
criterion:0.53225
stereotypes:0.529
earnest:0.5215
spelling bee:0.5195
drinking:0.518
imdb top 250:0.517
crime gone awry:0.513
adapted from:book:0.5065
storytelling:0.49975
feel-good:0.4985
movielens top pick:0.4975
inspiring:0.49675
cult:0.49325
oscar (best supporting actress):0.487
internet:0.4845
small town:0.481
reality tv:0.48075
great ending:0.475
pg-13:0.47075
enigmatic:0.469
politics:0.46775
witty:0.46675
dialogue:0.46475
weird:0.46275
california:0.459
suspense:0.457
adaptation:0.45375
passionate:0.453
affectionate:0.4525
fun:0.44525
intimate:0.4445
tense:0.4355
dark hero:0.4325
harsh:0.432
inspirational:0.43
unlikely friendships:0.4275
controversial:0.42625
clever:0.4245
life & death:0.421
oscar:0.418
catastrophe:0.417
intense:0.4165
goofy:0.4065
brutality:0.405
based on book:0.40375
excellent script:0.402
oscar winner:0.40175
unusual plot structure:0.4
feel good movie:0.399
awesome soundtrack:0.39575
cool:0.39425
loneliness:0.39425
culture clash:0.389
melancholic:0.3885
very good:0.38675
independent film:0.3855
light:0.38225
