hit men:0.9935
ensemble cast:0.94325
nudity (topless - notable):0.857
crime:0.83875
dark humor:0.836
dialogue:0.80725
murder:0.78
pulp:0.77775
original:0.7485
caper:0.741
violence:0.7355
very interesting:0.73225
twists & turns:0.72775
crime gone awry:0.726
stylish:0.7005
california:0.70025
drama:0.69075
writers:0.6695
gangsters:0.66375
los angeles:0.66025
black comedy:0.652
clever:0.648
sexy:0.64775
quirky:0.64725
good soundtrack:0.631
complex:0.619
great ending:0.61825
dark comedy:0.61825
weird:0.61075
entirely dialogue:0.60375
violent:0.5985
multiple storylines:0.588
loneliness:0.58325
good:0.583
hitman:0.583
redemption:0.5685
interesting:0.54075
plot twist:0.53775
cool:0.53625
nudity (topless):0.50475
great:0.4925
murder mystery:0.48775
independent film:0.484
relationships:0.482
catastrophe:0.4795
pornography:0.47825
brutality:0.47725
entertaining:0.472
mentor:0.4625
thriller:0.46225
erotic:0.462
storytelling:0.462
life philosophy:0.4615
gangster:0.4615
assassin:0.45725
character study:0.45625
plot:0.44325
foul language:0.4385
stylized:0.43525
underrated:0.43175
suspense:0.428
suicide:0.42775
sarcasm:0.42375
story:0.41225
corruption:0.40925
melancholic:0.40825
pointless:0.40525
satirical:0.4045
very good:0.40025
pg-13:0.39825
twist:0.39625
vengeance:0.39375
sexualized violence:0.39175
bloody:0.38575
twist ending:0.3835
good dialogue:0.382
social commentary:0.3815
police investigation:0.3785
notable nudity:0.377
good acting:0.3735
greed:0.37225
anti-hero:0.368
directorial debut:0.3675
moral ambiguity:0.36175
fight scenes:0.3595
talky:0.359
witty:0.3585
obsession:0.35775
gratuitous violence:0.3545
runaway:0.35325
dark:0.352
gunfight:0.35075
nudity (full frontal - brief):0.35025
dysfunctional family:0.34775
great acting:0.34725
drinking:0.346
destiny:0.34575
fun movie:0.345
great movie:0.343
nudity (full frontal - notable):0.342
