hitchcock:0.99875
suspense:0.967
chase:0.962
suspenseful:0.87525
noir thriller:0.848
dialogue:0.837
murder:0.824
great ending:0.80525
fast paced:0.795
crime:0.783
story:0.77575
heist:0.77225
dark:0.75725
visually appealing:0.755
police investigation:0.7525
mistaken identity:0.74525
allegory:0.7425
original:0.72825
tense:0.7205
detective:0.7155
twist ending:0.7155
visual:0.71
thriller:0.70175
adapted from:book:0.70025
secrets:0.697
science fiction:0.68575
manipulation:0.66875
action:0.6645
mystery:0.658
technology:0.65775
good:0.6475
caper:0.6455
special effects:0.64025
adaptation:0.63375
interesting:0.63025
complicated:0.62925
mentor:0.629
runaway:0.62775
happy ending:0.61675
identity:0.6075
very interesting:0.60325
no plot:0.591
sexy:0.58725
storytelling:0.585
murder mystery:0.58375
first contact:0.5825
violence:0.5815
original plot:0.58
obsession:0.57975
exciting:0.57575
dynamic cgi action:0.574
twist:0.5735
light:0.56875
atmospheric:0.5685
pg-13:0.56725
silly:0.56675
violent:0.565
talky:0.561
amazing photography:0.54575
plot holes:0.5395
mindfuck:0.53925
enigmatic:0.539
family:0.53225
futuristic:0.53075
twists & turns:0.52975
spies:0.5285
farce:0.52825
british:0.52825
scenic:0.52725
creativity:0.52725
unfunny:0.52325
1930s:0.52325
psychological:0.52175
space:0.51825
guilt:0.5045
sci fi:0.50325
plot:0.503
greed:0.49375
based on a book:0.4915
investigation:0.489
entertaining:0.48775
life philosophy:0.476
spy:0.4745
intense:0.4745
espionage:0.4745
parallel universe:0.4705
kidnapping:0.46525
fantasy world:0.4645
weapons:0.46425
absurd:0.46175
big budget:0.4605
clever:0.457
alternate endings:0.45475
london:0.449
bad plot:0.4465
spying:0.4445
catastrophe:0.4435
bizarre:0.4405
assassination:0.4405
adventure:0.434
