romantic:0.933
destiny:0.9325
romance:0.918
love story:0.905
original:0.834
love:0.81625
visually appealing:0.72225
whimsical:0.66725
dialogue:0.6535
life philosophy:0.64575
story:0.64075
melancholic:0.625
relationships:0.617
talky:0.605
fantasy:0.59975
adultery:0.59775
great ending:0.5845
sacrifice:0.573
enigmatic:0.56375
romantic comedy:0.53825
philosophical:0.5325
feel good movie:0.51675
great:0.515
entirely dialogue:0.5075
honest:0.504
chick flick:0.499
memory:0.49
beautiful scenery:0.49
catastrophe:0.48925
obsession:0.489
life:0.4815
feel-good:0.4765
interesting:0.4715
loneliness:0.46825
storytelling:0.4615
intimate:0.45475
poland:0.453
passionate:0.4525
existentialism:0.44775
transformation:0.4475
weird:0.43725
nocturnal:0.423
surreal:0.41675
low budget:0.4085
original plot:0.40675
good soundtrack:0.406
beautifully filmed:0.4055
melancholy:0.4045
memory loss:0.403
affectionate:0.40275
quirky:0.40275
suprisingly clever:0.401
sweet:0.40025
happy ending:0.397
criterion:0.39175
life & death:0.39
very interesting:0.38625
secrets:0.3835
absurd:0.38275
predictable:0.382
tragedy:0.382
good music:0.38175
awful:0.379
bittersweet:0.3695
mentor:0.3695
intellectual:0.36475
drama:0.3575
not funny:0.35025
beautiful:0.35
supernatural:0.34875
drinking:0.34375
greed:0.33925
character study:0.339
twists & turns:0.33625
good:0.33475
paris:0.33375
death:0.333
nonlinear:0.3295
great movie:0.32725
culture clash:0.327
plot:0.32475
goofy:0.3245
intense:0.3205
cult film:0.3185
weapons:0.31225
runaway:0.312
thought-provoking:0.30725
first contact:0.30625
enormously long battle scene:0.30625
shallow:0.29975
family:0.2995
london:0.299
brutality:0.2975
sexy:0.2965
wistful:0.2945
allegory:0.29375
very good:0.292
cerebral:0.29
queer:0.2895
touching:0.28825
