splatter:0.98975
cult classic:0.9535
social commentary:0.94425
drug abuse:0.93325
gory:0.93225
horror:0.92775
drug addiction:0.90075
low budget:0.8915
stop motion:0.8875
weird:0.87175
stylish:0.83725
addiction:0.80925
monster:0.791
bloody:0.77875
original:0.7585
brutality:0.7565
goofy:0.736
drugs:0.735
nocturnal:0.723
grindhouse:0.7
cult:0.6985
allegory:0.688
vengeance:0.6815
transformation:0.66725
cult film:0.664
atmospheric:0.636
violent:0.6345
great ending:0.62775
tense:0.62075
blood:0.614
criterion:0.613
dark humor:0.613
good soundtrack:0.6125
strange:0.61025
dark:0.60025
effects:0.58925
psychedelic:0.5885
visceral:0.5825
gore:0.57725
bleak:0.56875
macabre:0.566
nudity (full frontal - notable):0.5605
creepy:0.55375
stop-motion:0.545
humorous:0.53675
stylized:0.5325
great:0.52425
campy:0.5205
hallucinatory:0.511
dark hero:0.5075
disturbing:0.50025
dialogue:0.49575
80s:0.49125
life & death:0.49025
controversial:0.4875
black comedy:0.4875
enigmatic:0.48725
melancholic:0.48275
narrated:0.4745
graphic novel:0.474
demons:0.4725
death:0.4705
creativity:0.453
mentor:0.44475
sexualized violence:0.44125
doctors:0.437
pornography:0.4365
original plot:0.436
life philosophy:0.43475
highly quotable:0.43225
hospital:0.43125
insanity:0.43075
surreal:0.426
mad scientist:0.419
dreamlike:0.41875
paranoid:0.41275
nudity (topless - notable):0.40675
crazy:0.404
loneliness:0.39875
redemption:0.39725
storytelling:0.39525
harsh:0.3945
talky:0.394
catastrophe:0.39375
good:0.39175
visually appealing:0.39
gruesome:0.387
imdb top 250:0.3855
aliens:0.3845
police investigation:0.38375
scary:0.3825
downbeat:0.37925
tragedy:0.3775
brutal:0.377
alter ego:0.37425
cool:0.3725
fun:0.36975
gunfight:0.3695
cinematography:0.36925
heroin:0.369
