surreal:0.9715
weird:0.96575
visually appealing:0.9235
dreamlike:0.8695
alternate reality:0.8445
absurd:0.841
lynch:0.821
strange:0.8125
enigmatic:0.7935
original:0.7915
pointless:0.7905
visually stunning:0.772
mindfuck:0.768
clones:0.7655
love:0.7645
surrealism:0.7485
pretentious:0.74725
melancholic:0.73875
cerebral:0.708
art house:0.684
existentialism:0.67275
complex:0.666
bizarre:0.65675
confusing:0.65575
very interesting:0.65275
love story:0.6315
loneliness:0.6205
sci fi:0.60375
science fiction:0.5825
writers:0.57975
futuristic:0.57025
mentor:0.56625
dreams:0.55875
relationships:0.54725
first contact:0.5395
parallel universe:0.53775
nonlinear:0.5355
artistic:0.529
whimsical:0.52675
so bad it's funny:0.52225
end of the world:0.52025
future:0.5175
hallucinatory:0.508
off-beat comedy:0.49875
cinematography:0.49675
death:0.496
dialogue:0.49125
catastrophe:0.483
nudity (full frontal - notable):0.4825
gilliam:0.48225
reflective:0.482
quirky:0.47575
talky:0.47375
life philosophy:0.471
criterion:0.46825
philosophical:0.46325
dystopia:0.444
not funny:0.412
no plot:0.4095
fantasy world:0.409
desert:0.40875
romantic:0.40825
beautiful scenery:0.406
light:0.40475
life & death:0.40025
narrated:0.39975
cult film:0.399
plot holes:0.39675
culture clash:0.3945
entirely dialogue:0.38625
great ending:0.38525
bad plot:0.384
underrated:0.3835
non-linear:0.378
idiotic:0.37675
runaway:0.3705
meditative:0.3705
predictable:0.37025
alone in the world:0.369
dysfunctional family:0.368
romance:0.3645
imagination:0.363
travel:0.35075
boring!:0.3475
love triangles:0.34575
creativity:0.34425
storytelling:0.34125
pornography:0.34125
eccentricity:0.3355
hotel:0.3345
visual:0.33375
stylized:0.3275
male nudity:0.32725
overrated:0.32525
great cinematography:0.324
sci-fi:0.31975
greed:0.31875
assassination:0.318
crime gone awry:0.3155
betrayal:0.3135
