dance:0.99225
hip hop:0.991
dancing:0.98975
high school:0.95725
teen movie:0.94525
teen:0.9105
pg-13:0.867
teacher:0.82425
good soundtrack:0.79625
based on true story:0.78125
based on a true story:0.7675
school:0.76375
happy ending:0.73825
girlie movie:0.7145
teens:0.702
mentor:0.69775
so bad it's funny:0.675
feel-good:0.644
fun movie:0.615
better than expected:0.61475
feel good movie:0.61125
original:0.59825
competition:0.598
music:0.57925
plot:0.53975
good:0.5385
kids:0.52775
musical:0.52625
gangsters:0.52525
life philosophy:0.519
predictable:0.50975
good music:0.50625
stereotypes:0.50575
great ending:0.50425
catastrophe:0.49625
inspirational:0.4945
runaway:0.49025
true story:0.49
geeks:0.48325
drama:0.4815
fantasy world:0.4665
teenagers:0.45575
new york:0.45425
storytelling:0.44775
story:0.434
transformation:0.4165
creativity:0.4135
shallow:0.412
coming of age:0.4045
inspiring:0.39675
dialogue:0.3935
bullying:0.38325
good acting:0.37925
great:0.363
bad acting:0.35775
romantic comedy:0.3475
passionate:0.33875
awesome soundtrack:0.3375
redemption:0.3365
destiny:0.3255
lone hero:0.3185
not funny:0.3165
original plot:0.313
bad ending:0.31225
underrated:0.3075
geek:0.307
cheerleading:0.30675
lame:0.30025
culture clash:0.297
fun:0.28175
romantic:0.27775
sexy:0.27625
weird:0.27575
entertaining:0.27525
chick flick:0.27125
fashion:0.271
teenager:0.27
suprisingly clever:0.26925
drinking:0.26775
corny:0.2675
bad:0.26725
amy smart:0.26475
visually stunning:0.264
new york city:0.26375
fight scenes:0.26225
prejudice:0.2615
cute:0.256
bad cgi:0.25375
first contact:0.25225
adaptation:0.25125
internet:0.251
nerds:0.251
cool:0.25075
brutality:0.2465
overrated:0.24475
family:0.2435
excellent:0.24325
unrealistic:0.242
math:0.2415
alternate endings:0.2385
