dark humor:0.97325
spanish:0.95475
narrated:0.932
workplace:0.9225
black comedy:0.90875
original:0.887
comedy:0.87825
allegory:0.847
dark comedy:0.803
funny:0.7925
satire:0.78025
funniest movies:0.7735
storytelling:0.77225
crime:0.76925
good soundtrack:0.7635
hilarious:0.76075
social commentary:0.7535
absurd:0.75325
greed:0.746
corruption:0.74575
brutality:0.7425
off-beat comedy:0.74075
pornography:0.73675
life:0.73575
clever:0.73375
obsession:0.73125
surreal:0.73125
complicated:0.72825
affectionate:0.7145
multiple storylines:0.6955
sexy:0.6935
humor:0.69275
nudity (topless):0.688
secrets:0.688
vengeance:0.687
hitman:0.68675
great ending:0.6815
spain:0.67575
interesting:0.6755
visually appealing:0.673
complex:0.672
mentor:0.67025
weird:0.66925
crazy:0.65975
unusual plot structure:0.6585
character study:0.6545
suprisingly clever:0.649
twists & turns:0.647
very funny:0.6385
humorous:0.63325
twist:0.625
imdb top 250:0.62475
foreign:0.621
sexualized violence:0.61675
story:0.616
culture clash:0.60125
murder:0.60125
nudity (full frontal - notable):0.601
tragedy:0.60075
revenge:0.6
sarcasm:0.59975
reflective:0.59375
enigmatic:0.592
stylish:0.59125
thriller:0.59075
destiny:0.59
visceral:0.58225
dysfunctional family:0.58025
loneliness:0.57825
harsh:0.57675
paranoid:0.57075
twist ending:0.566
relationships:0.566
sexual:0.56425
nudity (topless - notable):0.55725
suspense:0.557
stylized:0.5545
excellent script:0.55275
psychological:0.55025
cerebral:0.545
violent:0.54425
golden palm:0.543
brutal:0.542
satirical:0.541
criterion:0.53975
oscar (best directing):0.539
blood:0.53875
movielens top pick:0.5375
fast paced:0.53725
dark hero:0.53375
original plot:0.53275
good:0.53225
redemption:0.53025
intense:0.52875
nudity (full frontal - brief):0.52175
farce:0.5215
masterpiece:0.51975
dialogue:0.514
parenthood:0.512
sex:0.51175
