series:0.96025
anime:0.9575
animation:0.9565
original:0.86475
tokyo:0.8405
giant robots:0.815
complex:0.7655
great ending:0.7615
weird:0.7535
japan:0.731
melancholic:0.7305
criterion:0.7225
psychology:0.70925
enigmatic:0.704
vengeance:0.69375
masterpiece:0.67525
original plot:0.666
psychological:0.66375
depression:0.6605
dark:0.6435
remake:0.64325
violent:0.632
visually appealing:0.6225
interesting:0.6
catholicism:0.588
storytelling:0.5835
existentialism:0.579
story:0.5715
alternate reality:0.57
unusual plot structure:0.55875
visceral:0.554
dialogue:0.5525
visually stunning:0.54825
suprisingly clever:0.54425
visual:0.54175
social commentary:0.539
intimate:0.539
mentor:0.53575
dark hero:0.535
cinematography:0.53325
death:0.53325
pornography:0.52725
imdb top 250:0.51225
stunning:0.5105
culture clash:0.50675
melancholy:0.50575
stylized:0.5055
breathtaking:0.4985
atmospheric:0.49275
talky:0.478
runaway:0.477
brutality:0.471
clones:0.46925
oscar (best directing):0.4675
japanese:0.46075
futuristic:0.457
franchise:0.45575
golden palm:0.452
male nudity:0.44525
cerebral:0.44225
highly quotable:0.43825
good soundtrack:0.43525
action:0.431
great:0.42775
controversial:0.42675
drama:0.42075
animated:0.4195
crime gone awry:0.4165
downbeat:0.416
very interesting:0.41575
bleak:0.415
life philosophy:0.41025
thought-provoking:0.40875
stylish:0.40575
catastrophe:0.4045
redemption:0.4045
psychedelic:0.399
violence:0.3975
sexualized violence:0.3935
reflective:0.39325
loneliness:0.3915
creativity:0.391
entirely dialogue:0.38475
insanity:0.384
revenge:0.383
firefly:0.3815
parenthood:0.37425
classic:0.374
not funny:0.36525
beautifully filmed:0.3635
art:0.36275
life & death:0.362
movielens top pick:0.36025
surreal:0.35925
exceptional acting:0.35575
dreamlike:0.3535
affectionate:0.34875
guilt:0.3485
fantasy world:0.34575
emotional:0.3415
