spoof:0.98475
parody:0.96725
comedy:0.9295
police:0.9175
goofy:0.9045
silly:0.89225
based on a tv show:0.8895
series:0.88525
silly fun:0.88475
hilarious:0.7965
funny as hell:0.79
funny:0.77225
original:0.763
saturday night live:0.75275
fun movie:0.70775
detective:0.6725
very funny:0.636
buddy movie:0.6165
chase:0.612
franchise:0.579
police corruption:0.57525
slapstick:0.56675
los angeles:0.56125
police investigation:0.558
80s:0.5435
television:0.51625
dialogue:0.5045
fun:0.503
good:0.4995
destiny:0.4955
great:0.4915
farce:0.4875
mentor:0.48125
adaptation:0.47475
predictable:0.4725
great ending:0.471
satirical:0.46525
absurd:0.4605
comic:0.45375
funniest movies:0.452
great movie:0.45075
life philosophy:0.449
crude humor:0.4235
catastrophe:0.42225
corruption:0.4195
reality tv:0.40025
light:0.39325
irreverent:0.3905
dumb but funny:0.38475
1980s:0.383
sarcasm:0.38225
nudity (full frontal - brief):0.38175
so bad it's funny:0.37725
campy:0.37175
satire:0.36575
dark hero:0.35975
narrated:0.35625
crime:0.3545
melancholic:0.347
pornography:0.3465
justice:0.3435
fantasy world:0.33975
stupidity:0.3385
fight scenes:0.33775
alter ego:0.3365
brutality:0.3325
investigation:0.3235
affectionate:0.32275
good soundtrack:0.3195
stereotypes:0.318
action:0.31625
cool:0.3105
surreal:0.31
made for tv:0.30875
greed:0.3075
entirely dialogue:0.307
good action:0.307
redemption:0.3035
unusual plot structure:0.29875
sexy:0.2975
cult classic:0.291
first contact:0.29
story:0.29
vengeance:0.283
pg-13:0.28225
lame:0.28175
unfunny:0.28125
underrated:0.28075
culture clash:0.27775
cult film:0.277
existentialism:0.27375
humorous:0.27275
runaway:0.27125
family:0.2675
cult:0.26625
humor:0.26425
lone hero:0.26275
nudity (rear):0.258
entertaining:0.2565
weapons:0.25225
