music:0.9905
musicians:0.97775
relationships:0.96
good music:0.95775
father daughter relationship:0.91975
new york:0.90225
new york city:0.889
feel-good:0.86275
music business:0.827
great music:0.808
great acting:0.80775
bittersweet:0.79925
original:0.798
feel good movie:0.7975
excellent script:0.7925
romantic:0.78925
drama:0.78025
story:0.73775
romantic comedy:0.7375
musical:0.729
good acting:0.72025
mentor:0.70525
love story:0.70475
good soundtrack:0.701
happy ending:0.684
good:0.66575
pg-13:0.643
love:0.63575
romance:0.63375
plot:0.63025
rock and roll:0.6195
honest:0.605
great ending:0.596
dialogue:0.5945
lyrical:0.59275
independent film:0.59125
hip hop:0.588
sweet:0.582
redemption:0.5765
runaway:0.574
social commentary:0.55825
homeless:0.558
emotional:0.558
unlikely friendships:0.541
storytelling:0.54075
indie:0.53975
melancholic:0.5365
destiny:0.5365
writers:0.53625
realistic:0.5275
dramatic:0.52225
artistic:0.51925
creativity:0.51625
friendship:0.51175
cool:0.511
great:0.506
loneliness:0.5035
family:0.50325
catastrophe:0.49425
clever:0.49275
passionate:0.47675
visually appealing:0.46425
sentimental:0.46225
life philosophy:0.46125
culture clash:0.4535
nudity (full frontal - brief):0.4475
betrayal:0.4475
girlie movie:0.44475
oscar:0.44225
cinematography:0.442
heartwarming:0.4415
predictable:0.43775
witty:0.43625
interesting:0.43
internet:0.4285
complex:0.4275
rags to riches:0.42125
great soundtrack:0.4205
light:0.41875
suspense:0.415
oscar winner:0.4115
drinking:0.40975
very good:0.40825
suprisingly clever:0.4025
original plot:0.40075
awesome soundtrack:0.4005
very funny:0.39475
stereotypes:0.39425
shallow:0.39275
oscar (best actress):0.39
new jersey:0.3885
intense:0.38825
chase:0.382
quirky:0.3805
inspirational:0.375
sacrifice:0.37325
pornography:0.37
entertaining:0.36925
touching:0.3685
weird:0.3665
