dog:0.964
pornography:0.86825
family:0.8465
original:0.7835
life philosophy:0.766
mentor:0.738
betrayal:0.73675
destiny:0.69825
happy ending:0.69475
story:0.646
death:0.63725
dogs:0.62725
children:0.62675
teen movie:0.62
cute!:0.613
brutality:0.60475
sappy:0.59
tear jerker:0.5835
fun movie:0.5755
childhood:0.57075
great:0.569
great ending:0.55425
adoption:0.5445
beautiful scenery:0.53925
kids and family:0.5335
pg-13:0.53
shallow:0.51325
splatter:0.51
teen:0.4855
good soundtrack:0.48275
artist:0.48025
underrated:0.478
catastrophe:0.457
culture clash:0.4535
art:0.45275
dialogue:0.45175
courage:0.4505
sentimental:0.44775
adapted from:comic:0.4355
guilt:0.43325
first contact:0.43275
underdog:0.427
cute:0.41875
so bad it's funny:0.41775
family drama:0.4175
silly fun:0.4125
medieval:0.3955
alter ego:0.39425
feel-good:0.3855
bullshit history:0.3835
inspirational:0.38275
immortality:0.3815
not funny:0.3795
predictable:0.37825
very interesting:0.375
corruption:0.3665
camp:0.36575
vengeance:0.36175
bad plot:0.35925
vigilante:0.353
transformation:0.3475
chocolate:0.346
justice:0.34525
natural disaster:0.3445
1930s:0.3415
california:0.33675
mad scientist:0.33675
relationships:0.32925
passionate:0.329
true story:0.3285
entirely dialogue:0.32725
fight scenes:0.3225
lame:0.32225
heartwarming:0.322
alternate history:0.3215
school:0.32125
good:0.31875
nudity (full frontal - notable):0.31625
memory:0.31525
cult film:0.3145
period piece:0.314
bdsm:0.31275
ninja:0.31275
adaptation:0.3105
entertaining:0.306
lone hero:0.305
unfunny:0.30275
sweet:0.3015
sequels:0.3015
bad ending:0.30125
bank robbery:0.297
storytelling:0.2955
melancholic:0.29175
nudity (full frontal - brief):0.29025
sexualized violence:0.2895
greed:0.2895
hospital:0.288
high fantasy:0.2875
san francisco:0.286
visually stunning:0.28425
