glbt:0.998
gay:0.98875
gay character:0.98025
homosexuality:0.97825
homophobia:0.97575
mother-son relationship:0.95175
queer:0.93275
awesome soundtrack:0.9155
love story:0.9145
relationships:0.877
love:0.85575
feel-good:0.85175
coming-of-age:0.8075
adolescence:0.80525
london:0.7995
touching:0.7735
intimate:0.7605
coming of age:0.75475
working class:0.751
beautifully filmed:0.735
romantic:0.72775
aids:0.722
england:0.7205
realistic:0.7175
romance:0.7155
good soundtrack:0.7135
excellent script:0.7085
sexuality:0.7075
original:0.70025
bittersweet:0.68425
loneliness:0.68
british:0.677
based on a play:0.67325
feel good movie:0.66725
stereotypes:0.6655
obsession:0.65075
melancholic:0.63275
friendship:0.63
sweet:0.62825
criterion:0.62775
prejudice:0.62375
happy ending:0.57325
lesbian:0.5655
honest:0.56075
great acting:0.5595
passionate:0.55125
depression:0.5495
heartbreaking:0.5425
great ending:0.535
idealism:0.535
male nudity:0.53325
great:0.526
beautiful scenery:0.5245
women:0.52125
complex characters:0.519
independent film:0.5145
oscar (best actress):0.5125
poignant:0.4985
self discovery:0.498
teenager:0.4975
teens:0.495
unlikely friendships:0.4945
great soundtrack:0.49275
social commentary:0.48475
drama:0.484
movielens top pick:0.48375
grindhouse:0.48175
pornography:0.479
affectionate:0.47625
dialogue:0.4745
witty:0.46925
visually appealing:0.4625
culture clash:0.454
weird:0.45275
good acting:0.45175
mentor:0.44275
beautiful:0.44075
teenagers:0.43725
compassionate:0.435
heartwarming:0.43375
teen:0.43375
talky:0.42925
tragedy:0.42575
dysfunctional family:0.42325
entirely dialogue:0.423
whimsical:0.423
spanish:0.42175
quirky:0.41875
dance:0.41425
good:0.41225
excellent:0.412
emotional:0.4085
life philosophy:0.4085
runaway:0.4085
cult classic:0.408
suprisingly clever:0.40625
catastrophe:0.40425
oscar (best directing):0.40175
golden palm:0.39825
bollywood:0.3975
