history:0.957
jews:0.931
historical:0.8675
anti-semitism:0.85875
dramatic:0.85575
us history:0.85175
complex:0.7985
holocaust:0.775
fascism:0.77375
family drama:0.76275
jewish:0.74725
family:0.74
original:0.73675
dysfunctional family:0.7275
tragedy:0.72125
israel:0.71575
adultery:0.70525
great acting:0.68225
catholicism:0.67925
narrated:0.67725
revolution:0.66775
destiny:0.66325
politics:0.64975
betrayal:0.646
relationships:0.645
drama:0.6265
cinematography:0.60475
secrets:0.58825
prejudice:0.58775
great:0.5865
justice:0.5835
thought-provoking:0.58025
story:0.57875
costume drama:0.57625
identity:0.56275
intimate:0.56225
culture clash:0.55225
infidelity:0.55
too long:0.54775
good:0.546
passionate:0.543
long:0.54125
intense:0.53375
interesting:0.5305
oscar (best supporting actress):0.5285
oscar:0.52775
beautiful scenery:0.52725
great ending:0.52125
emotional:0.521
guilt:0.51825
catastrophe:0.517
death:0.51
political:0.49675
period piece:0.489
wartime:0.48675
mentor:0.4775
dialogue:0.47275
good soundtrack:0.46725
brutality:0.466
incest:0.45975
nudity (full frontal - notable):0.458
pornography:0.456
powerful ending:0.4555
exceptional acting:0.44325
oscar (best directing):0.44175
excellent:0.4415
enigmatic:0.44125
talky:0.43525
forceful:0.434
runaway:0.43375
adaptation:0.43375
storytelling:0.4255
british:0.4235
redemption:0.42275
pg-13:0.41175
genocide:0.41
underrated:0.40525
beautifully filmed:0.40425
parenthood:0.4025
life & death:0.40125
nudity (topless - notable):0.39775
ethnic conflict:0.39625
nazis:0.39375
twists & turns:0.3925
multiple storylines:0.39125
very interesting:0.38975
good acting:0.3885
great movie:0.38625
family bonds:0.38125
brothers:0.3805
19th century:0.379
poignant:0.3765
not funny:0.3755
survival:0.37275
hospital:0.3685
courage:0.367
vengeance:0.36425
sacrifice:0.36025
civil war:0.35725
love:0.352
