obsession:0.9745
friendship:0.95375
fantasy world:0.902
unlikely friendships:0.88925
true story:0.886
murder:0.88575
adolescence:0.8805
surreal:0.87825
disturbing:0.871
coming of age:0.8265
stylized:0.81925
intimate:0.793
intense:0.79075
original:0.78975
splatter:0.7895
brutality:0.77825
imagination:0.7695
based on a true story:0.76375
based on true story:0.75975
pornography:0.7445
enigmatic:0.7395
surrealism:0.73875
violent:0.71975
runaway:0.715
melancholic:0.7065
relationships:0.697
weird:0.693
crime:0.6925
childhood:0.6895
australia:0.68775
storytelling:0.6875
oscar (best actress):0.67875
good soundtrack:0.6785
very interesting:0.6675
secrets:0.66125
new zealand:0.65925
fantasy:0.65675
lesbian:0.65075
insanity:0.642
nudity (topless - notable):0.638
passionate:0.626
golden palm:0.6055
talky:0.59825
criterion:0.5975
interesting:0.59725
dreamlike:0.58925
visceral:0.581
dark:0.58075
great ending:0.579
character study:0.576
visually appealing:0.572
murder mystery:0.572
great acting:0.56525
psychological:0.55475
drama:0.5545
beautifully filmed:0.55025
stylish:0.548
redemption:0.54525
brutal:0.54275
stunning:0.54125
harsh:0.5395
social commentary:0.53525
visually stunning:0.535
twists & turns:0.53175
teenager:0.531
police investigation:0.5285
sexy:0.521
violence:0.51475
complex:0.51375
cinematography:0.50575
mentor:0.50475
women:0.50425
suprisingly clever:0.503
psychology:0.50275
sexual:0.5005
artistic:0.49725
serial killer:0.49275
atmospheric:0.49175
dialogue:0.49075
story:0.487
melancholy:0.48625
exceptional acting:0.48525
oscar (best writing - screenplay written directly for the screen):0.484
dreams:0.4805
crazy:0.4785
sexualized violence:0.47725
loneliness:0.4755
masterpiece:0.47475
sexuality:0.47
coming-of-age:0.467
drinking:0.467
manipulation:0.4665
assassination:0.46625
revenge:0.46475
scenic:0.46375
bullying:0.462
alternate reality:0.462
tragedy:0.45925
imdb top 250:0.458
visual:0.4535
