japan:0.99
oscar (best animated feature):0.979
world war ii:0.97225
dreams:0.972
miyazaki:0.964
firefly:0.948
anime:0.93875
studio ghibli:0.92475
mentor:0.90025
imagination:0.899
tokyo:0.87375
fantasy world:0.87225
animation:0.85225
visually stunning:0.844
wartime:0.83475
storytelling:0.83225
beautifully filmed:0.82325
masterpiece:0.81725
japanese:0.80875
love story:0.796
biopic:0.792
bittersweet:0.7775
love:0.764
imdb top 250:0.757
original:0.75575
childhood:0.75175
melancholic:0.74625
visually appealing:0.746
breathtaking:0.73975
visual:0.72575
colourful:0.72475
beautiful:0.717
stunning:0.7145
surreal:0.701
reflective:0.698
wwii:0.68475
loneliness:0.68225
weird:0.68175
romance:0.66625
aviation:0.666
animated:0.6595
idealism:0.654
melancholy:0.64975
biographical:0.64725
creativity:0.6455
destiny:0.64025
culture clash:0.63575
artistic:0.63325
story:0.62975
talky:0.6255
complex:0.6235
drama:0.61225
hallucinatory:0.60875
obsession:0.604
1930s:0.60225
great soundtrack:0.602
romantic:0.598
fantasy:0.59425
criterion:0.5885
sacrifice:0.5795
transformation:0.56925
runaway:0.56775
life:0.5675
affectionate:0.56625
whimsical:0.55875
guilt:0.5585
beautiful scenery:0.55025
art:0.55025
emotional:0.54825
unlikely friendships:0.54775
unusual plot structure:0.54275
germany:0.5405
touching:0.5265
good soundtrack:0.5235
friendship:0.51975
cinematography:0.51875
suprisingly clever:0.5145
dreamlike:0.51425
historical:0.51425
life & death:0.50675
anti-war:0.5065
oscar (best actress):0.5055
fascism:0.5015
bleak:0.495
oscar (best directing):0.49075
great:0.4895
sweet:0.48925
allegory:0.4875
stylized:0.48325
nocturnal:0.481
social commentary:0.48025
great ending:0.4785
enigmatic:0.4775
oscar:0.469
brutality:0.46875
alter ego:0.467
tragedy:0.46225
golden palm:0.461
heartwarming:0.4605
atmospheric:0.459
