foreign:0.97425
amazing cinematography:0.9625
touching:0.892
oscar (best foreign language film):0.8675
childhood:0.8555
sentimental:0.84375
great acting:0.8405
beautifully filmed:0.83875
excellent script:0.83025
cinematography:0.787
heartwarming:0.783
russian:0.771
reflective:0.76375
feel-good:0.73525
original:0.734
oscar (best directing):0.71975
great:0.702
imdb top 250:0.69225
mentor:0.6705
feel good movie:0.66825
nudity (topless - brief):0.66325
storytelling:0.65675
beautiful scenery:0.63425
great movie:0.6305
spanish:0.629
oscar (best actress):0.62575
sweet:0.62425
musicians:0.62
talky:0.6185
great ending:0.61375
cute:0.6005
poland:0.576
movielens top pick:0.57475
harsh:0.573
utopia:0.573
good:0.57225
good acting:0.5675
secrets:0.562
culture clash:0.555
revolution:0.555
excellent:0.551
oscar winner:0.54875
good soundtrack:0.533
runaway:0.5315
unlikely friendships:0.53025
communism:0.52725
suprisingly clever:0.52575
happy ending:0.52375
clever:0.51925
loneliness:0.517
visually stunning:0.51225
friendship:0.506
very funny:0.50575
idealism:0.50475
parenthood:0.504
story:0.4995
love story:0.49925
imagination:0.49675
oscar:0.496
criterion:0.495
political:0.49275
oscar (best supporting actress):0.49175
breathtaking:0.48775
intimate:0.48575
emotional:0.48025
unusual plot structure:0.48025
affectionate:0.47725
complex:0.4765
golden palm:0.47025
interesting:0.4645
historical:0.46
melancholic:0.458
fantasy world:0.45475
visually appealing:0.45475
social commentary:0.449
romantic:0.4475
light:0.445
cute!:0.44025
drama:0.438
aging:0.43525
manipulation:0.43525
cerebral:0.4315
road movie:0.43025
catastrophe:0.42925
destiny:0.42825
creativity:0.4265
allegory:0.42425
germany:0.42325
amazing photography:0.41925
fighting the system:0.41275
pg-13:0.40875
realistic:0.4085
plot:0.40575
art:0.4
life philosophy:0.399
masterpiece:0.398
twists & turns:0.39525
children:0.39475
bittersweet:0.39225
dramatic:0.392
