space:0.993
astronauts:0.98675
space travel:0.9805
science fiction:0.94175
mars:0.93575
scifi:0.92875
moon:0.92725
sci fi:0.90775
aliens:0.894
sci-fi:0.89075
based on a book:0.888
nasa:0.84075
stop motion:0.83075
special effects:0.782
imagination:0.77575
adventure:0.75925
alien:0.7565
childhood:0.74525
science:0.7305
story:0.719
fantasy:0.716
adaptation:0.6855
fairy tale:0.6775
original:0.67725
eccentricity:0.663
visually appealing:0.647
unusual plot structure:0.6465
19th century:0.6375
first contact:0.632
adapted from:book:0.627
allegory:0.6165
monster:0.6055
storytelling:0.5875
visual:0.584
light:0.57
fantasy world:0.5645
life philosophy:0.55425
beautiful scenery:0.55375
transformation:0.54
visually stunning:0.53875
great ending:0.52425
creativity:0.52425
destiny:0.51225
colourful:0.50925
mentor:0.504
greed:0.49875
effects:0.49075
great:0.488
catastrophe:0.47575
whimsical:0.46475
cerebral:0.44625
giant robots:0.4335
criterion:0.4325
fun:0.42125
quirky:0.421
dramatic:0.40975
breathtaking:0.407
suprisingly clever:0.40575
stunning:0.401
enigmatic:0.3985
parallel universe:0.39675
cinematography:0.396
stop-motion:0.396
monsters:0.392
solitude:0.38925
melancholic:0.3865
dialogue:0.38075
clones:0.378
island:0.37025
nostalgic:0.37
classic:0.368
british:0.366
good versus evil:0.36475
stylized:0.3605
absurd:0.3585
fun movie:0.3585
social commentary:0.35825
mad scientist:0.35775
not funny:0.35625
beautifully filmed:0.35175
weird:0.345
atmospheric:0.3395
good soundtrack:0.33525
based on book:0.3345
life & death:0.32325
tricky:0.323
cloning:0.3225
period piece:0.3205
scenic:0.317
finnish:0.31575
futuristic:0.314
redemption:0.30825
special:0.3065
thought-provoking:0.3055
weapons:0.30375
self discovery:0.3035
natural disaster:0.301
simple:0.3
england:0.29525
high fantasy:0.295
