war movie:0.962
war:0.9585
meditative:0.944
best war films:0.92575
cinematography:0.90675
world war ii:0.8865
narrated:0.8335
oscar (best cinematography):0.82375
wartime:0.81975
reflective:0.77675
life & death:0.7565
original:0.74975
visually stunning:0.734
brutality:0.7265
wwii:0.71775
amazing cinematography:0.71575
anti-war:0.7085
melancholic:0.7005
philosophical:0.66425
criterion:0.65075
powerful ending:0.645
visually appealing:0.64325
ensemble cast:0.61975
complex:0.60725
beautifully filmed:0.604
amazing photography:0.60375
stunning:0.599
dialogue:0.58675
death:0.5795
masterpiece:0.57275
breathtaking:0.56925
storytelling:0.56525
visceral:0.56525
scenic:0.56225
sacrifice:0.558
beautiful scenery:0.55625
golden palm:0.532
intimate:0.531
good soundtrack:0.5275
pointless:0.52525
harsh:0.5245
humanity:0.5195
melancholy:0.51375
existentialism:0.51325
based on a book:0.5075
ethnic conflict:0.49775
great cinematography:0.497
lyrical:0.495
talky:0.48575
visual:0.48325
boring!:0.48275
loneliness:0.48025
culture clash:0.47625
enigmatic:0.4675
entirely dialogue:0.446
catastrophe:0.444
stylized:0.4415
great ending:0.43975
realistic:0.42875
dramatic:0.428
absurd:0.42625
psychology:0.4255
pretentious:0.42475
world war i:0.4235
moral ambiguity:0.422
social commentary:0.42125
allegory:0.418
violence:0.41525
realistic action:0.406
beautiful:0.4015
cerebral:0.3995
great acting:0.3985
greed:0.397
insanity:0.39625
courage:0.396
atmospheric:0.394
dreamlike:0.38675
mentor:0.378
long:0.3745
slow paced:0.3735
imdb top 250:0.3735
not funny:0.373
too long:0.36875
adaptation:0.36425
island:0.35775
forceful:0.3545
great:0.3535
nudity (full frontal - notable):0.34975
photography:0.3475
weapons:0.346
thought-provoking:0.34175
overrated:0.33175
bleak:0.3265
survival:0.32475
bloody:0.32475
betrayal:0.32425
character study:0.32325
intellectual:0.318
morality:0.3165
emotional:0.31525
