future:0.99175
satire:0.9615
social commentary:0.93075
dystopia:0.9275
futuristic:0.92675
dumb:0.911
stupidity:0.89775
satirical:0.84475
stupid:0.84375
idiotic:0.824
absurd:0.78725
comedy:0.78475
original:0.775
funny:0.7645
narrated:0.73875
hilarious:0.7155
humanity:0.68225
funny as hell:0.678
alone in the world:0.665
humor:0.665
sarcasm:0.66025
sci fi:0.65175
humorous:0.648
science fiction:0.6465
dumb but funny:0.6465
utopia:0.643
very funny:0.641
scifi:0.62375
distopia:0.62325
cult film:0.6225
parody:0.61525
cult classic:0.615
quotable:0.612
workplace:0.60325
corporate america:0.5985
technology:0.59725
creativity:0.58425
dystopic future:0.56375
off-beat comedy:0.5485
funniest movies:0.539
pornography:0.5375
goofy:0.53675
reality tv:0.52425
crude humor:0.52375
clever:0.5165
saturday night live:0.50875
life philosophy:0.5
cerebral:0.498
internet:0.49475
shallow:0.4945
catastrophe:0.47725
great ending:0.47
so bad it's funny:0.46875
weird:0.464
dialogue:0.46
product placement:0.45175
intellectual:0.45075
visually appealing:0.44775
dark comedy:0.44175
storytelling:0.43975
genetics:0.43225
stoner movie:0.4275
greed:0.413
allegory:0.4095
good soundtrack:0.4005
unfunny:0.39775
mentor:0.3965
suprisingly clever:0.39475
surveillance:0.3895
silly:0.38925
story:0.38175
visually stunning:0.38125
best of 2005:0.381
visual:0.37325
brainwashing:0.35975
sci-fi:0.35525
dark humor:0.354
intelligent:0.351
great:0.35
brutality:0.348
first contact:0.34575
writers:0.34525
predictable:0.34475
unusual plot structure:0.34375
weapons:0.34075
bad ending:0.33725
adaptation:0.337
thought-provoking:0.3365
existentialism:0.33275
foul language:0.3315
survival:0.32975
philosophy:0.329
stereotypes:0.323
drinking:0.323
culture clash:0.322
complex:0.31975
pg-13:0.31375
ironic:0.31125
justice:0.3085
lone hero:0.30475
