gay character:0.88975
gay:0.847
obsession:0.804
writers:0.80175
relationships:0.78975
original:0.75775
homosexuality:0.7525
biographical:0.7505
mentor:0.7365
rebellion:0.7205
life philosophy:0.70825
poetry:0.70625
insanity:0.70575
love story:0.68275
nudity (rear):0.67925
loneliness:0.633
pornography:0.63275
eccentricity:0.627
passionate:0.61875
art:0.61725
very interesting:0.60575
artist:0.6015
great acting:0.59325
great ending:0.5925
cult film:0.5855
love:0.57925
irish accent:0.5755
sexual:0.575
male nudity:0.57025
literature:0.56325
redemption:0.557
homophobia:0.55325
justice:0.5515
dialogue:0.54875
sexualized violence:0.534
intellectual:0.5305
violence:0.5255
artistic:0.52175
complex:0.51875
costume drama:0.5145
runaway:0.51375
biopic:0.511
pretentious:0.50825
good soundtrack:0.508
psychology:0.49275
psychological:0.4865
shallow:0.47425
adaptation:0.47175
betrayal:0.47025
queer:0.457
nudity (topless):0.45675
nudity (full frontal - notable):0.4475
destiny:0.447
violent:0.42875
sexuality:0.4255
mozart:0.423
drama:0.42025
catastrophe:0.41625
great movie:0.41275
great:0.412
glbt:0.412
dysfunctional family:0.41075
brutality:0.40925
disturbing:0.40325
writing:0.403
adultery:0.39925
weird:0.39825
interesting:0.39575
intense:0.3945
predictable:0.39425
character study:0.39125
romance:0.3905
entirely dialogue:0.38875
london:0.38825
visually appealing:0.38625
philosophy:0.38375
bad acting:0.383
existentialism:0.3825
pointless:0.3775
creativity:0.374
storytelling:0.36575
intimate:0.36425
fantasy world:0.35975
story:0.35975
drinking:0.35875
fight scenes:0.35725
revenge:0.35575
melancholic:0.3545
erotic:0.35375
cult classic:0.35
nudity (full frontal - brief):0.34525
criterion:0.3435
infidelity:0.34275
prejudice:0.3365
adapted from:book:0.3355
multiple storylines:0.33425
not funny:0.33275
independent film:0.3255
french:0.3245
vengeance:0.324
