airport:0.993
70mm:0.9925
oscar (best editing):0.9655
disaster:0.9505
oscar (best supporting actress):0.84775
aviation:0.8255
natural disaster:0.7845
big budget:0.76675
original:0.75425
1970s:0.70975
special effects:0.68525
dialogue:0.67875
silly fun:0.6765
drama:0.6695
franchise:0.6685
suspenseful:0.65675
catastrophe:0.63425
entertaining:0.62625
suspense:0.59
rome:0.5735
good:0.57
fun movie:0.56525
action:0.55675
family:0.54325
family drama:0.531
oscar:0.5265
predictable:0.522
story:0.52125
intense:0.518
tense:0.5105
adultery:0.508
chase:0.50775
oscar winner:0.507
runaway:0.50675
mentor:0.503
love triangles:0.5005
destiny:0.494
adaptation:0.49275
good action:0.48825
exciting:0.482
ensemble cast:0.4805
life philosophy:0.455
great ending:0.44375
spoof:0.439
greed:0.4255
adventure:0.423
airplane:0.41825
dramatic:0.41725
lone hero:0.411
silly:0.4055
excellent:0.39725
fun:0.387
great:0.3795
alter ego:0.37675
light:0.3725
sequels:0.371
action packed:0.367
weapons:0.3635
clever:0.36075
talky:0.35875
hotel:0.3565
not funny:0.356
based on book:0.3495
1930s:0.34675
oscar (best directing):0.3455
sexy:0.3415
cheating:0.3335
great movie:0.33125
series:0.32925
underdog:0.328
divorce:0.32675
sci fi:0.3255
justice:0.325
original plot:0.325
overrated:0.321
sacrifice:0.32025
redemption:0.32
first contact:0.31725
survival:0.317
saturn award (best special effects):0.3165
plot:0.31575
imdb top 250:0.31475
adapted from:book:0.31475
entirely dialogue:0.3135
new jersey:0.31325
culture clash:0.312
underwater:0.3105
romantic:0.3105
las vegas:0.3095
romance:0.3075
infidelity:0.30475
happy ending:0.30075
violence:0.3
based on a book:0.3
slapstick:0.29725
science fiction:0.2965
explosions:0.29175
pg-13:0.2915
stranded:0.29025
interesting:0.289
