franchise:0.99125
super-hero:0.977
bad plot:0.9515
special effects:0.9265
superhero:0.92575
dc comics:0.89925
bad science:0.89775
space:0.89025
big budget:0.8685
weapons:0.8525
alter ego:0.84425
super hero:0.8305
superheroes:0.81775
plot holes:0.81175
original:0.77225
comic book:0.7685
predictable:0.7495
horrible:0.735
so bad it's funny:0.7305
destiny:0.72525
adapted from:comic:0.71175
comics:0.7095
first contact:0.70325
disaster:0.66675
bad acting:0.662
lame:0.65425
bad script:0.6535
ridiculous:0.6525
mentor:0.64875
natural disaster:0.59525
dynamic cgi action:0.59375
clones:0.58775
astronauts:0.57525
great ending:0.57325
cloning:0.54875
action:0.54475
fight scenes:0.54025
silly:0.539
nuclear:0.53675
sequels:0.535
sequel:0.534
crappy sequel:0.53275
good sequel:0.53175
nuclear war:0.523
sci fi:0.52225
solitude:0.522
awful:0.51725
catastrophe:0.515
bad cgi:0.5145
science fiction:0.5095
fantasy:0.502
idiotic:0.484
bad:0.48325
parallel universe:0.479
adventure:0.46725
pointless:0.45175
family:0.43775
technology:0.436
story:0.434
fantasy world:0.42925
scifi:0.41675
alternate reality:0.4095
cheesy:0.409
science:0.408
corny:0.4055
alone in the world:0.4045
nostalgia:0.40275
adaptation:0.4
dialogue:0.397
storytelling:0.39425
ninja:0.387
stupid as hell:0.38625
pg-13:0.38425
life philosophy:0.38325
dinosaurs:0.381
good:0.379
overrated:0.37525
not funny:0.3745
stupid:0.37025
shallow:0.3665
writers:0.35375
brutality:0.34225
mars:0.339
action packed:0.335
silly fun:0.33325
justice:0.32975
series:0.32475
fun:0.31775
comic book adaption:0.31525
unfunny:0.30375
campy:0.30375
entirely dialogue:0.302
creativity:0.30175
cold war:0.297
childhood:0.2895
stranded:0.2845
great:0.28075
fun movie:0.27975
unintentionally funny:0.279
nocturnal:0.2775
