talking animals:0.984
animals:0.9805
animal movie:0.97325
pigs:0.9695
children:0.9545
heartwarming:0.92575
cute:0.89575
sweet:0.8935
cute!:0.86525
original:0.86375
computer animation:0.81325
family:0.81275
kids:0.794
fairy tale:0.787
based on book:0.7645
kids and family:0.7585
feel-good:0.692
dog:0.66775
story:0.66225
affectionate:0.662
amazing cinematography:0.6505
excellent script:0.64175
clever:0.628
narrated:0.62325
light:0.6185
adventure:0.61725
good:0.61325
whimsical:0.60075
animated:0.5925
childhood:0.59175
cartoon:0.57375
feel good movie:0.57325
runaway:0.5635
storytelling:0.5585
based on a book:0.553
great:0.538
destiny:0.52825
magic:0.527
animation:0.51825
witty:0.51775
creativity:0.51725
dialogue:0.514
fantasy world:0.5085
sentimental:0.50675
fun:0.49825
mentor:0.498
fantasy:0.49475
imdb top 250:0.4895
touching:0.48875
catastrophe:0.47925
visually stunning:0.4755
great ending:0.4655
unlikely friendships:0.451
oscar:0.4485
oscar (best actress):0.4435
great movie:0.4405
classic:0.44025
adaptation:0.43975
culture clash:0.4325
oscar (best directing):0.4275
happy ending:0.426
allegory:0.42575
fairy tales:0.4235
beautiful scenery:0.41375
adapted from:book:0.41225
oscar (best supporting actress):0.40975
fun movie:0.409
not funny:0.40875
dogs:0.408
masterpiece:0.399
great acting:0.394
friendship:0.39275
secrets:0.38675
humanity:0.3845
entertaining:0.38425
rats:0.38075
australia:0.3775
colourful:0.3755
suprisingly clever:0.36725
earnest:0.366
disney:0.35775
chase:0.357
very good:0.35225
twists & turns:0.348
special effects:0.3465
drama:0.34225
talky:0.3385
simple:0.33775
overrated:0.3345
sappy:0.33325
oscar winner:0.33275
interesting:0.32725
excellent:0.3265
good versus evil:0.3255
visual:0.323
adoption:0.32225
nudity (full frontal - brief):0.31225
oscar (best animated feature):0.3115
suspense:0.311
life & death:0.306
