father daughter relationship:0.986
treasure hunt:0.98075
mental illness:0.87
california:0.83075
narrated:0.82625
eccentricity:0.80275
dreams:0.7965
depression:0.77025
insanity:0.76125
original:0.761
life & death:0.73425
quirky:0.72525
mental hospital:0.6995
great ending:0.6885
visually appealing:0.684
reflective:0.66475
feel-good:0.657
story:0.65425
suburbia:0.654
whimsical:0.65025
storytelling:0.626
good soundtrack:0.59475
drama:0.5945
redemption:0.57675
obsession:0.55975
parallel universe:0.5595
culture clash:0.51675
touching:0.5115
cinematography:0.51025
dysfunctional family:0.5065
spanish:0.504
life philosophy:0.50325
destiny:0.501
weird:0.49375
emotional:0.48375
great acting:0.4835
bad ending:0.4705
crazy:0.46975
silly:0.466
mentor:0.4625
cerebral:0.46025
loneliness:0.45175
feel good movie:0.442
social commentary:0.43925
catastrophe:0.43725
weed:0.429
homeless:0.42875
wilderness:0.4285
nudity (full frontal - brief):0.4215
disability:0.418
light:0.4175
independent film:0.41325
transformation:0.4085
melancholic:0.40775
enigmatic:0.40675
adventure:0.40475
solitude:0.4045
great:0.40425
nudity (topless - brief):0.39825
downbeat:0.39125
adaptation:0.391
workplace:0.38825
special:0.3875
brutality:0.38625
very interesting:0.3855
complicated:0.37975
poignant:0.37925
dialogue:0.37325
oscar (best actress):0.37225
predictable:0.37225
complex:0.3715
nudity (topless):0.37025
psychiatry:0.36175
visual:0.36
inspirational:0.3595
bittersweet:0.35625
clever:0.35375
beautifully filmed:0.351
good acting:0.34775
existentialism:0.346
irish accent:0.3455
grim:0.345
writers:0.3445
male nudity:0.344
schizophrenia:0.34375
pornography:0.34375
beautiful scenery:0.34125
visually stunning:0.34025
dramatic:0.33875
new jersey:0.33875
oscar (best directing):0.33825
hospital:0.338
life:0.33725
guilt:0.33475
treasure:0.33425
childhood:0.334
mission from god:0.33275
stunning:0.3305
off-beat comedy:0.32925
psychology:0.32875
