fantasy:0.949
silly fun:0.937
fun movie:0.87775
1980s:0.86525
adventure:0.86525
animals:0.85175
80s:0.84925
original:0.77625
fantasy world:0.7605
action:0.75325
wizards:0.724
fight scenes:0.72075
sword fighting:0.7105
nudity (topless):0.70925
bad acting:0.70825
vengeance:0.68525
fun:0.68225
high fantasy:0.68
good:0.669
special effects:0.66425
pulp:0.66425
goofy:0.65475
cult classic:0.652
weapons:0.6505
silly:0.6345
campy:0.611
talking animals:0.60875
sword fight:0.59025
revenge:0.5845
entertaining:0.57675
cult:0.57275
brutality:0.5635
magic:0.56225
mentor:0.54275
cheesy:0.54
destiny:0.53725
cool:0.537
fighting:0.5235
sci fi:0.5235
predictable:0.522
witches:0.51425
sacrifice:0.5065
guilty pleasure:0.5025
animal movie:0.497
science fiction:0.4935
chase:0.48275
violence:0.48275
good action:0.48
sci-fi:0.47625
great:0.47375
awesome soundtrack:0.45475
dialogue:0.45425
lone hero:0.447
great ending:0.442
weird:0.4405
cult film:0.44025
witch:0.43825
vigilante:0.43625
childhood:0.43625
criterion:0.43575
scifi:0.42525
good versus evil:0.42325
catastrophe:0.418
nostalgic:0.418
visual:0.4135
storytelling:0.4125
first contact:0.40775
demons:0.39975
story:0.39975
camp:0.39925
transformation:0.39525
lions:0.3925
great movie:0.38475
adaptation:0.38325
monster:0.38
good soundtrack:0.37675
stylized:0.3615
not funny:0.359
future:0.3565
action packed:0.35625
life & death:0.356
effects:0.3535
so bad it's funny:0.351
exciting:0.34675
happy ending:0.34625
dystopia:0.34175
time:0.34075
new jersey:0.326
bullying:0.32375
mad scientist:0.31825
bad plot:0.313
creativity:0.31125
oscar (best effects - visual effects):0.307
bad:0.30625
death:0.30575
cinematography:0.302
family:0.3015
grindhouse:0.30075
classic:0.30025
culture clash:0.2965
