politics:0.9935
documentary:0.98
conspiracy:0.976
political:0.9725
president:0.95925
conspiracy theory:0.9495
corruption:0.91725
propaganda:0.83925
terrorism:0.8355
history:0.8265
manipulation:0.7965
us history:0.7855
assassination:0.76525
original:0.7615
interesting:0.76025
very interesting:0.75075
pornography:0.74525
historical:0.6585
business:0.62425
brainwashing:0.618
investigation:0.5975
based on a book:0.597
gangsters:0.582
vengeance:0.58125
great ending:0.572
capitalism:0.57025
police investigation:0.56725
fighting the system:0.56175
culture clash:0.557
greed:0.55225
adaptation:0.54525
adapted from:book:0.5395
based on book:0.53425
brutality:0.533
cold war:0.5325
mentor:0.53225
clever:0.52575
oscar (best actress):0.52525
obsession:0.524
court:0.51825
good:0.517
women:0.51325
intense:0.513
violence:0.50925
sexualized violence:0.5055
talky:0.5035
honest:0.50175
biography:0.4935
california:0.49275
torture:0.48925
complex:0.48825
hip hop:0.48725
free to download:0.487
revenge:0.48575
pg-13:0.48075
san francisco:0.4625
justice:0.45775
factual:0.45475
oil:0.452
internet:0.451
storytelling:0.4475
serial killer:0.44325
idealism:0.439
criterion:0.436
tragedy:0.43525
los angeles:0.434
political corruption:0.43025
heartbreaking:0.4255
enormously long battle scene:0.422
fantasy world:0.421
narrated:0.4195
social commentary:0.41825
insanity:0.41675
dark hero:0.41225
catastrophe:0.41175
drama:0.4045
prison:0.4025
censorship:0.398
dialogue:0.396
sexual:0.3925
harsh:0.38825
twists & turns:0.3875
dramatic:0.38625
intelligent:0.38525
9/11:0.383
intimate:0.3815
entertaining:0.38
good soundtrack:0.37975
journalism:0.379
based on a play:0.37775
oscar (best directing):0.37675
book:0.372
nudity (topless - notable):0.36925
thought-provoking:0.36775
story:0.367
shallow:0.36525
betrayal:0.36525
melancholic:0.3625
books:0.35775
runaway:0.3575
