tom clancy:0.999
espionage:0.9925
action:0.9795
spying:0.9745
spy:0.96725
russia:0.96225
mentor:0.923
spies:0.90975
chase:0.89975
cia:0.8695
fast paced:0.8645
pg-13:0.8545
good action:0.84425
terrorism:0.82675
thriller:0.81975
franchise:0.81675
car chase:0.8025
conspiracy:0.796
plot:0.79375
secret service:0.75675
cold war:0.754
action packed:0.7535
betrayal:0.73975
predictable:0.72
secrets:0.71025
assassin:0.70125
assassination:0.6995
plot holes:0.68425
big budget:0.68225
original:0.656
surveillance:0.642
dialogue:0.63725
realistic action:0.63575
fight scenes:0.6115
007 (series):0.607
catastrophe:0.594
entertaining:0.5895
exciting:0.5645
story:0.55975
so bad it's funny:0.55825
bad plot:0.54125
assassins:0.53675
murder:0.53275
islam:0.52925
revenge:0.51775
unrealistic:0.5155
silly:0.50825
technology:0.50775
lone hero:0.505
better than expected:0.50275
kidnapping:0.50225
happy ending:0.48575
runaway:0.48475
irish accent:0.48175
good:0.47525
plot twist:0.4745
explosions:0.46875
vengeance:0.4605
great ending:0.45525
no plot:0.44775
russian:0.44425
torture:0.439
heist:0.4355
suspense:0.434
survival:0.41275
based on a book:0.4125
superheroes:0.40175
corruption:0.4
007:0.38625
intense:0.378
not funny:0.375
bombs:0.37425
gunfight:0.373
adventure:0.37125
arms dealer:0.37025
weapons:0.36175
twists & turns:0.36075
london:0.35875
great:0.3585
bad acting:0.358
books:0.3565
stupid as hell:0.351
special effects:0.34975
sexy:0.34925
superhero:0.3465
natural disaster:0.34625
adaptation:0.34525
storytelling:0.34475
fun movie:0.34425
brutality:0.338
super hero:0.33725
suspenseful:0.3325
video game:0.33075
motorcycle:0.32725
cool:0.32375
family:0.323
robert ludlum:0.3185
internet:0.314
life philosophy:0.309
first contact:0.30625
