noir thriller:0.973
jazz:0.9435
noir:0.92875
cerebral:0.88225
crime:0.87325
great movie:0.863
talky:0.85025
film noir:0.842
runaway:0.78525
tense:0.78125
gangster:0.7755
great:0.7725
original:0.7725
gangsters:0.76775
drama:0.7625
interesting:0.73575
atmospheric:0.72325
story:0.7175
fun movie:0.71525
mentor:0.71175
visual:0.7105
organized crime:0.70725
twist:0.698
corruption:0.682
criterion:0.679
cinematography:0.67175
love story:0.671
suspense:0.66425
stylish:0.6625
narrated:0.6605
dialogue:0.6605
musicians:0.65725
dark:0.65025
police investigation:0.6205
intense:0.61725
enigmatic:0.614
mob:0.61225
nudity (topless):0.59975
great ending:0.5975
twists & turns:0.59725
great acting:0.595
nudity (topless - brief):0.58925
crime gone awry:0.587
death:0.57875
good:0.5735
unusual plot structure:0.5685
weapons:0.5675
violence:0.556
radio:0.55125
england:0.55025
very interesting:0.545
clever:0.53575
stylized:0.532
slow paced:0.527
directorial debut:0.518
plot:0.517
light:0.51275
gritty:0.507
claustrophobic:0.50225
oscar (best supporting actress):0.50025
british:0.49675
moody:0.49575
good soundtrack:0.4915
stunning:0.48925
technology:0.4815
cynical:0.47725
sexy:0.476
violent:0.4685
good music:0.466
sci fi:0.46475
exceptional acting:0.464
conspiracy:0.46275
complex:0.45875
storytelling:0.45525
excellent script:0.4545
not funny:0.45225
visually appealing:0.4495
based on a play:0.44925
culture clash:0.44925
good acting:0.44675
thriller:0.44175
catastrophe:0.44075
cool:0.4375
oscar (best supporting actor):0.426
free to download:0.42
pulp:0.40225
cult film:0.40025
complicated:0.40025
redemption:0.3975
oscar (best actress):0.396
great cinematography:0.39575
dramatic:0.3955
predictable:0.39525
downbeat:0.3945
california:0.3915
oscar (best directing):0.39125
goofy:0.3905
las vegas:0.38775
entirely dialogue:0.38525
detective:0.382
