latin america:0.95075
radio:0.88875
sexy:0.881
original:0.86475
pg-13:0.8475
whimsical:0.84425
new orleans:0.809
fun movie:0.8035
eccentricity:0.7375
stylish:0.7005
revolution:0.69875
adapted from:book:0.68675
grim:0.6835
betrayal:0.68125
mindfuck:0.67625
fun:0.675
good soundtrack:0.65975
romantic:0.65475
storytelling:0.64925
great movie:0.638
adaptation:0.638
interesting:0.63525
great ending:0.6095
transformation:0.60675
cult classic:0.58575
dark hero:0.58525
complex:0.58125
so bad it's funny:0.576
love:0.56925
screwball comedy:0.56325
plot twist:0.5625
stylized:0.5625
destiny:0.5595
technology:0.5585
story:0.5585
satirical:0.54075
ensemble cast:0.529
mentor:0.5245
tricky:0.52375
sci fi:0.52375
anti-hero:0.50375
post-apocalyptic:0.49725
memory:0.49
adultery:0.48275
writers:0.47925
fight scenes:0.469
gay character:0.467
twists & turns:0.46375
brutality:0.46275
unusual plot structure:0.46075
witty:0.46
complicated:0.459
bullshit history:0.45475
vigilantism:0.45025
oscar (best writing - screenplay written directly for the screen):0.44675
1920s:0.44625
life philosophy:0.445
bad acting:0.444
twist:0.4395
great:0.4365
plot holes:0.4325
cult film:0.4315
catastrophe:0.43
complicated plot:0.4265
hilarious:0.4165
nocturnal:0.41425
beautiful scenery:0.41225
highly quotable:0.412
independent film:0.40725
con men:0.40425
cerebral:0.391
multiple storylines:0.386
justice:0.38425
very funny:0.38325
entirely dialogue:0.379
dramatic:0.37425
visual:0.3715
funny:0.3675
cute:0.36725
lone hero:0.36475
computer game:0.36325
chase:0.362
happy ending:0.36175
video game:0.36075
claustrophobic:0.35775
fighting:0.3575
alternate reality:0.35675
sacrifice:0.356
science fiction:0.35575
predictable:0.35375
melancholic:0.3525
romance:0.35225
identity:0.34275
england:0.33825
affectionate:0.33775
comedy:0.33575
murder:0.334
narrated:0.3335
sweet:0.33325
violence:0.33275
