germany:0.99425
oscar (best foreign language film):0.99425
world war ii:0.99075
fascism:0.96425
surreal:0.958
nazis:0.9545
poland:0.899
criterion:0.878
wartime:0.839
golden palm:0.832
german:0.829
wwii:0.8145
childhood:0.812
controversial:0.804
foreign:0.80225
surrealism:0.79325
magic realism:0.79
nazi:0.7655
pornography:0.7605
masterpiece:0.75625
adolescence:0.7535
rebellion:0.752
storytelling:0.7435
anti-semitism:0.73875
oscar:0.73825
disturbing:0.7265
adapted from:book:0.72475
allegory:0.72175
jews:0.71225
based on a book:0.7085
reflective:0.68225
latin america:0.67875
imdb top 250:0.67675
original:0.67575
dramatic:0.66025
weird:0.65975
cinematography:0.65475
bleak:0.64275
good soundtrack:0.63725
brutality:0.62625
social commentary:0.6205
narrated:0.60225
runaway:0.593
satirical:0.5855
oscar (best directing):0.585
talky:0.5795
harsh:0.5795
oscar (best actress):0.57925
scenic:0.573
catastrophe:0.5715
quirky:0.56925
adaptation:0.56575
absurd:0.5635
long:0.55125
culture clash:0.55025
suprisingly clever:0.54025
enigmatic:0.5385
moral ambiguity:0.5345
melancholic:0.52975
imagination:0.52425
insanity:0.52075
visual:0.5195
visually appealing:0.519
oscar (best supporting actress):0.51825
nudity (full frontal - notable):0.51675
stylized:0.513
dialogue:0.49775
poignant:0.4935
breathtaking:0.48725
male nudity:0.474
literary adaptation:0.474
japan:0.46575
1930s:0.46225
idealism:0.4525
tragedy:0.452
dreamlike:0.4495
intellectual:0.4435
ironic:0.44175
visually stunning:0.44
art house:0.43925
thought-provoking:0.4385
literature:0.438
art:0.4325
stunning:0.432
strange:0.43125
nudity (full frontal):0.43075
drama:0.43
twists & turns:0.4275
melancholy:0.4275
beautifully filmed:0.42725
cerebral:0.42675
complex:0.42375
exceptional acting:0.419
unusual plot structure:0.419
brutal:0.41675
historical:0.41375
violent:0.4135
grim:0.404
1920s:0.40225
forceful:0.40125
