computer animation:0.9965
pixar:0.99025
short:0.98975
pixar animation:0.9835
animation:0.98125
stop motion:0.9715
too short:0.9665
cartoon:0.90075
animated:0.8995
toys:0.8545
cute:0.8385
original:0.81225
dialogue:0.80525
talking animals:0.79425
stop-motion:0.79325
animals:0.7505
visually appealing:0.7435
good:0.74075
clever:0.7405
technology:0.73975
imdb top 250:0.7335
family:0.727
story:0.722
aardman studios:0.71425
funny:0.71
destiny:0.70975
pg-13:0.70125
adventure:0.70125
light:0.69625
girlie movie:0.69
happy ending:0.684
creativity:0.6785
fantasy world:0.66825
humor:0.667
sweet:0.66
great:0.649
animal movie:0.6375
chase:0.63625
friendship:0.6325
humorous:0.63
very funny:0.62025
witty:0.61975
simple:0.61775
adapted from:book:0.599
unlikely friendships:0.59225
redemption:0.58525
touching:0.58425
heartwarming:0.583
good versus evil:0.577
oscar:0.57075
storytelling:0.56775
based on book:0.564
highly quotable:0.557
romantic:0.55675
kids and family:0.55675
mentor:0.53775
cute!:0.53225
quotable:0.52475
hilarious:0.5205
suprisingly clever:0.52025
childhood:0.519
entertaining:0.51625
life philosophy:0.516
superheroes:0.51475
great movie:0.5125
runaway:0.5105
alter ego:0.51
lone hero:0.50475
great ending:0.5
good soundtrack:0.4975
whimsical:0.49675
fun:0.494
quirky:0.48475
geek:0.4765
transformation:0.47475
1920s:0.4715
oscar (best animated feature):0.466
fast paced:0.462
coming of age:0.461
plot:0.45925
original plot:0.45625
parallel universe:0.45
manipulation:0.4485
series:0.4475
geeks:0.44375
fun movie:0.442
catastrophe:0.44075
kids:0.43575
murder:0.434
gay character:0.42425
3d:0.4205
children:0.4185
betrayal:0.41575
nostalgic:0.414
england:0.4085
disney:0.40475
nocturnal:0.401
weird:0.39875
police investigation:0.39225
imagination:0.39075
