remake:0.99125
horror:0.94425
splatter:0.8915
cult classic:0.86675
original:0.862
special effects:0.85225
fun movie:0.7965
monster:0.78625
gory:0.76325
sci fi:0.74825
small town:0.74675
80s:0.65275
cheesy:0.652
mad scientist:0.635
slasher:0.62325
campy:0.621
transformation:0.6205
goofy:0.6205
great ending:0.617
effects:0.6115
mentor:0.60025
sci-fi:0.5925
so bad it's funny:0.58275
teens:0.58075
scary:0.54325
monsters:0.5335
remade:0.53125
fun:0.51
bloody:0.51
science fiction:0.49275
cool:0.49
zombie:0.49
sequel:0.48775
weapons:0.482
grindhouse:0.4795
scifi:0.4745
death:0.469
dialogue:0.4615
silly:0.45675
end of the world:0.44925
camp:0.44525
predictable:0.44425
1980s:0.443
creepy:0.4395
bad acting:0.42325
good:0.419
suspense:0.41375
teen movie:0.40875
great:0.407
silly fun:0.40475
catastrophe:0.39825
visceral:0.38525
violence:0.3835
gruesome:0.38225
cult film:0.38075
weird:0.37825
brutality:0.37575
teleportation:0.37125
first contact:0.36425
original plot:0.363
gore:0.36075
pointless:0.35975
demons:0.35675
alien:0.35575
not funny:0.3555
survival:0.35
story:0.34825
action:0.34425
classic:0.33925
big budget:0.33825
unusual plot structure:0.335
redemption:0.33275
bad cgi:0.33
hospital:0.32825
chase:0.327
adaptation:0.324
good soundtrack:0.32075
storytelling:0.31925
motorcycle:0.307
space:0.30575
entertaining:0.304
bad plot:0.29975
franchise:0.29925
lone hero:0.299
overrated:0.29825
entirely dialogue:0.2955
melancholic:0.292
teen:0.2895
disaster:0.2795
quirky:0.2785
crappy sequel:0.27625
great acting:0.27375
natural disaster:0.26975
mutants:0.2685
culture clash:0.267
life philosophy:0.26675
dynamic cgi action:0.26225
destiny:0.26
fight scenes:0.258
fantasy world:0.25775
