noir thriller:0.98025
police:0.9735
detective:0.96575
crime:0.954
los angeles:0.943
police investigation:0.91375
noir:0.90825
investigation:0.901
film noir:0.88725
suspense:0.84825
tense:0.829
murder:0.813
moral ambiguity:0.7975
chase:0.77925
police corruption:0.767
dark:0.76575
narrated:0.765
unusual plot structure:0.765
original:0.74
cinematography:0.73725
very interesting:0.729
black and white:0.7115
criterion:0.6925
assassination:0.68225
stylized:0.656
runaway:0.652
interesting:0.6505
obsession:0.64975
life & death:0.63625
drama:0.62275
enigmatic:0.61075
corruption:0.609
california:0.608
great ending:0.607
adapted from:book:0.59925
clever:0.59725
serial killer:0.5925
paranoia:0.5595
photography:0.55725
gritty:0.54475
gangsters:0.54425
forceful:0.537
psychological:0.52925
story:0.5255
guilt:0.52325
san francisco:0.5215
talky:0.52025
allegory:0.51225
atmospheric:0.50475
identity:0.504
insanity:0.50275
twists & turns:0.4975
greed:0.48675
excellent:0.48425
downbeat:0.478
thriller:0.47575
stylish:0.4595
classic car:0.44775
tricky:0.444
television:0.4435
eccentricity:0.44175
suspenseful:0.43925
complicated:0.436
death penalty:0.432
organized crime:0.4295
mob:0.42775
robbery:0.42675
vienna:0.42425
golden palm:0.42225
sexy:0.42075
catastrophe:0.41425
based on a book:0.412
oscar (best supporting actress):0.40975
silent:0.40675
light:0.40675
intimate:0.406
claustrophobic:0.40575
paranoid:0.40475
melancholic:0.4035
surveillance:0.40175
harsh:0.40125
classic:0.4005
dreamlike:0.3965
gangster:0.395
mystery:0.39425
kidnapping:0.3895
crime gone awry:0.38825
surreal:0.3865
imdb top 250:0.37675
hitman:0.36875
moody:0.3685
character study:0.36575
culture clash:0.36475
twist:0.364
murder mystery:0.359
nocturnal:0.35525
cynical:0.35325
adaptation:0.353
storytelling:0.3505
dark hero:0.35025
