teleportation:0.99925
science fiction:0.966
mad scientist:0.95925
sci-fi:0.9575
classic:0.953
horror:0.934
sci fi:0.8725
spiders:0.8705
scifi:0.8425
original:0.80425
creepy:0.77275
tragedy:0.76075
effects:0.751
remade:0.71875
transformation:0.69825
nudity (topless - brief):0.698
special effects:0.6875
macabre:0.67575
story:0.6605
suspense:0.65
talky:0.6015
monster:0.5945
murder:0.5865
insanity:0.58475
1950s:0.5825
humanity:0.57875
scary:0.57375
allegory:0.56925
first contact:0.55625
great ending:0.55475
visceral:0.545
cult classic:0.545
suspenseful:0.54375
gruesome:0.533
atmospheric:0.53025
frightening:0.51
gory:0.4925
great:0.4875
remake:0.484
science:0.48025
technology:0.48
storytelling:0.4645
adaptation:0.45875
paranoid:0.4535
grim:0.449
tense:0.43775
obsession:0.4365
dialogue:0.42625
criterion:0.4255
narrated:0.42525
weird:0.42125
fun movie:0.4165
suprisingly clever:0.414
catastrophe:0.406
life & death:0.4015
genetics:0.4005
psychological:0.394
mentor:0.392
oscar (best actress):0.38775
oscar (best supporting actress):0.38675
cult film:0.382
good:0.378
low budget:0.373
cerebral:0.36775
greed:0.365
afi 100 (movie quotes):0.3625
unusual plot structure:0.35925
not funny:0.35025
death:0.3475
imdb top 250:0.34675
melancholic:0.346
visually appealing:0.3425
disturbing:0.34025
great acting:0.3365
forceful:0.33425
campy:0.334
police investigation:0.333
runaway:0.33125
culture clash:0.32975
happy ending:0.32675
violence:0.3255
great movie:0.324
cult:0.32075
very good:0.31875
brutality:0.3175
android(s)/cyborg(s):0.315
overrated:0.31225
light:0.3115
adapted from:book:0.31125
family:0.30975
lone hero:0.3075
psychiatrist:0.30725
hospital:0.305
grindhouse:0.30425
silly:0.30375
good acting:0.3035
clever:0.30225
existentialism:0.29975
childhood:0.298
dramatic:0.29625
