alien:0.99725
aliens:0.98525
alien invasion:0.97525
scifi:0.97475
sci fi:0.9725
sci-fi:0.94725
space:0.947
so bad it's funny:0.8935
science fiction:0.88725
first contact:0.8565
monster:0.78525
original:0.76225
special effects:0.73525
pulp:0.71875
predictable:0.69075
monsters:0.6775
weapons:0.6675
allegory:0.66575
bad plot:0.6605
bad science:0.63175
mars:0.558
camp:0.5565
lame:0.544
mad scientist:0.54175
transformation:0.52075
science:0.5125
campy:0.49675
utopia:0.47575
low budget:0.46975
futuristic:0.465
bad:0.46125
great ending:0.454
dialogue:0.44
robot:0.438
mentor:0.43225
bad script:0.43025
cult film:0.42875
grindhouse:0.4085
overrated:0.3915
ridiculous:0.39025
catastrophe:0.388
intelligent sci-fi:0.38075
teen movie:0.3705
pointless:0.36875
bad cgi:0.36525
cheesy:0.36475
splatter:0.36125
bad acting:0.35875
scifi cult:0.3565
robots:0.35375
brutality:0.35075
dc comics:0.34825
shallow:0.34225
natural disaster:0.33825
snakes:0.338
redemption:0.3335
silly:0.33225
effects:0.33075
horrible:0.323
entirely dialogue:0.32225
dinosaurs:0.31775
destiny:0.3155
not funny:0.31425
demons:0.30775
violence:0.306
fight scenes:0.30475
gangsters:0.3
boring:0.29525
horror:0.29425
chase:0.29175
surreal:0.2905
teen:0.2905
family:0.2855
disaster:0.28525
fantasy world:0.285
passionate:0.2835
cult classic:0.28325
creativity:0.2825
spiders:0.27975
slapstick:0.2795
adaptation:0.278
fun:0.27675
1950s:0.27475
storytelling:0.2745
fun movie:0.27425
scary:0.27275
computer game:0.2715
quirky:0.26725
death:0.26625
silly fun:0.26425
vengeance:0.26125
intense:0.26075
based on a book:0.2595
dreamlike:0.258
suspense:0.2575
story:0.25675
vampire human love:0.2515
desert:0.25125
light:0.251
good dialogue:0.251
