adolescence:0.986
teenager:0.97525
loneliness:0.95075
coming of age:0.948
rebellion:0.94775
teen:0.939
teen movie:0.932
runaway:0.91075
teenagers:0.89775
drinking:0.8825
teens:0.882
1950s:0.86
friendship:0.85375
death:0.8445
high school:0.83925
gay character:0.83225
gangs:0.81225
imdb top 250:0.796
coming-of-age:0.7905
mentor:0.78875
father son relationship:0.78325
original:0.77
bullying:0.766
parenthood:0.7645
classic:0.75575
good soundtrack:0.753
dysfunctional family:0.74175
oscar (best directing):0.73275
oscar (best actress):0.71525
social commentary:0.68925
violence:0.689
amazing cinematography:0.68875
reflective:0.68825
great acting:0.68675
school:0.67475
relationships:0.67025
affectionate:0.66625
childhood:0.66625
criterion:0.66575
exceptional acting:0.66575
unlikely friendships:0.66425
dramatic:0.659
violent:0.6485
drama:0.64325
realistic:0.6405
cool:0.63625
golden palm:0.63525
oscar (best supporting actress):0.63325
poignant:0.6285
forceful:0.621
love:0.6065
talky:0.602
depression:0.60025
tragedy:0.584
intense:0.5815
awesome soundtrack:0.58025
california:0.5795
small town:0.57825
bleak:0.5765
police:0.57525
character study:0.5725
dialogue:0.5675
quotable:0.567
great ending:0.56075
harsh:0.5555
compassionate:0.55125
crime gone awry:0.547
chase:0.54575
queer:0.541
brutality:0.53725
gunfight:0.52975
culture clash:0.528
pornography:0.5275
enigmatic:0.52725
great:0.51775
nocturnal:0.515
stereotypes:0.51325
melancholic:0.51325
great movie:0.513
bittersweet:0.50225
downbeat:0.50225
adapted from:book:0.49825
gangsters:0.498
storytelling:0.4935
emotional:0.48975
narrated:0.489
afi 100 (movie quotes):0.48575
honest:0.485
redemption:0.48425
grim:0.48375
story:0.47475
cult classic:0.4735
obsession:0.47075
children:0.4705
vengeance:0.47025
good:0.46925
race issues:0.4625
family:0.46125
suburbia:0.45375
kids:0.45175
