gunfight:0.848
original:0.81675
good action:0.781
stylish:0.75575
action:0.74325
vengeance:0.734
fight scenes:0.7285
complex:0.72525
hong kong:0.71625
hit men:0.6845
action packed:0.64975
breathtaking:0.6345
storytelling:0.59275
melancholic:0.57275
redemption:0.56975
fast paced:0.52775
weird:0.50175
spanish:0.50125
brutality:0.4985
visually appealing:0.49825
weapons:0.48875
cool:0.4855
dialogue:0.48225
culture clash:0.48075
visual:0.47375
mentor:0.47
stylized:0.4465
parenthood:0.44425
story:0.44175
lone hero:0.43625
criterion:0.4315
life philosophy:0.4055
great ending:0.40525
catastrophe:0.40475
gratuitous violence:0.402
kung fu:0.401
grindhouse:0.39925
gangsters:0.398
good soundtrack:0.39275
great:0.387
mafia:0.38175
tokyo:0.3735
stunning:0.37275
dark hero:0.37175
entirely dialogue:0.37
british:0.35275
absurd:0.346
narrated:0.34175
enigmatic:0.34175
fun movie:0.34
explosions:0.33775
maze:0.3375
police investigation:0.3375
great cinematography:0.3355
twists & turns:0.33175
beautiful scenery:0.33075
surreal:0.3275
realistic action:0.32675
guns:0.3265
not funny:0.321
cinematography:0.32075
confusing:0.32075
violence:0.32025
japan:0.319
assassination:0.31675
nocturnal:0.3165
talky:0.316
free to download:0.31
loneliness:0.31
complex characters:0.30925
suprisingly clever:0.309
goretastic:0.3085
runaway:0.30425
classic car:0.3035
clever:0.30325
revenge:0.30325
fantasy world:0.29825
social commentary:0.2955
tricky:0.29225
hitman:0.29225
betrayal:0.28975
drama:0.28925
adaptation:0.28675
dreamlike:0.285
giant robots:0.27825
car chase:0.278
obsession:0.27725
life & death:0.277
visually stunning:0.26975
creativity:0.2695
anti-hero:0.267
funny as hell:0.26225
guilt:0.26175
chase:0.2605
alter ego:0.25575
quirky:0.25525
witty:0.25525
solitude:0.2545
gangs:0.25225
unusual plot structure:0.251
