sci-fi:0.9515
splatter:0.94525
horror:0.91625
cult classic:0.9025
gory:0.85425
visceral:0.82375
weird:0.8095
cult film:0.80625
sci fi:0.78825
mad scientist:0.7745
criterion:0.764
creepy:0.75425
low budget:0.7505
original:0.7355
science fiction:0.7285
gruesome:0.68825
scifi:0.68125
effects:0.67475
cerebral:0.66075
special effects:0.64075
mentor:0.61325
mutants:0.6085
intelligent sci-fi:0.5805
cult:0.5795
great ending:0.55975
grindhouse:0.5465
atmospheric:0.5455
bloody:0.5295
ominous:0.5265
disturbing:0.514
technology:0.505
very interesting:0.49375
transformation:0.482
brutality:0.4745
apocalypse:0.4715
social commentary:0.45475
first contact:0.4525
creativity:0.44925
nudity (full frontal - notable):0.44525
dialogue:0.43625
weapons:0.4355
allegory:0.42875
insanity:0.423
violence:0.42275
great:0.41925
mental illness:0.419
scary:0.41725
demons:0.4165
catastrophe:0.409
macabre:0.4015
doctors:0.4015
bizarre:0.3965
enigmatic:0.395
downbeat:0.39
teleportation:0.388
futuristic:0.3875
computer animation:0.387
80s:0.377
campy:0.375
paranoid:0.369
adaptation:0.36725
violent:0.36525
psychological:0.36475
complex:0.363
not funny:0.363
blood:0.36075
suspenseful:0.35875
talky:0.35275
good soundtrack:0.3425
surreal:0.33725
gore:0.33325
intense:0.33225
harsh:0.32775
vengeance:0.319
suspense:0.31575
storytelling:0.3145
visually appealing:0.3145
distopia:0.31225
monster:0.31075
runaway:0.3105
classic:0.3095
so bad it's funny:0.302
bad plot:0.29975
moral ambiguity:0.298
obsession:0.29175
thought-provoking:0.2915
eerie:0.29125
crime gone awry:0.2895
entirely dialogue:0.2885
humanity:0.287
melancholic:0.28675
absurd:0.2855
life & death:0.28425
masterpiece:0.28
story:0.27875
lone hero:0.27825
existentialism:0.278
dark humor:0.27725
suprisingly clever:0.27425
1980s:0.2705
