silent:0.9575
black and white:0.9315
fake documentary:0.896
masterpiece:0.8855
criterion:0.88525
imdb top 250:0.8665
talky:0.85
intimate:0.8215
enigmatic:0.81825
visual:0.8145
stylized:0.8095
cinematography:0.77525
reflective:0.76575
narrated:0.7575
breathtaking:0.7435
golden palm:0.742
weird:0.731
life & death:0.7015
bleak:0.6965
affectionate:0.6925
original:0.6715
melancholy:0.662
very interesting:0.6615
grim:0.661
documentary:0.66025
meditative:0.64825
artistic:0.64175
runaway:0.63925
cerebral:0.63525
1920s:0.63
art:0.62875
existentialism:0.60425
downbeat:0.603
russian:0.6
surreal:0.59975
homeless:0.59075
nocturnal:0.5875
stop motion:0.587
russia:0.58375
free to download:0.5805
visceral:0.58025
harsh:0.555
photography:0.55125
life philosophy:0.54825
oscar (best directing):0.53075
ironic:0.5195
atmospheric:0.51575
highly quotable:0.51525
visually appealing:0.51475
creativity:0.512
good soundtrack:0.50675
movielens top pick:0.50025
social commentary:0.4995
interesting:0.49425
lyrical:0.4855
suprisingly clever:0.48125
oscar (best actress):0.47975
philosophical:0.47
great:0.469
storytelling:0.467
paranoid:0.464
distopia:0.44875
dreamlike:0.44425
culture clash:0.44075
music:0.43775
cult classic:0.43475
greed:0.43275
melancholic:0.43125
character study:0.42825
surveillance:0.428
police investigation:0.4215
afi 100 (laughs):0.41075
great ending:0.408
unusual plot structure:0.4075
amazing cinematography:0.404
loneliness:0.40325
noir:0.402
literature:0.4
insanity:0.3995
gunfight:0.39825
hotel:0.39625
passionate:0.393
dialogue:0.39275
light:0.39075
artist:0.38925
surrealism:0.38675
witty:0.3845
mentor:0.379
berlin:0.3785
afi 100 (movie quotes):0.37425
classic car:0.3685
crime gone awry:0.36475
political:0.36375
cynical:0.3635
cult film:0.3625
redemption:0.36025
allegory:0.36
technology:0.35975
disturbing:0.35775
tense:0.3565
