heist:0.96625
caper:0.89825
prison escape:0.89525
great acting:0.8895
crime:0.88525
stylish:0.8845
sexy:0.8685
cool:0.84575
dialogue:0.84125
original:0.83
based on a book:0.81175
bank robbery:0.7945
great movie:0.7935
romantic:0.78875
neo-noir:0.7785
great:0.75925
clever:0.759
great dialogue:0.758
love:0.756
crime gone awry:0.7545
romance:0.73975
prison:0.72725
great ending:0.71525
interesting:0.7145
witty:0.705
adaptation:0.70325
excellent script:0.703
good:0.70275
fast paced:0.6955
pulp:0.68525
fun movie:0.67275
good acting:0.6695
good soundtrack:0.6625
very good:0.66225
talky:0.65225
based on book:0.65175
twists & turns:0.65075
entertaining:0.6455
complicated:0.62875
stylized:0.6185
entirely dialogue:0.61775
corruption:0.61625
ensemble cast:0.61525
runaway:0.6005
gangsters:0.586
storytelling:0.5855
suspense:0.57975
drama:0.56725
excellent:0.56425
adapted from:book:0.564
police corruption:0.55825
quotable:0.55125
chase:0.54625
fbi:0.53875
complex:0.5365
narrated:0.53225
anti-hero:0.525
imdb top 250:0.52425
buddy movie:0.519
oscar (best supporting actress):0.51575
gangster:0.5065
story:0.506
violent:0.5035
books:0.5025
dark humor:0.50025
violence:0.49925
eccentricity:0.497
robbery:0.49175
police investigation:0.48875
very interesting:0.488
quirky:0.48775
mentor:0.48725
oscar (best actress):0.482
fun:0.4815
oscar (best directing):0.48125
greed:0.48075
cinematography:0.47925
police:0.479
complicated plot:0.47425
relationships:0.4735
hit men:0.47075
light:0.4665
intelligent:0.46
plot twist:0.45825
thriller:0.4545
love story:0.44975
criterion:0.43975
character study:0.4375
secrets:0.42925
twist:0.429
catastrophe:0.424
sarcasm:0.42175
affectionate:0.4205
visually appealing:0.41925
non-linear:0.415
absurd:0.41325
great soundtrack:0.41225
intense:0.41
oscar (best writing - screenplay written directly for the screen):0.41
pornography:0.40925
