god:0.99875
religion:0.96275
christianity:0.9545
christian:0.9305
original:0.825
biblical:0.7105
imaginary friend:0.6935
predictable:0.6935
family:0.65225
redemption:0.62825
sequel:0.595
fantasy:0.59275
devil:0.58975
camp:0.534
feel-good:0.52825
mentor:0.52125
jesus:0.52
dialogue:0.5065
catholicism:0.5
bad plot:0.4915
based on a book:0.4855
so bad it's funny:0.473
crappy sequel:0.4725
adaptation:0.47
fantasy world:0.463
story:0.44875
fight scenes:0.436
sequels:0.43275
insanity:0.4275
books:0.427
overrated:0.42575
unusual plot structure:0.4145
catastrophe:0.411
feel good movie:0.40975
great ending:0.40575
slapstick:0.402
very funny:0.402
first contact:0.39075
adapted from:book:0.38075
silly fun:0.379
destiny:0.371
atheism:0.3675
storytelling:0.36725
teen movie:0.35675
brutality:0.3555
life philosophy:0.34575
franchise:0.34425
motorcycle:0.339
islam:0.3385
doctors:0.3265
funny:0.324
cult film:0.323
lone hero:0.32275
entirely dialogue:0.31575
school:0.313
science fiction:0.3115
bad cgi:0.30975
magic:0.3085
sci fi:0.306
unfunny:0.30225
science:0.301
runaway:0.299
good:0.295
natural disaster:0.29375
80s:0.2905
vengeance:0.29
not funny:0.2895
culture clash:0.28875
pointless:0.28775
action packed:0.28425
dumb but funny:0.284
quirky:0.28075
courage:0.28025
mythology:0.27875
kids:0.2775
special effects:0.27625
wistful:0.27225
imdb top 250:0.27075
shallow:0.2695
goofy:0.2695
visually stunning:0.2685
crude humor:0.26825
good soundtrack:0.266
chase:0.2655
stylized:0.26475
unlikely friendships:0.2645
pornography:0.2635
remake:0.263
idiotic:0.263
distopia:0.26275
writers:0.26125
book:0.261
dreamlike:0.25925
existentialism:0.2585
happy ending:0.2585
comedy:0.25775
greed:0.257
silly:0.256
good sequel:0.25575
stereotypes:0.254
