series:0.95275
farce:0.9515
hilarious:0.929
comedy:0.9005
funniest movies:0.865
slapstick:0.818
insanity:0.814
assassin:0.794
assassination:0.7765
funny as hell:0.77125
funny:0.7665
parody:0.7235
assassins:0.71225
very funny:0.6915
absurd:0.68725
hit men:0.68125
spoof:0.6665
original:0.6585
great ending:0.64125
vengeance:0.63825
chase:0.613
spying:0.61
revenge:0.59775
nudity (topless - brief):0.59525
kidnapping:0.56725
dialogue:0.55925
secrets:0.5585
classic:0.5585
silly:0.5565
great:0.54525
spy:0.545
suprisingly clever:0.53675
weapons:0.53025
mentor:0.53025
humorous:0.52875
hospital:0.528
goofy:0.524
catastrophe:0.5075
saturday night live:0.48775
humor:0.481
mental hospital:0.48075
clever:0.472
quotable:0.467
hotel:0.4565
highly quotable:0.45625
weird:0.451
enigmatic:0.44775
runaway:0.44625
crazy:0.443
police investigation:0.43975
culture clash:0.43625
detective:0.4345
great movie:0.425
comic:0.42275
twists & turns:0.419
criterion:0.41325
creativity:0.40775
parenthood:0.40725
police:0.40275
pornography:0.40125
talky:0.39275
murder:0.39075
life philosophy:0.387
sequels:0.37925
affectionate:0.377
silly fun:0.37275
hillarious:0.37125
cold war:0.371
dark:0.37025
complex:0.36625
united nations:0.366
light:0.36125
storytelling:0.361
dumb but funny:0.35575
nocturnal:0.354
crude humor:0.3535
fantasy world:0.3495
justice:0.3455
betrayal:0.34475
brutality:0.34375
murder mystery:0.34125
story:0.341
mad scientist:0.33975
british:0.3315
adaptation:0.3285
sexy:0.326
lone hero:0.324
screwball:0.322
franchise:0.3185
oscar (best actress):0.31825
unfunny:0.31675
fun movie:0.316
entirely dialogue:0.31575
male nudity:0.314
spies:0.312
intense:0.31075
nudity (full frontal - brief):0.31025
melancholic:0.31
dark hero:0.30475
childhood:0.3045
