israel:0.9855
surreal:0.96225
war:0.95025
animation:0.9475
memory:0.938
animated:0.92
genocide:0.91925
psychological:0.898
original:0.856
intimate:0.8375
war movie:0.83625
guilt:0.8355
middle east:0.81175
visually appealing:0.797
tragedy:0.7925
psychology:0.79025
brutality:0.788
surrealism:0.78
stylized:0.7795
wartime:0.77775
visceral:0.77075
assassination:0.76525
storytelling:0.76275
social commentary:0.76025
criterion:0.7585
best war films:0.758
disturbing:0.7515
history:0.7505
dramatic:0.749
visually stunning:0.74225
pornography:0.7375
insanity:0.72925
jews:0.70975
reflective:0.70425
powerful ending:0.703
narrated:0.69375
complex:0.6925
melancholic:0.69
documentary:0.6865
story:0.686
realistic:0.6725
firefly:0.667
oscar (best directing):0.66675
grim:0.6645
violence:0.6605
intense:0.6585
dreams:0.657
forceful:0.65525
imdb top 250:0.645
bleak:0.6405
masterpiece:0.62275
brutal:0.61675
civil war:0.61575
politics:0.60925
dreamlike:0.605
corruption:0.60325
interesting:0.599
honest:0.5935
talky:0.58775
ethnic conflict:0.5815
culture clash:0.5805
cinematography:0.57725
dark:0.57625
good soundtrack:0.5755
artistic:0.57475
foreign:0.57325
factual:0.573
harsh:0.5675
us history:0.56325
drama:0.56075
life & death:0.55575
atmospheric:0.55575
emotional:0.541
anti-war:0.539
animals:0.5355
political:0.53525
oscar (best foreign language film):0.53025
runaway:0.5295
hallucinatory:0.52825
violent:0.52725
courage:0.52575
death:0.525
animal movie:0.52425
melancholy:0.518
thought-provoking:0.51675
identity:0.5025
poignant:0.501
breathtaking:0.49425
holocaust:0.494
historical:0.49175
great acting:0.48925
depression:0.489
greed:0.4845
dark humor:0.4835
movielens top pick:0.48175
catastrophe:0.47725
oscar (best actress):0.47675
golden palm:0.475
1980s:0.47275
touching:0.4715
