western:0.998
gunfight:0.9835
original:0.91875
modern fantasy:0.89025
great ending:0.74725
scenic:0.71825
dialogue:0.67825
good soundtrack:0.653
good:0.63125
betrayal:0.63125
small town:0.62425
guns:0.61475
complex:0.6125
spaghetti western:0.594
unlikely friendships:0.5825
indians:0.58175
redemption:0.5635
friendship:0.559
mentor:0.55725
moral ambiguity:0.556
great:0.5425
story:0.537
anti-hero:0.53425
storytelling:0.53275
twists & turns:0.5225
justice:0.51225
adapted from:book:0.508
life philosophy:0.5015
greed:0.48975
corruption:0.4795
good dialogue:0.471
shallow:0.47
catastrophe:0.46925
vengeance:0.4655
culture clash:0.4625
beautiful scenery:0.4575
world politics:0.45475
hitman:0.4525
pg-13:0.44525
great movie:0.43675
great acting:0.427
brutality:0.425
entirely dialogue:0.42225
original plot:0.4125
vigilante:0.40825
chase:0.4045
revenge:0.403
weapons:0.40125
action:0.398
suprisingly clever:0.389
desert:0.387
nostalgic:0.386
violence:0.38375
dramatic:0.37825
character study:0.3765
gangsters:0.376
oscar (best directing):0.3705
suspense:0.3705
sacrifice:0.3605
transformation:0.3475
good acting:0.34625
not funny:0.342
harsh:0.34125
predictable:0.34125
drama:0.3395
action packed:0.3375
earnest:0.3355
texas:0.33375
violent:0.3325
adaptation:0.3295
honest:0.32925
stylized:0.31775
destiny:0.31775
drinking:0.3175
fantasy world:0.31725
excellent:0.31575
native americans:0.3135
morality:0.31225
underrated:0.31225
assassination:0.312
oscar:0.30975
murder:0.30825
cinematography:0.307
imdb top 250:0.30575
excellent script:0.29875
cool:0.2975
awesome soundtrack:0.2955
lone hero:0.291
complicated plot:0.2905
multiple storylines:0.289
gangs:0.289
good action:0.289
interesting:0.28875
gritty:0.28575
runaway:0.2855
enigmatic:0.285
life & death:0.28475
very interesting:0.28475
clever:0.28425
pulp:0.284
