british comedy:0.9875
imdb top 250:0.98
criterion:0.9415
murder:0.91925
witty:0.91525
serial killer:0.9135
affectionate:0.9075
dark humor:0.87975
satirical:0.874
black and white:0.85925
british:0.849
narrated:0.847
classic:0.8455
talky:0.83975
oscar (best actress):0.8365
cynical:0.833
humorous:0.8305
oscar (best directing):0.8295
masterpiece:0.82175
clever:0.81425
satire:0.807
black comedy:0.794
comedy:0.7905
england:0.7755
original:0.76225
bleak:0.73275
dramatic:0.7295
moral ambiguity:0.7065
social commentary:0.70175
police investigation:0.70125
greed:0.70075
eccentricity:0.69725
twist ending:0.694
dialogue:0.69075
dark:0.6825
runaway:0.676
light:0.66975
grim:0.66075
based on a book:0.6505
murder mystery:0.6455
dark comedy:0.64425
wartime:0.64175
enigmatic:0.64075
biting:0.63325
revenge:0.62875
great:0.62725
obsession:0.62325
movielens top pick:0.61375
oscar (best supporting actress):0.6105
great acting:0.607
culture clash:0.59975
mob:0.59725
drama:0.59675
cerebral:0.59475
farce:0.591
atmospheric:0.591
great movie:0.5865
family:0.58325
corruption:0.56125
tense:0.5585
cinematography:0.557
macabre:0.55
crime:0.54625
downbeat:0.54225
based on a play:0.54175
exceptional acting:0.53725
photography:0.537
absurd:0.53475
hilarious:0.5295
sexy:0.52575
investigation:0.5255
melancholy:0.525
brutality:0.52425
suprisingly clever:0.5235
oscar (best actor):0.5145
secrets:0.5115
idealism:0.511
dysfunctional family:0.50825
stylized:0.506
highly quotable:0.50525
adapted from:book:0.503
death:0.49875
ironic:0.4965
forceful:0.495
suspense:0.49425
good acting:0.49325
deadpan:0.49225
unusual plot structure:0.48875
irreverent:0.48725
twists & turns:0.48425
oscar (best supporting actor):0.4825
interesting:0.48025
entirely dialogue:0.47725
assassination:0.47575
adaptation:0.47525
humor:0.47475
perfect:0.47475
story:0.47325
storytelling:0.4715
very funny:0.46975
