serial killer:0.99525
violence:0.94975
road trip:0.92975
dark:0.9255
violent:0.92225
psychological:0.91575
dark hero:0.9155
psychology:0.90725
road movie:0.866
murder:0.86075
brutality:0.857
stylish:0.83175
tense:0.83075
disturbing:0.8095
original:0.79225
thriller:0.77275
good soundtrack:0.772
california:0.767
creepy:0.7645
pornography:0.7445
dark humor:0.73925
brutal:0.734
interesting:0.718
very interesting:0.71
suspenseful:0.70775
nudity (topless - brief):0.7065
intense:0.701
obsession:0.69625
dialogue:0.67975
splatter:0.66125
cult film:0.66075
grim:0.65925
greed:0.64925
neo-noir:0.6475
crime gone awry:0.61925
great acting:0.619
suspense:0.61825
police investigation:0.607
corruption:0.59175
culture clash:0.58525
dark comedy:0.58025
sexy:0.572
drinking:0.5705
writers:0.56775
great ending:0.562
cerebral:0.55675
underrated:0.55625
crime:0.5525
gory:0.54925
sexualized violence:0.54725
character study:0.545
good:0.5425
cult classic:0.5425
social commentary:0.54025
harsh:0.53825
adaptation:0.533
atmospheric:0.5325
narrated:0.5315
twists & turns:0.5295
runaway:0.5175
good acting:0.516
writing:0.515
macabre:0.50825
twist:0.4995
bleak:0.49725
very good:0.48875
books:0.4865
gruesome:0.486
talky:0.4855
complex:0.484
visceral:0.47875
insanity:0.47075
twist ending:0.47025
investigation:0.46725
relationships:0.46325
weird:0.46125
hotel:0.46025
mentor:0.458
clever:0.45675
based on a book:0.453
pulp:0.4505
plot:0.446
stylized:0.446
manipulation:0.4455
gritty:0.44475
stereotypes:0.44375
bloody:0.4415
based on book:0.436
vengeance:0.4345
paranoid:0.4325
loneliness:0.4305
adapted from:book:0.42525
sexual abuse:0.42125
entirely dialogue:0.41325
gangsters:0.412
fantasy world:0.40475
not funny:0.40425
gratuitous violence:0.4015
predictable:0.4
catastrophe:0.398
