oscar (best picture):0.976
musical:0.96525
music:0.93075
good music:0.9165
adapted from:book:0.90425
oscar (best cinematography):0.878
oscar (best directing):0.85625
broadway:0.81875
dance:0.8115
great music:0.79775
dancing:0.7725
original:0.7425
based on a book:0.727
based on a play:0.7145
family:0.7145
colourful:0.712
london:0.68475
childhood:0.6835
mentor:0.64975
fun movie:0.622
based on book:0.619
story:0.61475
poverty:0.613
great:0.60475
adaptation:0.603
good soundtrack:0.5735
classic:0.5655
oscar (best actress):0.5635
oscar:0.53975
good:0.539
runaway:0.53875
art:0.53775
oscar winner:0.53775
happy ending:0.5215
children:0.51025
moody:0.509
period piece:0.5005
70mm:0.495
great ending:0.4945
culture clash:0.48475
catastrophe:0.48175
excellent:0.47775
redemption:0.4765
exceptional acting:0.47425
dialogue:0.47025
lyrical:0.463
hip hop:0.45775
dramatic:0.456
great acting:0.45525
great movie:0.4455
artistic:0.43825
literature:0.437
original plot:0.43475
scenic:0.4335
oscar (best supporting actress):0.426
light:0.411
england:0.4105
clever:0.40725
storytelling:0.40325
creativity:0.401
orphans:0.396
sentimental:0.39475
stylized:0.392
suprisingly clever:0.38925
earnest:0.38025
destiny:0.37475
good acting:0.374
visually appealing:0.37275
imdb top 250:0.37225
long:0.361
oscar (best music - original song):0.352
loneliness:0.351
awesome soundtrack:0.34725
not funny:0.345
brutality:0.341
unusual plot structure:0.3405
stereotypes:0.33925
entertaining:0.33525
drama:0.33425
breathtaking:0.332
mozart:0.332
pg-13:0.32775
excellent script:0.32625
heartwarming:0.32325
masterpiece:0.318
visually stunning:0.31675
justice:0.31525
sacrifice:0.31425
road movie:0.314
fantasy world:0.31175
jews:0.3095
feel-good:0.3055
chase:0.3015
girlie movie:0.29825
weird:0.29675
alter ego:0.2965
lone hero:0.29075
greed:0.29
brothers:0.28725
costume drama:0.28525
