visually appealing:0.9885
artistic:0.9755
art house:0.975
visually stunning:0.96775
visual:0.94325
pornography:0.925
art:0.91825
erotic:0.899
sexual:0.8585
obsession:0.85325
enigmatic:0.84875
nudity (full frontal - notable):0.84625
artist:0.83475
male nudity:0.834
complex:0.808
books:0.80225
based on a book:0.78675
storytelling:0.78325
beautifully filmed:0.78325
original:0.78075
surreal:0.77425
weird:0.76075
stunning:0.7405
visuals:0.74
nudity (topless - notable):0.73725
intimate:0.73725
non-linear:0.71
pretentious:0.7035
cinematography:0.68525
betrayal:0.6575
secrets:0.6545
melancholic:0.65125
passionate:0.64
colourful:0.6385
literature:0.637
creativity:0.634
poetry:0.6305
artsy:0.62425
nudity (full frontal):0.6185
sexy:0.614
very interesting:0.61375
sex:0.6125
intellectual:0.61175
beautiful:0.572
revenge:0.56525
sexuality:0.564
imagination:0.55925
adapted from:book:0.548
disturbing:0.5415
vengeance:0.53525
suprisingly clever:0.531
distopia:0.5305
absurd:0.52125
beautiful scenery:0.52075
talky:0.51725
dreamlike:0.5135
reflective:0.5115
good soundtrack:0.503
unusual plot structure:0.5015
pointless:0.49975
breathtaking:0.49875
stylized:0.496
brutality:0.49475
women:0.487
book:0.48225
sexualized violence:0.48175
masterpiece:0.47925
dialogue:0.4725
nudity:0.471
bizarre:0.4675
strange:0.4625
adaptation:0.4625
life & death:0.4555
plot:0.44525
great ending:0.44475
dark:0.44325
criterion:0.4395
mentor:0.43725
relationships:0.4345
allegory:0.43325
destiny:0.4285
catastrophe:0.428
cerebral:0.42275
confusing:0.417
story:0.41625
fantasy world:0.4115
harsh:0.4115
surrealism:0.4095
writing:0.40725
interesting:0.40125
culture clash:0.39375
love story:0.39225
tokyo:0.3895
nudity (full frontal - brief):0.38325
not funny:0.3805
visceral:0.3795
entirely dialogue:0.375
loneliness:0.37475
existentialism:0.372
twists & turns:0.36875
