rock and roll:0.99875
musicians:0.99025
music business:0.87375
original:0.85525
documentary:0.82075
music:0.819
criterion:0.782
musical:0.7725
canada:0.76625
trains:0.7365
hip hop:0.679
great music:0.6715
very interesting:0.6715
social commentary:0.663
1970s:0.641
train:0.63525
death:0.6105
great movie:0.6045
talky:0.566
obsession:0.5635
jesus:0.548
violent:0.53625
highly quotable:0.52775
runaway:0.5245
crime gone awry:0.52375
good music:0.5235
intimate:0.51975
road movie:0.519
great ending:0.50475
honest:0.48925
enigmatic:0.48775
great:0.4855
adapted from:book:0.47675
affectionate:0.47025
sacrifice:0.455
brothers:0.45275
atmospheric:0.4505
stoner movie:0.44875
oscar (best supporting actress):0.44875
cool:0.446
mentor:0.42925
special:0.42875
greed:0.426
redemption:0.41825
radio:0.41725
exceptional acting:0.411
catastrophe:0.4055
artist:0.39675
narrated:0.3945
passionate:0.394
downbeat:0.3915
mental illness:0.391
breathtaking:0.385
drama:0.385
good soundtrack:0.38375
ironic:0.3835
transformation:0.381
very good:0.37925
cinematography:0.37775
brutality:0.374
stand-up comedy:0.373
stylized:0.37175
melancholic:0.37
drinking:0.37
marijuana:0.36725
artistic:0.3665
creativity:0.36575
crazy:0.36475
character study:0.3625
weird:0.3605
cult film:0.35425
satirical:0.35325
not funny:0.352
poignant:0.3505
melancholy:0.35
loneliness:0.34825
destiny:0.344
light:0.33875
british:0.33775
male nudity:0.33425
golden palm:0.328
suprisingly clever:0.32625
interesting:0.3245
visually appealing:0.324
based on a play:0.32275
storytelling:0.3225
segregation:0.32
culture clash:0.31875
cerebral:0.31525
forceful:0.312
history:0.30875
cult classic:0.3085
biography:0.3065
excellent:0.3055
biting:0.305
adaptation:0.30325
secrets:0.3025
great acting:0.30175
intense:0.3005
free to download:0.296
