criterion:0.995
small town:0.9655
masterpiece:0.91175
golden palm:0.86475
drinking:0.85525
rome:0.855
melancholic:0.8525
bittersweet:0.85125
imdb top 250:0.8485
italian:0.84275
childhood:0.836
reflective:0.82425
relationships:0.79325
black and white:0.793
fascism:0.787
talky:0.78675
meditative:0.786
social commentary:0.77675
oscar (best foreign language film):0.7655
downbeat:0.75475
bleak:0.7475
gunfight:0.74125
intimate:0.73475
solitude:0.73025
storytelling:0.7215
cinematography:0.72025
loneliness:0.71825
character study:0.71125
rebellion:0.708
affectionate:0.69575
runaway:0.69475
forceful:0.693
melancholy:0.68775
original:0.681
good soundtrack:0.67925
poignant:0.6745
redemption:0.673
mentor:0.65425
narrated:0.64775
oscar (best actress):0.64325
stylized:0.64325
movielens top pick:0.64025
italy:0.63575
working class:0.63325
harsh:0.63075
realistic:0.6305
intellectual:0.6265
life philosophy:0.62225
drama:0.6165
slackers:0.61
oscar (best directing):0.60775
culture clash:0.5795
grim:0.576
existentialism:0.5745
friendship:0.569
courage:0.56675
honest:0.5665
coming of age:0.56475
suprisingly clever:0.559
classic:0.5555
visually appealing:0.555
beautifully filmed:0.551
enigmatic:0.55075
life:0.55
coming-of-age:0.54725
highly quotable:0.547
sacrifice:0.54025
life & death:0.5295
vengeance:0.52925
crime gone awry:0.52625
independent film:0.52575
atmospheric:0.52375
unlikely friendships:0.523
visceral:0.5215
gangs:0.5175
complex:0.51575
nocturnal:0.511
dramatic:0.50575
surreal:0.49875
exceptional acting:0.49025
based on a play:0.49025
pornography:0.48425
passionate:0.47825
light:0.478
foreign:0.47725
adultery:0.4765
dialogue:0.476
road movie:0.47525
allegory:0.47525
cynical:0.47225
great:0.46975
humorous:0.46875
story:0.46775
philosophical:0.46075
dreams:0.45375
great ending:0.452
multiple storylines:0.44925
morality:0.449
disturbing:0.43975
great acting:0.4345
