marijuana:0.9975
weed:0.996
drugs:0.9725
goofy:0.90175
stoner movie:0.89575
funniest movies:0.88675
comedy:0.7985
hilarious:0.78175
very funny:0.75325
original:0.7215
stupidity:0.7155
funny:0.71275
dumb:0.678
dumb but funny:0.67325
stand-up comedy:0.6725
silly fun:0.66975
hillarious:0.65
good soundtrack:0.64075
stupid as hell:0.59325
crude humor:0.58225
funny as hell:0.56875
hotel:0.563
brutality:0.534
surreal:0.51075
parody:0.506
los angeles:0.50525
crazy:0.5025
sarcasm:0.49225
great ending:0.47325
pornography:0.4715
storytelling:0.459
suprisingly clever:0.457
dreams:0.44025
weird:0.42925
buddy movie:0.42725
nudity (topless):0.42325
mentor:0.408
catastrophe:0.40325
stupid:0.40025
highly quotable:0.3975
dialogue:0.3955
idiotic:0.3945
unfunny:0.39
adventure:0.3885
nudity (full frontal - notable):0.38625
life philosophy:0.3855
absurd:0.37775
cult film:0.37575
multiple storylines:0.37425
slapstick:0.37425
adaptation:0.3725
pointless:0.365
so bad it's funny:0.36375
sexualized violence:0.353
drinking:0.351
nudity (full frontal - brief):0.34225
road movie:0.34025
light:0.3345
predictable:0.3285
grindhouse:0.32225
irreverent:0.318
humorous:0.31725
bizarre:0.316
unusual plot structure:0.31475
story:0.31325
visually appealing:0.308
overrated:0.30225
cult classic:0.302
violence:0.2995
splatter:0.297
violent:0.297
criterion:0.2965
talky:0.29225
geeks:0.28975
gangsters:0.28875
runaway:0.2875
good:0.28675
bad plot:0.286
drug abuse:0.286
first contact:0.28375
fantasy world:0.282
comic:0.27975
redemption:0.27925
saturday night live:0.27875
melancholic:0.27875
dysfunctional family:0.276
twists & turns:0.2715
fun movie:0.27125
classic car:0.26925
motorcycle:0.269
stylish:0.269
entirely dialogue:0.26825
nudity (topless - notable):0.26825
road trip:0.26475
culture clash:0.26325
harsh:0.2625
dreamlike:0.26225
enigmatic:0.2615
weapons:0.2605
death:0.26
