teen:0.9945
teen movie:0.99375
goth:0.99225
witch:0.9805
high school:0.9795
teens:0.974
witches:0.97075
supernatural:0.9455
teenagers:0.936
teenager:0.87975
magic:0.866
adolescence:0.82175
fun movie:0.82075
bullying:0.784
girlie movie:0.77025
school:0.7695
chick flick:0.748
fantasy world:0.73775
special effects:0.693
original:0.681
good:0.6665
pg-13:0.66625
revenge:0.6515
good soundtrack:0.64025
unlikely friendships:0.63075
bad ending:0.612
cheerleading:0.60675
horror:0.58625
runaway:0.57975
sexy:0.569
friendship:0.56875
manipulation:0.5595
demons:0.552
geeks:0.53225
pornography:0.5205
scary:0.5185
fantasy:0.5175
stereotypes:0.5125
horrible:0.5115
predictable:0.5095
great:0.49175
women:0.48925
great ending:0.48625
cool:0.481
awesome soundtrack:0.478
internet:0.47675
coming-of-age:0.47475
mentor:0.47425
entertaining:0.47175
san francisco:0.4675
fun:0.451
very good:0.451
very interesting:0.44225
small town:0.42875
catastrophe:0.42525
devil:0.42275
80s:0.42275
nudity (topless - notable):0.416
destiny:0.41325
virginity:0.4115
dialogue:0.41125
goofy:0.4105
creepy:0.407
suspense:0.4025
snakes:0.40075
vengeance:0.3905
coming of age:0.384
teacher:0.38075
light:0.37425
storytelling:0.37325
weird:0.373
story:0.371
pulp:0.369
mythology:0.3665
fight scenes:0.3665
gothic:0.36275
good acting:0.3605
nerds:0.359
adaptation:0.35825
drama:0.35625
sexualized violence:0.3555
dark fantasy:0.34725
not funny:0.34625
so bad it's funny:0.3445
brutality:0.34225
greed:0.3405
not as good as the first:0.33975
death:0.338
life philosophy:0.32925
silly fun:0.3265
betrayal:0.32275
amy smart:0.3205
visually stunning:0.32025
first contact:0.31625
better than expected:0.316
segregation:0.3125
shallow:0.31175
camp:0.30925
campy:0.307
childhood:0.30425
