musical:0.90025
music:0.82975
original:0.7335
dancing:0.72375
fun movie:0.70375
broadway:0.699
good music:0.64825
camp:0.647
dance:0.62275
texas:0.57275
prostitution:0.55075
predictable:0.5435
mentor:0.52325
dialogue:0.51175
good:0.48975
so bad it's funny:0.46625
fun:0.452
campy:0.43625
adaptation:0.4305
catastrophe:0.428
great:0.40075
brutality:0.396
great ending:0.395
silly fun:0.39
pg-13:0.3775
80s:0.376
true story:0.37425
humorous:0.37175
family:0.36625
great music:0.3585
good soundtrack:0.34825
silly:0.3365
bad plot:0.3345
fantasy world:0.33375
destiny:0.3295
not funny:0.3285
great acting:0.32425
culture clash:0.3205
storytelling:0.3195
entirely dialogue:0.31875
overrated:0.31825
entertaining:0.3125
first contact:0.3115
women:0.311
narrated:0.30975
story:0.303
girlie movie:0.3025
natural disaster:0.29775
satirical:0.29425
factual:0.294
lone hero:0.29125
pornography:0.2905
guilty pleasure:0.2905
idiotic:0.287
based on true story:0.28675
life philosophy:0.285
runaway:0.2845
redemption:0.2845
underrated:0.28275
vengeance:0.282
unlikely friendships:0.28125
unusual plot structure:0.2795
hip hop:0.279
love story:0.27775
corruption:0.27125
1980s:0.2695
happy ending:0.269
big budget:0.26625
teen movie:0.26375
cult film:0.2605
romance:0.2585
fight scenes:0.25275
light:0.252
franchise:0.24625
awesome soundtrack:0.24525
slapstick:0.24075
action:0.23825
sci fi:0.238
grindhouse:0.23775
love:0.2375
quirky:0.23275
chase:0.232
weird:0.23075
fast paced:0.22925
crude humor:0.2275
suspense:0.227
action packed:0.2265
special effects:0.226
greed:0.226
police investigation:0.223
weapons:0.219
imdb top 250:0.21775
oscar:0.21725
unfunny:0.21575
drama:0.2155
comedy:0.21525
disaster:0.21475
writers:0.21425
childhood:0.21275
lyrical:0.211
