psychedelic:0.9515
hallucinatory:0.94825
pornography:0.93825
visual:0.936
art house:0.92175
surreal:0.91125
weird:0.90675
surrealism:0.90475
visually stunning:0.8695
afterlife:0.8575
tokyo:0.84575
meditative:0.84475
existentialism:0.83875
life & death:0.83375
drugs:0.82775
dreamlike:0.81275
artistic:0.81275
stylized:0.81275
cinematography:0.799
enigmatic:0.78475
nonlinear:0.77675
philosophical:0.76175
death:0.75075
erotic:0.743
storytelling:0.73775
colourful:0.73175
visually appealing:0.72725
cerebral:0.71
metaphysics:0.697
voyeurism:0.68825
art:0.65325
original:0.6425
breathtaking:0.6335
sex:0.6245
intimate:0.62
hotel:0.61475
non-linear:0.61325
disturbing:0.60725
criterion:0.60375
golden palm:0.60325
visceral:0.595
masterpiece:0.59475
sexual:0.59375
mindfuck:0.5825
cult film:0.575
visuals:0.574
artsy:0.56725
pretentious:0.5625
lynch:0.56075
incest:0.55775
bleak:0.552
great ending:0.55075
talky:0.54475
loneliness:0.544
narrated:0.5425
drug addiction:0.541
stoner movie:0.538
melancholic:0.52925
pointless:0.5145
intellectual:0.51375
reflective:0.5105
dark:0.50675
social commentary:0.50025
oscar:0.4965
stunning:0.4935
good soundtrack:0.49325
addiction:0.491
life philosophy:0.491
obsession:0.49025
imagination:0.48875
male nudity:0.4885
brutality:0.48725
dreams:0.48675
bizarre:0.4805
childhood:0.47925
nudity (full frontal):0.46825
strange:0.46
psychological:0.45925
suprisingly clever:0.4575
melancholy:0.457
very interesting:0.45425
allegory:0.452
nudity (full frontal - notable):0.4505
atmospheric:0.44675
dialogue:0.44575
culture clash:0.44425
creativity:0.43925
drug abuse:0.43875
absurd:0.43825
sexuality:0.43525
grim:0.428
philosophy:0.42775
great cinematography:0.42375
crazy:0.423
too long:0.4205
depression:0.411
entirely dialogue:0.4095
complex:0.408
catastrophe:0.39825
light:0.3865
