crime:0.96025
noir:0.9365
film noir:0.93275
criterion:0.895
tense:0.89475
forceful:0.88075
black and white:0.8515
bank robbery:0.8515
classic:0.84575
suspense:0.82425
runaway:0.81425
gunfight:0.811
talky:0.77125
loneliness:0.7675
guns:0.76425
visceral:0.762
sexy:0.75675
violent:0.75525
stylish:0.74
road movie:0.7335
obsession:0.728
grindhouse:0.72725
robbery:0.72375
chase:0.716
atmospheric:0.71575
cinematography:0.71275
enigmatic:0.711
crime gone awry:0.70875
heist:0.7045
ominous:0.69325
golden palm:0.66975
dialogue:0.66275
gritty:0.636
original:0.62875
paranoid:0.62825
downbeat:0.612
low budget:0.597
stylized:0.59375
passionate:0.5935
gangsters:0.59025
hitman:0.56425
cult classic:0.5635
hit men:0.56325
hitchcock:0.5395
cynical:0.53725
intimate:0.529
culture clash:0.5245
greed:0.524
oscar (best actress):0.5225
relationships:0.51875
grim:0.51875
drinking:0.5175
affectionate:0.51625
unusual plot structure:0.51525
oscar (best supporting actress):0.51475
entirely dialogue:0.50975
pulp:0.507
character study:0.50375
light:0.4965
harsh:0.48875
1950s:0.474
great ending:0.471
noir thriller:0.4705
biting:0.46775
great cinematography:0.46375
vengeance:0.4605
suprisingly clever:0.45925
tragedy:0.45875
moody:0.4565
weapons:0.45575
interesting:0.4555
kidnapping:0.45475
melancholic:0.45375
sexual:0.4505
murder:0.44925
catastrophe:0.44175
afi 100 (laughs):0.4395
good soundtrack:0.43875
pornography:0.43425
mob:0.43375
brutality:0.4295
bleak:0.4295
reflective:0.428
police investigation:0.42575
violence:0.42125
anti-hero:0.4155
assassination:0.40975
imdb top 250:0.40775
neo-noir:0.40675
breathtaking:0.40325
creepy:0.403
witty:0.4005
weird:0.39725
california:0.393
allegory:0.393
oscar (best directing):0.38675
love:0.3845
photography:0.38425
censorship:0.38425
erotic:0.38275
