murder:0.96725
murder mystery:0.9575
corruption:0.95375
detective:0.9495
investigation:0.93325
political corruption:0.93225
mentor:0.9235
crime:0.9125
mystery:0.8975
police investigation:0.887
guilt:0.885
complex:0.882
los angeles:0.86725
original:0.86525
neo-noir:0.85975
secrets:0.8445
suspense:0.842
great ending:0.834
police corruption:0.83275
complicated:0.823
great acting:0.811
pornography:0.80525
conspiracy:0.7965
brothers:0.79225
redemption:0.79
story:0.77025
interesting:0.76125
talky:0.7315
period piece:0.71525
storytelling:0.702
drama:0.69475
crime gone awry:0.679
censorship:0.67725
character study:0.67475
visually appealing:0.6645
dialogue:0.664
noir:0.663
technology:0.656
runaway:0.65275
manipulation:0.64925
twists & turns:0.641
enigmatic:0.63975
very interesting:0.63425
lawyer:0.6325
greed:0.62525
dramatic:0.6145
thought-provoking:0.6095
prostitution:0.6075
clever:0.60425
cinematography:0.603
dark:0.603
good:0.60125
family drama:0.599
tragedy:0.59175
great movie:0.58875
revenge:0.5855
identity:0.58125
adaptation:0.5795
plot:0.5775
film noir:0.5715
complicated plot:0.57025
atmospheric:0.56575
great:0.56425
excellent:0.5545
nocturnal:0.553
moral ambiguity:0.54625
oscar (best supporting actress):0.546
melancholic:0.5435
stunning:0.541
death:0.5355
good soundtrack:0.5345
cerebral:0.53425
chase:0.533
stylish:0.52975
light:0.52975
twist:0.528
california:0.52475
first contact:0.52425
justice:0.523
bad ending:0.5225
intense:0.51925
underrated:0.519
plot twist:0.51875
adapted from:book:0.518
morality:0.51125
unusual plot structure:0.50825
powerful ending:0.5075
psychological:0.5045
intelligent:0.49775
obsession:0.49575
criterion:0.4935
based on book:0.493
politics:0.49275
visually stunning:0.48275
good acting:0.482
exceptional acting:0.4805
twist ending:0.47825
suspenseful:0.47525
tense:0.467
stylized:0.467
