goofy:0.99
stupid:0.96675
dumb but funny:0.94175
silly fun:0.94125
stupidity:0.93225
halloween:0.8675
slapstick:0.80325
parody:0.80225
silly:0.7715
camp:0.7415
original:0.73375
stupid as hell:0.73
idiotic:0.7295
so bad it's funny:0.699
children:0.66475
dumb:0.66325
comedy:0.62475
predictable:0.61675
humorous:0.6075
earnest:0.59975
fantasy:0.57025
franchise:0.568
pointless:0.54325
whimsical:0.5365
horror:0.53625
demons:0.52275
shallow:0.50625
fun movie:0.4925
funny as hell:0.49225
bad plot:0.48925
fun:0.479
fantasy world:0.478
bullying:0.478
mentor:0.46425
scary:0.4615
family:0.45325
weird:0.45025
ninja:0.44575
catastrophe:0.44125
great ending:0.429
monster:0.418
kids:0.4085
very funny:0.40525
supernatural:0.39925
cult film:0.399
brutality:0.39225
overrated:0.38725
spoof:0.3865
childhood:0.38425
magic:0.38425
crude humor:0.36875
lone hero:0.3565
nostalgia:0.35125
dialogue:0.35
redemption:0.346
lame:0.34225
saturday night live:0.3415
hilarious:0.3375
life philosophy:0.3355
disaster:0.33325
creativity:0.33175
natural disaster:0.33
weapons:0.32925
based on a tv show:0.3275
quirky:0.32725
funny:0.32475
absurd:0.32075
light:0.31875
destiny:0.31325
first contact:0.313
monsters:0.30775
farce:0.30375
mad scientist:0.30175
80s:0.30125
campy:0.29675
bad cgi:0.29475
immortality:0.29375
gangsters:0.2935
reality tv:0.2925
good:0.292
entirely dialogue:0.2895
chase:0.28875
fight scenes:0.288
series:0.287
death:0.28325
pornography:0.28125
storytelling:0.28075
horrible:0.28
unusual plot structure:0.27525
adaptation:0.27525
grindhouse:0.27175
nocturnal:0.26625
splatter:0.2655
pulp:0.2655
writers:0.25975
male nudity:0.25775
transformation:0.25625
adventure:0.25625
harsh:0.25375
sci fi:0.25175
