kids and family:0.94475
comedy:0.88275
silly fun:0.8635
brothers:0.818
fun movie:0.81675
family:0.78575
original:0.7685
slapstick:0.739
funny:0.7225
silly:0.6995
children:0.68475
hilarious:0.678
computer animation:0.67625
goofy:0.64875
cartoon:0.6405
kids:0.63875
funniest movies:0.627
chase:0.61425
fun:0.61
violent:0.592
childhood:0.568
very funny:0.5675
humorous:0.53675
predictable:0.53075
happy ending:0.50775
absurd:0.50725
dialogue:0.49025
great:0.49
clones:0.488
great ending:0.48775
whimsical:0.4835
brutality:0.48225
clever:0.47475
storytelling:0.4615
foul language:0.4495
light:0.446
story:0.4455
entertaining:0.433
catastrophe:0.42625
creativity:0.426
violence:0.4235
fantasy world:0.41825
animals:0.415
special effects:0.41075
directorial debut:0.40575
humor:0.4035
mentor:0.39625
so bad it's funny:0.392
mental illness:0.382
obsession:0.379
cute:0.376
action:0.37275
weird:0.36675
quirky:0.3645
unfunny:0.364
visual:0.36375
good soundtrack:0.35775
crude humor:0.355
greed:0.35325
adaptation:0.34775
melancholic:0.34675
redemption:0.34425
runaway:0.3435
bullying:0.342
nudity (full frontal - brief):0.341
cute!:0.3405
lone hero:0.332
culture clash:0.3305
good:0.32975
suprisingly clever:0.3275
death:0.31625
life philosophy:0.315
pointless:0.311
great movie:0.30875
unusual plot structure:0.30225
cult film:0.30175
first contact:0.29775
destiny:0.29675
gangsters:0.29625
homeless:0.29325
natural disaster:0.29125
sci fi:0.291
overrated:0.287
vengeance:0.28175
twists & turns:0.28075
black comedy:0.2805
bad plot:0.2765
dark comedy:0.2745
dumb but funny:0.272
entirely dialogue:0.2715
police investigation:0.2715
lions:0.27125
dumb:0.271
disturbing:0.27
adapted from:book:0.26625
adoption:0.2655
imdb top 250:0.2615
parody:0.261
touching:0.2595
doctors:0.25525
