serial killer:0.9955
police investigation:0.98875
true story:0.9495
based on true story:0.8995
detective:0.89725
based on a true story:0.84775
kidnapping:0.83475
police:0.8285
investigation:0.8165
alaska:0.8155
murder mystery:0.75725
prostitution:0.74725
pornography:0.72625
hunting:0.7
intense:0.68825
runaway:0.68375
crime:0.66
murder:0.6365
corruption:0.61825
original:0.5985
great ending:0.59725
rape:0.574
drama:0.5545
police corruption:0.5485
sexual abuse:0.53475
nudity (full frontal - notable):0.47875
mentor:0.4495
disturbing:0.448
catastrophe:0.439
chase:0.438
factual:0.4345
women:0.43125
thriller:0.43025
wilderness:0.4225
justice:0.4205
nudity (full frontal - brief):0.415
suspenseful:0.41475
drug abuse:0.3985
underrated:0.3975
suspense:0.396
brutality:0.39125
very interesting:0.375
not funny:0.3745
predictable:0.37425
erotic:0.3705
fbi:0.36025
hospital:0.351
doctors:0.34875
bad ending:0.3485
melancholic:0.34375
lawyer:0.34325
tense:0.3235
life philosophy:0.30225
culture clash:0.29675
twists & turns:0.2895
sexualized violence:0.28575
teens:0.284
greed:0.2835
weapons:0.2815
adaptation:0.28025
suprisingly clever:0.2755
life & death:0.272
strippers:0.27125
first contact:0.27075
drugs:0.27025
cinematography:0.26125
1970s:0.25875
good:0.2585
so bad it's funny:0.25825
good soundtrack:0.2575
story:0.25675
lawyers:0.2505
twist:0.25025
nudity (full frontal):0.24875
criterion:0.247
writers:0.2425
torture:0.242
secrets:0.241
inspirational:0.23925
revenge:0.23675
male nudity:0.236
splatter:0.2345
slapstick:0.23325
harsh:0.23225
natural disaster:0.2305
obsession:0.23
gritty:0.2285
psychology:0.2185
psychiatrist:0.21825
1980s:0.21725
gangsters:0.21675
fantasy world:0.21625
great acting:0.2145
brainwashing:0.214
dialogue:0.21375
internet:0.212
enigmatic:0.212
great:0.21125
vengeance:0.211
insanity:0.20975
