gunfight:0.99325
western:0.9855
spaghetti western:0.97325
ennio morricone:0.87175
mentor:0.833
runaway:0.79925
great soundtrack:0.78225
great movie:0.77125
humorous:0.76675
good soundtrack:0.76425
fun movie:0.7465
humor:0.74525
vengeance:0.72325
original:0.701
stylish:0.66775
weird:0.6665
highly quotable:0.66425
suprisingly clever:0.654
great:0.64775
great music:0.6425
dialogue:0.6275
culture clash:0.60875
parody:0.592
good:0.58675
comedy:0.57025
scenic:0.55525
cool:0.5525
good action:0.54725
great ending:0.52775
destiny:0.522
classic car:0.5215
redemption:0.5205
guns:0.51375
quotable:0.51275
storytelling:0.479
awesome soundtrack:0.47825
criterion:0.478
very interesting:0.47625
gangs:0.47475
violent:0.468
unusual plot structure:0.46725
childhood:0.4615
anti-hero:0.461
masterpiece:0.461
talky:0.45825
great cinematography:0.453
oscar (best directing):0.451
very funny:0.4465
whimsical:0.44375
revenge:0.4435
chase:0.43925
story:0.434
police investigation:0.428
light:0.42775
gangsters:0.42575
wistful:0.423
feel-good:0.4195
hit men:0.41675
catastrophe:0.40675
melancholic:0.40375
oscar (best supporting actress):0.40325
cult film:0.39975
slapstick:0.3905
action:0.3885
absurd:0.3875
clever:0.38725
honest:0.38425
assassination:0.381
italian:0.379
fun:0.3785
mob:0.37825
melancholy:0.37825
not funny:0.378
reflective:0.37675
good dialogue:0.37475
unlikely friendships:0.3735
excellent script:0.37225
desert:0.37075
coming-of-age:0.36925
enigmatic:0.36875
original plot:0.36675
drama:0.3665
imdb top 250:0.36625
great acting:0.3655
cult:0.36525
classic:0.3635
entirely dialogue:0.363
entertaining:0.35775
hitman:0.35275
underrated:0.35275
road movie:0.35175
oscar (best supporting actor):0.34875
forceful:0.34325
visual:0.343
cinematography:0.341
affectionate:0.33675
creativity:0.3345
atmospheric:0.333
exciting:0.33175
good music:0.3315
