futuristic:0.9965
cyborgs:0.99525
future:0.99475
violent:0.98875
violence:0.9855
action:0.98075
good action:0.978
scifi:0.97525
dystopia:0.97375
sci-fi:0.97275
science fiction:0.95375
sci fi:0.953
robots:0.93775
stop motion:0.9315
foul language:0.92425
cyberpunk:0.9115
80s:0.891
police:0.87925
android(s)/cyborg(s):0.878
weapons:0.87725
brutality:0.86675
story:0.86425
cult classic:0.85575
robot:0.84075
chase:0.84
splatter:0.8395
visceral:0.83525
special effects:0.83125
vengeance:0.826
original:0.8235
criterion:0.80575
action packed:0.78125
bloody:0.781
dystopic future:0.77575
cool:0.7715
cult film:0.76925
gratuitous violence:0.76125
crime:0.75725
corruption:0.74875
satirical:0.74825
quotable:0.74575
1980s:0.73875
social commentary:0.7375
dialogue:0.7365
gunfight:0.72175
revenge:0.71325
allegory:0.707
anti-hero:0.70275
satire:0.7005
dark hero:0.6995
androids:0.69025
highly quotable:0.68775
gore:0.68275
fight scenes:0.67425
based on a comic:0.657
super-hero:0.65525
great:0.654
lone hero:0.65275
superheroes:0.652
technology:0.6515
super hero:0.648
over the top:0.644
pulp:0.62675
script:0.62225
fast paced:0.62075
classic:0.61975
police corruption:0.6195
graphic novel:0.61925
effects:0.619
brutal:0.616
original plot:0.61025
intense:0.592
fighting:0.58225
great movie:0.58025
murder:0.578
stylized:0.57075
guns:0.56825
comic book:0.55825
fun movie:0.552
mentor:0.5465
great ending:0.54625
nudity:0.536
runaway:0.52875
stylish:0.52875
vigilante:0.528
greed:0.5275
transformation:0.52075
gory:0.519
good:0.51725
memory:0.51575
excellent script:0.5115
gangs:0.50925
alter ego:0.50875
entertaining:0.503
visual:0.502
post apocalyptic:0.50025
forceful:0.496
buddy movie:0.49175
harsh:0.49075
superhero:0.485
