rock and roll:0.9775
surreal:0.96525
great music:0.9555
good music:0.9405
social commentary:0.93775
psychedelic:0.9375
cult film:0.93175
music:0.926
cult classic:0.918
insanity:0.9125
storytelling:0.904
masterpiece:0.9
artistic:0.87725
loneliness:0.87125
weird:0.87075
hallucinatory:0.866
visual:0.856
psychology:0.85525
dark:0.85125
sexualized violence:0.84475
drugs:0.833
visually stunning:0.83125
good soundtrack:0.82875
drug abuse:0.827
psychological:0.82375
great soundtrack:0.82025
rebellion:0.8185
fascism:0.809
childhood:0.809
disturbing:0.80875
original:0.80825
stoner movie:0.786
surrealism:0.78125
depressing:0.769
lyrical:0.74775
hotel:0.72475
visually appealing:0.724
complex:0.7205
visceral:0.71
brutality:0.7025
violent:0.702
animation:0.69225
strange:0.68525
musical:0.68325
creativity:0.6735
reflective:0.6665
dreamlike:0.66125
mindfuck:0.6495
violence:0.62025
narrated:0.616
story:0.612
dialogue:0.6075
art:0.5965
bleak:0.593
imagination:0.58825
artsy:0.58425
awesome soundtrack:0.5835
isolation:0.56325
downbeat:0.5625
depression:0.55375
scary:0.55125
drama:0.54875
musicians:0.5475
school:0.5465
teacher:0.54575
intense:0.54325
great ending:0.54075
mentor:0.538
golden palm:0.5355
solitude:0.53325
melancholic:0.53275
vengeance:0.53075
harsh:0.5305
suprisingly clever:0.527
stylized:0.525
enigmatic:0.51675
drug addiction:0.512
highly quotable:0.506
life & death:0.5025
great:0.49775
existentialism:0.4915
visuals:0.48925
dreams:0.48225
criterion:0.481
blood:0.47525
interesting:0.4735
grim:0.47325
dramatic:0.4665
allegory:0.46275
twists & turns:0.461
culture clash:0.45925
cinematography:0.45725
imdb top 250:0.457
transformation:0.4565
adaptation:0.45625
cerebral:0.45525
adolescence:0.448
fantasy world:0.44525
nocturnal:0.44525
brutal:0.44225
