goretastic:1.0
splatter:0.999
gore:0.98575
bloody:0.9835
brutality:0.94325
gory:0.93425
ninja:0.898
gratuitous violence:0.89775
blood:0.893
violence:0.87525
cult classic:0.8545
revenge:0.85175
vengeance:0.85025
violent:0.835
ridiculous:0.7785
cult film:0.77725
grindhouse:0.763
sexualized violence:0.76025
stylized:0.752
weapons:0.7495
original:0.71025
good soundtrack:0.7
pulp:0.688
pornography:0.66875
brutal:0.662
gruesome:0.64625
tokyo:0.646
over the top:0.63525
visceral:0.62375
disturbing:0.62025
graphic novel:0.59025
torture:0.556
allegory:0.539
horror:0.5105
action:0.50525
campy:0.50275
bad plot:0.49925
weird:0.49075
absurd:0.4885
harsh:0.482
zombie:0.4815
gangsters:0.47675
nudity (full frontal - notable):0.472
cannibalism:0.464
based on a comic:0.45975
low budget:0.454
sexy:0.4505
gangs:0.44775
so bad it's funny:0.44175
murder:0.438
surreal:0.4325
dialogue:0.431
great ending:0.4215
ironic:0.4205
demons:0.419
insanity:0.4135
death:0.39975
catastrophe:0.39575
bullying:0.3945
stylish:0.39275
creativity:0.392
nudity (full frontal - brief):0.391
macabre:0.388
mentor:0.38425
storytelling:0.37825
twists & turns:0.37425
special effects:0.3655
fight scenes:0.3655
cult:0.36025
fun:0.358
kung fu:0.35675
cool:0.35125
action packed:0.34925
lone hero:0.34725
police corruption:0.3465
entirely dialogue:0.3405
japanese:0.33775
melancholic:0.32775
creepy:0.3235
pointless:0.32275
entertaining:0.31975
japan:0.3195
suprisingly clever:0.31825
fantasy world:0.3155
runaway:0.31525
hard to watch:0.31425
fun movie:0.3135
overrated:0.3125
silly:0.31025
cheesy:0.31
snakes:0.30725
adaptation:0.3015
dark humor:0.2995
crazy:0.28775
idiotic:0.28775
multiple storylines:0.28175
guns:0.28075
classic car:0.27825
childhood:0.27025
assassination:0.269
