president:0.99725
politics:0.99325
political:0.988
world politics:0.98275
romantic comedy:0.94775
love story:0.933
romantic:0.922
romance:0.91675
drama:0.90975
single father:0.899
girlie movie:0.8475
feel-good:0.829
chick flick:0.82075
idealism:0.774
good:0.772
conspiracy:0.7405
feel good movie:0.7305
great:0.7045
culture clash:0.69525
light:0.688
sweet:0.6745
good romantic comedies:0.6655
secret service:0.65325
mentor:0.6395
original:0.6395
destiny:0.6295
pg-13:0.623
manipulation:0.61575
great movie:0.6025
cute:0.60175
fun movie:0.59575
brainwashing:0.59575
chase:0.584
heartwarming:0.583
corruption:0.581
interesting:0.57675
catastrophe:0.57575
women:0.55775
dramatic:0.5535
excellent script:0.541
very interesting:0.5375
beautiful scenery:0.53275
greed:0.52875
honest:0.5255
excellent:0.52075
propaganda:0.52025
oscar winner:0.5175
dialogue:0.50875
comedy:0.50175
good acting:0.49575
happy ending:0.49375
story:0.48275
love:0.4795
stereotypes:0.4785
courage:0.46325
relationships:0.45675
entertaining:0.4535
passionate:0.452
free speech:0.4475
oscar (best supporting actress):0.445
sappy:0.44425
great ending:0.43675
conspiracy theory:0.43525
sentimental:0.4345
witty:0.433
betrayal:0.43
family:0.427
touching:0.416
political corruption:0.4105
runaway:0.4105
factual:0.40975
suspense:0.4095
tense:0.40875
clever:0.39525
environmental:0.3915
great acting:0.386
oscar:0.38475
cute!:0.3845
lone hero:0.3815
oscar (best actor):0.3785
fun:0.37825
secrets:0.37575
predictable:0.37475
good dialogue:0.371
global warming:0.3705
oscar (best actress):0.368
unfunny:0.36575
lawyer:0.36575
not funny:0.36075
sacrifice:0.36025
thriller:0.36025
capitalism:0.35075
underdog:0.34775
nostalgic:0.34275
earnest:0.342
very good:0.32425
oscar (best directing):0.322
aids:0.3155
weapons:0.3155
good action:0.314
