fascism:0.9935
nudity (full frontal - notable):0.91225
long:0.87575
political:0.85875
masterpiece:0.85
criterion:0.83275
male nudity:0.8195
golden palm:0.803
nudity (full frontal):0.7955
pornography:0.7935
cinematography:0.7855
historical:0.73725
allegory:0.71775
intimate:0.715
social commentary:0.71375
politics:0.69575
brutality:0.69525
breathtaking:0.672
original:0.66275
italy:0.66225
history:0.64425
reflective:0.63025
rebellion:0.62125
communism:0.6
oscar (best foreign language film):0.59475
runaway:0.5935
enigmatic:0.59225
revolution:0.56675
ennio morricone:0.56325
catastrophe:0.5505
storytelling:0.548
italian:0.542
talky:0.53775
controversial:0.52725
harsh:0.52675
dramatic:0.52375
complex characters:0.5155
unlikely friendships:0.50625
passionate:0.48625
confrontational:0.48625
us history:0.48525
forceful:0.48475
greed:0.4845
bleak:0.47775
melancholic:0.4765
complex:0.47525
foreign:0.47475
suprisingly clever:0.472
too long:0.4655
friendship:0.4645
weird:0.46275
cerebral:0.4615
epic:0.4605
powerful ending:0.45975
good soundtrack:0.4585
movielens top pick:0.45375
very interesting:0.445
art:0.44275
disturbing:0.44225
imdb top 250:0.44225
beautifully filmed:0.441
corruption:0.439
censorship:0.431
childhood:0.4245
oscar (best directing):0.422
sexualized violence:0.42125
melancholy:0.41825
drama:0.415
downbeat:0.414
civil war:0.4135
stunning:0.413
brutal:0.411
entirely dialogue:0.41075
loneliness:0.40775
pointless:0.4045
idealism:0.402
visually appealing:0.39375
unusual plot structure:0.3855
great ending:0.38325
great cinematography:0.375
multiple storylines:0.373
dreamlike:0.36825
violence:0.36575
dialogue:0.36375
erotic:0.36175
betrayal:0.36175
oscar (best supporting actress):0.36125
vengeance:0.356
sexual:0.355
visual:0.3535
insanity:0.351
lyrical:0.35025
stylized:0.34825
story:0.34625
compassionate:0.344
absurd:0.34325
photography:0.34175
oscar (best actress):0.34075
freedom:0.3405
destiny:0.3345
