dog:0.98125
family:0.96875
talking animals:0.96525
dogs:0.889
predictable:0.83225
cute!:0.82125
franchise:0.81725
children:0.7645
original:0.74
dumb but funny:0.70725
kids and family:0.68975
kids:0.68125
holiday:0.64625
natural disaster:0.6345
silly:0.6065
bad plot:0.5925
happy ending:0.56875
catastrophe:0.56175
fantasy:0.5535
cute:0.5525
overrated:0.54
mentor:0.534
series:0.52525
animals:0.51225
horrible:0.504
lame:0.495
pointless:0.4765
dialogue:0.47325
fun movie:0.45525
silly fun:0.4515
shallow:0.44975
so bad it's funny:0.44875
great ending:0.4465
destiny:0.434
crude humor:0.4335
drama:0.43275
fun:0.42875
pg-13:0.4105
first contact:0.4095
dysfunctional family:0.405
very funny:0.40175
christmas:0.39675
crappy sequel:0.39075
disaster:0.38575
sequels:0.382
road movie:0.374
good sequel:0.37275
fight scenes:0.3655
comedy:0.364
good:0.363
fantasy world:0.36175
bad:0.3615
life philosophy:0.3575
writers:0.3565
humorous:0.3535
narrated:0.35225
brutality:0.348
nudity (topless - notable):0.34175
redemption:0.3385
entirely dialogue:0.3375
romantic:0.3355
big budget:0.332
death:0.32975
quirky:0.32875
runaway:0.32675
adaptation:0.325
storytelling:0.32325
lone hero:0.31925
culture clash:0.31825
action:0.3175
entertaining:0.31525
chase:0.314
dreams:0.31275
multiple storylines:0.31225
sequel:0.31
girlie movie:0.30775
computer animation:0.30575
scary:0.3015
nudity (full frontal - brief):0.30025
action packed:0.29975
slapstick:0.2975
not funny:0.2945
unusual plot structure:0.293
unfunny:0.28975
childhood:0.28975
adventure:0.28875
funny:0.28675
based on a book:0.285
suspense:0.28275
vengeance:0.27975
cult film:0.2775
brothers:0.27025
pulp:0.27
good action:0.26975
special effects:0.26925
goofy:0.269
gangsters:0.26525
good soundtrack:0.26375
reality tv:0.263
london:0.25975
