love:0.98225
beautifully filmed:0.958
love story:0.95625
china:0.91725
stunning:0.91075
beautiful scenery:0.90075
visually stunning:0.88875
cinematography:0.88425
storytelling:0.86725
touching:0.85975
scenic:0.83175
breathtaking:0.7955
story:0.782
childhood:0.78
visual:0.77625
nostalgic:0.7715
mentor:0.77125
reflective:0.77025
destiny:0.768
beautiful:0.75425
melancholic:0.741
culture clash:0.73625
visually appealing:0.73375
black and white:0.7325
idealism:0.71725
sentimental:0.71675
romance:0.6985
meditative:0.6835
great ending:0.6785
colourful:0.6715
original:0.669
emotional:0.66325
teacher:0.65425
oscar (best foreign language film):0.64625
relationships:0.63375
movielens top pick:0.62425
masterpiece:0.62
oscar (best directing):0.619
poignant:0.61425
loneliness:0.6115
amazing photography:0.61125
romantic:0.6075
runaway:0.6025
photography:0.59325
death:0.59025
life & death:0.59
unusual plot structure:0.57975
imdb top 250:0.57675
heartwarming:0.5725
foreign:0.572
prejudice:0.5705
sweet:0.5675
sacrifice:0.565
dramatic:0.565
oscar (best actress):0.55875
simple:0.558
dialogue:0.5575
heartbreaking:0.55725
great:0.5515
good acting:0.55075
fight scenes:0.54725
suprisingly clever:0.546
memory:0.5375
poetry:0.5305
talky:0.51975
criterion:0.5195
narrated:0.5125
great movie:0.5085
great acting:0.50775
bollywood:0.50725
solitude:0.506
road movie:0.50525
intimate:0.498
redemption:0.48875
feel-good:0.47775
artistic:0.4685
light:0.467
tragedy:0.4585
interesting:0.45825
good:0.45325
secrets:0.45225
bittersweet:0.45025
marriage:0.45025
slow:0.44775
pg-13:0.44725
enigmatic:0.447
passionate:0.44325
catastrophe:0.441
friendship:0.43175
unlikely friendships:0.43075
school:0.42975
great cinematography:0.42925
bleak:0.42925
tear jerker:0.42825
drama:0.4245
flashbacks:0.41975
moving:0.419
harsh:0.41375
transformation:0.41125
betrayal:0.41075
