criterion:0.98075
obsession:0.954
enigmatic:0.94125
art house:0.883
art:0.8675
sexual:0.86475
meditative:0.84975
weird:0.795
downbeat:0.75425
cerebral:0.733
dreamlike:0.724
non-linear:0.69825
complex:0.69675
sexy:0.681
erotic:0.67075
existentialism:0.6675
intimate:0.64725
artistic:0.6355
voyeurism:0.632
original:0.62925
pornography:0.609
passionate:0.5795
relationships:0.56825
vienna:0.5665
psychology:0.529
storytelling:0.52225
melancholic:0.52175
cult film:0.518
nudity (full frontal - notable):0.49425
visceral:0.492
macabre:0.47525
grindhouse:0.47125
spying:0.45775
talky:0.453
golden palm:0.4395
pretentious:0.43825
strange:0.43725
entirely dialogue:0.427
psychological:0.42475
harsh:0.42275
disturbing:0.42125
brutality:0.41975
stylish:0.4185
guilt:0.4185
controversial:0.4085
catastrophe:0.4035
hotel:0.40175
bdsm:0.39525
hallucinatory:0.393
psychedelic:0.37475
mentor:0.36425
artsy:0.36225
photography:0.35925
artist:0.351
moody:0.349
psychiatry:0.34775
loneliness:0.3475
dialogue:0.345
intellectual:0.3405
gangsters:0.33325
so bad it's funny:0.32925
lynch:0.328
cult classic:0.32725
melancholy:0.3245
not funny:0.31775
intense:0.31725
visual:0.317
great ending:0.3145
multiple storylines:0.31325
romance:0.313
masterpiece:0.31
male nudity:0.30775
drinking:0.302
censorship:0.30175
stylized:0.2985
runaway:0.2945
character study:0.28975
great:0.2885
reflective:0.2875
sexualized violence:0.28375
atmospheric:0.28175
death:0.28025
quirky:0.2765
writers:0.27475
unusual plot structure:0.272
paranoid:0.268
story:0.2675
bleak:0.266
life philosophy:0.26125
detective:0.26
vengeance:0.25975
surreal:0.25875
suprisingly clever:0.257
investigation:0.25675
non-hollywood ending:0.25525
life & death:0.2545
betrayal:0.254
parallel universe:0.2515
police investigation:0.25075
nocturnal:0.249
