tense:0.99575
thriller:0.97275
suspenseful:0.96925
serial killer:0.9365
creepy:0.924
claustrophobic:0.9205
suspense:0.90675
original:0.84725
better than the american version:0.843
stylish:0.8425
twist ending:0.82275
atmospheric:0.7925
great ending:0.79125
visceral:0.79125
complex:0.784
very interesting:0.7745
good acting:0.7705
dark:0.76675
psychological:0.7615
interesting:0.72975
police investigation:0.72625
murder:0.71925
twist:0.71825
great acting:0.71425
twists & turns:0.71225
talky:0.71175
psychology:0.70025
mystery:0.69725
intense:0.697
disturbing:0.6955
murder mystery:0.68375
brutality:0.67525
eerie:0.66975
foreign:0.664
paranoid:0.66225
pornography:0.66
greed:0.657
corruption:0.6435
ominous:0.63225
weird:0.61925
great:0.61375
identity:0.612
runaway:0.60725
plot twist:0.60225
cinematography:0.59525
gruesome:0.589
clever:0.58875
plot:0.585
investigation:0.583
plot holes:0.57625
remade:0.5725
gory:0.57075
excellent:0.56625
good:0.566
bloody:0.56475
secrets:0.56325
macabre:0.56125
obsession:0.5505
remake:0.5475
sexualized violence:0.54525
horror:0.543
hospital:0.5345
harsh:0.53275
violence:0.532
manipulation:0.5285
pg-13:0.5275
dialogue:0.52425
grim:0.52375
cerebral:0.51
story:0.5075
sexy:0.50375
enigmatic:0.503
movielens top pick:0.502
social commentary:0.49175
scary:0.48725
complicated:0.48675
very good:0.48675
mentor:0.4835
male nudity:0.4825
storytelling:0.48125
alternate endings:0.48025
conspiracy:0.47925
doctors:0.4755
forceful:0.475
survival:0.47225
visually appealing:0.472
moral ambiguity:0.47125
criterion:0.46475
suprisingly clever:0.463
allegory:0.462
betrayal:0.46175
chase:0.4605
catastrophe:0.445
unusual plot structure:0.44425
great movie:0.44225
underrated:0.43625
insanity:0.431
melancholic:0.4305
downbeat:0.42725
good soundtrack:0.425
