girlie movie:0.98175
chick flick:0.978
coming of age:0.9505
based on a book:0.93275
teen movie:0.9225
based on book:0.91525
adapted from:book:0.88675
friendship:0.8685
books:0.85875
teen:0.83175
unlikely friendships:0.82025
teenager:0.788
women:0.7315
pg-13:0.72725
teenagers:0.69525
teens:0.668
book was better:0.66725
magic:0.65325
original:0.64175
book:0.629
father daughter relationship:0.626
single father:0.6255
adolescence:0.6095
coming-of-age:0.58975
adaptation:0.57825
fantasy world:0.5695
sweet:0.565
runaway:0.5515
happy ending:0.5295
magic realism:0.5175
virginity:0.49975
school:0.497
romantic:0.49275
good soundtrack:0.48925
romantic comedy:0.48775
destiny:0.46975
shopping:0.45
mentor:0.4465
great:0.4435
culture clash:0.43625
family:0.4305
predictable:0.42925
romance:0.4145
catastrophe:0.41175
high school:0.4115
cute:0.41025
better than expected:0.40825
childhood:0.39175
pornography:0.382
good:0.3815
touching:0.37675
stereotypes:0.36725
switching places:0.36225
storytelling:0.35725
great ending:0.35025
feel-good:0.34425
vampire human love:0.337
love:0.31825
sisters:0.31775
life philosophy:0.30375
suprisingly clever:0.29875
relationships:0.29725
story:0.29225
crude humor:0.2915
literature:0.28475
dumb but funny:0.28425
prejudice:0.28275
sappy:0.28175
boarding school:0.281
very funny:0.28075
not funny:0.278
camp:0.27675
fun:0.276
parallel universe:0.276
honest:0.27325
unfunny:0.27025
sexy:0.26925
dialogue:0.269
transformation:0.26675
drama:0.2665
family drama:0.26275
fun movie:0.2595
life & death:0.25825
feel good movie:0.2435
beautiful scenery:0.2425
great acting:0.2425
tear jerker:0.241
pg:0.2395
cancer:0.23625
dysfunctional family:0.235
silly:0.23125
children:0.23
lone hero:0.229
writers:0.2275
witches:0.22675
heartwarming:0.2245
fairy tale:0.22425
emotional:0.224
divorce:0.22325
california:0.21925
