violence:0.86725
brutality:0.831
japan:0.745
visceral:0.7305
intimate:0.72475
cyberpunk:0.71
surreal:0.6825
original:0.6795
melancholic:0.666
weird:0.63725
allegory:0.62225
obsession:0.61875
enigmatic:0.61275
bloody:0.607
art house:0.5885
life philosophy:0.585
tokyo:0.57775
pulp:0.5735
pornography:0.51275
disturbing:0.5045
harsh:0.49075
loneliness:0.48125
violent:0.45375
stylized:0.44975
redemption:0.44225
mentor:0.4295
grindhouse:0.4235
revenge:0.4125
brutal:0.406
life & death:0.398
criterion:0.38675
reflective:0.3835
existentialism:0.383
complex:0.382
dialogue:0.382
nudity (full frontal - notable):0.38075
cult film:0.374
visual:0.366
vengeance:0.364
japanese:0.36225
surrealism:0.36075
entirely dialogue:0.35525
catastrophe:0.355
dreamlike:0.35325
cathartic:0.34975
masterpiece:0.33725
hallucinatory:0.33675
very interesting:0.326
pointless:0.32
transformation:0.3175
so bad it's funny:0.31425
good soundtrack:0.3125
not funny:0.309
splatter:0.29475
talky:0.2935
storytelling:0.28375
betrayal:0.281
cinematography:0.27875
stylish:0.27725
overrated:0.27525
inspirational:0.26825
golden palm:0.26175
meditative:0.25875
sexualized violence:0.25725
suprisingly clever:0.25675
downbeat:0.249
thought-provoking:0.2485
art:0.248
culture clash:0.24375
visually appealing:0.2435
psychological:0.2405
relationships:0.2325
cult classic:0.23225
imdb top 250:0.228
dreams:0.22675
classic car:0.2265
stunning:0.22375
dark comedy:0.22125
cerebral:0.2205
great ending:0.2205
moral ambiguity:0.217
macabre:0.21325
childhood:0.20875
fantasy world:0.20775
multiple storylines:0.20675
lone hero:0.20675
sexual:0.205
first contact:0.202
adaptation:0.20075
social commentary:0.199
breathtaking:0.198
visually stunning:0.198
dark hero:0.1955
grim:0.1935
fight scenes:0.193
sexual abuse:0.1925
stoner movie:0.19075
bleak:0.19025
great:0.18975
unusual plot structure:0.1885
