criterion:0.97425
meditative:0.94925
intellectual:0.89175
talky:0.824
golden palm:0.795
philosophical:0.78075
existentialism:0.77125
enigmatic:0.77075
reflective:0.75675
narrated:0.7085
satirical:0.70575
prostitution:0.70375
life philosophy:0.66775
melancholic:0.6305
art:0.61925
satire:0.61325
pornography:0.60925
ironic:0.60375
original:0.6025
visually appealing:0.58
surreal:0.53475
melancholy:0.52075
cinematography:0.5205
political:0.517
visual:0.509
dialogue:0.50225
intimate:0.4905
loneliness:0.4775
male nudity:0.47
stylized:0.46925
nudity (full frontal - notable):0.46475
paris:0.463
bleak:0.45825
obsession:0.45575
entirely dialogue:0.44875
weird:0.43925
good soundtrack:0.436
catastrophe:0.42875
art house:0.42725
cerebral:0.42625
pretentious:0.42425
biting:0.412
absurd:0.40225
suprisingly clever:0.3905
poetry:0.38475
unusual plot structure:0.37375
culture clash:0.36525
allegory:0.36475
so bad it's funny:0.362
not funny:0.35625
creativity:0.35525
social commentary:0.3515
sex:0.35075
great ending:0.3475
mentor:0.33675
boring!:0.33525
women:0.33225
life & death:0.331
metaphysics:0.31875
humanity:0.316
relationships:0.297
pointless:0.29025
grim:0.29
surrealism:0.28675
capitalism:0.28675
masterpiece:0.285
storytelling:0.2845
runaway:0.28375
breathtaking:0.2825
insanity:0.281
artist:0.27825
clever:0.277
crime gone awry:0.27575
controversial:0.27475
light:0.27
grindhouse:0.2695
technology:0.264
first contact:0.2615
voyeurism:0.25775
imdb top 250:0.2555
assassination:0.2555
french:0.255
free to download:0.25475
adaptation:0.25175
great:0.24925
life:0.24875
nudity (full frontal):0.2485
dreams:0.24675
very funny:0.246
sexy:0.24375
sexual:0.24275
cynical:0.242
oscar (best supporting actress):0.241
police investigation:0.241
cult film:0.238
brutality:0.236
harsh:0.236
quirky:0.23275
downbeat:0.23125
distopia:0.22925
