criterion:0.914
stylized:0.83775
artistic:0.82325
nostalgic:0.78675
allegory:0.78125
intimate:0.7355
art:0.7185
enigmatic:0.6995
colourful:0.67475
oscar (best foreign language film):0.66625
artist:0.64475
surreal:0.6435
life & death:0.6425
satirical:0.6395
melancholic:0.631
reflective:0.6115
original:0.60375
loneliness:0.60175
weird:0.57275
surrealism:0.5695
meditative:0.561
masterpiece:0.552
great ending:0.53925
catastrophe:0.53275
visual:0.5305
golden palm:0.529
existentialism:0.5205
good soundtrack:0.48675
storytelling:0.47875
melancholy:0.46425
life philosophy:0.462
opera:0.4585
cinematography:0.45075
silent:0.44
quirky:0.42925
talky:0.42725
entirely dialogue:0.425
creativity:0.42175
unusual plot structure:0.42
ironic:0.4175
suprisingly clever:0.4065
stunning:0.39325
writers:0.389
dreamlike:0.38225
bittersweet:0.3805
mentor:0.37975
whimsical:0.37725
bollywood:0.37525
eccentricity:0.37425
great:0.3675
affectionate:0.3625
cerebral:0.3625
dialogue:0.35825
tokyo:0.34975
mozart:0.349
passionate:0.34875
obsession:0.3485
bleak:0.34425
atmospheric:0.344
narrated:0.3415
lyrical:0.33775
black and white:0.331
destiny:0.329
absurd:0.32575
classical music:0.3245
not funny:0.32025
social commentary:0.31475
art house:0.31375
grindhouse:0.30925
visuals:0.3055
intellectual:0.30525
runaway:0.30325
childhood:0.30325
culture clash:0.3025
downbeat:0.3
visually stunning:0.297
underrated:0.2875
macabre:0.2835
breathtaking:0.283
nocturnal:0.283
foreign:0.282
light:0.28
pornography:0.27375
non-linear:0.27275
harsh:0.2645
satire:0.2555
poignant:0.25075
music:0.2505
brutality:0.247
bizarre:0.24475
adaptation:0.24375
farce:0.2425
sentimental:0.23925
tragedy:0.23775
sexy:0.23475
spanish:0.23175
drama:0.2315
weapons:0.22875
nudity (full frontal - notable):0.223
lone hero:0.22275
