series:0.967
history:0.9555
british comedy:0.89975
time travel:0.85325
sarcasm:0.834
great ending:0.83075
original:0.8175
great:0.77
good:0.75075
hilarious:0.74475
comedy:0.74025
nostalgic:0.737
british:0.73125
great movie:0.72575
very funny:0.69175
vengeance:0.6915
witty:0.667
franchise:0.656
funny:0.63675
chase:0.626
dialogue:0.61925
us history:0.61475
humorous:0.609
historical:0.59725
england:0.59675
parody:0.58075
criterion:0.571
underrated:0.5645
special:0.54375
suprisingly clever:0.507
catastrophe:0.50225
humor:0.49325
plot:0.478
good soundtrack:0.47625
very interesting:0.46975
culture clash:0.46925
clever:0.467
story:0.463
mentor:0.459
fun movie:0.45825
satirical:0.45625
doctors:0.4545
writers:0.45075
excellent:0.44925
satire:0.4465
awesome soundtrack:0.44375
absurd:0.43175
tense:0.43125
very good:0.42775
forceful:0.41825
highly quotable:0.40775
brutality:0.4005
storytelling:0.4
quotable:0.4
secrets:0.39625
oscar winner:0.3915
interesting:0.38825
narrated:0.38525
greed:0.38525
classic:0.3795
unusual plot structure:0.37875
police investigation:0.37775
silly:0.37725
entirely dialogue:0.37625
childhood:0.37525
revenge:0.37425
complex:0.373
dark hero:0.37075
runaway:0.3665
movielens top pick:0.36575
time:0.36075
earnest:0.35675
london:0.3545
short:0.35275
nudity (full frontal - brief):0.34975
transformation:0.3495
macabre:0.34225
dramatic:0.3405
violent:0.33675
fun:0.336
period piece:0.3355
atmospheric:0.331
first contact:0.32425
talky:0.32125
suspense:0.321
special effects:0.3205
made for tv:0.32
immortality:0.31975
oscar (best directing):0.31925
crime gone awry:0.31725
imdb top 250:0.31675
melancholic:0.31325
redemption:0.3055
life philosophy:0.305
nostalgia:0.30325
entertaining:0.30275
murder mystery:0.30175
fantasy world:0.30025
product placement:0.299
cinematography:0.29875
