transgender:0.9995
true story:0.9685
oscar (best supporting actress):0.9465
biographical:0.9105
biopic:0.90325
oscar (best actress):0.88975
based on true story:0.88375
oscar:0.85875
based on a true story:0.8485
love story:0.80725
great acting:0.77975
dramatic:0.7615
doctors:0.749
cinematography:0.71925
emotional:0.71825
intimate:0.718
period piece:0.713
artist:0.69375
visually stunning:0.681
drama:0.66725
artistic:0.66625
relationships:0.664
1920s:0.661
melancholic:0.66025
original:0.64775
heartbreaking:0.625
touching:0.62025
amazing cinematography:0.61625
catastrophe:0.6135
loneliness:0.605
biography:0.60375
oscar (best actor):0.602
tragedy:0.5975
art:0.59175
mental illness:0.587
identity:0.587
very interesting:0.587
women:0.58475
passionate:0.57825
beautifully filmed:0.569
stunning:0.551
interesting:0.55025
destiny:0.5465
oscar winner:0.5435
good acting:0.53925
life philosophy:0.53675
love:0.5365
oscar (best directing):0.53375
story:0.52725
obsession:0.51925
historical:0.50625
adaptation:0.50575
history:0.5005
mentor:0.4955
1930s:0.49525
courage:0.492
gay:0.48975
inspirational:0.48925
intense:0.48475
great ending:0.4825
transformation:0.47425
nudity (topless - notable):0.47125
adapted from:book:0.469
pornography:0.4685
runaway:0.467
complex:0.464
hospital:0.4545
good:0.4515
segregation:0.441
sexuality:0.423
good soundtrack:0.42125
beautiful scenery:0.41975
feel-good:0.41825
feel good movie:0.41575
girlie movie:0.41275
life & death:0.4095
reflective:0.40675
inspiring:0.406
sacrifice:0.40425
schizophrenia:0.40175
costume drama:0.40125
idealism:0.3995
factual:0.399
visually appealing:0.398
romantic:0.39775
justice:0.39375
beautiful:0.3925
disability:0.3895
great cinematography:0.38925
cerebral:0.388
poignant:0.384
unusual plot structure:0.383
excellent script:0.382
dialogue:0.379
long:0.37675
social commentary:0.37575
pg-13:0.374
cross dressing:0.36975
great:0.364
life:0.36075
