supernatural:0.994
ghosts:0.992
horror:0.9835
ghosts/afterlife:0.95875
creepy:0.9575
death:0.94625
splatter:0.90125
scary:0.8795
original:0.87875
weird:0.873
nocturnal:0.86025
eerie:0.79275
suspense:0.783
dark:0.76575
frightening:0.71775
revenge:0.71525
demons:0.713
hospital:0.7015
story:0.695
storytelling:0.69225
mystery:0.6915
pg-13:0.68025
violence:0.67875
great ending:0.6555
twist ending:0.648
brutality:0.64575
life & death:0.63575
atmospheric:0.6285
psychological:0.62625
fantasy world:0.6205
strange:0.61275
destiny:0.591
mentor:0.5875
good soundtrack:0.57725
bad ending:0.57725
predictable:0.57725
goth:0.566
ominous:0.5635
plot:0.56275
twist:0.55775
stereotypes:0.5245
haunted house:0.52325
gory:0.5175
blood:0.51525
alternate endings:0.50975
monster:0.5025
great:0.4975
monsters:0.497
afterlife:0.49525
creativity:0.494
transformation:0.491
suspenseful:0.487
blindness:0.48225
catastrophe:0.48175
school:0.4785
werewolf:0.47775
pointless:0.477
cult film:0.47425
claustrophobic:0.47325
nudity (full frontal - brief):0.4675
dialogue:0.46675
devil:0.463
cinematography:0.46125
first contact:0.45875
bad cgi:0.45775
crude humor:0.456
life philosophy:0.455
visceral:0.44575
zombie:0.44275
sexualized violence:0.43425
surreal:0.4315
future:0.43125
torture:0.42925
werewolves:0.428
visually appealing:0.42775
child abuse:0.42725
japan:0.42675
macabre:0.4265
alter ego:0.4225
violent:0.42025
family:0.4125
great movie:0.412
special effects:0.40975
better than expected:0.408
absurd:0.40625
gothic:0.4045
women:0.402
goretastic:0.4
great acting:0.393
melancholic:0.39225
silly:0.38925
bad acting:0.38875
murder:0.385
adapted from:book:0.383
twists & turns:0.381
cult:0.381
dark fantasy:0.3765
fairy tale:0.37625
unlikely friendships:0.371
overrated:0.37
