fantasy:0.991
magic:0.98875
dragons:0.98675
high fantasy:0.983
fantasy world:0.96375
modern fantasy:0.94425
wizards:0.9245
bad acting:0.9175
special effects:0.9175
stupid as hell:0.87425
horrible:0.8715
big budget:0.8285
predictable:0.82125
computer game:0.813
bad plot:0.80475
bad cgi:0.7695
original:0.76275
bad script:0.7625
video game:0.7435
adventure:0.70875
destiny:0.70825
dialogue:0.6845
so bad it's funny:0.68225
fight scenes:0.68
lone hero:0.66675
lame:0.65475
computer animation:0.65125
bad:0.646
good versus evil:0.62875
awful:0.6235
dragon:0.62225
fairy tale:0.60875
alternate reality:0.6035
maze:0.59425
franchise:0.5825
pointless:0.55575
mentor:0.54725
so bad it's good:0.544
based on a video game:0.543
action:0.53825
mythology:0.52375
sci fi:0.51725
camp:0.50475
cgi:0.5015
cheesy:0.50025
great ending:0.49375
plot holes:0.48775
fun:0.48125
first contact:0.47825
shallow:0.47725
disaster:0.47225
family:0.46975
videogame:0.45275
stereotypes:0.45175
sci-fi:0.45175
goth:0.451
plot:0.4485
story:0.4475
script:0.447
good:0.43675
medieval:0.43425
weapons:0.428
silly:0.425
cult film:0.42425
storytelling:0.4195
catastrophe:0.41875
overrated:0.4105
writers:0.40625
adaptation:0.4055
entirely dialogue:0.40525
visually stunning:0.40125
stupid:0.394
pg-13:0.39175
pulp:0.384
redemption:0.3825
idiotic:0.377
ridiculous:0.3755
justice:0.36475
death:0.364
dynamic cgi action:0.3605
brutality:0.352
books:0.352
science fiction:0.35175
good soundtrack:0.34975
witch:0.3495
vengeance:0.34925
parallel universe:0.34475
silly fun:0.3445
visual:0.3425
fun movie:0.33825
natural disaster:0.33575
campy:0.33525
dark fantasy:0.33375
geeks:0.32975
runaway:0.32875
slapstick:0.32575
whimsical:0.32325
trilogy:0.32275
imdb top 250:0.31625
crude humor:0.31575
