romantic comedy:0.91725
action:0.80125
silly:0.8
chick flick:0.74725
comedy:0.738
romantic:0.70975
so bad it's funny:0.70125
predictable:0.643
romance:0.62475
assassin:0.6065
good action:0.57825
original:0.57725
fight scenes:0.54725
bad acting:0.51975
pg-13:0.46575
teen movie:0.456
fun movie:0.45575
ridiculous:0.451
sexy:0.4435
dialogue:0.4355
assassination:0.4305
car chase:0.42525
catastrophe:0.425
girlie movie:0.421
better than expected:0.4165
assassins:0.41075
funny:0.40925
bad plot:0.39225
boring:0.391
marriage:0.363
lone hero:0.35925
action packed:0.35725
mentor:0.35725
parallel universe:0.3565
arms dealer:0.35525
spy:0.35375
fun:0.35325
spying:0.3455
first contact:0.33375
idiotic:0.32825
good romantic comedies:0.32725
unfunny:0.32425
plot holes:0.3235
very funny:0.3025
not funny:0.29775
runaway:0.293
life & death:0.291
overrated:0.2845
chase:0.2835
slapstick:0.28175
lame:0.28075
vengeance:0.277
crude humor:0.277
absurd:0.27675
great ending:0.27325
destiny:0.271
entertaining:0.27075
no plot:0.27
bad cgi:0.26275
life philosophy:0.26225
natural disaster:0.25875
fantasy world:0.25675
weapons:0.25525
disaster:0.25425
good:0.25175
good soundtrack:0.25175
drinking:0.245
entirely dialogue:0.23375
dumb:0.23275
horrible:0.2295
stupid:0.2245
bad:0.223
melancholic:0.219
brutality:0.21875
quirky:0.2165
adaptation:0.216
stereotypes:0.21525
cute:0.2115
fast paced:0.20925
story:0.20825
happy ending:0.208
culture clash:0.20725
espionage:0.20575
twists & turns:0.201
women:0.197
suburbia:0.1965
product placement:0.195
spies:0.195
teen:0.1945
transformation:0.194
visually appealing:0.19
campy:0.18975
pointless:0.1895
farce:0.18875
mad scientist:0.18875
storytelling:0.188
relationships:0.188
shallow:0.18625
great:0.186
redemption:0.18575
