based on a true story:0.98475
art:0.976
artistic:0.9745
biographical:0.973
true story:0.96775
biopic:0.94275
san francisco:0.93525
artist:0.92075
drama:0.88525
based on true story:0.86575
storytelling:0.86375
original:0.85825
greed:0.81275
dramatic:0.8095
story:0.809
oscar (best actress):0.8045
good:0.79375
interesting:0.7515
biography:0.74225
mentor:0.741
excellent script:0.74025
creativity:0.738
rags to riches:0.71925
suspense:0.71725
great ending:0.71175
visually appealing:0.7115
sentimental:0.694
feel-good:0.67825
whimsical:0.67675
pg-13:0.6725
twists & turns:0.669
inspirational:0.66875
inspiring:0.668
paris:0.66125
macabre:0.66125
melancholic:0.653
justice:0.65125
oscar:0.65075
corruption:0.63875
family:0.61875
great acting:0.6175
twist:0.6155
manipulation:0.61075
intense:0.6065
touching:0.60625
redemption:0.60575
runaway:0.6025
marriage:0.602
relationships:0.601
clever:0.58275
criterion:0.582
emotional:0.58
dialogue:0.5765
destiny:0.5765
adaptation:0.572
good soundtrack:0.561
unusual plot structure:0.55875
cinematography:0.55775
cerebral:0.55475
good acting:0.5415
tragedy:0.5415
fantasy world:0.5395
light:0.53925
oscar winner:0.538
oscar (best supporting actress):0.53725
reflective:0.5365
heartwarming:0.5345
colourful:0.52975
secrets:0.529
solitude:0.5245
life philosophy:0.52175
nudity (topless - notable):0.51975
stylized:0.51725
very interesting:0.51675
psychology:0.51375
sacrifice:0.512
social commentary:0.509
visually stunning:0.5065
great:0.50275
courtroom:0.501
bittersweet:0.4995
loneliness:0.49875
catastrophe:0.495
surprise ending:0.49225
period piece:0.48825
passionate:0.4875
obsession:0.47925
plot:0.47725
entertaining:0.47625
life:0.47525
revenge:0.47225
talky:0.465
survival:0.46025
murder:0.46025
twist ending:0.4595
predictable:0.45875
adapted from:book:0.45725
women:0.4525
feel good movie:0.44625
death:0.44525
