martial arts:0.99975
kung fu:0.99725
wuxia:0.987
china:0.97475
fight scenes:0.97375
action:0.96925
fighting:0.96875
mentor:0.95175
imdb top 250:0.942
biographical:0.92975
drama:0.927
biopic:0.925
japanese:0.91225
historical:0.89575
dramatic:0.87975
violence:0.8755
visually stunning:0.8625
hong kong:0.85825
vengeance:0.83575
biography:0.8195
violent:0.818
story:0.81225
good action:0.80525
original:0.79975
destiny:0.79475
good:0.788
visual:0.78375
1930s:0.78325
japan:0.776
intense:0.76175
visually appealing:0.75375
life & death:0.73825
stunning:0.738
inspirational:0.7375
great movie:0.72825
storytelling:0.7225
brutality:0.7185
history:0.715
fast paced:0.7125
philosophy:0.7105
good acting:0.70325
stylized:0.6975
good soundtrack:0.69625
revenge:0.6935
great acting:0.6925
social commentary:0.679
amazing photography:0.6715
cool:0.66725
great:0.6645
childhood:0.661
good versus evil:0.658
gratuitous violence:0.65675
dark hero:0.65475
chase:0.652
forceful:0.6485
breathtaking:0.648
gunfight:0.6445
transformation:0.63825
pg-13:0.63575
weapons:0.627
dialogue:0.62575
brutal:0.62075
plot:0.619
cinematography:0.6175
oscar (best directing):0.61225
redemption:0.61075
runaway:0.60925
realistic:0.6035
culture clash:0.6035
great ending:0.59675
based on true story:0.5935
justice:0.592
highly quotable:0.58775
cult classic:0.5875
war:0.58675
beautiful scenery:0.584
entertaining:0.57975
epic:0.5795
rags to riches:0.57625
technology:0.57125
family:0.57025
excellent script:0.57
very good:0.568
touching:0.56025
reflective:0.557
sacrifice:0.55525
fun movie:0.55425
unlikely friendships:0.55275
dragons:0.551
idealism:0.54925
oscar (best foreign language film):0.54425
allegory:0.5435
twists & turns:0.54
survival:0.536
interesting:0.5335
tokyo:0.532
awesome:0.5315
beautifully filmed:0.52975
wartime:0.52525
underdog:0.524
