sci-fi:0.95625
scifi:0.94825
science fiction:0.94475
parallel universe:0.942
tense:0.925
weird:0.923
cerebral:0.92075
low budget:0.916
twists & turns:0.91425
paranoia:0.912
psychological:0.90725
sci fi:0.90625
alternate reality:0.8995
twist:0.89025
original:0.87425
mindfuck:0.86675
complex:0.866
claustrophobic:0.8655
very interesting:0.84375
science:0.836
suspense:0.829
good acting:0.828
great ending:0.82375
drama:0.818
enigmatic:0.8055
complicated:0.80225
mystery:0.794
creepy:0.78675
great acting:0.77425
psychology:0.7655
interesting:0.75475
paranoid:0.7535
alternate universe:0.74075
secrets:0.73225
life philosophy:0.7225
dialogue:0.72025
clever:0.7195
existentialism:0.6965
talky:0.69325
social commentary:0.692
confusing:0.69025
plot twist:0.67675
thought-provoking:0.67175
thriller:0.6645
surreal:0.6515
good:0.64575
bad ending:0.643
visually appealing:0.6395
powerful ending:0.6365
intellectual:0.6275
catastrophe:0.62675
dark:0.626
intelligent:0.6255
good soundtrack:0.62075
tricky:0.619
plot:0.6
complicated plot:0.6
greed:0.5995
philosophical:0.598
independent film:0.5965
suspenseful:0.5945
twist ending:0.591
end of the world:0.5885
unusual plot structure:0.586
indie:0.5825
obsession:0.5795
entirely dialogue:0.57025
maze:0.56425
ominous:0.56025
bad acting:0.55825
absurd:0.558
suprisingly clever:0.55775
plot holes:0.55625
insanity:0.552
philosophy:0.549
cinematography:0.53775
creativity:0.526
alternate endings:0.51325
allegory:0.513
strange:0.4995
storytelling:0.49625
excellent script:0.49325
nonlinear:0.4865
very good:0.48575
time travel:0.485
intense:0.48475
metaphysics:0.47825
atmospheric:0.478
first contact:0.4775
good dialogue:0.47525
dystopic future:0.4645
loneliness:0.461
internet:0.458
mentor:0.45625
writers:0.4535
relationships:0.44775
identity:0.44225
redemption:0.43625
bizarre:0.436
story:0.43425
