true story:0.9185
black comedy:0.87075
murder:0.83475
humorous:0.82825
dark:0.821
original:0.808
stylish:0.78625
disturbing:0.78575
funny:0.78
good soundtrack:0.7705
based on a true story:0.7635
pornography:0.75825
narrated:0.75475
weird:0.7465
based on true story:0.73175
brutality:0.729
social commentary:0.71875
grim:0.71075
very funny:0.71
violence:0.69125
vengeance:0.687
dysfunctional family:0.683
insanity:0.67475
harsh:0.6725
sexualized violence:0.655
mentor:0.64375
cult classic:0.6415
hilarious:0.6395
quirky:0.63275
visually appealing:0.62625
runaway:0.626
police investigation:0.626
male nudity:0.6145
criterion:0.611
creepy:0.609
suprisingly clever:0.605
dark humor:0.592
storytelling:0.5895
gruesome:0.578
adolescence:0.57625
macabre:0.56575
very interesting:0.5635
drama:0.54725
violent:0.54575
comedy:0.5455
british comedy:0.545
golden palm:0.5385
humor:0.53625
visceral:0.53375
bleak:0.53125
great ending:0.528
stylized:0.522
dark comedy:0.522
enigmatic:0.5215
talky:0.51625
atmospheric:0.505
strange:0.50175
nudity (topless - notable):0.488
culture clash:0.48675
artistic:0.48575
coming of age:0.485
genocide:0.4835
life & death:0.48225
nudity (full frontal - brief):0.48175
psychological:0.47775
brutal:0.47625
absurd:0.47525
witty:0.47525
secrets:0.47
mad scientist:0.4685
dramatic:0.46375
tricky:0.46275
gory:0.46275
working class:0.4595
oscar (best actress):0.459
adaptation:0.456
surreal:0.45475
anti-hero:0.4545
psychology:0.4525
melancholic:0.4495
pg-13:0.44675
corruption:0.44175
catastrophe:0.4415
off-beat comedy:0.441
british:0.43925
nocturnal:0.4375
adapted from:book:0.43575
twist:0.43425
coming-of-age:0.434
visually stunning:0.43325
dialogue:0.43325
parenthood:0.432
exceptional acting:0.43175
oscar (best foreign language film):0.43075
interesting:0.42775
good:0.427
workplace:0.42425
redemption:0.42425
farce:0.42375
based on a book:0.42375
