romantic comedy:0.999
chick flick:0.99875
girlie movie:0.99225
romantic:0.98
good romantic comedies:0.968
love story:0.91525
comedy:0.88375
happy ending:0.8675
romance:0.84325
cute!:0.84075
women:0.80975
cute:0.79225
predictable:0.7745
sweet:0.76475
funny:0.75525
teen movie:0.75225
fun movie:0.701
pg-13:0.6995
destiny:0.6585
relationships:0.625
original:0.622
feel-good:0.61925
shopping:0.604
better than expected:0.60325
catastrophe:0.58375
silly:0.567
sappy:0.556
great ending:0.5525
silly fun:0.54975
so bad it's funny:0.549
love:0.53725
fun:0.532
wedding:0.53125
feel good movie:0.51825
great:0.4895
good:0.486
shallow:0.47675
stereotypes:0.473
chase:0.46925
teen:0.46725
very funny:0.4565
sexy:0.4495
beautiful scenery:0.445
horrible:0.44275
fashion:0.4305
dialogue:0.41425
not funny:0.4125
family:0.412
mentor:0.41175
bad plot:0.4065
divorce:0.4055
unrealistic:0.3885
light:0.38625
entertaining:0.369
natural disaster:0.368
crude humor:0.366
culture clash:0.363
hawaii:0.3515
idiotic:0.34225
bad acting:0.335
lame:0.33
internet:0.3285
life philosophy:0.3205
unfunny:0.31625
switching places:0.31525
overrated:0.313
dog:0.304
mistaken identity:0.298
hilarious:0.29625
first contact:0.2895
interracial romance:0.28875
good soundtrack:0.281
brutality:0.2795
lone hero:0.27825
writers:0.2775
creativity:0.2755
guilty pleasure:0.275
marriage:0.273
dumb:0.271
honest:0.27025
cheesy:0.26925
adaptation:0.264
original plot:0.26375
suprisingly clever:0.26325
manipulation:0.26225
storytelling:0.262
clever:0.2605
runaway:0.25725
story:0.255
police investigation:0.25425
queer:0.25
san francisco:0.24925
dumb but funny:0.24725
cool:0.2455
pornography:0.241
betrayal:0.239
plot:0.238
transformation:0.238
entirely dialogue:0.2375
great acting:0.22825
