football:0.9945
sports:0.991
true story:0.98325
based on a true story:0.95425
based on true story:0.929
feel-good:0.87675
inspiring:0.851
courage:0.8505
inspirational:0.82475
feel good movie:0.81325
drama:0.80575
mentor:0.74625
dramatic:0.71275
underdog:0.69325
life philosophy:0.692
story:0.67675
tragedy:0.67625
survival:0.6525
touching:0.6335
transformation:0.6195
good:0.619
original:0.61525
pg-13:0.61
catastrophe:0.58275
small town:0.58125
great movie:0.57975
great:0.569
factual:0.53125
college:0.52325
fun movie:0.50675
life & death:0.5
sacrifice:0.49625
excellent:0.494
tear jerker:0.4915
destiny:0.48425
emotional:0.4835
family:0.474
redemption:0.45825
great ending:0.44675
better than expected:0.43475
doctors:0.43275
unlikely friendships:0.42325
natural disaster:0.422
nostalgic:0.42125
good soundtrack:0.418
sentimental:0.41625
heartwarming:0.41225
intense:0.4115
runaway:0.40475
lone hero:0.39975
superheroes:0.3975
segregation:0.394
happy ending:0.38825
great acting:0.38775
predictable:0.3875
dialogue:0.3865
girlie movie:0.38325
radio:0.38225
culture clash:0.3805
good action:0.37725
new jersey:0.37475
very good:0.37375
childhood:0.373
honest:0.36475
not funny:0.36225
big budget:0.36175
solitude:0.3545
friendship:0.3515
soccer:0.35025
oscar (best supporting actress):0.332
sad but good:0.3295
social commentary:0.31825
brutality:0.3175
storytelling:0.3165
light:0.30825
drinking:0.30425
oscar winner:0.30375
cancer:0.30125
first contact:0.3
oscar (best actress):0.29825
us history:0.29575
oscar:0.29125
1970s:0.29025
pg:0.29
fighting:0.28975
school:0.28925
race issues:0.288
romantic comedy:0.287
melancholic:0.2825
corruption:0.27925
mars:0.27825
sad:0.27725
reflective:0.2765
good acting:0.27475
apocalypse:0.2735
homeless:0.27175
goofy:0.27175
vengeance:0.271
technology:0.269
disaster:0.26825
