imagination:0.98775
fantasy world:0.9765
adventure:0.9765
miyazaki:0.97575
japan:0.9735
anime:0.96925
studio ghibli:0.94475
japanese:0.93075
visually appealing:0.92675
steampunk:0.8995
visually stunning:0.89425
childhood:0.892
storytelling:0.8895
animation:0.88725
original:0.8845
pirates:0.8835
imdb top 250:0.879
animated:0.8695
fantasy:0.86525
good soundtrack:0.85075
masterpiece:0.84525
magic:0.81425
robots:0.7755
visual:0.766
friendship:0.7655
beautiful:0.76125
great soundtrack:0.7415
beautifully filmed:0.72075
weird:0.71775
greed:0.717
story:0.713
allegory:0.6985
fairy tale:0.69825
chase:0.69275
mentor:0.68
breathtaking:0.6795
secrets:0.679
runaway:0.6775
giant robots:0.673
stunning:0.6685
tokyo:0.665
complex:0.66325
good:0.6605
classic:0.6575
transformation:0.65425
interesting:0.65025
firefly:0.647
dialogue:0.64425
computer animation:0.64
unlikely friendships:0.6365
great ending:0.63625
self discovery:0.63175
great:0.62575
environmental:0.61475
suprisingly clever:0.614
enigmatic:0.6135
stylized:0.60525
idealism:0.605
oscar (best directing):0.59675
social commentary:0.59475
criterion:0.5915
creativity:0.588
earnest:0.58675
oscar winner:0.5795
original plot:0.575
movielens top pick:0.5735
fun:0.5685
oscar (best actress):0.565
great movie:0.56375
atmospheric:0.56325
whimsical:0.56
colourful:0.55825
vengeance:0.55525
children:0.555
love story:0.555
twists & turns:0.55325
light:0.5445
drama:0.544
brutality:0.535
coming of age:0.53025
talky:0.529
feel-good:0.52825
clever:0.52675
sci-fi:0.52575
excellent:0.5245
culture clash:0.52375
foreign:0.5225
corruption:0.51225
grim:0.5105
melancholy:0.5085
melancholic:0.5005
action:0.49125
technology:0.49125
beautiful scenery:0.491
very good:0.4895
violence:0.48875
surreal:0.487
dark:0.48225
ecology:0.47675
unusual plot structure:0.47575
