comedy:0.952
goofy:0.73
segregation:0.719
original:0.70275
silly:0.652
twists & turns:0.65075
mistaken identity:0.64625
silly fun:0.5835
good:0.5575
slapstick:0.551
great ending:0.54225
predictable:0.53425
vengeance:0.52075
very funny:0.5095
hilarious:0.4995
fun movie:0.49925
buddy movie:0.49
con artists:0.4705
satire:0.4655
destiny:0.465
satirical:0.458
underrated:0.45325
funny:0.451
catastrophe:0.4435
corruption:0.4375
great:0.431
mentor:0.43
mob:0.429
bad plot:0.42575
island:0.424
storytelling:0.421
kidnapping:0.41475
light:0.40475
brutality:0.40125
fantasy world:0.4
dialogue:0.395
gangsters:0.395
hostage:0.394
suprisingly clever:0.3865
fun:0.3825
entertaining:0.376
great acting:0.37575
nudity (full frontal - brief):0.37325
absurd:0.37125
pg-13:0.37125
police:0.36775
life philosophy:0.365
adaptation:0.3615
good soundtrack:0.36025
story:0.353
disaster:0.339
adventure:0.336
lawyer:0.335
violence:0.32675
chase:0.32275
greed:0.321
alter ego:0.32075
crude humor:0.31875
unfunny:0.3185
quirky:0.317
runaway:0.313
police investigation:0.31275
culture clash:0.3125
writers:0.3105
clever:0.30925
weapons:0.3085
unusual plot structure:0.30425
happy ending:0.29925
stereotypes:0.29825
first contact:0.29375
great movie:0.29075
melancholic:0.29075
multiple storylines:0.28725
thought-provoking:0.28625
redemption:0.28525
creativity:0.28425
justice:0.28325
very good:0.2815
transformation:0.27875
overrated:0.2785
action:0.2785
bank robbery:0.2785
bad:0.2765
good dialogue:0.2765
family:0.2755
farce:0.27425
entirely dialogue:0.2725
cult film:0.26875
stupid:0.2685
lone hero:0.2685
dramatic:0.26825
so bad it's funny:0.26625
big budget:0.266
stupid as hell:0.264
mad scientist:0.26025
doctors:0.25875
talky:0.25675
very interesting:0.2565
excellent script:0.25425
alternate history:0.2485
