romantic comedy:0.9995
romantic:0.99775
chick flick:0.995
love story:0.98925
good romantic comedies:0.9865
happy ending:0.9865
romance:0.9755
girlie movie:0.969
sweet:0.95925
feel-good:0.923
cute!:0.91675
destiny:0.91525
cute:0.905
shopping:0.89675
sappy:0.882
internet:0.87025
feel good movie:0.85325
relationships:0.8225
predictable:0.79425
new york city:0.75775
good:0.72475
love:0.71075
sentimental:0.7055
books:0.704
catastrophe:0.70275
original:0.7005
fun:0.6915
remake:0.67
shallow:0.6375
great ending:0.6255
family:0.59525
unrealistic:0.57725
big budget:0.57675
fun movie:0.56025
great:0.5555
natural disaster:0.554
pg-13:0.55375
new york:0.54725
life philosophy:0.5365
light:0.52
heartwarming:0.5115
mentor:0.5105
dialogue:0.51
tear jerker:0.5095
beautiful scenery:0.49625
wedding:0.46975
comedy:0.46025
whimsical:0.44925
capitalism:0.44625
cheesy:0.44
better than expected:0.43075
single father:0.4205
stereotypes:0.401
not funny:0.40075
chase:0.397
overrated:0.3965
betrayal:0.3925
first contact:0.37725
story:0.37525
writers:0.375
product placement:0.36775
divorce:0.3665
women:0.358
entertaining:0.35775
honest:0.3505
fairy tale:0.3395
business:0.3375
adaptation:0.3365
culture clash:0.33225
runaway:0.32825
touching:0.32375
storytelling:0.31975
clever:0.3185
greed:0.31075
good soundtrack:0.30975
lone hero:0.30975
dog:0.307
good dialogue:0.30675
great movie:0.30125
transformation:0.30075
switching places:0.3
disaster:0.29825
witty:0.29775
manipulation:0.29475
plot:0.2945
passionate:0.293
very funny:0.28625
entirely dialogue:0.28425
unlikely friendships:0.28275
special effects:0.27975
brutality:0.27775
fantasy:0.2745
fashion:0.271
interracial romance:0.27
marriage:0.269
quirky:0.26125
funny:0.26
fantasy world:0.2585
literature:0.257
unfunny:0.25625
