criterion:0.8895
art:0.835
intellectual:0.82075
sexy:0.7705
pornography:0.741
talky:0.72775
relationships:0.6405
original:0.6335
sexual:0.60525
solitude:0.57325
reflective:0.559
enigmatic:0.5485
harsh:0.54175
melancholic:0.503
loneliness:0.50275
intimate:0.4975
light:0.4585
obsession:0.45725
suprisingly clever:0.4505
oscar (best foreign language film):0.42625
entirely dialogue:0.42525
catastrophe:0.42425
love triangles:0.421
philosophical:0.4145
narrated:0.4135
art house:0.407
culture clash:0.40675
not funny:0.38825
masterpiece:0.3865
runaway:0.38025
dialogue:0.3795
erotic:0.3735
mentor:0.3715
grindhouse:0.36975
nudity (full frontal - brief):0.366
life philosophy:0.3635
artistic:0.36075
so bad it's funny:0.359
french:0.3575
witty:0.34575
pretentious:0.3385
classic car:0.33575
weird:0.32775
cynical:0.32575
great ending:0.3235
male nudity:0.32075
golden palm:0.31825
meditative:0.31525
sexual abuse:0.30625
guilt:0.30225
morality:0.30175
brutality:0.296
tokyo:0.292
pointless:0.287
melancholy:0.285
disturbing:0.2835
unlikely friendships:0.283
ironic:0.28025
marriage:0.278
multiple storylines:0.276
artist:0.2755
passionate:0.27075
stand-up comedy:0.266
writers:0.2655
philosophy:0.26475
cinematography:0.25275
redemption:0.25225
good soundtrack:0.25025
storytelling:0.25
rio de janeiro:0.24825
spanish:0.24675
visually appealing:0.2465
bleak:0.24575
nudity (full frontal - notable):0.24
beautifully filmed:0.2385
secrets:0.238
holiday:0.23225
affectionate:0.22725
quirky:0.219
social commentary:0.2185
psychology:0.2185
weed:0.21775
women:0.217
overrated:0.215
friendship:0.2145
adaptation:0.21175
cult film:0.211
twists & turns:0.2095
story:0.208
satirical:0.20775
sex:0.20775
existentialism:0.20275
author:neil gaiman:0.1975
cerebral:0.19725
psychological:0.19675
unfunny:0.19375
lone hero:0.19375
downbeat:0.19225
splatter:0.19225
books:0.192
