talking animals:0.973
story:0.91825
animals:0.91625
childhood:0.83425
cute:0.8135
touching:0.78375
computer animation:0.77575
family:0.75875
original:0.726
adventure:0.72
cute!:0.70925
children:0.70625
birds:0.695
feel-good:0.6755
heartwarming:0.67375
animal movie:0.65075
dialogue:0.61425
kids and family:0.60175
kids:0.581
new jersey:0.5515
feel good movie:0.53475
sentimental:0.5285
predictable:0.50775
script:0.50675
whimsical:0.492
great ending:0.48475
happy ending:0.48125
great:0.48
sweet:0.47925
tear jerker:0.45425
mentor:0.44625
fantasy:0.43175
friendship:0.422
fun movie:0.41875
unlikely friendships:0.40225
catastrophe:0.397
quirky:0.386
runaway:0.37325
bittersweet:0.3715
life philosophy:0.36875
destiny:0.36675
good:0.3605
storytelling:0.35875
chase:0.355
pg:0.35475
adoption:0.352
culture clash:0.34875
fun:0.3425
lone hero:0.33475
special effects:0.334
clever:0.3285
animation:0.3235
courage:0.316
inspirational:0.3115
twist ending:0.30625
not funny:0.30625
first contact:0.3055
great acting:0.29825
overrated:0.295
fantasy world:0.28225
entertaining:0.28225
immigrants:0.27975
great movie:0.27775
redemption:0.27425
humorous:0.274
fight scenes:0.27225
brutality:0.2695
love story:0.26425
transformation:0.26375
road trip:0.26325
weapons:0.26275
bad plot:0.262
unfunny:0.25675
melancholic:0.252
entirely dialogue:0.24975
good action:0.2465
pornography:0.24525
bullying:0.2445
very funny:0.24375
adaptation:0.24125
silly fun:0.2405
stereotypes:0.23925
buddy movie:0.237
simple:0.235
police investigation:0.234
suprisingly clever:0.23375
so bad it's funny:0.232
good soundtrack:0.23025
vengeance:0.2295
nostalgic:0.2265
imdb top 250:0.22475
emotional:0.21975
great dialogue:0.21425
thought-provoking:0.21325
sci fi:0.2125
single father:0.2115
honest:0.209
nudity (full frontal - brief):0.20775
grindhouse:0.207
cinematography:0.206
