buddy movie:0.9115
view askew:0.90575
comedy:0.869
action:0.71475
funny:0.70725
so bad it's funny:0.68375
original:0.67725
predictable:0.66825
very funny:0.61075
dialogue:0.5955
crude humor:0.57225
police:0.56625
parody:0.54075
silly:0.52025
great ending:0.48475
unfunny:0.47925
bad acting:0.475
hilarious:0.474
goofy:0.4735
absurd:0.471
life philosophy:0.469
saturday night live:0.458
mentor:0.4515
coen bros:0.42525
baseball:0.422
brutality:0.41425
bad plot:0.41075
foul language:0.41
chase:0.4085
pg-13:0.40475
catastrophe:0.3815
plot:0.3785
funny as hell:0.3725
silly fun:0.37225
fight scenes:0.3695
storytelling:0.36775
shallow:0.36425
gangsters:0.363
good action:0.36275
story:0.3565
overrated:0.3475
police investigation:0.342
pornography:0.321
humor:0.317
franchise:0.31425
big budget:0.31325
entirely dialogue:0.31125
fantasy world:0.3075
detective:0.306
stereotypes:0.304
weed:0.304
stupid:0.30325
first contact:0.3025
redemption:0.3015
fun:0.30075
justice:0.29925
quirky:0.2985
disaster:0.2915
adaptation:0.29075
weapons:0.28625
car chase:0.28075
pointless:0.274
slapstick:0.2735
good soundtrack:0.27275
police corruption:0.27275
script:0.2685
bad:0.2665
lone hero:0.26325
runaway:0.261
bad script:0.25725
special effects:0.25175
humorous:0.25
ridiculous:0.24875
not funny:0.24875
jay and silent bob:0.243
male nudity:0.242
violence:0.242
stupid as hell:0.241
vengeance:0.2395
writers:0.23925
nocturnal:0.2385
better than expected:0.2385
action packed:0.23825
stupidity:0.233
twists & turns:0.2295
lame:0.2215
comic:0.22125
80s:0.22025
clever:0.2195
entertaining:0.21825
new jersey:0.21775
family drama:0.21675
imdb top 250:0.2155
brothers:0.215
sci fi:0.21475
light:0.2145
books:0.214
unlikeable characters:0.2135
harsh:0.21325
kidnapping:0.20925
