philosophical:0.9805
existentialism:0.94425
intellectual:0.927
philosophy:0.913
very interesting:0.907
life philosophy:0.89825
metaphysics:0.8825
talky:0.88075
reflective:0.87925
life & death:0.8685
criterion:0.849
meditative:0.8475
storytelling:0.84575
original:0.81625
intimate:0.8005
dialogue:0.79575
loneliness:0.79375
weird:0.78575
drinking:0.76925
friendship:0.7645
pretentious:0.75825
social commentary:0.745
enigmatic:0.74475
thought-provoking:0.71825
life:0.718
mentor:0.7
cerebral:0.6975
melancholic:0.6945
allegory:0.69075
visually appealing:0.68425
narrated:0.67675
poland:0.6755
relationships:0.6675
visual:0.652
interesting:0.624
good soundtrack:0.61725
unlikely friendships:0.6115
artistic:0.605
suprisingly clever:0.57025
creativity:0.5595
solitude:0.54475
golden palm:0.53025
first contact:0.53
imagination:0.52275
surreal:0.52175
art:0.51825
greed:0.51575
obsession:0.49875
childhood:0.48875
destiny:0.48725
complex:0.48625
transformation:0.485
independent film:0.4785
redemption:0.4775
imdb top 250:0.474
god:0.47025
radio:0.4665
entirely dialogue:0.4625
earnest:0.45975
humanity:0.45775
great ending:0.455
self discovery:0.45425
dialogue driven:0.45325
honest:0.44725
culture clash:0.44575
mad scientist:0.443
strange:0.44075
passionate:0.43475
breathtaking:0.434
character study:0.42675
great:0.42675
dreams:0.41975
paranoia:0.41775
catastrophe:0.4175
unique:0.41525
boring!:0.415
absurd:0.41275
fantasy world:0.41275
melancholy:0.40725
depression:0.406
eccentricity:0.40375
cult classic:0.4035
technology:0.4005
bittersweet:0.397
mental illness:0.3935
movielens top pick:0.392
story:0.38375
clever:0.38325
death:0.37875
artist:0.3765
quirky:0.37125
poignant:0.36625
cult film:0.36575
oscar (best directing):0.3655
unusual plot structure:0.35675
writers:0.352
artsy:0.352
intelligent:0.35075
visually stunning:0.34575
stylized:0.343
