latin america:0.9965
politics:0.9875
documentary:0.9705
political:0.969
oil:0.92725
corruption:0.903
president:0.88175
conspiracy:0.87925
propaganda:0.8735
intimate:0.86875
capitalism:0.868
revolution:0.86675
journalism:0.86125
greed:0.83225
idealism:0.80975
manipulation:0.80725
world politics:0.7765
free speech:0.735
fascism:0.7325
criterion:0.71875
oscar (best directing):0.6855
social commentary:0.675
interesting:0.66975
forceful:0.65225
culture clash:0.6495
thought-provoking:0.64725
factual:0.6465
history:0.63925
south america:0.63825
assassination:0.6345
honest:0.62525
pornography:0.6185
inspiring:0.6175
internet:0.61175
talky:0.60925
earnest:0.60875
secrets:0.60825
life philosophy:0.602
drinking:0.5995
narrated:0.59225
original:0.58975
movielens top pick:0.5755
business:0.5755
freedom:0.57275
artistic:0.56425
us history:0.563
excellent script:0.562
dramatic:0.56075
good:0.56075
mentor:0.55475
irish:0.55375
foreign:0.54475
passionate:0.53925
oscar (best actress):0.53875
california:0.53175
middle east:0.5275
classic car:0.52525
very interesting:0.52425
golden palm:0.52225
brainwashing:0.51975
communism:0.518
investigation:0.5175
historical:0.51275
secret service:0.5115
downbeat:0.511
free to download:0.5105
radio:0.50875
good soundtrack:0.506
brutality:0.50525
runaway:0.5005
censorship:0.49925
enigmatic:0.49875
suprisingly clever:0.49125
justice:0.4905
adapted from:book:0.48875
argentina:0.48775
iraq war:0.48425
melancholic:0.4825
biographical:0.481
oscar (best supporting actress):0.4725
depression:0.47
harsh:0.46825
poverty:0.45725
moral ambiguity:0.444
artist:0.43525
obsession:0.43275
life & death:0.4325
british:0.42875
ethnic conflict:0.42725
courage:0.42475
mental illness:0.4245
poignant:0.42425
compassionate:0.412
amazing photography:0.41
intellectual:0.4095
betrayal:0.409
indie:0.40275
based on book:0.40175
cynical:0.4015
catastrophe:0.40125
