murder mystery:0.97675
serial killer:0.92775
murder:0.898
vietnam war:0.89725
wartime:0.893
investigation:0.79325
cult film:0.78775
nudity (topless):0.77775
vietnam:0.75075
pornography:0.734
moral ambiguity:0.69925
original:0.6935
thriller:0.68475
police investigation:0.66425
detective:0.6635
war:0.638
nudity (full frontal - brief):0.61775
crime:0.6095
chase:0.58425
prostitution:0.56875
family:0.562
sexual:0.54875
psychological:0.5215
police:0.5165
brutal:0.5155
absurd:0.514
tense:0.503
dialogue:0.50225
politics:0.5015
nudity (topless - notable):0.49675
disturbing:0.49275
runaway:0.4785
justice:0.4535
brutality:0.45225
plot:0.44375
catastrophe:0.44375
drama:0.44325
culture clash:0.44225
identity:0.4365
life & death:0.43175
predictable:0.4255
redemption:0.42375
not funny:0.4235
military:0.4105
paranoid:0.40775
fantasy world:0.404
great ending:0.403
war movie:0.3975
mentor:0.39575
violence:0.38875
road movie:0.386
guilt:0.38375
melancholic:0.38
revenge:0.373
nudity (full frontal - notable):0.365
sexy:0.36325
insanity:0.356
adaptation:0.35175
suspense:0.35025
silly fun:0.35
corruption:0.3395
very interesting:0.3395
goofy:0.33925
criterion:0.338
talky:0.333
good action:0.331
visually appealing:0.3285
satire:0.327
irish accent:0.32375
bdsm:0.3195
lone hero:0.3145
storytelling:0.31325
gay character:0.30925
jungle:0.309
quirky:0.306
good soundtrack:0.3045
stylized:0.3
camp:0.29975
weird:0.29925
enigmatic:0.299
harsh:0.296
cute!:0.2935
sexualized violence:0.29325
gritty:0.29275
australia:0.29125
mystery:0.29125
george orwell:0.28975
bad plot:0.289
destiny:0.2875
franchise:0.28575
male nudity:0.28275
screwball:0.2815
california:0.2805
based on a play:0.28025
vengeance:0.27875
erotic:0.278
based on book:0.278
entirely dialogue:0.27675
violent:0.2745
queer:0.27375
