western:0.99125
gunfight:0.9715
great acting:0.90325
oscar (best supporting actor):0.903
original:0.89925
violent:0.884
redemption:0.84075
visually appealing:0.83575
remake:0.827
moral ambiguity:0.82625
civil war:0.82575
good:0.823
vengeance:0.81825
imdb top 250:0.81175
violence:0.8085
great ending:0.8065
intense:0.80425
storytelling:0.78425
cinematography:0.7755
good acting:0.77025
tense:0.76475
mentor:0.7605
corruption:0.75975
oscar (best directing):0.74575
anti-hero:0.7365
greed:0.736
action:0.73425
great movie:0.731
complex:0.7305
story:0.72925
justice:0.72875
sacrifice:0.72725
good soundtrack:0.72225
realistic:0.72175
brutality:0.7215
harsh:0.72025
dialogue:0.7115
interesting:0.7055
suspense:0.705
destiny:0.70275
very good:0.685
dramatic:0.67125
gangs:0.66925
survival:0.667
complex characters:0.66575
chase:0.6605
plot:0.654
revenge:0.652
fast paced:0.65175
based on a book:0.65175
drama:0.65175
excellent script:0.64825
pg-13:0.64575
original plot:0.6435
good versus evil:0.64225
action packed:0.64
oscar:0.63975
prison escape:0.6285
betrayal:0.62625
hitman:0.6155
forceful:0.6135
twists & turns:0.6115
murder:0.61075
great:0.60125
realistic action:0.595
social commentary:0.59075
character study:0.5895
guns:0.58275
talky:0.582
weapons:0.57925
oscar winner:0.57925
runaway:0.5785
downbeat:0.57775
gritty:0.5695
allegory:0.56675
honest:0.56425
courage:0.563
powerful ending:0.55925
grim:0.557
brutal:0.55375
classic:0.54925
excellent:0.5465
unlikely friendships:0.54625
culture clash:0.541
dark:0.54025
psychology:0.538
friendship:0.535
morality:0.53325
plot twist:0.53175
exceptional acting:0.53025
desert:0.52975
clever:0.52275
cool:0.51325
drinking:0.5105
stylized:0.50925
dark hero:0.50875
psychological:0.50425
absurd:0.497
great cinematography:0.49375
transformation:0.4915
