80s:0.87075
bad acting:0.799
teen movie:0.7885
original:0.7565
1980s:0.69275
predictable:0.667
fantasy world:0.664
pornography:0.662
teen:0.6505
horrible:0.63775
fun movie:0.63375
so bad it's funny:0.6085
teenager:0.589
mentor:0.57
good soundtrack:0.5605
bad:0.558
fashion:0.5575
great ending:0.5505
dialogue:0.54475
college:0.53425
writers:0.52875
pointless:0.5235
life & death:0.51775
life philosophy:0.50925
melancholic:0.50425
comedy:0.49125
romantic:0.4905
romance:0.48975
bad plot:0.488
disaster:0.4855
feel-good:0.479
silly:0.4755
runaway:0.47525
stereotypes:0.468
light:0.464
happy ending:0.46125
teens:0.45775
california:0.4565
high school:0.4545
adaptation:0.453
feel good movie:0.448
nudity (full frontal - notable):0.4425
nostalgia:0.43975
cult film:0.43625
school:0.43375
fight scenes:0.42975
fun:0.4295
goofy:0.4275
brutality:0.42525
sexy:0.425
overrated:0.41575
quirky:0.41025
lame:0.4085
virginity:0.40775
catastrophe:0.4035
family:0.40175
entirely dialogue:0.401
first contact:0.40075
storytelling:0.39225
very interesting:0.3885
teenagers:0.387
shallow:0.38475
cult classic:0.37325
silly fun:0.37275
grindhouse:0.36475
great soundtrack:0.36375
existentialism:0.3595
nudity (topless - notable):0.34575
bad script:0.34275
boring:0.3415
sex:0.339
humorous:0.338
redemption:0.334
unfunny:0.33325
atheism:0.32975
dysfunctional family:0.32725
very funny:0.327
sexualized violence:0.32625
visually appealing:0.324
sex comedy:0.32025
splatter:0.3185
twists & turns:0.318
stoner movie:0.31725
sci fi:0.31325
dreamlike:0.311
weird:0.30925
coming-of-age:0.3085
fantasy:0.30625
weapons:0.30325
criterion:0.298
remake:0.298
cool:0.29725
ridiculous:0.29575
cheesy:0.2955
awesome soundtrack:0.293
absurd:0.2895
based on a book:0.2895
lone hero:0.28875
gangsters:0.2885
not funny:0.288
