video game adaptation:0.998
based on a video game:0.99475
splatter:0.9775
video game:0.96975
computer game:0.96525
videogame:0.95275
zombies:0.95
horrible:0.9345
so bad it's funny:0.933
bad acting:0.929
zombie:0.90775
idiotic:0.894
bad plot:0.89325
predictable:0.88275
pointless:0.882
nudity (topless - notable):0.858
lame:0.84775
original:0.82175
bad:0.8015
awful:0.79125
horror:0.7525
stupid:0.747
action:0.721
camp:0.719
weapons:0.714
nudity (topless):0.68325
fight scenes:0.63275
cheesy:0.6275
overrated:0.624
violence:0.6215
family:0.61525
cult film:0.61075
adapted from:game:0.604
dialogue:0.57775
sci fi:0.563
special effects:0.55975
campy:0.558
stupid as hell:0.55575
ridiculous:0.54575
disaster:0.54125
death:0.53525
bad script:0.535
island:0.524
bad cgi:0.51975
shallow:0.518
fun:0.51575
adaptation:0.51525
writers:0.514
teens:0.5105
sci-fi:0.50975
fantasy:0.50625
virus:0.50375
teen movie:0.4945
action packed:0.49275
mad scientist:0.489
great ending:0.4865
stupidity:0.4825
scary:0.48225
mentor:0.47675
first contact:0.4745
entirely dialogue:0.462
so bad it's good:0.455
fantasy world:0.45075
suspense:0.441
life & death:0.44025
pulp:0.43925
video games:0.432
catastrophe:0.4315
brutality:0.42925
teen:0.4265
plot holes:0.426
franchise:0.423
goofy:0.42225
stereotypes:0.42125
boring:0.421
redemption:0.42025
cult classic:0.41875
destiny:0.4175
silly:0.41325
not funny:0.41275
scifi:0.4125
satirical:0.4095
monsters:0.4035
sexy:0.40075
good action:0.39725
storytelling:0.39225
based on a book:0.39025
quirky:0.38975
nocturnal:0.38925
passionate:0.385
humorous:0.38275
fun movie:0.38175
melancholic:0.37825
cool:0.37775
animals:0.3765
remake:0.37425
good soundtrack:0.37175
story:0.36475
life philosophy:0.36375
big budget:0.36225
