awesome soundtrack:0.91325
comedy:0.8895
weird:0.8175
drugs:0.78975
quotable:0.7865
original:0.76075
funny:0.755
obsession:0.739
irreverent:0.73475
hilarious:0.7075
great:0.7045
satire:0.69675
funny as hell:0.679
very funny:0.63275
great ending:0.623
cult classic:0.61675
absurd:0.61575
based on a tv show:0.614
cancer:0.59975
foul language:0.59375
great movie:0.5795
good soundtrack:0.549
dialogue:0.54175
insanity:0.537
surreal:0.533
humorous:0.52875
satirical:0.51375
pornography:0.50875
social commentary:0.49575
depression:0.4955
off-beat comedy:0.49375
saturday night live:0.46475
hillarious:0.4565
humor:0.45325
life philosophy:0.44225
cult film:0.441
mentor:0.4385
nostalgic:0.43375
vengeance:0.4235
crime gone awry:0.423
complex:0.42225
weed:0.4185
series:0.416
catastrophe:0.4145
sarcasm:0.4065
excellent script:0.40375
harsh:0.4005
clever:0.39775
affectionate:0.38575
brutality:0.38075
talky:0.379
entirely dialogue:0.37275
male nudity:0.37175
great soundtrack:0.37175
cult:0.37025
crude humor:0.369
criterion:0.3645
gay:0.36
storytelling:0.35975
spoof:0.35675
fantasy world:0.3545
dark hero:0.35325
visually appealing:0.35075
adaptation:0.35025
drinking:0.3465
highly quotable:0.34075
stylized:0.3405
addiction:0.3395
runaway:0.33475
television:0.332
enigmatic:0.32925
parody:0.329
dark humor:0.326
quirky:0.3255
creativity:0.32325
redemption:0.32075
fight scenes:0.3195
cerebral:0.317
sexualized violence:0.31675
comic:0.31575
thought-provoking:0.31575
existentialism:0.3145
melancholic:0.31275
life & death:0.31025
fun movie:0.30475
nudity (full frontal - brief):0.299
adapted from:book:0.29575
drug abuse:0.2945
firefly:0.29375
suprisingly clever:0.2915
imdb top 250:0.29125
police investigation:0.29025
gangsters:0.28875
goofy:0.2835
culture clash:0.283
movielens top pick:0.2825
light:0.28
unfunny:0.27875
unusual plot structure:0.2735
doctors:0.26875
