single father:0.99125
disability:0.9815
touching:0.98075
father daughter relationship:0.98025
love:0.91925
feel-good:0.902
great acting:0.86375
lawyer:0.85475
emotional:0.8535
good:0.8345
heartwarming:0.827
sentimental:0.82225
homeless:0.803
feel good movie:0.7885
happy ending:0.78275
tear jerker:0.763
parenthood:0.7405
sappy:0.73425
oscar:0.73225
mentor:0.726
good soundtrack:0.7205
sad but good:0.71525
unrealistic:0.7145
sweet:0.709
lawyers:0.70875
destiny:0.6985
original:0.697
dramatic:0.69175
courtroom:0.6855
drama:0.67275
justice:0.66425
mental illness:0.6635
great ending:0.64025
manipulation:0.62375
good acting:0.6205
great:0.603
excellent:0.59
oscar (best actress):0.5755
catastrophe:0.55975
life philosophy:0.55875
inspirational:0.55025
girlie movie:0.5295
autism:0.52775
pg-13:0.52625
love story:0.5225
redemption:0.5165
story:0.51225
oscar (best supporting actress):0.50575
bittersweet:0.503
earnest:0.4895
sad:0.4855
honest:0.48025
adoption:0.4775
excellent script:0.477
hospital:0.47575
heartbreaking:0.4695
life:0.46925
compassionate:0.464
oscar winner:0.462
oscar (best actor):0.4565
family:0.45325
relationships:0.432
exceptional acting:0.431
fighting the system:0.431
great movie:0.4295
life & death:0.42775
based on true story:0.42175
runaway:0.4205
based on a true story:0.41675
transformation:0.41625
storytelling:0.413
prejudice:0.412
culture clash:0.411
courage:0.41
corruption:0.40825
beautiful scenery:0.38775
psychiatry:0.3855
very good:0.38525
plot:0.38375
predictable:0.38125
interesting:0.37775
friendship:0.37725
intense:0.37375
oscar (best directing):0.37325
underdog:0.373
depression:0.37225
inspiring:0.36975
romantic comedy:0.3625
police investigation:0.35975
childhood:0.358
unlikely friendships:0.354
sacrifice:0.353
doctors:0.35175
blindness:0.34025
psychology:0.34025
special:0.33975
tragedy:0.339
chick flick:0.333
divorce:0.32825
not funny:0.328
