computer animation:0.963
animation:0.93575
talking animals:0.9295
shakespeare:0.8805
cute:0.812
original:0.796
cartoon:0.7855
kids:0.74775
family:0.74425
cute!:0.73825
animated:0.73075
children:0.71475
kids and family:0.714
fun movie:0.7035
predictable:0.671
story:0.67025
3d:0.649
fun:0.64025
girlie movie:0.6375
happy ending:0.6265
fairy tale:0.61075
animals:0.60675
bad plot:0.60375
watch the credits:0.57075
adaptation:0.53675
music:0.53375
entertaining:0.5235
disney:0.498
colourful:0.48625
love story:0.4695
mentor:0.464
crude humor:0.461
great ending:0.45275
dialogue:0.446
catastrophe:0.44325
clever:0.43675
silly fun:0.434
adapted from:book:0.43125
adventure:0.427
pg-13:0.40825
racing:0.4015
natural disaster:0.4005
storytelling:0.39275
good:0.391
overrated:0.38725
silly:0.38375
so bad it's funny:0.378
very funny:0.375
toys:0.365
romance:0.36225
shallow:0.361
slapstick:0.35975
destiny:0.354
life philosophy:0.35375
comedy:0.35225
teen movie:0.349
original plot:0.34475
fantasy world:0.343
fight scenes:0.3405
betrayal:0.3395
tragedy:0.3385
goofy:0.333
big budget:0.3325
twist ending:0.32675
good soundtrack:0.32675
childhood:0.326
good versus evil:0.3225
runaway:0.32225
first contact:0.316
race:0.30975
not funny:0.30875
funny:0.306
great:0.3035
visually appealing:0.30125
culture clash:0.3005
visuals:0.29775
revenge:0.297
unfunny:0.29575
stereotypes:0.29125
quirky:0.29075
redemption:0.2835
boring:0.283
romantic:0.28275
good music:0.28275
imdb top 250:0.28075
pornography:0.27875
chase:0.276
lone hero:0.27
disaster:0.2675
action packed:0.26225
melancholic:0.252
cgi:0.24875
visually stunning:0.24675
feel-good:0.246
brutality:0.244
entirely dialogue:0.24325
writers:0.24025
action:0.23975
fantasy:0.23825
death:0.238
