politics:0.9915
political:0.97375
president:0.90975
documentary:0.8525
very interesting:0.83375
intimate:0.8295
life philosophy:0.82675
israel:0.80825
propaganda:0.73925
corruption:0.71525
manipulation:0.68
narrated:0.62375
business:0.575
drinking:0.564
original:0.558
world politics:0.55375
free to download:0.54525
brainwashing:0.5285
betrayal:0.51675
criterion:0.5085
melancholic:0.50775
assassination:0.50525
oil:0.49975
pornography:0.496
enigmatic:0.487
capitalism:0.48525
biting:0.4755
culture clash:0.4645
male nudity:0.46175
talky:0.46025
weird:0.4505
controversial:0.4505
guilt:0.4465
visually appealing:0.4465
texas:0.43525
mentor:0.42325
great:0.419
arms dealer:0.417
witty:0.4035
journalism:0.3945
catastrophe:0.392
independent film:0.39125
insanity:0.36325
stylized:0.36325
cerebral:0.3615
aardman studios:0.35225
movielens top pick:0.34975
paranoid:0.34825
prejudice:0.3465
spelling bee:0.34575
not funny:0.34225
unusual plot structure:0.3405
revolution:0.34025
adapted from:book:0.3395
dialogue:0.336
classic car:0.333
breathtaking:0.32625
ironic:0.32375
islam:0.32125
murder mystery:0.31925
humorous:0.318
existentialism:0.3135
addiction:0.31075
idealism:0.30725
bowling:0.30675
adaptation:0.299
segregation:0.299
mental illness:0.295
obsession:0.29425
storytelling:0.29375
reflective:0.29025
suprisingly clever:0.29
kick-butt women:0.284
corporate america:0.28275
quirky:0.282
underrated:0.2795
potential oscar nom:0.27875
nudity (full frontal - brief):0.2785
satirical:0.27725
visual:0.2715
vigilantism:0.269
gunfight:0.266
art:0.2645
psychiatry:0.261
internet:0.25925
fun movie:0.25675
sexy:0.25375
entirely dialogue:0.25325
lone hero:0.2505
entertaining:0.24975
family drama:0.24825
revenge:0.24825
glbt:0.24575
childhood:0.2455
vengeance:0.24225
fight scenes:0.24225
fighting the system:0.24075
censorship:0.24075
interesting:0.23875
social commentary:0.23575
