documentary:0.9225
very interesting:0.899
original:0.86175
fun movie:0.854
brutality:0.83425
pornography:0.831
intimate:0.8205
interesting:0.806
obsession:0.7995
independent film:0.78975
greed:0.77975
stylish:0.75375
complex:0.75125
geeks:0.74825
violence:0.74675
gangsters:0.70625
tarantino:0.7005
splatter:0.6995
chase:0.68725
pulp:0.682
grindhouse:0.6765
vengeance:0.67
goretastic:0.66075
bloody:0.65975
weird:0.6545
entertaining:0.654
beer:0.65375
talky:0.65325
blaxploitation:0.65225
eccentricity:0.62425
silly fun:0.62175
natural disaster:0.615
spelling bee:0.615
alter ego:0.60775
clever:0.606
melancholic:0.6035
dark hero:0.5985
alternate endings:0.5955
screwball:0.59525
corruption:0.59325
runaway:0.59325
sexualized violence:0.59075
nudity (full frontal - brief):0.5885
stylized:0.58425
nudity (topless):0.57975
fantasy world:0.5695
suspense:0.569
light:0.56625
gay character:0.561
twists & turns:0.55575
great ending:0.52975
crime:0.522
affectionate:0.519
highly quotable:0.51075
narrated:0.5075
quirky:0.507
unusual plot structure:0.50375
movielens top pick:0.501
mentor:0.496
satire:0.49575
cult:0.48825
storytelling:0.4835
business:0.481
multiple storylines:0.48075
sexy:0.48025
adaptation:0.47975
cult classic:0.47475
manipulation:0.474
corporate america:0.47225
nudity (topless - notable):0.47
whimsical:0.46775
dysfunctional family:0.4675
fun:0.4605
harsh:0.45875
blood:0.4545
police investigation:0.44875
censorship:0.44775
macabre:0.44475
gangster:0.44475
goofy:0.44375
violent:0.44275
creepy:0.44175
honest:0.43625
parallel universe:0.4345
good soundtrack:0.43225
parody:0.43125
nudity:0.431
amazing photography:0.43025
loneliness:0.43
insanity:0.42825
good:0.42725
family:0.42675
drinking:0.42625
police corruption:0.424
hit men:0.42225
very good:0.42
awesome soundtrack:0.42
criterion:0.41925
witty:0.41875
great movie:0.418
