literary adaptation:0.963
based on a book:0.898
love story:0.8975
nudity (full frontal - notable):0.88975
adapted from:book:0.82375
nudity (topless - notable):0.82375
beautifully filmed:0.82225
cinematography:0.79175
tragedy:0.75875
adaptation:0.74875
loneliness:0.72825
original:0.72
heartbreaking:0.70375
literature:0.68375
nudity (full frontal):0.6775
beautiful scenery:0.66
love:0.6575
period piece:0.64675
passionate:0.644
stunning:0.623
mentor:0.61925
romance:0.61325
melancholic:0.5965
visually appealing:0.59575
19th century:0.5815
books:0.58
intellectual:0.56075
brutality:0.56
enigmatic:0.55825
relationships:0.555
beautiful:0.55175
male nudity:0.5235
good soundtrack:0.51275
distopia:0.50375
based on book:0.5035
melancholy:0.503
marriage:0.49325
obsession:0.484
england:0.4805
intimate:0.474
colourful:0.46825
dramatic:0.46775
writers:0.4675
sexualized violence:0.46725
life & death:0.464
destiny:0.4535
great cinematography:0.4525
great ending:0.448
australia:0.4465
happy ending:0.44475
reflective:0.43875
catastrophe:0.43675
bleak:0.428
book:0.422
criterion:0.4205
twists & turns:0.41975
suprisingly clever:0.418
childhood:0.41475
art:0.41125
romantic:0.40575
interesting:0.405
harsh:0.39975
disturbing:0.39825
book was better:0.392
erotic:0.39075
notable nudity:0.39025
emotional:0.39025
life philosophy:0.38525
costume drama:0.384
pornography:0.38025
poignant:0.37675
visually stunning:0.37575
depression:0.37575
sexy:0.36625
oscar (best supporting actress):0.366
transformation:0.36375
betrayal:0.36025
stylized:0.35225
not funny:0.35225
dreams:0.35025
culture clash:0.3485
scenic:0.3475
storytelling:0.34575
talky:0.34475
grindhouse:0.34425
oscar (best directing):0.34025
dialogue:0.34025
imagination:0.34
great:0.33725
manipulation:0.33425
drinking:0.32125
adultery:0.3205
classic car:0.31625
death:0.315
cerebral:0.31475
runaway:0.31175
golden palm:0.3045
british:0.301
drama:0.2965
justice:0.296
