based on a book:0.98525
imagination:0.976
fantasy:0.97475
fantasy world:0.96875
bullying:0.93725
children:0.9075
based on book:0.90575
childhood:0.89025
friendship:0.8715
unlikely friendships:0.8705
magic:0.861
death:0.81175
touching:0.781
original:0.7655
adapted from:book:0.7585
mentor:0.73575
sad:0.733
life philosophy:0.7215
books:0.7205
story:0.7065
kids:0.681
fairy tale:0.6565
sad but good:0.6545
alone in the world:0.64375
life & death:0.63325
whimsical:0.633
storytelling:0.63025
adolescence:0.62225
destiny:0.62225
good soundtrack:0.6205
great ending:0.61925
visually stunning:0.6125
sentimental:0.5905
runaway:0.58925
bittersweet:0.57825
coming of age:0.57825
heartwarming:0.57075
teacher:0.56475
heartbreaking:0.56175
pg-13:0.561
school:0.55825
family:0.55775
tragedy:0.546
adventure:0.545
emotional:0.54075
alternate reality:0.5345
pg:0.53275
dark fantasy:0.5325
fairy tales:0.5305
special effects:0.516
kids and family:0.50775
great:0.5025
tear jerker:0.4975
adaptation:0.49425
good:0.4935
coming-of-age:0.49225
book was better:0.47125
catastrophe:0.4675
witches:0.46525
better than expected:0.4615
feel-good:0.4585
sacrifice:0.448
book:0.4455
drama:0.44125
weird:0.43925
great acting:0.43775
creativity:0.43275
transformation:0.4305
witch:0.42475
loneliness:0.42275
life:0.42025
allegory:0.4105
happy ending:0.40725
dialogue:0.4055
harsh:0.40425
nostalgic:0.394
writers:0.38725
dramatic:0.38525
redemption:0.38475
powerful ending:0.37975
inspirational:0.37775
feel good movie:0.3675
teen:0.365
visually appealing:0.3605
high fantasy:0.35975
family drama:0.3595
distopia:0.353
depression:0.34875
chocolate:0.3355
fun movie:0.3325
dragons:0.32875
girlie movie:0.3255
brutality:0.32525
teen movie:0.32275
culture clash:0.3225
small town:0.3195
modern fantasy:0.318
melancholic:0.318
computer animation:0.31775
good acting:0.3175
