based on a play:0.99625
talky:0.8795
criterion:0.826
oscar (best actress):0.816
fun movie:0.81325
classic:0.80725
original:0.80525
oscar (best directing):0.7895
dramatic:0.77225
great:0.73975
great movie:0.73575
black and white:0.69775
oscar (best supporting actress):0.69075
oscar (best actor):0.685
nocturnal:0.67425
french:0.64925
intimate:0.6235
adaptation:0.62125
runaway:0.57675
dark hero:0.57625
suspense:0.5705
gunfight:0.564
wartime:0.55175
very interesting:0.548
drama:0.5445
greed:0.537
swashbuckler:0.53175
movielens top pick:0.5245
interesting:0.50825
corruption:0.50325
grindhouse:0.499
obsession:0.4985
melancholic:0.49725
great ending:0.49225
relationships:0.48125
love:0.47975
dialogue:0.47825
silent:0.47125
witty:0.4685
oscar:0.461
earnest:0.4565
great acting:0.45475
amazing photography:0.45425
oscar (best picture):0.453
complex:0.4515
love story:0.44625
mentor:0.44475
complex characters:0.4435
france:0.4425
crime gone awry:0.43625
melancholy:0.4325
culture clash:0.4315
unusual plot structure:0.43
passionate:0.4285
literature:0.426
sword fight:0.426
friendship:0.423
male nudity:0.417
excellent:0.405
twists & turns:0.4035
nudity (full frontal - brief):0.40225
broadway:0.399
atmospheric:0.398
19th century:0.3975
colourful:0.3945
suprisingly clever:0.3945
golden palm:0.39325
not funny:0.3915
catastrophe:0.389
creepy:0.38425
macabre:0.38125
brutality:0.37975
costume drama:0.3755
intellectual:0.37475
oscar winner:0.37475
entirely dialogue:0.3735
dialogue driven:0.36625
shakespeare:0.3625
claustrophobic:0.359
very good:0.35875
clever:0.35775
redemption:0.35475
identity:0.3505
good acting:0.34975
oscar (best supporting actor):0.3435
vengeance:0.3435
court:0.343
loneliness:0.343
artistic:0.34225
betrayal:0.341
poetry:0.3405
1920s:0.334
affectionate:0.33375
gothic:0.329
classic car:0.32825
imdb top 250:0.328
sexy:0.3265
poker:0.32525
harsh:0.32425
romantic:0.324
