coming of age:0.97
drugs:0.95575
adolescence:0.95125
good soundtrack:0.92775
unlikely friendships:0.92075
indie:0.91825
friendship:0.916
relationships:0.91
homophobia:0.909
gay:0.89475
lesbian:0.87125
pornography:0.829
drug abuse:0.81675
teen movie:0.79125
coming-of-age:0.78475
social commentary:0.775
love:0.7495
character study:0.73275
runaway:0.7295
male nudity:0.717
teen:0.71225
sexuality:0.70475
melancholic:0.704
great acting:0.6975
homosexuality:0.694
nudity (topless - notable):0.693
obsession:0.6845
depression:0.68375
original:0.681
nudity (topless):0.67825
teenagers:0.67075
murder:0.66325
teenager:0.6625
loneliness:0.6525
glbt:0.65225
gay character:0.638
violent:0.63675
violence:0.6335
intimate:0.63025
very interesting:0.627
independent film:0.6225
realistic:0.6135
sexual:0.6115
pg-13:0.61075
gritty:0.6015
rock and roll:0.5995
new york:0.59825
teens:0.5705
bittersweet:0.56275
queer:0.555
sexualized violence:0.55175
drinking:0.54625
depressing:0.54025
criterion:0.52925
school:0.5265
sad:0.51975
women:0.5195
great ending:0.51625
catastrophe:0.51375
disturbing:0.5115
downbeat:0.5095
psychology:0.5095
harsh:0.50725
brutal:0.50625
addiction:0.5015
gangs:0.499
visually appealing:0.49775
talky:0.49675
betrayal:0.49475
awesome soundtrack:0.4925
corruption:0.491
writers:0.4885
california:0.4875
new jersey:0.482
mentor:0.48125
brutality:0.4765
tragedy:0.4765
dialogue:0.47125
drama:0.46725
mental illness:0.466
gangsters:0.45975
nocturnal:0.44825
sexy:0.4455
interesting:0.44225
new york city:0.44
psychological:0.43775
life philosophy:0.43575
prejudice:0.43075
bullying:0.42975
great:0.428
thought-provoking:0.423
passionate:0.41875
weird:0.41475
hard to watch:0.41175
suspense:0.40875
narrated:0.4075
death:0.405
nudity (full frontal - notable):0.39925
dysfunctional family:0.396
stylized:0.38775
