dystopic future:0.9995
fighting the system:0.99325
futuristic:0.99
imagination:0.98475
visually stunning:0.98425
surreal:0.983
future:0.97875
dreams:0.9775
visually appealing:0.9775
visual:0.975
dystopia:0.97475
criterion:0.97375
cerebral:0.9685
gilliam:0.96825
weird:0.9635
dark humor:0.95975
absurd:0.95775
dark fantasy:0.95575
imdb top 250:0.94125
original:0.9305
surrealism:0.9215
complex:0.911
satirical:0.903
hallucinatory:0.9025
insanity:0.901
masterpiece:0.89975
dark:0.89775
fantasy world:0.89675
storytelling:0.86625
dreamlike:0.863
enigmatic:0.85825
stylized:0.85525
distopia:0.8495
surveillance:0.84675
fantasy:0.845
workplace:0.84275
cult classic:0.836
alternate reality:0.8255
science fiction:0.8185
obsession:0.81375
allegory:0.811
utopia:0.803
technology:0.79625
bizarre:0.793
paranoid:0.7885
complicated:0.78625
thought-provoking:0.78175
atmospheric:0.777
satire:0.773
social commentary:0.7625
coen bros:0.76
alone in the world:0.7545
existentialism:0.747
great ending:0.744
mindfuck:0.7315
quirky:0.71925
sci fi:0.7185
stunning:0.71775
creativity:0.71525
cyberpunk:0.69425
melancholic:0.691
cinematography:0.6885
bleak:0.68625
parallel universe:0.68275
strange:0.67125
philosophy:0.66425
dark comedy:0.66025
black comedy:0.65825
cult film:0.64925
visuals:0.64875
breathtaking:0.64825
scifi:0.64725
interesting:0.641
narrated:0.63925
unusual plot structure:0.637
rebellion:0.6335
george orwell:0.62725
golden palm:0.62725
reflective:0.62425
beautifully filmed:0.61825
loneliness:0.6155
nocturnal:0.60875
sci-fi:0.6085
beautiful scenery:0.60625
paranoia:0.605
melancholy:0.60475
whimsical:0.6025
clever:0.60225
greed:0.60025
first contact:0.59925
perfect:0.5985
original plot:0.59775
story:0.5935
mother-son relationship:0.59325
disturbing:0.59
colourful:0.5895
talky:0.58725
long:0.58475
twists & turns:0.584
life philosophy:0.5815
