psychology:0.986
insanity:0.98125
psychological:0.97375
claustrophobic:0.972
criterion:0.97175
sexual abuse:0.94225
paranoia:0.93975
disturbing:0.9375
loneliness:0.933
paranoid:0.90775
psychiatry:0.9075
sisters:0.90075
enigmatic:0.8985
ominous:0.894
obsession:0.894
tense:0.8915
visceral:0.881
eerie:0.8805
creepy:0.88025
rape:0.8785
weird:0.84875
sexual:0.8425
atmospheric:0.83075
bleak:0.825
cinematography:0.81475
masterpiece:0.813
black and white:0.7975
surreal:0.78125
mental illness:0.77525
original:0.765
character study:0.7475
art house:0.7455
reflective:0.736
violent:0.71775
golden palm:0.71325
meditative:0.71
isolation:0.70075
talky:0.69675
dark:0.67975
suspense:0.6735
grim:0.671
macabre:0.6695
intimate:0.66675
dreamlike:0.642
noir thriller:0.637
cerebral:0.63625
melancholic:0.63475
visual:0.631
secrets:0.629
pornography:0.629
frightening:0.6195
social commentary:0.61925
vengeance:0.6185
photography:0.61775
thriller:0.6175
dark fantasy:0.61375
violence:0.61175
police investigation:0.609
sexy:0.60275
imdb top 250:0.6025
runaway:0.6015
cult classic:0.59575
hallucinatory:0.591
grindhouse:0.5885
melancholy:0.58725
sexualized violence:0.573
oscar (best actress):0.5725
downbeat:0.57125
brutality:0.56625
good soundtrack:0.566
suspenseful:0.56075
intense:0.5595
great ending:0.55775
breathtaking:0.55375
slow:0.5515
guilt:0.54925
moody:0.5475
harsh:0.54475
storytelling:0.5445
serial killer:0.54075
murder:0.5355
dialogue:0.5325
solitude:0.52925
interesting:0.51775
relationships:0.51625
stylized:0.51125
strange:0.51025
visually appealing:0.5095
complex:0.50075
cult film:0.49875
eccentricity:0.49475
slow paced:0.49275
very interesting:0.4925
twists & turns:0.4765
surrealism:0.4665
voyeurism:0.4655
adapted from:book:0.46325
narrated:0.46175
sexuality:0.46175
unusual plot structure:0.45875
