prison escape:0.9245
drinking:0.8975
mentor:0.876
character study:0.86875
imdb top 250:0.868
bleak:0.866
prison:0.86125
great acting:0.8445
oscar (best directing):0.837
1970s:0.8015
original:0.7995
compassionate:0.7925
social commentary:0.7895
harsh:0.78525
forceful:0.77225
oscar (best actress):0.772
poignant:0.77125
drama:0.76875
unlikely friendships:0.7685
good soundtrack:0.7675
grim:0.7445
criterion:0.744
realistic:0.7385
crime:0.7275
runaway:0.72225
reflective:0.70875
violent:0.708
tense:0.707
corruption:0.7045
crime gone awry:0.69425
loneliness:0.69375
melancholy:0.69175
golden palm:0.69
dramatic:0.6895
friendship:0.6875
talky:0.68025
interesting:0.6745
storytelling:0.664
gunfight:0.65825
foul language:0.65025
justice:0.6485
transformation:0.6465
classic:0.6455
oscar (best supporting actress):0.64525
great movie:0.644
coming of age:0.641
dialogue:0.63575
beer:0.635
fighting the system:0.62425
gritty:0.624
oscar (best supporting actor):0.6175
bittersweet:0.61725
depression:0.613
cynical:0.6115
great ending:0.6095
downbeat:0.6075
coming-of-age:0.606
brutality:0.6055
great:0.60175
culture clash:0.60125
nudity (topless - brief):0.5845
greed:0.571
good:0.5685
cult classic:0.56525
childhood:0.56175
melancholic:0.56075
very good:0.558
redemption:0.55525
honest:0.55075
great dialogue:0.5435
exceptional acting:0.54325
existentialism:0.5325
story:0.531
narrated:0.52825
atmospheric:0.5265
oscar:0.52575
life:0.521
fun movie:0.51925
courage:0.51225
virginity:0.512
suprisingly clever:0.51075
masterpiece:0.50875
dark humor:0.508
road movie:0.49325
tragedy:0.48775
excellent script:0.48625
freedom:0.484
complex:0.48225
adapted from:book:0.47675
highly quotable:0.4715
gangsters:0.4695
afi 100 (movie quotes):0.465
life philosophy:0.46475
moral ambiguity:0.464
depressing:0.45975
quotable:0.4575
confrontational:0.45625
road trip:0.45475
psychology:0.4525
movielens top pick:0.4525
