great movie:0.88375
musicians:0.88025
music:0.87975
mentor:0.86975
devil:0.78025
cult film:0.777
cult classic:0.76325
great music:0.73975
original:0.7315
good music:0.7095
great:0.705
runaway:0.6755
free to download:0.6615
alternate history:0.644
musical:0.6325
rock and roll:0.62775
good soundtrack:0.62725
supernatural:0.618
destiny:0.6165
good:0.60975
nostalgic:0.598
storytelling:0.57175
mozart:0.5695
80s:0.569
fun movie:0.53875
fantasy:0.514
road movie:0.50625
feel-good:0.50075
mythology:0.494
good acting:0.49325
underrated:0.4925
great soundtrack:0.49125
cool:0.48325
goofy:0.4725
life philosophy:0.47175
weird:0.4545
great ending:0.4405
interesting:0.43425
fun:0.43325
catastrophe:0.43175
very interesting:0.4295
feel good movie:0.42175
light:0.41575
transformation:0.4085
hospital:0.40825
unusual plot structure:0.40325
story:0.399
predictable:0.39125
classic:0.39125
underdog:0.38625
cult:0.3835
death:0.38275
adventure:0.38025
inspirational:0.374
nocturnal:0.3705
brutality:0.36975
buddy movie:0.36725
adaptation:0.36675
not funny:0.365
special:0.36325
bittersweet:0.36125
dialogue:0.3565
lone hero:0.3505
awesome soundtrack:0.34775
melancholic:0.3465
highly quotable:0.3385
pg-13:0.335
quotable:0.33325
whimsical:0.3325
mad scientist:0.3305
culture clash:0.32975
redemption:0.32825
great acting:0.325
plot:0.32425
excellent:0.32225
dancing:0.31625
inspiring:0.31575
first contact:0.3145
vengeance:0.31425
silly fun:0.31425
love story:0.30275
clever:0.29225
creativity:0.292
heartwarming:0.2915
bad ending:0.29
gangsters:0.29
chase:0.288
childhood:0.28775
jazz:0.2865
exceptional acting:0.2855
fantasy world:0.2855
drinking:0.281
fight scenes:0.28075
imdb top 250:0.2805
excellent script:0.2795
good story:0.279
torture:0.277
prejudice:0.276
suprisingly clever:0.27525
criterion:0.274
