horror:0.9695
splatter:0.9695
weed:0.93025
comedy:0.8975
teen movie:0.881
gory:0.81825
bloody:0.81525
teen:0.79
stoner movie:0.7865
cult classic:0.743
original:0.734
fun movie:0.72975
goofy:0.7285
off-beat comedy:0.69025
demons:0.675
parody:0.6625
teens:0.6575
devil:0.65225
stupidity:0.6315
hilarious:0.63075
cult film:0.63025
funny as hell:0.614
silly fun:0.58625
slasher:0.569
high school:0.5635
dark comedy:0.5625
violence:0.5595
brutality:0.559
stupid:0.5515
goth:0.549
blood:0.5485
great ending:0.5395
dark humor:0.534
great:0.5325
scary:0.532
lame:0.53025
nudity (topless):0.51025
zombie:0.4975
spoof:0.49725
weird:0.483
black comedy:0.4785
funny:0.476
graphic novel:0.47425
good soundtrack:0.47275
slackers:0.4655
silly:0.4645
death:0.45525
very funny:0.452
beer:0.4515
goretastic:0.44925
catastrophe:0.4415
predictable:0.44025
humorous:0.4285
dialogue:0.42625
marijuana:0.42375
so bad it's funny:0.42125
fun:0.418
sarcasm:0.413
special effects:0.40925
pornography:0.40475
gore:0.40025
transformation:0.391
mentor:0.3895
gruesome:0.38175
life philosophy:0.36175
slapstick:0.3605
stupid as hell:0.35625
crude humor:0.3545
dumb:0.352
teenagers:0.35025
fantasy world:0.34875
amy smart:0.3485
adaptation:0.34725
nudity (topless - notable):0.3465
teenager:0.3455
supernatural:0.342
sexy:0.34125
chase:0.33725
murder:0.3355
grindhouse:0.3335
storytelling:0.3315
80s:0.331
cool:0.3245
macabre:0.324
idiotic:0.32375
drinking:0.322
halloween:0.319
campy:0.3185
vengeance:0.31825
sexualized violence:0.31725
humor:0.30725
cult:0.30725
suspense:0.30425
bad plot:0.3015
weapons:0.3
saturday night live:0.2995
great movie:0.29825
stylish:0.2955
horrible:0.293
multiple storylines:0.2925
