intimate:0.98475
criterion:0.971
germany:0.953
melancholy:0.926
reflective:0.92075
bittersweet:0.90425
stylized:0.904
german:0.89425
enigmatic:0.88425
world war ii:0.8785
poignant:0.878
masterpiece:0.86025
talky:0.85375
melancholic:0.847
loneliness:0.83975
golden palm:0.83125
downbeat:0.83075
meditative:0.8225
original:0.8115
passionate:0.803
dramatic:0.78875
allegory:0.7865
women:0.78125
wwii:0.77675
great ending:0.77025
affectionate:0.7575
oscar (best actress):0.752
bleak:0.749
oscar (best foreign language film):0.7485
sacrifice:0.73025
character study:0.73025
relationships:0.729
harsh:0.726
wistful:0.72475
breathtaking:0.7125
ironic:0.71125
cinematography:0.71
nocturnal:0.70925
tragedy:0.6965
cynical:0.6955
marriage:0.695
political:0.66775
betrayal:0.663
love triangles:0.6445
dreamlike:0.6435
runaway:0.6385
satirical:0.623
oscar (best directing):0.613
culture clash:0.6065
social commentary:0.6
idealism:0.59375
1930s:0.5935
unusual plot structure:0.59275
forceful:0.5875
imdb top 250:0.5865
emotional:0.58625
cerebral:0.586
greed:0.58425
atmospheric:0.5785
narrated:0.5745
brutality:0.57275
honest:0.568
politics:0.5525
insanity:0.53725
pornography:0.53325
very interesting:0.52725
male nudity:0.52425
powerful ending:0.523
psychological:0.52175
black and white:0.52025
berlin:0.51725
great acting:0.517
suprisingly clever:0.51675
manipulation:0.51575
compassionate:0.5095
tense:0.508
grim:0.50775
guilt:0.50725
oscar (best supporting actress):0.507
good soundtrack:0.5065
russian:0.49775
war movie:0.48725
rags to riches:0.483
sexual:0.482
assassination:0.4795
swedish:0.4785
catastrophe:0.4775
wartime:0.47275
courage:0.47175
nudity (full frontal - notable):0.47
beautiful scenery:0.46475
drama:0.46225
war:0.46025
moody:0.45375
secrets:0.45225
prison:0.4485
love story:0.44625
obsession:0.43925
visceral:0.438
disturbing:0.43525
