arnold:0.99425
action:0.96675
good action:0.928
mentor:0.79575
lone hero:0.734
bad acting:0.72975
80s:0.7135
fight scenes:0.7125
cyborgs:0.70825
original:0.69825
weapons:0.66225
vengeance:0.6505
explosions:0.634
fun movie:0.61475
mob:0.60825
mafia:0.605
chase:0.601
predictable:0.59725
dialogue:0.5935
so bad it's funny:0.592
action packed:0.5875
car chase:0.58475
fighting:0.58025
revenge:0.57475
gangsters:0.559
hit men:0.50125
brutality:0.48125
campy:0.47925
pornography:0.47225
splatter:0.46225
vigilante:0.455
sexualized violence:0.45
death:0.434
bad plot:0.433
violence:0.4255
catastrophe:0.424
pulp:0.41775
bloody:0.40525
life philosophy:0.3975
motorcycle:0.38575
great ending:0.37325
small town:0.3705
fbi:0.35775
violent:0.351
entirely dialogue:0.34525
fun:0.34225
story:0.34125
fantasy world:0.33725
cheesy:0.33575
grindhouse:0.33525
special effects:0.33525
redemption:0.331
bad:0.33025
silly fun:0.32675
cool:0.322
not funny:0.321
good:0.319
apocalypse:0.3115
ridiculous:0.31125
guns:0.31025
boring:0.30325
crime:0.303
silly:0.30075
stupid:0.3
stupidity:0.296
horrible:0.29575
android(s)/cyborg(s):0.295
clones:0.295
road movie:0.29475
overrated:0.2935
nudity (topless):0.288
cult film:0.287
disaster:0.28625
runaway:0.286
great:0.28575
arms dealer:0.283
sci fi:0.28125
multiple storylines:0.27875
plot holes:0.27675
gunfight:0.276
destiny:0.27475
murder:0.2745
family:0.273
buddy movie:0.26875
hostage:0.2685
first contact:0.267
betrayal:0.266
gangs:0.266
intense:0.26525
pg-13:0.26375
existentialism:0.2625
slapstick:0.26225
torture:0.2575
classic car:0.25725
adaptation:0.25675
crappy sequel:0.25625
nudity (topless - brief):0.2545
stereotypes:0.2525
natural disaster:0.25175
good soundtrack:0.249
