jews:0.9875
holocaust:0.95875
quirky:0.93175
culture clash:0.9095
adapted from:book:0.889
beautiful scenery:0.88775
jewish:0.87425
based on book:0.873
judaism:0.87225
drama:0.87025
based on a book:0.84575
road trip:0.8435
original:0.831
independent film:0.82875
dramatic:0.78825
visually appealing:0.786
beautifully filmed:0.78475
cinematography:0.76925
off-beat comedy:0.7665
directorial debut:0.763
genocide:0.74875
anti-semitism:0.74675
adaptation:0.72975
storytelling:0.7245
melancholic:0.72225
humorous:0.70925
nazis:0.70675
social commentary:0.69875
weird:0.694
great soundtrack:0.69325
books:0.68425
good soundtrack:0.6835
life & death:0.678
great cinematography:0.669
guilt:0.65675
complex:0.637
touching:0.63575
pg-13:0.63375
stereotypes:0.6335
funny:0.6325
affectionate:0.632
destiny:0.63175
narrated:0.61375
great acting:0.61375
road movie:0.609
literature:0.59575
family:0.59375
secrets:0.59225
tragedy:0.5845
great ending:0.5805
poignant:0.58
book was better:0.57475
best of 2005:0.567
emotional:0.56525
story:0.562
melancholy:0.559
very funny:0.5525
prejudice:0.54725
reflective:0.5455
humor:0.54425
imagination:0.54
book:0.53775
depression:0.5345
foreign:0.52175
good acting:0.52125
dysfunctional family:0.5185
pornography:0.51475
history:0.514
idealism:0.50975
great:0.50675
historical:0.50525
solitude:0.50175
suprisingly clever:0.50075
nazi:0.5005
suicide:0.49975
dialogue:0.49475
good music:0.4915
mentor:0.49125
catastrophe:0.4905
cerebral:0.48925
excellent script:0.48825
intimate:0.48775
movielens top pick:0.48125
eccentricity:0.48075
bittersweet:0.4755
heartbreaking:0.47475
self discovery:0.47475
comedy:0.4725
heartwarming:0.47225
clever:0.47075
justice:0.467
very interesting:0.46625
coming of age:0.46025
plot:0.457
colourful:0.45625
indie:0.45575
visually stunning:0.44875
criterion:0.4465
brutality:0.44625
surreal:0.436
