teen movie:0.943
teen:0.87225
80s:0.8495
comedy:0.831
goofy:0.796
original:0.71275
nudity (topless):0.68375
teens:0.674
sexy:0.6565
fun movie:0.623
women:0.592
doctors:0.5665
storytelling:0.55475
funny:0.54775
fun:0.53975
pg-13:0.532
silly fun:0.50825
mentor:0.50525
very funny:0.4875
good:0.4635
girlie movie:0.45375
so bad it's funny:0.45075
great ending:0.43175
predictable:0.42525
destiny:0.42375
catastrophe:0.41375
good soundtrack:0.40425
dialogue:0.3925
college:0.36975
guilty pleasure:0.36775
teenager:0.36325
overrated:0.361
life philosophy:0.3605
shallow:0.35925
culture clash:0.35375
chase:0.35325
runaway:0.34725
nudity (full frontal - brief):0.344
1980s:0.339
adolescence:0.33675
family:0.3335
underrated:0.3315
stereotypes:0.33125
dumb but funny:0.3295
brutality:0.32625
feel-good:0.32475
bad plot:0.32375
melancholic:0.32225
great:0.31675
adventure:0.3165
fantasy world:0.31475
unfunny:0.30725
fight scenes:0.304
cute:0.303
feel good movie:0.3025
slapstick:0.29975
cute!:0.29925
adaptation:0.29875
light:0.2975
pornography:0.297
entirely dialogue:0.294
lone hero:0.29375
cool:0.29225
first contact:0.29175
unlikely friendships:0.287
childhood:0.28675
gay:0.285
oscar:0.284
story:0.28375
geeks:0.28275
notable nudity:0.28175
amy smart:0.281
happy ending:0.2805
high school:0.278
nostalgic:0.2775
not funny:0.273
multiple storylines:0.272
humorous:0.26875
prostitution:0.26725
transformation:0.26625
vengeance:0.26175
crude humor:0.25875
virginity:0.2575
nudity (topless - notable):0.2565
unusual plot structure:0.2555
justice:0.25125
teenagers:0.25
islam:0.2495
weapons:0.2495
romance:0.2495
visually appealing:0.24925
oscar (best directing):0.24675
redemption:0.24625
nudity (rear):0.24375
grindhouse:0.24025
workplace:0.2395
cult film:0.23825
friendship:0.238
excellent script:0.236
cheerleading:0.23225
