80s:0.81525
homeless:0.73825
vampire human love:0.72575
original:0.7225
mentor:0.69975
marijuana:0.679
1980s:0.6705
greed:0.59875
predictable:0.5535
nostalgic:0.54425
satirical:0.5125
comedy:0.50325
brainwashing:0.49975
fantasy world:0.497
fish:0.48975
destiny:0.4885
fun movie:0.488
bad plot:0.484
jungle:0.47125
good:0.46625
brutality:0.4515
lame:0.447
culture clash:0.44325
catastrophe:0.43675
guilt:0.435
great ending:0.4285
complex:0.4145
corruption:0.403
very funny:0.39375
funny:0.393
horror:0.382
stoner movie:0.37575
cult film:0.367
adaptation:0.3645
silly:0.359
dialogue:0.3585
first contact:0.356
storytelling:0.355
great:0.355
mad scientist:0.35425
so bad it's funny:0.3525
jesus:0.35175
vengeance:0.35125
life philosophy:0.35025
family:0.34725
transformation:0.34375
slapstick:0.3395
clever:0.33325
solitude:0.3265
silly fun:0.31375
nudity (full frontal - notable):0.3125
redemption:0.31125
unlikely friendships:0.309
pornography:0.3075
boring:0.3045
stereotypes:0.304
lone hero:0.30275
good soundtrack:0.3025
fun:0.3015
pg-13:0.2985
high fantasy:0.2955
disaster:0.29275
justice:0.28875
happy ending:0.288
overrated:0.2845
chase:0.28325
shallow:0.28275
not funny:0.28125
horrible:0.28025
teen movie:0.278
writers:0.277
adventure:0.27425
runaway:0.2735
good action:0.2725
nudity (full frontal - brief):0.27075
story:0.27075
franchise:0.27025
entirely dialogue:0.27
god:0.268
romantic:0.2585
remake:0.2585
vietnam war:0.2575
intense:0.25725
computer animation:0.25675
childhood:0.25475
unfunny:0.2535
gangsters:0.252
amy smart:0.252
based on a book:0.25
adapted from:book:0.2475
camp:0.24725
action packed:0.24475
alternate history:0.24475
suspense:0.24275
fight scenes:0.242
crude humor:0.24125
sexualized violence:0.24125
twists & turns:0.24075
fantasy:0.23975
doctors:0.23825
