visually appealing:0.9265
utopia:0.91775
marijuana:0.90125
island:0.8705
adapted from:book:0.85225
good soundtrack:0.845
based on a book:0.8205
adaptation:0.7805
original:0.77175
very interesting:0.7535
based on book:0.70825
beautiful scenery:0.66275
cinematography:0.61075
adventure:0.61
books:0.603
weed:0.5785
book was better:0.55625
great ending:0.5435
idealism:0.5285
distopia:0.5205
book:0.5185
storytelling:0.5165
visually stunning:0.512
very good:0.5115
scenic:0.49925
pointless:0.49625
catastrophe:0.49125
shallow:0.48775
survival:0.46975
story:0.46275
existentialism:0.462
dialogue:0.453
pornography:0.45225
weird:0.4485
good:0.44025
not funny:0.4385
narrated:0.4225
mentor:0.4215
parallel universe:0.42025
greed:0.4165
predictable:0.389
solitude:0.38825
romance:0.38675
life philosophy:0.38625
insanity:0.385
harsh:0.3835
runaway:0.381
so bad it's funny:0.38075
interesting:0.37725
great:0.377
allegory:0.376
treasure hunt:0.3705
brutality:0.36675
innocence lost:0.365
travel:0.36425
jungle:0.362
complex:0.35425
melancholic:0.352
visual:0.35175
twists & turns:0.3515
secrets:0.3505
redemption:0.34825
surreal:0.3465
world politics:0.33775
video game:0.33075
great soundtrack:0.33075
internet:0.322
destiny:0.317
plot:0.31675
happy ending:0.31525
literature:0.314
writers:0.314
first contact:0.31375
absurd:0.3065
bad ending:0.305
entirely dialogue:0.30175
pg-13:0.3005
betrayal:0.30025
overrated:0.29675
fantasy world:0.2965
visceral:0.29475
great acting:0.2945
bad plot:0.29325
stylized:0.291
cult film:0.29
obsession:0.28875
nudity (topless):0.288
computer game:0.28725
sexualized violence:0.287
intense:0.28625
quirky:0.28575
drug abuse:0.28075
nudity (full frontal - brief):0.27925
psychology:0.27775
culture clash:0.275
stupidity:0.275
thought-provoking:0.27475
justice:0.2745
suspense:0.27425
psychological:0.273
