depp & burton:0.99575
dark:0.9485
visually appealing:0.94125
musical:0.93275
music:0.907
london:0.89675
bloody:0.875
good soundtrack:0.86225
original:0.83675
macabre:0.832
visually stunning:0.82625
weird:0.81875
broadway:0.8165
good music:0.8125
revenge:0.80925
vengeance:0.8005
based on a play:0.79825
gothic:0.78475
stylized:0.78375
lyrical:0.75825
violence:0.7565
goth:0.7395
cannibalism:0.7375
dark humor:0.73525
brutality:0.718
18th century:0.6975
great music:0.6625
cinematography:0.66125
colourful:0.6555
visual:0.65425
great acting:0.6505
adaptation:0.65
storytelling:0.648
blood:0.6475
anti-hero:0.624
violent:0.615
gory:0.6105
quirky:0.59375
splatter:0.59125
19th century:0.58925
murder:0.5765
story:0.57325
dark comedy:0.5605
fantasy world:0.55725
great ending:0.55275
dialogue:0.55125
visceral:0.54475
whimsical:0.5445
serial killer:0.54125
visuals:0.54075
stylish:0.52225
great cinematography:0.52225
cult film:0.5205
greed:0.51675
artistic:0.5115
insanity:0.5075
creativity:0.50725
stunning:0.506
good:0.50425
moral ambiguity:0.498
graphic novel:0.495
dark fantasy:0.4935
sexualized violence:0.493
oscar (best cinematography):0.48425
england:0.48325
disturbing:0.48275
great:0.4795
harsh:0.47025
exceptional acting:0.45875
family:0.458
betrayal:0.45675
plot:0.45575
intense:0.4535
good acting:0.45225
destiny:0.45
period piece:0.448
interesting:0.436
clever:0.4355
atmospheric:0.42975
mentor:0.4285
social commentary:0.4195
justice:0.4155
catastrophe:0.41475
bleak:0.41475
dramatic:0.41325
pg-13:0.405
twists & turns:0.39875
grim:0.398
not funny:0.39625
adapted from:book:0.395
brutal:0.39475
culture clash:0.39025
melancholic:0.38875
redemption:0.3855
disappointing:0.38125
corruption:0.37575
black comedy:0.37025
obsession:0.36975
gratuitous violence:0.36875
oscar:0.363
