dinosaurs:0.994
franchise:0.98675
dynamic cgi action:0.98275
special effects:0.9765
stranded:0.96075
big budget:0.95775
island:0.92425
action:0.92225
adventure:0.92125
sequel:0.901
story:0.89325
good sequel:0.8545
spielberg:0.811
jungle:0.81
script:0.801
dialogue:0.7735
exciting:0.77175
predictable:0.7635
sequels:0.757
natural disaster:0.75475
original:0.74875
chase:0.74675
bad plot:0.7285
action packed:0.72775
survival:0.724
first contact:0.71425
crappy sequel:0.70925
catastrophe:0.70575
pg-13:0.69575
cloning:0.6955
technology:0.6885
effects:0.68475
so bad it's funny:0.67575
plot holes:0.65025
sci fi:0.62575
entertaining:0.61675
better than expected:0.6135
good:0.61325
scifi:0.6105
disaster:0.604
good action:0.603
lame:0.6015
saturn award (best special effects):0.596
horrible:0.59425
cgi:0.589
trilogy:0.5885
end of the world:0.5835
science fiction:0.5795
stupid:0.57075
genetics:0.56625
bad acting:0.563
plot:0.5605
original plot:0.5585
fantasy world:0.556
great ending:0.548
series:0.54225
silly:0.5385
family:0.51675
suspense:0.515
computer animation:0.513
bad cgi:0.51225
creativity:0.488
fantasy:0.474
scenic:0.47225
clones:0.47125
robots:0.4655
shallow:0.46225
alien:0.459
fast paced:0.45675
idiotic:0.44775
weapons:0.44025
alone in the world:0.43675
pointless:0.435
fun movie:0.4255
cool:0.414
god:0.41125
fight scenes:0.41025
mentor:0.409
apocalypse:0.40475
destiny:0.40425
fun:0.4005
bad ending:0.3995
not funny:0.3985
based on a book:0.39325
futuristic:0.391
intense:0.38775
monster:0.37775
sci-fi:0.37375
great:0.373
visually appealing:0.3725
visual:0.37225
not as good as the first:0.368
no plot:0.366
silly fun:0.366
unfunny:0.36475
suspenseful:0.36325
transformation:0.353
overrated:0.3485
bad science:0.34325
stupidity:0.3385
