demons:0.982
horror:0.9505
splatter:0.8685
campy:0.8655
so bad it's funny:0.83375
80s:0.82975
goofy:0.823
silly fun:0.8125
cult film:0.79775
cheesy:0.774
supernatural:0.76675
original:0.75475
cult classic:0.742
zombie:0.727
special effects:0.7245
camp:0.72375
ridiculous:0.712
monster:0.66775
cult:0.65425
silly:0.635
low budget:0.62525
predictable:0.618
creepy:0.6125
lame:0.59025
fun movie:0.58125
violence:0.5645
clowns:0.5485
monsters:0.54125
puppets:0.54
pointless:0.518
weird:0.51375
mad scientist:0.51275
mentor:0.4985
scary:0.49625
fun:0.484
family:0.47525
brutality:0.474
pg-13:0.46675
good soundtrack:0.461
1980s:0.4605
bad plot:0.456
so bad it's good:0.45225
idiotic:0.44325
dialogue:0.44
great ending:0.43775
sequels:0.43475
bad:0.4315
magic:0.42025
awful:0.4155
catastrophe:0.414
boring:0.4135
fantasy world:0.41225
horrible:0.40575
good:0.39775
effects:0.39625
stupid:0.389
justice:0.37825
not funny:0.369
overrated:0.36875
good action:0.36825
too long:0.36275
mutants:0.35675
story:0.35625
humorous:0.35475
bloody:0.35475
lone hero:0.35375
devil:0.351
redemption:0.348
blood:0.34675
fight scenes:0.3465
adaptation:0.34525
wizards:0.34425
storytelling:0.33925
grindhouse:0.33625
transformation:0.3355
first contact:0.32725
gore:0.32425
boring!:0.32075
entirely dialogue:0.32075
sexualized violence:0.31025
gory:0.30725
franchise:0.305
vengeance:0.30225
police investigation:0.3015
teens:0.301
sexy:0.30075
childhood:0.29975
destiny:0.29675
comedy:0.295
witch:0.29275
death:0.29275
slapstick:0.291
very funny:0.2905
entertaining:0.28925
bad acting:0.2865
goth:0.283
disaster:0.2815
great:0.27875
sacrifice:0.27775
snakes:0.27575
