superhero:0.996
vigilante:0.99475
super hero:0.99175
superheroes:0.988
based on a comic:0.98425
violence:0.967
good sequel:0.95925
super-hero:0.95075
comic book:0.93175
sequel:0.92225
vigilantism:0.92
sequels:0.91
action:0.90125
brutality:0.89275
violent:0.89025
graphic novel:0.8795
brutal:0.875
adapted from:comic:0.875
fight scenes:0.871
revenge:0.85725
based on comic:0.8255
original:0.81
comics:0.80925
vengeance:0.8065
pg-13:0.80325
action packed:0.78025
good soundtrack:0.77725
weapons:0.75675
gory:0.7345
bloody:0.73275
franchise:0.7265
gore:0.6975
foul language:0.69675
goofy:0.68775
awesome soundtrack:0.68175
bdsm:0.649
teen movie:0.64775
justice:0.6465
cheerleading:0.632
high school:0.615
gratuitous violence:0.61075
adolescence:0.5985
anti-hero:0.597
dark hero:0.5945
humor:0.59
story:0.58675
stylized:0.584
good action:0.5835
dialogue:0.582
teen:0.5745
fighting:0.571
mentor:0.568
silly fun:0.5635
cool:0.56175
pornography:0.5595
silly:0.5395
alter ego:0.53925
plot:0.51575
funny:0.515
visually appealing:0.51175
predictable:0.50525
great ending:0.493
gay character:0.486
entertaining:0.48525
shallow:0.48225
blood:0.48125
classic car:0.48025
comedy:0.47675
crude humor:0.475
comic:0.47475
adaptation:0.474
stylish:0.4725
coming of age:0.472
runaway:0.4665
watch the credits:0.46575
storytelling:0.4615
big budget:0.461
fun:0.45975
good:0.45875
intense:0.4525
sexualized violence:0.44775
very funny:0.44025
teens:0.43775
fun movie:0.434
pulp:0.434
hilarious:0.43175
crime:0.43075
dynamic cgi action:0.4305
death:0.4215
stereotypes:0.41925
better than expected:0.40425
culture clash:0.40275
absurd:0.39525
teenager:0.39025
great:0.38675
catastrophe:0.3825
crappy sequel:0.378
good versus evil:0.36175
sexy:0.357
bad cgi:0.354
