spiders:0.93025
special effects:0.91725
bad acting:0.87525
horrible:0.823
so bad it's funny:0.8225
original:0.8135
sci fi:0.81
bad plot:0.78475
idiotic:0.76475
based on a book:0.7195
predictable:0.7025
natural disaster:0.69575
pulp:0.66675
survival:0.66525
bad:0.65675
scifi:0.655
awful:0.64475
cheesy:0.63725
first contact:0.6315
monster:0.6235
camp:0.6195
disaster:0.60975
effects:0.59775
boring:0.5925
god:0.586
sci-fi:0.5805
ridiculous:0.57925
bad science:0.57725
low budget:0.57225
silly:0.559
pointless:0.55375
island:0.54675
bad cgi:0.5465
science fiction:0.5375
dialogue:0.5245
lame:0.524
plot holes:0.51525
great ending:0.51375
campy:0.51025
destiny:0.5035
unusual plot structure:0.50125
weapons:0.4905
bad script:0.49
fight scenes:0.482
nudity (topless):0.48175
catastrophe:0.4815
monsters:0.45425
science:0.44975
dinosaurs:0.43825
cult film:0.438
horror:0.43525
animals:0.43175
brainwashing:0.431
adaptation:0.43
jungle:0.42775
stupid as hell:0.426
family:0.4245
stupid:0.424
bad ending:0.416
story:0.41425
unintentionally funny:0.40625
fantasy world:0.398
chase:0.3955
stupidity:0.395
mentor:0.3945
silly fun:0.39
demons:0.3865
dynamic cgi action:0.38225
shallow:0.379
grindhouse:0.3645
splatter:0.36175
big budget:0.35825
overrated:0.35825
fantasy:0.35425
scary:0.3525
supernatural:0.3495
twist ending:0.347
entirely dialogue:0.342
crappy sequel:0.34075
mutants:0.33575
storytelling:0.3325
franchise:0.33025
brutality:0.33
scifi cult:0.33
ensemble cast:0.32925
good dialogue:0.3285
nudity (topless - notable):0.32625
death:0.32525
fun:0.325
snakes:0.32475
action:0.32425
lone hero:0.3205
nocturnal:0.31825
road movie:0.31775
technology:0.31275
transformation:0.31175
suspense:0.308
boat:0.306
allegory:0.302
fun movie:0.30175
