western:0.99625
gunfight:0.9605
violence:0.95975
horror:0.95825
violent:0.94
splatter:0.9395
cult classic:0.9375
brutality:0.92925
tense:0.912
visceral:0.9035
brutal:0.902
original:0.888
cannibalism:0.88725
intense:0.87525
gory:0.87
suspense:0.8655
dialogue:0.85025
bloody:0.84375
gruesome:0.8425
cult film:0.82675
weird:0.8255
quotable:0.80325
great ending:0.78075
indians:0.77275
creepy:0.766
great movie:0.755
realistic:0.7525
suspenseful:0.7485
interesting:0.7475
dark:0.7475
cinematography:0.74475
great acting:0.73425
highly quotable:0.7265
low budget:0.72275
survival:0.7175
atmospheric:0.7175
cult:0.7115
harsh:0.69725
disturbing:0.69175
desert:0.68975
good dialogue:0.689
blood:0.688
scenic:0.6685
revenge:0.654
psychological:0.642
gore:0.62275
vengeance:0.6135
supernatural:0.60625
wilderness:0.60625
light:0.60225
good acting:0.601
melancholic:0.59975
native americans:0.599
slow:0.5975
great dialogue:0.59725
great:0.5965
oscar (best effects - visual effects):0.596
chase:0.596
small town:0.5945
gritty:0.59425
macabre:0.5935
california:0.59175
stylized:0.585
graphic novel:0.5825
crime gone awry:0.57875
moral ambiguity:0.5785
imdb top 250:0.5755
stylish:0.5665
storytelling:0.56325
social commentary:0.56175
story:0.55975
dialogue driven:0.55875
gratuitous violence:0.558
drama:0.55625
bleak:0.54475
dark humor:0.537
talky:0.5345
forceful:0.52825
entirely dialogue:0.52675
slow paced:0.52625
very good:0.52525
character study:0.5215
scary:0.517
grindhouse:0.5095
awesome soundtrack:0.50775
kidnapping:0.50675
clever:0.5055
nudity (full frontal - notable):0.502
good:0.4995
insanity:0.48725
hunting:0.486
goretastic:0.4825
ensemble cast:0.481
humorous:0.474
absurd:0.47375
directorial debut:0.47025
grim:0.46875
murder:0.46825
nocturnal:0.4675
goofy:0.4625
