holocaust:0.99075
jews:0.98675
nazis:0.98575
world war ii:0.9675
poland:0.93975
nazi:0.903
foreign:0.8435
jewish:0.8335
oscar (best foreign language film):0.8235
wartime:0.812
beautifully filmed:0.8085
wwii:0.7835
german:0.7645
humanity:0.73575
criterion:0.72875
life & death:0.684
dramatic:0.68275
compassionate:0.6705
culture clash:0.664
intimate:0.6605
life philosophy:0.61375
affectionate:0.609
loneliness:0.60375
germany:0.582
reflective:0.5735
melancholic:0.5585
downbeat:0.54625
golden palm:0.54225
original:0.5375
ethnic conflict:0.523
suprisingly clever:0.51575
betrayal:0.51075
bleak:0.5105
anti-semitism:0.51
allegory:0.496
storytelling:0.49525
fascism:0.49475
drama:0.492
bittersweet:0.48775
humorous:0.48425
social commentary:0.4705
judaism:0.46875
talky:0.4675
unlikely friendships:0.466
solitude:0.4645
catastrophe:0.45525
prejudice:0.43175
spanish:0.431
tragedy:0.4275
movielens top pick:0.425
mentor:0.41925
complex:0.41
segregation:0.40375
entirely dialogue:0.403
lyrical:0.4
witty:0.395
morality:0.39125
relationships:0.3875
male nudity:0.38125
cinematography:0.37325
unusual plot structure:0.3725
satirical:0.36825
absurd:0.3645
harsh:0.36275
very interesting:0.362
glbt:0.36175
survival:0.35525
light:0.3465
existentialism:0.34275
bollywood:0.337
dark humor:0.33525
finnish:0.33525
guilt:0.32625
nudity (full frontal - brief):0.326
self discovery:0.32175
thought-provoking:0.3205
camp:0.31975
independent film:0.3195
brutality:0.31775
melancholy:0.3145
runaway:0.3125
great:0.3105
small town:0.30975
beautiful scenery:0.30975
hotel:0.30925
redemption:0.29275
breathtaking:0.291
not funny:0.28975
surreal:0.28575
slow paced:0.28325
islam:0.273
irish accent:0.26825
secrets:0.267
childhood:0.267
hospital:0.26575
tokyo:0.26425
idealism:0.26125
transformation:0.2585
touching:0.2575
poignant:0.255
