prostitution:0.93575
pornography:0.8295
sexual:0.78825
original:0.78025
brutality:0.73775
sexy:0.70525
nudity (topless - notable):0.698
violence:0.676
satirical:0.64125
controversial:0.57925
predictable:0.57475
satire:0.5685
fantasy world:0.5605
nudity (topless):0.5485
redemption:0.53375
great ending:0.5295
quirky:0.51775
sexualized violence:0.513
adaptation:0.50525
los angeles:0.503
distopia:0.49625
harsh:0.477
dialogue:0.4675
sci fi:0.46525
life philosophy:0.457
mentor:0.45525
stylized:0.451
nocturnal:0.44625
vampire human love:0.44475
good soundtrack:0.42925
surreal:0.4235
bullying:0.417
cult film:0.40475
gritty:0.40425
melancholic:0.40075
catastrophe:0.4
dark hero:0.399
gay:0.3975
weird:0.39425
good:0.39125
bad plot:0.38425
women:0.38225
criterion:0.38075
intense:0.37525
storytelling:0.3745
first contact:0.37375
overrated:0.3675
weapons:0.36425
unlikely friendships:0.35875
pointless:0.35875
obsession:0.35875
family:0.35875
splatter:0.357
pulp:0.3565
nudity (full frontal - brief):0.35375
based on a play:0.35375
passionate:0.3505
culture clash:0.348
silly:0.34575
adoption:0.34275
not funny:0.33825
goofy:0.33425
sci-fi:0.33075
destiny:0.328
unlikeable characters:0.327
road movie:0.3255
alter ego:0.3245
runaway:0.32225
lone hero:0.32
low budget:0.31825
based on a book:0.317
life:0.3155
humorous:0.31525
visual:0.31525
entirely dialogue:0.31275
visually appealing:0.31175
corruption:0.311
compassionate:0.308
cinematography:0.305
existentialism:0.30475
grindhouse:0.3035
adapted from:book:0.30225
great:0.301
revenge:0.29825
social commentary:0.2975
nudity (full frontal - notable):0.29725
black comedy:0.293
good music:0.289
very funny:0.286
chase:0.28525
notable nudity:0.28475
drama:0.284
so bad it's funny:0.28375
cult classic:0.28375
slapstick:0.2835
unusual plot structure:0.28325
bdsm:0.283
comedy:0.28225
narrated:0.28075
dreamlike:0.2805
