racing:0.97875
silly fun:0.947
sequel:0.94525
crappy sequel:0.886
sequels:0.8835
fun movie:0.8715
good sequel:0.8455
race:0.8285
goofy:0.8025
original:0.7965
so bad it's funny:0.74325
pointless:0.66875
predictable:0.65225
franchise:0.65175
fight scenes:0.64375
lame:0.632
mentor:0.59575
cars:0.588
ensemble cast:0.5845
las vegas:0.5805
chase:0.561
gangsters:0.559
fun:0.5535
horrible:0.55
stupid as hell:0.52675
bad plot:0.5245
bad acting:0.47425
brutality:0.471
great ending:0.46525
remake:0.4575
road movie:0.45525
silly:0.454
idiotic:0.4525
greed:0.4425
feel-good:0.4425
disaster:0.4405
catastrophe:0.43875
comedy:0.437
camp:0.4335
feel good movie:0.4285
very funny:0.4235
bad:0.42175
big budget:0.3945
destiny:0.3935
80s:0.386
overrated:0.3795
dialogue:0.37625
action:0.36925
boring:0.36875
life philosophy:0.368
natural disaster:0.36575
first contact:0.3605
vengeance:0.35425
unfunny:0.34825
trilogy:0.345
fantasy world:0.344
slapstick:0.34125
humorous:0.3385
family:0.33775
special effects:0.33725
storytelling:0.337
sexy:0.335
entertaining:0.334
good:0.333
pornography:0.333
awful:0.327
nudity (full frontal - brief):0.32475
censorship:0.31975
not funny:0.31625
crude humor:0.314
bad sequel:0.30675
culture clash:0.30575
funny:0.30175
redemption:0.3015
lone hero:0.3005
stupid:0.3
runaway:0.2995
bad cgi:0.29925
nostalgic:0.2965
kidnapping:0.2955
stereotypes:0.294
unusual plot structure:0.294
internet:0.2885
not as good as the first:0.2885
multiple storylines:0.2875
pg-13:0.283
mafia:0.281
adaptation:0.27725
spoof:0.27725
cult film:0.276
entirely dialogue:0.2705
1980s:0.27
sci fi:0.26975
death:0.2665
great:0.264
parody:0.26025
god:0.25925
good soundtrack:0.25875
imdb top 250:0.2525
justice:0.25075
