comedy:0.947
devil:0.91925
dumb but funny:0.88575
goofy:0.874
funny:0.85075
saturday night live:0.816
silly:0.803
stupid:0.7845
dumb:0.781
hilarious:0.75175
original:0.7435
very funny:0.73825
so bad it's funny:0.708
stupidity:0.70725
idiotic:0.67225
crude humor:0.64575
bad plot:0.635
pg-13:0.6265
silly fun:0.6225
predictable:0.62
unfunny:0.5675
special effects:0.56175
weird:0.55875
funniest movies:0.5445
good soundtrack:0.539
lame:0.525
pointless:0.51625
stoner movie:0.51575
god:0.51075
great ending:0.5025
humorous:0.49275
horrible:0.49275
parody:0.48925
brothers:0.4885
stupid as hell:0.47425
bad acting:0.47275
dialogue:0.46625
humor:0.4635
vengeance:0.4555
overrated:0.45475
fun movie:0.45225
absurd:0.447
slapstick:0.43775
big budget:0.43475
brutality:0.43325
mentor:0.42525
catastrophe:0.40075
fantasy world:0.4005
storytelling:0.399
shallow:0.39375
good:0.39275
bad script:0.38875
destiny:0.38475
adaptation:0.382
disaster:0.3815
fantasy:0.3755
fun:0.37525
bad:0.3665
awful:0.36625
great:0.36175
first contact:0.355
sarcasm:0.349
funny as hell:0.34625
fight scenes:0.34475
weed:0.34
demons:0.33525
satire:0.334
pornography:0.32975
natural disaster:0.322
cult film:0.31975
nudity (topless - notable):0.31925
cerebral:0.31525
entirely dialogue:0.31475
life philosophy:0.3135
redemption:0.3015
sci fi:0.301
crazy:0.3
justice:0.29775
sexualized violence:0.295
story:0.29375
family:0.29225
multiple storylines:0.28825
not funny:0.287
gangsters:0.28425
melancholic:0.28325
happy ending:0.2825
hillarious:0.28175
clever:0.28
runaway:0.27875
surreal:0.27575
stereotypes:0.27125
action packed:0.27025
pulp:0.2685
screwball:0.2685
culture clash:0.265
corruption:0.2645
nocturnal:0.2645
quirky:0.2635
new york city:0.262
violence:0.262
