vampires:0.997
vampire:0.99575
goth:0.9185
immortality:0.85275
creepy:0.798
horror:0.786
grindhouse:0.7765
atmospheric:0.75825
original:0.73825
macabre:0.718
nocturnal:0.68575
splatter:0.663
finnish:0.64525
transformation:0.64425
cult classic:0.60125
dark:0.59975
scary:0.577
blood:0.568
cult film:0.566
eerie:0.55775
demons:0.53625
stylish:0.52525
cinematography:0.51425
grim:0.51425
moody:0.50575
unusual plot structure:0.4865
gory:0.48175
devil:0.47475
good soundtrack:0.45475
existentialism:0.4535
dialogue:0.45325
camp:0.43975
visually appealing:0.43675
visceral:0.42325
brutality:0.421
pointless:0.41175
adaptation:0.4035
free to download:0.4025
gothic:0.39975
catastrophe:0.398
dark fantasy:0.39325
weird:0.39025
criterion:0.3895
supernatural:0.388
disturbing:0.385
melancholic:0.385
mentor:0.384
intense:0.3825
not funny:0.381
nudity (topless):0.376
bleak:0.37325
stylized:0.3695
dark hero:0.36575
fight scenes:0.363
weapons:0.3585
great ending:0.35775
dark humor:0.35725
mozart:0.35625
amy smart:0.352
sexualized violence:0.34925
violent:0.34375
culture clash:0.33725
mad scientist:0.3345
death:0.3325
zombie:0.327
goretastic:0.32525
nudity (full frontal - notable):0.32325
monster:0.32275
graphic design:0.32
so bad it's funny:0.31625
enigmatic:0.3155
better than the american version:0.31325
lone hero:0.31075
beautifully filmed:0.30925
werewolves:0.30825
dreamlike:0.307
good sequel:0.30075
gruesome:0.3
harsh:0.28225
quirky:0.282
spanish:0.278
runaway:0.27675
predictable:0.27
loneliness:0.269
cerebral:0.2625
art house:0.26175
werewolf:0.259
author:neil gaiman:0.258
imdb top 250:0.2575
storytelling:0.2565
gunfight:0.25425
oscar (best effects - visual effects):0.2515
entirely dialogue:0.251
fantasy world:0.25075
torture:0.24525
strange:0.24525
first contact:0.24175
suspense:0.24175
greed:0.2355
suprisingly clever:0.23475
