humanity:0.87675
original:0.822
storytelling:0.80325
cerebral:0.73225
story:0.72975
special:0.667
imagination:0.62975
first contact:0.628
life philosophy:0.62725
destiny:0.59775
great ending:0.5655
so bad it's funny:0.563
existentialism:0.526
life & death:0.5175
parallel universe:0.5175
philosophical:0.508
good soundtrack:0.50675
mentor:0.5045
life:0.4935
transformation:0.4925
death:0.47375
surreal:0.46525
dialogue:0.45725
very interesting:0.4555
brutality:0.4435
predictable:0.42
catastrophe:0.40875
dreams:0.40575
us history:0.4005
narrated:0.39675
allegory:0.39475
intellectual:0.38275
reflective:0.37925
weird:0.37775
bad ending:0.3765
sexualized violence:0.376
dreamlike:0.37025
not funny:0.3575
great:0.35525
quirky:0.35125
adaptation:0.3465
nudity (full frontal - brief):0.34425
greed:0.338
creativity:0.33625
shallow:0.336
sci fi:0.32775
future:0.326
touching:0.32575
violence:0.3235
entirely dialogue:0.32175
melancholic:0.3195
enigmatic:0.3185
twists & turns:0.3175
multiple storylines:0.31625
good story:0.31625
runaway:0.316
boring!:0.314
light:0.31375
visually stunning:0.31275
cinematography:0.31275
silly fun:0.31175
bad plot:0.306
suprisingly clever:0.30475
adventure:0.30275
pornography:0.30225
redemption:0.302
beautiful scenery:0.30175
justice:0.30175
whimsical:0.30075
criterion:0.3
non-linear:0.29875
good:0.29625
underrated:0.29325
complex:0.29225
unfunny:0.28875
loneliness:0.2875
family:0.28625
fight scenes:0.28425
culture clash:0.28125
mad scientist:0.28
nudity (topless):0.279
pointless:0.2785
art:0.2775
historical:0.276
sentimental:0.27425
history:0.27425
cult film:0.27275
psychology:0.27225
social commentary:0.27175
gangsters:0.27075
fantasy world:0.268
stylized:0.26675
bittersweet:0.26575
vengeance:0.26575
intense:0.2655
natural disaster:0.26525
male nudity:0.2645
depression:0.26425
absurd:0.26325
nudity (rear):0.263
