true story:0.94575
based on a book:0.9385
amazing photography:0.9205
history:0.90225
historical:0.8995
scenic:0.87425
based on true story:0.865
dramatic:0.85
biographical:0.84275
beautiful scenery:0.84275
visually stunning:0.8375
cinematography:0.80525
nazis:0.79475
adapted from:book:0.78275
china:0.765
wartime:0.764
based on book:0.7545
culture clash:0.74975
based on a true story:0.7395
us history:0.73675
book:0.7335
original:0.72675
mountain climbing:0.71075
story:0.71025
great cinematography:0.7085
poland:0.70625
nazi:0.70375
civil war:0.691
anti-semitism:0.6895
mentor:0.6715
unlikely friendships:0.6675
good:0.66375
1930s:0.65925
destiny:0.65575
adventure:0.63625
beautifully filmed:0.632
sacrifice:0.629
breathtaking:0.6285
biography:0.62825
catastrophe:0.626
friendship:0.61775
good soundtrack:0.6065
excellent:0.58825
adaptation:0.5875
books:0.58525
pg-13:0.58375
germany:0.57875
world war ii:0.569
very interesting:0.567
drama:0.55475
survival:0.55375
courage:0.546
epic:0.545
stunning:0.54225
storytelling:0.54075
great:0.53
visually appealing:0.51975
transformation:0.5195
political:0.50475
good acting:0.4935
long:0.48575
visual:0.4785
redemption:0.4775
great ending:0.47475
war:0.46975
politics:0.46825
jews:0.463
british:0.458
factual:0.457
end of the world:0.45425
prejudice:0.45375
suprisingly clever:0.44275
revolution:0.44075
great movie:0.44025
love story:0.43825
interesting:0.431
idealism:0.428
betrayal:0.427
camp:0.427
loneliness:0.427
underrated:0.42675
book was better:0.42575
alone in the world:0.4195
colonialism:0.415
fantasy world:0.414
thought-provoking:0.40975
dialogue:0.4085
united nations:0.4025
obsession:0.4005
harsh:0.4
plot:0.3965
foreign:0.39475
shallow:0.391
feel-good:0.3905
oscar:0.3875
inspirational:0.3855
life philosophy:0.3845
distopia:0.384
big budget:0.3785
oscar (best directing):0.37425
