surreal:0.89675
witch:0.851
original:0.764
dreamlike:0.74575
witches:0.739
weird:0.68325
surrealism:0.6775
creepy:0.6715
disturbing:0.63625
devil:0.62425
zombie:0.6045
splatter:0.5765
storytelling:0.562
grindhouse:0.55575
radio:0.5485
horror:0.52525
atmospheric:0.516
stylish:0.515
dialogue:0.506
demons:0.4925
halloween:0.4745
destiny:0.46275
good soundtrack:0.4605
mentor:0.45625
fantasy world:0.44325
great ending:0.44025
alternate reality:0.4335
story:0.43125
vengeance:0.422
creativity:0.4215
visual:0.417
cult film:0.414
stylized:0.41375
cinematography:0.41125
cult:0.41
not funny:0.4015
visually stunning:0.38675
hallucinatory:0.38325
visceral:0.379
catastrophe:0.37575
insanity:0.3725
brutality:0.35575
imdb top 250:0.35325
so bad it's funny:0.3505
dreams:0.34925
strange:0.3445
redemption:0.343
transformation:0.336
predictable:0.327
overrated:0.32425
violence:0.32325
violent:0.3135
dysfunctional family:0.31325
adaptation:0.3125
quirky:0.308
runaway:0.30625
enigmatic:0.30425
bloody:0.30325
pointless:0.30175
great:0.2995
oscar (best supporting actress):0.29925
1970s:0.299
cerebral:0.298
finnish:0.294
visuals:0.29025
justice:0.29
zombies:0.28975
fun movie:0.288
scary:0.2875
dark:0.28425
parallel universe:0.28025
oscar (best directing):0.27825
pulp:0.27775
entirely dialogue:0.27625
cult classic:0.27525
stereotypes:0.27125
first contact:0.27025
women:0.27
clowns:0.2625
criterion:0.26125
adapted from:book:0.26125
suspense:0.26
ominous:0.25575
interesting:0.2525
harsh:0.25225
culture clash:0.251
mental illness:0.2475
music:0.24625
paranoia:0.2445
awesome soundtrack:0.2435
supernatural:0.243
dark fantasy:0.24275
lone hero:0.2425
crazy:0.241
gangsters:0.23825
visually appealing:0.238
new jersey:0.23775
psychological:0.233
nudity:0.22975
pornography:0.22625
