animation:0.995
cartoon:0.94075
disney:0.93025
talking animals:0.91425
family:0.90825
kids and family:0.89925
cute:0.85175
animated:0.84925
cute!:0.84725
kids:0.84275
original:0.81725
animals:0.80275
disney animated feature:0.77875
fun movie:0.7595
children:0.71675
fun:0.6765
good:0.62225
adventure:0.6095
rabbits:0.58575
story:0.5795
heartwarming:0.545
oscar (best music - original song):0.54125
storytelling:0.522
predictable:0.51525
dialogue:0.49675
entertaining:0.48275
catastrophe:0.473
great ending:0.4615
great:0.44375
nostalgic:0.441
computer animation:0.43825
unlikely friendships:0.43075
mentor:0.42625
sweet:0.41825
loneliness:0.39825
redemption:0.38225
stereotypes:0.381
destiny:0.366
clever:0.36475
childhood:0.36225
adoption:0.359
good soundtrack:0.35625
narrated:0.3425
colourful:0.34125
adaptation:0.33975
justice:0.33725
simple:0.3325
light:0.32
natural disaster:0.3195
runaway:0.3185
adapted from:book:0.31575
bad plot:0.31525
brutality:0.3145
happy ending:0.31025
overrated:0.3065
lone hero:0.30475
oscar (best directing):0.3045
not funny:0.30375
action:0.30075
goofy:0.29625
first contact:0.29525
life philosophy:0.2925
greed:0.28575
dysfunctional family:0.285
very good:0.2845
oscar:0.284
betrayal:0.2815
friendship:0.281
silly fun:0.2755
based on a book:0.274
fantasy:0.2735
fantasy world:0.27325
crude humor:0.27325
transformation:0.27275
based on book:0.27275
great movie:0.2725
melancholic:0.27075
books:0.26775
boring!:0.26725
sentimental:0.26675
corruption:0.26525
culture clash:0.26525
visual:0.2645
fight scenes:0.26125
pg:0.26075
entirely dialogue:0.2595
police investigation:0.25925
very funny:0.257
visually stunning:0.25375
boring:0.2525
magic:0.2505
nudity (full frontal - brief):0.24975
intense:0.24525
vengeance:0.245
animal movie:0.2445
quirky:0.24425
multiple storylines:0.24325
shallow:0.243
unusual plot structure:0.2415
imdb top 250:0.24
