interracial romance:0.947
addiction:0.91125
drama:0.86325
drug addiction:0.857
great acting:0.8345
depression:0.80975
emotional:0.75075
drugs:0.73975
relationships:0.72975
death:0.70425
original:0.70025
redemption:0.7
dramatic:0.69775
amazing cinematography:0.69675
indie:0.683
tragedy:0.6795
intense:0.67475
heartbreaking:0.65875
friendship:0.64225
unlikely friendships:0.63725
life philosophy:0.637
good soundtrack:0.63375
realistic:0.63
heroin:0.63
touching:0.611
loneliness:0.601
cathartic:0.59375
mentor:0.59125
dysfunctional family:0.58725
independent film:0.573
crime gone awry:0.56675
oscar:0.5595
social commentary:0.5575
feel-good:0.551
character study:0.54775
depressing:0.54025
catastrophe:0.51825
good acting:0.50375
corruption:0.494
sad:0.49175
exceptional acting:0.49075
oscar (best supporting actress):0.49
bittersweet:0.4795
life & death:0.47575
suburbia:0.4715
family drama:0.46725
oscar (best actress):0.46175
life:0.45825
betrayal:0.458
cinematography:0.45275
movielens top pick:0.4495
great ending:0.4385
oscar (best actor):0.43825
destiny:0.43075
feel good movie:0.43
interesting:0.42425
sacrifice:0.42275
nonlinear:0.41825
narrated:0.418
storytelling:0.41375
gritty:0.41375
reflective:0.41375
runaway:0.41225
happy ending:0.412
dialogue:0.406
suicide attempt:0.406
harsh:0.4025
justice:0.39975
intimate:0.39625
drinking:0.396
pornography:0.3915
pg-13:0.39
hospital:0.38675
oscar (best directing):0.3865
thought-provoking:0.3855
melancholic:0.3855
melancholy:0.381
male nudity:0.38
not funny:0.37975
good:0.37475
mental illness:0.37475
nudity (full frontal - brief):0.3725
complex:0.36825
cerebral:0.36675
honest:0.36225
culture clash:0.3605
adaptation:0.3605
gangsters:0.356
sad but good:0.3535
secrets:0.3525
talky:0.3495
great:0.3445
family:0.34425
powerful ending:0.34325
slow:0.34125
childhood:0.34125
irish accent:0.3395
entirely dialogue:0.33925
existentialism:0.33475
bad ending:0.33425
