documentary:0.9695
sci-fi:0.9545
artistic:0.911
scifi:0.88875
original:0.8805
obsession:0.87875
sci fi:0.8575
artist:0.856
imagination:0.847
eccentricity:0.84375
creativity:0.83325
science fiction:0.83125
art:0.82625
cult film:0.81825
weird:0.809
talky:0.777
literature:0.773
imdb top 250:0.7685
adaptation:0.76125
visually appealing:0.7555
narrated:0.74875
passionate:0.74675
criterion:0.72975
social commentary:0.7245
adapted from:book:0.722
tragedy:0.7175
interesting:0.71225
surreal:0.68975
1970s:0.673
touching:0.66725
philosophy:0.6545
storytelling:0.651
cerebral:0.65025
very interesting:0.64825
masterpiece:0.644
based on book:0.63575
philosophical:0.63525
great ending:0.6275
violent:0.62375
greed:0.62275
mindfuck:0.6215
psychology:0.61825
brutality:0.6175
bittersweet:0.614
inspiring:0.60975
intellectual:0.6075
insanity:0.60275
oscar (best directing):0.5965
cult classic:0.59575
dreams:0.59175
cult:0.59175
allegory:0.58425
good soundtrack:0.574
corruption:0.57
clever:0.57
justice:0.56775
great movie:0.5655
intense:0.5655
unusual plot structure:0.5505
inspirational:0.54425
based on a book:0.5425
complex:0.54125
space opera:0.54025
sacrifice:0.53975
great acting:0.5385
1980s:0.5365
bizarre:0.53625
runaway:0.5345
light:0.532
highly quotable:0.5275
stylish:0.5275
books:0.523
movielens top pick:0.5205
classic:0.5185
absurd:0.518
chase:0.517
technology:0.51525
visually stunning:0.51475
colourful:0.51425
pornography:0.51275
lynch:0.512
good:0.511
mentor:0.506
visual:0.501
excellent script:0.501
movie business:0.5
distopia:0.49725
life philosophy:0.486
vengeance:0.48225
story:0.4815
great:0.48
hallucinatory:0.47975
tense:0.47925
black and white:0.47925
assassination:0.47625
plot twist:0.46625
sexualized violence:0.46575
suprisingly clever:0.46475
suspenseful:0.4635
cinematography:0.4625
