lone hero:0.99025
futuristic:0.9845
future:0.9735
action:0.96275
new york:0.96075
dystopia:0.955
sci-fi:0.9485
snakes:0.946
nocturnal:0.944
cult classic:0.9355
new york city:0.93075
prison:0.92
anti-hero:0.9125
good action:0.89475
cult film:0.8795
sci fi:0.86175
scifi:0.84175
cyberpunk:0.84175
original:0.8275
gunfight:0.81
science fiction:0.80475
action packed:0.796
violent:0.79275
post-apocalyptic:0.79175
cool:0.78825
president:0.7805
great movie:0.774
post apocalyptic:0.76675
prison escape:0.75675
1980s:0.7345
survival:0.72975
great ending:0.72875
chase:0.727
great:0.71825
quotable:0.714
stylized:0.67575
gangs:0.66775
dystopic future:0.6645
special effects:0.664
good versus evil:0.664
dialogue:0.66375
adventure:0.66375
suspenseful:0.657
80s:0.6565
good soundtrack:0.65175
classic:0.65075
vengeance:0.6485
fast paced:0.64575
violence:0.62475
good:0.61825
highly quotable:0.60375
suspense:0.597
weapons:0.58675
dark:0.58475
tense:0.58225
mentor:0.5805
fun:0.5785
cult:0.5735
stylish:0.57275
grim:0.56725
fun movie:0.5655
new jersey:0.5635
hitman:0.55375
crime:0.55325
visual:0.551
end of the world:0.5445
bleak:0.539
dark hero:0.527
allegory:0.5225
story:0.51775
over the top:0.5105
harsh:0.505
underrated:0.50075
intense:0.498
original plot:0.495
revenge:0.48575
exciting:0.48325
gritty:0.4805
brutality:0.47925
classic car:0.47825
transformation:0.47775
secret service:0.4715
low budget:0.46675
forceful:0.46325
silly fun:0.46275
island:0.4615
goofy:0.4615
guns:0.46125
gangsters:0.46075
fight scenes:0.458
excellent:0.4575
storytelling:0.453
very interesting:0.443
not funny:0.438
apocalypse:0.43325
enigmatic:0.432
corruption:0.42375
california:0.41975
campy:0.41975
narrated:0.41825
