based on a book:0.92225
talking animals:0.89575
fun movie:0.88375
children:0.875
fantasy:0.87475
kids:0.843
family:0.8295
goofy:0.79575
magic:0.744
disney:0.72925
destiny:0.72675
cute:0.71275
fun:0.711
childhood:0.70875
silly fun:0.701
light:0.69975
adventure:0.68775
kids and family:0.68275
cute!:0.68275
good:0.67675
original:0.66525
sweet:0.64575
fairy tale:0.64525
chase:0.6225
special effects:0.60125
silly:0.59075
great:0.5765
cars:0.555
fantasy world:0.5055
great ending:0.49225
whimsical:0.48075
san francisco:0.4805
story:0.48025
chocolate:0.471
underdog:0.45825
comedy:0.4575
mentor:0.43725
island:0.42625
catastrophe:0.414
happy ending:0.414
hunting:0.41175
slapstick:0.40925
computer animation:0.3925
life philosophy:0.38025
entertaining:0.37075
dialogue:0.36225
adaptation:0.361
bad plot:0.35825
very funny:0.35725
adapted from:book:0.35325
creativity:0.35075
predictable:0.35
dog:0.349
heartwarming:0.3475
animals:0.33975
alternate history:0.3395
romance:0.3295
feel-good:0.321
not funny:0.3165
transformation:0.31575
good soundtrack:0.314
high fantasy:0.31025
greed:0.30875
clever:0.3085
witches:0.30775
runaway:0.3065
great movie:0.30125
funny:0.299
time:0.29875
storytelling:0.29775
natural disaster:0.29675
sentimental:0.29475
weird:0.293
brutality:0.28975
based on book:0.286
bullying:0.28275
redemption:0.28
good versus evil:0.2785
first contact:0.27675
disney animated feature:0.27475
stereotypes:0.2705
action:0.2705
fairy tales:0.26975
wizards:0.26475
dinosaurs:0.2645
nostalgic:0.2635
romantic:0.2575
wilderness:0.25525
lone hero:0.25325
unusual plot structure:0.25225
franchise:0.25025
unfunny:0.24975
shallow:0.24875
single father:0.248
culture clash:0.24675
racing:0.24425
dragons:0.243
cheesy:0.24025
southern theme:0.2395
feel good movie:0.23725
