social commentary:0.9515
documentary:0.86775
cancer:0.8475
stand-up comedy:0.84675
drug abuse:0.7995
comedy:0.7495
death:0.73675
idealism:0.72625
life:0.7145
original:0.70275
life philosophy:0.6725
mentor:0.66
life & death:0.65825
honest:0.65
good soundtrack:0.64425
artistic:0.626
drugs:0.60725
childhood:0.60675
culture clash:0.5985
transformation:0.56325
wilderness:0.55025
brutality:0.548
very interesting:0.54675
very funny:0.5415
rock and roll:0.53975
drinking:0.539
unlikely friendships:0.53725
politics:0.53125
obsession:0.51675
suprisingly clever:0.50975
pornography:0.5095
alcoholism:0.47
race issues:0.4645
goofy:0.46125
criterion:0.46025
dark hero:0.45275
satire:0.45225
satirical:0.4505
talky:0.45025
road movie:0.4485
political:0.445
catastrophe:0.44425
classic car:0.44275
male nudity:0.43525
splatter:0.4335
internet:0.43275
creativity:0.432
oscar (best actress):0.42725
small town:0.426
biography:0.424
dramatic:0.42275
redemption:0.41775
censorship:0.41725
narrated:0.41575
depression:0.41375
sacrifice:0.41025
storytelling:0.40925
runaway:0.408
grindhouse:0.40525
melancholic:0.4015
artist:0.39875
hospital:0.396
great ending:0.39375
biopic:0.38875
alone in the world:0.388
thought-provoking:0.38775
relationships:0.3875
destiny:0.38725
cynical:0.385
affectionate:0.38225
compassionate:0.37775
friendship:0.3765
inspirational:0.369
story:0.36875
light:0.36425
great:0.36225
greed:0.36225
free to download:0.35925
adapted from:book:0.359
sexualized violence:0.35425
reflective:0.35325
fight scenes:0.3525
graphic design:0.35175
dialogue:0.35125
allegory:0.35125
freedom:0.351
special:0.3505
gulf war:0.35025
beautifully filmed:0.3495
touching:0.3495
clever:0.34925
intimate:0.3475
oscar (best supporting actress):0.34325
interesting:0.34175
manipulation:0.341
underdog:0.33875
art:0.336
stylized:0.3345
independent film:0.33225
witty:0.33225
