japan:0.9805
anime:0.972
animation:0.971
japanese:0.9345
childhood:0.9005
coming of age:0.8985
loneliness:0.8535
tokyo:0.845
storytelling:0.815
imagination:0.81275
children:0.81175
original:0.8065
animated:0.783
heartbreaking:0.75025
emotional:0.7245
heartwarming:0.71175
transformation:0.7075
sweet:0.69
rebellion:0.6865
fantasy world:0.67075
beautiful:0.667
reflective:0.664
wilderness:0.66375
love story:0.618
tragedy:0.614
love:0.611
drama:0.60475
visually appealing:0.598
colourful:0.595
mentor:0.5925
melancholic:0.5885
suprisingly clever:0.58
touching:0.5775
weird:0.5665
studio ghibli:0.5585
criterion:0.55275
miyazaki:0.5445
bittersweet:0.54275
idealism:0.54275
runaway:0.541
culture clash:0.53625
destiny:0.5355
life:0.5345
character study:0.5315
art:0.5215
social commentary:0.5205
coming-of-age:0.51825
humanity:0.51725
compassionate:0.517
good soundtrack:0.5155
school:0.5155
story:0.5135
beautiful scenery:0.511
great:0.5065
oscar (best foreign language film):0.5025
beautifully filmed:0.50125
life & death:0.49675
feel-good:0.49425
foreign:0.49375
depression:0.49325
hospital:0.48275
adolescence:0.4805
creativity:0.48025
amazing cinematography:0.47475
identity:0.4705
intimate:0.4675
complex:0.44925
whimsical:0.448
allegory:0.44475
unusual plot structure:0.443
prejudice:0.4365
friendship:0.4315
imdb top 250:0.4305
movielens top pick:0.428
affectionate:0.42725
obsession:0.427
fairy tale:0.4265
fantasy:0.42625
self discovery:0.4185
great ending:0.41825
oscar (best supporting actress):0.40825
catastrophe:0.405
earnest:0.4045
sentimental:0.3955
stunning:0.38875
visually stunning:0.388
death:0.388
cute:0.383
solitude:0.38025
life philosophy:0.37675
animals:0.376
firefly:0.37525
murder mystery:0.3735
artistic:0.37275
nature:0.37275
brutality:0.3705
honest:0.36725
environmental:0.36425
independent film:0.3625
family drama:0.362
