supernatural:0.93625
horror:0.9335
splatter:0.916
halloween:0.79125
original:0.79125
video game adaptation:0.77125
creepy:0.7535
bloody:0.73975
slasher:0.72325
ghosts:0.67875
demons:0.67525
revenge:0.66525
gruesome:0.62975
weird:0.61725
murder:0.6025
death:0.59675
brutality:0.583
predictable:0.569
vengeance:0.563
gory:0.53025
blood:0.5005
scary:0.491
first contact:0.485
childhood:0.481
grindhouse:0.46725
eerie:0.44975
fight scenes:0.42625
police investigation:0.42425
life philosophy:0.424
bad plot:0.42375
ominous:0.4235
great ending:0.42175
dialogue:0.41225
mentor:0.4085
pointless:0.3995
catastrophe:0.399
cult:0.39875
so bad it's funny:0.39575
fantasy world:0.3775
bad acting:0.37325
family:0.37225
silly fun:0.3715
not funny:0.36625
suspense:0.36425
goretastic:0.361
story:0.35075
visually appealing:0.346
adaptation:0.343
good soundtrack:0.337
special effects:0.3355
cult classic:0.33275
mad scientist:0.3205
franchise:0.32
immortality:0.32
technology:0.31925
solitude:0.318
suspenseful:0.312
lone hero:0.31175
spying:0.3105
psychiatrist:0.31025
sexualized violence:0.308
atmospheric:0.3045
weapons:0.30125
entirely dialogue:0.301
guilt:0.3005
nocturnal:0.296
stylish:0.296
overrated:0.291
frightening:0.28575
quirky:0.283
zombie:0.28225
harsh:0.2795
campy:0.2795
spiders:0.27725
twists & turns:0.2725
bizarre:0.27175
writers:0.2715
cult film:0.27025
boring:0.26975
violent:0.26675
haunted house:0.266
low budget:0.26575
strange:0.26025
storytelling:0.26
redemption:0.2595
reflective:0.25775
criterion:0.25275
80s:0.25125
cinematography:0.251
disturbing:0.25075
stylized:0.247
multiple storylines:0.2435
dreamlike:0.242
action:0.2395
gangsters:0.2365
macabre:0.23625
psychological:0.232
new jersey:0.23025
clever:0.2295
sexy:0.228
