documentary:0.97475
iraq war:0.9745
middle east:0.97275
iraq:0.966
islam:0.94225
journalism:0.9335
war:0.89
propaganda:0.88525
politics:0.839
military:0.8175
weapons:0.813
original:0.77725
bombs:0.77475
social commentary:0.77
world politics:0.7575
corruption:0.755
complex:0.7505
tragedy:0.7265
secrets:0.71875
manipulation:0.71725
censorship:0.7115
interesting:0.70875
free speech:0.693
very interesting:0.6895
forceful:0.6895
earnest:0.6875
greed:0.6875
war movie:0.686
controversial:0.684
foreign:0.678
political:0.662
9/11:0.661
powerful ending:0.649
criterion:0.6445
genocide:0.63675
thought-provoking:0.6305
narrated:0.62475
oil:0.6215
oscar (best directing):0.6185
reflective:0.617
dramatic:0.60925
intelligent:0.5915
pornography:0.58325
brutality:0.569
prejudice:0.56875
idealism:0.55275
culture clash:0.55225
gulf war:0.53625
witty:0.5315
tense:0.52375
heartbreaking:0.52125
light:0.52075
good:0.51175
talky:0.511
movielens top pick:0.51025
ethnic conflict:0.50975
drama:0.50975
educational:0.50775
imdb top 250:0.50025
oscar (best actress):0.498
factual:0.49725
great ending:0.49675
british:0.48925
great:0.489
honest:0.482
spanish:0.48
absurd:0.46975
harsh:0.46925
terrorism:0.46125
poignant:0.4595
death:0.45675
pg-13:0.45575
suprisingly clever:0.45425
storytelling:0.45325
dialogue:0.45325
capitalism:0.45225
freedom:0.4515
anti-war:0.4515
catastrophe:0.448
women:0.44575
intimate:0.44575
internet:0.44475
obsession:0.44175
sacrifice:0.434
realistic:0.42675
clever:0.42675
mentor:0.4255
violence:0.42475
assassination:0.4245
runaway:0.424
courage:0.4235
stereotypes:0.42075
us history:0.4195
justice:0.4185
best war films:0.41775
israel:0.41325
destiny:0.41125
morality:0.4105
california:0.40725
moral ambiguity:0.40575
