father son relationship:0.97525
samurai:0.94425
stylish:0.9345
vengeance:0.92625
father-son relationship:0.92025
ninja:0.88925
japan:0.8835
bloody:0.87125
assassin:0.86575
cult classic:0.865
assassins:0.837
original:0.836
good soundtrack:0.83375
childhood:0.8255
violent:0.823
criterion:0.815
movielens top pick:0.808
gunfight:0.80375
weapons:0.79175
stylized:0.78725
brutality:0.78025
highly quotable:0.7635
fight scenes:0.75125
beautifully filmed:0.747
mentor:0.746
life & death:0.7385
melancholic:0.7325
series:0.72575
life philosophy:0.71225
enigmatic:0.71175
melancholy:0.71175
assassination:0.70975
great movie:0.68925
visceral:0.689
exceptional acting:0.6795
cool:0.6785
tokyo:0.67525
storytelling:0.673
imdb top 250:0.669
weird:0.66725
affectionate:0.65825
talky:0.64825
narrated:0.646
secrets:0.64275
gory:0.6415
reflective:0.63725
death:0.636
character study:0.61875
blood:0.6015
visual:0.6005
pornography:0.59225
oscar (best foreign language film):0.58775
complex characters:0.58725
anti-hero:0.58475
masterpiece:0.574
breathtaking:0.5725
chase:0.568
colourful:0.55175
suprisingly clever:0.5495
golden palm:0.53775
great:0.5365
drinking:0.53475
screwball:0.534
unusual plot structure:0.533
dysfunctional family:0.52775
cult film:0.5145
runaway:0.51175
action:0.51125
violence:0.511
gangs:0.505
cinematography:0.50425
loneliness:0.5015
revenge:0.50025
forceful:0.50025
idealism:0.5
dialogue:0.4995
grindhouse:0.497
tense:0.49675
classic car:0.496
goofy:0.4955
amazing cinematography:0.495
betrayal:0.49375
male nudity:0.49275
dark hero:0.49125
bullying:0.49125
brutal:0.48875
irreverent:0.4805
action packed:0.47625
family drama:0.47475
nocturnal:0.4715
martial arts:0.46625
dark humor:0.46
coming of age:0.4585
hitman:0.45575
entirely dialogue:0.45375
foreign:0.45025
crime gone awry:0.44625
art:0.4455
culture clash:0.445
torture:0.4435
