finnish:0.99975
drinking:0.90525
so bad it's funny:0.85075
original:0.82575
comedy:0.739
life philosophy:0.72825
good:0.7255
sports:0.706
good action:0.67675
predictable:0.65525
author:neil gaiman:0.6095
god:0.591
80s:0.58425
story:0.575
catastrophe:0.56675
alone in the world:0.5525
based on true story:0.551
science fiction:0.53725
fighting:0.52375
foul language:0.5115
competition:0.51
olympics:0.5045
fantasy world:0.495
mentor:0.494
great ending:0.48575
lone hero:0.482
internet:0.47125
superheroes:0.46475
life & death:0.46325
redemption:0.4555
drama:0.4505
police investigation:0.4485
computer animation:0.441
bad plot:0.42875
suburbia:0.4285
family:0.4275
brutality:0.423
pg-13:0.4215
dialogue:0.4205
big budget:0.414
fight scenes:0.414
good soundtrack:0.41175
alcoholism:0.411
scifi:0.40775
technology:0.39275
adapted from:comic:0.39225
dark hero:0.3905
workplace:0.3875
light:0.38425
chase:0.37825
special effects:0.377
first contact:0.37625
shallow:0.372
satirical:0.3715
crappy sequel:0.3695
super hero:0.369
feel-good:0.36875
sci fi:0.3655
adaptation:0.36525
stereotypes:0.3635
intense:0.36025
destiny:0.35275
buddy movie:0.35125
prison:0.34975
franchise:0.34825
immortality:0.34825
greed:0.34425
apocalypse:0.3425
storytelling:0.34225
anti-hero:0.3415
very interesting:0.33525
action:0.33275
android(s)/cyborg(s):0.33275
corruption:0.3275
sci-fi:0.327
based on a comic:0.32575
natural disaster:0.3245
overrated:0.32425
humorous:0.3225
transformation:0.315
action packed:0.315
murder:0.31325
fun:0.3125
runaway:0.308
justice:0.30775
creativity:0.3055
motorcycle:0.30425
monsters:0.30375
culture clash:0.30025
product placement:0.3
inspirational:0.29925
betrayal:0.29675
melancholic:0.296
inspiring:0.29375
fantasy:0.29375
future:0.28725
end of the world:0.28675
pornography:0.2865
alter ego:0.28625
beer:0.28625
