meditative:0.98225
visually stunning:0.9565
visual:0.9565
cinematography:0.95425
70mm:0.9535
visually appealing:0.93825
stunning:0.92075
documentary:0.91775
life & death:0.91575
beautiful:0.8755
narrated:0.87425
photography:0.87425
breathtaking:0.87275
criterion:0.863
beautifully filmed:0.863
reflective:0.84725
artistic:0.81075
humanity:0.80825
weird:0.7925
scenic:0.784
original:0.7825
nature:0.7815
imdb top 250:0.771
talky:0.7625
amazing photography:0.7565
complex:0.75125
existentialism:0.74875
enigmatic:0.7455
masterpiece:0.74
visuals:0.72925
art:0.72575
oscar (best directing):0.724
cerebral:0.72175
greed:0.717
loneliness:0.70575
golden palm:0.68975
storytelling:0.689
melancholic:0.68725
philosophical:0.68275
beautiful scenery:0.67925
social commentary:0.6665
intimate:0.65525
philosophy:0.65025
colourful:0.63175
environment:0.63075
natural disaster:0.62725
culture clash:0.62075
bleak:0.61725
surreal:0.61475
suprisingly clever:0.60625
life philosophy:0.60575
bittersweet:0.6035
obsession:0.60225
alone in the world:0.595
life:0.59225
stylized:0.59125
good soundtrack:0.5705
oscar (best actress):0.56925
idealism:0.56175
interesting:0.56025
music:0.556
dreamlike:0.5535
thought-provoking:0.5515
imagination:0.55
runaway:0.55
affectionate:0.548
melancholy:0.547
childhood:0.5445
silent:0.53775
unusual plot structure:0.5365
irreverent:0.53275
art house:0.53275
disturbing:0.52875
mentor:0.5285
passionate:0.52825
dialogue:0.51875
lyrical:0.517
death:0.51625
oscar (best foreign language film):0.51475
ecology:0.51375
atmospheric:0.51275
oscar (best cinematography):0.5125
poignant:0.50825
harsh:0.50425
intellectual:0.50225
movielens top pick:0.499
solitude:0.492
light:0.4915
tragedy:0.48975
amazing cinematography:0.4875
destiny:0.48425
downbeat:0.4835
very interesting:0.48225
creativity:0.4735
artist:0.4705
psychological:0.4685
dreams:0.4685
foreign:0.46725
poetry:0.46675
excellent script:0.46475
