splatter:0.9395
horror:0.919
franchise:0.90825
series:0.82225
original:0.794
supernatural:0.77925
sequels:0.6925
demons:0.69025
sequel:0.689
surreal:0.638
violence:0.6075
gory:0.5895
sci-fi:0.57125
scary:0.56075
great ending:0.5545
weapons:0.54275
creepy:0.5395
sci fi:0.5385
first contact:0.53675
action packed:0.53525
weird:0.5305
special effects:0.52875
good sequel:0.52075
campy:0.5195
death:0.51875
humorous:0.51675
fantasy:0.51675
murder:0.5135
pointless:0.49725
predictable:0.49025
cult film:0.4895
transformation:0.48775
quirky:0.4805
zombies:0.47625
aliens:0.473
cult classic:0.461
monster:0.455
grindhouse:0.4505
dialogue:0.44675
80s:0.4435
dark hero:0.44025
action:0.43925
mentor:0.43325
surrealism:0.427
zombie:0.42625
dreamlike:0.42225
science fiction:0.421
enigmatic:0.41775
insanity:0.40775
cool:0.4025
teens:0.399
fantasy world:0.39375
immortality:0.3925
mad scientist:0.3885
gore:0.38
brutality:0.379
adventure:0.3775
gothic:0.3755
nudity (topless):0.37525
blood:0.37425
vengeance:0.37325
fun:0.373
fight scenes:0.36675
mutants:0.36175
catastrophe:0.36075
suspense:0.36075
camp:0.35375
story:0.34825
afterlife:0.34675
serial killer:0.3465
cult:0.346
overrated:0.343
hospital:0.3385
gruesome:0.33825
scifi:0.338
chase:0.337
adaptation:0.3345
stylized:0.33225
bad plot:0.33125
pornography:0.32775
effects:0.32775
fun movie:0.32625
nudity:0.32175
redemption:0.3195
silly:0.31725
slapstick:0.3125
slasher:0.31225
not funny:0.31075
macabre:0.3105
storytelling:0.30375
allegory:0.3015
sexualized violence:0.30125
great:0.30075
entirely dialogue:0.3
twist ending:0.29875
existentialism:0.28875
mythology:0.284
runaway:0.28375
imdb top 250:0.283
life & death:0.2825
