splatter:0.98225
post-apocalyptic:0.95375
post apocalyptic:0.93375
gore:0.91275
1980s:0.893
cult:0.879
good soundtrack:0.8765
gory:0.86675
bloody:0.8425
80s:0.8305
fun movie:0.81275
low budget:0.80225
cheesy:0.8015
cult classic:0.79625
weapons:0.78225
original:0.76475
nostalgic:0.73525
fun:0.695
nostalgia:0.69275
apocalypse:0.6485
grindhouse:0.6405
cult film:0.61875
sci fi:0.60725
scifi:0.59725
sci-fi:0.573
brutality:0.55475
cool:0.553
blood:0.55275
natural disaster:0.547
robots:0.543
violence:0.541
mentor:0.52875
violent:0.504
goofy:0.49675
great soundtrack:0.496
stylized:0.495
life philosophy:0.47725
quirky:0.4685
dialogue:0.46325
awesome soundtrack:0.462
future:0.461
new jersey:0.451
superhero:0.44
independent film:0.4395
childhood:0.428
futuristic:0.4245
mad scientist:0.422
catastrophe:0.42125
sexualized violence:0.41575
friendship:0.39925
super hero:0.396
weird:0.39475
bad acting:0.38925
not funny:0.38775
zombie:0.385
brutal:0.37875
action:0.37375
vengeance:0.36775
special effects:0.367
lone hero:0.3635
stoner movie:0.3595
runaway:0.3595
entirely dialogue:0.35825
directorial debut:0.35825
so bad it's funny:0.35625
chase:0.35525
science fiction:0.34875
campy:0.3475
superheroes:0.3405
great ending:0.33525
macabre:0.3345
pornography:0.31525
silly:0.315
great:0.31425
road movie:0.313
corny:0.3115
unlikely friendships:0.308
insanity:0.307
ironic:0.30425
storytelling:0.299
twists & turns:0.29675
quotable:0.29675
transformation:0.29225
adventure:0.2885
dark humor:0.28025
good:0.2785
gangsters:0.276
demons:0.27575
cinematography:0.274
fantasy world:0.2715
fast paced:0.27075
kids and family:0.26975
revenge:0.26625
harsh:0.266
parody:0.266
justice:0.26525
pulp:0.26425
unusual plot structure:0.2635
dystopia:0.2605
absurd:0.2535
