goofy:0.92875
fun movie:0.87875
silly fun:0.81525
so bad it's funny:0.771
comedy:0.746
original:0.73775
kids:0.7375
fun:0.70875
kids and family:0.67775
silly:0.67175
predictable:0.565
dumb:0.53425
great ending:0.50975
slapstick:0.50475
mentor:0.4975
absurd:0.48625
overrated:0.47625
very funny:0.46675
stupidity:0.46475
bad plot:0.4535
childhood:0.45125
humorous:0.443
dumb but funny:0.44225
catastrophe:0.4415
idiotic:0.4195
camp:0.4185
product placement:0.41025
family:0.4075
light:0.405
high school:0.40075
stupid:0.39925
funny:0.398
parody:0.3975
dialogue:0.378
storytelling:0.36325
life philosophy:0.362
unlikely friendships:0.36
quotable:0.35725
stupid as hell:0.35125
brutality:0.35075
lone hero:0.34925
first contact:0.3445
road movie:0.337
hilarious:0.335
fantasy world:0.33125
saturday night live:0.32925
stoner movie:0.32325
funny as hell:0.32175
justice:0.32025
great acting:0.317
sarcasm:0.31375
ridiculous:0.3115
bad:0.31
humor:0.30875
adaptation:0.30225
unusual plot structure:0.30075
cult film:0.2985
imdb top 250:0.295
pointless:0.29475
entirely dialogue:0.29075
good:0.29
visually appealing:0.289
spying:0.28875
cinematography:0.28875
ninja:0.2885
friendship:0.28625
creativity:0.28375
great:0.2825
children:0.28075
harsh:0.28
unfunny:0.276
teacher:0.276
not funny:0.27575
pornography:0.2745
teen movie:0.27275
fight scenes:0.27175
satirical:0.2715
destiny:0.2705
story:0.26675
runaway:0.2665
melancholic:0.2655
cars:0.26525
competition:0.2635
good soundtrack:0.2585
80s:0.257
action:0.257
dreamlike:0.25625
weird:0.256
chase:0.25425
bad acting:0.253
twists & turns:0.25125
writers:0.251
entertaining:0.2505
weapons:0.2455
vengeance:0.245
crude humor:0.24425
clever:0.24375
brothers:0.242
culture clash:0.2415
unlikeable characters:0.241
