wartime:0.977
nazi:0.8905
nazis:0.88975
espionage:0.88325
series:0.883
wwii:0.878
england:0.8675
british:0.78975
life & death:0.75225
radio:0.7335
world war ii:0.72025
original:0.65725
story:0.61075
mystery:0.60275
mentor:0.59375
propaganda:0.551
dialogue:0.531
first contact:0.525
based on a play:0.49475
london:0.49075
adventure:0.48775
classic:0.483
bad plot:0.475
light:0.45375
greed:0.44
1930s:0.439
german:0.43
franchise:0.43
murder mystery:0.42775
catastrophe:0.41725
imagination:0.4145
wine:0.40025
children:0.3845
spies:0.37975
classic car:0.376
idealism:0.3755
murder:0.36825
enigmatic:0.367
science fiction:0.36475
culture clash:0.364
secrets:0.36325
spy:0.363
very good:0.3625
war:0.36225
adapted from:book:0.36225
fantasy world:0.36075
courage:0.35125
private detective:0.351
british comedy:0.34775
imdb top 250:0.346
betrayal:0.34375
detective:0.339
screwball:0.334
great ending:0.33375
talky:0.33125
great:0.32925
good:0.32475
original plot:0.32475
not funny:0.32375
lone hero:0.3225
single father:0.3215
island:0.31975
desert:0.31925
bullshit history:0.3145
irish:0.3125
no plot:0.3105
space:0.30125
brutality:0.296
criterion:0.29425
germany:0.28975
high fantasy:0.28875
multiple storylines:0.28775
allegory:0.28325
atmospheric:0.281
fashion:0.2785
creativity:0.278
film noir:0.2765
adaptation:0.2765
spying:0.2755
doctors:0.27125
world war i:0.27075
books:0.26875
farce:0.26625
storytelling:0.26225
life philosophy:0.2615
space travel:0.259
suprisingly clever:0.25375
cute:0.252
family:0.24875
bullying:0.24775
stylized:0.24775
destiny:0.24175
forceful:0.241
predictable:0.24075
fun:0.23925
teacher:0.2385
made for tv:0.23475
runaway:0.23275
awesome soundtrack:0.23125
coming-of-age:0.225
