fantasy:0.87075
obsession:0.865
pornography:0.82575
erotic:0.7725
sexy:0.76275
original:0.694
nudity (topless):0.56625
surreal:0.55225
predictable:0.52475
fantasy world:0.49025
bizarre:0.48225
london:0.4705
spying:0.4675
surrealism:0.46375
pointless:0.45975
runaway:0.45725
mentor:0.45575
psychology:0.4535
thriller:0.453
teen movie:0.45175
great ending:0.44125
shallow:0.42825
catastrophe:0.4115
intense:0.404
voyeurism:0.3965
dialogue:0.396
suspense:0.376
destiny:0.3755
nudity (full frontal - brief):0.37325
police investigation:0.37125
good soundtrack:0.367
sexual:0.3615
psychological:0.355
good:0.343
bad plot:0.34
not funny:0.33675
storytelling:0.333
stupid:0.33025
first contact:0.32875
brutality:0.32
so bad it's funny:0.32
stupidity:0.31775
boring:0.3165
suspenseful:0.3145
melancholic:0.31375
teens:0.30625
action:0.3055
teen:0.303
nudity:0.30225
no plot:0.30025
plot:0.3
overrated:0.292
great:0.2855
family:0.285
dreams:0.28425
lone hero:0.28325
entirely dialogue:0.2825
story:0.278
adaptation:0.2745
bullying:0.2745
twists & turns:0.2665
nudity (topless - notable):0.2595
life philosophy:0.25825
very funny:0.25775
weird:0.25675
natural disaster:0.25125
visually appealing:0.25125
fight scenes:0.25125
redemption:0.251
boring!:0.249
nocturnal:0.2485
thought-provoking:0.24575
fun:0.242
silly fun:0.242
cult classic:0.24175
very interesting:0.24175
crude humor:0.2415
culture clash:0.23875
pg-13:0.23825
chase:0.23675
disturbing:0.2355
sexualized violence:0.23525
horrible:0.23025
sci fi:0.2275
vengeance:0.22525
gangsters:0.219
visually stunning:0.21875
police corruption:0.21775
cult film:0.217
unfunny:0.2165
life & death:0.2145
happy ending:0.21375
betrayal:0.21325
special effects:0.2115
dreamlike:0.211
multiple storylines:0.20975
adapted from:book:0.209
internet:0.208
male nudity:0.207
atmospheric:0.2055
