kidnapping:0.959
claustrophobic:0.89925
drama:0.8715
talky:0.855
psychological:0.8515
downbeat:0.8475
great acting:0.8465
tense:0.84175
oscar (best actress):0.8275
criterion:0.82525
cinematography:0.81675
creepy:0.81525
obsession:0.814
crime:0.814
loneliness:0.7995
psychology:0.79825
masterpiece:0.79625
police investigation:0.7805
character study:0.75225
unusual plot structure:0.74925
suspense:0.74525
oscar (best directing):0.74075
suspenseful:0.7335
atmospheric:0.733
british:0.725
guilt:0.71925
visual:0.717
enigmatic:0.71475
insanity:0.69975
original:0.69175
twists & turns:0.6885
great ending:0.67125
runaway:0.67075
black and white:0.668
crime gone awry:0.66725
secrets:0.6655
macabre:0.658
storytelling:0.645
greed:0.64425
intense:0.64175
bleak:0.6385
complicated:0.6265
mental illness:0.6245
imdb top 250:0.62375
moody:0.6195
dark:0.6195
forceful:0.61675
childhood:0.616
thriller:0.615
betrayal:0.6145
oscar (best foreign language film):0.60825
assassination:0.60775
visually appealing:0.60725
eerie:0.5975
affectionate:0.597
stylized:0.5935
manipulation:0.59325
stunning:0.5925
tragedy:0.585
murder:0.58075
oscar (best cinematography):0.57825
good acting:0.57525
investigation:0.57325
dramatic:0.572
exceptional acting:0.565
adultery:0.56325
excellent:0.55775
interesting:0.55375
twist:0.55175
england:0.545
golden palm:0.54425
sexy:0.536
grim:0.53375
dialogue:0.531
plot:0.5265
police:0.5255
paranoia:0.52525
cerebral:0.52275
adaptation:0.5155
tricky:0.51275
death:0.512
story:0.512
weird:0.50925
dark humor:0.50625
intimate:0.50425
queer:0.5035
witty:0.496
disturbing:0.49475
heist:0.49275
corruption:0.492
culture clash:0.48675
melancholic:0.48475
stylish:0.47475
clever:0.4705
compassionate:0.46875
photography:0.4685
suprisingly clever:0.46675
adapted from:book:0.4665
moral ambiguity:0.46575
period piece:0.46175
