comedy:0.963
workplace:0.9085
hilarious:0.86825
funny:0.8545
dark humor:0.784
murder:0.78025
social commentary:0.755
foul language:0.7435
pg-13:0.7405
very funny:0.73575
original:0.7255
drinking:0.7245
watch the credits:0.6745
crude humor:0.67025
pornography:0.62675
sexual:0.61575
great ending:0.6085
plot:0.5935
clever:0.58275
dialogue:0.5775
humorous:0.57
black comedy:0.5685
stereotypes:0.56225
happy ending:0.56075
unfunny:0.56025
funniest movies:0.559
horrible:0.54875
predictable:0.541
great:0.529
humor:0.52625
twists & turns:0.51075
mentor:0.50975
revenge:0.509
story:0.505
off-beat comedy:0.49375
corruption:0.4825
silly:0.47725
absurd:0.4755
sexy:0.4685
good soundtrack:0.46825
catastrophe:0.46175
sexualized violence:0.457
dark comedy:0.44825
farce:0.44175
betrayal:0.4395
good:0.43675
vengeance:0.435
quotable:0.432
buddy movie:0.42275
greed:0.416
funny as hell:0.40575
manipulation:0.40075
culture clash:0.4
goofy:0.399
suspense:0.3975
better than expected:0.39725
entertaining:0.396
sarcasm:0.383
chase:0.3825
justice:0.37875
weird:0.37625
brutality:0.37
ensemble cast:0.3645
life philosophy:0.36425
dumb:0.35525
nudity (topless - notable):0.35525
so bad it's funny:0.34875
drugs:0.34825
suprisingly clever:0.34825
idiotic:0.345
runaway:0.34075
fun movie:0.34
creativity:0.33825
storytelling:0.33375
police investigation:0.33325
fantasy world:0.333
satire:0.33175
bad ending:0.32925
redemption:0.32475
prejudice:0.32475
comic:0.32275
plot twist:0.32275
great movie:0.32125
robert downey jr:0.319
visually appealing:0.31775
adaptation:0.3175
life & death:0.314
assassin:0.3135
fun:0.3115
stoner movie:0.3075
witty:0.30675
interesting:0.30625
fight scenes:0.3035
slapstick:0.30275
fast paced:0.30275
male nudity:0.301
bad plot:0.301
shallow:0.3005
stupidity:0.29875
weapons:0.297
