kids and family:0.972
kids:0.9585
childhood:0.83
feel-good:0.7635
children:0.7325
original:0.7095
feel good movie:0.68025
time travel:0.67725
mentor:0.67575
destiny:0.656
family:0.645
fun movie:0.60325
good:0.57925
cute!:0.5745
innocence lost:0.5735
bullying:0.5715
fun:0.56975
cute:0.569
fantasy:0.5545
disney:0.535
great:0.52425
happy ending:0.5105
predictable:0.50275
touching:0.47725
redemption:0.46875
catastrophe:0.46625
heartwarming:0.4585
great ending:0.45625
story:0.451
light:0.41475
runaway:0.414
lone hero:0.40625
entertaining:0.39125
space travel:0.3735
comedy:0.3695
dialogue:0.36075
clever:0.36
underdog:0.35725
great movie:0.35675
storytelling:0.353
life philosophy:0.35225
midlife crisis:0.348
not funny:0.34775
transformation:0.3335
future:0.3295
pg-13:0.3275
chase:0.32525
sentimental:0.3245
romantic:0.32425
first contact:0.3235
humorous:0.3185
excellent:0.31575
adventure:0.30175
very funny:0.29875
overrated:0.2905
complex:0.29
slapstick:0.28525
memory:0.28475
sweet:0.2805
good soundtrack:0.27975
culture clash:0.2795
drama:0.27925
dog:0.276
life:0.27475
pg:0.27425
nostalgic:0.2715
fight scenes:0.271
fantasy world:0.264
great acting:0.26275
inspirational:0.259
astronauts:0.2555
underrated:0.25475
adaptation:0.25375
brutality:0.2535
so bad it's funny:0.25325
melancholic:0.2525
natural disaster:0.25225
magic:0.25175
supernatural:0.24775
girlie movie:0.247
silly fun:0.246
suspense:0.2455
allegory:0.24425
action:0.244
quirky:0.24275
funny:0.241
very good:0.23875
unfunny:0.23825
writers:0.23325
excellent script:0.23325
vengeance:0.2325
whimsical:0.23075
justice:0.22825
good action:0.2275
existentialism:0.2245
mad scientist:0.2245
toys:0.224
entirely dialogue:0.22375
sports:0.221
california:0.216
