love:0.9525
love story:0.91875
c.s. lewis:0.89825
beautifully filmed:0.87125
relationships:0.83225
beautiful scenery:0.81425
biographical:0.801
biography:0.786
life & death:0.7845
touching:0.78075
biopic:0.7745
cancer:0.73025
emotional:0.72625
reflective:0.71675
passionate:0.6835
romantic:0.6805
literature:0.67675
period piece:0.67225
true story:0.665
excellent script:0.6535
mentor:0.65025
friendship:0.6475
based on a play:0.647
life philosophy:0.64275
original:0.63875
england:0.63625
romance:0.6325
loneliness:0.62575
poignant:0.60475
transformation:0.604
great:0.602
story:0.58725
marriage:0.587
sentimental:0.582
great movie:0.5805
great ending:0.566
oscar (best directing):0.562
great acting:0.55975
unlikely friendships:0.55075
criterion:0.5505
destiny:0.54975
factual:0.54575
writers:0.543
cerebral:0.5345
good acting:0.534
idealism:0.52875
heartbreaking:0.5255
life:0.5245
childhood:0.52025
oscar (best supporting actress):0.5195
oscar (best actress):0.513
melancholic:0.512
british:0.50125
dramatic:0.501
good:0.5005
tear jerker:0.49325
feel-good:0.49225
sacrifice:0.481
movielens top pick:0.47975
adapted from:book:0.4725
cinematography:0.46775
costume drama:0.46725
feel good movie:0.46325
catastrophe:0.46275
adaptation:0.46175
excellent:0.4555
drama:0.45475
culture clash:0.454
death:0.4515
honest:0.44425
suprisingly clever:0.43525
unusual plot structure:0.43425
sweet:0.42925
cathartic:0.4285
oscar:0.4185
good soundtrack:0.418
beautiful:0.413
witty:0.41075
bittersweet:0.40975
drinking:0.40575
solitude:0.40375
tragedy:0.39625
dialogue:0.3915
fun movie:0.39
redemption:0.38925
fight scenes:0.3825
philosophy:0.38025
earnest:0.37875
philosophical:0.37675
interesting:0.37525
melancholy:0.3745
runaway:0.37425
affectionate:0.372
prejudice:0.37175
historical:0.37075
fantasy world:0.3705
talky:0.368
storytelling:0.36725
divorce:0.36525
masterpiece:0.36525
