single father:0.98925
mars:0.98025
adoption:0.972
children:0.909
original:0.84175
feel-good:0.84
touching:0.832
childhood:0.83125
storytelling:0.77
mentor:0.7385
parenthood:0.72775
feel good movie:0.68525
life philosophy:0.68275
great ending:0.671
good soundtrack:0.6655
sweet:0.6645
heartwarming:0.6605
destiny:0.658
sentimental:0.646
cute:0.59275
eccentricity:0.58775
weird:0.586
good:0.58325
science fiction:0.577
kids:0.565
redemption:0.55775
story:0.542
homeless:0.541
happy ending:0.53275
quirky:0.52675
emotional:0.5125
beautiful scenery:0.49525
clever:0.49375
inspirational:0.47675
whimsical:0.47175
sci fi:0.4675
identity:0.45825
cute!:0.45725
family drama:0.44725
irish accent:0.44
family:0.43575
poignant:0.4335
cerebral:0.43325
fantasy world:0.427
imagination:0.42025
special:0.419
alien:0.41875
sappy:0.41875
books:0.41625
life:0.41375
tear jerker:0.41375
catastrophe:0.41175
writers:0.4005
dialogue:0.39975
bad ending:0.39725
pg-13:0.3955
so bad it's funny:0.39175
suprisingly clever:0.391
existentialism:0.38175
great:0.379
space travel:0.3765
very interesting:0.37625
justice:0.37575
not funny:0.3755
light:0.37475
kids and family:0.36825
great acting:0.36475
humanity:0.36475
excellent script:0.363
predictable:0.362
life & death:0.3525
stereotypes:0.352
melancholic:0.3485
death:0.3405
product placement:0.34
reflective:0.339
independent film:0.33875
unlikely friendships:0.33625
drama:0.33575
first contact:0.33275
adaptation:0.3315
friendship:0.32375
simple:0.32025
scifi:0.31925
good story:0.31725
courage:0.31675
heartbreaking:0.31625
transformation:0.312
good acting:0.30825
runaway:0.3075
solitude:0.3025
parallel universe:0.302
alternate endings:0.29125
adapted from:book:0.2905
depression:0.289
unusual plot structure:0.2825
bullying:0.28225
love story:0.28125
based on book:0.28125
police investigation:0.27775
