dog:0.99675
dogs:0.995
cute!:0.877
talking animals:0.87475
space:0.787
so bad it's funny:0.702
cute:0.69775
original:0.67625
family:0.595
crude humor:0.53575
animals:0.52975
girlie movie:0.5275
natural disaster:0.5125
catastrophe:0.5105
great ending:0.494
predictable:0.4675
fantasy:0.46525
good:0.45375
special effects:0.44875
bad plot:0.44625
silly:0.433
mentor:0.43125
fun:0.42425
pg:0.4165
science fiction:0.40325
disney:0.40275
sci fi:0.38225
dialogue:0.37175
life philosophy:0.35425
stupid:0.35125
not funny:0.348
children:0.34675
lone hero:0.33975
bullying:0.32725
great:0.32625
aliens:0.3235
horrible:0.316
overrated:0.314
nudity (rear):0.29
bad:0.2865
scifi:0.28525
teen movie:0.285
unfunny:0.285
fun movie:0.28025
better than expected:0.2765
kids and family:0.27175
crappy sequel:0.26625
sci-fi:0.26075
global warming:0.259
silly fun:0.25725
very funny:0.2485
destiny:0.24525
culture clash:0.24075
runaway:0.24025
ghosts/afterlife:0.23525
first contact:0.233
nudity (full frontal - brief):0.22925
animal movie:0.22675
happy ending:0.22175
slapstick:0.22075
bad cgi:0.22025
bad ending:0.21925
no plot:0.21775
entirely dialogue:0.2165
sappy:0.21625
fight scenes:0.21575
chase:0.2145
witches:0.2135
bad acting:0.21075
adaptation:0.2085
disaster:0.20575
romance:0.2055
fantasy world:0.20375
transformation:0.2025
romantic comedy:0.20225
violence:0.2
vengeance:0.1995
brutality:0.199
entertaining:0.19825
bad science:0.19625
based on a video game:0.196
pulp:0.19375
nocturnal:0.1935
stupidity:0.19275
kids:0.1925
absurd:0.192
pornography:0.192
franchise:0.19
cheesy:0.18925
romantic:0.187
environmental:0.18575
police investigation:0.18525
adoption:0.1845
action:0.18425
hilarious:0.184
boring:0.182
stereotypes:0.1815
cult film:0.181
story:0.18025
death:0.1795
