blaxploitation:0.99275
vigilante:0.974
violence:0.95125
cult classic:0.92425
violent:0.91275
revenge:0.89375
gratuitous violence:0.8905
drugs:0.88775
fight scenes:0.863
grindhouse:0.84075
stylish:0.835
sexy:0.8325
vengeance:0.82125
drug abuse:0.81775
brutality:0.79225
visceral:0.77975
cool:0.767
drug addiction:0.7575
action:0.74
dialogue:0.72525
original:0.72125
twists & turns:0.70225
gangsters:0.6985
splatter:0.68825
pulp:0.685
good soundtrack:0.64775
highly quotable:0.64075
bloody:0.6225
cult film:0.61725
quotable:0.6165
stylized:0.6025
police corruption:0.60025
runaway:0.592
nudity:0.589
mentor:0.585
corruption:0.57475
heroine:0.57225
crime:0.57075
dark hero:0.5685
fun movie:0.56825
sisters:0.56825
insanity:0.5665
political corruption:0.565
entirely dialogue:0.56325
1970s:0.559
vigilantism:0.55225
heroin:0.55025
anti-hero:0.54725
gunfight:0.54325
campy:0.5375
mob:0.5295
nudity (topless):0.5245
gritty:0.52425
sexualized violence:0.522
great ending:0.521
crime gone awry:0.521
criterion:0.5195
talky:0.51925
great:0.515
entertaining:0.5095
gangster:0.5015
pornography:0.494
moral ambiguity:0.48875
addiction:0.48475
stereotypes:0.48
blood:0.4725
weird:0.4675
undercover cop:0.4505
life philosophy:0.4505
prostitution:0.44975
murder:0.4485
black comedy:0.43575
bad acting:0.433
harsh:0.43275
distopia:0.43275
cult:0.43175
goretastic:0.42725
california:0.42325
goofy:0.421
lone hero:0.4175
nocturnal:0.41525
narrated:0.41475
unusual plot structure:0.412
catastrophe:0.412
clever:0.41175
quirky:0.41
drinking:0.4095
dark humor:0.4075
affectionate:0.4045
betrayal:0.404
weapons:0.40225
classic:0.401
great movie:0.39975
colourful:0.3935
adaptation:0.3935
brutal:0.39225
gory:0.3915
hitman:0.38075
enigmatic:0.379
silly:0.37875
