dark humor:0.97525
serial killer:0.93025
black comedy:0.92775
road trip:0.90125
weird:0.845
dark comedy:0.83575
macabre:0.82625
psychiatry:0.75775
original:0.7345
bloody:0.73375
insanity:0.712
brutality:0.674
murder:0.65375
violent:0.6485
disturbing:0.6405
british comedy:0.62875
gory:0.61525
dialogue:0.6075
absurd:0.60225
violence:0.58725
british:0.582
grindhouse:0.57625
death:0.56325
visually appealing:0.5595
brutal:0.5565
obsession:0.542
surreal:0.54025
creepy:0.53975
mentor:0.51775
gruesome:0.508
unusual plot structure:0.506
quirky:0.49075
queer:0.4885
england:0.48675
satire:0.47625
catastrophe:0.47625
good soundtrack:0.47
loneliness:0.467
unfunny:0.4645
beautiful scenery:0.4445
nudity (full frontal - notable):0.43925
great ending:0.438
downbeat:0.4285
vengeance:0.421
suburbia:0.419
horror:0.41825
dysfunctional family:0.41575
awesome soundtrack:0.41125
stylized:0.40775
manipulation:0.40175
dark:0.4
cult film:0.3995
bizarre:0.38825
cult classic:0.38375
stylish:0.37875
enigmatic:0.37475
road movie:0.3725
police investigation:0.3675
male nudity:0.367
psychological:0.363
pornography:0.363
quotable:0.36225
comedy:0.3615
fantasy world:0.36025
blood:0.357
relationships:0.3565
clever:0.351
cinematography:0.3505
low budget:0.34725
unlikeable characters:0.3435
melancholic:0.341
criterion:0.34025
art house:0.33675
greed:0.3345
writers:0.333
biting:0.333
storytelling:0.3325
multiple storylines:0.332
scary:0.326
entirely dialogue:0.324
very funny:0.322
holiday:0.32125
scenic:0.321
pulp:0.31675
hard to watch:0.31575
deadpan:0.31425
harsh:0.314
pointless:0.31325
twists & turns:0.31275
independent film:0.3125
grim:0.311
torture:0.31
atmospheric:0.29975
witty:0.2945
twist:0.29375
cult:0.29225
nocturnal:0.28925
social commentary:0.28825
gay character:0.286
not funny:0.28525
