comedy:0.93325
off-beat comedy:0.91125
hilarious:0.783
humorous:0.74175
funny:0.71675
very funny:0.69875
original:0.66975
saturday night live:0.63275
weird:0.62825
stupidity:0.61725
goofy:0.5855
dumb:0.577
awesome soundtrack:0.56225
humor:0.55875
funny as hell:0.5455
silly fun:0.52825
funniest movies:0.5135
so bad it's funny:0.5055
unfunny:0.50425
quotable:0.5035
absurd:0.48575
silly:0.48025
idiotic:0.4745
mentor:0.46325
stupid:0.46125
cult classic:0.4565
great ending:0.449
cult film:0.443
pornography:0.432
suprisingly clever:0.4305
creativity:0.42925
stoner movie:0.4265
crude humor:0.419
catastrophe:0.41125
good soundtrack:0.40575
drinking:0.3825
slapstick:0.37825
fun movie:0.37025
irreverent:0.365
storytelling:0.36275
pg-13:0.36025
parody:0.3585
feel-good:0.35625
better than expected:0.35175
dialogue:0.342
island:0.33725
spoof:0.332
great:0.3285
beautiful scenery:0.326
life philosophy:0.32525
predictable:0.322
stereotypes:0.319
brutality:0.3155
melancholic:0.30375
social commentary:0.302
clever:0.30025
twists & turns:0.3
honest:0.29825
harsh:0.29425
feel good movie:0.2935
adaptation:0.293
complex:0.29275
culture clash:0.2825
runaway:0.28025
terminal illness:0.277
dysfunctional family:0.277
greed:0.27075
stylized:0.26975
visually appealing:0.26775
small town:0.26575
quirky:0.26575
chase:0.2655
not funny:0.2635
police investigation:0.26325
destiny:0.26
grindhouse:0.25225
cancer:0.251
unusual plot structure:0.2505
entirely dialogue:0.24925
underrated:0.2485
underdog:0.248
good:0.24375
betrayal:0.2435
stupid as hell:0.24075
ridiculous:0.23875
crazy:0.238
dumb but funny:0.23775
enigmatic:0.23275
story:0.22975
vengeance:0.229
farce:0.2235
horrible:0.2235
classic car:0.22325
lone hero:0.22275
unlikely friendships:0.221
weed:0.221
witty:0.21975
pointless:0.21875
bad acting:0.21825
nudity (full frontal - brief):0.218
