fairy tale:0.996
fairy tales:0.98975
fantasy:0.9835
dark fantasy:0.976
fantasy world:0.9755
magic:0.95225
medieval:0.9285
imagination:0.92425
adventure:0.883
special effects:0.87975
witch:0.8795
visually appealing:0.85725
visual:0.8445
big budget:0.843
storytelling:0.8235
visually stunning:0.80525
high fantasy:0.80525
gilliam:0.799
witches:0.776
mythology:0.7695
weird:0.76775
original:0.739
creativity:0.73025
bad cgi:0.7295
story:0.721
supernatural:0.72
con artists:0.7175
so bad it's funny:0.68575
18th century:0.66125
whimsical:0.6585
cgi:0.65675
pg-13:0.654
visuals:0.641
horrible:0.62625
first contact:0.626
wizards:0.6165
catastrophe:0.59775
plot:0.5885
children:0.5765
brothers:0.55425
dialogue:0.5535
predictable:0.5465
silly:0.5405
bad acting:0.53675
better than expected:0.53675
plot holes:0.5155
absurd:0.513
parallel universe:0.51275
destiny:0.50675
great ending:0.50475
con men:0.5035
good:0.50125
transformation:0.498
period piece:0.481
dynamic cgi action:0.4725
good versus evil:0.4655
alternate reality:0.4645
happy ending:0.4615
bad plot:0.45325
idiotic:0.45125
writer's life:0.4495
awful:0.44175
cinematography:0.43475
surreal:0.43475
adaptation:0.42975
not funny:0.4295
macabre:0.421
sci fi:0.41425
action:0.404
shallow:0.40375
technology:0.4015
pointless:0.399
steampunk:0.389
dystopia:0.38625
dark:0.38575
mentor:0.381
stylized:0.37975
bad ending:0.37725
effects:0.37675
bizarre:0.37525
allegory:0.371
light:0.37075
fight scenes:0.37
quirky:0.3675
unfunny:0.36625
natural disaster:0.36575
life philosophy:0.36425
swashbuckler:0.36425
entertaining:0.359
brutality:0.35725
immortality:0.35475
good soundtrack:0.3535
clever:0.352
scenic:0.34625
runaway:0.34125
childhood:0.34125
disappointing:0.337
secrets:0.33625
fun:0.3335
confusing:0.333
