espionage:0.988
spying:0.89975
spy:0.88975
spies:0.72275
technology:0.71625
original:0.6525
pornography:0.55025
russian:0.55025
first contact:0.5475
plot twist:0.50725
criterion:0.4965
love story:0.48425
sexy:0.46025
thriller:0.4575
assassination:0.443
so bad it's funny:0.4335
catastrophe:0.43025
underrated:0.41725
mentor:0.4165
fight scenes:0.412
life philosophy:0.394
chase:0.382
plot:0.38175
police investigation:0.37825
betrayal:0.37525
suspenseful:0.36625
predictable:0.36325
vengeance:0.35925
dialogue:0.3555
enigmatic:0.35475
culture clash:0.35375
entirely dialogue:0.347
harsh:0.34575
not funny:0.34375
distopia:0.3435
cold war:0.34225
confusing:0.33525
great acting:0.32975
runaway:0.3285
paranoia:0.3285
romantic:0.32625
great ending:0.323
beautiful scenery:0.32275
conspiracy:0.31725
paranoid:0.31525
brutality:0.3145
weapons:0.3105
unusual plot structure:0.29625
assassin:0.294
visually appealing:0.2925
complex:0.2915
twists & turns:0.28875
sci fi:0.2885
surveillance:0.283
storytelling:0.28225
great:0.28075
intense:0.2805
twist:0.27775
atmospheric:0.277
twist ending:0.27325
gunfight:0.2725
lone hero:0.2685
fantasy world:0.26575
brainwashing:0.26225
bad plot:0.262
multiple storylines:0.257
suprisingly clever:0.2525
good soundtrack:0.2475
greed:0.2455
nudity (full frontal - brief):0.241
heist:0.23925
cult classic:0.23875
irish:0.23825
sexualized violence:0.23775
computers:0.23625
suspense:0.23525
good:0.2345
wartime:0.232
adaptation:0.22975
cinematography:0.22625
visually stunning:0.22
grindhouse:0.21775
boring:0.21675
allegory:0.21525
gangsters:0.215
dynamic cgi action:0.21475
science fiction:0.21375
russia:0.21275
romance:0.21275
cerebral:0.2125
natural disaster:0.2105
crime gone awry:0.21025
made for tv:0.20875
stunning:0.20775
farce:0.2065
melancholic:0.202
stereotypes:0.201
oscar (best supporting actress):0.201
happy ending:0.201
bad ending:0.20075
