horror:0.98925
ghosts:0.9795
creepy:0.96225
haunted house:0.94825
better than the american version:0.9445
supernatural:0.91575
frightening:0.86775
scary:0.8405
atmospheric:0.81975
original:0.8145
weird:0.79575
eerie:0.79375
great ending:0.6415
dark:0.59175
disturbing:0.5765
japanese:0.5645
suspense:0.54325
psychological:0.538
ominous:0.53625
brutality:0.5355
gory:0.52825
macabre:0.527
japan:0.52425
story:0.4995
mythology:0.4965
ghosts/afterlife:0.48975
death:0.4865
transformation:0.48525
cult classic:0.47475
splatter:0.459
demons:0.4575
storytelling:0.454
pointless:0.4465
first contact:0.43875
goretastic:0.4155
good soundtrack:0.41475
cult film:0.40725
murder:0.40725
catastrophe:0.40675
mentor:0.4055
tokyo:0.404
special effects:0.40225
monster:0.4015
blood:0.3955
vengeance:0.389
great:0.38725
nocturnal:0.3845
fantasy world:0.38225
strange:0.38075
sexualized violence:0.38075
claustrophobic:0.37825
dreamlike:0.37525
remake:0.37275
good:0.36825
nonlinear:0.36575
dialogue:0.3645
life philosophy:0.35875
original plot:0.35475
violent:0.3535
alternate endings:0.352
creativity:0.347
torture:0.3465
social commentary:0.34275
gothic:0.34175
tense:0.34
slasher:0.33675
grindhouse:0.335
stylized:0.33475
goth:0.33175
revenge:0.3285
zombie:0.319
cult:0.3165
classic car:0.31525
nudity (full frontal - brief):0.314
suprisingly clever:0.3135
melancholic:0.30675
hospital:0.3045
better than expected:0.3035
visceral:0.3025
surreal:0.302
culture clash:0.30025
not funny:0.30025
life & death:0.298
gruesome:0.29475
predictable:0.28325
visually appealing:0.28225
overrated:0.28125
effects:0.28075
bad cgi:0.28025
so bad it's funny:0.27975
visual:0.27975
adaptation:0.2795
low budget:0.2775
suspenseful:0.27625
witches:0.27525
pg-13:0.275
spiders:0.26675
family drama:0.26625
runaway:0.26475
criterion:0.26175
