civil war:0.987
gunfight:0.851
american civil war:0.7775
runaway:0.75675
forceful:0.6995
beautiful scenery:0.64125
finnish:0.64125
historical:0.63725
desert:0.62475
slavery:0.61725
harsh:0.616
assassination:0.6105
western:0.59425
drinking:0.59125
original:0.587
criterion:0.5815
california:0.57125
vengeance:0.5595
oscar (best cinematography):0.5585
spying:0.553
culture clash:0.55175
oscar (best supporting actor):0.52775
doctors:0.51175
19th century:0.5075
oscar (best directing):0.4935
talky:0.47875
great ending:0.4685
indians:0.467
idealism:0.4605
mentor:0.45325
hitman:0.4515
very interesting:0.45025
complex characters:0.4335
imdb top 250:0.433
obsession:0.43275
good action:0.4305
downbeat:0.42575
catastrophe:0.4215
bleak:0.41225
horses:0.41025
suprisingly clever:0.402
greed:0.4005
not funny:0.38675
redemption:0.385
chase:0.379
irish accent:0.37675
revenge:0.36975
life philosophy:0.36475
dialogue:0.36325
good soundtrack:0.3605
new orleans:0.3575
allegory:0.35725
assassin:0.353
us history:0.34725
corruption:0.346
brutality:0.344
island:0.343
espionage:0.3385
paranoid:0.338
lone hero:0.3345
sacrifice:0.32525
guilt:0.325
interracial romance:0.324
unusual plot structure:0.32375
life & death:0.32175
great:0.31975
classic car:0.3195
gritty:0.31425
unlikely friendships:0.3125
enigmatic:0.3095
reflective:0.30825
friendship:0.3075
drama:0.304
road movie:0.30225
storytelling:0.299
wartime:0.2905
cynical:0.28725
dramatic:0.28675
betrayal:0.28675
nudity (full frontal - brief):0.285
war movie:0.2825
oscar (best supporting actress):0.2785
violent:0.27825
pornography:0.277
ennio morricone:0.2745
police investigation:0.27425
good:0.274
gangs:0.273
murder:0.2705
moral ambiguity:0.27
visually appealing:0.268
oscar (best actress):0.2675
war:0.2645
complex:0.26375
story:0.263
excellent:0.26275
melancholic:0.25425
scenic:0.25375
humorous:0.2535
1920s:0.25225
