action:0.98275
small town:0.97525
good action:0.972
realistic action:0.94975
violence:0.94525
lone hero:0.92325
mentor:0.9195
violent:0.9045
chase:0.8945
weapons:0.885
drama:0.862
forceful:0.8555
intense:0.83275
action packed:0.83225
vengeance:0.82875
tense:0.8095
brutality:0.805
war:0.782
social commentary:0.7755
classic:0.76
original:0.75225
survival:0.75025
gunfight:0.7355
hunting:0.72725
revenge:0.721
good:0.71175
powerful ending:0.7055
torture:0.69025
dialogue:0.68075
visceral:0.6695
vietnam war:0.668
franchise:0.66075
great movie:0.64875
sacrifice:0.64625
moral ambiguity:0.63425
vigilantism:0.632
cancer:0.62975
suspense:0.62775
fighting:0.62075
good soundtrack:0.61825
runaway:0.60175
wartime:0.6005
story:0.59425
80s:0.591
vigilante:0.5895
anti-hero:0.58925
quotable:0.5885
buddy movie:0.5845
guns:0.5815
great:0.5805
suspenseful:0.57925
fight scenes:0.56975
harsh:0.5685
jungle:0.564
great ending:0.5545
courage:0.55425
justice:0.55125
brutal:0.546
culture clash:0.5395
explosions:0.53225
highly quotable:0.53025
1980s:0.52875
camp:0.52425
corruption:0.51775
adventure:0.5165
realistic:0.51575
fast paced:0.5155
redemption:0.50875
honest:0.50825
nostalgic:0.5075
police:0.505
thriller:0.5045
beautiful scenery:0.50375
war movie:0.50275
motorcycle:0.501
catastrophe:0.49425
betrayal:0.48825
good acting:0.48625
dark hero:0.48425
vietnam:0.48325
cool:0.483
blood:0.48275
dramatic:0.4675
excellent:0.46325
cult classic:0.441
allegory:0.4405
prejudice:0.43625
death:0.43525
friendship:0.43525
sequels:0.43475
unlikely friendships:0.43375
exciting:0.4305
interesting:0.424
great acting:0.418
bullying:0.414
script:0.4075
bloody:0.407
pg-13:0.4065
grindhouse:0.406
silly fun:0.40575
