relationships:0.9465
love:0.9335
intimate:0.9085
love story:0.88425
melancholic:0.87825
based on a book:0.853
passionate:0.834
england:0.7865
artist:0.76975
love triangles:0.744
sexual:0.7375
loneliness:0.73575
eccentricity:0.713
very interesting:0.71025
meditative:0.6985
character study:0.689
mentor:0.66975
original:0.66375
artistic:0.6495
period piece:0.61775
unlikely friendships:0.616
beautiful scenery:0.61275
london:0.6045
emotional:0.60025
intellectual:0.598
homosexuality:0.58975
beautifully filmed:0.58075
entirely dialogue:0.56275
romance:0.54575
pornography:0.5405
sexuality:0.538
heartbreaking:0.5345
good soundtrack:0.52425
british:0.51925
romantic:0.5175
complex:0.51575
obsession:0.51325
art:0.505
drama:0.504
male nudity:0.48225
writers:0.4765
friendship:0.4765
enigmatic:0.4635
great ending:0.4615
life philosophy:0.442
costume drama:0.43675
visually appealing:0.43175
touching:0.43
great acting:0.42925
twists & turns:0.42175
marriage:0.4195
nudity (full frontal - notable):0.4165
catastrophe:0.4165
gay:0.411
dialogue:0.40625
melancholy:0.40525
great:0.40425
weird:0.404
sad:0.40325
story:0.3965
intense:0.38875
chick flick:0.374
bittersweet:0.36675
beautiful:0.36425
true story:0.36375
criterion:0.36175
oscar (best writing - screenplay written directly for the screen):0.36025
based on book:0.3585
betrayal:0.35425
cinematography:0.3505
suprisingly clever:0.34925
adultery:0.34725
adaptation:0.3465
historical:0.34575
good:0.342
literature:0.341
idealism:0.34
quirky:0.3395
not funny:0.33825
notable nudity:0.33225
queer:0.33
sexy:0.32825
transformation:0.32
culture clash:0.31575
destiny:0.3145
oscar (best actress):0.31025
storytelling:0.3085
world war i:0.30825
vengeance:0.30375
tricky:0.30325
secrets:0.303
multiple storylines:0.30075
unusual plot structure:0.29825
gay character:0.29775
glbt:0.2945
absurd:0.293
nudity (full frontal - brief):0.28775
movielens top pick:0.28725
intelligent:0.28675
brutality:0.28075
