enigmatic:0.724
dialogue driven:0.69575
original:0.6615
judaism:0.5665
photography:0.52725
based on true story:0.50925
rio de janeiro:0.49125
gay character:0.484
drama:0.4745
cinematography:0.4725
oscar (best foreign language film):0.461
fascism:0.46075
no dialogue:0.4585
nudity (topless - notable):0.45025
sacrifice:0.44925
nudity (full frontal - notable):0.4345
pornography:0.42975
life philosophy:0.4215
gangster:0.415
melancholy:0.4125
catastrophe:0.40875
great:0.39675
mentor:0.39375
reflective:0.3845
gangsters:0.37675
tragedy:0.37325
crime gone awry:0.36375
melancholic:0.355
revenge:0.34875
so bad it's funny:0.346
aging:0.33975
great ending:0.33525
foreign:0.33025
amy smart:0.32825
irish accent:0.3145
solitude:0.3095
passionate:0.3015
not funny:0.299
dialogue:0.28725
unusual plot structure:0.284
storytelling:0.28275
harsh:0.28175
hospital:0.281
visual:0.28075
art house:0.272
good soundtrack:0.27075
wartime:0.2615
entirely dialogue:0.256
interesting:0.255
redemption:0.249
weird:0.24825
erotic:0.24675
visually appealing:0.2465
guilt:0.24
abortion:0.23775
exceptional acting:0.23625
good:0.235
intimate:0.2335
runaway:0.23225
afterlife:0.23025
suprisingly clever:0.224
oscar (best directing):0.219
brutality:0.2185
ireland:0.21675
grindhouse:0.216
touching:0.21575
greed:0.2155
criterion:0.21475
culture clash:0.2135
writers:0.21225
drinking:0.21075
very interesting:0.21075
humanity:0.2095
oscar (best supporting actress):0.209
first contact:0.20725
immigrants:0.20675
complex:0.2065
self discovery:0.2015
happy ending:0.1985
life & death:0.19825
new york:0.1975
adaptation:0.1965
loneliness:0.1955
quirky:0.1935
nudity (full frontal - brief):0.19175
visually stunning:0.18975
ethnic conflict:0.1885
existentialism:0.188
fantasy world:0.1875
classic car:0.18725
fighting the system:0.18675
spanish:0.18625
great acting:0.18575
lone hero:0.1855
emotional:0.1825
queer:0.18225
intellectual:0.18225
golden palm:0.18225
predictable:0.1815
japanese:0.181
