stand-up comedy:0.98725
comedy:0.95225
funny:0.88475
hilarious:0.8545
funny as hell:0.8365
original:0.7515
very funny:0.74825
humorous:0.727
stereotypes:0.67725
hip hop:0.6575
humor:0.546
crude humor:0.5425
dysfunctional family:0.53075
pornography:0.51475
social commentary:0.48875
silly fun:0.4845
storytelling:0.4795
stylized:0.47575
sarcasm:0.454
disability:0.44275
harsh:0.4425
catastrophe:0.44125
great ending:0.43775
comic:0.429
mentor:0.427
great:0.41875
suprisingly clever:0.41825
dialogue:0.41475
islam:0.404
race issues:0.3975
male nudity:0.3965
racism:0.39125
fantasy world:0.38675
culture clash:0.386
so bad it's funny:0.384
prejudice:0.38025
unfunny:0.3775
criterion:0.37725
highly quotable:0.37525
hillarious:0.375
brutality:0.37475
talky:0.36575
nudity (full frontal - brief):0.364
goofy:0.364
comics:0.36075
good soundtrack:0.35725
vengeance:0.356
adapted from:book:0.35225
melancholic:0.35125
black comedy:0.34575
greed:0.342
stupidity:0.34075
violence:0.33975
foul language:0.33875
adaptation:0.3375
dumb but funny:0.337
unusual plot structure:0.328
jesus:0.328
corruption:0.327
off-beat comedy:0.325
internet:0.324
sexualized violence:0.31775
redemption:0.3175
imdb top 250:0.3165
predictable:0.31275
narrated:0.3065
death:0.30575
visually appealing:0.30425
parody:0.30375
absurd:0.3025
chase:0.29775
good:0.294
pg-13:0.289
black and white:0.28825
brothers:0.2875
satire:0.287
clever:0.287
dark hero:0.28625
weed:0.28625
great movie:0.28
interesting:0.28
hospital:0.279
runaway:0.27875
oscar (best directing):0.2775
parenthood:0.2765
creativity:0.27375
transformation:0.26625
family:0.26575
workplace:0.263
fight scenes:0.263
police investigation:0.2625
very interesting:0.26225
reality tv:0.262
bad ending:0.2615
story:0.2605
life philosophy:0.2585
secrets:0.2565
multiple storylines:0.256
grindhouse:0.25575
cinematography:0.25425
