parody:0.9955
spoof:0.993
silly fun:0.9275
stupid:0.8115
original:0.724
comedy:0.706
pointless:0.705
franchise:0.699
slapstick:0.679
unfunny:0.67025
predictable:0.6345
dumb but funny:0.57525
disaster:0.543
horrible:0.52325
humorous:0.5115
great ending:0.49525
stupidity:0.4865
bad plot:0.48225
so bad it's funny:0.462
lame:0.4595
awful:0.445
silly:0.44375
goofy:0.426
satirical:0.424
overrated:0.41475
catastrophe:0.3995
absurd:0.39625
crude humor:0.3885
mentor:0.38125
fantasy world:0.37775
ridiculous:0.377
parallel universe:0.35025
first contact:0.34825
writers:0.3475
scary:0.342
very funny:0.34075
horror:0.33725
dialogue:0.324
sequels:0.31375
twist ending:0.30225
stupid as hell:0.30075
fight scenes:0.30075
whimsical:0.29825
entirely dialogue:0.29325
life philosophy:0.29125
not funny:0.28925
creativity:0.28025
melancholic:0.279
pg-13:0.27875
pornography:0.27425
fun movie:0.26725
boring:0.26725
adaptation:0.264
haunted house:0.262
brutality:0.26075
runaway:0.259
teen movie:0.257
police investigation:0.25425
too long:0.25175
stoner movie:0.249
greed:0.24375
demons:0.2415
clever:0.2395
bad acting:0.23225
series:0.229
romance:0.2285
nudity (topless):0.227
destiny:0.22425
justice:0.2215
storytelling:0.221
shallow:0.22
splatter:0.2185
cult film:0.21825
surreal:0.218
quirky:0.217
drinking:0.21625
narrated:0.2115
teens:0.211
dreamlike:0.20925
death:0.209
violence:0.2085
weapons:0.2065
happy ending:0.2065
family:0.20575
weird:0.20375
superheroes:0.2025
grindhouse:0.202
sci fi:0.2
satire:0.1995
dysfunctional family:0.19875
lone hero:0.19725
gross-out:0.196
nocturnal:0.19575
funny:0.195
teen:0.191
adapted from:book:0.1895
criterion:0.18925
nudity (full frontal - brief):0.1885
imdb top 250:0.18475
suspense:0.18475
