mother-son relationship:0.974
los angeles:0.9195
rock and roll:0.887
relationships:0.86
musicians:0.85775
music business:0.83775
drinking:0.7615
awesome soundtrack:0.73525
good soundtrack:0.73225
dysfunctional family:0.70075
independent film:0.682
original:0.677
writers:0.66075
drama:0.636
hospital:0.60275
storytelling:0.595
shallow:0.5945
drugs:0.586
hip hop:0.582
nudity (topless):0.5755
good acting:0.5665
pornography:0.5655
sexy:0.56075
complex:0.54325
depression:0.53975
infidelity:0.53775
great acting:0.537
social commentary:0.5365
loneliness:0.53575
dialogue:0.5345
redemption:0.5265
melancholic:0.524
music:0.5195
good music:0.51275
great ending:0.51
betrayal:0.50825
dramatic:0.49325
excellent script:0.4895
culture clash:0.4755
nudity (topless - notable):0.47525
very interesting:0.47075
california:0.466
exceptional acting:0.4615
mentor:0.46125
family drama:0.45825
drug addiction:0.4515
mental illness:0.44975
enigmatic:0.4435
indie:0.435
intimate:0.42775
sexuality:0.4265
plot:0.42475
psychiatry:0.4235
good:0.4235
honest:0.42325
adolescence:0.4205
complex characters:0.42025
sexual:0.4125
realistic:0.4095
catastrophe:0.408
creativity:0.40325
entirely dialogue:0.403
guilt:0.40125
character study:0.395
cinematography:0.39375
weird:0.3925
nudity (full frontal - notable):0.38875
interesting:0.38775
harsh:0.386
art house:0.385
pointless:0.383
runaway:0.3815
life philosophy:0.3755
writing:0.37525
great:0.372
cerebral:0.37
suprisingly clever:0.36975
destiny:0.36975
story:0.3615
brutality:0.3595
addiction:0.3595
predictable:0.357
suburbia:0.35375
pg-13:0.35325
stereotypes:0.346
complicated:0.34325
not funny:0.343
road movie:0.33575
sex:0.3335
weed:0.33225
multiple storylines:0.3245
erotic:0.3235
bleak:0.3235
male nudity:0.3225
criterion:0.322
reflective:0.321
coming of age:0.317
corruption:0.313
thought-provoking:0.31275
talky:0.3105
