college:0.9635
feel-good:0.92575
mentor:0.868
feel good movie:0.8585
romantic comedy:0.82575
original:0.765
comedy:0.711
rags to riches:0.689
unlikely friendships:0.67325
happy ending:0.66225
romance:0.6505
predictable:0.64375
love story:0.6345
goofy:0.63225
drinking:0.6305
romantic:0.61575
good soundtrack:0.60875
relationships:0.6085
destiny:0.5925
life:0.59125
life philosophy:0.588
redemption:0.56275
inspirational:0.55325
teacher:0.54325
story:0.50875
light:0.50675
shopping:0.50625
life & death:0.4915
good:0.48775
chick flick:0.47975
pornography:0.4785
friendship:0.472
dialogue:0.46925
shallow:0.46825
great ending:0.46625
runaway:0.45525
catastrophe:0.45025
honest:0.44775
sweet:0.44375
writers:0.4435
social commentary:0.44325
funny:0.43075
storytelling:0.43
entertaining:0.42225
death:0.4125
stereotypes:0.408
simple:0.4005
pg-13:0.39525
very interesting:0.39525
first contact:0.39125
culture clash:0.39075
transformation:0.386
quirky:0.38575
based on true story:0.384
better than expected:0.3835
independent film:0.3765
vengeance:0.375
very funny:0.37325
multiple storylines:0.368
allegory:0.3625
fantasy world:0.359
so bad it's funny:0.358
directorial debut:0.3575
justice:0.356
existentialism:0.355
bittersweet:0.35425
technology:0.3535
inspiring:0.3515
brutality:0.3495
crude humor:0.347
unfunny:0.34325
foul language:0.341
internet:0.339
not funny:0.33375
cerebral:0.33175
intellectual:0.33075
women:0.3225
classic car:0.3175
touching:0.31725
workplace:0.31675
school:0.313
humorous:0.311
small town:0.30125
pointless:0.3
sentimental:0.29625
good romantic comedies:0.296
family:0.29575
plot:0.2955
corruption:0.294
passionate:0.2925
fight scenes:0.291
overrated:0.28925
gangs:0.28475
fun:0.283
nostalgic:0.283
cult film:0.2805
adaptation:0.278
teen:0.27725
plot holes:0.27575
whimsical:0.275
