adoption:0.9775
oscar (best supporting actress):0.967
oscar (best actress):0.93475
oscar (best actor):0.8165
oscar:0.7685
original:0.763
great acting:0.74975
pornography:0.70875
new york:0.69425
prostitution:0.6875
narrated:0.67275
oscar (best directing):0.67125
storytelling:0.66225
biographical:0.6595
good soundtrack:0.628
dramatic:0.6165
very funny:0.61325
melancholic:0.6005
comedy:0.6
obsession:0.5945
drinking:0.5905
imdb top 250:0.57825
talky:0.576
clever:0.5755
witty:0.57375
melancholy:0.57025
new york city:0.56375
writers:0.559
parenthood:0.55525
social commentary:0.55175
funny:0.54925
visually stunning:0.54725
redemption:0.54525
story:0.5345
relationships:0.53275
reflective:0.53075
surreal:0.52575
humorous:0.51075
great ending:0.50875
dialogue:0.507
art:0.49775
weird:0.4975
loneliness:0.4975
drama:0.49025
interesting:0.4885
suprisingly clever:0.4845
based on a play:0.47
eccentricity:0.4685
quirky:0.467
gangsters:0.4555
runaway:0.4535
marriage:0.45125
mentor:0.44575
compassionate:0.44525
adaptation:0.43875
great:0.4385
dysfunctional family:0.4385
affectionate:0.436
exceptional acting:0.4345
very interesting:0.434
oscar (best supporting actor):0.431
golden palm:0.4305
light:0.426
hilarious:0.42575
crime gone awry:0.42075
friendship:0.42025
culture clash:0.42
deadpan:0.42
dark humor:0.41975
great movie:0.41925
visually appealing:0.41875
great dialogue:0.4175
transformation:0.4155
life:0.41225
catastrophe:0.4055
absurd:0.40025
depression:0.40025
greed:0.39925
workplace:0.399
excellent script:0.398
unlikely friendships:0.3965
secrets:0.39125
oscar (best picture):0.38525
good:0.3835
life philosophy:0.3755
tragedy:0.37475
bittersweet:0.37425
nudity (full frontal - brief):0.37325
poignant:0.37
mob:0.36725
enigmatic:0.36525
ironic:0.36225
entirely dialogue:0.36075
nudity (full frontal - notable):0.35875
cerebral:0.358
independent film:0.35625
multiple storylines:0.3535
sexual:0.351
happy ending:0.3495
brutality:0.34775
