comedy:0.9315
too short:0.89925
original:0.7875
funny:0.757
bank robbery:0.75525
very funny:0.7015
feel-good:0.5565
chase:0.55625
happy ending:0.5515
hilarious:0.541
remake:0.527
predictable:0.52575
slapstick:0.5215
mentor:0.51925
funniest movies:0.519
silly fun:0.50825
farce:0.4895
feel good movie:0.4815
sentimental:0.4535
unfunny:0.437
good:0.4285
silly:0.428
catastrophe:0.42125
original plot:0.42125
prison:0.411
great ending:0.4055
life philosophy:0.40475
family:0.39825
light:0.3965
fun movie:0.37925
story:0.3775
destiny:0.3695
suprisingly clever:0.36125
great:0.3545
childhood:0.349
culture clash:0.34825
brutality:0.34675
short:0.33875
fantasy world:0.33625
dumb but funny:0.33625
dialogue:0.3315
transformation:0.32875
storytelling:0.32575
so bad it's funny:0.319
doctors:0.3165
goofy:0.31325
unlikely friendships:0.31075
bad plot:0.3075
80s:0.2975
lone hero:0.297
first contact:0.29425
fun:0.29425
drama:0.293
buddy movie:0.29275
crude humor:0.29
friendship:0.285
islam:0.28425
adaptation:0.28375
redemption:0.28275
runaway:0.279
good soundtrack:0.27825
fight scenes:0.278
unusual plot structure:0.27375
overrated:0.2715
pg-13:0.2635
kids and family:0.2615
crime:0.2605
police investigation:0.26
touching:0.2515
nudity (full frontal - brief):0.24925
clever:0.2485
sweet:0.2475
robbery:0.24625
entirely dialogue:0.2455
vengeance:0.24075
natural disaster:0.2405
quirky:0.239
justice:0.2365
adventure:0.23625
action:0.2345
not funny:0.2295
melancholic:0.227
solitude:0.22525
pornography:0.224
hostage:0.22325
excellent script:0.22225
romantic:0.22175
beautiful scenery:0.22125
emotional:0.22
male nudity:0.2175
sexy:0.21725
idiotic:0.2165
hospital:0.2155
life & death:0.21525
kidnapping:0.21475
exceptional acting:0.21425
death:0.2115
romance:0.211
computer animation:0.2105
road movie:0.21
