cannibalism:0.97775
musical:0.95375
splatter:0.86
cult film:0.8585
music:0.7655
funny as hell:0.753
cult classic:0.73
humorous:0.7015
great music:0.69975
original:0.68375
weird:0.65725
very funny:0.6395
goofy:0.63575
parody:0.63025
good music:0.61675
funny:0.58175
indians:0.57825
comedy:0.57275
satire:0.57175
great:0.55
so bad it's funny:0.547
dancing:0.52275
silly fun:0.51375
satirical:0.50475
good soundtrack:0.49075
creativity:0.48875
gory:0.4665
highly quotable:0.461
great ending:0.457
hilarious:0.457
dialogue:0.453
absurd:0.445
lyrical:0.433
cult:0.4175
low budget:0.41275
brutality:0.405
australia:0.40425
irreverent:0.40325
catastrophe:0.39725
independent film:0.39475
suprisingly clever:0.394
harsh:0.393
stupidity:0.39225
awesome soundtrack:0.37375
bloody:0.3715
macabre:0.36325
insanity:0.35925
adaptation:0.35425
life philosophy:0.3535
hip hop:0.3475
clever:0.347
bizarre:0.33375
based on true story:0.3275
entirely dialogue:0.32175
culture clash:0.31875
mentor:0.31675
mad scientist:0.31375
good dialogue:0.31375
justice:0.31125
criterion:0.31075
fun movie:0.31
crazy:0.30625
finnish:0.305
good:0.2985
whimsical:0.29825
art:0.29025
gruesome:0.28725
bollywood:0.283
violence:0.28275
unusual plot structure:0.27825
story:0.278
violent:0.278
censorship:0.2775
grindhouse:0.27575
surreal:0.2745
lone hero:0.274
bad acting:0.27275
male nudity:0.27275
talky:0.27225
great movie:0.27125
western:0.26875
broadway:0.2665
redemption:0.26475
quirky:0.2645
funniest movies:0.26325
storytelling:0.26225
humor:0.2615
silly:0.261
transformation:0.26075
true story:0.2605
exceptional acting:0.25875
social commentary:0.25775
fantasy world:0.257
black comedy:0.2505
idiotic:0.25025
adapted from:book:0.248
stylized:0.24525
fun:0.24025
monty python:0.23925
slapstick:0.239
