gay:0.99525
homosexuality:0.9845
queer:0.98275
coming of age:0.975
coming-of-age:0.92525
homophobia:0.91525
adolescence:0.9055
gay character:0.879
glbt:0.856
stereotypes:0.85575
lesbian:0.691
good soundtrack:0.6875
teen:0.654
original:0.639
teens:0.5865
teenager:0.584
small town:0.5825
mentor:0.5755
teen movie:0.56225
life philosophy:0.55425
sexuality:0.546
honest:0.527
high school:0.5215
friendship:0.51975
male nudity:0.51825
unlikely friendships:0.512
nostalgic:0.4825
intimate:0.4785
pornography:0.4745
relationships:0.47175
loneliness:0.46075
sexual:0.4605
realistic:0.45725
independent film:0.45175
great ending:0.45025
women:0.443
great acting:0.44275
finnish:0.4205
sweet:0.41675
bittersweet:0.414
entirely dialogue:0.40475
indie:0.40225
cult film:0.39375
catastrophe:0.384
childhood:0.38275
drinking:0.3725
dialogue driven:0.37225
writers:0.3665
social commentary:0.3655
runaway:0.36325
melancholic:0.3575
happy ending:0.355
dialogue:0.352
sexy:0.3465
transgender:0.3455
feel-good:0.33475
suprisingly clever:0.33425
obsession:0.33275
girlie movie:0.319
aids:0.3155
not funny:0.31475
prejudice:0.31425
brutality:0.30575
1980s:0.303
touching:0.30075
dysfunctional family:0.3005
erotic:0.30025
storytelling:0.29525
adaptation:0.29525
identity:0.28525
80s:0.27825
crime gone awry:0.2765
school:0.275
sex:0.269
bleak:0.26875
heartbreaking:0.26825
nudity (full frontal - brief):0.26525
great:0.26475
visually appealing:0.261
story:0.26
teenagers:0.2595
culture clash:0.259
splatter:0.2575
vengeance:0.25725
golden palm:0.2505
gangs:0.24975
complex:0.24125
depression:0.24075
oscar (best actress):0.2405
redemption:0.23975
emotional:0.23925
destiny:0.23375
college:0.23375
fantasy world:0.23275
new jersey:0.23225
melancholy:0.23125
awesome soundtrack:0.23025
fun movie:0.229
affectionate:0.22725
grindhouse:0.22325
