oscar (best foreign language film):0.9975
russian:0.96775
father daughter relationship:0.95475
russia:0.922
foreign:0.892
betrayal:0.79625
revolution:0.77925
intimate:0.77775
poignant:0.7765
affectionate:0.7755
tragedy:0.76325
criterion:0.7605
poland:0.75525
drama:0.73975
idealism:0.72275
beautifully filmed:0.7175
beautiful scenery:0.70725
harsh:0.6885
genocide:0.68825
heartbreaking:0.6765
politics:0.66075
original:0.6595
lyrical:0.656
cinematography:0.65475
oscar (best actress):0.64925
passionate:0.6335
political:0.627
historical:0.62525
oscar (best picture):0.6085
history:0.6055
enigmatic:0.604
reflective:0.6005
dramatic:0.5915
touching:0.58925
secrets:0.5775
sentimental:0.57425
emotional:0.57325
great:0.572
brutality:0.562
relationships:0.5615
culture clash:0.5615
allegory:0.556
movielens top pick:0.55575
love story:0.5555
imdb top 250:0.54875
communism:0.54875
death:0.54875
social commentary:0.54675
honest:0.538
bittersweet:0.522
oscar (best supporting actress):0.522
ethnic conflict:0.518
melancholy:0.515
melancholic:0.51
1930s:0.5075
life & death:0.50575
good acting:0.49675
visually stunning:0.49375
drinking:0.4935
love:0.49325
courage:0.49125
masterpiece:0.487
childhood:0.48675
talky:0.48
oscar (best directing):0.47825
mentor:0.4745
downbeat:0.4705
golden palm:0.4635
complex characters:0.46075
literary adaptation:0.45975
forceful:0.45775
great acting:0.4575
us history:0.454
artistic:0.45275
catastrophe:0.45175
bleak:0.4515
suprisingly clever:0.44025
light:0.42775
meditative:0.4275
unusual plot structure:0.4205
great ending:0.42025
finnish:0.4175
literature:0.40925
interesting:0.40825
amazing photography:0.4035
parenthood:0.4025
good:0.40025
grim:0.393
redemption:0.3875
romantic:0.3845
sad but good:0.3835
freedom:0.3825
atmospheric:0.38175
complex:0.37775
marriage:0.37775
heartwarming:0.3755
breathtaking:0.37475
oscar:0.37275
family drama:0.37125
whimsical:0.37
