robert downey jr:0.982
romantic:0.95575
romantic comedy:0.94975
chick flick:0.87875
romance:0.85225
sweet:0.84375
fantasy:0.80975
love story:0.786
magic:0.78325
destiny:0.732
feel-good:0.69775
original:0.66425
sentimental:0.65225
fantasy world:0.604
happy ending:0.576
fairy tale:0.56925
life philosophy:0.545
beautiful scenery:0.544
girlie movie:0.54075
predictable:0.53975
mentor:0.53425
great:0.53275
touching:0.5215
marriage:0.52025
death:0.512
feel good movie:0.5115
heartwarming:0.51075
cute!:0.50275
cute:0.50075
catastrophe:0.49825
ghosts/afterlife:0.4875
good romantic comedies:0.48675
love:0.47825
great ending:0.469
fun movie:0.455
comedy:0.45075
sappy:0.44525
first contact:0.432
light:0.42125
good:0.41875
sexy:0.4075
great movie:0.3805
justice:0.3585
chase:0.3555
dialogue:0.35225
whimsical:0.35
story:0.34325
fun:0.34275
very funny:0.33725
silly fun:0.33075
nudity (full frontal - brief):0.32975
runaway:0.319
pg-13:0.31325
police investigation:0.313
writers:0.31275
good soundtrack:0.3125
brutality:0.309
transformation:0.30875
memory:0.30725
culture clash:0.29975
suprisingly clever:0.29375
lawyer:0.29075
doctors:0.286
nostalgic:0.285
vengeance:0.27825
parallel universe:0.278
storytelling:0.27625
betrayal:0.27625
quirky:0.269
natural disaster:0.269
lone hero:0.26225
entirely dialogue:0.2545
funny:0.2535
plot:0.251
divorce:0.25025
bad plot:0.24375
disaster:0.2435
unfunny:0.2425
melancholic:0.241
high fantasy:0.241
redemption:0.241
childhood:0.239
blindness:0.23875
life & death:0.23875
visually stunning:0.238
women:0.23625
shopping:0.23425
family:0.231
family drama:0.231
time:0.229
bad cgi:0.2285
adaptation:0.22775
alternate reality:0.2275
underrated:0.22625
sexualized violence:0.223
fairy tales:0.2195
fight scenes:0.2195
pornography:0.21825
not funny:0.2175
nudity (rear):0.2165
