tear jerker:0.95275
touching:0.95175
drama:0.95025
based on book:0.9385
sentimental:0.93675
based on a book:0.92525
friendship:0.91775
destiny:0.9025
unlikely friendships:0.88975
mentor:0.84125
adapted from:book:0.84075
childhood:0.79775
heartwarming:0.78575
pg-13:0.772
sappy:0.7705
disability:0.75275
feel-good:0.7445
god:0.72475
good:0.72075
courage:0.6585
small town:0.649
books:0.64175
story:0.63025
original:0.6295
emotional:0.6285
girlie movie:0.6155
life philosophy:0.61475
great:0.60475
adaptation:0.5875
catastrophe:0.5865
nostalgic:0.58125
feel good movie:0.57525
inspirational:0.5635
bittersweet:0.55775
dramatic:0.55525
book:0.5475
coming of age:0.542
sad:0.535
excellent:0.5335
storytelling:0.5155
children:0.51375
literature:0.50675
coming-of-age:0.50375
great movie:0.49775
life:0.484
big budget:0.47875
earnest:0.478
good soundtrack:0.475
book was better:0.46925
good acting:0.46525
adolescence:0.45975
sacrifice:0.44375
jesus:0.44275
family:0.4385
sad but good:0.4335
predictable:0.421
runaway:0.419
inspiring:0.41325
death:0.41325
teacher:0.4125
honest:0.41175
culture clash:0.40925
transformation:0.40625
beautiful scenery:0.40325
cancer:0.40275
great ending:0.39875
adventure:0.396
beautifully filmed:0.395
school:0.39275
teen movie:0.39175
catholicism:0.3875
poignant:0.3865
natural disaster:0.38025
redemption:0.37475
sweet:0.37275
life & death:0.369
good story:0.36075
period piece:0.35725
criterion:0.3565
fantasy world:0.35525
hospital:0.34725
simple:0.3465
cult film:0.345
dialogue:0.343
happy ending:0.341
family drama:0.339
love story:0.33675
narrated:0.33525
moving:0.327
reflective:0.32175
survival:0.321
not funny:0.319
philosophy:0.317
suprisingly clever:0.31525
doctors:0.313
mythology:0.309
very funny:0.307
unfunny:0.3045
light:0.3035
bad cgi:0.30275
