visually appealing:0.97475
imdb top 250:0.9645
storytelling:0.954
hotel:0.942
cinematography:0.9375
original:0.93425
stylized:0.93425
whimsical:0.92975
visual:0.92325
prison escape:0.91575
quirky:0.91425
1930s:0.9135
good soundtrack:0.9085
visually stunning:0.893
colourful:0.88975
eccentricity:0.8775
oscar:0.874
mentor:0.864
imagination:0.861
weird:0.83825
melancholic:0.8295
masterpiece:0.8295
narrated:0.82775
comedy:0.8255
witty:0.81325
affectionate:0.809
great acting:0.798
ensemble cast:0.791
adventure:0.79025
oscar (best directing):0.78
story:0.77475
amazing cinematography:0.77075
dark humor:0.75475
talky:0.75125
enigmatic:0.748
cerebral:0.74325
stylish:0.74075
clever:0.73525
artistic:0.73475
complex:0.7285
beautifully filmed:0.726
dialogue:0.71875
great cinematography:0.71725
surreal:0.71575
excellent script:0.70475
deadpan:0.70325
social commentary:0.702
quotable:0.68875
murder mystery:0.68675
criterion:0.6805
nostalgic:0.6775
runaway:0.6765
bittersweet:0.6755
interesting:0.6745
greed:0.67175
art:0.668
prison:0.66725
absurd:0.667
fantasy world:0.666
obsession:0.662
off-beat comedy:0.657
drama:0.655
melancholy:0.6535
great ending:0.65175
dramatic:0.64825
complicated:0.64825
fast paced:0.6465
twists & turns:0.64175
oscar (best actress):0.6385
dark:0.63075
humorous:0.62925
atmospheric:0.628
scenic:0.6275
light:0.61925
unlikely friendships:0.6105
funny:0.60825
very funny:0.60825
childhood:0.60525
oscar (best actor):0.6045
cult classic:0.6025
loneliness:0.60075
creativity:0.5995
visuals:0.5955
pretentious:0.59525
oscar (best supporting actress):0.5945
breathtaking:0.589
murder:0.584
unusual plot structure:0.5835
great dialogue:0.58125
plot:0.58075
movielens top pick:0.577
destiny:0.5765
great movie:0.57525
reflective:0.57375
macabre:0.57275
crime gone awry:0.57125
fascism:0.56775
oscar winner:0.566
great:0.56175
irish accent:0.56075
