creepy:0.9615
stylized:0.95525
stylish:0.91675
gruesome:0.87075
tense:0.85725
weird:0.855
obsession:0.84825
brutality:0.83675
splatter:0.8035
atmospheric:0.80025
cinematography:0.78325
murder:0.77825
serial killer:0.77025
enigmatic:0.7335
opera:0.729
visceral:0.727
criterion:0.723
original:0.70625
bloody:0.68625
dreamlike:0.672
cult classic:0.662
sexualized violence:0.659
nocturnal:0.64375
brutal:0.6405
macabre:0.6295
eerie:0.624
gory:0.61175
cerebral:0.60925
harsh:0.607
grindhouse:0.5945
ominous:0.58825
disturbing:0.5725
violence:0.56875
surreal:0.55875
visually stunning:0.55775
death:0.535
visual:0.53225
cult film:0.529
pornography:0.52425
horror:0.51825
supernatural:0.50925
stunning:0.49125
absurd:0.4825
creativity:0.4805
claustrophobic:0.47325
dark humor:0.472
violent:0.472
great ending:0.469
sexy:0.46875
forceful:0.46575
suspenseful:0.45175
controversial:0.43775
twists & turns:0.43575
surrealism:0.43325
demons:0.43275
breathtaking:0.426
good soundtrack:0.4215
vengeance:0.41625
dark:0.413
gunfight:0.41
unusual plot structure:0.41
catastrophe:0.40825
sexual:0.40525
visually appealing:0.40375
slasher:0.40325
police investigation:0.4025
runaway:0.3905
hotel:0.38875
allegory:0.386
paranoid:0.383
dialogue:0.37975
grim:0.37725
torture:0.3695
voyeurism:0.3665
great:0.3655
mentor:0.36275
bad ending:0.3615
hallucinatory:0.359
insanity:0.357
bizarre:0.353
cult:0.351
irreverent:0.349
mystery:0.34825
suspense:0.345
murder mystery:0.344
classical music:0.343
chase:0.34075
nudity (full frontal - notable):0.33325
paranoia:0.32875
nudity (topless - notable):0.32875
italian:0.32575
adaptation:0.3245
nonlinear:0.32425
not funny:0.31975
social commentary:0.3115
scary:0.30975
culture clash:0.3095
hit men:0.30825
light:0.2965
male nudity:0.2945
