parody:0.9415
spoof:0.9265
comedy:0.86725
cult classic:0.82725
original:0.82175
funny:0.78675
sci fi:0.78025
scifi:0.74125
sci-fi:0.7235
sexualized violence:0.718
silly:0.71725
hilarious:0.713
silly fun:0.653
nudity (topless):0.65275
very funny:0.6425
saturday night live:0.63425
goofy:0.621
science fiction:0.60525
weird:0.56025
humorous:0.54775
satirical:0.544
astronauts:0.5435
storytelling:0.534
satire:0.52325
cult film:0.51175
irreverent:0.50425
good soundtrack:0.489
humor:0.48875
dialogue:0.47625
absurd:0.47275
mentor:0.46825
great ending:0.46175
social commentary:0.45325
destiny:0.45125
light:0.447
hospital:0.437
melancholic:0.42825
adaptation:0.42425
so bad it's funny:0.418
existentialism:0.41525
catastrophe:0.4095
crude humor:0.40725
affectionate:0.406
pg-13:0.405
cerebral:0.3985
low budget:0.3985
pornography:0.39425
funniest movies:0.38975
unfunny:0.3895
brutality:0.38875
allegory:0.38675
distopia:0.38625
dark hero:0.38325
unusual plot structure:0.38325
clever:0.38225
stylized:0.382
revenge:0.3815
fun movie:0.37725
cult:0.3715
off-beat comedy:0.37125
fantasy world:0.3695
slapstick:0.3605
great:0.3565
story:0.3565
suprisingly clever:0.35525
adapted from:book:0.3505
culture clash:0.3485
grindhouse:0.34825
life philosophy:0.34625
fun:0.3455
quirky:0.34525
feel-good:0.344
transformation:0.34225
narrated:0.342
space:0.341
visually appealing:0.33675
redemption:0.33525
vengeance:0.33175
talky:0.3315
visual:0.33125
good:0.326
complex:0.3245
criterion:0.323
fight scenes:0.32225
quotable:0.3215
cinematography:0.3195
great movie:0.31825
harsh:0.31725
80s:0.317
nudity (full frontal - brief):0.31625
enigmatic:0.3155
solitude:0.314
chase:0.314
highly quotable:0.313
pointless:0.31225
whimsical:0.299
based on book:0.29875
first contact:0.2955
entirely dialogue:0.29175
1980s:0.29
