high school:0.994
teen:0.9655
comedy:0.94425
teen movie:0.92525
fun movie:0.841
chick flick:0.8385
girlie movie:0.83475
geeks:0.8335
friendship:0.83175
fashion:0.8205
dumb but funny:0.79025
cheerleading:0.76625
teens:0.7645
80s:0.75475
unlikely friendships:0.75025
teenagers:0.69775
funny:0.694
great:0.69375
adolescence:0.6905
original:0.684
light:0.68125
hilarious:0.6785
silly fun:0.66575
teenager:0.6385
fun:0.62875
nerds:0.6225
bullying:0.62225
good soundtrack:0.59375
dumb:0.59325
guilty pleasure:0.59275
very funny:0.58975
goth:0.586
goofy:0.58225
school:0.57025
great movie:0.55375
awesome soundtrack:0.53975
silly:0.53275
geek:0.5245
stereotypes:0.50725
funny as hell:0.50725
feel-good:0.5005
great ending:0.466
predictable:0.4585
cool:0.45375
dreams:0.4245
feel good movie:0.4215
drinking:0.4195
catastrophe:0.41875
pg-13:0.41575
shallow:0.4145
revenge:0.412
dialogue:0.40975
happy ending:0.40725
women:0.39575
childhood:0.39475
mentor:0.39225
funniest movies:0.389
great soundtrack:0.38425
runaway:0.37625
surreal:0.3665
brutality:0.365
based on a play:0.35475
story:0.34625
adaptation:0.3455
melancholic:0.3445
life philosophy:0.34325
clever:0.34075
quotable:0.3365
transformation:0.33525
oscar winner:0.33475
quirky:0.33425
storytelling:0.33225
weird:0.33125
satirical:0.331
redemption:0.32775
humorous:0.327
overrated:0.31725
small town:0.31125
coming-of-age:0.311
so bad it's funny:0.30975
california:0.309
pornography:0.29875
sarcasm:0.2985
good:0.29675
culture clash:0.29575
destiny:0.28875
sexy:0.283
stupidity:0.281
unfunny:0.27675
crude humor:0.27575
nudity (topless - notable):0.27325
fantasy world:0.273
first contact:0.27275
fight scenes:0.27175
camp:0.271
cult classic:0.26775
stylized:0.26625
reflective:0.2655
cult film:0.2645
harsh:0.2635
