father daughter relationship:0.96625
original:0.90675
surreal:0.87475
emotional:0.863
bittersweet:0.8385
cinematography:0.833
childhood:0.81975
storytelling:0.80675
life & death:0.80025
imagination:0.79225
heartbreaking:0.773
allegory:0.7685
runaway:0.763
magic realism:0.75
loneliness:0.7425
beautifully filmed:0.72675
melancholic:0.72225
visually stunning:0.7145
poverty:0.68975
poignant:0.67625
existentialism:0.67525
single father:0.668
independent film:0.66325
natural disaster:0.65775
dreamlike:0.65125
beautiful:0.64925
life:0.6475
social commentary:0.64375
weird:0.64075
pornography:0.63125
bleak:0.618
touching:0.6105
coming-of-age:0.60975
alone in the world:0.60325
hospital:0.59625
visually appealing:0.5955
oscar (best foreign language film):0.59525
harsh:0.5945
fantasy world:0.59375
intimate:0.592
dreams:0.591
coming of age:0.58975
sad:0.58775
oscar (best actress):0.58275
terminal illness:0.57525
depression:0.566
good soundtrack:0.5635
artistic:0.55975
narrated:0.5555
child abuse:0.554
criterion:0.54975
mentor:0.54
catastrophe:0.505
reflective:0.50425
oscar:0.49625
story:0.49275
wilderness:0.488
great acting:0.482
sentimental:0.47875
death:0.47825
melancholy:0.46475
destiny:0.4625
affectionate:0.4515
heartwarming:0.4515
breathtaking:0.446
foreign:0.4455
surrealism:0.44375
whimsical:0.44
enigmatic:0.4375
brutality:0.43425
talky:0.43375
culture clash:0.43275
isolation:0.4325
life philosophy:0.429
fantasy:0.42825
stunning:0.427
unlikely friendships:0.42675
compassionate:0.42525
friendship:0.42525
tragedy:0.4235
lyrical:0.422
family drama:0.4215
golden palm:0.42125
feel-good:0.4205
dramatic:0.419
indie:0.41475
environment:0.4135
stylized:0.41125
sad but good:0.39725
art:0.39675
visual:0.3955
island:0.394
sacrifice:0.39325
not funny:0.3925
survival:0.39
drama:0.38875
dialogue:0.38775
suprisingly clever:0.3825
redemption:0.3825
race issues:0.38175
