animation:0.969
animated:0.92875
kids and family:0.925
friendship:0.9215
story:0.921
robot:0.88575
kids:0.87125
paranoia:0.86925
small town:0.863
original:0.85675
cartoon:0.84875
visually appealing:0.84875
giant robots:0.84025
childhood:0.83225
storytelling:0.80975
unlikely friendships:0.797
animals:0.79425
redemption:0.7935
animal movie:0.793
computer animation:0.792
great:0.7645
great movie:0.764
imdb top 250:0.7545
cold war:0.75125
based on a book:0.7485
talking animals:0.7465
good:0.74
weapons:0.734
adapted from:book:0.72825
children:0.724
based on book:0.703
clever:0.70175
great ending:0.69425
touching:0.69125
robots:0.686
heartwarming:0.682
allegory:0.6765
1950s:0.66575
emotional:0.6655
runaway:0.66325
dialogue:0.653
social commentary:0.65075
sacrifice:0.646
foul language:0.6415
interesting:0.6345
morality:0.616
violence:0.6145
witty:0.593
whimsical:0.5925
powerful ending:0.5735
disney animated feature:0.5735
nostalgic:0.5725
disney:0.56225
good soundtrack:0.55575
mentor:0.5545
pg:0.55275
visually stunning:0.544
excellent:0.538
affectionate:0.531
light:0.5305
family:0.52975
secrets:0.525
very good:0.52425
visual:0.52325
movielens top pick:0.51675
feel-good:0.513
stylized:0.5035
fun movie:0.49875
original plot:0.4945
entertaining:0.491
humorous:0.48475
classic:0.48175
earnest:0.4815
life & death:0.47975
atmospheric:0.4755
oscar (best directing):0.47275
sweet:0.4695
science fiction:0.465
happy ending:0.464
twists & turns:0.463
drama:0.4575
weird:0.45725
paranoid:0.45475
transformation:0.45275
culture clash:0.44825
good story:0.444
great acting:0.44275
sci fi:0.438
imagination:0.43625
enigmatic:0.43525
suprisingly clever:0.42925
humor:0.429
good acting:0.4275
bittersweet:0.42375
criterion:0.42375
oscar (best actress):0.42375
poignant:0.4235
obsession:0.42175
corruption:0.4195
beautifully filmed:0.4195
