social commentary:0.96775
working class:0.8605
harsh:0.8545
intimate:0.787
drama:0.716
original:0.6665
criterion:0.6635
oscar (best actress):0.653
life philosophy:0.6455
intense:0.61675
life & death:0.5935
oscar (best supporting actress):0.59025
violent:0.58975
based on true story:0.58075
disturbing:0.55025
thought-provoking:0.541
oscar (best foreign language film):0.5355
good soundtrack:0.53125
catastrophe:0.53125
relationships:0.5155
golden palm:0.51375
movielens top pick:0.513
crime gone awry:0.5115
character study:0.501
gritty:0.4975
free to download:0.49525
brutality:0.49
independent film:0.4855
visually appealing:0.479
realistic:0.47875
loneliness:0.477
fighting the system:0.473
great acting:0.456
culture clash:0.44175
immigrants:0.43325
melancholy:0.43325
workplace:0.4185
idealism:0.413
documentary:0.40375
runaway:0.40075
race issues:0.4
indie:0.3975
corruption:0.39475
environment:0.39425
redemption:0.393
enigmatic:0.39025
dramatic:0.38325
downbeat:0.38325
england:0.38325
melancholic:0.3775
nudity (full frontal - notable):0.375
grim:0.37475
great ending:0.3745
childhood:0.3735
bleak:0.37025
biting:0.3695
spelling bee:0.36575
prejudice:0.3635
cerebral:0.361
great:0.3605
heartbreaking:0.35775
pornography:0.357
life:0.35525
not funny:0.35125
good:0.35025
true story:0.3465
poverty:0.346
adaptation:0.344
mental illness:0.34275
talky:0.341
forceful:0.339
greed:0.33375
guilt:0.33325
mentor:0.333
drinking:0.333
affectionate:0.32225
grindhouse:0.32175
dialogue:0.31925
foreign:0.317
imdb top 250:0.31625
honest:0.31325
bollywood:0.312
dark humor:0.307
reflective:0.30675
hospital:0.3065
ethnic conflict:0.30525
excellent:0.305
dysfunctional family:0.29675
california:0.29225
cynical:0.29025
adoption:0.28975
nudity (full frontal - brief):0.28825
storytelling:0.283
suprisingly clever:0.28225
sad:0.28175
morality:0.281
obsession:0.28075
based on a true story:0.278
artist:0.27775
entirely dialogue:0.274
