literary adaptation:0.949
existentialism:0.862
irish:0.81175
ireland:0.797
masterpiece:0.7945
cerebral:0.77
beautifully filmed:0.76625
enigmatic:0.7635
storytelling:0.747
gunfight:0.7385
loneliness:0.72775
original:0.7245
melancholy:0.71125
intimate:0.70775
story:0.702
criterion:0.69225
melancholic:0.6865
meditative:0.666
adapted from:book:0.6635
cinematography:0.66275
death:0.658
weird:0.64175
reflective:0.63675
poignant:0.6155
visual:0.59875
beautiful scenery:0.585
artistic:0.58325
suprisingly clever:0.58275
childhood:0.57025
atmospheric:0.56075
great ending:0.5605
adaptation:0.55875
dialogue:0.5495
imdb top 250:0.5465
stunning:0.5325
allegory:0.53225
visually appealing:0.53175
downbeat:0.519
breathtaking:0.51775
secrets:0.51775
too short:0.51675
life philosophy:0.5135
off-beat comedy:0.5135
transformation:0.511
art:0.50725
talky:0.50275
literature:0.49375
golden palm:0.491
affectionate:0.486
passionate:0.47725
great:0.47525
poetry:0.4735
spanish:0.46475
good soundtrack:0.463
culture clash:0.4535
stylized:0.452
artist:0.4375
visually stunning:0.43675
character study:0.4295
silent:0.4255
catastrophe:0.425
nostalgic:0.425
mentor:0.423
narrated:0.4205
unusual plot structure:0.41675
bleak:0.408
cult classic:0.40225
irish accent:0.39975
light:0.39775
entirely dialogue:0.39275
oscar (best foreign language film):0.3925
perfect:0.389
ensemble cast:0.3875
beautiful:0.38325
drinking:0.3825
fight scenes:0.38225
desert:0.37875
surreal:0.37725
cult film:0.377
memory:0.373
complex:0.3685
writers:0.36675
love:0.365
macabre:0.35725
movielens top pick:0.35575
dreamlike:0.3545
great acting:0.3515
period piece:0.34975
not funny:0.34975
music:0.348
multiple storylines:0.348
life & death:0.34775
runaway:0.3475
scenic:0.3465
photography:0.34275
oscar (best cinematography):0.33625
london:0.335
creativity:0.333
betrayal:0.33125
first contact:0.32875
