sisters:0.9385
quirky:0.79525
criterion:0.776
original:0.74325
dysfunctional family:0.73925
grindhouse:0.59425
mental illness:0.59
surreal:0.56175
intimate:0.557
weird:0.55425
enigmatic:0.5065
psychological:0.49425
mentor:0.4515
dialogue:0.43725
australian:0.428
catastrophe:0.41975
melancholic:0.40275
black comedy:0.39575
loneliness:0.37725
psychology:0.35275
reflective:0.34
sexual:0.33825
great ending:0.33525
brutality:0.33275
vengeance:0.3325
storytelling:0.31575
stylized:0.3155
not funny:0.314
entirely dialogue:0.3135
culture clash:0.3055
runaway:0.30175
talky:0.29775
life philosophy:0.29525
suprisingly clever:0.287
golden palm:0.284
relationships:0.282
lynch:0.27925
ironic:0.27875
claustrophobic:0.27675
pornography:0.2725
cerebral:0.261
cinematography:0.2575
obsession:0.25625
childhood:0.2555
visually appealing:0.2515
very interesting:0.24625
lone hero:0.2435
good soundtrack:0.24175
existentialism:0.23175
dramatic:0.2305
surveillance:0.22875
adaptation:0.2275
fantasy world:0.226
fight scenes:0.22525
first contact:0.22075
bad plot:0.218
emotional:0.2155
incest:0.212
writers:0.20925
pointless:0.20625
queer:0.20325
affectionate:0.20225
family:0.20175
cult film:0.2005
dark hero:0.20025
male nudity:0.19825
crazy:0.19775
strange:0.19775
artsy:0.196
intellectual:0.19375
cult classic:0.193
surrealism:0.191
police investigation:0.191
low budget:0.18975
story:0.1895
art house:0.1885
classic car:0.187
great:0.18675
adapted from:book:0.18675
unfunny:0.1855
allegory:0.184
parenthood:0.1835
overrated:0.18125
predictable:0.18125
car chase:0.18125
beautiful scenery:0.1805
redemption:0.18
too long:0.179
natural disaster:0.178
cars:0.17775
satirical:0.17725
exceptional acting:0.1745
mad scientist:0.1735
twists & turns:0.173
hilarious:0.172
crude humor:0.1715
road movie:0.16975
art:0.16825
complex:0.1675
unusual plot structure:0.16725
