future:0.99375
oscar (best cinematography):0.98225
futuristic:0.98125
bleak:0.97775
dystopia:0.974
science fiction:0.96925
end of the world:0.9605
imdb top 250:0.95775
alone in the world:0.9545
social commentary:0.954
humanity:0.9525
amazing cinematography:0.94975
original:0.93775
post apocalyptic:0.934
visually appealing:0.9315
violence:0.91975
apocalypse:0.91075
distopia:0.9085
visually stunning:0.905
grim:0.90325
post-apocalyptic:0.883
political:0.86825
survival:0.86025
cinematography:0.85325
complex:0.84175
surveillance:0.83925
visual:0.82775
tense:0.82225
technology:0.81825
interesting:0.8155
dystopic future:0.80325
rebellion:0.803
adapted from:book:0.796
dark:0.79175
betrayal:0.77925
harsh:0.769
existentialism:0.76825
atmospheric:0.76575
intense:0.7605
cerebral:0.75475
allegory:0.75425
storytelling:0.7515
brutality:0.74
thought-provoking:0.73375
story:0.7305
imagination:0.72725
drama:0.726
powerful ending:0.72525
corruption:0.7225
depressing:0.71725
dramatic:0.71625
visceral:0.7155
greed:0.7135
great ending:0.713
oscar (best directing):0.71025
sci fi:0.71025
clever:0.70825
suspense:0.70675
england:0.696
scifi:0.6955
ecology:0.6865
gritty:0.6855
realistic:0.67475
british:0.661
violent:0.6575
dialogue:0.65425
absurd:0.65025
london:0.64525
sci-fi:0.645
great acting:0.6405
good soundtrack:0.639
philosophy:0.63525
enigmatic:0.63075
secrets:0.62725
redemption:0.6265
terrorism:0.61975
great:0.61875
unusual plot structure:0.61875
immigrants:0.61325
environment:0.61025
breathtaking:0.60975
complicated:0.609
criterion:0.60225
sexualized violence:0.60175
chase:0.60075
based on a book:0.597
forceful:0.59575
fighting the system:0.588
thriller:0.5875
original plot:0.5835
good acting:0.5825
narrated:0.58125
nudity (topless - brief):0.5805
pregnancy:0.57775
road movie:0.5765
talky:0.575
great movie:0.5745
amazing photography:0.57325
idealism:0.5715
weird:0.569
