hit men:0.998
assassin:0.98975
assassins:0.974
action:0.96175
good action:0.95475
assassination:0.934
hitman:0.91075
action packed:0.86525
chase:0.8355
fast paced:0.78075
vengeance:0.7445
explosions:0.74325
gunfight:0.72775
surveillance:0.7245
car chase:0.692
thriller:0.6685
lone hero:0.66675
mentor:0.6475
fight scenes:0.64275
original:0.64075
stylish:0.5955
spying:0.59
cool:0.585
guns:0.56475
big budget:0.54675
dialogue:0.524
entertaining:0.5215
predictable:0.52025
good:0.506
revenge:0.506
violence:0.50075
exciting:0.47025
runaway:0.4125
hackers:0.4115
mafia:0.4065
spies:0.40125
great ending:0.398
catastrophe:0.395
twists & turns:0.38875
gangsters:0.38275
spy:0.3805
conspiracy:0.36475
arms dealer:0.359
good soundtrack:0.35525
fun movie:0.35025
brutality:0.34025
story:0.335
so bad it's funny:0.3345
bad acting:0.334
brothers:0.33325
fighting:0.3325
secret service:0.3305
tense:0.32575
sexy:0.32125
suspense:0.32075
redemption:0.32025
realistic action:0.31975
suprisingly clever:0.317
very interesting:0.31475
not funny:0.31475
plot:0.3115
betrayal:0.31025
nudity (full frontal - brief):0.30775
corruption:0.307
twist ending:0.29825
silly fun:0.297
fun:0.296
mob:0.292
life philosophy:0.29125
classic car:0.288
entirely dialogue:0.287
first contact:0.283
storytelling:0.28225
nudity (topless - brief):0.277
gratuitous violence:0.2755
dark hero:0.27525
better than expected:0.27525
stylized:0.26725
clever:0.2645
culture clash:0.26275
great:0.26275
bad plot:0.2625
destiny:0.26225
irish accent:0.2615
nudity (topless):0.258
visceral:0.2575
multiple storylines:0.257
unusual plot structure:0.25475
quirky:0.253
hotel:0.25075
unfunny:0.24925
death:0.2485
pg-13:0.24275
bloody:0.239
natural disaster:0.239
complex:0.236
absurd:0.22975
adaptation:0.2295
nudity (rear):0.22625
very funny:0.22625
