caper:0.98775
heist:0.9825
london:0.982
comedy:0.9685
british:0.9535
british comedy:0.934
farce:0.89325
plot:0.89
coen bros:0.889
funny:0.881
pg-13:0.85825
suspense:0.847
complicated:0.84475
fast paced:0.841
ensemble cast:0.8345
action:0.8325
chase:0.83175
good:0.83075
fun:0.82825
unlikeable characters:0.82075
sexy:0.8145
anti-hero:0.80825
england:0.80475
violent:0.8035
sexualized violence:0.79975
original:0.7965
clever:0.79275
hilarious:0.7885
gunfight:0.788
story:0.78675
violence:0.781
revenge:0.775
forceful:0.77275
entertaining:0.7725
art:0.7715
brutality:0.765
murder:0.75875
stereotypes:0.7535
plot twist:0.74
remake:0.714
suspenseful:0.7
dialogue:0.69725
special effects:0.68475
fairy tale:0.68075
betrayal:0.679
plot holes:0.67575
good soundtrack:0.6675
predictable:0.6665
absurd:0.664
science fiction:0.6635
crime:0.66275
twists & turns:0.65625
great ending:0.64975
teen movie:0.6365
artistic:0.6365
so bad it's funny:0.6355
revolution:0.62675
funny as hell:0.626
romantic comedy:0.614
destiny:0.60875
camp:0.607
male nudity:0.60275
script:0.597
con men:0.5905
quotable:0.5845
fun movie:0.58425
mob:0.5815
unfunny:0.5805
action packed:0.57925
brutal:0.57625
adaptation:0.57475
nudity:0.565
interesting:0.5635
twist:0.5635
pointless:0.56075
good versus evil:0.55675
gangsters:0.5485
assassin:0.547
android(s)/cyborg(s):0.5465
witty:0.5415
screwball:0.541
tense:0.5325
very funny:0.5325
visually appealing:0.52375
drinking:0.521
books:0.521
better than expected:0.51875
talky:0.516
pornography:0.5125
memory:0.51225
justice:0.5085
robbery:0.50625
mentor:0.504
nudity (topless):0.4985
brainwashing:0.49625
nerds:0.49475
torture:0.493
costume drama:0.4855
exciting:0.48325
con artists:0.48125
