conspiracy:0.995
alien:0.98125
astronauts:0.97925
space:0.95975
aliens:0.9555
sci fi:0.9255
sci-fi:0.91375
science fiction:0.90325
scifi:0.89825
first contact:0.73975
weird:0.71725
original:0.698
desert:0.6885
so bad it's funny:0.68175
special effects:0.67025
cult classic:0.657
nasa:0.65
allegory:0.62075
silly:0.61975
unusual plot structure:0.61375
alien invasion:0.61375
transformation:0.57775
catastrophe:0.559
plot:0.5575
god:0.53425
surveillance:0.5285
dystopia:0.5265
scifi cult:0.48575
stupid as hell:0.47825
suprisingly clever:0.47525
mars:0.47475
fantasy:0.474
finnish:0.47125
space travel:0.46675
natural disaster:0.451
great ending:0.4455
runaway:0.44525
life philosophy:0.43925
chase:0.437
lone hero:0.43675
mentor:0.43625
campy:0.43425
futuristic:0.432
space opera:0.4155
childhood:0.41325
cult film:0.408
weed:0.40775
low budget:0.4045
brutality:0.402
not funny:0.39325
action:0.388
grindhouse:0.38525
plot holes:0.38525
paranoia:0.3835
absurd:0.3745
las vegas:0.37275
very funny:0.354
camp:0.35125
doctors:0.34475
strange:0.34375
unfunny:0.3405
indians:0.33975
investigation:0.33475
parallel universe:0.33425
giant robots:0.32875
bad plot:0.32675
entirely dialogue:0.32325
crude humor:0.32275
adventure:0.32275
president:0.3215
monster:0.32075
greed:0.3205
bad ending:0.32
narrated:0.31725
future:0.313
good soundtrack:0.3125
male nudity:0.31
cloning:0.30725
post apocalyptic:0.3065
assassin:0.306
existentialism:0.305
franchise:0.3045
dialogue:0.304
bad science:0.304
goofy:0.301
alternate reality:0.2975
story:0.29125
nudity (topless):0.28925
texas:0.2885
weapons:0.28725
cerebral:0.285
visually stunning:0.28425
clones:0.28425
apocalypse:0.279
dystopic future:0.27575
visual:0.27375
surreal:0.27275
pulp:0.272
redemption:0.272
life & death:0.2715
