dark humor:0.93475
violence:0.93275
pornography:0.932
violent:0.92325
brutality:0.92275
neo-noir:0.90875
dysfunctional family:0.87075
sexualized violence:0.863
disturbing:0.85775
based on a play:0.85175
weird:0.8475
dark:0.83025
insanity:0.82575
nudity (full frontal):0.81775
visceral:0.809
nudity (full frontal - notable):0.80875
twists & turns:0.80825
dark comedy:0.79275
original:0.7785
stylish:0.77375
black comedy:0.76025
psychological:0.7585
intense:0.7575
murder:0.75375
twist:0.75
stylized:0.73925
bloody:0.738
sexual:0.72025
brutal:0.71175
obsession:0.70375
gratuitous violence:0.699
crime gone awry:0.69475
hard to watch:0.6735
creepy:0.65275
visually appealing:0.645
sex:0.638
tense:0.62875
controversial:0.6285
macabre:0.6185
hit men:0.592
crime:0.584
drugs:0.58325
male nudity:0.5795
cinematography:0.5775
corruption:0.57475
noir:0.571
unlikeable characters:0.5705
bleak:0.565
art house:0.56475
very interesting:0.56375
serial killer:0.5615
surreal:0.55675
noir thriller:0.556
pointless:0.55325
talky:0.5515
great acting:0.5475
incest:0.54475
dialogue:0.543
greed:0.53775
psychology:0.537
cult classic:0.537
cult film:0.5355
social commentary:0.53075
sexy:0.52875
interesting:0.5285
erotic:0.52825
quirky:0.5275
police investigation:0.52025
thriller:0.51625
nudity:0.51475
suspense:0.5135
twist ending:0.5085
character study:0.504
dialogue driven:0.504
pulp:0.502
enigmatic:0.4935
absurd:0.49325
vengeance:0.493
betrayal:0.488
hitman:0.4845
storytelling:0.48375
claustrophobic:0.48
revenge:0.478
plot twist:0.47575
gangsters:0.4715
grindhouse:0.47125
adaptation:0.4695
good soundtrack:0.46675
harsh:0.46625
relationships:0.45525
runaway:0.45175
gritty:0.4415
great ending:0.4405
bizarre:0.438
nudity (full frontal - brief):0.435
criterion:0.43475
texas:0.43275
sexual abuse:0.4275
drama:0.42525
infidelity:0.416
