women:0.9435
girlie movie:0.941
romantic comedy:0.93975
chick flick:0.92525
unlikely friendships:0.88925
relationships:0.87575
romantic:0.86775
friendship:0.81425
love story:0.8015
romance:0.7725
destiny:0.75875
sexy:0.75375
gay character:0.74775
predictable:0.721
happy ending:0.71575
original:0.66775
bad plot:0.642
sweet:0.6285
drama:0.60975
mentor:0.56175
teen movie:0.53925
adultery:0.53075
great ending:0.52725
feel-good:0.52225
wedding:0.51475
lesbian:0.49925
gay:0.49775
dialogue:0.48725
passionate:0.48325
good soundtrack:0.47975
culture clash:0.47575
pg-13:0.46875
love:0.4665
san francisco:0.46525
family:0.45425
stereotypes:0.44675
plot:0.44575
catastrophe:0.4455
light:0.444
betrayal:0.442
good romantic comedies:0.4365
cute:0.435
feel good movie:0.427
shallow:0.425
twists & turns:0.421
pornography:0.41975
sexualized violence:0.408
fantasy world:0.401
horrible:0.3995
big budget:0.39875
life philosophy:0.397
police investigation:0.3905
story:0.38925
sentimental:0.38725
nocturnal:0.37975
unrealistic:0.376
so bad it's funny:0.3745
runaway:0.374
cute!:0.37325
comedy:0.37025
brutality:0.37
no plot:0.36975
school:0.367
fantasy:0.36375
great:0.36175
interracial romance:0.35625
notable nudity:0.3525
divorce:0.35
disaster:0.34725
british:0.343
beautiful scenery:0.34275
good:0.342
small town:0.337
pregnancy:0.33325
mad scientist:0.32725
idiotic:0.326
overrated:0.32575
erotic:0.322
harsh:0.3175
sex:0.31125
cheating:0.31
writers:0.30875
natural disaster:0.308
manipulation:0.307
not funny:0.307
alter ego:0.30525
storytelling:0.304
better than expected:0.3015
silly:0.2995
excellent script:0.29475
tear jerker:0.29425
bad ending:0.294
teen:0.29125
redemption:0.2905
prejudice:0.28725
revenge:0.286
special effects:0.28425
hospital:0.2835
justice:0.283
first contact:0.2825
