islam:0.99675
women:0.91275
foreign:0.87975
censorship:0.85775
oscar (best foreign language film):0.813
criterion:0.8025
unlikely friendships:0.76325
talky:0.75625
original:0.7105
childhood:0.6955
dreams:0.69225
coming of age:0.68925
storytelling:0.66975
iran:0.65075
culture clash:0.64125
social commentary:0.63275
friendship:0.628
rebellion:0.62
school:0.618
forceful:0.61675
sweet:0.6035
affectionate:0.602
breathtaking:0.6005
runaway:0.5945
coming-of-age:0.593
pornography:0.58475
honest:0.57825
religion:0.56925
bittersweet:0.566
brainwashing:0.55775
segregation:0.55025
harsh:0.53975
allegory:0.53825
golden palm:0.5375
adoption:0.53275
alone in the world:0.526
teacher:0.518
good soundtrack:0.51775
finnish:0.51
unusual plot structure:0.5075
middle east:0.50725
lesbian:0.503
depressing:0.494
cinematography:0.49
transformation:0.4865
mentor:0.48175
idealism:0.47525
nudity (full frontal - brief):0.468
melancholic:0.46075
adolescence:0.45775
suprisingly clever:0.455
oscar (best directing):0.451
amazing photography:0.45025
off-beat comedy:0.44225
sacrifice:0.437
grim:0.4345
loneliness:0.4335
depression:0.42425
author:neil gaiman:0.41625
catastrophe:0.40275
competition:0.40175
secrets:0.39075
greed:0.39025
whimsical:0.378
drinking:0.377
spanish:0.3765
obsession:0.375
thought-provoking:0.3735
kick-butt women:0.36525
reflective:0.364
freedom:0.362
child abuse:0.357
not funny:0.3565
touching:0.35425
intimate:0.35025
movielens top pick:0.34825
bullying:0.347
children:0.34625
great ending:0.344
fantasy world:0.344
tragedy:0.343
catholicism:0.33775
god:0.33375
very interesting:0.328
life:0.3225
indie:0.32025
surveillance:0.31525
self discovery:0.30825
confrontational:0.3045
mental illness:0.30225
guilt:0.298
glbt:0.29725
imdb top 250:0.296
enigmatic:0.29325
quirky:0.2925
assassination:0.29025
stereotypes:0.28975
existentialism:0.2895
indians:0.28925
atmospheric:0.28825
