spoof:0.9885
parody:0.9845
original:0.87025
goofy:0.857
satire:0.851
comedy:0.8445
stupidity:0.80375
funniest movies:0.77125
satirical:0.7515
so bad it's funny:0.74575
absurd:0.7275
stupid:0.67175
saturday night live:0.6665
cult film:0.65575
fun movie:0.64225
dumb but funny:0.6235
funny:0.616
hilarious:0.61225
silly:0.6105
humorous:0.55825
romantic comedy:0.54775
farce:0.53025
romantic:0.50975
writers:0.50425
unfunny:0.49175
great ending:0.49
crude humor:0.48325
cult classic:0.4825
fun:0.47475
ridiculous:0.474
great:0.4715
humor:0.464
mentor:0.46225
quirky:0.45
predictable:0.44525
sarcasm:0.43875
slapstick:0.43725
weird:0.429
very funny:0.4285
romance:0.419
silly fun:0.4035
good soundtrack:0.4035
catastrophe:0.39875
dialogue:0.3775
sexy:0.37575
passionate:0.375
melancholic:0.3605
twists & turns:0.3475
criterion:0.3455
storytelling:0.34475
stupid as hell:0.33675
light:0.33025
fantasy world:0.322
brutality:0.321
suprisingly clever:0.32075
clever:0.31825
sci fi:0.3165
stylized:0.30275
pornography:0.30025
police investigation:0.2985
awful:0.2965
entirely dialogue:0.293
superheroes:0.29125
story:0.29125
mad scientist:0.2885
allegory:0.285
stereotypes:0.28275
funny as hell:0.2815
destiny:0.2775
visually appealing:0.2765
lone hero:0.27125
unusual plot structure:0.26975
adultery:0.26825
first contact:0.26475
multiple storylines:0.263
guilt:0.25825
dumb:0.25375
redemption:0.2525
vengeance:0.25175
weapons:0.25025
off-beat comedy:0.24825
quotable:0.248
internet:0.24725
adaptation:0.24325
disaster:0.243
excellent script:0.24275
happy ending:0.24225
imdb top 250:0.24025
fantasy:0.2395
good:0.23925
existentialism:0.239
witty:0.23875
runaway:0.23625
cerebral:0.2315
dreamlike:0.231
mental illness:0.229
cinematography:0.228
idiotic:0.2275
overrated:0.2245
chase:0.2235
