sexual:0.98875
sex:0.968
sexuality:0.922
pornography:0.9195
sexy:0.88
relationships:0.87875
censorship:0.86725
erotic:0.843
obsession:0.8035
sexual abuse:0.79375
women:0.7085
male nudity:0.63625
entirely dialogue:0.5995
great ending:0.5855
original:0.58225
marriage:0.55675
psychology:0.54025
catastrophe:0.52975
controversial:0.514
nudity:0.5065
nudity (topless):0.50425
dialogue:0.504
bdsm:0.50325
brutality:0.48775
interracial romance:0.483
nudity (topless - notable):0.47125
very interesting:0.4655
nudity (full frontal - brief):0.45775
sexualized violence:0.45725
mentor:0.452
life philosophy:0.43825
love story:0.435
complex:0.42825
betrayal:0.42175
psychological:0.42
passionate:0.4095
internet:0.3935
classic car:0.392
hard to watch:0.3865
intimate:0.384
culture clash:0.37525
nudity (full frontal - notable):0.3695
loneliness:0.35525
drama:0.354
cheating:0.35
melancholic:0.348
social commentary:0.345
good soundtrack:0.345
sex comedy:0.34325
police investigation:0.33425
twists & turns:0.331
destiny:0.32475
manipulation:0.32125
hospital:0.3205
not funny:0.319
great:0.315
unrealistic:0.313
harsh:0.31275
doctors:0.31175
interesting:0.30825
vengeance:0.30825
secrets:0.30725
storytelling:0.3045
moral ambiguity:0.3045
writers:0.2995
courage:0.299
corruption:0.2985
nudity (full frontal):0.2985
beautifully filmed:0.298
bad ending:0.2975
twist:0.295
genetics:0.291
suprisingly clever:0.28725
thought-provoking:0.28725
race issues:0.284
light:0.28075
books:0.27975
violence:0.2795
unlikely friendships:0.2785
adapted from:book:0.27825
girlie movie:0.277
fantasy world:0.27675
twist ending:0.269
adaptation:0.2685
talky:0.266
emotional:0.26525
self discovery:0.26525
prejudice:0.26025
guilt:0.25675
redemption:0.2565
honest:0.254
adultery:0.251
death:0.2495
predictable:0.2475
first contact:0.24625
runaway:0.24625
morality:0.24325
gay character:0.24225
plot:0.242
criterion:0.23775
