christmas:0.99175
holiday:0.9825
comedy:0.8955
fun movie:0.8465
witty:0.828
great:0.79425
family:0.76925
chase:0.76525
great movie:0.74675
dialogue:0.74225
classic:0.73625
clever:0.73375
light:0.7275
murder:0.727
original:0.717
good:0.71575
based on a play:0.715
humorous:0.7085
island:0.6915
swashbuckler:0.68525
macabre:0.67075
runaway:0.64825
fight scenes:0.64325
dark humor:0.6395
mentor:0.62075
fun:0.61825
devil:0.61375
parody:0.6135
hilarious:0.6125
goofy:0.60725
humor:0.60675
whimsical:0.60075
screwball:0.5865
alter ego:0.5825
underrated:0.57725
anti-hero:0.57675
feel good movie:0.57625
greed:0.5675
good action:0.566
funny:0.55225
black comedy:0.55225
great dialogue:0.54375
vengeance:0.5415
dramatic:0.5365
corruption:0.53625
feel-good:0.534
very funny:0.53125
unusual plot structure:0.5295
talky:0.52275
silly fun:0.51625
dysfunctional family:0.5135
crime gone awry:0.51025
redemption:0.50225
adaptation:0.5005
silly:0.49625
entertaining:0.49225
movielens top pick:0.4915
funny as hell:0.4895
children:0.4875
deadpan:0.48475
oscar (best supporting actress):0.482
catastrophe:0.4765
police investigation:0.47625
story:0.475
stereotypes:0.4725
film noir:0.4695
beautiful scenery:0.46375
snakes:0.46375
immortality:0.4625
culture clash:0.46125
oscar winner:0.458
british:0.457
prison:0.45675
farce:0.45625
great ending:0.45275
dark hero:0.45125
excellent:0.45075
affectionate:0.45025
nudity (topless - notable):0.45025
marriage:0.4495
lone hero:0.4475
sexy:0.44675
great acting:0.44075
race issues:0.44025
dystopic future:0.43825
france:0.433
very good:0.42925
criterion:0.428
brothers:0.42275
distopia:0.4205
violence:0.42025
secrets:0.41625
oscar:0.416
nocturnal:0.4155
idealism:0.413
action:0.40675
family drama:0.40575
sentimental:0.40175
absurd:0.40125
gangsters:0.3975
