space:0.9915
scifi:0.985
alien:0.9795
sci fi:0.97325
science fiction:0.973
spoof:0.966
sci-fi:0.96125
futuristic:0.94625
parody:0.93
original:0.90425
first contact:0.886
androids:0.87625
technology:0.83725
special effects:0.83175
so bad it's funny:0.8295
computer animation:0.82525
aliens:0.794
robot:0.77125
god:0.7065
bad science:0.70225
lame:0.70175
scifi cult:0.6935
predictable:0.68925
alternate reality:0.68275
silly:0.68075
bad:0.6805
future:0.678
silly fun:0.65625
fantasy:0.63825
visually stunning:0.6305
nudity (topless - notable):0.6285
robots:0.626
android(s)/cyborg(s):0.6185
bad acting:0.598
awful:0.597
big budget:0.59625
fantasy world:0.592
dynamic cgi action:0.58425
bad plot:0.57425
visual:0.572
dialogue:0.5715
loneliness:0.5695
effects:0.56375
campy:0.556
disaster:0.5545
mars:0.55325
space travel:0.55075
catastrophe:0.5485
goofy:0.54075
unfunny:0.538
visually appealing:0.532
cloning:0.5315
transformation:0.5305
stupid as hell:0.51975
bad ending:0.51875
monsters:0.51625
great ending:0.51425
fight scenes:0.51
dumb:0.49525
comedy:0.493
story:0.493
new jersey:0.49025
space opera:0.48725
cheesy:0.48275
natural disaster:0.48175
unusual plot structure:0.481
mentor:0.471
horrible:0.46975
pointless:0.468
very funny:0.46775
humorous:0.4635
cyberpunk:0.463
plot:0.46275
franchise:0.4615
crappy sequel:0.4475
dumb but funny:0.44575
action:0.44375
quirky:0.44025
brutality:0.43825
fun:0.43525
adaptation:0.4325
pulp:0.42525
alien invasion:0.42025
overrated:0.40325
medieval:0.4
supernatural:0.39975
good versus evil:0.39375
family:0.389
storytelling:0.38225
adventure:0.38225
cult classic:0.3815
motorcycle:0.3705
allegory:0.3695
dystopia:0.369
fairy tales:0.368
nocturnal:0.3645
underrated:0.362
nudity (full frontal - brief):0.35725
plot holes:0.357
happy ending:0.35675
