surreal:0.9555
dreams:0.946
alternate reality:0.9375
dreamlike:0.934
imagination:0.93325
storytelling:0.92925
visually appealing:0.90225
visually stunning:0.88925
weird:0.87825
dark fantasy:0.8535
visual:0.82325
allegory:0.8145
low budget:0.7735
original:0.77075
visuals:0.768
existentialism:0.76775
surrealism:0.7595
cerebral:0.75375
creativity:0.7465
artistic:0.74125
wuxia:0.724
fantasy:0.69625
sacrifice:0.69375
sci fi:0.68625
destiny:0.6595
story:0.65025
good versus evil:0.649
redemption:0.63875
cinematography:0.634
fantasy world:0.60875
science fiction:0.5975
parallel universe:0.5965
beautifully filmed:0.59575
life & death:0.5945
mythology:0.5865
special effects:0.56575
absurd:0.55425
enigmatic:0.55425
independent film:0.55325
scifi:0.5465
first contact:0.5385
thought-provoking:0.53525
dialogue:0.51675
beautiful scenery:0.511
life philosophy:0.4985
complex:0.498
greed:0.49625
unique:0.49225
dystopia:0.49075
catastrophe:0.48925
whimsical:0.48625
childhood:0.4855
philosophical:0.47375
plot:0.47275
fight scenes:0.4705
technology:0.46475
stunning:0.46275
mentor:0.4495
light:0.44325
great:0.44275
nonlinear:0.438
alone in the world:0.437
great cinematography:0.43125
suprisingly clever:0.4275
sci-fi:0.42025
stylized:0.4195
unusual plot structure:0.417
bad acting:0.4155
so bad it's funny:0.4145
indie:0.41
transformation:0.40825
watch the credits:0.402
great ending:0.40175
not funny:0.3965
good acting:0.396
supernatural:0.3895
mozart:0.3895
non-linear:0.38825
fairy tales:0.37975
good soundtrack:0.3695
bad cgi:0.36725
solitude:0.36225
art:0.359
memory:0.351
colourful:0.349
effects:0.34375
internet:0.3385
fairy tale:0.33775
distopia:0.3365
criterion:0.3355
artsy:0.334
entirely dialogue:0.332
pretentious:0.331
cult classic:0.32275
social commentary:0.322
immortality:0.322
melancholic:0.32175
blindness:0.3195
bollywood:0.31825
weapons:0.31425
