boxing:0.91
sports:0.89175
rags to riches:0.848
downbeat:0.79075
oscar (best actress):0.77075
gritty:0.763
original:0.721
oscar (best directing):0.71925
corruption:0.71525
bittersweet:0.65475
reflective:0.65275
mentor:0.642
grim:0.63675
greed:0.636
brutality:0.63525
gunfight:0.63025
anti-hero:0.62975
character study:0.62925
oscar (best supporting actor):0.60425
culture clash:0.58725
sacrifice:0.573
runaway:0.5665
golden palm:0.56075
oscar (best supporting actress):0.5545
working class:0.55275
drama:0.551
criterion:0.545
black and white:0.54125
great ending:0.54075
quotable:0.52675
great:0.5265
poverty:0.508
intimate:0.50025
childhood:0.49875
talky:0.4885
great acting:0.48225
death:0.481
vengeance:0.467
melancholic:0.467
gangsters:0.463
suprisingly clever:0.458
redemption:0.45475
happy ending:0.4545
dialogue:0.454
independent film:0.451
canada:0.4495
idealism:0.44475
movielens top pick:0.439
cinematography:0.43575
imdb top 250:0.41775
depression:0.41175
social commentary:0.411
catastrophe:0.41
good soundtrack:0.4025
guilt:0.392
harsh:0.39
drinking:0.38675
alter ego:0.3775
tragedy:0.37475
depressing:0.3745
transformation:0.372
fight scenes:0.37175
crime gone awry:0.3655
melancholy:0.36475
entirely dialogue:0.36275
new york:0.3615
brothers:0.35925
friendship:0.357
not funny:0.3555
enormously long battle scene:0.35175
hospital:0.35075
storytelling:0.347
good:0.345
dreams:0.33425
prejudice:0.334
fighting:0.333
beautiful scenery:0.33175
inspirational:0.3285
honest:0.327
artistic:0.3255
small town:0.32425
loneliness:0.321
great movie:0.31575
unusual plot structure:0.3115
cynical:0.3095
california:0.30925
mob:0.301
bleak:0.297
nudity (full frontal - brief):0.296
moody:0.295
race issues:0.29475
indians:0.29375
irish accent:0.29125
betrayal:0.29025
oscar (best actor):0.2885
poignant:0.28825
atmospheric:0.28775
dramatic:0.2855
adoption:0.2855
morality:0.281
