lone hero:0.984
future:0.983
post-apocalyptic:0.982
post apocalyptic:0.98025
gangs:0.965
futuristic:0.96425
violent:0.9635
dystopia:0.95775
australia:0.95625
motorcycle:0.9525
action:0.952
cars:0.94825
car chase:0.93875
vengeance:0.928
road movie:0.92525
chase:0.925
revenge:0.916
cult classic:0.915
violence:0.90725
vigilante:0.90325
good action:0.86275
original:0.8615
apocalypse:0.8205
visceral:0.79375
cult film:0.78675
sci-fi:0.77925
low budget:0.7725
australian:0.76475
brutality:0.749
gratuitous violence:0.731
vigilantism:0.731
sci fi:0.7235
dialogue:0.70675
tense:0.6985
oil:0.68825
forceful:0.6705
science fiction:0.67025
fight scenes:0.6615
dystopic future:0.66
intense:0.65975
scifi:0.65075
action packed:0.6375
trilogy:0.63425
harsh:0.62975
dark hero:0.627
cool:0.62575
desert:0.61775
gunfight:0.6105
original plot:0.61025
bleak:0.6065
good soundtrack:0.592
classic:0.576
weapons:0.57525
weird:0.57475
visual:0.57475
fast paced:0.55375
suspenseful:0.54725
highly quotable:0.54675
good versus evil:0.5395
grim:0.534
brutal:0.52325
classic car:0.523
anti-hero:0.5225
murder:0.5225
mad scientist:0.52225
redemption:0.5205
mentor:0.52025
gritty:0.51325
distopia:0.50925
sexualized violence:0.50525
cult:0.50525
nocturnal:0.5035
talky:0.50275
runaway:0.50175
grindhouse:0.50075
great movie:0.49575
stylized:0.49575
catastrophe:0.4925
bloody:0.492
great:0.48575
story:0.48325
good:0.47825
suspense:0.478
hitman:0.473
sequels:0.473
good sequel:0.46125
visually appealing:0.457
great ending:0.45625
justice:0.45125
culture clash:0.43975
storytelling:0.43725
criterion:0.4325
death:0.42525
nuclear war:0.4225
enigmatic:0.403
quotable:0.40275
not funny:0.401
sequel:0.39675
cinematography:0.396
exciting:0.3945
