wilderness:0.985
scenic:0.96075
cinematography:0.94525
enigmatic:0.93725
hunting:0.93325
tense:0.8955
survival:0.8875
oscar (best cinematography):0.88475
complex:0.85275
beautifully filmed:0.83125
melancholic:0.79875
original:0.795
visually appealing:0.78825
breathtaking:0.77275
story:0.764
visual:0.76075
great cinematography:0.76
isolation:0.74475
complicated:0.74025
slow paced:0.733
suspense:0.7325
drama:0.7325
chase:0.73
intense:0.7255
loneliness:0.72125
slow:0.71525
dialogue:0.707
powerful ending:0.7065
dramatic:0.701
great acting:0.6955
greed:0.6945
visually stunning:0.69225
thriller:0.692
secrets:0.6795
bleak:0.6605
storytelling:0.65525
solitude:0.64575
claustrophobic:0.6375
psychological:0.63375
beautiful scenery:0.63325
twists & turns:0.62975
plot:0.628
suspenseful:0.6125
mystery:0.60925
visceral:0.6045
weird:0.5985
photography:0.598
talky:0.596
stunning:0.59325
very interesting:0.59125
great ending:0.58775
australia:0.5855
runaway:0.58225
character study:0.5805
thought-provoking:0.57575
mentor:0.57375
unusual plot structure:0.56975
adapted from:book:0.56875
corruption:0.56225
allegory:0.55475
vengeance:0.5495
betrayal:0.54225
harsh:0.54125
beautiful:0.53775
great:0.525
paranoid:0.518
cerebral:0.517
reflective:0.5145
forceful:0.51225
jungle:0.508
life & death:0.506
violence:0.506
police investigation:0.50575
self discovery:0.50325
assassination:0.50125
redemption:0.49825
culture clash:0.49675
atmospheric:0.4965
criterion:0.49325
interesting:0.4915
emotional:0.486
first contact:0.481
murder:0.479
golden palm:0.4775
good soundtrack:0.475
violent:0.47275
underrated:0.47225
dark:0.472
tragedy:0.47075
catastrophe:0.465
simple:0.463
amazing photography:0.455
road movie:0.45475
existentialism:0.4505
imdb top 250:0.4415
sexualized violence:0.44125
off-beat comedy:0.4405
moral ambiguity:0.438
suprisingly clever:0.43725
clones:0.43625
