espionage:0.99525
futuristic:0.98375
spying:0.98375
sci-fi:0.9785
brainwashing:0.97475
twists & turns:0.9685
cyberpunk:0.961
scifi:0.95975
sci fi:0.9525
spy:0.946
science fiction:0.94475
plot twist:0.94125
twist ending:0.9405
conspiracy:0.937
complex:0.93575
complicated plot:0.9235
paranoia:0.92225
secrets:0.90475
thriller:0.904
future:0.90025
spies:0.89925
cerebral:0.89625
visual:0.89625
enigmatic:0.88825
technology:0.88175
stylish:0.87725
identity:0.87575
tense:0.87125
complicated:0.86375
mindfuck:0.86075
cinematography:0.85175
twist:0.8505
visually stunning:0.85
claustrophobic:0.84225
original:0.8315
noir thriller:0.82825
tricky:0.827
surprise ending:0.827
great ending:0.82225
suspense:0.8165
clever:0.8135
intelligent sci-fi:0.8035
visually appealing:0.79925
mystery:0.792
bad ending:0.77475
clones:0.7655
chase:0.762
plot:0.758
weird:0.7575
greed:0.756
maze:0.74975
storytelling:0.7465
paranoid:0.74625
interesting:0.734
psychological:0.72025
psychology:0.7165
first contact:0.7125
suspenseful:0.71025
existentialism:0.69875
virtual reality:0.683
good:0.6635
surveillance:0.66325
philip k. dick:0.6565
good acting:0.65125
stylized:0.64775
great acting:0.64125
space opera:0.6315
dialogue:0.61975
original plot:0.6195
low budget:0.61825
parallel universe:0.61225
intelligent:0.60125
very interesting:0.60025
confusing:0.5965
story:0.58675
dystopic future:0.58225
manipulation:0.576
catastrophe:0.5725
intense:0.56875
stunning:0.5605
plot holes:0.559
mars:0.55825
corruption:0.5555
great:0.5505
unusual plot structure:0.54875
atmospheric:0.54875
memory:0.53925
special effects:0.539
mentor:0.5335
distopia:0.53325
excellent:0.53
sexy:0.53
visuals:0.52575
no plot:0.52
dark:0.516
business:0.50975
suprisingly clever:0.5065
underrated:0.50475
imagination:0.5045
alternate endings:0.496
