silly fun:0.81575
original:0.773
so bad it's funny:0.72675
stupid:0.7015
goofy:0.68575
funny:0.684
very funny:0.67675
stupidity:0.67075
comedy:0.643
splatter:0.6375
idiotic:0.63225
weird:0.62925
new york:0.62375
creativity:0.61475
humorous:0.604
dancing:0.564
silly:0.56225
predictable:0.55425
hilarious:0.5165
absurd:0.51575
mtv:0.49275
political corruption:0.488
stupid as hell:0.483
mentor:0.481
destiny:0.451
new york city:0.4475
music:0.44625
dumb:0.44625
fun movie:0.4175
catastrophe:0.4155
shallow:0.415
special effects:0.41375
great ending:0.412
parody:0.4085
fun:0.40275
pointless:0.39925
bad plot:0.38275
cult film:0.37875
off-beat comedy:0.36675
cartoon:0.36125
unfunny:0.36
slapstick:0.35575
life philosophy:0.35475
feel-good:0.354
adaptation:0.3535
musical:0.35175
lone hero:0.34825
humor:0.345
good soundtrack:0.33775
crude humor:0.33425
great:0.3325
feel good movie:0.33125
dialogue:0.331
fight scenes:0.31875
disaster:0.31775
bad acting:0.31675
romance:0.3165
first contact:0.31525
dumb but funny:0.3125
fantasy:0.30875
brutality:0.30675
clever:0.306
gangsters:0.29925
nudity (full frontal - brief):0.296
story:0.29525
quirky:0.29275
love story:0.28875
talking animals:0.2875
pornography:0.28475
natural disaster:0.283
culture clash:0.282
entertaining:0.281
dark humor:0.27925
funniest movies:0.27875
vengeance:0.27825
animals:0.2755
sci fi:0.27325
overrated:0.273
redemption:0.2635
melancholic:0.26125
awful:0.26075
simple:0.2605
bad ending:0.259
family:0.2585
writers:0.25675
dance:0.2545
not funny:0.25125
los angeles:0.248
criterion:0.24775
cross dressing:0.247
violent:0.247
suprisingly clever:0.24625
multiple storylines:0.24475
runaway:0.2445
complex:0.24425
cult classic:0.244
franchise:0.2415
animation:0.24125
entirely dialogue:0.24075
fantasy world:0.238
