comedy:0.98625
lawyers:0.97925
lawyer:0.978
hilarious:0.94525
funny as hell:0.93025
goofy:0.888
parenthood:0.881
funny:0.8755
courtroom:0.86175
funniest movies:0.856
divorce:0.81875
very funny:0.80275
dumb:0.78525
humorous:0.767
silly fun:0.763
silly:0.7305
chase:0.7295
family:0.72825
pg-13:0.7085
good:0.699
original:0.6895
crude humor:0.6675
innocence lost:0.6495
father son relationship:0.6475
hillarious:0.6135
humor:0.60125
story:0.601
fun movie:0.5955
slapstick:0.582
adultery:0.58075
detective:0.57575
dramatic:0.573
dumb but funny:0.5715
court:0.57075
redemption:0.563
catastrophe:0.558
predictable:0.53275
great ending:0.52575
farce:0.51625
quotable:0.50975
great acting:0.50725
destiny:0.50325
great:0.5
father-son relationship:0.49875
marriage:0.4985
great movie:0.49525
police investigation:0.495
creativity:0.49475
alter ego:0.48725
good action:0.48
dialogue:0.478
suprisingly clever:0.47575
plot:0.4695
mentor:0.4695
suspense:0.46925
unfunny:0.46525
culture clash:0.46025
light:0.45775
stupidity:0.45525
family drama:0.45325
entertaining:0.45225
stupid:0.452
storytelling:0.449
corny:0.44675
stupid as hell:0.44175
secrets:0.43875
over the top:0.43375
workplace:0.4335
action:0.4305
sentimental:0.42275
boston:0.4225
original plot:0.42125
greed:0.4165
comic:0.4045
buddy movie:0.394
clever:0.3885
vengeance:0.383
big budget:0.38275
nudity (full frontal - brief):0.3815
fast paced:0.3815
oscar winner:0.3815
happy ending:0.37975
oscar:0.3765
intense:0.37625
feel-good:0.3745
very good:0.37025
imdb top 250:0.3685
justice:0.36025
fight scenes:0.35975
runaway:0.3555
lone hero:0.354
fun:0.35325
special effects:0.34625
exceptional acting:0.34325
crazy:0.34075
excellent script:0.33875
natural disaster:0.333
excellent:0.3315
first contact:0.32975
dysfunctional family:0.3275
