obsession:0.9695
french:0.95775
male nudity:0.94225
plot twist:0.935
love:0.92125
paris:0.90325
france:0.87125
love story:0.8655
romantic:0.84975
twists & turns:0.83675
destiny:0.8225
romance:0.7915
whimsical:0.78575
manipulation:0.78425
art:0.756
original:0.73975
unusual plot structure:0.73825
imagination:0.726
sweet:0.7225
twist:0.719
plot:0.70225
romantic comedy:0.698
light:0.69525
story:0.693
doctors:0.6715
colourful:0.663
life & death:0.646
thriller:0.64425
very interesting:0.644
clever:0.63275
relationships:0.63
great ending:0.61575
feel-good:0.61425
secrets:0.6135
cute:0.611
feel good movie:0.60925
psychological:0.594
hospital:0.59225
idealism:0.59175
psychology:0.58975
life philosophy:0.5855
pg-13:0.57975
interesting:0.579
wine:0.576
storytelling:0.57525
beautiful scenery:0.573
visually appealing:0.559
beautifully filmed:0.55025
paranoia:0.54975
twist ending:0.54725
foreign:0.54375
dialogue:0.5365
allegory:0.5365
enigmatic:0.5335
weird:0.52425
cute!:0.524
visually stunning:0.5235
mentor:0.51775
creativity:0.5155
criterion:0.5095
absurd:0.50725
good soundtrack:0.49225
sexy:0.48575
cinematography:0.484
brutality:0.4785
happy ending:0.47175
macabre:0.46875
pornography:0.46825
culture clash:0.46675
catastrophe:0.453
talky:0.45225
amazing photography:0.44525
complicated:0.44275
suprisingly clever:0.43975
betrayal:0.43675
identity:0.43525
quirky:0.433
artistic:0.43275
good acting:0.43175
better than expected:0.42825
great acting:0.426
alternate endings:0.4255
movielens top pick:0.42175
good:0.42
disturbing:0.416
witty:0.4155
runaway:0.41475
nudity (topless - notable):0.413
great:0.41025
sexualized violence:0.41
beautiful:0.409
chick flick:0.4075
visual:0.4035
erotic:0.402
drama:0.399
affectionate:0.3985
stylized:0.397
entirely dialogue:0.39625
artist:0.39275
marriage:0.38975
