unlikely friendships:0.93625
friendship:0.91
life & death:0.8635
reflective:0.816
ensemble cast:0.79225
loneliness:0.768
drinking:0.76575
melancholic:0.75225
original:0.69575
poignant:0.69475
social commentary:0.6835
drama:0.6695
working class:0.646
melancholy:0.5495
adaptation:0.54425
storytelling:0.543
criterion:0.52525
relationships:0.52525
british:0.512
story:0.50975
wartime:0.50675
literature:0.5065
runaway:0.5025
england:0.502
road trip:0.498
culture clash:0.497
mentor:0.48975
catastrophe:0.4785
realistic:0.47725
books:0.47625
betrayal:0.47475
dramatic:0.474
intimate:0.473
death:0.46225
great acting:0.462
childhood:0.45825
great:0.45525
indie:0.44825
gangsters:0.4445
bittersweet:0.443
very interesting:0.439
transformation:0.4375
life:0.42725
life philosophy:0.42625
oscar (best supporting actress):0.42275
talky:0.42125
dialogue:0.4175
golden palm:0.41225
nocturnal:0.4065
weird:0.40525
good soundtrack:0.398
suprisingly clever:0.393
great ending:0.3895
touching:0.38375
alter ego:0.38025
oscar (best foreign language film):0.37975
character study:0.37425
secrets:0.37175
tragedy:0.3715
destiny:0.37125
awesome soundtrack:0.36575
twists & turns:0.36525
complex characters:0.35675
london:0.35225
honest:0.3495
adapted from:book:0.3435
black comedy:0.3395
flashbacks:0.339
not funny:0.3385
nudity (full frontal - notable):0.3365
depression:0.33625
allegory:0.3335
independent film:0.3295
oscar (best directing):0.3265
exceptional acting:0.32575
cathartic:0.3255
heartbreaking:0.32525
suicide attempt:0.3235
movielens top pick:0.32325
entirely dialogue:0.32175
brutality:0.31825
prejudice:0.31725
redemption:0.316
sad but good:0.3135
fight scenes:0.31125
adultery:0.3095
australia:0.308
enigmatic:0.3065
nostalgic:0.304
sentimental:0.30325
male nudity:0.3005
bleak:0.29975
quirky:0.2985
atmospheric:0.29825
cinematography:0.29075
based on a book:0.28675
mythology:0.28425
downbeat:0.2835
suburbia:0.283
vengeance:0.282
