dancing:0.964
dance:0.944
musical:0.89075
classic:0.83575
runaway:0.7805
original:0.76525
colourful:0.7505
great:0.73175
romantic:0.69825
music:0.67475
visually appealing:0.6575
mentor:0.651
berlin:0.63225
visual:0.63125
dialogue:0.6195
story:0.6065
good soundtrack:0.59225
great movie:0.58375
good acting:0.575
great music:0.57475
good music:0.57325
destiny:0.56425
good:0.522
sweet:0.51425
awesome soundtrack:0.51175
light:0.50825
fantasy world:0.4995
broadway:0.489
great ending:0.4865
highly quotable:0.48175
oscar (best directing):0.4755
catastrophe:0.47325
storytelling:0.47075
suprisingly clever:0.4645
1930s:0.4595
clever:0.455
original plot:0.454
romance:0.45025
simple:0.4465
idealism:0.44575
talky:0.44525
pg-13:0.44525
scenic:0.4445
fun movie:0.44325
feel-good:0.4345
entirely dialogue:0.4145
exceptional acting:0.41375
afi 100 (movie quotes):0.409
fun:0.40575
visually stunning:0.3965
lyrical:0.39375
entertaining:0.38525
girlie movie:0.38
dramatic:0.375
imdb top 250:0.37375
beautifully filmed:0.3715
allegory:0.365
vengeance:0.36025
adapted from:book:0.3575
interesting:0.357
family:0.3555
plot:0.35525
creativity:0.3465
criterion:0.342
beautiful scenery:0.342
cult film:0.3395
heartbreaking:0.338
love story:0.33575
not funny:0.33575
great acting:0.3345
doctors:0.32925
witty:0.328
oscar (best effects - visual effects):0.32575
rock and roll:0.32575
better than expected:0.3245
stylized:0.3235
bittersweet:0.32275
artistic:0.31975
feel good movie:0.3195
first contact:0.319
oscar winner:0.3175
very funny:0.31675
hotel:0.31325
redemption:0.313
happy ending:0.311
magic:0.30775
earnest:0.30725
nostalgic:0.30675
perfect:0.3045
lone hero:0.302
unfunny:0.30175
based on a play:0.3
beautiful:0.29675
holiday:0.29625
parallel universe:0.29375
transformation:0.293
good action:0.292
betrayal:0.29075
sentimental:0.29025
drama:0.287
