beatles:0.975
rock and roll:0.91825
documentary:0.87275
original:0.868
bittersweet:0.84325
biographical:0.81575
narrated:0.8085
reflective:0.8025
very interesting:0.80175
meditative:0.79675
cancer:0.79675
interesting:0.772
life philosophy:0.76775
musicians:0.749
cult classic:0.74575
good soundtrack:0.7445
death:0.72925
intimate:0.729
vengeance:0.724
childhood:0.7135
life:0.71075
philosophy:0.7035
great:0.7025
feel-good:0.7025
good:0.70025
enigmatic:0.69675
lyrical:0.691
light:0.69
drinking:0.6875
destiny:0.68
passionate:0.679
storytelling:0.676
drug abuse:0.67175
great ending:0.6665
talky:0.666
touching:0.6615
great movie:0.6565
excellent script:0.65325
creativity:0.64775
original plot:0.6465
idealism:0.64575
criterion:0.64175
philosophical:0.63425
social commentary:0.627
1960s:0.627
highly quotable:0.624
sweet:0.62375
unlikely friendships:0.60475
transformation:0.60225
brainwashing:0.59475
feel good movie:0.59075
loneliness:0.58825
amazing photography:0.5845
good music:0.579
cool:0.5745
melancholic:0.5725
life & death:0.57
british:0.557
chase:0.5525
movielens top pick:0.55225
irreverent:0.55125
identity:0.54175
love:0.54025
biography:0.53875
silly fun:0.537
goofy:0.5285
runaway:0.51825
oscar (best supporting actress):0.515
alone in the world:0.5145
male nudity:0.51
friendship:0.5085
colourful:0.50425
beautifully filmed:0.50425
suprisingly clever:0.50175
god:0.501
weird:0.498
unusual plot structure:0.4935
story:0.49
earnest:0.4875
very good:0.487
great soundtrack:0.4835
mental illness:0.4805
indians:0.477
artist:0.47575
road movie:0.47475
nudity (full frontal - brief):0.4715
literature:0.47125
1970s:0.471
good acting:0.4695
imdb top 250:0.46775
time:0.46425
oscar (best directing):0.464
historical:0.45675
biting:0.4565
cult film:0.456
small town:0.456
poignant:0.452
adapted from:book:0.45075
artistic:0.44775
drugs:0.444
