true story:0.9715
oscar:0.96275
based on a true story:0.93275
dramatic:0.92225
based on true story:0.881
tragedy:0.86125
oscar (best actress):0.8195
original:0.81275
oscar winner:0.79
heartbreaking:0.7835
manipulation:0.781
life:0.776
storytelling:0.77425
oscar (best supporting actress):0.7665
oscar (best directing):0.76375
great acting:0.75325
mentor:0.7415
brutality:0.73625
runaway:0.73375
redemption:0.72475
race issues:0.7195
justice:0.7135
drama:0.713
emotional:0.70725
reflective:0.7045
complex:0.6985
death:0.69725
excellent script:0.69225
good:0.6885
great ending:0.68275
intense:0.67775
exceptional acting:0.6775
corruption:0.67725
biopic:0.67025
california:0.65625
san francisco:0.6505
childhood:0.6475
survival:0.64175
imdb top 250:0.62525
cinematography:0.623
violence:0.6205
social commentary:0.619
story:0.6095
weapons:0.60425
life & death:0.59925
family:0.583
oscar (best supporting actor):0.58075
doctors:0.54825
drugs:0.5475
oscar (best picture):0.546
oscar (best writing - screenplay written directly for the screen):0.54175
oscar (best actor):0.5395
interesting:0.53175
honest:0.52725
realistic:0.52175
pg-13:0.519
unlikely friendships:0.51725
character study:0.51625
earnest:0.51575
guilt:0.51225
friendship:0.4975
oscar (best foreign language film):0.48875
touching:0.484
feel-good:0.48275
greed:0.47525
drinking:0.473
violent:0.472
good acting:0.47075
fighting the system:0.46675
biographical:0.4665
hospital:0.46225
sad:0.4615
life philosophy:0.458
destiny:0.458
inspirational:0.45725
catastrophe:0.45675
suprisingly clever:0.4545
compassionate:0.453
biography:0.452
very good:0.44975
tense:0.4475
cerebral:0.44525
police investigation:0.44475
hip hop:0.44375
affectionate:0.44175
brutal:0.4385
thought-provoking:0.42975
independent film:0.4275
intimate:0.42075
visually appealing:0.42075
criterion:0.4125
dialogue:0.41
sentimental:0.4095
inspiring:0.4045
sacrifice:0.40325
fast paced:0.3985
not funny:0.397
political:0.39425
factual:0.39275
depression:0.39225
