iran:0.9875
islam:0.9455
blindness:0.9375
disability:0.894
beautifully filmed:0.89225
intimate:0.8795
touching:0.872
cinematography:0.82575
storytelling:0.79025
life & death:0.7875
poignant:0.76925
foreign:0.76275
childhood:0.74725
emotional:0.744
enigmatic:0.7425
bleak:0.6965
criterion:0.69625
reflective:0.68925
oscar (best foreign language film):0.662
tragedy:0.65925
melancholic:0.64375
breathtaking:0.62875
beautiful scenery:0.628
original:0.6235
redemption:0.6205
loneliness:0.61625
children:0.587
earnest:0.58425
stunning:0.5795
lyrical:0.5775
beautiful:0.575
golden palm:0.5735
movielens top pick:0.5685
harsh:0.549
melancholy:0.5445
sentimental:0.54375
bittersweet:0.53725
culture clash:0.53725
depression:0.53375
runaway:0.5255
wistful:0.518
great ending:0.51725
transformation:0.51725
father-son relationship:0.51525
suprisingly clever:0.50775
colourful:0.5055
heartwarming:0.503
great cinematography:0.486
affectionate:0.48525
existentialism:0.48475
dramatic:0.4835
story:0.47975
tear jerker:0.468
good soundtrack:0.46775
visually stunning:0.461
good acting:0.45975
meditative:0.45325
heartbreaking:0.45225
masterpiece:0.4495
visual:0.433
great acting:0.42875
simple:0.42825
family drama:0.42825
life philosophy:0.42725
art:0.42525
teacher:0.421
dreams:0.42
unusual plot structure:0.41825
mentor:0.4175
poetry:0.4175
social commentary:0.41475
talky:0.41475
adolescence:0.41425
downbeat:0.411
moving:0.403
solitude:0.4015
sisters:0.4015
allegory:0.399
sad:0.3955
god:0.36575
catastrophe:0.36475
photography:0.35725
bollywood:0.35725
school:0.356
idealism:0.35525
death:0.35325
life:0.352
parenthood:0.3515
compassionate:0.3415
surreal:0.33925
amazing photography:0.3385
great:0.3385
imdb top 250:0.33825
sacrifice:0.33425
silent:0.3325
brutality:0.325
family:0.32375
brainwashing:0.323
hospital:0.3215
atmospheric:0.32
