silly fun:0.93425
silly:0.91975
comedy:0.884
fun movie:0.87
goofy:0.86875
absurd:0.82925
action:0.80725
parody:0.777
heist:0.76425
good action:0.76
humorous:0.7485
cult film:0.72625
so bad it's funny:0.72575
original:0.72025
idiotic:0.7175
quirky:0.689
bad plot:0.6445
fun:0.6185
big budget:0.61
campy:0.60925
adventure:0.60475
spoof:0.6045
action packed:0.58925
cult classic:0.585
slapstick:0.57725
fight scenes:0.5685
ridiculous:0.5325
caper:0.5075
product placement:0.50275
entertaining:0.49225
quotable:0.489
crime:0.489
predictable:0.47575
whimsical:0.4705
mentor:0.46475
twists & turns:0.46125
catastrophe:0.45525
dumb but funny:0.4465
light:0.444
fast paced:0.44
bad acting:0.43675
surreal:0.43225
stupid:0.4305
dialogue:0.42475
life philosophy:0.41925
fantasy world:0.418
great:0.4175
lone hero:0.4055
humor:0.40525
bad:0.39275
chase:0.39225
unfunny:0.39175
clever:0.38025
storytelling:0.37475
transformation:0.36175
great ending:0.358
stupidity:0.3545
vengeance:0.34875
disaster:0.34875
weird:0.348
runaway:0.34525
swashbuckler:0.34225
destiny:0.33825
cool:0.336
first contact:0.33
camp:0.326
corny:0.3205
fantasy:0.32
dumb:0.3195
pulp:0.3195
creativity:0.31925
better than expected:0.311
mad scientist:0.30125
guilty pleasure:0.30125
natural disaster:0.3005
pg-13:0.3
awful:0.29975
brutality:0.2985
stylized:0.29175
story:0.29125
entirely dialogue:0.28675
very funny:0.28675
over the top:0.28575
spying:0.28575
funny:0.28275
good soundtrack:0.282
cheesy:0.28
satirical:0.28
gangsters:0.2735
sci fi:0.267
overrated:0.265
lame:0.261
new jersey:0.2605
not funny:0.258
feel-good:0.2575
existentialism:0.25475
special effects:0.2535
visually appealing:0.2515
adaptation:0.251
weapons:0.2485
