plot holes:0.90575
police investigation:0.89925
suspenseful:0.862
twists & turns:0.7945
kidnapping:0.7545
surveillance:0.7405
guilt:0.716
psychological:0.67125
suspense:0.6575
twist:0.65525
original:0.60075
investigation:0.58375
pornography:0.5775
confusing:0.5525
thriller:0.5505
internet:0.542
predictable:0.537
bad ending:0.5165
manipulation:0.49825
great ending:0.493
absurd:0.486
storytelling:0.45375
paranoia:0.45075
detective:0.4485
sexual abuse:0.436
twist ending:0.43225
catastrophe:0.429
fbi:0.412
cinematography:0.40175
non-linear:0.39775
child abuse:0.397
boring:0.39625
not funny:0.378
mentor:0.37325
insanity:0.368
torture:0.3665
tense:0.3645
story:0.35925
melancholic:0.359
weird:0.355
brainwashing:0.3515
crude humor:0.344
mystery:0.3405
unusual plot structure:0.3385
police corruption:0.3335
so bad it's funny:0.33025
psychology:0.32675
overrated:0.3235
tricky:0.323
identity:0.3025
dialogue:0.29775
complex:0.29675
fight scenes:0.29675
good soundtrack:0.29625
sex:0.29575
betrayal:0.28975
enigmatic:0.28525
life philosophy:0.284
dysfunctional family:0.28075
very interesting:0.2805
cerebral:0.27975
brutality:0.2775
adaptation:0.27625
social commentary:0.27375
surreal:0.2695
suprisingly clever:0.268
propaganda:0.267
flashbacks:0.26475
bad plot:0.2635
adapted from:book:0.25975
pointless:0.25825
plot twist:0.256
slow paced:0.25475
survival:0.25375
unfunny:0.2535
justice:0.2525
assassination:0.25025
better than expected:0.246
very funny:0.2425
life & death:0.24225
technology:0.24225
happy ending:0.24125
first contact:0.24
mindfuck:0.23825
clever:0.23725
bullying:0.23725
writers:0.235
grindhouse:0.23375
ridiculous:0.23275
stupidity:0.23125
creepy:0.2265
visually appealing:0.2245
drama:0.22375
chase:0.223
horrible:0.21625
runaway:0.214
greed:0.21225
father daughter relationship:0.21225
weapons:0.211
childhood:0.21075
