highly quotable:0.9365
cult film:0.87675
satirical:0.82825
cult:0.767
original:0.765
pornography:0.74475
satire:0.73775
kidnapping:0.7225
independent film:0.70825
weird:0.69425
censorship:0.61025
cult classic:0.60375
so bad it's funny:0.59975
great ending:0.59825
good soundtrack:0.5805
campy:0.5685
sexualized violence:0.567
gunfight:0.56275
off-beat comedy:0.56025
gay character:0.5425
pointless:0.54025
obsession:0.53675
quotable:0.52225
insanity:0.51925
ironic:0.5165
absurd:0.49925
parody:0.4895
dialogue:0.4865
anti-hero:0.476
violence:0.45975
life philosophy:0.45675
brainwashing:0.4475
quirky:0.44075
storytelling:0.4295
hollywood:0.42925
brutality:0.40975
catastrophe:0.40075
queer:0.39725
nudity (full frontal - notable):0.39425
clever:0.38325
talky:0.383
splatter:0.3785
irreverent:0.3695
mentor:0.36525
glbt:0.36325
bizarre:0.3615
goofy:0.35875
violent:0.3585
enigmatic:0.35825
crazy:0.35425
male nudity:0.35425
stereotypes:0.35275
melancholic:0.3515
stylized:0.35125
allegory:0.35125
fun movie:0.3505
fantasy world:0.3485
funny as hell:0.345
not funny:0.34325
predictable:0.34225
adaptation:0.3415
entirely dialogue:0.34125
criterion:0.3375
unfunny:0.331
corruption:0.32925
low budget:0.32825
pretentious:0.32775
good:0.32625
great:0.32425
fun:0.3205
indie:0.319
writers:0.31825
adapted from:book:0.31825
social commentary:0.318
humorous:0.31675
grindhouse:0.3155
gratuitous violence:0.31475
silly:0.3115
surreal:0.3095
vengeance:0.30325
suprisingly clever:0.3025
suburbia:0.30025
police investigation:0.29625
visceral:0.2955
crude humor:0.2945
harsh:0.29175
culture clash:0.29025
very interesting:0.29025
sexual:0.2835
hilarious:0.2805
very funny:0.2745
visually appealing:0.27325
black comedy:0.273
camp:0.271
runaway:0.269
california:0.2685
dysfunctional family:0.26625
distopia:0.266
humor:0.265
redemption:0.263
