musicians:0.97975
rock and roll:0.92775
documentary:0.8615
grindhouse:0.806
love:0.78325
obsession:0.77425
intimate:0.76775
hip hop:0.7635
culture clash:0.7575
music:0.75125
unusual plot structure:0.74175
very interesting:0.7415
pornography:0.73125
bittersweet:0.6925
life philosophy:0.6625
good soundtrack:0.65175
passionate:0.649
narrated:0.6465
biography:0.636
mentor:0.624
biographical:0.59675
vengeance:0.58375
criterion:0.58225
original:0.57575
biopic:0.574
interracial romance:0.569
stylish:0.5535
drinking:0.53325
music business:0.53175
downbeat:0.5125
fun movie:0.50325
nudity (full frontal - brief):0.4985
goofy:0.4965
musical:0.4895
betrayal:0.47725
brutality:0.47275
affectionate:0.47
awesome soundtrack:0.468
nudity (topless):0.46075
stylized:0.4605
segregation:0.45975
breathtaking:0.459
adaptation:0.4565
artistic:0.45575
drugs:0.455
depression:0.443
talky:0.4405
great music:0.43625
relationships:0.43025
censorship:0.42975
corruption:0.4245
catastrophe:0.421
adapted from:book:0.421
oscar (best actress):0.42
immortality:0.41925
movielens top pick:0.41875
good music:0.4105
great:0.4085
earnest:0.40675
sexualized violence:0.403
cult classic:0.402
oscar (best directing):0.40125
death:0.401
light:0.4005
assassination:0.39925
too short:0.3925
runaway:0.3855
queer:0.38375
internet:0.383
highly quotable:0.38275
good:0.38175
justice:0.381
violence:0.38075
weird:0.37675
cult film:0.371
storytelling:0.36775
insanity:0.367
honest:0.366
based on a book:0.366
dialogue:0.36525
multiple storylines:0.36275
great ending:0.3575
based on a play:0.356
entertaining:0.352
radio:0.35175
very funny:0.35125
forceful:0.3455
author:neil gaiman:0.343
loneliness:0.34125
prejudice:0.3365
so bad it's funny:0.33575
kick-butt women:0.33475
new jersey:0.334
unlikely friendships:0.333
enigmatic:0.33
free to download:0.32775
transformation:0.327
bloody:0.32575
dark humor:0.3235
1970s:0.32275
