70mm:0.9675
humanity:0.89275
survival:0.8915
storytelling:0.779
original:0.742
first contact:0.72
technology:0.714
dialogue:0.684
life & death:0.68
adapted from:book:0.6605
story:0.65675
harsh:0.63075
visual:0.63075
based on book:0.62525
cinematography:0.60275
visually appealing:0.60175
prison escape:0.599
allegory:0.59625
very interesting:0.59225
no dialogue:0.57175
historical:0.5715
adventure:0.5645
breathtaking:0.55925
nudity (full frontal - notable):0.54625
imagination:0.534
visually stunning:0.533
beautiful scenery:0.52675
sacrifice:0.514
solitude:0.51325
stunning:0.49325
melancholic:0.4875
fantasy world:0.48675
suprisingly clever:0.48175
existentialism:0.4795
brutality:0.47525
fantasy:0.4715
transformation:0.46975
drama:0.46875
beautifully filmed:0.453
catastrophe:0.44875
africa:0.4485
dramatic:0.44725
culture clash:0.445
creativity:0.441
greed:0.4405
philosophical:0.4405
reflective:0.43475
us history:0.43325
weapons:0.43225
good soundtrack:0.42825
environment:0.42475
complex:0.42325
alone in the world:0.4205
destiny:0.417
lone hero:0.414
narrated:0.41
mentor:0.403
simple:0.40125
great ending:0.39625
entirely dialogue:0.3955
based on a book:0.394
science:0.3825
weird:0.3815
redemption:0.37625
nudity:0.37425
twists & turns:0.372
unlikely friendships:0.36575
self discovery:0.36525
humorous:0.3575
violence:0.3545
adaptation:0.35225
period piece:0.3505
scenic:0.35
natural disaster:0.3485
underrated:0.34725
unusual plot structure:0.347
scotland:0.34675
dinosaurs:0.34625
love story:0.346
not funny:0.341
genetics:0.3405
absurd:0.33925
realistic:0.33725
clever:0.33425
cerebral:0.3335
earnest:0.333
enigmatic:0.33275
special effects:0.3305
thought-provoking:0.3305
lions:0.3305
sci fi:0.32975
oscar (best directing):0.3295
dreams:0.3285
dystopia:0.32275
great acting:0.32225
dystopic future:0.32125
childhood:0.321
courage:0.32025
hunting:0.3175
evolution:0.31625
