swedish:0.9915
investigation:0.96975
adapted from:book:0.96725
based on a book:0.942
crime:0.93425
police investigation:0.927
trilogy:0.90825
murder:0.89975
hackers:0.83975
murder mystery:0.83525
mystery:0.8275
corruption:0.81725
violence:0.81575
secrets:0.80925
nudity (topless - notable):0.80675
journalism:0.8065
suspense:0.80375
thriller:0.80375
vengeance:0.79625
goth:0.789
based on book:0.77775
revenge:0.76
twists & turns:0.7565
hacking:0.75475
sex:0.73825
pornography:0.72825
books:0.72375
conspiracy:0.707
runaway:0.67925
good sequel:0.67075
justice:0.6705
police:0.667
rape:0.66275
secret service:0.6575
brutality:0.653
women:0.64025
original:0.61875
adaptation:0.61375
mentor:0.6125
dragons:0.60875
intense:0.6045
complex:0.58475
action:0.58275
hospital:0.568
detective:0.565
exciting:0.55875
lawyers:0.5475
storytelling:0.542
serial killer:0.53925
sexy:0.5325
torture:0.53225
enigmatic:0.52975
interesting:0.52875
dark:0.51825
very interesting:0.5125
plot twist:0.50825
prostitution:0.49525
visually appealing:0.4915
great ending:0.48975
good:0.48725
complicated plot:0.4865
treasure hunt:0.486
psychological:0.46975
catastrophe:0.46625
book:0.46625
good soundtrack:0.46575
sexualized violence:0.46475
story:0.46375
spying:0.4615
sexual:0.44275
book was better:0.4415
plot:0.43625
pg-13:0.42925
culture clash:0.428
drama:0.42775
obsession:0.4275
betrayal:0.425
literature:0.42475
fight scenes:0.42125
violent:0.4175
suprisingly clever:0.41025
police corruption:0.4095
moral ambiguity:0.4085
fantasy world:0.406
tense:0.40125
kidnapping:0.40075
distopia:0.40025
chase:0.3995
motorcycle:0.399
classic car:0.3965
nudity (full frontal - brief):0.396
dialogue:0.39575
good acting:0.3955
cinematography:0.3935
adolescence:0.38825
assassination:0.37475
psychiatry:0.3665
fast paced:0.365
organized crime:0.36325
heroine:0.3605
