mother-son relationship:0.997
mentor:0.98925
genius:0.93475
directorial debut:0.9135
childhood:0.905
touching:0.8885
happy ending:0.857
independent film:0.8375
drama:0.83375
original:0.8295
math:0.817
good soundtrack:0.79975
emotional:0.797
loneliness:0.79475
good:0.78725
children:0.77775
special:0.76275
heartwarming:0.70675
great ending:0.703
psychology:0.70075
feel-good:0.693
dramatic:0.67
heartbreaking:0.66375
redemption:0.6635
very interesting:0.6605
story:0.6605
teacher:0.6475
unlikely friendships:0.6405
storytelling:0.63175
autism:0.625
feel good movie:0.62425
depression:0.62075
kids:0.62025
great acting:0.61
bittersweet:0.60325
underdog:0.5985
runaway:0.5935
pg-13:0.58275
intellectual:0.57425
great:0.5735
friendship:0.56525
inspirational:0.5635
good acting:0.5635
school:0.562
sentimental:0.55375
excellent:0.55175
fun movie:0.54825
great movie:0.544
realistic:0.52625
interesting:0.5175
complex:0.51675
college:0.51275
oscar (best actress):0.5105
very good:0.507
oscar (best directing):0.50525
adoption:0.5005
exceptional acting:0.4925
secrets:0.49
social commentary:0.488
mathematics:0.48625
adolescence:0.48325
family:0.47975
excellent script:0.47975
oscar (best supporting actress):0.4795
dialogue:0.479
quirky:0.47825
life:0.47325
justice:0.46725
revenge:0.46525
spelling bee:0.46525
character study:0.464
honest:0.462
death:0.46125
entertaining:0.4555
bullying:0.455
aging:0.4545
kids and family:0.445
fantasy world:0.441
fun:0.4375
inspiring:0.436
underrated:0.43225
hospital:0.4315
working class:0.43
talky:0.4285
psychological:0.42375
existentialism:0.423
parenthood:0.42225
geek:0.42125
teen:0.42125
nostalgic:0.421
coming of age:0.417
pornography:0.4165
destiny:0.4095
clever:0.40875
melancholic:0.40475
small town:0.40225
catastrophe:0.399
culture clash:0.39575
earnest:0.39425
narrated:0.389
