kids:0.96525
bullying:0.95725
children:0.88125
childhood:0.8765
kids and family:0.823
school:0.76225
cute!:0.7405
teen movie:0.7265
original:0.7165
family:0.69075
high school:0.6865
fun movie:0.6635
so bad it's funny:0.6535
fun:0.6405
predictable:0.6155
goofy:0.5805
mentor:0.51275
cute:0.5115
revenge:0.472
slapstick:0.4715
silly fun:0.4685
animals:0.467
happy ending:0.4585
teens:0.45425
silly:0.44825
adolescence:0.436
feel-good:0.427
humorous:0.4255
good:0.41775
unfunny:0.40725
bad plot:0.39875
twists & turns:0.37875
catastrophe:0.3785
not funny:0.3715
feel good movie:0.36975
dialogue:0.36925
romance:0.36675
storytelling:0.36325
brutality:0.34525
life philosophy:0.34
bad acting:0.3395
overrated:0.33925
fantasy world:0.3385
light:0.33075
entertaining:0.32875
very funny:0.3275
destiny:0.32575
quirky:0.32375
crude humor:0.31425
lone hero:0.31325
dreamlike:0.3075
comedy:0.306
boring:0.298
clever:0.2975
first contact:0.297
teen:0.295
story:0.29125
great ending:0.2885
entirely dialogue:0.28625
chase:0.2805
runaway:0.2795
dumb:0.279
pulp:0.279
books:0.2785
cartoon:0.2705
adaptation:0.269
disney:0.268
unlikely friendships:0.2665
touching:0.26625
stereotypes:0.259
fantasy:0.25825
good soundtrack:0.25775
adventure:0.25775
melancholic:0.255
underdog:0.253
teacher:0.25225
80s:0.25175
teenagers:0.25075
bad:0.24925
nerds:0.2485
pornography:0.2465
great:0.242
inspirational:0.2405
ninja:0.2405
fight scenes:0.2385
satirical:0.23825
nudity (full frontal - brief):0.234
natural disaster:0.232
surreal:0.232
animal movie:0.231
harsh:0.2295
single father:0.2285
gangsters:0.22825
dysfunctional family:0.227
funny:0.22625
pg-13:0.22325
cult film:0.2185
culture clash:0.21525
product placement:0.21475
colourful:0.211
