true story:0.95725
character study:0.936
fighting the system:0.93225
based on a true story:0.915
mental illness:0.87
corruption:0.8475
loneliness:0.84725
great acting:0.8355
insanity:0.83275
original:0.8305
depression:0.82925
based on true story:0.801
biographical:0.7925
greed:0.78275
dramatic:0.76525
depressing:0.76125
downbeat:0.74
bleak:0.73525
mentor:0.72575
paranoia:0.7205
storytelling:0.71475
tragedy:0.70025
interesting:0.6975
existentialism:0.688
workplace:0.682
paranoid:0.68025
thought-provoking:0.679
social commentary:0.67325
cerebral:0.66875
complex:0.667
good soundtrack:0.6475
very interesting:0.6465
business:0.6435
assassination:0.64275
psychological:0.63725
violent:0.6365
violence:0.63025
visually appealing:0.627
melancholic:0.626
compassionate:0.622
drama:0.62
indie:0.61425
redemption:0.612
crime gone awry:0.60975
psychology:0.60575
life & death:0.60525
exceptional acting:0.604
life philosophy:0.60225
intense:0.60175
tense:0.598
story:0.59575
harsh:0.59475
narrated:0.57025
great ending:0.568
grim:0.56475
dialogue:0.5645
oscar (best actress):0.5645
obsession:0.56425
dialogue driven:0.55975
suburbia:0.5585
excellent script:0.5535
brutality:0.54275
drinking:0.54075
solitude:0.533
assassin:0.5325
realistic:0.5295
biography:0.5285
reflective:0.52625
death:0.525
oscar (best directing):0.5205
weird:0.51875
claustrophobic:0.518
homeless:0.5165
oscar (best supporting actress):0.5105
good acting:0.504
honest:0.50275
enigmatic:0.49775
forceful:0.4955
con artists:0.49325
catastrophe:0.4855
life:0.48525
intelligent:0.4835
brainwashing:0.482
talky:0.479
transformation:0.479
writers:0.47525
justice:0.46875
intimate:0.4685
disturbing:0.468
bad ending:0.467
cinematography:0.463
dreams:0.457
good:0.4555
runaway:0.45225
psychiatry:0.45075
suspense:0.45025
heartbreaking:0.44975
eccentricity:0.44925
based on a book:0.44825
guilt:0.442
