espionage:0.995
spying:0.994
secrets:0.9855
conspiracy:0.951
spies:0.92675
betrayal:0.89975
spy:0.8645
greed:0.85525
tense:0.85175
drugs:0.81825
original:0.7975
based on true story:0.7645
intense:0.7585
good soundtrack:0.7525
drama:0.74725
political:0.74575
paranoia:0.7455
drug addiction:0.7445
mentor:0.7245
suspense:0.71625
complex:0.70775
thriller:0.70675
dramatic:0.70525
true story:0.6995
cold war:0.6995
runaway:0.69075
violence:0.686
1970s:0.68175
corruption:0.67525
harsh:0.669
based on book:0.66525
stylish:0.662
assassin:0.6595
interesting:0.6565
character study:0.65175
based on a book:0.64725
drinking:0.64425
foreign:0.639
paranoid:0.63825
based on a true story:0.63075
chase:0.62275
storytelling:0.6185
idealism:0.61675
rebellion:0.6065
very interesting:0.60325
pornography:0.59125
good:0.589
007:0.58125
unlikely friendships:0.58075
great ending:0.5805
1980s:0.5805
politics:0.57925
dialogue:0.577
good acting:0.57525
social commentary:0.57075
suspenseful:0.56425
moral ambiguity:0.56025
twists & turns:0.557
brutality:0.55075
friendship:0.548
great movie:0.53825
suprisingly clever:0.53825
excellent:0.53825
sexualized violence:0.5375
violent:0.53425
criterion:0.524
adapted from:book:0.5225
story:0.522
oscar winner:0.521
great acting:0.513
surveillance:0.5105
murder:0.5095
childhood:0.5045
realistic:0.50375
exceptional acting:0.503
morality:0.49175
hitman:0.491
redemption:0.48925
talky:0.4875
oscar (best directing):0.48675
assassination:0.486
clever:0.48575
addiction:0.48425
crime gone awry:0.483
intelligent:0.482
intellectual:0.48075
california:0.47875
lawyer:0.47825
culture clash:0.4745
psychological:0.47375
cinematography:0.4705
highly quotable:0.4685
death:0.46075
dark:0.45875
brainwashing:0.45125
melancholic:0.45075
conspiracy theory:0.44575
forceful:0.44325
justice:0.43475
australia:0.432
