based on a comic:0.97025
superheroes:0.92025
superhero:0.86425
super hero:0.83075
animation:0.7965
original:0.7855
comic book:0.7695
death:0.74125
dc comics:0.7275
comic:0.7135
melancholic:0.688
series:0.66475
life & death:0.653
animated:0.64775
comics:0.64325
based on comic:0.624
great:0.62025
dark hero:0.61975
story:0.6175
apocalypse:0.617
storytelling:0.606
vengeance:0.6045
animal movie:0.555
dialogue:0.54975
adaptation:0.528
light:0.52475
great ending:0.49475
action:0.49
creativity:0.4725
unusual plot structure:0.46575
justice:0.461
suprisingly clever:0.455
allegory:0.45375
1970s:0.441
entirely dialogue:0.43025
alter ego:0.42925
honest:0.42675
good action:0.42525
mentor:0.42375
graphic novel:0.41475
gunfight:0.40775
chase:0.397
catastrophe:0.39525
adapted from:comic:0.39225
good soundtrack:0.38825
animals:0.38525
anime:0.375
stylized:0.37125
criterion:0.36825
classic car:0.36525
weapons:0.361
affectionate:0.35425
runaway:0.35425
cult classic:0.35375
obsession:0.34825
great movie:0.34675
witty:0.34175
not funny:0.336
quirky:0.3335
dramatic:0.3315
surreal:0.3295
new jersey:0.32875
atmospheric:0.3245
based on a book:0.32025
brutality:0.3145
super-hero:0.3135
corruption:0.31325
macabre:0.313
highly quotable:0.31275
good:0.30875
visually appealing:0.3075
very funny:0.303
grindhouse:0.3025
pulp:0.302
clever:0.29775
weird:0.29525
art:0.29525
cerebral:0.29
eccentricity:0.2885
police investigation:0.28625
fun movie:0.28575
redemption:0.2855
drama:0.2855
depression:0.2805
emotional:0.28
transformation:0.27975
irish accent:0.27875
culture clash:0.2785
talky:0.278
awesome soundtrack:0.2765
solitude:0.274
lone hero:0.2725
stop motion:0.27175
dark:0.27175
torture:0.26975
tense:0.26875
life philosophy:0.268
visually stunning:0.265
stand-up comedy:0.263
childhood:0.26025
