horror:0.965
splatter:0.9545
dark hero:0.949
dark fantasy:0.945
based on a book:0.8615
macabre:0.86075
weird:0.86
gory:0.8135
original:0.8085
monsters:0.7945
creepy:0.7905
sacrifice:0.782
cult classic:0.76025
story:0.74175
adaptation:0.72325
mythology:0.7175
monster:0.71725
visceral:0.704
atmospheric:0.6835
storytelling:0.66575
great:0.63225
low budget:0.63025
allegory:0.62025
great ending:0.61325
cult film:0.60975
fantasy:0.606
fish:0.5985
gruesome:0.5875
goofy:0.5815
bloody:0.5805
special effects:0.572
brutality:0.57175
dialogue:0.57075
good:0.56425
scary:0.55625
great movie:0.55575
demons:0.55525
visual:0.55275
cgi:0.5335
transformation:0.53125
destiny:0.5245
good soundtrack:0.5225
effects:0.5195
dark:0.50775
cult:0.50775
chase:0.503
eerie:0.499
witches:0.495
fantasy world:0.4915
sci fi:0.4895
graphic novel:0.4755
light:0.472
island:0.47025
violence:0.463
strange:0.46275
pulp:0.462
pornography:0.45875
stylized:0.45675
supernatural:0.44975
small town:0.44825
ominous:0.44075
spanish:0.4405
adapted from:book:0.43675
goretastic:0.4275
imagination:0.42475
bad cgi:0.4245
mutants:0.412
twist ending:0.409
catastrophe:0.409
spain:0.40275
dark humor:0.40025
imdb top 250:0.39975
teens:0.398
claustrophobic:0.393
creativity:0.3925
redemption:0.39175
mentor:0.39125
fight scenes:0.38975
great acting:0.38325
visually stunning:0.38225
very good:0.3735
first contact:0.372
cinematography:0.3695
period piece:0.36925
fun movie:0.3665
zombie:0.366
bad acting:0.36375
intense:0.3635
not funny:0.363
absurd:0.35825
nocturnal:0.358
so bad it's funny:0.3525
finnish:0.35225
justice:0.351
harsh:0.3505
suspense:0.34975
god:0.34875
stranded:0.34825
family:0.3445
predictable:0.34075
