british comedy:0.99325
heist:0.97725
british:0.96075
england:0.95975
crime:0.93275
caper:0.9215
london:0.89075
imdb top 250:0.87375
comedy:0.8525
witty:0.8525
twists & turns:0.81825
criterion:0.80725
chase:0.8055
robbery:0.80425
oscar (best directing):0.78
oscar (best actress):0.77025
classic:0.7575
greed:0.73275
clever:0.72675
mob:0.7105
original:0.702
quotable:0.692
whimsical:0.68625
black and white:0.68475
oscar (best actor):0.6805
talky:0.67875
cynical:0.67525
runaway:0.671
great acting:0.657
oscar (best supporting actress):0.65125
police investigation:0.6445
light:0.643
excellent script:0.62175
forceful:0.6185
farce:0.612
imagination:0.602
story:0.588
unusual plot structure:0.584
absurd:0.57825
gangsters:0.56475
dialogue:0.564
wartime:0.558
suprisingly clever:0.5495
funny:0.5495
culture clash:0.545
artistic:0.5425
dramatic:0.54175
bleak:0.5415
corruption:0.53725
twist ending:0.5345
oscar:0.5295
affectionate:0.524
satirical:0.522
great ending:0.52075
narrated:0.5185
atmospheric:0.5165
enigmatic:0.51625
social commentary:0.51225
storytelling:0.50975
oscar (best supporting actor):0.5095
drama:0.50425
betrayal:0.4995
hilarious:0.497
cinematography:0.49475
very funny:0.493
tense:0.49275
fun movie:0.4885
secrets:0.486
biting:0.47375
childhood:0.4685
1950s:0.46625
suspense:0.46225
oscar (best cinematography):0.45825
movielens top pick:0.454
cerebral:0.45275
off-beat comedy:0.445
fighting the system:0.435
obsession:0.43425
masterpiece:0.43425
good:0.425
black comedy:0.42225
very good:0.42225
screwball:0.42175
melancholy:0.42
unlikely friendships:0.418
murder:0.41625
quirky:0.411
adaptation:0.411
catastrophe:0.41075
harsh:0.409
earnest:0.408
downbeat:0.4
breathtaking:0.395
grim:0.39025
adapted from:book:0.39
dreams:0.389
oscar (best foreign language film):0.38525
visually appealing:0.384
satire:0.38225
friendship:0.37875
