stop motion:0.97825
computer animation:0.96175
animation:0.9595
imagination:0.94775
original:0.94475
children:0.92875
imdb top 250:0.92825
childhood:0.92725
fast paced:0.917
kids and family:0.9005
visually appealing:0.8875
creativity:0.87025
fun:0.8675
toys:0.86625
clever:0.848
kids:0.8425
fun movie:0.83225
nostalgic:0.82625
storytelling:0.813
humor:0.7825
colourful:0.7815
visual:0.7795
story:0.7705
plot twist:0.76875
humorous:0.76225
good soundtrack:0.7605
dialogue:0.75525
superheroes:0.7485
witty:0.73675
stop-motion:0.735
entertaining:0.7225
visually stunning:0.70975
funny:0.693
animated:0.68525
mentor:0.68425
adventure:0.66975
fantasy world:0.6655
great movie:0.65625
pg:0.65125
good:0.64875
quotable:0.6455
great ending:0.6445
great:0.64175
product placement:0.6315
awesome:0.63025
family:0.615
quirky:0.61325
hilarious:0.61275
goofy:0.61275
weird:0.60375
feel-good:0.59425
social commentary:0.5855
runaway:0.5825
oscar (best animated feature):0.58225
wizards:0.57075
technology:0.56625
visuals:0.55825
comedy:0.5555
allegory:0.5495
heartwarming:0.54875
cool:0.5475
super hero:0.54225
interesting:0.53225
very funny:0.5305
unlikely friendships:0.52825
original plot:0.5235
alone in the world:0.521
light:0.51975
redemption:0.5175
affectionate:0.51575
whimsical:0.51
cgi:0.504
very good:0.5025
cartoon:0.501
robots:0.498
pg-13:0.4955
twists & turns:0.49525
brainwashing:0.494
touching:0.48975
superhero:0.4885
talky:0.488
friendship:0.488
movielens top pick:0.48475
plot:0.4815
destiny:0.47475
weapons:0.46875
animals:0.46475
feel good movie:0.4595
cute!:0.45775
funny as hell:0.45525
stylized:0.453
chase:0.45225
greed:0.45225
cute:0.45075
unusual plot structure:0.45025
catastrophe:0.44975
script:0.44125
complex:0.435
3d:0.4335
rebellion:0.433
