musicians:0.9925
based on a play:0.97725
classical music:0.967
directorial debut:0.8625
aging:0.82875
hip hop:0.799
ensemble cast:0.7875
dramatic:0.755
great acting:0.74675
original:0.736
talky:0.723
drama:0.702
music:0.7
british comedy:0.68175
greed:0.65775
feel-good:0.6505
feel good movie:0.638
musical:0.6105
mentor:0.605
melancholic:0.6045
exceptional acting:0.60025
england:0.596
opera:0.5925
depression:0.5885
british:0.5795
eccentricity:0.5695
good soundtrack:0.55875
sentimental:0.5245
oscar (best supporting actress):0.5135
great:0.51225
murder mystery:0.50925
redemption:0.47625
movielens top pick:0.47325
oscar:0.458
macabre:0.456
great ending:0.4535
interesting:0.43775
manipulation:0.4365
infidelity:0.4365
family:0.43625
affectionate:0.4335
rock and roll:0.4315
writers:0.42425
criterion:0.42175
story:0.421
dialogue:0.41975
cinematography:0.417
justice:0.41025
catastrophe:0.40475
bittersweet:0.3985
solitude:0.39225
good acting:0.39175
disability:0.39125
predictable:0.39025
social commentary:0.38975
twists & turns:0.3885
character study:0.385
dysfunctional family:0.384
light:0.38325
good music:0.37775
unusual plot structure:0.37625
emotional:0.376
death:0.3745
gunfight:0.37225
complex:0.3715
not funny:0.3705
nudity (full frontal - brief):0.369
vengeance:0.368
poignant:0.36725
good:0.36625
unlikely friendships:0.3635
comedy:0.36225
thought-provoking:0.35975
jazz:0.35875
brutality:0.3565
radio:0.3565
idealism:0.356
clever:0.356
quirky:0.3555
art:0.3535
short-term memory loss:0.35175
heartwarming:0.3435
witty:0.34275
life & death:0.34125
friendship:0.33925
touching:0.338
adaptation:0.3375
fun movie:0.33725
dark humor:0.3365
nostalgic:0.3365
stylized:0.336
multiple storylines:0.33125
segregation:0.32875
loneliness:0.31875
great movie:0.31775
life philosophy:0.315
adapted from:book:0.309
tragedy:0.30675
race issues:0.305
mental illness:0.30325
