horses:0.98625
oscar (best directing):0.87525
sentimental:0.836
childhood:0.831
family:0.82075
destiny:0.8155
oscar (best actress):0.815
racing:0.8095
oscar (best supporting actress):0.7975
passionate:0.78675
oscar (best cinematography):0.7685
women:0.74525
based on a book:0.74225
girlie movie:0.741
nostalgic:0.72625
runaway:0.7165
mentor:0.71175
courage:0.71125
oscar winner:0.7015
england:0.68725
beautiful scenery:0.687
story:0.68625
classic:0.66925
based on book:0.6575
good:0.648
original:0.646
oscar (best picture):0.63725
coming of age:0.6345
oscar:0.634
love:0.62275
bittersweet:0.61025
cinematography:0.6005
romantic:0.5975
culture clash:0.5815
idealism:0.567
drama:0.5655
beautifully filmed:0.564
inspiring:0.56175
adaptation:0.553
based on a play:0.54725
adapted from:book:0.5445
based on true story:0.53975
great:0.527
ireland:0.51875
feel-good:0.50725
parenthood:0.49925
1920s:0.49075
beautiful:0.4885
inspirational:0.4775
race:0.47725
chase:0.47375
divorce:0.46725
london:0.46425
heartwarming:0.46225
period piece:0.4545
great acting:0.45125
great ending:0.44975
secrets:0.4495
sweet:0.44875
catastrophe:0.44825
earnest:0.448
children:0.44625
dreams:0.4445
long:0.43725
relationships:0.437
breathtaking:0.43625
love story:0.436
pg-13:0.43475
family drama:0.4345
emotional:0.4335
storytelling:0.43175
greed:0.429
california:0.428
teacher:0.428
imdb top 250:0.427
fight scenes:0.422
police investigation:0.41975
adolescence:0.41525
stunning:0.414
great movie:0.412
betrayal:0.41
life philosophy:0.4085
redemption:0.40725
costume drama:0.40675
teen:0.40425
original plot:0.40325
sacrifice:0.403
feel good movie:0.4015
good action:0.397
fun movie:0.39325
nudity (topless - notable):0.3915
teen movie:0.38525
realistic:0.3835
not funny:0.38025
sexy:0.3755
good acting:0.37525
silent:0.37475
obsession:0.3735
good soundtrack:0.37225
school:0.36825
