animation:0.99025
computer animation:0.973
talking animals:0.96525
franchise:0.95525
animated:0.92775
story:0.9215
fairy tale:0.91725
adventure:0.8775
original:0.809
cartoon:0.79375
kids and family:0.78
3d:0.7795
betrayal:0.77275
animals:0.75
storytelling:0.70375
visually appealing:0.70025
cute:0.69525
funny:0.6915
dialogue:0.68525
plot:0.6845
family:0.65475
fantasy world:0.647
entertaining:0.6445
fun:0.62975
fairy tales:0.62825
creativity:0.619
redemption:0.61475
unlikely friendships:0.61125
good:0.607
friendship:0.596
predictable:0.5955
fun movie:0.5815
action packed:0.58125
cgi:0.57825
stylized:0.56525
action:0.5625
stereotypes:0.55925
comedy:0.55
childhood:0.5445
magic:0.53925
visual:0.536
clever:0.532
superheroes:0.53
big budget:0.52975
visuals:0.52425
children:0.522
crude humor:0.518
visually stunning:0.51325
great ending:0.50525
great:0.503
fast paced:0.5015
pg-13:0.48575
alter ego:0.4605
kids:0.455
twists & turns:0.437
very funny:0.43675
super hero:0.43625
oscar (best animated feature):0.43225
fantasy:0.42875
catastrophe:0.42825
disney:0.426
good soundtrack:0.42425
good versus evil:0.421
transformation:0.4175
cute!:0.41325
destiny:0.406
humor:0.40075
happy ending:0.39125
mentor:0.386
swashbuckler:0.38075
fight scenes:0.3805
humorous:0.3795
light:0.36575
witty:0.353
exciting:0.35075
pg:0.347
anti-hero:0.34175
culture clash:0.33775
colourful:0.337
dreamworks:0.33175
suprisingly clever:0.3255
entirely dialogue:0.324
chase:0.32275
adaptation:0.32275
nocturnal:0.32
shallow:0.3195
animal movie:0.3165
life philosophy:0.31375
dynamic cgi action:0.312
very interesting:0.3115
brutality:0.30875
very good:0.30875
great movie:0.29975
pointless:0.2985
weird:0.29775
good action:0.2945
greed:0.28875
dark hero:0.286
better than expected:0.28275
revenge:0.27775
