adapted from:book:0.99025
based on book:0.87225
pornography:0.86775
incest:0.862
books:0.8615
adaptation:0.86025
dysfunctional family:0.84875
book:0.84675
based on a book:0.7865
weird:0.77225
book was better:0.762
original:0.74925
sexualized violence:0.6405
literature:0.63825
bizarre:0.62625
brutality:0.61025
rape:0.59575
surreal:0.56925
pointless:0.56025
narrated:0.54
quirky:0.53075
ensemble cast:0.526
idiotic:0.523
good soundtrack:0.52
nudity (full frontal - notable):0.51125
justice:0.50825
violent:0.4955
death:0.4885
obsession:0.48475
violence:0.48225
eccentricity:0.46075
family:0.455
great ending:0.45375
sexy:0.442
absurd:0.434
insanity:0.42675
mentor:0.423
disturbing:0.42175
writers:0.42175
distopia:0.417
dialogue:0.4115
disaster:0.41125
complex:0.405
underrated:0.405
vengeance:0.4015
off-beat comedy:0.40025
erotic:0.39525
story:0.39375
catastrophe:0.393
hotel:0.3925
sexual:0.3895
revenge:0.387
humorous:0.3855
male nudity:0.374
cult film:0.37275
relationships:0.3715
fantasy world:0.371
satirical:0.3705
interesting:0.36925
melancholic:0.368
literary adaptation:0.36375
storytelling:0.362
life philosophy:0.36075
cult classic:0.35975
drama:0.354
stylized:0.3535
enigmatic:0.34625
voyeurism:0.3415
murder:0.33575
predictable:0.33525
weapons:0.3345
black comedy:0.32425
splatter:0.32325
suspense:0.32325
unfunny:0.31675
nudity (full frontal - brief):0.3115
classic car:0.31025
culture clash:0.308
horrible:0.3055
runaway:0.2995
shallow:0.29875
psychology:0.29875
bdsm:0.297
stoner movie:0.296
psychological:0.29325
road movie:0.29275
slapstick:0.291
nudity (topless - brief):0.29
unusual plot structure:0.28875
not funny:0.28875
first contact:0.28675
good:0.28475
visually appealing:0.2835
controversial:0.2815
criterion:0.27975
nocturnal:0.27925
redemption:0.277
grindhouse:0.2765
pg-13:0.27475
twists & turns:0.273
