horror:0.92825
cult classic:0.919
gory:0.88775
rape:0.879
goth:0.86175
revenge:0.8485
brutality:0.8455
pornography:0.838
bloody:0.8215
weird:0.8155
torture:0.80725
disturbing:0.786
sisters:0.7845
sexy:0.745
vengeance:0.72125
cult film:0.705
blood:0.67775
sexualized violence:0.6325
mentor:0.625
serial killer:0.61075
macabre:0.607
original:0.59425
male nudity:0.591
life & death:0.581
gruesome:0.577
strippers:0.5645
splatter:0.54975
life philosophy:0.546
stylish:0.51525
dark:0.5055
gore:0.483
teens:0.46
underrated:0.4585
doctors:0.45425
dark humor:0.44975
gratuitous violence:0.44875
cult:0.447
black comedy:0.4265
culture clash:0.421
grindhouse:0.41925
clowns:0.4175
brutal:0.41075
mad scientist:0.408
slasher:0.40175
demons:0.3915
great ending:0.386
catastrophe:0.38375
nocturnal:0.3745
atmospheric:0.374
not funny:0.37325
violent:0.373
survival:0.37075
better than expected:0.35675
great:0.351
social commentary:0.34525
kidnapping:0.34525
creativity:0.34125
cannibalism:0.3395
violence:0.3395
stylized:0.336
pulp:0.33325
twist:0.332
homeless:0.32975
dialogue:0.32825
secrets:0.3275
first contact:0.318
visually stunning:0.317
transformation:0.3145
corruption:0.31325
family drama:0.31325
monster:0.31175
loneliness:0.311
insanity:0.30875
great acting:0.308
sexual abuse:0.30675
bizarre:0.30625
nudity (topless - notable):0.30625
canada:0.3015
good:0.299
witches:0.299
very interesting:0.29525
journalism:0.29325
good soundtrack:0.2915
psychological:0.29125
nudity (topless):0.28525
harsh:0.284
scary:0.277
fun movie:0.27175
low budget:0.27125
predictable:0.26875
twists & turns:0.26825
hospital:0.26625
internet:0.2645
fantasy world:0.26425
murder:0.264
graphic novel:0.26225
hard to watch:0.26175
visual:0.26125
dark hero:0.26025
redemption:0.26025
