product placement:0.93525
geeks:0.93325
comedy:0.9085
workplace:0.786
pg-13:0.754
funny:0.70225
predictable:0.69475
crude humor:0.67125
technology:0.65475
so bad it's funny:0.65025
feel-good:0.64075
original:0.63475
fun movie:0.6345
better than expected:0.614
silly:0.58925
creativity:0.578
goofy:0.5755
internet:0.573
stereotypes:0.5605
feel good movie:0.528
dialogue:0.52025
great ending:0.5105
catastrophe:0.50925
computers:0.49125
very funny:0.4885
silly fun:0.4875
hilarious:0.47025
mentor:0.44725
idiotic:0.4405
teen movie:0.4395
absurd:0.4355
fun:0.413
nerds:0.4035
geek:0.40325
entertaining:0.38
unfunny:0.37975
story:0.374
drinking:0.37225
first contact:0.353
life philosophy:0.35125
bad plot:0.34475
runaway:0.34375
dumb:0.34
multiple storylines:0.33275
good:0.32975
stupid:0.325
corporate america:0.325
slapstick:0.32375
fantasy world:0.322
suprisingly clever:0.31325
transformation:0.3115
shallow:0.3085
storytelling:0.308
teen:0.30775
big budget:0.305
stupidity:0.30325
inspirational:0.299
humorous:0.29775
natural disaster:0.2965
funny as hell:0.29275
plot:0.29175
culture clash:0.29
quirky:0.28775
happy ending:0.28075
competition:0.27675
destiny:0.26775
great:0.2625
good soundtrack:0.2605
brutality:0.2595
lone hero:0.2595
overrated:0.25475
fight scenes:0.25225
buddy movie:0.24775
entirely dialogue:0.247
utopia:0.241
underdog:0.2385
special effects:0.23825
teens:0.235
chase:0.2315
adaptation:0.23075
dumb but funny:0.23025
police investigation:0.23025
sarcasm:0.227
revenge:0.225
twists & turns:0.223
ridiculous:0.22175
cheesy:0.2215
melancholic:0.2175
family:0.21675
visually appealing:0.2145
greed:0.21325
stupid as hell:0.21125
bad cgi:0.21025
cool:0.21025
girlie movie:0.2095
san francisco:0.2075
pornography:0.20725
clever:0.2055
horrible:0.204
grindhouse:0.20375
