spying:0.95275
spy:0.948
comedy:0.89975
spies:0.89775
espionage:0.89125
buddy movie:0.87375
action:0.87
based on a tv show:0.8045
original:0.76075
funny:0.76025
lame:0.71325
good action:0.70975
dumb but funny:0.7005
spoof:0.6915
fun movie:0.679
adapted from:comic:0.651
franchise:0.6405
pg-13:0.63825
predictable:0.63225
silly:0.6205
very funny:0.584
based on a comic:0.5805
arms dealer:0.5735
silly fun:0.572
fight scenes:0.568
chase:0.55975
mentor:0.54475
dialogue:0.54325
series:0.5405
realistic action:0.5305
parody:0.5125
car chase:0.4885
so bad it's funny:0.4715
action packed:0.471
sexy:0.44925
secrets:0.4485
remake:0.448
catastrophe:0.4465
bad plot:0.43075
entertaining:0.4305
unfunny:0.42475
great:0.41975
hilarious:0.41875
goofy:0.412
great ending:0.41175
fast paced:0.39975
weapons:0.3975
story:0.38075
adaptation:0.36925
first contact:0.3655
good:0.363
crude humor:0.3615
comic:0.3475
007:0.3445
cool:0.34325
life philosophy:0.33575
vengeance:0.3325
slapstick:0.3325
brutality:0.332
bad:0.33075
storytelling:0.33075
humorous:0.32975
overrated:0.3295
redemption:0.32575
dumb:0.3255
big budget:0.322
stupid as hell:0.31525
fun:0.31375
explosions:0.31025
pointless:0.309
complex:0.3085
better than expected:0.30825
secret service:0.3075
special effects:0.3075
clever:0.30525
plot:0.303
entirely dialogue:0.29875
culture clash:0.28675
fantasy world:0.285
horrible:0.28325
good soundtrack:0.26825
alter ego:0.26425
technology:0.2635
stereotypes:0.257
destiny:0.25575
superheroes:0.25475
great movie:0.249
family:0.249
melancholic:0.24625
nudity (rear):0.24525
multiple storylines:0.24075
pulp:0.2395
natural disaster:0.23925
cia:0.23775
betrayal:0.23775
sarcasm:0.23525
splatter:0.23525
dynamic cgi action:0.2325
lone hero:0.232
sci fi:0.2315
