time travel:0.9775
future:0.96925
time loop:0.965
utopia:0.948
san francisco:0.94175
science fiction:0.935
scifi:0.9255
sci fi:0.9145
space travel:0.872
romance:0.86125
chase:0.851
tense:0.84825
serial killer:0.82325
original:0.811
sci-fi:0.79175
suspense:0.7845
adventure:0.7705
murder:0.7545
clever:0.74875
love story:0.74775
special effects:0.73325
thriller:0.71975
adapted from:book:0.70625
plot holes:0.70125
technology:0.69525
great ending:0.67975
interesting:0.67375
fun movie:0.67
first contact:0.6655
cerebral:0.66425
whimsical:0.66275
very interesting:0.6575
destiny:0.65475
twists & turns:0.64725
unusual plot structure:0.641
story:0.6385
good:0.63675
police investigation:0.623
romantic:0.62075
great acting:0.60775
imagination:0.6
good acting:0.595
beautiful scenery:0.5925
entertaining:0.5885
suspenseful:0.5855
plot:0.5695
fantasy:0.5665
enigmatic:0.566
cinematography:0.55375
1970s:0.55025
mentor:0.54975
great:0.54375
secrets:0.54225
science:0.533
transformation:0.5325
travel:0.52
storytelling:0.519
visually appealing:0.51775
sweet:0.514
catastrophe:0.5135
light:0.5085
dialogue:0.50825
greed:0.5055
19th century:0.5045
time:0.501
futuristic:0.501
runaway:0.499
excellent:0.49575
identity:0.4935
great movie:0.49175
london:0.48125
underrated:0.48075
insanity:0.4755
oscar (best directing):0.47275
oscar (best actress):0.47275
drama:0.4705
california:0.45725
amazing photography:0.45225
philosophical:0.44675
childhood:0.445
suprisingly clever:0.4435
visually stunning:0.43825
violence:0.43825
mad scientist:0.4365
witty:0.43525
criterion:0.43375
hotel:0.43325
ominous:0.42725
obsession:0.427
memory loss:0.42675
paranoid:0.42325
original plot:0.42175
directorial debut:0.42125
oscar winner:0.41975
doctors:0.4195
adaptation:0.41525
imdb top 250:0.412
oscar (best supporting actress):0.40975
effects:0.408
twist:0.40725
