world war ii:0.99625
wartime:0.97775
best war films:0.96475
wwii:0.9635
war:0.93775
drama:0.82475
historical:0.8055
forceful:0.7945
war movie:0.77575
dramatic:0.7725
father son relationship:0.75175
alternate universe:0.73575
intense:0.73325
action:0.727
special effects:0.7235
gunfight:0.723
sacrifice:0.718
story:0.70425
original:0.70025
big budget:0.69975
excellent:0.69125
mentor:0.686
realistic:0.68475
dialogue:0.6785
courage:0.67025
us history:0.67
great:0.66325
great movie:0.65875
imdb top 250:0.6435
pg-13:0.63975
san francisco:0.62825
nudity (topless - brief):0.624
good:0.62375
idealism:0.6165
hawaii:0.61425
runaway:0.614
history:0.6115
redemption:0.6085
powerful ending:0.60175
good soundtrack:0.5975
technology:0.5965
exceptional acting:0.581
movielens top pick:0.579
visceral:0.57525
fight scenes:0.57175
american civil war:0.57125
violence:0.5685
interesting:0.568
weapons:0.567
violent:0.55075
70mm:0.5495
friendship:0.54825
chase:0.54475
underrated:0.54375
ensemble cast:0.54325
great ending:0.53625
civil war:0.535
brutality:0.5325
anti-war:0.53125
boat:0.526
oscar (best directing):0.52225
destiny:0.522
factual:0.521
grim:0.5175
social commentary:0.517
nocturnal:0.51625
betrayal:0.515
oscar (best cinematography):0.5055
end of the world:0.505
romance:0.50425
quotable:0.501
adventure:0.49725
drinking:0.49625
good acting:0.49525
justice:0.49525
catastrophe:0.48925
original plot:0.48425
culture clash:0.484
fighting:0.48375
great acting:0.48325
dark hero:0.4825
ethnic conflict:0.48075
nudity (full frontal - brief):0.4785
murder:0.47825
effects:0.4775
military:0.4765
conspiracy:0.474
vengeance:0.47275
epic:0.466
oscar winner:0.466
nazis:0.46475
gritty:0.46275
unlikely friendships:0.4615
alter ego:0.46075
beautiful scenery:0.46025
life philosophy:0.4545
torture:0.44575
sentimental:0.44475
foreign:0.4445
golden palm:0.44425
