francis ford copolla:0.99875
silent:0.984
visual:0.97875
amazing photography:0.97525
masterpiece:0.96575
dark fantasy:0.965
devil:0.95325
visually stunning:0.94325
cinematography:0.94175
black and white:0.935
dark:0.9345
classic:0.9345
german:0.93225
criterion:0.92925
ominous:0.912
talky:0.9095
imdb top 250:0.88675
greed:0.8725
good versus evil:0.8675
tragedy:0.86575
light:0.86
immortality:0.851
stunning:0.84125
great acting:0.82575
germany:0.8075
1920s:0.79925
nocturnal:0.79725
visuals:0.795
downbeat:0.79475
original:0.794
eerie:0.79175
enigmatic:0.78475
visually appealing:0.78225
reflective:0.7775
grim:0.77575
oscar (best actress):0.7695
melancholic:0.76625
stylized:0.76425
dramatic:0.764
atmospheric:0.76075
moody:0.74975
creepy:0.74525
oscar (best directing):0.743
based on a play:0.7425
gothic:0.7245
forceful:0.72125
harsh:0.71825
runaway:0.7135
supernatural:0.71225
god:0.701
sacrifice:0.69875
cerebral:0.69725
golden palm:0.695
photography:0.6945
melancholy:0.691
death:0.67825
breathtaking:0.6725
love:0.66975
beautifully filmed:0.66825
life & death:0.6615
macabre:0.65375
oscar (best supporting actress):0.632
great ending:0.626
imagination:0.6255
tense:0.62325
allegory:0.62225
story:0.62175
great movie:0.6035
complex:0.6015
unusual plot structure:0.59525
bleak:0.59425
adaptation:0.592
religion:0.587
suprisingly clever:0.583
great:0.58025
storytelling:0.5745
gunfight:0.57425
oscar (best foreign language film):0.571
intimate:0.56575
great cinematography:0.5555
weird:0.55125
epic:0.54825
beautiful scenery:0.5465
ironic:0.546
character study:0.5445
social commentary:0.54075
love story:0.53625
psychological:0.53375
lyrical:0.53325
cynical:0.5255
affectionate:0.5255
obsession:0.5255
beautiful:0.522
artistic:0.52175
paranoid:0.52075
noir:0.5205
dreamlike:0.5155
free to download:0.51075
amazing cinematography:0.5065
colourful:0.50525
