splatter:0.99975
cult classic:0.9935
alien:0.989
cult film:0.98775
aliens:0.9795
low budget:0.96325
alien invasion:0.961
gore:0.949
gory:0.9475
bloody:0.893
weird:0.86475
so bad it's funny:0.83325
gruesome:0.80425
cult:0.791
goofy:0.7855
horror:0.78275
original:0.7595
zombie:0.75925
scifi:0.74375
sci fi:0.7365
violence:0.731
campy:0.73025
new zealand:0.72675
effects:0.72025
special effects:0.716
hilarious:0.703
dark humor:0.69075
fun movie:0.68175
silly fun:0.6755
grindhouse:0.67
humorous:0.661
directorial debut:0.65925
weapons:0.65525
violent:0.647
masterpiece:0.64375
fun:0.6435
visual:0.63675
humor:0.61625
cool:0.61625
absurd:0.6145
visceral:0.61325
great ending:0.60925
good soundtrack:0.606
brutality:0.59575
bad acting:0.59425
blood:0.5895
dialogue:0.581
storytelling:0.5705
transformation:0.56575
scifi cult:0.559
first contact:0.546
allegory:0.543
creativity:0.54125
insanity:0.536
quotable:0.52725
wilderness:0.52525
imagination:0.5135
suprisingly clever:0.505
mad scientist:0.49675
social commentary:0.4945
surreal:0.48875
demons:0.48775
great:0.487
highly quotable:0.484
macabre:0.468
very funny:0.467
life & death:0.462
sexualized violence:0.45975
entertaining:0.4595
sci-fi:0.45925
atmospheric:0.4555
cinematography:0.45425
enigmatic:0.4535
small town:0.45275
stylized:0.4475
silly:0.447
criterion:0.445
comedy:0.44475
cerebral:0.42825
monster:0.42525
black comedy:0.42425
redemption:0.42175
bizarre:0.419
visually stunning:0.41725
great movie:0.41725
imdb top 250:0.41625
visually appealing:0.40475
mentor:0.40275
parody:0.401
story:0.3995
good:0.39775
futuristic:0.39325
paranoid:0.391
nudity (full frontal - notable):0.39
funniest movies:0.3885
talky:0.3875
light:0.38725
harsh:0.386
catastrophe:0.386
idiotic:0.3805
