women:0.878
silly fun:0.801
comedy:0.77075
silly:0.7545
cute!:0.701
horrible:0.7005
original:0.68775
farce:0.68275
so bad it's funny:0.6785
fun movie:0.67325
predictable:0.6205
fun:0.619
stereotypes:0.6165
light:0.5985
romantic:0.551
teen movie:0.547
family:0.53925
dumb but funny:0.52525
cute:0.51375
bad plot:0.4975
screwball comedy:0.495
mentor:0.494
sexy:0.49025
vampire human love:0.47575
dialogue:0.46425
spanish:0.45925
internet:0.43725
screwball:0.42075
los angeles:0.41925
ridiculous:0.40675
fantasy world:0.406
catastrophe:0.40425
destiny:0.3995
dumb:0.39875
shallow:0.394
funny:0.39375
entertaining:0.385
pg-13:0.37225
unusual plot structure:0.36875
great:0.36675
great ending:0.3575
bad:0.35675
very funny:0.355
overrated:0.35425
simple:0.35375
unfunny:0.3535
goofy:0.353
lame:0.349
romantic comedy:0.344
fight scenes:0.33475
first contact:0.332
childhood:0.32975
natural disaster:0.325
chase:0.3245
romance:0.318
story:0.317
lone hero:0.31375
slapstick:0.31325
god:0.3125
saturday night live:0.3075
grindhouse:0.3005
idiotic:0.3005
writers:0.29825
teens:0.2955
entirely dialogue:0.2925
big budget:0.29075
brutality:0.289
happy ending:0.283
sci fi:0.282
crude humor:0.28
better than expected:0.2785
pornography:0.27825
betrayal:0.276
stupid:0.27525
adaptation:0.27125
franchise:0.2705
twists & turns:0.26875
storytelling:0.268
runaway:0.267
pg:0.26625
computer animation:0.26525
campy:0.265
cult film:0.26475
action:0.2645
mad scientist:0.26325
not funny:0.2615
life philosophy:0.2605
80s:0.2595
visually appealing:0.25575
kids and family:0.253
teen:0.25175
greed:0.24625
special effects:0.24175
no plot:0.24075
nudity (full frontal - brief):0.24
fantasy:0.2385
awful:0.237
dreamlike:0.23625
science fiction:0.234
feel-good:0.23225
