girlie movie:0.974
dumb:0.95625
sequels:0.951
dog:0.875
lawyers:0.86925
chick flick:0.848
good sequel:0.83675
stupid:0.83
cheerleading:0.82175
horrible:0.81925
crappy sequel:0.81825
silly:0.79325
stupid as hell:0.778
original:0.77525
predictable:0.76225
so bad it's funny:0.74575
cute!:0.73625
sequel:0.735
idiotic:0.73
cute:0.72
stereotypes:0.7165
pointless:0.70225
silly fun:0.69825
dumb but funny:0.67775
gay character:0.67025
lame:0.66725
comedy:0.6645
romantic comedy:0.657
mentor:0.63275
queer:0.622
bad plot:0.62125
teen movie:0.60825
politics:0.60425
fashion:0.5985
bad:0.575
funny:0.5705
gay:0.5695
family:0.5545
stupidity:0.52925
awful:0.524
ridiculous:0.5005
catastrophe:0.5005
happy ending:0.491
fantasy world:0.4705
fun movie:0.46675
wedding:0.46425
animals:0.46325
lawyer:0.46075
destiny:0.4605
crude humor:0.4545
alternate reality:0.44975
fun:0.4455
shallow:0.44525
overrated:0.442
great ending:0.4365
better than expected:0.43475
pg-13:0.4345
culture clash:0.424
feel-good:0.421
natural disaster:0.4125
capitalism:0.40675
disaster:0.40675
good:0.40525
dialogue:0.38975
very funny:0.37425
absurd:0.3615
light:0.36125
writers:0.35975
feel good movie:0.355
teen:0.3385
first contact:0.3335
women:0.33325
unfunny:0.32925
quirky:0.32475
franchise:0.32275
animal movie:0.321
goofy:0.317
sexy:0.317
shopping:0.30775
justice:0.30475
pornography:0.301
redemption:0.29925
slapstick:0.29525
romantic:0.29225
brutality:0.29175
idealism:0.29025
dogs:0.29
corruption:0.28875
satirical:0.287
original plot:0.286
life philosophy:0.28575
guilty pleasure:0.28475
entertaining:0.2845
good romantic comedies:0.28125
adaptation:0.281
boring:0.28075
entirely dialogue:0.27475
storytelling:0.2705
runaway:0.26225
whimsical:0.258
