animation:0.977
artistic:0.91225
stylized:0.912
ireland:0.8985
animated:0.8955
visually stunning:0.89225
imagination:0.88475
art:0.8775
storytelling:0.8765
allegory:0.8685
mythology:0.8605
irish:0.848
fantasy world:0.84625
colourful:0.77725
beautiful:0.77625
magic:0.77225
fairy tale:0.76275
medieval:0.7585
childhood:0.743
original:0.74075
visual:0.74
visually appealing:0.7365
based on book:0.73175
children:0.728
computer animation:0.71325
books:0.70225
fantasy:0.69875
adapted from:book:0.684
weird:0.67925
mentor:0.679
book was better:0.67475
whimsical:0.67375
cartoon:0.671
story:0.659
creativity:0.6485
based on a book:0.6285
book:0.626
stunning:0.61975
transformation:0.619
light:0.587
dreamlike:0.581
visuals:0.5805
criterion:0.58
breathtaking:0.5485
animal movie:0.54375
obsession:0.53975
beautifully filmed:0.53925
friendship:0.53875
dark fantasy:0.53725
secrets:0.529
artist:0.52725
atmospheric:0.5115
adaptation:0.50825
author:neil gaiman:0.5045
runaway:0.4965
beautiful scenery:0.492
suprisingly clever:0.4825
anime:0.47975
stop motion:0.46925
fairy tales:0.447
witches:0.44175
distopia:0.44175
animals:0.43925
demons:0.43725
talky:0.433
enigmatic:0.43175
unlikely friendships:0.42225
british:0.41375
brutality:0.412
catastrophe:0.4085
intimate:0.4065
wilderness:0.40575
irish accent:0.40275
unusual plot structure:0.4025
affectionate:0.3885
melancholic:0.38275
social commentary:0.38025
melancholy:0.37975
great ending:0.37775
culture clash:0.37775
macabre:0.37375
idealism:0.368
scenic:0.36575
simple:0.36525
oscar (best animated feature):0.357
greed:0.357
pornography:0.35475
lyrical:0.34875
oscar:0.34625
surreal:0.34575
historical:0.3435
goth:0.33675
great:0.3365
literature:0.3345
stop-motion:0.3335
modern fantasy:0.32975
dark:0.32475
stereotypes:0.3225
cinematography:0.3095
good soundtrack:0.3095
