ethnic conflict:0.996
politics:0.9895
africa:0.97775
history:0.9765
political:0.94825
censorship:0.90525
criterion:0.85
greed:0.7465
brutality:0.7425
foreign:0.73375
biographical:0.72525
true story:0.70725
pornography:0.67725
male nudity:0.67225
us history:0.6715
documentary:0.67075
oscar (best foreign language film):0.65675
world politics:0.656
original:0.639
talky:0.63525
assassin:0.629
black and white:0.624
dramatic:0.62075
culture clash:0.6115
corruption:0.60125
movielens top pick:0.6
complex:0.5775
very interesting:0.57675
genocide:0.56475
oil:0.56375
revolution:0.53175
cold war:0.524
tragedy:0.51675
golden palm:0.512
absurd:0.511
communism:0.49225
intimate:0.4885
passionate:0.4865
assassination:0.4835
united nations:0.48175
suprisingly clever:0.48025
idealism:0.47925
journalism:0.47875
amazing photography:0.47225
harsh:0.47125
drama:0.466
propaganda:0.45025
conspiracy:0.44925
social commentary:0.445
factual:0.44025
islam:0.43925
mentor:0.43775
historical:0.435
business:0.43475
alternate endings:0.431
enigmatic:0.413
catastrophe:0.41275
destiny:0.40925
military:0.40475
reflective:0.40075
based on a book:0.3985
latin america:0.392
free to download:0.3895
self discovery:0.384
finnish:0.38125
cinematography:0.3805
nudity (full frontal - notable):0.38025
not funny:0.374
corporate america:0.37225
nudity (full frontal - brief):0.369
manipulation:0.355
loneliness:0.355
free speech:0.35475
civil war:0.35375
dialogue:0.35225
crime gone awry:0.349
allegory:0.34425
runaway:0.34125
life & death:0.33475
compassionate:0.33475
humanity:0.3305
entirely dialogue:0.327
cerebral:0.3245
bollywood:0.324
russian:0.32375
freedom:0.321
segregation:0.32025
solitude:0.3135
melancholic:0.31075
assassins:0.3105
based on book:0.30975
morality:0.3095
cuba:0.30475
capitalism:0.30425
brainwashing:0.30125
nerds:0.301
childhood:0.30075
artistic:0.29975
beautifully filmed:0.2965
spanish:0.29275
