holocaust:0.999
jews:0.99875
nazis:0.9935
world war ii:0.98875
nazi:0.969
dramatic:0.96475
based on a play:0.9645
poland:0.96275
wwii:0.933
powerful ending:0.90175
survival:0.867
brutality:0.865
moral ambiguity:0.84975
jewish:0.849
genocide:0.84825
camp:0.84375
bleak:0.8405
true story:0.8395
based on a book:0.82075
rebellion:0.813
wartime:0.808
historical:0.80125
germany:0.78075
oscar (best directing):0.77325
death:0.77075
history:0.77
original:0.765
oscar (best actress):0.754
claustrophobic:0.752
social commentary:0.74275
great acting:0.73575
us history:0.7275
tragedy:0.71975
intense:0.71725
drama:0.712
adapted from:book:0.70625
good soundtrack:0.6985
guilt:0.69825
storytelling:0.69275
forceful:0.6815
disturbing:0.68
oscar (best foreign language film):0.678
golden palm:0.675
morality:0.67425
prejudice:0.674
dialogue:0.67175
depressing:0.6675
greed:0.66625
intimate:0.66275
harsh:0.65775
humanity:0.65475
talky:0.65375
macabre:0.65275
great ending:0.65225
tense:0.65125
story:0.64675
sad but good:0.64225
based on true story:0.6385
good acting:0.63775
torture:0.6315
german:0.63075
visceral:0.62875
realistic:0.619
thought-provoking:0.6165
biographical:0.61375
poignant:0.6105
honest:0.603
sexualized violence:0.60225
compassionate:0.59525
emotional:0.58925
courage:0.583
factual:0.575
runaway:0.56575
grim:0.565
redemption:0.5645
israel:0.56025
books:0.5585
violent:0.54625
allegory:0.54225
life & death:0.54125
violence:0.53725
murder:0.53225
reflective:0.53175
based on book:0.53175
oscar (best supporting actress):0.52825
based on a true story:0.524
narrated:0.52325
visually appealing:0.52325
light:0.51325
criterion:0.513
graphic novel:0.511
ensemble cast:0.508
politics:0.50775
culture clash:0.50675
sacrifice:0.50525
brutal:0.5045
imdb top 250:0.50025
anti-semitism:0.49625
absurd:0.49425
foreign:0.49325
