series:0.97125
comedy:0.8905
farce:0.858
funny:0.8135
hilarious:0.78875
original:0.77225
very funny:0.742
funny as hell:0.7335
chase:0.718
funniest movies:0.67575
slapstick:0.671
franchise:0.6535
great:0.59
humorous:0.58775
runaway:0.5835
highly quotable:0.5675
great ending:0.56475
great movie:0.56175
absurd:0.549
hotel:0.54575
original plot:0.543
fun movie:0.5215
revenge:0.51575
dialogue:0.50975
classic:0.5095
clever:0.50275
suprisingly clever:0.4835
quotable:0.48
twists & turns:0.4795
mentor:0.477
alter ego:0.47675
sequel:0.47375
storytelling:0.44525
crime:0.44125
vengeance:0.43025
weird:0.42825
humor:0.42625
visual:0.4135
sequels:0.4115
adaptation:0.4105
trilogy:0.40675
culture clash:0.4025
comic:0.4015
enigmatic:0.399
police investigation:0.3985
spying:0.397
talky:0.39625
catastrophe:0.39475
unusual plot structure:0.3945
criterion:0.39175
melancholic:0.3895
light:0.3855
goofy:0.381
insanity:0.37175
story:0.3705
witty:0.36875
brutality:0.36825
stylized:0.355
fight scenes:0.353
oscar (best directing):0.35
good:0.35
imdb top 250:0.347
detective:0.344
fun:0.34075
investigation:0.3395
nudity (full frontal - brief):0.337
dark hero:0.3355
silly fun:0.3335
oscar (best actress):0.3295
death:0.32825
childhood:0.32475
assassination:0.32425
adapted from:book:0.32375
british:0.32125
affectionate:0.31975
redemption:0.31525
surreal:0.31325
adventure:0.313
complex:0.3125
pornography:0.312
unfunny:0.31125
nocturnal:0.31
good soundtrack:0.3065
creativity:0.30625
satire:0.30475
secrets:0.30375
harsh:0.30275
crude humor:0.30275
silly:0.30125
dark:0.30025
cerebral:0.29975
cinematography:0.29525
greed:0.2925
spy:0.29025
life philosophy:0.29
based on book:0.28925
reflective:0.28775
fantasy world:0.28725
sci fi:0.28525
oscar (best supporting actress):0.2835
