space opera:0.98
modern fantasy:0.9515
space:0.93175
scifi:0.91525
sci fi:0.90225
science fiction:0.875
sci-fi:0.87125
original:0.838
special effects:0.78675
fun movie:0.78475
mentor:0.76325
good soundtrack:0.7215
alien:0.71875
aliens:0.68525
dialogue:0.6695
adventure:0.651
gunfight:0.636
first contact:0.60075
goofy:0.581
silly fun:0.575
80s:0.57425
storytelling:0.57225
weapons:0.55975
cult classic:0.54125
high fantasy:0.5345
campy:0.53125
low budget:0.52825
predictable:0.524
clones:0.52325
so bad it's funny:0.5185
mutants:0.5135
big budget:0.50025
redemption:0.496
futuristic:0.49225
end of the world:0.49175
fun:0.48875
cheesy:0.48625
effects:0.48375
androids:0.4775
fantasy:0.4775
good:0.473
nudity (topless - notable):0.4695
great:0.468
cult film:0.46275
action:0.44825
mars:0.447
brutality:0.436
great ending:0.431
catastrophe:0.42675
death:0.42325
allegory:0.421
family:0.42075
franchise:0.4195
scifi cult:0.40825
pulp:0.403
betrayal:0.39525
story:0.39025
transformation:0.38275
adaptation:0.38125
vengeance:0.3745
not funny:0.37225
camp:0.3695
bad acting:0.369
violent:0.36825
entirely dialogue:0.36525
fantasy world:0.365
childhood:0.364
grindhouse:0.35875
sacrifice:0.35725
monster:0.35675
nudity (full frontal - notable):0.355
violence:0.35375
melancholic:0.35225
notable nudity:0.3445
entertaining:0.34175
drinking:0.33825
cool:0.32875
runaway:0.327
weird:0.3255
lone hero:0.32525
quotable:0.32225
simple:0.32125
mad scientist:0.3185
parallel universe:0.3155
silly:0.314
quirky:0.3135
life philosophy:0.31175
natural disaster:0.311
stylized:0.306
unusual plot structure:0.30375
humorous:0.303
bad plot:0.3
greed:0.29525
survival:0.292
art:0.2915
very funny:0.291
chase:0.29
visually appealing:0.2895
bad ending:0.2855
race:0.285
