drug abuse:0.94925
drug addiction:0.94475
dystopia:0.93525
addiction:0.9115
vengeance:0.85
mentor:0.79475
drugs:0.74575
greed:0.73725
california:0.71975
life philosophy:0.70775
original:0.70675
future:0.6975
redemption:0.66875
life & death:0.62925
dystopic future:0.60825
depressing:0.6025
rags to riches:0.5995
disturbing:0.58775
drinking:0.5855
cyborgs:0.58375
life:0.57125
1980s:0.5665
good:0.5615
downbeat:0.5485
android(s)/cyborg(s):0.5405
wine:0.53975
loneliness:0.5385
nocturnal:0.5315
transformation:0.52375
80s:0.5225
parallel universe:0.511
dreams:0.51025
fight scenes:0.50925
new york city:0.50275
happy ending:0.5005
good soundtrack:0.4995
honest:0.48225
melancholic:0.48175
shallow:0.4805
lone hero:0.47325
dark hero:0.47225
storytelling:0.45425
nudity (full frontal - brief):0.45025
brutality:0.4475
bad ending:0.443
story:0.43975
dialogue:0.4395
bad cgi:0.438
crime gone awry:0.433
catastrophe:0.42225
whimsical:0.41125
anti-hero:0.41075
visually stunning:0.408
nudity (full frontal - notable):0.40575
great ending:0.4015
cyberpunk:0.401
internet:0.4005
revenge:0.39475
first contact:0.39225
money:0.3795
bad acting:0.375
biographical:0.373
existentialism:0.372
corruption:0.36775
violent:0.36525
business:0.36175
allegory:0.3545
great:0.3525
mental illness:0.3495
distopia:0.3445
harsh:0.33475
drama:0.33475
fantasy world:0.33425
sexualized violence:0.33
death:0.32975
heroin:0.32575
predictable:0.3225
alcoholism:0.322
not funny:0.32175
cult film:0.32025
dynamic cgi action:0.31925
sci fi:0.3175
unusual plot structure:0.316
intense:0.31525
bleak:0.312
kick-butt women:0.309
great acting:0.30875
big budget:0.3055
adaptation:0.3055
runaway:0.305
los angeles:0.3035
interesting:0.30275
suprisingly clever:0.30025
destiny:0.29725
grim:0.29625
superheroes:0.2945
very funny:0.2945
sexual abuse:0.29425
weird:0.291
visually appealing:0.2895
