wwii:0.975
nazis:0.97475
world war ii:0.97175
brutality:0.936
wartime:0.933
war:0.912
based on a true story:0.91125
nazi:0.8915
historical:0.83175
dramatic:0.82025
true story:0.81925
germany:0.80875
best war films:0.8025
courage:0.792
violence:0.78125
great acting:0.7415
history:0.71475
hit men:0.71125
mentor:0.706
based on true story:0.687
corruption:0.67375
us history:0.67275
great:0.665
betrayal:0.66075
drama:0.65575
brutal:0.655
ethnic conflict:0.64125
original:0.6005
cinematography:0.595
spying:0.59125
spies:0.5745
greed:0.57425
great movie:0.57375
british:0.542
factual:0.54
based on book:0.53975
based on a book:0.5335
forceful:0.5325
story:0.52925
german:0.528
intense:0.5245
sacrifice:0.52125
war movie:0.5185
good:0.51825
realistic:0.51125
vengeance:0.503
assassination:0.50025
runaway:0.494
world war i:0.49325
weapons:0.49225
claustrophobic:0.48475
prejudice:0.4815
moral ambiguity:0.4685
excellent:0.46375
nudity (topless - notable):0.463
breathtaking:0.459
jews:0.453
catastrophe:0.45275
dialogue:0.4485
freedom:0.446
enigmatic:0.4455
great ending:0.44375
good soundtrack:0.43925
very good:0.439
unusual plot structure:0.429
action:0.4275
politics:0.42375
narrated:0.41925
islam:0.4055
poland:0.404
anti-hero:0.402
fun movie:0.39575
organized crime:0.3915
oscar (best directing):0.38775
friendship:0.38675
honest:0.38325
powerful ending:0.38125
gritty:0.379
criterion:0.3745
irish accent:0.373
period piece:0.3705
suspense:0.3675
torture:0.364
culture clash:0.36275
alternate history:0.36275
tense:0.35825
morality:0.35775
excellent script:0.35625
radio:0.3555
idealism:0.353
social commentary:0.35225
not funny:0.3485
spy:0.3475
beautiful scenery:0.34725
first contact:0.34525
assassin:0.34525
passionate:0.344
adaptation:0.34325
suprisingly clever:0.342
transformation:0.341
