world war ii:0.99925
wwii:0.99625
germany:0.995
wartime:0.972
nazis:0.96175
german:0.93775
africa:0.921
historical:0.8865
best war films:0.88175
history:0.8815
nazi:0.88125
dramatic:0.8575
assassination:0.8555
war:0.81275
us history:0.78675
british:0.781
anti-semitism:0.7675
jews:0.7565
factual:0.75125
courage:0.7505
assassin:0.7335
narrated:0.71325
conspiracy:0.70175
drama:0.6925
mentor:0.68275
good:0.67525
politics:0.6725
morality:0.641
original:0.64
oscar (best actress):0.63625
great acting:0.62375
culture clash:0.6055
talky:0.59575
based on book:0.58875
based on a book:0.5855
dialogue:0.58475
forceful:0.58025
oscar (best directing):0.57325
idealism:0.56
betrayal:0.556
propaganda:0.5515
military:0.5485
corruption:0.5325
excellent:0.52575
unlikely friendships:0.52475
great:0.52375
biography:0.512
secrets:0.512
light:0.50875
girlie movie:0.50575
story:0.5055
murder:0.501
black and white:0.4865
england:0.48325
political:0.481
realistic:0.47925
harsh:0.4785
war movie:0.47525
cold war:0.47275
runaway:0.47125
assassins:0.465
catastrophe:0.46275
oscar (best cinematography):0.45925
beautiful scenery:0.45175
imdb top 250:0.45075
brutality:0.44625
world war i:0.44275
criterion:0.43825
grim:0.438
ethnic conflict:0.43125
france:0.43125
greed:0.42975
great ending:0.429
powerful ending:0.4275
oscar (best supporting actor):0.426
biographical:0.42425
holocaust:0.423
submarine:0.41475
adapted from:book:0.4115
oscar (best foreign language film):0.404
nocturnal:0.40175
social commentary:0.4005
nudity (full frontal - brief):0.40025
very good:0.40025
irish accent:0.399
cinematography:0.398
moral ambiguity:0.39675
biopic:0.3965
true story:0.39475
world politics:0.39475
good soundtrack:0.39325
intelligent:0.39225
pg-13:0.392
guilt:0.39175
weapons:0.3905
genocide:0.388
spying:0.38775
surveillance:0.38725
adaptation:0.3855
foreign:0.38275
