male nudity:0.98975
gay character:0.9835
sexual:0.96475
gay:0.957
pornography:0.9555
obsession:0.9265
art house:0.9135
queer:0.9005
meditative:0.88875
neo-noir:0.88525
relationships:0.8825
sex:0.87875
loneliness:0.846
enigmatic:0.821
murder mystery:0.81375
erotic:0.81225
dialogue driven:0.81125
sexy:0.75575
criterion:0.74875
tense:0.7395
cinematography:0.7385
golden palm:0.728
melancholic:0.701
suspenseful:0.697
french:0.67
allegory:0.6595
homosexuality:0.659
sexuality:0.64275
talky:0.6305
love:0.624
intimate:0.6175
solitude:0.60725
addiction:0.6025
paris:0.586
culture clash:0.5425
voyeurism:0.542
weird:0.53825
serial killer:0.52925
original:0.52925
disturbing:0.5155
france:0.509
art:0.5065
women:0.50475
great ending:0.4925
police investigation:0.492
brutality:0.4905
manipulation:0.48425
nudity (full frontal - notable):0.482
dialogue:0.46625
writers:0.45425
breathtaking:0.45025
russian:0.4475
stoner movie:0.4465
very interesting:0.44525
scenic:0.43725
secrets:0.436
catastrophe:0.42975
runaway:0.4245
crime gone awry:0.4185
murder:0.417
depression:0.41225
grindhouse:0.40525
divorce:0.4035
character study:0.4005
paranoid:0.3995
sexualized violence:0.39425
photography:0.39375
assassination:0.39375
suspense:0.39325
bdsm:0.3825
betrayal:0.381
adolescence:0.38075
suprisingly clever:0.37275
psychological:0.372
death:0.369
thriller:0.3665
hitman:0.36625
mentor:0.3575
hitchcock:0.3555
not funny:0.3545
aids:0.351
life philosophy:0.35025
oil:0.3485
creativity:0.34725
indie:0.34625
visually appealing:0.338
complex:0.33275
storytelling:0.33225
wilderness:0.3285
passionate:0.32525
entirely dialogue:0.325
assassins:0.323
lone hero:0.32175
crime:0.321
foreign:0.31575
wine:0.31175
artsy:0.30475
investigation:0.30325
realistic:0.302
unusual plot structure:0.29925
