war:0.98925
gulf war:0.98725
best war films:0.97175
based on a book:0.95975
war movie:0.94825
based on book:0.92525
iraq:0.895
wartime:0.8725
anti-war:0.86925
original:0.8655
middle east:0.8425
intense:0.8355
cinematography:0.816
military:0.80825
desert:0.80125
oscar (best cinematography):0.798
politics:0.7895
dramatic:0.77475
brutality:0.7675
realistic:0.76125
male nudity:0.7485
social commentary:0.7455
good soundtrack:0.7415
violence:0.73375
visceral:0.73075
political:0.725
weapons:0.71975
insanity:0.7155
moral ambiguity:0.7065
vietnam war:0.6705
great acting:0.6685
camp:0.664
sacrifice:0.66225
storytelling:0.66125
true story:0.65325
courage:0.65275
psychology:0.65175
psychological:0.64875
powerful ending:0.641
drama:0.63725
narrated:0.633
reflective:0.63
factual:0.6255
visually stunning:0.622
iraq war:0.61875
pornography:0.6165
forceful:0.61
harsh:0.60275
brainwashing:0.5915
awesome soundtrack:0.58925
ethnic conflict:0.5855
violent:0.5725
vietnam:0.57225
tragedy:0.5705
civil war:0.56675
dialogue:0.565
adapted from:book:0.564
stylized:0.556
good:0.55475
honest:0.55475
mentor:0.547
great ending:0.5455
oscar (best directing):0.54425
pointless:0.54
complex:0.54
oil:0.53825
story:0.5365
exceptional acting:0.52675
grim:0.5245
based on true story:0.52225
adaptation:0.52225
great:0.52
culture clash:0.51475
best of 2005:0.5145
emotional:0.51375
justice:0.5115
interesting:0.51075
great movie:0.508
brutal:0.507
realistic action:0.504
absurd:0.50275
based on a true story:0.49975
poignant:0.499
fighting:0.486
thought-provoking:0.48525
survival:0.48225
corruption:0.47875
nudity (topless):0.476
vengeance:0.47575
death:0.47425
catastrophe:0.47225
loneliness:0.47225
history:0.47
world politics:0.46275
historical:0.461
good acting:0.4575
sexualized violence:0.4525
propaganda:0.4465
visual:0.4435
very good:0.443
