controversial:0.97725
surreal:0.9635
disturbing:0.933
cult classic:0.9305
sexual:0.929
criterion:0.915
insanity:0.90525
weird:0.90325
hallucinatory:0.8965
male nudity:0.88675
pornography:0.84125
catholicism:0.82
demons:0.8175
sexualized violence:0.81625
surrealism:0.815
censorship:0.80675
visceral:0.8
brutality:0.7965
harsh:0.79125
enigmatic:0.7885
devil:0.7815
dreamlike:0.76075
art house:0.7605
masterpiece:0.743
grindhouse:0.73475
ominous:0.723
splatter:0.7125
nudity (full frontal - notable):0.70625
cinematography:0.69925
stylized:0.682
witches:0.67925
religion:0.67075
immortality:0.654
creepy:0.63675
golden palm:0.63325
original:0.62675
nudity (full frontal):0.62325
gruesome:0.6175
bleak:0.5825
powerful ending:0.57775
allegory:0.57625
dark humor:0.56625
downbeat:0.5535
18th century:0.5455
camp:0.544
grim:0.54375
irreverent:0.54125
cult film:0.5295
strange:0.518
brutal:0.51625
gory:0.51075
breathtaking:0.4835
psychedelic:0.4825
forceful:0.476
bizarre:0.47175
intimate:0.46975
talky:0.4665
unusual plot structure:0.46075
absurd:0.45475
atmospheric:0.45275
cerebral:0.43925
mad scientist:0.43725
violent:0.43575
satirical:0.433
god:0.433
suprisingly clever:0.41375
based on a book:0.413
brainwashing:0.40575
obsession:0.40475
social commentary:0.39325
political corruption:0.391
campy:0.3905
runaway:0.39
vengeance:0.38775
melancholic:0.38675
macabre:0.3805
ironic:0.37525
visual:0.374
cult:0.37375
catastrophe:0.3735
sexy:0.37025
art:0.36175
france:0.35975
witch:0.353
bloody:0.35275
paranoid:0.3475
serial killer:0.3455
not funny:0.34525
based on book:0.3425
mentor:0.3355
eerie:0.33525
torture:0.3335
so bad it's funny:0.3325
redemption:0.33025
rape:0.32975
historical:0.3285
visually stunning:0.327
transformation:0.3225
childhood:0.3225
adaptation:0.31625
