sisters:0.83175
australia:0.765
small town:0.71375
original:0.71375
quirky:0.69225
loneliness:0.652
vampire human love:0.631
melancholic:0.6245
solitude:0.6035
relationships:0.5875
good soundtrack:0.5625
intimate:0.53875
fish:0.53725
australian:0.534
talky:0.51
obsession:0.51
dialogue:0.501
surreal:0.49
great ending:0.46825
dysfunctional family:0.4445
social commentary:0.4335
weird:0.4275
black comedy:0.42175
off-beat comedy:0.4135
very funny:0.40475
catastrophe:0.404
brutality:0.4005
life philosophy:0.38275
mentor:0.3765
chick flick:0.37575
love:0.365
culture clash:0.36325
entirely dialogue:0.359
foreign:0.35775
clever:0.3545
death:0.354
suprisingly clever:0.34875
storytelling:0.33925
great:0.3335
pornography:0.331
writers:0.33025
runaway:0.325
classic car:0.32175
eccentricity:0.3195
nudity (topless):0.319
divorce:0.31425
not funny:0.307
indie:0.30025
multiple storylines:0.29275
twists & turns:0.29125
stylized:0.28925
ironic:0.28725
criterion:0.28325
beautiful scenery:0.28225
lone hero:0.27925
sexual:0.27575
exceptional acting:0.2755
comedy:0.2675
light:0.26675
greed:0.26675
good:0.2615
sexy:0.2615
sexualized violence:0.2605
disturbing:0.2555
enigmatic:0.25425
story:0.25125
cult film:0.25
vengeance:0.24775
isolation:0.24725
first contact:0.24675
secrets:0.24425
fun movie:0.2435
satirical:0.2435
fantasy world:0.24325
transformation:0.243
violent:0.243
imdb top 250:0.23825
complex:0.237
predictable:0.2335
crime gone awry:0.23325
adaptation:0.233
underrated:0.23225
funny:0.231
golden palm:0.22875
dark hero:0.228
witty:0.228
adapted from:book:0.2265
strange:0.226
drinking:0.22475
satire:0.2245
narrated:0.22225
nudity (topless - brief):0.2215
psychology:0.22125
independent film:0.22025
cult classic:0.21925
harsh:0.21875
pointless:0.21675
grindhouse:0.2165
fun:0.21575
awesome soundtrack:0.21575
