video game adaptation:0.99875
based on a video game:0.99475
vampire:0.9845
vampires:0.96775
video game:0.96725
computer game:0.9525
horrible:0.9355
bad plot:0.92075
videogame:0.8885
so bad it's funny:0.88625
bad acting:0.87725
predictable:0.8425
awful:0.8155
nudity (topless - notable):0.791
pointless:0.7825
original:0.7755
fight scenes:0.747
bad:0.73075
nocturnal:0.714
idiotic:0.713
action:0.701
fantasy:0.69975
heroine in tight suit:0.68725
bad script:0.65825
lame:0.6545
mentor:0.60875
medieval:0.6085
bad cgi:0.57825
catastrophe:0.573
dialogue:0.5725
goth:0.55475
ridiculous:0.55125
franchise:0.54775
sci fi:0.547
disaster:0.5365
splatter:0.52475
special effects:0.524
overrated:0.5195
sexy:0.48825
fantasy world:0.48725
pulp:0.48375
big budget:0.48025
camp:0.47875
violence:0.4715
destiny:0.461
weapons:0.4595
first contact:0.45675
good action:0.44325
pornography:0.44275
stupid:0.44125
adaptation:0.4395
shallow:0.4265
family:0.4195
redemption:0.41825
cheesy:0.41275
brutality:0.4095
entirely dialogue:0.4095
great ending:0.4055
lone hero:0.4005
nudity (topless):0.39775
writers:0.3975
campy:0.391
story:0.38425
plot holes:0.38125
not funny:0.3695
adapted from:game:0.36875
vengeance:0.3685
video games:0.36175
gothic:0.361
natural disaster:0.36025
girlie movie:0.355
revenge:0.35325
god:0.35025
adventure:0.34825
storytelling:0.34775
bad science:0.34475
boring:0.34425
stupid as hell:0.341
crappy sequel:0.34025
cult film:0.33725
quirky:0.33675
so bad it's good:0.33675
dragons:0.334
sci-fi:0.32825
teen movie:0.32675
erotic:0.32375
supernatural:0.3235
dreamlike:0.32
dysfunctional family:0.32
bloody:0.31925
sword fighting:0.306
vampire human love:0.3055
silly:0.30075
slapstick:0.29975
passionate:0.29775
18th century:0.29725
action packed:0.29675
bad ending:0.29525
scifi:0.295
horror:0.29325
