alien:0.9715
stop motion:0.9685
scifi:0.94475
sci fi:0.93075
monsters:0.9195
monster:0.9065
space:0.89625
sci-fi:0.8945
science fiction:0.884
aliens:0.87625
astronauts:0.87475
rome:0.813
special effects:0.78725
mentor:0.78475
space travel:0.7755
stop-motion:0.7665
allegory:0.73725
original:0.7175
first contact:0.71575
good versus evil:0.70225
mars:0.624
mad scientist:0.62075
fight scenes:0.61975
mythology:0.60075
alien invasion:0.59675
transformation:0.58725
weapons:0.5725
cult classic:0.5425
dialogue:0.513
science:0.51175
light:0.51175
weird:0.5035
computer animation:0.5015
1950s:0.479
story:0.461
imagination:0.45625
dinosaurs:0.454
harsh:0.446
goofy:0.445
intelligent sci-fi:0.426
storytelling:0.42475
life & death:0.41925
effects:0.416
silly fun:0.41525
great ending:0.415
fantasy:0.41475
life philosophy:0.41025
scifi cult:0.4055
visual:0.40275
fairy tale:0.3985
grindhouse:0.398
childhood:0.3975
catastrophe:0.39075
brutality:0.382
campy:0.38025
unusual plot structure:0.37975
not funny:0.37875
criterion:0.37825
whimsical:0.3695
humanity:0.3685
giant robots:0.36825
moon:0.36375
fun movie:0.3565
enigmatic:0.355
wizards:0.35475
parallel universe:0.3475
suprisingly clever:0.34525
solitude:0.3435
cult film:0.34
dreamlike:0.34
predictable:0.339
classic car:0.32925
culture clash:0.323
entirely dialogue:0.32075
so bad it's funny:0.32075
tokyo:0.319
fun:0.3175
talky:0.31475
greed:0.313
violence:0.31025
chase:0.304
cerebral:0.3015
atmospheric:0.3015
redemption:0.29825
visually appealing:0.2955
visually stunning:0.29525
stunning:0.29125
absurd:0.29075
fantasy world:0.2905
swashbuckler:0.28925
doctors:0.28625
action:0.28525
adventure:0.283
visuals:0.2805
immortality:0.27975
spiders:0.27725
low budget:0.27675
destiny:0.27675
existentialism:0.27525
futuristic:0.2695
