drama:0.8805
intimate:0.873
melancholic:0.8655
wartime:0.84
love story:0.78925
loneliness:0.767
original:0.6885
relationships:0.65225
passionate:0.65125
infidelity:0.6495
brutality:0.6265
whimsical:0.61425
based on a play:0.61225
tragedy:0.6025
obsession:0.585
romance:0.56325
marriage:0.563
emotional:0.51475
1930s:0.50525
dialogue:0.49825
betrayal:0.49
period piece:0.4865
claustrophobic:0.47575
romantic:0.47
life philosophy:0.463
heartbreaking:0.446
london:0.44075
visually appealing:0.4405
british:0.43425
catastrophe:0.43075
great ending:0.4295
pointless:0.42925
adaptation:0.428
police investigation:0.426
mentor:0.419
entirely dialogue:0.41225
cinematography:0.409
not funny:0.40175
criterion:0.40075
love:0.3975
depression:0.39575
weird:0.3935
complex:0.3615
suicide attempt:0.3595
nudity (full frontal - brief):0.34475
harsh:0.34225
light:0.339
storytelling:0.33325
oscar (best actress):0.33275
greed:0.3305
oscar:0.322
fantasy world:0.32075
road movie:0.31475
music:0.313
suicide:0.3055
guilt:0.298
oscar (best supporting actress):0.289
dramatic:0.288
eccentricity:0.287
good soundtrack:0.28575
1920s:0.2855
story:0.28475
predictable:0.28125
costume drama:0.27875
memory:0.27725
oscar (best directing):0.27725
suprisingly clever:0.277
dark fantasy:0.273
women:0.2685
screwball:0.262
mozart:0.26175
bleak:0.2555
quirky:0.255
great:0.2535
imdb top 250:0.25225
first contact:0.25125
runaway:0.25125
overrated:0.25
reflective:0.2495
bittersweet:0.24925
enigmatic:0.2445
intense:0.2425
writers:0.24125
silly fun:0.24025
island:0.24
happy ending:0.2385
bad plot:0.235
great acting:0.23475
character study:0.231
nocturnal:0.22775
pornography:0.22675
atmospheric:0.226
dysfunctional family:0.2255
boring:0.2255
shallow:0.22475
nostalgic:0.22325
unlikely friendships:0.223
parallel universe:0.22225
destiny:0.222
twists & turns:0.221
