western:0.95125
grindhouse:0.79725
original:0.734
comedy:0.65225
life philosophy:0.633
robbery:0.624
alternate endings:0.61725
life & death:0.582
dialogue:0.57375
greed:0.569
time:0.52
runaway:0.508
so bad it's funny:0.5
allegory:0.49175
fun:0.46575
buddy movie:0.459
fun movie:0.45775
dystopia:0.453
great ending:0.436
catastrophe:0.432
cool:0.4305
action:0.42625
science fiction:0.425
brutality:0.42275
unusual plot structure:0.42125
mentor:0.41975
sexy:0.4195
predictable:0.39975
entertaining:0.3885
classic car:0.38425
bad plot:0.3825
farce:0.36825
silly fun:0.36725
fighting:0.36675
saturday night live:0.364
chase:0.36025
talky:0.35675
drinking:0.34375
fight scenes:0.33875
gunfight:0.3345
unlikely friendships:0.3335
silly:0.33225
family:0.331
existentialism:0.32975
disaster:0.32875
obsession:0.32725
story:0.32275
texas:0.319
exciting:0.31025
visual:0.30975
melancholic:0.3095
storytelling:0.30875
visually appealing:0.30375
spaghetti western:0.30075
gangs:0.3
not funny:0.29975
first contact:0.29825
violent:0.29775
unfunny:0.29575
fighting the system:0.295
entirely dialogue:0.29375
adaptation:0.2925
corruption:0.28825
culture clash:0.288
anti-hero:0.28075
visually stunning:0.27375
distopia:0.272
lone hero:0.2715
script:0.269
paranoid:0.26775
betrayal:0.2665
criterion:0.2655
computer animation:0.26325
slapstick:0.2625
special effects:0.262
money:0.26075
light:0.25925
harsh:0.259
doctors:0.2575
pornography:0.25325
comic:0.25275
justice:0.25125
weapons:0.25125
dramatic:0.24675
stylized:0.24625
fantasy world:0.24575
twists & turns:0.24575
childhood:0.243
adventure:0.24175
80s:0.2415
alter ego:0.241
overrated:0.24075
passionate:0.24075
good soundtrack:0.24025
plot holes:0.24025
fashion:0.236
screwball:0.2355
imdb top 250:0.23425
franchise:0.234
redemption:0.23125
