fighting:0.88775
comedy:0.864
chase:0.77125
motorcycle:0.73625
fun movie:0.72325
action:0.72025
original:0.71575
goofy:0.70625
fight scenes:0.6995
buddy movie:0.68575
sequel:0.66175
brutality:0.6235
80s:0.6215
franchise:0.5835
beer:0.57725
good sequel:0.5565
gangs:0.52525
good:0.51875
sequels:0.51175
gangsters:0.50175
series:0.50125
great acting:0.50025
great ending:0.4865
predictable:0.48625
humorous:0.4755
adventure:0.46375
slapstick:0.46175
lone hero:0.451
vengeance:0.447
mentor:0.44
catastrophe:0.43775
harsh:0.43375
dialogue:0.433
good action:0.4305
california:0.42775
cars:0.42475
very funny:0.42375
transformation:0.42225
superheroes:0.41975
comic:0.41975
weapons:0.41925
story:0.4155
silly:0.4105
silly fun:0.41
redemption:0.40525
so bad it's funny:0.39675
corruption:0.38925
nudity (full frontal - brief):0.3875
mafia:0.38675
culture clash:0.38625
intense:0.38525
violence:0.38475
fun:0.382
pg-13:0.381
great:0.38
unfunny:0.37875
farce:0.376
storytelling:0.372
comics:0.36775
family:0.363
funny:0.35975
police investigation:0.35975
life philosophy:0.3585
first contact:0.35825
pornography:0.3575
destiny:0.3505
oscar (best directing):0.3485
nostalgia:0.343
cult classic:0.34
classic car:0.337
adaptation:0.3325
adapted from:comic:0.325
alter ego:0.323
nocturnal:0.32225
super hero:0.322
revenge:0.322
dark hero:0.321
not funny:0.3205
1980s:0.31875
drinking:0.3185
runaway:0.3175
nostalgic:0.3165
road movie:0.31375
good soundtrack:0.31275
gunfight:0.30825
humor:0.305
small town:0.30425
sexy:0.30075
justice:0.29225
imdb top 250:0.28975
nudity (topless - notable):0.2875
crappy sequel:0.2835
entertaining:0.28275
visually appealing:0.2755
cool:0.27375
stylized:0.27175
action packed:0.2715
sci fi:0.2705
natural disaster:0.26925
camp:0.26625
