time loop:0.998
surveillance:0.98375
time travel:0.97625
sci-fi:0.9625
future:0.90625
technology:0.899
scifi:0.89625
plot holes:0.891
fast paced:0.87975
sci fi:0.8675
action:0.86425
chase:0.857
new orleans:0.85675
science fiction:0.85525
thriller:0.846
investigation:0.834
twists & turns:0.8335
pg-13:0.81275
great ending:0.809
car chase:0.79875
suspense:0.7835
plot:0.7445
destiny:0.73675
catastrophe:0.73075
first contact:0.6895
original:0.6845
time:0.67775
good action:0.6735
science:0.65575
suspenseful:0.65325
good:0.6505
parallel universe:0.6505
plot twist:0.64825
story:0.6455
secrets:0.636
big budget:0.63575
conspiracy:0.63375
alternate endings:0.63325
murder:0.633
intense:0.62475
action packed:0.619
happy ending:0.60575
twist:0.575
twist ending:0.574
mentor:0.57375
complex:0.571
tricky:0.57
good acting:0.56875
terrorism:0.5665
cloning:0.566
natural disaster:0.565
visually stunning:0.55475
better than expected:0.55475
spying:0.5425
futuristic:0.537
clever:0.5215
confusing:0.52075
alternate history:0.519
cerebral:0.514
beautiful scenery:0.508
special effects:0.50725
sacrifice:0.50675
police investigation:0.5065
predictable:0.50525
alternate reality:0.5045
interesting:0.4985
visually appealing:0.4975
entertaining:0.497
life & death:0.493
creativity:0.48425
justice:0.4815
corruption:0.48125
exciting:0.47975
romance:0.47775
so bad it's funny:0.47575
absurd:0.4665
survival:0.466
life philosophy:0.465
fight scenes:0.465
conspiracy theory:0.46475
storytelling:0.46175
dialogue:0.45975
thought-provoking:0.4535
lone hero:0.4515
great:0.45
dystopic future:0.445
redemption:0.44175
transformation:0.43925
crime:0.43125
bad ending:0.421
memory loss:0.42075
visual:0.419
silly:0.4155
mystery:0.414
runaway:0.41125
end of the world:0.41025
revenge:0.408
very interesting:0.406
detective:0.40575
apocalypse:0.4
