latin america:0.98425
social commentary:0.9695
criterion:0.9675
immigrants:0.89025
spanish:0.8835
foreign:0.83925
reflective:0.82225
indians:0.8145
tragedy:0.792
genocide:0.7895
allegory:0.77
independent film:0.768
beautifully filmed:0.7565
idealism:0.74575
sacrifice:0.7405
prejudice:0.716
oscar (best directing):0.69725
culture clash:0.69025
mentor:0.6805
oscar (best supporting actress):0.67
visually stunning:0.66825
poverty:0.666
greed:0.664
mexico:0.65775
realistic:0.652
california:0.64825
loneliness:0.64775
oscar (best foreign language film):0.64225
story:0.64125
stereotypes:0.6185
great:0.6125
drama:0.6125
paranoia:0.601
argentina:0.5905
political:0.58875
original:0.58825
catastrophe:0.582
storytelling:0.5805
destiny:0.57775
bleak:0.575
poignant:0.57
magic realism:0.5595
oscar (best actress):0.55825
life & death:0.555
life:0.5435
rats:0.529
breathtaking:0.52125
childhood:0.52075
good:0.513
dramatic:0.5095
golden palm:0.5095
depressing:0.49675
educational:0.49125
feel good movie:0.4865
dreams:0.48475
betrayal:0.48375
depression:0.48
melancholic:0.48
jungle:0.4795
los angeles:0.47775
lyrical:0.4765
runaway:0.472
oscar:0.47075
nocturnal:0.4675
creativity:0.45825
visually appealing:0.457
unlikely friendships:0.45675
adapted from:book:0.454
friendship:0.4525
better than expected:0.452
oscar (best music - original song):0.44875
happy ending:0.44775
thought-provoking:0.4435
family:0.44325
forceful:0.44025
small town:0.43925
courage:0.4375
imdb top 250:0.4375
fantasy world:0.43675
life philosophy:0.433
cinematography:0.42625
beautiful scenery:0.42475
existentialism:0.423
feel-good:0.42275
geek:0.41925
segregation:0.419
suprisingly clever:0.4145
artistic:0.4135
distopia:0.41275
downbeat:0.4095
solitude:0.408
oscar winner:0.4045
dialogue:0.40375
islam:0.40325
grindhouse:0.39975
weapons:0.39625
philosophy:0.39475
historical:0.39025
unusual plot structure:0.38925
drinking:0.38825
