based on a tv show:0.93975
comedy:0.8605
original:0.82975
series:0.81
franchise:0.69325
funniest movies:0.6695
funny as hell:0.66575
saturday night live:0.637
hilarious:0.58075
remake:0.58025
mentor:0.5795
assassin:0.5755
goofy:0.572
parody:0.56175
very funny:0.55375
predictable:0.548
funny:0.5335
silly fun:0.4745
humorous:0.451
slapstick:0.43925
catastrophe:0.421
spying:0.417
chase:0.413
great ending:0.4075
life philosophy:0.3955
dialogue:0.37125
silly:0.37
destiny:0.3685
good:0.3525
first contact:0.35225
fight scenes:0.35225
great:0.352
storytelling:0.3495
overrated:0.3495
unfunny:0.349
adaptation:0.347
nudity (full frontal - brief):0.346
alter ego:0.3455
suprisingly clever:0.338
doctors:0.337
sarcasm:0.33675
revenge:0.33175
clever:0.33025
crude humor:0.329
pointless:0.325
adventure:0.32375
family:0.323
sci fi:0.32075
runaway:0.31925
camp:0.31875
brutality:0.317
classic:0.31425
reality tv:0.3135
surreal:0.3135
fun:0.3095
science fiction:0.306
fantasy world:0.30475
nostalgic:0.3035
vengeance:0.30325
foul language:0.29975
redemption:0.29625
story:0.2955
lone hero:0.29275
military:0.289
dumb but funny:0.285
bad plot:0.28025
good action:0.27675
pg-13:0.27325
disaster:0.27
con men:0.26925
gangsters:0.26775
light:0.2655
comic:0.26425
melancholic:0.2565
nudity (topless - notable):0.25625
criterion:0.256
good soundtrack:0.25525
television:0.25225
multiple storylines:0.2515
culture clash:0.24975
shallow:0.24825
pornography:0.2475
fun movie:0.24725
childhood:0.24625
natural disaster:0.245
unusual plot structure:0.24475
underrated:0.24475
betrayal:0.2445
imdb top 250:0.24225
gambling:0.2395
justice:0.236
stupid as hell:0.2355
suspense:0.23425
scifi:0.2315
entirely dialogue:0.23125
immortality:0.23125
weird:0.2305
very good:0.2305
death:0.2285
transformation:0.2265
