romantic comedy:0.89525
romance:0.77625
relationships:0.7725
romantic:0.744
quirky:0.722
homeless:0.7125
predictable:0.61125
original:0.611
sweet:0.59
loneliness:0.48825
hotel:0.44475
love story:0.441
mentor:0.4215
destiny:0.41775
feel-good:0.41425
catastrophe:0.39925
life philosophy:0.39625
shallow:0.377
dialogue:0.3685
touching:0.35975
first contact:0.35775
sexy:0.34425
wine:0.34275
feel good movie:0.33925
great ending:0.33725
runaway:0.31975
comedy:0.3145
independent film:0.31225
workplace:0.3105
not funny:0.308
writers:0.29625
melancholic:0.286
las vegas:0.27975
family:0.276
small town:0.2745
overrated:0.2735
culture clash:0.27075
absurd:0.269
very funny:0.26825
bad plot:0.267
cute:0.26675
passionate:0.2655
heartwarming:0.26375
pornography:0.26325
good soundtrack:0.2625
brutality:0.262
life & death:0.2565
fantasy world:0.25625
pointless:0.2515
harsh:0.2475
silly:0.2465
storytelling:0.24475
transformation:0.2435
entirely dialogue:0.24275
happy ending:0.242
weird:0.24025
fantasy:0.2395
redemption:0.23925
adaptation:0.23725
unusual plot structure:0.235
goofy:0.2335
lone hero:0.2315
cute!:0.22925
pg-13:0.2285
indie:0.227
fight scenes:0.226
story:0.2255
cult film:0.222
drinking:0.2195
road movie:0.21825
chick flick:0.21575
enigmatic:0.215
natural disaster:0.215
boring:0.2145
art:0.21425
nocturnal:0.21375
existentialism:0.21375
fun movie:0.20725
nudity (full frontal - brief):0.2065
crude humor:0.20425
gay character:0.20275
good:0.2
disaster:0.19925
slapstick:0.19675
pulp:0.19625
bad:0.196
nerds:0.19575
unfunny:0.19525
awesome soundtrack:0.1935
awful:0.18975
clever:0.1885
superheroes:0.18625
stupidity:0.18325
sarcasm:0.18225
chase:0.182
light:0.18175
inspirational:0.18025
stupid:0.17925
crime gone awry:0.17925
drama:0.17725
