golden palm:0.99425
loneliness:0.932
criterion:0.879
enigmatic:0.86325
intimate:0.857
melancholic:0.83375
obsession:0.804
reflective:0.78425
redemption:0.7795
cerebral:0.77675
allegory:0.774
talky:0.76875
bleak:0.758
workplace:0.75775
artistic:0.732
storytelling:0.7185
breathtaking:0.694
downbeat:0.685
weird:0.67425
slow paced:0.66925
visually appealing:0.66875
affectionate:0.663
cinematography:0.65425
melancholy:0.643
meditative:0.6345
existentialism:0.627
harsh:0.60775
original:0.60425
dialogue:0.5925
brothers:0.5915
voyeurism:0.58275
adolescence:0.58
murder:0.563
guilt:0.5595
pornography:0.5485
runaway:0.53175
suprisingly clever:0.52625
tragedy:0.52475
solitude:0.5175
life & death:0.5155
crime gone awry:0.50575
disturbing:0.5055
entirely dialogue:0.492
very interesting:0.47325
oscar (best foreign language film):0.47075
police investigation:0.47
teacher:0.46725
dreamlike:0.461
silent:0.454
culture clash:0.453
art house:0.4485
cathartic:0.44675
complex:0.4435
masterpiece:0.44175
compassionate:0.43825
character study:0.4365
childhood:0.43275
great ending:0.42925
stylized:0.428
french:0.42775
art:0.42425
unusual plot structure:0.42125
brutality:0.41825
secrets:0.41775
catastrophe:0.41475
social commentary:0.41375
slow:0.402
creativity:0.3995
transformation:0.39725
photography:0.39575
road movie:0.39
spying:0.38525
depression:0.38
visceral:0.3795
surreal:0.377
story:0.37375
good soundtrack:0.37275
grindhouse:0.36725
imagination:0.36725
relationships:0.363
psychological:0.363
foreign:0.36275
atmospheric:0.35925
strange:0.3545
no dialogue:0.354
philosophical:0.35325
grim:0.344
death:0.33825
first contact:0.332
not funny:0.331
black and white:0.33075
mentor:0.32925
imdb top 250:0.32675
claustrophobic:0.324
beautifully filmed:0.317
intense:0.31675
stoner movie:0.315
visually stunning:0.3135
gunfight:0.313
great cinematography:0.31175
