western:0.995
mentor:0.9575
gunfight:0.95425
revenge:0.8885
vengeance:0.85125
guns:0.8355
action:0.788
great ending:0.77875
kids:0.7585
original:0.749
gangs:0.74875
good:0.746
corruption:0.74375
action packed:0.7325
great movie:0.7255
justice:0.72425
fun movie:0.72225
vigilante:0.714
runaway:0.71125
historical:0.69125
great:0.6775
good soundtrack:0.66925
1980s:0.64725
good action:0.6405
violence:0.639
mexico:0.638
teen movie:0.6355
chase:0.63075
friendship:0.62925
adventure:0.613
nudity (topless - brief):0.61175
fighting:0.59975
entertaining:0.59875
underdog:0.59375
intense:0.593
cool:0.58975
civil war:0.58975
unlikely friendships:0.5885
great acting:0.58
violent:0.5635
dialogue:0.55925
teen:0.5585
brutality:0.5565
pg-13:0.5215
awesome soundtrack:0.51925
murder:0.51175
lawyer:0.51125
history:0.5075
anti-hero:0.49425
betrayal:0.48025
destiny:0.479
story:0.4775
humor:0.4765
underrated:0.4765
80s:0.4745
exceptional acting:0.4695
teens:0.46925
moral ambiguity:0.4675
lone hero:0.46625
childhood:0.46425
fun:0.46375
storytelling:0.46325
scenic:0.4615
catastrophe:0.456
bloody:0.4495
bullying:0.444
gangsters:0.443
plot:0.44275
big budget:0.44075
predictable:0.44075
comedy:0.43975
weapons:0.43875
exciting:0.438
highly quotable:0.434
drama:0.43175
us history:0.42975
redemption:0.42825
indians:0.4255
life philosophy:0.422
nudity (rear):0.41925
factual:0.4175
stylized:0.413
excellent:0.41225
texas:0.40825
complex:0.40225
suspense:0.3985
not funny:0.39575
quotable:0.3955
fantasy world:0.3945
excellent script:0.3865
harsh:0.3855
stereotypes:0.38425
fight scenes:0.3815
silly fun:0.375
family:0.3745
death:0.3735
shallow:0.366
coming of age:0.36525
interesting:0.36375
classic car:0.358
