world war ii:0.94675
wartime:0.94425
best war films:0.91075
wwii:0.87525
forceful:0.852
factual:0.7985
based on true story:0.78075
action:0.76575
war:0.74075
stereotypes:0.71725
dramatic:0.704
historical:0.703
camp:0.681
vengeance:0.6735
military:0.659
fighting:0.65425
true story:0.63975
original:0.63525
catastrophe:0.606
devil:0.579
sexualized violence:0.5735
story:0.56975
runaway:0.56925
german:0.5685
good action:0.543
war movie:0.53575
weapons:0.52875
nazis:0.52575
history:0.523
prejudice:0.5165
tense:0.51175
us history:0.49475
drama:0.4845
good soundtrack:0.481
ethnic conflict:0.48025
courage:0.4775
sacrifice:0.47725
great ending:0.46125
transformation:0.45725
realistic:0.44625
lone hero:0.4405
based on a true story:0.43775
dialogue:0.43675
storytelling:0.42525
mentor:0.41175
very interesting:0.41175
rome:0.40525
adventure:0.40025
nudity (topless - notable):0.39925
pornography:0.39475
great:0.39025
unlikely friendships:0.38925
allegory:0.3875
betrayal:0.3855
gritty:0.38475
oscar (best directing):0.3845
goofy:0.3835
big budget:0.37575
predictable:0.374
survival:0.3735
criterion:0.37225
beautiful scenery:0.37225
suprisingly clever:0.37025
special:0.36725
violence:0.3635
realistic action:0.35975
natural disaster:0.35475
great movie:0.3545
good:0.3535
island:0.35
culture clash:0.34975
epic:0.34575
not funny:0.343
visceral:0.33525
finnish:0.331
islam:0.3285
harsh:0.32775
police investigation:0.3255
action packed:0.32325
shallow:0.32175
brutality:0.3215
very good:0.31025
greed:0.30875
good acting:0.30675
cinematography:0.304
brothers:0.304
apocalypse:0.303
friendship:0.3015
entertaining:0.3
revenge:0.298
destiny:0.295
italy:0.29425
powerful ending:0.29075
snakes:0.29
exceptional acting:0.28875
fantasy world:0.28825
crude humor:0.28825
japanese:0.2875
exciting:0.2855
humorous:0.28325
