spying:0.992
spy:0.99175
secret service:0.98325
action:0.977
based on a comic:0.97375
adapted from:comic:0.9665
violent:0.94925
espionage:0.94675
spies:0.9455
violence:0.928
fast paced:0.912
gratuitous violence:0.90525
cool:0.90125
stylish:0.89625
good action:0.89425
action packed:0.884
mentor:0.8805
fun movie:0.87375
fight scenes:0.86325
bloody:0.85375
comedy:0.84525
pg-13:0.8425
visually appealing:0.83425
secrets:0.8305
superheroes:0.8225
parody:0.817
entertaining:0.809
fun:0.80525
silly fun:0.803
humor:0.79925
original:0.79075
chase:0.7855
vengeance:0.78225
british:0.76475
weapons:0.75975
based on comic:0.757
ridiculous:0.72675
silly:0.72375
super hero:0.7225
superhero:0.72225
plot:0.7185
good:0.71275
good soundtrack:0.711
007:0.70675
franchise:0.70625
goofy:0.68725
clever:0.678
brutality:0.677
absurd:0.67475
intense:0.67275
spoof:0.672
stylized:0.659
witty:0.65525
graphic novel:0.6545
plot twist:0.64425
humorous:0.6395
funny:0.63675
dialogue:0.6345
comic book:0.633
product placement:0.63075
london:0.62875
twists & turns:0.61925
british comedy:0.61475
assassin:0.60675
assassination:0.6055
story:0.60225
runaway:0.6015
revenge:0.594
anti-hero:0.5925
storytelling:0.583
great ending:0.58225
catastrophe:0.5745
gory:0.5725
great:0.5655
thriller:0.56525
betrayal:0.565
suspense:0.552
blood:0.5515
technology:0.5475
great acting:0.53175
very funny:0.531
good acting:0.52875
bond:0.52775
excellent script:0.52425
england:0.522
murder:0.51375
big budget:0.5115
better than expected:0.50725
hilarious:0.507
dark hero:0.49975
adaptation:0.499
sexy:0.4985
interesting:0.49275
lone hero:0.4925
exciting:0.487
conspiracy:0.485
great movie:0.48075
foul language:0.478
adventure:0.4755
car chase:0.4625
