remake:0.97475
comedy:0.87375
original:0.84475
funny:0.7845
dumb but funny:0.73375
new york city:0.706
mentor:0.67525
predictable:0.6635
new york:0.62425
pg-13:0.6
unfunny:0.5775
very funny:0.57175
fun movie:0.57075
destiny:0.566
slapstick:0.558
silly:0.53225
family:0.5095
so bad it's funny:0.509
great ending:0.502
happy ending:0.5015
road movie:0.49625
dynamic cgi action:0.49625
disaster:0.49
vengeance:0.46725
dialogue:0.46
catastrophe:0.45925
humorous:0.45225
lame:0.44675
chase:0.4455
bad plot:0.4385
hotel:0.438
fun:0.43525
silly fun:0.43475
light:0.4345
cross dressing:0.43075
goofy:0.42775
great:0.4275
loneliness:0.426
1970s:0.4105
natural disaster:0.39625
intense:0.39325
adventure:0.389
life philosophy:0.38325
good:0.37725
first contact:0.36575
idiotic:0.36325
story:0.3605
hilarious:0.354
shallow:0.35175
greed:0.35175
horrible:0.3455
pointless:0.3415
funny as hell:0.33925
adaptation:0.33575
storytelling:0.3335
humor:0.33175
fish:0.3255
big budget:0.3225
brutality:0.3225
runaway:0.3215
script:0.318
fantasy world:0.31625
melancholic:0.31525
fight scenes:0.31475
pornography:0.30975
police investigation:0.309
good soundtrack:0.3085
bad:0.30575
lone hero:0.30525
redemption:0.305
nudity (full frontal - brief):0.304
teen movie:0.30025
culture clash:0.3
unlikely friendships:0.2955
lawyers:0.29325
great movie:0.28875
entertaining:0.28525
clever:0.28425
visually appealing:0.28425
crappy sequel:0.27925
underrated:0.2785
entirely dialogue:0.278
bad ending:0.277
farce:0.27575
feel-good:0.274
dumb:0.271
feel good movie:0.27025
writers:0.26875
betrayal:0.26875
death:0.26775
overrated:0.267
sequel:0.2665
crude humor:0.26525
quirky:0.263
justice:0.2595
corruption:0.25825
life & death:0.25825
bad cgi:0.25775
nudity (rear):0.2575
suspense:0.255
