pirates:0.996
fountain of youth:0.99125
swashbuckler:0.986
franchise:0.98475
adventure:0.9785
sword fight:0.96
treasure:0.959
treasure hunt:0.958
action:0.91275
big budget:0.89975
anti-hero:0.8705
sequel:0.82175
magic:0.79875
watch the credits:0.795
fight scenes:0.78175
trilogy:0.781
pg-13:0.76075
fantasy:0.759
sequels:0.74925
ghosts/afterlife:0.73675
fantasy world:0.70425
visually appealing:0.70225
dialogue:0.6825
3d:0.6795
plot:0.6525
series:0.643
original:0.63875
betrayal:0.61375
revenge:0.602
special effects:0.57675
sword fighting:0.57225
action packed:0.5635
story:0.555
dynamic cgi action:0.55275
parallel universe:0.5445
catastrophe:0.53275
life philosophy:0.5325
great ending:0.531
good sequel:0.52075
predictable:0.51025
silly:0.5085
entertaining:0.504
visually stunning:0.49
better than expected:0.48475
fun movie:0.47175
destiny:0.4685
transformation:0.4655
good:0.464
superheroes:0.4485
exciting:0.44725
disappointing:0.44675
crappy sequel:0.44625
romance:0.44175
mythology:0.4355
great:0.4195
ocean:0.41625
fun:0.405
storytelling:0.4005
london:0.39625
mentor:0.389
cgi:0.38675
not funny:0.3855
vengeance:0.3795
high fantasy:0.372
super hero:0.365
chase:0.36175
pointless:0.3595
disney:0.358
boring!:0.357
love story:0.352
redemption:0.35175
good soundtrack:0.3515
shallow:0.34775
entirely dialogue:0.341
bad plot:0.33925
creativity:0.33175
beautiful scenery:0.3315
culture clash:0.329
good action:0.32625
stereotypes:0.32525
brutality:0.3215
bad cgi:0.315
crude humor:0.31225
technology:0.3095
plot holes:0.3055
visual:0.29975
fast paced:0.299
adaptation:0.2985
no plot:0.29425
first contact:0.2875
writers:0.286
cool:0.28425
romantic:0.2805
adapted from:book:0.2775
immortality:0.27675
sacrifice:0.2765
bad ending:0.2755
unfunny:0.2745
visuals:0.27175
runaway:0.26925
