alien:0.99525
aliens:0.9895
alien invasion:0.9875
computer animation:0.93825
animation:0.921
cgi:0.794
sci fi:0.786
cute:0.78225
sci-fi:0.78025
kids:0.77175
animated:0.75925
cartoon:0.756
original:0.7255
astronauts:0.7205
kids and family:0.71425
mars:0.7075
children:0.70125
creativity:0.69075
scifi:0.6875
adventure:0.6875
story:0.68175
so bad it's funny:0.6795
clever:0.673
space:0.65625
family:0.6555
plot:0.6335
great ending:0.633
dialogue:0.62675
fun:0.62225
big budget:0.622
animals:0.6175
predictable:0.6055
space program:0.59025
science fiction:0.57825
monsters:0.57175
talking animals:0.56175
stereotypes:0.55375
destiny:0.55025
cute!:0.54875
nostalgic:0.53475
funny:0.53
mad scientist:0.52925
good:0.5275
silly:0.52425
catastrophe:0.5225
robot:0.521
storytelling:0.5025
first contact:0.5005
visuals:0.49625
redemption:0.486
pixar animation:0.4835
fantasy:0.4695
enormously long battle scene:0.46675
better than expected:0.45525
humor:0.45025
light:0.4415
stranded:0.4385
comedy:0.438
monster:0.4355
fantasy world:0.432
visual:0.43025
humorous:0.42675
transformation:0.424
entertaining:0.42
chase:0.416
fairy tale:0.41275
pixar:0.4105
visually stunning:0.41025
natural disaster:0.407
boring!:0.401
bad cgi:0.3995
crude humor:0.39725
giant robots:0.397
superheroes:0.39375
very funny:0.3895
whimsical:0.38875
fun movie:0.3875
happy ending:0.387
pg-13:0.3725
unfunny:0.3715
bad plot:0.3685
mentor:0.3655
weird:0.36075
3d:0.36
childhood:0.35425
technology:0.35175
unlikely friendships:0.3485
runaway:0.34775
life philosophy:0.346
disney:0.346
visually appealing:0.34525
great:0.336
clones:0.33175
oscar (best animated feature):0.3295
entirely dialogue:0.3285
talky:0.32725
lame:0.3245
allegory:0.3235
original plot:0.3225
action:0.319
