view askew:0.9595
romantic comedy:0.95775
chick flick:0.92225
romantic:0.85875
romance:0.855
relationships:0.84875
love story:0.66325
original:0.62925
shallow:0.62
predictable:0.59875
new jersey:0.5925
life philosophy:0.58475
destiny:0.576
pg-13:0.564
natural disaster:0.55725
life & death:0.5415
stereotypes:0.5075
happy ending:0.50375
horrible:0.494
feel-good:0.4925
girlie movie:0.44575
dialogue:0.44325
catastrophe:0.44325
bad acting:0.42675
unlikely friendships:0.42475
mentor:0.40975
good soundtrack:0.4015
so bad it's funny:0.386
transformation:0.378
writers:0.3755
realistic action:0.361
great ending:0.36
death:0.356
better than expected:0.351
solitude:0.348
friendship:0.3475
cute:0.34625
secrets:0.33875
feel good movie:0.33825
quirky:0.332
infidelity:0.32725
drinking:0.327
ensemble cast:0.32375
pointless:0.31925
entirely dialogue:0.319
love:0.3175
good:0.315
redemption:0.3145
fantasy world:0.312
wedding:0.3085
culture clash:0.3055
los angeles:0.3045
silly fun:0.3045
comedy:0.29875
brutality:0.293
story:0.292
bad ending:0.2835
slapstick:0.2795
good dialogue:0.27825
crude humor:0.27625
beautiful scenery:0.27275
good romantic comedies:0.271
sappy:0.271
melancholic:0.2695
sweet:0.268
first contact:0.26725
loneliness:0.2655
great:0.26025
adaptation:0.2595
bad plot:0.25825
storytelling:0.2575
very funny:0.2565
pornography:0.256
stupidity:0.25425
unrealistic:0.25125
weird:0.24875
suprisingly clever:0.24725
family:0.24525
existentialism:0.2435
clever:0.24275
superheroes:0.24225
lame:0.2405
honest:0.234
nudity (full frontal - brief):0.2315
emotional:0.22875
ridiculous:0.2245
inspirational:0.22125
idiotic:0.2195
light:0.219
funny:0.2185
childhood:0.216
sexy:0.21525
lone hero:0.214
runaway:0.21375
gangsters:0.21175
reality tv:0.20875
visually appealing:0.20875
plot:0.20725
fun movie:0.20725
justice:0.205
