spying:0.99875
espionage:0.998
spies:0.995
spy:0.9935
brainwashing:0.98875
golden palm:0.975
secret service:0.97325
cold war:0.96275
surveillance:0.95475
tense:0.928
007:0.92725
secrets:0.92625
bond:0.8855
stylish:0.8855
conspiracy:0.85975
downbeat:0.8445
gritty:0.815
chase:0.8135
british:0.81025
thriller:0.80625
london:0.79375
imdb top 250:0.79275
betrayal:0.76575
original:0.7605
england:0.75875
criterion:0.72925
forceful:0.7215
suspense:0.717
runaway:0.7025
complex:0.69525
talky:0.68825
murder:0.66375
assassin:0.66025
clever:0.64625
cinematography:0.645
claustrophobic:0.641
great ending:0.634
twists & turns:0.6305
atmospheric:0.61925
dialogue:0.619
greed:0.617
corruption:0.615
good soundtrack:0.61225
drama:0.6045
harsh:0.59975
kidnapping:0.5995
enigmatic:0.5965
slow paced:0.59325
oscar (best directing):0.587
assassination:0.587
adapted from:book:0.58375
suspenseful:0.58025
grim:0.578
working class:0.57225
anti-hero:0.56825
realistic:0.566
culture clash:0.56275
witty:0.5625
suprisingly clever:0.55875
tricky:0.5575
sexy:0.5355
british comedy:0.534
cerebral:0.529
intelligent:0.52475
narrated:0.52325
interesting:0.52275
bleak:0.51775
james bond:0.5105
great acting:0.50575
investigation:0.49575
great movie:0.4915
plot twist:0.49075
photography:0.4885
complicated:0.48575
berlin:0.481
paranoid:0.47475
visually appealing:0.47275
classic:0.47175
obsession:0.46275
unusual plot structure:0.46175
moral ambiguity:0.45925
complicated plot:0.45825
gunfight:0.455
adaptation:0.44975
storytelling:0.4485
mozart:0.4455
car chase:0.439
movielens top pick:0.4325
1960s:0.432
caper:0.432
cynical:0.43
mentor:0.4215
melancholic:0.4185
crime gone awry:0.416
catastrophe:0.41475
entirely dialogue:0.41475
very interesting:0.41475
cool:0.41425
idealism:0.413
good acting:0.41175
