pornography:0.96675
original:0.80675
very interesting:0.80325
sexy:0.796
violence:0.77275
interesting:0.754
chase:0.74975
runaway:0.74975
sex:0.7445
documentary:0.74175
internet:0.739
violent:0.734
mentor:0.7275
sexual abuse:0.71425
dark hero:0.70725
women:0.6995
life philosophy:0.6775
erotic:0.66275
good action:0.66025
vengeance:0.6525
great ending:0.643
spelling bee:0.643
nocturnal:0.6295
corruption:0.6075
sexualized violence:0.601
intense:0.60025
hitman:0.57475
loneliness:0.574
highly quotable:0.5725
light:0.56425
stylized:0.5615
dynamic cgi action:0.544
adoption:0.53825
murder:0.53725
classic car:0.53425
revenge:0.52625
stylish:0.526
oscar:0.52575
good soundtrack:0.521
stereotypes:0.51325
entertaining:0.50725
brutality:0.50675
adapted from:book:0.5065
grindhouse:0.50025
assassination:0.50025
islam:0.4985
small town:0.49775
suspense:0.49725
melancholic:0.4955
oscar (best supporting actress):0.49425
dialogue:0.493
harsh:0.48925
story:0.487
good:0.486
nudity (topless - brief):0.4845
psychological:0.47675
criterion:0.471
narrated:0.469
oscar (best directing):0.46725
talky:0.467
adaptation:0.46525
voyeurism:0.45775
dystopia:0.45375
realistic:0.45175
tense:0.451
whimsical:0.45025
drinking:0.44875
unusual plot structure:0.446
police investigation:0.44425
psychology:0.44325
visually appealing:0.44225
workplace:0.44125
original plot:0.44075
las vegas:0.436
lone hero:0.436
imdb top 250:0.433
visceral:0.433
assassin:0.433
creepy:0.432
fantasy world:0.43125
intimate:0.4305
nudity (full frontal - notable):0.4285
betrayal:0.4255
anti-hero:0.42325
saturn award (best special effects):0.42325
greed:0.42
awesome soundtrack:0.4195
stand-up comedy:0.41675
graphic novel:0.41525
culture clash:0.41375
catastrophe:0.4105
distopia:0.4085
censorship:0.4075
affectionate:0.4055
redemption:0.405
serial killer:0.40375
weird:0.40275
predictable:0.39925
based on book:0.39875
biting:0.39675
