story:0.815
original:0.8015
storytelling:0.79925
horror:0.79625
silly fun:0.76025
fun:0.72375
adaptation:0.71575
hit men:0.694
good:0.6285
revenge:0.627
entertaining:0.6165
special effects:0.60975
great ending:0.601
life & death:0.58975
gangsters:0.58975
whimsical:0.579
mentor:0.57425
multiple storylines:0.56575
suspense:0.558
macabre:0.54525
transformation:0.54275
runaway:0.54275
pg-13:0.53875
chase:0.53725
first contact:0.5315
mob:0.522
monster:0.52025
humorous:0.4965
demons:0.49625
fantasy:0.49525
based on a book:0.48675
creepy:0.48375
fantasy world:0.48325
destiny:0.4795
brutality:0.47925
scary:0.47025
tense:0.47025
good soundtrack:0.467
based on book:0.4625
so bad it's funny:0.46075
silly:0.45975
predictable:0.4545
bloody:0.44725
humor:0.4435
underrated:0.4395
suprisingly clever:0.4385
new york city:0.4375
splatter:0.4355
dialogue:0.434
childhood:0.43
intense:0.4245
homeless:0.423
monsters:0.4225
goofy:0.4195
gory:0.4165
cult film:0.41625
unusual plot structure:0.41375
great movie:0.41325
creativity:0.4025
great:0.40225
violence:0.39875
supernatural:0.392
light:0.38425
adventure:0.3815
fight scenes:0.3785
vengeance:0.37725
fun movie:0.3765
catastrophe:0.37575
not funny:0.37375
weird:0.3705
imdb top 250:0.369
classic car:0.368
twists & turns:0.36775
overrated:0.3645
suspenseful:0.3625
justice:0.36075
cerebral:0.3565
good story:0.3555
cult classic:0.35275
effects:0.34825
redemption:0.34375
family:0.33975
clever:0.33625
goretastic:0.3345
murder:0.32975
80s:0.32775
campy:0.324
dark humor:0.32125
absurd:0.32
fairy tales:0.32
cool:0.317
very funny:0.3115
sexualized violence:0.309
mad scientist:0.30225
harsh:0.29875
comedy:0.29875
spying:0.29575
lone hero:0.29525
paranoia:0.292
melancholic:0.2915
