undercover cop:0.977
martial arts:0.96675
good action:0.93875
fight scenes:0.90475
prison:0.89525
action:0.87625
fighting:0.83625
action packed:0.73925
original:0.69575
mentor:0.64325
lone hero:0.62875
brutality:0.62225
80s:0.55
vengeance:0.49725
ninja:0.47825
predictable:0.478
kung fu:0.4615
pulp:0.44925
political corruption:0.428
great ending:0.42075
life philosophy:0.41875
mad scientist:0.41475
corruption:0.4085
gangs:0.39675
violent:0.386
erotic:0.375
first contact:0.37325
bad plot:0.373
twist ending:0.37025
so bad it's funny:0.364
catastrophe:0.36325
not funny:0.35475
nudity (topless - notable):0.34925
cool:0.348
runaway:0.34625
conspiracy:0.34
overrated:0.33825
fun movie:0.3335
nudity (topless):0.3325
murder:0.3325
dialogue:0.3305
violence:0.311
storytelling:0.3075
pornography:0.3035
justice:0.30325
weapons:0.3025
superheroes:0.30225
sexualized violence:0.302
art:0.295
nudity (full frontal - notable):0.29375
happy ending:0.289
entertaining:0.2885
good:0.2885
visceral:0.288
revenge:0.28675
suspense:0.285
great:0.28425
adventure:0.2835
redemption:0.28075
intense:0.278
good soundtrack:0.277
entirely dialogue:0.27575
nudity (full frontal - brief):0.275
cult film:0.27425
stereotypes:0.26375
silly fun:0.26325
unusual plot structure:0.26275
unfunny:0.261
boring:0.2605
grindhouse:0.253
death:0.25225
weed:0.25225
police investigation:0.25125
story:0.251
romance:0.24825
adaptation:0.2465
fantasy world:0.24125
los angeles:0.24025
classic car:0.24
fun:0.239
existentialism:0.239
imdb top 250:0.238
prison escape:0.235
dreams:0.234
teen movie:0.23375
melancholic:0.23175
detective:0.22975
teens:0.22975
sci fi:0.22975
quirky:0.227
identity:0.226
investigation:0.2225
shallow:0.22225
great acting:0.22175
bad:0.221
reflective:0.21975
destiny:0.2195
slapstick:0.21825
franchise:0.21725
car chase:0.21675
