amazing photography:0.9195
obsession:0.908
period piece:0.88075
judaism:0.7655
original:0.7525
jews:0.719
cinematography:0.65375
very interesting:0.6475
stunning:0.645
erotic:0.624
betrayal:0.623
melancholic:0.623
family:0.6155
costume drama:0.61375
beautifully filmed:0.61075
jewish:0.61025
19th century:0.59275
passionate:0.56425
scotland:0.559
london:0.55775
enigmatic:0.55525
infidelity:0.54475
story:0.54475
photography:0.54325
complex:0.53775
relationships:0.53
romance:0.5195
secrets:0.50025
beautiful:0.49775
mentor:0.49475
dialogue:0.49
visually appealing:0.48825
death:0.4855
dysfunctional family:0.484
great ending:0.4815
love story:0.46125
identity:0.45925
england:0.44275
nudity (full frontal - brief):0.4315
pornography:0.4305
good soundtrack:0.4285
runaway:0.41925
culture clash:0.4135
catastrophe:0.4095
talky:0.405
beautiful scenery:0.39675
writers:0.38725
intellectual:0.38675
sexy:0.38525
emotional:0.38375
plot:0.37275
intense:0.37225
guilt:0.372
greed:0.3715
storytelling:0.3615
not funny:0.36025
spanish:0.35975
brutality:0.35575
intimate:0.35475
police investigation:0.354
adaptation:0.3535
family drama:0.35325
romantic:0.353
doctors:0.35075
jane austen:0.3485
nudity (full frontal - notable):0.34125
character study:0.34025
drama:0.33675
criterion:0.3355
anti-semitism:0.3305
photographer:0.329
prejudice:0.32625
shallow:0.324
first contact:0.323
good:0.323
male nudity:0.32025
suprisingly clever:0.31975
loneliness:0.3165
sexual:0.314
weird:0.305
colourful:0.305
moody:0.30325
creativity:0.30225
marriage:0.30225
atmospheric:0.299
love:0.294
alternate endings:0.293
pg-13:0.29275
parenthood:0.29175
redemption:0.29175
revenge:0.29175
entirely dialogue:0.2915
women:0.287
life & death:0.28225
adultery:0.27725
unusual plot structure:0.27675
oscar (best actress):0.2765
excellent:0.276
unfunny:0.27425
stylized:0.27425
