japan:0.971
meditative:0.963
love:0.96225
relationships:0.9475
amazing photography:0.93425
cinematography:0.899
surreal:0.8955
melancholic:0.8925
visual:0.8895
obsession:0.886
intimate:0.8845
loneliness:0.8815
masterpiece:0.877
storytelling:0.86525
reflective:0.84475
visually stunning:0.84275
tokyo:0.81675
melancholy:0.807
original:0.80425
enigmatic:0.79275
weird:0.78775
cerebral:0.78325
stunning:0.7755
visually appealing:0.77125
slow paced:0.766
bittersweet:0.76425
stylized:0.764
existentialism:0.739
love story:0.735
criterion:0.73475
beautiful scenery:0.727
colourful:0.71725
japanese:0.7085
complex:0.7065
breathtaking:0.705
intellectual:0.705
talky:0.69525
dreamlike:0.6945
beautifully filmed:0.69375
dialogue:0.67775
good soundtrack:0.6725
beautiful:0.67225
lyrical:0.65475
insanity:0.65275
life & death:0.64175
poetry:0.64
sacrifice:0.63825
poignant:0.622
destiny:0.61675
memory:0.60575
dreams:0.60425
multiple storylines:0.603
golden palm:0.5985
guilt:0.596
artsy:0.59125
narrated:0.587
art:0.5845
downbeat:0.58025
philosophy:0.57925
artistic:0.576
solitude:0.57025
emotional:0.5665
great ending:0.566
strange:0.56125
imdb top 250:0.56025
photography:0.5575
transformation:0.5525
life philosophy:0.55175
marriage:0.5455
entirely dialogue:0.54525
tragedy:0.5265
forceful:0.52625
brutality:0.5225
imagination:0.5105
surrealism:0.50075
first contact:0.49025
suprisingly clever:0.488
culture clash:0.486
nonlinear:0.48225
death:0.478
nocturnal:0.4775
social commentary:0.47625
passionate:0.47525
slow:0.475
depression:0.47425
wistful:0.44925
violent:0.44525
atmospheric:0.445
non-linear:0.4405
violence:0.43375
story:0.4305
hospital:0.422
catastrophe:0.4195
suicide:0.41875
great acting:0.41825
philosophical:0.41675
movielens top pick:0.414
allegory:0.41325
bleak:0.4095
romantic:0.40925
