oscar (best cinematography):0.9975
adapted from:book:0.99125
literary adaptation:0.9875
based on a book:0.96975
love story:0.92775
based on book:0.9055
literature:0.90375
love:0.8945
cinematography:0.888
book:0.884
passionate:0.88125
classic:0.8665
black and white:0.86325
oscar (best directing):0.84675
oscar (best actress):0.84325
obsession:0.842
costume drama:0.84075
romantic:0.8185
masterpiece:0.8185
romance:0.81075
adaptation:0.804
criterion:0.7995
poignant:0.785
great acting:0.7775
tragedy:0.76175
talky:0.755
beautifully filmed:0.75375
original:0.74525
storytelling:0.74
beautiful scenery:0.73875
betrayal:0.73475
moral ambiguity:0.717
narrated:0.711
gothic:0.686
book was better:0.68375
oscar (best supporting actress):0.67675
19th century:0.66875
books:0.66875
breathtaking:0.66525
visually stunning:0.66475
imdb top 250:0.66425
period piece:0.66275
death:0.65525
story:0.641
melancholic:0.63525
great movie:0.62375
atmospheric:0.62
enigmatic:0.61525
earnest:0.607
drama:0.60225
bleak:0.598
stylized:0.5895
unusual plot structure:0.58375
great:0.57625
life & death:0.5635
intimate:0.56225
vengeance:0.55925
great cinematography:0.5565
affectionate:0.55575
visually appealing:0.5515
dramatic:0.5465
cerebral:0.54625
reflective:0.544
beautiful:0.54275
oscar:0.54275
pornography:0.5425
greed:0.542
wistful:0.541
culture clash:0.54075
england:0.53825
stunning:0.53775
runaway:0.53025
distopia:0.52225
transformation:0.52175
oscar (best picture):0.52125
idealism:0.5075
1930s:0.5065
immortality:0.50575
melancholy:0.5025
intense:0.50175
loneliness:0.49725
sacrifice:0.49425
complex:0.49425
sentimental:0.49225
destiny:0.489
exceptional acting:0.485
photography:0.48475
dialogue:0.4825
good soundtrack:0.48175
excellent script:0.48025
macabre:0.4765
sexualized violence:0.4665
complex characters:0.46575
1920s:0.46425
visual:0.4635
witty:0.45975
art:0.452
entirely dialogue:0.45
eerie:0.44125
movielens top pick:0.436
