kids:0.8795
fun movie:0.86925
family:0.85125
bullying:0.782
children:0.759
kids and family:0.7555
fun:0.7315
childhood:0.709
alien:0.708
original:0.69175
predictable:0.67425
superhero:0.66625
sci-fi:0.629
sci fi:0.62075
vampire human love:0.57425
special effects:0.56475
bad plot:0.52
cute!:0.51075
dysfunctional family:0.50775
mentor:0.50625
cheesy:0.5045
school:0.4935
adventure:0.492
scifi:0.4915
super hero:0.48775
super-hero:0.475
silly fun:0.469
superheroes:0.4545
80s:0.453
story:0.4515
so bad it's funny:0.441
robot:0.433
catastrophe:0.42825
great ending:0.42025
bad cgi:0.41875
overrated:0.41425
natural disaster:0.41425
bad acting:0.40675
brutality:0.39875
cute:0.398
dialogue:0.3915
entertaining:0.388
fantasy world:0.383
life philosophy:0.37425
storytelling:0.37125
first contact:0.36475
silly:0.3605
destiny:0.35525
solitude:0.354
adaptation:0.345
good:0.34125
great:0.33675
teen movie:0.33225
revenge:0.33025
humorous:0.32725
action:0.32575
clever:0.32575
redemption:0.3235
monsters:0.32325
unlikely friendships:0.31725
multiple storylines:0.3005
shallow:0.29925
boring:0.29925
disaster:0.296
geek:0.29425
not funny:0.29325
quirky:0.29
fantasy:0.287
pulp:0.28575
teen:0.282
big budget:0.2815
culture clash:0.2815
happy ending:0.279
dinosaurs:0.27825
lone hero:0.272
entirely dialogue:0.27075
weapons:0.264
good soundtrack:0.263
cool:0.25875
cult film:0.2565
justice:0.25225
stereotypes:0.251
talking animals:0.24775
betrayal:0.2475
spelling bee:0.247
slapstick:0.24525
death:0.24425
passionate:0.2415
writers:0.24125
melancholic:0.24075
runaway:0.23925
oscar (best directing):0.237
splatter:0.23675
feel-good:0.2365
science fiction:0.23575
nostalgic:0.23525
crude humor:0.2345
sports:0.233
gangsters:0.2305
fight scenes:0.229
