horrible:0.971
awful:0.9455
predictable:0.9405
stupid:0.93075
franchise:0.928
so bad it's funny:0.922
original:0.9025
bad plot:0.87475
family:0.863
lame:0.85325
bad:0.8505
spying:0.81375
kids:0.80575
silly:0.79975
stupidity:0.793
idiotic:0.78775
stupid as hell:0.78525
plot holes:0.78
super-hero:0.77725
overrated:0.77125
fantasy world:0.7565
pointless:0.7505
brainwashing:0.74775
fight scenes:0.74075
spies:0.7265
corny:0.72275
ridiculous:0.722
fantasy:0.717
redemption:0.70675
children:0.70425
computer animation:0.696
shallow:0.67975
special effects:0.66875
great ending:0.646
crappy sequel:0.64075
silly fun:0.638
writers:0.63425
dinosaurs:0.63025
adventure:0.61825
internet:0.608
nocturnal:0.60775
disaster:0.6055
mentor:0.60425
dialogue:0.5995
ninja:0.59925
god:0.59875
immortality:0.5965
sci fi:0.5955
chase:0.577
brutality:0.57525
superheroes:0.573
action:0.56875
cult film:0.55875
first contact:0.5585
death:0.557
space:0.5495
big budget:0.548
violence:0.545
sequels:0.5345
superhero:0.5335
justice:0.53325
absurd:0.5315
scifi:0.52525
slapstick:0.52525
fun:0.52275
product placement:0.5215
boring:0.51775
parody:0.515
dumb but funny:0.51475
clones:0.51225
racing:0.511
entirely dialogue:0.51075
cheesy:0.51
science:0.504
melancholic:0.4965
science fiction:0.47975
bad science:0.47625
multiple storylines:0.476
story:0.4755
splatter:0.47475
super hero:0.47475
homeless:0.4715
storytelling:0.46925
80s:0.469
pulp:0.46675
alternate reality:0.462
adaptation:0.4545
happy ending:0.4475
light:0.44675
teen movie:0.4465
natural disaster:0.44625
unusual plot structure:0.446
magic:0.44575
based on a book:0.44525
destiny:0.44375
intense:0.44275
road movie:0.442
teens:0.442
male nudity:0.4405
gangsters:0.43975
