doctors:0.99475
comedy:0.93275
hospital:0.8595
psychiatrist:0.831
very funny:0.6775
good:0.65425
great:0.64875
original:0.64075
insanity:0.635
mentor:0.63425
funny:0.62025
funny as hell:0.58825
quotable:0.54075
new york:0.508
farce:0.50475
mental hospital:0.5045
humorous:0.49725
psychiatry:0.493
catastrophe:0.4895
new jersey:0.489
great movie:0.48125
road movie:0.478
new york city:0.4755
mad scientist:0.46725
chase:0.466
happy ending:0.46475
mental illness:0.4545
pg-13:0.4475
story:0.43975
80s:0.4385
hilarious:0.4325
life philosophy:0.43025
touching:0.42825
feel-good:0.4215
transformation:0.41525
mistaken identity:0.41525
screwball:0.41425
culture clash:0.412
fun movie:0.41175
destiny:0.41125
goofy:0.411
silly:0.40275
adaptation:0.4015
light:0.401
great ending:0.4
corruption:0.39375
alter ego:0.39125
justice:0.389
murder:0.38575
crime:0.3855
feel good movie:0.385
crazy:0.3755
unusual plot structure:0.3585
underrated:0.35375
lawyers:0.345
dialogue:0.3405
redemption:0.339
family:0.326
entertaining:0.3225
bittersweet:0.32075
runaway:0.32
great acting:0.3155
complex:0.3115
fantasy world:0.31
lawyer:0.3095
underdog:0.30725
black comedy:0.3065
first contact:0.30525
unfunny:0.30475
oscar:0.3035
harsh:0.3015
jesus:0.298
predictable:0.29675
police investigation:0.2965
storytelling:0.296
alternate history:0.296
1980s:0.295
very interesting:0.293
obsession:0.29075
humor:0.289
pornography:0.2795
gangsters:0.276
lone hero:0.27575
talky:0.27525
silly fun:0.275
brutality:0.27425
drama:0.2735
social commentary:0.27
cancer:0.2685
writers:0.2665
blindness:0.2625
nudity (full frontal - brief):0.261
excellent script:0.26075
creativity:0.26
fight scenes:0.26
melancholic:0.25925
existentialism:0.256
quirky:0.25275
dramatic:0.2515
shallow:0.2515
