jazz:0.99575
paris:0.92075
superheroes:0.84275
amy smart:0.80025
classic car:0.789
harsh:0.7375
music:0.7145
based on true story:0.6785
complex:0.6775
australian:0.65725
transformation:0.63675
nocturnal:0.62825
original:0.6245
life & death:0.62325
stand-up comedy:0.6115
brutality:0.597
dark hero:0.59275
marvel:0.58175
best of 2005:0.55925
mentor:0.547
criterion:0.5355
culture clash:0.52975
distopia:0.51575
so bad it's funny:0.51125
comic book adaption:0.51075
gory:0.5065
fantasy world:0.4935
enormously long battle scene:0.487
aging:0.486
love:0.46175
destiny:0.4555
life philosophy:0.44275
fight scenes:0.44175
catastrophe:0.43875
twists & turns:0.43125
visually appealing:0.43075
teleportation:0.4305
great:0.4185
great ending:0.41425
cerebral:0.41175
cinematography:0.41075
musicians:0.40975
talky:0.402
adaptation:0.39975
free speech:0.3995
narrated:0.39775
dreams:0.39625
stylish:0.39425
realistic:0.39275
childhood:0.389
unlikeable characters:0.388
dialogue:0.38225
passionate:0.37975
comic:0.375
obsession:0.37475
fighting:0.36375
unusual plot structure:0.358
storytelling:0.3555
judaism:0.35175
police investigation:0.35175
demons:0.34925
fighting the system:0.34925
gangsters:0.34825
good soundtrack:0.34375
1920s:0.341
cult classic:0.33875
california:0.33725
fake documentary:0.3365
fun movie:0.33475
melancholic:0.33175
intense:0.33125
1930s:0.329
anti-hero:0.32825
pg-13:0.32525
manipulation:0.32475
gunfight:0.32175
monster:0.32175
comics:0.32075
oscar (best directing):0.32
affectionate:0.31925
suspenseful:0.31875
visually stunning:0.31825
weapons:0.31475
life:0.31125
gritty:0.31075
runaway:0.31
nudity (topless - notable):0.30975
bad plot:0.30775
stylized:0.30725
nudity (full frontal - notable):0.306
oscar:0.304
not funny:0.30375
swashbuckler:0.30225
lone hero:0.302
original plot:0.302
golden palm:0.2935
entirely dialogue:0.2915
us history:0.28725
shallow:0.28625
macabre:0.283
