adolescence:0.97975
bittersweet:0.96075
coming of age:0.9305
realistic:0.90975
intimate:0.89975
coming-of-age:0.89925
independent film:0.8925
relationships:0.8835
original:0.85125
gritty:0.8485
family drama:0.83
honest:0.82375
indie:0.80875
loneliness:0.78775
harsh:0.767
good soundtrack:0.76275
violence:0.75775
affectionate:0.74275
kids and family:0.7375
family:0.7335
teenager:0.73275
bleak:0.7295
social commentary:0.72875
unlikely friendships:0.71475
pornography:0.71475
poignant:0.7085
culture clash:0.70825
brutality:0.7045
friendship:0.702
dysfunctional family:0.7005
foul language:0.69475
dramatic:0.6685
runaway:0.6605
love:0.6505
golden palm:0.6495
criterion:0.6485
drugs:0.6445
emotional:0.643
dialogue:0.63025
sweet:0.622
melancholic:0.62075
heartbreaking:0.61575
complex:0.61425
stylized:0.6125
romance:0.61025
interesting:0.608
teen movie:0.60475
drama:0.6035
gangs:0.60075
talky:0.6
teen:0.59775
visceral:0.592
gratuitous violence:0.582
melancholy:0.5695
love story:0.55725
weird:0.55525
grindhouse:0.5545
suburbia:0.553
tragedy:0.5525
teenagers:0.54775
stereotypes:0.5465
visually appealing:0.5455
nudity (topless - notable):0.54325
touching:0.5415
adapted from:book:0.53525
nocturnal:0.53075
sexuality:0.522
mentor:0.51925
humorous:0.51725
crime gone awry:0.5115
forceful:0.5105
nudity (full frontal - notable):0.50925
character study:0.50725
passionate:0.496
depression:0.4955
earnest:0.49525
cinematography:0.4925
storytelling:0.48825
life:0.48775
childhood:0.4875
grim:0.4875
very interesting:0.4855
life philosophy:0.47575
new york city:0.47175
women:0.46975
great:0.4685
oscar (best directing):0.46725
great ending:0.46675
pg-13:0.46525
sad:0.46075
story:0.45625
death:0.4555
virginity:0.45525
teens:0.44525
based on a book:0.44475
great acting:0.4445
redemption:0.44425
children:0.442
catastrophe:0.4375
cynical:0.437
