police corruption:0.99175
police:0.987
new orleans:0.9795
corruption:0.9785
police investigation:0.905
investigation:0.901
detective:0.8805
neo-noir:0.85875
sexy:0.8015
murder:0.774
romance:0.752
thriller:0.7345
chase:0.71725
lawyer:0.7045
love story:0.68725
crime:0.685
original:0.66525
assassination:0.65625
pornography:0.64875
good:0.638
great ending:0.6325
lawyers:0.62825
greed:0.61575
suspense:0.60525
erotic:0.5935
conspiracy:0.58825
good music:0.58475
very interesting:0.56975
romantic:0.56025
dialogue:0.54225
interesting:0.5385
light:0.53325
beautiful scenery:0.50475
runaway:0.49875
drama:0.49025
nudity (rear):0.4875
very good:0.4775
love:0.4755
clever:0.4685
mystery:0.46575
kidnapping:0.46325
murder mystery:0.45975
stereotypes:0.44875
justice:0.4485
secrets:0.4395
catastrophe:0.43775
mentor:0.43775
talky:0.43625
culture clash:0.43025
story:0.4255
twists & turns:0.423
unusual plot structure:0.4205
film noir:0.42025
caper:0.41625
good soundtrack:0.41625
political corruption:0.415
fun movie:0.41425
fast paced:0.41375
manipulation:0.40625
life philosophy:0.40425
mob:0.402
conspiracy theory:0.40125
tense:0.39325
gunfight:0.3915
great:0.39075
complicated:0.39025
suprisingly clever:0.38775
chick flick:0.384
excellent:0.383
entirely dialogue:0.37375
moral ambiguity:0.37275
nudity (full frontal - brief):0.37175
plot twist:0.37175
nocturnal:0.36675
destiny:0.36375
oscar (best supporting actress):0.35575
atmospheric:0.355
nostalgic:0.349
intense:0.3475
relationships:0.3445
stylish:0.3425
good acting:0.34
new york city:0.33975
california:0.33925
criterion:0.33825
forceful:0.3375
brutality:0.33525
court:0.32975
adaptation:0.32675
anti-hero:0.3265
idealism:0.32625
predictable:0.3245
mafia:0.3225
small town:0.32175
weapons:0.321
plot:0.3205
guilt:0.32
noir:0.3195
twist:0.31925
male nudity:0.31825
