superhero:0.994
super hero:0.99125
super-hero:0.97875
based on a comic:0.968
superheroes:0.9475
horrible:0.944
weapons:0.9435
dc comics:0.92175
vigilante:0.8995
comics:0.8595
bad plot:0.8225
bad acting:0.819
predictable:0.81625
comic book:0.81475
based on comic:0.80725
so bad it's funny:0.7755
original:0.775
bad:0.7515
special effects:0.73025
lame:0.728
big budget:0.7255
action:0.71825
adapted from:comic:0.70425
destiny:0.69125
bad cgi:0.67775
bad script:0.647
death:0.60975
idiotic:0.603
queer:0.5975
family:0.5935
pulp:0.575
alter ego:0.565
cheesy:0.543
dialogue:0.53575
mentor:0.528
franchise:0.525
awful:0.50825
disaster:0.503
great ending:0.50225
silly:0.49925
natural disaster:0.499
fight scenes:0.49075
pointless:0.489
arms dealer:0.4855
corny:0.47875
vigilantism:0.47675
ridiculous:0.47575
first contact:0.461
overrated:0.4485
adventure:0.4415
adaptation:0.441
catastrophe:0.439
storytelling:0.436
justice:0.435
fantasy:0.42775
mutants:0.4185
humorous:0.41675
fun movie:0.416
fun:0.4135
so bad it's good:0.411
technology:0.40925
good action:0.40425
nocturnal:0.404
entirely dialogue:0.39725
silly fun:0.3935
story:0.38875
runaway:0.387
good dialogue:0.3855
shallow:0.385
stupid:0.37625
brutality:0.371
fantasy world:0.368
cult film:0.367
teen movie:0.35525
nudity (topless - notable):0.35125
slapstick:0.34575
plot holes:0.34175
writers:0.338
stupid as hell:0.33725
cancer:0.337
not funny:0.33525
quirky:0.32975
multiple storylines:0.32875
goofy:0.32525
lone hero:0.318
redemption:0.31575
teen:0.31175
remake:0.30525
parody:0.301
unusual plot structure:0.29975
romance:0.2965
mad scientist:0.296
pg-13:0.29575
comic book adaption:0.29575
culture clash:0.2925
life philosophy:0.292
bad science:0.291
dreamlike:0.2855
corruption:0.2845
unfunny:0.284
