indians:0.92675
western:0.88675
gunfight:0.73825
native americans:0.702
mentor:0.68075
original:0.63975
moral ambiguity:0.60675
redemption:0.59375
horses:0.5725
adventure:0.55875
scenic:0.5205
runaway:0.51825
story:0.516
beautiful scenery:0.507
predictable:0.479
great ending:0.449
silly fun:0.43225
catastrophe:0.41525
cinematography:0.3985
dialogue:0.37725
harsh:0.37625
revenge:0.3725
murder:0.3655
pg-13:0.35875
great:0.356
action:0.3505
lone hero:0.34625
chase:0.34275
fantasy world:0.3415
simple:0.334
original plot:0.3285
police investigation:0.3265
plot holes:0.324
good:0.31825
not funny:0.317
vengeance:0.3155
wilderness:0.30575
storytelling:0.297
sci fi:0.29175
stunning:0.288
justice:0.28525
classic car:0.281
culture clash:0.28
destiny:0.27975
first contact:0.27325
big budget:0.269
unusual plot structure:0.2665
memory:0.265
grindhouse:0.265
happy ending:0.25825
mad scientist:0.25725
sexy:0.25525
special effects:0.25325
family drama:0.2515
beautifully filmed:0.24975
natural disaster:0.24875
suprisingly clever:0.24775
dramatic:0.246
oscar (best effects - visual effects):0.245
good soundtrack:0.24275
adaptation:0.2405
visually appealing:0.23425
feel-good:0.234
superheroes:0.22825
scifi:0.22825
technology:0.2275
bad plot:0.2275
brutality:0.2235
life philosophy:0.22175
bad:0.22025
desert:0.219
romance:0.2185
stylized:0.21525
entirely dialogue:0.215
great movie:0.21475
school:0.212
clever:0.21175
fantasy:0.20975
transformation:0.20675
unfunny:0.2065
ninja:0.2055
ethnic conflict:0.20525
suspense:0.20475
bullying:0.20275
breathtaking:0.20225
prison:0.201
prejudice:0.20075
reflective:0.19925
entertaining:0.19825
enigmatic:0.19675
overrated:0.19575
fight scenes:0.19575
script:0.195
drama:0.195
classic:0.19425
love story:0.194
science fiction:0.19325
pornography:0.19325
very funny:0.19225
romantic:0.19025
