gay character:0.989
homosexuality:0.98675
gay:0.986
queer:0.94075
friendship:0.93375
unlikely friendships:0.891
communism:0.873
spanish:0.8635
foreign:0.86275
relationships:0.862
intimate:0.83875
glbt:0.82025
cuba:0.80225
political:0.70625
homophobia:0.70425
criterion:0.6895
prejudice:0.68075
oscar (best foreign language film):0.6675
drinking:0.665
melancholic:0.64875
original:0.6405
idealism:0.636
life philosophy:0.62225
loneliness:0.6195
stereotypes:0.6005
latin america:0.59225
movielens top pick:0.5885
women:0.58325
good soundtrack:0.56
male nudity:0.55575
aids:0.54475
great acting:0.54375
passionate:0.53825
sexual:0.5345
love:0.5305
social commentary:0.528
art:0.52625
reflective:0.5155
mentor:0.511
harsh:0.51075
storytelling:0.499
touching:0.49775
politics:0.4965
culture clash:0.4935
bleak:0.484
revolution:0.47175
dialogue:0.464
melancholy:0.46025
golden palm:0.45725
weird:0.45325
camp:0.45225
downbeat:0.44725
entirely dialogue:0.44275
pornography:0.4405
bittersweet:0.43975
artist:0.43025
drama:0.42925
oscar (best supporting actress):0.42825
depression:0.4255
writers:0.4245
beautifully filmed:0.41725
enigmatic:0.4155
love story:0.40875
talky:0.4045
great:0.40075
visually appealing:0.39875
great ending:0.39775
sexuality:0.39725
excellent:0.39475
catastrophe:0.39275
dramatic:0.39
obsession:0.3885
suprisingly clever:0.38825
betrayal:0.3835
very interesting:0.38225
censorship:0.37725
good acting:0.37625
redemption:0.375
realistic:0.36775
literature:0.36575
spying:0.36475
artistic:0.3635
atmospheric:0.362
honest:0.35875
not funny:0.35825
existentialism:0.35725
interesting:0.35425
nudity (full frontal - notable):0.35375
emotional:0.35175
good:0.3505
death:0.35025
crime gone awry:0.34375
brutality:0.3395
hotel:0.33425
finnish:0.3245
independent film:0.32125
awesome soundtrack:0.319
poetry:0.317
surreal:0.317
sexy:0.31325
