original:0.88925
goofy:0.86925
sequels:0.86225
chase:0.85925
sequel:0.791
predictable:0.7695
comedy:0.744
golf:0.72275
crappy sequel:0.70525
good soundtrack:0.68075
so bad it's funny:0.66375
horrible:0.63125
funny:0.6075
pointless:0.6055
lame:0.6025
bad:0.5865
stupid:0.58475
brutality:0.57225
unfunny:0.57125
very funny:0.56225
mentor:0.56075
silly:0.5535
bad plot:0.53875
great ending:0.52425
dialogue:0.513
redemption:0.5125
slapstick:0.49525
humorous:0.49275
awful:0.48025
remake:0.4755
stupid as hell:0.47525
franchise:0.47475
silly fun:0.46925
good:0.46825
overrated:0.46
80s:0.45925
family:0.4525
storytelling:0.4465
fantasy world:0.44625
quirky:0.43725
ridiculous:0.43225
pornography:0.4295
cult classic:0.42525
fight scenes:0.42475
good sequel:0.4215
nudity (full frontal - brief):0.419
justice:0.41
catastrophe:0.4095
vengeance:0.408
idiotic:0.39475
camp:0.393
violence:0.383
cult film:0.3825
adaptation:0.3825
fun:0.37925
life philosophy:0.37775
cloning:0.377
sexualized violence:0.376
entirely dialogue:0.375
melancholic:0.375
disaster:0.37175
first contact:0.36975
parody:0.3665
shallow:0.36325
destiny:0.36
revenge:0.3555
quotable:0.35
script:0.348
great:0.3475
1980s:0.344
story:0.34325
splatter:0.3315
weird:0.3305
satire:0.328
crude humor:0.32625
stand-up comedy:0.32525
god:0.32525
sci fi:0.32475
satirical:0.32425
runaway:0.323
fun movie:0.3215
unusual plot structure:0.31875
imdb top 250:0.30775
pg-13:0.3055
stereotypes:0.303
lone hero:0.303
greed:0.30225
stupidity:0.2985
light:0.29775
intense:0.297
culture clash:0.297
dreamlike:0.295
gangsters:0.29425
nudity (topless - notable):0.29325
suburbia:0.28975
multiple storylines:0.28875
hilarious:0.286
comic:0.28475
nocturnal:0.283
stylized:0.2825
