shakespeare:0.99725
criterion:0.98225
masterpiece:0.93975
based on a play:0.861
melancholy:0.8215
black and white:0.7785
talky:0.77425
golden palm:0.75225
downbeat:0.75025
bleak:0.74
enigmatic:0.70175
runaway:0.68375
cinematography:0.6725
original:0.669
compassionate:0.66725
intimate:0.637
atmospheric:0.61275
dialogue:0.6055
tragedy:0.60175
australia:0.58825
gunfight:0.57375
betrayal:0.573
drinking:0.5705
adaptation:0.5635
stylized:0.5575
greed:0.55325
brutality:0.55125
affectionate:0.54275
mentor:0.5425
poignant:0.541
forceful:0.524
melancholic:0.521
character study:0.516
beautifully filmed:0.5115
great:0.50575
gangsters:0.49675
visually stunning:0.49
adapted from:book:0.48775
england:0.47875
movielens top pick:0.4765
allegory:0.4665
imdb top 250:0.4595
grim:0.456
obsession:0.443
meditative:0.44275
entirely dialogue:0.43775
transformation:0.43325
breathtaking:0.43025
costume drama:0.42075
passionate:0.411
crime gone awry:0.407
nocturnal:0.40575
harsh:0.405
good soundtrack:0.4
culture clash:0.39925
moody:0.39775
great ending:0.39475
court:0.3925
catastrophe:0.39125
oscar (best supporting actress):0.39075
manipulation:0.381
macabre:0.3775
nudity (full frontal - notable):0.37675
visually appealing:0.37575
photography:0.37425
free to download:0.3725
gangster:0.37
japan:0.36825
spain:0.3675
oscar (best actress):0.362
oscar (best directing):0.35575
idealism:0.354
police investigation:0.3515
not funny:0.3505
suprisingly clever:0.349
great movie:0.3485
grindhouse:0.34125
oscar (best foreign language film):0.33125
biting:0.3305
disturbing:0.32975
weird:0.3275
poetry:0.327
fantasy world:0.32675
colourful:0.32575
silent:0.32275
afi 100 (laughs):0.31625
surreal:0.31575
stop-motion:0.31325
guilt:0.307
spanish:0.306
great acting:0.3015
foreign:0.30075
segregation:0.29325
bittersweet:0.2895
visual:0.28825
noir thriller:0.28825
stunning:0.288
social commentary:0.28725
art:0.28625
afi 100 (movie quotes):0.2855
