island:0.887
special effects:0.88625
remake:0.87875
original:0.8665
dynamic cgi action:0.82175
dinosaurs:0.77625
snakes:0.7265
effects:0.7075
jungle:0.6795
adventure:0.652
nudity (topless - brief):0.6415
original plot:0.62
70mm:0.60525
stop motion:0.60325
monster:0.59975
dialogue:0.58975
great ending:0.5845
good:0.561
story:0.55725
greed:0.5485
big budget:0.54325
silly:0.53475
goofy:0.522
pornography:0.51325
predictable:0.51025
mentor:0.49925
lame:0.4925
visually appealing:0.49175
survival:0.4745
oil:0.4675
destiny:0.46675
adaptation:0.4605
best of 2005:0.458
technology:0.45375
transformation:0.443
remade:0.44175
disaster:0.43425
stranded:0.4295
catastrophe:0.426
so bad it's funny:0.42575
franchise:0.42525
campy:0.41575
sci fi:0.4135
brutality:0.41125
first contact:0.40975
classic:0.404
fun movie:0.40375
chase:0.40275
fight scenes:0.40075
science fiction:0.4
natural disaster:0.397
family:0.39475
sacrifice:0.38675
action:0.3865
life philosophy:0.38575
fantasy world:0.385
sequel:0.38175
fantasy:0.381
not funny:0.37775
storytelling:0.3675
lone hero:0.363
good action:0.361
1930s:0.36075
great:0.35775
new york city:0.35225
idiotic:0.35225
weapons:0.3505
camp:0.34875
pg-13:0.34525
mythology:0.339
bad plot:0.339
death:0.338
cinematography:0.33675
suspense:0.33375
culture clash:0.329
mad scientist:0.3275
childhood:0.3265
1970s:0.326
mars:0.3255
nostalgic:0.3205
overrated:0.31925
scifi:0.31825
entirely dialogue:0.31775
guilty pleasure:0.31775
runaway:0.3125
justice:0.30775
bad acting:0.30675
shallow:0.3065
unintentionally funny:0.3055
satirical:0.3055
entertaining:0.30475
monsters:0.30425
bad:0.30075
unfunny:0.30025
environmental:0.298
happy ending:0.297
action packed:0.291
pulp:0.2895
melancholic:0.2895
great acting:0.288
