afterlife:0.98975
ghosts:0.9875
supernatural:0.95125
comedy:0.9475
weird:0.94275
surreal:0.91875
goth:0.91475
original:0.9
haunted house:0.898
dark humor:0.86425
macabre:0.8615
creepy:0.85825
ghosts/afterlife:0.84825
death:0.8285
cult film:0.81375
dark:0.81275
cult classic:0.79875
hilarious:0.78725
life & death:0.76675
humorous:0.764
fun movie:0.7565
funny:0.75075
great:0.7335
gothic:0.73275
great movie:0.731
black comedy:0.726
imagination:0.72275
stop motion:0.7055
fun:0.69825
quotable:0.68725
fantasy:0.67925
dark comedy:0.67425
family:0.674
horror:0.64575
great ending:0.64575
eerie:0.62675
scary:0.61925
very funny:0.61825
melancholic:0.61525
special effects:0.6095
great acting:0.6055
eccentricity:0.596
quirky:0.59225
light:0.582
fantasy world:0.5625
effects:0.56225
goofy:0.56175
classic:0.55625
surrealism:0.54475
strange:0.54325
humor:0.53775
absurd:0.536
visually stunning:0.53575
whimsical:0.53575
atmospheric:0.52975
clever:0.5175
funniest movies:0.51725
dialogue:0.50925
dark hero:0.506
excellent script:0.50125
transformation:0.50075
visual:0.4995
dark fantasy:0.4975
crazy:0.496
parenthood:0.49475
bizarre:0.4945
satirical:0.49275
story:0.49075
frightening:0.486
insanity:0.4815
creativity:0.479
demons:0.47325
1980s:0.47225
mentor:0.46925
irreverent:0.46825
witty:0.46775
cult:0.4665
good:0.466
time:0.4615
sarcasm:0.4615
claymation:0.461
nocturnal:0.45375
dreamlike:0.4505
parallel universe:0.44225
dysfunctional family:0.442
funny as hell:0.439
oscar (best supporting actress):0.43875
storytelling:0.43725
monster:0.4325
entertaining:0.42625
adaptation:0.42625
family drama:0.42475
satire:0.423
chase:0.42275
highly quotable:0.41125
magic:0.407
affectionate:0.40575
stylish:0.40525
silly fun:0.40425
imdb top 250:0.40425
