animation:0.99375
computer animation:0.97825
animated:0.93775
animals:0.88075
kids and family:0.8395
bullying:0.78675
kids:0.775
cartoon:0.7715
talking animals:0.75925
family:0.7295
original:0.71275
children:0.667
cute!:0.66375
fun movie:0.6545
animal movie:0.62925
cute:0.6275
creativity:0.60625
predictable:0.56875
3d:0.549
childhood:0.5195
fun:0.506
based on a book:0.50425
life philosophy:0.49525
based on book:0.47975
good:0.471
alter ego:0.453
story:0.447
catastrophe:0.4425
destiny:0.4345
storytelling:0.43075
funny:0.4215
mentor:0.4205
adventure:0.41175
crude humor:0.40975
silly fun:0.409
entertaining:0.38675
unlikely friendships:0.37575
fantasy:0.37575
stereotypes:0.37125
great ending:0.371
dialogue:0.36225
natural disaster:0.357
clever:0.3545
oscar (best animated feature):0.3365
disney:0.331
redemption:0.33025
dumb but funny:0.32575
very funny:0.32525
dreamworks:0.32175
cgi:0.32
culture clash:0.31825
fast paced:0.3165
great:0.31275
fantasy world:0.30825
pornography:0.3075
not funny:0.2985
transformation:0.2955
humorous:0.29375
bad plot:0.28525
girlie movie:0.2845
slapstick:0.28225
friendship:0.28025
quirky:0.27725
adaptation:0.27575
unfunny:0.27425
better than expected:0.273
overrated:0.272
wizards:0.2705
first contact:0.26975
writers:0.26175
light:0.25925
pg:0.25375
splatter:0.24975
runaway:0.2455
comedy:0.24525
brutality:0.2435
chase:0.2395
pg-13:0.23625
action:0.23575
fight scenes:0.2335
watch the credits:0.2325
good soundtrack:0.23225
visuals:0.2315
lone hero:0.23075
jungle:0.22975
unusual plot structure:0.229
betrayal:0.2255
technology:0.22475
grindhouse:0.224
melancholic:0.224
multiple storylines:0.2205
teen movie:0.2155
entirely dialogue:0.21475
cars:0.20425
vengeance:0.20325
so bad it's funny:0.2015
affectionate:0.198
suprisingly clever:0.19775
good versus evil:0.195
penguins:0.19225
