feel-good:0.95875
mentor:0.94
touching:0.91
feel good movie:0.9095
heartwarming:0.90825
workplace:0.90125
sweet:0.77575
comedy:0.7745
romantic comedy:0.77375
chick flick:0.74825
cute:0.7275
romantic:0.717
happy ending:0.69625
girlie movie:0.694
pg-13:0.689
life philosophy:0.661
original:0.657
good:0.647
technology:0.63575
unlikely friendships:0.62725
destiny:0.62475
culture clash:0.6125
love story:0.6075
sappy:0.605
light:0.59925
cheating:0.59375
internet:0.5915
fashion:0.59025
relationships:0.578
drama:0.545
emotional:0.54275
romance:0.541
better than expected:0.54025
catastrophe:0.53175
women:0.5285
business:0.52675
predictable:0.5245
san francisco:0.518
great ending:0.509
friendship:0.509
great:0.49925
family:0.487
transformation:0.4815
sentimental:0.47875
marriage:0.4785
sacrifice:0.4755
dramatic:0.475
life:0.47225
runaway:0.4665
aging:0.46025
cute!:0.4585
divorce:0.4465
stereotypes:0.44375
good acting:0.4435
dialogue:0.433
funny:0.43225
simple:0.4285
great acting:0.42675
shopping:0.421
very funny:0.414
honest:0.41325
bittersweet:0.41175
fun movie:0.4035
plot:0.403
inspirational:0.4005
entertaining:0.39925
loneliness:0.398
story:0.39675
oscar (best actress):0.39175
drinking:0.386
adultery:0.37775
redemption:0.37175
storytelling:0.369
earnest:0.36275
good soundtrack:0.3615
childhood:0.3555
oscar (best supporting actress):0.3545
family drama:0.35425
fun:0.3435
idealism:0.338
single father:0.3365
product placement:0.33575
suprisingly clever:0.335
crude humor:0.329
melancholic:0.32575
prejudice:0.3205
not funny:0.31525
life & death:0.315
betrayal:0.3125
infidelity:0.3065
fantasy world:0.3025
beautiful scenery:0.3025
creativity:0.30175
natural disaster:0.30125
oscar winner:0.29725
good romantic comedies:0.297
clever:0.2965
unfunny:0.295
twists & turns:0.295
so bad it's funny:0.287
