technology:0.97625
future:0.9465
scifi:0.946
futuristic:0.92425
science fiction:0.92
sci fi:0.91575
humanity:0.913
internet:0.91225
sci-fi:0.89075
science:0.8815
plot holes:0.8755
artificial intelligence:0.82275
computers:0.81575
utopia:0.767
visually stunning:0.755
virus:0.75125
end of the world:0.73775
cerebral:0.72825
original:0.72275
philosophical:0.722
thought-provoking:0.7185
catastrophe:0.70975
dystopia:0.7095
special effects:0.709
god:0.69525
first contact:0.692
so bad it's funny:0.65775
clones:0.65225
existentialism:0.64675
mentor:0.6385
natural disaster:0.62875
plot:0.61175
life philosophy:0.6045
visually appealing:0.60075
bad ending:0.59975
story:0.5915
cloning:0.58625
death:0.5825
great ending:0.57875
bad plot:0.57625
predictable:0.575
mad scientist:0.57475
life & death:0.56825
pg-13:0.56225
immortality:0.5565
virtual reality:0.55525
complex:0.55125
survival:0.55025
intelligent sci-fi:0.5435
tricky:0.543
absurd:0.5335
greed:0.5305
philosophy:0.5135
intellectual:0.51325
post-apocalyptic:0.50825
visual:0.49875
alone in the world:0.498
ridiculous:0.49625
big budget:0.49375
apocalypse:0.493
post apocalyptic:0.488
powerful ending:0.4865
allegory:0.46725
visuals:0.465
very interesting:0.46475
bad cgi:0.46225
storytelling:0.4485
destiny:0.44775
robots:0.439
dialogue:0.43625
alternate reality:0.43525
fantasy:0.43
bad science:0.42975
creativity:0.386
directorial debut:0.36875
emotional:0.36525
writers:0.36075
android(s)/cyborg(s):0.35975
twists & turns:0.3565
interesting:0.35325
brainwashing:0.3505
good:0.35
action:0.3485
jesus:0.348
shallow:0.343
great:0.343
genetics:0.3425
silly:0.342
parallel universe:0.3345
fantasy world:0.33275
bad acting:0.32875
better than expected:0.32875
good acting:0.32575
paranoia:0.325
genius:0.32425
betrayal:0.32375
not funny:0.32225
robot:0.32
cinematography:0.318
transformation:0.315
