gangs:0.99475
biographical:0.97525
gangsters:0.9565
redemption:0.91075
los angeles:0.8745
death penalty:0.86875
great ending:0.80425
story:0.7395
genocide:0.73275
complex:0.7325
good:0.70175
violent:0.68175
childhood:0.68
hip hop:0.65575
original:0.632
shallow:0.62075
god:0.62075
harsh:0.61875
prison:0.61
based on a book:0.61
biography:0.60425
revolution:0.566
survival:0.553
pg-13:0.55
philosophy:0.549
literature:0.54275
justice:0.5365
adaptation:0.535
transformation:0.5215
death:0.52125
life & death:0.518
gangster:0.5065
friendship:0.49925
good soundtrack:0.4915
classic car:0.48775
book was better:0.473
inspiring:0.4685
cool:0.46725
suprisingly clever:0.4595
children:0.45475
forceful:0.45025
internet:0.44625
artist:0.44475
original plot:0.4375
amazing photography:0.4335
future:0.43275
catastrophe:0.428
violence:0.42675
feel-good:0.425
stylized:0.4115
great:0.41075
earnest:0.4095
brutality:0.40775
finnish:0.40425
educational:0.40325
multiple storylines:0.39725
good acting:0.38475
police investigation:0.379
secrets:0.3785
dialogue:0.37475
alcoholism:0.3745
beautifully filmed:0.37
plot:0.36875
action packed:0.36875
torture:0.36525
trilogy:0.3645
fast paced:0.3645
mentor:0.363
creativity:0.36175
rebellion:0.36125
clever:0.358
drug addiction:0.35675
dynamic cgi action:0.3525
honest:0.33525
british:0.3335
books:0.32825
kids and family:0.321
distopia:0.321
life:0.3205
comic:0.3205
storytelling:0.32
epic:0.318
based on book:0.3175
true story:0.31525
oscar:0.312
lone hero:0.3115
family:0.31125
morality:0.31125
adapted from:book:0.305
technology:0.3045
science fiction:0.30275
80s:0.2985
mythology:0.2975
not funny:0.2905
courage:0.2885
homophobia:0.28775
fantasy world:0.28425
gunfight:0.28425
oscar (best directing):0.2835
sexualized violence:0.283
