gulf war:0.99425
war:0.97175
iraq:0.9495
best war films:0.93725
world politics:0.9055
stylized:0.9
war movie:0.89625
military:0.8925
original:0.89075
satirical:0.87225
middle east:0.8565
forceful:0.845
violence:0.837
action:0.82375
dramatic:0.816
satire:0.81375
anti-war:0.8105
politics:0.7875
comedy:0.78125
cinematography:0.76975
drama:0.767
violent:0.74875
wartime:0.74675
visceral:0.7455
political:0.74525
islam:0.7445
humorous:0.74125
corruption:0.74
intense:0.73975
brutality:0.732
dark humor:0.73025
great acting:0.7295
tense:0.72525
culture clash:0.7225
complex:0.71125
greed:0.70925
iraq war:0.701
dialogue:0.69925
great ending:0.695
gratuitous violence:0.69475
social commentary:0.684
death:0.67475
weapons:0.6705
thought-provoking:0.6575
absurd:0.65
desert:0.64525
storytelling:0.644
good:0.641
powerful ending:0.63925
realistic:0.63125
gunfight:0.628
great movie:0.62125
irreverent:0.6185
story:0.6175
realistic action:0.614
excellent script:0.614
great:0.61325
visually stunning:0.61075
very good:0.6095
us history:0.6085
harsh:0.605
interesting:0.60475
good soundtrack:0.59675
clever:0.588
betrayal:0.58025
oscar (best directing):0.57925
treasure hunt:0.5765
torture:0.56825
black comedy:0.56525
honest:0.5635
stylish:0.561
morality:0.56
sacrifice:0.5575
caper:0.55025
very funny:0.5485
oil:0.5485
cynical:0.5475
courage:0.54275
talky:0.541
imdb top 250:0.53325
runaway:0.5315
narrated:0.5295
good acting:0.52775
twists & turns:0.52525
funny:0.5245
good action:0.51625
sarcasm:0.515
vietnam war:0.51425
stereotypes:0.51175
foul language:0.51125
controversial:0.50975
propaganda:0.50925
light:0.508
suspense:0.5065
moral ambiguity:0.504
visual:0.5005
entertaining:0.50025
ethnic conflict:0.49975
manipulation:0.48975
witty:0.48425
