character study:0.8915
bittersweet:0.862
loneliness:0.85525
melancholic:0.83325
relationships:0.78625
homeless:0.77925
drama:0.7555
bleak:0.722
existentialism:0.71975
original:0.715
life philosophy:0.7125
compassionate:0.70825
life:0.69875
feel-good:0.697
depression:0.68725
indie:0.67275
drinking:0.64275
british:0.638
good soundtrack:0.61025
unlikely friendships:0.60125
london:0.5955
social commentary:0.582
life & death:0.574
downbeat:0.55025
quirky:0.53625
independent film:0.5205
intimate:0.51525
weird:0.51
dialogue:0.50025
queer:0.4995
harsh:0.4965
sarcasm:0.491
enigmatic:0.482
mentor:0.48125
honest:0.48025
catastrophe:0.47925
sweet:0.47875
dysfunctional family:0.47725
golden palm:0.47675
obsession:0.47075
pointless:0.458
working class:0.45775
reflective:0.457
friendship:0.4485
emotional:0.44575
solitude:0.43975
suburbia:0.43325
feel good movie:0.4265
complex characters:0.42325
affectionate:0.4125
nudity (full frontal - notable):0.4115
teacher:0.40875
entirely dialogue:0.4075
light:0.3935
pornography:0.392
destiny:0.39175
cathartic:0.38125
melancholy:0.36975
great ending:0.3655
road movie:0.363
male nudity:0.362
depressing:0.362
runaway:0.36125
sad:0.356
criterion:0.35575
brutality:0.352
bullying:0.3495
fantasy world:0.3485
not funny:0.34525
grindhouse:0.34475
meditative:0.3405
culture clash:0.338
complex:0.32525
poignant:0.32475
passionate:0.32375
realistic:0.3235
eccentricity:0.32225
great acting:0.318
absurd:0.317
very interesting:0.3155
mental illness:0.31275
first contact:0.311
intellectual:0.31025
visually appealing:0.3065
childhood:0.29875
stoner movie:0.29575
transformation:0.29425
suprisingly clever:0.2915
suicide attempt:0.29075
oscar (best actress):0.28975
tragedy:0.289
very funny:0.28875
storytelling:0.288
good:0.28525
interesting:0.2835
redemption:0.28025
nocturnal:0.27875
shallow:0.27725
imdb top 250:0.2765
oscar (best supporting actress):0.2765
