bleak:0.92825
family drama:0.89475
working class:0.8765
criterion:0.872
greed:0.869
reflective:0.758
powerful ending:0.74175
golden palm:0.739
shark:0.732
harsh:0.70075
downbeat:0.6815
grim:0.65725
loneliness:0.65675
melancholy:0.65325
oscar (best foreign language film):0.63775
gritty:0.6325
culture clash:0.58675
drama:0.585
enigmatic:0.5785
social commentary:0.578
obsession:0.5765
original:0.56925
money:0.5665
talky:0.562
life philosophy:0.55525
humanity:0.5515
intimate:0.52725
male nudity:0.52275
biting:0.515
dialogue:0.50975
god:0.494
cinematography:0.48625
melancholic:0.483
pornography:0.47775
affectionate:0.47225
visually appealing:0.461
creativity:0.45925
character study:0.4585
religion:0.44925
gangsters:0.446
cynical:0.44475
movielens top pick:0.44025
meditative:0.43825
parenthood:0.43775
workplace:0.43275
police investigation:0.4245
existentialism:0.4235
great:0.42325
suprisingly clever:0.423
poverty:0.4205
catastrophe:0.41775
depression:0.41775
forceful:0.41525
unusual plot structure:0.405
film noir:0.404
great ending:0.39425
life & death:0.38875
weird:0.3885
stylized:0.38825
redemption:0.38375
writers:0.383
runaway:0.3825
secrets:0.38
cerebral:0.37575
mentor:0.3735
adapted from:book:0.37125
satirical:0.36425
story:0.362
atmospheric:0.36075
honest:0.36025
life:0.359
complex:0.3585
dramatic:0.35175
breathtaking:0.35025
beautifully filmed:0.3445
dysfunctional family:0.34325
nocturnal:0.34075
absurd:0.3405
mental illness:0.34025
unfunny:0.33125
independent film:0.327
masterpiece:0.32675
not funny:0.32675
great cinematography:0.322
nudity (full frontal - notable):0.32075
artistic:0.3175
irreverent:0.316
passionate:0.316
heartwarming:0.313
ironic:0.31075
entirely dialogue:0.30825
crime gone awry:0.304
transformation:0.3025
moody:0.301
very interesting:0.301
beautiful scenery:0.3
guilt:0.29975
california:0.299
cathartic:0.299
homeless:0.29875
