father daughter relationship:0.87575
thriller:0.80525
teen movie:0.8015
obsession:0.77475
revenge:0.73575
sexy:0.70975
suspense:0.687
teen:0.66375
pornography:0.6565
original:0.64325
good soundtrack:0.63125
nudity (topless - notable):0.60625
tense:0.5865
teens:0.54225
nudity (full frontal - brief):0.53925
erotic:0.53475
virginity:0.5075
predictable:0.5015
suspenseful:0.4975
girlie movie:0.4805
catastrophe:0.477
runaway:0.46875
mentor:0.45925
betrayal:0.4575
psychological:0.45525
very interesting:0.44375
good:0.442
violence:0.43875
great ending:0.43825
chase:0.4235
twists & turns:0.42225
women:0.40825
police investigation:0.40775
not funny:0.403
murder:0.3945
so bad it's funny:0.39175
great:0.391
surveillance:0.388
vengeance:0.382
twist:0.37975
scary:0.3775
bad ending:0.37075
teenagers:0.36775
violent:0.36475
family:0.35925
divorce:0.3565
dialogue:0.35425
storytelling:0.3535
secrets:0.3505
entertaining:0.34475
culture clash:0.34475
corruption:0.3385
sexual:0.33675
stupidity:0.33625
silly:0.336
brutality:0.335
serial killer:0.331
teenager:0.32525
relationships:0.316
good action:0.30825
intense:0.30525
stereotypes:0.305
fun movie:0.3045
interracial romance:0.297
drama:0.2965
cheating:0.29425
first contact:0.28475
san francisco:0.2825
romance:0.28125
unfunny:0.28075
sexualized violence:0.2805
life philosophy:0.27675
pg-13:0.27375
better than expected:0.27275
clever:0.27225
fantasy world:0.27075
suprisingly clever:0.26775
sex:0.26475
childhood:0.2645
high school:0.263
cult classic:0.26025
oscar winner:0.26025
family bonds:0.2595
cute!:0.25825
stylized:0.25525
surprise ending:0.25275
destiny:0.25225
very good:0.24825
natural disaster:0.245
great acting:0.243
psychology:0.24275
good acting:0.2425
passionate:0.242
kidnapping:0.23925
dramatic:0.239
manipulation:0.23825
love:0.2365
big budget:0.236
criterion:0.2355
lone hero:0.235
