hacking:0.92025
hackers:0.85625
internet:0.80425
interracial romance:0.76025
original:0.70375
surveillance:0.639
dialogue:0.63425
technology:0.62525
first contact:0.61025
mentor:0.59975
chase:0.59275
fight scenes:0.59
tense:0.5735
geeks:0.56525
gunfight:0.55875
intimate:0.55825
china:0.54325
good soundtrack:0.54275
complex:0.5335
action:0.53025
very interesting:0.512
bad plot:0.507
good action:0.5015
boring!:0.4955
los angeles:0.4925
predictable:0.492
bad acting:0.48775
visually appealing:0.4845
cult film:0.458
plot:0.45125
weapons:0.4495
geek:0.44375
entirely dialogue:0.44175
so bad it's funny:0.435
stylized:0.42475
suspenseful:0.41525
catastrophe:0.4135
lone hero:0.413
ridiculous:0.4095
romance:0.408
betrayal:0.402
police investigation:0.40125
sexualized violence:0.4005
cinematography:0.40025
cerebral:0.399
fbi:0.39725
story:0.39625
visual:0.39525
nudity (topless - notable):0.39325
espionage:0.392
suspense:0.39025
utopia:0.3885
brutality:0.38825
brainwashing:0.38825
violence:0.38625
thriller:0.38475
horrible:0.38025
secrets:0.37875
storytelling:0.37675
exciting:0.37625
great ending:0.374
creativity:0.3735
pointless:0.372
boring:0.36625
allegory:0.36475
shallow:0.35775
claustrophobic:0.355
greed:0.355
absurd:0.354
intense:0.3525
visually stunning:0.35125
nudity (full frontal - notable):0.3475
runaway:0.3455
androids:0.3435
free speech:0.34175
paranoid:0.33875
tom clancy:0.338
computers:0.32775
destiny:0.3235
pulp:0.31975
crime:0.3195
fantasy world:0.319
effects:0.31625
pornography:0.31575
prison:0.315
conspiracy:0.3135
not funny:0.3135
criterion:0.3075
light:0.30725
assassination:0.306
car chase:0.3045
weird:0.30425
death:0.304
stupidity:0.30225
stylish:0.30125
life philosophy:0.30075
entertaining:0.295
redemption:0.29375
enigmatic:0.29275
sexy:0.2925
