loneliness:0.93425
mentor:0.9125
relationships:0.86825
friendship:0.81975
oscar:0.8195
original:0.807
nudity (topless - brief):0.7995
great acting:0.7885
unlikely friendships:0.76875
destiny:0.752
obsession:0.74425
aging:0.7135
witty:0.69575
drinking:0.6895
oscar (best actress):0.681
bittersweet:0.68
good soundtrack:0.6705
love story:0.67
melancholic:0.6595
dialogue driven:0.6555
intimate:0.64675
talky:0.645
reflective:0.645
oscar (best supporting actress):0.637
drama:0.63
dialogue:0.62275
realistic:0.61625
very interesting:0.61625
great:0.60975
costume drama:0.6095
betrayal:0.6045
brutality:0.6005
complex:0.59775
oscar (best directing):0.59625
biographical:0.5925
interesting:0.58575
great movie:0.5845
depression:0.58175
affectionate:0.57825
poignant:0.57325
tragedy:0.57175
london:0.567
intense:0.56375
sexuality:0.557
narrated:0.55375
nostalgic:0.54975
great ending:0.546
cynical:0.542
depressing:0.5395
cinematography:0.538
original plot:0.53725
dramatic:0.53675
visually appealing:0.5355
oscar winner:0.5355
character study:0.53525
runaway:0.53075
culture clash:0.52225
nudity (topless - notable):0.521
social commentary:0.51925
story:0.5175
excellent script:0.51675
art:0.514
life & death:0.5135
movielens top pick:0.513
whimsical:0.5115
feel-good:0.5095
moral ambiguity:0.50575
psychological:0.503
golden palm:0.5005
beautifully filmed:0.50025
storytelling:0.497
criterion:0.4955
adaptation:0.4945
shallow:0.489
redemption:0.48875
nudity (topless):0.48625
pg-13:0.486
special:0.482
coming of age:0.47875
good acting:0.47525
based on a play:0.4745
independent film:0.47375
passionate:0.4725
cerebral:0.464
clever:0.46275
secrets:0.45825
british:0.457
sexual:0.4555
pornography:0.455
love:0.45275
based on book:0.44925
emotional:0.44825
adapted from:book:0.44625
melancholy:0.44575
fantasy world:0.4415
based on a book:0.4405
great soundtrack:0.43775
psychology:0.437
feel good movie:0.43675
solitude:0.435
