mythology:0.9785
war:0.96675
big budget:0.96375
epic:0.95875
action:0.91975
historical:0.90325
history:0.89975
sword fight:0.87825
pg-13:0.819
fight scenes:0.812
immortality:0.80975
story:0.79625
courage:0.79075
fighting:0.7805
good:0.772
sacrifice:0.753
us history:0.746
dramatic:0.73425
dialogue:0.7215
visually stunning:0.721
dynamic cgi action:0.7155
beautiful scenery:0.715
special effects:0.7065
catastrophe:0.70275
survival:0.68475
great:0.6815
love story:0.67725
original:0.67125
destiny:0.661
war movie:0.6525
best war films:0.6425
intense:0.6365
great movie:0.63575
period piece:0.635
natural disaster:0.63
action packed:0.6225
plot:0.60725
good acting:0.60575
better than expected:0.6015
betrayal:0.5885
shallow:0.57625
great ending:0.5685
visual:0.549
bad cgi:0.5415
revenge:0.541
adaptation:0.53925
revolution:0.538
islam:0.5375
great acting:0.51325
weapons:0.5055
predictable:0.49875
god:0.4885
cinematography:0.4845
adventure:0.484
entertaining:0.4815
bad acting:0.47825
medieval:0.47475
oscar (best supporting actor):0.47375
based on a book:0.47225
oscar:0.47
transformation:0.46775
original plot:0.46775
romance:0.46425
factual:0.464
vengeance:0.46375
brutality:0.46325
mentor:0.463
good soundtrack:0.46275
realistic:0.4605
storytelling:0.4605
realistic action:0.45625
enormously long battle scene:0.448
visually appealing:0.44775
culture clash:0.44625
bullshit history:0.446
technology:0.44475
nudity (rear):0.444
wartime:0.441
excellent:0.435
girlie movie:0.4305
costume drama:0.42925
good versus evil:0.42775
happy ending:0.423
very good:0.418
justice:0.416
exciting:0.41325
paris:0.4015
suspense:0.396
stunning:0.39475
passionate:0.391
prejudice:0.388
civil war:0.38725
silly:0.38675
literature:0.38
cgi:0.3795
based on book:0.37575
greed:0.3755
horrible:0.37275
fantasy world:0.372
death:0.37175
