baseball:0.99425
childhood:0.95425
kids:0.913
sports:0.90525
nostalgic:0.90325
great movie:0.857
children:0.85225
coming of age:0.8465
fun movie:0.84525
feel-good:0.84425
unlikely friendships:0.83875
great:0.83525
friendship:0.8295
feel good movie:0.794
mentor:0.79325
classic:0.762
original:0.754
fun:0.74225
good:0.74175
foul language:0.71175
adventure:0.69925
family:0.6855
kids and family:0.66
goofy:0.6215
sweet:0.6195
underdog:0.601
chase:0.583
runaway:0.5605
dog:0.5525
nostalgia:0.536
good soundtrack:0.5325
entertaining:0.53175
great ending:0.5245
destiny:0.52225
pg-13:0.5215
heartwarming:0.51875
bullying:0.51675
narrated:0.5135
dialogue:0.5095
small town:0.50725
affectionate:0.505
clever:0.498
california:0.49275
good acting:0.483
story:0.48025
great acting:0.47925
adolescence:0.47125
cool:0.4595
light:0.45575
cult film:0.43325
love:0.432
school:0.42675
quotable:0.42625
teen:0.4235
80s:0.423
witty:0.416
very good:0.41575
1960s:0.4125
unusual plot structure:0.41
catastrophe:0.40325
sentimental:0.391
life philosophy:0.38875
storytelling:0.388
transformation:0.38425
inspirational:0.37875
excellent script:0.377
teen movie:0.372
very funny:0.37025
talky:0.36725
drama:0.36475
cult classic:0.36175
silly fun:0.35925
crime gone awry:0.358
pg:0.35375
honest:0.35375
fantasy world:0.3525
comedy:0.345
culture clash:0.34375
awesome soundtrack:0.341
redemption:0.3405
excellent:0.33875
simple:0.338
cute:0.33625
unfunny:0.33575
drinking:0.33425
bittersweet:0.332
interesting:0.33025
underrated:0.32975
witches:0.3295
funny:0.327
coming-of-age:0.3255
football:0.32275
not funny:0.3215
adaptation:0.32025
camp:0.3185
fantasy:0.3185
imdb top 250:0.31325
buddy movie:0.31325
gangs:0.31275
oscar (best supporting actress):0.311
