indians:0.961
native americans:0.9395
violence:0.82825
original:0.7195
vigilante:0.717
cult classic:0.7025
violent:0.6935
fight scenes:0.691
bad acting:0.689
bullying:0.663
vigilantism:0.6325
runaway:0.609
school:0.5995
stereotypes:0.59275
good soundtrack:0.57525
dialogue:0.55975
camp:0.5585
prejudice:0.558
freedom:0.5445
martial arts:0.539
mentor:0.538
independent film:0.53775
brutality:0.5355
culture clash:0.52275
fighting:0.522
high school:0.509
childhood:0.5055
great ending:0.498
intense:0.48775
1970s:0.48675
good action:0.4835
harsh:0.4795
adolescence:0.4795
cool:0.47675
80s:0.475
weapons:0.46875
fun movie:0.45925
underdog:0.45575
talky:0.45525
awesome soundtrack:0.4525
pornography:0.4485
sacrifice:0.44675
sexualized violence:0.442
action:0.44075
good:0.4375
allegory:0.436
cult:0.43575
unlikely friendships:0.4215
destiny:0.421
catastrophe:0.42025
honest:0.41975
teacher:0.403
life philosophy:0.402
predictable:0.401
social commentary:0.4
justice:0.39525
sci fi:0.39325
corruption:0.3855
nostalgic:0.383
revenge:0.375
nudity (full frontal - notable):0.3735
small town:0.37275
cult film:0.3705
superheroes:0.368
friendship:0.368
story:0.3675
redemption:0.36525
not funny:0.3645
buddy movie:0.364
family:0.35925
bad plot:0.3585
so bad it's funny:0.358
franchise:0.3565
propaganda:0.35275
segregation:0.35275
1980s:0.3495
motorcycle:0.3485
goofy:0.347
greed:0.343
teen movie:0.34225
bad:0.33725
lone hero:0.33725
vengeance:0.3345
teens:0.33375
drinking:0.33175
fantasy world:0.329
nudity (full frontal - brief):0.3275
gangs:0.3265
rape:0.325
pg-13:0.32475
special effects:0.3125
adaptation:0.3115
entirely dialogue:0.307
fun:0.303
grindhouse:0.301
pulp:0.30025
ethnic conflict:0.29925
snakes:0.29725
death:0.297
teen:0.29525
