drama:0.94125
paris:0.937
loneliness:0.9365
death:0.93475
emotional:0.93125
life & death:0.92325
love story:0.898
depression:0.889
love:0.883
cinematography:0.86875
touching:0.8685
tragedy:0.851
life philosophy:0.8445
great acting:0.84025
poignant:0.8395
melancholic:0.8365
sad:0.83525
powerful ending:0.831
obsession:0.8305
bittersweet:0.82675
depressing:0.81275
dialogue:0.81225
sentimental:0.8105
hospital:0.8055
intellectual:0.78775
reflective:0.78775
romantic:0.77775
grindhouse:0.76975
social commentary:0.769
life:0.76
good soundtrack:0.758
destiny:0.748
existentialism:0.74625
beautiful scenery:0.74275
dramatic:0.7425
redemption:0.7425
good acting:0.7355
suicide:0.71675
harsh:0.7145
feel-good:0.713
survival:0.7055
amazing photography:0.70025
intimate:0.697
dysfunctional family:0.69475
relationships:0.69125
good:0.685
independent film:0.68175
mentor:0.66925
drinking:0.659
sweet:0.65775
passionate:0.65675
honest:0.656
thought-provoking:0.6525
french:0.65175
original:0.651
heartbreaking:0.64475
melancholy:0.641
talky:0.639
cancer:0.639
culture clash:0.63075
heartwarming:0.6255
nudity (full frontal - brief):0.62525
oscar (best actress):0.61775
romantic comedy:0.59975
excellent script:0.59675
storytelling:0.5965
happy ending:0.5905
male nudity:0.589
friendship:0.589
bad ending:0.58875
slow:0.58825
bleak:0.587
beautiful:0.58675
shallow:0.5865
realistic:0.5815
justice:0.58125
aging:0.581
sad but good:0.57925
feel good movie:0.56075
earnest:0.55425
oscar:0.55275
story:0.5485
wilderness:0.54825
1970s:0.545
based on a true story:0.5425
literature:0.54075
catastrophe:0.5405
great:0.53775
meditative:0.53775
compassionate:0.53775
whimsical:0.52775
adaptation:0.52725
philosophy:0.52275
france:0.522
wine:0.5095
sacrifice:0.508
interesting:0.50375
1980s:0.49825
drugs:0.49725
narrated:0.4865
