grindhouse:0.874
hit men:0.857
off-beat comedy:0.79125
desert:0.7715
pointless:0.77125
quirky:0.7635
violence:0.741
original:0.7315
dialogue:0.71225
brutality:0.6665
idiotic:0.64275
satire:0.6335
road movie:0.588
dysfunctional family:0.5365
so bad it's funny:0.53325
no dialogue:0.52325
satirical:0.516
classic car:0.51175
pulp:0.48675
catastrophe:0.48075
weird:0.4665
multiple storylines:0.46075
stupidity:0.457
silly:0.45625
predictable:0.45525
story:0.45125
entirely dialogue:0.445
mission from god:0.43925
storytelling:0.43775
cult:0.43575
free speech:0.4205
mentor:0.4195
bad plot:0.41725
android(s)/cyborg(s):0.4145
torture:0.41175
bad acting:0.411
nudity (full frontal - brief):0.40675
fantasy world:0.39825
stereotypes:0.39475
vengeance:0.39125
creativity:0.391
absurd:0.3895
cinematography:0.385
sexualized violence:0.384
cult film:0.375
weapons:0.3725
cult classic:0.36425
existentialism:0.36225
death:0.36
allegory:0.3585
pg-13:0.3575
transformation:0.3565
adaptation:0.356
fight scenes:0.354
mars:0.35275
life philosophy:0.35225
unfunny:0.3515
splatter:0.3505
family:0.35
not funny:0.34225
great ending:0.33375
black comedy:0.3295
environment:0.32925
destiny:0.326
eccentricity:0.3205
good soundtrack:0.32025
runaway:0.317
bizarre:0.31575
camp:0.31325
silly fun:0.313
pornography:0.31225
dinosaurs:0.3105
unlikely friendships:0.30775
intense:0.3045
lone hero:0.30425
reality tv:0.3035
writers:0.29925
natural disaster:0.2985
overrated:0.29725
crude humor:0.295
betrayal:0.29375
crazy:0.292
nerds:0.29175
culture clash:0.291
dialogue driven:0.286
australia:0.2845
brutal:0.28375
visually appealing:0.28275
first contact:0.275
talky:0.27375
watch the credits:0.272
parallel universe:0.27175
melancholic:0.26875
criterion:0.268
mad scientist:0.26675
unusual plot structure:0.26525
suprisingly clever:0.26375
very funny:0.2635
loneliness:0.2635
shallow:0.2615
