pornography:0.9085
greed:0.66
spying:0.65475
erotic:0.64875
original:0.641
pointless:0.62025
sexual:0.62025
espionage:0.59
betrayal:0.56775
weird:0.5675
complex:0.56425
enigmatic:0.546
art house:0.5215
disturbing:0.5135
paranoia:0.5035
harsh:0.50125
brutality:0.49775
stylish:0.49025
sexy:0.4885
very interesting:0.467
confusing:0.45025
twists & turns:0.4355
surreal:0.4115
cinematography:0.4005
internet:0.386
melancholic:0.3815
catastrophe:0.37825
lynch:0.3625
allegory:0.36
french:0.35775
criterion:0.3525
dialogue:0.3515
fantasy world:0.3505
nudity (full frontal - notable):0.3465
dreamlike:0.34275
entirely dialogue:0.34125
stylized:0.337
boring!:0.335
too long:0.3345
mentor:0.3265
dialogue driven:0.32575
so bad it's funny:0.3245
spy:0.32025
intimate:0.3185
futuristic:0.31825
manipulation:0.31225
not funny:0.31075
satirical:0.30325
tokyo:0.30175
meditative:0.29975
pretentious:0.29925
boring:0.2955
violent:0.294
art:0.2865
technology:0.2835
visceral:0.27125
overrated:0.2625
absurd:0.26125
complicated:0.25825
first contact:0.25675
spies:0.254
cerebral:0.2525
non-hollywood ending:0.251
great ending:0.247
runaway:0.24575
visual:0.24575
pulp:0.24425
guilt:0.243
grindhouse:0.24225
vengeance:0.24225
identity:0.241
secrets:0.2385
capitalism:0.237
bloody:0.23375
bad plot:0.23275
police investigation:0.23275
storytelling:0.23
bizarre:0.22475
culture clash:0.2225
atmospheric:0.21975
life philosophy:0.21775
life & death:0.217
nocturnal:0.216
nudity (topless - notable):0.21375
violence:0.21175
bleak:0.21175
talky:0.21
golden palm:0.20825
no plot:0.208
video game:0.20725
melancholy:0.20675
existentialism:0.20425
adaptation:0.20375
thriller:0.2025
cynical:0.20175
writers:0.19875
predictable:0.19775
suprisingly clever:0.197
reality tv:0.19675
plot holes:0.19425
