prison escape:0.99325
criterion:0.96725
black and white:0.9145
enigmatic:0.90875
loneliness:0.88475
weird:0.8555
imdb top 250:0.83125
melancholic:0.8185
talky:0.81575
cinematography:0.80925
atmospheric:0.80025
bleak:0.7965
cult classic:0.788
stylized:0.7755
solitude:0.773
masterpiece:0.7705
great ending:0.76175
original:0.76175
prison:0.745
good soundtrack:0.7425
reflective:0.73225
meditative:0.72775
golden palm:0.72425
intimate:0.72225
social commentary:0.72125
great cinematography:0.6945
visually appealing:0.694
storytelling:0.69
off-beat comedy:0.67675
melancholy:0.67675
claustrophobic:0.65275
existentialism:0.64875
dialogue:0.648
indie:0.6355
downbeat:0.63075
suprisingly clever:0.6285
slow paced:0.628
cerebral:0.617
gunfight:0.6135
slow:0.61125
redemption:0.61
independent film:0.608
nocturnal:0.60125
artistic:0.5915
photography:0.58575
narrated:0.58175
friendship:0.581
unlikely friendships:0.57825
life & death:0.5745
road movie:0.57325
beautifully filmed:0.5715
life philosophy:0.5615
visual:0.55375
unusual plot structure:0.55325
quirky:0.551
great:0.55075
gangsters:0.53875
art house:0.5375
crime gone awry:0.5335
runaway:0.5295
affectionate:0.5255
surreal:0.5255
non-linear:0.5245
crime:0.5235
beautiful scenery:0.52125
film noir:0.518
harsh:0.516
movielens top pick:0.5115
very interesting:0.5095
cool:0.503
noir:0.49525
new orleans:0.49425
depression:0.4935
character study:0.49025
drinking:0.48875
homeless:0.488
dark humor:0.48775
entirely dialogue:0.48025
dreamlike:0.479
culture clash:0.4785
drama:0.476
highly quotable:0.47525
gangster:0.47325
psychological:0.47
nudity (full frontal - notable):0.4675
witty:0.4655
underrated:0.4655
gritty:0.46375
stylish:0.457
interesting:0.4505
mentor:0.446
very funny:0.441
humorous:0.44075
quotable:0.43875
hotel:0.438
cult film:0.42725
complex:0.4265
oscar (best directing):0.4255
great acting:0.42525
eccentricity:0.42325
