art house:0.96775
queer:0.93825
sexual:0.927
enigmatic:0.8845
homosexuality:0.84325
grindhouse:0.83775
pornography:0.819
weird:0.79625
allegory:0.7905
visceral:0.77975
grim:0.76275
harsh:0.7535
gay:0.7315
original:0.71825
disturbing:0.71325
bleak:0.69525
very interesting:0.685
melancholic:0.679
art:0.6725
obsession:0.66225
erotic:0.65925
criterion:0.635
prison:0.632
talky:0.6225
male nudity:0.6195
surreal:0.61775
controversial:0.587
stylized:0.58625
strange:0.58175
bizarre:0.5635
nudity (full frontal - notable):0.56275
visual:0.544
based on a book:0.54375
dreamlike:0.52675
mockumentary:0.52625
storytelling:0.52225
golden palm:0.5195
creativity:0.5175
reflective:0.514
drinking:0.50825
secrets:0.50275
stylish:0.49325
multiple storylines:0.48875
cerebral:0.4885
mad scientist:0.48725
aids:0.473
sexuality:0.47125
cult film:0.4655
loneliness:0.46275
nudity (topless - notable):0.46025
cult classic:0.4595
science fiction:0.4585
mentor:0.458
ironic:0.45175
complex:0.44825
sci fi:0.44325
brutality:0.4345
writers:0.43325
independent film:0.431
parody:0.42925
dysfunctional family:0.42675
distopia:0.4255
sexualized violence:0.4245
cinematography:0.4215
dialogue:0.42025
tokyo:0.4175
good soundtrack:0.417
lynch:0.403
catastrophe:0.4025
pretentious:0.40175
pointless:0.39475
runaway:0.39025
deadpan:0.38725
adolescence:0.38575
life philosophy:0.38
low budget:0.3775
violence:0.3765
violent:0.375
sexual abuse:0.37125
gay character:0.371
black and white:0.371
adultery:0.368
great ending:0.3665
genetics:0.364
visually appealing:0.36025
paranoid:0.36
scifi:0.35575
sci-fi:0.3505
classic car:0.34875
character study:0.34775
confrontational:0.3465
unusual plot structure:0.34625
not funny:0.3455
intimate:0.34375
adaptation:0.33975
hallucinatory:0.3355
masterpiece:0.33425
suprisingly clever:0.333
quirky:0.32
life & death:0.31825
