finnish:0.9995
war:0.99025
best war films:0.9875
war movie:0.981
history:0.93725
realistic:0.893
brutality:0.84025
courage:0.82075
historical:0.81775
us history:0.80975
original:0.80025
russian:0.792
anti-war:0.79175
drama:0.77425
based on a book:0.76
intense:0.74475
bloody:0.73
dramatic:0.72575
survival:0.722
violent:0.72075
oscar (best directing):0.71525
good:0.69475
ethnic conflict:0.69075
harsh:0.687
world war i:0.68425
russia:0.6835
violence:0.675
great:0.6615
wwii:0.65325
friendship:0.638
bleak:0.63175
foreign:0.629
great movie:0.62275
good soundtrack:0.61425
social commentary:0.58925
forceful:0.58675
culture clash:0.58225
gritty:0.58125
dialogue:0.58125
fighting:0.576
civil war:0.57475
great acting:0.57375
brutal:0.5735
beautiful scenery:0.56625
excellent:0.56225
suprisingly clever:0.56025
oscar:0.56
military:0.556
powerful ending:0.55125
gory:0.5485
sacrifice:0.548
wartime:0.54775
honest:0.5435
visceral:0.53875
vietnam war:0.537
love story:0.52575
tragedy:0.52425
imdb top 250:0.52
tense:0.51375
catastrophe:0.51375
vengeance:0.5135
grim:0.4905
cinematography:0.48975
great ending:0.48525
politics:0.473
exceptional acting:0.47075
story:0.47
criterion:0.465
destiny:0.46325
unlikely friendships:0.4545
weapons:0.45375
oscar (best cinematography):0.453
german:0.44875
mentor:0.4475
political:0.4415
excellent script:0.43975
earnest:0.43475
black and white:0.43425
based on book:0.43225
very good:0.432
betrayal:0.43125
transformation:0.43
oscar winner:0.4295
runaway:0.423
idealism:0.417
talky:0.41675
germany:0.4105
oscar (best supporting actor):0.4105
adaptation:0.40975
good acting:0.4095
brothers:0.4095
storytelling:0.40925
justice:0.40875
prejudice:0.4065
oscar (best foreign language film):0.39475
death:0.39275
narrated:0.381
moral ambiguity:0.37725
sad but good:0.37675
factual:0.3735
