natural disaster:0.9935
disaster:0.97425
survival:0.941
special effects:0.9315
claustrophobic:0.88975
original:0.82925
big budget:0.81225
dialogue:0.805
adventure:0.79625
allegory:0.764
sacrifice:0.763
fun movie:0.7575
airport:0.74525
ensemble cast:0.74
intense:0.73875
good:0.73125
70mm:0.7185
suspense:0.71675
catastrophe:0.71325
ocean:0.71125
tense:0.70575
underwater:0.696
suspenseful:0.693
1970s:0.64475
oscar winner:0.64475
good action:0.6155
effects:0.6055
entertaining:0.6035
destiny:0.60275
story:0.59975
end of the world:0.5905
drama:0.58425
good acting:0.5825
action:0.569
sci fi:0.56575
exciting:0.5635
great acting:0.5635
redemption:0.56175
scifi:0.561
maze:0.551
adapted from:book:0.55
great ending:0.54325
stereotypes:0.53975
fun:0.539
kids:0.5385
science fiction:0.53725
mentor:0.52925
camp:0.52075
great movie:0.513
entirely dialogue:0.51125
classic:0.5105
apocalypse:0.50075
weapons:0.5005
death:0.5005
plot:0.49775
family:0.491
earnest:0.48175
oscar:0.47275
cheesy:0.472
lone hero:0.4685
good soundtrack:0.4625
life philosophy:0.4545
realistic:0.4525
great:0.451
chase:0.45025
bad acting:0.4485
interesting:0.44575
runaway:0.444
existentialism:0.4435
over the top:0.4385
predictable:0.43775
clever:0.43325
greed:0.429
talky:0.4275
courage:0.42675
franchise:0.42525
quotable:0.42225
dramatic:0.42025
cool:0.41925
bad ending:0.418
nostalgic:0.41375
based on book:0.4125
twists & turns:0.41175
superheroes:0.41075
silly:0.4055
adaptation:0.40025
not funny:0.39225
light:0.38625
very good:0.38575
action packed:0.3825
transformation:0.37775
underdog:0.3775
computer animation:0.37725
cerebral:0.37625
original plot:0.37575
stranded:0.37475
campy:0.37375
oscar (best directing):0.37175
so bad it's funny:0.371
cult film:0.36925
