narrated:0.8935
weapons:0.89075
stylized:0.88925
violence:0.87325
weird:0.873
obsession:0.85925
original:0.85575
gunfight:0.833
good soundtrack:0.83225
complex:0.79775
social commentary:0.77025
storytelling:0.76225
cinematography:0.75425
loneliness:0.754
guns:0.74675
criterion:0.73625
very interesting:0.73575
tragedy:0.73475
relationships:0.73425
pornography:0.73375
existentialism:0.7205
brutality:0.71225
off-beat comedy:0.7095
visually appealing:0.69525
violent:0.69425
ironic:0.67125
melancholic:0.66925
independent film:0.6675
life philosophy:0.6665
talky:0.66525
unlikely friendships:0.65625
cerebral:0.64875
harsh:0.648
small town:0.62175
destiny:0.6135
satirical:0.6125
surreal:0.61175
nudity (topless):0.60975
writers:0.60375
philosophy:0.598
distopia:0.59325
enigmatic:0.59125
love:0.58525
underrated:0.582
absurd:0.57375
dysfunctional family:0.5685
allegory:0.56475
bleak:0.5635
vengeance:0.563
crime gone awry:0.56175
satire:0.5605
quirky:0.558
artistic:0.55425
character study:0.55325
great ending:0.5445
plot:0.5425
dark comedy:0.5425
forceful:0.542
indie:0.53675
runaway:0.53625
pretentious:0.527
very good:0.5235
interesting:0.5165
cult:0.51625
dialogue:0.50975
downbeat:0.50775
life & death:0.501
nonlinear:0.5005
catastrophe:0.5005
cult classic:0.49675
idealism:0.49475
depressing:0.48825
visual:0.4875
stylish:0.486
rebellion:0.47325
dark:0.47175
disturbing:0.4695
powerful ending:0.4685
nudity (full frontal - notable):0.466
fantasy world:0.46425
adolescence:0.46225
intimate:0.46225
beautifully filmed:0.459
pointless:0.45775
twists & turns:0.4565
artsy:0.4515
golden palm:0.45125
writing:0.45075
coming of age:0.44425
grindhouse:0.4425
greed:0.4385
great acting:0.4365
paranoia:0.4355
confusing:0.4345
boring:0.43275
gay character:0.4265
nudity (topless - notable):0.4245
gangsters:0.42425
dark humor:0.421
suicide attempt:0.416
