animation:0.98875
computer animation:0.96275
animated:0.9575
father daughter relationship:0.90425
good versus evil:0.88625
visually appealing:0.84225
kids and family:0.83175
talking animals:0.8275
fantasy world:0.8135
animals:0.79325
adventure:0.7695
visuals:0.76375
visual:0.75575
visually stunning:0.7475
story:0.72625
original:0.69625
mentor:0.655
creativity:0.64375
cartoon:0.62725
based on a book:0.62025
fantasy:0.6175
storytelling:0.6005
redemption:0.5835
action:0.57375
3d:0.5735
good:0.56475
predictable:0.564
epic:0.56275
big budget:0.562
dialogue:0.55425
jungle:0.5345
great:0.52375
family:0.515
destiny:0.514
good soundtrack:0.49775
culture clash:0.492
fairy tale:0.485
superheroes:0.47075
mythology:0.46725
transformation:0.45775
cute:0.4495
catastrophe:0.44275
betrayal:0.442
stunning:0.43525
bad plot:0.43025
fast paced:0.4235
surveillance:0.4025
plot:0.3925
life & death:0.3925
sacrifice:0.379
fight scenes:0.3785
great ending:0.37675
entertaining:0.376
pg-13:0.3725
crude humor:0.3695
life philosophy:0.369
friendship:0.3685
action packed:0.367
better than expected:0.3615
good action:0.35025
mad scientist:0.34875
weird:0.3485
ecology:0.345
unlikely friendships:0.3425
childhood:0.34
runaway:0.33925
romance:0.337
comic:0.3355
franchise:0.33325
suprisingly clever:0.333
colourful:0.33225
birds:0.331
beautiful scenery:0.32425
cgi:0.3235
animal movie:0.31325
stereotypes:0.312
very funny:0.3105
technology:0.306
magic:0.30375
oscar (best animated feature):0.302
disney:0.3015
harsh:0.2995
brutality:0.29775
fun:0.297
genocide:0.297
adaptation:0.2965
unfunny:0.29225
fairy tales:0.28925
not funny:0.287
greed:0.28525
exciting:0.277
feel good movie:0.274
dreamworks:0.273
pornography:0.27275
lone hero:0.27025
too short:0.26875
imdb top 250:0.2665
very interesting:0.26625
feel-good:0.26575
entirely dialogue:0.2635
