criterion:0.95825
male nudity:0.94375
biopic:0.941
censorship:0.86075
violent:0.825
assassination:0.82475
complex:0.8055
enigmatic:0.79225
terrorism:0.78275
very interesting:0.7675
series:0.764
brutality:0.7515
masterpiece:0.7275
politics:0.72025
exceptional acting:0.70475
original:0.70175
political:0.701
obsession:0.68
violence:0.67825
greed:0.671
dramatic:0.67025
golden palm:0.6695
talky:0.6685
history:0.66675
1970s:0.65475
character study:0.64875
betrayal:0.644
corruption:0.64375
historical:0.64125
reflective:0.63375
cerebral:0.6295
cold war:0.6255
assassins:0.62075
nudity:0.6195
vengeance:0.61875
mentor:0.61525
idealism:0.61175
german:0.6105
breathtaking:0.60475
psychological:0.5955
interesting:0.594
harsh:0.59325
unusual plot structure:0.59325
meditative:0.593
foreign:0.59025
artistic:0.578
revolution:0.57025
assassin:0.568
weird:0.55925
art:0.55125
great ending:0.55075
amazing photography:0.5485
spanish:0.54775
forceful:0.546
suprisingly clever:0.54575
hitman:0.545
spying:0.5445
true story:0.54075
disturbing:0.5405
drama:0.538
sexy:0.536
intimate:0.53525
ironic:0.53275
tragedy:0.53175
dark hero:0.52575
complex characters:0.52475
cult classic:0.5245
cinematography:0.5235
long:0.52325
gunfight:0.514
biography:0.51075
imdb top 250:0.51075
surveillance:0.50425
dark:0.501
stylized:0.4955
visceral:0.49325
atmospheric:0.49025
based on a true story:0.4885
kidnapping:0.482
melancholy:0.4775
psychology:0.47475
grim:0.4745
oscar (best foreign language film):0.47225
berlin:0.47225
tense:0.472
movielens top pick:0.47175
childhood:0.4695
life philosophy:0.4685
adaptation:0.4675
great:0.467
suspenseful:0.466
slow:0.46025
absurd:0.45775
social commentary:0.4555
complicated:0.4525
catastrophe:0.452
realistic:0.45
hostage:0.44975
passionate:0.44525
biographical:0.44425
