dark humor:0.99075
greed:0.98375
twists & turns:0.95025
dark:0.934
stylish:0.902
dark comedy:0.8735
thriller:0.8735
very interesting:0.86525
money:0.86325
black comedy:0.85925
great ending:0.858
stylized:0.856
cynical:0.85525
twist ending:0.84575
weird:0.8285
macabre:0.8245
crime:0.8225
moral ambiguity:0.822
original:0.817
plot twist:0.8065
friendship:0.806
violent:0.8005
violence:0.79925
clever:0.78975
psychological:0.78925
betrayal:0.78625
twist:0.786
interesting:0.7835
police investigation:0.782
tense:0.78125
unlikely friendships:0.77525
suspense:0.76975
suspenseful:0.7665
independent film:0.76625
great acting:0.761
good soundtrack:0.7525
dialogue:0.75075
complicated:0.75025
noir thriller:0.74725
gangsters:0.747
crime gone awry:0.734
surprise ending:0.73075
storytelling:0.7305
tricky:0.73
intense:0.7295
paranoia:0.72375
atmospheric:0.71725
bleak:0.717
criterion:0.7055
quirky:0.70175
disturbing:0.7015
morality:0.6955
social commentary:0.695
obsession:0.6915
pornography:0.691
manipulation:0.67925
secrets:0.67675
grim:0.664
loneliness:0.65375
off-beat comedy:0.65225
imdb top 250:0.65175
corruption:0.65125
talky:0.64975
brutality:0.6455
cult classic:0.634
enigmatic:0.633
paranoid:0.6305
existentialism:0.625
scotland:0.6225
great movie:0.61875
british:0.613
absurd:0.61225
character study:0.60725
psychology:0.60675
complex:0.6065
drama:0.6065
murder:0.60575
cerebral:0.601
claustrophobic:0.599
great dialogue:0.593
murder mystery:0.5855
powerful ending:0.58025
great:0.56925
visually appealing:0.568
plot:0.56325
good acting:0.562
very good:0.55925
relationships:0.55875
anti-hero:0.5565
witty:0.5535
exceptional acting:0.55225
mindfuck:0.54625
underrated:0.542
narrated:0.54025
pulp:0.5385
good:0.53675
sexualized violence:0.53425
excellent script:0.53
indie:0.527
shallow:0.51425
