war:0.98975
best war films:0.9855
islam:0.946
war movie:0.937
russian:0.9235
weapons:0.894
anti-war:0.86
israel:0.84175
cold war:0.83475
desert:0.833
russia:0.81025
brutality:0.8095
wartime:0.7665
betrayal:0.7105
foreign:0.703
realistic:0.7005
original:0.6945
dramatic:0.69075
intense:0.67825
military:0.67775
us history:0.63425
forceful:0.633
tense:0.63225
factual:0.63175
violent:0.6315
great:0.629
powerful ending:0.6215
drama:0.61725
fighting:0.5995
violence:0.592
survival:0.58525
cinematography:0.57975
dialogue:0.567
great movie:0.56425
compassionate:0.56
morality:0.551
culture clash:0.54925
submarine:0.5345
historical:0.5285
grim:0.5235
stunning:0.52325
great ending:0.52175
runaway:0.52175
friendship:0.5215
propaganda:0.517
good:0.516
visceral:0.51525
male nudity:0.51375
original plot:0.51325
revolution:0.512
iraq:0.504
vietnam war:0.49725
claustrophobic:0.49625
poignant:0.488
revenge:0.48625
brutal:0.48525
world war i:0.482
stylized:0.479
beautiful scenery:0.47775
good acting:0.4775
twists & turns:0.476
mentor:0.471
iraq war:0.46725
story:0.45525
history:0.45525
wwii:0.45225
ethnic conflict:0.45175
unlikely friendships:0.45
vietnam:0.438
scifi cult:0.43625
breathtaking:0.42975
insanity:0.42975
bleak:0.42825
finnish:0.425
excellent:0.4215
catastrophe:0.4195
harsh:0.4175
courage:0.41725
sacrifice:0.41575
honest:0.413
good soundtrack:0.412
criterion:0.406
social commentary:0.406
rebellion:0.4045
politics:0.40325
moral ambiguity:0.40175
very good:0.4
light:0.39625
freedom:0.39125
vengeance:0.391
epic:0.38675
prejudice:0.37725
talky:0.37325
manipulation:0.368
fight scenes:0.362
justice:0.354
not funny:0.3495
nazis:0.348
awesome soundtrack:0.3475
plot:0.3455
