based on a play:0.96425
talky:0.94175
oscar (best actress):0.89
drinking:0.85675
censorship:0.8355
great acting:0.82625
dramatic:0.81325
corruption:0.7985
unusual plot structure:0.79625
oscar:0.7805
original:0.76575
small town:0.75275
drama:0.702
adaptation:0.68925
exceptional acting:0.677
oscar (best supporting actor):0.67675
hotel:0.674
oscar (best supporting actress):0.658
political corruption:0.6465
manipulation:0.621
movielens top pick:0.61725
dialogue:0.612
runaway:0.609
violent:0.602
sexy:0.59525
good acting:0.595
passionate:0.59475
interesting:0.57
oscar winner:0.568
great ending:0.56525
oscar (best directing):0.56225
obsession:0.5575
brutality:0.5515
adapted from:book:0.546
criterion:0.5285
violence:0.5245
finnish:0.52325
family:0.51
hollywood:0.5095
moral ambiguity:0.50725
adultery:0.50725
betrayal:0.504
politics:0.5025
redemption:0.499
good:0.487
gangsters:0.48525
very good:0.47175
dark hero:0.46075
1930s:0.45975
intense:0.45625
dysfunctional family:0.4395
good soundtrack:0.43375
not funny:0.43275
emotional:0.4285
witty:0.42825
oil:0.42775
life philosophy:0.426
culture clash:0.417
complicated:0.41575
visually appealing:0.41475
imdb top 250:0.41025
transformation:0.4075
harsh:0.404
catastrophe:0.40325
fantasy world:0.40225
entertaining:0.3985
mentor:0.396
gay character:0.39275
addiction:0.39125
great movie:0.37875
london:0.37525
loneliness:0.3735
story:0.36925
wartime:0.36575
anti-hero:0.36575
social commentary:0.3635
great:0.36175
very interesting:0.35925
drug addiction:0.359
gunfight:0.35825
stylish:0.35475
revenge:0.34825
excellent:0.34725
cinematography:0.34625
greed:0.3455
gangster:0.34325
fighting the system:0.34275
assassination:0.33925
writers:0.33375
childhood:0.33375
relationships:0.33275
nostalgic:0.32925
character study:0.32675
costume drama:0.32625
cynical:0.3225
british:0.3195
1960s:0.319
guilt:0.31775
tragedy:0.317
alcoholism:0.31325
