terminal illness:0.929
comedy:0.85925
funny:0.83125
death:0.81975
silly:0.801
original:0.7625
suicide:0.72625
very funny:0.67325
black comedy:0.67075
dark humor:0.653
suicide attempt:0.64775
hospital:0.6445
humorous:0.5515
absurd:0.548
melancholic:0.5405
slapstick:0.54025
goofy:0.5395
life & death:0.51125
alternate endings:0.50575
satirical:0.505
storytelling:0.50125
great ending:0.497
catastrophe:0.49225
hilarious:0.4905
life:0.49025
suprisingly clever:0.48075
male nudity:0.4765
good soundtrack:0.46125
life philosophy:0.4475
nudity (full frontal - brief):0.43825
doctors:0.435
allegory:0.4335
touching:0.43125
redemption:0.42575
weird:0.419
mentor:0.4175
cult classic:0.41275
existentialism:0.4065
story:0.39775
1970s:0.39625
shallow:0.39325
ironic:0.38325
transformation:0.38225
crazy:0.38075
dumb:0.37325
mental hospital:0.37175
brutality:0.36975
pornography:0.368
off-beat comedy:0.36525
satire:0.3625
chase:0.3535
bad ending:0.35125
talky:0.348
unusual plot structure:0.3475
lone hero:0.3475
so bad it's funny:0.34725
quirky:0.337
visually appealing:0.337
adaptation:0.33125
cult film:0.32925
vengeance:0.326
dialogue:0.32575
loneliness:0.3245
unfunny:0.32075
parenthood:0.31575
predictable:0.31475
road movie:0.314
light:0.31025
social commentary:0.30775
drinking:0.305
humor:0.3015
stylized:0.294
crime gone awry:0.2925
first contact:0.29075
good:0.29075
greed:0.28775
drama:0.2825
surreal:0.28075
dreams:0.2805
dumb but funny:0.2805
fun movie:0.279
twists & turns:0.27725
lawyer:0.27725
narrated:0.27425
nudity (topless - brief):0.2715
solitude:0.26975
runaway:0.26925
gangsters:0.2685
reflective:0.26825
natural disaster:0.26625
dark comedy:0.266
foul language:0.2655
funny as hell:0.264
workplace:0.26175
underrated:0.2615
silly fun:0.261
twist ending:0.25975
culture clash:0.25875
dreamlike:0.257
childhood:0.25625
