meditative:0.993
criterion:0.9925
japan:0.9785
ghosts:0.96825
eerie:0.95925
stylized:0.94425
samurai:0.936
supernatural:0.93175
visual:0.93025
cinematography:0.92475
masterpiece:0.914
storytelling:0.9115
visually stunning:0.90375
melancholy:0.87075
creepy:0.86675
stunning:0.8575
atmospheric:0.85425
melancholic:0.85325
talky:0.8395
enigmatic:0.8385
weird:0.809
beautifully filmed:0.79125
tokyo:0.7875
tense:0.7855
life & death:0.7825
reflective:0.77475
japanese:0.76225
affectionate:0.75025
art house:0.74975
breathtaking:0.749
cerebral:0.74175
visually appealing:0.73675
colourful:0.72775
allegory:0.72675
art:0.7265
dreamlike:0.711
imdb top 250:0.7025
great cinematography:0.6975
slow paced:0.672
loneliness:0.667
original:0.6535
oscar (best foreign language film):0.6525
story:0.6475
ominous:0.64675
solitude:0.644
greed:0.644
nocturnal:0.64125
intimate:0.63975
surreal:0.62975
suprisingly clever:0.6165
golden palm:0.611
bleak:0.60925
lyrical:0.60175
macabre:0.60075
blindness:0.59875
existentialism:0.5705
black and white:0.55875
visceral:0.55375
disturbing:0.542
beautiful:0.539
unusual plot structure:0.538
strange:0.53375
secrets:0.53075
amazing photography:0.525
brutality:0.52225
childhood:0.51825
great ending:0.51375
silent:0.5115
obsession:0.5045
frightening:0.50225
harsh:0.4955
cult classic:0.4935
stylish:0.49125
dreams:0.487
transformation:0.4865
ghosts/afterlife:0.4845
culture clash:0.47625
beautiful scenery:0.46675
vengeance:0.466
movielens top pick:0.45375
social commentary:0.4465
narrated:0.44575
kurosawa:0.4435
imagination:0.44
rebellion:0.43975
photography:0.4395
forceful:0.4365
artistic:0.43525
downbeat:0.432
gunfight:0.4255
horror:0.4245
creativity:0.42125
catastrophe:0.418
afterlife:0.418
visuals:0.415
classic:0.4135
self discovery:0.40975
sword fighting:0.40875
first contact:0.404
dark:0.401
