graphic design:0.96175
romantic comedy:0.93325
romance:0.7595
romantic:0.722
love:0.7
original:0.683
love story:0.676
passionate:0.653
great:0.65025
las vegas:0.60275
fun movie:0.5355
twists & turns:0.492
funny:0.49
destiny:0.474
divorce:0.47225
marriage:0.47025
mentor:0.467
very funny:0.4645
comedy:0.4615
factual:0.45475
predictable:0.43575
catastrophe:0.427
fun:0.40975
culture clash:0.40525
disaster:0.4015
good romantic comedies:0.40125
brutality:0.39825
narrated:0.3875
great movie:0.38625
gangsters:0.3835
good:0.3805
chick flick:0.37175
silly:0.359
cute!:0.35775
good soundtrack:0.35075
relationships:0.345
dialogue:0.335
finnish:0.331
pornography:0.32725
beautiful scenery:0.32675
feel-good:0.32675
natural disaster:0.3165
first contact:0.31075
life philosophy:0.3075
underdog:0.30725
erotic:0.301
cute:0.3
nudity (topless - notable):0.3
entirely dialogue:0.29775
lone hero:0.295
girlie movie:0.29475
runaway:0.29325
great ending:0.289
underrated:0.28875
not funny:0.28825
sexy:0.28075
whimsical:0.2805
adaptation:0.27875
fantasy:0.278
overrated:0.27725
storytelling:0.27375
australia:0.2705
transformation:0.2675
sweet:0.26575
happy ending:0.26575
time:0.26425
melancholic:0.26275
complex:0.261
doctors:0.26025
clever:0.257
honest:0.25525
alternate history:0.25475
shopping:0.25325
greed:0.25225
loneliness:0.252
feel good movie:0.2495
so bad it's funny:0.248
light:0.24775
justice:0.24675
drama:0.24525
entertaining:0.24
gangster:0.23925
sexualized violence:0.2385
unfunny:0.237
police investigation:0.235
quirky:0.23375
cult film:0.23325
based on a book:0.23325
california:0.233
harsh:0.23125
based on true story:0.23075
criterion:0.2305
fantasy world:0.23
intense:0.23
fight scenes:0.2295
nudity (full frontal - brief):0.228
oscar (best directing):0.22725
vengeance:0.227
bad plot:0.2255
art:0.2245
