conspiracy:0.9765
politics:0.9605
suspense:0.9495
secrets:0.9485
mystery:0.94775
espionage:0.94325
world politics:0.92675
conspiracy theory:0.92475
tense:0.92475
thriller:0.91675
investigation:0.9165
suspenseful:0.9075
twists & turns:0.89775
political:0.88925
political corruption:0.88425
complex:0.864
enigmatic:0.8565
corruption:0.85075
complicated:0.84825
spying:0.84375
paranoia:0.84125
cerebral:0.83475
powerful ending:0.82825
great ending:0.82425
assassination:0.81475
twist:0.7875
british:0.78375
cinematography:0.77025
atmospheric:0.7695
greed:0.76575
plot:0.76325
twist ending:0.76175
plot twist:0.75775
original:0.75325
complicated plot:0.743
psychological:0.73925
murder:0.73775
drama:0.7295
interesting:0.72875
ghosts:0.724
ominous:0.715
clever:0.70925
chase:0.697
island:0.67
betrayal:0.66725
spy:0.6645
paranoid:0.66175
talky:0.65475
tricky:0.652
adapted from:book:0.6515
adultery:0.6415
manipulation:0.6385
crime:0.6355
bad ending:0.63475
psychology:0.6325
intelligent:0.62925
male nudity:0.6285
cia:0.627
great acting:0.62625
intense:0.62075
storytelling:0.61925
writers:0.59525
stylish:0.59075
obsession:0.58475
dialogue:0.5785
surveillance:0.57275
story:0.57175
murder mystery:0.57075
spies:0.57
runaway:0.56825
police investigation:0.566
good acting:0.56025
brainwashing:0.56025
dark:0.559
assassin:0.55675
moral ambiguity:0.54875
plot holes:0.5395
unusual plot structure:0.534
secret service:0.53275
claustrophobic:0.53225
noir thriller:0.5275
very interesting:0.524
innocence lost:0.523
dramatic:0.5205
based on a book:0.50875
torture:0.4995
dialogue driven:0.49825
identity:0.488
london:0.487
hitchcock:0.48475
absurd:0.4805
sexy:0.4775
death:0.47425
violence:0.4725
england:0.46625
excellent:0.463
justice:0.46175
journalism:0.4605
surprise ending:0.4605
visually appealing:0.45875
