island:0.91225
vengeance:0.90775
violence:0.907
action:0.8975
violent:0.888
brainwashing:0.8865
brutality:0.8765
adventure:0.8745
pirates:0.8735
intense:0.861
technology:0.85825
suspense:0.82375
fight scenes:0.82375
original:0.82225
visceral:0.813
bloody:0.80875
splatter:0.77525
fast paced:0.77375
visually appealing:0.77175
survival:0.76875
great ending:0.76625
father son relationship:0.75075
kidnapping:0.74725
revenge:0.74375
good action:0.717
supernatural:0.704
transformation:0.70125
storytelling:0.69625
blood:0.68525
action packed:0.68375
beautiful scenery:0.674
gory:0.66275
adaptation:0.6445
cinematography:0.639
psychological:0.63025
chase:0.62725
underrated:0.6235
pornography:0.623
brutal:0.6225
plot twist:0.6215
nudity (full frontal - notable):0.61775
lone hero:0.61575
boat:0.6155
pointless:0.6115
hitman:0.60725
murder:0.60325
no dialogue:0.5945
harsh:0.58975
pulp:0.58725
weird:0.58675
great movie:0.58425
distopia:0.57825
first contact:0.57275
stylish:0.56475
story:0.5625
dark:0.5595
sexualized violence:0.5575
weapons:0.55325
death:0.5525
justice:0.55225
visual:0.54375
creepy:0.5225
bad ending:0.5195
bad plot:0.51775
life & death:0.51525
visually stunning:0.5135
graphic novel:0.511
gore:0.51075
guns:0.51075
mentor:0.51025
dialogue:0.5055
scifi:0.5005
suspenseful:0.49725
doctors:0.49525
good soundtrack:0.48675
secrets:0.4855
life philosophy:0.48325
camp:0.483
torture:0.48275
catastrophe:0.48025
plot:0.47775
predictable:0.4675
sci fi:0.466
stylized:0.46325
tense:0.4625
nudity (topless):0.4615
dystopic future:0.4585
exciting:0.4495
culture clash:0.4485
good:0.44
scary:0.434
big budget:0.43275
science fiction:0.429
twist:0.42725
based on a book:0.427
interesting:0.42575
dark hero:0.42475
desert:0.42425
nudity (topless - notable):0.4235
mindfuck:0.42175
