franchise:0.99325
police:0.9735
comedy:0.93
police corruption:0.83975
series:0.82975
predictable:0.81275
nostalgia:0.79075
pointless:0.7825
original:0.77
slapstick:0.7635
crime:0.7635
so bad it's funny:0.73425
stupid:0.72125
idiotic:0.69925
bad plot:0.68725
stupid as hell:0.6495
silly fun:0.6365
crappy sequel:0.5825
new jersey:0.5795
action:0.5655
lame:0.559
horrible:0.54725
sequel:0.539
silly:0.53
great ending:0.52925
80s:0.52725
fight scenes:0.523
dumb but funny:0.50925
sequels:0.5075
stupidity:0.50275
family:0.49225
mentor:0.48675
nocturnal:0.4805
life philosophy:0.46675
overrated:0.46525
fantasy world:0.4605
unfunny:0.4535
brutality:0.45
chase:0.4435
bad:0.43675
first contact:0.435
goofy:0.4345
police investigation:0.4315
parody:0.42725
disaster:0.41125
catastrophe:0.402
science fiction:0.39225
justice:0.39175
based on a tv show:0.3795
very funny:0.37275
dumb:0.37125
big budget:0.369
natural disaster:0.3685
funny:0.36525
007:0.36325
boring:0.362
dialogue:0.349
cult film:0.34675
adventure:0.346
destiny:0.34575
adapted from:comic:0.33725
creativity:0.337
mars:0.33675
crude humor:0.33375
adaptation:0.3285
feel good movie:0.32625
pornography:0.32225
violence:0.31475
sci fi:0.3135
redemption:0.31325
runaway:0.31225
humorous:0.3105
shallow:0.31
storytelling:0.30975
multiple storylines:0.3095
feel-good:0.3065
action packed:0.296
lone hero:0.295
1980s:0.294
fantasy:0.294
entirely dialogue:0.29275
good action:0.2895
ridiculous:0.289
surreal:0.2865
vengeance:0.2825
culture clash:0.282
camp:0.281
gangs:0.28075
pg-13:0.2805
comics:0.27975
weapons:0.27975
corruption:0.2775
unusual plot structure:0.276
memory:0.273
good music:0.27175
male nudity:0.27075
quirky:0.26975
bad cgi:0.26975
fun:0.26925
good:0.26925
