science fiction:0.994
space:0.9915
scifi:0.9915
clones:0.98825
sci-fi:0.98775
sci fi:0.9805
astronauts:0.9795
future:0.96725
cloning:0.966
space travel:0.95675
loneliness:0.956
futuristic:0.95475
technology:0.94725
cerebral:0.94175
plot twist:0.9385
solitude:0.937
psychological:0.93275
isolation:0.9295
slow paced:0.928
nasa:0.917
claustrophobic:0.91675
original:0.91575
drama:0.9045
robot:0.90175
thought-provoking:0.895
complicated:0.88825
interesting:0.88625
powerful ending:0.884
psychology:0.88325
space opera:0.88175
science:0.87525
great ending:0.87425
dark:0.872
storytelling:0.8695
existentialism:0.86575
mindfuck:0.8595
moon:0.8575
intelligent sci-fi:0.8535
great acting:0.836
visual:0.833
suspense:0.82825
excellent script:0.827
atmospheric:0.81775
complex:0.79925
tense:0.79625
dramatic:0.7935
imdb top 250:0.79275
twists & turns:0.792
twist ending:0.7875
melancholy:0.77475
mars:0.774
visually appealing:0.77225
thriller:0.77175
clever:0.765
complicated plot:0.76475
social commentary:0.762
good acting:0.7555
secrets:0.74
very interesting:0.72575
imagination:0.7235
philosophical:0.723
philosophy:0.722
story:0.72175
identity:0.71875
dystopia:0.71675
plot holes:0.71525
greed:0.7135
twist:0.712
conspiracy:0.71125
enigmatic:0.71075
talky:0.70875
mentor:0.70475
good soundtrack:0.704
plot:0.70375
great soundtrack:0.69375
cinematography:0.692
tricky:0.689
androids:0.68775
suspenseful:0.6875
bleak:0.68725
narrated:0.687
good:0.68575
intense:0.68475
low budget:0.68425
intelligent:0.68325
weird:0.68225
first contact:0.68125
memory:0.678
directorial debut:0.6765
meditative:0.66825
artificial intelligence:0.668
ominous:0.66
masterpiece:0.65875
criterion:0.65675
life & death:0.6545
dystopic future:0.653
reflective:0.65025
great movie:0.643
humanity:0.64075
special effects:0.64025
