dog:0.9985
dogs:0.99225
cute!:0.8355
children:0.8095
so bad it's funny:0.80675
kids:0.792
family:0.71625
original:0.682
predictable:0.673
spoof:0.639
silly:0.607
runaway:0.5875
cute:0.57275
silly fun:0.54975
mentor:0.524
natural disaster:0.51375
bad plot:0.51175
bad:0.50075
animals:0.492
life philosophy:0.4855
kids and family:0.4845
adventure:0.4835
parody:0.48275
overrated:0.4785
satirical:0.4735
stereotypes:0.46275
catastrophe:0.41475
finnish:0.414
animal movie:0.411
lone hero:0.40375
made for tv:0.39425
absurd:0.3845
ninja:0.382
dialogue:0.371
friendship:0.36725
talking animals:0.3645
bad cgi:0.36075
first contact:0.36025
mad scientist:0.3575
fun:0.3565
brutality:0.3565
unlikely friendships:0.35625
great ending:0.3555
disaster:0.35
humorous:0.3465
very funny:0.33825
fight scenes:0.33025
nudity (full frontal - brief):0.32775
not funny:0.32425
writers:0.31575
fun movie:0.31
quirky:0.30775
funny:0.30375
bullshit history:0.3025
slapstick:0.3005
franchise:0.2995
great:0.2935
pulp:0.2905
pg-13:0.29
melancholic:0.281
comedy:0.2805
nocturnal:0.2765
death:0.27375
adaptation:0.273
unfunny:0.27225
entirely dialogue:0.2715
betrayal:0.27125
happy ending:0.27075
sci fi:0.268
goofy:0.2665
redemption:0.266
cartoon:0.26425
irish accent:0.263
romance:0.2625
cult film:0.259
weapons:0.255
stupid:0.25325
pointless:0.25275
story:0.25125
boring:0.2485
existentialism:0.2455
fantasy world:0.242
crappy sequel:0.24075
destiny:0.23725
vengeance:0.2355
80s:0.235
kidnapping:0.23425
touching:0.23225
police investigation:0.23
dinosaurs:0.22975
clever:0.22925
unusual plot structure:0.229
feel good movie:0.2275
surreal:0.226
too long:0.22225
crude humor:0.2215
shallow:0.221
dysfunctional family:0.21925
fantasy:0.21925
pg:0.217
