aardman studios:1.0
oscar (best animated feature):0.99725
stop motion:0.99375
stop-motion:0.98425
animation:0.983
rabbits:0.9795
claymation:0.9695
aardman:0.961
british comedy:0.9575
british:0.93075
computer animation:0.89475
animated:0.8685
original:0.8375
imdb top 250:0.8355
fun:0.83375
cute:0.82875
clever:0.82175
humor:0.81725
kids and family:0.814
witty:0.79875
comedy:0.759
humorous:0.7555
whimsical:0.75225
hilarious:0.74425
goofy:0.7435
eccentricity:0.73825
fun movie:0.723
cartoon:0.7205
funny:0.7045
great:0.69825
talking animals:0.69125
affectionate:0.68975
quirky:0.63825
animals:0.61425
great movie:0.60125
short:0.589
brainwashing:0.588
storytelling:0.58725
dialogue:0.569
children:0.5645
story:0.5645
absurd:0.563
creativity:0.56025
good:0.5575
satirical:0.5575
dogs:0.55425
family:0.55225
animal movie:0.5425
weird:0.5345
chase:0.51975
allegory:0.5185
colourful:0.51725
entertaining:0.509
light:0.50775
great ending:0.49925
cute!:0.497
pixar animation:0.49275
funny as hell:0.4915
oscar winner:0.4915
too short:0.48425
silly fun:0.48175
parody:0.46825
oscar:0.465
very funny:0.4615
obsession:0.45475
twists & turns:0.45475
runaway:0.45325
england:0.4485
adventure:0.4455
suprisingly clever:0.4435
catastrophe:0.4385
penguins:0.43825
competition:0.4315
good soundtrack:0.431
love:0.4265
dark fantasy:0.42525
classic:0.42175
visual:0.41925
criterion:0.4135
dog:0.41075
talky:0.398
quotable:0.397
sweet:0.396
satire:0.39575
adaptation:0.3875
mentor:0.38625
oscar (best directing):0.377
kids:0.37425
interesting:0.37275
greed:0.372
visually appealing:0.37125
visually stunning:0.369
very good:0.3655
fast paced:0.3645
culture clash:0.363
silent:0.358
oscar (best actress):0.356
atmospheric:0.35475
social commentary:0.35425
movielens top pick:0.352
