relationships:0.96675
romantic:0.956
romantic comedy:0.95475
sweet:0.91525
romance:0.91
love story:0.90125
bittersweet:0.8915
loneliness:0.8795
emotional:0.87475
disability:0.87275
life & death:0.8555
mental illness:0.854
heartbreaking:0.8105
mentor:0.7875
melancholic:0.78275
autism:0.7755
destiny:0.76
love:0.73925
original:0.73725
touching:0.70875
happy ending:0.70475
sentimental:0.695
life philosophy:0.6675
solitude:0.65925
good soundtrack:0.65525
coming of age:0.65475
indie:0.63375
pg-13:0.631
honest:0.62725
feel-good:0.6255
very interesting:0.6255
storytelling:0.6225
unlikely friendships:0.62225
independent film:0.6215
heartwarming:0.605
life:0.60375
drama:0.59375
intellectual:0.58725
depression:0.5835
quirky:0.5805
poignant:0.5755
whimsical:0.55875
friendship:0.549
simple:0.5435
idealism:0.52475
feel good movie:0.4955
culture clash:0.48675
story:0.4825
philosophy:0.48125
great ending:0.47575
good:0.47
complex:0.46675
special:0.465
reflective:0.46125
new york city:0.45925
intimate:0.459
coming-of-age:0.4585
sacrifice:0.456
obsession:0.45275
cute:0.449
realistic:0.4475
catastrophe:0.44725
weird:0.44
beautiful scenery:0.439
cathartic:0.435
social commentary:0.41475
childhood:0.4105
justice:0.40975
marriage:0.40925
redemption:0.409
writers:0.405
light:0.40275
not funny:0.40225
chick flick:0.401
beautifully filmed:0.4005
melancholy:0.399
sad:0.38525
humorous:0.38325
courage:0.38075
character study:0.378
transformation:0.37725
good acting:0.3755
so bad it's funny:0.37
classic car:0.3655
new jersey:0.3655
interesting:0.36175
visually appealing:0.35825
clever:0.35
california:0.3495
passionate:0.348
psychology:0.34775
intelligent:0.3465
cancer:0.33975
books:0.3395
sad but good:0.338
plot:0.3345
dialogue:0.332
divorce:0.3315
runaway:0.32825
suprisingly clever:0.3255
