alien:0.98675
space travel:0.9765
scifi:0.97325
space:0.964
astronauts:0.96
sci fi:0.92675
sci-fi:0.908
cult film:0.8955
cult classic:0.893
low budget:0.89
aliens:0.8685
space opera:0.8265
weird:0.8245
existentialism:0.82375
surreal:0.8235
science fiction:0.79925
criterion:0.781
spoof:0.76225
first contact:0.70625
meditative:0.6965
parody:0.687
scifi cult:0.683
enigmatic:0.66275
cerebral:0.6555
so bad it's funny:0.6425
original:0.6395
solitude:0.62
imagination:0.599
absurd:0.5615
great ending:0.56
life & death:0.546
off-beat comedy:0.54425
goofy:0.52725
suprisingly clever:0.526
light:0.51975
mars:0.488
bombs:0.4855
loneliness:0.474
satirical:0.4675
deadpan:0.45725
campy:0.44775
dialogue:0.4455
melancholic:0.44175
catastrophe:0.433
futuristic:0.43175
paranoid:0.42875
isolation:0.41225
alien invasion:0.41075
mentor:0.404
philosophical:0.4
creativity:0.394
greed:0.39125
special effects:0.39
chase:0.38975
unique:0.3845
unusual plot structure:0.383
storytelling:0.38025
talky:0.379
stoner movie:0.377
humorous:0.3755
dreamlike:0.373
very funny:0.3685
allegory:0.36775
visual:0.36125
nasa:0.3605
quirky:0.349
nostalgic:0.342
stupidity:0.3415
quotable:0.34025
runaway:0.34025
masterpiece:0.34025
clones:0.34025
clever:0.336
great:0.33125
transformation:0.324
life philosophy:0.32075
atmospheric:0.3145
entirely dialogue:0.31025
technology:0.3055
bizarre:0.30525
melancholy:0.30525
mad scientist:0.30475
computer animation:0.30475
beautiful scenery:0.30375
claustrophobic:0.302
strange:0.29925
satire:0.29425
hilarious:0.28975
culture clash:0.28475
slapstick:0.28375
cinematography:0.2825
comedy:0.2805
doctors:0.2755
cult:0.2755
good soundtrack:0.2695
golden palm:0.26775
humanity:0.26525
brutality:0.26025
moon:0.25925
funny as hell:0.2585
