teacher:0.78175
foreign:0.7675
children:0.76425
childhood:0.72775
original:0.7025
mafia:0.62175
italy:0.5865
criterion:0.54825
runaway:0.544
mentor:0.54025
kids:0.53825
finnish:0.51025
intimate:0.48375
oscar (best foreign language film):0.4735
whimsical:0.4475
melancholic:0.43025
school:0.423
catastrophe:0.42
golden palm:0.412
friendship:0.4085
italian:0.40825
storytelling:0.40675
very interesting:0.40625
drama:0.39525
great ending:0.3775
unlikely friendships:0.364
organized crime:0.3635
comedy:0.35225
fantasy world:0.34675
pornography:0.3465
great:0.34475
weird:0.33975
light:0.339
nostalgic:0.32725
not funny:0.32375
existentialism:0.312
loneliness:0.30325
good:0.2955
multiple storylines:0.295
talky:0.29475
dialogue:0.29425
good soundtrack:0.293
enigmatic:0.29175
suprisingly clever:0.289
adaptation:0.2875
culture clash:0.285
social commentary:0.28425
life & death:0.27775
beautifully filmed:0.2775
male nudity:0.27575
cinematography:0.2745
reflective:0.2735
passionate:0.26325
brutality:0.263
story:0.25925
life philosophy:0.2535
death:0.2525
crime gone awry:0.248
adapted from:book:0.246
visually appealing:0.24075
adolescence:0.24025
visually stunning:0.2385
imagination:0.23775
cerebral:0.236
poverty:0.2355
stereotypes:0.23525
feel-good:0.23475
inspirational:0.234
dreamlike:0.2335
transformation:0.2335
parallel universe:0.2315
oscar (best directing):0.23
entirely dialogue:0.229
destiny:0.2265
fight scenes:0.2245
quirky:0.22225
clever:0.2205
off-beat comedy:0.21975
nudity (full frontal - brief):0.2195
movielens top pick:0.218
lone hero:0.217
excellent script:0.21675
based on book:0.216
redemption:0.2145
innocence lost:0.211
bullying:0.209
overrated:0.20875
allegory:0.208
bittersweet:0.20725
family:0.20475
violent:0.2035
first contact:0.20275
coming of age:0.2015
pg-13:0.2005
intense:0.199
great acting:0.1975
greed:0.19475
nudity (full frontal - notable):0.1945
twists & turns:0.19375
imdb top 250:0.1935
