censorship:0.998
violence:0.95225
pornography:0.94675
social commentary:0.9465
controversial:0.944
documentary:0.9285
male nudity:0.9265
corruption:0.909
politics:0.89575
sexual:0.8845
independent film:0.8575
business:0.85075
original:0.814
free speech:0.81
secrets:0.81
very interesting:0.80925
sex:0.804
investigation:0.8025
interesting:0.77925
pg-13:0.766
violent:0.748
gratuitous violence:0.7315
obsession:0.70375
greed:0.701
journalism:0.68825
gay:0.65775
sexuality:0.6525
political:0.646
nudity:0.644
manipulation:0.64225
disturbing:0.64075
sexualized violence:0.64
sexy:0.62525
foul language:0.62225
brutality:0.6205
capitalism:0.60375
weird:0.60325
narrated:0.595
runaway:0.59225
clever:0.58925
murder:0.589
nudity (full frontal - notable):0.58725
good soundtrack:0.582
movielens top pick:0.57925
police investigation:0.57875
talky:0.5775
grindhouse:0.57675
entertaining:0.57525
nudity (full frontal):0.56925
conspiracy theory:0.569
criterion:0.56625
storytelling:0.5565
based on book:0.551
justice:0.54975
internet:0.54475
culture clash:0.5415
thought-provoking:0.53275
graphic novel:0.5315
excellent script:0.52975
morality:0.52625
conspiracy:0.52175
identity:0.51675
great ending:0.51475
honest:0.51325
intense:0.507
good:0.50375
homophobia:0.50275
intimate:0.5
artistic:0.49975
life philosophy:0.49475
idealism:0.49475
twists & turns:0.4855
pg:0.4815
adapted from:book:0.47025
based on a book:0.46625
lesbian:0.46325
private detective:0.4565
satire:0.4515
intellectual:0.44975
absurd:0.4485
mentor:0.44225
stylized:0.43625
light:0.43225
dialogue:0.4275
psychological:0.4255
vengeance:0.42325
suspense:0.42325
nudity (full frontal - brief):0.421
harsh:0.41625
imdb top 250:0.41625
golden palm:0.41375
indie:0.4095
race issues:0.4095
oscar (best directing):0.40625
catastrophe:0.406
betrayal:0.40275
complex:0.4015
cult film:0.4005
distopia:0.4
educational:0.39925
