good soundtrack:0.92225
surfing:0.87025
fun movie:0.8285
hawaii:0.78075
destiny:0.71775
cult classic:0.71725
relationships:0.713
british:0.69675
life philosophy:0.69325
original:0.68825
awesome soundtrack:0.686
mentor:0.67625
shallow:0.66
nudity (full frontal - notable):0.6185
british comedy:0.605
social commentary:0.60075
obsession:0.59325
drug addiction:0.58975
quirky:0.577
stereotypes:0.57375
honest:0.573
narrated:0.53825
england:0.53525
scotland:0.52975
fun:0.52575
realistic:0.52525
small town:0.5205
movielens top pick:0.51975
goretastic:0.51475
loneliness:0.49475
feel good movie:0.49075
entirely dialogue:0.48825
weird:0.48425
male nudity:0.47125
coming of age:0.47075
dialogue:0.469
plot:0.466
feel-good:0.4585
drinking:0.43875
crime gone awry:0.436
melancholic:0.43575
catastrophe:0.435
love:0.433
good:0.4285
great:0.4265
great ending:0.4225
cult film:0.419
coming-of-age:0.414
harsh:0.41025
fantasy world:0.40975
criterion:0.3975
cool:0.396
enormously long battle scene:0.392
brutality:0.391
sexualized violence:0.391
drug abuse:0.39
intimate:0.385
gay character:0.38425
california:0.37275
silly:0.3715
addiction:0.371
runaway:0.3675
drama:0.3615
whimsical:0.36125
stoner movie:0.3525
classic car:0.35025
existentialism:0.34825
eccentricity:0.348
psychiatry:0.34075
australia:0.3385
quotable:0.33775
queer:0.33575
women:0.33125
splatter:0.331
sex:0.3275
nostalgic:0.327
writers:0.3245
very funny:0.32375
pointless:0.32325
independent film:0.3225
passionate:0.321
gangsters:0.31925
unlikely friendships:0.3165
not funny:0.31525
character study:0.3145
clever:0.31425
nudity (full frontal - brief):0.3135
humorous:0.31325
adaptation:0.31325
race issues:0.3075
storytelling:0.304
immortality:0.303
irish accent:0.302
off-beat comedy:0.30175
enigmatic:0.30125
prejudice:0.29625
friendship:0.29575
dark hero:0.29275
police investigation:0.2925
romantic:0.2895
