spiders:0.99975
horror:0.91575
creepy:0.9015
splatter:0.81725
grindhouse:0.78425
nudity (topless):0.775
original:0.743
camp:0.71775
vengeance:0.70325
cult film:0.69775
slasher:0.69725
suspenseful:0.6905
scary:0.61925
brutality:0.616
serial killer:0.609
science fiction:0.5885
great ending:0.58125
nocturnal:0.579
lone hero:0.57275
cult classic:0.5685
80s:0.5545
campy:0.5535
low budget:0.537
sexualized violence:0.5265
snakes:0.517
hunting:0.51375
animals:0.49925
visceral:0.4935
small town:0.48425
monster:0.4795
gruesome:0.46425
disturbing:0.464
harsh:0.46025
effects:0.4425
revenge:0.44025
dialogue:0.43525
suspense:0.43
nudity (topless - notable):0.4295
gory:0.4285
mentor:0.42775
violence:0.42675
adaptation:0.4185
fun movie:0.41525
catastrophe:0.4075
predictable:0.40075
haunted house:0.3995
werewolf:0.395
eerie:0.39475
pulp:0.39375
fight scenes:0.39175
downbeat:0.38925
mad scientist:0.38225
demons:0.3815
teens:0.3775
gratuitous violence:0.3705
action packed:0.3695
blood:0.36625
birds:0.36275
classic car:0.35875
overrated:0.35525
special effects:0.354
silly fun:0.35375
bdsm:0.3535
nudity (full frontal - notable):0.35275
death:0.35225
good soundtrack:0.3425
cult:0.342
silly:0.33875
goretastic:0.337
bad ending:0.337
natural disaster:0.3345
stoner movie:0.33425
ghosts:0.333
dreamlike:0.3325
narrated:0.33025
entirely dialogue:0.32525
wilderness:0.3225
monsters:0.3205
bizarre:0.31975
brutal:0.3195
multiple storylines:0.3165
dark hero:0.31525
happy ending:0.31025
unusual plot structure:0.308
first contact:0.30775
weapons:0.306
not funny:0.304
fantasy world:0.30325
intense:0.303
biting:0.3005
nostalgic:0.2995
storytelling:0.29825
quirky:0.2975
frightening:0.29725
pornography:0.2965
bloody:0.295
desert:0.29475
pointless:0.2945
weird:0.293
stylized:0.29275
