existentialism:0.9845
surreal:0.952
dystopia:0.93675
future:0.9345
alternate reality:0.923
futuristic:0.90525
cerebral:0.86475
visually appealing:0.86025
philosophical:0.853
visual:0.83875
gilliam:0.83525
scifi:0.8205
weird:0.81475
absurd:0.7965
allegory:0.78425
life & death:0.776
original:0.7545
loneliness:0.7495
sci fi:0.74575
imagination:0.71275
utopia:0.69975
alone in the world:0.691
visually stunning:0.678
life philosophy:0.67575
creativity:0.665
surrealism:0.65125
life:0.64925
metaphysics:0.6465
workplace:0.63325
technology:0.62425
sci-fi:0.6175
surveillance:0.60275
solitude:0.60025
complex:0.595
storytelling:0.58525
quirky:0.56875
cyberpunk:0.56575
virtual reality:0.56425
fantasy world:0.56325
dreamlike:0.56025
meditative:0.554
visuals:0.54975
science fiction:0.54525
first contact:0.5425
destiny:0.5295
eccentricity:0.5155
thought-provoking:0.514
bizarre:0.4955
enigmatic:0.491
catastrophe:0.48725
whimsical:0.48475
philosophy:0.47375
dystopic future:0.47025
redemption:0.4635
dreams:0.45825
colourful:0.4555
reflective:0.443
pointless:0.43975
dialogue:0.4335
road movie:0.43
cult film:0.42775
bleak:0.4275
mad scientist:0.42675
very interesting:0.42325
insanity:0.421
bittersweet:0.418
strange:0.415
science:0.41475
satirical:0.41
pornography:0.40825
queer:0.4025
not funny:0.3995
god:0.38825
cinematography:0.38675
transformation:0.3865
rebellion:0.37575
great ending:0.37375
lone hero:0.37175
story:0.37075
good soundtrack:0.37025
mentor:0.36875
cult classic:0.36525
internet:0.36175
unusual plot structure:0.35775
runaway:0.356
fantasy:0.355
social commentary:0.346
humanity:0.345
criterion:0.34325
art:0.33775
independent film:0.33175
special effects:0.32275
post-apocalyptic:0.31225
artistic:0.30875
great:0.30525
fight scenes:0.29975
brutality:0.297
melancholic:0.297
grindhouse:0.29575
death:0.29575
