criterion:0.9745
talky:0.92625
murder:0.84275
serial killer:0.82375
greed:0.8155
women:0.80275
black comedy:0.791
original:0.778
silent:0.77625
police investigation:0.7245
satirical:0.70375
macabre:0.69425
moral ambiguity:0.645
witty:0.63425
movielens top pick:0.62975
idealism:0.62375
pornography:0.601
downbeat:0.597
golden palm:0.59425
great ending:0.58425
culture clash:0.5675
brutality:0.56725
enigmatic:0.5655
catastrophe:0.56225
runaway:0.555
capitalism:0.5515
affectionate:0.55
oscar (best actress):0.54775
corruption:0.5465
oscar (best foreign language film):0.542
crime:0.54175
social commentary:0.54125
murder mystery:0.53975
satire:0.53675
cynical:0.53625
tragedy:0.5345
gunfight:0.52825
oscar (best supporting actress):0.52525
dark comedy:0.5235
suprisingly clever:0.52025
political:0.51725
reflective:0.51325
vengeance:0.5075
unusual plot structure:0.50725
harsh:0.50675
wartime:0.50375
assassination:0.5035
stylized:0.5035
clever:0.50325
obsession:0.49775
interesting:0.4935
black and white:0.48375
politics:0.47675
atmospheric:0.473
imdb top 250:0.471
intimate:0.468
very interesting:0.4645
oscar (best directing):0.461
masterpiece:0.45475
wine:0.44775
bleak:0.44475
cult film:0.44225
mentor:0.44225
disturbing:0.44025
dark:0.4395
biting:0.4285
classic:0.42825
complex:0.42525
farce:0.41975
nocturnal:0.41725
controversial:0.41575
identity:0.413
dialogue:0.412
melancholic:0.4095
morality:0.404
comedy:0.3975
based on a play:0.39625
marriage:0.38375
distopia:0.3795
humorous:0.377
grim:0.37325
dark hero:0.369
storytelling:0.36775
secrets:0.367
1930s:0.3625
sexy:0.361
entirely dialogue:0.36025
death:0.35975
classic car:0.3595
sexualized violence:0.35825
dramatic:0.35675
gangsters:0.35625
great:0.35425
depression:0.35325
guilt:0.35325
ironic:0.3525
grindhouse:0.35125
justice:0.34875
visually appealing:0.3465
narrated:0.34575
