military:0.9835
rape:0.981
sexual abuse:0.96225
social commentary:0.925
documentary:0.90725
secrets:0.9065
sexual:0.905
women:0.88875
forceful:0.87925
brutality:0.84275
hard to watch:0.82625
political:0.79625
runaway:0.786
heartbreaking:0.73025
court:0.72775
adultery:0.725
police investigation:0.7215
pornography:0.721
tense:0.7065
sexualized violence:0.6955
corruption:0.688
sacrifice:0.67525
disturbing:0.669
oscar (best actress):0.66175
investigation:0.65325
justice:0.6405
censorship:0.6235
journalism:0.6215
criterion:0.61175
chase:0.5925
controversial:0.587
pregnancy:0.5845
psychological:0.577
golden palm:0.5755
interesting:0.56575
manipulation:0.56475
politics:0.5605
original:0.557
islam:0.5565
surveillance:0.55325
crime:0.546
intimate:0.532
idealism:0.52975
ethnic conflict:0.528
child abuse:0.52025
betrayal:0.519
sexy:0.50575
murder mystery:0.49875
greed:0.49825
great:0.49625
underrated:0.48625
prejudice:0.481
paranoia:0.47925
mentor:0.472
nudity (full frontal - notable):0.47125
creepy:0.4675
brainwashing:0.4655
blood:0.45725
alternate endings:0.4565
culture clash:0.44975
torture:0.43875
insanity:0.43725
spanish:0.4365
very interesting:0.435
educational:0.43425
brutal:0.43225
kidnapping:0.42525
sad:0.41975
gory:0.416
serial killer:0.4145
moral ambiguity:0.41225
allegory:0.41075
conspiracy:0.4045
great ending:0.40325
downbeat:0.40325
catastrophe:0.39875
courage:0.3945
environment:0.3945
disability:0.3935
guilt:0.39025
adolescence:0.38375
nudity (full frontal - brief):0.3825
honest:0.3755
lawyers:0.37325
foreign:0.37225
life philosophy:0.3695
spying:0.3675
good:0.36675
not funny:0.36025
courtroom:0.35475
satire:0.35275
tragedy:0.35275
horror:0.35175
macabre:0.3515
violent:0.349
weapons:0.3455
suprisingly clever:0.3395
enigmatic:0.33825
movielens top pick:0.33625
great acting:0.33375
