enigmatic:0.9795
reflective:0.97375
meditative:0.968
melancholy:0.954
loneliness:0.93625
criterion:0.9355
melancholic:0.93125
intimate:0.89725
music:0.8895
solitude:0.8745
trilogy:0.8675
life & death:0.85625
beautifully filmed:0.85425
relationships:0.85275
french:0.8355
visual:0.8225
cinematography:0.81925
isolation:0.81025
death:0.802
visually appealing:0.787
good soundtrack:0.78325
classical music:0.779
visually stunning:0.763
storytelling:0.7535
stunning:0.7445
complex:0.74325
masterpiece:0.73
cathartic:0.7275
poland:0.72675
cerebral:0.726
existentialism:0.71825
emotional:0.7165
downbeat:0.71525
colourful:0.7095
depression:0.706
golden palm:0.6955
tragedy:0.6925
art house:0.69175
photography:0.68225
artistic:0.679
weird:0.6755
original:0.67525
atmospheric:0.65175
love:0.6295
mozart:0.62475
character study:0.62075
lyrical:0.61375
marriage:0.60775
social commentary:0.6055
breathtaking:0.60425
talky:0.59425
great cinematography:0.5935
great ending:0.58025
good music:0.5685
dialogue:0.56675
paris:0.56
creativity:0.55925
allegory:0.55175
obsession:0.54925
artsy:0.5445
bleak:0.54425
nocturnal:0.54225
catastrophe:0.5385
suprisingly clever:0.53375
foreign:0.52325
imdb top 250:0.52
culture clash:0.519
touching:0.51825
redemption:0.5155
passionate:0.51475
life philosophy:0.51375
depressing:0.50825
unusual plot structure:0.508
oscar (best actress):0.5065
art:0.49225
psychological:0.4895
hospital:0.48775
memory:0.486
beautiful:0.4805
moody:0.48025
intellectual:0.479
light:0.4785
dreamlike:0.47375
stylized:0.46875
harsh:0.46625
intense:0.465
pornography:0.46
oscar (best foreign language film):0.459
philosophy:0.45725
secrets:0.456
entirely dialogue:0.447
compassionate:0.437
thought-provoking:0.43625
beautiful scenery:0.436
slow paced:0.43375
bittersweet:0.425
twists & turns:0.424
movielens top pick:0.424
life:0.41725
heartbreaking:0.41575
