tear jerker:0.877
small town:0.861
sentimental:0.84475
love story:0.83325
feel-good:0.82225
touching:0.81275
destiny:0.78525
romantic:0.781
supernatural:0.76025
feel good movie:0.75125
original:0.73475
sappy:0.73125
life philosophy:0.72475
romance:0.70125
good:0.694
drama:0.69025
good soundtrack:0.6855
great ending:0.68525
mentor:0.67875
scifi:0.67225
chick flick:0.64925
happy ending:0.64225
big budget:0.63475
great:0.62575
great acting:0.61875
catastrophe:0.61075
story:0.60225
love:0.602
earnest:0.6005
light:0.59375
first contact:0.593
life & death:0.58175
science:0.574
cancer:0.56825
bittersweet:0.5675
good acting:0.5675
romantic comedy:0.56175
chase:0.5515
life:0.5505
friendship:0.5505
unlikely friendships:0.5495
beautiful scenery:0.548
emotional:0.54225
pg-13:0.54225
sacrifice:0.5345
sci fi:0.52225
thought-provoking:0.5145
inspirational:0.508
heartwarming:0.508
sweet:0.50075
girlie movie:0.494
natural disaster:0.4865
great movie:0.48225
doctors:0.47575
honest:0.47575
shallow:0.455
bad ending:0.45475
predictable:0.452
whimsical:0.449
excellent:0.441
inspiring:0.44075
storytelling:0.438
redemption:0.437
fun movie:0.4315
existentialism:0.4315
suprisingly clever:0.42825
special effects:0.42625
adventure:0.42525
courage:0.41025
dramatic:0.399
simple:0.398
aliens:0.391
cerebral:0.384
underrated:0.383
betrayal:0.37975
alien:0.3795
transformation:0.376
dialogue:0.36775
philosophical:0.364
not funny:0.36025
creativity:0.359
oscar winner:0.35825
philosophy:0.35775
science fiction:0.35325
entertaining:0.351
paranoia:0.35
special:0.34725
plot:0.3455
culture clash:0.34175
good story:0.341
psychological:0.3405
vengeance:0.34025
family drama:0.339
exciting:0.33775
justice:0.33575
excellent script:0.3345
intense:0.33225
oscar (best effects - visual effects):0.332
nostalgic:0.33175
better than expected:0.33125
