con artists:0.99925
con men:0.9965
twists & turns:0.9895
heist:0.98875
argentina:0.98675
caper:0.9795
twist ending:0.97675
surprise ending:0.9505
plot twist:0.9275
excellent script:0.9235
greed:0.921
spanish:0.913
complicated:0.913
great acting:0.9065
tricky:0.90125
cerebral:0.89175
great ending:0.87
twist:0.8635
complex:0.86175
cheating:0.836
good acting:0.82675
talky:0.826
storytelling:0.82525
imdb top 250:0.82325
clever:0.82175
powerful ending:0.81325
mentor:0.812
hotel:0.80675
original:0.8005
crime:0.79575
interesting:0.75625
excellent:0.7545
fast paced:0.746
corruption:0.7405
foreign:0.739
downbeat:0.73725
very interesting:0.72475
allegory:0.711
social commentary:0.71
visually appealing:0.69975
exceptional acting:0.69525
thriller:0.69375
dialogue:0.69225
enigmatic:0.6895
alternate endings:0.68675
plot:0.67675
drama:0.67675
criterion:0.67625
political corruption:0.66675
cinematography:0.666
tense:0.66525
complicated plot:0.6545
betrayal:0.65325
suspense:0.651
secrets:0.6475
mindfuck:0.6245
solitude:0.62025
spain:0.617
good:0.614
psychological:0.60525
dramatic:0.59875
suprisingly clever:0.5955
manipulation:0.58875
entertaining:0.5885
great movie:0.5785
story:0.57675
great:0.576
unusual plot structure:0.57525
movielens top pick:0.5735
weird:0.573
mystery:0.57225
catastrophe:0.565
narrated:0.5635
oscar (best directing):0.56225
crime gone awry:0.56225
justice:0.5595
entirely dialogue:0.542
police investigation:0.525
life philosophy:0.52025
very good:0.51125
existentialism:0.50975
visually stunning:0.5095
non-linear:0.508
stylish:0.50175
nonlinear:0.49575
intelligent:0.49075
feel good movie:0.48925
bad ending:0.489
cynical:0.48725
golden palm:0.48425
fun movie:0.47875
atmospheric:0.476
good soundtrack:0.47575
harsh:0.47375
independent film:0.47225
stylized:0.47225
redemption:0.4715
visual:0.4675
light:0.46725
morality:0.46625
