romantic comedy:0.96425
sports:0.90825
football:0.8625
soccer:0.8465
divorce:0.7385
fun movie:0.688
predictable:0.6805
chick flick:0.649
so bad it's funny:0.64575
original:0.5665
chase:0.55275
comedy:0.544
catastrophe:0.519
relationships:0.5115
mentor:0.49975
transformation:0.49825
romance:0.496
first contact:0.489
entertaining:0.489
happy ending:0.48675
basketball:0.4605
women:0.45825
father son relationship:0.45625
great:0.44925
romantic:0.43725
sacrifice:0.428
silly:0.425
lone hero:0.41
cheating:0.406
teen movie:0.397
pg-13:0.3965
feel-good:0.37425
bad cgi:0.373
girlie movie:0.371
doctors:0.371
natural disaster:0.365
unfunny:0.354
cute:0.349
storytelling:0.3485
not funny:0.34375
feel good movie:0.34225
marriage:0.33575
funny:0.32875
bad ending:0.325
inspirational:0.31575
very funny:0.3155
based on true story:0.314
fantasy world:0.31125
dialogue:0.3075
bad plot:0.307
con artists:0.29575
great ending:0.29325
family:0.288
shallow:0.286
vengeance:0.28525
betrayal:0.28375
lawyer:0.28175
manipulation:0.27275
action:0.27125
drama:0.269
adaptation:0.25925
technology:0.25775
redemption:0.2545
superheroes:0.25375
story:0.25325
bad acting:0.24925
enormously long battle scene:0.24875
single father:0.2425
sexual:0.242
underrated:0.23975
life philosophy:0.23825
irish accent:0.2355
teen:0.235
stereotypes:0.228
writers:0.22125
fashion:0.22025
crude humor:0.2195
overrated:0.21925
slapstick:0.2185
good romantic comedies:0.217
satirical:0.217
dumb:0.21675
kick-butt women:0.215
honest:0.2145
dog:0.2135
werewolf:0.21325
good:0.21325
family drama:0.2125
based on a book:0.2115
ninja:0.208
disaster:0.207
pornography:0.20625
gangsters:0.20625
quirky:0.20275
brutality:0.19975
better than expected:0.199
visually appealing:0.1985
fantasy:0.1985
justice:0.19775
grindhouse:0.19575
