rome:0.855
off-beat comedy:0.81325
talky:0.79975
gypsy accent:0.73225
so bad it's funny:0.68
pornography:0.66975
cinematography:0.64025
original:0.626
tokyo:0.609
movielens top pick:0.60375
independent film:0.6015
visually appealing:0.5955
fascism:0.5495
russian:0.52575
oscar (best foreign language film):0.51075
parallel universe:0.495
meditative:0.488
life philosophy:0.4875
male nudity:0.47175
harsh:0.4645
spanish:0.4595
allegory:0.45625
radio:0.4525
italy:0.45
cars:0.4485
kick-butt women:0.442
camp:0.43975
new jersey:0.43325
catastrophe:0.43275
trilogy:0.4225
good soundtrack:0.42
dialogue:0.4195
criterion:0.419
mentor:0.41425
nerds:0.40675
better than the american version:0.40525
beer:0.39425
family drama:0.39075
weird:0.38775
golden palm:0.38425
great:0.383
enigmatic:0.36675
writers:0.36175
bdsm:0.3595
no dialogue:0.353
indie:0.35125
melancholic:0.35025
great ending:0.3415
moody:0.3375
sexy:0.33675
transgender:0.33
glbt:0.329
stylized:0.328
loneliness:0.324
wine:0.32375
culture clash:0.321
intimate:0.32025
music:0.31975
virginity:0.31925
existentialism:0.3185
stoner movie:0.3175
bullying:0.30525
bleak:0.3035
entirely dialogue:0.3015
christian:0.29825
potential oscar nom:0.29475
intellectual:0.29475
downbeat:0.2895
unusual plot structure:0.2885
brutality:0.28225
cynical:0.28075
visual:0.28075
high fantasy:0.2755
not funny:0.2675
england:0.26525
fantasy world:0.2645
fake documentary:0.26225
california:0.259
awesome soundtrack:0.25875
bollywood:0.2535
passionate:0.25325
grindhouse:0.2515
lyrical:0.24975
foreign:0.2415
reflective:0.23925
visually stunning:0.2355
nudity (full frontal - notable):0.2355
obsession:0.2345
multiple storylines:0.23425
satirical:0.2335
runaway:0.23275
storytelling:0.22975
beautifully filmed:0.2225
exceptional acting:0.2215
romance:0.221
poetry:0.22075
hospital:0.2195
good music:0.21825
crime gone awry:0.21675
transformation:0.2165
