martial arts:0.99025
kung fu:0.97025
fight scenes:0.9655
action:0.9625
good action:0.92125
hong kong:0.90775
assassin:0.892
fighting:0.8655
assassination:0.848
assassins:0.83925
sword fight:0.824
kick-butt women:0.80075
surveillance:0.79825
vengeance:0.786
sisters:0.784
original:0.6985
sword fighting:0.69
action packed:0.6845
sexy:0.68225
fun movie:0.6705
classic car:0.655
cool:0.64575
mentor:0.64225
ninja:0.6235
murder:0.61225
revenge:0.602
life philosophy:0.58925
grindhouse:0.57475
car chase:0.5655
betrayal:0.53675
good:0.53325
stylized:0.5235
bollywood:0.5125
chase:0.5085
women:0.50175
wuxia:0.47325
stunning:0.471
runaway:0.4565
stereotypes:0.45225
spanish:0.45075
stylish:0.44775
redemption:0.44775
samurai:0.4465
hitman:0.4455
oscar (best foreign language film):0.44325
dialogue:0.42675
pg-13:0.4255
lone hero:0.42
80s:0.41425
male nudity:0.41175
spying:0.40425
crude humor:0.40175
girlie movie:0.39975
catastrophe:0.39425
weapons:0.39425
better than expected:0.38625
great:0.37725
melancholic:0.376
nudity (full frontal - brief):0.3725
great ending:0.36725
technology:0.3665
erotic:0.36575
pornography:0.36175
violence:0.3595
relationships:0.3555
good soundtrack:0.353
not funny:0.3515
criterion:0.35
vampire human love:0.346
dark hero:0.3455
visceral:0.344
suspense:0.33975
transformation:0.3395
light:0.33925
cheesy:0.3285
sexual abuse:0.31675
nudity (topless - notable):0.31
weird:0.30725
life & death:0.30225
fun:0.295
drama:0.2935
brutality:0.29125
gunfight:0.28975
fast paced:0.289
father daughter relationship:0.289
bad acting:0.28675
movielens top pick:0.2845
campy:0.2815
realistic action:0.2775
family drama:0.27575
china:0.27225
japanese:0.26775
adaptation:0.26475
sexualized violence:0.26325
solitude:0.2625
story:0.2615
hacking:0.2615
bad cgi:0.25975
romance:0.25975
predictable:0.25575
