western:0.98325
bleak:0.97225
visually appealing:0.9645
loneliness:0.94625
melancholic:0.928
dark:0.91
women:0.90425
great acting:0.89675
depressing:0.89475
redemption:0.89025
insanity:0.888
gunfight:0.877
grim:0.86625
coen bros:0.8645
tense:0.8585
violent:0.858
downbeat:0.85625
cinematography:0.85
harsh:0.84975
original:0.84975
violence:0.84125
oscar (best directing):0.81625
depression:0.767
good soundtrack:0.7645
allegory:0.75375
nudity (topless):0.7485
indians:0.74625
oscar:0.7265
drama:0.7095
dramatic:0.70775
survival:0.705
brutal:0.70475
realistic:0.69825
compassionate:0.69675
social commentary:0.694
slow paced:0.69075
tragedy:0.68975
complex:0.68675
brutality:0.6825
19th century:0.6795
intense:0.677
oscar winner:0.67075
intimate:0.665
mental illness:0.661
nudity (topless - notable):0.65725
road movie:0.653
great ending:0.65075
psychology:0.64625
emotional:0.6445
atmospheric:0.639
crazy:0.63775
greed:0.637
twists & turns:0.63575
suicide:0.623
good acting:0.619
death:0.619
psychological:0.61625
story:0.614
imdb top 250:0.602
suspense:0.59425
existentialism:0.59225
desert:0.578
storytelling:0.57625
stylized:0.57525
heartbreaking:0.572
wilderness:0.571
revenge:0.5615
culture clash:0.55625
dialogue:0.55575
murder:0.553
oscar (best actress):0.544
oscar (best supporting actor):0.54175
police investigation:0.53675
exceptional acting:0.5355
based on a book:0.53225
corruption:0.53125
sad but good:0.5305
weird:0.527
anti-hero:0.52675
runaway:0.52425
interesting:0.523
based on book:0.51725
hospital:0.514
vengeance:0.51125
road trip:0.5065
narrated:0.50525
life & death:0.50175
hitman:0.501
weapons:0.5005
gritty:0.50025
nudity (topless - brief):0.5
twist ending:0.4975
adaptation:0.496
directorial debut:0.4945
honest:0.49425
disturbing:0.49275
workplace:0.49275
good:0.49125
pornography:0.4905
independent film:0.48875
