tense:0.99625
suspenseful:0.98925
claustrophobic:0.9635
blindness:0.95675
suspense:0.9505
thriller:0.9505
intense:0.91675
twists & turns:0.913
police investigation:0.90575
great acting:0.89225
frightening:0.8815
oscar (best actress):0.8735
con artists:0.85725
con men:0.852
original:0.83825
crime:0.804
great ending:0.80225
good acting:0.79825
interesting:0.77725
hitchcock:0.7735
great movie:0.7725
clever:0.77075
twist ending:0.7685
secrets:0.762
oscar (best directing):0.7605
imdb top 250:0.75775
creepy:0.75125
psychological:0.751
disability:0.75
talky:0.74675
runaway:0.74525
classic:0.74225
murder:0.74175
complicated:0.736
light:0.73075
conspiracy:0.7285
dark:0.72475
psychology:0.72325
ominous:0.72225
great:0.72225
good:0.7165
dramatic:0.70875
atmospheric:0.698
cerebral:0.6755
heroin:0.6705
complicated plot:0.66375
obsession:0.6635
based on a play:0.65875
twist:0.65475
excellent script:0.64725
criterion:0.6405
excellent:0.63025
mentor:0.62025
paranoid:0.611
chase:0.60675
story:0.60475
forceful:0.596
greed:0.59525
plot twist:0.59375
enigmatic:0.58775
oscar (best supporting actress):0.58625
crime gone awry:0.5855
mystery:0.57575
assassination:0.57125
exciting:0.57
serial killer:0.5695
movielens top pick:0.561
manipulation:0.558
adultery:0.55625
oscar winner:0.55475
drama:0.554
1960s:0.5485
plot:0.543
complex:0.54025
spying:0.537
good soundtrack:0.527
intelligent:0.52675
cinematography:0.52575
dialogue:0.5245
eerie:0.523
oscar:0.51825
corruption:0.517
stylish:0.517
storytelling:0.51425
sexy:0.513
earnest:0.51225
surveillance:0.497
unusual plot structure:0.496
identity:0.4945
very interesting:0.4915
betrayal:0.49075
investigation:0.485
plot holes:0.4845
fast paced:0.47825
fun movie:0.47675
moral ambiguity:0.47075
catastrophe:0.468
exceptional acting:0.467
very good:0.4665
heroine:0.464
