drugs:0.9155
fast paced:0.90025
visually appealing:0.88725
dark hero:0.8865
suspense:0.87675
sci-fi:0.87575
drug abuse:0.865
entertaining:0.86
plot:0.8465
mentor:0.8435
based on a book:0.834
plot holes:0.8325
pg-13:0.82975
alternate endings:0.824
greed:0.82175
original:0.81775
thriller:0.80525
twists & turns:0.804
technology:0.79925
drug addiction:0.7915
great ending:0.789
addiction:0.786
good soundtrack:0.77
great acting:0.76875
storytelling:0.762
good acting:0.76025
clever:0.75825
future:0.7555
writer's life:0.75525
interesting:0.75275
cerebral:0.75125
complex:0.7505
very interesting:0.74625
good:0.7395
intellectual:0.736
science fiction:0.73525
visually stunning:0.727
corruption:0.71275
story:0.6975
police investigation:0.6935
memory loss:0.69175
action:0.69175
intense:0.68
murder:0.6775
philosophy:0.6725
catastrophe:0.6725
bad ending:0.6695
sci fi:0.66925
writers:0.6435
visual:0.64225
destiny:0.6405
capitalism:0.635
happy ending:0.62925
thought-provoking:0.6275
plot twist:0.625
creativity:0.62175
cinematography:0.62175
twist ending:0.61975
chase:0.61725
secrets:0.6165
original plot:0.613
intelligent:0.61225
conspiracy:0.60325
life philosophy:0.6015
new york city:0.6015
futuristic:0.5995
rags to riches:0.5955
cool:0.595
twist:0.59275
special effects:0.588
complicated:0.5825
drinking:0.5685
fight scenes:0.566
dialogue:0.55975
suspenseful:0.55325
first contact:0.553
narrated:0.5525
excellent script:0.5365
scifi:0.53575
existentialism:0.53575
cyberpunk:0.533
better than expected:0.51775
mindfuck:0.5125
justice:0.5015
complicated plot:0.4835
effects:0.4835
great:0.48325
big budget:0.477
weed:0.47675
suprisingly clever:0.4755
social commentary:0.475
life & death:0.4715
unusual plot structure:0.46225
philosophical:0.46225
distopia:0.4595
fun movie:0.458
shallow:0.4565
paranoia:0.4555
gangsters:0.455
survival:0.45475
