suicide:0.9895
death:0.969
depression:0.9595
dystopic future:0.9165
documentary:0.89725
original:0.87475
life & death:0.857
intimate:0.84825
mental illness:0.84225
san francisco:0.84125
powerful ending:0.83175
melancholic:0.80125
loneliness:0.79425
interesting:0.777
psychology:0.762
very interesting:0.75
narrated:0.722
poignant:0.703
guilt:0.694
tragedy:0.69275
psychological:0.688
psychiatry:0.68575
disturbing:0.685
social commentary:0.67225
pornography:0.66475
suspense:0.64175
suicide attempt:0.6395
meditative:0.63225
sad:0.61375
grim:0.6035
visceral:0.59425
heartbreaking:0.59425
depressing:0.5905
intense:0.58325
character study:0.581
great ending:0.57825
good soundtrack:0.56975
obsession:0.56475
internet:0.5645
honest:0.55825
secrets:0.556
life philosophy:0.55375
violent:0.54925
macabre:0.53925
dysfunctional family:0.5335
hard to watch:0.52575
complex:0.52025
reflective:0.51975
thought-provoking:0.506
reality tv:0.5055
cerebral:0.5045
philosophy:0.5045
indie:0.50175
artistic:0.5015
enigmatic:0.497
corruption:0.49575
mentor:0.4955
manipulation:0.49475
voyeurism:0.49475
family:0.49175
schizophrenia:0.489
cinematography:0.486
life:0.485
dialogue:0.48375
tense:0.47725
bleak:0.4755
existentialism:0.466
original plot:0.46525
story:0.46075
emotional:0.46025
storytelling:0.45825
controversial:0.45825
criterion:0.45575
compassionate:0.45125
brutality:0.44675
movielens top pick:0.446
harsh:0.443
eerie:0.44225
greed:0.44
paranoid:0.431
absurd:0.42825
dramatic:0.42625
breathtaking:0.42575
downbeat:0.42575
cancer:0.41825
ominous:0.41175
violence:0.41075
identity:0.41025
cult film:0.4095
clever:0.40925
goth:0.40375
politics:0.40175
weird:0.4015
stylized:0.39575
atmospheric:0.39425
visually appealing:0.3915
catastrophe:0.39125
sad but good:0.391
oscar (best directing):0.3885
beautiful scenery:0.386
