broadway:0.9705
musical:0.9485
music:0.87225
remake:0.8285
original:0.827
based on a play:0.7565
gay:0.65
good music:0.64
dancing:0.637
dance:0.62675
great music:0.59725
farce:0.558
cross dressing:0.5325
best of 2005:0.52875
queer:0.5285
great ending:0.51025
comedy:0.505
adaptation:0.47425
catastrophe:0.4685
good soundtrack:0.45725
mentor:0.45425
hilarious:0.45175
stereotypes:0.4375
dialogue:0.43525
lyrical:0.42525
pg-13:0.42125
good:0.41275
stylized:0.4115
creativity:0.4035
very funny:0.403
storytelling:0.397
silly fun:0.397
great:0.396
nazis:0.39475
funny:0.38775
pointless:0.38575
greed:0.35425
brutality:0.347
fantasy world:0.34575
absurd:0.34525
musicians:0.34475
unfunny:0.3355
clever:0.332
betrayal:0.32775
life philosophy:0.327
culture clash:0.32525
predictable:0.325
satirical:0.307
visually appealing:0.30625
vengeance:0.306
so bad it's funny:0.3015
quirky:0.29975
mars:0.297
fun:0.29175
london:0.2895
justice:0.28925
destiny:0.28625
crude humor:0.28475
slapstick:0.281
fun movie:0.27975
family:0.2785
rock and roll:0.27725
redemption:0.276
satire:0.274
suprisingly clever:0.2735
sexy:0.26975
melancholic:0.26675
eccentricity:0.26525
sexualized violence:0.261
weird:0.25775
entirely dialogue:0.25775
entertaining:0.2575
humorous:0.25725
first contact:0.2525
male nudity:0.2465
runaway:0.2465
witty:0.24525
talky:0.24375
oscar:0.24325
overrated:0.24225
very good:0.24075
nudity (full frontal - brief):0.24
great acting:0.2385
parody:0.23725
unusual plot structure:0.23525
imdb top 250:0.235
dysfunctional family:0.22925
gangsters:0.22625
not funny:0.22625
twists & turns:0.2255
harsh:0.225
multiple storylines:0.22325
hip hop:0.2195
idiotic:0.21875
criterion:0.2185
fight scenes:0.216
oscar (best directing):0.21575
corruption:0.2155
story:0.2145
adapted from:book:0.21375
