satire:0.93375
satirical:0.77225
sarcasm:0.71875
original:0.67025
comedy:0.6005
alternate universe:0.55775
funny:0.53725
president:0.5245
dreams:0.51075
terrorism:0.48275
predictable:0.48025
fun movie:0.46975
brutality:0.4605
sexy:0.46025
great ending:0.45725
parody:0.444
absurd:0.4395
catastrophe:0.437
very funny:0.43025
stereotypes:0.42
fantasy world:0.393
mentor:0.39175
dark comedy:0.38725
fun:0.37125
spoof:0.36575
shallow:0.36525
dialogue:0.35225
politics:0.3485
silly fun:0.34675
melancholic:0.341
bad plot:0.33925
unusual plot structure:0.33525
storytelling:0.33175
good soundtrack:0.32025
clever:0.31775
adaptation:0.3135
crude humor:0.3075
great:0.307
silly:0.305
political:0.30325
life philosophy:0.29725
feel-good:0.293
destiny:0.29075
lone hero:0.28825
nudity (full frontal - brief):0.28725
culture clash:0.28175
entertaining:0.28
quirky:0.27975
feel good movie:0.278
weapons:0.27725
idiotic:0.27575
so bad it's funny:0.274
police investigation:0.2735
pornography:0.273
fight scenes:0.27175
pg-13:0.26825
overrated:0.26725
first contact:0.266
good:0.262
visually appealing:0.258
family:0.2575
redemption:0.2545
justice:0.25375
slapstick:0.25025
entirely dialogue:0.24275
runaway:0.241
gay character:0.24075
happy ending:0.2385
social commentary:0.23675
cult film:0.23675
life & death:0.2365
twists & turns:0.2345
dreamlike:0.23275
multiple storylines:0.2295
jews:0.22875
male nudity:0.22825
greed:0.22825
adapted from:book:0.22025
natural disaster:0.21975
surreal:0.2175
funny as hell:0.21725
loneliness:0.216
unlikely friendships:0.21575
farce:0.21075
teen movie:0.2085
iraq:0.208
criterion:0.20475
queer:0.20475
nudity (rear):0.201
death:0.201
vengeance:0.2005
gangsters:0.19875
corruption:0.1985
pointless:0.19725
light:0.19575
goofy:0.19475
great acting:0.1935
humorous:0.192
unfunny:0.19175
dysfunctional family:0.191
