gunfight:0.996
western:0.9885
imdb top 250:0.97475
tense:0.96525
oscar (best actor):0.96175
classic:0.93025
courage:0.9045
suspense:0.87775
oscar (best directing):0.8765
allegory:0.87475
afi 100:0.8735
great acting:0.87325
masterpiece:0.84075
great ending:0.83775
black and white:0.83
suspenseful:0.80275
forceful:0.78925
runaway:0.78475
great movie:0.7695
talky:0.76225
great:0.76025
character study:0.7585
loneliness:0.75325
small town:0.7525
dramatic:0.74825
original:0.74025
mentor:0.73675
excellent script:0.7245
guns:0.724
atmospheric:0.70225
moral ambiguity:0.69775
ominous:0.68325
murder:0.6755
earnest:0.6675
betrayal:0.667
criterion:0.666
vengeance:0.666
time:0.6645
life & death:0.66125
storytelling:0.65025
bleak:0.648
story:0.64475
good versus evil:0.63975
chase:0.63675
idealism:0.63325
oscar winner:0.633
cinematography:0.624
drama:0.6235
sacrifice:0.621
paranoid:0.618
morality:0.6155
revenge:0.60875
oscar (best actress):0.6025
downbeat:0.60075
oscar:0.5985
good acting:0.597
harsh:0.59375
suprisingly clever:0.59225
corruption:0.59125
social commentary:0.58625
beautiful scenery:0.58275
exceptional acting:0.57925
oscar (best supporting actress):0.5785
greed:0.5785
friendship:0.5785
oscar (best supporting actor):0.578
dialogue:0.5755
unlikely friendships:0.573
highly quotable:0.57
death:0.56925
grim:0.565
culture clash:0.562
realistic:0.55775
good:0.555
complex:0.55075
intense:0.55
enigmatic:0.5485
assassin:0.54625
assassination:0.54575
redemption:0.541
good soundtrack:0.5325
destiny:0.5325
great cinematography:0.532
quotable:0.5225
oscar (best cinematography):0.522
twists & turns:0.52125
unusual plot structure:0.52025
interesting:0.51625
lone hero:0.51625
afi 100 (movie quotes):0.5145
childhood:0.50525
movielens top pick:0.50375
spaghetti western:0.497
drinking:0.49525
golden palm:0.49
melancholy:0.4875
nostalgic:0.48525
vienna:0.4785
anti-hero:0.47625
poland:0.476
