biopic:0.9825
father son relationship:0.979
classical music:0.9775
biographical:0.97325
oscar (best actor):0.97225
mentor:0.954
mental illness:0.93625
schizophrenia:0.933
musicians:0.9285
music:0.90325
dramatic:0.89425
oscar (best directing):0.89025
biography:0.888
great acting:0.87975
insanity:0.8745
oscar:0.86225
true story:0.8555
oscar (best picture):0.85275
intense:0.852
oscar (best actress):0.8435
childhood:0.83975
imdb top 250:0.83475
touching:0.8325
storytelling:0.815
oscar winner:0.81475
good:0.81075
australia:0.79675
original:0.78525
story:0.7655
father-son relationship:0.763
good soundtrack:0.75075
excellent script:0.7325
cinematography:0.731
life:0.73025
life & death:0.72725
great movie:0.724
oscar (best supporting actress):0.7235
pg-13:0.72
emotional:0.718
based on true story:0.71625
reflective:0.70925
mental hospital:0.70575
movielens top pick:0.70575
great:0.70025
redemption:0.695
creativity:0.67225
nudity (topless - brief):0.6575
great ending:0.649
poignant:0.647
oscar (best supporting actor):0.642
drama:0.6365
interesting:0.62575
good acting:0.62025
inspiring:0.606
bittersweet:0.60075
based on a true story:0.6005
psychology:0.59875
exceptional acting:0.5955
feel-good:0.58125
social commentary:0.578
breathtaking:0.57625
destiny:0.571
masterpiece:0.57
manipulation:0.56775
cerebral:0.56625
heartbreaking:0.56425
depression:0.56325
earnest:0.561
inspirational:0.56025
eccentricity:0.56
disability:0.55625
culture clash:0.55225
genius:0.54925
melancholic:0.546
oscar (best cinematography):0.54525
complex:0.54475
runaway:0.542
visually stunning:0.53375
psychiatry:0.53375
very interesting:0.53225
psychological:0.52725
courage:0.5265
narrated:0.519
excellent:0.514
transformation:0.5125
very good:0.5105
good music:0.498
parenthood:0.49475
adolescence:0.4895
feel good movie:0.4895
visually appealing:0.48575
brothers:0.485
london:0.4835
suprisingly clever:0.4835
beautifully filmed:0.48175
oscar (best foreign language film):0.4755
sentimental:0.47425
powerful ending:0.47
amazing photography:0.4655
heartwarming:0.46325
