astronauts:0.99925
space:0.99775
sci-fi:0.978
space program:0.9775
nasa:0.9755
sci fi:0.935
space travel:0.92575
mars:0.9155
alien:0.91425
aliens:0.9115
fake documentary:0.87975
original:0.87375
moon:0.86
scifi:0.85925
scary:0.851
science fiction:0.83425
conspiracy:0.82025
first contact:0.78425
claustrophobic:0.77875
predictable:0.76875
plot holes:0.763
conspiracy theory:0.747
suspense:0.69875
so bad it's funny:0.69125
bad ending:0.679
plot:0.65925
pointless:0.64475
spiders:0.62575
catastrophe:0.6135
great ending:0.609
horror:0.603
special effects:0.60125
science:0.5935
survival:0.58775
tense:0.58275
technology:0.5445
bad science:0.54275
natural disaster:0.51
suspenseful:0.496
bad plot:0.479
realistic action:0.47425
effects:0.4435
better than expected:0.441
allegory:0.437
horrible:0.43625
stranded:0.42625
brutality:0.4245
alien invasion:0.4225
death:0.42125
dialogue:0.41775
boring:0.41575
life philosophy:0.41075
monster:0.409
life & death:0.40875
pg-13:0.40775
boring!:0.39825
storytelling:0.39625
story:0.392
mentor:0.389
not funny:0.38725
intense:0.374
visually appealing:0.36675
good soundtrack:0.3635
fight scenes:0.359
creativity:0.356
absurd:0.35525
weird:0.3525
twist:0.35125
bad acting:0.348
low budget:0.348
antarctica:0.34475
cult film:0.3435
cinematography:0.34225
paranoia:0.33925
adaptation:0.32675
twists & turns:0.3265
big budget:0.32525
weapons:0.31625
secrets:0.31475
greed:0.31275
happy ending:0.31225
pornography:0.312
disaster:0.30875
idiotic:0.30575
existentialism:0.30075
awful:0.30025
action:0.2975
visuals:0.297
police investigation:0.297
stupid:0.29425
justice:0.289
thought-provoking:0.28825
good:0.28675
twist ending:0.2805
cloning:0.2805
writers:0.2795
harsh:0.27825
solitude:0.27225
violence:0.27025
bad cgi:0.26975
