undercover cop:0.974
surveillance:0.90375
violent:0.88725
action:0.8475
crime:0.81625
chase:0.80225
corruption:0.788
detective:0.785
good action:0.78325
noir thriller:0.78075
original:0.7615
murder:0.74
runaway:0.7385
violence:0.71925
gunfight:0.7145
intense:0.7135
great:0.7125
police investigation:0.711
prostitution:0.68925
great movie:0.68625
assassination:0.67875
brutality:0.66725
action packed:0.6535
assassin:0.65325
stylish:0.652
70mm:0.643
assassins:0.6315
loneliness:0.6295
good:0.622
tense:0.61625
girlie movie:0.60025
drama:0.60025
suspenseful:0.594
thriller:0.59125
mentor:0.5885
80s:0.5855
pornography:0.58275
lone hero:0.58225
suspense:0.57425
vengeance:0.5675
mob:0.564
teen movie:0.562
great ending:0.5595
torture:0.5555
ninja:0.5545
cinematography:0.53875
sexy:0.5355
fight scenes:0.5275
nudity (topless - brief):0.516
erotic:0.5155
dialogue:0.50525
revenge:0.50475
police corruption:0.49725
predictable:0.49275
police:0.4895
brutal:0.48525
fun movie:0.48525
adaptation:0.48
destiny:0.47375
gritty:0.472
moral ambiguity:0.46825
story:0.45925
conspiracy:0.457
gangsters:0.4535
fast paced:0.45325
cool:0.451
good soundtrack:0.44725
sexualized violence:0.44375
pg-13:0.4395
catastrophe:0.43925
unintentionally funny:0.42775
harsh:0.427
storytelling:0.4175
downbeat:0.4155
1980s:0.40675
reflective:0.4065
hitman:0.40625
film noir:0.401
happy ending:0.397
classic car:0.396
plot holes:0.39425
exciting:0.3925
nudity (topless):0.39075
ensemble cast:0.387
transformation:0.38475
love story:0.38125
manipulation:0.37325
nudity (full frontal - brief):0.37025
grindhouse:0.3685
adapted from:book:0.366
bloody:0.36325
light:0.36125
goretastic:0.35925
jazz:0.35575
investigation:0.3515
noir:0.3505
narrated:0.3495
romance:0.3445
romantic:0.34325
melancholic:0.34325
