007 (series):0.99975
007:0.9995
bond:0.99925
space:0.99575
franchise:0.9885
assassin:0.9785
espionage:0.97175
spying:0.96025
secret service:0.933
chase:0.911
james bond:0.8865
spy:0.84475
sci fi:0.8335
scifi:0.80925
spies:0.80025
science fiction:0.79725
action:0.77975
adventure:0.7605
silly:0.74975
space program:0.7215
original:0.6995
secrets:0.69625
series:0.68725
special effects:0.67625
good:0.67025
murder:0.66675
product placement:0.6575
good action:0.65425
big budget:0.64375
sci-fi:0.62775
futuristic:0.627
first contact:0.626
goofy:0.604
plot:0.6005
nudity (topless - brief):0.58225
silly fun:0.53325
fun movie:0.522
underrated:0.51475
tense:0.51225
mentor:0.51125
great ending:0.51025
dialogue:0.50625
exciting:0.5045
catastrophe:0.4995
space travel:0.49225
nasa:0.46375
stylized:0.45725
predictable:0.45025
runaway:0.443
betrayal:0.442
fight scenes:0.43925
technology:0.4375
original plot:0.42225
entertaining:0.4175
destiny:0.412
pg-13:0.40825
cool:0.3895
egypt:0.38875
action packed:0.38825
submarine:0.36925
story:0.36575
humorous:0.3645
astronauts:0.36375
car chase:0.36375
sexy:0.36375
science:0.3625
ridiculous:0.3545
absurd:0.345
life philosophy:0.345
great:0.34325
natural disaster:0.3395
assassination:0.328
fast paced:0.32675
good soundtrack:0.32525
adaptation:0.325
unfunny:0.32325
not funny:0.32225
storytelling:0.32125
death:0.321
cerebral:0.3205
campy:0.31975
fun:0.31725
island:0.3155
vengeance:0.3145
fantasy:0.3115
nuclear bomb:0.3105
brutality:0.31
utopia:0.3075
weapons:0.30525
fantasy world:0.30425
space opera:0.304
camp:0.303
transformation:0.29975
suspense:0.29925
1970s:0.29625
culture clash:0.296
slapstick:0.29375
alter ego:0.2935
mad scientist:0.2925
underwater:0.2915
