serial killer:0.92225
pornography:0.91925
brutality:0.81825
police investigation:0.816
good soundtrack:0.811
violence:0.759
original:0.75475
murder:0.715
very interesting:0.66425
stereotypes:0.6575
violent:0.65025
obsession:0.63975
new york city:0.63425
social commentary:0.61775
vigilantism:0.61625
pointless:0.60475
vigilante:0.5965
drugs:0.59375
stylish:0.588
guilt:0.56375
sexual:0.5625
mafia:0.529
complex:0.5285
paranoia:0.5285
multiple storylines:0.52075
culture clash:0.5185
visceral:0.515
melancholic:0.511
weird:0.5105
sex:0.5105
mob:0.5095
gratuitous violence:0.5055
dialogue:0.5055
gay character:0.5005
sexualized violence:0.5
ensemble cast:0.497
storytelling:0.4875
brutal:0.48675
visually stunning:0.47375
insanity:0.4685
off-beat comedy:0.462
stylized:0.46025
great ending:0.45275
gangsters:0.45175
new york:0.44675
interesting:0.437
disturbing:0.4365
mentor:0.43375
drug abuse:0.43175
dysfunctional family:0.42325
nudity (full frontal - notable):0.4215
visually appealing:0.419
redemption:0.4135
catastrophe:0.40975
nudity (full frontal - brief):0.4065
not funny:0.3995
talky:0.39575
harsh:0.39525
boring!:0.3925
character study:0.38675
intimate:0.38675
great acting:0.38625
drama:0.38575
dark humor:0.38325
independent film:0.37975
entirely dialogue:0.3795
relationships:0.379
powerful ending:0.369
gritty:0.3655
crime:0.36175
runaway:0.3605
cheating:0.3605
psychological:0.3595
intense:0.35925
addiction:0.35925
punk:0.35425
adultery:0.35325
1970s:0.3505
prostitution:0.3505
bloody:0.34675
corruption:0.3445
shallow:0.34425
great:0.34225
vengeance:0.34
story:0.33975
absurd:0.3385
criterion:0.3365
betrayal:0.3345
golden palm:0.33425
honest:0.32625
adaptation:0.3245
greed:0.3225
paranoid:0.3215
justice:0.31675
predictable:0.3105
gunfight:0.31
fantasy world:0.3095
loneliness:0.30825
cinematography:0.30525
nudity (topless):0.30325
