amazing cinematography:0.9415
beautifully filmed:0.80375
foreign:0.7975
life & death:0.79075
family drama:0.7685
argentina:0.73325
cinematography:0.7265
original:0.63925
male nudity:0.631
storytelling:0.5985
intimate:0.5835
criterion:0.58175
reflective:0.57725
oscar (best foreign language film):0.567
poetry:0.565
destiny:0.551
melancholic:0.54525
sexy:0.52325
visually stunning:0.51725
spanish:0.5115
vengeance:0.511
loneliness:0.504
melancholy:0.501
allegory:0.4975
nudity (full frontal - notable):0.49425
dysfunctional family:0.48775
beautiful scenery:0.46275
enigmatic:0.44675
life philosophy:0.4465
stunning:0.44425
stylized:0.4415
slow paced:0.4395
bleak:0.434
death:0.4315
revenge:0.429
complex:0.4255
brothers:0.41525
runaway:0.40675
parenthood:0.40575
beautiful:0.40575
dialogue:0.4055
narrated:0.39975
mentor:0.39725
social commentary:0.3895
visual:0.37875
poverty:0.373
passionate:0.36825
catastrophe:0.36775
islam:0.36125
grindhouse:0.3575
culture clash:0.35725
great ending:0.35225
cerebral:0.3495
pornography:0.34125
visually appealing:0.3405
relationships:0.339
blindness:0.32975
masterpiece:0.32925
not funny:0.3235
entirely dialogue:0.32325
nudity (full frontal - brief):0.319
poignant:0.31525
brutality:0.3085
tokyo:0.3045
love:0.30425
violence:0.30225
golden palm:0.29725
drama:0.29575
boring:0.291
art:0.28175
guilt:0.2765
talky:0.27225
unusual plot structure:0.27175
excellent script:0.269
suprisingly clever:0.25625
family bonds:0.25275
bollywood:0.2505
breathtaking:0.25025
erotic:0.24725
nudity (topless):0.2465
weird:0.24425
gangsters:0.24375
meditative:0.2415
nudity (topless - notable):0.24125
photography:0.2395
story:0.23575
transformation:0.23375
overrated:0.2275
twists & turns:0.22675
classic car:0.22625
middle east:0.22525
1970s:0.22425
multiple storylines:0.22375
predictable:0.2235
moody:0.22225
imdb top 250:0.22225
surreal:0.2215
downbeat:0.21975
existentialism:0.2195
harsh:0.2175
