horror:0.9785
creepy:0.93675
video game:0.9345
demons:0.89075
serial killer:0.8625
special effects:0.86175
original:0.7765
supernatural:0.77275
gory:0.7375
80s:0.72725
murder:0.72625
slasher:0.7235
brutality:0.7215
splatter:0.72025
devil:0.71475
scary:0.67875
unusual plot structure:0.67275
teens:0.6725
story:0.66825
predictable:0.66025
obsession:0.64975
video games:0.64775
great ending:0.6375
werewolf:0.6345
suspenseful:0.6275
nudity (topless):0.61475
first contact:0.6055
grindhouse:0.6035
storytelling:0.6015
cult classic:0.578
intense:0.5755
effects:0.5695
cheesy:0.5615
suspense:0.5595
author:neil gaiman:0.55775
monster:0.5525
new jersey:0.5475
rats:0.54125
cult film:0.52525
campy:0.521
paranoia:0.51825
chase:0.51525
pointless:0.5035
nudity (full frontal - notable):0.49775
mythology:0.49625
camp:0.49625
twist ending:0.496
surprise ending:0.49225
blood:0.477
adaptation:0.46625
weapons:0.46225
nostalgic:0.4605
happy ending:0.45775
silly:0.4445
mentor:0.44325
tense:0.4415
fantasy world:0.4405
good soundtrack:0.4395
revenge:0.43875
franchise:0.43725
technology:0.42675
multiple storylines:0.4185
violence:0.417
goretastic:0.41
stylish:0.4095
surreal:0.4095
bloody:0.40925
dreams:0.4085
twist:0.4065
fun movie:0.4005
transformation:0.3985
weird:0.3975
science fiction:0.3975
catastrophe:0.39725
made for tv:0.39525
sci fi:0.39175
graphic novel:0.391
grim:0.39075
melancholic:0.38975
vengeance:0.385
nudity:0.38325
underrated:0.381
virtual reality:0.37825
not funny:0.37625
enigmatic:0.36975
shallow:0.3655
so bad it's funny:0.365
desert:0.365
dialogue:0.36475
overrated:0.36425
psychological:0.3635
lame:0.35675
monsters:0.355
life philosophy:0.35325
dark:0.3505
paranoid:0.3505
visceral:0.34825
frightening:0.34225
isolation:0.3415
ominous:0.33775
