kung fu:0.9995
martial arts:0.99825
animation:0.99225
china:0.9835
good sequel:0.9495
fight scenes:0.93375
destiny:0.91975
computer animation:0.918
talking animals:0.903
action:0.89625
animals:0.89525
animated:0.89075
sequels:0.866
story:0.83825
visually stunning:0.796
original:0.795
dragons:0.7915
kids and family:0.791
adventure:0.7705
3d:0.7505
franchise:0.748
good:0.7365
sequel:0.7325
cartoon:0.709
action packed:0.70875
childhood:0.7015
fighting:0.69875
creativity:0.69175
family:0.68925
kids:0.67975
mentor:0.6715
superheroes:0.644
fun:0.62775
weapons:0.627
adoption:0.6255
storytelling:0.621
great:0.6195
transformation:0.61575
big budget:0.596
funny:0.5925
fast paced:0.58225
visually appealing:0.5785
dynamic cgi action:0.57675
pg-13:0.576
cute:0.574
comedy:0.57225
cgi:0.562
visuals:0.556
stereotypes:0.5525
dragon:0.54375
stunning:0.529
friendship:0.51425
fun movie:0.50925
heartwarming:0.50175
fantasy world:0.496
cool:0.487
pixar:0.48375
dialogue:0.483
good versus evil:0.4785
great ending:0.477
vengeance:0.47575
entertaining:0.4755
humor:0.474
redemption:0.472
visual:0.47
touching:0.46675
alter ego:0.4665
animal movie:0.465
very funny:0.4645
humorous:0.457
crude humor:0.4555
revenge:0.45
unlikely friendships:0.44475
anti-hero:0.4385
good action:0.4375
better than expected:0.43175
goofy:0.4285
runaway:0.42775
children:0.42725
catastrophe:0.4265
culture clash:0.42025
super hero:0.41075
clever:0.4065
suprisingly clever:0.40575
predictable:0.40375
oscar (best animated feature):0.398
memory:0.3945
original plot:0.39075
plot:0.38925
dreamworks:0.387
breathtaking:0.364
pg:0.3565
chase:0.35475
silly:0.35225
technology:0.35175
disney:0.346
beautiful scenery:0.34475
betrayal:0.34325
kick-butt women:0.34325
giant robots:0.34275
