reflective:0.9395
life:0.92275
meditative:0.92225
religion:0.86625
destiny:0.859
cinematography:0.85625
life & death:0.8445
beautifully filmed:0.807
philosophy:0.80525
criterion:0.8015
pornography:0.7975
melancholic:0.78375
narrated:0.7695
original:0.76875
existentialism:0.768
childhood:0.7565
visually appealing:0.7355
intimate:0.7355
very interesting:0.71625
mentor:0.714
social commentary:0.70025
culture clash:0.70025
enigmatic:0.70025
artistic:0.6955
god:0.69075
storytelling:0.688
unusual plot structure:0.6735
loneliness:0.666
beautiful:0.64825
self discovery:0.646
visually stunning:0.6425
sexual:0.63825
indians:0.62625
good soundtrack:0.622
suprisingly clever:0.6205
cerebral:0.61325
weird:0.61225
intellectual:0.6085
golden palm:0.604
affectionate:0.5945
philosophical:0.578
imdb top 250:0.5765
harsh:0.57625
oscar (best foreign language film):0.57425
oscar (best directing):0.574
redemption:0.56925
amazing photography:0.56575
masterpiece:0.56525
male nudity:0.55225
honest:0.55225
goofy:0.549
story:0.542
art:0.54075
allegory:0.53825
interesting:0.5375
breathtaking:0.53625
gunfight:0.5325
whimsical:0.53175
complex:0.519
photography:0.5185
cult classic:0.51025
great cinematography:0.508
thought-provoking:0.50225
special:0.50025
censorship:0.49775
slow paced:0.48775
solitude:0.48275
beautiful scenery:0.47625
nudity (full frontal - notable):0.4755
art house:0.47375
classic car:0.47125
mental illness:0.46725
dialogue:0.4665
india:0.45675
coming of age:0.44775
insanity:0.4475
simple:0.4445
dreams:0.44325
cult film:0.44025
atmospheric:0.43975
runaway:0.438
great ending:0.43475
great movie:0.43075
nocturnal:0.43025
melancholy:0.42925
idealism:0.42725
bittersweet:0.42525
transformation:0.42325
humanity:0.422
talky:0.418
greed:0.41675
tragedy:0.41675
life philosophy:0.4125
great:0.41225
macabre:0.411
drinking:0.405
immortality:0.405
catastrophe:0.4045
earnest:0.404
passionate:0.40325
