emma watson:0.997
wizards:0.9925
adapted from:book:0.99025
based on book:0.9885
fantasy world:0.987
magic:0.98575
harry potter:0.9845
based on a book:0.98375
franchise:0.977
boarding school:0.97075
books:0.9555
coming of age:0.94
mythology:0.90275
dark fantasy:0.897
imagination:0.89575
fantasy:0.8895
book was better:0.8885
book:0.8785
parallel universe:0.8765
dark:0.872
series:0.86225
good versus evil:0.86025
big budget:0.8585
witch:0.8465
school:0.826
children:0.821
pg-13:0.798
fairy tale:0.785
destiny:0.7835
visually stunning:0.783
secrets:0.73725
great:0.72775
kids:0.7205
high fantasy:0.7165
special effects:0.70425
adaptation:0.69725
original:0.691
maze:0.68975
amazing cinematography:0.66825
mentor:0.668
adventure:0.66775
good:0.66325
werewolf:0.661
story:0.65925
dialogue:0.62375
great ending:0.6095
family:0.60075
trilogy:0.5975
visual:0.59675
childhood:0.59275
runaway:0.59
werewolves:0.5895
sequel:0.5765
fast paced:0.5655
witches:0.5585
original plot:0.5495
teen:0.54575
storytelling:0.5435
literature:0.5405
good soundtrack:0.516
action:0.51475
awesome soundtrack:0.51475
teenagers:0.502
betrayal:0.4995
friendship:0.4905
whimsical:0.48625
girlie movie:0.48375
creativity:0.47175
disappointing:0.469
weird:0.467
visually appealing:0.46475
better than expected:0.4615
entertaining:0.459
alter ego:0.45775
visuals:0.45675
nerds:0.455
catastrophe:0.4515
dynamic cgi action:0.45125
fun:0.4505
great movie:0.44625
england:0.446
exciting:0.445
prejudice:0.445
interesting:0.4385
cgi:0.437
fight scenes:0.4305
suspense:0.42075
distopia:0.41875
excellent:0.41675
beautiful scenery:0.41575
unlikely friendships:0.412
too short:0.41125
superheroes:0.40975
dragons:0.409
light:0.406
cool:0.4045
fun movie:0.40025
ghosts/afterlife:0.394
chase:0.3905
very good:0.38925
