time loop:0.99725
complex:0.9865
cerebral:0.9855
complicated:0.98
time travel:0.976
intellectual:0.97325
science fiction:0.966
mindfuck:0.93425
confusing:0.93175
nonlinear:0.92925
scifi:0.92225
complicated plot:0.91675
non-linear:0.9075
dialogue driven:0.90125
low budget:0.89925
sci fi:0.89375
sci-fi:0.8885
enigmatic:0.8845
science:0.88275
original:0.8795
weird:0.86925
storytelling:0.8655
dialogue:0.82825
very interesting:0.8235
independent film:0.82175
technology:0.8135
existentialism:0.80975
surreal:0.80675
interesting:0.804
talky:0.80275
philosophical:0.79925
future:0.7965
thought-provoking:0.79275
philosophy:0.79
plot twist:0.78525
intelligent:0.7805
visually appealing:0.766
great ending:0.76125
visual:0.7555
tricky:0.752
time:0.74025
twists & turns:0.734
clever:0.7135
narrated:0.69725
greed:0.69275
imagination:0.6925
plot holes:0.6915
cinematography:0.686
suprisingly clever:0.6845
paranoid:0.67925
cult film:0.6765
psychological:0.674
social commentary:0.6505
paranoia:0.64725
imdb top 250:0.647
indie:0.62975
visually stunning:0.62775
plot:0.616
entirely dialogue:0.60025
intelligent sci-fi:0.59425
cult classic:0.59125
good soundtrack:0.59075
psychology:0.587
creativity:0.58675
twist:0.5855
parallel universe:0.57975
metaphysics:0.57675
first contact:0.57175
pretentious:0.56325
bad science:0.5585
distopia:0.5545
off-beat comedy:0.55375
secrets:0.55275
artsy:0.5525
good acting:0.54725
life philosophy:0.538
criterion:0.53275
tense:0.5245
story:0.52425
unusual plot structure:0.52125
obsession:0.519
mathematics:0.51275
strange:0.508
directorial debut:0.50075
catastrophe:0.4995
golden palm:0.49875
alternate reality:0.498
writers:0.49775
memory:0.49075
suspense:0.487
great acting:0.4865
twist ending:0.4855
dystopic future:0.4785
reflective:0.47775
atmospheric:0.47625
stylized:0.466
dreamlike:0.4645
identity:0.46075
manipulation:0.4575
mystery:0.45625
