cannibalism:0.98475
horror:0.92925
cult classic:0.90675
creepy:0.90575
gory:0.8985
cult film:0.88325
bloody:0.8785
splatter:0.87625
dark humor:0.8705
wilderness:0.8345
brutality:0.81625
macabre:0.81375
gruesome:0.79975
original:0.774
visceral:0.7485
weird:0.73625
blood:0.7295
survival:0.72175
violent:0.70325
violence:0.6985
disturbing:0.686
supernatural:0.671
good soundtrack:0.63775
atmospheric:0.6365
black comedy:0.6335
allegory:0.6295
dark:0.629
demons:0.58475
great ending:0.5835
great:0.5785
insanity:0.574
vampires:0.5705
dark comedy:0.55625
brutal:0.543
twists & turns:0.54025
music:0.535
quirky:0.53375
isolation:0.5275
cult:0.527
sexualized violence:0.522
psychological:0.52175
dialogue:0.51425
greed:0.51
native americans:0.50775
humorous:0.49725
pornography:0.497
gore:0.49475
low budget:0.48725
great acting:0.4865
cinematography:0.48575
stylish:0.48075
harsh:0.47875
scary:0.475
intense:0.45525
grim:0.4535
goth:0.45125
graphic novel:0.449
transformation:0.44875
life & death:0.44825
satirical:0.44775
very interesting:0.44675
grindhouse:0.4455
underrated:0.44325
story:0.44225
vampire:0.43875
gunfight:0.43675
camp:0.43175
destiny:0.42975
catastrophe:0.42675
eerie:0.4235
goofy:0.41775
death:0.417
suspense:0.41575
nocturnal:0.41525
vengeance:0.40825
absurd:0.4045
claustrophobic:0.40175
indians:0.40075
weed:0.39725
strange:0.39375
great movie:0.39125
social commentary:0.3845
weapons:0.38325
tense:0.381
quotable:0.381
adaptation:0.3755
mentor:0.37525
moral ambiguity:0.3715
stoner movie:0.3705
chase:0.36875
plot twist:0.36325
so bad it's funny:0.3595
suspenseful:0.3595
gothic:0.35875
storytelling:0.35825
zombie:0.3525
visually appealing:0.351
nudity (full frontal - notable):0.349
twist:0.349
satire:0.3465
