good action:0.9625
action:0.9365
undercover cop:0.8975
bollywood:0.822
action packed:0.77425
fast paced:0.76075
fight scenes:0.75975
original:0.7245
gunfight:0.68925
so bad it's funny:0.66025
good:0.635
entertaining:0.62975
stylish:0.62
video game:0.61125
violent:0.60525
violence:0.58625
plot:0.583
visually appealing:0.56725
pg-13:0.5505
lone hero:0.55
mentor:0.5365
great acting:0.516
fighting:0.513
good soundtrack:0.5
vengeance:0.48675
remake:0.48475
romance:0.481
stylized:0.47475
murder:0.47275
revenge:0.47
gangs:0.46125
dialogue:0.4595
assassination:0.45875
great ending:0.4585
indians:0.45175
creativity:0.437
cool:0.43575
betrayal:0.42925
twist ending:0.41975
fun movie:0.4125
car chase:0.41125
transformation:0.407
justice:0.404
gangsters:0.40325
ridiculous:0.3975
based on a video game:0.3935
catastrophe:0.385
beautiful scenery:0.37675
sexualized violence:0.3765
story:0.37475
culture clash:0.37425
not funny:0.37425
over the top:0.36875
corruption:0.36725
guns:0.364
adaptation:0.36325
blindness:0.359
predictable:0.356
kick-butt women:0.35025
fun:0.32625
silly:0.32525
storytelling:0.32425
hip hop:0.322
amy smart:0.315
twists & turns:0.31425
life philosophy:0.314
male nudity:0.3115
mafia:0.3065
narrated:0.30575
finnish:0.3025
breathtaking:0.29075
bad acting:0.2875
brutality:0.28575
comic:0.279
unfunny:0.27875
suspense:0.2785
police investigation:0.2785
thriller:0.27825
immortality:0.2765
romantic:0.2755
feel-good:0.2745
overrated:0.2705
underrated:0.26925
redemption:0.26925
first contact:0.266
pornography:0.26425
islam:0.2635
suprisingly clever:0.262
good acting:0.26125
free to download:0.26025
criterion:0.25875
runaway:0.25775
adapted from:comic:0.25525
death:0.2535
blood:0.25225
chase:0.2495
alter ego:0.24275
very good:0.2425
adapted from:book:0.242
drama:0.23975
