rock and roll:0.999
musicians:0.99525
music business:0.961
kids:0.91375
music:0.9
teacher:0.89875
original:0.89575
good soundtrack:0.8265
great movie:0.82325
interesting:0.814
intense:0.804
mentor:0.79825
good:0.79725
school:0.79575
runaway:0.788
rebellion:0.75075
storytelling:0.7505
fun movie:0.73925
clever:0.7335
great ending:0.721
great:0.7175
narrated:0.71425
very interesting:0.711
excellent script:0.7005
drinking:0.697
inspiring:0.6855
honest:0.6835
cool:0.6835
passionate:0.67725
nudity (topless):0.677
pornography:0.6745
entertaining:0.6705
documentary:0.66875
suspense:0.64975
great acting:0.644
harsh:0.64225
highly quotable:0.64
moral ambiguity:0.6345
psychology:0.62825
adolescence:0.62425
creativity:0.619
fantasy world:0.6105
obsession:0.59925
corruption:0.5965
twists & turns:0.59525
internet:0.5925
social commentary:0.5905
awesome soundtrack:0.5905
pg-13:0.59
musical:0.58625
childhood:0.58625
good music:0.584
dialogue:0.57375
drama:0.56275
artistic:0.56125
plot:0.5455
very good:0.54525
fun:0.545
psychological:0.545
manipulation:0.54475
goofy:0.538
oscar (best directing):0.537
love:0.5335
life philosophy:0.5325
nudity (full frontal - brief):0.531
kids and family:0.52675
mental illness:0.526
death:0.52125
beer:0.52075
dreams:0.51825
complex:0.51475
road movie:0.51225
grindhouse:0.51175
children:0.50975
greed:0.504
oscar (best supporting actress):0.50325
feel-good:0.502
biography:0.49975
very funny:0.49525
quotable:0.494
fighting the system:0.49125
coming of age:0.4895
justice:0.4885
excellent:0.48775
bullying:0.48675
cult classic:0.48
teenager:0.47925
oscar (best actress):0.47575
cult film:0.47275
violence:0.47125
witty:0.46975
sexy:0.468
plot twist:0.467
brutality:0.46425
police investigation:0.4635
earnest:0.4625
oscar winner:0.46025
cult:0.45775
crime gone awry:0.45575
biopic:0.454
