vampires:0.998
vampire:0.99775
splatter:0.953
horror:0.93525
bloody:0.77575
blood:0.774
original:0.76975
supernatural:0.769
adaptation:0.76275
gory:0.7515
creepy:0.71525
story:0.682
graphic novel:0.6505
scary:0.60375
zombie:0.58725
monster:0.582
cult film:0.5735
bad plot:0.565
demons:0.5435
violence:0.5325
twist ending:0.526
transformation:0.52175
werewolf:0.5155
survival:0.5125
great ending:0.5075
great acting:0.503
brutality:0.49725
goth:0.491
nocturnal:0.49
storytelling:0.48775
low budget:0.46875
predictable:0.468
werewolves:0.46
monsters:0.45075
good soundtrack:0.44975
cult classic:0.43775
great:0.4315
mentor:0.42825
dialogue:0.4235
pulp:0.422
so bad it's funny:0.41725
effects:0.412
gore:0.3995
gruesome:0.397
catastrophe:0.392
not funny:0.38925
atmospheric:0.381
overrated:0.379
special effects:0.3635
disturbing:0.3615
twists & turns:0.35875
chase:0.354
stylish:0.35175
good:0.35125
gothic:0.346
lone hero:0.34125
eerie:0.339
death:0.33625
weird:0.33425
first contact:0.334
macabre:0.33275
spiders:0.32
goretastic:0.31775
small town:0.313
suspense:0.309
sexualized violence:0.30725
adapted from:book:0.305
suspenseful:0.29825
stylized:0.2965
intense:0.29625
fantasy world:0.2925
great movie:0.289
unusual plot structure:0.2885
quirky:0.28625
mad scientist:0.28375
redemption:0.283
happy ending:0.28075
vengeance:0.27975
runaway:0.273
murder:0.27125
classic car:0.2705
entirely dialogue:0.269
justice:0.26475
apocalypse:0.2585
grindhouse:0.25675
destiny:0.25375
imdb top 250:0.2515
bad ending:0.2515
creativity:0.25075
oscar (best directing):0.2475
writers:0.2465
campy:0.24575
underrated:0.24525
interesting:0.243
melancholic:0.243
life & death:0.24075
cult:0.2405
psychological:0.23925
murder mystery:0.2345
police investigation:0.23
