monsters:0.99325
oscar (best animated feature):0.993
computer animation:0.9925
pixar animation:0.99225
animation:0.98675
children:0.9825
kids and family:0.97225
cartoon:0.9605
animated:0.95525
imdb top 250:0.95125
cute:0.94725
story:0.94275
original:0.92725
kids:0.92675
pixar:0.91875
childhood:0.896
fun:0.8935
friendship:0.89325
touching:0.8925
disney:0.88325
oscar winner:0.83675
storytelling:0.8355
monster:0.83025
great movie:0.828
clever:0.82675
funny:0.8225
good:0.8215
imagination:0.81375
family:0.808
toys:0.8035
great:0.7915
cgi:0.78575
fairy tale:0.78375
mentor:0.77925
cute!:0.77875
great ending:0.77425
heartwarming:0.77
witty:0.76675
comedy:0.76525
fun movie:0.7585
visually stunning:0.758
chase:0.741
unlikely friendships:0.73625
light:0.709
stop motion:0.707
sweet:0.7025
dialogue:0.698
feel-good:0.6835
disney animated feature:0.6775
animals:0.67375
fantasy:0.6625
whimsical:0.65575
entertaining:0.6425
very funny:0.638
feel good movie:0.6375
very good:0.6315
creativity:0.6265
humorous:0.625
runaway:0.624
fantasy world:0.61875
destiny:0.61075
pg-13:0.60925
redemption:0.59875
humor:0.59175
transformation:0.5635
good soundtrack:0.56175
movielens top pick:0.56
adventure:0.55
excellent:0.5465
mad scientist:0.5445
visual:0.54025
technology:0.539
interesting:0.52775
oscar:0.52475
goofy:0.52275
script:0.522
hilarious:0.521
based on book:0.52075
original plot:0.51725
happy ending:0.5135
colourful:0.508
weird:0.50675
catastrophe:0.50625
fairy tales:0.5005
nostalgic:0.4945
talking animals:0.49125
sentimental:0.4905
oscar (best music - original song):0.49025
suprisingly clever:0.49
greed:0.48925
allegory:0.4835
classic:0.48
affectionate:0.476
oscar (best directing):0.47
visually appealing:0.45875
life philosophy:0.458
fast paced:0.454
crude humor:0.4535
alone in the world:0.449
excellent script:0.44175
