action:0.93775
fast paced:0.88125
action packed:0.77075
revenge:0.74275
predictable:0.73525
murder:0.7185
assassination:0.69075
so bad it's funny:0.68875
car chase:0.67975
hitman:0.674
gangsters:0.649
new orleans:0.6465
chase:0.63125
bad plot:0.6125
kidnapping:0.61125
bad acting:0.576
vigilante:0.54725
assassin:0.5395
original:0.5245
mentor:0.50575
amy smart:0.5035
assassins:0.50025
violence:0.4985
better than expected:0.486
catastrophe:0.43675
brutality:0.4355
conspiracy:0.41375
life philosophy:0.40925
good action:0.3995
unrealistic:0.392
mafia:0.388
classic car:0.37325
not funny:0.3625
great ending:0.3615
crime:0.35075
fbi:0.341
dialogue:0.333
secret service:0.324
police corruption:0.316
sexy:0.31425
vengeance:0.29925
plot:0.29425
romance:0.29225
realistic action:0.292
explosions:0.29075
special effects:0.2905
lone hero:0.29
first contact:0.288
pg-13:0.28775
george orwell:0.287
natural disaster:0.284
torture:0.2835
poker:0.2815
unlikeable characters:0.28125
gunfight:0.28075
melancholic:0.2795
absurd:0.27625
bad script:0.2695
splatter:0.267
hostage:0.25725
hunting:0.257
dysfunctional family:0.25625
spy:0.25575
hit men:0.25475
stylish:0.25475
arms dealer:0.2545
happy ending:0.253
argentina:0.251
violent:0.2375
great:0.237
twists & turns:0.2365
corruption:0.235
betrayal:0.23025
ridiculous:0.22425
gratuitous violence:0.221
life & death:0.221
gangs:0.21975
too long:0.218
entirely dialogue:0.21625
fight scenes:0.21625
pornography:0.2155
overrated:0.21325
runaway:0.2105
ensemble cast:0.2095
plot holes:0.2095
bad ending:0.2095
bad cgi:0.20625
vigilantism:0.20425
crude humor:0.20175
thriller:0.1975
guns:0.197
destiny:0.19525
lawyer:0.19225
divorce:0.1905
justice:0.18975
survival:0.189
unusual plot structure:0.18575
greed:0.18575
adultery:0.1845
writers:0.18275
