cancer:0.87175
coming-of-age:0.785
childhood:0.77225
drama:0.75875
dysfunctional family:0.74175
coming of age:0.73425
original:0.71175
adapted from:book:0.70225
storytelling:0.6735
dramatic:0.6725
touching:0.6515
great ending:0.64675
off-beat comedy:0.6445
melancholic:0.638
mental illness:0.61275
jewish:0.60425
based on true story:0.5985
eccentricity:0.59825
jews:0.5955
good soundtrack:0.58675
story:0.582
weird:0.57
schizophrenia:0.5685
poignant:0.56
emotional:0.55825
mentor:0.54825
culture clash:0.54775
cerebral:0.53925
life & death:0.53525
poetry:0.52925
quirky:0.52575
depression:0.49925
beautifully filmed:0.48875
nudity (full frontal - brief):0.47825
reflective:0.4755
loneliness:0.47525
family:0.45925
suprisingly clever:0.44975
crazy:0.4485
parenthood:0.443
catastrophe:0.44275
talky:0.42625
harsh:0.417
directorial debut:0.4085
great:0.40675
unlikely friendships:0.4035
insanity:0.402
redemption:0.39225
runaway:0.392
beautiful scenery:0.384
very funny:0.38075
heartbreaking:0.3805
destiny:0.37625
guilt:0.37575
social commentary:0.3725
visually appealing:0.3725
creativity:0.372
melancholy:0.3715
absurd:0.3665
dialogue:0.36425
solitude:0.3635
criterion:0.35775
secrets:0.35625
twists & turns:0.35375
enigmatic:0.352
excellent:0.34875
life:0.348
cinematography:0.34725
paranoid:0.34375
death:0.34325
special:0.34275
good:0.3335
gunfight:0.33175
transformation:0.33175
not funny:0.32975
unfunny:0.3275
life philosophy:0.32575
good acting:0.325
sentimental:0.32125
fantasy world:0.32125
great movie:0.31975
adaptation:0.31975
corruption:0.318
great acting:0.31575
honest:0.31325
scenic:0.31175
light:0.31125
atmospheric:0.31025
very interesting:0.3075
nostalgic:0.3065
affectionate:0.30425
friendship:0.297
hospital:0.2945
based on a book:0.292
depressing:0.29175
based on a true story:0.2875
brutality:0.28725
golden palm:0.28575
bittersweet:0.28525
prejudice:0.28425
