documentary:0.95925
drugs:0.9385
obsession:0.938
sports:0.93
social commentary:0.92375
marijuana:0.922
politics:0.92025
cheating:0.91025
intimate:0.86825
drug abuse:0.86125
honest:0.827
corruption:0.784
brothers:0.782
oscar (best actress):0.76525
movielens top pick:0.7595
narrated:0.7425
addiction:0.7385
political:0.72825
controversial:0.7155
original:0.7135
oscar (best directing):0.708
greed:0.6995
drinking:0.69425
interesting:0.68725
relationships:0.68375
propaganda:0.66875
tragedy:0.66675
depression:0.66475
very interesting:0.657
runaway:0.64925
oscar (best supporting actress):0.63675
mentor:0.6245
pornography:0.6105
good soundtrack:0.606
talky:0.60075
violent:0.59375
drama:0.588
culture clash:0.58225
forceful:0.581
violence:0.5805
factual:0.57975
brutality:0.5785
life & death:0.5785
race issues:0.57225
criterion:0.56575
competition:0.55625
guilt:0.55275
investigation:0.552
entertaining:0.551
harsh:0.54975
fun movie:0.54925
complex:0.545
great movie:0.53875
idealism:0.5285
california:0.52625
earnest:0.51375
pg-13:0.51375
adapted from:book:0.5105
assassination:0.50325
excellent script:0.5
great ending:0.49825
great:0.49425
police investigation:0.4925
realistic:0.491
good:0.49
melancholic:0.48775
olympics:0.486
manipulation:0.48575
death:0.4825
disability:0.47725
great acting:0.474
psychology:0.4685
character study:0.468
chase:0.461
secrets:0.46025
psychological:0.45075
dialogue:0.44875
business:0.442
clever:0.44175
conspiracy:0.44075
dark hero:0.4395
stereotypes:0.4385
murder:0.4385
thought-provoking:0.43
world politics:0.4275
internet:0.4265
passionate:0.421
lawyers:0.41925
oscar (best supporting actor):0.419
suspense:0.41825
childhood:0.41775
tense:0.41725
catastrophe:0.41675
educational:0.415
ethnic conflict:0.41075
adaptation:0.41025
new orleans:0.40625
highly quotable:0.4045
aids:0.40325
redemption:0.39975
