oscar (best editing):0.99475
sports:0.94925
documentary:0.91825
criterion:0.91025
social commentary:0.8785
poverty:0.8405
dreams:0.837
basketball:0.76675
high school:0.76025
kids and family:0.757
original:0.7525
manipulation:0.7505
reality tv:0.744
school:0.73575
coming of age:0.696
interesting:0.67075
intimate:0.66825
good soundtrack:0.66075
drama:0.66075
obsession:0.65125
oscar (best actress):0.63925
drug addiction:0.63525
true story:0.6275
runaway:0.59125
honest:0.5855
harsh:0.569
great:0.545
mentor:0.54475
corruption:0.53825
redemption:0.52475
twists & turns:0.52425
multiple storylines:0.52275
great movie:0.52125
storytelling:0.51075
unusual plot structure:0.51025
underdog:0.50725
childhood:0.4965
talky:0.49475
oscar (best supporting actress):0.49425
poignant:0.492
drug abuse:0.489
oscar (best directing):0.4885
very interesting:0.48825
pornography:0.47925
brutality:0.4745
narrated:0.46875
greed:0.45875
drugs:0.4585
catastrophe:0.457
drinking:0.4565
segregation:0.45425
great ending:0.44775
race issues:0.4455
compassionate:0.44325
affectionate:0.43975
very good:0.439
long:0.43825
suprisingly clever:0.43675
chicago:0.4305
small town:0.4295
life philosophy:0.4285
crime gone awry:0.428
culture clash:0.42675
complex:0.42225
inspirational:0.42175
good:0.41725
gangs:0.416
great acting:0.40775
coming-of-age:0.40475
inspiring:0.40425
good acting:0.39925
imdb top 250:0.396
excellent:0.392
movielens top pick:0.3915
california:0.38825
excellent script:0.3845
teen:0.3825
idealism:0.37275
witty:0.3715
addiction:0.36975
melancholic:0.36675
fighting the system:0.366
golden palm:0.3645
fun movie:0.36225
aging:0.362
tragedy:0.361
depression:0.3545
original plot:0.35425
life:0.3535
classic car:0.351
competition:0.351
canada:0.3505
adaptation:0.34725
college:0.34575
intense:0.34475
family:0.3375
black and white:0.33725
new jersey:0.336
nudity (full frontal - brief):0.33425
ironic:0.32925
