scifi:0.995
robots:0.99275
sci fi:0.98625
space:0.986
science fiction:0.985
space opera:0.97975
sci-fi:0.9785
futuristic:0.9755
robot:0.938
future:0.93475
spoof:0.89175
adventure:0.8735
silly:0.86325
goofy:0.854
scifi cult:0.84675
80s:0.845
comedy:0.841
original:0.83825
cult film:0.833
dystopia:0.8125
parody:0.80075
cult classic:0.7745
special effects:0.77125
so bad it's funny:0.7495
campy:0.73975
technology:0.7335
cheesy:0.70425
first contact:0.69025
dystopic future:0.6765
pirates:0.66375
desert:0.65025
visually stunning:0.64975
android(s)/cyborg(s):0.64825
silly fun:0.647
end of the world:0.64175
visually appealing:0.631
action:0.62225
fun movie:0.622
story:0.6195
humorous:0.6165
visual:0.61125
bad science:0.60825
chase:0.59
fight scenes:0.5835
swashbuckler:0.5725
plot holes:0.56125
fantasy:0.56
fun:0.559
catastrophe:0.54775
alternate reality:0.545
weird:0.5395
treasure hunt:0.5345
alien:0.52875
funny:0.52575
mentor:0.52325
1980s:0.51025
space travel:0.50725
light:0.50475
post-apocalyptic:0.502
destiny:0.495
existentialism:0.4945
clones:0.49225
good action:0.487
underrated:0.484
satirical:0.48025
slapstick:0.472
absurd:0.47125
very funny:0.46925
off-beat comedy:0.4655
transformation:0.45875
lone hero:0.45725
giant robots:0.4565
quotable:0.4555
time:0.45475
distopia:0.4545
dumb:0.44925
mad scientist:0.447
humor:0.44525
apocalypse:0.4445
dialogue:0.4385
great ending:0.4375
artificial intelligence:0.4325
cerebral:0.4315
predictable:0.426
mars:0.423
effects:0.42175
beautiful scenery:0.418
idiotic:0.41625
cyborgs:0.40775
hilarious:0.39875
video game:0.396
god:0.39575
fighting:0.39325
life & death:0.39
allegory:0.38975
natural disaster:0.38925
big budget:0.3875
computer game:0.38725
franchise:0.382
low budget:0.38
