childhood:0.966
criterion:0.9625
paris:0.94075
beautifully filmed:0.88
friendship:0.86525
storytelling:0.85075
imdb top 250:0.84775
unlikely friendships:0.84175
masterpiece:0.829
classic:0.826
allegory:0.82525
whimsical:0.8205
original:0.80975
bullying:0.77625
sweet:0.77075
imagination:0.764
melancholic:0.76225
foreign:0.73525
oscar (best directing):0.7345
runaway:0.734
heartwarming:0.728
mentor:0.72525
golden palm:0.719
touching:0.705
simple:0.699
children:0.696
talky:0.69475
great acting:0.6915
mozart:0.6835
enigmatic:0.67725
existentialism:0.662
visual:0.65675
black and white:0.65475
kids:0.643
visually appealing:0.6385
colourful:0.635
france:0.6315
dialogue:0.61975
oscar (best foreign language film):0.6085
reflective:0.59625
social commentary:0.58775
story:0.58775
weird:0.58625
feel-good:0.582
cinematography:0.57975
bittersweet:0.57675
affectionate:0.575
loneliness:0.5705
great ending:0.56875
melancholy:0.56525
good soundtrack:0.55825
school:0.55175
downbeat:0.55075
breathtaking:0.5495
special:0.547
silent:0.5465
french:0.54375
idealism:0.54
suprisingly clever:0.537
cerebral:0.52825
movielens top pick:0.521
stylized:0.5175
visually stunning:0.517
light:0.51675
feel good movie:0.50775
tragedy:0.5005
solitude:0.4955
teacher:0.493
harsh:0.491
narrated:0.484
nostalgic:0.4835
unusual plot structure:0.4795
fantasy world:0.47375
memory:0.472
dreams:0.47175
oscar (best actress):0.464
sacrifice:0.46025
heartbreaking:0.46025
cult classic:0.45425
kids and family:0.454
fantasy:0.453
meditative:0.45225
coming of age:0.45175
atmospheric:0.4465
adolescence:0.4425
entirely dialogue:0.4415
life philosophy:0.435
very interesting:0.43475
beautiful:0.4305
fighting the system:0.42975
catastrophe:0.42725
love:0.425
oscar (best writing - screenplay written directly for the screen):0.42275
poignant:0.4215
bleak:0.4195
emotional:0.41875
beautiful scenery:0.4185
great:0.418
oscar (best supporting actress):0.41125
art:0.41075
