cartoon:0.995
animation:0.94625
talking animals:0.89725
kids and family:0.88425
lions:0.83225
too short:0.832
original:0.82875
classic:0.8235
animated:0.771
animals:0.73075
kids:0.72825
fun movie:0.72475
unusual plot structure:0.70775
pigs:0.67325
good:0.6665
goofy:0.6635
gangsters:0.657
greed:0.6385
clever:0.613
short:0.6075
dialogue:0.5965
rabbits:0.59325
story:0.58575
fun:0.58
great:0.5685
road movie:0.56275
light:0.54175
redemption:0.53225
family:0.52125
spoof:0.52025
cool:0.515
chase:0.51275
based on a tv show:0.5055
great movie:0.503
oscar:0.50125
oscar (best music - original song):0.48725
alter ego:0.474
entertaining:0.46975
great ending:0.45875
adaptation:0.4585
funny:0.45425
very funny:0.451
allegory:0.4505
birds:0.4465
catastrophe:0.4415
suprisingly clever:0.431
computer animation:0.431
mentor:0.42425
oscar (best directing):0.4205
animal movie:0.41875
creativity:0.41575
witty:0.415
childhood:0.41025
trilogy:0.40675
talky:0.40575
colourful:0.40575
children:0.40175
nostalgic:0.4
very good:0.398
imdb top 250:0.38825
silly fun:0.38125
narrated:0.375
nudity (full frontal - brief):0.3745
cute:0.37375
cult film:0.37225
crime gone awry:0.372
weird:0.36975
culture clash:0.36825
oscar winner:0.3655
storytelling:0.36525
entirely dialogue:0.359
violence:0.35425
dark hero:0.3535
gangster:0.35125
stereotypes:0.35025
silly:0.34925
overrated:0.34725
criterion:0.346
oscar (best actress):0.34175
original plot:0.3335
oscar (best supporting actress):0.32875
visually appealing:0.3285
pulp:0.32575
whimsical:0.3255
franchise:0.32375
sci fi:0.32225
adapted from:book:0.31975
fairy tale:0.3185
good soundtrack:0.318
great acting:0.31775
disney:0.31775
satirical:0.31725
fight scenes:0.3155
destiny:0.3135
superheroes:0.3115
not funny:0.3115
1980s:0.30975
stylized:0.30925
puppets:0.30925
excellent script:0.3065
