supernatural:0.98025
weird:0.859
suspense:0.799
surreal:0.79875
strange:0.7975
great ending:0.79275
suspenseful:0.7795
mystery:0.7785
ominous:0.778
thriller:0.759
creepy:0.75725
original:0.7485
eerie:0.74225
based on a book:0.70175
psychological:0.689
small town:0.6825
first contact:0.6705
based on true story:0.66
death:0.6475
alternate reality:0.637
tense:0.618
scary:0.61575
enigmatic:0.603
true story:0.59975
story:0.599
bad ending:0.5945
imagination:0.5915
catastrophe:0.58925
dreamlike:0.58375
horror:0.581
life & death:0.581
paranoia:0.57775
good:0.5745
atmospheric:0.567
dark fantasy:0.5655
pg-13:0.559
pointless:0.555
natural disaster:0.54225
disaster:0.54175
intense:0.53975
bizarre:0.53975
psychology:0.538
storytelling:0.53775
based on book:0.53125
interesting:0.52725
twist ending:0.523
cinematography:0.52
factual:0.5135
predictable:0.49375
dark:0.47625
very interesting:0.4725
cerebral:0.472
so bad it's funny:0.47
confusing:0.46925
runaway:0.461
destiny:0.459
conspiracy:0.454
secrets:0.45325
investigation:0.45075
sci fi:0.4465
twist:0.44125
visually stunning:0.43875
police investigation:0.4345
chase:0.429
adaptation:0.42625
great:0.4225
dialogue:0.41175
surprise ending:0.41175
paranoid:0.40925
based on a true story:0.409
life philosophy:0.409
amazing cinematography:0.4065
scifi:0.40375
creativity:0.40275
plot holes:0.40225
twists & turns:0.4015
frightening:0.39375
mentor:0.39325
clever:0.39325
spiders:0.39275
thought-provoking:0.39
underrated:0.384
adapted from:book:0.38375
absurd:0.3825
good soundtrack:0.3815
special effects:0.38075
not funny:0.37675
surrealism:0.37275
greed:0.37275
visual:0.3685
powerful ending:0.367
light:0.3645
plot:0.3575
boring:0.3575
good acting:0.355
excellent script:0.35425
mindfuck:0.34825
alternate endings:0.34075
existentialism:0.33325
fantasy world:0.33125
