quirky:0.9675
independent film:0.94525
eccentricity:0.903
bittersweet:0.8835
original:0.87825
dysfunctional family:0.8465
new jersey:0.83325
good soundtrack:0.78625
storytelling:0.7685
indie:0.75975
weird:0.74575
suburbia:0.73075
relationships:0.73025
loneliness:0.7225
destiny:0.71675
reflective:0.69525
drinking:0.6765
honest:0.66975
unlikely friendships:0.659
social commentary:0.6545
touching:0.6445
interesting:0.6345
dreams:0.62975
good acting:0.6215
friendship:0.6185
dramatic:0.617
funny:0.6085
mentor:0.607
talky:0.60075
feel-good:0.598
sweet:0.579
culture clash:0.57625
dialogue:0.5745
humorous:0.57125
comedy:0.568
coming of age:0.56525
stereotypes:0.56225
ensemble cast:0.55375
jewish:0.5475
life:0.547
exceptional acting:0.54575
crime gone awry:0.54475
good:0.53825
parenthood:0.52875
dark comedy:0.528
life philosophy:0.52625
great acting:0.52525
depression:0.52175
very funny:0.5215
off-beat comedy:0.52125
witty:0.52075
intense:0.5155
brutality:0.51175
affectionate:0.50525
great ending:0.503
writers:0.50175
intimate:0.50175
great:0.501
excellent script:0.497
nudity (full frontal - brief):0.496
workplace:0.49125
family:0.48375
violence:0.4835
special:0.47875
dark humor:0.47675
excellent:0.4765
redemption:0.46925
feel good movie:0.4675
story:0.46475
harsh:0.4525
creativity:0.45175
coming-of-age:0.45175
dark hero:0.446
courage:0.445
emotional:0.44025
understated:0.435
character study:0.434
pornography:0.4325
deadpan:0.42875
melancholic:0.4235
poignant:0.4235
complex:0.422
cinematography:0.4215
clever:0.42025
entertaining:0.41825
drama:0.41625
catastrophe:0.41475
entirely dialogue:0.407
small town:0.4065
absurd:0.405
very interesting:0.40425
great movie:0.40075
oscar (best supporting actress):0.40025
oscar:0.3955
highly quotable:0.389
runaway:0.38875
romantic:0.38725
oscar (best directing):0.3855
alter ego:0.38025
good dialogue:0.37975
