psychological:0.91725
twists & turns:0.90375
plot twist:0.87375
very interesting:0.84775
great ending:0.83725
complicated plot:0.823
plot:0.81475
secrets:0.807
lawyer:0.794
mindfuck:0.79125
original:0.78975
twist:0.782
alternate endings:0.781
surprise ending:0.772
twist ending:0.77125
psychology:0.745
clever:0.7275
brutal:0.71475
investigation:0.71325
murder:0.7085
good soundtrack:0.6785
mystery:0.67525
betrayal:0.66875
pg-13:0.66575
great acting:0.66175
complex:0.637
greed:0.6365
police investigation:0.6285
cerebral:0.61925
brutality:0.6045
pornography:0.60325
lawyers:0.599
redemption:0.5945
claustrophobic:0.59425
interesting:0.58375
justice:0.58125
intelligent:0.577
excellent:0.5695
storytelling:0.569
dialogue:0.5655
bad ending:0.54075
murder mystery:0.534
suprisingly clever:0.52475
thought-provoking:0.52225
dark:0.51375
great:0.51225
tricky:0.507
hit men:0.50325
tense:0.49675
cinematography:0.4905
enigmatic:0.48975
detective:0.48875
corruption:0.4845
thriller:0.48225
weird:0.48075
confusing:0.4805
destiny:0.476
catastrophe:0.467
good acting:0.4655
complicated:0.45825
suspense:0.45825
courtroom:0.45825
nudity (topless - notable):0.45675
entirely dialogue:0.454
guilt:0.4535
gangsters:0.452
nonlinear:0.44675
shallow:0.4415
drama:0.439
multiple storylines:0.437
bizarre:0.43475
prostitution:0.4285
good:0.42525
narrated:0.41275
flashbacks:0.4125
classic car:0.41
great movie:0.40725
talky:0.40575
adaptation:0.40575
visually appealing:0.404
graphic design:0.404
powerful ending:0.403
underrated:0.4025
revenge:0.39625
workplace:0.39425
predictable:0.39325
unfunny:0.3855
mentor:0.38475
suspenseful:0.38425
surreal:0.37525
sarcasm:0.375
dark hero:0.374
story:0.37375
obsession:0.36925
male nudity:0.368
hitman:0.36625
psychiatry:0.36375
oscar:0.36075
manipulation:0.35875
chase:0.355
