nudity (topless - notable):0.96425
obsession:0.85725
sexy:0.8
pornography:0.75525
relationships:0.73975
nudity (topless):0.62275
nudity (full frontal - notable):0.6185
lesbian:0.59175
original:0.589
notable nudity:0.57
erotic:0.55925
intimate:0.52625
drinking:0.51425
based on true story:0.4925
catastrophe:0.46825
unusual plot structure:0.44975
brutality:0.42825
culture clash:0.421
dialogue:0.417
loneliness:0.41625
life philosophy:0.41225
mentor:0.412
serial killer:0.40975
workplace:0.40825
great:0.4045
sex:0.4015
writers:0.39925
bdsm:0.3975
melancholic:0.39375
true story:0.392
crime:0.3915
character study:0.391
crime gone awry:0.38375
nudity (rear):0.38225
quirky:0.3805
passionate:0.375
harsh:0.374
male nudity:0.37325
great ending:0.36825
marriage:0.3655
enigmatic:0.36525
criterion:0.36275
small town:0.35875
adultery:0.353
very interesting:0.34125
sexualized violence:0.334
heist:0.3275
mental illness:0.3235
grindhouse:0.322
classic car:0.319
nudity (full frontal - brief):0.3125
entirely dialogue:0.30975
police investigation:0.30175
not funny:0.30075
sexual:0.3005
life & death:0.3
runaway:0.2975
dreams:0.296
drug addiction:0.2935
love:0.29325
visually appealing:0.292
sacrifice:0.2905
fashion:0.2895
ironic:0.2865
romance:0.28325
drugs:0.27875
dramatic:0.2775
good soundtrack:0.2735
betrayal:0.2725
first contact:0.27175
adaptation:0.27
predictable:0.26925
chase:0.26875
fantasy world:0.26625
gay character:0.262
nocturnal:0.261
corruption:0.257
weird:0.25525
guilt:0.25425
crazy:0.25175
california:0.2505
solitude:0.24875
cars:0.2455
cinematography:0.2425
manipulation:0.23975
unfunny:0.238
good:0.23775
beautiful scenery:0.23575
bad plot:0.23075
cult film:0.22975
so bad it's funny:0.22825
suprisingly clever:0.2275
dreamlike:0.224
interracial romance:0.22275
oscar (best directing):0.21975
art:0.2185
story:0.21725
oscar (best actress):0.217
costume drama:0.2155
storytelling:0.21325
