germany:0.99875
world war ii:0.9845
nazis:0.982
wartime:0.9635
nazi:0.96325
wwii:0.96325
german:0.95
based on true story:0.85175
narrated:0.8505
holocaust:0.8465
tragedy:0.79725
original:0.797
guilt:0.7755
documentary:0.768
based on a true story:0.76025
dramatic:0.7575
east germany:0.75575
criterion:0.752
secrets:0.74525
politics:0.7445
thought-provoking:0.736
corruption:0.73175
runaway:0.7305
culture clash:0.7205
realistic:0.7115
social commentary:0.703
history:0.6975
childhood:0.6775
great ending:0.67475
oscar (best foreign language film):0.6735
golden palm:0.6705
brutality:0.663
idealism:0.659
oscar (best actress):0.64925
ethnic conflict:0.64075
good soundtrack:0.63875
women:0.624
very funny:0.61675
powerful ending:0.614
stereotypes:0.60925
movielens top pick:0.60825
controversial:0.608
oscar (best directing):0.60625
poignant:0.603
historical:0.59275
light:0.5885
very interesting:0.57
stylized:0.5645
honest:0.562
witty:0.556
talky:0.555
political:0.54575
intimate:0.545
unlikely friendships:0.542
obsession:0.53875
story:0.53825
small town:0.524
suprisingly clever:0.52275
downbeat:0.522
humorous:0.5195
war:0.5185
interesting:0.51725
nudity (full frontal - brief):0.51675
us history:0.5155
storytelling:0.5135
quirky:0.51075
satirical:0.51025
forceful:0.51025
moral ambiguity:0.506
harsh:0.50425
reflective:0.497
great movie:0.4965
fighting the system:0.4885
affectionate:0.4875
photography:0.48275
drama:0.47275
courage:0.46875
berlin:0.46675
pornography:0.46525
pg-13:0.46475
very good:0.46375
exceptional acting:0.46125
indians:0.461
mentor:0.461
bollywood:0.4575
character study:0.45625
adapted from:book:0.45225
melancholy:0.45175
foreign:0.451
violent:0.451
race issues:0.45
ironic:0.4485
brainwashing:0.44825
friendship:0.448
police investigation:0.44625
satire:0.443
catastrophe:0.43625
nocturnal:0.434
sexualized violence:0.4315
manipulation:0.431
