drugs:0.937
good soundtrack:0.9025
crime:0.89475
corruption:0.80025
mentor:0.793
hip hop:0.791
addiction:0.7765
original:0.75525
murder:0.7505
gritty:0.74575
gangsters:0.74425
drinking:0.74175
violent:0.726
violence:0.72575
brutality:0.71225
police investigation:0.70925
drug addiction:0.702
gangster:0.68525
harsh:0.66425
complex:0.65975
very interesting:0.65875
crime gone awry:0.6495
drama:0.6435
interesting:0.616
new jersey:0.58725
social commentary:0.5815
runaway:0.5545
drug abuse:0.55325
stylized:0.53925
life philosophy:0.53725
underrated:0.5355
dialogue:0.53525
gangs:0.52225
bleak:0.522
great ending:0.5135
dramatic:0.51325
great:0.50475
greed:0.50125
storytelling:0.5005
redemption:0.4995
detective:0.488
disturbing:0.48125
honest:0.47925
police corruption:0.46875
pornography:0.459
great acting:0.456
poverty:0.455
gunfight:0.4475
complex characters:0.44475
reality tv:0.43975
great soundtrack:0.43225
life & death:0.432
cinematography:0.42525
life:0.4195
depression:0.418
new york city:0.417
unusual plot structure:0.4155
catastrophe:0.4125
adaptation:0.40925
investigation:0.402
bloody:0.3975
stylish:0.3975
melancholic:0.39625
talky:0.39475
criterion:0.394
loneliness:0.392
unlikely friendships:0.3825
thought-provoking:0.37675
stereotypes:0.37525
prejudice:0.3725
good:0.3715
intense:0.369
great movie:0.368
character study:0.36775
dark hero:0.36725
nocturnal:0.366
sexualized violence:0.3625
story:0.361
not funny:0.358
friendship:0.35625
moral ambiguity:0.3555
justice:0.35325
hitman:0.34975
good dialogue:0.34675
weird:0.34525
realistic:0.345
vengeance:0.342
downbeat:0.34
very good:0.3375
independent film:0.333
exceptional acting:0.332
obsession:0.33125
enigmatic:0.32725
mob:0.32675
environment:0.31525
grim:0.31225
reflective:0.31075
adapted from:book:0.309
brutal:0.30825
mental illness:0.30825
