martial arts:0.999
kung fu:0.99525
fight scenes:0.9685
vengeance:0.9335
hong kong:0.91075
action:0.8255
mentor:0.81075
goofy:0.81025
original:0.768
criterion:0.73925
japan:0.6575
samurai:0.657
classic:0.644
japanese:0.62725
highly quotable:0.61775
fighting:0.61475
wuxia:0.6115
narrated:0.61
good:0.61
good soundtrack:0.59775
brutality:0.5785
grindhouse:0.57475
oscar (best actress):0.57225
passionate:0.5545
crime:0.52975
cult classic:0.518
talky:0.51475
good action:0.514
breathtaking:0.50975
tokyo:0.4955
silent:0.49175
culture clash:0.4905
runaway:0.49025
childhood:0.49
fun movie:0.48825
golden palm:0.48825
classic car:0.4845
world war ii:0.48225
revenge:0.48175
story:0.47975
death:0.47575
gunfight:0.466
oscar (best foreign language film):0.458
violent:0.45575
dialogue:0.45425
stylish:0.44275
pornography:0.44075
great ending:0.43925
stylized:0.43925
weapons:0.43775
cool:0.43625
dark hero:0.43475
secrets:0.43
kick-butt women:0.429
sword fight:0.42375
catastrophe:0.41925
bullying:0.41125
violence:0.409
lone hero:0.4065
cinematography:0.40475
forceful:0.39225
sacrifice:0.391
gangsters:0.3905
redemption:0.39025
school:0.38825
sexy:0.3845
imdb top 250:0.38325
oscar (best directing):0.383
affectionate:0.38075
justice:0.38075
suprisingly clever:0.376
poignant:0.37425
storytelling:0.36975
corruption:0.36875
visually stunning:0.3645
male nudity:0.36325
nudity (topless):0.35925
life philosophy:0.35675
nocturnal:0.35475
nostalgic:0.35425
amazing photography:0.351
distopia:0.351
enigmatic:0.3495
drama:0.348
excellent:0.3475
murder:0.3445
police investigation:0.34325
nudity (full frontal - brief):0.341
movielens top pick:0.341
sword fighting:0.3405
not funny:0.3405
1970s:0.34025
beautifully filmed:0.3395
cult film:0.33775
great movie:0.337
entirely dialogue:0.3365
melancholic:0.33625
adapted from:book:0.33375
entertaining:0.333
unusual plot structure:0.333
