supernatural:0.94425
franchise:0.92225
haunted house:0.8745
original:0.84925
predictable:0.79
demons:0.7575
horror:0.73975
idiotic:0.72875
pointless:0.706
death:0.664
family:0.65975
ghosts:0.6345
sequels:0.63
special effects:0.629
great ending:0.628
bad plot:0.62675
overrated:0.61375
brutality:0.57425
murder:0.55325
disaster:0.5455
horrible:0.54475
silly:0.543
teens:0.5405
scary:0.51775
sequel:0.51275
bad acting:0.49625
mentor:0.488
first contact:0.47625
bloody:0.46925
3d:0.46775
fantasy world:0.461
boring:0.45825
so bad it's funny:0.4465
too long:0.44625
stupid as hell:0.437
bad ending:0.42975
silly fun:0.4275
80s:0.418
suspense:0.4165
splatter:0.413
doctors:0.40725
crappy sequel:0.401
remake:0.39975
adaptation:0.3995
dialogue:0.3975
violence:0.39425
writers:0.39075
quirky:0.3885
slasher:0.3855
lame:0.38325
cult film:0.3825
campy:0.3775
unusual plot structure:0.3765
catastrophe:0.37625
action packed:0.3695
series:0.36675
entirely dialogue:0.36625
weird:0.36425
destiny:0.36425
slapstick:0.3625
true story:0.35925
goofy:0.35725
pornography:0.35475
solitude:0.35375
fun:0.35175
weapons:0.34975
not funny:0.3495
redemption:0.347
cheesy:0.346
shallow:0.34075
gangsters:0.33875
fantasy:0.3365
investigation:0.33475
fun movie:0.324
adventure:0.32375
pulp:0.323
boring!:0.32125
story:0.31975
dreamlike:0.31825
happy ending:0.317
bad cgi:0.3165
storytelling:0.3135
fight scenes:0.311
lone hero:0.30975
life & death:0.30425
runaway:0.30325
sexualized violence:0.30275
natural disaster:0.2985
creepy:0.296
police investigation:0.29525
ridiculous:0.2895
nudity (topless):0.2885
grindhouse:0.2865
computer animation:0.28475
justice:0.2835
technology:0.2835
vengeance:0.28225
sci fi:0.282
violent:0.28125
awful:0.28
