drinking:0.9365
music:0.93175
german:0.90875
musicians:0.84225
loneliness:0.8395
germany:0.8175
melancholic:0.79625
life:0.776
meditative:0.77525
life philosophy:0.738
bittersweet:0.6785
road movie:0.661
east germany:0.6605
artistic:0.6495
original:0.63325
humorous:0.62775
beer:0.62125
criterion:0.61425
downbeat:0.6005
harsh:0.6
finnish:0.5995
humanity:0.59475
unlikely friendships:0.59275
rock and roll:0.58775
absurd:0.56475
quirky:0.55925
light:0.558
culture clash:0.546
visually appealing:0.54175
cancer:0.541
affectionate:0.53525
reflective:0.52125
dialogue:0.512
beautifully filmed:0.51175
bleak:0.4995
suprisingly clever:0.4985
humor:0.49225
story:0.489
redemption:0.4875
existentialism:0.4815
life & death:0.48025
immigrants:0.47925
slow:0.467
good soundtrack:0.43975
friendship:0.4375
talky:0.43425
catastrophe:0.43325
hip hop:0.4305
social commentary:0.428
obsession:0.42525
dreams:0.41875
art house:0.41725
runaway:0.4155
not funny:0.415
creativity:0.411
great ending:0.41
mentor:0.40975
death:0.4
musical:0.39975
slow paced:0.396
stoner movie:0.38325
storytelling:0.383
off-beat comedy:0.37775
funny as hell:0.37725
self discovery:0.375
texas:0.3745
vampire human love:0.37225
boat:0.3715
berlin:0.365
cinematography:0.36425
weird:0.362
small town:0.35925
destiny:0.35575
foreign:0.3545
breathtaking:0.35
childhood:0.3495
classic car:0.346
awesome soundtrack:0.34525
pornography:0.34475
visual:0.3445
stylized:0.3435
male nudity:0.33775
transformation:0.33725
goofy:0.33225
very interesting:0.32925
british:0.325
lyrical:0.32425
dramatic:0.31975
fighting the system:0.31775
imdb top 250:0.31675
writers:0.31275
narrated:0.3115
enigmatic:0.30125
depression:0.2965
first contact:0.29625
poignant:0.296
road trip:0.29375
simple:0.29325
boring!:0.291
grim:0.28975
