robots:0.992
robot:0.9875
future:0.9875
futuristic:0.9795
androids:0.9695
science fiction:0.96075
spielberg:0.9595
artificial intelligence:0.9485
sci-fi:0.94275
visually stunning:0.92625
technology:0.9135
story:0.8905
visual:0.88125
dystopia:0.88
emotional:0.87825
scifi:0.864
storytelling:0.84775
end of the world:0.846
humanity:0.8455
visually appealing:0.8435
original:0.83975
sci fi:0.8165
great ending:0.80375
thought-provoking:0.8
bad ending:0.77175
cerebral:0.77025
special effects:0.7605
sentimental:0.753
first contact:0.74775
bittersweet:0.7365
cloning:0.72075
allegory:0.7
catastrophe:0.6865
clones:0.68375
happy ending:0.6835
loneliness:0.67325
weird:0.67
touching:0.66025
fairy tale:0.654
destiny:0.6515
existentialism:0.651
cinematography:0.64825
enigmatic:0.63925
imagination:0.63875
complex:0.626
alien:0.62175
philosophical:0.62175
post-apocalyptic:0.621
stunning:0.6195
android(s)/cyborg(s):0.6125
interesting:0.601
love story:0.598
beautifully filmed:0.59775
beautiful scenery:0.59325
philip k. dick:0.57725
big budget:0.56925
plot:0.5625
dialogue:0.56125
beautiful:0.56075
breathtaking:0.5525
powerful ending:0.5515
space:0.547
life & death:0.544
love:0.53675
dystopic future:0.5345
dynamic cgi action:0.5335
visuals:0.52925
masterpiece:0.521
plot holes:0.51775
alternate reality:0.5175
alone in the world:0.50725
utopia:0.50425
melancholic:0.5025
sad:0.50175
philosophy:0.49975
solitude:0.4995
dreams:0.49625
aliens:0.49475
whimsical:0.49475
too long:0.492
apocalypse:0.49075
life philosophy:0.48975
fairy tales:0.487
death:0.4855
mentor:0.48225
good:0.482
narrated:0.4805
adventure:0.478
cyberpunk:0.47775
post apocalyptic:0.477
suspense:0.47625
intellectual:0.469
fantasy:0.465
pg-13:0.45725
original plot:0.45325
passionate:0.451
natural disaster:0.4475
creativity:0.44725
giant robots:0.4465
great:0.446
