ghosts:0.9925
horror:0.988
supernatural:0.97225
creepy:0.95
hotel:0.932
splatter:0.8275
haunted house:0.82475
scary:0.817
atmospheric:0.81125
ominous:0.802
original:0.79575
weird:0.776
frightening:0.749
eerie:0.74725
suspenseful:0.73325
great ending:0.71625
suspense:0.71
dark:0.69475
cult classic:0.69325
tense:0.67475
devil:0.659
psychological:0.62075
slow paced:0.61175
grindhouse:0.60675
dialogue driven:0.5975
slow:0.59375
good soundtrack:0.575
cinematography:0.561
pornography:0.53975
enigmatic:0.5295
nocturnal:0.52575
quirky:0.512
off-beat comedy:0.51075
cult film:0.50975
pointless:0.509
dialogue:0.502
first contact:0.49375
bad ending:0.483
indie:0.469
claustrophobic:0.449
boring!:0.44275
slackers:0.44175
light:0.4395
demons:0.436
story:0.4235
monster:0.419
twist:0.40875
runaway:0.403
strange:0.40175
catastrophe:0.3945
zombie:0.39375
investigation:0.39325
so bad it's funny:0.392
gory:0.38775
mentor:0.3865
loneliness:0.3855
vengeance:0.383
monsters:0.37975
nudity (full frontal - notable):0.375
predictable:0.374
death:0.36975
crime gone awry:0.369
criterion:0.36825
visceral:0.366
dark humor:0.3655
allegory:0.365
obsession:0.36325
character study:0.36325
black comedy:0.36275
secrets:0.35675
drinking:0.35625
cerebral:0.35575
writers:0.35575
storytelling:0.3545
bloody:0.3525
doctors:0.35175
low budget:0.35175
brutality:0.35025
interesting:0.349
talky:0.34775
bad acting:0.3475
violent:0.343
social commentary:0.342
murder:0.34025
entirely dialogue:0.339
great acting:0.33875
cult:0.3385
great:0.33575
plot twist:0.33475
adaptation:0.332
absurd:0.32675
clever:0.3265
dreamlike:0.325
visually appealing:0.32475
stylized:0.323
sexualized violence:0.32
disturbing:0.31725
paranoid:0.315
stylish:0.31325
not funny:0.313
