comedy:0.94175
romantic comedy:0.85525
pornography:0.823
funny:0.815
drinking:0.80525
hilarious:0.80075
relationships:0.78975
original:0.78525
crude humor:0.77325
chick flick:0.719
foul language:0.69225
very funny:0.68475
male nudity:0.675
romantic:0.66725
sarcasm:0.65475
long:0.64625
pg-13:0.63325
doctors:0.62575
dialogue:0.6225
good soundtrack:0.617
shallow:0.6125
happy ending:0.59
predictable:0.583
stand-up comedy:0.569
humorous:0.56475
great ending:0.56
romance:0.548
stereotypes:0.547
mentor:0.5455
runaway:0.5155
saturday night live:0.51375
drama:0.51
unlikely friendships:0.50575
humor:0.50075
new york:0.49675
great:0.49525
family:0.48125
funny as hell:0.48125
parody:0.481
clever:0.4795
catastrophe:0.47475
dysfunctional family:0.472
chase:0.45875
teen movie:0.455
melancholic:0.45475
sports:0.4535
revenge:0.452
goofy:0.44525
writers:0.4275
story:0.42625
quotable:0.42175
good:0.42125
sexy:0.4205
sex:0.41975
honest:0.41825
redemption:0.41725
highly quotable:0.411
brutality:0.41075
feel-good:0.40775
storytelling:0.40425
harsh:0.3985
culture clash:0.39575
fantasy world:0.3895
adaptation:0.385
stylized:0.384
teen:0.38025
interesting:0.38
friendship:0.376
vengeance:0.37425
great acting:0.374
dramatic:0.3735
quirky:0.37275
gay character:0.37025
off-beat comedy:0.37
love story:0.36225
plot:0.3595
depression:0.3575
new jersey:0.355
manipulation:0.35475
social commentary:0.3515
weed:0.351
dumb but funny:0.3485
corruption:0.34675
silly:0.3455
loneliness:0.3455
great movie:0.34325
infidelity:0.341
witty:0.33925
women:0.3365
better than expected:0.3335
violent:0.3335
original plot:0.3325
light:0.3315
sex comedy:0.3295
complex:0.3275
fun:0.3275
intimate:0.3215
suprisingly clever:0.321
gunfight:0.3165
very good:0.31375
