paris:0.99875
love:0.993
french:0.9405
romantic:0.89975
relationships:0.8915
france:0.89
melancholic:0.87425
coen bros:0.87275
love story:0.852
storytelling:0.8475
multiple storylines:0.82025
loneliness:0.8005
original:0.7975
visually stunning:0.7645
criterion:0.74525
visually appealing:0.73475
beautifully filmed:0.729
complex:0.71825
cinematography:0.71275
romance:0.69025
enigmatic:0.68575
destiny:0.68525
stylized:0.66625
life & death:0.6595
unusual plot structure:0.64875
bittersweet:0.64725
beautiful scenery:0.64475
life philosophy:0.641
too short:0.63925
great ending:0.6285
literature:0.61975
talky:0.6195
idealism:0.61375
light:0.60775
melancholy:0.60575
divorce:0.6025
surreal:0.599
touching:0.59775
story:0.5885
intimate:0.581
beautiful:0.5805
interesting:0.5795
colourful:0.57825
wine:0.57775
narrated:0.57775
sweet:0.5775
heartbreaking:0.577
weird:0.568
breathtaking:0.56575
obsession:0.56525
dialogue:0.56275
art:0.5625
foreign:0.555
cerebral:0.555
stylish:0.54825
feel-good:0.54
plot:0.53925
oscar (best directing):0.53675
imagination:0.5365
clever:0.5355
poignant:0.53175
mentor:0.52975
passionate:0.52325
good soundtrack:0.52225
catastrophe:0.5175
reflective:0.5165
excellent script:0.51175
visual:0.51025
witty:0.5095
intellectual:0.50725
tragedy:0.507
social commentary:0.50625
affectionate:0.5035
oscar (best supporting actress):0.49925
pg-13:0.49275
feel good movie:0.49175
emotional:0.487
absurd:0.48675
imdb top 250:0.486
artistic:0.485
great acting:0.48475
queer:0.48425
nocturnal:0.48275
very interesting:0.47425
quirky:0.47275
nostalgic:0.4715
stunning:0.471
solitude:0.468
oscar:0.468
great:0.46575
creativity:0.46425
justice:0.46175
oscar (best actress):0.46125
suprisingly clever:0.45775
sacrifice:0.457
thought-provoking:0.45475
good:0.4535
hotel:0.453
runaway:0.448
oscar (best writing - screenplay written directly for the screen):0.43925
