gangsters:0.8135
original:0.7095
drinking:0.6715
crime:0.6665
greed:0.647
goofy:0.6155
finnish:0.614
gangster:0.5975
so bad it's funny:0.53975
good soundtrack:0.5325
nudity (topless):0.496
storytelling:0.47975
reflective:0.45475
foreign:0.4505
dark humor:0.4475
great ending:0.44625
hit men:0.445
mob:0.435
catastrophe:0.43475
stupid as hell:0.4265
absurd:0.41725
weird:0.4125
stupidity:0.4125
unfunny:0.4095
gangs:0.40875
pointless:0.40825
mentor:0.395
money:0.394
fight scenes:0.39
based on a play:0.386
life & death:0.382
corruption:0.38
stereotypes:0.3785
buddy movie:0.37825
dialogue:0.37725
internet:0.3635
suprisingly clever:0.3595
comedy:0.359
life philosophy:0.35875
nudity (full frontal - brief):0.3565
justice:0.35525
revolution:0.3535
bollywood:0.3525
adaptation:0.3505
cinematography:0.34925
first contact:0.339
social commentary:0.337
overrated:0.3365
criterion:0.336
stylized:0.33475
entertaining:0.3335
enigmatic:0.3305
brutality:0.32775
russia:0.3215
very funny:0.31975
bloody:0.31775
british:0.31575
slapstick:0.3145
amy smart:0.3145
drugs:0.31125
england:0.3095
masterpiece:0.30875
melancholic:0.3075
gritty:0.30275
twists & turns:0.3025
gratuitous violence:0.3
entirely dialogue:0.299
beer:0.29725
silly:0.29325
excellent script:0.28975
interesting:0.2855
idiotic:0.2855
obsession:0.28525
nudity (rear):0.28125
fun movie:0.27975
revenge:0.2795
imdb top 250:0.27525
underrated:0.27475
narrated:0.27225
exceptional acting:0.27125
not funny:0.26975
great acting:0.2695
hotel:0.268
gunfight:0.26725
quirky:0.26575
unusual plot structure:0.2655
allegory:0.2635
foul language:0.26325
meditative:0.26275
road trip:0.26225
good:0.2595
humorous:0.25925
clever:0.25875
chase:0.25825
relationships:0.2535
moral ambiguity:0.25325
complex:0.253
writers:0.25225
berlin:0.25225
existentialism:0.252
