gangster:0.974
violence:0.972
japan:0.96525
violent:0.96075
gangsters:0.96025
organized crime:0.927
tokyo:0.924
meditative:0.90425
bleak:0.85975
bloody:0.85775
melancholic:0.855
lone hero:0.8525
mafia:0.8375
brutality:0.83475
character study:0.833
stylized:0.83225
criterion:0.82725
visceral:0.8255
reflective:0.82
stylish:0.804
loneliness:0.797
life & death:0.79225
cinematography:0.77
powerful ending:0.76575
gangs:0.755
japanese:0.74925
relationships:0.7325
masterpiece:0.73
good soundtrack:0.72925
bittersweet:0.72675
gunfight:0.7115
mob:0.70675
guns:0.7025
enigmatic:0.7005
intimate:0.69
vengeance:0.6895
social commentary:0.68425
weird:0.6745
talky:0.674
crime gone awry:0.6725
hitman:0.6715
golden palm:0.6645
gratuitous violence:0.66425
original:0.66225
visually appealing:0.661
dialogue:0.65125
harsh:0.64475
grindhouse:0.62425
melancholy:0.59475
grim:0.5905
highly quotable:0.58475
existentialism:0.58175
cult classic:0.58125
assassination:0.57825
drinking:0.573
disturbing:0.561
life philosophy:0.56075
childhood:0.55175
downbeat:0.55125
slow:0.548
dark hero:0.5465
surreal:0.53575
entirely dialogue:0.534
redemption:0.5315
atmospheric:0.5305
lyrical:0.52625
imdb top 250:0.5215
brutal:0.5205
hit men:0.518
runaway:0.509
deadpan:0.508
betrayal:0.50325
narrated:0.50125
pulp:0.50075
dark humor:0.494
foreign:0.4925
movielens top pick:0.47925
death:0.46875
weapons:0.4675
suprisingly clever:0.46675
action:0.4665
culture clash:0.4545
absurd:0.4535
assassin:0.44625
storytelling:0.444
poignant:0.44325
mentor:0.43675
male nudity:0.43425
art:0.43425
slow paced:0.434
quirky:0.4315
hong kong:0.43
revenge:0.42975
allegory:0.42575
forceful:0.425
life:0.42275
unlikely friendships:0.41475
visual:0.413
drama:0.40875
breathtaking:0.4055
