sequels:0.94475
horror:0.93125
monsters:0.92525
good sequel:0.91775
survival:0.8525
original:0.836
sequel:0.76925
plot holes:0.754
so bad it's funny:0.752
pointless:0.7235
hospital:0.723
monster:0.71025
scary:0.679
claustrophobic:0.67
mutants:0.66125
gory:0.65325
bad cgi:0.6425
crappy sequel:0.58975
predictable:0.58725
bad ending:0.58225
gore:0.57525
great ending:0.57175
short-term memory loss:0.567
goofy:0.553
twist ending:0.53025
bloody:0.50525
violence:0.49925
brutality:0.47075
bad acting:0.468
blood:0.46575
idiotic:0.456
transformation:0.4445
suspense:0.44225
horrible:0.43925
chase:0.433
fight scenes:0.42425
betrayal:0.423
sacrifice:0.40525
splatter:0.402
redemption:0.39825
not funny:0.398
zombie:0.39775
dialogue:0.39625
bad plot:0.39225
catastrophe:0.3855
life & death:0.376
weapons:0.376
intense:0.36525
memory loss:0.36375
mentor:0.357
fantasy world:0.35625
absurd:0.354
sci fi:0.35075
memory:0.34925
death:0.3465
storytelling:0.34575
special effects:0.3245
visually appealing:0.3245
overrated:0.32125
first contact:0.31725
murder:0.31675
writers:0.3165
franchise:0.31475
directorial debut:0.30775
disaster:0.3055
allegory:0.29775
lone hero:0.2955
parallel universe:0.29425
sexualized violence:0.294
werewolves:0.2935
blindness:0.28925
nudity (full frontal - brief):0.2875
adaptation:0.2845
story:0.284
grindhouse:0.2835
imdb top 250:0.28325
good:0.2765
life philosophy:0.2765
women:0.2745
runaway:0.27325
justice:0.273
werewolf:0.27275
greed:0.27275
stupidity:0.2725
atmospheric:0.27225
destiny:0.2715
entirely dialogue:0.27
silly:0.2695
twists & turns:0.2655
tense:0.25925
suprisingly clever:0.25875
criterion:0.2565
amnesia:0.256
interesting:0.253
teleportation:0.2405
natural disaster:0.2395
alternate endings:0.23825
nudity (topless):0.236
action packed:0.2355
bad:0.23475
