world politics:0.9955
arms dealer:0.989
weapons:0.973
narrated:0.966
corruption:0.963
political:0.96075
business:0.9515
guns:0.951
politics:0.95025
social commentary:0.94175
violence:0.92975
africa:0.90725
morality:0.9065
greed:0.8965
anti-hero:0.89075
dramatic:0.88075
organized crime:0.85525
great acting:0.85275
justice:0.84075
original:0.8275
crime:0.822
thought-provoking:0.81775
moral ambiguity:0.816
war:0.8125
good:0.808
genocide:0.8055
interesting:0.80475
drama:0.7855
excellent script:0.7725
violent:0.76625
intense:0.76025
alone in the world:0.75875
storytelling:0.749
complex:0.74475
powerful ending:0.72825
cold war:0.71975
drugs:0.7165
mentor:0.71275
good soundtrack:0.71225
good acting:0.70825
based on a true story:0.7075
betrayal:0.69825
brutality:0.69625
gangsters:0.6955
dark humor:0.69025
realistic:0.6685
story:0.667
clever:0.6655
idealism:0.6605
honest:0.64825
suspense:0.648
very good:0.64425
brainwashing:0.6375
life & death:0.6245
forceful:0.62125
life philosophy:0.61875
plot:0.61575
very interesting:0.615
brothers:0.6135
dialogue:0.61175
nudity (topless - brief):0.60475
cynical:0.6045
murder:0.599
factual:0.59875
destiny:0.59775
twists & turns:0.5955
visually appealing:0.595
entertaining:0.5935
talky:0.59225
satire:0.5895
mafia:0.58775
satirical:0.58675
harsh:0.586
pg-13:0.582
dark comedy:0.581
intelligent:0.581
catastrophe:0.57925
philosophy:0.57825
conspiracy:0.577
great ending:0.574
oscar (best directing):0.56975
drug abuse:0.568
latin america:0.56775
action:0.557
survival:0.5545
tragedy:0.55325
best of 2005:0.55175
crime gone awry:0.5505
based on true story:0.54075
excellent:0.53875
sarcasm:0.538
cerebral:0.532
propaganda:0.5295
great movie:0.52825
absurd:0.52575
thriller:0.525
fast paced:0.5245
drug addiction:0.52325
apocalypse:0.52275
exceptional acting:0.51975
