horror:0.99525
claustrophobic:0.976
creepy:0.91925
paris:0.91825
supernatural:0.9115
weird:0.8155
scary:0.8055
treasure hunt:0.80525
demons:0.804
maze:0.777
original:0.774
gory:0.6925
great ending:0.65675
devil:0.65575
mythology:0.641
atmospheric:0.64025
suspense:0.64
adventure:0.63975
very interesting:0.5965
dark:0.5925
eerie:0.587
macabre:0.57675
splatter:0.5665
survival:0.5645
cult classic:0.55625
brutality:0.547
psychological:0.5425
blood:0.53125
ominous:0.5275
suspenseful:0.52025
story:0.51225
low budget:0.508
good soundtrack:0.506
witches:0.50325
monster:0.4975
cult:0.48025
archaeology:0.4725
plot:0.453
transformation:0.45175
cult film:0.4485
twist:0.44
first contact:0.43975
predictable:0.43575
stoner movie:0.43375
original plot:0.4315
catastrophe:0.431
better than expected:0.4305
storytelling:0.4295
underrated:0.42875
visceral:0.428
haunted house:0.422
cerebral:0.41875
tense:0.4165
immortality:0.4135
zombie:0.413
dialogue:0.40675
frightening:0.40275
creativity:0.40125
cinematography:0.39975
life philosophy:0.39975
ghosts:0.396
oscar (best effects - visual effects):0.3915
surreal:0.391
bloody:0.38025
apocalypse:0.3755
intense:0.37375
not funny:0.37225
visually appealing:0.3715
witch:0.36825
mentor:0.368
clever:0.368
philosophical:0.368
chase:0.36775
goretastic:0.367
death:0.367
monsters:0.3575
nocturnal:0.353
pg-13:0.34975
clowns:0.3495
dark fantasy:0.34775
enigmatic:0.34525
torture:0.34425
melancholic:0.3425
good:0.34
handycam:0.33975
effects:0.3355
hospital:0.33025
great:0.32825
stylized:0.32475
visual:0.32275
destiny:0.32125
plot holes:0.31725
murder:0.316
visually stunning:0.31375
criterion:0.3095
entirely dialogue:0.30675
ghosts/afterlife:0.306
grindhouse:0.30575
sexualized violence:0.30575
fantasy world:0.30525
