psychology:0.9915
psychological:0.92775
world politics:0.92125
prison:0.91825
mentor:0.8655
corruption:0.84375
chase:0.82675
original:0.79875
surveillance:0.65925
suspenseful:0.644
based on true story:0.636
dramatic:0.63025
suspense:0.62975
runaway:0.6215
technology:0.60825
survival:0.596
california:0.58575
thought-provoking:0.5855
history:0.5815
intense:0.58125
clever:0.56925
brutality:0.55375
stereotypes:0.55025
true story:0.5485
torture:0.541
great ending:0.538
brutal:0.51775
police corruption:0.51225
moral ambiguity:0.49925
science:0.489
oscar:0.48775
bullying:0.4835
interesting:0.46675
dialogue:0.466
photography:0.46225
ethnic conflict:0.4555
story:0.448
catastrophe:0.44
us history:0.4355
intellectual:0.43375
underdog:0.43
storytelling:0.4295
thriller:0.42425
fun movie:0.421
android(s)/cyborg(s):0.41525
idealism:0.41325
crude humor:0.40825
switching places:0.407
harsh:0.405
great:0.40425
violence:0.40175
kids:0.399
shallow:0.3985
claustrophobic:0.3875
journalism:0.38375
character study:0.382
disturbing:0.37975
pornography:0.379
underrated:0.37725
morality:0.3765
powerful ending:0.37425
memory loss:0.36875
police investigation:0.36575
family:0.3645
bad ending:0.361
propaganda:0.35825
time loop:0.35625
environment:0.34825
manipulation:0.34775
social commentary:0.34675
alter ego:0.342
life philosophy:0.34025
cerebral:0.339
scenic:0.33675
treasure hunt:0.33375
drama:0.33325
melancholic:0.333
investigation:0.33275
original plot:0.328
emotional:0.32725
humanity:0.327
prison escape:0.31875
adapted from:book:0.31725
earnest:0.3135
feel-good:0.312
paranoid:0.309
freedom:0.30825
tense:0.30175
anti-hero:0.30175
redemption:0.29925
identity:0.298
ominous:0.29675
pg-13:0.29475
special effects:0.29425
not funny:0.29375
violent:0.293
mental illness:0.29225
fantasy world:0.29
pointless:0.2895
adaptation:0.2895
