based on book:0.93875
monsters:0.90675
adapted from:book:0.8935
monster:0.87175
horror:0.8095
big budget:0.79225
original:0.7805
special effects:0.78
based on a book:0.77975
books:0.77275
mythology:0.7685
adaptation:0.71625
book:0.71475
book was better:0.6765
good:0.669
suspense:0.66625
predictable:0.6615
police investigation:0.63675
chase:0.6195
so bad it's funny:0.6195
computer animation:0.61725
scary:0.61525
bad cgi:0.6035
mentor:0.5885
gory:0.58625
catastrophe:0.58575
first contact:0.57425
alien:0.56575
dialogue:0.55825
great ending:0.55675
weird:0.53675
horrible:0.53125
scifi:0.4905
action:0.484
sci fi:0.47775
light:0.47225
splatter:0.46025
story:0.456
fun movie:0.452
death:0.4455
sci-fi:0.444
fantasy world:0.4365
mad scientist:0.4355
transformation:0.43275
destiny:0.42525
bad acting:0.42275
science:0.41425
great:0.4065
witches:0.405
effects:0.4035
genetics:0.40275
murder:0.39475
entertaining:0.38475
silly:0.38375
storytelling:0.381
writers:0.37975
fun:0.37575
cool:0.37525
awful:0.36925
natural disaster:0.36775
twists & turns:0.3635
idiotic:0.35975
fast paced:0.3585
aliens:0.35775
not funny:0.35375
violence:0.3525
silly fun:0.35025
life philosophy:0.349
bad:0.3465
better than expected:0.34625
runaway:0.34325
very good:0.343
creativity:0.34175
spiders:0.34125
bloody:0.34025
supernatural:0.33925
plot holes:0.33925
bad plot:0.3375
happy ending:0.3375
cult classic:0.33425
twist ending:0.334
oscar (best effects - visual effects):0.3335
cult film:0.33175
witch:0.32775
brutality:0.3255
ominous:0.325
franchise:0.3245
adventure:0.32275
cgi:0.3215
high fantasy:0.32125
sexualized violence:0.32
dark fantasy:0.31575
survival:0.3125
overrated:0.312
dark:0.31125
vengeance:0.31025
good soundtrack:0.31
science fiction:0.30925
clever:0.30875
entirely dialogue:0.3075
