art house:0.96725
melancholic:0.94625
obsession:0.9305
enigmatic:0.90075
relationships:0.86075
complex:0.84475
voyeurism:0.82375
pornography:0.78175
erotic:0.77525
sexual:0.771
weird:0.759
amazing cinematography:0.75425
sex:0.7175
loneliness:0.71675
nudity (topless - notable):0.701
complex characters:0.697
dark:0.689
original:0.674
non-linear:0.66975
intimate:0.66625
nocturnal:0.6655
character study:0.657
canada:0.64875
surveillance:0.64025
very interesting:0.63425
golden palm:0.62425
dialogue:0.6145
secrets:0.61375
storytelling:0.609
twists & turns:0.6085
melancholy:0.60725
good soundtrack:0.5845
guilt:0.55975
maze:0.552
redemption:0.55175
social commentary:0.55075
sexy:0.54925
indie:0.542
cerebral:0.52925
atmospheric:0.52425
confusing:0.5215
crime gone awry:0.51425
visually appealing:0.51225
entirely dialogue:0.5075
sexuality:0.503
great ending:0.4915
intellectual:0.476
addiction:0.4745
excellent script:0.473
dysfunctional family:0.471
bleak:0.4655
existentialism:0.4645
mindfuck:0.4645
disturbing:0.463
harsh:0.461
stylized:0.46025
suprisingly clever:0.453
criterion:0.44825
brutality:0.44375
artsy:0.43475
nudity (full frontal - notable):0.43025
sexualized violence:0.42525
catastrophe:0.4195
stylish:0.414
reflective:0.41175
writers:0.405
independent film:0.3995
talky:0.399
thought-provoking:0.397
murder mystery:0.396
complicated plot:0.395
drinking:0.3915
psychological:0.379
pointless:0.376
slow paced:0.3745
death:0.37375
male nudity:0.3735
beautifully filmed:0.37225
underrated:0.3645
good music:0.363
surreal:0.36075
dark humor:0.36025
intense:0.35775
pretentious:0.35725
interesting:0.35
mentor:0.35
cinematography:0.34975
surrealism:0.3445
strippers:0.3435
exceptional acting:0.33825
great acting:0.33525
not funny:0.32925
depression:0.329
nonlinear:0.328
lynch:0.3265
bad plot:0.3235
quirky:0.319
life philosophy:0.31825
art:0.31775
strange:0.3145
