motorcycle:0.885
franchise:0.7965
series:0.7605
teen movie:0.73325
original:0.733
goofy:0.685
silly:0.682
dialogue:0.6545
predictable:0.64375
shallow:0.63425
family:0.61975
fun movie:0.61825
teen:0.61325
witch:0.6045
fantasy world:0.5945
doctors:0.593
great ending:0.56875
bad plot:0.542
satirical:0.5145
mentor:0.4995
race:0.4885
campy:0.48275
fun:0.48175
fantasy:0.47
unusual plot structure:0.46725
mad scientist:0.4665
good soundtrack:0.466
pornography:0.46375
so bad it's funny:0.4635
parody:0.46325
silly fun:0.455
idiotic:0.45325
island:0.451
racing:0.435
brutality:0.43
cult film:0.42925
slapstick:0.425
spying:0.412
catastrophe:0.40875
sexy:0.40725
adapted from:comic:0.40625
80s:0.4055
teens:0.404
stereotypes:0.39825
melancholic:0.388
vengeance:0.38575
adaptation:0.3855
grindhouse:0.3795
story:0.3775
redemption:0.37725
murder:0.37575
camp:0.37025
drinking:0.368
entirely dialogue:0.36725
tokyo:0.3635
solitude:0.35375
pointless:0.35175
light:0.35025
overrated:0.35
kids:0.3475
romantic:0.34625
amy smart:0.34425
storytelling:0.343
kick-butt women:0.3385
gay:0.338
bad cgi:0.33625
chase:0.3345
not funny:0.3345
runaway:0.33325
stylized:0.3295
destiny:0.3275
spies:0.32175
awesome soundtrack:0.31725
quirky:0.3165
sci fi:0.3135
first contact:0.313
animals:0.3025
greed:0.3025
magic:0.29975
unfunny:0.29925
violence:0.29775
fight scenes:0.29475
lone hero:0.29425
adapted from:book:0.29375
good:0.2925
special effects:0.29125
surfing:0.2875
visually appealing:0.28725
dreamlike:0.28675
justice:0.28525
sex comedy:0.285
alter ego:0.28475
very funny:0.282
criterion:0.281
bad ending:0.2795
science fiction:0.2765
spy:0.2755
action packed:0.27525
natural disaster:0.27525
dysfunctional family:0.275
