china:0.94375
cinematography:0.88675
visually stunning:0.85425
intimate:0.84375
japan:0.83475
criterion:0.82325
stylized:0.801
golden palm:0.763
wine:0.76125
colourful:0.71275
enigmatic:0.704
1930s:0.6975
talky:0.69575
beautifully filmed:0.69275
visual:0.6925
melancholy:0.67575
original:0.64925
oscar (best actress):0.649
oscar (best foreign language film):0.645
brutality:0.63075
stunning:0.62825
melancholic:0.62275
grindhouse:0.6195
poignant:0.61175
allegory:0.6075
downbeat:0.60575
atmospheric:0.60525
visually appealing:0.5865
unusual plot structure:0.58225
imdb top 250:0.5725
bleak:0.57
childhood:0.569
narrated:0.568
japanese:0.567
political corruption:0.55275
breathtaking:0.5495
meditative:0.546
culture clash:0.54425
loneliness:0.5325
runaway:0.512
tokyo:0.5115
suprisingly clever:0.49975
berlin:0.499
weird:0.49825
obsession:0.496
1920s:0.48325
oscar (best supporting actress):0.4785
dialogue:0.47325
male nudity:0.47225
art:0.47075
amazing photography:0.45725
harsh:0.45525
catastrophe:0.4455
mentor:0.44475
forceful:0.43775
world war ii:0.43625
movielens top pick:0.4345
good soundtrack:0.42625
tense:0.42575
great ending:0.42225
affectionate:0.42
oscar (best directing):0.41975
pornography:0.41575
entirely dialogue:0.41225
masterpiece:0.411
cerebral:0.40875
reflective:0.40825
foreign:0.40075
transformation:0.39975
story:0.39525
nudity (full frontal - brief):0.39225
dreamlike:0.3895
social commentary:0.38625
poetry:0.38575
passionate:0.3805
grim:0.377
lyrical:0.37025
drama:0.3605
very good:0.35675
storytelling:0.35475
beautiful scenery:0.354
photography:0.354
amazing cinematography:0.34825
life philosophy:0.347
nudity (full frontal - notable):0.34425
history:0.34425
crime gone awry:0.3415
light:0.328
great cinematography:0.32725
visceral:0.3245
tragedy:0.3245
independent film:0.323
nocturnal:0.32075
twists & turns:0.31925
great:0.3145
censorship:0.3145
love:0.314
good:0.3065
love story:0.304
claustrophobic:0.30325
