secrets:0.9865
adoption:0.9535
family drama:0.8735
race issues:0.8575
great acting:0.84625
intimate:0.8455
original:0.8415
drama:0.80825
relationships:0.788
bleak:0.78125
dramatic:0.75975
dysfunctional family:0.7585
reflective:0.75775
working class:0.7035
character study:0.6975
emotional:0.6865
complex:0.6755
golden palm:0.66975
social commentary:0.66025
oscar (best actress):0.65775
honest:0.63975
redemption:0.61725
good acting:0.5985
loneliness:0.5885
good soundtrack:0.57975
melancholic:0.579
melancholy:0.579
culture clash:0.57825
heartbreaking:0.57425
suprisingly clever:0.5685
exceptional acting:0.55475
depression:0.55075
oscar (best directing):0.54675
cathartic:0.539
intense:0.53075
storytelling:0.52725
poignant:0.52675
drinking:0.52425
harsh:0.52225
oscar (best supporting actress):0.52025
british:0.504
guilt:0.49875
criterion:0.49775
gritty:0.492
oscar:0.48925
dialogue:0.48075
catastrophe:0.475
tragedy:0.46325
affectionate:0.457
downbeat:0.4515
realistic:0.4485
good:0.442
enigmatic:0.44175
great ending:0.43475
pregnancy:0.428
manipulation:0.424
talky:0.4205
depressing:0.418
interesting:0.4165
excellent:0.4125
family:0.408
visceral:0.4075
entirely dialogue:0.4005
brutality:0.39825
imdb top 250:0.39775
great:0.395
life philosophy:0.3945
oscar (best foreign language film):0.39425
movielens top pick:0.3915
excellent script:0.3865
pornography:0.386
mentor:0.3775
weird:0.375
london:0.37275
witty:0.372
england:0.37075
runaway:0.37075
masterpiece:0.37075
happy ending:0.37025
parenthood:0.364
life:0.36275
crime gone awry:0.3615
touching:0.3605
cerebral:0.358
visually appealing:0.35725
not funny:0.35475
greed:0.3545
bittersweet:0.3525
cinematography:0.35225
betrayal:0.351
earnest:0.3495
life & death:0.3465
multiple storylines:0.346
nocturnal:0.346
transformation:0.34225
identity:0.342
dark humor:0.341
very funny:0.33725
independent film:0.33575
twists & turns:0.331
