futuristic:0.9885
post-apocalyptic:0.98275
post apocalyptic:0.979
sci-fi:0.972
big budget:0.971
future:0.9605
dystopia:0.959
action:0.954
natural disaster:0.95375
dark hero:0.95275
end of the world:0.944
apocalypse:0.92875
alone in the world:0.923
scifi:0.922
adventure:0.9095
good action:0.906
sci fi:0.88875
science fiction:0.88725
dystopic future:0.86775
special effects:0.77475
global warming:0.76675
catastrophe:0.74175
original:0.724
horrible:0.7215
chase:0.7125
dynamic cgi action:0.69175
destiny:0.68925
action packed:0.6885
visually stunning:0.6845
survival:0.68125
technology:0.677
first contact:0.66975
lone hero:0.667
so bad it's funny:0.66525
plot holes:0.6645
story:0.66425
bad acting:0.66175
fantasy:0.64925
utopia:0.62275
good:0.61025
ocean:0.6045
predictable:0.601
disaster:0.5995
visual:0.59175
fantasy world:0.591
mutants:0.57425
boat:0.57275
island:0.56975
entertaining:0.56925
mars:0.53075
bad science:0.528
exciting:0.5235
environment:0.5235
oil:0.52325
fun movie:0.5205
science:0.5125
fight scenes:0.50875
stupidity:0.50525
great ending:0.501
fish:0.49225
great:0.48875
bad cgi:0.48425
pg-13:0.473
steampunk:0.467
dialogue:0.4625
bad:0.4605
bad ending:0.4595
storytelling:0.4585
stupid:0.45675
mentor:0.451
alternate reality:0.4435
transformation:0.4365
lame:0.43625
visually appealing:0.431
dumb:0.428
cool:0.4265
creativity:0.42625
betrayal:0.4255
plot:0.42425
happy ending:0.421
silly fun:0.414
bad plot:0.413
better than expected:0.41
irish accent:0.40325
awful:0.397
explosions:0.396
violence:0.394
genetics:0.39025
desert:0.37975
very interesting:0.37675
shallow:0.376
runaway:0.3755
philip k. dick:0.3715
life philosophy:0.37075
internet:0.3645
ridiculous:0.3635
brutality:0.35875
cinematography:0.358
virtual reality:0.35175
redemption:0.3515
