superheroes:0.992
superhero:0.9905
animation:0.9875
super hero:0.98575
computer animation:0.96825
animated:0.9525
anti-hero:0.8885
super-hero:0.88375
good versus evil:0.87375
cartoon:0.87075
comedy:0.8575
pixar animation:0.83875
good:0.8255
original:0.82125
destiny:0.80575
3d:0.75275
funny:0.74975
talking animals:0.7485
story:0.74325
clever:0.74075
humor:0.7355
good soundtrack:0.7315
witty:0.727
twists & turns:0.71925
fun:0.71225
heartwarming:0.706
fast paced:0.69625
kids:0.69475
fun movie:0.693
storytelling:0.68775
humorous:0.6855
animals:0.66825
entertaining:0.65575
mad scientist:0.651
family:0.641
great:0.63675
redemption:0.63175
alter ego:0.62075
visually appealing:0.61975
dialogue:0.617
creativity:0.61675
pg-13:0.615
action:0.60875
dreamworks:0.5925
plot:0.588
very funny:0.5805
childhood:0.579
cgi:0.561
transformation:0.55725
goofy:0.55425
visually stunning:0.553
light:0.5375
cool:0.537
friendship:0.5335
unlikely friendships:0.53225
cute:0.53175
catastrophe:0.5195
kids and family:0.51875
pixar:0.5175
very good:0.517
fight scenes:0.5145
better than expected:0.51425
happy ending:0.50875
silly:0.49475
great movie:0.4935
children:0.48425
action packed:0.484
technology:0.469
oscar (best animated feature):0.465
animal movie:0.45625
comic book:0.45625
feel good movie:0.45525
great ending:0.4515
crude humor:0.45025
mentor:0.45
very interesting:0.45
chase:0.43625
hilarious:0.435
adventure:0.43075
runaway:0.43025
visual:0.42625
comics:0.42375
fantasy world:0.42225
predictable:0.42225
big budget:0.40175
suprisingly clever:0.384
watch the credits:0.384
dark hero:0.377
stereotypes:0.3765
touching:0.3745
romance:0.373
visuals:0.37275
life philosophy:0.3665
nerds:0.3575
culture clash:0.35475
adapted from:comic:0.35425
jungle:0.35
earnest:0.3485
imdb top 250:0.345
weapons:0.3425
