space opera:0.938
series:0.9295
space:0.917
clones:0.90875
action:0.89375
star wars:0.888
animation:0.8735
trilogy:0.84025
franchise:0.83675
war:0.834
sci-fi:0.8315
prequel:0.8225
cloning:0.76575
dialogue:0.75775
science fiction:0.743
original:0.73
good versus evil:0.7255
sci fi:0.7165
adventure:0.70075
fantasy:0.699
cartoon:0.69725
big budget:0.69025
computer animation:0.68475
dynamic cgi action:0.66025
fantasy world:0.6135
futuristic:0.60975
video game:0.5945
story:0.57
shallow:0.568
visual:0.556
original plot:0.53625
fighting:0.52175
special effects:0.5185
mentor:0.51075
fight scenes:0.50575
mythology:0.5055
stylized:0.49675
storytelling:0.49575
high fantasy:0.48825
catastrophe:0.481
great ending:0.48075
future:0.462
plot:0.45775
robots:0.451
saturn award (best special effects):0.4505
awesome soundtrack:0.448
destiny:0.44125
good:0.432
scifi:0.41525
predictable:0.41525
technology:0.4125
revenge:0.41
good action:0.40975
epic:0.40825
visually stunning:0.388
silly:0.3865
unfunny:0.376
first contact:0.36975
great:0.3675
betrayal:0.36525
entirely dialogue:0.34875
not funny:0.34425
intense:0.34275
action packed:0.34175
cool:0.34175
firefly:0.33975
cgi:0.33325
aliens:0.33025
geek:0.32925
good soundtrack:0.32775
camp:0.32425
bad plot:0.31825
fast paced:0.31575
war movie:0.3145
pointless:0.311
culture clash:0.30925
exciting:0.30725
brutality:0.30325
magic:0.3015
redemption:0.29625
melancholic:0.293
life philosophy:0.2905
fun movie:0.289
horrible:0.28875
visually appealing:0.2885
overrated:0.2875
pg-13:0.28625
light:0.27625
adaptation:0.275
imdb top 250:0.2735
vengeance:0.27275
harsh:0.2675
lone hero:0.2675
great movie:0.26225
transformation:0.261
family drama:0.25975
runaway:0.258
no plot:0.2575
family:0.25725
plot holes:0.2565
