destiny:0.93025
drama:0.89325
loneliness:0.85925
original:0.827
indie:0.8165
workplace:0.81375
relationships:0.81025
brothers:0.7865
midlife crisis:0.7705
melancholic:0.76875
new jersey:0.75325
quirky:0.7495
family drama:0.73125
independent film:0.72725
slackers:0.716
weird:0.703
family bonds:0.69725
existentialism:0.69575
life & death:0.671
depression:0.66075
comedy:0.6485
dysfunctional family:0.643
social commentary:0.62025
good soundtrack:0.61325
life philosophy:0.60425
drinking:0.59125
stoner movie:0.58675
life:0.55675
touching:0.5285
mentor:0.5285
feel-good:0.52575
complex:0.51625
obsession:0.50675
great ending:0.50625
philosophy:0.50225
dramatic:0.49775
suicide attempt:0.49325
bleak:0.49325
powerful ending:0.49025
storytelling:0.48625
catastrophe:0.482
great acting:0.481
cerebral:0.477
off-beat comedy:0.4765
heartwarming:0.47225
criterion:0.46275
dialogue:0.46125
nudity (topless - notable):0.44475
redemption:0.44425
underrated:0.443
culture clash:0.44225
reflective:0.43925
honest:0.43775
interesting:0.432
talky:0.4265
twists & turns:0.42325
solitude:0.41325
whimsical:0.41025
adultery:0.4095
writers:0.408
secrets:0.4055
mental illness:0.40325
runaway:0.40325
emotional:0.4025
visually appealing:0.39775
story:0.392
predictable:0.388
clever:0.387
first contact:0.38225
bittersweet:0.381
family:0.37975
cult film:0.3785
nudity (full frontal - notable):0.37675
surveillance:0.37575
character study:0.36675
dark comedy:0.3665
cinematography:0.3585
pointless:0.35825
suprisingly clever:0.35625
road movie:0.35225
very funny:0.35125
dark humor:0.34825
poignant:0.3455
pornography:0.3445
parenthood:0.34275
humorous:0.33925
transformation:0.33675
feel good movie:0.3335
narrated:0.33275
california:0.3305
weed:0.32775
cult classic:0.3265
pg-13:0.3255
small town:0.3235
police investigation:0.3225
brutality:0.32125
nudity (full frontal - brief):0.3185
stylized:0.31825
unlikely friendships:0.30975
suspense:0.307
