classical music:0.9915
musicians:0.98175
music:0.9535
dramatic:0.88675
father daughter relationship:0.836
russian:0.82625
redemption:0.8225
mentor:0.781
drama:0.78075
storytelling:0.77925
jews:0.778
mozart:0.748
original:0.747
good music:0.74675
melancholic:0.74025
touching:0.72725
unusual plot structure:0.7145
story:0.7065
poignant:0.69825
very funny:0.67875
russia:0.67525
jewish:0.67475
exceptional acting:0.67375
so bad it's funny:0.66675
harsh:0.66425
creativity:0.661
great ending:0.63025
betrayal:0.626
great acting:0.6225
brutality:0.62025
paris:0.6195
art:0.61875
revenge:0.61675
good soundtrack:0.616
justice:0.60475
comedy:0.6035
emotional:0.5985
corruption:0.5975
surprise ending:0.5745
brainwashing:0.572
farce:0.571
historical:0.56975
france:0.55825
obsession:0.558
twists & turns:0.55725
great music:0.55375
brutal:0.5395
revolution:0.539
tricky:0.538
feel-good:0.5325
french:0.526
serial killer:0.52275
manipulation:0.51575
breathtaking:0.5105
stereotypes:0.50375
earnest:0.50175
sacrifice:0.49975
transformation:0.49425
artist:0.49075
brothers:0.48975
suprisingly clever:0.48925
adaptation:0.48575
oscar (best actress):0.485
drinking:0.48475
oscar:0.484
life & death:0.48375
foreign:0.47925
screwball comedy:0.47825
clever:0.47675
forceful:0.474
psychiatry:0.466
great:0.45825
excellent script:0.4495
intense:0.44925
beautiful scenery:0.44875
weird:0.4475
dialogue:0.447
dreams:0.4465
good acting:0.446
feel good movie:0.4455
grim:0.43725
good:0.43625
moral ambiguity:0.4355
insanity:0.43425
oscar (best directing):0.43225
crude humor:0.42875
inspirational:0.42775
passionate:0.4255
runaway:0.422
police investigation:0.4215
male nudity:0.41725
catastrophe:0.41525
life philosophy:0.414
colourful:0.41325
prejudice:0.413
psychological:0.4115
factual:0.409
imagination:0.40725
oscar (best supporting actor):0.40375
torture:0.403
