wilderness:0.98475
documentary:0.97775
hunting:0.94575
nature:0.934
narrated:0.9225
intimate:0.91725
criterion:0.88525
solitude:0.87675
meditative:0.80825
reflective:0.79675
life:0.796
loneliness:0.77
mentor:0.746
oscar (best actress):0.73925
social commentary:0.73475
life & death:0.7315
brutality:0.69875
relationships:0.6865
obsession:0.656
dog:0.6505
drinking:0.64175
destiny:0.63675
oscar (best foreign language film):0.6305
affectionate:0.625
honest:0.621
original:0.61575
harsh:0.608
life philosophy:0.607
interesting:0.60525
bleak:0.588
idealism:0.587
self discovery:0.58225
drama:0.58175
tragedy:0.58125
weird:0.56925
depression:0.5675
culture clash:0.56225
alcoholism:0.561
oscar (best supporting actress):0.55925
talky:0.55775
black and white:0.54175
philosophical:0.5415
artistic:0.539
corruption:0.53625
greed:0.5285
classic car:0.528
movielens top pick:0.52325
animals:0.51525
thought-provoking:0.515
heartwarming:0.51475
jungle:0.51425
mental illness:0.5085
sports:0.5065
very interesting:0.503
poignant:0.50275
oscar (best directing):0.5025
environment:0.4975
catastrophe:0.496
bittersweet:0.48875
underdog:0.47675
feel-good:0.476
excellent script:0.469
dreams:0.468
runaway:0.46125
based on a play:0.458
dogs:0.457
fish:0.45675
internet:0.455
russian:0.4525
character study:0.45125
sexual abuse:0.44775
humanity:0.44775
road movie:0.44225
california:0.4415
small town:0.4405
breathtaking:0.439
quirky:0.4345
surveillance:0.43025
deadpan:0.42325
native americans:0.41775
homeless:0.415
beautiful scenery:0.41475
unusual plot structure:0.41375
art:0.409
death:0.40075
photography:0.4005
isolation:0.40025
workplace:0.399
melancholic:0.3985
afi 100 (movie quotes):0.39825
boat:0.39775
romantic:0.39625
politics:0.3955
fun movie:0.393
no dialogue:0.38675
free to download:0.3865
beautiful:0.38475
creativity:0.381
educational:0.38075
pornography:0.37975
