based on a book:0.99275
australia:0.98475
based on book:0.93625
adapted from:book:0.89775
teen movie:0.8955
australian:0.835
books:0.81175
teen:0.7715
original:0.7285
camp:0.70225
teenagers:0.69625
adaptation:0.681
action:0.6625
dialogue:0.64575
book:0.641
so bad it's funny:0.59025
natural disaster:0.57525
runaway:0.56425
bad acting:0.53725
teens:0.53175
good action:0.506
girlie movie:0.50475
teenager:0.488
catastrophe:0.47875
good soundtrack:0.4685
high school:0.45725
mentor:0.44575
directorial debut:0.43475
brutality:0.42525
adolescence:0.41175
predictable:0.40075
survival:0.39675
finnish:0.3965
book was better:0.3835
weapons:0.382
crude humor:0.38125
small town:0.3745
gunfight:0.371
unfunny:0.36925
torture:0.36775
drama:0.36525
not funny:0.3575
relationships:0.35725
life philosophy:0.3555
pornography:0.35225
explosions:0.349
entirely dialogue:0.34875
chase:0.34725
good:0.34325
light:0.32975
romance:0.32675
war:0.324
great ending:0.316
fight scenes:0.313
stereotypes:0.311
stoner movie:0.3015
better than expected:0.299
military:0.299
censorship:0.29575
pointless:0.2955
new jersey:0.2955
bdsm:0.29525
action packed:0.29425
cinematography:0.294
literature:0.291
nudity (full frontal - notable):0.28825
adventure:0.2865
lone hero:0.283
life & death:0.2825
criterion:0.277
surveillance:0.27575
unrealistic:0.274
series:0.27325
coming of age:0.2725
prejudice:0.27075
civil war:0.2695
cult classic:0.2685
beautiful scenery:0.268
school:0.2665
corruption:0.2655
independent film:0.26425
writers:0.26175
intense:0.26125
family:0.25775
absurd:0.2575
war movie:0.2575
melancholic:0.2565
pg-13:0.2555
death:0.2545
sacrifice:0.24975
ridiculous:0.24875
great:0.24475
story:0.24075
distopia:0.24025
quirky:0.23875
idiotic:0.2385
first contact:0.23825
enigmatic:0.2375
alter ego:0.23625
nudity (topless - notable):0.2345
