tense:0.96975
slow paced:0.94275
claustrophobic:0.927
slow:0.8745
intense:0.86225
paranoia:0.84025
greed:0.81725
suspenseful:0.81125
complex:0.81025
violent:0.79375
original:0.781
psychological:0.77975
paranoid:0.77875
cinematography:0.75175
dialogue:0.744
brutality:0.73
thriller:0.729
suspense:0.72
disturbing:0.70425
good soundtrack:0.692
guilt:0.69175
mindfuck:0.68975
independent film:0.6875
first contact:0.68375
visceral:0.6815
meditative:0.67025
obsession:0.6615
crime gone awry:0.65075
character study:0.6455
downbeat:0.64225
talky:0.63525
golden palm:0.63325
enigmatic:0.6325
hard to watch:0.6285
bleak:0.62625
crime:0.62475
twists & turns:0.612
nudity (full frontal - notable):0.598
great ending:0.5915
twist:0.58925
violence:0.58875
dark:0.5775
cerebral:0.57725
pointless:0.575
weird:0.5735
existentialism:0.57275
boring!:0.56925
cult film:0.566
entirely dialogue:0.56575
pretentious:0.55225
loneliness:0.551
stoner movie:0.54625
interesting:0.53575
dialogue driven:0.5255
sexualized violence:0.5215
forceful:0.4975
breathtaking:0.4915
off-beat comedy:0.48675
gangsters:0.47825
creepy:0.47525
nonlinear:0.4735
hitman:0.46925
indie:0.46
coen bros:0.459
light:0.4555
drama:0.449
relationships:0.44875
clever:0.44625
storytelling:0.446
criterion:0.44375
mentor:0.431
stylized:0.4275
confusing:0.42575
intimate:0.424
grindhouse:0.42175
conspiracy:0.4205
dramatic:0.41525
neo-noir:0.415
controversial:0.41425
police investigation:0.4125
robbery:0.41175
runaway:0.40925
visual:0.4045
black comedy:0.40075
complicated:0.39975
very interesting:0.39975
atmospheric:0.39075
catastrophe:0.38825
caper:0.387
psychology:0.38675
multiple storylines:0.383
not funny:0.3805
adaptation:0.377
nudity (full frontal):0.3765
depression:0.375
very good:0.36825
quirky:0.36725
stylish:0.361
lone hero:0.36025
art house:0.35975
