father son relationship:0.9635
downbeat:0.86775
exceptional acting:0.7915
drama:0.7855
independent film:0.7775
loneliness:0.7705
harsh:0.76325
redemption:0.76225
original:0.755
melancholic:0.7395
storytelling:0.7265
heartbreaking:0.70425
father-son relationship:0.69275
life philosophy:0.68875
story:0.68025
realistic:0.67925
life:0.674
poignant:0.67275
bleak:0.65975
dramatic:0.6415
honest:0.63975
gritty:0.62275
oscar (best actress):0.621
reflective:0.61
crime gone awry:0.59075
social commentary:0.5895
life & death:0.5635
forceful:0.55975
good soundtrack:0.55625
indie:0.545
criterion:0.53825
runaway:0.53625
destiny:0.53575
affectionate:0.53475
depression:0.512
character study:0.49675
great acting:0.4945
oscar (best directing):0.4855
great:0.478
oscar (best supporting actor):0.47475
alaska:0.47475
movielens top pick:0.47025
culture clash:0.46775
pornography:0.44575
oscar:0.43875
bittersweet:0.433
great ending:0.4285
parenthood:0.428
tragedy:0.42525
golden palm:0.4115
catastrophe:0.4075
dialogue:0.403
unusual plot structure:0.40175
small town:0.39475
gangsters:0.39325
gangs:0.39025
finnish:0.38875
mentor:0.38675
brutality:0.386
prison:0.37725
sad:0.371
greed:0.36575
oscar (best supporting actress):0.36225
unlikely friendships:0.36
suprisingly clever:0.35825
good:0.3565
parallel universe:0.3535
relationships:0.35325
hospital:0.35
childhood:0.34525
fighting the system:0.3425
wilderness:0.342
violent:0.33775
mental illness:0.33575
dysfunctional family:0.33575
good acting:0.33475
multiple storylines:0.33125
biographical:0.32925
drug abuse:0.3255
courage:0.325
not funny:0.325
ironic:0.32325
hitman:0.323
family drama:0.3225
talky:0.32025
road movie:0.3185
nudity (full frontal - brief):0.31725
melancholy:0.31575
imdb top 250:0.313
emotional:0.312
intimate:0.31075
adaptation:0.3105
good story:0.3085
nocturnal:0.308
dreams:0.306
betrayal:0.304
crime:0.3035
romance:0.30125
police investigation:0.30075
nudity (full frontal - notable):0.29975
