visually stunning:0.924
unusual plot structure:0.90275
egypt:0.87475
imagination:0.8545
desert:0.85025
passionate:0.83925
beautiful scenery:0.8065
artistic:0.763
dreamlike:0.755
surreal:0.71575
relationships:0.69125
too short:0.68675
original:0.68175
love:0.68075
beautifully filmed:0.63425
fantasy:0.6175
nudity (full frontal - notable):0.61375
graphic novel:0.602
surrealism:0.57875
story:0.57775
love story:0.5775
great ending:0.57475
allegory:0.5605
loneliness:0.55475
amazing cinematography:0.5355
ghosts/afterlife:0.52275
dark fantasy:0.5135
bad ending:0.50925
whimsical:0.498
adaptation:0.491
intelligent sci-fi:0.48825
nudity (topless - notable):0.48425
fantasy world:0.4815
beautiful:0.475
alternate endings:0.47425
weird:0.45725
storytelling:0.4545
not funny:0.4515
insanity:0.44575
solitude:0.43725
erotic:0.43675
creativity:0.434
humanity:0.431
multiple storylines:0.43025
so bad it's funny:0.42525
bad cgi:0.425
absurd:0.4235
suprisingly clever:0.42
art:0.41925
catastrophe:0.419
notable nudity:0.4145
cinematography:0.41225
visual:0.41175
colourful:0.4005
stunning:0.3905
crude humor:0.38575
romance:0.383
adapted from:book:0.382
life philosophy:0.37575
hospital:0.3755
hotel:0.37275
adultery:0.36375
existentialism:0.36225
goretastic:0.36
obsession:0.358
biblical:0.35525
amazing photography:0.3545
romantic:0.35175
first contact:0.3515
visually appealing:0.34725
culture clash:0.34675
wilderness:0.346
dialogue:0.34375
utopia:0.3365
author:alan moore:0.3335
bizarre:0.33
sexualized violence:0.32475
gilliam:0.32225
nocturnal:0.32025
predictable:0.31925
strange:0.31875
transformation:0.3165
mentor:0.3125
macabre:0.3095
pornography:0.30725
artsy:0.30425
brutality:0.3
vengeance:0.29825
fairy tales:0.29575
interesting:0.2925
independent film:0.29225
entirely dialogue:0.29225
dreams:0.28925
overrated:0.28475
grindhouse:0.28175
crime gone awry:0.2795
adventure:0.2765
atheism:0.2755
non-linear:0.27525
graphic design:0.2715
