doctors:0.97325
hospital:0.963
compassionate:0.90575
drinking:0.88125
meditative:0.85625
loneliness:0.83475
cancer:0.83025
life & death:0.78475
allegory:0.75
criterion:0.725
humanity:0.65975
realistic:0.65275
intimate:0.6525
melancholic:0.65225
death:0.6355
life philosophy:0.63075
culture clash:0.6265
slow paced:0.61625
reflective:0.6155
solitude:0.615
weird:0.6
golden palm:0.59075
documentary:0.58025
original:0.58
prison escape:0.5735
relationships:0.56625
bleak:0.55825
canada:0.558
workplace:0.55775
existentialism:0.5505
artistic:0.548
depression:0.54575
beautifully filmed:0.535
grindhouse:0.524
brutality:0.51325
enigmatic:0.512
absurd:0.50625
drama:0.501
destiny:0.4995
harsh:0.4895
social commentary:0.48825
first contact:0.48
road movie:0.47225
artist:0.4665
prejudice:0.46425
family:0.463
foreign:0.46175
sad:0.45475
depressing:0.44975
dialogue:0.448
nocturnal:0.44525
hard to watch:0.4445
honest:0.443
art:0.442
catastrophe:0.4405
cinematography:0.43525
thought-provoking:0.42925
intellectual:0.42775
light:0.427
very interesting:0.427
visually appealing:0.42525
great:0.41675
suprisingly clever:0.416
greed:0.4095
best of 2005:0.405
downbeat:0.399
breathtaking:0.396
alcoholism:0.39025
black comedy:0.39025
story:0.3895
god:0.389
dysfunctional family:0.38775
interesting:0.38375
melancholy:0.38225
addiction:0.38025
bittersweet:0.379
talky:0.376
mentor:0.375
redemption:0.36625
unusual plot structure:0.3605
dramatic:0.35625
great ending:0.35275
runaway:0.34975
storytelling:0.34775
slow:0.343
good acting:0.3405
unlikely friendships:0.339
survival:0.3385
claustrophobic:0.3365
childhood:0.334
self discovery:0.331
not funny:0.32275
character study:0.3225
creativity:0.32125
cerebral:0.31225
life:0.31125
stoner movie:0.3075
affectionate:0.30625
pornography:0.30325
mad scientist:0.3
