love:0.92275
teen movie:0.885
adultery:0.86
teen:0.843
romantic:0.8415
unusual plot structure:0.84125
beautiful scenery:0.83925
love story:0.836
relationships:0.83225
destiny:0.8175
divorce:0.814
marriage:0.78875
scenic:0.7495
life philosophy:0.74575
romance:0.72575
island:0.667
loneliness:0.6535
girlie movie:0.64
bittersweet:0.6205
adolescence:0.62025
teens:0.61725
pregnancy:0.61675
beautifully filmed:0.615
original:0.6065
family:0.606
pg-13:0.598
nudity (topless - notable):0.59375
period piece:0.58875
drinking:0.58575
dialogue:0.57275
vampire human love:0.56825
interracial romance:0.565
immortality:0.56075
romantic comedy:0.55875
earnest:0.54975
sexy:0.54375
vengeance:0.53875
good soundtrack:0.53625
culture clash:0.53175
pornography:0.53175
1950s:0.5195
sexuality:0.5195
camp:0.51925
notable nudity:0.514
passionate:0.509
amy smart:0.49925
runaway:0.49875
betrayal:0.4945
emotional:0.4905
glbt:0.4795
school:0.477
women:0.476
sexual:0.47475
sentimental:0.45425
beautiful:0.45325
awesome soundtrack:0.45225
mentor:0.4475
big budget:0.4435
catastrophe:0.43925
tokyo:0.4365
oscar (best actress):0.433
secrets:0.4305
teenagers:0.41875
plot:0.41425
great ending:0.4135
shallow:0.41125
fun movie:0.41075
potential oscar nom:0.4075
chick flick:0.40525
prejudice:0.39875
boarding school:0.3985
virginity:0.39125
high school:0.38925
teenager:0.389
great:0.3885
silly:0.38225
harsh:0.37725
coming of age:0.37725
queer:0.3755
entirely dialogue:0.3755
costume drama:0.37225
guilty pleasure:0.3705
visually appealing:0.36875
police investigation:0.3685
stranded:0.365
idealism:0.364
melancholic:0.36375
gay:0.36025
1960s:0.35975
boat:0.359
adapted from:book:0.35875
nudity (full frontal - brief):0.358
based on a book:0.35775
story:0.35625
predictable:0.35475
sexual abuse:0.34775
natural disaster:0.3465
drama:0.344
criterion:0.34225
campy:0.334
