vietnam war:0.99425
weapons:0.95475
vietnam:0.95275
action:0.943
military:0.91975
camp:0.87475
war:0.8645
mentor:0.85825
best war films:0.83
jungle:0.77425
original:0.76125
war movie:0.75475
sacrifice:0.7475
powerful ending:0.7465
good action:0.73225
vengeance:0.7245
survival:0.65825
action packed:0.627
drama:0.62225
prison:0.622
fight scenes:0.61975
good:0.615
fun movie:0.5815
great ending:0.5735
betrayal:0.5735
guns:0.55775
justice:0.54275
us history:0.53825
courage:0.52775
destiny:0.5235
good soundtrack:0.5185
lone hero:0.51525
forceful:0.51525
torture:0.51325
revenge:0.50575
adventure:0.4915
girlie movie:0.4885
explosions:0.478
chase:0.474
plot:0.46525
runaway:0.46525
80s:0.46125
pg-13:0.45375
predictable:0.45375
culture clash:0.45075
fighting:0.44875
nudity (full frontal - brief):0.44875
brothers:0.44875
1980s:0.44575
violence:0.44425
realistic action:0.44375
great:0.4435
catastrophe:0.44125
violent:0.441
brutality:0.43675
corruption:0.4365
united nations:0.4355
propaganda:0.43525
realistic:0.432
nudity (topless):0.43
texas:0.427
islam:0.42425
intense:0.42125
bad acting:0.41875
dialogue:0.41775
nudity (topless - notable):0.417
claustrophobic:0.4145
superheroes:0.406
not funny:0.38625
alter ego:0.37925
dark hero:0.377
notable nudity:0.377
vigilante:0.37175
visceral:0.364
entertaining:0.36125
ensemble cast:0.35075
storytelling:0.35025
video game:0.3495
civil war:0.343
memory:0.34225
complex:0.33825
history:0.336
nudity (topless - brief):0.33525
cool:0.33375
california:0.333
oscar (best directing):0.3325
fun:0.33175
family:0.33175
oscar (best effects - visual effects):0.32975
adapted from:book:0.32875
excellent:0.32575
dysfunctional family:0.32425
life philosophy:0.324
redemption:0.32225
tense:0.32175
feel-good:0.3215
arms dealer:0.31925
prejudice:0.3155
enormously long battle scene:0.3145
suspense:0.314
