africa:0.964
fairy tale:0.90875
children:0.862
fantasy world:0.85825
storytelling:0.80175
cartoon:0.8015
stop motion:0.797
animation:0.782
colourful:0.76725
original:0.756
childhood:0.75175
animated:0.73125
animals:0.712
lions:0.67475
fairy tales:0.669
art:0.6525
runaway:0.642
magic:0.63175
greed:0.629
imagination:0.6195
spanish:0.614
talking animals:0.60875
beautifully filmed:0.59775
allegory:0.58925
story:0.588
idealism:0.57675
stop-motion:0.5735
suprisingly clever:0.5715
foreign:0.5645
artistic:0.564
unusual plot structure:0.54825
animal movie:0.5455
great ending:0.543
transformation:0.536
witches:0.526
family:0.52425
good soundtrack:0.524
culture clash:0.5155
british:0.51475
clever:0.512
stunning:0.50675
author:neil gaiman:0.49775
redemption:0.49675
witch:0.492
oscar (best supporting actress):0.48725
sweet:0.47425
visually appealing:0.472
great:0.469
mentor:0.46875
amazing photography:0.4685
oscar (best directing):0.46825
pornography:0.46525
prejudice:0.458
criterion:0.45075
dark fantasy:0.446
dialogue:0.44125
social commentary:0.4345
light:0.43425
breathtaking:0.4295
harsh:0.426
courage:0.42525
beautiful:0.42075
police investigation:0.4155
very funny:0.40875
good versus evil:0.40875
imdb top 250:0.40425
women:0.402
parallel universe:0.40025
catastrophe:0.39975
oscar (best foreign language film):0.395
visually stunning:0.39375
affectionate:0.38925
sexy:0.38925
golden palm:0.38275
life philosophy:0.3825
visual:0.38
mythology:0.3685
brutality:0.3685
stylized:0.3635
sexualized violence:0.363
vengeance:0.35725
adoption:0.35625
cinematography:0.3485
england:0.34675
melancholic:0.346
gangsters:0.344
witty:0.343
french:0.34275
adventure:0.34275
macabre:0.33975
morality:0.339
coming of age:0.331
great movie:0.3225
anime:0.32175
crude humor:0.32075
absurd:0.31875
earnest:0.316
talky:0.31425
nudity (full frontal - brief):0.31375
dark hero:0.3135
