cerebral:0.89375
original:0.8885
obsession:0.83375
hotel:0.83375
talky:0.83175
violence:0.82775
criterion:0.81525
intellectual:0.79025
cult classic:0.79
great movie:0.765
brutality:0.72375
good soundtrack:0.723
dialogue:0.717
crime gone awry:0.71425
dark hero:0.70975
violent:0.705
visually appealing:0.7025
race issues:0.6935
interesting:0.658
complex:0.6475
quirky:0.6445
witty:0.6375
adaptation:0.62775
pretentious:0.61775
mentor:0.61625
redemption:0.61525
narrated:0.61475
entertaining:0.611
clever:0.60975
nostalgic:0.6075
gratuitous violence:0.60475
fun movie:0.59475
gangsters:0.57675
grindhouse:0.574
story:0.56875
stylish:0.55675
highly quotable:0.555
oscar (best supporting actress):0.54275
great:0.541
entirely dialogue:0.54075
1980s:0.54
social commentary:0.5345
weird:0.53325
quotable:0.52525
stylized:0.5235
nocturnal:0.52125
claustrophobic:0.51825
realistic:0.51575
grim:0.5145
cult film:0.5125
oscar (best actress):0.51175
very interesting:0.503
moral ambiguity:0.497
surreal:0.48975
oscar (best directing):0.4895
sexy:0.4885
great ending:0.48525
drama:0.47575
dramatic:0.4735
unusual plot structure:0.4715
foul language:0.46925
visceral:0.467
writers:0.463
golden palm:0.46225
distopia:0.4595
character study:0.45275
us history:0.45175
nudity (full frontal - notable):0.4505
passionate:0.44775
nudity (full frontal - brief):0.4475
catastrophe:0.44725
greed:0.44575
period piece:0.4455
transformation:0.44475
dark humor:0.439
affectionate:0.4385
honest:0.43725
paranoid:0.433
culture clash:0.4325
guilt:0.4325
melancholic:0.4305
very good:0.4305
weapons:0.429
cinematography:0.42675
pornography:0.4265
great acting:0.42625
twists & turns:0.42325
excellent:0.42175
great soundtrack:0.42075
light:0.41925
classic car:0.41875
life & death:0.41875
gangster:0.4175
metaphysics:0.41675
insanity:0.416
indie:0.4145
based on a play:0.41425
suprisingly clever:0.4115
cult:0.40925
visual:0.40375
