biographical:0.97725
biopic:0.96
based on true story:0.94525
oscar (best actress):0.93525
true story:0.92775
adapted from:book:0.876
biography:0.868
mentor:0.86225
based on a true story:0.85625
emma watson:0.7845
oscar:0.77775
based on book:0.772
runaway:0.74475
based on a book:0.741
period piece:0.7345
original:0.72975
drama:0.71325
oscar (best supporting actress):0.7035
obsession:0.69575
pg-13:0.693
sexy:0.6895
factual:0.67575
england:0.65125
dramatic:0.645
talky:0.643
based on a play:0.641
relationships:0.63925
unlikely friendships:0.63425
good soundtrack:0.63225
cinematography:0.60875
loneliness:0.60625
very interesting:0.598
coming of age:0.594
great ending:0.585
adaptation:0.58475
love story:0.58425
melancholic:0.5795
nostalgic:0.5715
oscar (best directing):0.56475
romantic:0.55925
entertaining:0.554
story:0.55325
friendship:0.5525
great acting:0.5515
corruption:0.55075
drinking:0.542
literature:0.54125
love:0.52975
good:0.52975
underdog:0.52225
fun movie:0.522
good acting:0.52125
dialogue:0.51975
betrayal:0.518
mental illness:0.51
light:0.50025
interesting:0.4985
great movie:0.498
enigmatic:0.4925
passionate:0.4915
intense:0.487
justice:0.474
destiny:0.4705
pornography:0.46575
excellent script:0.46525
great:0.465
visually appealing:0.4645
nudity (topless - notable):0.4635
hollywood:0.463
bittersweet:0.46225
happy ending:0.4585
witty:0.45625
intimate:0.4465
death:0.4455
courage:0.4445
clever:0.4435
california:0.44325
family:0.443
feel-good:0.442
criterion:0.433
life:0.432
romance:0.429
catastrophe:0.4255
childhood:0.42175
london:0.421
costume drama:0.4195
narrated:0.41775
brutality:0.41725
historical:0.4165
depression:0.41525
doctors:0.413
business:0.413
tragedy:0.412
feel good movie:0.41125
earnest:0.40975
drugs:0.408
manipulation:0.40225
murder:0.39525
very good:0.38125
storytelling:0.3785
