nudity (full frontal - brief):0.98625
stylized:0.85225
good soundtrack:0.849
fast paced:0.83825
storytelling:0.828
action:0.793
violence:0.78625
sexualized violence:0.779
true story:0.77
stylish:0.76975
original:0.76375
amazing photography:0.741
visual:0.7355
heist:0.732
mentor:0.73125
visually appealing:0.7305
based on true story:0.72625
dialogue:0.7235
cool:0.711
weird:0.6915
life philosophy:0.68025
mafia:0.66425
plot:0.65775
story:0.65675
visually stunning:0.656
action packed:0.65225
pg-13:0.65025
gangsters:0.6445
pointless:0.64375
pulp:0.62825
reality tv:0.61725
confusing:0.61625
twists & turns:0.604
best of 2005:0.59875
destiny:0.592
so bad it's funny:0.58825
violent:0.5845
crime:0.584
based on a true story:0.5785
vengeance:0.57175
cinematography:0.57175
visuals:0.5705
biopic:0.557
awesome soundtrack:0.556
hit men:0.5425
graphic novel:0.54175
brutality:0.53725
fight scenes:0.53575
big budget:0.52575
narrated:0.52425
good:0.5165
shallow:0.51625
great ending:0.5155
revenge:0.5085
predictable:0.50825
better than expected:0.508
plot twist:0.5075
biographical:0.50725
entirely dialogue:0.501
good action:0.49875
redemption:0.49375
surreal:0.49
sexy:0.48575
creativity:0.4795
absurd:0.47925
catastrophe:0.47025
complicated plot:0.46575
non-linear:0.4615
caper:0.45875
entertaining:0.457
bad acting:0.45275
bad plot:0.4525
justice:0.45125
pornography:0.4445
anti-hero:0.44225
intense:0.4415
nudity (topless - notable):0.4405
existentialism:0.43975
life & death:0.4365
robbery:0.435
dark hero:0.433
social commentary:0.428
grindhouse:0.417
drugs:0.4155
bad ending:0.41275
artsy:0.4105
horrible:0.407
pretentious:0.40625
nonlinear:0.406
weapons:0.406
gratuitous violence:0.40475
fantasy world:0.40225
betrayal:0.40175
harsh:0.40075
interesting:0.39375
clever:0.39275
cult classic:0.3885
boring!:0.387
crime gone awry:0.387
biography:0.38275
