family drama:0.909
complex:0.9035
original:0.8605
good soundtrack:0.85425
adolescence:0.84575
death:0.79775
coming of age:0.79575
marriage:0.77775
relationships:0.77725
pornography:0.77325
adapted from:book:0.74675
brutality:0.727
sexual:0.702
drugs:0.69775
storytelling:0.686
sexualized violence:0.684
coming-of-age:0.6795
secrets:0.6785
melancholic:0.67075
cinematography:0.66875
guilt:0.6655
male nudity:0.656
depression:0.65575
parenthood:0.65
vengeance:0.64175
psychological:0.63725
sexy:0.63525
sex:0.6165
goretastic:0.60625
nudity (topless - notable):0.601
nudity (full frontal - notable):0.59225
surreal:0.58225
nudity (topless):0.58075
adultery:0.57275
teens:0.571
great ending:0.57075
brutal:0.5585
runaway:0.553
childhood:0.54975
revenge:0.546
weird:0.53225
1970s:0.52725
solitude:0.524
obsession:0.50525
bleak:0.50025
breathtaking:0.4965
golden palm:0.48875
drinking:0.488
social commentary:0.47375
divorce:0.46975
twist ending:0.464
narrated:0.46175
adaptation:0.4615
stereotypes:0.458
dramatic:0.45125
violence:0.44875
dysfunctional family:0.44725
erotic:0.44425
visual:0.441
intense:0.431
beautifully filmed:0.42075
violent:0.4195
intimate:0.41825
story:0.415
catastrophe:0.411
visually appealing:0.40925
culture clash:0.409
classic car:0.4055
stylized:0.40325
teenager:0.403
life & death:0.4005
exceptional acting:0.3985
suprisingly clever:0.3985
sexuality:0.39425
harsh:0.387
stylish:0.38625
islam:0.38525
vampire human love:0.384
great movie:0.3815
mentor:0.3785
nostalgic:0.37825
pointless:0.37725
tragedy:0.36775
emotional:0.36325
beautiful:0.36325
new zealand:0.35825
fantasy world:0.35775
surrealism:0.35725
tokyo:0.356
paranoia:0.356
cheating:0.352
graphic novel:0.3505
disturbing:0.34875
twists & turns:0.34875
not funny:0.34825
great:0.34675
loneliness:0.3405
destiny:0.3405
freedom:0.33975
photography:0.33775
