islam:0.99675
immigrants:0.92875
solitude:0.897
character study:0.8545
culture clash:0.841
loneliness:0.7965
parenthood:0.79375
relationships:0.776
intimate:0.7585
melancholic:0.756
religion:0.75225
original:0.7495
suburbia:0.745
enigmatic:0.73525
england:0.72825
rebellion:0.72575
london:0.717
complex:0.6895
reflective:0.66525
criterion:0.65025
identity:0.62775
melancholy:0.62
drama:0.61325
british:0.61175
bleak:0.58825
harsh:0.57625
depression:0.56075
golden palm:0.5555
off-beat comedy:0.5525
adultery:0.54325
social commentary:0.542
independent film:0.5385
talky:0.532
downbeat:0.53175
story:0.52425
dark humor:0.521
dialogue:0.5205
greed:0.5115
suprisingly clever:0.49725
dysfunctional family:0.4965
adoption:0.48475
great ending:0.4835
foreign:0.48175
entirely dialogue:0.4675
weird:0.464
storytelling:0.46075
adapted from:book:0.4495
family:0.44475
family drama:0.4385
good soundtrack:0.438
indie:0.4375
exceptional acting:0.42825
unlikely friendships:0.424
beautifully filmed:0.417
meditative:0.40025
light:0.39275
hospital:0.3925
catastrophe:0.39175
obsession:0.3835
narrated:0.38075
prostitution:0.37875
allegory:0.3785
writers:0.37825
mentor:0.37775
bollywood:0.37775
stylized:0.374
satirical:0.372
grim:0.3705
drinking:0.3685
redemption:0.3665
corruption:0.3635
british comedy:0.363
secrets:0.36225
oscar (best foreign language film):0.3595
affectionate:0.35925
absurd:0.3585
life philosophy:0.3585
multiple storylines:0.35825
runaway:0.3535
fascism:0.35275
brutality:0.3485
very funny:0.34825
not funny:0.33625
poignant:0.3335
betrayal:0.332
dark comedy:0.3255
visually appealing:0.32475
life & death:0.324
adaptation:0.32375
jesus:0.32325
cerebral:0.322
workplace:0.321
family bonds:0.3195
environment:0.31875
crime gone awry:0.31875
marriage:0.316
justice:0.3155
drugs:0.3135
tokyo:0.311
male nudity:0.31
