single father:0.9655
romantic comedy:0.96075
parenthood:0.94475
comedy:0.9375
divorce:0.83825
africa:0.80775
happy ending:0.79075
funny:0.77675
girlie movie:0.75925
feel-good:0.74
family drama:0.6285
family:0.618
original:0.61775
predictable:0.61575
silly:0.6145
romantic:0.597
catastrophe:0.59
romance:0.58575
pg-13:0.56975
family bonds:0.5525
chick flick:0.54025
fun movie:0.53775
unfunny:0.5315
teen:0.51875
teen movie:0.51575
better than expected:0.51475
crude humor:0.4955
good romantic comedies:0.475
very funny:0.47425
cute:0.458
so bad it's funny:0.446
feel good movie:0.44375
coming of age:0.434
great ending:0.41675
good soundtrack:0.40625
great:0.39975
sweet:0.39575
cute!:0.39325
natural disaster:0.38825
fun:0.38675
dysfunctional family:0.38625
slapstick:0.38475
dialogue:0.38075
hawaii:0.378
bad acting:0.37625
beautiful scenery:0.36025
mentor:0.36
children:0.348
holiday:0.3455
suprisingly clever:0.3375
love story:0.33
good:0.32925
storytelling:0.3065
ridiculous:0.305
entertaining:0.2995
horrible:0.29275
dumb:0.2915
bad ending:0.28325
wedding:0.283
silly fun:0.2825
hilarious:0.282
bad plot:0.2745
fantasy world:0.27275
runaway:0.26875
saturday night live:0.26225
transformation:0.25725
not funny:0.255
disaster:0.25475
absurd:0.2465
brutality:0.243
humorous:0.23725
first contact:0.2335
culture clash:0.232
sappy:0.22425
destiny:0.2215
lame:0.219
awful:0.219
adventure:0.21725
touching:0.216
lone hero:0.21325
adoption:0.21225
life philosophy:0.20925
story:0.2085
stupid:0.20625
adaptation:0.20375
relationships:0.20225
plot:0.2005
stereotypes:0.19875
fight scenes:0.195
overrated:0.19475
entirely dialogue:0.19425
light:0.19425
nudity (topless - notable):0.19125
melancholic:0.191
pornography:0.1905
product placement:0.19025
redemption:0.18975
bad:0.18825
harsh:0.1875
goofy:0.18625
