based on a tv show:0.896
cartoon:0.85225
predictable:0.832
original:0.82725
family:0.812
silly fun:0.79475
fantasy world:0.7555
teen movie:0.7245
magic:0.719
children:0.71125
so bad it's funny:0.67025
horrible:0.668
franchise:0.6625
kids:0.6275
pornography:0.61425
great ending:0.61325
fantasy:0.59025
dumb but funny:0.5855
nostalgia:0.549
mentor:0.5385
silly:0.53625
bad plot:0.52175
lame:0.51325
slapstick:0.49825
teens:0.4975
hip hop:0.48275
crude humor:0.4795
overrated:0.47375
nostalgic:0.4735
pointless:0.46575
high school:0.46275
idiotic:0.44275
adapted from:comic:0.43925
los angeles:0.4345
first contact:0.43375
shallow:0.43125
writers:0.4295
stupid as hell:0.4285
reality tv:0.4285
fight scenes:0.42225
fun:0.41775
adaptation:0.41275
stupid:0.41
teen:0.40925
catastrophe:0.40425
humorous:0.40075
action:0.38625
goofy:0.3735
technology:0.3715
bad:0.3685
dialogue:0.3675
feel-good:0.36625
comedy:0.365
nudity (full frontal - brief):0.35425
runaway:0.35325
redemption:0.3475
fun movie:0.34675
big budget:0.345
disaster:0.3395
destiny:0.3385
bad cgi:0.33725
childhood:0.3365
life philosophy:0.336
violence:0.33525
stereotypes:0.33375
simple:0.3325
science fiction:0.32975
feel good movie:0.3275
parody:0.324
touching:0.3235
camp:0.32
series:0.32
culture clash:0.319
brutality:0.31775
fairy tale:0.30875
alternate reality:0.3035
nudity (rear):0.3015
death:0.30075
sci fi:0.3
dumb:0.2985
superheroes:0.29825
unfunny:0.298
school:0.294
pg-13:0.2885
scary:0.28725
very funny:0.2865
80s:0.28625
story:0.283
plot holes:0.2825
saturday night live:0.2815
good:0.28125
chase:0.28075
remake:0.28075
quirky:0.279
romance:0.272
cult film:0.27175
inspirational:0.2705
too long:0.26725
justice:0.26675
girlie movie:0.265
