dragons:0.99025
special effects:0.95525
stupid as hell:0.95475
bad plot:0.95375
horrible:0.95275
bad cgi:0.95225
bad acting:0.938
fantasy:0.9245
so bad it's funny:0.84725
big budget:0.84675
fantasy world:0.83075
predictable:0.8275
action:0.82525
cgi:0.78275
bad script:0.78125
original:0.7785
sci-fi:0.76225
plot holes:0.75875
sci fi:0.75475
snakes:0.75075
natural disaster:0.74475
magic:0.72075
lame:0.71575
destiny:0.71475
fight scenes:0.696
computer animation:0.695
dragon:0.68925
mythology:0.68875
monsters:0.686
computer game:0.6635
idiotic:0.6595
story:0.656
video game adaptation:0.654
good versus evil:0.64375
pointless:0.63725
awful:0.63175
mentor:0.63
dialogue:0.6285
high fantasy:0.62675
cheesy:0.615
great ending:0.6095
clones:0.58675
stupid:0.58625
scifi:0.58575
first contact:0.57775
family:0.5755
disaster:0.57275
fairy tale:0.56925
effects:0.564
overrated:0.5445
bad:0.53775
ridiculous:0.5215
visually stunning:0.519
catastrophe:0.5165
pg-13:0.51125
dynamic cgi action:0.473
storytelling:0.472
chase:0.4695
script:0.46825
science fiction:0.46775
silly:0.46275
writers:0.4575
visual:0.4535
shallow:0.4475
wizards:0.43075
adventure:0.42225
plot:0.42
technology:0.4185
weapons:0.41575
lone hero:0.4145
monster:0.414
utopia:0.40725
franchise:0.404
bad science:0.401
entirely dialogue:0.39125
medieval:0.3865
redemption:0.3785
quirky:0.37375
dinosaurs:0.37175
multiple storylines:0.369
god:0.36725
graphic design:0.36725
action packed:0.36425
fun:0.36275
brutality:0.3615
not funny:0.3515
good action:0.35075
adaptation:0.34975
alien:0.3405
simple:0.3365
visuals:0.3355
twists & turns:0.33525
campy:0.33325
nocturnal:0.33225
unlikeable characters:0.332
sacrifice:0.33175
runaway:0.33125
bad ending:0.3295
better than expected:0.32925
kung fu:0.3275
