fairy tale:0.9765
fantasy world:0.9615
fairy tales:0.9565
weird:0.956
fantasy:0.93925
allegory:0.939
magic:0.92925
amazing photography:0.90375
imagination:0.9005
storytelling:0.864
visual:0.8635
visually stunning:0.857
dark fantasy:0.85475
whimsical:0.8435
surreal:0.8325
stunning:0.831
medieval:0.8305
dark:0.8255
bloody:0.81525
enigmatic:0.814
cinematography:0.80825
obsession:0.8045
visually appealing:0.79575
scenic:0.78925
strange:0.78925
high fantasy:0.78775
greed:0.7785
witches:0.768
stylized:0.7665
breathtaking:0.74925
macabre:0.74
original:0.72975
beautifully filmed:0.70625
disturbing:0.69875
absurd:0.6345
parallel universe:0.6285
nudity (full frontal - notable):0.62225
creativity:0.60975
death:0.602
witch:0.60025
adaptation:0.59025
criterion:0.59
multiple storylines:0.59
dreamlike:0.58925
unusual plot structure:0.5835
atmospheric:0.57225
violence:0.57
colourful:0.56825
complex:0.5665
beautiful:0.564
visuals:0.56175
story:0.56
psychological:0.55775
photography:0.55125
paranoid:0.543
existentialism:0.54175
slow paced:0.54125
bleak:0.52875
tense:0.5175
great ending:0.5135
dialogue:0.51075
alternate endings:0.50475
beautiful scenery:0.503
cerebral:0.50025
melancholy:0.496
mythology:0.48775
great acting:0.48675
brutality:0.48575
roald dahl:0.47025
pointless:0.452
first contact:0.444
dragons:0.44375
mystery:0.44375
modern fantasy:0.436
sacrifice:0.43175
children:0.43025
surveillance:0.42975
special effects:0.4265
insanity:0.4255
dreams:0.425
gilliam:0.4175
black comedy:0.4145
affectionate:0.41175
melancholic:0.41
violent:0.401
downbeat:0.4005
oscar (best foreign language film):0.39925
morality:0.39875
clones:0.39825
off-beat comedy:0.397
adapted from:book:0.39025
based on a book:0.386
monsters:0.38175
twist ending:0.3785
catastrophe:0.3775
fight scenes:0.37625
quirky:0.3745
literature:0.37125
betrayal:0.3685
surrealism:0.3625
