treasure hunt:0.99
disney:0.90675
fun movie:0.9
children:0.82625
fun:0.78225
kids and family:0.78075
family:0.772
kids:0.75675
original:0.7055
treasure:0.705
sweet:0.69625
adventure:0.56775
orphans:0.56575
childhood:0.55825
fashion:0.543
cute:0.54175
entertaining:0.5305
heartwarming:0.51175
disney animated feature:0.5065
great:0.48425
good:0.4645
cute!:0.4545
fight scenes:0.45425
great ending:0.44775
mentor:0.43375
unlikely friendships:0.411
talking animals:0.40875
catastrophe:0.4005
england:0.40025
goofy:0.40025
good soundtrack:0.3975
life philosophy:0.39375
adaptation:0.385
silly fun:0.37875
cartoon:0.377
runaway:0.3715
greed:0.368
not funny:0.367
unusual plot structure:0.36275
teen movie:0.35875
chase:0.351
dialogue:0.3495
talky:0.34225
mad scientist:0.321
classic:0.315
nostalgic:0.3105
destiny:0.3085
girlie movie:0.30825
storytelling:0.3075
stereotypes:0.30575
predictable:0.30575
slapstick:0.29425
happy ending:0.29375
redemption:0.2925
london:0.2915
lone hero:0.2885
quirky:0.281
switching places:0.28025
violence:0.27325
brutality:0.27225
culture clash:0.27075
action:0.26575
feel-good:0.26375
story:0.26175
weird:0.2605
1970s:0.25875
light:0.25525
adapted from:book:0.253
entirely dialogue:0.25125
gangsters:0.2505
race:0.2475
sentimental:0.246
teen:0.24575
animals:0.24425
friendship:0.244
pornography:0.24225
beautiful scenery:0.24125
police investigation:0.237
very funny:0.2365
adoption:0.2365
witches:0.23525
great movie:0.2335
touching:0.2295
clever:0.22775
criterion:0.2265
so bad it's funny:0.2265
los angeles:0.22425
books:0.22325
twists & turns:0.22125
first contact:0.22025
romance:0.22
suprisingly clever:0.21675
justice:0.21575
melancholic:0.215
magic:0.21175
oscar (best actress):0.21125
spelling bee:0.21025
british:0.20925
unfunny:0.209
visually appealing:0.2065
