criterion:0.9595
gangsters:0.9315
macabre:0.91675
psychological:0.88675
black and white:0.88675
gangster:0.886
psychology:0.8795
isolation:0.871
claustrophobic:0.8605
eccentricity:0.85525
masterpiece:0.8415
tense:0.83325
suspense:0.82
enigmatic:0.81525
very interesting:0.80975
bleak:0.7995
talky:0.79875
cynical:0.79775
cinematography:0.79325
existentialism:0.787
dialogue:0.78325
weird:0.7825
nudity (topless - brief):0.76875
narrated:0.76625
dark:0.761
cerebral:0.7585
downbeat:0.75275
original:0.7455
nudity (rear):0.73
character study:0.728
crime gone awry:0.7245
relationships:0.723
imdb top 250:0.708
great ending:0.6985
twists & turns:0.69525
atmospheric:0.68525
adultery:0.68175
humorous:0.67675
black comedy:0.6755
poland:0.67225
intimate:0.6645
marriage:0.65025
strange:0.631
betrayal:0.6195
quotable:0.6145
reflective:0.6105
nudity (full frontal - notable):0.60525
melancholic:0.6035
oscar (best supporting actress):0.60175
pornography:0.58575
photography:0.581
witty:0.578
drinking:0.57775
allegory:0.57475
greed:0.5745
off-beat comedy:0.57275
drama:0.5685
creepy:0.56675
adapted from:book:0.5645
golden palm:0.56375
bizarre:0.56075
absurd:0.5585
grim:0.55775
oscar (best actress):0.557
great cinematography:0.55625
secrets:0.5555
mystery:0.55175
quirky:0.55125
surreal:0.5495
film noir:0.547
deadpan:0.544
social commentary:0.54075
art house:0.54075
noir:0.536
stylized:0.5295
dreamlike:0.52825
cult classic:0.52725
clever:0.52475
suspenseful:0.5225
obsession:0.52
runaway:0.519
visually appealing:0.5155
ominous:0.51475
hotel:0.513
island:0.512
classic:0.51125
period piece:0.50975
moody:0.50925
meditative:0.50875
complex:0.50675
entirely dialogue:0.50225
paranoid:0.4985
movielens top pick:0.496
cult film:0.495
dark humor:0.4945
life philosophy:0.49225
sexual:0.49075
exceptional acting:0.48725
harsh:0.48575
mental illness:0.47925
