action:0.9605
arnold:0.8765
good action:0.84225
car chase:0.805
violence:0.771
revenge:0.771
bloody:0.7525
brutality:0.74925
violent:0.72025
original:0.71825
fight scenes:0.69125
twists & turns:0.6815
plot holes:0.67175
so bad it's funny:0.633
dialogue:0.62575
chase:0.6215
predictable:0.60425
vengeance:0.59675
action packed:0.58275
weapons:0.5775
grindhouse:0.57025
bad plot:0.54825
bad script:0.543
pornography:0.53
great ending:0.5225
fast paced:0.522
bad acting:0.51725
gunfight:0.4935
gory:0.48625
twist ending:0.479
betrayal:0.47
fbi:0.455
mentor:0.45
lone hero:0.4435
pulp:0.4415
underrated:0.43325
bad ending:0.43025
splatter:0.42875
pointless:0.4265
gritty:0.426
greed:0.419
runaway:0.41075
catastrophe:0.4085
corruption:0.40175
melancholic:0.40025
plot:0.3965
hitman:0.38925
nudity (topless - notable):0.37425
family drama:0.37175
not funny:0.36775
foul language:0.35525
murder:0.35525
gratuitous violence:0.34625
nudity (full frontal - brief):0.3455
assassination:0.34525
harsh:0.3445
suspense:0.3415
life philosophy:0.33725
stylized:0.33725
writers:0.3355
plot twist:0.335
ensemble cast:0.3345
entirely dialogue:0.33175
unlikeable characters:0.3285
explosions:0.32525
multiple storylines:0.32475
kidnapping:0.322
gangsters:0.318
sci fi:0.318
sexy:0.318
good soundtrack:0.31525
pg-13:0.3125
fantasy world:0.31225
death:0.31175
police corruption:0.31025
women:0.308
adaptation:0.3075
california:0.306
drama:0.306
intense:0.3045
russia:0.301
hunting:0.30075
moral ambiguity:0.29725
thriller:0.2935
bdsm:0.2925
first contact:0.2915
bleak:0.29125
story:0.29
dark hero:0.28975
demons:0.287
transformation:0.285
visually appealing:0.2845
cinematography:0.282
great:0.2805
cyborgs:0.28025
clones:0.28025
overrated:0.27925
absurd:0.27825
cool:0.277
existentialism:0.276
