animation:0.9915
disney animated feature:0.98475
adventure:0.9445
computer animation:0.885
cartoon:0.8795
animated:0.8695
disney:0.86425
treasure hunt:0.86275
talking animals:0.84625
good:0.77675
animals:0.7285
original:0.72075
fantasy:0.695
fairy tale:0.66575
story:0.64175
stereotypes:0.597
life philosophy:0.58425
kids:0.58
action:0.56025
animal movie:0.5575
mythology:0.554
catastrophe:0.53625
fantasy world:0.53475
visually stunning:0.524
betrayal:0.515
family:0.51325
original plot:0.5115
dialogue:0.50275
transformation:0.50075
steampunk:0.49675
magic:0.4945
underwater:0.47275
children:0.46125
predictable:0.456
great:0.451
jungle:0.4325
mentor:0.42975
storytelling:0.4295
great ending:0.42825
cute:0.42725
kids and family:0.41575
fun:0.40175
sci fi:0.3985
action packed:0.39425
pulp:0.39425
better than expected:0.391
creativity:0.38925
bad plot:0.38825
stylized:0.36975
good soundtrack:0.3675
cute!:0.35625
culture clash:0.3535
shallow:0.34775
redemption:0.3475
good action:0.34625
fairy tales:0.34475
adaptation:0.342
special effects:0.3415
chase:0.3405
big budget:0.34
anime:0.337
not funny:0.33575
plot holes:0.3335
fast paced:0.3335
science fiction:0.33325
happy ending:0.329
visual:0.32475
pg-13:0.3235
runaway:0.3225
visuals:0.322
natural disaster:0.3205
greed:0.3205
good versus evil:0.319
destiny:0.318
fun movie:0.31625
goofy:0.3155
friendship:0.3145
death:0.31275
visually appealing:0.30875
giant robots:0.308
graphic design:0.30575
submarine:0.305
pg:0.30275
island:0.3025
very funny:0.30225
pornography:0.29975
lone hero:0.294
unfunny:0.2935
childhood:0.2925
underrated:0.2915
firefly:0.28975
entertaining:0.28725
computer game:0.2855
technology:0.28325
melancholic:0.28175
crude humor:0.28125
sci-fi:0.28125
twists & turns:0.27975
very good:0.278
clever:0.2765
