islam:0.9655
torture:0.96225
terrorism:0.9565
bombs:0.944
psychological:0.93625
tense:0.935
intense:0.90775
suspense:0.87525
twists & turns:0.86775
world politics:0.86375
brainwashing:0.86275
psychology:0.8575
thriller:0.85475
original:0.8545
great ending:0.85425
plot twist:0.84725
brutality:0.83575
complex:0.80125
thought-provoking:0.79575
violence:0.7675
twist ending:0.76125
manipulation:0.75825
nuclear bomb:0.7565
sacrifice:0.738
twist:0.737
interesting:0.733
corruption:0.72925
suspenseful:0.7285
plot:0.7115
weapons:0.70625
plot holes:0.7045
brutal:0.6875
espionage:0.6815
politics:0.67725
catastrophe:0.67575
scary:0.67325
carrie-anne moss:0.67275
justice:0.6675
clever:0.65975
forceful:0.652
hard to watch:0.65025
great acting:0.6495
military:0.64925
good:0.645
complicated:0.64125
fbi:0.64075
gratuitous violence:0.6375
alternate endings:0.63625
middle east:0.63475
propaganda:0.6315
good acting:0.631
pg-13:0.62875
murder:0.62425
violent:0.62
dialogue:0.61425
happy ending:0.61375
secrets:0.60875
claustrophobic:0.60175
genocide:0.599
conspiracy:0.596
political:0.59325
survival:0.5925
morality:0.58175
greed:0.58075
gory:0.563
powerful ending:0.55075
storytelling:0.543
revenge:0.539
conspiracy theory:0.534
bad ending:0.5245
betrayal:0.51725
spying:0.5165
guilt:0.51325
death:0.509
sexualized violence:0.50875
paranoid:0.508
unusual plot structure:0.50725
moral ambiguity:0.49925
alternate reality:0.49275
fast paced:0.48625
unrealistic:0.485
drama:0.483
cia:0.4815
cerebral:0.47825
disturbing:0.47725
absurd:0.477
bloody:0.477
predictable:0.47475
vengeance:0.4715
story:0.46925
investigation:0.468
very good:0.46775
good soundtrack:0.464
mentor:0.46075
social commentary:0.46025
complicated plot:0.459
stereotypes:0.45875
spy:0.45675
pointless:0.4545
nuclear:0.45375
