homeless:0.91725
girlie movie:0.77125
predictable:0.758
happy ending:0.70475
fun movie:0.69775
family:0.69575
teen movie:0.6935
cute!:0.66175
original:0.65175
touching:0.64325
kids:0.63375
cute:0.60825
teen:0.597
feel-good:0.58325
destiny:0.566
romantic comedy:0.54925
mentor:0.5425
guilty pleasure:0.52675
feel good movie:0.52375
lawyer:0.493
catastrophe:0.48175
80s:0.48125
good:0.47625
childhood:0.4655
shopping:0.455
chase:0.43825
slapstick:0.43675
fun:0.43075
silly fun:0.4305
high school:0.42975
sentimental:0.4255
overrated:0.41775
writers:0.41125
fantasy world:0.401
con artists:0.3925
heartwarming:0.3895
natural disaster:0.38825
silly:0.38425
internet:0.383
first contact:0.38225
comedy:0.38225
life philosophy:0.379
bad plot:0.37775
runaway:0.37525
chick flick:0.37325
great ending:0.36625
quirky:0.364
sweet:0.359
good soundtrack:0.3565
storytelling:0.35575
children:0.35075
dialogue:0.3475
multiple storylines:0.3425
romantic:0.34175
bullying:0.341
pornography:0.34075
con men:0.3405
brutality:0.33225
bad:0.33175
lone hero:0.329
school:0.32875
goofy:0.3205
fight scenes:0.318
melancholic:0.31275
very funny:0.30975
action:0.30875
single father:0.30625
big budget:0.30525
crude humor:0.30325
culture clash:0.30125
adaptation:0.30125
lynch:0.295
cheesy:0.29225
story:0.29225
nostalgic:0.291
teens:0.28775
humorous:0.279
shallow:0.2775
weird:0.2765
light:0.275
pg-13:0.2745
adventure:0.2735
great:0.27125
nudity (full frontal - brief):0.27
unusual plot structure:0.26875
disaster:0.26425
unlikely friendships:0.25975
redemption:0.2585
car chase:0.2565
good romantic comedies:0.25575
vengeance:0.25575
fantasy:0.25075
entirely dialogue:0.25
nocturnal:0.2465
death:0.2415
stupid as hell:0.24125
so bad it's funny:0.24125
entertaining:0.2405
magic:0.2405
california:0.2395
