slasher:0.99925
horror:0.98825
splatter:0.9745
creepy:0.96775
teens:0.94075
halloween:0.93075
serial killer:0.88725
cult film:0.86725
haunted house:0.86125
original:0.82225
bloody:0.8135
suspenseful:0.81225
scary:0.802
80s:0.791
franchise:0.757
predictable:0.749
low budget:0.74675
gruesome:0.74575
murder:0.73425
nudity:0.7295
gory:0.6835
brutality:0.682
supernatural:0.67425
great ending:0.66775
violence:0.6655
grindhouse:0.6475
monster:0.64275
ghosts:0.622
suspense:0.62125
bad plot:0.62025
campy:0.61925
gore:0.61775
blood:0.609
so bad it's funny:0.609
cheesy:0.594
demons:0.59225
silly fun:0.59
weapons:0.5895
mutants:0.58375
goofy:0.58025
family:0.56125
nudity (topless):0.55775
nudity (full frontal - notable):0.55175
ominous:0.5505
1980s:0.53275
fun movie:0.5305
cult classic:0.52225
violent:0.52175
gothic:0.51825
goretastic:0.515
survival:0.50675
teen movie:0.49775
bad acting:0.49625
camp:0.4785
special effects:0.47825
overrated:0.4695
dialogue:0.46425
idiotic:0.456
weird:0.42975
atmospheric:0.4225
brutal:0.417
not funny:0.41225
maze:0.41
teen:0.409
harsh:0.4015
frightening:0.398
tense:0.39525
good soundtrack:0.39525
fun:0.395
catastrophe:0.3945
first contact:0.39025
mentor:0.3885
nocturnal:0.383
dark:0.38025
monsters:0.3765
effects:0.36575
horrible:0.359
stylish:0.35675
sci fi:0.35675
boring:0.3555
lone hero:0.3545
quirky:0.35
silly:0.3495
boring!:0.3455
stupid as hell:0.34075
intense:0.34
adaptation:0.33425
mad scientist:0.331
pointless:0.3305
pornography:0.329
virginity:0.3265
twist ending:0.326
light:0.3255
twists & turns:0.324
slapstick:0.3225
spiders:0.321
fantasy world:0.3205
fight scenes:0.31275
zombie:0.3095
visceral:0.307
