guilt:0.83225
dreams:0.79825
brothers:0.75275
greed:0.7415
original:0.721
dramatic:0.6895
stylized:0.6795
drama:0.66575
dialogue:0.66425
tragedy:0.6625
crime:0.65825
twists & turns:0.6285
cerebral:0.60825
great acting:0.6045
bad ending:0.604
enigmatic:0.59575
murder:0.591
obsession:0.59
london:0.578
weird:0.572
twist:0.571
great ending:0.56975
innocence lost:0.5665
nudity (full frontal - notable):0.5535
existentialism:0.55325
hotel:0.547
pornography:0.5295
excellent script:0.5255
story:0.50425
pointless:0.49875
gangsters:0.49625
storytelling:0.4905
crime gone awry:0.48975
betrayal:0.484
complex:0.48125
dreamlike:0.48075
non-hollywood ending:0.47725
suspense:0.4735
golden palm:0.47275
intimate:0.44825
dark humor:0.44425
dark:0.4425
melancholic:0.44125
brutality:0.4395
psychological:0.43425
good soundtrack:0.4315
mentor:0.43075
cinematography:0.43
entirely dialogue:0.429
bleak:0.4225
relationships:0.42075
nocturnal:0.418
paranoia:0.4115
destiny:0.4115
social commentary:0.4105
harsh:0.4095
catastrophe:0.405
good acting:0.40375
life philosophy:0.403
murder mystery:0.4005
nudity (topless - notable):0.4
unusual plot structure:0.39625
depression:0.38525
nudity (full frontal - brief):0.37775
ironic:0.376
erotic:0.375
psychology:0.37075
adaptation:0.37075
mindfuck:0.369
visually appealing:0.3645
interesting:0.3615
corruption:0.36075
culture clash:0.36
stylish:0.35675
talky:0.35625
downbeat:0.3465
redemption:0.34625
exceptional acting:0.34575
predictable:0.3455
suprisingly clever:0.34225
narrated:0.34075
not funny:0.34025
vengeance:0.33975
police investigation:0.3295
violence:0.32925
morality:0.32875
clever:0.32875
loneliness:0.3285
parallel universe:0.327
whimsical:0.32675
criterion:0.32425
sexualized violence:0.32325
nudity (full frontal):0.3225
tense:0.318
melancholy:0.31725
great:0.31575
very interesting:0.31075
runaway:0.305
death:0.30325
writers:0.301
