action:0.93675
good action:0.907
explosions:0.8965
action packed:0.792
weapons:0.74825
original:0.7295
predictable:0.6625
lone hero:0.65625
africa:0.65225
vengeance:0.64825
80s:0.62175
fighting:0.62
gratuitous violence:0.6195
violence:0.6145
camp:0.592
mentor:0.586
cold war:0.5585
great ending:0.5265
redemption:0.51475
bad acting:0.49675
fight scenes:0.49675
dialogue:0.48525
bad plot:0.48425
bloody:0.483
brutality:0.4745
unusual plot structure:0.4695
torture:0.457
gunfight:0.45325
chase:0.43775
silly:0.43075
hunting:0.42225
overrated:0.40975
assassin:0.40975
big budget:0.40825
pulp:0.40575
story:0.40075
bad:0.4
silly fun:0.4
betrayal:0.3955
fantasy world:0.39425
catastrophe:0.39
not funny:0.388
so bad it's funny:0.38125
car chase:0.3775
first contact:0.3635
russia:0.36125
russian:0.34275
entirely dialogue:0.33525
storytelling:0.33425
classic car:0.33025
quirky:0.3275
boring:0.3185
good:0.3175
franchise:0.311
cult film:0.30875
sci fi:0.3085
ridiculous:0.30475
adventure:0.304
good soundtrack:0.3035
goofy:0.30175
death:0.299
romance:0.299
adaptation:0.2985
pointless:0.29775
happy ending:0.2975
runaway:0.29475
satirical:0.29275
pornography:0.29175
dragons:0.2855
justice:0.28475
very funny:0.28475
nudity (topless):0.28275
nocturnal:0.2805
fast paced:0.27975
shallow:0.2745
family:0.2745
mozart:0.2705
fantasy:0.2705
bad cgi:0.27
life & death:0.26925
life philosophy:0.26725
grindhouse:0.26575
nudity (topless - notable):0.264
stupid as hell:0.261
destiny:0.25725
great:0.2525
script:0.2505
touching:0.2505
gangsters:0.24925
disaster:0.2485
clones:0.24625
guilty pleasure:0.246
culture clash:0.2445
bullying:0.2435
crappy sequel:0.24325
imdb top 250:0.243
melancholic:0.2425
slapstick:0.24
fun movie:0.23875
crude humor:0.2385
