transgender:0.99375
glbt:0.9835
rock and roll:0.97825
music:0.93775
musical:0.926
great music:0.90275
good soundtrack:0.902
cult film:0.89325
good music:0.88375
original:0.883
weird:0.87375
cult classic:0.8735
great soundtrack:0.869
east germany:0.8475
cross dressing:0.81175
lyrical:0.80075
stylized:0.78625
very interesting:0.775
loneliness:0.773
bittersweet:0.7515
musicians:0.75025
storytelling:0.737
creativity:0.7235
sexuality:0.71875
great acting:0.71025
melancholic:0.70975
love:0.70825
visually stunning:0.7015
intimate:0.6915
queer:0.68975
berlin:0.6835
melancholy:0.6815
colourful:0.66675
visually appealing:0.66525
dark humor:0.66175
quirky:0.66025
independent film:0.64425
great ending:0.6335
awesome soundtrack:0.6285
tragedy:0.60425
off-beat comedy:0.59725
enigmatic:0.5945
social commentary:0.59325
sexualized violence:0.593
great:0.58325
dancing:0.57925
obsession:0.575
twists & turns:0.5745
excellent script:0.571
criterion:0.57025
talky:0.5655
directorial debut:0.5595
dark:0.5445
artistic:0.54425
goth:0.54125
suprisingly clever:0.5405
passionate:0.54025
good acting:0.52575
cult:0.52425
cinematography:0.512
interesting:0.5105
reflective:0.50925
mentor:0.5075
complex:0.505
poignant:0.503
drama:0.5005
based on a play:0.4995
imdb top 250:0.4995
broadway:0.494
runaway:0.49375
destiny:0.49275
pornography:0.4925
psychology:0.49075
redemption:0.49075
insanity:0.49
golden palm:0.487
indie:0.48525
culture clash:0.48275
visual:0.4825
story:0.4815
beautifully filmed:0.4755
brutality:0.47425
emotional:0.47325
adaptation:0.47125
brainwashing:0.4695
narrated:0.46775
gay:0.46725
exceptional acting:0.4555
dramatic:0.44725
love story:0.44575
ironic:0.4455
dialogue:0.443
oscar (best directing):0.44075
character study:0.4385
stylish:0.4355
great movie:0.434
highly quotable:0.428
visceral:0.4275
surreal:0.427
affectionate:0.42575
