musicians:0.9985
rock and roll:0.9975
music:0.984
music business:0.9825
technology:0.9455
storytelling:0.83875
original:0.82025
mentor:0.81875
nostalgic:0.81825
good:0.81125
visually appealing:0.781
inspiring:0.77925
creativity:0.77675
story:0.7715
good soundtrack:0.77125
great music:0.76825
fast paced:0.7545
us history:0.749
great:0.7445
corruption:0.73475
suspense:0.73275
chase:0.7275
social commentary:0.72275
history:0.7165
computers:0.7025
passionate:0.6965
plot:0.693
great movie:0.68775
runaway:0.6865
greed:0.6855
good acting:0.6815
destiny:0.678
vengeance:0.6755
internet:0.6745
musical:0.6705
revenge:0.6705
great ending:0.663
interesting:0.647
intense:0.646
cool:0.64225
oscar winner:0.63575
dialogue:0.632
documentary:0.629
adventure:0.62775
unusual plot structure:0.622
redemption:0.615
good music:0.614
death:0.6135
culture clash:0.60725
narrated:0.603
entertaining:0.599
complex:0.59
artistic:0.59
clever:0.58725
pg-13:0.587
good action:0.587
dynamic cgi action:0.58625
life & death:0.586
awesome soundtrack:0.58025
great acting:0.5665
1970s:0.563
san francisco:0.56275
tense:0.5625
gunfight:0.557
earnest:0.5555
catastrophe:0.55525
imdb top 250:0.55475
murder:0.55425
california:0.55275
plot twist:0.548
oscar:0.54775
classic car:0.54525
heartbreaking:0.54325
directorial debut:0.54125
love:0.5405
honest:0.5395
oscar (best directing):0.539
feel-good:0.53125
justice:0.5275
biographical:0.52475
special:0.52325
family:0.52175
melancholic:0.51675
drama:0.51275
touching:0.51225
philosophy:0.5115
independent film:0.5075
excellent:0.506
classic:0.50475
highly quotable:0.50275
fun movie:0.49925
grindhouse:0.4965
first contact:0.49225
happy ending:0.492
inspirational:0.49175
realistic:0.4915
based on a book:0.4915
sacrifice:0.49
dark hero:0.489
dramatic:0.4875
