finnish:0.9955
horror:0.994
creepy:0.93375
brothers:0.8915
original:0.8765
cinematography:0.86925
dark:0.865
weird:0.8645
visually appealing:0.862
atmospheric:0.85825
period piece:0.8245
supernatural:0.824
eerie:0.8065
redemption:0.77825
grindhouse:0.77175
psychology:0.75525
psychological:0.746
cult classic:0.73575
violent:0.7315
social commentary:0.731
wartime:0.724
violence:0.71375
great cinematography:0.70875
visually stunning:0.707
stylish:0.69
visual:0.67875
blood:0.6765
guilt:0.673
intense:0.6635
historical:0.65675
dreamlike:0.65275
science fiction:0.6505
brutality:0.64225
scary:0.636
murder:0.63075
dark humor:0.6295
grim:0.62375
dialogue:0.609
demons:0.60675
ghosts:0.60675
cult film:0.59825
visceral:0.59675
russian:0.596
great ending:0.5935
good soundtrack:0.57625
beautifully filmed:0.5745
slow paced:0.573
story:0.567
serial killer:0.56375
great soundtrack:0.56
melancholic:0.5585
insanity:0.55525
plot holes:0.55425
dark hero:0.55025
hospital:0.54925
slow:0.54675
disturbing:0.537
adaptation:0.5345
first contact:0.53375
snakes:0.5285
stylized:0.528
drama:0.52025
movielens top pick:0.5105
stoner movie:0.50925
macabre:0.508
strange:0.50775
plot:0.5075
gunfight:0.50725
good acting:0.50475
nudity (topless - brief):0.5045
surreal:0.5025
harsh:0.50175
powerful ending:0.48725
great acting:0.486
good:0.48275
nudity (topless):0.48
mental illness:0.477
splatter:0.47525
pg-13:0.47325
criterion:0.47225
off-beat comedy:0.4665
torture:0.466
bleak:0.4645
runaway:0.46225
satire:0.462
moral ambiguity:0.45725
unusual plot structure:0.45675
great:0.45675
justice:0.45575
great movie:0.4555
art house:0.4485
twist ending:0.4445
catastrophe:0.44425
enigmatic:0.44325
death:0.43675
irreverent:0.43625
light:0.43525
sexualized violence:0.43325
loneliness:0.4325
male nudity:0.432
