based on a book:0.99375
end of the world:0.9935
post-apocalyptic:0.9705
apocalypse:0.94875
post apocalyptic:0.93475
original:0.927
good soundtrack:0.88325
natural disaster:0.87275
suspense:0.85725
very interesting:0.84875
sci fi:0.8475
love triangles:0.83025
survival:0.81775
based on book:0.81
bad ending:0.80875
dystopia:0.80475
intense:0.80275
sci-fi:0.794
adapted from:book:0.765
drama:0.7605
great movie:0.74675
science fiction:0.72675
adaptation:0.7265
scifi:0.724
suspenseful:0.70375
mindfuck:0.69325
independent film:0.6765
gunfight:0.67575
fun movie:0.669
good:0.661
future:0.661
interesting:0.6565
catastrophe:0.652
indie:0.6345
disaster:0.6325
dialogue:0.6305
story:0.63025
cult classic:0.6265
sexualized violence:0.62525
complex:0.62375
stranded:0.6175
brutality:0.6165
horror:0.61375
clever:0.61375
dark:0.61175
first contact:0.5915
torture:0.58825
quotable:0.5845
lone hero:0.584
death:0.5835
pornography:0.58325
destiny:0.583
cult film:0.5805
1980s:0.57825
great ending:0.57725
loneliness:0.57475
sexy:0.573
storytelling:0.5695
highly quotable:0.5665
books:0.5625
80s:0.56025
narrated:0.55925
pointless:0.5445
distopia:0.5365
murder:0.53575
revenge:0.535
nuclear war:0.535
gory:0.534
family:0.533
thought-provoking:0.5305
religion:0.52975
romantic:0.52725
cinematography:0.527
psychological:0.52175
beautiful scenery:0.515
desert:0.51025
isolation:0.50825
enigmatic:0.50675
god:0.5065
california:0.49975
bleak:0.4995
book:0.488
tense:0.487
predictable:0.486
redemption:0.48575
underrated:0.48175
solitude:0.48025
paranoid:0.48
writers:0.47275
alternate reality:0.46725
chase:0.463
dramatic:0.4625
mentor:0.46025
good acting:0.45975
nudity (topless - notable):0.456
allegory:0.4555
creepy:0.45425
good action:0.454
love story:0.45275
slow paced:0.44725
