original:0.83125
mafia:0.7475
gangsters:0.722
pointless:0.70575
pornography:0.70425
natural disaster:0.6785
bad ending:0.6775
dialogue:0.67
drugs:0.6405
pretentious:0.6385
drug addiction:0.59025
multiple storylines:0.58525
drug abuse:0.568
predictable:0.55675
bad acting:0.55475
good soundtrack:0.54675
mentor:0.546
nudity (full frontal - notable):0.545
weird:0.52925
very interesting:0.5105
boring!:0.50975
mob:0.4955
addiction:0.47075
philosophical:0.46925
quirky:0.46875
fight scenes:0.463
bad plot:0.462
brutality:0.457
idiotic:0.45575
internet:0.44775
so bad it's funny:0.44225
storytelling:0.4395
great ending:0.43725
stylized:0.43575
crime gone awry:0.429
sexy:0.42775
overrated:0.423
entirely dialogue:0.419
independent film:0.41475
intense:0.41375
cinematography:0.41175
sexualized violence:0.41075
horrible:0.40875
nudity (full frontal - brief):0.4065
corruption:0.39975
visual:0.3955
catastrophe:0.3915
visually appealing:0.3905
dreamlike:0.389
family:0.3855
shallow:0.3845
surreal:0.384
sexual:0.3785
happy ending:0.37175
fantasy world:0.36975
adaptation:0.36825
stylish:0.3675
writers:0.36575
story:0.365
teen movie:0.3605
great:0.3585
dysfunctional family:0.35575
runaway:0.355
intellectual:0.35325
police corruption:0.35275
first contact:0.347
bittersweet:0.347
imdb top 250:0.3455
gangster:0.3435
disaster:0.34325
passionate:0.3405
boring:0.34025
lone hero:0.34
pulp:0.33975
dark comedy:0.3395
fantasy:0.335
cult film:0.334
light:0.333
not funny:0.33225
complex:0.3315
fbi:0.33125
surrealism:0.32875
criterion:0.327
greed:0.326
cerebral:0.32325
slapstick:0.32275
twists & turns:0.3225
nudity (topless):0.322
oscar (best directing):0.3205
narrated:0.319
unfunny:0.3175
culture clash:0.31625
existentialism:0.31625
chase:0.31575
original plot:0.31275
absurd:0.311
alter ego:0.30525
harsh:0.301
action:0.30075
stereotypes:0.29925
