horror:0.9965
christmas:0.996
holiday:0.97925
creepy:0.92275
original:0.90475
dark fantasy:0.8915
scary:0.8565
family:0.8565
dark:0.845
cult classic:0.83825
violence:0.818
dysfunctional family:0.815
suspense:0.81425
demons:0.80825
gory:0.77725
family drama:0.7655
intense:0.76075
monsters:0.73775
dark humor:0.737
monster:0.72525
brutality:0.71675
effects:0.70725
great movie:0.667
clowns:0.663
unlikeable characters:0.6425
splatter:0.63825
stereotypes:0.63625
storytelling:0.6345
violent:0.6315
nocturnal:0.63025
tense:0.6285
gruesome:0.6265
great:0.62225
cult film:0.62175
nudity (topless - notable):0.618
great ending:0.6155
parody:0.61075
sexualized violence:0.60575
chase:0.6005
finnish:0.58875
blood:0.58775
weird:0.58625
comedy:0.57725
harsh:0.56975
visceral:0.5645
atmospheric:0.55475
entertaining:0.554
natural disaster:0.5505
story:0.5485
stylish:0.543
twist:0.5425
complex:0.54225
weapons:0.538
supernatural:0.53625
underrated:0.528
cinematography:0.52775
death:0.5255
sacrifice:0.5175
claustrophobic:0.51475
insanity:0.51375
cult:0.5135
dialogue:0.51325
survival:0.511
adaptation:0.5045
clever:0.504
good soundtrack:0.5025
ominous:0.49825
exceptional acting:0.49775
childhood:0.4965
mythology:0.49575
spiders:0.49125
bloody:0.48725
suburbia:0.47775
melancholic:0.4775
frightening:0.47025
redemption:0.46925
stylized:0.4685
pg-13:0.4645
dark hero:0.46325
grindhouse:0.46325
off-beat comedy:0.45925
goofy:0.454
nudity (full frontal - notable):0.453
visually appealing:0.45275
children:0.45125
black comedy:0.44675
humorous:0.4455
great acting:0.4435
gore:0.441
fun:0.44075
visual:0.43025
fun movie:0.42825
ensemble cast:0.427
alter ego:0.42675
fantasy:0.42675
transformation:0.4255
nudity (full frontal - brief):0.42425
macabre:0.423
oscar (best effects - visual effects):0.422
satirical:0.42175
