vampires:0.998
vampire:0.99625
original:0.9775
horror:0.93825
stylish:0.9365
cult classic:0.921
creepy:0.883
visceral:0.8795
goth:0.8385
blood:0.8315
nocturnal:0.8275
good soundtrack:0.81975
grindhouse:0.79625
splatter:0.772
sword fighting:0.75925
cult film:0.758
atmospheric:0.7415
dark:0.71275
sword fight:0.70875
gothic:0.707
anti-hero:0.65875
low budget:0.6525
cool:0.64825
immortality:0.64175
death:0.641
brutality:0.639
cult:0.6285
sexy:0.62775
supernatural:0.6205
enigmatic:0.60775
dark hero:0.605
adaptation:0.6045
gruesome:0.59375
highly quotable:0.58525
great movie:0.58075
revenge:0.5755
zombie:0.56675
dark humor:0.565
goofy:0.563
based on a book:0.55925
underrated:0.551
stylized:0.546
storytelling:0.53775
bloody:0.526
transformation:0.5225
wilderness:0.52125
monster:0.508
eerie:0.50575
adventure:0.499
hospital:0.49875
nudity (full frontal - notable):0.49675
demons:0.496
great ending:0.49425
small town:0.4915
vengeance:0.4905
gory:0.4895
mentor:0.4875
dialogue:0.48575
macabre:0.4795
fight scenes:0.4765
mad scientist:0.47475
campy:0.47475
swashbuckler:0.47475
narrated:0.4625
violent:0.44575
intense:0.44075
cinematography:0.43925
grim:0.4385
mummy:0.43825
great:0.4375
nudity (topless - notable):0.43725
alter ego:0.43675
harsh:0.43325
sexualized violence:0.431
devil:0.43
weapons:0.4295
franchise:0.42925
survival:0.42725
imdb top 250:0.4195
great acting:0.41775
fun:0.41575
nudity (topless):0.41475
brutal:0.41375
adapted from:book:0.4075
not funny:0.4035
action:0.3975
story:0.39575
black comedy:0.39375
scary:0.39075
redemption:0.3895
hunting:0.3885
melancholic:0.383
ominous:0.38275
interesting:0.38075
quirky:0.37925
kung fu:0.3785
quotable:0.372
melancholy:0.36975
parody:0.36775
lone hero:0.36625
