franchise:0.99275
death:0.9835
gore:0.8715
gory:0.86725
splatter:0.8345
series:0.762
sequel:0.75175
bad acting:0.73125
original:0.70225
horror:0.6985
teen movie:0.688
predictable:0.6725
life & death:0.63175
crappy sequel:0.6205
creativity:0.608
slasher:0.59825
teens:0.58375
disaster:0.579
catastrophe:0.553
horrible:0.55175
fun movie:0.5515
3d:0.54975
great ending:0.54325
bad plot:0.51825
so bad it's funny:0.514
bloody:0.50275
sequels:0.49925
pointless:0.479
mentor:0.469
awesome soundtrack:0.467
silly fun:0.4615
suspense:0.43725
dialogue:0.436
survival:0.42325
lame:0.42225
special effects:0.41
teen:0.40375
bad cgi:0.401
not funny:0.39725
brutality:0.3935
natural disaster:0.39175
supernatural:0.39025
stupid as hell:0.38475
gruesome:0.38225
bad ending:0.375
blood:0.36325
destiny:0.336
racing:0.33475
silly:0.334
torture:0.33025
scary:0.31975
campy:0.318
pornography:0.317
chase:0.313
fight scenes:0.313
ridiculous:0.30725
clever:0.3065
nudity (topless - notable):0.305
stupid:0.3
sexy:0.3
twists & turns:0.2995
idiotic:0.2945
cars:0.29025
entirely dialogue:0.289
first contact:0.284
entertaining:0.28375
life philosophy:0.27925
reality tv:0.27725
writers:0.277
twist ending:0.27325
overrated:0.27225
action:0.272
adaptation:0.271
sci fi:0.268
plot holes:0.26675
slapstick:0.26525
cool:0.26375
unfunny:0.25425
storytelling:0.254
absurd:0.25325
nudity (full frontal - brief):0.25125
crude humor:0.251
good dialogue:0.24925
revenge:0.24925
fast paced:0.247
runaway:0.246
fun:0.2455
road movie:0.245
lone hero:0.241
fantasy world:0.2395
very funny:0.2395
zombie:0.2385
good soundtrack:0.23775
cult film:0.23675
plot:0.236
weapons:0.23575
suspenseful:0.23025
unlikeable characters:0.227
shallow:0.226
culture clash:0.22575
