gangsters:0.8515
crime:0.79125
original:0.74575
very interesting:0.65875
narrated:0.65575
bad acting:0.6435
mob:0.6415
twists & turns:0.62
action:0.61675
dialogue:0.613
mafia:0.59175
good:0.5905
sexy:0.5885
cool:0.579
predictable:0.57625
thriller:0.5545
gangster:0.5215
great:0.519
good soundtrack:0.50775
mentor:0.49025
story:0.47875
computer game:0.47825
entertaining:0.4745
very good:0.47225
violent:0.462
corruption:0.452
great ending:0.4485
fun movie:0.443
gangs:0.43625
catastrophe:0.43175
script:0.42475
nudity (full frontal - brief):0.41075
mad scientist:0.40525
adaptation:0.4035
cinematography:0.40325
great movie:0.40275
interesting:0.4005
pornography:0.39775
doctors:0.39425
plot:0.39275
bad:0.387
violence:0.3845
bad plot:0.38275
greed:0.38275
murder:0.377
nudity (topless - notable):0.3755
chase:0.37275
geek:0.3725
fun:0.37225
stereotypes:0.36775
lone hero:0.3675
betrayal:0.36375
first contact:0.3535
remake:0.353
sci fi:0.35275
road movie:0.34975
entirely dialogue:0.345
heist:0.34225
brutality:0.34175
not funny:0.33975
melancholic:0.33925
great acting:0.33875
dark hero:0.3385
intense:0.338
justice:0.33625
sexualized violence:0.3305
redemption:0.32275
life philosophy:0.32125
silly:0.321
big budget:0.32075
vengeance:0.31675
police investigation:0.31475
light:0.3135
revenge:0.31325
visually appealing:0.313
storytelling:0.3125
stylized:0.3125
drug addiction:0.30975
pg-13:0.3095
crime gone awry:0.3095
suspense:0.309
scary:0.30775
fantasy world:0.3055
pointless:0.30425
so bad it's funny:0.304
unfunny:0.30275
classic car:0.30075
drama:0.29875
surreal:0.2975
fight scenes:0.29425
lame:0.2935
great dialogue:0.2915
better than expected:0.291
pulp:0.28925
runaway:0.289
life & death:0.2865
very funny:0.286
talky:0.28425
culture clash:0.27925
transformation:0.278
