conspiracy:0.9365
thriller:0.893
homeless:0.88875
doctors:0.8535
tense:0.793
secrets:0.6945
chase:0.68675
good:0.685
corruption:0.68275
paranoia:0.6525
suspenseful:0.64275
original:0.6295
very interesting:0.6245
suspense:0.6235
mad scientist:0.588
hospital:0.58525
lawyer:0.58325
twists & turns:0.5505
thought-provoking:0.54775
investigation:0.542
police investigation:0.52225
catastrophe:0.51725
mentor:0.50875
greed:0.483
cancer:0.483
great ending:0.46025
bad ending:0.45275
predictable:0.4425
happy ending:0.4415
first contact:0.4365
spying:0.42775
interesting:0.41875
sacrifice:0.413
murder:0.41
plot:0.40925
underrated:0.407
action:0.4015
runaway:0.40075
life philosophy:0.39925
betrayal:0.39725
nudity (full frontal - brief):0.3925
lawyers:0.39125
better than expected:0.385
conspiracy theory:0.378
intense:0.37675
paranoid:0.37175
kidnapping:0.3685
hit men:0.368
tom clancy:0.3665
not funny:0.3665
very good:0.36625
murder mystery:0.366
life & death:0.365
mystery:0.36375
alter ego:0.362
pornography:0.3595
death:0.357
obsession:0.354
great:0.34975
good acting:0.34625
based on book:0.343
natural disaster:0.3415
science:0.3405
excellent:0.3405
identity:0.34025
surveillance:0.33925
secret service:0.3375
justice:0.3375
twist:0.33425
pg-13:0.3305
good versus evil:0.3285
bad plot:0.325
plot holes:0.321
unfunny:0.3195
manipulation:0.31825
so bad it's funny:0.31825
blindness:0.31675
dialogue:0.31225
plot twist:0.312
drama:0.3075
adventure:0.307
sexy:0.3065
based on a book:0.30625
fbi:0.30575
spy:0.30225
ominous:0.30125
entertaining:0.301
political corruption:0.3005
internet:0.29775
vengeance:0.2965
morality:0.2905
complex:0.29025
adaptation:0.28525
revenge:0.28475
storytelling:0.2845
culture clash:0.28275
light:0.282
overrated:0.278
earnest:0.27575
lone hero:0.2755
