oscar (best foreign language film):0.995
innocence lost:0.983
criterion:0.98225
rape:0.97525
bleak:0.9635
masterpiece:0.95025
vengeance:0.949
brutality:0.93175
intimate:0.9305
tense:0.90675
enigmatic:0.8995
imdb top 250:0.89475
revenge:0.89025
stylized:0.88975
grim:0.88575
disturbing:0.8835
god:0.8795
murder:0.865
violence:0.85625
visceral:0.84325
cinematography:0.8385
catholicism:0.8305
black and white:0.82
golden palm:0.80725
downbeat:0.80675
childhood:0.788
harsh:0.786
brutal:0.784
forceful:0.7795
melancholic:0.77925
reflective:0.7765
religion:0.77625
guilt:0.77275
violent:0.7725
oscar (best actress):0.772
talky:0.76725
redemption:0.76475
dark:0.76225
allegory:0.75075
atmospheric:0.7425
runaway:0.74125
swedish:0.738
medieval:0.7345
foreign:0.72825
bittersweet:0.72325
insanity:0.7215
oscar (best directing):0.72125
beautifully filmed:0.708
great acting:0.70725
pornography:0.70725
original:0.70075
death:0.7005
narrated:0.69975
tragedy:0.6955
visually appealing:0.682
breathtaking:0.6795
social commentary:0.67625
morality:0.67375
melancholy:0.6725
good soundtrack:0.67025
great ending:0.66725
poignant:0.663
cathartic:0.66
stunning:0.65875
obsession:0.65275
culture clash:0.65225
christianity:0.64875
storytelling:0.64175
meditative:0.63675
controversial:0.63375
affectionate:0.63225
crime:0.63025
brothers:0.62775
loneliness:0.62325
virginity:0.61925
complex:0.6185
psychology:0.61575
adolescence:0.61575
sexual abuse:0.61325
suprisingly clever:0.60525
ominous:0.605
gratuitous violence:0.60125
movielens top pick:0.59
depression:0.5885
police investigation:0.5855
emotional:0.5835
drama:0.58225
betrayal:0.58075
light:0.573
sisters:0.56925
character study:0.5645
macabre:0.56125
unusual plot structure:0.56
greed:0.56
exceptional acting:0.5595
period piece:0.54675
secrets:0.5465
eerie:0.5445
visual:0.54
classic:0.5395
