tense:0.992
suspenseful:0.98125
suspense:0.96425
thriller:0.94625
claustrophobic:0.94175
tom clancy:0.87875
intense:0.8695
twists & turns:0.83025
great ending:0.80425
nudity (topless - brief):0.751
serial killer:0.74475
original:0.73025
boat:0.72125
ominous:0.70775
interesting:0.70275
atmospheric:0.6785
murder:0.6775
psychological:0.67175
paranoia:0.67175
cinematography:0.66825
chase:0.655
twist ending:0.637
plot:0.635
great cinematography:0.62775
psychology:0.62475
survival:0.621
runaway:0.61875
beautiful scenery:0.61125
good acting:0.6085
enigmatic:0.6035
nudity (rear):0.60075
secrets:0.595
police investigation:0.59325
sexy:0.58675
greed:0.57975
conspiracy:0.577
kidnapping:0.559
plot holes:0.5585
clever:0.54075
twist:0.53675
stranded:0.53425
paranoid:0.5325
plot twist:0.52575
great:0.52525
story:0.5205
scenic:0.51925
dialogue:0.5145
loneliness:0.50875
unusual plot structure:0.50625
gunfight:0.50325
great acting:0.5025
bad ending:0.48825
catastrophe:0.482
great movie:0.48125
corruption:0.47625
excellent:0.475
good:0.47275
culture clash:0.46875
good soundtrack:0.46675
suprisingly clever:0.46675
vengeance:0.46175
isolation:0.4565
alternate endings:0.4545
investigation:0.45425
mystery:0.4515
very interesting:0.44975
betrayal:0.449
death:0.44675
frightening:0.434
creepy:0.43375
weird:0.43175
underrated:0.429
surveillance:0.42575
revenge:0.42575
violent:0.425
mentor:0.42175
violence:0.42
manipulation:0.4185
macabre:0.41775
assassination:0.41775
obsession:0.41175
predictable:0.408
harsh:0.40625
storytelling:0.405
murder mystery:0.404
hitman:0.39275
exceptional acting:0.39175
sexualized violence:0.38525
scary:0.385
adultery:0.383
pornography:0.38175
visually appealing:0.38
disturbing:0.3775
spying:0.37675
first contact:0.37425
pg-13:0.373
complex:0.3685
moral ambiguity:0.365
hospital:0.3615
exciting:0.35925
