enigmatic:0.956
criterion:0.94525
golden palm:0.8745
meditative:0.8715
talky:0.85975
bleak:0.8365
loneliness:0.80275
intimate:0.7875
life:0.77675
iran:0.74125
melancholic:0.72725
reflective:0.7155
dialogue:0.702
existentialism:0.671
melancholy:0.6705
original:0.669
relationships:0.668
life & death:0.634
suicide:0.56775
life philosophy:0.5635
solitude:0.552
weird:0.54525
harsh:0.5285
cerebral:0.52625
intellectual:0.52425
character study:0.4975
death:0.49475
good soundtrack:0.49225
downbeat:0.4855
obsession:0.46
suprisingly clever:0.45725
entirely dialogue:0.44525
understated:0.445
cult classic:0.44275
drinking:0.4245
affectionate:0.4215
catastrophe:0.4215
great ending:0.41925
stylized:0.41275
nocturnal:0.412
lyrical:0.41025
mentor:0.41025
small town:0.40925
pornography:0.40725
greed:0.40225
cinematography:0.401
crime gone awry:0.399
indie:0.39225
dreamlike:0.388
runaway:0.3855
gunfight:0.382
creativity:0.37425
breathtaking:0.368
social commentary:0.3675
art house:0.36125
passionate:0.35425
visually appealing:0.35275
classic car:0.34825
cult film:0.34375
unusual plot structure:0.34175
quirky:0.341
nudity (full frontal - notable):0.34075
cars:0.33825
storytelling:0.333
dialogue driven:0.332
god:0.3175
brutality:0.31375
surreal:0.3095
childhood:0.30875
great:0.2945
gay character:0.28925
story:0.28575
transformation:0.28225
redemption:0.281
eccentricity:0.27925
masterpiece:0.27825
male nudity:0.2775
not funny:0.27175
bittersweet:0.2705
immortality:0.26725
grindhouse:0.2665
biting:0.26225
tokyo:0.25825
independent film:0.25775
underrated:0.25725
atmospheric:0.25625
writers:0.25575
witty:0.25475
good:0.252
addiction:0.25175
dysfunctional family:0.2505
visual:0.25025
satirical:0.24475
gangsters:0.24475
narrated:0.243
adaptation:0.24075
ironic:0.24025
culture clash:0.23925
metaphysics:0.23775
nudity (full frontal - brief):0.23525
