reality tv:0.93575
dark humor:0.92675
satire:0.9165
off-beat comedy:0.88975
violence:0.885
dark comedy:0.876
satirical:0.8235
social commentary:0.79725
original:0.75525
good soundtrack:0.70775
brutality:0.6935
violent:0.69275
black comedy:0.6915
islam:0.6905
pornography:0.6865
terminal illness:0.6585
brainwashing:0.63125
absurd:0.621
obsession:0.60925
dialogue:0.606
politics:0.60475
honest:0.5915
weapons:0.591
controversial:0.58375
coming of age:0.58275
free speech:0.58075
runaway:0.576
police investigation:0.57025
greed:0.56575
ironic:0.561
sarcasm:0.55025
stereotypes:0.547
thought-provoking:0.547
cancer:0.53475
new jersey:0.53375
vigilante:0.53325
serial killer:0.52725
justice:0.52575
suicide:0.52325
catastrophe:0.51925
internet:0.518
cult classic:0.511
story:0.511
indie:0.50925
guns:0.50575
writers:0.5025
weird:0.50225
political:0.49925
nudity (full frontal - brief):0.49375
life philosophy:0.49175
dysfunctional family:0.48725
shallow:0.46025
imaginary friend:0.45825
corruption:0.4575
depression:0.45625
mentor:0.45625
cathartic:0.45025
teenagers:0.44875
very interesting:0.4435
foul language:0.4355
insanity:0.43025
narrated:0.4255
grindhouse:0.42525
interesting:0.4245
anti-hero:0.42425
cynical:0.42125
pointless:0.41775
great ending:0.4095
storytelling:0.409
culture clash:0.40725
very funny:0.405
bloody:0.3995
revenge:0.3995
drugs:0.399
fantasy world:0.39375
vengeance:0.39225
quirky:0.39025
murder:0.38975
bullying:0.3885
talky:0.3875
clever:0.38425
visceral:0.38375
entirely dialogue:0.3815
nudity (topless - notable):0.37
gay character:0.36575
capitalism:0.3645
hip hop:0.3645
drinking:0.363
bad ending:0.36025
reflective:0.35975
intellectual:0.35875
classic car:0.35325
loneliness:0.35225
disturbing:0.352
mental illness:0.35175
criterion:0.3505
unfunny:0.35025
parody:0.348
stupidity:0.34725
quotable:0.34725
