drama:0.91325
good soundtrack:0.90725
death:0.90525
great acting:0.89775
dramatic:0.879
original:0.86225
emotional:0.85625
tragedy:0.84625
murder:0.81475
very interesting:0.8015
intimate:0.79025
life & death:0.78525
relationships:0.78275
touching:0.7695
family drama:0.76175
depression:0.7605
good acting:0.75725
pg-13:0.75525
social commentary:0.749
dialogue:0.749
small town:0.74775
guilt:0.73425
intense:0.72875
interesting:0.7255
good:0.72075
secrets:0.7085
shallow:0.70225
family:0.69425
great ending:0.69375
sentimental:0.68875
storytelling:0.6825
realistic:0.67325
independent film:0.65775
quirky:0.6485
redemption:0.648
honest:0.64625
exceptional acting:0.6445
justice:0.6425
heartbreaking:0.6415
loneliness:0.64125
suspense:0.64025
story:0.63625
oscar (best actress):0.626
manipulation:0.62575
complex:0.62025
tear jerker:0.6175
obsession:0.6075
depressing:0.604
oscar:0.57675
excellent:0.57275
solitude:0.569
destiny:0.5685
catastrophe:0.566
melancholic:0.56425
psychological:0.55575
police investigation:0.5525
excellent script:0.55125
sexualized violence:0.551
oscar winner:0.55075
psychology:0.54925
corruption:0.54825
great:0.5475
violent:0.54725
based on true story:0.54375
love story:0.539
pornography:0.53875
clever:0.5365
poignant:0.5365
weird:0.53625
based on a true story:0.536
violence:0.53575
visually appealing:0.52575
happy ending:0.52
bittersweet:0.515
mentor:0.51325
sad but good:0.513
sad:0.5125
writers:0.51225
dysfunctional family:0.50975
plot:0.50875
parenthood:0.5075
culture clash:0.506
great movie:0.50325
brutality:0.501
stereotypes:0.50025
intelligent:0.4995
adaptation:0.49525
life:0.495
feel-good:0.4875
bad ending:0.48225
original plot:0.4815
oscar (best directing):0.481
dark:0.47325
cerebral:0.473
courtroom:0.472
talky:0.47175
nudity (topless - notable):0.47125
life philosophy:0.46925
awesome soundtrack:0.46875
twists & turns:0.46125
