hit men:0.994
assassin:0.94625
stylish:0.93775
action:0.90475
assassins:0.87525
gunfight:0.87375
hitman:0.85475
violent:0.8535
assassination:0.84575
hong kong:0.84
good action:0.82825
life philosophy:0.76675
stylized:0.744
fast paced:0.7235
vengeance:0.70875
original:0.70825
action packed:0.70225
guns:0.6995
cool:0.68975
runaway:0.667
forceful:0.664
fun movie:0.65775
weapons:0.6565
tense:0.65575
japanese:0.6505
good soundtrack:0.649
anti-hero:0.63475
japan:0.608
fight scenes:0.60625
violence:0.60575
gangsters:0.60225
brutality:0.59825
lone hero:0.582
excellent script:0.577
great ending:0.5715
gangster:0.55325
dialogue:0.54075
criterion:0.52275
chase:0.51675
dark hero:0.49625
meditative:0.49475
mentor:0.4915
talky:0.491
movielens top pick:0.484
kung fu:0.48075
foreign:0.47425
revenge:0.465
visceral:0.46125
cult classic:0.44175
silly fun:0.4385
entirely dialogue:0.43225
visually appealing:0.4315
gratuitous violence:0.43025
grim:0.42875
catastrophe:0.428
twists & turns:0.42125
loneliness:0.4155
great:0.41
great acting:0.4095
harsh:0.40875
classic car:0.4065
downbeat:0.40625
adaptation:0.40075
cinematography:0.39925
melancholic:0.39125
weird:0.391
good:0.39025
sexy:0.38975
adapted from:book:0.38525
nocturnal:0.38075
gangs:0.3795
very interesting:0.3795
gritty:0.376
transformation:0.37325
undercover cop:0.37225
hunting:0.3715
existentialism:0.3705
death:0.36375
sexualized violence:0.36375
grindhouse:0.3595
bleak:0.359
intimate:0.35875
breathtaking:0.35825
not funny:0.35825
enigmatic:0.339
culture clash:0.338
police investigation:0.3375
bloody:0.33425
goretastic:0.33375
redemption:0.3285
samurai:0.3205
entertaining:0.3155
allegory:0.31425
based on a book:0.313
atmospheric:0.3115
suprisingly clever:0.31025
crime:0.31025
good versus evil:0.3085
story:0.3055
narrated:0.30375
