oscar (best foreign language film):0.9945
bullying:0.98675
africa:0.9385
revenge:0.93175
friendship:0.92275
vengeance:0.89725
loneliness:0.88375
foreign:0.87975
drama:0.875
mentor:0.87025
thought-provoking:0.8655
school:0.85625
tragedy:0.848
childhood:0.846
life & death:0.8415
violence:0.8395
cancer:0.8395
justice:0.83
storytelling:0.82475
complex:0.82325
relationships:0.80525
cinematography:0.80325
dramatic:0.80225
social commentary:0.799
intense:0.797
unlikely friendships:0.7895
melancholic:0.786
father son relationship:0.78575
emotional:0.774
doctors:0.7685
realistic:0.75675
death:0.75
sacrifice:0.73925
adolescence:0.73275
poignant:0.7235
bittersweet:0.722
redemption:0.7185
life philosophy:0.71425
melancholy:0.714
confrontational:0.7105
original:0.7065
psychological:0.693
movielens top pick:0.69075
idealism:0.6885
compassionate:0.684
harsh:0.6825
hospital:0.66825
disturbing:0.64925
brutality:0.64775
bleak:0.64775
depression:0.64725
morality:0.6445
great acting:0.63625
violent:0.63325
runaway:0.6325
islam:0.6285
beautifully filmed:0.6255
philosophy:0.6235
grim:0.62325
culture clash:0.6215
great ending:0.61925
bombs:0.61675
reflective:0.609
corruption:0.6035
forceful:0.603
visually appealing:0.60225
alone in the world:0.60025
good soundtrack:0.59925
spanish:0.5965
destiny:0.59475
oscar:0.59125
drinking:0.5905
oscar (best directing):0.5775
coming of age:0.57425
earnest:0.5595
golden palm:0.5585
criterion:0.55525
good acting:0.55475
imdb top 250:0.5515
divorce:0.5395
downbeat:0.5315
story:0.53025
interesting:0.5265
cerebral:0.52225
allegory:0.52075
brothers:0.52
oscar (best actress):0.51625
happy ending:0.516
psychology:0.5135
betrayal:0.506
talky:0.50525
visually stunning:0.50475
parenthood:0.50425
guilt:0.50425
depressing:0.49725
powerful ending:0.496
solitude:0.49575
life:0.49525
scenic:0.491
excellent script:0.489
