musicians:0.98925
music:0.9885
classical music:0.98725
eccentricity:0.941
biopic:0.93225
biographical:0.91
biography:0.8555
solitude:0.83925
enigmatic:0.8385
weird:0.817
creativity:0.80625
complex:0.761
original:0.7495
artistic:0.739
artist:0.7125
criterion:0.70925
jazz:0.701
radio:0.69775
genius:0.6885
canada:0.6855
mentor:0.67425
non-linear:0.67075
good soundtrack:0.653
very interesting:0.65025
life & death:0.649
melancholic:0.64175
intimate:0.634
rock and roll:0.62525
talky:0.621
meditative:0.61925
musical:0.61175
hip hop:0.59975
reflective:0.59575
visually appealing:0.59525
social commentary:0.5775
visual:0.5715
cult classic:0.55875
compassionate:0.551
life philosophy:0.55075
suprisingly clever:0.5485
life:0.53875
melancholy:0.53575
great:0.5355
alternate reality:0.52925
obsession:0.5235
cerebral:0.5185
music business:0.513
interesting:0.50575
imdb top 250:0.49975
great ending:0.4945
dialogue:0.48625
intellectual:0.48575
good music:0.4835
dramatic:0.48325
great acting:0.48025
movielens top pick:0.48
culture clash:0.47575
storytelling:0.47425
death:0.47125
crime gone awry:0.4665
highly quotable:0.46475
breathtaking:0.46025
clever:0.45825
runaway:0.45675
documentary:0.45625
art:0.4535
golden palm:0.4535
childhood:0.44525
existentialism:0.43825
drama:0.43825
transformation:0.438
drinking:0.43675
technology:0.43675
character study:0.4355
fantasy world:0.433
harsh:0.4325
unusual plot structure:0.4245
stylized:0.4245
corruption:0.423
philosophical:0.4225
catastrophe:0.41325
great movie:0.41275
awesome soundtrack:0.40425
loneliness:0.40125
good acting:0.39975
poignant:0.39525
redemption:0.39125
story:0.39025
exceptional acting:0.38925
dark humor:0.38875
greed:0.385
atmospheric:0.383
twists & turns:0.379
good:0.3745
great music:0.3715
imagination:0.3705
off-beat comedy:0.36925
downbeat:0.368
visually stunning:0.3645
allegory:0.3635
