007:0.99975
007 (series):0.99975
bond:0.9995
espionage:0.99175
assassin:0.991
franchise:0.9885
spying:0.9875
spy:0.97875
spies:0.977
egypt:0.968
secret service:0.9615
james bond:0.95025
chase:0.94025
submarine:0.9285
action:0.87775
nuclear bomb:0.862
secrets:0.83225
good action:0.80775
series:0.8045
murder:0.78775
adventure:0.7665
good:0.764
original:0.724
great ending:0.69325
action packed:0.68675
tense:0.68475
exciting:0.671
fun movie:0.66275
cool:0.646
car chase:0.64175
weapons:0.641
realistic action:0.6355
cold war:0.632
great movie:0.63075
goofy:0.61925
fast paced:0.612
silly:0.5985
runaway:0.5965
great:0.59125
space opera:0.59075
plot:0.58675
entertaining:0.5815
russian:0.5775
mentor:0.5695
assassination:0.5695
humorous:0.567
underwater:0.56575
sexy:0.5655
visually appealing:0.5585
space:0.551
catastrophe:0.538
original plot:0.533
excellent script:0.53075
excellent:0.53
silly fun:0.525
pg-13:0.5175
suspense:0.51625
dialogue:0.51325
special effects:0.50125
fun:0.498
big budget:0.495
story:0.49225
humor:0.48025
light:0.4765
very good:0.47475
betrayal:0.46775
first contact:0.44275
oil:0.438
mad scientist:0.43275
thriller:0.43275
storytelling:0.43225
technology:0.42925
assassins:0.42875
oscar winner:0.42825
nuclear:0.41925
vengeance:0.41575
shark:0.4135
sci fi:0.41275
british:0.409
interesting:0.407
clever:0.4055
good acting:0.403
family drama:0.39775
good soundtrack:0.39525
suprisingly clever:0.393
destiny:0.39025
conspiracy:0.3845
oscar (best effects - visual effects):0.3805
fight scenes:0.37575
nuclear war:0.37525
very funny:0.374
culture clash:0.3715
alter ego:0.36675
computer animation:0.36375
saturn award (best special effects):0.35575
science fiction:0.3545
witty:0.354
torture:0.34725
death:0.34475
classic:0.34475
