poland:0.998
jews:0.99725
world war ii:0.99525
nazis:0.9935
holocaust:0.9905
oscar (best foreign language film):0.9725
nazi:0.97125
wwii:0.95025
genocide:0.8965
storytelling:0.87975
jewish:0.822
based on true story:0.81175
anti-semitism:0.7845
israel:0.74775
germany:0.74525
war:0.745
vengeance:0.744
brutality:0.74375
dramatic:0.7295
true story:0.7
based on a true story:0.69325
us history:0.6795
original:0.677
destiny:0.6645
tragedy:0.66425
intense:0.652
foreign:0.65125
death:0.63825
intimate:0.6305
enormously long battle scene:0.624
stereotypes:0.6225
camp:0.6185
great ending:0.615
melancholic:0.6105
drinking:0.60925
nudity (full frontal - brief):0.5985
oscar (best directing):0.59725
wartime:0.59125
justice:0.5815
transformation:0.57175
social commentary:0.57075
natural disaster:0.56925
ethnic conflict:0.5445
german:0.5385
catastrophe:0.5375
survival:0.53675
based on book:0.5335
cathartic:0.524
humanity:0.523
gunfight:0.51525
visceral:0.51475
oscar (best supporting actress):0.5115
good acting:0.511
beautifully filmed:0.50925
redemption:0.5005
absurd:0.50025
catholicism:0.4975
betrayal:0.49325
runaway:0.493
good soundtrack:0.4895
oscar winner:0.489
reflective:0.48625
good:0.485
story:0.485
compassionate:0.4815
relationships:0.479
powerful ending:0.4745
history:0.46925
moral ambiguity:0.46875
courage:0.4675
world war i:0.4665
disturbing:0.46425
earnest:0.45275
historical:0.4525
alter ego:0.45125
male nudity:0.4485
adolescence:0.448
mentor:0.43875
blindness:0.4385
literature:0.43825
revenge:0.42825
drama:0.42825
fighting the system:0.42725
culture clash:0.4215
harsh:0.42075
narrated:0.41975
morality:0.4045
judaism:0.3995
interesting:0.399
dialogue:0.3975
adaptation:0.39675
war movie:0.394
suprisingly clever:0.392
irish accent:0.3905
grim:0.38675
childhood:0.38375
fight scenes:0.37925
best war films:0.374
dark hero:0.37325
not funny:0.373
