fantasy:0.99025
medieval:0.98275
high fantasy:0.96375
fairy tale:0.9635
magic:0.95375
fantasy world:0.9475
romance:0.92475
fairy tales:0.9165
love story:0.90625
music:0.889
romantic:0.88175
beautiful scenery:0.875
adventure:0.87
sword fight:0.7975
beautifully filmed:0.78875
visually stunning:0.77075
original:0.75925
good soundtrack:0.7585
imagination:0.7575
prison escape:0.7305
scenic:0.71675
immortality:0.7065
story:0.7
destiny:0.698
happy ending:0.689
great:0.67625
special effects:0.67025
dark fantasy:0.66525
cinematography:0.65925
mentor:0.65825
good music:0.6565
good:0.6545
wizards:0.6545
period piece:0.64575
drama:0.636
great ending:0.61575
transformation:0.6145
visual:0.614
swashbuckler:0.61275
melancholic:0.6075
great movie:0.59125
dialogue:0.58075
storytelling:0.5785
plot:0.5765
good versus evil:0.5765
visually appealing:0.5745
redemption:0.5685
betrayal:0.566
light:0.561
realistic action:0.5595
action:0.55675
fight scenes:0.555
modern fantasy:0.54725
mythology:0.542
nostalgic:0.5385
80s:0.53825
cult classic:0.5365
stunning:0.52475
beautiful:0.51775
great acting:0.5175
pg-13:0.51725
awesome soundtrack:0.509
love:0.50175
good acting:0.5
sacrifice:0.49275
catastrophe:0.4885
clever:0.488
sword fighting:0.4845
stylized:0.484
chase:0.47425
feel-good:0.4645
breathtaking:0.45875
weird:0.45425
fun movie:0.4515
underrated:0.45025
supernatural:0.44325
whimsical:0.44125
musical:0.438
70mm:0.43525
1980s:0.43525
vengeance:0.42175
revenge:0.41475
enigmatic:0.41325
childhood:0.411
excellent:0.40475
atmospheric:0.40175
fun:0.397
great cinematography:0.396
suprisingly clever:0.3935
very good:0.389
classic:0.38575
cool:0.385
lone hero:0.3795
horses:0.3765
great music:0.3765
dragons:0.374
runaway:0.367
creativity:0.36575
culture clash:0.36025
quotable:0.358
