surreal:0.99275
dreamlike:0.98625
weird:0.97575
enigmatic:0.96725
surrealism:0.96575
lynch:0.947
art house:0.94125
visually appealing:0.903
artistic:0.88775
art:0.87925
beautifully filmed:0.8745
strange:0.85125
imagination:0.844
existentialism:0.8435
cult film:0.83825
pornography:0.809
poetry:0.8075
hallucinatory:0.78525
unusual plot structure:0.77825
nocturnal:0.77675
criterion:0.76625
artist:0.75775
visual:0.718
meditative:0.712
melancholic:0.712
nudity (topless - notable):0.71075
male nudity:0.66625
bizarre:0.654
visually stunning:0.6515
nudity (full frontal - notable):0.6515
loneliness:0.64975
life & death:0.64525
cerebral:0.63725
dreams:0.62475
original:0.61875
stylized:0.617
brothers:0.61375
eccentricity:0.56975
dark fantasy:0.56125
pretentious:0.5555
obsession:0.5485
intimate:0.54275
erotic:0.54025
sexual:0.527
talky:0.52425
insanity:0.524
visuals:0.50225
black and white:0.50025
dark humor:0.486
movielens top pick:0.4845
disturbing:0.47725
god:0.473
suprisingly clever:0.439
atmospheric:0.439
crime gone awry:0.423
cinematography:0.42225
catastrophe:0.41975
death:0.419
breathtaking:0.40325
low budget:0.403
tokyo:0.40225
golden palm:0.40175
absurd:0.40125
hotel:0.398
beautiful:0.397
oscar (best foreign language film):0.39625
nudity (full frontal):0.3955
great:0.39525
whimsical:0.3945
colourful:0.39225
culture clash:0.39025
off-beat comedy:0.38625
social commentary:0.381
notable nudity:0.3775
queer:0.37625
great ending:0.37325
dialogue:0.373
environment:0.37275
creativity:0.3725
unique:0.3715
gilliam:0.36825
so bad it's funny:0.36625
cult classic:0.3635
melancholy:0.358
mission from god:0.3575
paranoia:0.357
distopia:0.35675
brutality:0.35625
philosophy:0.355
stoner movie:0.35475
underrated:0.34925
irish accent:0.349
bleak:0.348
non-linear:0.34675
sexualized violence:0.34625
artsy:0.34175
quirky:0.341
not funny:0.33825
stunning:0.3305
mentor:0.32925
