noir thriller:0.99675
private detective:0.98975
noir:0.96825
murder mystery:0.96325
mystery:0.963
detective:0.958
murder:0.95475
talky:0.93275
coen bros:0.92975
film noir:0.92675
visually appealing:0.9185
ominous:0.90925
cynical:0.90625
investigation:0.90425
twists & turns:0.883
enigmatic:0.849
classic:0.84775
complicated:0.8475
complicated plot:0.84525
police investigation:0.845
adapted from:book:0.832
atmospheric:0.83025
black and white:0.82125
imdb top 250:0.7965
criterion:0.7935
cinematography:0.78825
complex:0.784
dialogue:0.77175
moody:0.7715
oscar (best actress):0.7605
censorship:0.7575
light:0.7555
sexy:0.75225
narrated:0.743
original:0.742
downbeat:0.74
greed:0.72125
secrets:0.711
crime:0.709
runaway:0.70875
police corruption:0.699
adaptation:0.6985
nocturnal:0.698
betrayal:0.69675
suspense:0.68625
photography:0.685
corruption:0.68325
visual:0.676
oscar (best directing):0.67275
dark:0.66675
crime gone awry:0.65075
great ending:0.64975
interesting:0.63975
oscar (best supporting actress):0.6235
witty:0.62175
clever:0.6
excellent script:0.5885
great:0.58775
sweet:0.573
los angeles:0.57125
great dialogue:0.56675
story:0.5665
drinking:0.56275
con men:0.55725
storytelling:0.5445
based on a book:0.5425
great movie:0.54
1930s:0.53775
quotable:0.53725
entirely dialogue:0.53625
good:0.5345
chase:0.5345
suprisingly clever:0.5335
stylized:0.53175
anti-hero:0.51675
conspiracy:0.5165
paranoid:0.51625
culture clash:0.513
manipulation:0.5055
cerebral:0.50175
great acting:0.49775
neo-noir:0.49675
paranoia:0.49375
unusual plot structure:0.4925
good acting:0.4925
bleak:0.4845
obsession:0.48025
twist:0.48
affectionate:0.4775
eerie:0.4775
mentor:0.473
serial killer:0.472
dreamlike:0.46675
weird:0.46625
thriller:0.46625
based on book:0.46625
dramatic:0.46475
excellent:0.464
tense:0.45
stylish:0.4485
