splatter:0.988
slasher:0.95775
horror:0.95375
doctors:0.9445
original:0.7785
weapons:0.75775
predictable:0.75275
gore:0.69425
murder:0.675
bloody:0.6745
scary:0.65375
teens:0.6405
brutality:0.63225
violence:0.628
amazing cinematography:0.62
stupid as hell:0.60275
pointless:0.5775
revenge:0.574
gory:0.57275
creepy:0.5655
mental hospital:0.55425
silly:0.5415
death:0.50875
hospital:0.4975
insanity:0.492
humorous:0.49025
camp:0.49
blood:0.484
mad scientist:0.4795
dialogue:0.47875
macabre:0.4775
bad plot:0.474
crazy:0.4655
cult film:0.4645
suspense:0.4635
nudity:0.4615
zombie:0.45425
80s:0.44925
sexualized violence:0.44625
creativity:0.442
fun:0.44175
lame:0.441
fight scenes:0.4405
mentor:0.4395
teen:0.4375
gruesome:0.43625
overrated:0.4275
grindhouse:0.4255
teen movie:0.425
chase:0.424
sexy:0.4235
graphic novel:0.42075
fun movie:0.419
great ending:0.415
small town:0.41
so bad it's funny:0.40625
goofy:0.39925
quirky:0.39775
catastrophe:0.3925
demons:0.3775
fantasy world:0.37525
weird:0.372
story:0.37075
absurd:0.3675
runaway:0.367
special effects:0.36625
violent:0.36425
entirely dialogue:0.364
nudity (full frontal - notable):0.36275
great:0.3615
family:0.36025
satirical:0.35775
adaptation:0.35675
lone hero:0.35575
happy ending:0.3525
campy:0.35175
slapstick:0.3515
computer animation:0.3515
redemption:0.3505
first contact:0.35
reality tv:0.3455
silly fun:0.345
destiny:0.345
good:0.344
halloween:0.3345
boring:0.3325
harsh:0.32825
franchise:0.32775
very funny:0.3275
vengeance:0.32675
storytelling:0.326
melancholic:0.32575
shallow:0.3195
disturbing:0.31925
monster:0.31575
goretastic:0.31125
parody:0.31125
good soundtrack:0.30875
male nudity:0.3075
light:0.30725
