martial arts:1.0
kung fu:0.9995
wuxia:0.99925
fight scenes:0.9805
hong kong:0.93425
fighting:0.93025
china:0.926
action:0.9175
dragons:0.79725
original:0.77875
fast paced:0.7305
good action:0.727
weapons:0.6895
criterion:0.68625
storytelling:0.6595
dialogue:0.65425
great:0.64
cool:0.6325
ninja:0.6325
visually stunning:0.63125
mentor:0.6295
grindhouse:0.62875
stylized:0.624
breathtaking:0.6075
stunning:0.603
vengeance:0.60225
visually appealing:0.59125
cult classic:0.58525
story:0.585
beautiful scenery:0.57025
beautifully filmed:0.56125
dark hero:0.5555
fun movie:0.5545
childhood:0.5545
transformation:0.5385
visual:0.53825
action packed:0.5355
mythology:0.52275
corruption:0.52075
18th century:0.511
ironic:0.50475
redemption:0.49575
fun:0.484
life philosophy:0.48375
creativity:0.48325
awesome soundtrack:0.47925
great movie:0.47475
kick-butt women:0.47325
good soundtrack:0.473
great ending:0.4575
entirely dialogue:0.45125
good:0.45025
amazing photography:0.445
humorous:0.44375
fantasy world:0.44
suprisingly clever:0.43975
complex:0.43725
gunfight:0.4355
culture clash:0.43475
cinematography:0.43325
foreign:0.4285
fantasy:0.4235
superheroes:0.41925
goofy:0.41925
lone hero:0.41875
chase:0.4175
runaway:0.41125
catastrophe:0.411
silly:0.40875
violence:0.39725
stylish:0.396
brutality:0.3935
revenge:0.39125
imdb top 250:0.389
highly quotable:0.3875
destiny:0.38425
awesome:0.37625
tokyo:0.3735
nocturnal:0.369
entertaining:0.3655
japan:0.3655
snakes:0.35625
narrated:0.356
sword fight:0.3545
classic car:0.3525
violent:0.35
dragon:0.34975
cult film:0.34925
allegory:0.34725
classic:0.3405
good story:0.3385
forceful:0.33675
simple:0.3355
melancholic:0.3315
distopia:0.33025
oscar (best foreign language film):0.3295
art:0.32925
friendship:0.3245
harsh:0.32425
unusual plot structure:0.32325
