view askew:1.0
jay and silent bob:0.999
highly quotable:0.959
new jersey:0.944
slackers:0.94175
comedy:0.88425
sequel:0.88175
original:0.879
crude humor:0.8495
hilarious:0.84025
dialogue:0.837
workplace:0.81925
dialogue driven:0.807
sequels:0.8065
weed:0.77775
independent film:0.76425
good sequel:0.75175
great ending:0.747
quotable:0.7345
cult classic:0.73425
funny:0.732
pornography:0.7225
funny as hell:0.7175
awesome soundtrack:0.71
humor:0.7015
marijuana:0.6975
good soundtrack:0.6955
humorous:0.69075
destiny:0.66325
social commentary:0.65275
stoner movie:0.64
life philosophy:0.62725
trilogy:0.597
pg-13:0.595
franchise:0.59125
geeks:0.5895
unlikely friendships:0.586
very funny:0.58275
great dialogue:0.58125
good dialogue:0.57325
mentor:0.5595
storytelling:0.554
irreverent:0.53725
suprisingly clever:0.52375
good:0.5195
vengeance:0.5175
drinking:0.5155
entirely dialogue:0.51275
witty:0.5125
friendship:0.5125
existentialism:0.51175
transformation:0.50425
original plot:0.50025
redemption:0.4985
melancholic:0.4905
great:0.48275
relationships:0.4765
talky:0.47575
clever:0.47325
parody:0.47025
brutality:0.46925
harsh:0.46525
great movie:0.4635
funniest movies:0.45975
dark hero:0.45575
drugs:0.45275
visually appealing:0.44775
disappointing:0.4465
catastrophe:0.43625
cult film:0.4305
goofy:0.42875
crappy sequel:0.42425
honest:0.42425
male nudity:0.424
jesus:0.424
nerds:0.419
sexualized violence:0.41575
indie:0.413
nostalgic:0.40725
justice:0.4035
philosophy:0.40175
plot:0.4015
foul language:0.40075
revenge:0.39975
culture clash:0.39925
stereotypes:0.396
interesting:0.39325
geek:0.38975
story:0.38
pointless:0.3775
dynamic cgi action:0.3765
god:0.37625
weird:0.3745
so bad it's funny:0.37
betrayal:0.364
silly fun:0.36325
creativity:0.361
grindhouse:0.35975
imdb top 250:0.356
violence:0.3545
