splatter:0.99375
horror:0.98025
creepy:0.97
gory:0.9465
bloody:0.9285
cult classic:0.91925
weird:0.911
supernatural:0.87725
murder:0.87575
gruesome:0.87025
good soundtrack:0.8695
brutality:0.86925
stylish:0.85175
grindhouse:0.844
italian:0.83075
original:0.8295
macabre:0.82475
haunted house:0.81825
doctors:0.8175
violent:0.816
demons:0.81
violence:0.8055
ominous:0.79525
atmospheric:0.792
strange:0.78775
scary:0.77725
gore:0.75875
cannibalism:0.75775
brutal:0.7575
zombie:0.74675
blood:0.74575
dark:0.74575
melancholic:0.73475
slasher:0.71625
sexualized violence:0.7015
downbeat:0.693
cult film:0.6895
nudity (full frontal - notable):0.6885
visceral:0.67
vengeance:0.66475
death:0.662
harsh:0.658
tense:0.649
criterion:0.64175
eerie:0.63775
gothic:0.63575
psychological:0.63525
new york city:0.62075
suspense:0.61675
ghosts:0.60525
grim:0.59625
disturbing:0.59325
revenge:0.5885
low budget:0.5795
obsession:0.5695
nocturnal:0.56925
great ending:0.5645
cinematography:0.56225
bad ending:0.55975
monster:0.55775
claustrophobic:0.5555
goth:0.55275
cult:0.543
dark humor:0.53575
stylized:0.53125
life & death:0.5165
serial killer:0.5155
gratuitous violence:0.51025
surreal:0.50225
social commentary:0.5015
highly quotable:0.49875
enigmatic:0.48575
goretastic:0.4835
controversial:0.4815
dreamlike:0.48125
new york:0.4785
suspenseful:0.4715
insanity:0.47075
pornography:0.47025
graphic novel:0.46675
visually appealing:0.46375
bizarre:0.46
80s:0.45775
gangsters:0.45525
masterpiece:0.45275
mentor:0.4475
ironic:0.4425
wilderness:0.43575
pointless:0.434
adaptation:0.423
pulp:0.422
frightening:0.419
talky:0.41275
torture:0.412
zombies:0.4105
dialogue:0.40675
nudity (topless - notable):0.405
mob:0.39975
biting:0.39475
mad scientist:0.38825
