friendship:0.97075
unlikely friendships:0.933
pornography:0.92725
male nudity:0.89325
father daughter relationship:0.8685
relationships:0.8625
fantasy world:0.8405
social commentary:0.84
good soundtrack:0.82925
childhood:0.82075
original:0.807
storytelling:0.7615
life philosophy:0.7565
weird:0.7475
secrets:0.73525
sexual abuse:0.726
loneliness:0.725
great ending:0.71975
runaway:0.70875
independent film:0.70825
nudity (topless - notable):0.6965
imagination:0.6925
suburbia:0.6755
adolescence:0.6695
very interesting:0.66625
complex:0.66475
fairy tales:0.65475
interesting:0.63225
allegory:0.62825
idealism:0.6195
mentor:0.6145
small town:0.595
enigmatic:0.5855
thought-provoking:0.5845
visually stunning:0.5825
women:0.5675
prejudice:0.56725
melancholic:0.564
redemption:0.56025
aging:0.55075
beautifully filmed:0.54875
morality:0.534
sexualized violence:0.5335
bullying:0.53025
good:0.526
story:0.5255
brutality:0.51575
surprise ending:0.51575
magic realism:0.5145
good acting:0.509
harsh:0.5045
plot:0.49725
drama:0.4845
fantasy:0.48225
nudity (full frontal - notable):0.478
dreams:0.47
suprisingly clever:0.468
talky:0.45825
sacrifice:0.45725
obsession:0.45675
nudity (full frontal - brief):0.4565
vengeance:0.44925
revenge:0.44375
underrated:0.44125
excellent:0.439
narrated:0.43325
magic:0.43275
great acting:0.4215
intimate:0.4215
quirky:0.41775
cinematography:0.41775
workplace:0.417
corruption:0.41625
catastrophe:0.41425
touching:0.41425
erotic:0.414
children:0.4065
dialogue:0.401
surreal:0.401
betrayal:0.4005
life & death:0.399
wistful:0.39425
honest:0.39
australia:0.38875
coming of age:0.38775
adultery:0.3865
bad ending:0.38525
moral ambiguity:0.38425
alternate endings:0.384
beautiful:0.381
bittersweet:0.3745
manipulation:0.374
weed:0.373
justice:0.3725
twists & turns:0.37025
dreamlike:0.36725
stylized:0.365
poignant:0.363
culture clash:0.36175
paranoid:0.36125
