japan:0.95625
beautiful scenery:0.8505
cinematography:0.813
visually stunning:0.7065
original:0.699
weird:0.67075
love story:0.65175
obsession:0.6325
good soundtrack:0.63075
life & death:0.62325
nudity (full frontal):0.61825
visual:0.618
beautiful:0.5915
melancholic:0.5845
romance:0.581
relationships:0.5685
france:0.56
tokyo:0.5505
adultery:0.534
art:0.5325
story:0.52675
japanese:0.499
mentor:0.499
visually appealing:0.48675
nudity (full frontal - notable):0.471
transformation:0.46875
poetry:0.4645
so bad it's funny:0.45925
imagination:0.4475
beautifully filmed:0.44575
solitude:0.44325
pointless:0.43925
passionate:0.439
adaptation:0.43725
redemption:0.434
dialogue:0.42075
technology:0.41175
19th century:0.40425
first contact:0.39825
colourful:0.39425
greed:0.39
loneliness:0.389
brutality:0.3825
catastrophe:0.38125
underrated:0.37875
fantasy world:0.373
love:0.3645
intimate:0.359
erotic:0.3535
melancholy:0.35225
dreams:0.35025
death:0.3475
boring!:0.34525
love triangles:0.34525
meditative:0.344
life philosophy:0.3425
stunning:0.34175
great ending:0.3415
enigmatic:0.3405
storytelling:0.33525
predictable:0.33225
pornography:0.33175
slow:0.3215
not funny:0.3195
fight scenes:0.31525
powerful ending:0.31425
complex:0.31075
small town:0.30525
art house:0.3045
nudity (topless - notable):0.3035
destiny:0.30075
criterion:0.3005
confusing:0.3
bad acting:0.298
boring:0.2975
betrayal:0.29225
suprisingly clever:0.2915
period piece:0.28825
artistic:0.28625
travel:0.28575
entirely dialogue:0.28525
narrated:0.284
romantic:0.27775
horrible:0.2685
books:0.26775
dreamlike:0.267
photography:0.2665
adventure:0.2635
memory:0.263
overrated:0.25975
absurd:0.25875
independent film:0.2585
feel-good:0.25675
too long:0.2555
atheism:0.25475
pulp:0.25325
quirky:0.24925
gangsters:0.249
unusual plot structure:0.2465
nudity (topless - brief):0.2465
