treasure hunt:0.99925
adventure:0.9945
treasure:0.97775
childhood:0.97175
kids and family:0.95575
kids:0.94575
80s:0.93675
1980s:0.91875
children:0.901
pirates:0.89025
classic:0.87125
nostalgic:0.8695
fun movie:0.86875
fantasy:0.86025
cult film:0.8465
good:0.81675
friendship:0.806
fantasy world:0.804
silly fun:0.799
unlikely friendships:0.776
imagination:0.76675
mentor:0.7665
teen movie:0.76525
fun:0.758
original:0.73775
magic:0.705
cult classic:0.6945
great:0.68125
adolescence:0.67675
quotable:0.6765
chase:0.674
great movie:0.659
nostalgia:0.64325
spielberg:0.632
teen:0.611
great ending:0.6095
goofy:0.60275
swashbuckler:0.602
high fantasy:0.588
good soundtrack:0.587
dialogue:0.549
runaway:0.548
pg:0.54275
awesome soundtrack:0.53975
family:0.53375
feel-good:0.53175
indiana jones:0.52675
underdog:0.52475
exciting:0.5005
original plot:0.5005
time:0.496
pg-13:0.496
special effects:0.495
oscar (best effects - visual effects):0.48625
bullying:0.4775
clever:0.476
cool:0.472
life philosophy:0.4655
storytelling:0.4605
teens:0.4605
video game:0.452
catastrophe:0.4515
feel good movie:0.44025
story:0.43925
parallel universe:0.43725
weird:0.4335
destiny:0.43325
golf:0.43175
underrated:0.429
saturn award (best special effects):0.428
computer game:0.42125
silly:0.42075
plot:0.40775
great soundtrack:0.40575
unusual plot structure:0.405
love:0.40475
cult:0.40425
affectionate:0.401
beautiful scenery:0.4005
light:0.39925
whimsical:0.397
action packed:0.39075
good versus evil:0.384
entertaining:0.3825
school:0.382
70mm:0.37725
imdb top 250:0.37275
very good:0.3725
very funny:0.37225
maze:0.36975
slapstick:0.36975
brutality:0.36825
sentimental:0.35675
transformation:0.35675
cute!:0.35675
nerds:0.35325
justice:0.35175
good action:0.34725
intense:0.347
humor:0.3435
