based on a book:0.969
macabre:0.844
death:0.80425
life & death:0.78675
goth:0.7785
supernatural:0.7765
weird:0.766
original:0.7565
adaptation:0.7055
so bad it's funny:0.67925
pointless:0.67525
hallucinatory:0.64225
melancholic:0.6055
afterlife:0.60325
predictable:0.584
road movie:0.57225
good soundtrack:0.56425
demons:0.5015
horror:0.5015
destiny:0.49225
cult film:0.4905
brutality:0.49025
obsession:0.48725
creepy:0.47825
transformation:0.46275
storytelling:0.44275
story:0.43975
scary:0.43575
dark fantasy:0.43425
lame:0.4205
fantasy:0.41925
surreal:0.41675
great ending:0.41525
adapted from:book:0.40825
fantasy world:0.4
light:0.39525
mentor:0.394
cult classic:0.39075
catastrophe:0.388
adoption:0.387
splatter:0.38525
quirky:0.38475
nudity (rear):0.36425
not funny:0.351
ghosts/afterlife:0.34625
life philosophy:0.34275
dialogue:0.3425
spiders:0.3425
bad plot:0.34175
very interesting:0.34
creativity:0.338
unusual plot structure:0.33325
existentialism:0.33075
fight scenes:0.32825
strange:0.32675
ghosts:0.32525
solitude:0.31875
first contact:0.3135
books:0.30725
bad acting:0.307
nudity (full frontal - notable):0.30675
enigmatic:0.30375
guilt:0.3005
family:0.29825
clones:0.2965
goofy:0.293
dumb but funny:0.2915
talky:0.28925
entirely dialogue:0.286
too long:0.28425
visually appealing:0.28375
suicide:0.2835
overrated:0.2835
dreamlike:0.2735
nudity (full frontal - brief):0.2705
graphic novel:0.2655
bizarre:0.263
pulp:0.26075
unfunny:0.25825
disturbing:0.2575
crude humor:0.2575
horrible:0.255
lone hero:0.2545
runaway:0.2545
paranoid:0.25275
stupid as hell:0.2515
monsters:0.24925
great:0.24825
chase:0.248
nocturnal:0.2475
bad cgi:0.24525
intense:0.2445
surrealism:0.2425
bad:0.24125
suspense:0.2365
nostalgic:0.23625
gangsters:0.23575
pg-13:0.2355
campy:0.2335
redemption:0.233
