vengeance:0.997
revenge:0.97675
violent:0.967
brutality:0.9665
stylized:0.96575
violence:0.9625
vigilantism:0.95225
stylish:0.945
innocence lost:0.94425
storytelling:0.91675
kidnapping:0.89775
visceral:0.8955
visual:0.88975
prison:0.88775
crime:0.8755
vigilante:0.8715
melancholic:0.86575
trilogy:0.8655
cinematography:0.85325
tense:0.85125
surreal:0.8445
brutal:0.83775
disturbing:0.8325
visually appealing:0.8305
original:0.82275
masterpiece:0.8225
visually stunning:0.82025
enigmatic:0.80475
murder:0.80375
story:0.801
redemption:0.79175
dark humor:0.78475
bloody:0.77525
colourful:0.7595
dark:0.75525
complex:0.74575
twists & turns:0.742
weird:0.7375
serial killer:0.703
intense:0.69675
sexualized violence:0.69075
harsh:0.68825
complicated:0.685
macabre:0.6825
psychological:0.6795
criterion:0.67925
social commentary:0.676
pornography:0.67575
bleak:0.67225
great ending:0.67125
guilt:0.66075
flashbacks:0.65975
art house:0.65975
cerebral:0.65075
justice:0.64575
interesting:0.64525
good soundtrack:0.64425
secrets:0.637
non-linear:0.63075
reflective:0.6285
very interesting:0.62175
breathtaking:0.6215
movielens top pick:0.61975
moral ambiguity:0.619
tragedy:0.6095
best of 2005:0.60925
imagination:0.60825
grim:0.6055
nonlinear:0.60425
dreamlike:0.6005
obsession:0.598
runaway:0.59675
golden palm:0.59425
childhood:0.5885
betrayal:0.5855
cathartic:0.58175
narrated:0.58125
imdb top 250:0.5805
quirky:0.57875
forceful:0.578
atmospheric:0.57225
adoption:0.57225
drama:0.5675
artistic:0.56325
police investigation:0.56225
meditative:0.56175
beautifully filmed:0.5555
unusual plot structure:0.54375
suspense:0.54325
plot:0.5415
loneliness:0.54125
excellent script:0.54025
cult film:0.54
torture:0.53225
clever:0.529
dialogue:0.5255
child abuse:0.51
stunning:0.50325
mentor:0.5025
talky:0.50225
