animation:0.98925
disney animated feature:0.98875
mythology:0.95275
disney:0.8835
cartoon:0.8795
animated:0.82425
computer animation:0.816
kids and family:0.8045
good:0.7645
fun movie:0.75625
cute:0.74
original:0.73425
great:0.6625
kids:0.66075
family:0.6585
fun:0.65775
fairy tale:0.655
story:0.64925
stylized:0.641
animals:0.5935
adventure:0.58925
mentor:0.58225
great ending:0.57725
childhood:0.57675
goofy:0.5545
children:0.544
entertaining:0.544
stereotypes:0.51375
destiny:0.50875
snakes:0.50025
catastrophe:0.48825
cute!:0.48825
good soundtrack:0.488
fairy tales:0.48075
heartwarming:0.45525
musical:0.44575
great movie:0.442
god:0.431
feel-good:0.425
funny:0.418
talking animals:0.41425
adaptation:0.41175
oscar (best music - original song):0.41
storytelling:0.40725
sacrifice:0.40475
dialogue:0.39525
lions:0.38925
clever:0.3785
very funny:0.3775
predictable:0.37725
happy ending:0.368
romance:0.36575
original plot:0.3655
beautiful scenery:0.36375
natural disaster:0.36075
superheroes:0.35975
bad plot:0.35675
transformation:0.3565
love story:0.3535
pixar animation:0.353
feel good movie:0.3515
light:0.35125
culture clash:0.3485
witty:0.3405
creativity:0.32825
greed:0.32825
pg-13:0.327
runaway:0.3245
very good:0.3225
earnest:0.31825
better than expected:0.3175
action packed:0.31725
narrated:0.317
animal movie:0.3145
life philosophy:0.31375
good music:0.31375
unlikely friendships:0.313
shallow:0.3115
suprisingly clever:0.3105
sentimental:0.30725
redemption:0.30425
not funny:0.302
girlie movie:0.30075
action:0.2985
visually appealing:0.29725
humorous:0.28975
friendship:0.28975
lone hero:0.28875
colourful:0.288
good versus evil:0.287
jungle:0.28525
brutality:0.28125
music:0.28075
adapted from:book:0.27525
comedy:0.27075
irish accent:0.26875
indians:0.26875
whimsical:0.266
oscar:0.26525
sweet:0.265
