splatter:0.98625
horror:0.925
weird:0.9105
cult film:0.90825
gory:0.8945
cult classic:0.893
disturbing:0.8645
gruesome:0.86275
controversial:0.862
erotic:0.83
macabre:0.80175
pornography:0.79325
visceral:0.78425
grindhouse:0.777
serial killer:0.7725
low budget:0.74375
goretastic:0.696
original:0.687
brutality:0.68425
cannibalism:0.67675
gore:0.663
life & death:0.65525
death:0.6535
bizarre:0.65125
bloody:0.64075
nudity (full frontal - notable):0.63125
surreal:0.61975
great ending:0.59725
sexual:0.5735
sexualized violence:0.5725
mentor:0.5625
strange:0.55575
good soundtrack:0.55275
creepy:0.54775
violence:0.51775
blood:0.512
sex:0.50875
cult:0.508
brutal:0.49275
graphic novel:0.47825
doctors:0.4665
pointless:0.46375
psychological:0.4615
black comedy:0.45175
spiders:0.4495
violent:0.4315
murder:0.4295
nudity (full frontal - brief):0.4205
catastrophe:0.41975
suspense:0.41975
dark:0.4165
atmospheric:0.415
zombie:0.40725
sexy:0.4035
so bad it's funny:0.39975
male nudity:0.39625
melancholic:0.39025
goth:0.38725
pulp:0.383
scary:0.38175
adaptation:0.373
dialogue:0.3705
insanity:0.37
demons:0.36425
ominous:0.36075
art:0.35625
loneliness:0.35525
criterion:0.34625
obsession:0.341
creativity:0.33875
dark humor:0.3385
surrealism:0.33475
enigmatic:0.333
stylized:0.3325
transformation:0.331
police investigation:0.325
passionate:0.3175
social commentary:0.31575
crime gone awry:0.30925
torture:0.30575
entirely dialogue:0.305
bad ending:0.3015
suprisingly clever:0.29725
lynch:0.294
artsy:0.2935
original plot:0.29325
nudity (full frontal):0.29075
harsh:0.28775
slasher:0.2875
internet:0.28675
fantasy world:0.2815
classic car:0.277
gratuitous violence:0.27525
dreamlike:0.2745
first contact:0.27425
very interesting:0.27175
bad acting:0.27075
nudity:0.268
masterpiece:0.26575
romance:0.26425
