hitchcock:0.99875
espionage:0.944
assassination:0.94375
suspense:0.91825
criterion:0.91775
secrets:0.91275
spying:0.908
wartime:0.89775
conspiracy:0.8865
spy:0.86625
tense:0.86275
suspenseful:0.862
chase:0.85625
war:0.85625
murder:0.85525
talky:0.8225
kidnapping:0.8175
oscar (best picture):0.8075
assassin:0.802
great ending:0.79375
thriller:0.78625
original:0.743
oscar (best actress):0.742
imdb top 250:0.736
love story:0.7275
classic:0.726
runaway:0.709
world war i:0.69775
witty:0.69625
oscar (best directing):0.692
obsession:0.68875
mistaken identity:0.6875
police investigation:0.68425
dialogue:0.681
spies:0.66175
clever:0.6615
light:0.63225
enigmatic:0.63225
cinematography:0.632
complicated:0.62575
england:0.62525
british:0.62375
storytelling:0.623
london:0.623
earnest:0.622
hotel:0.61425
good:0.61175
politics:0.60975
propaganda:0.6095
journalism:0.60675
romance:0.6035
investigation:0.6015
beautiful scenery:0.60125
dramatic:0.601
great:0.59925
story:0.5965
oscar (best supporting actress):0.59175
romantic:0.58975
corruption:0.58775
oscar winner:0.57975
foreign:0.57775
oscar (best cinematography):0.56975
interesting:0.56925
ominous:0.5605
complex:0.553
unusual plot structure:0.551
plot:0.549
assassins:0.54675
intense:0.542
cerebral:0.539
adventure:0.5315
greed:0.529
culture clash:0.52475
political:0.52325
period piece:0.52225
great movie:0.51225
adapted from:book:0.50425
atmospheric:0.502
visually appealing:0.49375
black and white:0.49275
sexy:0.491
nazis:0.4765
ethnic conflict:0.47375
twists & turns:0.47175
betrayal:0.47125
absurd:0.47075
visual:0.4685
world war ii:0.46825
claustrophobic:0.4645
breathtaking:0.464
forceful:0.4625
mystery:0.46
suprisingly clever:0.4535
exciting:0.453
paranoid:0.45125
manipulation:0.448
fast paced:0.44475
very interesting:0.443
murder mystery:0.442
nazi:0.4415
