social commentary:0.9785
powerful ending:0.977
dramatic:0.963
conspiracy:0.95825
greed:0.9445
tense:0.93375
corruption:0.9125
drama:0.90275
nuclear:0.8855
intense:0.88175
thriller:0.87175
political:0.852
suspense:0.843
political corruption:0.82775
politics:0.817
conspiracy theory:0.813
paranoia:0.81075
suspenseful:0.8105
interesting:0.797
corporate america:0.77775
good acting:0.7745
original:0.77175
manipulation:0.763
oscar (best directing):0.75925
secrets:0.7555
good:0.75275
catastrophe:0.74625
idealism:0.7355
oscar (best actress):0.73225
investigation:0.732
thought-provoking:0.72525
forceful:0.72525
1970s:0.725
technology:0.707
great acting:0.6995
story:0.69475
intelligent:0.69375
complex:0.68325
sacrifice:0.65725
disaster:0.653
cerebral:0.65025
betrayal:0.64775
psychology:0.63725
great ending:0.625
oscar winner:0.62375
ominous:0.6215
propaganda:0.60825
surveillance:0.60675
runaway:0.60325
earnest:0.601
pornography:0.59975
excellent script:0.5975
oil:0.58725
morality:0.58575
oscar (best supporting actress):0.578
realistic:0.57425
clever:0.57275
imdb top 250:0.5725
mentor:0.57
prejudice:0.564
exceptional acting:0.562
police investigation:0.5565
justice:0.55625
ethnic conflict:0.55425
twists & turns:0.5505
psychological:0.55
excellent:0.5485
world politics:0.54675
very interesting:0.5425
brainwashing:0.54175
very good:0.5375
allegory:0.536
first contact:0.53275
murder:0.5325
island:0.53225
revolution:0.53125
tricky:0.5285
courage:0.52825
moral ambiguity:0.52375
california:0.52225
oscar:0.51775
weapons:0.51775
frightening:0.517
criterion:0.5165
redemption:0.51625
talky:0.513
paranoid:0.5125
dialogue:0.511
natural disaster:0.51025
true story:0.50675
destiny:0.505
survival:0.50425
culture clash:0.49925
business:0.4945
narrated:0.49425
harsh:0.494
storytelling:0.4915
tragedy:0.48375
us history:0.47575
effects:0.4715
