alien:0.9995
aliens:0.99425
franchise:0.99025
sci-fi:0.97325
alien invasion:0.96
action:0.929
special effects:0.8985
antarctica:0.86325
scifi:0.86025
sci fi:0.85675
big budget:0.8385
first contact:0.831
pg-13:0.8305
plot holes:0.787
original:0.776
space:0.76075
monster:0.75375
predictable:0.7405
so bad it's funny:0.74025
future:0.73825
weapons:0.734
survival:0.72525
bad plot:0.70475
fight scenes:0.703
stupid as hell:0.69475
horrible:0.69375
bad acting:0.68425
science fiction:0.682
small town:0.68
catastrophe:0.6745
pointless:0.66975
bad cgi:0.654
dialogue:0.63575
gory:0.6235
horror:0.62175
mythology:0.62175
splatter:0.612
dynamic cgi action:0.6095
natural disaster:0.596
futuristic:0.571
story:0.55425
apocalypse:0.5495
crappy sequel:0.542
monsters:0.5375
violence:0.5245
giant robots:0.5185
plot:0.513
great ending:0.498
action packed:0.4975
good action:0.49125
bad ending:0.48475
cloning:0.48175
lame:0.4765
space opera:0.472
family drama:0.47
transformation:0.469
technology:0.46275
better than expected:0.46225
based on a video game:0.45575
allegory:0.452
effects:0.45125
cgi:0.4475
teens:0.44525
life philosophy:0.43625
disappointing:0.43525
brutality:0.435
disaster:0.43425
mutants:0.43375
destiny:0.4235
shallow:0.42325
enormously long battle scene:0.4195
creativity:0.415
awful:0.4135
mentor:0.41225
visually appealing:0.41225
god:0.4105
existentialism:0.4095
stupid:0.40675
sequels:0.40475
sequel:0.4035
dinosaurs:0.3975
computer game:0.39525
fantasy world:0.394
silly:0.39275
unlikeable characters:0.3925
visually stunning:0.3905
pulp:0.3885
visual:0.3885
chase:0.38525
bad script:0.385
suspense:0.38325
not funny:0.383
clones:0.3805
superheroes:0.37925
exciting:0.3745
idiotic:0.373
redemption:0.36625
scary:0.36575
adaptation:0.36575
overrated:0.36425
