disney animated feature:0.994
animation:0.9895
cartoon:0.951
talking animals:0.9505
animated:0.88375
disney:0.88
computer animation:0.867
funny:0.82775
kids:0.80425
latin america:0.79375
good:0.77675
witty:0.7625
kids and family:0.75675
original:0.7565
humorous:0.75125
friendship:0.75
animals:0.73775
fun movie:0.73
clever:0.72675
family:0.71875
hilarious:0.7095
fun:0.698
pixar animation:0.69375
goofy:0.69325
great:0.658
very funny:0.6415
children:0.62825
comedy:0.62375
dialogue:0.6075
humor:0.603
off-beat comedy:0.59825
jungle:0.58875
entertaining:0.5655
stereotypes:0.5625
cute:0.55375
redemption:0.54925
story:0.541
chase:0.5305
great ending:0.5255
greed:0.5015
great movie:0.50125
silly fun:0.497
original plot:0.488
unlikely friendships:0.48725
fairy tale:0.47575
cute!:0.46775
underrated:0.4615
fast paced:0.45925
mentor:0.4415
light:0.4405
very good:0.43775
catastrophe:0.43375
happy ending:0.4315
feel good movie:0.43125
good soundtrack:0.4295
childhood:0.429
sarcasm:0.42875
transformation:0.424
culture clash:0.42125
suprisingly clever:0.41775
feel-good:0.417
beautiful scenery:0.402
creativity:0.4005
animal movie:0.39775
betrayal:0.3965
adventure:0.396
whimsical:0.39475
runaway:0.392
sweet:0.383
silly:0.36525
crude humor:0.36475
life philosophy:0.36425
unfunny:0.35675
storytelling:0.35275
narrated:0.35
lions:0.3485
quirky:0.348
pg-13:0.34475
better than expected:0.3385
heartwarming:0.33725
excellent:0.32725
oscar (best animated feature):0.327
single father:0.31575
south america:0.31525
slapstick:0.31475
based on book:0.312
morality:0.305
entirely dialogue:0.304
oscar (best music - original song):0.3015
good versus evil:0.3005
movielens top pick:0.29975
adaptation:0.29875
prejudice:0.29675
adapted from:book:0.29525
classic:0.286
destiny:0.28325
not funny:0.283
oscar winner:0.277
interesting:0.2765
absurd:0.27525
