military:0.946
comedy:0.92825
children:0.9165
funny:0.9155
funniest movies:0.86875
goofy:0.85475
hilarious:0.82625
kids:0.805
very funny:0.7955
camp:0.78625
silly fun:0.7405
dumb:0.711
original:0.6745
stupidity:0.6505
sarcasm:0.60475
foul language:0.601
childhood:0.59675
funny as hell:0.59125
silly:0.5905
dumb but funny:0.57125
predictable:0.5645
stupid:0.545
mentor:0.53375
school:0.5205
story:0.50875
crude humor:0.48975
fun movie:0.48775
great ending:0.468
family:0.46625
weapons:0.462
so bad it's funny:0.46125
feel-good:0.4495
fun:0.44875
quotable:0.43875
absurd:0.434
parody:0.4245
humorous:0.41825
catastrophe:0.408
dialogue:0.40275
runaway:0.40025
unfunny:0.39475
happy ending:0.3865
feel good movie:0.38
destiny:0.37175
teacher:0.368
stupid as hell:0.3595
brutality:0.3565
simple:0.348
hip hop:0.3455
spoof:0.345
violence:0.34425
forceful:0.33725
great:0.336
storytelling:0.3305
fight scenes:0.3305
first contact:0.3285
good:0.328
teen movie:0.32575
life philosophy:0.32325
fantasy world:0.32
bullying:0.3195
good soundtrack:0.3165
lone hero:0.3145
death:0.3135
pg-13:0.3085
nudity (full frontal - brief):0.307
light:0.2965
vengeance:0.29275
natural disaster:0.28825
culture clash:0.284
overrated:0.284
inspirational:0.284
humor:0.2805
saturday night live:0.27975
slapstick:0.277
unusual plot structure:0.26775
revenge:0.26575
underdog:0.26225
chase:0.25825
island:0.25675
harsh:0.25575
bad plot:0.255
adaptation:0.2545
suprisingly clever:0.254
weird:0.2525
video game:0.2515
special effects:0.2515
alter ego:0.25
pg:0.2485
entirely dialogue:0.24825
teens:0.244
sci fi:0.24375
transformation:0.2435
pornography:0.243
redemption:0.24025
bombs:0.23925
clever:0.2355
amy smart:0.23525
intense:0.23325
kids and family:0.2305
