secret service:0.99925
conspiracy:0.9895
president:0.97825
assassination:0.9605
assassin:0.9315
action:0.89525
assassins:0.86025
chase:0.829
world politics:0.8055
conspiracy theory:0.7095
fast paced:0.6955
secrets:0.67275
thriller:0.6715
good action:0.66525
twists & turns:0.66375
predictable:0.6595
catastrophe:0.63125
original:0.62125
plot holes:0.60475
pg-13:0.59925
action packed:0.599
spy:0.588
good:0.5755
car chase:0.56775
mentor:0.55875
betrayal:0.55375
lone hero:0.55125
plot:0.53775
tom clancy:0.50075
suspense:0.4965
better than expected:0.49525
big budget:0.49475
political:0.487
natural disaster:0.46175
dialogue:0.458
spying:0.45725
exciting:0.4475
no plot:0.44525
espionage:0.4445
murder:0.42725
drama:0.42725
bad plot:0.427
irish accent:0.4235
suspenseful:0.41875
bad acting:0.41825
corruption:0.413
life philosophy:0.4015
crime:0.387
tricky:0.38325
investigation:0.383
spies:0.383
fun movie:0.38275
great ending:0.38025
so bad it's funny:0.37
fbi:0.3635
not funny:0.36225
sexy:0.35875
silly:0.3525
entertaining:0.352
heist:0.3505
first contact:0.3365
surveillance:0.33625
disaster:0.33625
tense:0.33025
unrealistic:0.3295
culture clash:0.32775
intense:0.32725
story:0.32175
fight scenes:0.313
based on a book:0.3095
excellent script:0.3075
runaway:0.30475
police investigation:0.3045
ridiculous:0.30175
plot twist:0.29975
complicated plot:0.2995
hit men:0.29875
unfunny:0.29625
cheating:0.29325
hacking:0.2915
weapons:0.28825
fantasy world:0.28725
great:0.28525
cold war:0.2765
vengeance:0.276
bad:0.27125
life & death:0.27
overrated:0.26325
happy ending:0.26325
bad ending:0.26225
kidnapping:0.26225
internet:0.26175
gangsters:0.2555
technology:0.2525
revenge:0.24925
cia:0.2475
brainwashing:0.2465
greed:0.2465
nudity (full frontal - brief):0.2455
entirely dialogue:0.2435
