short-term memory loss:0.9945
animation:0.9915
oscar (best animated feature):0.991
computer animation:0.97275
pixar:0.95625
pixar animation:0.949
kids and family:0.92675
animated:0.9
memory loss:0.899
animals:0.89175
fish:0.875
sequels:0.861
good sequel:0.8585
touching:0.83425
original:0.82525
destiny:0.82525
adventure:0.81975
lions:0.81225
disability:0.80575
visually stunning:0.7995
emotional:0.78325
family:0.764
childhood:0.75825
melancholic:0.7425
kids:0.7405
shark:0.74
ocean:0.74
cartoon:0.72875
unlikely friendships:0.72275
heartwarming:0.71475
good:0.7105
great:0.70575
sequel:0.6985
cute:0.69825
underwater:0.687
story:0.67825
sentimental:0.657
depression:0.65625
visually appealing:0.655
nostalgic:0.65075
children:0.6375
clever:0.63625
funny:0.63025
friendship:0.60575
catastrophe:0.60275
memory:0.6
storytelling:0.59925
adoption:0.5855
redemption:0.553
cute!:0.54975
culture clash:0.54375
life philosophy:0.54175
dialogue:0.54075
runaway:0.53975
loneliness:0.53975
social commentary:0.53625
suprisingly clever:0.52975
entertaining:0.5295
disney:0.528
oscar winner:0.52575
toys:0.52525
pg-13:0.50425
better than expected:0.498
happy ending:0.49775
3d:0.49625
sad but good:0.495
transformation:0.49075
bittersweet:0.48975
technology:0.48725
compassionate:0.48475
talking animals:0.482
fun:0.48175
plot:0.4805
great ending:0.48
very funny:0.4715
comedy:0.4675
survival:0.45375
stereotypes:0.44125
feel good movie:0.4355
drama:0.43325
beautiful scenery:0.4325
great movie:0.431
parenthood:0.42825
visuals:0.42575
too short:0.4255
franchise:0.42525
sacrifice:0.422
sweet:0.418
original plot:0.416
creativity:0.415
weird:0.4125
tear jerker:0.412
greed:0.41
betrayal:0.40975
visual:0.40925
california:0.4015
coming of age:0.401
good soundtrack:0.39775
sad:0.394
heartbreaking:0.3925
