horror:0.9885
homeless:0.942
scary:0.93775
suspense:0.90975
creepy:0.9095
sexualized violence:0.8755
claustrophobic:0.8155
dark:0.7975
original:0.76825
tense:0.7495
chase:0.74725
suspenseful:0.73
gruesome:0.729
splatter:0.72225
gory:0.713
monster:0.682
slasher:0.67375
predictable:0.67125
survival:0.666
london:0.65725
pointless:0.65625
bloody:0.6385
visceral:0.6365
nudity (topless - notable):0.62675
rats:0.6165
good:0.60375
violence:0.5545
fun movie:0.55225
weird:0.5405
cult classic:0.538
great ending:0.5295
disturbing:0.527
train:0.52675
80s:0.52475
blood:0.52075
murder:0.519
death:0.51675
supernatural:0.5125
monsters:0.5125
cult film:0.5035
brutality:0.5015
police investigation:0.49125
atmospheric:0.48625
frightening:0.46025
camp:0.457
first contact:0.455
writers:0.453
story:0.4475
mutants:0.4445
mentor:0.4365
plot holes:0.433
runaway:0.426
light:0.4205
grindhouse:0.41425
not funny:0.41225
dialogue:0.41075
stereotypes:0.41025
goretastic:0.409
great:0.40425
fantasy world:0.39425
lone hero:0.3935
low budget:0.39275
intense:0.3925
nudity (full frontal - brief):0.39075
nocturnal:0.39075
doctors:0.38775
british:0.3825
torture:0.3805
great movie:0.38
afi 100 (movie quotes):0.378
idiotic:0.3755
cannibalism:0.3685
violent:0.367
catastrophe:0.3655
trains:0.3635
demons:0.36025
gothic:0.358
good acting:0.3455
zombie:0.344
sci fi:0.343
family:0.34075
melancholic:0.3405
oscar (best effects - visual effects):0.33975
adaptation:0.3395
oscar (best directing):0.339
underrated:0.33625
gore:0.334
social commentary:0.3325
oscar (best actress):0.32775
eerie:0.32675
teens:0.32275
overrated:0.322
franchise:0.3205
imdb top 250:0.318
remake:0.31775
good soundtrack:0.311
sexy:0.3065
silly:0.299
unlikeable characters:0.2985
storytelling:0.2975
