comedy:0.9475
funny:0.91125
story:0.85025
christmas:0.848
hilarious:0.8415
goofy:0.83125
very funny:0.82725
original:0.81125
saturday night live:0.7165
small town:0.716
fun movie:0.71475
dialogue:0.705
god:0.681
predictable:0.6675
script:0.651
feel-good:0.65075
pg-13:0.64025
great ending:0.60575
so bad it's funny:0.59725
life philosophy:0.59125
sci fi:0.583
brothers:0.57825
good:0.5755
foul language:0.57425
good soundtrack:0.57275
destiny:0.5645
crude humor:0.53075
feel good movie:0.519
mentor:0.5025
great:0.499
clever:0.495
weird:0.4855
humorous:0.475
humor:0.46975
catastrophe:0.46975
family:0.469
storytelling:0.46825
redemption:0.465
chase:0.462
holiday:0.45475
stoner movie:0.45175
bank robbery:0.45
great movie:0.4495
fun:0.4425
off-beat comedy:0.439
parody:0.43525
nudity (full frontal - brief):0.4335
plot holes:0.432
cult film:0.4255
unfunny:0.4245
dumb:0.41925
quotable:0.41825
big budget:0.4155
funny as hell:0.41375
technology:0.4065
nudity (rear):0.3855
melancholic:0.3855
underrated:0.381
adaptation:0.37975
stereotypes:0.379
slapstick:0.37875
pornography:0.376
memory:0.374
brutality:0.3735
justice:0.37
silly fun:0.36825
bad:0.3645
entertaining:0.36375
first contact:0.3615
natural disaster:0.3545
quirky:0.35375
light:0.3485
special effects:0.34825
existentialism:0.348
interesting:0.34425
highly quotable:0.341
romantic:0.33975
lone hero:0.33875
life & death:0.335
silly:0.3345
good action:0.33275
not funny:0.332
heist:0.32975
unusual plot structure:0.32975
prison:0.3295
adapted from:book:0.32725
loneliness:0.3255
unlikely friendships:0.324
action:0.32075
nudity (topless - notable):0.3195
runaway:0.31725
plot:0.314
future:0.31375
doctors:0.3105
bad plot:0.31025
gunfight:0.30575
cult classic:0.30525
male nudity:0.302
fantasy world:0.3005
great dialogue:0.29975
