genocide:0.99375
documentary:0.95125
surreal:0.9295
disturbing:0.92025
brutality:0.888
history:0.876
criterion:0.82775
hard to watch:0.812
talky:0.80825
gangsters:0.80625
guilt:0.77
corruption:0.719
absurd:0.7185
original:0.7165
death:0.7155
insanity:0.70925
social commentary:0.70625
runaway:0.706
bleak:0.70425
narrated:0.704
hit men:0.69575
crime:0.67275
mob:0.6715
greed:0.66925
assassination:0.65425
surrealism:0.64825
murder:0.6435
intimate:0.64325
reflective:0.6405
bloody:0.63725
tragedy:0.634
oscar (best actress):0.63125
brutal:0.63075
artistic:0.62875
oscar (best directing):0.6205
pornography:0.6165
politics:0.5975
interesting:0.5815
gangster:0.574
golden palm:0.56425
obsession:0.56325
fascism:0.56225
violent:0.55725
honest:0.55475
communism:0.5535
grim:0.54975
assassin:0.545
ethnic conflict:0.5395
stylized:0.5335
historical:0.53025
breathtaking:0.52675
weird:0.52325
political:0.51875
vengeance:0.5185
factual:0.5025
storytelling:0.4985
violence:0.49675
harsh:0.49525
psychological:0.4925
organized crime:0.48975
suprisingly clever:0.48825
masterpiece:0.481
brainwashing:0.47925
enigmatic:0.47825
foreign:0.475
art:0.4745
complex:0.47375
oscar (best writing - screenplay written directly for the screen):0.47075
visceral:0.46725
atmospheric:0.46575
justice:0.4635
police investigation:0.46225
capitalism:0.45475
very interesting:0.45475
crime gone awry:0.4525
imdb top 250:0.446
culture clash:0.4445
dreamlike:0.4435
downbeat:0.44
good soundtrack:0.436
oscar (best supporting actress):0.43525
catastrophe:0.4305
psychology:0.427
forceful:0.4265
us history:0.422
political corruption:0.416
character study:0.415
idealism:0.415
humanity:0.4125
hitman:0.40925
redemption:0.3935
highly quotable:0.39025
surveillance:0.38875
manipulation:0.388
mental illness:0.388
rape:0.388
thought-provoking:0.38775
serial killer:0.383
secrets:0.3815
movielens top pick:0.3755
