comedy:0.9485
parody:0.8995
dumb but funny:0.895
lame:0.83925
stupid:0.83275
silly:0.8275
horrible:0.7805
so bad it's funny:0.7765
predictable:0.7435
humorous:0.73675
silly fun:0.7345
original:0.72625
crude humor:0.7065
idiotic:0.7015
mentor:0.70075
stupidity:0.6825
goofy:0.6585
unfunny:0.65125
spoof:0.59575
pointless:0.594
bad plot:0.58675
stupid as hell:0.5715
absurd:0.5385
funny:0.53125
pg-13:0.5235
humor:0.523
very funny:0.51325
awful:0.504
stereotypes:0.50275
hilarious:0.49775
slapstick:0.46825
disaster:0.4465
great ending:0.44575
fantasy world:0.43775
ridiculous:0.42525
fight scenes:0.42425
stoner movie:0.42125
bad:0.415
funny as hell:0.41075
dialogue:0.40525
family:0.40275
catastrophe:0.40075
bad acting:0.39925
overrated:0.3975
dumb:0.39625
franchise:0.395
computer animation:0.3715
saturday night live:0.37025
first contact:0.364
pornography:0.356
brutality:0.3505
teen movie:0.35025
satirical:0.34875
writers:0.3395
creativity:0.3375
shallow:0.33575
fun movie:0.33375
life philosophy:0.32875
adaptation:0.3145
storytelling:0.30825
better than expected:0.305
clever:0.3015
indians:0.2995
good:0.2985
melancholic:0.298
entirely dialogue:0.297
good soundtrack:0.29525
destiny:0.289
fun:0.282
weed:0.2785
redemption:0.2765
culture clash:0.26825
male nudity:0.267
bollywood:0.2665
nudity (full frontal - notable):0.265
lone hero:0.26475
vengeance:0.2635
runaway:0.26125
happy ending:0.26
great:0.25825
satire:0.25725
nudity (full frontal - brief):0.25375
story:0.25225
not funny:0.2505
boring:0.25
nudity (topless - notable):0.24925
remake:0.245
dreamlike:0.2445
surreal:0.24425
big budget:0.242
fantasy:0.241
cult film:0.24075
action:0.2385
sexy:0.2375
sexual:0.236
sports:0.236
product placement:0.2355
dysfunctional family:0.235
adventure:0.233
nocturnal:0.23275
