action:0.98225
hit men:0.95775
father son relationship:0.9385
good action:0.93175
mob:0.87775
fight scenes:0.863
vengeance:0.85775
hitman:0.8325
action packed:0.83225
revenge:0.82825
gangsters:0.81175
assassination:0.8115
gunfight:0.809
chase:0.7915
mafia:0.7885
assassin:0.7835
car chase:0.7625
fast paced:0.72275
pg-13:0.68525
plot:0.677
lone hero:0.668
redemption:0.66675
family bonds:0.66275
violent:0.65925
original:0.6475
predictable:0.60725
brutality:0.6005
family:0.5815
amazing photography:0.5785
mentor:0.5705
new york city:0.567
assassins:0.56375
crime:0.55975
gangster:0.53875
guns:0.51
dialogue:0.505
intense:0.494
thriller:0.49
gratuitous violence:0.48825
sacrifice:0.4875
betrayal:0.48175
corruption:0.472
parenthood:0.47175
cool:0.47025
survival:0.4665
great ending:0.46125
new york:0.45825
violence:0.44925
catastrophe:0.44375
story:0.4415
graphic design:0.43575
hunting:0.4295
good:0.4185
storytelling:0.41775
dark hero:0.417
murder:0.4145
weapons:0.413
islam:0.41225
unlikely friendships:0.41
not funny:0.40875
irish:0.40225
father-son relationship:0.40125
drama:0.401
dysfunctional family:0.387
great acting:0.37925
good soundtrack:0.3675
suspense:0.3655
twists & turns:0.362
kidnapping:0.35275
stylish:0.352
organized crime:0.35125
happy ending:0.351
runaway:0.3475
better than expected:0.346
family drama:0.3445
realistic action:0.343
single father:0.34125
culture clash:0.33525
superheroes:0.33125
natural disaster:0.325
franchise:0.322
entertaining:0.32025
classic car:0.3155
life philosophy:0.3145
so bad it's funny:0.31275
death:0.3115
gangs:0.3085
gritty:0.305
pornography:0.3025
explosions:0.30225
underrated:0.30225
great:0.298
crude humor:0.2975
justice:0.2945
neo-noir:0.2895
surveillance:0.288
friendship:0.28625
fantasy world:0.28575
vigilante:0.2845
unfunny:0.2815
