cartoon:0.9955
animation:0.97875
rabbits:0.97025
original:0.936
goofy:0.88675
computer animation:0.8555
classic:0.78975
comedy:0.78425
fun movie:0.779
murder:0.7745
private detective:0.76725
great:0.739
great movie:0.73475
animated:0.7185
clever:0.70725
humorous:0.688
crime:0.678
good:0.66825
action:0.6615
kids:0.6595
saturn award (best special effects):0.65475
alternate reality:0.6475
nostalgic:0.64475
story:0.6445
oscar (best effects - visual effects):0.63925
scary:0.62275
childhood:0.6105
family:0.606
fantasy:0.60075
dialogue:0.59575
surreal:0.5945
funny:0.5885
humor:0.585
cool:0.58225
noir thriller:0.5785
kids and family:0.57125
film noir:0.56875
highly quotable:0.5665
weird:0.56575
violence:0.56375
censorship:0.5535
detective:0.54875
oscar winner:0.54775
quotable:0.5475
dark hero:0.545
interesting:0.54375
witty:0.54225
narrated:0.536
dark fantasy:0.53
animals:0.5295
fun:0.524
good soundtrack:0.51775
great ending:0.51675
light:0.51575
special effects:0.50925
storytelling:0.50725
entertaining:0.5065
original plot:0.5035
talking animals:0.5025
adventure:0.49325
chase:0.493
gangsters:0.486
very funny:0.47275
allegory:0.47175
catastrophe:0.4715
nudity (full frontal - brief):0.47125
animal movie:0.47075
fantasy world:0.47025
imdb top 250:0.4675
corruption:0.46675
violent:0.46475
cult classic:0.45875
alter ego:0.45375
creativity:0.4525
hilarious:0.449
runaway:0.449
suspense:0.44675
superheroes:0.44625
whimsical:0.446
fast paced:0.44425
social commentary:0.444
talky:0.442
1980s:0.44175
plot twist:0.43975
greed:0.43875
redemption:0.438
sexy:0.43575
children:0.43075
honest:0.428
justice:0.42025
visual:0.42
adaptation:0.41975
great acting:0.4185
based on book:0.4135
disney:0.4105
cult film:0.40625
intense:0.40625
oscar (best picture):0.405
noir:0.40475
awesome soundtrack:0.4025
