powerful ending:0.9385
prison escape:0.92725
criterion:0.9165
vengeance:0.89325
1930s:0.87325
tense:0.86
mob:0.85575
small town:0.8475
forceful:0.84225
visceral:0.82775
talky:0.8105
dramatic:0.799
masterpiece:0.788
suspense:0.785
bleak:0.77
justice:0.76975
disturbing:0.7665
imdb top 250:0.75525
crime:0.7545
crime gone awry:0.753
grim:0.753
greed:0.74875
morality:0.7445
original:0.7445
great acting:0.74375
poignant:0.7395
moody:0.736
oscar (best directing):0.731
oscar (best actress):0.7255
oscar (best supporting actress):0.715
corruption:0.71125
guilt:0.70475
drama:0.70475
unusual plot structure:0.7015
psychology:0.69875
revenge:0.6955
downbeat:0.693
kidnapping:0.69075
runaway:0.689
enigmatic:0.689
storytelling:0.684
complex:0.67925
twists & turns:0.67725
vigilantism:0.6765
germany:0.66725
reflective:0.66675
censorship:0.6645
vigilante:0.6635
black and white:0.6595
classic:0.656
movielens top pick:0.65325
nazis:0.6475
lynch:0.635
golden palm:0.6265
police investigation:0.61625
german:0.6135
silent:0.60675
earnest:0.60625
interesting:0.60175
film noir:0.60025
atmospheric:0.5995
psychological:0.59925
courtroom:0.5965
harsh:0.5925
based on a play:0.59175
stylized:0.59125
brutality:0.58825
cinematography:0.58075
courtroom drama:0.57825
gritty:0.5625
murder:0.56125
violence:0.56125
tragedy:0.55975
propaganda:0.558
clever:0.55725
ethnic conflict:0.54825
cerebral:0.54625
redemption:0.54475
cynical:0.543
character study:0.54125
investigation:0.53825
prejudice:0.53425
allegory:0.534
intense:0.52775
paranoid:0.52775
obsession:0.5235
thought-provoking:0.50975
idealism:0.5075
great:0.504
culture clash:0.50325
light:0.5015
very interesting:0.49975
sacrifice:0.4975
violent:0.48675
controversial:0.483
politics:0.48125
nazi:0.47825
creepy:0.47375
assassination:0.47175
dark:0.46475
