pornography:0.898
off-beat comedy:0.8715
mental illness:0.8665
drama:0.8405
original:0.83775
comedy:0.75825
complex:0.74
weed:0.7315
nudity (topless):0.715
nudity (topless - notable):0.70125
alter ego:0.62825
predictable:0.62825
life & death:0.6175
unlikely friendships:0.605
great ending:0.59975
manipulation:0.59825
weird:0.58175
psychology:0.57225
dysfunctional family:0.56625
stoner movie:0.55275
chase:0.552
mentor:0.549
nerds:0.53825
eccentricity:0.53225
amy smart:0.5155
quirky:0.513
nudity (full frontal - brief):0.50525
family:0.50325
story:0.49825
complex characters:0.4845
family drama:0.48325
so bad it's funny:0.4805
road trip:0.4785
distopia:0.475
suicide attempt:0.46175
unfunny:0.453
bad ending:0.452
drinking:0.44475
suspense:0.43575
black comedy:0.43225
nudity (full frontal):0.43175
superheroes:0.4315
pointless:0.42825
friendship:0.42725
insanity:0.41975
melancholic:0.416
survival:0.412
non-hollywood ending:0.406
indie:0.401
runaway:0.4
teens:0.39825
underrated:0.39275
psychological:0.38525
loneliness:0.38525
very funny:0.38475
existentialism:0.38175
big budget:0.38075
catastrophe:0.38075
dark humor:0.37825
twists & turns:0.3775
fun movie:0.377
psychiatry:0.37475
harsh:0.3745
funny:0.37025
sexualized violence:0.369
lone hero:0.366
childhood:0.36275
dialogue:0.36125
life:0.36075
clever:0.35475
light:0.35
fantasy world:0.347
visceral:0.342
dark hero:0.341
wilderness:0.3385
first contact:0.33775
stylized:0.3305
vengeance:0.329
police investigation:0.32825
future:0.3275
guilt:0.32725
grindhouse:0.32675
betrayal:0.32575
directorial debut:0.3255
author:alan moore:0.32525
crude humor:0.32
surreal:0.31725
storytelling:0.3115
coming of age:0.3115
fight scenes:0.311
80s:0.30925
censorship:0.30925
intense:0.30825
disappointing:0.30825
solitude:0.30825
bad plot:0.30825
comics:0.306
redemption:0.3055
parenthood:0.30375
life philosophy:0.30225
