childhood:0.95425
secrets:0.94975
coming of age:0.86625
adolescence:0.8445
psychological:0.81825
bullying:0.81475
mentor:0.795
cinematography:0.79325
coming-of-age:0.78575
visually appealing:0.78
small town:0.7785
storytelling:0.75175
social commentary:0.73925
dark:0.734
criterion:0.73125
psychology:0.72575
original:0.72175
kidnapping:0.71075
based on a book:0.70825
golden palm:0.70575
enigmatic:0.702
italy:0.7015
mystery:0.68875
oscar (best foreign language film):0.684
runaway:0.6725
imdb top 250:0.67175
children:0.662
great ending:0.66025
good soundtrack:0.65625
great acting:0.656
twists & turns:0.65175
complex:0.65
visual:0.64625
dramatic:0.64425
intimate:0.626
talky:0.62575
cerebral:0.623
crime:0.61775
intense:0.6175
thriller:0.61025
culture clash:0.6095
atmospheric:0.60475
oscar (best directing):0.5865
good acting:0.578
idealism:0.577
suspense:0.5765
weird:0.57625
unusual plot structure:0.57425
beautifully filmed:0.56775
exceptional acting:0.56325
powerful ending:0.5595
realistic:0.559
dialogue:0.55675
visually stunning:0.55475
gangsters:0.55075
melancholic:0.55
stylized:0.5485
tense:0.54775
story:0.54775
imagination:0.54575
allegory:0.54375
downbeat:0.542
fantasy world:0.537
harsh:0.53475
interesting:0.534
bleak:0.53275
emotional:0.52725
brutality:0.5235
reflective:0.523
vengeance:0.52275
police investigation:0.52275
breathtaking:0.5225
drama:0.51925
redemption:0.5145
unlikely friendships:0.51425
disturbing:0.514
movielens top pick:0.514
twist ending:0.51075
suprisingly clever:0.50975
amazing photography:0.509
sexualized violence:0.50725
oscar (best actress):0.5055
life & death:0.50225
great:0.50225
forceful:0.50025
pornography:0.49925
moral ambiguity:0.49375
excellent:0.49225
melancholy:0.492
innocence lost:0.48975
classical music:0.488
good:0.48475
tragedy:0.47725
excellent script:0.47675
existentialism:0.476
very good:0.4745
colourful:0.47325
violence:0.47325
classic car:0.4705
photography:0.46625
