criterion:0.965
black and white:0.9645
talky:0.94125
bleak:0.92475
imdb top 250:0.922
cinematography:0.90525
film noir:0.88875
great acting:0.86825
noir:0.85275
gunfight:0.85225
dialogue:0.84975
classic:0.84975
tense:0.8495
greed:0.8435
character study:0.836
atmospheric:0.8165
nocturnal:0.792
quotable:0.79175
cynical:0.78875
great dialogue:0.78425
corruption:0.784
downbeat:0.776
obsession:0.771
relationships:0.76825
original:0.76825
manipulation:0.76725
oscar (best actress):0.75975
oscar (best directing):0.752
enigmatic:0.7515
golden palm:0.7425
new york:0.732
grim:0.72325
cerebral:0.71625
biting:0.7125
twists & turns:0.7075
photography:0.69625
interesting:0.69525
mentor:0.6925
witty:0.6915
oscar (best supporting actress):0.68875
jazz:0.6805
gritty:0.68025
loneliness:0.67975
runaway:0.679
great cinematography:0.67875
betrayal:0.6675
melancholy:0.66475
crime gone awry:0.663
stylish:0.6615
exceptional acting:0.658
social commentary:0.6535
harsh:0.6505
entirely dialogue:0.63975
intimate:0.6385
cult classic:0.6355
gangsters:0.627
forceful:0.62525
melancholic:0.6165
drama:0.6145
drinking:0.61025
morality:0.60625
masterpiece:0.60625
marijuana:0.60425
gangster:0.59925
complex:0.59625
new york city:0.59575
sexy:0.59425
affectionate:0.5875
stylized:0.5855
highly quotable:0.57975
brutality:0.562
dark:0.55625
great ending:0.54925
ironic:0.542
reflective:0.54025
sisters:0.533
narrated:0.532
movielens top pick:0.52775
meditative:0.525
culture clash:0.52275
moody:0.52175
unusual plot structure:0.5205
good soundtrack:0.519
great:0.5145
con men:0.51175
sarcasm:0.50575
tragedy:0.50475
journalism:0.50075
complex characters:0.50075
paranoid:0.49775
light:0.495
adaptation:0.4845
anti-hero:0.482
based on a play:0.481
1950s:0.4805
dark humor:0.478
oscar (best writing - screenplay written directly for the screen):0.4775
clever:0.476
honest:0.47375
very interesting:0.46575
