vigilante:0.99425
batman:0.9875
anime:0.90975
animation:0.9005
super hero:0.8965
superhero:0.8965
super-hero:0.8915
franchise:0.8805
vigilantism:0.856
alter ego:0.82675
superheroes:0.80025
dark hero:0.7945
dark:0.793
mentor:0.77775
action:0.77625
dc comics:0.77275
storytelling:0.7615
pg-13:0.747
story:0.74125
vengeance:0.738
fight scenes:0.729
comic book:0.69325
nocturnal:0.68525
visually stunning:0.68425
original:0.68125
visual:0.67875
comics:0.64475
stylized:0.641
graphic novel:0.6375
too short:0.62125
animated:0.6135
creativity:0.61075
crime:0.60925
anti-hero:0.59075
macabre:0.5825
very interesting:0.56475
great ending:0.545
series:0.53475
violence:0.534
japan:0.5215
comic book adaption:0.5105
revenge:0.50975
action packed:0.49575
brutality:0.493
transformation:0.4895
stylish:0.48575
weird:0.48425
gunfight:0.48
dialogue:0.47575
good:0.4695
corruption:0.46675
adaptation:0.46475
technology:0.46325
melancholic:0.43225
japanese:0.43
atmospheric:0.42975
good soundtrack:0.42675
visually appealing:0.4245
violent:0.4235
mythology:0.4195
great:0.41775
cool:0.41725
pornography:0.41325
justice:0.40425
catastrophe:0.403
sacrifice:0.39225
complex:0.39225
artistic:0.3905
tokyo:0.38975
weapons:0.3875
fighting:0.387
fantasy world:0.3835
plot:0.3775
samurai:0.37425
quotable:0.374
cyborgs:0.374
classic car:0.37375
unusual plot structure:0.372
not funny:0.36775
destiny:0.36725
giant robots:0.36275
movielens top pick:0.361
gangs:0.35775
runaway:0.3575
reflective:0.354
culture clash:0.34875
social commentary:0.3475
criterion:0.34025
assassin:0.33875
assassination:0.335
childhood:0.33425
stop motion:0.33225
harsh:0.332
insanity:0.32825
best of 2005:0.328
enigmatic:0.3215
writers:0.3165
interesting:0.31575
suprisingly clever:0.31525
visuals:0.314
