predictable:0.84575
disney:0.82025
music:0.77925
original:0.7715
family:0.75475
so bad it's funny:0.7225
talking animals:0.71675
fun movie:0.71625
musical:0.705
animals:0.644
kids and family:0.6265
natural disaster:0.613
kids:0.594
bad plot:0.57775
silly:0.56825
cute!:0.55
stupid as hell:0.54575
silly fun:0.54575
fun:0.52875
dancing:0.5285
mentor:0.52525
children:0.521
lame:0.52
catastrophe:0.5015
entertaining:0.493
redemption:0.48875
dialogue:0.48125
good soundtrack:0.48125
great music:0.47975
stupid:0.479
humorous:0.47225
slapstick:0.46825
good music:0.46375
great ending:0.45575
awful:0.441
stereotypes:0.437
musicians:0.43025
overrated:0.42275
great:0.42225
bad cgi:0.41375
boring:0.41375
fantasy world:0.4045
adoption:0.40225
story:0.4015
cute:0.3915
horrible:0.37975
fight scenes:0.379
simple:0.37675
cheerleading:0.36675
adaptation:0.36375
multiple storylines:0.36275
goofy:0.3615
storytelling:0.35625
destiny:0.3545
brutality:0.3525
disaster:0.3525
first contact:0.35175
stupidity:0.3505
suspense:0.34675
chase:0.3465
unfunny:0.34575
existentialism:0.339
entirely dialogue:0.334
very funny:0.333
bad:0.32775
lone hero:0.32725
big budget:0.327
action:0.3245
adventure:0.31775
not funny:0.317
internet:0.31625
culture clash:0.31475
crude humor:0.3125
too long:0.312
cult film:0.3115
greed:0.311
ninja:0.30425
heartwarming:0.303
life philosophy:0.30125
dumb but funny:0.299
camp:0.2975
death:0.293
happy ending:0.288
cartoon:0.28725
pointless:0.285
runaway:0.28475
franchise:0.28425
shallow:0.28275
boring!:0.279
writers:0.271
pulp:0.271
action packed:0.26975
bad acting:0.2695
good:0.2695
quirky:0.2695
weird:0.26525
vengeance:0.26375
nocturnal:0.2625
crappy sequel:0.26175
pornography:0.2615
