horror:0.9815
werewolves:0.95425
vampire:0.95075
vampires:0.94525
monsters:0.9005
macabre:0.8575
monster:0.849
creepy:0.83425
cult classic:0.81325
werewolf:0.8075
weird:0.7425
cult film:0.715
grindhouse:0.715
gothic:0.715
campy:0.70825
gory:0.70225
nocturnal:0.68525
splatter:0.676
blood:0.66375
original:0.64175
cult:0.63475
zombie:0.63475
scary:0.6265
camp:0.62525
goretastic:0.6105
atmospheric:0.589
low budget:0.584
nudity (topless - notable):0.56825
mad scientist:0.56575
teens:0.56025
dark fantasy:0.5555
goth:0.53725
demons:0.53425
gruesome:0.52675
dark humor:0.52525
fun movie:0.5085
bloody:0.50725
writers:0.49625
satirical:0.48425
strange:0.4735
melancholic:0.47125
great ending:0.47
life & death:0.4685
vengeance:0.4665
torture:0.4645
twist ending:0.458
silly:0.45725
80s:0.4565
story:0.45575
storytelling:0.4365
supernatural:0.4305
transformation:0.4305
good soundtrack:0.4265
mentor:0.426
nudity (topless):0.42425
brothers:0.41575
narrated:0.41025
visceral:0.409
entertaining:0.40375
solitude:0.39525
halloween:0.38575
sexualized violence:0.38525
catastrophe:0.385
so bad it's funny:0.37975
great:0.37875
parody:0.377
dialogue:0.374
haunted house:0.3725
ghosts/afterlife:0.3725
underrated:0.37125
awesome soundtrack:0.359
fantasy world:0.35725
brutality:0.35275
eerie:0.3525
not funny:0.35075
dark:0.34525
black comedy:0.34475
teen movie:0.341
multiple storylines:0.34075
existentialism:0.33825
enigmatic:0.33775
stylized:0.33675
lone hero:0.3325
adaptation:0.3325
suspenseful:0.313
predictable:0.30825
violence:0.30775
grim:0.307
slasher:0.30575
small town:0.3055
bizarre:0.30325
dreamlike:0.302
wilderness:0.3015
music:0.301
classic car:0.3005
suspense:0.29775
graphic novel:0.2975
nudity (topless - brief):0.2935
bad ending:0.29125
fight scenes:0.2875
