romantic:0.98725
love story:0.98625
chick flick:0.98225
romantic comedy:0.97825
romance:0.97225
happy ending:0.839
sweet:0.81625
feel-good:0.76275
destiny:0.7395
sappy:0.72225
relationships:0.6995
beautiful scenery:0.64625
feel good movie:0.64625
girlie movie:0.643
original:0.6095
dialogue:0.58925
good soundtrack:0.55475
good romantic comedies:0.54325
predictable:0.53575
love:0.535
catastrophe:0.51575
light:0.5065
touching:0.5055
criterion:0.50025
tear jerker:0.487
great:0.471
cute!:0.44625
drama:0.445
sexy:0.4405
mentor:0.44025
natural disaster:0.43775
life philosophy:0.4365
story:0.43425
sentimental:0.43175
bittersweet:0.405
great ending:0.389
cute:0.38575
marriage:0.3825
chase:0.37925
big budget:0.37875
interracial romance:0.37725
shopping:0.37375
good:0.36525
good acting:0.36375
entirely dialogue:0.34225
fun movie:0.33975
not funny:0.33475
shallow:0.328
wedding:0.328
cinematography:0.32725
wine:0.3205
divorce:0.3205
passionate:0.31375
first contact:0.31125
fantasy world:0.30875
vengeance:0.30725
transformation:0.30125
great acting:0.299
action:0.296
pg-13:0.2925
women:0.29225
lone hero:0.282
storytelling:0.27975
christian:0.2765
culture clash:0.273
stereotypes:0.272
childhood:0.272
brutality:0.2665
beautiful:0.26575
runaway:0.265
internet:0.26025
betrayal:0.2575
script:0.25725
bad plot:0.257
excellent:0.25425
adaptation:0.25325
family:0.247
secrets:0.24525
suprisingly clever:0.2435
better than expected:0.24275
melancholic:0.242
scenic:0.24175
writers:0.23275
unfunny:0.23125
island:0.228
good action:0.227
unlikely friendships:0.2235
courage:0.2235
police investigation:0.2195
fun:0.21675
bad ending:0.2155
so bad it's funny:0.21525
teen movie:0.2145
inspirational:0.214
sacrifice:0.21375
nudity (full frontal - brief):0.2125
special effects:0.212
very good:0.211
revenge:0.211
plot:0.207
