samurai:0.98475
japan:0.9805
sword fight:0.9755
sword fighting:0.95725
stylized:0.93975
stylish:0.91475
martial arts:0.8965
music:0.8715
storytelling:0.8515
good music:0.81325
hip hop:0.80525
kurosawa:0.805
good soundtrack:0.8005
rock and roll:0.79325
vengeance:0.78725
colourful:0.77325
cinematography:0.764
revenge:0.7425
fight scenes:0.73325
unusual plot structure:0.7305
great soundtrack:0.71125
musicians:0.701
japanese:0.69675
original:0.692
criterion:0.68575
cool:0.6815
awesome soundtrack:0.66425
visually appealing:0.65775
social commentary:0.651
brutality:0.6495
black and white:0.62725
family drama:0.60025
stunning:0.58975
tokyo:0.5855
parody:0.572
weird:0.57175
fast paced:0.56525
harsh:0.56275
mentor:0.5605
solitude:0.55925
visual:0.55425
dialogue:0.54675
bloody:0.546
dance:0.53575
suprisingly clever:0.52725
story:0.52375
visually stunning:0.519
dramatic:0.5175
culture clash:0.51275
light:0.51225
adoption:0.51175
pornography:0.50325
allegory:0.4995
intimate:0.49525
secrets:0.493
grindhouse:0.48225
childhood:0.479
male nudity:0.476
great:0.47575
greed:0.47425
so bad it's funny:0.47
drinking:0.46
great cinematography:0.45875
beautifully filmed:0.45725
narrated:0.452
great ending:0.45025
bleak:0.4445
drama:0.44375
ninja:0.44275
classic car:0.43375
golden palm:0.43
gory:0.42925
quirky:0.429
violence:0.4245
fantasy world:0.4215
visceral:0.41525
gangsters:0.411
destiny:0.41075
assassin:0.41
off-beat comedy:0.407
independent film:0.40525
creativity:0.40425
melancholic:0.40375
musical:0.401
father daughter relationship:0.40075
movielens top pick:0.38925
kung fu:0.3885
catastrophe:0.38775
entirely dialogue:0.387
redemption:0.382
amazing photography:0.3805
irreverent:0.37375
scenic:0.36725
fighting:0.36525
bollywood:0.364
dark hero:0.36375
idealism:0.36275
transformation:0.3625
talky:0.358
atmospheric:0.35575
