action:0.9855
martial arts:0.9665
good action:0.96625
action packed:0.8755
chase:0.8665
fight scenes:0.8585
gunfight:0.819
hunting:0.8065
new orleans:0.8035
homeless:0.794
explosions:0.76925
snakes:0.69375
violence:0.68625
original:0.67325
vengeance:0.6425
ninja:0.63525
lone hero:0.61025
guns:0.58175
motorcycle:0.572
fighting:0.567
hong kong:0.5595
mentor:0.542
fast paced:0.50975
weapons:0.50425
bad plot:0.502
car chase:0.5
arnold:0.48525
great ending:0.46125
predictable:0.449
runaway:0.43825
big budget:0.43375
violent:0.42675
revenge:0.4205
dialogue:0.40775
stylish:0.3985
great:0.39375
powerful ending:0.39075
catastrophe:0.3895
gratuitous violence:0.38025
cool:0.37875
pulp:0.36875
stylized:0.36325
destiny:0.35775
not funny:0.34225
story:0.34
so bad it's funny:0.3385
good:0.3375
death:0.33125
brutality:0.323
overrated:0.3225
bad acting:0.32125
first contact:0.30675
storytelling:0.30275
adventure:0.297
pornography:0.295
fun:0.293
nudity (topless - notable):0.293
entertaining:0.28925
good soundtrack:0.283
fun movie:0.28275
bloody:0.27775
suspense:0.275
realistic action:0.27075
nudity (full frontal - brief):0.2685
kung fu:0.26525
family:0.26375
adaptation:0.26325
redemption:0.25975
guilty pleasure:0.2585
entirely dialogue:0.257
culture clash:0.2555
unfunny:0.2535
hitman:0.2535
pg-13:0.25225
ridiculous:0.25075
absurd:0.2505
life philosophy:0.24875
exciting:0.246
classic car:0.2445
fantasy world:0.244
corruption:0.2435
quirky:0.24075
good dialogue:0.2385
bad:0.2375
cyborgs:0.2375
beautiful scenery:0.234
arms dealer:0.23325
censorship:0.231
adapted from:book:0.23075
80s:0.22975
thriller:0.22775
writers:0.226
justice:0.226
silly:0.22525
childhood:0.225
great acting:0.224
imdb top 250:0.221
grindhouse:0.22025
stereotypes:0.22
franchise:0.2175
