based on a book:0.9935
dystopia:0.98075
post-apocalyptic:0.8885
based on book:0.864
trilogy:0.8635
futuristic:0.86
teen movie:0.8465
series:0.80475
teen:0.8
books:0.7655
adapted from:book:0.76325
maze:0.75125
franchise:0.7
adaptation:0.69925
segregation:0.67975
pg-13:0.654
so bad it's funny:0.63525
original:0.6305
utopia:0.61525
alternate reality:0.6045
special effects:0.601
sci fi:0.5945
post apocalyptic:0.59275
book was better:0.58325
bad cgi:0.56825
book:0.56675
survival:0.5585
sci-fi:0.5555
genetics:0.5545
surveillance:0.55375
future:0.5515
predictable:0.54375
sacrifice:0.54225
distopia:0.5365
horrible:0.50725
dialogue:0.50675
action:0.50425
catastrophe:0.499
cyberpunk:0.4965
science fiction:0.4905
mentor:0.48975
brainwashing:0.47175
visual:0.46925
technology:0.469
amazing cinematography:0.467
manipulation:0.46175
bad acting:0.45375
revolution:0.44075
plot holes:0.429
action packed:0.42675
vampire human love:0.42025
women:0.40925
sequel:0.409
first contact:0.3995
great ending:0.39825
scifi:0.38425
bad ending:0.38125
not funny:0.3695
good soundtrack:0.363
good action:0.359
life philosophy:0.35675
weird:0.35125
writers:0.3425
dystopic future:0.34125
better than expected:0.337
immortality:0.331
silly:0.32325
rebellion:0.319
natural disaster:0.3135
lone hero:0.31325
fun movie:0.31175
story:0.31125
male nudity:0.309
culture clash:0.3085
original plot:0.2975
bad plot:0.2955
campy:0.29525
betrayal:0.292
fight scenes:0.2855
parallel universe:0.28325
alternate universe:0.28325
greed:0.2815
creativity:0.276
existentialism:0.2755
bdsm:0.273
disappointing:0.271
pornography:0.267
good sequel:0.26525
complex:0.26375
destiny:0.26275
adventure:0.26
reality tv:0.25725
fashion:0.25625
runaway:0.25575
justice:0.2555
weapons:0.252
brutality:0.25025
entirely dialogue:0.2485
visually appealing:0.24425
good:0.24175
