cerebral:0.97
insanity:0.96575
hallucinatory:0.9585
spiders:0.95575
mental illness:0.949
psychology:0.9465
psychological:0.93675
enigmatic:0.9305
complex:0.9205
schizophrenia:0.911
weird:0.904
storytelling:0.899
psychiatry:0.89
bleak:0.87875
melancholic:0.8585
original:0.83725
childhood:0.81325
mindfuck:0.806
obsession:0.8045
character study:0.80175
dark:0.799
based on a book:0.7965
grim:0.79125
great ending:0.776
memory:0.769
art house:0.7685
paranoid:0.7655
secrets:0.75775
loneliness:0.755
non-linear:0.7455
disturbing:0.7455
surreal:0.745
imagination:0.7425
creepy:0.736
existentialism:0.7315
visually appealing:0.7285
cinematography:0.728
twist:0.711
story:0.701
identity:0.6985
paranoia:0.6985
artsy:0.697
visceral:0.69025
great acting:0.687
strange:0.68675
narrated:0.6815
very interesting:0.679
interesting:0.676
visual:0.675
visually stunning:0.668
claustrophobic:0.66275
slow paced:0.66075
intellectual:0.6565
twist ending:0.654
tense:0.65
solitude:0.64925
harsh:0.6445
dreamlike:0.643
dialogue:0.63825
lynch:0.6355
intimate:0.6315
brutality:0.6275
creativity:0.6265
life & death:0.6225
twists & turns:0.62
police investigation:0.619
murder:0.6185
nonlinear:0.6165
meditative:0.6115
guilt:0.6105
manipulation:0.607
melancholy:0.60675
suspense:0.602
social commentary:0.59925
confusing:0.595
adaptation:0.59425
intelligent:0.59275
criterion:0.591
macabre:0.58925
slow:0.58525
pornography:0.57725
violent:0.577
reflective:0.577
good soundtrack:0.57475
flashbacks:0.57
masterpiece:0.56925
surrealism:0.56525
atmospheric:0.5645
golden palm:0.56075
mystery:0.55875
plot:0.5565
breathtaking:0.55425
stylized:0.54825
redemption:0.5425
thought-provoking:0.5385
ominous:0.53825
understated:0.5355
tricky:0.52875
intense:0.52775
isolation:0.5265
