zombies:0.984
social commentary:0.9595
zombie:0.955
dark humor:0.9455
splatter:0.92225
satire:0.91825
race issues:0.89425
cult classic:0.8895
apocalypse:0.87925
satirical:0.86825
original:0.8235
cult film:0.8075
comedy:0.76
family drama:0.6865
gory:0.6845
violence:0.65375
alternate history:0.61375
suburbia:0.6045
post-apocalyptic:0.58825
macabre:0.58175
affectionate:0.58
black comedy:0.5745
good soundtrack:0.57
witty:0.5685
brutality:0.56675
dark comedy:0.55425
small town:0.54625
life & death:0.54575
parody:0.53225
weird:0.53125
grindhouse:0.527
blood:0.51875
1950s:0.5175
violent:0.5165
stylized:0.51525
great:0.5145
light:0.507
carrie-anne moss:0.5025
humorous:0.499
storytelling:0.4985
virus:0.497
funny:0.49275
allegory:0.49175
horror:0.48425
bloody:0.48125
transformation:0.472
very funny:0.46625
great ending:0.465
life philosophy:0.45275
prejudice:0.4505
great acting:0.44775
catastrophe:0.445
original plot:0.44425
gore:0.4435
story:0.4365
paranoia:0.4355
dialogue:0.4265
clever:0.4255
culture clash:0.42
slavery:0.417
mentor:0.416
criterion:0.41575
alternate reality:0.41525
atmospheric:0.4135
low budget:0.409
quirky:0.4065
afi 100 (movie quotes):0.406
humor:0.405
loneliness:0.40425
family:0.3985
great movie:0.3945
cannibalism:0.3915
survival:0.3915
visceral:0.39125
narrated:0.38925
sexualized violence:0.3875
cinematography:0.38375
reflective:0.3805
visually appealing:0.378
intense:0.3735
nostalgic:0.3695
goofy:0.3685
pg-13:0.36725
feel-good:0.3645
imdb top 250:0.35625
dysfunctional family:0.356
dark hero:0.35525
ironic:0.35475
classic car:0.354
harsh:0.35175
demons:0.3515
stereotypes:0.34825
excellent script:0.34775
runaway:0.3465
honest:0.3385
creepy:0.33775
greed:0.3375
cult:0.336
irreverent:0.3335
post apocalyptic:0.33125
