love:0.996
multiple storylines:0.97925
relationships:0.9785
romantic:0.9575
romantic comedy:0.9465
love story:0.94275
feel good movie:0.92475
feel-good:0.92375
happy ending:0.9235
british:0.91225
girlie movie:0.89825
london:0.89075
chick flick:0.8735
england:0.84575
romance:0.796
ensemble cast:0.77575
british comedy:0.77325
sweet:0.7595
destiny:0.74225
infidelity:0.74125
christmas:0.74
adultery:0.73875
cute:0.712
witty:0.70675
good romantic comedies:0.69925
good soundtrack:0.695
comedy:0.68325
pg-13:0.682
original:0.6775
great ending:0.67025
betrayal:0.659
good:0.65525
beautiful scenery:0.638
sappy:0.63675
funny:0.6295
excellent script:0.62725
sentimental:0.62025
family:0.6095
heartwarming:0.60675
light:0.6015
clever:0.5995
pornography:0.594
president:0.592
nudity (topless - notable):0.57525
dialogue:0.5505
great:0.5465
touching:0.5455
plot:0.53075
fun movie:0.52925
catastrophe:0.5285
great acting:0.52775
great soundtrack:0.526
fun:0.525
bittersweet:0.52075
life philosophy:0.5105
culture clash:0.504
passionate:0.4905
good acting:0.482
wedding:0.48175
quirky:0.47875
sacrifice:0.474
women:0.4695
cute!:0.46675
marriage:0.45725
story:0.45575
guilty pleasure:0.44825
cheating:0.44425
entertaining:0.44375
honest:0.43825
mentor:0.4365
holiday:0.436
shallow:0.435
airport:0.4335
loneliness:0.43325
directorial debut:0.42775
melancholic:0.427
very funny:0.426
better than expected:0.419
interesting:0.41775
obsession:0.417
idealism:0.41525
prejudice:0.41325
drama:0.4085
narrated:0.40625
whimsical:0.40525
storytelling:0.39925
entirely dialogue:0.39925
predictable:0.3945
graphic design:0.393
affectionate:0.39275
stereotypes:0.38025
great movie:0.37025
awesome soundtrack:0.36975
runaway:0.36575
not funny:0.36525
very good:0.35625
unrealistic:0.3465
silly:0.3465
beautifully filmed:0.344
chase:0.34375
