military:0.99225
surveillance:0.9785
terrorism:0.9625
tense:0.95575
political:0.942
islam:0.93575
politics:0.93075
bombs:0.9245
weapons:0.921
intense:0.90075
suspense:0.89275
moral ambiguity:0.87975
war:0.8745
brainwashing:0.872
wartime:0.867
spying:0.864
thriller:0.857
morality:0.85425
propaganda:0.8005
dramatic:0.7925
original:0.7855
espionage:0.76925
drama:0.7515
manipulation:0.7485
thought-provoking:0.74525
war movie:0.743
sacrifice:0.73225
good:0.72975
plot:0.72925
realistic:0.7205
spy:0.72025
suspenseful:0.7135
interesting:0.7115
secrets:0.7095
iraq:0.707
technology:0.70625
pg-13:0.706
runaway:0.706
africa:0.705
courage:0.696
good acting:0.686
powerful ending:0.685
mentor:0.67275
dialogue:0.67125
assassination:0.65525
great ending:0.65225
sad but good:0.64975
forceful:0.61225
survival:0.612
corruption:0.6085
death:0.60825
best war films:0.5975
violence:0.59525
social commentary:0.59325
complex:0.5885
ensemble cast:0.57575
catastrophe:0.57075
chase:0.56775
excellent:0.56675
action:0.5655
justice:0.564
happy ending:0.56175
unlikely friendships:0.55875
feel-good:0.55175
torture:0.54875
conspiracy:0.547
fast paced:0.5465
excellent script:0.5385
story:0.535
spies:0.5345
british:0.53175
twists & turns:0.53
culture clash:0.52575
suicide:0.52325
lawyer:0.52
idealism:0.51
emotional:0.507
iraq war:0.506
brutality:0.49725
feel good movie:0.496
oscar winner:0.496
ethnic conflict:0.49275
revenge:0.4885
anti-war:0.48525
lawyers:0.47875
honest:0.47775
tragedy:0.46975
complicated:0.46125
visually appealing:0.46125
girlie movie:0.4585
friendship:0.458
family:0.45625
oscar:0.4545
great:0.452
murder:0.44875
assassins:0.4485
betrayal:0.444
harsh:0.44075
not funny:0.43675
fascism:0.43625
