oscar (best actor):0.978
great acting:0.95375
blindness:0.93825
drama:0.9255
good acting:0.91425
disability:0.90825
mentor:0.90725
coming of age:0.88475
friendship:0.8615
dramatic:0.8515
oscar:0.84575
school:0.8405
oscar (best actress):0.82625
intense:0.82375
oscar winner:0.78875
oscar (best directing):0.7865
destiny:0.774
great movie:0.76425
good:0.764
original:0.764
excellent script:0.7605
great ending:0.76025
exceptional acting:0.75775
unlikely friendships:0.7445
loneliness:0.74275
new york city:0.73325
storytelling:0.71525
bittersweet:0.70775
interesting:0.7035
sentimental:0.699
dialogue:0.6985
plot:0.6965
story:0.69175
feel-good:0.6765
oscar (best supporting actress):0.6745
drinking:0.67425
excellent:0.6575
redemption:0.65275
corruption:0.652
touching:0.6455
life & death:0.64475
great:0.64425
courage:0.642
oscar (best picture):0.63125
happy ending:0.62925
feel good movie:0.62625
courtroom:0.62375
good soundtrack:0.61625
oscar (best supporting actor):0.61225
justice:0.61225
imdb top 250:0.608
melancholic:0.601
gangsters:0.59925
childhood:0.596
pg-13:0.5915
suprisingly clever:0.5725
runaway:0.5705
compassionate:0.56375
vengeance:0.53925
life philosophy:0.5375
character study:0.53175
twists & turns:0.52875
life:0.52
new york:0.51975
clever:0.518
poignant:0.517
relationships:0.51525
emotional:0.50925
earnest:0.5065
quotable:0.5005
complex characters:0.50025
suspense:0.49725
social commentary:0.494
depression:0.49375
transformation:0.49275
revenge:0.4925
betrayal:0.49175
realistic:0.4905
honest:0.48775
talky:0.48
greed:0.47225
heartwarming:0.47
guilt:0.4685
suicide:0.465
complex:0.46475
enigmatic:0.46075
secrets:0.45925
morality:0.459
criterion:0.45825
powerful ending:0.451
psychological:0.44725
sad:0.44575
solitude:0.44475
culture clash:0.43975
military:0.4395
classic car:0.435
atmospheric:0.43375
gangster:0.43175
catastrophe:0.43125
unusual plot structure:0.43025
