based on a book:0.97625
adapted from:book:0.95725
horrible:0.87875
dr. seuss:0.8685
children:0.84575
silly fun:0.80125
original:0.79325
so bad it's funny:0.7825
adaptation:0.7715
predictable:0.771
silly:0.7395
family:0.714
based on book:0.7015
lame:0.6935
kids:0.6905
pointless:0.68875
bad plot:0.68475
stupid as hell:0.6735
humorous:0.66575
idiotic:0.66025
books:0.634
whimsical:0.61425
stupid:0.59475
overrated:0.5635
kids and family:0.55975
crude humor:0.5555
awful:0.55275
fantasy world:0.5505
writers:0.5455
product placement:0.51825
fantasy:0.50925
goofy:0.5085
book:0.49375
weird:0.49175
bad:0.48975
disaster:0.4855
fun:0.485
unfunny:0.4835
book was better:0.47275
mentor:0.4705
bad acting:0.4695
dialogue:0.46525
special effects:0.46325
story:0.443
great ending:0.4295
very funny:0.429
pg-13:0.42225
brutality:0.41475
catastrophe:0.41125
big budget:0.41
fun movie:0.40775
fish:0.40175
slapstick:0.40125
foul language:0.4005
first contact:0.3955
justice:0.39025
shallow:0.38575
remake:0.3835
greed:0.37575
fight scenes:0.37425
storytelling:0.3635
dreamlike:0.3615
destiny:0.35625
bad cgi:0.3555
stupidity:0.354
life philosophy:0.35275
queer:0.34975
camp:0.3455
good:0.34475
childhood:0.3435
franchise:0.34225
surreal:0.341
action:0.336
redemption:0.32925
melancholic:0.328
adventure:0.3265
boring:0.3245
visual:0.3195
entirely dialogue:0.31875
runaway:0.31875
comedy:0.3175
funny:0.317
cult film:0.31475
colourful:0.31425
humor:0.314
quirky:0.314
dumb but funny:0.31375
pg:0.313
creativity:0.3125
natural disaster:0.3125
dumb:0.31075
absurd:0.31025
car chase:0.30475
good soundtrack:0.30125
bad script:0.29925
narrated:0.29925
satirical:0.2975
crappy sequel:0.29675
pulp:0.29175
pornography:0.29125
