stop motion:0.99175
claymation:0.988
animation:0.9875
animated:0.97575
aardman:0.9645
stop-motion:0.93975
aardman studios:0.927
british:0.924
imdb top 250:0.8985
story:0.89625
british comedy:0.89425
short:0.89375
chase:0.88125
comedy:0.86425
witty:0.86425
clever:0.86375
original:0.84275
affectionate:0.8355
great movie:0.822
hilarious:0.81975
oscar winner:0.81825
great:0.8135
masterpiece:0.80825
storytelling:0.80625
dogs:0.797
cute:0.7875
spying:0.77425
cartoon:0.76925
classic:0.74825
good:0.7455
fun:0.72175
imagination:0.72125
great ending:0.71625
light:0.712
visual:0.712
interesting:0.70975
animals:0.70225
animal movie:0.70175
penguins:0.69925
funny:0.6865
dialogue:0.678
oscar (best actress):0.66925
weird:0.6615
dog:0.656
too short:0.6555
oscar (best directing):0.63675
fast paced:0.628
kids and family:0.6255
suprisingly clever:0.624
heist:0.6175
entertaining:0.61225
secrets:0.60475
allegory:0.595
criterion:0.58375
artistic:0.583
greed:0.582
excellent script:0.582
rabbits:0.5815
suspense:0.57425
police investigation:0.5695
runaway:0.5665
fun movie:0.5655
very funny:0.561
plot twist:0.5545
creativity:0.5535
twists & turns:0.55275
great acting:0.55175
oscar:0.54575
visually appealing:0.54
enigmatic:0.53875
talky:0.533
good acting:0.531
unusual plot structure:0.52225
quotable:0.52125
excellent:0.51875
very good:0.5185
caper:0.51575
cerebral:0.51325
breathtaking:0.505
humorous:0.5035
children:0.49725
absurd:0.49675
highly quotable:0.49475
atmospheric:0.4915
narrated:0.491
movielens top pick:0.486
humor:0.48325
robbery:0.4825
oscar (best supporting actress):0.4805
beautiful scenery:0.477
crime:0.4745
corruption:0.47225
mentor:0.471
cute!:0.47075
moral ambiguity:0.46675
culture clash:0.46525
childhood:0.4645
goofy:0.46325
oscar (best animated feature):0.4585
amazing photography:0.451
