world war ii:0.988
wwii:0.9795
comedy:0.95425
wartime:0.93975
island:0.91925
fun movie:0.774
stranded:0.764
mentor:0.76375
romantic comedy:0.75
children:0.7395
runaway:0.733
good:0.72275
original:0.70575
light:0.68975
great:0.681
drinking:0.6435
1930s:0.633
romance:0.62875
witty:0.62775
oscar (best actress):0.6255
chase:0.616
fun:0.60575
great ending:0.601
story:0.59925
clever:0.5975
romantic:0.58875
imaginary friend:0.584
idealism:0.57875
great movie:0.57625
excellent:0.57525
feel-good:0.57125
solitude:0.56425
family:0.56425
secrets:0.5625
humorous:0.557
dialogue:0.554
police investigation:0.53925
unusual plot structure:0.53375
kids:0.523
farce:0.51675
underrated:0.51475
childhood:0.514
funny:0.50475
oscar (best directing):0.49375
talky:0.49125
oscar (best supporting actress):0.48925
british:0.47875
very good:0.46825
san francisco:0.467
culture clash:0.463
beautiful scenery:0.4565
corruption:0.4445
drama:0.4445
catastrophe:0.44275
greed:0.44125
entertaining:0.43675
sexy:0.4365
oscar:0.43625
conspiracy:0.435
germany:0.432
oscar winner:0.42975
murder:0.42775
teacher:0.42475
dramatic:0.421
ethnic conflict:0.4205
boat:0.4175
movielens top pick:0.41525
forceful:0.414
destiny:0.41375
suprisingly clever:0.412
excellent script:0.41175
feel good movie:0.40825
very funny:0.40525
classic:0.405
death:0.404
war:0.402
sweet:0.39725
criterion:0.39425
murder mystery:0.39375
storytelling:0.38675
screwball comedy:0.37875
twists & turns:0.37825
heartwarming:0.37825
adventure:0.378
based on a play:0.3775
pg-13:0.37525
caper:0.37475
earnest:0.36525
nazis:0.3605
very interesting:0.35875
alternate history:0.35625
prejudice:0.35525
love story:0.3525
whimsical:0.35175
happy ending:0.35175
adaptation:0.35125
courage:0.34875
nostalgic:0.34575
tragedy:0.345
interesting:0.3445
