sexual:0.9935
road trip:0.984
male nudity:0.9825
adolescence:0.98225
coming of age:0.9785
sexuality:0.97825
sex:0.97525
spanish:0.9735
pornography:0.95725
latin america:0.94775
bittersweet:0.94175
erotic:0.93725
friendship:0.928
sexy:0.92025
coming-of-age:0.90175
innocence lost:0.8845
intimate:0.87975
unlikely friendships:0.87725
mexico:0.87475
narrated:0.85575
road movie:0.839
loneliness:0.83725
relationships:0.826
criterion:0.82575
original:0.82275
visually appealing:0.82275
drama:0.81875
foreign:0.81775
reflective:0.81525
social commentary:0.81275
independent film:0.79925
very interesting:0.787
nudity (full frontal - notable):0.778
melancholic:0.76975
allegory:0.7615
life & death:0.761
runaway:0.75975
powerful ending:0.74425
talky:0.74
drinking:0.74
storytelling:0.736
obsession:0.729
good soundtrack:0.72875
beautifully filmed:0.72725
cinematography:0.71725
passionate:0.7165
realistic:0.7155
enigmatic:0.69975
nudity:0.69775
poignant:0.68925
censorship:0.68775
golden palm:0.68225
interesting:0.6745
culture clash:0.669
great ending:0.663
art house:0.65925
drugs:0.65475
imdb top 250:0.65475
mentor:0.64725
childhood:0.63325
beautiful:0.6305
teenager:0.63025
brutality:0.6275
honest:0.62575
dialogue:0.62025
melancholy:0.62025
complex:0.6085
downbeat:0.60525
teen:0.6005
nudity (full frontal):0.5955
harsh:0.595
teen movie:0.59375
self discovery:0.5925
weird:0.59125
oscar (best foreign language film):0.5785
nudity (topless - notable):0.5785
quirky:0.57575
affectionate:0.57375
excellent script:0.55625
intellectual:0.55225
stoner movie:0.552
life philosophy:0.54775
tragedy:0.5465
bleak:0.53975
sex comedy:0.5385
teenagers:0.538
humorous:0.537
betrayal:0.5335
life:0.53075
destiny:0.52625
spain:0.522
teens:0.51675
irreverent:0.5155
indie:0.5155
compassionate:0.51375
suprisingly clever:0.5125
controversial:0.5075
twists & turns:0.505
women:0.50475
philosophy:0.50325
