adapted from:book:0.96975
world war ii:0.9565
beautifully filmed:0.893
story:0.8685
jews:0.86425
france:0.84925
based on a book:0.838
jewish:0.81325
wwii:0.78825
adaptation:0.7755
storytelling:0.754
germany:0.75275
dramatic:0.74175
betrayal:0.724
original:0.7215
destiny:0.72125
nazis:0.721
based on book:0.70625
childhood:0.684
masterpiece:0.66625
foreign:0.65125
holocaust:0.65025
oscar (best directing):0.64475
courage:0.64375
survival:0.63375
idealism:0.624
complex:0.62
classic:0.61925
mentor:0.616
beautiful scenery:0.61475
good:0.61025
humanity:0.6
emotional:0.595
anti-semitism:0.59225
nazi:0.59125
tragedy:0.588
justice:0.5875
narrated:0.582
pg-13:0.568
catastrophe:0.56175
lawyer:0.55575
epic:0.55575
good acting:0.55075
culture clash:0.549
literature:0.54875
suprisingly clever:0.54775
books:0.54725
breathtaking:0.54625
oscar (best actress):0.5445
end of the world:0.54125
great acting:0.533
visually appealing:0.52975
french:0.52775
transformation:0.51675
reflective:0.51025
heartbreaking:0.5045
visual:0.502
life:0.50175
prejudice:0.501
oscar (best foreign language film):0.49825
sacrifice:0.49775
intense:0.49725
book:0.497
visually stunning:0.49425
oscar:0.492
drama:0.49025
brutality:0.49
oscar (best supporting actress):0.48925
great ending:0.487
great:0.48425
cinematography:0.48275
unusual plot structure:0.482
runaway:0.478
book was better:0.475
twists & turns:0.4735
fantasy world:0.4705
touching:0.4705
good soundtrack:0.467
passionate:0.46125
melancholic:0.45875
poignant:0.45775
long:0.44475
revolution:0.441
life & death:0.4395
moving:0.4395
redemption:0.43325
nostalgic:0.43175
exceptional acting:0.429
imdb top 250:0.42375
complex characters:0.4225
german:0.41875
greed:0.41275
oscar winner:0.41025
secrets:0.408
nudity (full frontal - brief):0.40475
distopia:0.4015
sentimental:0.39725
excellent:0.39525
interesting:0.395
allegory:0.3935
