immortality:0.94525
splatter:0.90675
brutality:0.87
violent:0.863
mentor:0.8525
hit men:0.80825
dark humor:0.77925
gory:0.77925
cannibalism:0.777
loneliness:0.7685
very interesting:0.76575
grindhouse:0.7585
violence:0.7575
hospital:0.7545
visceral:0.73375
gore:0.73325
bloody:0.73175
narrated:0.71825
supernatural:0.67375
demons:0.66425
suspenseful:0.65925
life & death:0.6525
melancholic:0.6425
sexualized violence:0.63425
nudity (topless - notable):0.6335
original:0.62425
murder:0.62325
pornography:0.6205
cult classic:0.59575
blood:0.59275
great ending:0.59
culture clash:0.575
horror:0.56775
low budget:0.5665
good soundtrack:0.56025
moral ambiguity:0.551
great:0.54875
harsh:0.54775
good acting:0.536
apocalypse:0.53425
stylized:0.52425
dark hero:0.52375
doctors:0.52
honest:0.51775
cinematography:0.51625
chase:0.511
underrated:0.50375
anti-hero:0.50025
weird:0.4945
great acting:0.49375
hitman:0.49075
male nudity:0.48375
enigmatic:0.481
great movie:0.4805
story:0.47825
secrets:0.4765
oscar (best actress):0.47625
lone hero:0.4745
dialogue:0.4735
dark:0.467
life philosophy:0.463
redemption:0.463
visual:0.462
mafia:0.45825
monster:0.45725
drinking:0.44575
revenge:0.44475
corruption:0.44175
good:0.43825
effects:0.43725
catastrophe:0.43425
teens:0.4305
vengeance:0.42875
superhero:0.42675
small town:0.419
suprisingly clever:0.41625
nudity (full frontal - brief):0.416
blindness:0.4145
nudity (topless):0.412
drama:0.41075
character study:0.4085
entirely dialogue:0.408
gratuitous violence:0.40625
dramatic:0.4055
cult:0.4055
dark comedy:0.3975
quirky:0.39725
plot:0.39375
classic car:0.39175
humor:0.39
action:0.39
best of 2005:0.38925
british:0.3875
downbeat:0.3845
unique:0.38375
complex:0.37825
breathtaking:0.376
murder mystery:0.37475
black comedy:0.371
exceptional acting:0.37075
