romantic comedy:0.98325
french:0.97525
france:0.95
romantic:0.91675
romance:0.91125
chick flick:0.8585
relationships:0.7985
paris:0.79575
good romantic comedies:0.747
farce:0.74125
girlie movie:0.717
feel-good:0.70225
feel good movie:0.68475
original:0.67825
marriage:0.67475
happy ending:0.634
comedy:0.59425
silly:0.591
spying:0.58525
sweet:0.57675
beautiful scenery:0.55325
love story:0.54275
great ending:0.52875
mentor:0.52875
predictable:0.503
complicated:0.50125
screwball comedy:0.50075
clever:0.49775
runaway:0.478
light:0.461
stereotypes:0.44925
british:0.44775
life philosophy:0.439
spies:0.4285
so bad it's funny:0.42825
unusual plot structure:0.42525
catastrophe:0.425
complicated plot:0.4165
stylish:0.41325
pg-13:0.406
fun movie:0.40475
very funny:0.397
culture clash:0.3955
women:0.39475
cute!:0.39075
love:0.388
idealism:0.38475
funny:0.37025
england:0.36875
entertaining:0.36525
destiny:0.36375
fun:0.36175
great:0.3605
art:0.35125
twist ending:0.34625
beautiful:0.34575
witty:0.344
cute:0.34175
foreign:0.3325
tricky:0.331
suprisingly clever:0.329
absurd:0.32875
chase:0.322
heartbreaking:0.31875
dialogue:0.31775
complex:0.315
wedding:0.30975
twists & turns:0.308
heartwarming:0.30575
memory loss:0.3035
interesting:0.30175
idiotic:0.29525
plot:0.29475
not funny:0.2895
cheating:0.289
better than expected:0.2875
bad cgi:0.28425
cinematography:0.28175
sexy:0.2805
natural disaster:0.27975
spy:0.27675
betrayal:0.2765
storytelling:0.27575
great acting:0.26975
good soundtrack:0.267
good:0.2665
creativity:0.26475
slapstick:0.262
quirky:0.26125
story:0.25875
island:0.25275
police investigation:0.2525
obsession:0.24875
sisters:0.243
courtroom:0.24275
based on a play:0.239
fantasy world:0.2385
unfunny:0.23825
visually stunning:0.23525
identity:0.23325
