coen bros:0.94125
relationships:0.81625
surreal:0.77575
existentialism:0.76725
intellectual:0.751
talky:0.7465
enigmatic:0.73
sarcasm:0.725
affectionate:0.723
reflective:0.7135
obsession:0.7025
original:0.69325
life & death:0.658
satirical:0.65325
whimsical:0.61075
loneliness:0.5935
wistful:0.5885
satire:0.58325
art:0.57575
artistic:0.575
humorous:0.55775
criterion:0.55275
witty:0.5505
writers:0.546
irreverent:0.52625
hotel:0.5115
bittersweet:0.50925
cult classic:0.49875
melancholy:0.49175
surrealism:0.484
absurd:0.4785
very funny:0.47275
melancholic:0.47
parody:0.4685
social commentary:0.464
philosophical:0.46375
pornography:0.463
life philosophy:0.45925
weird:0.45425
intimate:0.4485
good soundtrack:0.44725
grindhouse:0.44425
nostalgic:0.44425
dialogue:0.4435
artist:0.43875
quirky:0.43875
comedy:0.43875
pretentious:0.43375
great ending:0.43325
mentor:0.429
art house:0.4275
great:0.427
catastrophe:0.42375
cinematography:0.41425
off-beat comedy:0.41375
golden palm:0.41125
stylized:0.409
downbeat:0.4075
creativity:0.407
clever:0.4045
quotable:0.392
black and white:0.3895
funny:0.38425
cerebral:0.3815
cult film:0.379
underrated:0.37725
visual:0.37225
goofy:0.3685
runaway:0.36425
mental illness:0.364
character study:0.353
memory:0.3435
masterpiece:0.34075
life:0.3365
very interesting:0.33625
biographical:0.3335
adapted from:book:0.33275
storytelling:0.332
complex:0.32925
oscar (best directing):0.3245
entirely dialogue:0.32275
dysfunctional family:0.3215
visually appealing:0.32125
drama:0.32075
visually stunning:0.32025
thought-provoking:0.31775
childhood:0.31275
cathartic:0.312
fantasy world:0.31175
suprisingly clever:0.3065
women:0.298
narrated:0.2975
artsy:0.297
ironic:0.29425
distopia:0.29275
new york:0.2925
eccentricity:0.2885
male nudity:0.288
nocturnal:0.28675
adaptation:0.28475
