comedy:0.9005
mafia:0.81625
quirky:0.81
original:0.8075
funny:0.651
clever:0.6385
great:0.62075
dialogue:0.589
mentor:0.5875
great movie:0.58725
very funny:0.5765
story:0.56825
farce:0.51725
fun movie:0.5145
oscar (best supporting actress):0.5145
adaptation:0.49175
gangsters:0.48875
silly fun:0.48625
good soundtrack:0.4855
new york city:0.4815
great ending:0.47525
gangster:0.4565
underrated:0.45375
ensemble cast:0.44375
suspense:0.4435
absurd:0.4425
runaway:0.4385
talky:0.4375
redemption:0.4325
crime gone awry:0.43175
light:0.4295
adapted from:book:0.429
hilarious:0.4245
drama:0.421
witty:0.41975
good:0.41875
earnest:0.41775
adventure:0.41425
parody:0.40675
catastrophe:0.397
storytelling:0.39225
culture clash:0.39125
lions:0.389
visually appealing:0.386
interesting:0.3835
quotable:0.3835
suprisingly clever:0.38175
corruption:0.37625
criterion:0.374
pg-13:0.361
oscar (best directing):0.35875
off-beat comedy:0.3555
dark hero:0.354
cerebral:0.354
family:0.35375
books:0.353
narrated:0.34625
entirely dialogue:0.34575
imdb top 250:0.34475
unusual plot structure:0.3425
exceptional acting:0.33875
wine:0.33475
fun:0.33325
affectionate:0.33325
new york:0.332
oscar (best actress):0.3315
predictable:0.33125
alter ego:0.3305
life philosophy:0.3295
small town:0.328
destiny:0.32775
fight scenes:0.327
melancholy:0.32475
crime:0.3235
stylized:0.32325
melancholic:0.32025
distopia:0.3185
chase:0.31825
social commentary:0.315
mob:0.314
transformation:0.3135
great acting:0.3125
visual:0.3125
dragons:0.309
based on a play:0.30575
unlikely friendships:0.30475
nudity (full frontal - brief):0.30325
stereotypes:0.29825
colourful:0.29725
sexualized violence:0.29625
vengeance:0.29425
complex:0.29375
dramatic:0.293
fantasy world:0.29
eccentricity:0.29
cult classic:0.28875
weird:0.2885
humorous:0.2875
whimsical:0.28675
thought-provoking:0.286
