romantic comedy:0.983
hawaii:0.943
comedy:0.94075
funny:0.8495
romantic:0.80925
divorce:0.794
girlie movie:0.75775
good romantic comedies:0.7505
dumb but funny:0.7505
happy ending:0.74625
predictable:0.73025
romance:0.72025
silly fun:0.68675
chick flick:0.667
unrealistic:0.63725
wedding:0.62725
bad plot:0.625
original:0.615
pg-13:0.61
very funny:0.604
crude humor:0.5525
silly:0.54
women:0.53575
cute!:0.522
catastrophe:0.506
better than expected:0.499
feel-good:0.49825
fun movie:0.4865
hilarious:0.4695
marriage:0.464
horrible:0.461
love story:0.45375
cheating:0.44825
stereotypes:0.439
cute:0.4365
dumb:0.428
stupid:0.42075
so bad it's funny:0.40725
great ending:0.40525
unfunny:0.3955
teen movie:0.38875
relationships:0.38175
slapstick:0.38025
mentor:0.37425
dialogue:0.3705
bad acting:0.3675
beautiful scenery:0.36725
good:0.3565
farce:0.3565
culture clash:0.356
idiotic:0.353
visually appealing:0.3505
storytelling:0.3425
ridiculous:0.33475
dolphins:0.31175
overrated:0.31
suprisingly clever:0.31
brutality:0.3065
stupidity:0.303
destiny:0.303
life philosophy:0.2855
feel good movie:0.2825
natural disaster:0.27875
fantasy world:0.27575
entertaining:0.272
sweet:0.27025
absurd:0.26775
single father:0.2675
twists & turns:0.26425
sexy:0.26125
stupid as hell:0.26
good soundtrack:0.25075
family:0.24925
island:0.2435
great:0.24225
plot:0.23975
screwball comedy:0.2375
melancholic:0.23725
first contact:0.234
fun:0.23325
pornography:0.231
runaway:0.22825
infidelity:0.227
story:0.2265
entirely dialogue:0.224
lone hero:0.22375
fight scenes:0.2145
goofy:0.21325
saturday night live:0.2095
transformation:0.2085
adaptation:0.20825
hotel:0.20725
boring:0.20375
teacher:0.20175
shallow:0.19825
too long:0.19725
doctors:0.1965
weird:0.19025
life & death:0.18925
police investigation:0.18325
