pointless:0.8395
bad acting:0.77375
horrible:0.76675
dialogue:0.764
pulp:0.74925
original:0.73175
violence:0.708
cool:0.70475
shallow:0.65925
brutality:0.637
bad plot:0.63025
bad:0.61775
good dialogue:0.60175
good soundtrack:0.5925
idiotic:0.57925
so bad it's funny:0.579
beer:0.55375
revenge:0.55075
entirely dialogue:0.54975
computer game:0.544
gratuitous violence:0.5305
absurd:0.5295
awful:0.52575
storytelling:0.524
predictable:0.512
gangs:0.5105
cult film:0.49875
stylized:0.49525
pornography:0.49425
existentialism:0.4925
great ending:0.492
action:0.48475
mentor:0.48125
lame:0.479
violent:0.478
motorcycle:0.47725
betrayal:0.47175
teen movie:0.468
fight scenes:0.468
women:0.467
multiple storylines:0.465
excellent script:0.463
writers:0.456
plot:0.44625
vengeance:0.44075
ensemble cast:0.439
road movie:0.426
gangsters:0.425
grindhouse:0.42025
catastrophe:0.42025
cult classic:0.41125
bloody:0.4045
quirky:0.40075
ridiculous:0.38875
silly:0.38325
fantasy world:0.38025
foul language:0.38025
sexualized violence:0.3785
nudity (topless):0.3725
nudity (topless - notable):0.37125
life philosophy:0.36975
internet:0.369
weapons:0.36775
teen:0.35575
pretentious:0.35525
overrated:0.3545
not funny:0.349
strippers:0.34525
talky:0.34225
adaptation:0.3375
justice:0.337
entertaining:0.33675
nudity (full frontal):0.329
first contact:0.32875
twist ending:0.32725
stylish:0.326
sexy:0.325
splatter:0.32425
unintentionally funny:0.32175
weird:0.3205
twists & turns:0.31925
no plot:0.31375
nudity (full frontal - brief):0.31025
male nudity:0.30625
nudity (full frontal - notable):0.306
pg-13:0.3045
police corruption:0.3035
cinematography:0.30275
script:0.30125
stupid as hell:0.3
video game:0.29925
crude humor:0.29175
anti-hero:0.2915
desert:0.29125
fantasy:0.2895
great:0.288
nudity:0.285
tarantino:0.28425
story:0.28225
action packed:0.28075
