family:0.83225
television:0.826
satirical:0.7455
silly:0.71325
disney:0.70025
original:0.69925
doctors:0.673
corporate america:0.63125
great ending:0.61775
dog:0.59375
greed:0.5895
predictable:0.5785
fun movie:0.5775
chase:0.57025
mentor:0.56525
unusual plot structure:0.5145
light:0.50625
kids and family:0.499
great:0.495
kids:0.48975
humorous:0.4815
catastrophe:0.46975
shallow:0.463
slapstick:0.46225
dialogue:0.45425
cute:0.451
life & death:0.44375
satire:0.44125
comedy:0.4335
fun:0.43275
story:0.42325
mad scientist:0.419
cute!:0.41475
talking animals:0.40775
reality tv:0.39425
animation:0.391
adapted from:book:0.38975
funny:0.384
monkey:0.37575
fantasy world:0.373
animals:0.37075
based on a tv show:0.36825
destiny:0.36675
adaptation:0.36275
parallel universe:0.35975
childhood:0.353
bad plot:0.35025
very funny:0.34775
crude humor:0.34675
fashion:0.34525
runaway:0.344
humor:0.33575
good soundtrack:0.33575
1970s:0.33175
drinking:0.33
good:0.32575
animal movie:0.325
silly fun:0.324
brutality:0.3205
first contact:0.32025
computer animation:0.31775
redemption:0.306
clever:0.3055
life philosophy:0.30525
action:0.3045
cartoon:0.3035
happy ending:0.30175
unfunny:0.3005
culture clash:0.29425
lone hero:0.29325
dogs:0.29325
spying:0.29275
so bad it's funny:0.29225
natural disaster:0.29225
kidnapping:0.2915
pg-13:0.29075
melancholic:0.29
feel-good:0.2875
nudity (full frontal - brief):0.28675
not funny:0.2865
sweet:0.28175
underrated:0.28125
stereotypes:0.27925
quirky:0.277
books:0.27625
cult film:0.2755
fight scenes:0.2755
vengeance:0.2735
violence:0.272
storytelling:0.26925
classic car:0.26625
series:0.265
based on a book:0.265
overrated:0.26375
justice:0.2625
police investigation:0.26225
children:0.2605
franchise:0.256
nostalgic:0.25425
president:0.25325
