computer animation:0.9905
dinosaurs:0.986
talking animals:0.9745
animation:0.9665
disney animated feature:0.922
animals:0.9205
animated:0.9185
disney:0.91775
natural disaster:0.8785
cartoon:0.86525
story:0.8065
family:0.8035
special effects:0.797
visual:0.7795
visually stunning:0.75375
original:0.7455
kids:0.7435
children:0.732
good:0.7265
animal movie:0.70625
visuals:0.703
jungle:0.70175
catastrophe:0.688
cgi:0.6855
kids and family:0.66275
dynamic cgi action:0.64975
dialogue:0.64125
good versus evil:0.63225
big budget:0.6245
adventure:0.6235
cute:0.60825
technology:0.59525
fairy tale:0.58375
entertaining:0.578
cute!:0.57075
desert:0.55875
predictable:0.545
stunning:0.539
great:0.5385
bad plot:0.52675
survival:0.5085
good story:0.49625
island:0.49225
70mm:0.4915
storytelling:0.47925
fun:0.45925
action:0.45875
fantasy:0.455
lions:0.4535
3d:0.45275
redemption:0.452
creativity:0.449
happy ending:0.442
great ending:0.4395
mentor:0.433
pg:0.42275
bad cgi:0.41825
culture clash:0.41725
childhood:0.41625
great movie:0.414
destiny:0.41175
action packed:0.40125
not funny:0.39575
toys:0.39425
effects:0.39275
intense:0.3885
life philosophy:0.38725
monkey:0.37375
pg-13:0.36725
excellent script:0.356
violence:0.3495
better than expected:0.349
original plot:0.349
chase:0.34825
sacrifice:0.34725
plot:0.343
simple:0.34225
fun movie:0.336
runaway:0.3315
fight scenes:0.33025
unfunny:0.329
adoption:0.328
greed:0.328
good soundtrack:0.32775
first contact:0.32725
disaster:0.326
stop motion:0.32525
beautiful scenery:0.323
lone hero:0.32225
very good:0.317
feel-good:0.31275
allegory:0.3125
stereotypes:0.312
transformation:0.309
friendship:0.3035
environmental:0.30175
scenic:0.30125
entirely dialogue:0.30025
realistic:0.2995
interesting:0.299
