martial arts:0.99875
kung fu:0.99825
fight scenes:0.96675
80s:0.9605
highly quotable:0.91975
ninja:0.90525
hip hop:0.89725
fighting:0.8585
1980s:0.8505
mentor:0.841
nostalgia:0.831
fun movie:0.815
nostalgic:0.76925
cool:0.68575
original:0.6795
action:0.6595
cult classic:0.64725
awesome soundtrack:0.61725
hong kong:0.58375
good action:0.5665
goofy:0.54675
silly fun:0.54175
fun:0.534
campy:0.53075
cheesy:0.528
dancing:0.48
bad acting:0.4715
great:0.45725
cult film:0.45375
music:0.451
silly:0.44025
wuxia:0.43725
good soundtrack:0.4195
camp:0.4165
so bad it's funny:0.41625
bullying:0.41375
catastrophe:0.39575
classic:0.392
quotable:0.376
dragons:0.37
action packed:0.3655
good:0.365
vengeance:0.35625
dialogue:0.35525
lone hero:0.3535
great ending:0.33925
guilty pleasure:0.32425
china:0.32375
childhood:0.32375
video game:0.323
romance:0.321
culture clash:0.316
fantasy:0.31475
fantasy world:0.3065
corny:0.3015
life philosophy:0.3
quirky:0.29525
transformation:0.29375
not funny:0.292
destiny:0.2875
predictable:0.287
entertaining:0.28625
good music:0.28325
creativity:0.28025
runaway:0.2795
comedy:0.279
entirely dialogue:0.277
storytelling:0.27225
grindhouse:0.268
very funny:0.2655
demons:0.26375
brutality:0.26025
slapstick:0.25825
so bad it's good:0.2515
special effects:0.25125
adventure:0.24675
criterion:0.245
visually stunning:0.2445
great movie:0.2445
stylized:0.2435
blaxploitation:0.24275
overrated:0.24225
rock and roll:0.24125
weapons:0.24025
revenge:0.2395
story:0.23925
redemption:0.2375
melancholic:0.23725
buddy movie:0.23475
bad:0.23375
first contact:0.232
teen movie:0.23075
sci fi:0.2295
pornography:0.22925
mafia:0.22625
adaptation:0.225
bad plot:0.224
splatter:0.22375
sexy:0.223
weird:0.22275
