creepy:0.968
sci-fi:0.90775
women:0.89075
suspenseful:0.8455
suspense:0.822
ominous:0.819
original:0.76825
paranoia:0.765
thriller:0.74075
secrets:0.70225
adapted from:book:0.663
sexy:0.628
obsession:0.6265
very interesting:0.6145
macabre:0.613
pornography:0.612
police investigation:0.60675
psychological:0.5965
eerie:0.59275
twist ending:0.58625
runaway:0.5845
paranoid:0.58425
science fiction:0.58175
adaptation:0.57975
satirical:0.57275
androids:0.572
based on a book:0.558
frightening:0.55625
horror:0.551
scary:0.545
tense:0.542
robots:0.53525
great ending:0.51
mystery:0.50825
sci fi:0.5015
interesting:0.48225
psychology:0.46675
serial killer:0.46175
remade:0.4545
manipulation:0.45275
disturbing:0.4525
identity:0.449
dialogue:0.44425
cult film:0.43775
catastrophe:0.43425
enigmatic:0.42625
story:0.42425
twist:0.424
twists & turns:0.42375
based on book:0.4175
investigation:0.409
nudity (full frontal - notable):0.4045
psychiatrist:0.40425
queer:0.403
original plot:0.398
robot:0.39775
mentor:0.3975
allegory:0.39625
marriage:0.39425
suburbia:0.393
utopia:0.38775
idealism:0.387
conspiracy:0.38675
fascism:0.38525
social commentary:0.376
workplace:0.375
murder:0.37325
not funny:0.373
weird:0.37
technology:0.369
scifi:0.36775
atmospheric:0.367
culture clash:0.36625
criterion:0.35775
storytelling:0.35725
visually appealing:0.3565
classic:0.3565
grindhouse:0.3535
great:0.35025
clever:0.35025
murder mystery:0.3435
sexualized violence:0.33975
brutality:0.33825
doctors:0.3365
unlikely friendships:0.333
oscar (best actress):0.33125
happy ending:0.33075
greed:0.3305
bad ending:0.32925
good soundtrack:0.3265
new york city:0.325
cult classic:0.324
first contact:0.32325
distopia:0.32325
satire:0.32175
melancholic:0.32175
fantasy:0.32125
claustrophobic:0.3205
revenge:0.3185
dark:0.31775
