life & death:0.975
loneliness:0.95975
melancholic:0.95475
death:0.94275
cinematography:0.9295
reflective:0.9165
gay:0.911
meditative:0.904
suicide:0.887
heartbreaking:0.85925
relationships:0.85825
beautifully filmed:0.8455
intimate:0.84125
homosexuality:0.813
poignant:0.79925
depression:0.77525
visually stunning:0.77375
original:0.7715
bittersweet:0.76925
life philosophy:0.76725
queer:0.759
enigmatic:0.754
emotional:0.75125
visually appealing:0.7235
friendship:0.72175
tragedy:0.714
sad:0.70325
character study:0.7025
life:0.69775
1960s:0.69775
melancholy:0.697
cerebral:0.686
stunning:0.68425
storytelling:0.682
solitude:0.681
mentor:0.6635
stylish:0.65475
breathtaking:0.653
touching:0.6435
criterion:0.63475
artistic:0.62475
existentialism:0.61575
beautiful:0.59775
adapted from:book:0.59475
destiny:0.594
wistful:0.58425
period piece:0.58375
visual:0.5825
stylized:0.58075
drinking:0.5775
spanish:0.57525
directorial debut:0.57375
philosophical:0.569
colourful:0.56775
unlikely friendships:0.55925
childhood:0.55825
art:0.5525
drama:0.549
oscar (best actress):0.544
social commentary:0.541
runaway:0.54075
good soundtrack:0.535
great ending:0.53475
oscar:0.5325
very interesting:0.52575
narrated:0.5235
movielens top pick:0.52
complex:0.51875
literature:0.51275
downbeat:0.51275
depressing:0.51225
gay character:0.51075
glbt:0.50375
love story:0.4965
dramatic:0.49375
passionate:0.48925
homophobia:0.4865
story:0.4845
aids:0.483
great acting:0.48225
love:0.47625
interesting:0.4715
suicide attempt:0.471
transformation:0.4645
unusual plot structure:0.46425
redemption:0.46175
dreams:0.46125
whimsical:0.45725
philosophy:0.456
california:0.45425
slow paced:0.45325
fashion:0.444
beautiful scenery:0.4395
obsession:0.43825
weird:0.4355
adaptation:0.43025
memory:0.42925
bleak:0.42575
prejudice:0.4255
based on a book:0.425
