documentary:0.9575
con artists:0.93775
visually appealing:0.8585
original:0.85775
life:0.839
storytelling:0.83525
magic:0.83175
manipulation:0.817
artistic:0.80725
con men:0.79175
secrets:0.77425
vigilante:0.77225
biography:0.75575
light:0.75
very interesting:0.74675
talky:0.74275
interesting:0.74025
great movie:0.7
downbeat:0.69925
pg-13:0.699
great:0.67425
runaway:0.66675
mentor:0.6665
oscar (best supporting actress):0.66525
social commentary:0.66275
story:0.66225
biopic:0.65
original plot:0.64925
criterion:0.64875
philosophy:0.647
clever:0.64625
great ending:0.639
complex:0.6375
good soundtrack:0.63725
artist:0.6355
fast paced:0.635
good:0.62975
sacrifice:0.62625
creativity:0.62425
identity:0.61975
art:0.61775
ironic:0.61625
excellent script:0.6135
tragedy:0.612
greed:0.6115
character study:0.59825
police investigation:0.59475
life philosophy:0.59375
suspense:0.586
honest:0.574
imdb top 250:0.566
murder:0.5655
movielens top pick:0.56225
internet:0.5605
good acting:0.56025
whimsical:0.5575
gay:0.55675
grindhouse:0.555
technology:0.555
plot twist:0.55425
childhood:0.54825
drama:0.54525
tense:0.54175
dark hero:0.54025
doctors:0.536
drinking:0.5275
unusual plot structure:0.526
cerebral:0.5235
pornography:0.5215
death:0.521
first contact:0.5135
violent:0.51075
oscar winner:0.509
stylized:0.50675
suprisingly clever:0.506
conspiracy:0.5055
biographical:0.50425
science:0.504
justice:0.50375
witty:0.50175
redemption:0.49575
life & death:0.49525
vengeance:0.49475
alter ego:0.4945
stunning:0.49325
gay character:0.4925
gunfight:0.489
fantasy world:0.48775
weird:0.4845
loneliness:0.4815
homosexuality:0.4785
intellectual:0.4785
destiny:0.475
chase:0.47425
allegory:0.467
dialogue:0.466
visually stunning:0.4655
fun:0.463
british:0.46025
oscar (best directing):0.459
