police corruption:0.98375
corruption:0.976
serial killer:0.96625
brutality:0.9525
crime:0.935
murder:0.9335
violence:0.9155
bleak:0.90675
trilogy:0.88375
police:0.88125
police investigation:0.86375
detective:0.85925
investigation:0.8395
brutal:0.82375
organized crime:0.82325
gunfight:0.8195
justice:0.795
gritty:0.79225
drama:0.789
original:0.78825
forceful:0.77625
vengeance:0.7665
great ending:0.753
runaway:0.7365
obsession:0.736
dark:0.7245
pornography:0.7105
guilt:0.71
criterion:0.70525
series:0.702
revenge:0.69775
grim:0.69225
torture:0.6745
reflective:0.67325
storytelling:0.6655
dark hero:0.66475
murder mystery:0.65625
enigmatic:0.6555
golden palm:0.65375
harsh:0.652
lawyer:0.64125
violent:0.62125
stylish:0.6195
queer:0.61875
drugs:0.6175
conspiracy:0.6025
parallel universe:0.6
british:0.595
manipulation:0.5905
intense:0.589
moral ambiguity:0.5835
tense:0.58275
childhood:0.58175
twists & turns:0.5795
talky:0.579
marijuana:0.57775
dramatic:0.5545
character study:0.553
cinematography:0.5515
disturbing:0.54725
melancholic:0.54525
visceral:0.5445
clever:0.54325
nocturnal:0.53775
complex:0.5375
interesting:0.53325
stylized:0.52775
greed:0.52775
moody:0.5265
sexualized violence:0.52475
mentor:0.51375
great:0.49725
film noir:0.4965
great movie:0.49475
unusual plot structure:0.49475
very interesting:0.48575
nostalgic:0.48475
crime gone awry:0.48475
social commentary:0.483
good soundtrack:0.47975
kidnapping:0.47825
exceptional acting:0.478
weapons:0.478
atmospheric:0.47625
noir thriller:0.473
vigilantism:0.47075
allegory:0.46975
child abuse:0.46575
redemption:0.4645
wilderness:0.46275
dark humor:0.462
art:0.45725
suspense:0.45325
cult classic:0.448
irreverent:0.445
adolescence:0.4375
light:0.4365
anti-hero:0.43
culture clash:0.42575
entirely dialogue:0.42575
