criterion:0.98775
japan:0.98575
masterpiece:0.97775
samurai:0.9755
imdb top 250:0.97325
amazing cinematography:0.965
forceful:0.9255
bleak:0.92225
talky:0.892
japanese:0.891
storytelling:0.88425
vengeance:0.87325
tense:0.8675
grim:0.8655
cinematography:0.86175
suicide:0.856
downbeat:0.85275
movielens top pick:0.852
black and white:0.85125
enigmatic:0.8495
death:0.83975
sword fighting:0.8005
dramatic:0.793
life & death:0.78125
meditative:0.78075
oscar (best directing):0.77575
visceral:0.7705
unusual plot structure:0.76425
social commentary:0.7635
oscar (best foreign language film):0.758
kurosawa:0.749
revenge:0.74825
mentor:0.7465
character study:0.7375
golden palm:0.71775
great acting:0.7155
harsh:0.713
great:0.70575
melancholic:0.70275
dialogue driven:0.69125
story:0.688
tragedy:0.68575
cerebral:0.676
reflective:0.67275
childhood:0.65875
breathtaking:0.65625
atmospheric:0.656
gunfight:0.642
original:0.641
greed:0.632
visual:0.62775
melancholy:0.6255
beautifully filmed:0.61175
tokyo:0.609
intimate:0.605
biting:0.59075
culture clash:0.5875
suprisingly clever:0.58675
stylized:0.57575
poverty:0.57325
exceptional acting:0.57225
drama:0.572
twists & turns:0.5685
great movie:0.56775
guilt:0.553
morality:0.5525
assassination:0.54075
disturbing:0.5375
allegory:0.53575
oscar (best actress):0.53275
courage:0.53
brutality:0.52875
visually appealing:0.52825
gory:0.527
sacrifice:0.51625
weird:0.515
wartime:0.50825
idealism:0.508
great ending:0.50675
beautiful scenery:0.50575
redemption:0.50375
highly quotable:0.5005
police investigation:0.4995
ominous:0.497
complex:0.49525
corruption:0.49375
narrated:0.49375
visually stunning:0.49125
classic:0.49075
runaway:0.48675
photography:0.48425
foreign:0.484
paranoid:0.48275
absurd:0.48075
silent:0.479
dark humor:0.47075
bloody:0.46975
justice:0.46525
poignant:0.4605
film noir:0.45425
