splatter:0.99425
zombies:0.97475
mad scientist:0.9695
australia:0.96125
gory:0.95625
gore:0.94025
zombie:0.92475
horror:0.87575
cult film:0.8725
australian:0.86525
apocalypse:0.85175
road movie:0.851
low budget:0.823
weird:0.771
grindhouse:0.763
fun movie:0.7555
brutality:0.75125
original:0.745
post apocalyptic:0.71625
dark humor:0.70575
good soundtrack:0.7015
indie:0.68525
bloody:0.67025
cult classic:0.657
weapons:0.6245
post-apocalyptic:0.61625
werewolves:0.61325
transformation:0.60825
monsters:0.58525
super hero:0.5795
violence:0.53825
superheroes:0.53475
blood:0.52325
superhero:0.51
independent film:0.507
bad cgi:0.50525
crazy:0.5045
great ending:0.4965
campy:0.49525
life philosophy:0.4945
stylized:0.48325
stylish:0.47575
demons:0.47375
drinking:0.466
comedy:0.464
dialogue:0.4625
virus:0.46175
mutants:0.461
witches:0.459
family:0.44775
graphic novel:0.444
ridiculous:0.4405
parody:0.43875
cult:0.43175
light:0.4175
dark fantasy:0.412
pornography:0.41
creativity:0.409
based on a comic:0.4075
brutal:0.40625
great:0.39975
fun:0.3965
catastrophe:0.39425
harsh:0.391
humorous:0.38975
awesome soundtrack:0.38725
mentor:0.387
dark comedy:0.38075
family drama:0.37425
twist:0.36925
road trip:0.36525
survival:0.36225
not funny:0.36
dysfunctional family:0.35225
adapted from:comic:0.34925
adaptation:0.349
nerds:0.3485
pointless:0.34
so bad it's funny:0.33525
comic:0.334
lone hero:0.3195
fantasy world:0.3085
sisters:0.305
runaway:0.30475
parallel universe:0.3045
scary:0.304
twists & turns:0.30175
comic book:0.297
violent:0.2955
storytelling:0.292
cannibalism:0.28875
nocturnal:0.288
life & death:0.287
view askew:0.28625
action:0.28475
predictable:0.2835
death:0.28225
werewolf:0.28125
spiders:0.2765
gruesome:0.27525
