cute!:0.95225
cute:0.9485
switching places:0.9315
girlie movie:0.9085
children:0.84125
fun:0.7985
kids:0.79675
childhood:0.79075
sweet:0.768
adoption:0.7225
romantic comedy:0.71
original:0.7025
camp:0.702
family:0.6365
women:0.58425
orphans:0.54575
happy ending:0.53825
romantic:0.53375
single father:0.5275
mentor:0.51525
predictable:0.50825
great:0.5045
teen movie:0.45725
chick flick:0.44525
so bad it's funny:0.43025
good:0.42125
not funny:0.40575
destiny:0.40025
catastrophe:0.39475
runaway:0.384
fun movie:0.374
nostalgic:0.36725
heartwarming:0.36525
identity:0.34375
feel-good:0.33275
bad plot:0.33275
very funny:0.331
dialogue:0.3295
boarding school:0.3275
adaptation:0.317
overrated:0.31475
funny:0.3145
fantasy:0.30775
storytelling:0.30375
feel good movie:0.3035
lone hero:0.30075
kids and family:0.2965
witches:0.2925
first contact:0.287
great ending:0.2865
life philosophy:0.28425
great acting:0.28425
romance:0.2815
pg:0.28075
comedy:0.266
stereotypes:0.26325
london:0.2585
witch:0.25425
love story:0.25175
brutality:0.24975
inspirational:0.24825
silly:0.244
silly fun:0.241
entirely dialogue:0.24025
light:0.2375
unfunny:0.23075
good romantic comedies:0.2285
culture clash:0.22425
simple:0.2235
good soundtrack:0.22325
pg-13:0.2215
sports:0.22025
competition:0.2125
corny:0.21175
story:0.21025
divorce:0.204
fantasy world:0.20325
natural disaster:0.20075
too long:0.18575
chase:0.1835
police investigation:0.1825
vengeance:0.18125
transformation:0.18
slapstick:0.18
fight scenes:0.179
good dialogue:0.17525
life & death:0.175
justice:0.17475
nudity (full frontal - brief):0.17375
cult film:0.17325
clever:0.1725
disney:0.17175
cheesy:0.17075
better than expected:0.1695
remake:0.1665
quirky:0.16625
entertaining:0.1655
redemption:0.16475
school:0.1645
whimsical:0.16425
