series:0.93675
anime:0.9205
animation:0.90925
psychological:0.8775
psychology:0.86775
great ending:0.8635
surreal:0.85325
complex:0.842
giant robots:0.8275
original:0.81625
melancholic:0.8115
insanity:0.80775
masterpiece:0.801
weird:0.8
end of the world:0.799
powerful ending:0.78325
cerebral:0.78175
disturbing:0.774
downbeat:0.748
dark:0.74475
apocalypse:0.742
enigmatic:0.729
criterion:0.692
philosophical:0.68975
reflective:0.67425
obsession:0.67325
alternate endings:0.63675
depression:0.63575
atmospheric:0.63425
thought-provoking:0.63025
pornography:0.61925
confusing:0.6045
death:0.5965
visceral:0.58975
artistic:0.58775
art:0.585
social commentary:0.58375
interesting:0.58375
dreamlike:0.5705
breathtaking:0.5635
storytelling:0.563
brutality:0.558
japan:0.55675
violence:0.537
vengeance:0.533
twists & turns:0.5325
bad ending:0.5285
loneliness:0.51425
good soundtrack:0.5135
talky:0.5085
tokyo:0.50675
golden palm:0.50575
oscar (best directing):0.4995
intense:0.4995
bleak:0.498
hospital:0.4935
robots:0.486
drama:0.48575
cinematography:0.48025
existentialism:0.4735
catastrophe:0.47275
suprisingly clever:0.47225
visual:0.47175
emotional:0.468
cult classic:0.461
imdb top 250:0.4585
great:0.4555
intimate:0.45425
mental illness:0.445
violent:0.4445
unusual plot structure:0.44375
police investigation:0.43775
stylized:0.43625
dialogue:0.42975
entirely dialogue:0.42975
philosophy:0.42775
melancholy:0.4275
japanese:0.41825
dark hero:0.41675
twist ending:0.4165
exceptional acting:0.4155
narrated:0.41325
complicated:0.408
stunning:0.4075
dreams:0.4035
humanity:0.398
visually stunning:0.39775
pretentious:0.39175
creativity:0.39
fight scenes:0.3855
depressing:0.385
life & death:0.37875
affectionate:0.3785
sexualized violence:0.377
character study:0.376
dark humor:0.3725
sacrifice:0.37
relationships:0.36925
adaptation:0.36875
clever:0.36875
