time travel:0.9405
teen:0.9325
future:0.9125
destiny:0.88275
high school:0.8655
nostalgic:0.8425
teen movie:0.79525
childhood:0.706
1960s:0.70425
oscar (best supporting actor):0.692
fun movie:0.6745
adolescence:0.6695
original:0.668
drama:0.662
teens:0.64675
1980s:0.5935
unlikely friendships:0.5745
teenager:0.56825
nostalgia:0.56775
mentor:0.5585
life & death:0.55625
bullying:0.51975
great ending:0.497
80s:0.49375
dreams:0.48575
fantasy:0.483
runaway:0.47725
story:0.472
sentimental:0.471
friendship:0.4625
sweet:0.46125
teenagers:0.4595
great:0.4555
transformation:0.446
catastrophe:0.44325
time:0.4405
good soundtrack:0.43325
touching:0.4305
good:0.408
romance:0.403
predictable:0.3995
geek:0.397
1950s:0.3965
life philosophy:0.392
travel:0.36875
girlie movie:0.366
dialogue:0.3485
existentialism:0.3485
fun:0.3425
thought-provoking:0.33675
aging:0.33325
romantic:0.333
oscar (best supporting actress):0.33225
goofy:0.33
divorce:0.32775
great movie:0.326
pg-13:0.326
melancholic:0.32325
storytelling:0.32025
oscar:0.31875
coming of age:0.318
nerds:0.31675
suprisingly clever:0.31275
family:0.31075
feel-good:0.30875
not funny:0.30475
culture clash:0.29925
reflective:0.299
first contact:0.2975
unusual plot structure:0.2965
life:0.287
california:0.28575
redemption:0.28575
fantasy world:0.2855
great acting:0.285
quirky:0.279
comedy:0.27875
school:0.2785
geeks:0.27375
adaptation:0.2705
cute:0.269
oscar (best actress):0.2685
light:0.2685
oscar (best directing):0.2615
weird:0.257
cool:0.25025
criterion:0.24575
alternate reality:0.2445
classic car:0.2435
absurd:0.243
small town:0.24275
excellent script:0.24175
new jersey:0.24075
very funny:0.24075
bittersweet:0.2405
lone hero:0.23875
pornography:0.23825
brutality:0.238
police investigation:0.2345
twists & turns:0.23225
