new jersey:0.99425
romantic comedy:0.89275
happy ending:0.80075
chick flick:0.7875
romantic:0.73225
workplace:0.6695
stereotypes:0.66125
original:0.64975
destiny:0.63525
romance:0.61625
life & death:0.602
nostalgic:0.5975
love story:0.55725
great ending:0.5455
girlie movie:0.53875
goofy:0.527
sexy:0.51875
survival:0.51425
good soundtrack:0.50875
vampire human love:0.50825
mentor:0.49275
melancholic:0.4835
sweet:0.4705
relationships:0.466
transformation:0.464
too short:0.445
catastrophe:0.44
unlikely friendships:0.43775
notable nudity:0.41225
pornography:0.41075
runaway:0.3995
story:0.39225
very funny:0.39125
friendship:0.37775
childhood:0.35925
brutality:0.351
sentimental:0.34975
life philosophy:0.34475
predictable:0.3445
fantasy world:0.3315
lone hero:0.3285
feel-good:0.3285
cute:0.32675
shopping:0.325
pg-13:0.31275
teen movie:0.311
not funny:0.31025
teen:0.30675
entertaining:0.30425
school:0.30125
quirky:0.299
fantasy:0.29825
working class:0.2965
erotic:0.293
women:0.28975
nudity (topless):0.28575
awesome soundtrack:0.285
dialogue:0.27925
redemption:0.27775
interracial romance:0.2765
funny:0.2715
blindness:0.26825
unfunny:0.26375
natural disaster:0.2635
storytelling:0.26125
overrated:0.25675
teacher:0.254
feel good movie:0.25075
great:0.24625
sacrifice:0.245
underdog:0.245
writers:0.244
criterion:0.24175
lame:0.23825
internet:0.23825
dreams:0.23575
complex:0.23525
suprisingly clever:0.23425
graphic design:0.234
first contact:0.23175
entirely dialogue:0.23175
prostitution:0.23025
good:0.229
ninja:0.22675
bad plot:0.22375
teens:0.2195
island:0.21925
good sequel:0.21825
male nudity:0.21825
new york:0.21775
heartwarming:0.2145
bad ending:0.21125
betrayal:0.21025
horrible:0.20925
dramatic:0.208
beautiful scenery:0.20625
fight scenes:0.20625
gangsters:0.2045
pointless:0.20275
stylish:0.2015
