off-beat comedy:0.99675
dark humor:0.98075
dysfunctional family:0.97875
eccentricity:0.9685
narrated:0.948
ensemble cast:0.947
original:0.94425
quirky:0.921
deadpan:0.91675
criterion:0.90675
stylized:0.899
weird:0.88975
modern fantasy:0.87975
dark comedy:0.86625
good soundtrack:0.85075
family bonds:0.845
comedy:0.84275
storytelling:0.82225
suicide attempt:0.81725
adoption:0.81425
loneliness:0.80175
humorous:0.76325
cerebral:0.762
relationships:0.753
complex:0.7425
depression:0.742
black comedy:0.73875
love:0.73225
affectionate:0.73025
great acting:0.72925
stylish:0.71825
dialogue:0.716
witty:0.716
melancholy:0.71325
pretentious:0.70975
visually appealing:0.70975
clever:0.709
drama:0.70525
social commentary:0.705
awesome soundtrack:0.70375
independent film:0.69875
talky:0.696
family drama:0.68625
cult classic:0.685
funny:0.6835
dark:0.6815
great soundtrack:0.67875
absurd:0.67125
sarcasm:0.666
family:0.62575
oscar (best directing):0.6135
very funny:0.61075
artsy:0.60775
reflective:0.605
terminal illness:0.603
cinematography:0.601
ironic:0.59825
whimsical:0.59775
redemption:0.59725
depressing:0.59475
obsession:0.59025
parenthood:0.5885
humor:0.58825
melancholic:0.58725
intellectual:0.587
crime gone awry:0.5845
imdb top 250:0.58175
excellent script:0.57175
very interesting:0.571
great ending:0.56775
twists & turns:0.56675
interesting:0.56225
complicated:0.55775
highly quotable:0.5575
indie:0.55525
pointless:0.55225
oscar (best writing - screenplay written directly for the screen):0.5465
enigmatic:0.54625
adaptation:0.53725
dramatic:0.53225
satire:0.53225
entirely dialogue:0.532
multiple storylines:0.53125
writers:0.51975
intimate:0.51375
complex characters:0.50625
honest:0.506
suprisingly clever:0.505
pornography:0.499
culture clash:0.49575
hotel:0.49325
secrets:0.4925
masterpiece:0.4925
nudity (topless - brief):0.48225
great:0.47975
coen bros:0.4755
exceptional acting:0.4735
greed:0.47275
poignant:0.47275
cult film:0.4725
