alien:0.97525
action:0.96825
good sequel:0.9655
los angeles:0.9555
weapons:0.94925
sequel:0.94225
sequels:0.93825
hunting:0.93275
aliens:0.917
jungle:0.89825
lone hero:0.889
good action:0.88475
70mm:0.87225
gangs:0.85625
franchise:0.83925
original:0.82225
futuristic:0.78175
chase:0.756
sci-fi:0.73775
survival:0.73075
sci fi:0.72725
future:0.72675
action packed:0.68625
scifi:0.66825
good:0.663
special effects:0.66125
crappy sequel:0.655
so bad it's funny:0.6235
violent:0.59325
dialogue:0.587
vigilante:0.58375
violence:0.58125
arnold:0.55425
great ending:0.54075
culture clash:0.537
science fiction:0.535
brutality:0.52375
monster:0.5215
predictable:0.5105
dynamic cgi action:0.50675
transformation:0.506
cool:0.49625
voodoo:0.49275
mentor:0.48925
pointless:0.47975
great:0.4675
bloody:0.45275
not as good as the first:0.44975
big budget:0.44275
catastrophe:0.44225
suspense:0.4405
fight scenes:0.4315
story:0.42675
technology:0.42475
nudity (full frontal - brief):0.42175
first contact:0.42
police:0.415
gory:0.41075
bad acting:0.4085
splatter:0.40675
revenge:0.404
dystopia:0.4025
bad plot:0.40225
goofy:0.393
not funny:0.3925
fighting:0.388
intense:0.3855
vengeance:0.38375
cyborgs:0.3805
android(s)/cyborg(s):0.376
stylized:0.3675
gangsters:0.36725
stereotypes:0.3665
original plot:0.361
runaway:0.34825
foul language:0.34675
lame:0.3465
good soundtrack:0.33925
visceral:0.33675
immortality:0.33675
fun movie:0.33625
very good:0.33475
underrated:0.33475
redemption:0.33425
life philosophy:0.32875
guns:0.326
alien invasion:0.3245
life & death:0.32425
pg-13:0.31575
bad cgi:0.3145
corruption:0.31375
fun:0.3105
harsh:0.30925
claustrophobic:0.30925
entirely dialogue:0.30925
cult classic:0.3085
destiny:0.3075
storytelling:0.30225
great acting:0.29875
dark hero:0.298
