product placement:0.992
documentary:0.911
corporate america:0.9085
business:0.9055
original:0.85225
greed:0.8415
quirky:0.8075
very interesting:0.8015
corruption:0.7725
pornography:0.74325
capitalism:0.72575
satirical:0.72025
journalism:0.65575
clever:0.65025
educational:0.64175
interesting:0.628
satire:0.60825
entertaining:0.57925
humor:0.5715
great ending:0.56525
ironic:0.56125
storytelling:0.56
police investigation:0.54125
humorous:0.53575
creativity:0.53375
fun movie:0.52325
spelling bee:0.523
brutality:0.5185
serial killer:0.51
excellent script:0.49325
social commentary:0.4915
twists & turns:0.488
talky:0.48375
absurd:0.48
graphic design:0.4755
internet:0.4625
adaptation:0.46075
mentor:0.45175
nudity (topless):0.44625
lawyer:0.44525
intense:0.4415
melancholic:0.43675
manipulation:0.43625
artistic:0.43325
politics:0.43275
very funny:0.42875
great:0.42675
drinking:0.4155
suspense:0.41425
adapted from:book:0.41375
male nudity:0.41125
money:0.408
good soundtrack:0.40475
violence:0.40325
catastrophe:0.403
unusual plot structure:0.398
dialogue:0.3935
sexualized violence:0.39125
psychological:0.389
depression:0.3875
police corruption:0.3875
great movie:0.387
twist ending:0.38675
oil:0.3845
stereotypes:0.38425
oscar (best directing):0.38325
environmental:0.38125
multiple storylines:0.3755
vengeance:0.3755
life philosophy:0.37375
mental illness:0.37225
light:0.37175
justice:0.36575
weird:0.35725
death:0.357
hilarious:0.3565
goofy:0.355
imdb top 250:0.35475
culture clash:0.35425
complex:0.3535
shallow:0.3535
tricky:0.351
movielens top pick:0.3495
censorship:0.34675
fantasy world:0.34525
bad ending:0.34275
twist:0.34225
intelligent:0.3415
narrated:0.33925
investigation:0.33825
doctors:0.336
criterion:0.3305
plot twist:0.32925
predictable:0.329
loneliness:0.3215
obsession:0.32125
visually appealing:0.32025
original plot:0.32
good:0.31825
story:0.3175
