rome:0.995
adultery:0.91775
relationships:0.8855
love:0.81875
original:0.72425
visually appealing:0.707
romantic:0.67175
infidelity:0.64875
multiple storylines:0.6485
cinematography:0.6395
mentor:0.63825
hotel:0.6355
obsession:0.6315
ensemble cast:0.63025
dialogue:0.61125
absurd:0.58225
storytelling:0.56825
whimsical:0.546
clever:0.5375
comedy:0.5345
destiny:0.53425
beautiful scenery:0.5265
prostitution:0.519
witty:0.518
nostalgic:0.5175
farce:0.5045
life philosophy:0.4695
good soundtrack:0.468
catastrophe:0.4625
writers:0.4605
cheating:0.45975
story:0.45925
great ending:0.459
loneliness:0.458
romance:0.45275
paris:0.45
very funny:0.448
great:0.44725
existentialism:0.43925
marriage:0.4115
fantasy:0.4105
italy:0.4095
new york:0.40825
creativity:0.408
oscar (best supporting actress):0.40575
oscar:0.4015
runaway:0.4
predictable:0.395
life & death:0.38775
silly:0.387
art:0.373
intellectual:0.3715
fantasy world:0.36875
ironic:0.364
gunfight:0.362
fun movie:0.35825
shallow:0.3515
light:0.3505
culture clash:0.35025
pornography:0.35
surreal:0.35
adaptation:0.34975
social commentary:0.3465
unusual plot structure:0.345
quirky:0.3445
reflective:0.34025
first contact:0.33825
plot:0.33775
chase:0.33675
good:0.3365
entirely dialogue:0.335
death:0.335
suprisingly clever:0.33425
bad ending:0.334
greed:0.33375
mistaken identity:0.32925
interesting:0.32825
brutality:0.328
criterion:0.3225
twists & turns:0.31825
humorous:0.318
1920s:0.31725
funny:0.31675
excellent script:0.316
great acting:0.31575
eccentricity:0.3155
unfunny:0.315
new york city:0.315
secrets:0.313
scenic:0.312
redemption:0.31025
pg-13:0.309
cerebral:0.30725
oscar winner:0.3065
weird:0.30575
oscar (best directing):0.3055
betrayal:0.3055
hilarious:0.30425
love story:0.30375
corruption:0.30025
