music:0.9305
cult film:0.92525
rock and roll:0.92525
musical:0.92425
cult classic:0.88775
good music:0.82525
great music:0.794
weird:0.78925
music business:0.752
original:0.73425
musicians:0.67275
satirical:0.6365
grindhouse:0.62725
cult:0.6155
horror:0.59625
dancing:0.593
creativity:0.583
unusual plot structure:0.5725
camp:0.5555
visually appealing:0.553
dark humor:0.54725
goth:0.529
mentor:0.5115
lyrical:0.48875
campy:0.488
splatter:0.48775
good soundtrack:0.4805
demons:0.47225
opera:0.4705
fun movie:0.451
black comedy:0.44175
devil:0.41425
storytelling:0.40575
catastrophe:0.403
so bad it's funny:0.39525
great:0.3905
parody:0.37225
gothic:0.372
surveillance:0.36725
harsh:0.36625
greed:0.364
revenge:0.36175
melancholic:0.36
great ending:0.35525
visual:0.35525
brutality:0.3525
original plot:0.35125
awesome soundtrack:0.3505
criterion:0.3495
satire:0.34675
bizarre:0.34475
macabre:0.343
creepy:0.342
stylish:0.341
nocturnal:0.34
dialogue:0.34
stylized:0.3385
vengeance:0.3375
mozart:0.33675
death:0.33075
visceral:0.3305
story:0.32775
passionate:0.3275
mad scientist:0.32025
allegory:0.31775
sacrifice:0.31625
transformation:0.31425
runaway:0.3115
humorous:0.30925
adaptation:0.30575
redemption:0.3015
dark comedy:0.2995
culture clash:0.2965
absurd:0.28825
disturbing:0.28775
silly:0.286
enigmatic:0.285
destiny:0.28425
lone hero:0.2835
multiple storylines:0.28225
masterpiece:0.277
suprisingly clever:0.275
good:0.2685
zombie:0.267
sisters:0.26675
obsession:0.26575
wilderness:0.2655
clever:0.2645
cinematography:0.26425
fantasy world:0.26275
not funny:0.256
tragedy:0.254
adapted from:book:0.24875
nostalgic:0.248
visually stunning:0.24625
entirely dialogue:0.2445
immortality:0.24225
very funny:0.241
reflective:0.23825
childhood:0.2365
