islam:0.99325
mentor:0.9695
unlikely friendships:0.9685
loneliness:0.95725
melancholic:0.9385
coming of age:0.92425
friendship:0.92
coming-of-age:0.89925
storytelling:0.8925
bittersweet:0.875
heartwarming:0.8575
adoption:0.84925
sentimental:0.845
life:0.84425
childhood:0.82525
compassionate:0.82225
fairy tale:0.82025
original:0.813
touching:0.79025
adolescence:0.7695
poignant:0.762
good soundtrack:0.761
jewish:0.76025
pg-13:0.758
father son relationship:0.75575
jews:0.7555
based on book:0.75075
foreign:0.75025
intimate:0.7415
destiny:0.734
social commentary:0.731
runaway:0.73075
idealism:0.726
beautifully filmed:0.71375
sweet:0.711
reflective:0.70175
pornography:0.69375
philosophy:0.6925
religion:0.691
life & death:0.691
realistic:0.69075
books:0.6895
depression:0.68325
dramatic:0.67725
emotional:0.64875
oscar (best foreign language film):0.63375
judaism:0.624
story:0.62325
drinking:0.6215
father-son relationship:0.6185
meditative:0.616
melancholy:0.61525
narrated:0.615
culture clash:0.61
simple:0.6075
road trip:0.6055
solitude:0.6
secrets:0.59925
life philosophy:0.59225
bollywood:0.592
road movie:0.58775
nostalgic:0.586
light:0.581
death:0.565
harsh:0.56475
visually appealing:0.56075
movielens top pick:0.558
adapted from:book:0.54625
very interesting:0.54575
nocturnal:0.54
tragedy:0.5305
prostitution:0.53
suprisingly clever:0.52725
redemption:0.5255
greed:0.52125
fantasy world:0.52
drama:0.51775
honest:0.5165
paris:0.512
bleak:0.50775
cinematography:0.50625
good:0.49875
depressing:0.49825
very funny:0.49725
self discovery:0.49725
french:0.497
transformation:0.49625
visually stunning:0.4945
based on a book:0.4945
criterion:0.49375
beautiful:0.48975
literature:0.48775
new jersey:0.48325
great ending:0.48275
sad but good:0.482
existentialism:0.481
teenager:0.477
talky:0.47175
feel good movie:0.466
relationships:0.465
