adapted from:book:0.98675
obsession:0.97475
controversial:0.92375
erotic:0.89425
based on a book:0.8905
sexual:0.85625
amazing cinematography:0.8455
adaptation:0.837
male nudity:0.82175
narrated:0.80125
literature:0.77525
pornography:0.76275
visually appealing:0.76225
book:0.73875
based on book:0.71925
books:0.7135
original:0.70125
censorship:0.6795
sexy:0.66425
book was better:0.65225
sexuality:0.6105
passionate:0.602
powerful ending:0.592
sexualized violence:0.57425
nudity (full frontal - notable):0.57325
good soundtrack:0.5685
cinematography:0.566
nudity (full frontal - brief):0.546
disturbing:0.5395
beautifully filmed:0.535
enigmatic:0.5215
nudity (topless - notable):0.4965
kubrick:0.493
loneliness:0.469
manipulation:0.46875
beautiful scenery:0.4685
relationships:0.4665
betrayal:0.4665
justice:0.45425
runaway:0.45225
brutality:0.45175
complex:0.44675
melancholic:0.446
love:0.44025
very interesting:0.43725
mentor:0.43325
greed:0.42975
literary adaptation:0.4275
nudity (full frontal):0.42475
drama:0.423
paranoia:0.42125
catastrophe:0.41975
storytelling:0.41875
secrets:0.4145
great ending:0.4135
adolescence:0.413
ironic:0.4095
incest:0.406
childhood:0.3965
affectionate:0.396
masterpiece:0.39425
sex:0.394
beautiful:0.391
love story:0.38625
dialogue:0.38425
distopia:0.3805
bdsm:0.3785
great acting:0.37775
insanity:0.3715
interesting:0.36975
vengeance:0.367
satirical:0.362
wistful:0.3535
story:0.35075
weird:0.346
tragedy:0.346
good:0.3435
criterion:0.339
guilt:0.3385
culture clash:0.3355
not funny:0.33375
suprisingly clever:0.3325
psychological:0.33025
reflective:0.329
art:0.32875
underrated:0.328
psychology:0.3265
black comedy:0.3265
photography:0.32475
police investigation:0.32075
great:0.3195
breathtaking:0.31875
costume drama:0.31825
talky:0.31725
adultery:0.31475
twists & turns:0.306
transformation:0.30525
very funny:0.30325
excellent:0.3005
redemption:0.30025
