male nudity:0.993
nudity (full frontal - notable):0.94575
art house:0.9255
sexual:0.91675
women:0.90025
nudity (full frontal):0.89875
erotic:0.86375
pornography:0.827
relationships:0.7435
surreal:0.707
sexy:0.695
original:0.69
dialogue:0.66825
pointless:0.653
sex:0.634
melancholic:0.569
art:0.568
visual:0.5675
prostitution:0.5585
pretentious:0.55775
weird:0.55275
fantasy:0.53025
incest:0.52625
intimate:0.52325
harsh:0.52125
disturbing:0.51025
criterion:0.49475
controversial:0.48875
entirely dialogue:0.48025
storytelling:0.474
bizarre:0.47375
absurd:0.4715
brutality:0.47075
lynch:0.452
powerful ending:0.45
sexualized violence:0.45
reflective:0.449
tokyo:0.40725
enigmatic:0.406
intellectual:0.40475
mentor:0.395
visually stunning:0.392
quirky:0.386
grindhouse:0.38475
catastrophe:0.3795
stylized:0.377
surrealism:0.36725
great ending:0.36075
visually appealing:0.3545
fantasy world:0.35125
visuals:0.34825
stylish:0.34275
good soundtrack:0.34175
loneliness:0.33875
sexuality:0.32475
adaptation:0.3245
not funny:0.3185
predictable:0.3175
complex:0.3165
dreamlike:0.30925
visceral:0.3075
sexual abuse:0.30425
clever:0.30375
very interesting:0.30175
cinematography:0.30025
runaway:0.2985
police investigation:0.298
talky:0.29575
obsession:0.2955
golden palm:0.281
death:0.2795
suprisingly clever:0.27875
nudity (topless):0.27825
nocturnal:0.27775
life philosophy:0.27325
boring:0.27225
overrated:0.2715
nudity (full frontal - brief):0.26575
twists & turns:0.2655
nudity:0.26525
clones:0.26175
cult film:0.26125
non-linear:0.2605
lone hero:0.2605
ironic:0.2595
bad plot:0.258
first contact:0.25575
artistic:0.25325
books:0.2525
boring!:0.24175
crime gone awry:0.2415
writers:0.2365
identity:0.23625
redemption:0.23575
nudity (topless - notable):0.2345
cult classic:0.233
farce:0.23125
existentialism:0.22925
very funny:0.22925
gangsters:0.22925
