beatles:0.9715
rock and roll:0.9605
musicians:0.848
biographical:0.84325
biography:0.8375
documentary:0.767
relationships:0.76225
life:0.7565
narrated:0.75575
oscar (best directing):0.75125
good:0.74875
artist:0.748
new york city:0.73275
original:0.72
music:0.7185
great ending:0.70175
great movie:0.69825
wistful:0.686
mentor:0.68475
runaway:0.68375
great:0.6785
very interesting:0.678
good soundtrack:0.67475
death:0.66225
honest:0.655
assassination:0.6305
love:0.60775
highly quotable:0.60125
interesting:0.5985
destiny:0.58625
artistic:0.5845
poignant:0.5845
obsession:0.56425
creativity:0.56175
murder:0.552
pornography:0.5495
friendship:0.54775
loneliness:0.54575
social commentary:0.54525
enigmatic:0.54375
criterion:0.5435
drinking:0.53625
suprisingly clever:0.53325
excellent script:0.53125
imdb top 250:0.52725
based on book:0.52625
solitude:0.521
earnest:0.521
pg-13:0.5205
great music:0.51825
downbeat:0.515
justice:0.51475
weird:0.51025
unlikely friendships:0.506
gunfight:0.50575
culture clash:0.49975
awesome soundtrack:0.49775
long:0.4975
reflective:0.4975
good acting:0.4955
1980s:0.4905
biopic:0.48
race issues:0.465
storytelling:0.46375
life philosophy:0.4635
light:0.46275
harsh:0.462
catastrophe:0.4565
good music:0.45525
unusual plot structure:0.4525
corruption:0.45125
childhood:0.44925
depression:0.44425
great acting:0.442
quotable:0.44125
very good:0.43375
sacrifice:0.428
writers:0.426
life & death:0.42575
movielens top pick:0.42425
talky:0.42225
nudity (full frontal - brief):0.421
1970s:0.421
dialogue:0.41425
adapted from:book:0.41175
eccentricity:0.411
us history:0.4075
bittersweet:0.40525
complex:0.4045
melancholic:0.4045
beautiful scenery:0.4025
clever:0.3955
crude humor:0.3935
sentimental:0.3855
gangsters:0.384
amazing photography:0.38225
oscar:0.38125
great soundtrack:0.3775
male nudity:0.376
oscar winner:0.37575
