alien:0.968
fun movie:0.887
aliens:0.86275
silly fun:0.833
80s:0.82425
silly:0.798
so bad it's funny:0.7775
cult film:0.75975
original:0.73475
fun:0.70175
scifi:0.68825
comedy:0.68075
musical:0.66425
california:0.63775
cult classic:0.63275
sci fi:0.62125
mad scientist:0.603
goofy:0.5965
feel-good:0.59425
light:0.57675
music:0.54475
1980s:0.5225
good music:0.5195
sexy:0.51225
campy:0.5035
feel good movie:0.49225
mentor:0.479
predictable:0.46775
sci-fi:0.45575
special effects:0.431
dancing:0.42075
happy ending:0.4165
great:0.41575
cute:0.41475
catastrophe:0.41375
awesome soundtrack:0.41275
good soundtrack:0.40775
zombie:0.39625
weird:0.39525
great ending:0.39175
camp:0.38525
dialogue:0.3805
good:0.38
cute!:0.376
entertaining:0.37175
romance:0.3715
funny:0.3655
story:0.36425
first contact:0.3625
cool:0.35825
splatter:0.358
science fiction:0.35725
very funny:0.35675
destiny:0.355
brutality:0.33975
alien invasion:0.339
quirky:0.3365
creativity:0.32375
corny:0.32325
fantasy world:0.3215
redemption:0.305
scifi cult:0.30475
bad plot:0.3015
visually stunning:0.301
suprisingly clever:0.2975
screwball:0.29725
not funny:0.297
storytelling:0.29425
slapstick:0.29425
spoof:0.292
chase:0.28775
culture clash:0.283
family:0.282
stupidity:0.281
fight scenes:0.281
lone hero:0.279
melancholic:0.277
good action:0.27375
life philosophy:0.27175
entirely dialogue:0.27
so bad it's good:0.268
adaptation:0.265
unfunny:0.26475
existentialism:0.2635
love story:0.2595
boring:0.2575
overrated:0.25525
humorous:0.25275
romantic comedy:0.252
censorship:0.25125
visual:0.25025
humanity:0.2495
transformation:0.24775
unusual plot structure:0.24225
romantic:0.24175
childhood:0.23975
cheesy:0.23875
doctors:0.2375
nocturnal:0.2285
runaway:0.22825
