romantic comedy:0.98
sports:0.9755
baseball:0.961
romantic:0.94325
chick flick:0.89825
obsession:0.8555
romance:0.85125
love story:0.846
based on a book:0.834
relationships:0.829
football:0.79025
boston:0.7895
sweet:0.76475
good romantic comedies:0.726
girlie movie:0.7095
original:0.704
cute:0.6955
fun movie:0.68675
love:0.669
happy ending:0.642
cute!:0.62075
predictable:0.6185
destiny:0.5805
feel-good:0.57225
great:0.54825
pg-13:0.54275
fun:0.51325
life philosophy:0.49275
light:0.4885
mentor:0.48575
comedy:0.48425
feel good movie:0.474
new jersey:0.46975
funny:0.4645
silly fun:0.46375
good:0.46325
passionate:0.44625
dialogue:0.445
family:0.4425
adaptation:0.4335
brothers:0.427
great ending:0.426
very funny:0.41975
catastrophe:0.4165
transformation:0.415
sappy:0.38875
good soundtrack:0.36775
great movie:0.36625
women:0.3515
based on book:0.34075
sexy:0.335
soccer:0.3195
stereotypes:0.31925
quirky:0.31775
storytelling:0.31725
culture clash:0.3155
not funny:0.3155
entertaining:0.30475
golf:0.29925
unfunny:0.2945
witty:0.2945
chase:0.2915
adapted from:book:0.291
series:0.2905
fantasy world:0.29025
better than expected:0.289
brutality:0.2875
marriage:0.28525
great acting:0.28325
story:0.28025
lone hero:0.279
inspirational:0.27725
cool:0.27725
unlikely friendships:0.277
gay character:0.27425
oscar (best supporting actress):0.27375
runaway:0.272
shallow:0.26875
goofy:0.2685
crude humor:0.2665
underdog:0.26525
fight scenes:0.26375
first contact:0.262
alter ego:0.25975
books:0.25925
overrated:0.2565
teacher:0.25625
good action:0.256
childhood:0.256
honest:0.25475
entirely dialogue:0.25225
good dialogue:0.25
interracial romance:0.25
teen movie:0.247
silly:0.24125
bittersweet:0.2385
writers:0.23625
redemption:0.236
heartwarming:0.2335
melancholic:0.233
