fun movie:0.952
beer:0.94925
teen movie:0.92675
goofy:0.9215
80s:0.9085
1980s:0.8905
geeks:0.87875
teen:0.86375
silly fun:0.8625
silly:0.8245
comedy:0.82075
good soundtrack:0.8145
fun:0.77875
sexy:0.748
original:0.72725
college:0.711
cool:0.71075
teens:0.7075
pornography:0.70425
bad plot:0.6865
so bad it's funny:0.686
cult film:0.67175
nerds:0.66475
predictable:0.6515
nudity (topless):0.65075
grindhouse:0.62175
nostalgic:0.6205
drinking:0.5945
very funny:0.5845
high school:0.5565
dumb:0.54025
nudity (topless - notable):0.54025
cult classic:0.5395
shallow:0.527
light:0.5265
mentor:0.51875
chase:0.517
geek:0.515
brutality:0.508
buddy movie:0.48875
great ending:0.48175
stupid as hell:0.476
dumb but funny:0.4755
crude humor:0.47175
romance:0.465
virginity:0.4635
revenge:0.46175
storytelling:0.458
pointless:0.45675
lame:0.4485
cheesy:0.4365
hotel:0.43025
hilarious:0.421
vengeance:0.4115
catastrophe:0.40975
fight scenes:0.407
parody:0.40475
stupidity:0.3995
overrated:0.398
death:0.398
destiny:0.3925
stereotypes:0.388
coming-of-age:0.38725
weed:0.386
nostalgia:0.3815
dialogue:0.376
splatter:0.3755
nudity (full frontal - notable):0.37425
ninja:0.359
fantasy:0.35825
camp:0.35775
great soundtrack:0.35525
based on a video game:0.35475
idiotic:0.35475
quirky:0.35425
amy smart:0.35425
first contact:0.35375
video game:0.35375
finnish:0.3515
funny:0.346
bullying:0.346
great:0.34375
fantasy world:0.3385
campy:0.3385
family:0.3355
life philosophy:0.33325
runaway:0.33225
lone hero:0.32425
stupid:0.31875
culture clash:0.318
cinematography:0.31675
plot:0.31625
funny as hell:0.31425
nudity (full frontal - brief):0.30775
pg-13:0.30525
not funny:0.305
redemption:0.3045
violence:0.3045
adaptation:0.3025
special:0.30225
