romantic comedy:0.994
romantic:0.96275
sweet:0.96075
classic:0.958
love story:0.93125
romance:0.85925
feel-good:0.857
imdb top 250:0.8175
heartwarming:0.80875
happy ending:0.80775
original:0.77975
good romantic comedies:0.776
feel good movie:0.7535
christmas:0.74625
oscar (best actress):0.7385
destiny:0.72375
screwball:0.70825
witty:0.702
oscar (best directing):0.6995
afi 100:0.6935
story:0.6905
sentimental:0.68425
touching:0.67225
criterion:0.669
idealism:0.66425
good:0.64275
chick flick:0.63425
light:0.632
good acting:0.62575
black and white:0.61975
relationships:0.61625
earnest:0.6155
dialogue:0.61475
sappy:0.61275
perfect:0.606
great:0.592
oscar (best supporting actress):0.59175
talky:0.58925
beautiful scenery:0.58725
love:0.58325
runaway:0.57875
dramatic:0.5775
loneliness:0.56075
drama:0.55425
adultery:0.553
remade:0.54125
enigmatic:0.54
adaptation:0.5395
interesting:0.53925
great movie:0.537
transformation:0.53625
clever:0.52975
melancholy:0.5225
betrayal:0.52025
great acting:0.51325
mentor:0.513
literature:0.50675
utopia:0.50675
holiday:0.50525
comedy:0.504
suprisingly clever:0.49675
fun movie:0.49525
atmospheric:0.48875
unusual plot structure:0.48125
great ending:0.4795
beautifully filmed:0.4695
sexy:0.46325
oscar winner:0.46
cerebral:0.458
entirely dialogue:0.45725
greed:0.45725
storytelling:0.457
bittersweet:0.45275
catastrophe:0.44675
culture clash:0.4445
very good:0.4435
breathtaking:0.43575
forceful:0.4355
narrated:0.4345
cute:0.43325
original plot:0.431
affectionate:0.42875
adapted from:book:0.424
prejudice:0.416
not funny:0.4105
cute!:0.41
movielens top pick:0.40975
secrets:0.4095
identity:0.406
good soundtrack:0.40525
excellent:0.40375
fun:0.40125
based on a play:0.40125
wistful:0.40075
infidelity:0.396
paris:0.38925
solitude:0.38175
british:0.38125
farce:0.38
simple:0.37525
