slasher:0.99525
horror:0.9895
stylish:0.98025
splatter:0.9685
bloody:0.959
original:0.95275
gory:0.9335
cult classic:0.92675
creepy:0.926
tense:0.92575
serial killer:0.9225
violence:0.921
gruesome:0.91575
claustrophobic:0.9125
suspenseful:0.8875
visually appealing:0.88325
violent:0.87525
brutality:0.86875
weird:0.86025
demons:0.85925
twist ending:0.85575
grindhouse:0.845
good soundtrack:0.83875
macabre:0.82925
gore:0.82475
directorial debut:0.81975
death:0.81875
vengeance:0.804
dark humor:0.80225
mentor:0.7935
dark:0.785
italian:0.78475
atmospheric:0.778
grim:0.776
absurd:0.77475
scary:0.77225
finnish:0.76725
plot twist:0.76225
blood:0.73975
visceral:0.73925
intense:0.7325
brutal:0.72775
cult film:0.72725
social commentary:0.7245
criterion:0.70875
ominous:0.70075
hospital:0.69975
harsh:0.6995
surreal:0.69675
melancholic:0.69325
dreamlike:0.6905
hallucinatory:0.689
nudity:0.67475
sexualized violence:0.672
dark hero:0.671
stylized:0.66725
1980s:0.6655
twist:0.6655
low budget:0.6585
cult:0.6585
parody:0.643
insanity:0.64075
murder:0.637
off-beat comedy:0.63175
teens:0.626
camp:0.62025
cinematography:0.61175
cerebral:0.6075
monster:0.60125
nudity (topless):0.597
weapons:0.5955
nocturnal:0.59475
zombie:0.59475
downbeat:0.58125
multiple storylines:0.55375
dialogue:0.53825
halloween:0.536
gunfight:0.53425
revenge:0.52875
twists & turns:0.52475
enigmatic:0.51925
irreverent:0.51625
storytelling:0.51375
nudity (full frontal - brief):0.51025
pornography:0.508
nudity (full frontal - notable):0.5075
cannibalism:0.5
gratuitous violence:0.49675
enormously long battle scene:0.4925
quotable:0.492
suspense:0.492
drugs:0.486
psychological:0.484
80s:0.4805
great:0.4805
creativity:0.468
adaptation:0.46375
foul language:0.46025
biting:0.45825
farce:0.4555
