rape:0.976
disturbing:0.9725
sexualized violence:0.96175
brutality:0.9605
splatter:0.9355
brutal:0.927
horror:0.90075
violent:0.89525
pornography:0.885
nudity (full frontal):0.87275
visceral:0.8645
violence:0.86125
serial killer:0.84825
bdsm:0.8415
revenge:0.8395
nudity (full frontal - notable):0.83
kidnapping:0.8215
bloody:0.81525
gory:0.80875
hard to watch:0.794
sexual abuse:0.7925
cult film:0.77075
torture:0.7595
controversial:0.7525
vengeance:0.733
gruesome:0.733
cult classic:0.7315
murder:0.724
weird:0.692
original:0.69175
grindhouse:0.68625
cannibalism:0.66975
gratuitous violence:0.61625
graphic novel:0.60325
good soundtrack:0.563
gore:0.52575
gangs:0.51575
macabre:0.511
harsh:0.511
insanity:0.5055
male nudity:0.49525
bad acting:0.48775
psychological:0.481
grim:0.46675
creepy:0.45575
road movie:0.43875
melancholic:0.43125
so bad it's funny:0.43075
runaway:0.43
pointless:0.4295
vigilantism:0.42225
low budget:0.4115
goretastic:0.40775
teens:0.4035
psychology:0.40325
nudity (full frontal - brief):0.39925
blood:0.39775
intense:0.389
justice:0.38575
scary:0.3835
great ending:0.378
supernatural:0.37775
adaptation:0.3775
slasher:0.3715
gritty:0.369
ironic:0.368
police investigation:0.36625
dialogue:0.36475
sexual:0.352
catastrophe:0.35
horrible:0.34275
demons:0.336
overrated:0.333
not funny:0.33275
mentor:0.3305
nudity:0.321
culture clash:0.32075
stylish:0.32075
atmospheric:0.30625
stylized:0.30425
fantasy world:0.29975
vigilante:0.29925
censorship:0.2985
social commentary:0.293
masterpiece:0.293
classic car:0.29225
suspense:0.288
cult:0.287
drug abuse:0.28075
80s:0.28
bullying:0.2795
mad scientist:0.278
slapstick:0.278
criterion:0.2755
entirely dialogue:0.27125
black comedy:0.27075
marijuana:0.26175
gangsters:0.26
unfunny:0.258
dark humor:0.2535
