bullying:0.984
pornography:0.963
social commentary:0.9385
adolescence:0.89825
true story:0.88625
sexualized violence:0.877
disturbing:0.83575
innocence lost:0.83525
teen movie:0.83525
violence:0.83275
nudity (full frontal - notable):0.83225
brutality:0.82525
teen:0.82425
drugs:0.82175
sex:0.8215
rape:0.8175
teens:0.79825
murder:0.78725
teenagers:0.78375
suburbia:0.7835
good soundtrack:0.77975
violent:0.77925
based on true story:0.77
sexual:0.769
controversial:0.769
police investigation:0.76325
original:0.74625
drug abuse:0.73325
teenager:0.72725
nudity (full frontal):0.69975
kids:0.6965
obsession:0.6905
interesting:0.6865
based on a book:0.6655
runaway:0.659
male nudity:0.64925
harsh:0.635
hard to watch:0.6345
brutal:0.617
very interesting:0.6165
realistic:0.60725
based on a true story:0.60075
weird:0.6005
mentor:0.5935
based on book:0.5795
sexuality:0.57425
crime gone awry:0.574
revenge:0.57325
high school:0.57125
drinking:0.565
addiction:0.55575
vengeance:0.5445
intense:0.54
erotic:0.53975
nudity:0.53925
storytelling:0.536
corruption:0.5215
bleak:0.5205
nudity (topless - notable):0.518
dark:0.517
sexual abuse:0.51275
golden palm:0.50625
unlikely friendships:0.5045
hip hop:0.5025
great ending:0.49625
childhood:0.4895
stylized:0.4885
coming of age:0.48625
independent film:0.485
voyeurism:0.48125
dialogue:0.47925
drug addiction:0.478
exceptional acting:0.475
relationships:0.47025
weed:0.46075
friendship:0.46
gritty:0.458
crime:0.4545
stoner movie:0.45
rebellion:0.44325
gangs:0.441
psychological:0.43775
indie:0.4365
great acting:0.4285
plot:0.42725
pointless:0.42625
melancholic:0.42625
nocturnal:0.425
sexy:0.42475
criterion:0.42125
guilt:0.42125
intimate:0.41225
justice:0.4065
narrated:0.399
redemption:0.39625
adaptation:0.39575
catastrophe:0.392
talky:0.391
enigmatic:0.38425
betrayal:0.384
