western:0.997
highly quotable:0.992
civil war:0.9885
gunfight:0.98625
moral ambiguity:0.95
vengeance:0.9425
revenge:0.93975
lone hero:0.89775
story:0.8895
american civil war:0.889
great movie:0.886
violent:0.87175
imdb top 250:0.86825
classic:0.8675
dialogue:0.852
quotable:0.846
violence:0.82225
indians:0.82075
mentor:0.8115
masterpiece:0.8085
great:0.79575
original:0.78725
oscar (best directing):0.785
war:0.77525
scenic:0.767
tense:0.76575
redemption:0.75775
betrayal:0.755
historical:0.74725
great ending:0.74525
complex characters:0.74225
brutality:0.742
harsh:0.72125
justice:0.7165
drama:0.71
spaghetti western:0.703
murder:0.70225
life & death:0.694
forceful:0.69325
realistic:0.69275
dramatic:0.69225
cinematography:0.69125
action:0.691
bloody:0.69025
friendship:0.68875
great acting:0.68825
good:0.6865
good soundtrack:0.68625
native americans:0.68375
excellent script:0.6825
excellent:0.68175
anti-hero:0.67775
guns:0.6775
good acting:0.671
social commentary:0.66775
culture clash:0.66325
cult classic:0.6625
intense:0.66125
suspense:0.661
nudity (topless - brief):0.65225
action packed:0.64275
idealism:0.64075
gangs:0.63575
storytelling:0.6315
poignant:0.61875
weapons:0.6165
script:0.61425
unlikely friendships:0.61275
visceral:0.60925
runaway:0.60775
epic:0.59825
drinking:0.598
chase:0.59775
beautiful scenery:0.59175
grim:0.59175
reflective:0.588
talky:0.5855
corruption:0.58375
interesting:0.58175
brutal:0.57425
survival:0.572
beautifully filmed:0.568
humorous:0.56225
tragedy:0.56175
complex:0.5565
twists & turns:0.55575
original plot:0.552
gritty:0.54625
family:0.546
powerful ending:0.54575
history:0.544
adventure:0.54
ensemble cast:0.53675
morality:0.53625
vigilantism:0.536
ennio morricone:0.53425
fighting:0.5325
movielens top pick:0.52925
texas:0.5285
bleak:0.52775
