meditative:0.991
cinematography:0.98775
criterion:0.9805
amazing cinematography:0.97275
visual:0.97175
narrated:0.93975
visually stunning:0.93375
beautifully filmed:0.92575
breathtaking:0.921
stunning:0.9195
photography:0.91925
masterpiece:0.91175
storytelling:0.89475
loneliness:0.86675
melancholic:0.86575
scenic:0.86475
intimate:0.85025
enigmatic:0.838
oscar (best cinematography):0.83
reflective:0.82775
imdb top 250:0.8205
visually appealing:0.817
dreamlike:0.81025
lyrical:0.79575
art house:0.79525
slow paced:0.785
dialogue:0.7655
golden palm:0.7635
cerebral:0.762
greed:0.75475
talky:0.7545
atmospheric:0.75175
original:0.7495
allegory:0.7445
bleak:0.74075
visuals:0.72825
beautiful:0.72725
existentialism:0.72125
hallucinatory:0.712
weird:0.7115
oscar (best directing):0.7035
melancholy:0.6885
beautiful scenery:0.6805
story:0.6785
love triangles:0.65825
stylized:0.65575
slow:0.65025
complex:0.64725
tragedy:0.63325
unusual plot structure:0.61975
runaway:0.6195
period piece:0.6165
philosophical:0.61475
ennio morricone:0.61275
oscar (best actress):0.61125
social commentary:0.6085
moral ambiguity:0.60575
character study:0.60075
life & death:0.59525
drama:0.58925
interesting:0.58875
catastrophe:0.58675
childhood:0.58475
great cinematography:0.5845
oscar (best picture):0.57775
visceral:0.572
downbeat:0.56925
betrayal:0.56875
understated:0.56725
entirely dialogue:0.556
suprisingly clever:0.5485
secrets:0.5435
culture clash:0.54175
great acting:0.54075
poetry:0.53775
affectionate:0.53725
adultery:0.53475
good soundtrack:0.53375
colourful:0.52475
oscar (best foreign language film):0.5215
imagination:0.51725
crime gone awry:0.51175
surreal:0.51025
great ending:0.506
light:0.50525
intense:0.5025
solitude:0.50125
artistic:0.49925
art:0.49825
passionate:0.4905
great:0.4875
dreams:0.487
obsession:0.4815
oscar (best supporting actress):0.47525
harsh:0.463
good acting:0.46225
psychological:0.4595
man versus machine:0.458
assassination:0.45575
death:0.45075
