franchise:0.99625
slasher:0.98875
horror:0.94775
splatter:0.9235
serial killer:0.8935
teens:0.88375
murder:0.87425
camp:0.8225
series:0.8225
nudity (topless):0.814
original:0.76525
crappy sequel:0.765
great ending:0.75375
nudity:0.746
predictable:0.70625
pointless:0.6685
halloween:0.66675
bad plot:0.66375
brutality:0.6595
demons:0.65625
sequel:0.63875
male nudity:0.6365
bloody:0.635
gory:0.62725
gore:0.6225
supernatural:0.603
pornography:0.60075
stupid as hell:0.58075
campy:0.56525
weapons:0.53025
scary:0.5225
violence:0.504
dialogue:0.4875
idiotic:0.483
mentor:0.47975
overrated:0.47275
good sequel:0.47175
stupid:0.46775
bad ending:0.45725
sexualized violence:0.44975
death:0.4465
special effects:0.43775
sci fi:0.434
silly:0.43125
monster:0.421
bad acting:0.41825
immortality:0.40975
so bad it's funny:0.40875
blood:0.4065
weird:0.40325
creativity:0.4
first contact:0.39675
gruesome:0.39475
suspense:0.39175
parody:0.3915
goofy:0.38775
not funny:0.38675
chase:0.3845
cult film:0.3825
writers:0.3825
ridiculous:0.3735
reality tv:0.37225
adaptation:0.372
twist ending:0.36725
violent:0.36625
quirky:0.36475
entirely dialogue:0.35375
slapstick:0.352
vengeance:0.347
family:0.3465
disaster:0.34625
fantasy world:0.34375
fun movie:0.3435
catastrophe:0.3435
grindhouse:0.34175
science fiction:0.3395
fantasy:0.339
action:0.33825
teen movie:0.33775
fight scenes:0.33775
storytelling:0.336
multiple storylines:0.3345
cool:0.329
life philosophy:0.319
horrible:0.30975
action packed:0.30725
silly fun:0.30325
sequels:0.302
nudity (topless - notable):0.29725
doctors:0.29525
absurd:0.29175
harsh:0.2845
nudity (full frontal - brief):0.2815
story:0.28025
melancholic:0.27875
runaway:0.2775
lone hero:0.27575
teen:0.27425
plot holes:0.2735
fun:0.273
