spanish:0.99
almodovar:0.858
farce:0.84875
screwball:0.839
sexy:0.8165
spain:0.73625
original:0.71875
male nudity:0.6265
spoof:0.6005
nudity (topless - notable):0.58275
satirical:0.5715
weird:0.57025
pornography:0.5465
glbt:0.53325
stylish:0.50675
mentor:0.50075
relationships:0.483
parallel universe:0.4785
entirely dialogue:0.46575
queer:0.46375
gay:0.463
dialogue:0.45525
film noir:0.45425
fun movie:0.4535
sex:0.4535
women:0.44275
nudity (full frontal - notable):0.4425
bollywood:0.44125
sex comedy:0.4325
based on a play:0.43225
witty:0.42675
grindhouse:0.421
romance:0.418
melancholic:0.41525
catastrophe:0.415
wine:0.41275
talky:0.40025
great:0.394
adultery:0.37275
splatter:0.37075
costume drama:0.3655
hitman:0.365
homosexuality:0.36075
tokyo:0.35875
great ending:0.3565
road movie:0.34875
enigmatic:0.3405
transgender:0.339
obsession:0.3375
quirky:0.337
comedy:0.337
suprisingly clever:0.33625
brutality:0.33275
culture clash:0.33275
writers:0.3305
slapstick:0.3305
stylized:0.32725
light:0.31525
nudity (full frontal - brief):0.306
criterion:0.3045
oscar (best foreign language film):0.3025
vengeance:0.301
dreams:0.3005
satire:0.298
storytelling:0.29475
beautifully filmed:0.29475
author:neil gaiman:0.292
visually appealing:0.28625
adaptation:0.28575
segregation:0.2855
intimate:0.283
fantasy world:0.27525
drinking:0.27325
better than the american version:0.271
very funny:0.2705
nudity (topless):0.26125
bloody:0.25925
twists & turns:0.258
dreamlike:0.25575
allegory:0.2555
golden palm:0.2555
passionate:0.25475
silly fun:0.25425
absurd:0.24975
erotic:0.248
not funny:0.24725
fun:0.242
cinematography:0.23875
sexualized violence:0.23875
gangsters:0.2375
lone hero:0.237
multiple storylines:0.2365
1920s:0.2335
british:0.22875
movielens top pick:0.224
fake documentary:0.223
dark humor:0.22125
good soundtrack:0.221
overrated:0.21975
first contact:0.2195
