medieval:0.95525
brutality:0.68225
supernatural:0.644
original:0.63425
god:0.6275
bad ending:0.62375
england:0.58575
religion:0.537
moral ambiguity:0.5175
catholicism:0.50875
great ending:0.50625
story:0.498
allegory:0.4735
brutal:0.46625
fight scenes:0.45725
dialogue:0.4565
visually appealing:0.45425
london:0.452
period piece:0.447
harsh:0.44675
christianity:0.4445
demons:0.44275
historical:0.4115
beautiful scenery:0.411
violence:0.40975
british:0.4065
betrayal:0.40425
mentor:0.40375
death:0.40275
witches:0.40225
catastrophe:0.39225
not funny:0.3915
dark:0.38325
good:0.37525
devil:0.36975
predictable:0.36875
thought-provoking:0.3675
fantasy world:0.3595
visceral:0.3585
destiny:0.3525
weapons:0.35
fantasy:0.34775
cinematography:0.34575
violent:0.3405
happy ending:0.3385
bad plot:0.337
action:0.33675
suspense:0.33625
life & death:0.3355
witch:0.32925
transformation:0.3275
greed:0.32225
twists & turns:0.32175
atmospheric:0.3205
bloody:0.31925
light:0.31925
finnish:0.315
pointless:0.31025
life philosophy:0.30575
vengeance:0.29975
sacrifice:0.2995
first contact:0.2965
twist ending:0.29525
low budget:0.29525
weird:0.295
horror:0.29325
visual:0.28175
grindhouse:0.28025
gritty:0.27975
adaptation:0.277
great:0.272
adventure:0.2675
shallow:0.267
great acting:0.2635
bleak:0.263
scary:0.26225
runaway:0.262
factual:0.26175
nocturnal:0.26025
surreal:0.26025
entirely dialogue:0.25925
disturbing:0.259
stylized:0.25825
good soundtrack:0.25775
depression:0.2545
unfunny:0.25275
storytelling:0.25175
lone hero:0.24625
redemption:0.24425
revenge:0.2435
clever:0.2425
absurd:0.241
rats:0.24075
melancholic:0.24025
splatter:0.23975
good acting:0.23825
secrets:0.23525
torture:0.2295
humanity:0.2295
cult film:0.226
