rock and roll:0.998
musicians:0.964
awesome soundtrack:0.94825
music:0.938
school:0.87575
teacher:0.87
comedy:0.8485
hip hop:0.8335
musical:0.832
kids:0.82
good music:0.8125
great soundtrack:0.8085
pg-13:0.80425
fun movie:0.80025
funny:0.798
feel-good:0.7965
original:0.791
music business:0.76575
high school:0.74425
great movie:0.74375
feel good movie:0.74125
great music:0.737
great:0.7355
good soundtrack:0.73375
good:0.716
hilarious:0.7125
teen:0.70225
runaway:0.6705
kids and family:0.64675
fun:0.64275
very funny:0.63625
entertaining:0.623
mentor:0.62075
stereotypes:0.611
teen movie:0.6105
great ending:0.6
cool:0.59725
watch the credits:0.59425
family:0.58375
passionate:0.58075
clever:0.559
goofy:0.55875
children:0.55625
segregation:0.52325
dialogue:0.51775
crude humor:0.50825
childhood:0.50575
destiny:0.4995
happy ending:0.47875
bullying:0.477
funniest movies:0.475
very good:0.475
rebellion:0.472
story:0.4635
predictable:0.4615
creativity:0.45925
friendship:0.45375
independent film:0.443
light:0.4425
teens:0.44225
redemption:0.4275
drinking:0.42125
catastrophe:0.41825
dancing:0.418
unlikely friendships:0.41575
geeks:0.4115
great acting:0.40775
excellent:0.406
storytelling:0.40575
twists & turns:0.4035
nostalgic:0.4005
nerds:0.39975
quotable:0.39325
good acting:0.39275
buddy movie:0.38625
humorous:0.385
highly quotable:0.38125
cute:0.37875
fantasy world:0.37475
corruption:0.3715
underdog:0.3685
silly:0.36525
honest:0.36375
harsh:0.362
culture clash:0.361
witty:0.359
cult classic:0.357
exceptional acting:0.3505
pornography:0.35025
inspiring:0.34925
interesting:0.34325
geek:0.34125
adaptation:0.34025
brutality:0.34
silly fun:0.3365
classical music:0.3355
vengeance:0.33325
not funny:0.332
original plot:0.33175
gangsters:0.3305
