virtual reality:0.937
technology:0.873
original:0.7855
satirical:0.7825
internet:0.74125
science fiction:0.72525
computers:0.7
pg-13:0.699
predictable:0.663
world politics:0.6545
sci fi:0.652
plot holes:0.65075
hollywood:0.64475
great ending:0.6125
first contact:0.61225
good:0.60875
off-beat comedy:0.598
catastrophe:0.5885
happy ending:0.58825
creativity:0.577
scifi:0.5575
clones:0.548
fantasy:0.54625
obsession:0.53375
special effects:0.53325
computer animation:0.52475
fun movie:0.524
satire:0.519
greed:0.51325
entertaining:0.5115
secrets:0.51
story:0.50425
mentor:0.502
dialogue:0.49875
intellectual:0.49575
intelligent:0.49075
plot:0.4865
destiny:0.48475
cyberpunk:0.483
very interesting:0.476
so bad it's funny:0.47525
shallow:0.47175
clever:0.4695
cerebral:0.4645
cloning:0.4605
natural disaster:0.4595
virus:0.4515
manipulation:0.44975
identity:0.44825
complex:0.44225
original plot:0.439
storytelling:0.42425
writers:0.4205
hackers:0.41725
paranoia:0.411
sci-fi:0.40975
comedy:0.40175
suspense:0.40075
spying:0.3985
life philosophy:0.39575
corruption:0.395
science:0.39375
future:0.38875
great:0.377
humanity:0.37675
thought-provoking:0.367
alternate reality:0.36375
big budget:0.3555
bad ending:0.34475
light:0.343
good soundtrack:0.341
fun:0.3375
alone in the world:0.337
gangsters:0.3345
stupid as hell:0.33025
very funny:0.32975
script:0.32775
slapstick:0.3275
business:0.326
surreal:0.32575
life & death:0.32375
twists & turns:0.32375
bad plot:0.3235
underrated:0.322
redemption:0.3215
overrated:0.32125
suprisingly clever:0.321
silly:0.32025
drama:0.32
tricky:0.31925
art:0.31525
justice:0.314
visually stunning:0.31325
android(s)/cyborg(s):0.306
philip k. dick:0.30375
unrealistic:0.30075
whimsical:0.2985
enigmatic:0.298
romantic comedy:0.29775
alternate endings:0.2975
