comedy:0.8455
horrible:0.757
original:0.7175
so bad it's funny:0.716
predictable:0.6765
stupid:0.6605
adventure:0.64375
fish:0.621
boat:0.592
dumb:0.57675
funny:0.56425
catastrophe:0.55
new jersey:0.5465
very funny:0.5455
bad plot:0.5355
stupidity:0.5035
fun movie:0.49275
mentor:0.47625
unfunny:0.47575
pointless:0.4735
weapons:0.46425
dialogue:0.46075
silly:0.45525
family:0.44825
disaster:0.4475
silly fun:0.44625
brutality:0.44525
road movie:0.441
slapstick:0.4365
bad:0.422
happy ending:0.4165
con artists:0.4125
quirky:0.41125
overrated:0.40925
great ending:0.40825
great:0.40475
violence:0.40425
feel good movie:0.39225
cars:0.39
feel-good:0.38675
life philosophy:0.384
destiny:0.377
pornography:0.37475
awful:0.36975
fight scenes:0.355
first contact:0.35325
fun:0.35325
humorous:0.35325
writers:0.35175
pg-13:0.35175
shallow:0.34875
entirely dialogue:0.3435
melancholic:0.33925
runaway:0.3355
storytelling:0.33425
absurd:0.3335
lame:0.3315
idiotic:0.32975
childhood:0.32875
fantasy world:0.3245
gangsters:0.321
vengeance:0.3145
bad acting:0.3125
lone hero:0.31025
stupid as hell:0.3055
goofy:0.30525
chase:0.299
culture clash:0.29775
bloody:0.2975
foul language:0.2925
adaptation:0.29075
harsh:0.29
good:0.29
redemption:0.29
intense:0.28375
light:0.283
justice:0.2785
natural disaster:0.2765
action:0.27375
good soundtrack:0.273
nudity (full frontal - brief):0.26575
bad script:0.2625
cult film:0.2595
big budget:0.254
crude humor:0.25375
special effects:0.25225
script:0.252
hotel:0.2505
not funny:0.24675
life & death:0.246
boring:0.24575
entertaining:0.24425
franchise:0.2435
sexualized violence:0.24175
solitude:0.24
greed:0.238
women:0.23575
story:0.2355
cinematography:0.232
dumb but funny:0.232
