gay:0.9725
interracial romance:0.964
relationships:0.94375
bittersweet:0.92175
loneliness:0.89725
glbt:0.88475
melancholic:0.86575
original:0.8435
love story:0.84325
queer:0.83175
intimate:0.82
realistic:0.80675
destiny:0.782
nocturnal:0.77475
cinematography:0.75975
drinking:0.74275
great ending:0.74125
intense:0.73475
complex:0.7265
mentor:0.7185
touching:0.707
gay character:0.7015
affectionate:0.69925
marriage:0.68225
family drama:0.681
interesting:0.67625
prejudice:0.662
plot:0.649
good soundtrack:0.63775
character study:0.62625
romantic:0.6215
revenge:0.6135
music:0.61275
excellent script:0.6045
emotional:0.60225
indie:0.601
oscar:0.58
infidelity:0.57775
new york city:0.5755
new york:0.575
reflective:0.56775
heartbreaking:0.56625
betrayal:0.5515
story:0.55
drama:0.54925
independent film:0.545
good acting:0.54375
beautifully filmed:0.543
pg-13:0.5415
redemption:0.53875
runaway:0.52625
homosexuality:0.526
good music:0.5205
costume drama:0.516
obsession:0.5145
catastrophe:0.5115
harsh:0.508
talky:0.50625
life philosophy:0.50625
unlikely friendships:0.5055
dialogue:0.503
artistic:0.5015
teacher:0.49925
great soundtrack:0.49425
multiple storylines:0.49375
love:0.491
honest:0.4895
narrated:0.489
homophobia:0.484
dramatic:0.48
understated:0.47825
original plot:0.47675
dysfunctional family:0.4735
highly quotable:0.473
survival:0.47125
quirky:0.464
happy ending:0.46375
corruption:0.451
exceptional acting:0.451
sweet:0.448
plot twist:0.44725
literature:0.44375
1970s:0.442
nerds:0.43925
books:0.43825
coming of age:0.4375
underrated:0.43725
visually appealing:0.43275
greed:0.431
poignant:0.42975
family:0.42925
fantasy world:0.42875
hospital:0.42825
twists & turns:0.4245
brutality:0.42375
great:0.42075
light:0.42
friendship:0.41725
tragedy:0.41725
beautiful scenery:0.4155
