dark humor:0.987
argentina:0.9675
storytelling:0.966
revenge:0.941
corruption:0.91575
visually appealing:0.914
golden palm:0.91175
violence:0.90575
vengeance:0.905
macabre:0.9025
great acting:0.869
dark comedy:0.861
tense:0.845
black comedy:0.845
imdb top 250:0.84225
great ending:0.842
latin america:0.83
masterpiece:0.8115
violent:0.81125
cinematography:0.8105
tragedy:0.81025
suspense:0.80525
original:0.80025
visceral:0.779
spanish:0.777
greed:0.7675
absurd:0.76575
clever:0.76575
reflective:0.75925
story:0.75925
insanity:0.7565
melancholic:0.7475
dramatic:0.74725
good acting:0.7415
foreign:0.74125
oscar (best directing):0.74075
justice:0.73675
mentor:0.73525
interesting:0.731
multiple storylines:0.71675
twists & turns:0.7165
road movie:0.71525
cathartic:0.715
psychological:0.71325
social commentary:0.71075
unusual plot structure:0.71075
secrets:0.71075
excellent script:0.71025
narrated:0.7095
ironic:0.70925
surreal:0.70525
thought-provoking:0.701
brutality:0.6965
weird:0.69325
stylized:0.69275
loneliness:0.68775
poignant:0.6875
suprisingly clever:0.68575
complex:0.68325
drama:0.677
twist ending:0.67675
destiny:0.662
moral ambiguity:0.6605
disturbing:0.65975
dark:0.654
cerebral:0.6535
intense:0.64975
enigmatic:0.64975
good soundtrack:0.6375
thriller:0.6275
excellent:0.62625
psychology:0.6255
very funny:0.62075
death:0.616
bleak:0.61525
oscar:0.61075
allegory:0.61075
brutal:0.61025
beautiful scenery:0.6085
runaway:0.6055
plot:0.601
life philosophy:0.5975
life & death:0.59375
catastrophe:0.59325
visually stunning:0.5925
bittersweet:0.5915
exceptional acting:0.5885
solitude:0.58675
betrayal:0.58625
emotional:0.58575
talky:0.58425
twist:0.58275
good dialogue:0.57975
good:0.5755
oscar (best foreign language film):0.56975
harsh:0.56825
powerful ending:0.56675
stylish:0.5665
redemption:0.5665
imagination:0.56275
