sequels:0.957
sports:0.95275
horrible:0.9415
teen movie:0.91575
werewolf:0.89975
original:0.8885
lame:0.861
80s:0.85275
predictable:0.84925
sequel:0.83675
family:0.831
werewolves:0.82625
super-hero:0.82275
teens:0.8135
so bad it's funny:0.81325
teen:0.80525
high school:0.785
awful:0.7655
franchise:0.76
stupid as hell:0.75575
pointless:0.7505
dialogue:0.7485
crappy sequel:0.72925
girlie movie:0.72825
goofy:0.715
dynamic cgi action:0.7145
bad:0.7105
good soundtrack:0.6655
mentor:0.6575
bad plot:0.65425
special effects:0.649
remake:0.6415
jungle:0.62825
runaway:0.62725
idiotic:0.6215
notable nudity:0.6205
adventure:0.6185
college:0.61325
fantasy:0.60525
prequel:0.60025
fantasy world:0.59875
story:0.593
sexualized violence:0.59075
fun movie:0.5825
silly:0.58175
good sequel:0.5785
brutality:0.57125
bad acting:0.565
vampire human love:0.55775
super hero:0.55675
fun:0.547
basketball:0.53375
god:0.528
silly fun:0.525
big budget:0.52075
bad cgi:0.51325
stupid:0.50925
campy:0.4995
overrated:0.49825
superheroes:0.49475
camp:0.49425
vengeance:0.48675
stereotypes:0.485
great ending:0.48275
superhero:0.48175
destiny:0.47875
catastrophe:0.47075
geek:0.465
kids:0.464
sci-fi:0.4625
multiple storylines:0.4595
magic:0.456
unfunny:0.45025
storytelling:0.45
good:0.4475
nudity (full frontal - notable):0.44325
revenge:0.44175
sexy:0.4415
ridiculous:0.43675
nerds:0.43525
based on a book:0.434
talking animals:0.43325
technology:0.4315
guilty pleasure:0.43075
adaptation:0.43025
adapted from:book:0.4285
redemption:0.4275
android(s)/cyborg(s):0.4265
first contact:0.42625
shallow:0.42475
entirely dialogue:0.42275
bad sequel:0.422
culture clash:0.42
happy ending:0.41975
nudity (topless - notable):0.41825
good action:0.41025
cult film:0.40875
alien:0.408
suspense:0.406
love story:0.40575
