world war ii:0.999
germany:0.9985
wwii:0.99625
german:0.99075
best war films:0.96875
nazis:0.93475
wartime:0.933
war:0.88275
brutality:0.86475
russian:0.839
russia:0.827
nazi:0.808
brutal:0.778
realistic:0.77175
war movie:0.76675
fascism:0.7585
visceral:0.73525
weapons:0.715
factual:0.70575
dramatic:0.702
grim:0.70175
anti-war:0.69975
original:0.698
poland:0.69625
historical:0.69525
history:0.68825
harsh:0.6865
finnish:0.6815
betrayal:0.67825
idealism:0.6725
talky:0.669
propaganda:0.6475
social commentary:0.64275
tragedy:0.64225
us history:0.6325
politics:0.63125
survival:0.62075
oscar (best foreign language film):0.61875
forceful:0.61475
jews:0.6115
drama:0.60125
powerful ending:0.59525
courage:0.59275
foreign:0.58775
dialogue:0.57625
brainwashing:0.57025
gory:0.56125
catastrophe:0.551
violence:0.542
insanity:0.54175
great ending:0.5355
gritty:0.5325
storytelling:0.52975
submarine:0.52525
sacrifice:0.52475
bleak:0.523
good soundtrack:0.52175
downbeat:0.5205
ensemble cast:0.51
bloody:0.5095
genocide:0.5075
culture clash:0.5005
holocaust:0.49975
imdb top 250:0.4955
ethnic conflict:0.491
oscar (best directing):0.48825
criterion:0.47775
great acting:0.47775
political:0.4755
africa:0.46975
drinking:0.4645
unusual plot structure:0.4635
berlin:0.46325
exceptional acting:0.446
beautiful scenery:0.445
corruption:0.44075
world war i:0.44025
stylized:0.436
death:0.435
claustrophobic:0.42775
absurd:0.4265
honest:0.42575
good:0.4225
violent:0.41825
suprisingly clever:0.4165
splatter:0.41525
cinematography:0.4145
cold war:0.411
narrated:0.40875
humanity:0.408
entirely dialogue:0.40225
prejudice:0.40175
ironic:0.396
stereotypes:0.39575
british:0.3835
mentor:0.3835
movielens top pick:0.3805
runaway:0.37925
not funny:0.3765
east germany:0.36925
