suspenseful:0.9855
suspense:0.96425
tense:0.9605
assassination:0.9355
claustrophobic:0.92025
chase:0.912
fast paced:0.87675
assassin:0.8545
pg-13:0.8465
thriller:0.83175
twists & turns:0.82725
plot holes:0.82575
intense:0.82025
assassins:0.7955
conspiracy:0.78
original:0.74225
good:0.7355
surveillance:0.7165
great ending:0.71625
action:0.70175
predictable:0.69825
secret service:0.6765
runaway:0.65925
plot:0.6585
secrets:0.655
conspiracy theory:0.64625
hotel:0.62325
kidnapping:0.621
catastrophe:0.618
paranoia:0.617
exciting:0.6155
murder:0.61525
twist ending:0.609
good acting:0.60475
twist:0.596
plot twist:0.59025
espionage:0.572
spying:0.56625
terrorism:0.553
entertaining:0.55075
psychological:0.545
police investigation:0.54375
first contact:0.5395
interesting:0.5215
serial killer:0.51825
supernatural:0.517
dialogue:0.50425
hostage:0.503
girlie movie:0.4975
big budget:0.4965
family:0.48975
spy:0.48875
story:0.488
sexy:0.481
manipulation:0.46775
natural disaster:0.4675
bad ending:0.46675
airport:0.45925
silly:0.458
survival:0.45525
great:0.44925
so bad it's funny:0.44825
clever:0.44725
revenge:0.44
better than expected:0.43575
mentor:0.43175
happy ending:0.42375
corruption:0.42325
action packed:0.42225
bad plot:0.422
identity:0.42075
irish accent:0.41375
good action:0.4085
spies:0.4065
internet:0.406
car chase:0.401
weapons:0.397
scary:0.393
airplane:0.38875
torture:0.3875
great acting:0.38475
realistic action:0.37775
hit men:0.3765
culture clash:0.375
paranoid:0.37225
alternate endings:0.36925
fun movie:0.36825
violence:0.3675
father daughter relationship:0.36725
greed:0.36475
excellent:0.354
absurd:0.351
bad:0.34725
overrated:0.34725
no plot:0.342
storytelling:0.3415
psychology:0.3415
idiotic:0.335
pornography:0.33475
stereotypes:0.33425
