germany:0.9985
world war ii:0.99825
nazis:0.997
jews:0.9835
nazi:0.98075
wwii:0.975
holocaust:0.9515
music:0.92325
fascism:0.88975
alternate history:0.858
anti-semitism:0.8445
dance:0.81475
unlikely friendships:0.812
dancing:0.8055
friendship:0.7785
german:0.77525
genocide:0.762
brainwashing:0.758
rebellion:0.74625
sacrifice:0.74325
pg-13:0.73975
wartime:0.71925
survival:0.714
history:0.70975
good:0.70475
good soundtrack:0.7
amazing cinematography:0.68875
original:0.66275
propaganda:0.65675
destiny:0.649
teen movie:0.6485
great music:0.6245
us history:0.61825
betrayal:0.61425
historical:0.59675
rock and roll:0.596
courage:0.5825
dramatic:0.58225
teen:0.5665
1930s:0.56425
mentor:0.55575
jewish:0.549
catastrophe:0.5445
stereotypes:0.53425
girlie movie:0.53075
awesome soundtrack:0.5255
camp:0.522
happy ending:0.50975
freedom:0.50825
poland:0.5055
factual:0.5005
great ending:0.499
musical:0.496
story:0.49475
great:0.48525
drama:0.46775
brutality:0.4545
powerful ending:0.4445
underrated:0.44425
political corruption:0.43275
plot:0.43275
sentimental:0.4325
storytelling:0.43
emotional:0.4235
culture clash:0.41725
idealism:0.41275
childhood:0.41175
musicians:0.3975
good music:0.3975
good acting:0.396
fighting the system:0.39525
love story:0.38875
justice:0.387
war:0.376
not funny:0.37475
women:0.37425
honest:0.369
coming of age:0.36475
feel-good:0.3645
prejudice:0.36425
family:0.362
radio:0.3605
based on true story:0.36
sad but good:0.357
great acting:0.355
predictable:0.34575
better than expected:0.34275
fun movie:0.34125
dialogue:0.3405
teens:0.33775
true story:0.33325
runaway:0.3295
thought-provoking:0.32425
vengeance:0.3215
hip hop:0.31875
politics:0.314
light:0.31375
islam:0.31125
tragedy:0.31025
horrible:0.309
