censorship:0.9325
talky:0.9025
insanity:0.885
criterion:0.87775
revolution:0.87175
claustrophobic:0.86375
brutality:0.823
politics:0.8165
disturbing:0.816
passionate:0.81175
original:0.7755
assassination:0.764
violent:0.7615
oscar (best actress):0.76125
fighting the system:0.75425
crime gone awry:0.74275
mental illness:0.73675
based on a play:0.7265
political:0.71825
narrated:0.71775
murder:0.712
sexy:0.71075
enigmatic:0.6965
paranoid:0.68625
complex:0.6825
greed:0.682
very interesting:0.67825
manipulation:0.6615
oscar (best supporting actress):0.6495
runaway:0.6425
dialogue:0.6415
intellectual:0.62825
stylish:0.626
dark humor:0.62425
cerebral:0.624
cinematography:0.61925
forceful:0.616
bleak:0.61325
harsh:0.613
atmospheric:0.6105
golden palm:0.60825
dramatic:0.5905
sexualized violence:0.583
good soundtrack:0.582
psychological:0.57975
corruption:0.5735
stylized:0.5735
french:0.57325
unusual plot structure:0.567
lyrical:0.564
police investigation:0.559
intimate:0.55825
great movie:0.55675
freedom:0.55625
drama:0.5435
male nudity:0.53975
interesting:0.53475
pornography:0.534
dark hero:0.53375
twists & turns:0.5285
moral ambiguity:0.5255
mentor:0.52175
adaptation:0.52125
sexual:0.51675
gangsters:0.51325
melancholic:0.50225
dark:0.5
witty:0.495
entirely dialogue:0.491
visual:0.491
suprisingly clever:0.489
nocturnal:0.48875
affectionate:0.4885
dreamlike:0.4865
downbeat:0.4845
confrontational:0.482
tense:0.4785
culture clash:0.47425
surveillance:0.4735
great acting:0.47325
eerie:0.47125
violence:0.4665
great ending:0.4555
visually stunning:0.44925
nudity (topless - notable):0.449
art:0.44875
social commentary:0.442
biting:0.4335
mob:0.4325
history:0.4315
movielens top pick:0.43025
cult classic:0.42925
serial killer:0.4285
tragedy:0.42725
19th century:0.427
stunning:0.42575
france:0.423
melancholy:0.41825
creepy:0.41775
catastrophe:0.4155
