surreal:0.9725
surrealism:0.869
weird:0.82975
dreamlike:0.813
absurd:0.7305
original:0.71675
lynch:0.697
dark fantasy:0.66125
hallucinatory:0.60425
melancholic:0.5625
psychedelic:0.538
enigmatic:0.53175
insanity:0.50375
fantasy world:0.4685
allegory:0.44575
so bad it's funny:0.44275
disturbing:0.42525
fantasy:0.42225
mentor:0.4065
good soundtrack:0.40475
art house:0.392
paranoia:0.38525
catastrophe:0.38325
not funny:0.37975
very interesting:0.3775
criterion:0.36875
silly fun:0.368
nudity (full frontal - notable):0.36725
pointless:0.35275
runaway:0.3475
existentialism:0.3415
bizarre:0.33825
quirky:0.337
predictable:0.335
imagination:0.33275
brutality:0.3205
hotel:0.3205
strange:0.32
dreams:0.3165
mental illness:0.31375
storytelling:0.31025
mad scientist:0.305
adaptation:0.3025
paranoid:0.29925
overrated:0.2945
slapstick:0.2935
dialogue:0.28375
redemption:0.2795
bad acting:0.27875
lone hero:0.27675
sci fi:0.27575
writers:0.2755
cult classic:0.275
alone in the world:0.272
satirical:0.272
visual:0.272
bad plot:0.26625
macabre:0.26525
entirely dialogue:0.264
cult film:0.26275
creativity:0.262
weapons:0.25825
cerebral:0.256
life philosophy:0.25575
family:0.2535
twists & turns:0.25325
gilliam:0.25225
first contact:0.2505
black comedy:0.24625
great ending:0.2455
bullshit history:0.2455
midlife crisis:0.2425
goofy:0.24225
witches:0.23925
unfunny:0.2375
scary:0.23575
pornography:0.2325
demons:0.2285
gangsters:0.2265
judaism:0.226
natural disaster:0.224
psychological:0.21925
black and white:0.219
boring:0.2185
sexual:0.217
spelling bee:0.2165
cinematography:0.21625
alternate reality:0.21275
internet:0.211
life & death:0.20775
fun movie:0.207
obsession:0.20675
low budget:0.2035
crime gone awry:0.2035
vengeance:0.20325
pulp:0.20275
stylized:0.20125
visually stunning:0.2
atmospheric:0.19825
classic car:0.19775
