animation:0.95875
comedy:0.921
sarcasm:0.9055
crude humor:0.89925
weed:0.8885
funny:0.88175
humor:0.8635
stereotypes:0.86
clever:0.83975
original:0.8365
satire:0.83375
hilarious:0.8325
goofy:0.8115
foul language:0.79425
parody:0.73475
computer animation:0.73275
cartoon:0.70475
very funny:0.68525
marijuana:0.68475
stand-up comedy:0.683
survival:0.66525
drinking:0.66475
off-beat comedy:0.63075
catastrophe:0.59975
irreverent:0.594
social commentary:0.591
animated:0.59
ridiculous:0.5855
sexualized violence:0.584
weird:0.57875
humorous:0.5775
absurd:0.57725
brainwashing:0.5695
pornography:0.56775
satirical:0.562
allegory:0.55475
censorship:0.55425
pointless:0.55125
excellent script:0.54925
runaway:0.5285
creativity:0.52725
drugs:0.52325
stupidity:0.5205
police investigation:0.5185
death:0.49475
storytelling:0.4895
gay character:0.48575
great ending:0.4795
good soundtrack:0.47525
food:0.46925
sex comedy:0.46275
funny as hell:0.4585
destiny:0.4575
sex:0.456
animals:0.45425
bad ending:0.4535
predictable:0.453
funniest movies:0.45175
fun movie:0.44275
dark humor:0.43775
gory:0.431
shopping:0.429
dumb but funny:0.42325
buddy movie:0.42275
family:0.41725
suprisingly clever:0.41625
idiotic:0.41625
propaganda:0.416
spelling bee:0.41025
writers:0.40325
short-term memory loss:0.40325
gross-out:0.3975
stoner movie:0.39275
stupid:0.38875
unfunny:0.38475
dialogue:0.37575
atheism:0.37525
lame:0.375
beer:0.374
violence:0.36925
simple:0.36875
gore:0.365
silly:0.36475
nudity (full frontal - brief):0.364
story:0.36225
god:0.35975
prejudice:0.35775
mentor:0.3555
shallow:0.3545
thought-provoking:0.35225
nerds:0.34775
brutality:0.3455
twists & turns:0.34325
melancholic:0.34
culture clash:0.33575
adaptation:0.334
pg-13:0.33325
islam:0.33025
redemption:0.3265
insanity:0.326
