martial arts:0.99975
kung fu:0.9955
fight scenes:0.98925
fighting:0.93175
dragons:0.922
hong kong:0.917
action:0.9
mentor:0.8925
classic:0.8655
original:0.84475
forceful:0.8265
tense:0.7985
violent:0.79675
visceral:0.7955
vengeance:0.77075
immortality:0.763
intense:0.7625
violence:0.753
cult classic:0.747
stylish:0.7395
good versus evil:0.7375
great movie:0.736
revenge:0.7275
dialogue:0.72375
weapons:0.71925
dragon:0.71475
imdb top 250:0.7085
cool:0.70475
good soundtrack:0.69725
quotable:0.6955
fast paced:0.69175
runaway:0.68475
gunfight:0.67625
island:0.6755
great:0.67325
good action:0.66225
grindhouse:0.6485
crime:0.6485
death:0.648
culture clash:0.646
nudity (topless - brief):0.6435
chase:0.64175
brutality:0.639
childhood:0.63075
nostalgic:0.62725
dark hero:0.61725
breathtaking:0.6095
stylized:0.5985
masterpiece:0.59725
highly quotable:0.59675
visually appealing:0.58975
story:0.5875
gangsters:0.5845
good:0.577
great ending:0.5705
awesome soundtrack:0.56225
fun movie:0.55875
spying:0.552
storytelling:0.55125
visual:0.54575
criterion:0.5355
1970s:0.53425
lone hero:0.53425
suspense:0.534
adapted from:book:0.52875
transformation:0.52575
talky:0.52175
philosophy:0.51
wuxia:0.50275
murder:0.5025
bullying:0.499
goofy:0.498
narrated:0.493
cult film:0.49225
awesome:0.489
sword fighting:0.48725
excellent:0.48575
cult:0.48375
fantasy world:0.48275
harsh:0.48125
original plot:0.48075
corruption:0.4805
drugs:0.47875
sword fight:0.47875
social commentary:0.47575
assassination:0.471
nudity (topless):0.4545
sexualized violence:0.45425
brutal:0.45325
oscar (best effects - visual effects):0.4495
redemption:0.448
interesting:0.446
exceptional acting:0.4445
life philosophy:0.444
allegory:0.44
british:0.4365
art:0.4315
gangster:0.43125
great acting:0.4285
fun:0.42725
