criterion:0.99725
kurosawa:0.99275
talky:0.94675
japan:0.9205
based on a play:0.903
compassionate:0.8955
loneliness:0.89025
movielens top pick:0.86475
unusual plot structure:0.852
great acting:0.85025
poverty:0.83925
enigmatic:0.83875
sword fighting:0.83425
imdb top 250:0.82775
samurai:0.82625
masterpiece:0.818
original:0.817
drinking:0.80725
intimate:0.7965
bleak:0.78725
golden palm:0.7865
visually appealing:0.78575
oscar (best directing):0.7825
claustrophobic:0.78125
tragedy:0.76275
grim:0.7545
depressing:0.735
social commentary:0.72675
melancholy:0.71875
drama:0.71725
culture clash:0.71325
oscar (best actress):0.7095
greed:0.70925
tense:0.70425
good soundtrack:0.68825
downbeat:0.67875
dialogue:0.6675
independent film:0.664
runaway:0.66075
poignant:0.65875
character study:0.657
cerebral:0.65125
affectionate:0.648
dreams:0.64425
cinematography:0.6335
black and white:0.63275
irreverent:0.6295
forceful:0.6205
adaptation:0.618
reflective:0.6015
harsh:0.5995
stylized:0.58775
exceptional acting:0.5825
gangsters:0.57025
mentor:0.565
dramatic:0.558
melancholic:0.5535
fighting the system:0.54325
tokyo:0.54275
excellent script:0.54075
art:0.539
atmospheric:0.53675
very interesting:0.53675
love triangles:0.531
russian:0.52975
morality:0.5295
storytelling:0.52825
good acting:0.51125
bittersweet:0.509
obsession:0.50375
witty:0.503
entirely dialogue:0.50175
great ending:0.494
mob:0.49325
oscar (best supporting actor):0.4925
biting:0.4925
oscar (best foreign language film):0.492
foreign:0.48525
very good:0.485
indie:0.47825
earnest:0.47075
whimsical:0.47
crime gone awry:0.4685
meditative:0.4675
gangster:0.465
ironic:0.4625
allegory:0.46025
dark:0.4595
organized crime:0.45875
mental illness:0.45425
classic car:0.4505
redemption:0.44875
brutality:0.4475
quirky:0.445
complex characters:0.44075
corruption:0.43925
interesting:0.433
adapted from:book:0.42925
twists & turns:0.4285
police investigation:0.42725
