heist:0.99175
kidnapping:0.959
bank robbery:0.9255
action:0.908
robbery:0.8535
crime:0.84475
good action:0.82925
new orleans:0.80875
car chase:0.79075
predictable:0.75225
chase:0.71375
caper:0.7015
pg-13:0.666
original:0.659
fast paced:0.65525
action packed:0.65475
so bad it's funny:0.6495
runaway:0.63275
fight scenes:0.6055
fbi:0.5895
silly:0.54575
mentor:0.53075
nudity (topless - notable):0.53
horrible:0.51625
bad plot:0.504
entertaining:0.49575
plot holes:0.49125
betrayal:0.485
pornography:0.481
vengeance:0.465
dialogue:0.46425
twists & turns:0.45225
catastrophe:0.44225
revenge:0.42375
great ending:0.419
first contact:0.41825
ridiculous:0.40225
lone hero:0.398
thriller:0.37925
not funny:0.37525
fun movie:0.37025
corruption:0.36775
life philosophy:0.3595
lame:0.35925
better than expected:0.3505
death:0.35025
bad acting:0.3455
police investigation:0.3395
prison:0.339
cars:0.33425
secret service:0.33275
greed:0.332
justice:0.32675
story:0.311
shallow:0.30875
natural disaster:0.3085
assassination:0.305
murder:0.30425
explosions:0.3
overrated:0.29775
guilty pleasure:0.295
buddy movie:0.29375
melancholic:0.29325
girlie movie:0.28975
good:0.2845
violence:0.284
remake:0.28225
bad cgi:0.279
life & death:0.27375
money:0.27075
unrealistic:0.26425
disaster:0.2625
exciting:0.26175
writers:0.259
entirely dialogue:0.25725
adaptation:0.25725
unfunny:0.2555
brutality:0.25175
nudity (full frontal - brief):0.251
clever:0.251
crude humor:0.24975
father daughter relationship:0.24725
pointless:0.24125
storytelling:0.241
culture clash:0.2385
classic car:0.2375
intense:0.234
sci fi:0.234
family:0.23275
very funny:0.23175
gangsters:0.23125
absurd:0.2305
fantasy world:0.22875
big budget:0.2285
gangs:0.22675
suspense:0.22525
sexy:0.22425
suspenseful:0.22125
arms dealer:0.22
unlikely friendships:0.218
