sexual:0.985
enigmatic:0.972
obsession:0.93225
surreal:0.9145
criterion:0.914
intimate:0.904
pornography:0.89975
surrealism:0.8955
erotic:0.88
dreams:0.8375
prostitution:0.83475
cerebral:0.81225
weird:0.80275
censorship:0.8005
stylized:0.77675
visually appealing:0.76975
melancholic:0.76825
sex:0.76525
sexy:0.76475
adultery:0.7625
sexuality:0.76125
fantasy:0.75925
dark fantasy:0.74525
masterpiece:0.7305
relationships:0.72375
golden palm:0.71425
art house:0.69875
sexual abuse:0.693
marriage:0.67275
very interesting:0.67075
spanish:0.66925
allegory:0.66525
talky:0.661
great ending:0.66075
loneliness:0.65725
drama:0.65325
original:0.643
magic realism:0.64025
satirical:0.63825
stylish:0.6365
visual:0.62925
moral ambiguity:0.6235
melancholy:0.60525
meditative:0.605
intellectual:0.60025
psychological:0.59975
storytelling:0.5955
secrets:0.5915
disturbing:0.59125
guilt:0.57875
visually stunning:0.56725
character study:0.564
reflective:0.55575
dreamlike:0.547
affectionate:0.54575
psychology:0.54475
life philosophy:0.54275
dialogue:0.5415
cinematography:0.54025
rebellion:0.536
unusual plot structure:0.531
beautifully filmed:0.52325
oscar (best actress):0.52175
stunning:0.51525
tricky:0.50975
artistic:0.505
runaway:0.4955
imagination:0.4915
suprisingly clever:0.4875
social commentary:0.4815
sexualized violence:0.47475
interesting:0.46875
paranoia:0.46725
violent:0.467
ironic:0.45975
complex:0.455
cynical:0.4545
twist ending:0.454
nocturnal:0.45325
male nudity:0.45175
art:0.4455
brutality:0.4445
non-linear:0.442
witty:0.4415
twists & turns:0.435
dark:0.434
absurd:0.43325
fantasy world:0.4315
catastrophe:0.43
atmospheric:0.428
foreign:0.4265
entirely dialogue:0.4255
nudity (full frontal - notable):0.42375
betrayal:0.422
police investigation:0.4215
childhood:0.41975
downbeat:0.41775
perfect:0.4155
complicated:0.413
bizarre:0.41275
