spying:0.99525
espionage:0.992
assassin:0.9905
robert ludlum:0.98725
chase:0.98725
fast paced:0.9865
conspiracy:0.98325
action:0.98125
spies:0.98025
spy:0.979
secrets:0.97275
amnesia:0.97175
assassins:0.969
car chase:0.9625
trilogy:0.95375
action packed:0.95075
good action:0.93125
surveillance:0.92625
oscar (best editing):0.91475
realistic action:0.91375
pg-13:0.888
intense:0.88775
great ending:0.8865
assassination:0.885
suspense:0.8785
cia:0.8765
fight scenes:0.87625
plot:0.86375
vengeance:0.8465
imdb top 250:0.84625
adapted from:book:0.839
survival:0.8125
franchise:0.809
thriller:0.7855
original:0.77325
mentor:0.76825
storytelling:0.75625
visceral:0.73875
exciting:0.737
good:0.73025
adventure:0.7245
betrayal:0.70125
memory loss:0.70075
big budget:0.695
visually appealing:0.68875
hit men:0.68725
secret service:0.68675
cinematography:0.68625
torture:0.686
based on a book:0.684
complicated plot:0.675
revenge:0.66975
excellent script:0.665
dialogue:0.66375
cool:0.65925
series:0.659
story:0.65325
murder:0.646
technology:0.64
fighting:0.635
realistic:0.634
tense:0.63325
guns:0.63325
excellent:0.6315
identity:0.6305
great movie:0.62925
corruption:0.6275
visual:0.6245
interesting:0.6215
violence:0.6165
london:0.6135
memory:0.61
intelligent:0.6055
clever:0.601
tom clancy:0.5965
complex:0.59025
great:0.5895
good acting:0.58675
weapons:0.5855
stylized:0.58475
good soundtrack:0.5845
twists & turns:0.58325
violent:0.58325
entertaining:0.5705
great acting:0.5605
plot twist:0.55975
runaway:0.5585
catastrophe:0.55225
dark hero:0.54375
life philosophy:0.5275
hitman:0.52175
oscar (best directing):0.5095
cerebral:0.505
suspenseful:0.494
highly quotable:0.4915
redemption:0.49025
superheroes:0.484
culture clash:0.4765
sequel:0.46925
breathtaking:0.468
