australia:0.9205
cinematography:0.85125
storytelling:0.7585
australian:0.75075
visual:0.70825
narrated:0.7005
story:0.65525
original:0.6135
black and white:0.559
enigmatic:0.53675
visually appealing:0.50975
art house:0.4965
visually stunning:0.49075
childhood:0.48725
unusual plot structure:0.48525
race:0.483
suprisingly clever:0.4805
mentor:0.47625
photography:0.4655
culture clash:0.46125
beautiful scenery:0.45625
existentialism:0.44075
meditative:0.44075
dialogue:0.44025
solitude:0.4375
weird:0.43525
great cinematography:0.433
humanity:0.427
life & death:0.4215
foreign:0.41375
catastrophe:0.4095
bleak:0.398
talky:0.395
creativity:0.3935
bollywood:0.3905
melancholy:0.38175
not funny:0.377
father daughter relationship:0.368
clones:0.3615
nocturnal:0.3595
funny as hell:0.355
quirky:0.35025
stylized:0.35025
breathtaking:0.34375
humorous:0.34175
golden palm:0.33925
mistaken identity:0.3365
environment:0.33375
life philosophy:0.333
allegory:0.3285
biographical:0.32675
alone in the world:0.326
criterion:0.32425
distopia:0.31325
religion:0.30625
dystopic future:0.303
vengeance:0.29875
adapted from:book:0.29775
pornography:0.29725
great ending:0.29425
greed:0.2935
artist:0.29275
women:0.29125
good soundtrack:0.28875
intellectual:0.28225
adaptation:0.281
coming-of-age:0.28025
entirely dialogue:0.2765
philip k. dick:0.27625
indians:0.27525
surreal:0.275
1930s:0.2655
cult classic:0.25975
unfunny:0.25925
melancholic:0.2565
brutality:0.255
hilarious:0.252
harsh:0.25125
oscar (best directing):0.2505
first contact:0.248
stereotypes:0.246
dreams:0.2455
revenge:0.2445
imdb top 250:0.24175
runaway:0.241
survival:0.2375
atmospheric:0.23725
courage:0.237
stunning:0.2365
sequels:0.23625
crime gone awry:0.2295
stoner movie:0.22825
crude humor:0.2235
colourful:0.22125
multiple storylines:0.221
clever:0.21975
reflective:0.2195
prejudice:0.21875
dark fantasy:0.21675
tokyo:0.21575
