love:0.98975
voyeurism:0.978
loneliness:0.97325
obsession:0.96
adultery:0.90275
criterion:0.8785
relationships:0.877
spying:0.811
intimate:0.78
melancholic:0.77475
cerebral:0.75425
enigmatic:0.7485
talky:0.74725
love story:0.7415
complex:0.72975
touching:0.6755
reflective:0.66025
passionate:0.64775
foreign:0.645
golden palm:0.64425
romantic:0.642
original:0.63975
weird:0.637
cynical:0.635
nocturnal:0.6325
melancholy:0.6315
intellectual:0.6305
breathtaking:0.62175
oscar (best foreign language film):0.61725
life philosophy:0.6115
tragedy:0.60875
disturbing:0.60725
pornography:0.60375
downbeat:0.59875
psychological:0.59425
affectionate:0.58775
sexual:0.57375
emotional:0.57
poignant:0.56625
social commentary:0.55975
suprisingly clever:0.53825
meditative:0.53675
art:0.5315
realistic:0.5285
great ending:0.52475
movielens top pick:0.51525
bittersweet:0.51375
idealism:0.51325
great acting:0.50425
silent:0.504
oscar (best writing - screenplay written directly for the screen):0.50375
beautiful scenery:0.50225
intelligent:0.49925
sexy:0.492
mentor:0.4835
twists & turns:0.479
storytelling:0.47775
harsh:0.47625
clever:0.47275
dreams:0.47225
excellent script:0.471
existentialism:0.46825
good soundtrack:0.46175
catastrophe:0.46025
honest:0.45325
unusual plot structure:0.45225
multiple storylines:0.44925
life & death:0.44275
culture clash:0.4295
surveillance:0.4265
depressing:0.42375
beautifully filmed:0.41925
earnest:0.41875
witty:0.4035
masterpiece:0.39825
cinematography:0.39675
death:0.39575
humanity:0.3925
memory:0.38675
destiny:0.38075
happy ending:0.37725
entirely dialogue:0.37425
narrated:0.374
dialogue:0.37275
redemption:0.37
literature:0.36625
atmospheric:0.3615
gunfight:0.36125
good:0.35775
love triangles:0.35725
drama:0.3545
oscar (best actress):0.3475
ironic:0.34175
beautiful:0.3405
nonlinear:0.33775
hospital:0.3355
brutality:0.33425
very interesting:0.33425
great:0.329
childhood:0.3275
