blindness:0.95225
adapted from:book:0.884
based on a book:0.851
psychological:0.78325
original:0.78275
allegory:0.75675
rape:0.691
thought-provoking:0.68125
humanity:0.65525
weird:0.64575
psychology:0.62375
life philosophy:0.6145
apocalypse:0.5945
hard to watch:0.56375
intellectual:0.55825
pornography:0.54
social commentary:0.536
catastrophe:0.53575
disturbing:0.527
storytelling:0.525
post apocalyptic:0.519
absurd:0.51825
pointless:0.51475
brutality:0.5095
stupidity:0.50575
based on book:0.49825
adaptation:0.49175
golden palm:0.48575
paranoia:0.48375
insanity:0.48275
greed:0.47975
good soundtrack:0.4645
very interesting:0.45575
natural disaster:0.45425
end of the world:0.45225
interesting:0.44975
distopia:0.4405
visually appealing:0.4315
virus:0.42975
great ending:0.4245
brainwashing:0.421
complex:0.414
bleak:0.404
sexualized violence:0.403
mentor:0.40175
alone in the world:0.39225
post-apocalyptic:0.38475
cinematography:0.38375
hospital:0.38225
doctors:0.3765
depression:0.3755
loneliness:0.375
visually stunning:0.37475
good:0.37425
enigmatic:0.36925
existentialism:0.36275
bad ending:0.36225
dialogue:0.361
philosophy:0.35775
stylized:0.35725
not funny:0.35125
cerebral:0.341
visual:0.3395
idiotic:0.3355
so bad it's funny:0.33425
violence:0.334
books:0.3325
first contact:0.33175
sci fi:0.3305
solitude:0.32975
internet:0.329
horrible:0.32625
disability:0.326
redemption:0.326
harsh:0.32525
depressing:0.32275
pretentious:0.3205
philosophical:0.3205
melancholic:0.32025
story:0.31325
culture clash:0.311
corruption:0.30975
twists & turns:0.30925
justice:0.30875
survival:0.30525
male nudity:0.30175
prejudice:0.30075
nudity (full frontal - notable):0.30025
psychiatry:0.29625
twist:0.295
runaway:0.292
visceral:0.28825
isolation:0.288
narrated:0.2855
artsy:0.2785
criterion:0.27775
happy ending:0.27275
intense:0.27075
fantasy world:0.27025
guilt:0.27
