serial killer:0.8575
violent:0.7955
california:0.78025
brutality:0.752
dark humor:0.751
runaway:0.748
violence:0.72475
original:0.70925
drug abuse:0.699
black comedy:0.69575
good soundtrack:0.6635
weird:0.65525
innocence lost:0.655
prostitution:0.6545
pornography:0.65425
sexual:0.642
bloody:0.63475
dark comedy:0.628
macabre:0.618
cult film:0.611
sexual abuse:0.5955
stylish:0.59375
cynical:0.5935
gratuitous violence:0.58975
cult classic:0.58825
obsession:0.58625
twists & turns:0.56675
murder:0.56375
harsh:0.556
disturbing:0.55375
quirky:0.54825
great ending:0.54625
great:0.5435
very interesting:0.54225
sexy:0.53375
censorship:0.5255
grim:0.5125
teenager:0.51075
satirical:0.486
suspenseful:0.469
crime:0.4645
crime gone awry:0.4645
dialogue:0.464
great acting:0.45925
catastrophe:0.44525
social commentary:0.44425
grindhouse:0.44275
allegory:0.4415
corruption:0.428
teen:0.427
police investigation:0.42275
pulp:0.4225
foul language:0.42225
sexualized violence:0.4215
gritty:0.41725
drugs:0.4065
storytelling:0.406
oscar (best actress):0.402
clever:0.398
very funny:0.39775
stylized:0.396
insanity:0.392
adaptation:0.3915
affectionate:0.385
brutal:0.38375
interesting:0.38175
absurd:0.3805
road movie:0.38
manipulation:0.374
mentor:0.359
hard to watch:0.356
drinking:0.35225
great movie:0.3505
prison:0.349
culture clash:0.3485
teen movie:0.348
lesbian:0.34725
not funny:0.345
teens:0.3435
twist:0.34275
dysfunctional family:0.33925
drug addiction:0.3375
road trip:0.3365
morality:0.3355
talky:0.33075
classic car:0.3215
gory:0.3215
story:0.3205
cheerleading:0.3195
crazy:0.317
teenagers:0.31675
vigilante:0.3165
narrated:0.31625
good:0.313
criterion:0.31275
visually appealing:0.31125
child abuse:0.3105
gangsters:0.3065
adolescence:0.30325
melancholic:0.30225
