robert downey jr:0.98075
parody:0.964
satire:0.96275
comedy:0.955
spoof:0.912
hilarious:0.8915
funny:0.88675
goofy:0.84575
satirical:0.844
original:0.84125
jungle:0.84
funniest movies:0.77125
funny as hell:0.76325
irreverent:0.763
very funny:0.7425
humorous:0.7185
war:0.69625
stereotypes:0.6875
hollywood:0.68375
vietnam war:0.682
sarcasm:0.6735
highly quotable:0.66775
humor:0.6635
absurd:0.6545
silly fun:0.64525
violence:0.6405
clever:0.6395
dialogue:0.6275
fun movie:0.62625
crude humor:0.626
drinking:0.60675
quotable:0.59025
social commentary:0.57875
action:0.5775
good:0.5545
insanity:0.5495
dark humor:0.54825
pg-13:0.528
disability:0.52
great ending:0.51225
violent:0.50775
silly:0.507
best war films:0.50675
oscar winner:0.50025
fun:0.4995
farce:0.4915
catastrophe:0.491
great:0.4885
ensemble cast:0.4775
good soundtrack:0.47375
dramatic:0.4685
exceptional acting:0.46725
witty:0.463
entertaining:0.4625
story:0.46175
cult classic:0.45825
dumb but funny:0.4575
oscar:0.45575
vietnam:0.45175
brutality:0.4475
sexualized violence:0.44175
harsh:0.44075
great movie:0.4395
adaptation:0.43325
weapons:0.4285
redemption:0.42675
intense:0.42
big budget:0.41925
shallow:0.419
stoner movie:0.41825
unfunny:0.41575
storytelling:0.40875
culture clash:0.405
superheroes:0.403
mentor:0.402
dark hero:0.39975
stupidity:0.39375
product placement:0.393
black comedy:0.39
pornography:0.3895
good acting:0.389
vengeance:0.3845
buddy movie:0.38375
based on a book:0.38075
comic:0.37975
corruption:0.3795
drugs:0.376
fast paced:0.37575
good action:0.37425
off-beat comedy:0.37325
great acting:0.37275
very good:0.37175
slapstick:0.3705
original plot:0.366
stylized:0.36
drama:0.3595
visually appealing:0.35425
apocalypse:0.354
entirely dialogue:0.35325
interesting:0.34825
