doctors:0.8085
original:0.78925
comedy:0.783
feel-good:0.77525
small town:0.772
good:0.74675
whimsical:0.70325
off-beat comedy:0.69375
good soundtrack:0.68575
clever:0.6725
great ending:0.67075
dramatic:0.6665
funny:0.66475
beautiful scenery:0.65525
technology:0.6435
feel good movie:0.62125
mad scientist:0.599
fish:0.595
justice:0.5835
narrated:0.56025
transformation:0.55725
distopia:0.549
touching:0.54175
stereotypes:0.54075
greed:0.52275
quirky:0.51175
fight scenes:0.508
finnish:0.5025
destiny:0.4995
story:0.49675
psychiatry:0.491
mentor:0.49
entertaining:0.4895
great:0.48825
hospital:0.483
redemption:0.47025
good acting:0.466
humor:0.45225
pg-13:0.4505
suprisingly clever:0.44825
adaptation:0.4435
twists & turns:0.437
life philosophy:0.43225
psychiatrist:0.4225
dark hero:0.41925
dynamic cgi action:0.41375
catastrophe:0.41325
irish accent:0.41225
british:0.4105
beautifully filmed:0.408
cult classic:0.40675
cute:0.406
sweet:0.39975
alter ego:0.39
island:0.38775
predictable:0.3865
excellent script:0.3855
family:0.3825
corruption:0.38075
fantasy world:0.377
1950s:0.37375
sentimental:0.3735
talky:0.36975
nocturnal:0.3655
social commentary:0.3645
culture clash:0.363
friendship:0.36175
cerebral:0.36025
very funny:0.3575
storytelling:0.3555
humorous:0.35325
unusual plot structure:0.35
death:0.35
drama:0.3495
vengeance:0.3455
great acting:0.3455
prejudice:0.34475
caper:0.344
amazing photography:0.33775
honest:0.33775
torture:0.336
books:0.336
fun:0.33525
oscar winner:0.332
race:0.32975
oil:0.32975
based on book:0.32825
police investigation:0.327
dialogue:0.3265
very good:0.32175
original plot:0.31925
bullshit history:0.319
complex:0.31825
allegory:0.317
obsession:0.3155
visually stunning:0.315
earnest:0.3145
so bad it's funny:0.311
happy ending:0.3105
gunfight:0.30925
