cerebral:0.8185
jesus:0.7835
original:0.77275
visual:0.753
criterion:0.72975
complex:0.711
god:0.69825
unusual plot structure:0.696
life philosophy:0.6925
surreal:0.67825
talky:0.67475
dreams:0.6655
visually appealing:0.6485
immortality:0.64625
enigmatic:0.64225
art:0.638
dialogue:0.629
redemption:0.60125
allegory:0.59525
great ending:0.58675
satirical:0.577
paranoid:0.5755
weird:0.57175
clever:0.564
pretentious:0.55825
thought-provoking:0.55325
obsession:0.5505
biblical:0.54525
apocalypse:0.542
good soundtrack:0.5375
loneliness:0.53425
melancholic:0.531
imagination:0.53025
alternate endings:0.52925
adultery:0.52825
meditative:0.5265
natural disaster:0.51975
affectionate:0.519
philosophy:0.51725
light:0.517
deadpan:0.51375
satire:0.5105
life & death:0.5
humorous:0.4875
stylized:0.48675
pornography:0.485
existentialism:0.48275
visually stunning:0.48125
entirely dialogue:0.47225
golden palm:0.47225
hotel:0.46075
intellectual:0.45875
manipulation:0.458
adaptation:0.444
stunning:0.4435
parallel universe:0.43575
whimsical:0.434
mentor:0.4315
catastrophe:0.42975
quirky:0.42775
cinematography:0.413
ironic:0.41175
love:0.41025
passionate:0.4075
narrated:0.39925
philosophical:0.39175
artistic:0.38425
bittersweet:0.38175
storytelling:0.3805
great:0.38
bad plot:0.37975
scifi cult:0.3665
social commentary:0.36225
atmospheric:0.36225
perfect:0.36225
nocturnal:0.36175
intelligent:0.36125
demons:0.35625
powerful ending:0.35125
mindfuck:0.34925
witty:0.346
amazing photography:0.34475
metaphysics:0.34475
macabre:0.3415
runaway:0.3385
beautiful scenery:0.3365
brutality:0.33575
suprisingly clever:0.3285
free to download:0.32425
twist ending:0.3235
relationships:0.32325
melancholy:0.31825
writers:0.318
reflective:0.31375
photography:0.31175
character study:0.31125
twists & turns:0.3085
made for tv:0.30825
interesting:0.30725
culture clash:0.30575
