good action:0.9845
action:0.9715
action packed:0.94125
buddy movie:0.88425
vengeance:0.855
realistic action:0.8425
fast paced:0.8255
violence:0.82025
violent:0.794
secret service:0.78875
cool:0.76375
entertaining:0.73325
chase:0.73125
explosions:0.7305
fight scenes:0.71375
mentor:0.70075
foul language:0.69625
strippers:0.69175
original:0.6895
lone hero:0.6815
fun movie:0.64625
dialogue:0.639
car chase:0.62725
good:0.62525
private detective:0.60175
revenge:0.60125
corruption:0.59825
gunfight:0.596
bloody:0.59325
assassination:0.56875
comedy:0.56825
brutality:0.5555
anti-hero:0.552
life philosophy:0.5455
dark hero:0.53975
murder:0.52675
weapons:0.51575
great:0.5135
pg-13:0.50975
good soundtrack:0.50525
alternate universe:0.496
fun:0.49075
detective:0.48425
very funny:0.48225
great ending:0.482
quotable:0.4615
predictable:0.4595
catastrophe:0.45875
redemption:0.4545
classic car:0.4445
intense:0.4425
adventure:0.4425
conspiracy:0.43925
gangsters:0.43875
grindhouse:0.4335
hitman:0.433
storytelling:0.42825
guilty pleasure:0.42025
underrated:0.41325
sports:0.41325
great movie:0.401
fighting:0.392
big budget:0.3865
arms dealer:0.38325
funny:0.381
justice:0.38025
guns:0.3735
death:0.3735
story:0.36875
transformation:0.36775
pulp:0.36325
entirely dialogue:0.363
football:0.36275
exciting:0.3555
assassin:0.355
political corruption:0.349
plot:0.345
nudity (topless):0.34275
excellent:0.34125
los angeles:0.339
goofy:0.33725
sexy:0.337
runaway:0.33675
not funny:0.33575
underdog:0.3345
suspense:0.33375
splatter:0.333
superheroes:0.33025
kidnapping:0.33
great dialogue:0.31625
happy ending:0.31325
original plot:0.31325
mob:0.311
gratuitous violence:0.30875
silly fun:0.30225
gory:0.30225
greed:0.2995
stereotypes:0.29625
clever:0.29475
thriller:0.29125
