vigilante:0.9995
vigilantism:0.9945
revenge:0.95225
vengeance:0.93175
justice:0.7645
rape:0.761
murder:0.726
brutality:0.6875
police investigation:0.66825
thriller:0.616
death penalty:0.604
drama:0.59275
pornography:0.56425
guilt:0.55025
suspense:0.5475
moral ambiguity:0.5435
kidnapping:0.54325
bad plot:0.5425
original:0.54075
corruption:0.49775
tense:0.49325
women:0.48675
intense:0.48425
chase:0.47425
serial killer:0.47075
obsession:0.4625
predictable:0.45075
destiny:0.4485
catastrophe:0.443
better than expected:0.44225
suburbia:0.43675
nudity (full frontal - brief):0.4355
graphic novel:0.4285
mentor:0.42525
alter ego:0.4185
manipulation:0.4155
lawyer:0.3925
great ending:0.3905
happy ending:0.386
disturbing:0.38425
psychological:0.382
bad ending:0.371
great:0.36775
good:0.367
murder mystery:0.3565
runaway:0.35525
classic car:0.35325
single father:0.35325
not funny:0.347
storytelling:0.34325
father daughter relationship:0.335
detective:0.33425
sexual abuse:0.33375
culture clash:0.32775
teen movie:0.32575
divorce:0.3195
life philosophy:0.3175
court:0.3135
conspiracy:0.3125
pg-13:0.30925
brutal:0.30725
girlie movie:0.3045
death:0.30125
hard to watch:0.30125
family:0.294
emotional:0.29375
thought-provoking:0.28375
adaptation:0.2825
sexy:0.27725
betrayal:0.275
horrible:0.2745
action:0.272
gratuitous violence:0.26525
fantasy world:0.2635
courtroom:0.26225
dramatic:0.262
visceral:0.259
dialogue:0.2585
crime:0.25775
lawyers:0.255
violent:0.252
secrets:0.25175
sexualized violence:0.25125
oscar winner:0.24925
unfunny:0.249
suspenseful:0.24875
story:0.24875
big budget:0.2455
torture:0.24275
police corruption:0.242
good soundtrack:0.239
twist:0.23025
first contact:0.22875
internet:0.2275
lone hero:0.2265
unintentionally funny:0.2235
investigation:0.223
social commentary:0.22125
good acting:0.2205
criterion:0.21725
