high school:0.99075
teen movie:0.977
teen:0.96925
teens:0.912
pornography:0.84075
fantasy world:0.824
teenagers:0.823
bullying:0.8195
teenager:0.8175
good soundtrack:0.81275
disturbing:0.78325
violence:0.77925
original:0.77675
violent:0.72275
adolescence:0.712
brutality:0.706
social commentary:0.692
light:0.68575
school:0.65225
drinking:0.64825
stupid as hell:0.6455
honest:0.643
surveillance:0.6275
so bad it's funny:0.6275
suicide:0.619
grindhouse:0.61775
fun movie:0.598
small town:0.5805
geeks:0.57825
revenge:0.57125
documentary:0.56
runaway:0.53775
bad ending:0.5375
serial killer:0.5325
nudity (topless - notable):0.53125
nudity (topless):0.53075
kids:0.52775
stylized:0.52725
chase:0.527
awesome soundtrack:0.527
life philosophy:0.52175
indie:0.5195
weapons:0.50975
controversial:0.5095
criterion:0.50225
very interesting:0.50125
cheerleading:0.5005
weird:0.4955
amy smart:0.495
psychology:0.4875
great ending:0.484
grim:0.4805
childhood:0.4685
silly fun:0.46825
hip hop:0.468
cult classic:0.467
drugs:0.4605
rock and roll:0.4565
80s:0.4555
gory:0.45275
stereotypes:0.45
enigmatic:0.4475
visceral:0.44725
dumb but funny:0.43775
1980s:0.43525
justice:0.4335
guns:0.431
catastrophe:0.42875
brutal:0.427
virginity:0.42625
nerds:0.4255
harsh:0.42475
psychological:0.4115
happy ending:0.411
culture clash:0.40725
mental illness:0.40475
crime gone awry:0.4035
narrated:0.4
paranoid:0.398
coming of age:0.392
storytelling:0.3895
suburbia:0.387
dumb:0.3855
unusual plot structure:0.385
depression:0.37725
meditative:0.3745
friendship:0.37325
dialogue:0.37225
forceful:0.37175
melancholic:0.3715
rebellion:0.36975
kids and family:0.36825
corruption:0.36775
intense:0.3515
stupidity:0.34875
torture:0.34725
fantasy:0.344
talky:0.3415
cult film:0.339
highly quotable:0.339
