hilarious:0.92175
funny:0.8925
parody:0.85975
comedy:0.84475
based on a tv show:0.8395
spoof:0.7925
series:0.788
great ending:0.76625
pornography:0.761
original:0.75
very funny:0.74475
censorship:0.7155
franchise:0.67575
vengeance:0.67025
humor:0.66775
funniest movies:0.6645
plot:0.652
storytelling:0.64825
clever:0.64575
time travel:0.63475
story:0.61425
humorous:0.6095
free speech:0.60125
crude humor:0.59925
future:0.5975
great movie:0.593
pg-13:0.5825
death:0.548
complex:0.54725
great:0.5455
san francisco:0.534
good soundtrack:0.5325
absurd:0.522
funny as hell:0.51575
chase:0.51475
dialogue:0.5145
highly quotable:0.51425
weird:0.51225
twists & turns:0.5115
television:0.49925
brutality:0.4985
dark hero:0.48425
silly fun:0.48025
suprisingly clever:0.4755
irreverent:0.47325
catastrophe:0.4635
justice:0.46325
police investigation:0.4615
satire:0.449
long:0.4375
violence:0.4365
sarcasm:0.4355
fast paced:0.42775
unusual plot structure:0.4265
made for tv:0.425
cerebral:0.41175
stupidity:0.40975
creativity:0.4045
sexualized violence:0.4045
dark humor:0.40375
mentor:0.40375
secrets:0.40325
harsh:0.40175
best of 2005:0.4015
revenge:0.40025
drinking:0.4
stand-up comedy:0.3965
social commentary:0.39525
male nudity:0.39225
interesting:0.38375
reality tv:0.37925
adaptation:0.37875
good:0.3775
insanity:0.37
road trip:0.3695
violent:0.36575
goofy:0.3655
redemption:0.364
product placement:0.36375
transformation:0.3575
satirical:0.3555
corruption:0.35275
nudity (full frontal - brief):0.34875
visual:0.34525
suspense:0.343
original plot:0.343
unfunny:0.3405
road movie:0.339
imdb top 250:0.338
culture clash:0.3345
quotable:0.33425
cartoon:0.334
obsession:0.33125
destiny:0.3295
life philosophy:0.329
writers:0.32625
enigmatic:0.32225
stereotypes:0.32175
fight scenes:0.3205
talky:0.32
