mentor:0.85075
thought-provoking:0.818
depression:0.8115
good soundtrack:0.7905
bleak:0.7885
independent film:0.766
relationships:0.7575
indie:0.74725
loneliness:0.7245
original:0.72375
life & death:0.71875
suburbia:0.7125
life philosophy:0.709
existentialism:0.70525
philosophy:0.672
mental illness:0.66825
exceptional acting:0.663
ensemble cast:0.647
emotional:0.6385
weird:0.638
dysfunctional family:0.6265
narrated:0.6185
drug addiction:0.61725
crime:0.6165
social commentary:0.58075
psychology:0.5755
dialogue:0.57375
reflective:0.57325
storytelling:0.57225
good:0.561
multiple storylines:0.55475
so bad it's funny:0.5495
talky:0.54475
downbeat:0.54375
drinking:0.5425
intellectual:0.5375
pornography:0.5365
great ending:0.53575
writers:0.535
artsy:0.5305
good acting:0.5285
enigmatic:0.528
very interesting:0.52775
drugs:0.526
writing:0.523
teacher:0.5215
sad:0.5195
complex:0.51825
harsh:0.51625
drama:0.5155
world politics:0.50875
crime gone awry:0.50825
compassionate:0.50525
redemption:0.494
interesting:0.4915
honest:0.48675
character study:0.4835
heartbreaking:0.4755
grim:0.4735
melancholic:0.46875
dramatic:0.46525
unlikeable characters:0.46425
feel-good:0.464
pg-13:0.45925
guilt:0.45875
life:0.45725
pretentious:0.45325
addiction:0.45
death:0.44625
intimate:0.4425
great acting:0.43475
murder:0.43275
entirely dialogue:0.4275
vengeance:0.41375
psychological:0.4125
justice:0.40975
cerebral:0.406
catastrophe:0.401
quirky:0.3985
violence:0.3955
touching:0.39425
humanity:0.391
pointless:0.3905
not funny:0.3905
corruption:0.385
nudity (topless - notable):0.38275
goth:0.37775
prison:0.37175
suicide:0.369
intelligent:0.362
depressing:0.35875
teen:0.35825
unlikely friendships:0.358
suicide attempt:0.35675
imdb top 250:0.35575
great:0.35375
plot:0.35025
destiny:0.3465
friendship:0.3445
underrated:0.3425
