goretastic:1.0
car chase:0.87075
cars:0.86425
bad plot:0.80575
pulp:0.77775
action:0.769
original:0.76725
violence:0.75875
devil:0.73625
chase:0.735
splatter:0.73
bloody:0.68725
amy smart:0.686
cult:0.684
good action:0.6835
sexy:0.66425
ridiculous:0.64
bad acting:0.6375
pornography:0.61025
fun movie:0.6035
fantasy:0.5945
silly fun:0.59025
action packed:0.589
predictable:0.58425
bad script:0.57925
bad cgi:0.57425
time loop:0.57225
death:0.56475
brutality:0.552
silly:0.5305
nudity (topless):0.529
cult film:0.52625
3d:0.518
so bad it's funny:0.51675
revenge:0.5145
dialogue:0.51225
cool:0.50125
violent:0.49575
guilty pleasure:0.49475
vengeance:0.49125
absurd:0.489
catastrophe:0.4825
gunfight:0.47325
handycam:0.471
gratuitous violence:0.4675
storytelling:0.46175
special effects:0.46175
pointless:0.45525
goofy:0.44525
nudity:0.4375
bad:0.43275
cheesy:0.4225
entertaining:0.421
mentor:0.41775
sex:0.41425
cult classic:0.41225
classic car:0.4085
fight scenes:0.40675
murder:0.405
horrible:0.40225
kidnapping:0.40025
good versus evil:0.39725
80s:0.39675
great ending:0.3955
overrated:0.39475
supernatural:0.389
good soundtrack:0.38725
campy:0.3855
fun:0.3845
sacrifice:0.37025
fantasy world:0.3645
runaway:0.3645
fast paced:0.36325
nudity (topless - notable):0.36225
lone hero:0.355
stylized:0.35425
melancholic:0.3505
entirely dialogue:0.35
road movie:0.3415
visual:0.3365
camp:0.3355
stylish:0.324
explosions:0.32375
first contact:0.32275
shallow:0.31925
weapons:0.31625
anti-hero:0.315
life philosophy:0.31425
quirky:0.31325
visceral:0.31025
talky:0.31
weird:0.309
unintentionally funny:0.30425
plot holes:0.29825
good:0.29775
story:0.29725
new orleans:0.29325
pg-13:0.29125
prison escape:0.29
grindhouse:0.2885
