slasher:0.997
franchise:0.9955
serial killer:0.97675
teens:0.9765
murder:0.96225
horror:0.95225
nudity:0.94475
splatter:0.89075
camp:0.88325
bloody:0.83975
nudity (topless):0.83825
series:0.81475
original:0.80575
teenagers:0.79925
brutality:0.7695
male nudity:0.75
gruesome:0.7365
great ending:0.7305
violence:0.69625
gory:0.6945
scary:0.6775
teen movie:0.6755
death:0.65825
halloween:0.64875
predictable:0.6465
pornography:0.612
good sequel:0.5965
effects:0.59025
brutal:0.5885
cult film:0.5825
weapons:0.56825
special effects:0.53525
creepy:0.534
vengeance:0.5235
campy:0.51775
80s:0.50625
teen:0.498
blood:0.49775
suspense:0.49575
sequel:0.49075
revenge:0.48525
gore:0.4715
hospital:0.46275
violent:0.46025
mentor:0.455
overrated:0.452
supernatural:0.4505
grindhouse:0.44975
fun movie:0.448
family:0.4375
bad plot:0.4265
dialogue:0.4245
suspenseful:0.4165
goofy:0.40425
multiple storylines:0.3975
destiny:0.39625
fantasy world:0.393
nudity (full frontal):0.38625
not funny:0.38575
sexualized violence:0.38225
catastrophe:0.37725
adaptation:0.3765
chase:0.3745
sequels:0.37275
great:0.37175
first contact:0.371
storytelling:0.355
pointless:0.35275
bad acting:0.346
crappy sequel:0.34475
reality tv:0.344
idiotic:0.34225
good soundtrack:0.3415
nudity (full frontal - notable):0.33625
demons:0.33525
fight scenes:0.33475
stupid:0.3345
creativity:0.33275
intense:0.33075
doctors:0.32825
sci fi:0.31825
shallow:0.31475
entirely dialogue:0.3115
graphic novel:0.30975
ridiculous:0.30775
twist ending:0.30625
fun:0.30475
police investigation:0.30425
slapstick:0.30175
cheesy:0.30125
clever:0.29175
quirky:0.29
action packed:0.28925
good dialogue:0.28675
weird:0.286
runaway:0.28425
cool:0.28325
future:0.28075
stylish:0.27975
writers:0.279
