horror:0.979
splatter:0.915
macabre:0.8805
multiple storylines:0.85725
creepy:0.83275
original:0.8285
cult classic:0.826
death:0.8115
cult film:0.80125
goofy:0.78275
gory:0.78125
revenge:0.771
dark humor:0.75975
based on a comic:0.75575
story:0.749
great ending:0.724
monster:0.70775
comic book:0.68775
special effects:0.6875
fun movie:0.6825
gruesome:0.6685
bloody:0.66775
scary:0.662
storytelling:0.6495
zombie:0.648
life & death:0.645
great movie:0.63225
visceral:0.62675
great:0.5875
adapted from:comic:0.5845
adaptation:0.582
vengeance:0.573
transformation:0.5725
great acting:0.564
good soundtrack:0.5545
suspense:0.554
pornography:0.5525
brutality:0.551
atmospheric:0.54625
weird:0.5435
effects:0.5435
campy:0.54275
pulp:0.54225
grindhouse:0.5355
monsters:0.53525
first contact:0.53025
blood:0.52975
cult:0.5205
comics:0.518
murder:0.51425
disturbing:0.50675
spiders:0.505
comic:0.497
frightening:0.49275
demons:0.49125
stylized:0.47825
excellent script:0.46775
claustrophobic:0.46575
good:0.4635
cool:0.45825
mentor:0.45575
nudity (full frontal - notable):0.4485
stylish:0.448
suprisingly clever:0.44
catastrophe:0.44
dialogue:0.439
masterpiece:0.4355
oscar (best effects - visual effects):0.432
redemption:0.4315
voodoo:0.428
fun:0.42625
goretastic:0.425
solitude:0.4175
dark comedy:0.4175
dreams:0.41725
tense:0.4165
entertaining:0.4115
supernatural:0.409
violence:0.40225
black comedy:0.4015
classic car:0.401
violent:0.3995
suspenseful:0.38875
werewolf:0.38775
narrated:0.38775
80s:0.3805
humorous:0.37375
social commentary:0.37325
bad ending:0.373
childhood:0.37175
ironic:0.3705
mythology:0.3685
humor:0.367
weapons:0.36675
sexualized violence:0.366
camp:0.3655
creativity:0.364
grim:0.36325
good story:0.3575
so bad it's funny:0.35725
