intimate:0.97675
melancholic:0.943
criterion:0.926
melancholy:0.918
obsession:0.84625
golden palm:0.81475
talky:0.798
drinking:0.77325
french:0.76575
loneliness:0.74475
bleak:0.73375
enigmatic:0.703
meditative:0.6785
male nudity:0.674
dialogue:0.67325
downbeat:0.664
reflective:0.65075
mentor:0.647
entirely dialogue:0.637
original:0.61675
existentialism:0.6125
death:0.59525
vampire human love:0.58125
so bad it's funny:0.55725
social commentary:0.5515
poetry:0.52475
indie:0.51725
writers:0.50025
bollywood:0.48425
eccentricity:0.47425
nudity (full frontal - notable):0.466
stylized:0.4615
storytelling:0.437
paris:0.434
addiction:0.42925
movielens top pick:0.42825
pornography:0.41
oscar (best foreign language film):0.402
life & death:0.3885
catastrophe:0.38375
gratuitous violence:0.38175
cinematography:0.37325
relationships:0.3695
foreign:0.35375
complex characters:0.35225
off-beat comedy:0.34775
fantasy world:0.3455
not funny:0.344
spanish:0.341
good soundtrack:0.3405
dysfunctional family:0.33775
grindhouse:0.32775
friendship:0.32725
grim:0.32725
drugs:0.327
no dialogue:0.3255
weird:0.3235
runaway:0.317
stunning:0.31125
suprisingly clever:0.30775
understated:0.306
cerebral:0.30575
visually appealing:0.305
lyrical:0.30375
unlikely friendships:0.301
brutality:0.296
moody:0.2945
pointless:0.2905
tokyo:0.2905
beautifully filmed:0.28875
free to download:0.28175
nonlinear:0.27925
ironic:0.2775
classic car:0.2725
queer:0.26975
guilt:0.2645
emotional:0.262
hospital:0.26175
drug addiction:0.261
surreal:0.2565
fake documentary:0.2535
art house:0.2535
glbt:0.25275
light:0.252
sarcasm:0.25175
intellectual:0.25125
great ending:0.24775
poignant:0.24575
dialogue driven:0.24275
absurd:0.23975
betrayal:0.23975
crime gone awry:0.23625
biting:0.23475
directorial debut:0.234
depressing:0.23175
imdb top 250:0.23025
hotel:0.23
complex:0.2285
dark humor:0.22775
solitude:0.224
