surreal:0.9655
writer's life:0.9595
life & death:0.94975
loneliness:0.9435
existentialism:0.93925
cerebral:0.92775
weird:0.92425
intellectual:0.89
melancholic:0.8605
depression:0.84975
new york:0.845
creativity:0.8445
depressing:0.84025
reflective:0.83775
original:0.81875
life:0.8075
complex:0.807
confusing:0.79425
obsession:0.79275
surrealism:0.791
midlife crisis:0.791
philosophy:0.7845
new york city:0.77875
quirky:0.771
enigmatic:0.76925
philosophical:0.7565
hallucinatory:0.75425
meditative:0.74975
mental illness:0.74175
dreams:0.73925
metaphysics:0.73925
directorial debut:0.7385
bleak:0.73325
relationships:0.71975
storytelling:0.718
pretentious:0.717
melancholy:0.7125
art:0.7055
artistic:0.69425
life philosophy:0.691
writers:0.66
death:0.6475
artsy:0.64525
eccentricity:0.6345
social commentary:0.625
non-linear:0.6135
nudity (topless - notable):0.61
mentor:0.59975
absurd:0.59625
imagination:0.596
insanity:0.5955
adaptation:0.58125
artist:0.577
nonlinear:0.574
strange:0.5735
greed:0.5735
criterion:0.5725
good soundtrack:0.5545
very interesting:0.554
paranoia:0.55175
intimate:0.5445
dreamlike:0.5335
thought-provoking:0.521
visually appealing:0.518
honest:0.508
art house:0.499
great acting:0.494
talky:0.4905
downbeat:0.48325
independent film:0.48
golden palm:0.47775
cult classic:0.47425
catastrophe:0.473
masterpiece:0.472
transformation:0.4695
dark humor:0.46625
pointless:0.4655
character study:0.4615
long:0.45675
brutality:0.45525
interesting:0.45425
destiny:0.45375
indie:0.45275
twists & turns:0.44975
alternate reality:0.44975
dialogue:0.44575
solitude:0.4445
great ending:0.43625
narrated:0.42925
magic realism:0.4285
nudity (full frontal - notable):0.42825
psychological:0.42775
redemption:0.41825
humanity:0.41125
visceral:0.405
paranoid:0.40175
great:0.3985
coming of age:0.396
dysfunctional family:0.396
complicated:0.394
