world war ii:0.99625
wwii:0.99575
nazis:0.98175
camp:0.9685
war:0.95375
best war films:0.94675
germany:0.94175
wartime:0.91725
prison escape:0.9
nazi:0.893
prison:0.862
sacrifice:0.832
dramatic:0.80625
courage:0.78875
drama:0.7555
war movie:0.73575
german:0.72425
survival:0.70475
original:0.69775
betrayal:0.67275
good:0.67225
race issues:0.6395
historical:0.63925
great ending:0.637
action:0.6315
jews:0.625
catastrophe:0.60275
military:0.5955
plot twist:0.586
stereotypes:0.58375
story:0.57375
amazing cinematography:0.5545
pg-13:0.5545
predictable:0.55425
brutality:0.54125
weapons:0.5305
propaganda:0.529
unrealistic:0.521
prejudice:0.50125
murder:0.498
twists & turns:0.49525
dialogue:0.49
mentor:0.48975
big budget:0.48825
great acting:0.48225
plot:0.47575
torture:0.46925
intense:0.456
better than expected:0.44925
realistic:0.44775
beautiful scenery:0.44175
suspense:0.4375
us history:0.437
factual:0.432
brainwashing:0.42775
justice:0.42275
forceful:0.413
culture clash:0.40725
enormously long battle scene:0.40675
runaway:0.4005
action packed:0.4
redemption:0.39925
segregation:0.39125
alternate history:0.38675
world war i:0.38425
good acting:0.376
courtroom drama:0.37025
ethnic conflict:0.36775
not funny:0.36375
destiny:0.36225
excellent:0.362
adaptation:0.3595
absurd:0.35625
history:0.35525
morality:0.349
great:0.3475
entertaining:0.34675
good soundtrack:0.3455
revenge:0.345
vengeance:0.344
harsh:0.34225
bombs:0.341
poland:0.3405
powerful ending:0.33925
russian:0.33925
fight scenes:0.33825
unusual plot structure:0.33575
secrets:0.3335
guilt:0.33325
conspiracy:0.33275
storytelling:0.32475
fascism:0.32475
shallow:0.32375
family:0.3235
bad plot:0.323
corruption:0.3215
talky:0.321
special effects:0.321
racism:0.319
holocaust:0.315
