food:0.96875
documentary:0.96525
original:0.857
very interesting:0.84425
entertaining:0.83175
business:0.82675
propaganda:0.8255
interesting:0.7975
corporate america:0.79025
good:0.75425
educational:0.7435
brainwashing:0.72825
corruption:0.7185
social commentary:0.7115
thought-provoking:0.706
factual:0.69175
pornography:0.662
greed:0.6605
pg-13:0.6465
addiction:0.63225
drinking:0.6315
great ending:0.6225
obsession:0.6105
clever:0.60475
doctors:0.603
honest:0.59675
good soundtrack:0.5865
narrated:0.58275
conspiracy theory:0.579
politics:0.57625
excellent script:0.57125
psychology:0.5685
manipulation:0.56325
capitalism:0.5605
conspiracy:0.534
investigation:0.52625
psychological:0.5075
very good:0.50125
intelligent:0.49325
cooking:0.48775
suspense:0.4755
twists & turns:0.47475
runaway:0.47225
mentor:0.47225
intense:0.47075
california:0.47
storytelling:0.452
feel-good:0.45125
talky:0.45025
political:0.4475
harsh:0.4455
brutality:0.44475
prejudice:0.4445
amazing photography:0.43825
visually appealing:0.43775
intellectual:0.4375
secrets:0.434
catastrophe:0.43225
family:0.429
oscar (best directing):0.42725
disturbing:0.4265
culture clash:0.426
journalism:0.4245
justice:0.42425
children:0.424
adapted from:book:0.41925
police investigation:0.41875
adaptation:0.414
great:0.40575
very funny:0.4055
witty:0.402
idealism:0.39775
light:0.39525
great movie:0.39475
based on book:0.391
violence:0.39025
death:0.38925
story:0.38325
dramatic:0.38275
dialogue:0.38075
good acting:0.37975
oil:0.37875
lawyer:0.37775
complex:0.37675
not funny:0.37375
sexualized violence:0.372
earnest:0.36775
lawyers:0.3675
life philosophy:0.366
original plot:0.366
imdb top 250:0.36575
environmental:0.365
oscar (best actress):0.36425
feel good movie:0.36325
childhood:0.3625
based on a book:0.35875
mental illness:0.357
suprisingly clever:0.3545
canada:0.354
environment:0.35025
