secret service:0.99925
conspiracy:0.99275
president:0.986
tom clancy:0.96525
conspiracy theory:0.962
murder mystery:0.93025
chase:0.921
murder:0.898
action:0.88725
thriller:0.8795
detective:0.85
good action:0.74125
suspense:0.732
investigation:0.72275
corruption:0.712
race issues:0.67775
police investigation:0.6765
original:0.66675
very interesting:0.66675
plot:0.622
secrets:0.61375
big budget:0.6005
lone hero:0.59175
nudity (topless - brief):0.58925
assassins:0.585
twist ending:0.57425
good:0.573
bad plot:0.5705
assassin:0.567
predictable:0.56325
mystery:0.5465
assassination:0.544
mentor:0.52275
catastrophe:0.517
suspenseful:0.499
nudity (rear):0.496
fast paced:0.49525
manipulation:0.4835
revenge:0.48325
hit men:0.47575
car chase:0.4735
runaway:0.45725
spying:0.45025
justice:0.44275
dialogue:0.43575
crime:0.43275
great ending:0.42775
pg-13:0.417
spy:0.40825
hostage:0.40375
pornography:0.40375
lawyer:0.401
unfunny:0.4005
women:0.39925
betrayal:0.38975
great:0.38975
so bad it's funny:0.37925
identity:0.37725
political:0.3765
nudity (full frontal - brief):0.37475
storytelling:0.3745
story:0.36775
fight scenes:0.3655
girlie movie:0.363
vengeance:0.3625
not funny:0.3615
sexy:0.35975
bad ending:0.3585
stereotypes:0.358
brutality:0.35775
first contact:0.35625
silly:0.35575
fbi:0.35225
interesting:0.349
culture clash:0.3415
fantasy world:0.338
politics:0.32775
life philosophy:0.3235
natural disaster:0.3205
surveillance:0.32
better than expected:0.32
courtroom:0.319
good acting:0.312
enigmatic:0.31125
entertaining:0.30575
exciting:0.30475
destiny:0.30425
spies:0.29825
paranoia:0.29125
family:0.29
fun movie:0.289
plot twist:0.28725
serial killer:0.2855
twist:0.284
twists & turns:0.28275
adaptation:0.2735
clever:0.2715
bad:0.26925
greed:0.26825
internet:0.26375
