allegory:0.93625
dreamlike:0.92525
surreal:0.92125
weird:0.91575
hallucinatory:0.9005
meditative:0.897
enigmatic:0.89025
visual:0.88275
stylized:0.83375
cerebral:0.829
art house:0.8265
criterion:0.808
existentialism:0.75875
original:0.7355
melancholy:0.72975
art:0.728
golden palm:0.726
dreams:0.7055
cinematography:0.69275
melancholic:0.69225
visually appealing:0.67325
obsession:0.66825
pretentious:0.66675
absurd:0.66375
masterpiece:0.6425
unusual plot structure:0.64125
breathtaking:0.62675
greed:0.62575
surrealism:0.61475
complex:0.61175
strange:0.608
atmospheric:0.60675
reflective:0.6025
deadpan:0.5885
poetry:0.56975
dialogue:0.56425
artistic:0.5615
talky:0.561
bizarre:0.50875
slow:0.507
secrets:0.502
magic realism:0.499
so bad it's funny:0.498
artist:0.4975
bleak:0.4935
catastrophe:0.47225
crime gone awry:0.47225
moody:0.4675
storytelling:0.4645
harsh:0.4515
non-linear:0.45075
loneliness:0.4475
entirely dialogue:0.4465
creativity:0.4435
great ending:0.4265
nudity (full frontal - notable):0.42325
intimate:0.42275
german:0.422
lynch:0.421
brainwashing:0.4025
oil:0.38575
cult film:0.38175
slow paced:0.38075
eerie:0.37725
story:0.37725
mentor:0.375
oscar (best foreign language film):0.37425
interesting:0.37125
lyrical:0.3685
disturbing:0.36325
off-beat comedy:0.363
intellectual:0.36275
solitude:0.35175
tokyo:0.3495
quirky:0.34925
life philosophy:0.34725
end of the world:0.34475
narrated:0.34125
first contact:0.33275
visually stunning:0.327
18th century:0.32275
death:0.32025
paranoid:0.31025
brutality:0.308
life & death:0.30625
violence:0.30625
stunning:0.30625
affectionate:0.30475
not funny:0.304
sacrifice:0.3025
redemption:0.29975
small town:0.2975
19th century:0.29375
confusing:0.29225
suprisingly clever:0.2895
period piece:0.28675
downbeat:0.28025
insanity:0.28
childhood:0.276
oscar (best directing):0.275
