fun movie:0.93275
monster:0.928
cult film:0.9245
cult classic:0.91675
goofy:0.89925
horror:0.894
monsters:0.889
small town:0.8745
scifi:0.797
weapons:0.7925
special effects:0.79175
great:0.783
sci fi:0.7795
spiders:0.77725
fun:0.7765
chase:0.776
original:0.7465
action:0.73675
suspenseful:0.73625
great movie:0.73175
gory:0.698
quotable:0.69675
parody:0.6865
sci-fi:0.681
comedy:0.67
humor:0.65125
splatter:0.64575
humorous:0.64525
entertaining:0.641
desert:0.6405
dialogue:0.64
suspense:0.63875
affectionate:0.638
snakes:0.638
good:0.624
cult:0.60125
fast paced:0.59425
silly fun:0.59075
transformation:0.58975
cool:0.58625
dark humor:0.57375
spoof:0.5605
good acting:0.55675
silly:0.554
good action:0.54425
great acting:0.53475
pg-13:0.5295
buddy movie:0.52475
weird:0.521
great ending:0.51925
survival:0.516
ensemble cast:0.5095
campy:0.5005
scary:0.49825
science fiction:0.4935
visceral:0.48525
effects:0.479
grindhouse:0.464
mutants:0.45925
mad scientist:0.45575
death:0.45575
story:0.45375
lone hero:0.45075
mentor:0.44925
apocalypse:0.44675
creativity:0.44275
catastrophe:0.44175
wilderness:0.44125
creepy:0.43475
gruesome:0.4345
road movie:0.431
very good:0.41725
absurd:0.417
clever:0.4165
witty:0.41325
classic:0.4125
low budget:0.40925
violence:0.4065
good soundtrack:0.4055
gratuitous violence:0.40475
80s:0.4035
great dialogue:0.403
atmospheric:0.4015
storytelling:0.40075
macabre:0.39025
so bad it's funny:0.39
light:0.38825
quirky:0.387
excellent:0.3815
brutality:0.38075
oscar (best effects - visual effects):0.37725
imdb top 250:0.37625
awesome soundtrack:0.3685
adventure:0.36725
very funny:0.365
life & death:0.36475
zombie:0.3635
first contact:0.363
funny as hell:0.3585
dark comedy:0.3585
