comedy:0.917
so bad it's funny:0.81875
romantic comedy:0.8065
family:0.80375
predictable:0.78125
silly:0.7455
pg-13:0.73625
funny:0.72525
idiotic:0.713
original:0.659
kids and family:0.63225
slapstick:0.609
crude humor:0.58625
bad acting:0.57325
mentor:0.569
stupid:0.56325
very funny:0.53275
unfunny:0.52925
good:0.52925
bad plot:0.51525
shallow:0.50675
business:0.4985
new york city:0.49525
plot:0.4915
chase:0.48475
lame:0.4805
catastrophe:0.47475
horrible:0.47275
fun:0.47125
camp:0.4695
fantasy world:0.4675
dialogue:0.4615
bad script:0.45775
children:0.44275
teen movie:0.4405
natural disaster:0.4385
feel-good:0.43725
destiny:0.42975
golf:0.42275
family drama:0.41725
sexualized violence:0.4105
storytelling:0.409
fight scenes:0.40875
kids:0.403
great:0.39125
great ending:0.39075
special effects:0.39075
big budget:0.376
goofy:0.36625
happy ending:0.364
feel good movie:0.363
dysfunctional family:0.3625
bad:0.359
disaster:0.35825
girlie movie:0.3575
life philosophy:0.35525
story:0.34325
fun movie:0.342
lone hero:0.3395
humorous:0.33775
hilarious:0.32975
script:0.329
divorce:0.3275
multiple storylines:0.326
plot holes:0.3255
gangsters:0.324
first contact:0.318
single father:0.3155
culture clash:0.315
unlikely friendships:0.31425
superheroes:0.313
corny:0.313
switching places:0.309
better than expected:0.30675
buddy movie:0.29625
overrated:0.29225
sports:0.292
brutality:0.28975
betrayal:0.28925
adventure:0.286
superhero:0.2855
action:0.28475
silly fun:0.28475
melancholic:0.275
cheesy:0.273
stupidity:0.27075
writers:0.2695
runaway:0.26525
disney:0.261
adaptation:0.261
bad science:0.26
enormously long battle scene:0.2585
childhood:0.25825
god:0.25475
entirely dialogue:0.25325
new york:0.2515
books:0.2515
pornography:0.25
not funny:0.24925
awful:0.24825
