war:0.9845
world war ii:0.964
wartime:0.9625
espionage:0.95
war movie:0.9195
nazis:0.90775
forceful:0.905
wwii:0.87625
german:0.8565
best war films:0.853
friendship:0.8135
golden palm:0.80975
world war i:0.809
germany:0.80275
original:0.79725
oscar (best directing):0.79075
unlikely friendships:0.7855
culture clash:0.779
imdb top 250:0.77875
criterion:0.772
harsh:0.77
oscar (best foreign language film):0.7665
love triangles:0.76475
stylized:0.76375
realistic:0.75925
poignant:0.757
courage:0.756
social commentary:0.752
nazi:0.7515
historical:0.73625
tense:0.73375
true story:0.733
betrayal:0.7325
melancholic:0.71925
reflective:0.715
gunfight:0.7145
dramatic:0.7075
us history:0.6905
runaway:0.69
bleak:0.6655
talky:0.658
storytelling:0.6525
cult classic:0.63775
history:0.634
great acting:0.63375
based on book:0.63325
satire:0.62575
cinematography:0.62375
visceral:0.6205
foreign:0.61525
drama:0.61525
oscar (best actress):0.615
grim:0.61425
loneliness:0.61175
good soundtrack:0.61025
ethnic conflict:0.60625
psychology:0.6005
oscar (best supporting actress):0.59675
jews:0.59675
nostalgic:0.595
good:0.594
powerful ending:0.59225
fun movie:0.5875
complex:0.586
great:0.5855
brutality:0.5825
breathtaking:0.58075
story:0.58
based on a book:0.57625
nudity (full frontal - notable):0.569
movielens top pick:0.56375
oscar (best cinematography):0.5635
assassination:0.5595
oscar:0.558
black and white:0.5565
very interesting:0.555
drinking:0.55425
violence:0.5505
coming of age:0.5375
character study:0.537
atmospheric:0.5355
classic:0.533
world politics:0.5295
politics:0.526
highly quotable:0.523
political:0.521
male nudity:0.51725
dialogue:0.5155
very funny:0.51275
idealism:0.5125
gritty:0.51075
adventure:0.5065
1980s:0.50425
irreverent:0.5015
greed:0.5005
interesting:0.49675
epic:0.493
exceptional acting:0.4905
oscar (best supporting actor):0.48875
ironic:0.4885
