god:0.99775
comedy:0.9885
funny:0.93525
very funny:0.9105
silly fun:0.9045
goofy:0.87225
humorous:0.86725
religion:0.86025
hilarious:0.84475
pg-13:0.84325
good:0.82675
silly:0.73275
big budget:0.72225
original:0.71175
natural disaster:0.7095
biblical:0.69925
fun movie:0.694
great movie:0.679
crude humor:0.6595
great:0.65875
jesus:0.654
destiny:0.65325
story:0.6495
predictable:0.62475
christian:0.62475
funniest movies:0.62
special effects:0.61925
catastrophe:0.61725
humor:0.61625
fantasy:0.61475
devil:0.606
dumb:0.5995
touching:0.599
feel-good:0.582
dynamic cgi action:0.57925
redemption:0.5725
supernatural:0.56375
great ending:0.54
homeless:0.53575
better than expected:0.5265
feel good movie:0.52625
watch the credits:0.5235
workplace:0.5215
chase:0.515
fun:0.514
dumb but funny:0.50425
mythology:0.50325
entertaining:0.501
mentor:0.50075
first contact:0.49825
dramatic:0.49125
transformation:0.49025
funny as hell:0.4825
atheism:0.47825
excellent:0.47725
so bad it's funny:0.46875
visually appealing:0.459
clever:0.4575
creativity:0.45275
action:0.44925
family:0.4485
idiotic:0.443
technology:0.44275
happy ending:0.4385
sentimental:0.4375
slapstick:0.43
good soundtrack:0.429
sci-fi:0.426
stupid:0.422
stereotypes:0.42125
very good:0.41925
life philosophy:0.41425
simple:0.41425
unfunny:0.413
fight scenes:0.41225
dialogue:0.4095
christianity:0.40775
end of the world:0.406
light:0.406
romantic comedy:0.4055
stupidity:0.40525
alter ego:0.402
greed:0.40125
storytelling:0.395
stupid as hell:0.38175
original plot:0.3805
lame:0.37875
alone in the world:0.37425
culture clash:0.37325
parody:0.37325
drama:0.3675
plot:0.36725
interesting:0.36475
life & death:0.3645
absurd:0.36425
whimsical:0.3635
fantasy world:0.36125
bad plot:0.36075
thought-provoking:0.35775
bad cgi:0.35475
