based on a comic:0.995
assassin:0.99
action:0.9865
adapted from:comic:0.984
good action:0.949
action packed:0.94875
super hero:0.93625
graphic novel:0.92675
superheroes:0.925
fast paced:0.9105
based on comic:0.8945
assassins:0.88525
pg-13:0.8825
assassination:0.87675
big budget:0.87375
comic book:0.8725
superhero:0.87225
original:0.8565
ridiculous:0.8435
special effects:0.838
plot twist:0.8255
unrealistic:0.806
destiny:0.803
cool:0.80225
realistic action:0.79975
fight scenes:0.7835
super-hero:0.781
visually appealing:0.781
chase:0.779
mentor:0.77025
plot:0.7525
stupid as hell:0.74425
violence:0.74225
revenge:0.723
silly:0.7215
vengeance:0.721
weapons:0.7195
better than expected:0.71625
stylish:0.71375
gratuitous violence:0.68925
plot holes:0.68925
story:0.68775
car chase:0.67375
bad plot:0.654
murder:0.647
007 (series):0.64575
dialogue:0.626
alter ego:0.62325
dynamic cgi action:0.6155
visually stunning:0.61375
bad cgi:0.61175
stylized:0.6115
twists & turns:0.6085
predictable:0.6065
violent:0.60375
anti-hero:0.60025
absurd:0.599
transformation:0.5985
good soundtrack:0.59025
over the top:0.57525
lone hero:0.57075
dumb:0.5685
cgi:0.56175
betrayal:0.56025
good:0.55975
catastrophe:0.55775
vigilante:0.5505
entertaining:0.54275
mythology:0.53625
great ending:0.53625
so bad it's funny:0.53275
franchise:0.52725
hit men:0.523
fun:0.52025
dark hero:0.51975
storytelling:0.51875
visual:0.51325
mutants:0.51325
unlikeable characters:0.5075
technology:0.50175
video game:0.4865
gunfight:0.4845
intense:0.4775
explosions:0.47325
exciting:0.47275
hitman:0.47225
comics:0.4585
life philosophy:0.45825
guns:0.4565
comic book adaption:0.45525
splatter:0.45125
visuals:0.4465
brutality:0.44275
fun movie:0.439
shallow:0.43625
fantasy:0.43
pulp:0.4225
adaptation:0.421
sexy:0.42025
arms dealer:0.41625
