drama:0.96875
melancholic:0.9075
reflective:0.86225
emotional:0.8395
good soundtrack:0.8285
death:0.78925
loneliness:0.787
storytelling:0.77875
cerebral:0.7645
thought-provoking:0.76275
original:0.7595
relationships:0.7565
social commentary:0.7315
complex:0.7215
great acting:0.72025
great ending:0.71525
life & death:0.70325
mental illness:0.67325
good acting:0.6595
complicated:0.65275
existentialism:0.6445
justice:0.63775
honest:0.636
life philosophy:0.634
visually stunning:0.62725
sacrifice:0.614
interesting:0.608
unlikely friendships:0.5905
dramatic:0.589
depression:0.58525
philosophical:0.58425
catastrophe:0.58025
psychology:0.57325
visually appealing:0.56825
touching:0.56175
dialogue:0.5595
bittersweet:0.5555
vengeance:0.5535
redemption:0.5475
tragedy:0.54375
transformation:0.5395
life:0.527
doctors:0.52
melancholy:0.51825
philosophy:0.5095
happy ending:0.5045
excellent script:0.50425
twists & turns:0.501
friendship:0.49275
stoner movie:0.4925
weird:0.48675
hospital:0.48325
quirky:0.483
solitude:0.48
heartbreaking:0.4765
suspense:0.47375
guilt:0.47325
story:0.47325
good:0.46825
clever:0.45775
mentor:0.457
eccentricity:0.455
fight scenes:0.45175
oscar:0.4515
allegory:0.44825
feel-good:0.44675
mother daughter relationship:0.4395
writing:0.43525
entirely dialogue:0.434
suprisingly clever:0.4335
plot:0.427
road movie:0.427
great:0.41725
exceptional acting:0.4165
underrated:0.414
technology:0.41325
memory:0.4105
cathartic:0.40925
segregation:0.40775
greed:0.40625
plot holes:0.4005
internet:0.3995
intense:0.397
mindfuck:0.39675
plot twist:0.3955
movielens top pick:0.39425
feel good movie:0.39125
intimate:0.38725
ensemble cast:0.3845
intelligent:0.3795
heartwarming:0.37875
simple:0.376
corruption:0.37525
brutality:0.3685
first contact:0.36525
sentimental:0.363
compassionate:0.361
absurd:0.36075
love:0.36075
adultery:0.36025
