australia:0.987
true story:0.9515
vietnam war:0.9335
australian:0.92825
musicians:0.924
based on a true story:0.91475
feel-good:0.912
based on a play:0.90625
based on true story:0.8885
vietnam:0.88275
feel good movie:0.8795
mentor:0.85875
women:0.8585
rags to riches:0.858
culture clash:0.85675
girlie movie:0.833
good music:0.8175
music:0.798
sweet:0.798
good soundtrack:0.77625
good:0.77225
musical:0.7545
music business:0.74925
romantic comedy:0.716
very funny:0.697
biopic:0.6945
pg-13:0.6875
dancing:0.685
light:0.68325
earnest:0.679
entertaining:0.6785
segregation:0.6645
period piece:0.6545
realistic:0.64725
sisters:0.64725
war:0.64275
chick flick:0.64075
original:0.6405
great acting:0.6255
very good:0.61675
talky:0.614
vengeance:0.60425
destiny:0.59175
good acting:0.58875
history:0.58325
drama:0.583
prejudice:0.57875
story:0.578
great soundtrack:0.5765
great:0.57425
honest:0.56475
1960s:0.5625
great music:0.562
brutality:0.55625
funny:0.54325
runaway:0.54125
political:0.539
rock and roll:0.53325
race issues:0.52975
camp:0.52825
based on a book:0.52625
comedy:0.51225
coming of age:0.51075
stereotypes:0.49925
dialogue:0.497
drinking:0.48575
dance:0.48275
teen movie:0.4805
1970s:0.4795
unlikely friendships:0.478
romance:0.4765
interracial romance:0.4745
great ending:0.4715
british:0.469
racism:0.4665
humorous:0.46275
classic car:0.45675
affectionate:0.4555
inspiring:0.4505
so bad it's funny:0.44625
identity:0.44625
family:0.446
relationships:0.445
corruption:0.4435
catastrophe:0.43675
adapted from:book:0.436
friendship:0.435
plot:0.43
assassination:0.42925
ensemble cast:0.428
nostalgic:0.42425
heartwarming:0.4225
great movie:0.41825
bollywood:0.4175
predictable:0.4125
us history:0.41125
happy ending:0.40225
unfunny:0.39875
brutal:0.39725
powerful ending:0.3945
