comedy:0.9525
very funny:0.893
funny:0.89075
buddy movie:0.89025
funniest movies:0.85175
hilarious:0.784
original:0.60675
good:0.597
humorous:0.56375
road trip:0.561
road movie:0.5305
suprisingly clever:0.51825
destiny:0.51275
chase:0.51
catastrophe:0.4885
great:0.48675
predictable:0.483
creativity:0.47625
surveillance:0.456
crude humor:0.455
great ending:0.452
mentor:0.4515
redemption:0.4375
plot:0.42525
happy ending:0.42475
slapstick:0.417
absurd:0.416
so bad it's funny:0.40975
unfunny:0.402
life philosophy:0.39725
silly fun:0.3945
unusual plot structure:0.39125
dialogue:0.3895
fun movie:0.38475
good soundtrack:0.37725
culture clash:0.37125
stupidity:0.371
first contact:0.36
dumb:0.36
desert:0.35525
storytelling:0.35425
kidnapping:0.3425
transformation:0.3395
dumb but funny:0.33725
feel good movie:0.33675
silly:0.3365
workplace:0.3355
feel-good:0.33325
entertaining:0.331
lawyer:0.32975
simple:0.32925
funny as hell:0.328
clever:0.32525
pornography:0.3205
underrated:0.31625
humor:0.313
weird:0.3125
goofy:0.308
story:0.30725
life & death:0.30675
great acting:0.30325
crazy:0.302
mistaken identity:0.30175
runaway:0.3
divorce:0.29925
nudity (full frontal - brief):0.29575
brutality:0.293
vengeance:0.291
spiders:0.28875
hillarious:0.28675
natural disaster:0.286
fight scenes:0.2845
pg-13:0.2835
great movie:0.28275
excellent:0.27675
entirely dialogue:0.27525
cheating:0.274
twists & turns:0.269
classic car:0.26775
quirky:0.2635
fun:0.26275
writers:0.2595
adventure:0.259
revenge:0.25825
beautiful scenery:0.258
stupid:0.2575
melancholic:0.256
adaptation:0.25575
nudity (topless - notable):0.25175
fantasy world:0.24975
lone hero:0.24625
bad plot:0.24475
better than expected:0.24375
existentialism:0.242
caper:0.2415
fast paced:0.23975
robbery:0.23825
good acting:0.237
police investigation:0.23525
crime:0.2345
