brutality:0.948
disturbing:0.93575
serial killer:0.9225
stylish:0.8965
psychological:0.87525
police investigation:0.8575
sexualized violence:0.81125
macabre:0.79325
violence:0.77275
psychology:0.763
cinematography:0.762
surreal:0.7495
stylized:0.7345
original:0.7185
dark:0.7135
pornography:0.70575
rape:0.7
obsession:0.696
insanity:0.68275
violent:0.68075
brutal:0.6785
weird:0.6335
atmospheric:0.63175
murder:0.63075
hallucinatory:0.62875
bloody:0.6235
creepy:0.605
very interesting:0.58925
visceral:0.58
art:0.57875
dreamlike:0.57675
graphic novel:0.56925
bizarre:0.566
hard to watch:0.566
dark humor:0.54725
visually stunning:0.536
torture:0.52825
surrealism:0.508
gruesome:0.504
vengeance:0.5015
gory:0.49675
enigmatic:0.496
cult film:0.494
masterpiece:0.4895
visually appealing:0.4775
catastrophe:0.47675
harsh:0.46025
demons:0.4495
mentor:0.44425
visual:0.444
cerebral:0.4395
kidnapping:0.4325
nudity (full frontal - notable):0.42925
memory loss:0.4275
twists & turns:0.4235
hotel:0.41425
storytelling:0.41275
intense:0.41025
crazy:0.40525
good soundtrack:0.40375
criterion:0.399
great ending:0.398
fantasy world:0.39475
nudity (full frontal):0.3935
suspenseful:0.3905
italian:0.38975
detective:0.376
not funny:0.367
goth:0.3655
social commentary:0.36425
investigation:0.36275
dialogue:0.35075
guilt:0.349
quirky:0.343
psychiatrist:0.34075
horror:0.33475
eerie:0.3345
grindhouse:0.332
blindness:0.33025
erotic:0.32625
spanish:0.324
supernatural:0.324
rome:0.32175
existentialism:0.3175
life philosophy:0.3175
predictable:0.3135
revenge:0.3125
absurd:0.31125
melancholic:0.308
claustrophobic:0.307
overrated:0.30475
pointless:0.30075
splatter:0.3
runaway:0.29675
strange:0.2955
twist ending:0.29075
thriller:0.2905
dark comedy:0.28775
multiple storylines:0.28025
entirely dialogue:0.27875
