gay:0.99175
homosexuality:0.989
glbt:0.98425
documentary:0.97725
transgender:0.9685
christianity:0.95675
queer:0.95575
judaism:0.922
religion:0.911
homophobia:0.90225
original:0.8885
lesbian:0.86775
god:0.8365
politics:0.80575
based on a book:0.75525
jews:0.7415
interesting:0.73625
based on book:0.73625
gay character:0.73525
science:0.72425
corruption:0.72275
relationships:0.72125
intense:0.7105
family:0.704
jesus:0.6945
suspense:0.693
poignant:0.67275
reflective:0.665
psychology:0.65025
powerful ending:0.63875
stereotypes:0.63775
very interesting:0.63625
visually appealing:0.6335
heartbreaking:0.633
prejudice:0.62625
beautiful scenery:0.623
oscar (best supporting actress):0.613
serial killer:0.602
biblical:0.59925
intimate:0.59325
culture clash:0.58675
love:0.58475
canada:0.57925
brainwashing:0.57075
passionate:0.56875
propaganda:0.568
talky:0.55825
atheism:0.55175
family drama:0.5515
violence:0.54725
sexuality:0.54575
nudity (full frontal - brief):0.5415
great ending:0.5375
oscar (best actress):0.53725
sad:0.533
inspiring:0.53225
excellent script:0.53225
political:0.5305
dysfunctional family:0.52275
social commentary:0.51575
islam:0.5145
male nudity:0.51375
intelligent:0.5125
storytelling:0.50575
philosophy:0.50425
secrets:0.502
visceral:0.5005
courage:0.49625
psychological:0.492
justice:0.48825
honest:0.48575
earnest:0.4795
journalism:0.47925
mental illness:0.478
surveillance:0.472
unusual plot structure:0.472
original plot:0.47
emotional:0.467
identity:0.46375
spelling bee:0.4625
tragedy:0.45775
love story:0.45575
good acting:0.4555
criterion:0.455
dialogue:0.45475
oscar (best directing):0.4505
christian:0.4505
censorship:0.4495
amazing photography:0.444
grindhouse:0.442
drama:0.4415
catholicism:0.43125
death:0.4275
obsession:0.4265
good:0.42625
historical:0.42625
mentor:0.424
stylized:0.424
satire:0.42075
dark hero:0.41525
