franchise:0.99475
dreams:0.987
slasher:0.98575
teens:0.975
serial killer:0.94875
horror:0.94525
murder:0.91175
original:0.79225
series:0.771
special effects:0.71125
crappy sequel:0.67625
sequel:0.64925
death:0.63575
predictable:0.6355
good sequel:0.5925
scary:0.5895
surreal:0.5815
sequels:0.56475
goofy:0.54825
brutality:0.54025
creativity:0.53725
nudity (topless):0.5305
bad acting:0.525
dreamlike:0.511
weird:0.49425
fantasy world:0.486
violence:0.4815
great ending:0.478
bad plot:0.4715
surrealism:0.46025
overrated:0.46025
mentor:0.44975
demons:0.4495
teen movie:0.449
revenge:0.448
supernatural:0.44275
halloween:0.4375
stupid as hell:0.4365
first contact:0.4355
horrible:0.432
storytelling:0.4265
fantasy:0.41025
campy:0.4035
comic book:0.4035
effects:0.386
catastrophe:0.3855
not funny:0.37675
camp:0.37425
bad ending:0.37225
destiny:0.3705
adaptation:0.37025
nudity:0.36625
unusual plot structure:0.36575
pornography:0.36575
suspense:0.3645
writers:0.36225
pointless:0.36175
powerful ending:0.3605
vengeance:0.36025
fight scenes:0.36
dialogue:0.358
sci fi:0.35
monster:0.349
story:0.346
bloody:0.344
teenagers:0.3435
mythology:0.3385
stupid:0.33525
weapons:0.3345
visual:0.333
silly:0.33225
motorcycle:0.332
bizarre:0.331
ridiculous:0.32925
transformation:0.32775
runaway:0.3215
gory:0.32075
gothic:0.31575
doctors:0.31325
cool:0.311
lame:0.308
grindhouse:0.3045
splatter:0.303
boring:0.301
shallow:0.30075
so bad it's funny:0.29575
high school:0.2955
nocturnal:0.295
teen:0.295
good:0.29375
creepy:0.293
gruesome:0.29275
fun movie:0.2915
family:0.291
cult film:0.28975
police investigation:0.28525
good soundtrack:0.2845
visually appealing:0.28225
quirky:0.2785
sexualized violence:0.27775
