scifi cult:0.99975
sci-fi:0.99475
alien:0.9745
scifi:0.95375
sci fi:0.95225
horrible:0.945
aliens:0.9305
science fiction:0.91975
stupid as hell:0.912
so bad it's funny:0.909
special effects:0.897
bad plot:0.8955
big budget:0.891
based on a book:0.89075
predictable:0.86875
space opera:0.8675
first contact:0.86725
bad acting:0.86175
bad:0.84775
awful:0.8435
stupid:0.812
original:0.806
natural disaster:0.7895
futuristic:0.776
pulp:0.7525
plot holes:0.7505
space:0.75
adapted from:book:0.749
god:0.749
lame:0.7485
idiotic:0.7435
pointless:0.72675
bad science:0.72675
religion:0.71175
disaster:0.69425
action:0.6745
ridiculous:0.66875
alien invasion:0.66775
weapons:0.66425
mars:0.66025
bad cgi:0.65625
silly fun:0.62425
based on book:0.623
dialogue:0.62275
catastrophe:0.6195
fantasy:0.618
silly:0.6175
mentor:0.60825
adaptation:0.6
story:0.597
destiny:0.59175
books:0.5915
family:0.58125
future:0.58125
cult film:0.57825
adventure:0.57775
technology:0.56675
stupidity:0.561
bad script:0.55825
post apocalyptic:0.55525
great ending:0.55125
science:0.53925
overrated:0.537
shallow:0.535
storytelling:0.52475
book was better:0.5195
brutality:0.5185
camp:0.5175
campy:0.5035
teleportation:0.49925
fight scenes:0.49225
space travel:0.4895
action packed:0.476
redemption:0.4735
nudity (topless - notable):0.472
book:0.46525
christian:0.4605
humanity:0.45775
entirely dialogue:0.45425
fun:0.449
fantasy world:0.44525
gangsters:0.44025
jesus:0.436
violence:0.436
justice:0.43575
utopia:0.433
crappy sequel:0.4215
writers:0.41425
vengeance:0.41
cheesy:0.4025
slavery:0.4025
cult classic:0.40225
fun movie:0.394
chase:0.3935
absurd:0.3885
death:0.3885
humorous:0.38675
end of the world:0.3835
suspense:0.37625
goofy:0.376
