christmas:0.98825
holiday:0.94425
silly fun:0.8795
horrible:0.82075
fun movie:0.7525
natural disaster:0.71475
catastrophe:0.6895
ninja:0.6495
happy ending:0.6415
bad acting:0.59775
original:0.5905
life philosophy:0.579
bad:0.5445
destiny:0.52975
predictable:0.49375
mentor:0.49225
awful:0.428
slapstick:0.4145
fight scenes:0.38975
bad plot:0.38775
writers:0.376
weapons:0.36725
so bad it's funny:0.3595
chase:0.35925
fantasy world:0.349
spelling bee:0.349
internet:0.32075
dialogue:0.32
lone hero:0.31825
overrated:0.317
first contact:0.31575
dinosaurs:0.31375
nudity (topless - notable):0.3085
dysfunctional family:0.302
childhood:0.3015
brutality:0.3005
runaway:0.2985
feel good movie:0.28775
feel-good:0.28525
australia:0.2765
children:0.27
pulp:0.26625
road movie:0.2655
disaster:0.26375
big budget:0.26175
cheesy:0.25475
culture clash:0.254
great ending:0.251
unfunny:0.25075
california:0.2505
plot holes:0.25025
magic:0.24625
nudity (rear):0.24575
good:0.244
family:0.24275
unusual plot structure:0.242
entirely dialogue:0.24025
fun:0.23975
not funny:0.23675
crude humor:0.2335
storytelling:0.23225
censorship:0.2315
based on a video game:0.22825
great:0.22725
island:0.22675
science fiction:0.2265
multiple storylines:0.2255
directorial debut:0.2255
quirky:0.224
adaptation:0.22325
family drama:0.22275
good soundtrack:0.21675
franchise:0.21675
weird:0.21125
vengeance:0.209
grindhouse:0.20825
redemption:0.20775
nudity (full frontal - brief):0.20675
cult film:0.204
stupidity:0.203
existentialism:0.2015
pg-13:0.20025
animals:0.19975
special effects:0.19975
melancholic:0.1995
very funny:0.19475
pointless:0.1935
space:0.19
sword fighting:0.189
lame:0.18875
cinematography:0.18775
corny:0.1865
boring:0.18575
bad ending:0.185
stupid as hell:0.18325
violent:0.18275
orphans:0.1805
secrets:0.1805
cute!:0.18025
kids:0.178
