espionage:0.99925
assassin:0.99775
spying:0.994
spies:0.98375
spy:0.9835
thriller:0.9385
assassins:0.938
twists & turns:0.93625
twist ending:0.93125
secrets:0.927
chase:0.90975
twist:0.88775
cia:0.87875
conspiracy:0.87275
assassination:0.8695
fast paced:0.85775
murder:0.8455
suspense:0.842
plot holes:0.814
cold war:0.8105
russia:0.78775
suspenseful:0.78475
mentor:0.7695
great ending:0.754
action:0.7515
plot:0.73475
surprise ending:0.686
story:0.6745
car chase:0.67375
original:0.6705
entertaining:0.65825
pg-13:0.6435
mystery:0.6405
good action:0.62475
dialogue:0.622
fbi:0.61975
secret service:0.61875
brainwashing:0.618
tense:0.6135
betrayal:0.612
predictable:0.60025
plot twist:0.59275
identity:0.5735
surveillance:0.5685
good:0.55475
catastrophe:0.4995
amnesia:0.4965
tom clancy:0.47425
revenge:0.46525
good acting:0.464
script:0.46325
corruption:0.45425
exciting:0.453
murder mystery:0.44825
first contact:0.442
clever:0.4405
complex:0.434
no plot:0.43075
better than expected:0.4275
conspiracy theory:0.42
investigation:0.41225
bad ending:0.40875
fight scenes:0.408
maze:0.40525
russian:0.401
complicated plot:0.4005
happy ending:0.39975
paranoia:0.39725
sexy:0.39025
absurd:0.388
paranoid:0.388
police investigation:0.384
action packed:0.38225
brutality:0.381
life philosophy:0.37875
suprisingly clever:0.37525
culture clash:0.3705
survival:0.37
very interesting:0.3685
runaway:0.3615
storytelling:0.3485
lawyer:0.34575
interesting:0.3435
not funny:0.33725
intense:0.33125
nudity (full frontal - brief):0.3245
hit men:0.32325
unrealistic:0.3225
technology:0.3185
crime:0.3155
manipulation:0.30825
pornography:0.306
bad plot:0.3035
adaptation:0.30275
complicated:0.29575
violence:0.294
fashion:0.291
torture:0.28775
unfunny:0.28675
hitman:0.28575
