jesus:0.9565
classic:0.95
silent:0.91525
greed:0.8395
adapted from:book:0.821
epic:0.79225
original:0.7875
oscar (best directing):0.7795
childhood:0.7695
story:0.766
masterpiece:0.751
1920s:0.6955
talky:0.69525
good:0.687
intense:0.6835
race:0.68025
racing:0.678
runaway:0.6735
visual:0.66925
mentor:0.66525
betrayal:0.66475
special effects:0.65475
adaptation:0.65375
black and white:0.651
oscar winner:0.62525
earnest:0.61675
tense:0.6165
visually appealing:0.612
dialogue:0.61025
visually stunning:0.6075
great movie:0.606
historical:0.60525
pornography:0.60375
suspense:0.595
dynamic cgi action:0.58375
oscar (best actress):0.5835
fun movie:0.5825
criterion:0.5785
light:0.576
adventure:0.56675
suprisingly clever:0.55775
1930s:0.55675
slavery:0.55175
great:0.54975
exciting:0.546
culture clash:0.545
based on a book:0.54275
great ending:0.5425
redemption:0.54125
based on book:0.53425
original plot:0.52975
imdb top 250:0.5245
sacrifice:0.5205
forceful:0.52
literature:0.51825
friendship:0.51425
technology:0.51225
passionate:0.506
cinematography:0.50525
fantasy world:0.50075
transformation:0.4965
stunning:0.496
scenic:0.4955
corruption:0.494
good action:0.4905
pg-13:0.4805
afi 100 (movie quotes):0.479
interesting:0.47875
dramatic:0.4775
destiny:0.47375
jews:0.4725
catastrophe:0.46375
brutality:0.46275
revenge:0.455
idealism:0.44725
prejudice:0.44625
storytelling:0.44575
vengeance:0.4415
oscar:0.441
beautiful scenery:0.441
action:0.43725
christianity:0.43525
breathtaking:0.43225
oscar (best cinematography):0.4245
oscar (best supporting actress):0.4215
big budget:0.421
biblical:0.4205
race issues:0.41975
oscar (best effects - visual effects):0.419
chase:0.41725
books:0.41725
clever:0.41675
family:0.4155
great cinematography:0.41425
sexy:0.413
romantic:0.41225
oscar (best supporting actor):0.4105
very good:0.40875
unlikely friendships:0.4085
violent:0.40225
