conspiracy:0.94525
journalism:0.93225
corruption:0.93025
true story:0.902
based on true story:0.88825
tense:0.84475
chase:0.823
intense:0.81475
story:0.81475
suspense:0.8125
courtroom:0.7925
cia:0.7585
dramatic:0.75625
drama:0.7285
original:0.711
good:0.7105
manipulation:0.71025
based on a true story:0.69175
secrets:0.6875
violence:0.676
weapons:0.67
politics:0.66125
mentor:0.64225
suspenseful:0.63025
california:0.6245
betrayal:0.62325
investigation:0.62175
runaway:0.618
drugs:0.6165
excellent script:0.612
family drama:0.605
based on book:0.5885
survival:0.58725
life & death:0.587
very interesting:0.5755
great ending:0.57475
forceful:0.54725
thriller:0.53925
justice:0.53375
paranoid:0.53325
first contact:0.53025
greed:0.5295
brutality:0.5285
revenge:0.528
nudity (topless):0.522
catastrophe:0.516
dialogue:0.51325
biography:0.5105
twists & turns:0.5025
nudity (full frontal - brief):0.4965
complex:0.4955
based on a book:0.4955
silly fun:0.485
storytelling:0.48125
pg-13:0.474
vengeance:0.471
dysfunctional family:0.46875
courage:0.4615
interesting:0.46125
police investigation:0.458
suicide:0.451
doctors:0.43975
police corruption:0.4365
predictable:0.42575
life philosophy:0.4255
melancholic:0.41975
suprisingly clever:0.4195
great:0.41875
idealism:0.41575
nudity (topless - brief):0.4015
fun movie:0.39975
powerful ending:0.39975
clever:0.39775
spying:0.38775
harsh:0.38575
plot:0.384
exceptional acting:0.38125
freedom:0.37975
underrated:0.3795
good soundtrack:0.3745
redemption:0.37125
great acting:0.36975
political:0.3695
crime gone awry:0.36925
spy:0.36875
great movie:0.36575
light:0.36275
brainwashing:0.36275
good acting:0.3625
not funny:0.36225
bad ending:0.36175
political corruption:0.36025
lawyer:0.3585
earnest:0.35775
undercover cop:0.35575
good action:0.3555
fbi:0.3535
hospital:0.35075
natural disaster:0.3505
unusual plot structure:0.3415
