rock and roll:0.9915
surreal:0.944
music:0.9325
psychedelic:0.91425
good music:0.912
musical:0.90975
weird:0.9
awesome soundtrack:0.892
cult classic:0.885
cult film:0.87675
original:0.849
great music:0.82775
musicians:0.7965
camp:0.7305
good soundtrack:0.7205
satirical:0.672
allegory:0.6575
visual:0.65325
visually stunning:0.6335
bizarre:0.62425
pornography:0.612
adaptation:0.56325
cult:0.56225
colourful:0.54675
visually appealing:0.52775
absurd:0.527
mentor:0.526
insanity:0.52325
runaway:0.51025
campy:0.509
surrealism:0.50725
lyrical:0.50375
so bad it's funny:0.50075
dialogue:0.49425
stylized:0.48875
catastrophe:0.48725
artistic:0.48225
great soundtrack:0.47525
sexualized violence:0.47275
drugs:0.46625
hip hop:0.46075
music business:0.45925
redemption:0.4575
great:0.457
dreamlike:0.45175
not funny:0.44475
brutality:0.43925
stoner movie:0.43875
storytelling:0.436
good:0.428
notable soundtrack:0.42575
great ending:0.42375
story:0.423
social commentary:0.4195
opera:0.4165
parody:0.415
1970s:0.4025
nudity (full frontal - notable):0.39475
adapted from:book:0.38675
silly fun:0.3865
great movie:0.386
dancing:0.382
criterion:0.3775
70mm:0.3765
enigmatic:0.37625
visuals:0.3735
culture clash:0.372
unusual plot structure:0.37175
masterpiece:0.36875
very interesting:0.3685
jesus:0.3675
childhood:0.3615
dark humor:0.36075
cinematography:0.35875
satire:0.35775
multiple storylines:0.35575
silly:0.355
loneliness:0.354
clever:0.35
creativity:0.3495
pointless:0.349
irreverent:0.3485
violence:0.34825
harsh:0.34575
strange:0.342
very good:0.338
fun movie:0.33575
vengeance:0.33475
destiny:0.33175
narrated:0.33125
predictable:0.33125
nudity (topless - notable):0.32975
greed:0.3285
light:0.3275
talky:0.3265
rebellion:0.32575
blindness:0.3245
suprisingly clever:0.3215
lone hero:0.3195
pg-13:0.319
