robert downey jr:0.98525
action:0.96925
fast paced:0.95625
visually appealing:0.92475
london:0.91325
fight scenes:0.90125
story:0.89025
entertaining:0.88975
adventure:0.87375
england:0.8695
plot:0.861
detective:0.86075
big budget:0.858
pg-13:0.84575
dialogue:0.83875
action packed:0.78975
based on a book:0.78975
superheroes:0.7855
conspiracy:0.757
super hero:0.75125
witty:0.75075
original:0.74925
good action:0.7485
intellectual:0.7435
fun:0.73275
mystery:0.72225
murder:0.711
literature:0.70375
good:0.70375
adaptation:0.6845
storytelling:0.681
franchise:0.6785
great ending:0.67825
cool:0.6735
betrayal:0.6635
steampunk:0.6625
humor:0.6565
mentor:0.6535
script:0.648
clever:0.644
martial arts:0.6425
superhero:0.63625
adapted from:comic:0.63575
special effects:0.6355
vengeance:0.625
swashbuckler:0.6225
costume drama:0.60975
chase:0.60825
books:0.60675
fighting:0.60475
great:0.60475
plot twist:0.599
fun movie:0.59525
anti-hero:0.58375
secrets:0.57125
technology:0.569
period piece:0.56775
better than expected:0.56775
cgi:0.56125
revenge:0.56075
justice:0.5575
good sequel:0.555
ninja:0.55
twists & turns:0.5465
original plot:0.54525
stylish:0.5445
dark hero:0.5395
19th century:0.5385
violent:0.53775
good soundtrack:0.53675
adapted from:book:0.53275
complex:0.529
visual:0.525
comedy:0.52225
exciting:0.522
intense:0.51275
interesting:0.5075
cerebral:0.5025
transformation:0.4945
comic book:0.49425
life philosophy:0.4925
stylized:0.4895
visually stunning:0.48625
weapons:0.48375
manipulation:0.48325
thriller:0.4825
great movie:0.482
british:0.47325
destiny:0.46975
suspense:0.4695
alter ego:0.468
eccentricity:0.46475
catastrophe:0.463
dynamic cgi action:0.462
complicated plot:0.45925
mythology:0.45225
very interesting:0.4425
corruption:0.43775
runaway:0.4375
excellent:0.4375
