music:0.99275
anime:0.9285
visual:0.89125
storytelling:0.855
punk:0.85175
good music:0.8505
weird:0.841
visually appealing:0.80925
musical:0.79425
original:0.79175
good soundtrack:0.77875
rock and roll:0.77625
dialogue:0.76
stylized:0.75875
self discovery:0.743
colourful:0.731
animation:0.724
visually stunning:0.7205
great music:0.69625
musicians:0.688
story:0.6845
vengeance:0.68175
artistic:0.67625
music business:0.67425
art:0.66475
criterion:0.664
imagination:0.6345
kidnapping:0.63325
mentor:0.62575
stylish:0.60075
japan:0.6005
lyrical:0.5955
creativity:0.5915
fantasy world:0.58975
visuals:0.5835
life & death:0.581
tokyo:0.5735
great ending:0.572
atmospheric:0.5695
golden palm:0.565
drama:0.55625
runaway:0.55325
dance:0.5485
nostalgic:0.5475
unusual plot structure:0.547
interesting:0.54475
dark:0.5445
visceral:0.54325
oscar (best directing):0.5415
classic car:0.54025
cinematography:0.53525
enigmatic:0.532
great:0.52925
graphic design:0.524
great movie:0.52325
awesome soundtrack:0.52125
stunning:0.519
masterpiece:0.51725
talky:0.516
great soundtrack:0.51575
entirely dialogue:0.515
suprisingly clever:0.51325
police investigation:0.512
brutality:0.50775
animated:0.49425
melancholic:0.489
sexualized violence:0.4885
love:0.48525
twists & turns:0.47975
loneliness:0.4795
intense:0.4695
solitude:0.4685
nudity (full frontal - brief):0.46825
imdb top 250:0.468
adapted from:book:0.462
long:0.46075
character study:0.46025
psychological:0.4535
serial killer:0.452
breathtaking:0.4505
catastrophe:0.44475
exceptional acting:0.441
male nudity:0.438
great acting:0.43525
movielens top pick:0.43025
dark hero:0.4295
melancholy:0.428
downbeat:0.422
transformation:0.4215
chase:0.42125
underrated:0.4195
good:0.41725
culture clash:0.4155
life philosophy:0.4155
amazing photography:0.415
social commentary:0.41425
cartoon:0.4125
artist:0.40875
1970s:0.4085
dancing:0.4085
