love:0.95475
destiny:0.9505
love story:0.9325
relationships:0.871
romance:0.84775
life philosophy:0.8245
bittersweet:0.8105
french:0.803
mentor:0.764
nudity (topless - notable):0.7565
paris:0.71925
original:0.707
obsession:0.686
cinematography:0.65275
beautiful scenery:0.6265
betrayal:0.61325
fun movie:0.61275
good soundtrack:0.60025
visually appealing:0.5975
friendship:0.596
sacrifice:0.58175
childhood:0.579
very interesting:0.57
unusual plot structure:0.56975
great acting:0.5615
beautifully filmed:0.556
life:0.5415
affectionate:0.53725
life & death:0.53675
loneliness:0.5325
oscar (best supporting actress):0.5255
pg-13:0.51675
weird:0.516
quirky:0.5135
plot:0.50775
story:0.5045
goofy:0.5035
video game:0.49075
passionate:0.488
idealism:0.487
catastrophe:0.4865
good:0.48475
great ending:0.4835
narrated:0.48175
interesting:0.481
light:0.47975
drama:0.472
transformation:0.47125
drinking:0.46875
dreams:0.46475
excellent script:0.46425
criterion:0.46325
unlikely friendships:0.46
france:0.459
male nudity:0.45075
storytelling:0.44975
intense:0.4485
creativity:0.4465
enigmatic:0.44225
dialogue:0.44175
good acting:0.43175
emotional:0.42825
feel-good:0.425
clever:0.42475
social commentary:0.41975
insanity:0.4115
suprisingly clever:0.411
fun:0.4055
twists & turns:0.40275
talky:0.40225
heartwarming:0.39975
romantic:0.39925
powerful ending:0.397
sentimental:0.39525
witty:0.3945
movielens top pick:0.39325
feel good movie:0.39025
whimsical:0.38675
visually stunning:0.386
stylized:0.38525
happy ending:0.37925
tragedy:0.3785
oscar (best actress):0.37675
justice:0.3755
humanity:0.37525
secrets:0.3725
psychology:0.37125
classic car:0.371
oscar (best directing):0.37075
nudity (topless - brief):0.37025
surrealism:0.36775
great:0.3675
sexualized violence:0.3665
underrated:0.3665
surreal:0.36575
pornography:0.36275
greed:0.35975
great cinematography:0.3585
culture clash:0.35675
brutality:0.3555
