serial killer:0.9855
murder:0.853
surprise ending:0.827
police investigation:0.8225
plot holes:0.81675
conspiracy theory:0.77275
thriller:0.738
suspense:0.72475
nudity (rear):0.702
detective:0.7005
revenge:0.6895
twists & turns:0.68725
suspenseful:0.68275
predictable:0.67775
plot:0.67725
bad script:0.66525
crime:0.662
original:0.66075
mystery:0.656
psychiatrist:0.65125
bad ending:0.6195
corruption:0.5835
horrible:0.57075
twist ending:0.5695
plot twist:0.56325
catastrophe:0.55425
pg-13:0.554
great ending:0.548
torture:0.54525
first contact:0.543
bad acting:0.532
twist:0.52025
nudity (full frontal - brief):0.51375
fbi:0.50625
psychiatry:0.49
pornography:0.488
identity:0.477
action:0.46875
betrayal:0.4675
dialogue:0.461
internet:0.44775
bad plot:0.447
mentor:0.4285
not funny:0.42075
fast paced:0.41925
natural disaster:0.40925
story:0.4005
chase:0.40025
secrets:0.39925
justice:0.397
death:0.38825
kidnapping:0.37775
doctors:0.36975
assassination:0.36825
tense:0.36725
so bad it's funny:0.36275
murder mystery:0.358
conspiracy:0.35375
psychological:0.353
fantasy world:0.3505
silly:0.35
script:0.347
ridiculous:0.343
life philosophy:0.343
good:0.341
overrated:0.33725
investigation:0.33675
adaptation:0.336
interesting:0.3355
police corruption:0.3335
manipulation:0.3315
shallow:0.3275
guilt:0.3275
storytelling:0.32675
clever:0.3255
cerebral:0.321
fight scenes:0.32075
sexualized violence:0.31975
lone hero:0.31775
good soundtrack:0.314
runaway:0.313
vengeance:0.3095
sexy:0.30825
culture clash:0.305
stylized:0.30275
bad:0.302
nudity (topless):0.30125
greed:0.2985
big budget:0.298
brutality:0.29725
drama:0.29225
unfunny:0.2905
happy ending:0.289
melancholic:0.2865
surveillance:0.28625
visually appealing:0.2855
destiny:0.27925
lawyer:0.2765
nudity (topless - notable):0.27625
adventure:0.27225
