dark hero:0.9245
opera:0.81175
gory:0.77625
original:0.7335
splatter:0.72925
horror:0.7175
music:0.7095
blood:0.701
adaptation:0.698
musical:0.67025
slasher:0.6675
fight scenes:0.63325
story:0.6325
brutality:0.55225
devil:0.518
bloody:0.5165
predictable:0.498
obsession:0.4875
good soundtrack:0.47775
london:0.47775
goth:0.47325
gothic:0.451
great ending:0.449
mentor:0.436
fun movie:0.42425
violence:0.40925
passionate:0.40775
redemption:0.40325
sexy:0.40225
catastrophe:0.402
macabre:0.39975
sexualized violence:0.39825
unusual plot structure:0.39675
supernatural:0.3955
violent:0.37375
not funny:0.35825
vengeance:0.346
immortality:0.346
original plot:0.3405
cult film:0.33825
creativity:0.3375
creepy:0.333
fun:0.32125
scary:0.31825
suspense:0.3165
80s:0.31075
transformation:0.30875
police investigation:0.30725
great:0.30575
lone hero:0.30475
destiny:0.301
entertaining:0.29775
dialogue:0.29725
demons:0.29675
life philosophy:0.2965
stylized:0.29625
romance:0.296
good:0.2955
chase:0.29475
pg-13:0.2945
cult classic:0.29225
shallow:0.29125
death:0.2885
so bad it's funny:0.28825
first contact:0.28675
mad scientist:0.286
light:0.2845
based on a book:0.2765
fantasy world:0.274
weird:0.2725
bad plot:0.27225
atmospheric:0.272
writers:0.27175
silly fun:0.27
betrayal:0.2655
broadway:0.2645
19th century:0.264
remake:0.262
books:0.26
adapted from:book:0.2595
hunting:0.2585
bad cgi:0.25175
great acting:0.25025
murder:0.2485
overrated:0.24625
good music:0.24575
weapons:0.24525
classical music:0.24325
clever:0.23775
very funny:0.23125
campy:0.231
action packed:0.23
family:0.22925
romantic:0.22525
happy ending:0.22525
insanity:0.22425
gore:0.22225
big budget:0.221
special effects:0.22075
culture clash:0.2175
